2011.05.17 07:00:00.084,1.33689,1.33713,3.15,1.50
2011.05.17 07:00:00.523,1.33688,1.33717,2.10,1.50
2011.05.17 07:00:00.635,1.33688,1.33716,2.10,1.50
2011.05.17 07:00:00.967,1.33684,1.33712,4.28,1.35
2011.05.17 07:00:01.296,1.33687,1.33708,1.50,2.40
2011.05.17 07:00:01.405,1.33685,1.33708,1.50,1.50
2011.05.17 07:00:01.515,1.33683,1.33708,1.50,1.50
2011.05.17 07:00:02.196,1.3369,1.33714,1.35,3.53
2011.05.17 07:00:02.305,1.33689,1.33714,1.35,3.53
2011.05.17 07:00:02.636,1.3369,1.33715,1.35,4.28
2011.05.17 07:00:03.076,1.3369,1.33712,1.35,3.53
2011.05.17 07:00:03.515,1.33675,1.337,2.25,2.10
2011.05.17 07:00:03.625,1.33671,1.33699,2.25,4.28
2011.05.17 07:00:03.733,1.33671,1.33699,1.50,5.03
2011.05.17 07:00:03.953,1.33671,1.33698,1.50,3.53
2011.05.17 07:00:04.505,1.33671,1.33699,2.25,4.28
2011.05.17 07:00:04.836,1.33674,1.33699,1.50,1.50
2011.05.17 07:00:05.306,1.33674,1.33699,1.50,1.50
2011.05.17 07:00:05.635,1.33674,1.33699,2.10,1.50
2011.05.17 07:00:05.856,1.33674,1.33699,1.35,1.50
2011.05.17 07:00:06.206,1.33674,1.33698,1.35,1.50
2011.05.17 07:00:06.791,1.33674,1.33699,1.35,1.50
2011.05.17 07:00:07.125,1.33679,1.33699,1.50,1.50
2011.05.17 07:00:07.239,1.33679,1.33702,1.50,4.28
2011.05.17 07:00:07.357,1.33681,1.33702,1.50,3.53
2011.05.17 07:00:07.576,1.3368,1.33702,1.50,3.53
2011.05.17 07:00:07.686,1.33675,1.33703,1.50,2.10
2011.05.17 07:00:08.017,1.33672,1.33698,1.50,1.50
2011.05.17 07:00:08.137,1.33672,1.33698,1.50,1.50
2011.05.17 07:00:08.468,1.33671,1.33691,1.50,2.78
2011.05.17 07:00:08.589,1.3367,1.33693,1.50,1.35
2011.05.17 07:00:09.144,1.33668,1.33693,1.50,1.35
2011.05.17 07:00:09.696,1.3367,1.33696,1.50,1.50
2011.05.17 07:00:09.927,1.3367,1.33696,1.50,1.50
2011.05.17 07:00:10.257,1.33677,1.33701,1.50,1.50
2011.05.17 07:00:10.816,1.33677,1.33701,1.50,1.50
2011.05.17 07:00:11.917,1.33675,1.33701,1.50,1.50
2011.05.17 07:00:12.134,1.33673,1.33698,1.50,1.50
2011.05.17 07:00:12.357,1.33673,1.33695,1.50,1.35
2011.05.17 07:00:12.685,1.33676,1.337,1.35,2.40
2011.05.17 07:00:12.794,1.33676,1.33702,1.35,1.50
2011.05.17 07:00:13.016,1.33678,1.33703,1.50,1.50
2011.05.17 07:00:13.453,1.33678,1.33703,1.50,1.50
2011.05.17 07:00:13.565,1.33677,1.33705,1.50,4.28
2011.05.17 07:00:13.785,1.33681,1.33706,1.50,1.35
2011.05.17 07:00:14.182,1.33681,1.33706,1.50,1.35
2011.05.17 07:00:14.408,1.33681,1.33706,1.50,1.35
2011.05.17 07:00:14.964,1.33681,1.33709,4.28,1.35
2011.05.17 07:00:15.185,1.33683,1.33711,1.35,1.50
2011.05.17 07:00:15.295,1.33683,1.33711,1.35,1.50
2011.05.17 07:00:15.955,1.33685,1.33713,1.50,2.10
2011.05.17 07:00:16.174,1.33687,1.33713,1.35,1.50
2011.05.17 07:00:16.286,1.33687,1.33713,1.35,1.50
2011.05.17 07:00:16.727,1.33688,1.33716,1.50,1.50
2011.05.17 07:00:16.834,1.3369,1.33716,1.50,1.50
2011.05.17 07:00:17.384,1.3369,1.33713,1.50,1.50
2011.05.17 07:00:17.940,1.3369,1.33712,1.50,2.78
2011.05.17 07:00:18.057,1.3369,1.33717,1.50,3.15
2011.05.17 07:00:18.714,1.3369,1.33717,1.50,2.25
2011.05.17 07:00:19.263,1.3369,1.33717,1.50,1.50
2011.05.17 07:00:20.047,1.3369,1.33714,1.50,1.35
2011.05.17 07:00:20.486,1.33687,1.33714,1.35,1.50
2011.05.17 07:00:20.814,1.33687,1.33714,1.35,1.50
2011.05.17 07:00:21.146,1.33687,1.33714,4.13,1.50
2011.05.17 07:00:21.365,1.33693,1.33715,1.13,1.50
2011.05.17 07:00:22.014,1.33693,1.33717,1.13,2.10
2011.05.17 07:00:22.132,1.33692,1.33714,2.40,1.50
2011.05.17 07:00:22.246,1.33685,1.33713,5.03,1.35
2011.05.17 07:00:22.467,1.33686,1.33713,1.50,1.35
2011.05.17 07:00:24.260,1.33692,1.33715,2.40,1.35
2011.05.17 07:00:24.375,1.33694,1.33717,1.35,2.25
2011.05.17 07:00:24.485,1.33694,1.33718,1.35,1.50
2011.05.17 07:00:24.814,1.33694,1.33719,1.35,1.50
2011.05.17 07:00:25.254,1.33694,1.33719,1.35,1.50
2011.05.17 07:00:25.586,1.33693,1.33719,1.50,1.50
2011.05.17 07:00:25.917,1.33695,1.33719,1.35,1.50
2011.05.17 07:00:26.525,1.33695,1.33719,2.10,1.50
2011.05.17 07:00:26.856,1.33695,1.3372,3.00,1.50
2011.05.17 07:00:27.184,1.33695,1.33719,1.35,1.50
2011.05.17 07:00:27.404,1.33693,1.33719,1.50,1.35
2011.05.17 07:00:27.624,1.33689,1.33716,1.88,2.85
2011.05.17 07:00:28.065,1.33689,1.33716,4.65,2.10
2011.05.17 07:00:28.175,1.33693,1.33717,1.50,1.35
2011.05.17 07:00:28.722,1.33693,1.33719,1.50,1.50
2011.05.17 07:00:28.944,1.33693,1.33719,1.50,2.25
2011.05.17 07:00:31.024,1.33697,1.33721,1.50,1.50
2011.05.17 07:00:31.135,1.33697,1.33723,1.50,1.35
2011.05.17 07:00:31.247,1.33697,1.33717,1.50,4.88
2011.05.17 07:00:31.794,1.33693,1.33714,1.50,1.35
2011.05.17 07:00:32.125,1.33693,1.33715,1.50,2.25
2011.05.17 07:00:32.235,1.33693,1.33715,1.50,3.00
2011.05.17 07:00:32.705,1.33693,1.33713,1.50,1.35
2011.05.17 07:00:33.584,1.33689,1.33713,1.50,1.35
2011.05.17 07:00:34.025,1.33689,1.33713,1.50,1.35
2011.05.17 07:00:34.134,1.33689,1.33713,1.50,1.35
2011.05.17 07:00:36.965,1.33687,1.33709,1.50,2.10
2011.05.17 07:00:37.185,1.33687,1.33708,1.50,1.35
2011.05.17 07:00:37.404,1.33685,1.33705,2.25,1.35
2011.05.17 07:00:37.626,1.33682,1.33708,1.50,1.35
2011.05.17 07:00:37.736,1.33681,1.33704,1.13,1.50
2011.05.17 07:00:38.067,1.33678,1.33704,3.15,1.50
2011.05.17 07:00:38.177,1.33678,1.33707,2.85,3.53
2011.05.17 07:00:38.417,1.33683,1.33706,2.78,3.53
2011.05.17 07:00:38.744,1.33683,1.33708,1.13,1.50
2011.05.17 07:00:40.033,1.33681,1.33705,1.50,3.53
2011.05.17 07:00:40.584,1.33681,1.33708,3.15,1.50
2011.05.17 07:00:40.694,1.33683,1.33709,1.50,3.53
2011.05.17 07:00:41.843,1.33684,1.33709,1.50,3.53
2011.05.17 07:00:42.064,1.33684,1.33707,1.50,2.78
2011.05.17 07:00:42.285,1.33684,1.33708,2.40,2.78
2011.05.17 07:00:42.795,1.33684,1.3371,2.40,2.10
2011.05.17 07:00:43.344,1.33683,1.3371,2.25,2.85
2011.05.17 07:00:43.984,1.33683,1.3371,2.25,2.10
2011.05.17 07:00:44.094,1.33683,1.3371,2.25,2.10
2011.05.17 07:00:46.195,1.33683,1.33709,1.50,2.25
2011.05.17 07:00:46.304,1.33681,1.33704,2.40,2.78
2011.05.17 07:00:46.747,1.33682,1.33706,1.50,1.50
2011.05.17 07:00:48.084,1.33682,1.33704,1.50,2.78
2011.05.17 07:00:48.196,1.33682,1.33704,1.50,2.78
2011.05.17 07:00:49.296,1.33679,1.33701,1.50,2.78
2011.05.17 07:00:49.844,1.33677,1.33702,2.10,6.30
2011.05.17 07:00:50.174,1.33676,1.337,1.50,2.78
2011.05.17 07:00:50.957,1.33676,1.337,1.50,2.78
2011.05.17 07:00:51.066,1.33679,1.33702,1.50,3.53
2011.05.17 07:00:51.617,1.33677,1.33702,2.10,3.53
2011.05.17 07:00:52.165,1.33677,1.33702,1.35,3.53
2011.05.17 07:00:52.713,1.33677,1.33702,1.35,3.53
2011.05.17 07:00:53.041,1.33677,1.33702,1.35,3.53
2011.05.17 07:00:53.597,1.33675,1.33701,1.50,1.35
2011.05.17 07:00:53.926,1.33673,1.33699,1.50,1.13
2011.05.17 07:00:54.261,1.33675,1.337,1.35,1.88
2011.05.17 07:00:54.485,1.3368,1.33703,3.53,1.13
2011.05.17 07:00:54.595,1.3368,1.33704,5.18,3.53
2011.05.17 07:00:54.705,1.3368,1.33704,5.18,3.53
2011.05.17 07:00:55.035,1.33687,1.33705,1.13,1.50
2011.05.17 07:00:55.146,1.33684,1.33708,1.50,1.35
2011.05.17 07:00:55.254,1.33681,1.33708,1.50,1.35
2011.05.17 07:00:55.477,1.33681,1.33708,4.28,2.10
2011.05.17 07:00:55.695,1.33682,1.33708,3.53,2.10
2011.05.17 07:00:56.245,1.33683,1.33709,1.35,1.50
2011.05.17 07:00:57.027,1.33683,1.33709,1.35,1.50
2011.05.17 07:00:57.244,1.33681,1.33709,1.50,2.85
2011.05.17 07:00:57.684,1.33681,1.33704,1.50,3.53
2011.05.17 07:00:58.014,1.33681,1.33709,1.50,2.85
2011.05.17 07:00:58.345,1.33685,1.33712,1.35,1.50
2011.05.17 07:00:58.675,1.33684,1.33707,1.50,2.78
2011.05.17 07:00:59.005,1.33689,1.33707,1.50,2.78
2011.05.17 07:00:59.335,1.33679,1.33703,2.10,2.78
2011.05.17 07:00:59.445,1.33679,1.33703,2.10,2.78
2011.05.17 07:00:59.556,1.33687,1.33706,1.50,1.50
2011.05.17 07:00:59.665,1.33687,1.33708,1.50,5.18
2011.05.17 07:01:00.141,1.33683,1.33703,1.50,2.78
2011.05.17 07:01:00.705,1.33683,1.33704,1.50,3.53
2011.05.17 07:01:01.146,1.33681,1.33702,1.50,3.90
2011.05.17 07:01:01.367,1.3368,1.33703,1.50,2.78
2011.05.17 07:01:01.477,1.33676,1.33703,2.10,1.88
2011.05.17 07:01:01.804,1.33681,1.33703,1.50,3.15
2011.05.17 07:01:02.244,1.33681,1.33705,1.50,1.13
2011.05.17 07:01:02.465,1.33677,1.33703,1.50,2.63
2011.05.17 07:01:03.403,1.33677,1.33702,1.50,1.13
2011.05.17 07:01:03.939,1.33677,1.33703,1.50,5.40
2011.05.17 07:01:04.556,1.33677,1.33702,1.50,2.48
2011.05.17 07:01:04.776,1.33677,1.337,1.50,1.50
2011.05.17 07:01:05.105,1.33677,1.337,1.50,1.50
2011.05.17 07:01:05.434,1.33677,1.33691,1.50,2.40
2011.05.17 07:01:05.766,1.33677,1.3369,1.50,3.15
2011.05.17 07:01:06.425,1.33671,1.33695,1.50,3.53
2011.05.17 07:01:06.644,1.33671,1.33696,1.50,2.25
2011.05.17 07:01:06.864,1.33671,1.33694,1.50,3.53
2011.05.17 07:01:07.305,1.33676,1.33701,2.10,1.50
2011.05.17 07:01:07.414,1.33676,1.33706,2.10,1.35
2011.05.17 07:01:07.634,1.33683,1.33708,1.50,4.50
2011.05.17 07:01:08.107,1.33683,1.33707,1.50,1.73
2011.05.17 07:01:08.326,1.33683,1.33708,1.50,3.75
2011.05.17 07:01:08.874,1.33683,1.33709,1.50,1.13
2011.05.17 07:01:09.315,1.33684,1.33709,1.50,1.13
2011.05.17 07:01:09.643,1.33684,1.33709,1.50,1.13
2011.05.17 07:01:10.304,1.33683,1.33709,2.25,1.13
2011.05.17 07:01:10.965,1.33687,1.33709,1.35,1.13
2011.05.17 07:01:11.187,1.33687,1.33711,1.35,1.88
2011.05.17 07:01:11.307,1.33687,1.33711,1.35,1.88
2011.05.17 07:01:11.857,1.33692,1.33711,2.10,1.50
2011.05.17 07:01:11.965,1.33695,1.33712,1.50,1.13
2011.05.17 07:01:12.076,1.33695,1.33715,1.50,3.15
2011.05.17 07:01:12.459,1.33695,1.33715,1.50,2.78
2011.05.17 07:01:12.579,1.33696,1.33719,1.50,5.55
2011.05.17 07:01:13.146,1.33697,1.33723,2.25,1.50
2011.05.17 07:01:13.696,1.33697,1.33723,1.50,1.88
2011.05.17 07:01:14.024,1.33697,1.33723,1.50,1.88
2011.05.17 07:01:15.355,1.33696,1.33724,1.50,1.88
2011.05.17 07:01:16.325,1.33698,1.33718,1.50,2.78
2011.05.17 07:01:16.662,1.33687,1.33713,1.50,1.50
2011.05.17 07:01:16.777,1.33687,1.33711,1.50,1.73
2011.05.17 07:01:16.995,1.33683,1.33707,1.50,2.78
2011.05.17 07:01:17.545,1.33682,1.33706,1.50,2.78
2011.05.17 07:01:18.093,1.33682,1.33709,1.50,1.50
2011.05.17 07:01:18.574,1.33685,1.33711,1.35,1.50
2011.05.17 07:01:18.687,1.33685,1.33711,1.35,1.50
2011.05.17 07:01:18.794,1.33685,1.33712,1.35,1.13
2011.05.17 07:01:19.126,1.33686,1.33712,1.50,1.88
2011.05.17 07:01:20.425,1.3369,1.33712,1.50,1.88
2011.05.17 07:01:20.867,1.33696,1.33712,1.35,1.88
2011.05.17 07:01:21.264,1.337,1.33727,1.50,1.88
2011.05.17 07:01:21.377,1.337,1.33727,1.50,2.63
2011.05.17 07:01:21.598,1.33698,1.33725,1.35,1.50
2011.05.17 07:01:21.825,1.33698,1.33726,1.35,1.50
2011.05.17 07:01:21.936,1.33697,1.33722,1.50,2.10
2011.05.17 07:01:22.266,1.33697,1.33718,1.50,1.65
2011.05.17 07:01:22.375,1.33693,1.33718,1.50,3.15
2011.05.17 07:01:22.595,1.33689,1.33713,1.50,2.78
2011.05.17 07:01:22.816,1.33684,1.33711,1.50,1.50
2011.05.17 07:01:22.926,1.33684,1.33711,1.50,1.50
2011.05.17 07:01:23.474,1.33684,1.33711,1.50,1.50
2011.05.17 07:01:23.585,1.33684,1.3371,1.50,2.25
2011.05.17 07:01:23.916,1.33678,1.33694,1.50,2.78
2011.05.17 07:01:24.028,1.33675,1.33694,1.50,2.78
2011.05.17 07:01:24.467,1.33678,1.33694,1.50,2.78
2011.05.17 07:01:24.577,1.3368,1.33696,1.35,2.78
2011.05.17 07:01:24.798,1.33682,1.33696,1.50,2.78
2011.05.17 07:01:24.914,1.33685,1.33708,1.50,1.50
2011.05.17 07:01:25.025,1.33685,1.33709,1.50,1.50
2011.05.17 07:01:25.575,1.33685,1.33709,1.50,2.25
2011.05.17 07:01:26.345,1.33681,1.33708,2.25,2.25
2011.05.17 07:01:27.003,1.33683,1.33708,1.50,2.25
2011.05.17 07:01:27.556,1.33681,1.33705,1.50,1.13
2011.05.17 07:01:27.666,1.33681,1.33705,1.50,1.88
2011.05.17 07:01:27.997,1.33683,1.33703,1.35,1.13
2011.05.17 07:01:28.489,1.33685,1.33708,3.53,1.50
2011.05.17 07:01:29.714,1.33686,1.33712,1.50,1.50
2011.05.17 07:01:30.244,1.33688,1.33713,2.10,2.25
2011.05.17 07:01:30.465,1.3369,1.33713,1.50,1.50
2011.05.17 07:01:30.685,1.33691,1.33719,1.50,1.88
2011.05.17 07:01:30.906,1.33689,1.33716,2.25,2.78
2011.05.17 07:01:31.125,1.33691,1.33719,1.88,4.28
2011.05.17 07:01:32.614,1.33691,1.33719,1.50,2.25
2011.05.17 07:01:32.944,1.33691,1.33718,2.25,1.50
2011.05.17 07:01:34.833,1.33693,1.33719,1.50,1.50
2011.05.17 07:01:35.280,1.33689,1.33703,1.50,1.13
2011.05.17 07:01:35.505,1.33682,1.33703,1.50,1.13
2011.05.17 07:01:35.724,1.33682,1.33708,1.35,1.50
2011.05.17 07:01:36.163,1.33682,1.33708,1.35,1.88
2011.05.17 07:01:36.805,1.33682,1.33703,1.35,1.13
2011.05.17 07:01:37.644,1.33682,1.33703,1.35,1.13
2011.05.17 07:01:38.194,1.33682,1.33704,1.35,1.13
2011.05.17 07:01:38.943,1.33682,1.33704,1.35,1.13
2011.05.17 07:01:39.744,1.33684,1.33704,1.13,1.13
2011.05.17 07:01:39.965,1.33682,1.33708,3.00,1.50
2011.05.17 07:01:40.074,1.33682,1.33709,5.78,1.50
2011.05.17 07:01:40.293,1.33682,1.33709,4.13,2.25
2011.05.17 07:01:40.866,1.33685,1.3371,1.50,1.50
2011.05.17 07:01:41.304,1.33685,1.3371,1.50,1.50
2011.05.17 07:01:41.873,1.33688,1.3371,1.50,1.50
2011.05.17 07:01:42.206,1.33689,1.33714,1.50,2.10
2011.05.17 07:01:42.425,1.3369,1.33714,1.50,2.48
2011.05.17 07:01:44.685,1.33694,1.33714,1.50,1.50
2011.05.17 07:01:44.904,1.33694,1.33716,1.50,1.50
2011.05.17 07:01:45.647,1.33691,1.33717,1.50,1.50
2011.05.17 07:01:47.134,1.33694,1.33717,1.50,1.50
2011.05.17 07:01:48.764,1.33697,1.33717,2.10,1.50
2011.05.17 07:01:50.175,1.33698,1.33721,1.35,1.50
2011.05.17 07:01:50.845,1.33696,1.33721,1.50,2.25
2011.05.17 07:01:51.284,1.33696,1.3372,1.50,1.50
2011.05.17 07:01:53.235,1.33693,1.33721,1.50,2.25
2011.05.17 07:01:53.344,1.33693,1.3372,1.50,1.50
2011.05.17 07:01:53.895,1.33693,1.33721,1.50,2.25
2011.05.17 07:01:55.223,1.33693,1.3372,1.50,1.50
2011.05.17 07:01:55.666,1.33693,1.33721,1.50,1.50
2011.05.17 07:01:56.215,1.33693,1.33719,1.50,1.50
2011.05.17 07:01:56.823,1.33693,1.3372,1.50,1.50
2011.05.17 07:01:57.483,1.33693,1.33719,2.25,1.50
2011.05.17 07:02:00.167,1.33693,1.33719,1.50,5.25
2011.05.17 07:02:00.498,1.33689,1.337,1.65,1.50
2011.05.17 07:02:00.617,1.33689,1.33703,1.65,1.50
2011.05.17 07:02:00.729,1.33678,1.33703,1.50,1.50
2011.05.17 07:02:00.956,1.33679,1.33703,1.50,1.50
2011.05.17 07:02:01.506,1.33682,1.33703,1.50,4.28
2011.05.17 07:02:01.836,1.33682,1.33703,3.53,1.50
2011.05.17 07:02:02.165,1.33682,1.33707,1.50,1.50
2011.05.17 07:02:02.495,1.33682,1.33707,3.15,1.50
2011.05.17 07:02:03.358,1.33682,1.33707,1.50,1.50
2011.05.17 07:02:03.477,1.33682,1.33705,1.50,1.50
2011.05.17 07:02:03.599,1.33682,1.33705,1.50,1.50
2011.05.17 07:02:04.265,1.33682,1.33707,1.50,1.50
2011.05.17 07:02:05.304,1.33683,1.33707,1.50,1.50
2011.05.17 07:02:06.245,1.33685,1.33707,1.50,1.50
2011.05.17 07:02:06.686,1.33687,1.33708,1.50,1.50
2011.05.17 07:02:06.906,1.33686,1.3371,1.50,1.50
2011.05.17 07:02:07.234,1.33687,1.3371,2.10,1.50
2011.05.17 07:02:07.348,1.33691,1.33714,1.50,2.78
2011.05.17 07:02:07.466,1.33693,1.33717,1.35,1.50
2011.05.17 07:02:07.795,1.33693,1.33721,2.85,1.50
2011.05.17 07:02:08.722,1.33697,1.33721,1.50,3.53
2011.05.17 07:02:09.279,1.33695,1.33718,1.50,1.50
2011.05.17 07:02:09.506,1.33699,1.33721,3.53,1.50
2011.05.17 07:02:10.753,1.33693,1.33721,2.85,1.50
2011.05.17 07:02:11.196,1.33693,1.33714,1.35,1.50
2011.05.17 07:02:11.854,1.33689,1.33712,1.50,1.50
2011.05.17 07:02:12.405,1.33688,1.33714,2.25,2.25
2011.05.17 07:02:12.734,1.33692,1.33714,1.50,1.50
2011.05.17 07:02:12.954,1.33692,1.33714,1.50,1.50
2011.05.17 07:02:13.506,1.33691,1.33714,1.50,2.25
2011.05.17 07:02:14.743,1.3369,1.33714,1.35,1.50
2011.05.17 07:02:14.984,1.33692,1.33714,2.25,1.50
2011.05.17 07:02:15.205,1.33692,1.33718,1.50,1.50
2011.05.17 07:02:15.534,1.33696,1.33719,1.13,1.50
2011.05.17 07:02:15.645,1.33696,1.33719,3.53,1.50
2011.05.17 07:02:15.975,1.33692,1.33719,2.25,1.50
2011.05.17 07:02:18.914,1.33695,1.33718,1.50,1.50
2011.05.17 07:02:19.244,1.33692,1.33713,2.25,1.35
2011.05.17 07:02:23.495,1.33693,1.33712,1.50,1.35
2011.05.17 07:02:24.083,1.33688,1.33712,2.25,1.35
2011.05.17 07:02:24.304,1.33688,1.33712,2.25,1.35
2011.05.17 07:02:24.634,1.3369,1.33712,1.50,1.35
2011.05.17 07:02:25.184,1.3369,1.33712,1.50,2.10
2011.05.17 07:02:27.315,1.3369,1.33715,1.50,2.25
2011.05.17 07:02:30.738,1.33688,1.33712,1.50,1.50
2011.05.17 07:02:31.079,1.33684,1.33709,1.50,3.00
2011.05.17 07:02:31.415,1.33684,1.33708,1.50,1.50
2011.05.17 07:02:31.854,1.33685,1.33706,1.50,1.50
2011.05.17 07:02:32.187,1.33689,1.33709,1.50,1.35
2011.05.17 07:02:32.624,1.33689,1.33711,1.50,1.35
2011.05.17 07:02:33.434,1.33688,1.33713,1.50,1.35
2011.05.17 07:02:33.654,1.33688,1.33713,1.50,1.35
2011.05.17 07:02:34.595,1.33688,1.33714,1.50,1.35
2011.05.17 07:02:35.143,1.33688,1.33714,1.50,1.35
2011.05.17 07:02:37.577,1.33691,1.33713,1.50,3.75
2011.05.17 07:02:37.686,1.33691,1.33714,1.50,1.73
2011.05.17 07:02:37.905,1.33691,1.33713,1.50,1.35
2011.05.17 07:02:38.016,1.33691,1.33713,1.50,1.35
2011.05.17 07:02:39.753,1.33687,1.33713,2.25,2.10
2011.05.17 07:02:40.514,1.33687,1.33711,1.50,1.13
2011.05.17 07:02:40.625,1.33687,1.33712,2.25,1.50
2011.05.17 07:02:40.845,1.33687,1.33713,1.50,2.10
2011.05.17 07:02:43.437,1.33688,1.33713,1.50,2.10
2011.05.17 07:02:43.772,1.33697,1.33721,1.50,4.13
2011.05.17 07:02:44.124,1.33697,1.33718,2.25,2.78
2011.05.17 07:02:44.345,1.33697,1.33721,2.25,2.48
2011.05.17 07:02:44.786,1.33697,1.3372,2.25,3.15
2011.05.17 07:02:45.557,1.33698,1.33721,1.50,1.35
2011.05.17 07:02:45.886,1.33697,1.33721,1.50,2.10
2011.05.17 07:02:46.543,1.33697,1.33721,1.50,2.48
2011.05.17 07:02:47.094,1.33697,1.33724,1.50,1.50
2011.05.17 07:02:47.538,1.33697,1.33721,1.50,1.88
2011.05.17 07:02:47.978,1.33694,1.33718,1.50,1.50
2011.05.17 07:02:48.092,1.33687,1.33715,1.50,2.10
2011.05.17 07:02:48.210,1.33687,1.33714,1.50,1.35
2011.05.17 07:02:48.435,1.33684,1.33708,1.50,1.13
2011.05.17 07:02:48.875,1.33682,1.33708,1.35,1.88
2011.05.17 07:02:49.425,1.33681,1.33707,1.50,4.13
2011.05.17 07:02:49.756,1.3368,1.33707,1.50,1.35
2011.05.17 07:02:50.086,1.33678,1.33704,6.53,1.50
2011.05.17 07:02:50.419,1.33678,1.33702,3.15,1.35
2011.05.17 07:02:50.645,1.33673,1.33699,1.50,1.35
2011.05.17 07:02:50.755,1.33678,1.337,1.35,1.50
2011.05.17 07:02:52.455,1.33678,1.33703,1.35,1.50
2011.05.17 07:02:52.565,1.33681,1.33705,1.35,1.50
2011.05.17 07:02:54.004,1.33681,1.33705,1.35,1.50
2011.05.17 07:02:56.275,1.33681,1.33703,1.35,1.13
2011.05.17 07:02:56.497,1.33681,1.33702,1.35,1.88
2011.05.17 07:02:56.827,1.33676,1.337,1.35,1.50
2011.05.17 07:02:57.047,1.33676,1.33698,1.35,1.13
2011.05.17 07:02:57.155,1.33678,1.33702,1.50,1.88
2011.05.17 07:02:57.597,1.33677,1.33701,1.50,3.53
2011.05.17 07:02:58.144,1.33679,1.33703,1.50,3.15
2011.05.17 07:02:58.694,1.33679,1.33703,1.50,2.78
2011.05.17 07:02:59.387,1.33683,1.33706,1.35,3.53
2011.05.17 07:02:59.496,1.33683,1.33707,1.35,5.93
2011.05.17 07:02:59.606,1.33683,1.33707,1.35,1.50
2011.05.17 07:02:59.717,1.33683,1.33709,2.10,1.13
2011.05.17 07:03:00.045,1.33683,1.33709,2.10,2.78
2011.05.17 07:03:00.485,1.33683,1.33708,2.10,3.53
2011.05.17 07:03:01.035,1.33683,1.33709,2.10,5.55
2011.05.17 07:03:01.584,1.33683,1.33708,2.10,3.53
2011.05.17 07:03:03.325,1.33683,1.33706,1.50,1.50
2011.05.17 07:03:03.876,1.33684,1.33702,1.35,1.50
2011.05.17 07:03:04.097,1.33684,1.33711,2.10,2.25
2011.05.17 07:03:04.208,1.33692,1.33711,1.35,1.50
2011.05.17 07:03:04.326,1.33692,1.33715,1.35,1.50
2011.05.17 07:03:04.762,1.33691,1.33711,1.35,4.28
2011.05.17 07:03:05.206,1.33692,1.3371,1.35,2.78
2011.05.17 07:03:05.425,1.33692,1.3371,1.35,3.53
2011.05.17 07:03:06.005,1.33691,1.3371,1.35,1.50
2011.05.17 07:03:06.554,1.33692,1.3371,1.35,1.50
2011.05.17 07:03:07.105,1.33691,1.3371,1.35,1.50
2011.05.17 07:03:08.542,1.33694,1.33713,2.10,1.50
2011.05.17 07:03:09.147,1.3369,1.33711,1.35,1.50
2011.05.17 07:03:09.477,1.3369,1.33707,1.35,1.50
2011.05.17 07:03:09.586,1.3369,1.33707,1.35,1.50
2011.05.17 07:03:09.695,1.3369,1.3371,1.35,1.13
2011.05.17 07:03:10.025,1.33694,1.33711,2.10,1.50
2011.05.17 07:03:11.355,1.33695,1.33709,1.35,3.53
2011.05.17 07:03:11.466,1.33686,1.337,2.40,1.13
2011.05.17 07:03:11.688,1.33681,1.337,1.50,2.78
2011.05.17 07:03:11.806,1.33684,1.33701,1.35,1.13
2011.05.17 07:03:12.514,1.33679,1.33703,1.50,1.50
2011.05.17 07:03:12.846,1.33684,1.33703,1.35,1.50
2011.05.17 07:03:13.507,1.33675,1.33703,2.25,1.35
2011.05.17 07:03:13.835,1.33676,1.337,1.50,1.50
2011.05.17 07:03:14.056,1.33679,1.33699,1.50,1.50
2011.05.17 07:03:14.605,1.33677,1.337,1.50,1.88
2011.05.17 07:03:14.716,1.33677,1.33698,1.50,1.50
2011.05.17 07:03:15.045,1.33676,1.33702,1.50,1.50
2011.05.17 07:03:15.156,1.33676,1.33703,1.50,2.10
2011.05.17 07:03:15.817,1.33685,1.33703,2.85,1.50
2011.05.17 07:03:16.174,1.33689,1.33704,1.35,1.50
2011.05.17 07:03:16.397,1.33694,1.33709,1.50,2.78
2011.05.17 07:03:16.506,1.33694,1.33717,1.50,1.13
2011.05.17 07:03:16.726,1.33692,1.3371,1.50,1.13
2011.05.17 07:03:16.836,1.33691,1.3371,1.50,1.13
2011.05.17 07:03:17.054,1.33687,1.3371,1.35,1.13
2011.05.17 07:03:19.644,1.33689,1.33711,1.35,1.50
2011.05.17 07:03:19.756,1.33686,1.33709,1.35,3.53
2011.05.17 07:03:19.975,1.33682,1.33702,2.10,1.13
2011.05.17 07:03:20.085,1.3368,1.337,1.50,1.13
2011.05.17 07:03:20.197,1.33677,1.33696,1.35,1.50
2011.05.17 07:03:20.525,1.33677,1.33698,1.35,1.88
2011.05.17 07:03:21.074,1.33677,1.33696,1.35,1.50
2011.05.17 07:03:21.294,1.33677,1.33696,1.35,1.50
2011.05.17 07:03:21.625,1.33673,1.3369,2.85,1.65
2011.05.17 07:03:21.954,1.33665,1.33685,1.50,1.13
2011.05.17 07:03:22.065,1.33665,1.33685,1.50,1.13
2011.05.17 07:03:22.377,1.33665,1.3369,1.50,5.18
2011.05.17 07:03:22.718,1.33667,1.33689,1.50,2.78
2011.05.17 07:03:22.946,1.33669,1.33691,1.35,1.50
2011.05.17 07:03:23.056,1.33669,1.33694,1.35,1.50
2011.05.17 07:03:23.277,1.33668,1.33692,1.50,1.50
2011.05.17 07:03:23.615,1.33666,1.33682,1.50,1.13
2011.05.17 07:03:23.727,1.33661,1.33682,1.50,1.13
2011.05.17 07:03:24.276,1.33661,1.33684,1.50,1.73
2011.05.17 07:03:24.826,1.33661,1.33684,1.50,1.73
2011.05.17 07:03:25.170,1.33661,1.33684,1.50,1.73
2011.05.17 07:03:27.668,1.33661,1.33684,1.50,1.35
2011.05.17 07:03:27.783,1.33659,1.33672,1.50,1.13
2011.05.17 07:03:28.010,1.33643,1.33669,1.50,2.10
2011.05.17 07:03:28.239,1.33643,1.33666,1.50,1.13
2011.05.17 07:03:28.358,1.33643,1.33667,1.50,1.50
2011.05.17 07:03:28.476,1.33643,1.33667,1.50,1.50
2011.05.17 07:03:28.806,1.33643,1.33666,5.03,1.13
2011.05.17 07:03:28.916,1.33643,1.33666,4.28,1.50
2011.05.17 07:03:29.357,1.33643,1.33666,2.78,1.50
2011.05.17 07:03:29.466,1.33643,1.33663,3.53,1.50
2011.05.17 07:03:29.575,1.33643,1.33663,3.53,1.50
2011.05.17 07:03:29.685,1.33643,1.33663,3.53,1.50
2011.05.17 07:03:30.224,1.33643,1.33663,3.53,1.50
2011.05.17 07:03:30.751,1.33643,1.33663,3.53,1.50
2011.05.17 07:03:31.084,1.33643,1.33668,3.53,1.50
2011.05.17 07:03:31.525,1.33649,1.33674,3.53,1.50
2011.05.17 07:03:32.081,1.33649,1.33675,3.53,1.50
2011.05.17 07:03:32.200,1.33648,1.33674,2.10,1.50
2011.05.17 07:03:32.535,1.33649,1.33675,3.53,1.50
2011.05.17 07:03:33.304,1.33648,1.33675,2.10,1.50
2011.05.17 07:03:33.524,1.33648,1.33672,2.10,1.13
2011.05.17 07:03:33.637,1.33648,1.33673,2.85,1.88
2011.05.17 07:03:34.665,1.33649,1.33673,1.50,1.50
2011.05.17 07:03:35.214,1.33648,1.33671,1.50,1.35
2011.05.17 07:03:37.254,1.33648,1.33671,1.50,4.13
2011.05.17 07:03:37.474,1.33644,1.33668,1.50,1.13
2011.05.17 07:03:37.917,1.33645,1.3367,1.50,1.88
2011.05.17 07:03:38.028,1.33648,1.3367,1.50,1.88
2011.05.17 07:03:38.452,1.33647,1.33672,1.50,1.13
2011.05.17 07:03:38.569,1.33647,1.33673,1.50,1.50
2011.05.17 07:03:39.349,1.33645,1.33669,1.50,1.73
2011.05.17 07:03:40.344,1.33644,1.3367,2.25,2.48
2011.05.17 07:03:40.894,1.33644,1.3367,1.50,2.48
2011.05.17 07:03:41.814,1.33643,1.33668,1.50,1.88
2011.05.17 07:03:42.035,1.33643,1.33669,1.50,1.73
2011.05.17 07:03:42.584,1.33644,1.33668,1.50,1.13
2011.05.17 07:03:42.694,1.33641,1.33668,1.50,1.88
2011.05.17 07:03:43.256,1.33641,1.33667,1.50,1.13
2011.05.17 07:03:43.805,1.33641,1.33667,1.50,1.88
2011.05.17 07:03:44.135,1.33641,1.33665,1.50,1.50
2011.05.17 07:03:44.354,1.33641,1.33666,1.50,1.50
2011.05.17 07:03:44.906,1.33641,1.33666,1.50,1.13
2011.05.17 07:03:46.114,1.33645,1.33668,1.50,1.13
2011.05.17 07:03:47.214,1.33645,1.33669,1.50,1.35
2011.05.17 07:03:48.054,1.33645,1.33669,1.50,1.35
2011.05.17 07:03:48.276,1.33645,1.33669,1.50,1.35
2011.05.17 07:03:48.869,1.33645,1.33669,1.50,1.35
2011.05.17 07:03:49.745,1.33641,1.33668,1.50,1.50
2011.05.17 07:03:49.856,1.33641,1.33667,1.50,1.50
2011.05.17 07:03:50.073,1.33641,1.33666,1.50,1.13
2011.05.17 07:03:50.406,1.33641,1.33665,1.50,1.35
2011.05.17 07:03:50.734,1.33641,1.33664,1.50,2.10
2011.05.17 07:03:51.065,1.3363,1.33654,5.03,2.10
2011.05.17 07:03:51.176,1.3363,1.33655,5.03,1.73
2011.05.17 07:03:51.724,1.33629,1.33654,1.50,1.73
2011.05.17 07:03:51.944,1.3363,1.33654,1.50,1.73
2011.05.17 07:03:53.564,1.33629,1.33654,1.50,1.73
2011.05.17 07:03:54.005,1.33627,1.33654,1.50,1.73
2011.05.17 07:03:54.795,1.33627,1.33652,1.50,1.88
2011.05.17 07:03:55.236,1.33623,1.3365,1.50,1.35
2011.05.17 07:03:55.565,1.33623,1.3365,1.50,1.35
2011.05.17 07:03:57.333,1.33624,1.3365,1.50,1.35
2011.05.17 07:03:57.886,1.33626,1.3365,1.50,4.50
2011.05.17 07:03:57.999,1.33622,1.33646,1.50,1.50
2011.05.17 07:03:58.117,1.33619,1.33643,3.53,1.35
2011.05.17 07:03:58.226,1.33615,1.33643,2.40,1.35
2011.05.17 07:03:58.867,1.33623,1.3365,1.35,1.50
2011.05.17 07:03:58.984,1.33626,1.33648,1.13,3.53
2011.05.17 07:03:59.206,1.33631,1.3365,2.25,2.78
2011.05.17 07:03:59.321,1.33637,1.3365,1.50,2.78
2011.05.17 07:03:59.769,1.33633,1.3365,1.35,2.78
2011.05.17 07:03:59.888,1.33632,1.3366,1.35,1.13
2011.05.17 07:04:00.009,1.33634,1.33661,1.50,1.50
2011.05.17 07:04:00.346,1.33647,1.33664,1.35,2.78
2011.05.17 07:04:00.676,1.33651,1.33665,1.50,2.78
2011.05.17 07:04:00.785,1.3365,1.33671,1.50,2.78
2011.05.17 07:04:00.897,1.33648,1.33672,1.50,2.78
2011.05.17 07:04:01.005,1.33645,1.33669,1.50,1.35
2011.05.17 07:04:01.367,1.33635,1.33659,1.50,1.50
2011.05.17 07:04:01.697,1.33632,1.33659,1.35,1.50
2011.05.17 07:04:02.245,1.33632,1.33658,2.10,1.50
2011.05.17 07:04:02.465,1.33632,1.33658,2.10,1.50
2011.05.17 07:04:03.126,1.33632,1.33658,2.10,1.50
2011.05.17 07:04:03.956,1.33636,1.33658,1.50,1.50
2011.05.17 07:04:04.286,1.33639,1.33662,1.50,1.35
2011.05.17 07:04:04.506,1.33635,1.33662,1.50,3.00
2011.05.17 07:04:05.604,1.33635,1.3366,1.50,1.50
2011.05.17 07:04:06.679,1.33634,1.33658,1.50,1.50
2011.05.17 07:04:06.797,1.33632,1.33655,1.50,3.38
2011.05.17 07:04:06.907,1.33632,1.33653,1.50,1.50
2011.05.17 07:04:07.017,1.33626,1.33652,1.50,2.25
2011.05.17 07:04:07.457,1.33634,1.33656,1.35,2.40
2011.05.17 07:04:07.679,1.33634,1.3365,1.35,1.65
2011.05.17 07:04:07.797,1.33635,1.33661,1.50,1.50
2011.05.17 07:04:07.906,1.33635,1.33661,1.50,1.50
2011.05.17 07:04:08.125,1.33636,1.33666,1.50,3.75
2011.05.17 07:04:08.344,1.33636,1.33666,3.15,2.10
2011.05.17 07:04:09.495,1.33641,1.33665,1.50,1.50
2011.05.17 07:04:09.717,1.33644,1.33668,1.50,4.13
2011.05.17 07:04:10.157,1.33641,1.33661,2.25,3.53
2011.05.17 07:04:10.485,1.33634,1.33654,1.50,3.53
2011.05.17 07:04:10.595,1.33635,1.33655,1.50,3.53
2011.05.17 07:04:11.036,1.33631,1.3365,1.50,1.35
2011.05.17 07:04:11.257,1.33624,1.33645,1.13,2.40
2011.05.17 07:04:11.369,1.33621,1.33645,3.53,2.40
2011.05.17 07:04:11.598,1.3362,1.33649,5.93,1.35
2011.05.17 07:04:12.155,1.33623,1.33648,1.50,1.35
2011.05.17 07:04:12.859,1.33624,1.33648,3.53,1.35
2011.05.17 07:04:13.651,1.33635,1.33651,4.50,1.50
2011.05.17 07:04:13.990,1.33645,1.33665,1.50,2.78
2011.05.17 07:04:14.108,1.33653,1.33665,1.35,2.78
2011.05.17 07:04:14.447,1.33646,1.33668,1.50,1.50
2011.05.17 07:04:14.666,1.33646,1.33668,1.50,1.50
2011.05.17 07:04:14.775,1.33641,1.33668,3.53,3.00
2011.05.17 07:04:14.885,1.33641,1.33664,2.78,2.10
2011.05.17 07:04:15.215,1.33632,1.33656,1.50,2.10
2011.05.17 07:04:15.763,1.33629,1.33654,1.50,5.03
2011.05.17 07:04:16.206,1.33626,1.33652,1.50,4.88
2011.05.17 07:04:16.429,1.33626,1.33652,1.50,6.53
2011.05.17 07:04:16.765,1.33626,1.33649,1.50,1.35
2011.05.17 07:04:17.098,1.33626,1.33646,1.50,1.13
2011.05.17 07:04:17.217,1.33623,1.33647,2.25,1.35
2011.05.17 07:04:17.327,1.33623,1.33648,2.25,1.35
2011.05.17 07:04:17.874,1.33621,1.33648,1.50,1.35
2011.05.17 07:04:18.114,1.33621,1.33647,1.50,1.35
2011.05.17 07:04:18.226,1.3362,1.33646,2.25,1.50
2011.05.17 07:04:18.775,1.33617,1.33646,2.10,2.25
2011.05.17 07:04:19.413,1.33625,1.3365,1.35,3.53
2011.05.17 07:04:19.527,1.33625,1.3365,1.35,2.78
2011.05.17 07:04:19.637,1.33627,1.33652,1.50,3.53
2011.05.17 07:04:20.324,1.33627,1.33654,1.50,1.50
2011.05.17 07:04:20.658,1.33628,1.33654,1.50,1.50
2011.05.17 07:04:20.995,1.33625,1.33654,2.10,2.25
2011.05.17 07:04:21.106,1.33625,1.33649,1.35,1.50
2011.05.17 07:04:21.218,1.33622,1.33643,1.50,1.35
2011.05.17 07:04:21.337,1.3362,1.33646,3.53,1.50
2011.05.17 07:04:21.450,1.33623,1.33648,1.35,4.28
2011.05.17 07:04:21.787,1.33625,1.33651,1.50,1.50
2011.05.17 07:04:22.116,1.33628,1.33654,1.50,1.50
2011.05.17 07:04:22.226,1.33628,1.33656,1.50,2.10
2011.05.17 07:04:22.777,1.33628,1.33656,1.50,2.10
2011.05.17 07:04:23.365,1.33628,1.33656,1.50,2.10
2011.05.17 07:04:23.476,1.33628,1.33654,4.28,1.50
2011.05.17 07:04:23.696,1.33633,1.33656,1.35,1.50
2011.05.17 07:04:23.804,1.33633,1.33657,1.35,1.50
2011.05.17 07:04:23.915,1.33633,1.33658,1.35,1.50
2011.05.17 07:04:24.465,1.33633,1.33658,1.35,1.50
2011.05.17 07:04:25.235,1.33635,1.33661,2.25,1.50
2011.05.17 07:04:25.456,1.33635,1.33663,1.50,1.50
2011.05.17 07:04:25.675,1.33635,1.33663,4.28,1.50
2011.05.17 07:04:27.317,1.33635,1.33663,1.50,1.50
2011.05.17 07:04:27.536,1.33638,1.33665,1.50,1.35
2011.05.17 07:04:30.377,1.33641,1.33668,1.50,3.53
2011.05.17 07:04:30.485,1.33642,1.33669,1.50,2.10
2011.05.17 07:04:31.145,1.33639,1.33667,1.50,1.50
2011.05.17 07:04:31.476,1.33643,1.33667,1.35,1.50
2011.05.17 07:04:32.024,1.33642,1.33667,1.35,1.50
2011.05.17 07:04:34.589,1.33639,1.33665,1.50,3.98
2011.05.17 07:04:34.708,1.33637,1.3366,4.28,2.25
2011.05.17 07:04:35.596,1.33637,1.3366,1.50,1.50
2011.05.17 07:04:35.706,1.33637,1.3366,1.50,1.50
2011.05.17 07:04:36.036,1.33637,1.3366,1.50,1.50
2011.05.17 07:04:36.694,1.33638,1.3366,1.50,1.50
2011.05.17 07:04:37.245,1.33638,1.3366,1.50,1.50
2011.05.17 07:04:38.375,1.33638,1.3366,1.50,1.50
2011.05.17 07:04:38.926,1.33638,1.3366,1.50,1.50
2011.05.17 07:04:39.240,1.33638,1.3366,1.50,1.50
2011.05.17 07:04:39.361,1.33638,1.3366,1.50,1.50
2011.05.17 07:04:41.245,1.33638,1.3366,1.50,1.50
2011.05.17 07:04:41.904,1.33637,1.3366,2.10,1.50
2011.05.17 07:04:42.234,1.33637,1.3366,2.10,1.50
2011.05.17 07:04:42.514,1.33636,1.3366,1.50,1.50
2011.05.17 07:04:43.175,1.33636,1.3366,1.50,1.50
2011.05.17 07:04:43.494,1.33636,1.3366,1.50,1.50
2011.05.17 07:04:44.535,1.33639,1.3366,1.50,1.50
2011.05.17 07:04:45.216,1.33638,1.33662,1.50,3.53
2011.05.17 07:04:45.767,1.33639,1.33662,1.50,3.53
2011.05.17 07:04:46.355,1.3364,1.33664,1.50,5.03
2011.05.17 07:04:46.905,1.33639,1.33664,2.25,4.28
2011.05.17 07:04:47.016,1.33639,1.33664,1.50,4.28
2011.05.17 07:04:47.237,1.33642,1.33662,1.50,2.78
2011.05.17 07:04:47.785,1.33641,1.33662,1.50,2.78
2011.05.17 07:04:48.364,1.33641,1.33662,1.50,3.53
2011.05.17 07:04:48.698,1.3364,1.33662,1.50,3.53
2011.05.17 07:04:49.028,1.33635,1.33654,1.50,2.78
2011.05.17 07:04:49.147,1.33635,1.33659,1.50,1.50
2011.05.17 07:04:49.584,1.33635,1.33656,1.50,3.53
2011.05.17 07:04:50.135,1.33635,1.33654,1.50,2.78
2011.05.17 07:04:50.245,1.33635,1.33655,1.50,3.53
2011.05.17 07:04:51.344,1.33631,1.33654,1.50,2.78
2011.05.17 07:04:52.628,1.33633,1.33658,1.50,4.28
2011.05.17 07:04:52.963,1.33631,1.33657,1.50,1.50
2011.05.17 07:04:53.294,1.33631,1.33658,1.50,1.50
2011.05.17 07:04:53.514,1.33636,1.3366,1.35,3.53
2011.05.17 07:04:54.065,1.33636,1.3366,1.35,4.28
2011.05.17 07:04:54.175,1.33636,1.33659,1.35,1.50
2011.05.17 07:04:56.395,1.33636,1.33659,1.35,1.50
2011.05.17 07:04:56.835,1.33636,1.33659,1.35,1.50
2011.05.17 07:04:57.276,1.33636,1.33661,1.35,1.50
2011.05.17 07:04:57.694,1.33636,1.33658,1.50,1.35
2011.05.17 07:04:57.801,1.33631,1.33646,1.50,1.35
2011.05.17 07:04:58.028,1.33623,1.33646,3.53,1.35
2011.05.17 07:04:58.256,1.33621,1.33646,1.50,1.35
2011.05.17 07:04:58.915,1.33617,1.33643,2.25,1.35
2011.05.17 07:04:59.025,1.33616,1.33641,2.25,1.35
2011.05.17 07:04:59.685,1.3362,1.33641,1.50,2.10
2011.05.17 07:05:00.345,1.33622,1.33647,3.53,1.50
2011.05.17 07:05:00.455,1.33622,1.33647,3.53,1.50
2011.05.17 07:05:00.895,1.33626,1.33651,1.35,2.25
2011.05.17 07:05:01.556,1.33626,1.33651,1.35,1.50
2011.05.17 07:05:02.105,1.3363,1.33651,1.35,2.25
2011.05.17 07:05:03.874,1.3363,1.33651,1.35,1.50
2011.05.17 07:05:03.984,1.3363,1.33654,1.35,1.50
2011.05.17 07:05:08.827,1.33631,1.33654,1.50,2.40
2011.05.17 07:05:09.049,1.33631,1.33655,3.00,2.78
2011.05.17 07:05:09.168,1.33632,1.33655,1.50,3.53
2011.05.17 07:05:09.395,1.33633,1.33657,1.50,3.53
2011.05.17 07:05:09.727,1.33637,1.33658,1.50,3.53
2011.05.17 07:05:10.166,1.33637,1.33663,2.10,1.50
2011.05.17 07:05:11.275,1.33637,1.33663,2.10,1.50
2011.05.17 07:05:12.254,1.33638,1.33665,1.50,1.50
2011.05.17 07:05:12.365,1.33638,1.33666,1.50,1.50
2011.05.17 07:05:13.045,1.3364,1.33667,1.50,2.85
2011.05.17 07:05:13.838,1.33638,1.3366,1.50,1.50
2011.05.17 07:05:14.179,1.3364,1.33661,3.53,1.50
2011.05.17 07:05:14.297,1.33642,1.33667,1.50,1.50
2011.05.17 07:05:14.625,1.33642,1.33668,2.25,1.35
2011.05.17 07:05:14.957,1.33644,1.3367,2.10,1.50
2011.05.17 07:05:15.505,1.33644,1.33671,2.10,1.50
2011.05.17 07:05:15.947,1.33644,1.33671,4.88,1.50
2011.05.17 07:05:16.166,1.33644,1.33671,2.10,1.50
2011.05.17 07:05:17.025,1.33644,1.33671,2.10,1.50
2011.05.17 07:05:17.825,1.33644,1.3367,1.35,1.50
2011.05.17 07:05:18.374,1.33641,1.33667,1.50,1.50
2011.05.17 07:05:18.925,1.33641,1.33667,1.50,1.50
2011.05.17 07:05:19.036,1.3364,1.33667,1.50,1.50
2011.05.17 07:05:19.597,1.33639,1.33664,2.10,1.50
2011.05.17 07:05:20.365,1.33639,1.33665,2.10,2.25
2011.05.17 07:05:21.153,1.33641,1.33667,1.50,1.50
2011.05.17 07:05:22.716,1.33641,1.33667,1.50,1.50
2011.05.17 07:05:22.935,1.33641,1.33667,1.50,1.50
2011.05.17 07:05:23.774,1.33641,1.33667,1.50,1.50
2011.05.17 07:05:24.105,1.33646,1.33672,3.75,1.50
2011.05.17 07:05:24.585,1.33647,1.33676,1.50,1.50
2011.05.17 07:05:24.696,1.33651,1.33675,1.50,1.50
2011.05.17 07:05:25.026,1.33657,1.3368,1.50,2.78
2011.05.17 07:05:25.245,1.33657,1.33683,1.50,2.78
2011.05.17 07:05:25.794,1.33661,1.33686,1.50,2.25
2011.05.17 07:05:26.455,1.33658,1.33686,1.50,2.25
2011.05.17 07:05:27.425,1.33658,1.33685,1.50,1.50
2011.05.17 07:05:28.054,1.33658,1.33686,1.50,2.25
2011.05.17 07:05:28.605,1.33658,1.33685,1.50,1.50
2011.05.17 07:05:29.364,1.33658,1.33685,1.50,1.50
2011.05.17 07:05:29.706,1.33658,1.33685,1.50,1.50
2011.05.17 07:05:30.284,1.33658,1.33685,1.50,1.50
2011.05.17 07:05:30.396,1.33657,1.33684,1.50,1.88
2011.05.17 07:05:30.729,1.33654,1.3368,1.50,5.63
2011.05.17 07:05:31.286,1.33658,1.33682,3.60,4.28
2011.05.17 07:05:31.396,1.33659,1.33682,1.35,1.50
2011.05.17 07:05:31.507,1.33659,1.33685,1.35,1.50
2011.05.17 07:05:32.396,1.33662,1.33685,1.35,1.50
2011.05.17 07:05:32.835,1.33664,1.3369,1.50,1.50
2011.05.17 07:05:33.165,1.33664,1.3369,1.50,4.28
2011.05.17 07:05:33.714,1.33662,1.3369,2.85,4.28
2011.05.17 07:05:34.104,1.33661,1.33685,1.50,2.10
2011.05.17 07:05:34.434,1.33659,1.33685,1.50,2.10
2011.05.17 07:05:34.654,1.33659,1.33685,1.50,2.10
2011.05.17 07:05:35.205,1.33659,1.33685,2.25,2.10
2011.05.17 07:05:36.034,1.33659,1.33683,2.25,2.78
2011.05.17 07:05:37.354,1.33659,1.33685,2.25,2.10
2011.05.17 07:05:37.864,1.33659,1.33684,2.25,2.78
2011.05.17 07:05:38.784,1.3366,1.33685,1.50,2.10
2011.05.17 07:05:38.896,1.33661,1.33684,1.50,2.78
2011.05.17 07:05:39.445,1.33661,1.33685,1.50,1.35
2011.05.17 07:05:39.789,1.33662,1.33687,1.50,1.50
2011.05.17 07:05:40.125,1.33662,1.33687,1.50,1.50
2011.05.17 07:05:40.236,1.33663,1.33688,1.50,2.78
2011.05.17 07:05:40.794,1.33663,1.33689,1.50,1.50
2011.05.17 07:05:44.436,1.33663,1.33689,1.50,2.25
2011.05.17 07:05:44.890,1.3366,1.33681,1.35,3.90
2011.05.17 07:05:45.009,1.33661,1.33681,1.50,2.40
2011.05.17 07:05:45.130,1.33667,1.33685,1.50,2.78
2011.05.17 07:05:45.876,1.33669,1.33693,1.50,1.50
2011.05.17 07:05:46.207,1.33672,1.33693,1.50,2.10
2011.05.17 07:05:46.317,1.33666,1.33693,2.25,2.85
2011.05.17 07:05:46.894,1.33664,1.33689,1.50,1.35
2011.05.17 07:05:47.116,1.33664,1.33688,1.50,1.50
2011.05.17 07:05:47.775,1.33664,1.33689,1.50,1.35
2011.05.17 07:05:48.017,1.33664,1.33688,1.50,2.85
2011.05.17 07:05:49.114,1.33661,1.33685,1.50,2.10
2011.05.17 07:05:49.445,1.33661,1.33686,1.50,1.50
2011.05.17 07:05:49.778,1.33665,1.33687,1.50,1.13
2011.05.17 07:05:49.887,1.33662,1.33685,1.50,3.15
2011.05.17 07:05:49.997,1.33661,1.33685,1.50,3.75
2011.05.17 07:05:50.107,1.33661,1.33684,1.50,1.35
2011.05.17 07:05:50.325,1.33659,1.33686,1.50,6.00
2011.05.17 07:05:50.874,1.33658,1.33685,1.35,1.50
2011.05.17 07:05:51.315,1.33658,1.33686,1.35,1.50
2011.05.17 07:05:51.648,1.3366,1.33686,3.90,1.50
2011.05.17 07:05:52.101,1.33661,1.33685,1.50,1.50
2011.05.17 07:05:52.437,1.33667,1.33687,1.35,1.50
2011.05.17 07:05:52.765,1.33667,1.33691,1.35,2.25
2011.05.17 07:05:53.098,1.33667,1.33691,1.35,1.50
2011.05.17 07:05:54.285,1.33667,1.33691,2.10,1.50
2011.05.17 07:05:54.728,1.33667,1.33691,3.38,1.50
2011.05.17 07:05:55.066,1.33667,1.33688,1.35,1.50
2011.05.17 07:05:55.614,1.33663,1.33688,2.85,1.50
2011.05.17 07:05:56.035,1.33662,1.33686,3.53,1.50
2011.05.17 07:05:56.256,1.33661,1.33685,2.10,1.50
2011.05.17 07:05:56.550,1.33661,1.33685,2.10,1.50
2011.05.17 07:05:56.876,1.33661,1.33685,1.35,1.50
2011.05.17 07:05:57.375,1.3366,1.33685,1.50,1.50
2011.05.17 07:05:57.485,1.33661,1.33685,1.35,1.50
2011.05.17 07:05:57.818,1.33663,1.33683,1.35,1.50
2011.05.17 07:05:58.267,1.33662,1.33684,1.50,1.50
2011.05.17 07:05:58.375,1.33659,1.33684,5.63,1.50
2011.05.17 07:06:00.495,1.33661,1.33684,1.50,1.88
2011.05.17 07:06:00.744,1.33659,1.33684,2.85,1.88
2011.05.17 07:06:00.863,1.33657,1.3368,1.50,1.50
2011.05.17 07:06:01.199,1.33652,1.33681,1.50,1.50
2011.05.17 07:06:01.426,1.33655,1.33682,1.35,1.50
2011.05.17 07:06:01.974,1.33658,1.33684,2.10,1.50
2011.05.17 07:06:02.854,1.33658,1.33684,2.10,1.50
2011.05.17 07:06:03.185,1.33655,1.33679,2.25,1.13
2011.05.17 07:06:04.004,1.33655,1.3368,1.50,1.88
2011.05.17 07:06:04.351,1.33656,1.3368,2.10,1.88
2011.05.17 07:06:04.471,1.33655,1.3368,1.50,1.88
2011.05.17 07:06:04.696,1.33653,1.3368,1.50,1.13
2011.05.17 07:06:05.565,1.33652,1.3368,2.63,1.13
2011.05.17 07:06:05.787,1.33653,1.33681,1.50,2.10
2011.05.17 07:06:06.006,1.33654,1.3368,1.50,3.53
2011.05.17 07:06:06.224,1.33652,1.33678,2.63,1.50
2011.05.17 07:06:07.103,1.33652,1.33678,2.63,1.50
2011.05.17 07:06:07.653,1.33653,1.33678,1.50,1.50
2011.05.17 07:06:07.985,1.33653,1.33675,1.50,1.35
2011.05.17 07:06:08.864,1.33652,1.33674,1.50,3.53
2011.05.17 07:06:10.067,1.33652,1.33674,1.50,3.53
2011.05.17 07:06:10.925,1.3365,1.33674,1.50,3.53
2011.05.17 07:06:11.474,1.33648,1.33673,2.25,1.50
2011.05.17 07:06:11.585,1.33651,1.33674,1.50,1.50
2011.05.17 07:06:12.135,1.33651,1.33673,1.50,1.50
2011.05.17 07:06:12.245,1.33651,1.33673,1.50,1.50
2011.05.17 07:06:14.122,1.33648,1.33671,4.28,1.35
2011.05.17 07:06:14.457,1.33647,1.33673,3.53,2.85
2011.05.17 07:06:14.678,1.33649,1.33673,1.35,1.50
2011.05.17 07:06:15.119,1.33653,1.33676,1.35,1.50
2011.05.17 07:06:15.233,1.33658,1.33685,3.53,3.38
2011.05.17 07:06:15.460,1.33659,1.33687,4.13,1.88
2011.05.17 07:06:15.686,1.33659,1.33687,1.35,1.50
2011.05.17 07:06:16.396,1.33662,1.33688,1.50,2.25
2011.05.17 07:06:16.945,1.33661,1.33687,1.50,1.50
2011.05.17 07:06:17.275,1.33657,1.33683,1.50,1.35
2011.05.17 07:06:17.385,1.33654,1.33684,4.28,2.10
2011.05.17 07:06:17.494,1.33654,1.33684,3.53,1.35
2011.05.17 07:06:17.605,1.33653,1.33683,1.35,4.13
2011.05.17 07:06:18.044,1.33652,1.3368,2.25,2.85
2011.05.17 07:06:18.925,1.33649,1.33677,1.50,1.50
2011.05.17 07:06:24.324,1.33651,1.33677,1.50,1.50
2011.05.17 07:06:24.874,1.33651,1.33677,1.50,1.50
2011.05.17 07:06:26.543,1.33654,1.3368,1.50,2.25
2011.05.17 07:06:26.763,1.33654,1.33678,1.50,1.35
2011.05.17 07:06:27.092,1.33654,1.3368,1.50,1.35
2011.05.17 07:06:27.945,1.33654,1.3368,1.50,4.28
2011.05.17 07:06:28.161,1.33654,1.3368,1.50,4.28
2011.05.17 07:06:29.262,1.33654,1.3368,1.50,4.28
2011.05.17 07:06:31.039,1.33654,1.33678,1.50,1.35
2011.05.17 07:06:31.372,1.33653,1.33676,2.25,4.13
2011.05.17 07:06:31.971,1.3365,1.33674,1.50,1.50
2011.05.17 07:06:32.521,1.3365,1.33673,1.50,3.53
2011.05.17 07:06:33.121,1.3365,1.33673,1.50,3.53
2011.05.17 07:06:33.341,1.3365,1.33673,1.50,3.53
2011.05.17 07:06:33.732,1.3365,1.33673,1.50,2.78
2011.05.17 07:06:34.062,1.3365,1.33674,1.50,1.50
2011.05.17 07:06:34.488,1.33647,1.3367,2.25,1.35
2011.05.17 07:06:34.610,1.33646,1.33669,3.53,1.50
2011.05.17 07:06:35.276,1.33653,1.33675,1.35,1.50
2011.05.17 07:06:35.393,1.33655,1.33679,1.50,3.53
2011.05.17 07:06:35.502,1.33655,1.33681,1.50,1.50
2011.05.17 07:06:35.722,1.33655,1.33682,1.50,1.50
2011.05.17 07:06:36.165,1.33658,1.33685,1.50,1.35
2011.05.17 07:06:36.494,1.33659,1.33685,1.50,3.75
2011.05.17 07:06:36.823,1.33659,1.33684,1.50,2.40
2011.05.17 07:06:37.262,1.33659,1.33684,1.50,2.40
2011.05.17 07:06:38.471,1.33658,1.33682,1.50,1.50
2011.05.17 07:06:39.227,1.33658,1.33682,1.50,1.50
2011.05.17 07:06:39.782,1.33657,1.33682,1.50,1.50
2011.05.17 07:06:39.892,1.33657,1.33682,1.50,1.50
2011.05.17 07:06:40.331,1.33658,1.33682,1.50,1.50
2011.05.17 07:06:40.551,1.33658,1.33682,1.50,1.50
2011.05.17 07:06:40.772,1.33658,1.33682,1.50,1.50
2011.05.17 07:06:41.322,1.33658,1.33682,1.50,1.50
2011.05.17 07:06:41.703,1.33658,1.33682,1.50,1.50
2011.05.17 07:06:43.382,1.33654,1.33682,1.50,1.50
2011.05.17 07:06:43.602,1.33654,1.33682,1.50,1.50
2011.05.17 07:06:45.662,1.33655,1.33681,1.50,2.25
2011.05.17 07:06:46.413,1.33655,1.33678,1.50,1.50
2011.05.17 07:06:46.535,1.33655,1.33678,1.50,1.50
2011.05.17 07:06:47.083,1.33655,1.33679,1.50,1.50
2011.05.17 07:06:47.413,1.33655,1.33678,1.50,2.25
2011.05.17 07:06:47.745,1.33649,1.3367,1.50,1.35
2011.05.17 07:06:48.301,1.33646,1.3367,1.50,2.10
2011.05.17 07:06:49.494,1.33646,1.33669,1.50,1.13
2011.05.17 07:06:49.823,1.3364,1.33665,4.13,1.50
2011.05.17 07:06:50.372,1.3364,1.33664,1.35,1.50
2011.05.17 07:06:51.341,1.3364,1.33665,1.35,1.88
2011.05.17 07:06:51.562,1.33642,1.33669,1.50,2.25
2011.05.17 07:06:52.112,1.33642,1.33669,1.50,2.25
2011.05.17 07:06:52.440,1.33643,1.33669,3.53,2.25
2011.05.17 07:06:52.551,1.33644,1.33669,1.35,2.25
2011.05.17 07:06:53.461,1.33644,1.33669,4.13,1.50
2011.05.17 07:06:54.891,1.33644,1.33669,4.13,1.50
2011.05.17 07:06:55.493,1.33644,1.33669,4.13,1.50
2011.05.17 07:06:56.785,1.33644,1.33669,4.13,1.50
2011.05.17 07:06:57.011,1.33646,1.33673,1.50,1.50
2011.05.17 07:06:57.581,1.33646,1.33673,1.50,2.25
2011.05.17 07:06:59.172,1.33646,1.33672,1.50,1.50
2011.05.17 07:06:59.652,1.33647,1.33673,1.50,1.50
2011.05.17 07:06:59.876,1.33646,1.33672,1.50,1.50
2011.05.17 07:07:01.522,1.33646,1.33672,2.25,1.50
2011.05.17 07:07:02.082,1.33646,1.33673,1.50,5.03
2011.05.17 07:07:02.193,1.33646,1.33673,1.50,4.28
2011.05.17 07:07:02.774,1.33646,1.33672,1.50,1.50
2011.05.17 07:07:03.322,1.33646,1.33672,1.50,1.50
2011.05.17 07:07:03.870,1.33646,1.33672,1.50,1.50
2011.05.17 07:07:04.451,1.33646,1.33673,1.50,5.03
2011.05.17 07:07:05.000,1.33646,1.33672,1.50,1.50
2011.05.17 07:07:05.674,1.33646,1.33671,1.50,2.78
2011.05.17 07:07:05.783,1.33646,1.33671,1.50,1.65
2011.05.17 07:07:06.334,1.33646,1.33672,1.50,3.15
2011.05.17 07:07:06.882,1.33646,1.33672,1.50,3.15
2011.05.17 07:07:07.433,1.33646,1.33671,1.50,4.88
2011.05.17 07:07:07.794,1.33642,1.33667,1.50,2.78
2011.05.17 07:07:08.231,1.33642,1.33666,1.50,1.35
2011.05.17 07:07:08.561,1.33639,1.33665,1.50,2.10
2011.05.17 07:07:08.781,1.33639,1.33664,1.50,1.50
2011.05.17 07:07:09.002,1.33639,1.33663,1.50,1.50
2011.05.17 07:07:09.223,1.33636,1.3366,1.50,1.50
2011.05.17 07:07:09.441,1.33636,1.3366,1.50,1.50
2011.05.17 07:07:09.882,1.33635,1.33658,1.35,1.50
2011.05.17 07:07:11.442,1.33635,1.33658,1.35,1.50
2011.05.17 07:07:12.042,1.33635,1.33659,1.35,1.50
2011.05.17 07:07:12.371,1.33636,1.3366,1.50,2.25
2011.05.17 07:07:12.942,1.33636,1.3366,1.50,1.50
2011.05.17 07:07:13.382,1.33637,1.33661,1.50,1.50
2011.05.17 07:07:13.492,1.33637,1.33661,1.50,1.50
2011.05.17 07:07:13.713,1.33636,1.33662,1.50,1.50
2011.05.17 07:07:18.391,1.33638,1.33662,1.50,1.50
2011.05.17 07:07:19.751,1.33636,1.33662,2.25,1.50
2011.05.17 07:07:20.300,1.33636,1.33662,1.50,1.50
2011.05.17 07:07:20.861,1.33637,1.33662,1.50,1.50
2011.05.17 07:07:22.601,1.33638,1.3366,1.50,1.50
2011.05.17 07:07:24.442,1.33643,1.33662,1.50,1.50
2011.05.17 07:07:24.664,1.33643,1.33665,1.50,1.35
2011.05.17 07:07:24.997,1.33649,1.33663,1.50,2.78
2011.05.17 07:07:25.226,1.33652,1.33671,3.60,2.78
2011.05.17 07:07:25.343,1.33656,1.33677,1.35,2.25
2011.05.17 07:07:25.453,1.33656,1.33681,2.10,2.40
2011.05.17 07:07:25.564,1.33658,1.33682,1.50,1.50
2011.05.17 07:07:25.892,1.33653,1.33678,4.28,2.85
2011.05.17 07:07:26.002,1.33653,1.33675,3.53,3.00
2011.05.17 07:07:26.442,1.33646,1.33672,1.50,1.50
2011.05.17 07:07:26.550,1.33643,1.33668,1.50,1.35
2011.05.17 07:07:26.772,1.3364,1.33665,1.50,1.50
2011.05.17 07:07:27.104,1.3364,1.33665,1.50,1.50
2011.05.17 07:07:27.341,1.3364,1.33665,1.50,1.50
2011.05.17 07:07:27.673,1.33636,1.33662,1.35,1.50
2011.05.17 07:07:27.782,1.33635,1.33661,2.78,1.35
2011.05.17 07:07:28.112,1.33633,1.33658,2.25,1.35
2011.05.17 07:07:28.884,1.33647,1.33667,1.50,4.43
2011.05.17 07:07:28.996,1.33647,1.33667,1.50,4.88
2011.05.17 07:07:29.114,1.33642,1.33665,1.50,1.35
2011.05.17 07:07:29.336,1.33641,1.33666,1.50,2.78
2011.05.17 07:07:29.672,1.33641,1.3367,3.00,1.35
2011.05.17 07:07:31.234,1.33644,1.33671,1.35,1.50
2011.05.17 07:07:31.452,1.33646,1.33675,2.25,2.25
2011.05.17 07:07:34.622,1.33646,1.33673,2.25,4.28
2011.05.17 07:07:34.952,1.33646,1.33673,1.50,4.88
2011.05.17 07:07:38.252,1.33646,1.33673,1.50,2.10
2011.05.17 07:07:39.904,1.33646,1.33673,1.50,2.10
2011.05.17 07:07:40.012,1.33646,1.33673,1.50,2.10
2011.05.17 07:07:40.124,1.33646,1.33671,1.50,1.13
2011.05.17 07:07:40.233,1.33646,1.33673,1.50,2.48
2011.05.17 07:07:40.345,1.33642,1.33668,1.50,1.50
2011.05.17 07:07:40.674,1.33642,1.33668,1.50,1.50
2011.05.17 07:07:40.786,1.33642,1.33668,1.50,1.50
2011.05.17 07:07:41.122,1.33642,1.33666,1.50,1.35
2011.05.17 07:07:41.828,1.33642,1.33666,1.50,1.35
2011.05.17 07:07:43.192,1.33642,1.33665,1.50,2.78
2011.05.17 07:07:43.523,1.33646,1.33673,2.48,3.53
2011.05.17 07:07:43.744,1.33651,1.33675,1.50,2.78
2011.05.17 07:07:44.293,1.33649,1.33673,1.50,2.10
2011.05.17 07:07:44.952,1.33649,1.33673,1.50,2.10
2011.05.17 07:07:45.062,1.3365,1.33677,1.35,1.50
2011.05.17 07:07:45.282,1.33653,1.33679,1.50,1.50
2011.05.17 07:07:45.501,1.33653,1.3368,1.50,2.10
2011.05.17 07:07:45.868,1.33653,1.33679,1.50,1.50
2011.05.17 07:07:46.424,1.33657,1.33675,1.13,1.35
2011.05.17 07:07:46.534,1.33655,1.33679,1.35,1.50
2011.05.17 07:07:46.753,1.33655,1.33681,1.35,4.28
2011.05.17 07:07:47.302,1.33656,1.33679,1.50,1.50
2011.05.17 07:07:47.851,1.33656,1.33681,1.50,1.50
2011.05.17 07:07:48.402,1.33654,1.33681,2.25,1.50
2011.05.17 07:07:49.612,1.33656,1.33677,1.50,2.78
2011.05.17 07:07:49.943,1.33655,1.33677,1.50,1.50
2011.05.17 07:07:50.051,1.33653,1.33677,1.50,1.50
2011.05.17 07:07:50.273,1.33652,1.3368,2.10,1.50
2011.05.17 07:07:50.494,1.33653,1.3368,1.50,1.50
2011.05.17 07:07:51.273,1.33653,1.3368,1.50,1.50
2011.05.17 07:07:51.491,1.33653,1.3368,1.50,1.50
2011.05.17 07:07:51.824,1.33658,1.33684,1.50,3.90
2011.05.17 07:07:51.935,1.33658,1.33684,1.50,2.25
2011.05.17 07:07:53.191,1.33658,1.33684,1.50,2.25
2011.05.17 07:07:54.072,1.33658,1.33684,1.50,1.50
2011.05.17 07:07:54.293,1.33658,1.33684,1.50,2.25
2011.05.17 07:07:55.572,1.33661,1.33686,1.50,1.35
2011.05.17 07:07:55.903,1.33661,1.33685,1.50,3.00
2011.05.17 07:07:56.453,1.33659,1.33682,1.50,1.50
2011.05.17 07:07:56.933,1.33654,1.33679,1.50,1.35
2011.05.17 07:07:58.802,1.33654,1.33678,1.50,1.35
2011.05.17 07:07:59.243,1.33654,1.3368,1.50,3.53
2011.05.17 07:07:59.463,1.33658,1.33682,1.50,3.53
2011.05.17 07:07:59.683,1.33658,1.33685,2.10,2.25
2011.05.17 07:07:59.793,1.33658,1.33688,2.10,1.50
2011.05.17 07:08:00.015,1.33661,1.33681,1.50,1.35
2011.05.17 07:08:00.355,1.33653,1.33677,1.50,1.35
2011.05.17 07:08:00.475,1.33653,1.33677,1.50,1.35
2011.05.17 07:08:00.788,1.33647,1.33676,3.53,2.10
2011.05.17 07:08:00.909,1.33642,1.3367,1.50,2.10
2011.05.17 07:08:01.025,1.33642,1.33669,1.50,1.50
2011.05.17 07:08:01.256,1.33643,1.3367,1.50,2.25
2011.05.17 07:08:01.591,1.33643,1.3367,4.28,1.50
2011.05.17 07:08:01.923,1.33643,1.3367,3.53,2.25
2011.05.17 07:08:02.144,1.33649,1.33673,1.35,1.50
2011.05.17 07:08:02.253,1.33649,1.33674,1.35,2.78
2011.05.17 07:08:02.365,1.33649,1.33672,1.35,2.78
2011.05.17 07:08:02.691,1.33652,1.33672,1.50,2.78
2011.05.17 07:08:02.912,1.33652,1.33678,1.50,1.50
2011.05.17 07:08:03.462,1.33651,1.3368,1.50,1.35
2011.05.17 07:08:05.831,1.33651,1.33679,1.50,1.35
2011.05.17 07:08:06.342,1.33651,1.33676,1.50,1.50
2011.05.17 07:08:06.562,1.33651,1.33678,1.50,1.50
2011.05.17 07:08:06.895,1.33655,1.33681,2.10,2.25
2011.05.17 07:08:07.451,1.33655,1.33678,2.10,2.78
2011.05.17 07:08:07.564,1.33655,1.33682,2.10,1.50
2011.05.17 07:08:07.781,1.33655,1.33683,2.10,1.50
2011.05.17 07:08:08.332,1.33658,1.33685,1.50,2.85
2011.05.17 07:08:10.494,1.33657,1.33683,5.03,1.50
2011.05.17 07:08:10.823,1.33657,1.33683,5.03,1.50
2011.05.17 07:08:12.361,1.3366,1.33683,2.78,1.50
2011.05.17 07:08:14.182,1.33657,1.33683,1.50,1.50
2011.05.17 07:08:14.515,1.33656,1.33681,2.78,1.35
2011.05.17 07:08:14.855,1.33656,1.33677,2.10,1.50
2011.05.17 07:08:15.200,1.33652,1.33678,2.25,1.50
2011.05.17 07:08:15.974,1.33652,1.33678,1.50,1.50
2011.05.17 07:08:16.194,1.33655,1.33678,3.38,1.50
2011.05.17 07:08:16.521,1.33657,1.33681,4.88,1.50
2011.05.17 07:08:17.223,1.33657,1.33681,4.88,1.50
2011.05.17 07:08:19.782,1.33657,1.33681,2.85,1.50
2011.05.17 07:08:20.331,1.33657,1.33681,2.85,1.50
2011.05.17 07:08:21.791,1.33657,1.33681,2.10,1.50
2011.05.17 07:08:22.469,1.33657,1.33681,4.88,1.50
2011.05.17 07:08:24.102,1.33659,1.33681,3.53,1.50
2011.05.17 07:08:24.458,1.33659,1.33681,3.53,1.50
2011.05.17 07:08:25.013,1.33659,1.33681,3.53,1.50
2011.05.17 07:08:25.565,1.33658,1.33681,2.40,1.50
2011.05.17 07:08:25.903,1.33666,1.33687,1.50,1.35
2011.05.17 07:08:26.013,1.33666,1.33689,1.50,4.28
2011.05.17 07:08:26.562,1.33666,1.33689,1.50,1.35
2011.05.17 07:08:27.111,1.33665,1.33689,1.50,1.35
2011.05.17 07:08:27.655,1.33662,1.33689,1.50,1.35
2011.05.17 07:08:27.993,1.33662,1.33689,1.50,1.35
2011.05.17 07:08:28.542,1.33663,1.33691,1.50,5.03
2011.05.17 07:08:29.090,1.33663,1.33691,1.50,2.25
2011.05.17 07:08:29.883,1.33664,1.33691,1.50,1.50
2011.05.17 07:08:30.104,1.33667,1.33692,2.25,1.35
2011.05.17 07:08:33.190,1.33667,1.33692,1.50,1.35
2011.05.17 07:08:33.742,1.33667,1.33692,1.50,1.35
2011.05.17 07:08:34.183,1.33662,1.33686,1.35,1.50
2011.05.17 07:08:34.577,1.33664,1.33687,1.50,1.35
2011.05.17 07:08:35.135,1.33664,1.3369,1.50,1.50
2011.05.17 07:08:35.474,1.33667,1.33691,1.50,1.35
2011.05.17 07:08:35.584,1.33665,1.33687,1.50,1.50
2011.05.17 07:08:35.805,1.33664,1.33688,1.50,1.35
2011.05.17 07:08:36.355,1.33664,1.33684,1.50,3.53
2011.05.17 07:08:37.133,1.33664,1.33688,1.50,1.35
2011.05.17 07:08:37.682,1.33659,1.33686,1.50,1.50
2011.05.17 07:08:37.792,1.33657,1.33685,2.25,1.13
2011.05.17 07:08:37.901,1.33657,1.33685,2.25,1.13
2011.05.17 07:08:38.342,1.33658,1.33686,1.50,1.50
2011.05.17 07:08:41.312,1.33658,1.33684,1.50,1.50
2011.05.17 07:08:41.752,1.3366,1.33687,1.50,1.50
2011.05.17 07:08:42.271,1.33661,1.33687,1.50,1.50
2011.05.17 07:08:44.743,1.33662,1.33687,2.10,1.50
2011.05.17 07:08:44.963,1.33663,1.33687,1.35,1.50
2011.05.17 07:08:46.172,1.33664,1.3369,1.35,1.50
2011.05.17 07:08:49.954,1.33661,1.33686,1.50,1.50
2011.05.17 07:08:50.064,1.33659,1.33686,3.75,1.50
2011.05.17 07:08:50.393,1.33659,1.33686,1.35,1.50
2011.05.17 07:08:51.381,1.33658,1.33682,1.35,1.50
2011.05.17 07:08:51.743,1.33658,1.33682,1.35,1.50
2011.05.17 07:08:52.281,1.33656,1.33679,1.50,3.53
2011.05.17 07:08:52.611,1.33653,1.33679,1.50,1.50
2011.05.17 07:08:52.720,1.33653,1.33679,1.50,1.50
2011.05.17 07:08:53.052,1.33654,1.33679,3.38,1.50
2011.05.17 07:08:53.394,1.33658,1.33682,1.50,1.50
2011.05.17 07:08:53.501,1.33658,1.33682,1.50,1.50
2011.05.17 07:08:54.872,1.33658,1.33682,1.50,1.50
2011.05.17 07:08:55.422,1.3366,1.33685,1.50,1.50
2011.05.17 07:08:58.523,1.33662,1.33686,4.28,1.50
2011.05.17 07:08:58.852,1.33664,1.3369,2.85,1.88
2011.05.17 07:09:00.861,1.33665,1.3369,1.50,1.50
2011.05.17 07:09:01.083,1.33667,1.3369,1.35,1.50
2011.05.17 07:09:01.192,1.33668,1.33694,1.50,3.53
2011.05.17 07:09:01.412,1.33669,1.33694,1.50,3.53
2011.05.17 07:09:01.635,1.33669,1.33693,1.50,3.53
2011.05.17 07:09:02.241,1.33667,1.33691,1.50,1.50
2011.05.17 07:09:03.311,1.33665,1.33691,1.50,1.50
2011.05.17 07:09:07.074,1.33664,1.33691,1.50,1.50
2011.05.17 07:09:07.405,1.33667,1.33691,1.50,1.50
2011.05.17 07:09:07.624,1.33664,1.33691,1.50,1.50
2011.05.17 07:09:09.173,1.33664,1.33691,1.50,1.50
2011.05.17 07:09:09.392,1.33664,1.33691,2.25,1.50
2011.05.17 07:09:09.928,1.33666,1.33691,2.40,1.50
2011.05.17 07:09:10.045,1.33664,1.33691,1.50,1.50
2011.05.17 07:09:11.552,1.33664,1.33691,1.50,1.50
2011.05.17 07:09:11.774,1.33664,1.33688,1.50,1.35
2011.05.17 07:09:11.885,1.33658,1.33685,4.28,1.50
2011.05.17 07:09:11.992,1.33658,1.33684,4.28,1.50
2011.05.17 07:09:14.401,1.33658,1.33684,1.50,1.88
2011.05.17 07:09:15.301,1.33658,1.33684,1.50,1.88
2011.05.17 07:09:17.451,1.33658,1.33684,1.50,1.50
2011.05.17 07:09:17.894,1.33661,1.33687,1.50,1.13
2011.05.17 07:09:18.992,1.33659,1.33683,1.50,1.50
2011.05.17 07:09:20.462,1.33659,1.33683,1.35,1.50
2011.05.17 07:09:21.033,1.33659,1.33683,1.35,1.50
2011.05.17 07:09:24.161,1.33659,1.33683,1.35,1.50
2011.05.17 07:09:24.711,1.3366,1.33683,1.35,1.50
2011.05.17 07:09:25.042,1.3366,1.33685,4.13,1.50
2011.05.17 07:09:26.113,1.3366,1.33685,1.35,1.50
2011.05.17 07:09:26.554,1.33663,1.33687,1.50,1.50
2011.05.17 07:09:27.101,1.33663,1.33688,1.50,1.50
2011.05.17 07:09:27.583,1.33663,1.33687,1.50,1.50
2011.05.17 07:09:28.307,1.33663,1.33687,1.50,1.50
2011.05.17 07:09:28.642,1.33663,1.33687,1.50,1.50
2011.05.17 07:09:29.204,1.33663,1.33682,1.50,1.13
2011.05.17 07:09:29.424,1.33659,1.33682,1.50,1.13
2011.05.17 07:09:29.535,1.33662,1.33682,2.10,2.40
2011.05.17 07:09:29.643,1.33666,1.33685,1.35,1.50
2011.05.17 07:09:29.754,1.33666,1.33689,1.35,3.15
2011.05.17 07:09:29.975,1.33666,1.33691,1.35,1.50
2011.05.17 07:09:30.192,1.33667,1.33694,1.50,1.50
2011.05.17 07:09:31.497,1.33669,1.33694,1.35,1.50
2011.05.17 07:09:31.941,1.33671,1.33694,1.35,1.50
2011.05.17 07:09:32.981,1.33671,1.33694,1.35,1.50
2011.05.17 07:09:35.761,1.33671,1.33694,1.35,1.50
2011.05.17 07:09:37.341,1.33671,1.33694,1.35,1.50
2011.05.17 07:09:38.212,1.33671,1.33694,1.35,1.50
2011.05.17 07:09:39.062,1.33671,1.33694,1.35,1.50
2011.05.17 07:09:39.392,1.33671,1.33694,1.35,1.50
2011.05.17 07:09:39.941,1.33671,1.33694,1.35,2.25
2011.05.17 07:09:41.022,1.33671,1.33694,1.35,2.25
2011.05.17 07:09:41.354,1.33677,1.33697,1.35,1.50
2011.05.17 07:09:41.794,1.33672,1.337,3.53,1.50
2011.05.17 07:09:42.013,1.33674,1.337,2.25,1.50
2011.05.17 07:09:42.425,1.33675,1.33701,1.50,4.13
2011.05.17 07:09:42.754,1.33676,1.33703,2.10,1.50
2011.05.17 07:09:43.994,1.33684,1.33703,1.35,1.50
2011.05.17 07:09:44.215,1.33689,1.33709,1.35,1.50
2011.05.17 07:09:44.323,1.33689,1.3371,1.35,2.25
2011.05.17 07:09:44.542,1.33691,1.33716,3.38,1.50
2011.05.17 07:09:44.652,1.3369,1.33716,1.35,1.50
2011.05.17 07:09:45.091,1.33691,1.33713,1.35,1.13
2011.05.17 07:09:45.312,1.33691,1.33713,1.35,1.13
2011.05.17 07:09:45.742,1.33691,1.33713,1.35,1.13
2011.05.17 07:09:45.961,1.3369,1.33713,2.10,1.13
2011.05.17 07:09:47.234,1.33691,1.33715,1.35,1.13
2011.05.17 07:09:47.781,1.33691,1.33715,1.35,1.13
2011.05.17 07:09:49.663,1.3369,1.33713,1.35,1.13
2011.05.17 07:09:50.181,1.3369,1.33713,2.10,1.13
2011.05.17 07:09:53.661,1.3369,1.33714,1.35,2.78
2011.05.17 07:10:00.266,1.33691,1.33714,2.10,2.40
2011.05.17 07:10:01.000,1.33695,1.33719,1.35,1.50
2011.05.17 07:10:01.120,1.33695,1.33719,4.13,1.50
2011.05.17 07:10:01.562,1.33695,1.33719,1.35,1.50
2011.05.17 07:10:01.888,1.33692,1.33718,2.10,1.13
2011.05.17 07:10:02.113,1.33691,1.33717,1.35,3.15
2011.05.17 07:10:02.930,1.33691,1.33717,1.35,3.15
2011.05.17 07:10:03.963,1.33691,1.33717,1.35,3.15
2011.05.17 07:10:05.431,1.33691,1.33717,1.35,3.15
2011.05.17 07:10:05.873,1.33686,1.33708,3.53,1.50
2011.05.17 07:10:05.985,1.33686,1.33707,3.53,1.50
2011.05.17 07:10:06.205,1.33682,1.33705,2.40,1.50
2011.05.17 07:10:06.618,1.33683,1.33701,2.10,1.50
2011.05.17 07:10:06.741,1.33685,1.33711,1.50,3.53
2011.05.17 07:10:06.857,1.33682,1.33703,2.40,1.35
2011.05.17 07:10:07.338,1.33681,1.33706,1.35,1.37
2011.05.17 07:10:07.680,1.3368,1.33704,3.15,1.50
2011.05.17 07:10:07.797,1.3368,1.33705,2.40,1.50
2011.05.17 07:10:07.917,1.33681,1.33704,1.35,2.78
2011.05.17 07:10:08.254,1.33684,1.3371,1.50,1.50
2011.05.17 07:10:08.584,1.33687,1.33712,1.50,3.15
2011.05.17 07:10:09.025,1.33687,1.33712,1.50,1.50
2011.05.17 07:10:09.133,1.33687,1.33712,1.50,5.25
2011.05.17 07:10:09.464,1.33684,1.33705,3.15,1.50
2011.05.17 07:10:09.793,1.33683,1.337,2.25,2.40
2011.05.17 07:10:09.902,1.33678,1.33704,2.25,1.50
2011.05.17 07:10:10.013,1.33678,1.33705,2.25,1.50
2011.05.17 07:10:10.342,1.33681,1.33706,1.50,2.78
2011.05.17 07:10:10.674,1.33684,1.33708,1.50,3.75
2011.05.17 07:10:10.783,1.33681,1.33705,1.50,1.13
2011.05.17 07:10:11.224,1.33681,1.33708,2.25,3.00
2011.05.17 07:10:11.333,1.33686,1.33708,1.50,1.35
2011.05.17 07:10:11.775,1.33682,1.33707,1.50,1.73
2011.05.17 07:10:12.004,1.33682,1.33711,2.10,1.13
2011.05.17 07:10:12.114,1.33684,1.33711,2.78,1.13
2011.05.17 07:10:12.665,1.33684,1.33713,1.50,4.28
2011.05.17 07:10:12.997,1.33685,1.33712,2.25,1.35
2011.05.17 07:10:13.228,1.33687,1.33713,1.35,3.53
2011.05.17 07:10:13.347,1.33692,1.33698,1.50,2.78
2011.05.17 07:10:13.577,1.33688,1.33711,1.35,1.50
2011.05.17 07:10:13.804,1.33686,1.3371,1.50,1.13
2011.05.17 07:10:13.914,1.33687,1.3371,1.50,1.13
2011.05.17 07:10:14.353,1.33687,1.33706,1.50,2.78
2011.05.17 07:10:14.716,1.33687,1.3371,1.50,2.03
2011.05.17 07:10:15.276,1.33688,1.33704,1.50,2.40
2011.05.17 07:10:15.504,1.33688,1.33713,1.50,2.85
2011.05.17 07:10:15.725,1.33688,1.33713,1.50,1.35
2011.05.17 07:10:16.275,1.33688,1.33713,1.50,2.10
2011.05.17 07:10:16.387,1.33679,1.33702,1.50,1.35
2011.05.17 07:10:16.505,1.33685,1.33706,1.35,1.50
2011.05.17 07:10:16.625,1.33688,1.33712,2.10,2.78
2011.05.17 07:10:16.746,1.33688,1.33716,2.10,1.50
2011.05.17 07:10:16.865,1.33688,1.33718,2.10,4.13
2011.05.17 07:10:17.084,1.3369,1.33718,1.50,1.35
2011.05.17 07:10:17.415,1.33692,1.3372,1.50,1.35
2011.05.17 07:10:17.963,1.33696,1.33721,1.50,1.35
2011.05.17 07:10:20.465,1.33691,1.33718,1.50,2.10
2011.05.17 07:10:20.574,1.3369,1.33718,2.78,1.73
2011.05.17 07:10:20.689,1.3369,1.33713,2.78,1.35
2011.05.17 07:10:21.024,1.33686,1.33713,1.50,2.10
2011.05.17 07:10:21.134,1.33684,1.33713,7.05,2.10
2011.05.17 07:10:21.466,1.33687,1.3371,2.78,1.13
2011.05.17 07:10:21.780,1.33681,1.33707,4.88,1.13
2011.05.17 07:10:22.002,1.33687,1.33709,2.78,1.50
2011.05.17 07:10:22.332,1.33687,1.33707,2.78,1.50
2011.05.17 07:10:22.552,1.33681,1.33707,4.88,1.50
2011.05.17 07:10:22.772,1.33681,1.33707,4.88,1.50
2011.05.17 07:10:23.432,1.33681,1.33707,2.10,1.50
2011.05.17 07:10:23.543,1.33681,1.33704,1.35,1.50
2011.05.17 07:10:24.832,1.33678,1.33704,1.50,1.50
2011.05.17 07:10:25.703,1.33679,1.33704,2.10,1.50
2011.05.17 07:10:26.081,1.33683,1.33697,1.65,1.88
2011.05.17 07:10:26.197,1.33678,1.33696,1.65,3.53
2011.05.17 07:10:26.316,1.33669,1.33696,1.50,2.78
2011.05.17 07:10:26.433,1.33669,1.33696,1.50,2.78
2011.05.17 07:10:26.762,1.33674,1.33698,2.10,1.50
2011.05.17 07:10:26.984,1.33674,1.33699,2.10,1.88
2011.05.17 07:10:27.203,1.33676,1.33699,1.50,1.13
2011.05.17 07:10:27.753,1.33677,1.33699,1.50,1.88
2011.05.17 07:10:28.304,1.33677,1.33699,1.50,1.50
2011.05.17 07:10:28.742,1.33677,1.337,1.50,1.13
2011.05.17 07:10:28.962,1.33677,1.337,1.50,1.50
2011.05.17 07:10:29.511,1.33677,1.337,1.50,1.50
2011.05.17 07:10:30.062,1.33677,1.33699,1.50,5.93
2011.05.17 07:10:30.405,1.33677,1.33698,1.50,2.10
2011.05.17 07:10:31.513,1.33677,1.33682,1.50,3.75
2011.05.17 07:10:31.846,1.33666,1.33682,1.65,7.28
2011.05.17 07:10:31.964,1.33666,1.33682,2.40,3.53
2011.05.17 07:10:32.073,1.33666,1.33682,2.40,2.78
2011.05.17 07:10:32.183,1.3366,1.33681,1.50,2.10
2011.05.17 07:10:32.294,1.33659,1.33679,1.50,1.35
2011.05.17 07:10:32.403,1.33659,1.3368,1.50,3.53
2011.05.17 07:10:32.952,1.33658,1.33681,1.50,4.13
2011.05.17 07:10:33.864,1.33655,1.33679,2.25,2.78
2011.05.17 07:10:34.192,1.33658,1.33679,2.10,3.53
2011.05.17 07:10:34.305,1.33658,1.33683,2.10,3.15
2011.05.17 07:10:34.526,1.33663,1.33684,1.50,1.73
2011.05.17 07:10:34.864,1.33659,1.33679,1.50,1.50
2011.05.17 07:10:35.083,1.3366,1.33682,1.50,1.50
2011.05.17 07:10:35.412,1.3366,1.33682,1.50,1.50
2011.05.17 07:10:35.744,1.33659,1.33673,1.50,1.50
2011.05.17 07:10:35.854,1.33652,1.33673,1.50,1.50
2011.05.17 07:10:36.185,1.33657,1.33678,1.50,1.50
2011.05.17 07:10:36.416,1.33655,1.33672,1.50,1.35
2011.05.17 07:10:36.642,1.33652,1.33677,1.50,2.10
2011.05.17 07:10:36.864,1.33656,1.3368,1.35,1.50
2011.05.17 07:10:37.203,1.3366,1.3368,1.50,1.65
2011.05.17 07:10:37.315,1.3366,1.33685,1.50,1.65
2011.05.17 07:10:37.437,1.3366,1.33686,1.50,3.15
2011.05.17 07:10:37.993,1.3366,1.33683,1.50,1.50
2011.05.17 07:10:38.213,1.33662,1.33686,1.50,3.53
2011.05.17 07:10:38.547,1.33656,1.33681,2.10,1.65
2011.05.17 07:10:39.101,1.33657,1.33684,1.50,1.50
2011.05.17 07:10:39.432,1.33668,1.3369,1.50,1.50
2011.05.17 07:10:39.542,1.33667,1.33692,1.50,5.55
2011.05.17 07:10:39.873,1.33667,1.33692,1.50,1.13
2011.05.17 07:10:43.512,1.33667,1.33688,2.10,2.78
2011.05.17 07:10:43.947,1.33669,1.3369,2.25,2.78
2011.05.17 07:10:44.067,1.3367,1.33692,1.50,3.53
2011.05.17 07:10:44.331,1.3367,1.33697,1.50,1.35
2011.05.17 07:10:44.988,1.33671,1.33697,1.50,1.35
2011.05.17 07:10:45.542,1.33675,1.33699,1.50,1.35
2011.05.17 07:10:46.642,1.33675,1.33697,1.50,1.35
2011.05.17 07:10:47.192,1.33676,1.33697,1.50,2.10
2011.05.17 07:10:47.524,1.3367,1.33691,1.50,1.35
2011.05.17 07:10:47.743,1.33668,1.33691,1.50,1.35
2011.05.17 07:10:47.853,1.33669,1.33693,1.50,1.35
2011.05.17 07:10:48.072,1.33668,1.33691,1.50,1.35
2011.05.17 07:10:48.510,1.3367,1.33692,1.50,1.35
2011.05.17 07:10:48.627,1.33672,1.33692,1.50,1.35
2011.05.17 07:10:48.852,1.33672,1.33696,1.50,1.50
2011.05.17 07:10:49.185,1.3367,1.33696,2.25,1.50
2011.05.17 07:10:49.304,1.33673,1.33696,1.50,1.50
2011.05.17 07:10:49.413,1.33673,1.33696,1.50,3.23
2011.05.17 07:10:49.522,1.3367,1.33693,1.50,1.73
2011.05.17 07:10:49.857,1.33664,1.33687,1.50,2.78
2011.05.17 07:10:49.974,1.33664,1.33686,1.50,1.35
2011.05.17 07:10:50.193,1.3366,1.33687,2.10,3.90
2011.05.17 07:10:50.526,1.33668,1.33689,1.50,3.53
2011.05.17 07:10:51.084,1.33666,1.3369,1.50,2.10
2011.05.17 07:10:51.193,1.33663,1.3369,1.50,2.10
2011.05.17 07:10:51.853,1.33667,1.33688,1.50,5.40
2011.05.17 07:10:52.672,1.33665,1.33687,1.50,1.35
2011.05.17 07:10:53.032,1.33665,1.33687,1.50,1.35
2011.05.17 07:10:53.473,1.33665,1.33689,1.50,1.35
2011.05.17 07:10:53.695,1.33665,1.33689,1.50,1.50
2011.05.17 07:10:54.033,1.33665,1.33688,1.50,3.38
2011.05.17 07:10:54.474,1.33665,1.33689,1.50,1.35
2011.05.17 07:10:54.804,1.33665,1.33688,1.50,1.35
2011.05.17 07:10:55.135,1.3368,1.33691,1.13,1.50
2011.05.17 07:10:55.253,1.33679,1.33697,1.50,1.35
2011.05.17 07:10:55.476,1.33675,1.33693,2.78,2.85
2011.05.17 07:10:56.046,1.33666,1.33691,1.50,1.35
2011.05.17 07:10:56.159,1.33663,1.33686,1.50,2.10
2011.05.17 07:10:56.273,1.33663,1.33686,1.50,2.10
2011.05.17 07:10:56.493,1.33663,1.33686,1.50,2.10
2011.05.17 07:10:56.835,1.33663,1.33686,1.50,2.10
2011.05.17 07:10:57.396,1.33663,1.33688,2.10,1.50
2011.05.17 07:10:57.513,1.33666,1.33688,3.90,1.50
2011.05.17 07:10:57.732,1.33668,1.33693,3.53,2.10
2011.05.17 07:10:58.302,1.3367,1.33694,1.50,1.35
2011.05.17 07:10:58.852,1.3367,1.33694,1.50,1.50
2011.05.17 07:10:59.293,1.33673,1.33699,1.50,1.50
2011.05.17 07:10:59.512,1.33673,1.33699,1.50,1.50
2011.05.17 07:11:00.724,1.33673,1.33698,1.50,1.35
2011.05.17 07:11:00.944,1.33673,1.33698,1.50,1.35
2011.05.17 07:11:01.818,1.33673,1.33699,1.50,1.35
2011.05.17 07:11:01.936,1.33677,1.33698,1.50,1.35
2011.05.17 07:11:02.164,1.33677,1.33698,1.50,1.35
2011.05.17 07:11:03.352,1.33677,1.33698,1.50,3.38
2011.05.17 07:11:03.552,1.33677,1.33698,1.50,3.38
2011.05.17 07:11:03.816,1.33677,1.33698,1.50,2.78
2011.05.17 07:11:03.936,1.3368,1.33705,1.50,3.38
2011.05.17 07:11:04.853,1.33682,1.33706,1.50,1.35
2011.05.17 07:11:05.183,1.33685,1.3371,1.50,2.10
2011.05.17 07:11:05.682,1.33683,1.33705,1.50,1.13
2011.05.17 07:11:06.012,1.33681,1.33705,1.50,3.75
2011.05.17 07:11:07.292,1.33678,1.33704,1.50,1.73
2011.05.17 07:11:08.072,1.33678,1.33704,1.50,1.35
2011.05.17 07:11:08.292,1.33678,1.33704,1.50,2.10
2011.05.17 07:11:08.842,1.33683,1.33705,1.50,1.35
2011.05.17 07:11:09.283,1.33686,1.33707,1.50,2.10
2011.05.17 07:11:09.502,1.33686,1.33706,1.50,1.35
2011.05.17 07:11:09.723,1.33685,1.33707,1.50,2.48
2011.05.17 07:11:11.993,1.33686,1.33712,1.50,3.60
2011.05.17 07:11:12.217,1.33689,1.33716,1.50,1.35
2011.05.17 07:11:12.447,1.33691,1.33717,1.50,2.10
2011.05.17 07:11:13.933,1.33689,1.33715,2.78,1.35
2011.05.17 07:11:14.372,1.33687,1.33712,1.50,2.10
2011.05.17 07:11:15.264,1.33685,1.3371,1.50,1.35
2011.05.17 07:11:15.375,1.33683,1.33709,1.50,1.35
2011.05.17 07:11:17.542,1.3368,1.33712,1.50,2.63
2011.05.17 07:11:18.202,1.3368,1.33707,1.50,1.13
2011.05.17 07:11:18.642,1.33681,1.33702,1.50,2.10
2011.05.17 07:11:18.973,1.33679,1.337,1.50,2.10
2011.05.17 07:11:19.083,1.33676,1.33698,1.50,1.35
2011.05.17 07:11:19.303,1.3367,1.33689,1.50,1.35
2011.05.17 07:11:19.634,1.33667,1.33691,1.50,1.35
2011.05.17 07:11:19.962,1.33667,1.33693,1.50,3.60
2011.05.17 07:11:20.512,1.33667,1.33693,4.28,2.85
2011.05.17 07:11:20.625,1.33667,1.33692,1.50,1.35
2011.05.17 07:11:20.842,1.33667,1.33693,1.50,2.85
2011.05.17 07:11:21.608,1.33667,1.33693,1.50,2.85
2011.05.17 07:11:22.164,1.33667,1.33693,1.50,2.85
2011.05.17 07:11:23.052,1.33667,1.33694,1.50,1.35
2011.05.17 07:11:23.494,1.3367,1.33696,1.50,2.10
2011.05.17 07:11:23.824,1.3367,1.33695,1.50,1.35
2011.05.17 07:11:24.045,1.3367,1.33696,1.88,1.35
2011.05.17 07:11:24.264,1.33668,1.33694,2.25,1.35
2011.05.17 07:11:24.378,1.33667,1.33687,1.50,1.35
2011.05.17 07:11:24.602,1.33667,1.3369,1.50,2.10
2011.05.17 07:11:25.044,1.33667,1.3369,1.50,2.10
2011.05.17 07:11:25.264,1.33672,1.33694,1.50,1.35
2011.05.17 07:11:26.117,1.33672,1.33689,1.50,2.10
2011.05.17 07:11:26.553,1.33668,1.33685,1.50,1.35
2011.05.17 07:11:26.992,1.33663,1.33683,1.50,2.10
2011.05.17 07:11:27.323,1.3366,1.33683,1.50,2.10
2011.05.17 07:11:27.653,1.33656,1.33679,4.28,2.10
2011.05.17 07:11:28.942,1.33655,1.33679,2.25,2.10
2011.05.17 07:11:29.272,1.33651,1.33674,1.50,2.10
2011.05.17 07:11:29.712,1.33651,1.33674,1.50,2.10
2011.05.17 07:11:30.042,1.33651,1.33674,1.50,2.10
2011.05.17 07:11:30.264,1.33651,1.33674,1.50,2.10
2011.05.17 07:11:30.593,1.33651,1.33677,1.50,1.50
2011.05.17 07:11:30.702,1.33656,1.33681,1.50,1.35
2011.05.17 07:11:30.922,1.33656,1.33682,1.50,1.35
2011.05.17 07:11:31.472,1.33656,1.33681,1.50,1.35
2011.05.17 07:11:31.702,1.33656,1.33681,1.50,1.35
2011.05.17 07:11:32.308,1.33656,1.33682,1.50,1.35
2011.05.17 07:11:32.423,1.33656,1.33682,1.50,2.10
2011.05.17 07:11:32.758,1.33656,1.33679,1.50,2.10
2011.05.17 07:11:32.877,1.33655,1.33679,1.50,2.10
2011.05.17 07:11:33.213,1.33659,1.33679,2.78,2.10
2011.05.17 07:11:33.326,1.33656,1.33683,7.05,1.35
2011.05.17 07:11:33.662,1.33657,1.33684,1.50,1.35
2011.05.17 07:11:33.993,1.33657,1.33683,1.50,1.35
2011.05.17 07:11:34.436,1.33654,1.33678,1.50,1.35
2011.05.17 07:11:34.776,1.33652,1.33675,3.53,1.35
2011.05.17 07:11:34.895,1.33655,1.33682,3.53,1.50
2011.05.17 07:11:35.003,1.33653,1.33677,4.13,1.65
2011.05.17 07:11:35.955,1.33666,1.33692,1.50,5.63
2011.05.17 07:11:36.074,1.33669,1.33692,1.50,5.63
2011.05.17 07:11:36.294,1.33669,1.33695,1.50,3.38
2011.05.17 07:11:38.901,1.33669,1.33696,1.50,2.10
2011.05.17 07:11:39.232,1.33672,1.33689,1.50,1.35
2011.05.17 07:11:39.562,1.33668,1.33688,1.50,1.35
2011.05.17 07:11:40.118,1.33665,1.33686,2.25,1.35
2011.05.17 07:11:40.802,1.33668,1.3369,1.50,2.10
2011.05.17 07:11:40.913,1.33668,1.33692,1.50,2.10
2011.05.17 07:11:41.023,1.33672,1.33692,1.50,1.35
2011.05.17 07:11:41.353,1.33672,1.33681,1.50,1.35
2011.05.17 07:11:41.462,1.33669,1.3369,1.50,1.35
2011.05.17 07:11:41.683,1.33669,1.33692,1.50,1.35
2011.05.17 07:11:42.232,1.3367,1.33691,1.50,1.35
2011.05.17 07:11:43.442,1.33665,1.33691,1.50,1.35
2011.05.17 07:11:44.581,1.33665,1.33688,1.50,2.10
2011.05.17 07:11:45.945,1.33665,1.33684,1.50,1.35
2011.05.17 07:11:46.053,1.3366,1.33684,1.50,1.35
2011.05.17 07:11:46.166,1.3366,1.33686,4.28,1.35
2011.05.17 07:11:46.394,1.33661,1.33686,1.50,1.35
2011.05.17 07:11:46.911,1.33663,1.33687,2.25,1.35
2011.05.17 07:11:47.326,1.33667,1.3369,1.50,1.50
2011.05.17 07:11:47.884,1.33667,1.33691,1.50,1.35
2011.05.17 07:11:49.052,1.33668,1.33691,1.50,1.35
2011.05.17 07:11:49.271,1.33668,1.33691,1.50,1.35
2011.05.17 07:11:49.601,1.33672,1.33695,1.50,1.50
2011.05.17 07:11:50.291,1.33676,1.33697,1.50,1.35
2011.05.17 07:11:51.242,1.33676,1.33701,1.50,3.60
2011.05.17 07:11:51.463,1.33676,1.33701,1.50,3.60
2011.05.17 07:11:52.012,1.33678,1.33698,2.25,1.35
2011.05.17 07:11:52.842,1.33678,1.33703,2.25,1.35
2011.05.17 07:11:53.392,1.33678,1.337,2.25,1.73
2011.05.17 07:11:53.722,1.33675,1.33697,1.50,2.10
2011.05.17 07:11:53.833,1.33673,1.33692,2.25,1.35
2011.05.17 07:11:53.942,1.3367,1.33692,1.50,1.35
2011.05.17 07:11:54.271,1.33667,1.33692,2.25,1.35
2011.05.17 07:11:55.163,1.33669,1.33692,1.50,1.35
2011.05.17 07:11:56.153,1.33669,1.33692,1.50,5.25
2011.05.17 07:11:56.485,1.33666,1.33684,1.50,2.10
2011.05.17 07:11:56.595,1.33666,1.33684,1.50,2.10
2011.05.17 07:11:56.812,1.33665,1.33687,1.50,2.10
2011.05.17 07:11:57.143,1.33665,1.33686,1.50,1.13
2011.05.17 07:11:57.252,1.33664,1.33682,1.50,1.35
2011.05.17 07:11:57.806,1.33668,1.3369,1.50,1.35
2011.05.17 07:11:58.142,1.33674,1.33697,1.50,2.10
2011.05.17 07:11:58.811,1.3368,1.33702,1.50,1.13
2011.05.17 07:11:59.037,1.3368,1.33705,1.50,4.13
2011.05.17 07:11:59.265,1.33685,1.33708,1.35,1.50
2011.05.17 07:11:59.486,1.33682,1.33703,2.40,1.35
2011.05.17 07:11:59.822,1.33678,1.33701,1.50,1.13
2011.05.17 07:12:00.042,1.33676,1.33701,3.53,1.13
2011.05.17 07:12:00.374,1.33675,1.33701,1.50,1.13
2011.05.17 07:12:00.701,1.33675,1.33701,1.50,1.13
2011.05.17 07:12:00.811,1.33675,1.33701,1.50,1.13
2011.05.17 07:12:01.032,1.33675,1.33699,1.50,1.35
2011.05.17 07:12:01.364,1.33671,1.33697,1.50,4.13
2011.05.17 07:12:01.472,1.33669,1.33697,2.25,4.13
2011.05.17 07:12:02.022,1.33669,1.33695,1.50,1.50
2011.05.17 07:12:02.573,1.33666,1.33694,2.25,1.13
2011.05.17 07:12:02.792,1.33667,1.33694,1.50,4.65
2011.05.17 07:12:03.234,1.33668,1.33688,1.50,2.10
2011.05.17 07:12:03.849,1.33664,1.33693,1.50,2.85
2011.05.17 07:12:04.072,1.33668,1.33693,1.50,2.85
2011.05.17 07:12:04.573,1.33668,1.33694,1.50,1.50
2011.05.17 07:12:04.682,1.3367,1.33693,1.50,1.50
2011.05.17 07:12:04.902,1.33669,1.33696,1.50,1.35
2011.05.17 07:12:05.124,1.33671,1.33689,2.25,2.85
2011.05.17 07:12:05.345,1.3366,1.33686,1.50,1.73
2011.05.17 07:12:05.454,1.33659,1.33686,2.25,2.48
2011.05.17 07:12:05.564,1.33661,1.33686,1.35,1.88
2011.05.17 07:12:05.892,1.33666,1.33688,1.35,1.50
2011.05.17 07:12:06.112,1.33668,1.33688,1.50,2.78
2011.05.17 07:12:06.222,1.33668,1.33694,1.50,4.28
2011.05.17 07:12:06.773,1.33668,1.33693,1.50,3.23
2011.05.17 07:12:07.102,1.33662,1.33689,1.50,2.10
2011.05.17 07:12:07.433,1.33659,1.33683,1.50,1.35
2011.05.17 07:12:07.859,1.33658,1.33674,1.50,1.35
2011.05.17 07:12:07.978,1.33652,1.33671,1.50,1.35
2011.05.17 07:12:08.098,1.33644,1.33669,1.50,1.50
2011.05.17 07:12:08.324,1.33643,1.33667,1.50,1.13
2011.05.17 07:12:08.654,1.3364,1.33666,1.50,2.85
2011.05.17 07:12:08.984,1.33636,1.33658,1.50,2.10
2011.05.17 07:12:09.094,1.33636,1.33657,1.50,1.35
2011.05.17 07:12:09.599,1.33636,1.33658,1.50,1.35
2011.05.17 07:12:09.717,1.33636,1.33659,1.50,3.38
2011.05.17 07:12:09.943,1.33636,1.33658,1.50,1.35
2011.05.17 07:12:10.495,1.33633,1.3366,1.50,4.13
2011.05.17 07:12:10.724,1.33633,1.33659,1.50,3.38
2011.05.17 07:12:11.157,1.33633,1.33659,1.88,1.35
2011.05.17 07:12:11.384,1.3364,1.33666,1.50,1.50
2011.05.17 07:12:11.657,1.3364,1.33666,1.50,2.10
2011.05.17 07:12:11.790,1.3364,1.33666,1.50,1.50
2011.05.17 07:12:11.909,1.33646,1.33669,1.50,1.35
2011.05.17 07:12:12.416,1.33643,1.33668,2.25,2.10
2011.05.17 07:12:12.522,1.33643,1.33668,1.50,2.10
2011.05.17 07:12:12.853,1.33641,1.33663,2.25,4.13
2011.05.17 07:12:13.073,1.33638,1.33663,1.50,3.38
2011.05.17 07:12:15.704,1.33638,1.33666,1.50,2.85
2011.05.17 07:12:15.814,1.33641,1.33667,1.50,1.35
2011.05.17 07:12:16.142,1.33641,1.33668,1.50,1.35
2011.05.17 07:12:16.692,1.33641,1.33669,1.50,2.10
2011.05.17 07:12:17.024,1.33641,1.33669,1.50,2.10
2011.05.17 07:12:18.014,1.33647,1.33669,1.13,2.10
2011.05.17 07:12:18.234,1.3365,1.33672,1.50,1.35
2011.05.17 07:12:18.452,1.33648,1.33672,2.25,1.35
2011.05.17 07:12:18.784,1.33644,1.33663,2.25,1.35
2011.05.17 07:12:19.113,1.33644,1.33668,1.50,1.35
2011.05.17 07:12:19.663,1.33643,1.33668,1.50,4.88
2011.05.17 07:12:19.776,1.33643,1.33668,1.50,2.10
2011.05.17 07:12:19.895,1.33648,1.33669,1.50,2.10
2011.05.17 07:12:20.443,1.33648,1.33668,1.50,1.35
2011.05.17 07:12:20.882,1.33648,1.33668,1.50,1.35
2011.05.17 07:12:21.432,1.33648,1.33673,1.50,1.35
2011.05.17 07:12:21.872,1.33648,1.33673,1.50,1.35
2011.05.17 07:12:22.203,1.33657,1.33682,1.50,1.50
2011.05.17 07:12:22.312,1.33659,1.33683,1.50,1.50
2011.05.17 07:12:22.862,1.33662,1.33687,1.50,1.50
2011.05.17 07:12:23.413,1.33658,1.33684,1.50,1.50
2011.05.17 07:12:24.075,1.33662,1.3368,1.35,1.50
2011.05.17 07:12:24.193,1.33662,1.3369,2.10,1.50
2011.05.17 07:12:24.742,1.33666,1.33692,1.50,2.10
2011.05.17 07:12:25.412,1.33666,1.33692,1.50,2.10
2011.05.17 07:12:25.744,1.33665,1.33691,2.25,3.53
2011.05.17 07:12:25.962,1.33665,1.33691,1.50,3.53
2011.05.17 07:12:26.294,1.33662,1.33689,2.85,3.53
2011.05.17 07:12:27.063,1.33661,1.33682,1.50,1.35
2011.05.17 07:12:27.282,1.33659,1.33682,1.50,1.35
2011.05.17 07:12:27.831,1.33659,1.33682,1.50,1.35
2011.05.17 07:12:28.493,1.33659,1.33682,1.50,4.13
2011.05.17 07:12:29.042,1.33657,1.33682,2.25,1.35
2011.05.17 07:12:29.318,1.33657,1.33681,1.50,1.13
2011.05.17 07:12:29.761,1.33654,1.33681,1.50,1.13
2011.05.17 07:12:30.172,1.33654,1.33677,1.50,1.35
2011.05.17 07:12:31.215,1.33654,1.33677,2.25,1.35
2011.05.17 07:12:31.543,1.33654,1.33678,1.50,1.35
2011.05.17 07:12:31.766,1.33653,1.33675,2.25,2.10
2011.05.17 07:12:31.886,1.3365,1.33671,1.50,1.35
2011.05.17 07:12:32.005,1.33646,1.3367,1.50,1.50
2011.05.17 07:12:32.346,1.33643,1.33664,1.50,1.35
2011.05.17 07:12:32.577,1.33645,1.33668,1.35,2.78
2011.05.17 07:12:32.693,1.33646,1.33672,1.50,4.28
2011.05.17 07:12:32.915,1.33659,1.33675,1.50,2.40
2011.05.17 07:12:33.025,1.33661,1.33682,1.50,3.53
2011.05.17 07:12:34.153,1.33661,1.33686,1.50,1.35
2011.05.17 07:12:34.263,1.33661,1.33686,1.50,1.35
2011.05.17 07:12:34.592,1.33665,1.33689,1.50,1.35
2011.05.17 07:12:34.703,1.33667,1.33692,1.13,1.50
2011.05.17 07:12:34.813,1.33673,1.33696,1.50,1.50
2011.05.17 07:12:34.924,1.33673,1.33697,1.50,2.10
2011.05.17 07:12:35.148,1.33673,1.33697,1.50,2.10
2011.05.17 07:12:35.922,1.33673,1.33697,1.50,1.35
2011.05.17 07:12:36.584,1.33674,1.33695,1.50,1.50
2011.05.17 07:12:37.363,1.33674,1.33698,1.50,1.50
2011.05.17 07:12:38.015,1.3367,1.33694,2.40,1.35
2011.05.17 07:12:38.139,1.33669,1.33688,1.50,1.35
2011.05.17 07:12:38.589,1.33664,1.33688,2.25,4.13
2011.05.17 07:12:38.704,1.33667,1.33688,1.50,4.13
2011.05.17 07:12:38.816,1.33664,1.33685,1.50,1.35
2011.05.17 07:12:39.043,1.33663,1.33687,1.50,2.85
2011.05.17 07:12:39.592,1.33663,1.33689,1.50,2.10
2011.05.17 07:12:39.702,1.33663,1.33689,1.50,2.10
2011.05.17 07:12:40.033,1.33663,1.33689,1.50,2.10
2011.05.17 07:12:40.992,1.33663,1.33689,1.50,2.10
2011.05.17 07:12:41.541,1.33663,1.33689,1.50,2.10
2011.05.17 07:12:41.762,1.33665,1.33689,3.53,2.10
2011.05.17 07:12:42.117,1.3367,1.3369,3.53,1.50
2011.05.17 07:12:42.335,1.33668,1.33695,3.53,2.10
2011.05.17 07:12:42.882,1.33667,1.33691,1.50,1.35
2011.05.17 07:12:43.432,1.33667,1.33691,1.50,1.73
2011.05.17 07:12:43.762,1.33667,1.33686,1.50,1.35
2011.05.17 07:12:43.982,1.33663,1.33683,1.50,1.35
2011.05.17 07:12:44.203,1.33664,1.33684,1.50,1.35
2011.05.17 07:12:44.754,1.33663,1.33683,2.25,1.35
2011.05.17 07:12:44.974,1.33664,1.33687,1.50,2.85
2011.05.17 07:12:45.082,1.33664,1.3369,1.50,2.10
2011.05.17 07:12:46.073,1.33664,1.3369,4.28,2.10
2011.05.17 07:12:46.437,1.33664,1.3369,1.50,2.10
2011.05.17 07:12:47.994,1.33668,1.33688,1.50,2.85
2011.05.17 07:12:48.104,1.33668,1.33686,1.50,1.35
2011.05.17 07:12:48.764,1.33664,1.33689,1.50,1.35
2011.05.17 07:12:49.313,1.33665,1.33689,1.50,1.35
2011.05.17 07:12:49.642,1.33665,1.33689,1.50,1.35
2011.05.17 07:12:49.971,1.33666,1.33689,1.50,2.10
2011.05.17 07:12:50.495,1.33668,1.33689,1.50,1.35
2011.05.17 07:12:51.044,1.33669,1.33689,1.50,1.35
2011.05.17 07:12:51.486,1.33673,1.3369,2.25,1.35
2011.05.17 07:12:51.594,1.33676,1.33697,1.50,2.25
2011.05.17 07:12:51.812,1.33675,1.33697,1.50,1.35
2011.05.17 07:12:52.143,1.33678,1.33697,4.28,1.35
2011.05.17 07:12:52.254,1.33679,1.33698,1.50,1.35
2011.05.17 07:12:52.474,1.3368,1.33705,2.10,1.50
2011.05.17 07:12:52.807,1.3368,1.33705,2.25,1.35
2011.05.17 07:12:52.925,1.3368,1.33705,3.90,1.35
2011.05.17 07:12:53.037,1.33684,1.33705,1.50,1.35
2011.05.17 07:12:53.374,1.33675,1.337,2.10,1.13
2011.05.17 07:12:53.484,1.33675,1.33697,3.15,2.10
2011.05.17 07:12:53.755,1.33675,1.33697,3.15,2.10
2011.05.17 07:12:54.323,1.33662,1.33687,3.53,1.35
2011.05.17 07:12:54.434,1.33662,1.33686,3.53,1.50
2011.05.17 07:12:54.762,1.33659,1.33683,1.50,1.35
2011.05.17 07:12:55.313,1.33662,1.33683,1.50,1.35
2011.05.17 07:12:55.424,1.33657,1.33684,1.50,2.25
2011.05.17 07:12:55.643,1.33657,1.33679,1.50,1.50
2011.05.17 07:12:56.193,1.33661,1.33683,2.40,1.50
2011.05.17 07:12:56.303,1.33661,1.33687,2.40,1.35
2011.05.17 07:12:56.413,1.33664,1.3369,3.53,2.10
2011.05.17 07:12:56.961,1.33665,1.3369,3.53,2.10
2011.05.17 07:12:57.922,1.33666,1.3369,3.53,2.10
2011.05.17 07:12:58.032,1.33669,1.3369,1.50,1.35
2011.05.17 07:12:58.496,1.33668,1.3369,3.53,1.35
2011.05.17 07:12:58.725,1.33666,1.3369,1.50,1.35
2011.05.17 07:12:59.383,1.33666,1.3369,1.50,2.10
2011.05.17 07:12:59.715,1.33663,1.33686,1.50,1.35
2011.05.17 07:12:59.936,1.33664,1.3369,1.35,1.50
2011.05.17 07:13:00.053,1.33664,1.33691,1.35,2.78
2011.05.17 07:13:00.494,1.33668,1.33691,1.50,1.88
2011.05.17 07:13:02.244,1.33668,1.33693,1.50,2.25
2011.05.17 07:13:02.463,1.33668,1.33695,1.50,1.35
2011.05.17 07:13:02.682,1.33668,1.33695,1.50,1.35
2011.05.17 07:13:02.902,1.33671,1.33696,1.50,1.35
2011.05.17 07:13:04.863,1.33675,1.33698,1.50,2.10
2011.05.17 07:13:07.033,1.33671,1.33698,4.28,2.10
2011.05.17 07:13:07.558,1.33671,1.33698,1.50,2.10
2011.05.17 07:13:08.335,1.33672,1.33695,1.50,1.35
2011.05.17 07:13:08.641,1.33672,1.33695,1.50,1.35
2011.05.17 07:13:09.195,1.33668,1.33696,4.28,1.35
2011.05.17 07:13:09.303,1.33668,1.33696,4.28,1.35
2011.05.17 07:13:09.746,1.33673,1.33698,4.28,1.50
2011.05.17 07:13:10.083,1.33676,1.33702,3.15,1.35
2011.05.17 07:13:10.523,1.33679,1.33706,1.50,1.50
2011.05.17 07:13:10.742,1.33686,1.3371,1.50,1.35
2011.05.17 07:13:11.312,1.33686,1.3371,1.50,1.35
2011.05.17 07:13:11.862,1.33686,1.3371,1.50,1.35
2011.05.17 07:13:12.522,1.3369,1.33711,1.50,2.10
2011.05.17 07:13:12.987,1.3369,1.33711,1.50,2.10
2011.05.17 07:13:13.104,1.3369,1.33711,1.50,2.10
2011.05.17 07:13:13.216,1.3369,1.33716,1.50,1.73
2011.05.17 07:13:13.556,1.33692,1.33716,3.53,2.10
2011.05.17 07:13:14.292,1.33694,1.33718,1.50,1.35
2011.05.17 07:13:14.409,1.33694,1.33718,1.50,1.35
2011.05.17 07:13:14.963,1.33694,1.33716,1.50,1.35
2011.05.17 07:13:16.263,1.33694,1.33717,1.50,1.35
2011.05.17 07:13:16.705,1.33694,1.33716,1.50,1.35
2011.05.17 07:13:16.813,1.33694,1.33713,1.50,2.10
2011.05.17 07:13:17.033,1.33688,1.33712,1.50,1.35
2011.05.17 07:13:17.253,1.33688,1.33713,1.50,2.85
2011.05.17 07:13:17.742,1.33686,1.3371,4.28,1.35
2011.05.17 07:13:18.064,1.33685,1.33711,1.50,2.10
2011.05.17 07:13:18.503,1.33683,1.33704,3.53,2.48
2011.05.17 07:13:18.723,1.33684,1.33709,2.78,1.35
2011.05.17 07:13:18.834,1.3368,1.33707,3.90,2.85
2011.05.17 07:13:19.053,1.3368,1.33707,1.50,2.10
2011.05.17 07:13:19.272,1.33685,1.33707,1.50,2.85
2011.05.17 07:13:19.603,1.33682,1.33706,3.53,1.73
2011.05.17 07:13:20.152,1.3368,1.33706,1.50,1.35
2011.05.17 07:13:20.724,1.3368,1.33706,1.50,2.10
2011.05.17 07:13:21.163,1.3368,1.33703,1.50,1.35
2011.05.17 07:13:21.712,1.33676,1.33702,1.50,1.50
2011.05.17 07:13:22.395,1.33676,1.33702,1.50,1.50
2011.05.17 07:13:22.515,1.33685,1.33705,1.50,1.50
2011.05.17 07:13:22.746,1.33687,1.33711,1.50,3.75
2011.05.17 07:13:23.192,1.33687,1.3371,1.50,1.35
2011.05.17 07:13:23.568,1.33687,1.33711,1.50,1.13
2011.05.17 07:13:24.125,1.33684,1.33708,1.50,1.13
2011.05.17 07:13:24.457,1.33684,1.33699,1.50,2.48
2011.05.17 07:13:24.720,1.33677,1.33695,4.28,2.10
2011.05.17 07:13:24.841,1.33675,1.33693,2.78,2.10
2011.05.17 07:13:25.066,1.33673,1.33695,3.53,2.25
2011.05.17 07:13:25.284,1.33682,1.33698,2.78,2.10
2011.05.17 07:13:25.613,1.33676,1.33698,5.93,2.10
2011.05.17 07:13:25.723,1.33676,1.33698,2.40,2.10
2011.05.17 07:13:26.493,1.33676,1.33698,1.50,2.10
2011.05.17 07:13:26.604,1.33677,1.33701,2.78,1.50
2011.05.17 07:13:26.715,1.33679,1.33705,1.50,1.35
2011.05.17 07:13:26.825,1.33678,1.33706,1.50,2.10
2011.05.17 07:13:27.152,1.33681,1.33706,1.50,2.10
2011.05.17 07:13:27.612,1.33683,1.33702,1.50,1.35
2011.05.17 07:13:27.725,1.33679,1.33705,1.50,1.35
2011.05.17 07:13:28.064,1.33681,1.33705,1.50,1.35
2011.05.17 07:13:29.162,1.33683,1.33705,1.50,1.35
2011.05.17 07:13:29.495,1.33687,1.33706,4.28,2.10
2011.05.17 07:13:30.051,1.33685,1.33706,1.50,2.10
2011.05.17 07:13:31.265,1.33685,1.33705,1.50,1.35
2011.05.17 07:13:33.264,1.33682,1.33702,2.25,1.35
2011.05.17 07:13:33.813,1.33683,1.33703,1.50,1.35
2011.05.17 07:13:34.474,1.33685,1.33705,1.50,1.35
2011.05.17 07:13:35.303,1.33686,1.33707,3.53,2.10
2011.05.17 07:13:36.080,1.33685,1.33706,1.50,1.35
2011.05.17 07:13:36.195,1.33682,1.33703,1.50,1.35
2011.05.17 07:13:36.525,1.33682,1.33699,2.25,1.50
2011.05.17 07:13:36.742,1.33683,1.33701,1.50,1.50
2011.05.17 07:13:37.292,1.33683,1.337,1.50,1.50
2011.05.17 07:13:39.002,1.33683,1.33702,1.50,1.50
2011.05.17 07:13:40.082,1.33684,1.33703,1.50,2.10
2011.05.17 07:13:40.522,1.33685,1.33703,1.50,1.35
2011.05.17 07:13:40.851,1.33685,1.33702,1.50,1.50
2011.05.17 07:13:41.672,1.33685,1.33702,1.50,1.50
2011.05.17 07:13:42.253,1.33684,1.33703,1.50,2.10
2011.05.17 07:13:43.241,1.33682,1.33701,2.25,1.50
2011.05.17 07:13:43.462,1.33682,1.33699,2.25,1.50
2011.05.17 07:13:43.794,1.33692,1.33707,1.50,2.10
2011.05.17 07:13:44.012,1.33692,1.33714,1.50,1.35
2011.05.17 07:13:44.122,1.33692,1.33713,1.50,1.35
2011.05.17 07:13:44.341,1.33692,1.3371,1.50,1.50
2011.05.17 07:13:44.452,1.33692,1.33713,1.50,2.10
2011.05.17 07:13:45.693,1.3369,1.33713,1.50,2.10
2011.05.17 07:13:45.804,1.3369,1.33711,3.53,1.50
2011.05.17 07:13:46.351,1.33688,1.33708,3.53,1.50
2011.05.17 07:13:46.845,1.33691,1.33709,1.35,1.50
2011.05.17 07:13:47.184,1.33693,1.33717,2.10,1.50
2011.05.17 07:13:47.528,1.33701,1.33717,2.40,1.50
2011.05.17 07:13:47.756,1.33705,1.33723,1.50,1.50
2011.05.17 07:13:47.985,1.33707,1.33726,1.50,1.50
2011.05.17 07:13:48.313,1.33697,1.33709,1.50,1.35
2011.05.17 07:13:48.533,1.33696,1.33712,1.50,2.10
2011.05.17 07:13:48.644,1.33691,1.33712,3.53,2.85
2011.05.17 07:13:48.754,1.33691,1.33704,3.53,2.10
2011.05.17 07:13:48.862,1.33691,1.33704,3.53,2.10
2011.05.17 07:13:49.083,1.3368,1.33701,1.50,1.35
2011.05.17 07:13:49.194,1.33676,1.33701,3.53,1.35
2011.05.17 07:13:49.962,1.33677,1.33696,3.53,2.10
2011.05.17 07:13:50.087,1.33676,1.33699,3.53,1.35
2011.05.17 07:13:50.205,1.3368,1.33699,2.78,1.35
2011.05.17 07:13:50.535,1.33674,1.33687,2.78,1.35
2011.05.17 07:13:50.656,1.3366,1.33685,2.63,2.85
2011.05.17 07:13:50.884,1.33654,1.3368,2.25,1.50
2011.05.17 07:13:50.992,1.33653,1.33677,2.25,1.35
2011.05.17 07:13:51.436,1.3366,1.3368,5.25,1.50
2011.05.17 07:13:51.775,1.33669,1.33686,2.40,1.73
2011.05.17 07:13:51.992,1.33658,1.33682,1.50,1.13
2011.05.17 07:13:52.214,1.33662,1.33686,2.78,1.35
2011.05.17 07:13:52.764,1.33662,1.33688,4.28,1.13
2011.05.17 07:13:53.315,1.33662,1.33689,4.28,1.50
2011.05.17 07:13:54.250,1.33661,1.33688,3.15,1.50
2011.05.17 07:13:54.474,1.33664,1.33687,2.78,1.50
2011.05.17 07:13:55.024,1.33663,1.33686,3.53,1.50
2011.05.17 07:13:55.795,1.33663,1.33685,3.53,1.35
2011.05.17 07:13:56.122,1.3366,1.33682,1.50,1.73
2011.05.17 07:13:56.236,1.33657,1.33682,1.50,1.35
2011.05.17 07:13:56.355,1.33669,1.33684,2.78,1.50
2011.05.17 07:13:56.576,1.33665,1.3369,1.35,1.50
2011.05.17 07:13:56.806,1.33666,1.3369,2.78,1.50
2011.05.17 07:13:57.253,1.33666,1.33694,2.78,1.88
2011.05.17 07:13:57.558,1.3367,1.33693,1.50,1.50
2011.05.17 07:13:58.025,1.33673,1.33695,1.50,1.13
2011.05.17 07:13:58.143,1.33673,1.33697,2.25,2.78
2011.05.17 07:13:58.362,1.33673,1.337,1.50,3.15
2011.05.17 07:13:58.584,1.33676,1.33702,3.53,1.35
2011.05.17 07:13:59.242,1.33679,1.33704,1.50,1.50
2011.05.17 07:13:59.884,1.33679,1.33704,1.50,1.50
2011.05.17 07:14:00.459,1.33678,1.33703,1.50,1.35
2011.05.17 07:14:00.576,1.33677,1.33696,2.40,2.48
2011.05.17 07:14:00.694,1.33669,1.33692,5.03,1.35
2011.05.17 07:14:00.915,1.3367,1.33699,2.48,1.50
2011.05.17 07:14:01.137,1.33674,1.33692,1.50,2.10
2011.05.17 07:14:01.516,1.33668,1.33694,1.50,1.50
2011.05.17 07:14:01.742,1.33668,1.33694,1.50,1.50
2011.05.17 07:14:02.183,1.33672,1.337,1.50,1.88
2011.05.17 07:14:02.513,1.33673,1.337,1.50,1.88
2011.05.17 07:14:02.732,1.33675,1.337,1.50,1.13
2011.05.17 07:14:02.952,1.33675,1.337,1.50,1.13
2011.05.17 07:14:03.504,1.33674,1.337,1.50,1.13
2011.05.17 07:14:04.383,1.33671,1.33698,1.35,1.88
2011.05.17 07:14:04.898,1.33674,1.33698,2.78,1.50
2011.05.17 07:14:05.015,1.33677,1.33698,1.65,1.50
2011.05.17 07:14:05.346,1.3368,1.33704,2.78,2.48
2011.05.17 07:14:05.463,1.33676,1.33704,3.53,2.48
2011.05.17 07:14:05.687,1.33673,1.33698,2.78,1.50
2011.05.17 07:14:05.804,1.3367,1.33698,5.78,1.50
2011.05.17 07:14:07.650,1.33671,1.33698,1.65,1.50
2011.05.17 07:14:07.763,1.33684,1.33698,1.13,1.50
2011.05.17 07:14:08.094,1.33693,1.33715,1.50,1.13
2011.05.17 07:14:08.204,1.33691,1.33715,1.35,1.13
2011.05.17 07:14:08.314,1.33689,1.33716,3.38,1.88
2011.05.17 07:14:08.642,1.33691,1.33716,2.10,1.13
2011.05.17 07:14:08.752,1.33691,1.33716,2.10,1.13
2011.05.17 07:14:09.089,1.33696,1.33718,1.35,1.50
2011.05.17 07:14:09.427,1.337,1.33722,2.10,4.28
2011.05.17 07:14:10.423,1.33701,1.33727,1.35,4.28
2011.05.17 07:14:11.083,1.33702,1.33722,1.35,3.53
2011.05.17 07:14:11.195,1.33696,1.33722,1.50,3.53
2011.05.17 07:14:11.307,1.33699,1.33724,1.35,1.50
2011.05.17 07:14:11.974,1.33701,1.33725,1.35,1.50
2011.05.17 07:14:12.301,1.33701,1.33725,1.35,1.50
2011.05.17 07:14:12.733,1.33699,1.33725,1.50,1.88
2011.05.17 07:14:12.849,1.33697,1.33723,2.10,1.50
2011.05.17 07:14:12.966,1.33697,1.33723,1.35,1.50
2011.05.17 07:14:13.193,1.33697,1.33723,1.35,1.50
2011.05.17 07:14:13.413,1.33697,1.33723,1.35,1.50
2011.05.17 07:14:13.525,1.33698,1.33723,1.13,1.50
2011.05.17 07:14:13.855,1.33703,1.33729,1.65,4.13
2011.05.17 07:14:14.304,1.33703,1.33727,2.78,1.13
2011.05.17 07:14:14.416,1.33703,1.33727,2.78,1.13
2011.05.17 07:14:15.083,1.33701,1.33727,3.38,1.13
2011.05.17 07:14:16.462,1.337,1.33728,1.35,1.50
2011.05.17 07:14:16.893,1.33698,1.33726,1.50,4.13
2011.05.17 07:14:17.011,1.33696,1.33725,3.00,1.50
2011.05.17 07:14:17.233,1.33697,1.33726,3.53,1.35
2011.05.17 07:14:17.454,1.33698,1.33726,3.53,1.35
2011.05.17 07:14:18.012,1.33702,1.33728,1.35,1.50
2011.05.17 07:14:18.567,1.33696,1.3372,5.93,1.50
2011.05.17 07:14:18.683,1.33694,1.3372,1.35,1.50
2011.05.17 07:14:19.124,1.3369,1.33716,1.35,1.50
2011.05.17 07:14:19.233,1.33689,1.33713,1.35,1.50
2011.05.17 07:14:19.344,1.33691,1.33713,2.10,1.50
2011.05.17 07:14:19.568,1.33694,1.33719,1.35,1.50
2011.05.17 07:14:19.684,1.33697,1.33719,2.10,1.50
2011.05.17 07:14:20.123,1.33697,1.33722,2.10,1.50
2011.05.17 07:14:21.082,1.33698,1.33722,1.35,1.50
2011.05.17 07:14:21.303,1.33696,1.33722,3.15,1.50
2011.05.17 07:14:21.595,1.33696,1.33722,1.50,1.50
2011.05.17 07:14:21.712,1.33698,1.33722,1.35,1.50
2011.05.17 07:14:21.826,1.33698,1.33723,1.35,1.50
2011.05.17 07:14:22.276,1.33697,1.33718,2.10,1.50
2011.05.17 07:14:22.504,1.33699,1.33724,2.25,1.50
2011.05.17 07:14:22.615,1.33699,1.33724,2.25,1.50
2011.05.17 07:14:23.162,1.33699,1.33724,2.25,1.50
2011.05.17 07:14:24.514,1.337,1.33723,2.10,1.13
2011.05.17 07:14:24.626,1.33699,1.3372,1.65,1.50
2011.05.17 07:14:24.744,1.33698,1.3372,3.75,1.50
2011.05.17 07:14:24.964,1.33701,1.33722,1.35,1.50
2011.05.17 07:14:25.293,1.33701,1.33723,2.25,1.50
2011.05.17 07:14:25.952,1.33702,1.33723,3.38,1.50
2011.05.17 07:14:28.112,1.33702,1.33726,3.38,1.50
2011.05.17 07:14:28.553,1.33706,1.33726,2.10,1.50
2011.05.17 07:14:28.663,1.33708,1.33734,3.38,1.50
2011.05.17 07:14:28.773,1.33713,1.33734,2.10,1.50
2011.05.17 07:14:28.993,1.33713,1.33733,2.10,1.50
2011.05.17 07:14:30.456,1.33714,1.33738,1.35,1.50
2011.05.17 07:14:30.805,1.33714,1.33738,2.40,1.50
2011.05.17 07:14:30.913,1.33711,1.33738,1.50,1.50
2011.05.17 07:14:32.031,1.33711,1.33738,1.50,1.50
2011.05.17 07:14:32.693,1.3371,1.33737,3.53,1.13
2011.05.17 07:14:32.808,1.33709,1.33737,2.10,1.13
2011.05.17 07:14:33.791,1.33709,1.33737,2.10,1.88
2011.05.17 07:14:34.124,1.33709,1.33735,2.10,1.50
2011.05.17 07:14:34.451,1.33709,1.33735,2.10,1.50
2011.05.17 07:14:35.113,1.33711,1.33735,3.53,1.50
2011.05.17 07:14:35.443,1.33712,1.33735,2.10,1.50
2011.05.17 07:14:36.102,1.33712,1.33735,2.10,1.50
2011.05.17 07:14:36.704,1.3371,1.33735,1.35,1.50
2011.05.17 07:14:37.363,1.3371,1.33735,1.35,1.50
2011.05.17 07:14:37.473,1.3371,1.33735,1.35,1.50
2011.05.17 07:14:38.115,1.3371,1.33725,1.35,1.50
2011.05.17 07:14:38.445,1.33704,1.33718,2.78,1.13
2011.05.17 07:14:38.555,1.33691,1.33717,1.50,1.13
2011.05.17 07:14:38.665,1.33691,1.33717,1.50,1.13
2011.05.17 07:14:38.774,1.33693,1.3372,1.35,1.50
2011.05.17 07:14:39.025,1.33693,1.33722,2.10,1.50
2011.05.17 07:14:39.149,1.33702,1.33723,3.38,1.50
2011.05.17 07:14:39.704,1.33701,1.33723,4.88,1.50
2011.05.17 07:14:40.474,1.33703,1.33728,1.35,1.50
2011.05.17 07:14:40.804,1.33706,1.33732,1.50,1.50
2011.05.17 07:14:41.492,1.33706,1.33731,1.50,1.13
2011.05.17 07:14:44.033,1.33701,1.33728,1.50,3.38
2011.05.17 07:14:44.143,1.33701,1.33728,1.50,4.13
2011.05.17 07:14:44.471,1.33701,1.33727,1.50,3.53
2011.05.17 07:14:46.304,1.33698,1.33725,1.50,1.50
2011.05.17 07:14:46.412,1.33698,1.33723,1.50,1.50
2011.05.17 07:14:46.522,1.33697,1.33723,1.50,1.50
2011.05.17 07:14:47.524,1.33697,1.33723,2.25,1.50
2011.05.17 07:14:47.745,1.33697,1.33722,1.50,1.13
2011.05.17 07:14:47.964,1.33697,1.33724,1.50,3.90
2011.05.17 07:14:48.294,1.33699,1.33725,3.15,1.50
2011.05.17 07:14:48.627,1.33699,1.33723,1.50,1.50
2011.05.17 07:14:48.962,1.33697,1.33723,2.25,1.50
2011.05.17 07:14:49.182,1.33698,1.33723,1.50,1.50
2011.05.17 07:14:49.402,1.33697,1.33723,1.50,1.50
2011.05.17 07:14:49.634,1.33697,1.33723,2.25,1.50
2011.05.17 07:14:49.962,1.33699,1.33723,2.85,1.50
2011.05.17 07:14:50.323,1.33703,1.33723,1.35,1.50
2011.05.17 07:14:50.658,1.33704,1.33724,1.73,1.50
2011.05.17 07:14:50.778,1.33709,1.33731,1.50,1.50
2011.05.17 07:14:51.111,1.33708,1.33733,2.40,4.28
2011.05.17 07:14:51.225,1.33714,1.33733,1.35,2.78
2011.05.17 07:14:51.772,1.33714,1.33739,1.35,1.50
2011.05.17 07:14:52.542,1.33714,1.33739,1.35,1.50
2011.05.17 07:14:52.871,1.33714,1.33739,1.35,1.50
2011.05.17 07:14:53.423,1.33715,1.33739,1.50,1.50
2011.05.17 07:14:53.863,1.33714,1.33739,1.35,1.50
2011.05.17 07:14:55.412,1.33714,1.33739,1.35,1.50
2011.05.17 07:14:56.735,1.33714,1.33739,1.35,1.50
2011.05.17 07:14:57.366,1.33714,1.33739,1.35,1.50
2011.05.17 07:14:57.902,1.33713,1.33737,1.50,4.13
2011.05.17 07:14:58.014,1.33711,1.33737,1.50,4.88
2011.05.17 07:14:59.274,1.33714,1.33738,1.35,1.50
2011.05.17 07:14:59.383,1.33714,1.3374,2.10,1.50
2011.05.17 07:14:59.495,1.33715,1.33744,4.88,1.50
2011.05.17 07:15:00.046,1.3373,1.33746,1.35,1.13
2011.05.17 07:15:00.384,1.33723,1.33743,1.50,2.40
2011.05.17 07:15:00.494,1.33721,1.33742,1.13,1.50
2011.05.17 07:15:00.605,1.33725,1.33742,2.10,1.13
2011.05.17 07:15:00.715,1.33727,1.33747,2.40,1.50
2011.05.17 07:15:00.824,1.33722,1.33747,1.35,1.50
2011.05.17 07:15:01.044,1.3372,1.33748,1.50,2.48
2011.05.17 07:15:01.265,1.33731,1.33751,1.35,1.50
2011.05.17 07:15:01.373,1.33731,1.33751,1.35,1.50
2011.05.17 07:15:01.756,1.33719,1.33745,3.53,1.50
2011.05.17 07:15:01.875,1.33723,1.33748,2.10,1.50
2011.05.17 07:15:02.093,1.33717,1.33747,2.85,4.28
2011.05.17 07:15:02.315,1.33717,1.33743,2.85,3.53
2011.05.17 07:15:02.863,1.33717,1.33741,2.10,1.50
2011.05.17 07:15:02.973,1.33716,1.33741,1.50,1.50
2011.05.17 07:15:03.082,1.33716,1.33741,1.50,1.50
2011.05.17 07:15:03.412,1.33714,1.33741,1.50,1.50
2011.05.17 07:15:03.522,1.33714,1.33736,1.50,1.13
2011.05.17 07:15:04.182,1.33716,1.33743,1.50,2.10
2011.05.17 07:15:04.513,1.33728,1.33743,2.25,2.10
2011.05.17 07:15:05.173,1.33718,1.33737,1.56,1.13
2011.05.17 07:15:05.394,1.33711,1.33737,4.13,1.50
2011.05.17 07:15:05.503,1.33713,1.33737,1.35,1.50
2011.05.17 07:15:05.942,1.33713,1.33737,1.35,1.50
2011.05.17 07:15:06.591,1.33713,1.33737,1.35,1.50
2011.05.17 07:15:07.227,1.33713,1.33737,1.35,1.50
2011.05.17 07:15:07.782,1.33713,1.33737,1.35,1.50
2011.05.17 07:15:08.609,1.33713,1.33737,1.35,1.50
2011.05.17 07:15:08.943,1.33713,1.33733,1.35,1.50
2011.05.17 07:15:09.582,1.33713,1.33733,1.35,1.50
2011.05.17 07:15:09.801,1.33713,1.33733,1.35,1.50
2011.05.17 07:15:10.352,1.33713,1.33733,1.35,1.50
2011.05.17 07:15:10.573,1.33707,1.33733,1.50,1.50
2011.05.17 07:15:11.123,1.33707,1.33733,1.50,1.50
2011.05.17 07:15:11.562,1.33709,1.33734,2.40,2.25
2011.05.17 07:15:12.399,1.33703,1.33731,2.25,2.25
2011.05.17 07:15:16.111,1.33704,1.33731,1.50,1.50
2011.05.17 07:15:16.553,1.33719,1.33736,1.65,1.50
2011.05.17 07:15:16.663,1.33719,1.33736,1.65,1.50
2011.05.17 07:15:17.434,1.33718,1.33739,1.65,1.35
2011.05.17 07:15:17.544,1.33718,1.33743,1.65,2.25
2011.05.17 07:15:17.653,1.33718,1.33743,1.65,1.50
2011.05.17 07:15:18.201,1.33718,1.33744,1.65,1.50
2011.05.17 07:15:18.641,1.33719,1.3374,1.65,1.35
2011.05.17 07:15:18.757,1.33719,1.33737,1.65,1.13
2011.05.17 07:15:18.984,1.33719,1.33737,1.65,1.50
2011.05.17 07:15:19.095,1.33718,1.33738,1.65,1.35
2011.05.17 07:15:19.424,1.33719,1.33734,1.65,1.13
2011.05.17 07:15:19.533,1.33719,1.3373,1.65,2.78
2011.05.17 07:15:20.525,1.33719,1.33735,1.65,4.28
2011.05.17 07:15:20.633,1.33719,1.33735,1.65,4.28
2011.05.17 07:15:20.962,1.33719,1.33731,1.65,3.15
2011.05.17 07:15:21.072,1.33719,1.33731,1.65,3.15
2011.05.17 07:15:21.405,1.33718,1.3373,1.65,1.73
2011.05.17 07:15:21.735,1.33703,1.33726,1.50,3.90
2011.05.17 07:15:21.844,1.33701,1.33724,1.50,3.53
2011.05.17 07:15:22.065,1.33699,1.33724,1.50,1.88
2011.05.17 07:15:22.714,1.33701,1.33726,1.50,1.50
2011.05.17 07:15:23.262,1.33701,1.33727,1.50,1.50
2011.05.17 07:15:24.483,1.33701,1.33725,1.50,1.50
2011.05.17 07:15:24.813,1.33701,1.33728,4.28,1.50
2011.05.17 07:15:25.033,1.33701,1.33728,4.28,1.50
2011.05.17 07:15:25.693,1.33701,1.33728,1.50,1.50
2011.05.17 07:15:26.132,1.33701,1.33728,1.50,1.88
2011.05.17 07:15:26.353,1.33701,1.33728,1.50,1.88
2011.05.17 07:15:26.573,1.337,1.33728,4.28,1.88
2011.05.17 07:15:27.123,1.33701,1.33728,1.50,1.88
2011.05.17 07:15:27.454,1.33701,1.33728,1.50,1.88
2011.05.17 07:15:27.823,1.33701,1.33728,1.50,1.88
2011.05.17 07:15:29.593,1.33701,1.33728,1.50,1.88
2011.05.17 07:15:30.272,1.33701,1.33728,4.28,1.50
2011.05.17 07:15:31.252,1.33704,1.33729,1.35,1.50
2011.05.17 07:15:31.471,1.33705,1.3373,1.50,1.50
2011.05.17 07:15:32.023,1.33705,1.33732,1.50,1.50
2011.05.17 07:15:32.464,1.33708,1.33732,1.50,3.53
2011.05.17 07:15:32.576,1.33703,1.33729,1.50,2.10
2011.05.17 07:15:32.914,1.33705,1.3373,1.35,3.53
2011.05.17 07:15:33.354,1.33705,1.33729,1.35,1.50
2011.05.17 07:15:33.924,1.33705,1.33731,1.35,2.25
2011.05.17 07:15:34.144,1.33705,1.33729,1.35,1.50
2011.05.17 07:15:34.477,1.33701,1.33726,2.40,1.50
2011.05.17 07:15:34.815,1.33699,1.33724,1.35,1.50
2011.05.17 07:15:35.032,1.33699,1.33724,1.35,1.50
2011.05.17 07:15:35.253,1.33699,1.33721,1.35,1.50
2011.05.17 07:15:35.695,1.33699,1.33722,1.35,1.50
2011.05.17 07:15:35.915,1.33702,1.33725,1.50,1.13
2011.05.17 07:15:36.134,1.33702,1.33727,1.50,3.53
2011.05.17 07:15:36.464,1.33708,1.33729,1.35,1.50
2011.05.17 07:15:36.684,1.33709,1.33731,1.35,1.50
2011.05.17 07:15:38.393,1.33701,1.33728,1.50,1.50
2011.05.17 07:15:38.502,1.33701,1.33727,1.50,1.50
2011.05.17 07:15:39.052,1.33701,1.33728,2.25,2.25
2011.05.17 07:15:39.603,1.33705,1.33731,2.10,1.50
2011.05.17 07:15:40.152,1.33705,1.33731,2.10,2.25
2011.05.17 07:15:40.593,1.33705,1.33729,1.50,1.50
2011.05.17 07:15:41.447,1.33715,1.33731,2.85,1.50
2011.05.17 07:15:41.785,1.33712,1.33736,3.15,1.35
2011.05.17 07:15:42.204,1.33712,1.33736,1.50,1.35
2011.05.17 07:15:42.326,1.33709,1.33736,1.50,1.35
2011.05.17 07:15:44.433,1.3371,1.33736,1.35,1.50
2011.05.17 07:15:44.665,1.3371,1.33736,1.35,1.50
2011.05.17 07:15:44.883,1.3371,1.33736,1.35,1.50
2011.05.17 07:15:45.119,1.3371,1.33736,2.10,1.50
2011.05.17 07:15:45.454,1.33715,1.33736,2.10,1.50
2011.05.17 07:15:45.566,1.3372,1.33739,1.50,4.28
2011.05.17 07:15:45.795,1.3372,1.33742,1.50,2.40
2011.05.17 07:15:46.014,1.33719,1.33745,2.10,3.53
2011.05.17 07:15:46.235,1.33719,1.33744,2.10,1.50
2011.05.17 07:15:46.563,1.33725,1.33748,1.50,1.13
2011.05.17 07:15:47.135,1.33725,1.33749,1.50,1.35
2011.05.17 07:15:47.258,1.33725,1.33749,1.50,1.35
2011.05.17 07:15:47.704,1.33723,1.33745,1.50,1.50
2011.05.17 07:15:48.313,1.33719,1.33744,2.10,3.53
2011.05.17 07:15:48.642,1.33719,1.33744,2.10,3.53
2011.05.17 07:15:48.972,1.33719,1.33744,2.10,3.53
2011.05.17 07:15:49.876,1.33719,1.33744,1.35,3.53
2011.05.17 07:15:50.434,1.33716,1.33741,1.50,3.53
2011.05.17 07:15:50.695,1.33716,1.33741,1.50,3.53
2011.05.17 07:15:51.025,1.33718,1.3374,1.35,2.78
2011.05.17 07:15:51.462,1.33718,1.33742,1.35,1.50
2011.05.17 07:15:52.343,1.33718,1.33742,1.35,3.53
2011.05.17 07:15:52.561,1.33718,1.33742,1.35,1.50
2011.05.17 07:15:53.113,1.33718,1.33741,1.35,2.78
2011.05.17 07:15:53.663,1.33716,1.33741,1.50,3.53
2011.05.17 07:15:54.212,1.33716,1.33741,1.50,3.53
2011.05.17 07:15:54.763,1.33716,1.33741,1.50,3.53
2011.05.17 07:15:54.872,1.33719,1.33741,1.35,3.53
2011.05.17 07:15:55.204,1.3372,1.33744,1.35,1.50
2011.05.17 07:15:55.421,1.33718,1.33742,1.35,1.50
2011.05.17 07:15:56.937,1.3372,1.33748,3.75,2.78
2011.05.17 07:15:57.166,1.33724,1.33746,1.50,2.78
2011.05.17 07:15:57.394,1.33724,1.33752,3.15,2.10
2011.05.17 07:15:57.506,1.33724,1.33753,3.75,1.50
2011.05.17 07:15:57.843,1.33725,1.33749,1.50,1.35
2011.05.17 07:15:57.952,1.33725,1.33749,1.50,1.35
2011.05.17 07:15:58.064,1.33722,1.33749,2.25,1.35
2011.05.17 07:15:58.173,1.33728,1.33749,2.78,1.35
2011.05.17 07:15:58.392,1.33722,1.33749,5.03,1.35
2011.05.17 07:15:59.414,1.33725,1.33752,1.50,1.35
2011.05.17 07:15:59.741,1.33727,1.33754,2.25,1.50
2011.05.17 07:16:00.372,1.33729,1.33754,3.53,1.50
2011.05.17 07:16:00.483,1.33729,1.33753,3.53,1.50
2011.05.17 07:16:00.718,1.33729,1.33753,3.53,1.50
2011.05.17 07:16:00.942,1.33729,1.33753,3.53,1.50
2011.05.17 07:16:01.383,1.33729,1.33753,3.53,1.50
2011.05.17 07:16:01.715,1.33729,1.33754,3.53,1.50
2011.05.17 07:16:02.154,1.33732,1.33756,3.15,1.50
2011.05.17 07:16:02.266,1.33735,1.33756,1.50,1.50
2011.05.17 07:16:02.604,1.33743,1.33764,1.50,1.73
2011.05.17 07:16:03.264,1.33744,1.33765,1.50,3.53
2011.05.17 07:16:03.924,1.33744,1.3377,1.50,1.50
2011.05.17 07:16:04.473,1.33746,1.3377,1.35,1.50
2011.05.17 07:16:04.803,1.33748,1.3377,1.65,1.50
2011.05.17 07:16:05.863,1.33748,1.33773,2.40,1.50
2011.05.17 07:16:06.082,1.33748,1.33773,2.40,1.50
2011.05.17 07:16:07.743,1.33748,1.33773,2.40,1.50
2011.05.17 07:16:08.293,1.33749,1.33774,2.40,1.50
2011.05.17 07:16:08.403,1.33751,1.33774,1.65,1.50
2011.05.17 07:16:08.733,1.3375,1.33776,1.50,1.35
2011.05.17 07:16:08.953,1.33754,1.33776,1.65,1.35
2011.05.17 07:16:09.933,1.33754,1.33774,1.65,3.53
2011.05.17 07:16:10.153,1.33749,1.33773,2.25,3.53
2011.05.17 07:16:10.373,1.33748,1.33774,1.50,1.50
2011.05.17 07:16:10.483,1.33747,1.33771,2.40,5.63
2011.05.17 07:16:10.813,1.33747,1.33774,2.40,2.10
2011.05.17 07:16:11.643,1.33747,1.33774,2.40,2.10
2011.05.17 07:16:12.273,1.33748,1.33774,1.50,2.10
2011.05.17 07:16:12.607,1.33748,1.33774,1.50,2.48
2011.05.17 07:16:12.947,1.33743,1.33766,1.50,1.35
2011.05.17 07:16:13.063,1.3374,1.33768,1.50,4.13
2011.05.17 07:16:13.175,1.3374,1.33768,1.50,4.88
2011.05.17 07:16:13.283,1.3374,1.33765,1.50,2.78
2011.05.17 07:16:14.112,1.33742,1.33768,1.50,4.88
2011.05.17 07:16:14.991,1.33741,1.33766,1.50,1.35
2011.05.17 07:16:15.552,1.33742,1.33768,2.40,1.35
2011.05.17 07:16:16.103,1.33743,1.33766,2.40,1.35
2011.05.17 07:16:16.542,1.33744,1.33768,1.50,1.50
2011.05.17 07:16:16.763,1.33742,1.33768,2.10,1.50
2011.05.17 07:16:17.312,1.33744,1.33768,1.50,1.50
2011.05.17 07:16:18.042,1.33744,1.33768,1.50,1.50
2011.05.17 07:16:18.583,1.33744,1.33768,1.50,1.50
2011.05.17 07:16:19.876,1.33744,1.33768,1.50,1.50
2011.05.17 07:16:21.102,1.33746,1.33771,1.50,1.50
2011.05.17 07:16:21.433,1.33745,1.33769,1.50,1.13
2011.05.17 07:16:21.542,1.33742,1.33768,2.10,1.50
2011.05.17 07:16:21.982,1.33742,1.33766,2.10,1.13
2011.05.17 07:16:22.203,1.33741,1.33764,1.50,3.53
2011.05.17 07:16:22.422,1.33739,1.33764,1.50,3.53
2011.05.17 07:16:22.764,1.33736,1.33758,1.35,1.13
2011.05.17 07:16:22.873,1.33736,1.33757,1.35,3.53
2011.05.17 07:16:23.421,1.33736,1.33758,1.35,1.13
2011.05.17 07:16:24.203,1.33735,1.33758,1.50,1.13
2011.05.17 07:16:24.841,1.33736,1.33758,1.50,1.13
2011.05.17 07:16:25.423,1.33736,1.33759,1.50,3.53
2011.05.17 07:16:25.753,1.33736,1.33762,1.50,2.10
2011.05.17 07:16:26.534,1.33735,1.33761,2.25,1.13
2011.05.17 07:16:33.343,1.33735,1.33762,1.50,2.10
2011.05.17 07:16:33.453,1.33732,1.33758,1.50,1.50
2011.05.17 07:16:34.008,1.33732,1.33758,1.50,1.50
2011.05.17 07:16:34.125,1.33733,1.3376,3.53,2.25
2011.05.17 07:16:34.673,1.33732,1.33759,1.50,1.50
2011.05.17 07:16:34.893,1.33732,1.33759,1.50,1.50
2011.05.17 07:16:35.461,1.33733,1.33758,3.53,1.50
2011.05.17 07:16:35.572,1.33733,1.33758,3.53,1.50
2011.05.17 07:16:36.153,1.33731,1.33758,1.50,1.50
2011.05.17 07:16:39.493,1.33732,1.33758,1.50,1.50
2011.05.17 07:16:40.045,1.33731,1.33758,1.50,1.50
2011.05.17 07:16:40.264,1.33732,1.33758,1.35,1.50
2011.05.17 07:16:40.815,1.33734,1.33758,1.35,3.53
2011.05.17 07:16:41.492,1.33734,1.33758,1.35,4.28
2011.05.17 07:16:42.794,1.33735,1.3376,1.50,1.50
2011.05.17 07:16:43.125,1.33737,1.33761,2.40,1.50
2011.05.17 07:16:43.344,1.33735,1.33761,1.50,1.50
2011.05.17 07:16:44.144,1.33735,1.33761,1.50,1.50
2011.05.17 07:16:44.362,1.33735,1.33761,1.50,1.50
2011.05.17 07:16:45.723,1.33735,1.33761,1.50,1.50
2011.05.17 07:16:46.053,1.33741,1.33765,1.35,1.50
2011.05.17 07:16:46.381,1.33739,1.33765,2.10,4.28
2011.05.17 07:16:46.713,1.33737,1.33759,2.10,1.50
2011.05.17 07:16:46.825,1.33733,1.33758,1.50,1.13
2011.05.17 07:16:46.933,1.33733,1.33758,1.50,1.13
2011.05.17 07:16:47.482,1.33733,1.33758,1.50,1.13
2011.05.17 07:16:50.186,1.33733,1.33759,1.50,1.50
2011.05.17 07:16:50.306,1.33733,1.33761,1.50,1.50
2011.05.17 07:16:50.643,1.33736,1.33762,1.35,1.88
2011.05.17 07:16:50.864,1.33735,1.33756,1.35,1.50
2011.05.17 07:16:51.193,1.3373,1.33756,1.50,1.50
2011.05.17 07:16:51.303,1.33729,1.33756,2.85,1.50
2011.05.17 07:16:51.962,1.33733,1.33756,1.35,1.50
2011.05.17 07:16:52.504,1.33733,1.33756,1.35,1.50
2011.05.17 07:16:52.836,1.33737,1.33763,2.10,1.50
2011.05.17 07:16:53.064,1.3374,1.33763,1.35,1.50
2011.05.17 07:16:53.177,1.33741,1.33763,2.85,1.50
2011.05.17 07:16:53.295,1.33743,1.33769,1.35,1.50
2011.05.17 07:16:53.627,1.33745,1.33772,1.35,1.50
2011.05.17 07:16:54.183,1.33745,1.33772,1.35,1.50
2011.05.17 07:16:54.294,1.33745,1.33772,1.35,1.50
2011.05.17 07:16:56.314,1.3375,1.33772,2.85,1.50
2011.05.17 07:16:56.537,1.33754,1.33778,2.10,2.25
2011.05.17 07:16:56.763,1.33754,1.33778,1.35,2.25
2011.05.17 07:16:57.098,1.3375,1.33774,1.50,1.50
2011.05.17 07:16:57.215,1.33754,1.33774,2.10,1.50
2011.05.17 07:16:57.544,1.33758,1.33779,1.35,1.50
2011.05.17 07:16:57.765,1.33755,1.33778,3.53,1.50
2011.05.17 07:16:58.094,1.33759,1.33778,1.35,1.50
2011.05.17 07:16:58.423,1.33757,1.33778,1.35,1.50
2011.05.17 07:16:58.532,1.33751,1.33778,1.35,1.50
2011.05.17 07:16:59.123,1.33751,1.33778,1.35,1.50
2011.05.17 07:16:59.672,1.33751,1.33778,2.10,1.50
2011.05.17 07:17:00.153,1.33751,1.33778,1.35,1.50
2011.05.17 07:17:00.374,1.33751,1.33778,2.10,1.50
2011.05.17 07:17:00.594,1.33751,1.33777,1.35,1.50
2011.05.17 07:17:00.815,1.33757,1.33784,1.50,4.13
2011.05.17 07:17:00.923,1.33757,1.33784,1.50,3.38
2011.05.17 07:17:01.472,1.33757,1.33785,1.50,1.50
2011.05.17 07:17:02.243,1.33754,1.33771,1.50,1.50
2011.05.17 07:17:02.352,1.33753,1.33771,1.50,1.50
2011.05.17 07:17:02.572,1.33751,1.33771,1.50,1.50
2011.05.17 07:17:03.122,1.33751,1.33773,1.50,1.50
2011.05.17 07:17:04.355,1.33751,1.33774,1.50,1.50
2011.05.17 07:17:04.904,1.33751,1.33774,2.25,1.50
2011.05.17 07:17:05.455,1.33751,1.33774,1.50,2.40
2011.05.17 07:17:05.784,1.33749,1.33776,1.50,2.10
2011.05.17 07:17:06.004,1.33748,1.33773,4.28,1.50
2011.05.17 07:17:06.553,1.33748,1.33773,2.10,1.50
2011.05.17 07:17:06.772,1.3375,1.33773,4.13,1.50
2011.05.17 07:17:07.102,1.33748,1.33773,2.10,1.50
2011.05.17 07:17:07.982,1.33748,1.33773,2.10,1.50
2011.05.17 07:17:08.424,1.33751,1.33773,1.50,1.50
2011.05.17 07:17:08.644,1.33754,1.33778,1.50,1.50
2011.05.17 07:17:09.008,1.33751,1.33779,1.50,1.50
2011.05.17 07:17:09.344,1.33755,1.33779,1.50,1.50
2011.05.17 07:17:10.124,1.33755,1.33779,1.50,1.50
2011.05.17 07:17:10.673,1.33755,1.33773,1.50,1.50
2011.05.17 07:17:10.894,1.33753,1.33773,1.50,1.50
2011.05.17 07:17:11.115,1.33753,1.3377,1.50,1.50
2011.05.17 07:17:11.337,1.33746,1.33771,1.50,2.10
2011.05.17 07:17:11.566,1.33747,1.33772,1.35,1.50
2011.05.17 07:17:11.903,1.33747,1.33772,4.13,1.50
2011.05.17 07:17:12.235,1.33746,1.33772,1.50,2.25
2011.05.17 07:17:12.453,1.33746,1.33767,1.50,1.50
2011.05.17 07:17:12.797,1.33746,1.33762,4.28,1.35
2011.05.17 07:17:13.027,1.33741,1.3376,2.78,1.50
2011.05.17 07:17:13.147,1.33741,1.33762,3.53,1.35
2011.05.17 07:17:13.266,1.33745,1.33762,2.78,1.35
2011.05.17 07:17:13.386,1.33738,1.33762,3.53,2.10
2011.05.17 07:17:13.723,1.33738,1.33762,2.78,2.10
2011.05.17 07:17:14.055,1.33744,1.33766,2.10,1.50
2011.05.17 07:17:14.384,1.33744,1.33768,1.35,3.53
2011.05.17 07:17:14.715,1.33745,1.33766,1.50,3.53
2011.05.17 07:17:15.153,1.3374,1.33766,1.50,1.50
2011.05.17 07:17:15.660,1.3374,1.33767,1.50,2.40
2011.05.17 07:17:15.992,1.3374,1.33766,1.50,1.50
2011.05.17 07:17:16.212,1.3374,1.33766,1.50,1.50
2011.05.17 07:17:16.435,1.3374,1.33768,1.50,4.13
2011.05.17 07:17:16.762,1.3374,1.33767,1.50,3.53
2011.05.17 07:17:17.092,1.3374,1.33768,1.50,1.35
2011.05.17 07:17:18.242,1.3374,1.33768,1.50,1.35
2011.05.17 07:17:18.754,1.33743,1.33768,1.35,1.50
2011.05.17 07:17:19.085,1.33743,1.33768,2.10,3.15
2011.05.17 07:17:19.635,1.33742,1.33767,1.50,2.40
2011.05.17 07:17:20.294,1.33742,1.33768,1.50,1.50
2011.05.17 07:17:21.093,1.33741,1.33764,1.50,1.50
2011.05.17 07:17:21.203,1.33741,1.33764,1.50,1.50
2011.05.17 07:17:22.044,1.3374,1.33767,2.25,1.88
2011.05.17 07:17:22.724,1.3374,1.33766,1.50,2.40
2011.05.17 07:17:22.942,1.33742,1.33765,1.50,2.40
2011.05.17 07:17:23.384,1.33742,1.33767,1.50,1.50
2011.05.17 07:17:23.714,1.33754,1.33776,2.10,3.53
2011.05.17 07:17:24.263,1.33754,1.3378,2.10,1.50
2011.05.17 07:17:25.363,1.33754,1.3378,1.35,1.50
2011.05.17 07:17:28.255,1.33754,1.33779,1.35,3.53
2011.05.17 07:17:28.914,1.33754,1.3378,1.35,1.88
2011.05.17 07:17:29.464,1.33749,1.33776,2.25,1.50
2011.05.17 07:17:29.684,1.33747,1.33772,1.50,1.13
2011.05.17 07:17:29.792,1.33745,1.33772,2.10,1.13
2011.05.17 07:17:30.014,1.33745,1.3377,2.10,2.40
2011.05.17 07:17:30.552,1.33745,1.3377,2.10,2.40
2011.05.17 07:17:30.864,1.33746,1.3377,1.50,2.40
2011.05.17 07:17:31.461,1.33746,1.3377,1.50,2.40
2011.05.17 07:17:31.908,1.33752,1.33776,1.35,2.40
2011.05.17 07:17:32.574,1.33751,1.33777,2.10,1.50
2011.05.17 07:17:32.685,1.33749,1.33776,4.13,1.50
2011.05.17 07:17:32.796,1.33749,1.33776,1.35,3.53
2011.05.17 07:17:33.178,1.33752,1.33777,3.53,1.50
2011.05.17 07:17:33.626,1.33753,1.33777,2.10,1.50
2011.05.17 07:17:33.964,1.33752,1.33777,1.50,1.50
2011.05.17 07:17:34.293,1.33751,1.33778,1.73,1.50
2011.05.17 07:17:34.404,1.33753,1.33778,2.10,1.50
2011.05.17 07:17:34.733,1.33753,1.33776,1.50,2.10
2011.05.17 07:17:35.063,1.33749,1.33773,1.50,1.73
2011.05.17 07:17:35.393,1.33749,1.33767,1.50,3.53
2011.05.17 07:17:35.614,1.33749,1.33767,1.50,2.78
2011.05.17 07:17:36.166,1.33749,1.33767,1.50,3.15
2011.05.17 07:17:36.284,1.33749,1.3377,1.50,2.78
2011.05.17 07:17:36.395,1.33746,1.33764,1.35,1.13
2011.05.17 07:17:36.504,1.33741,1.33764,1.50,1.13
2011.05.17 07:17:36.613,1.33739,1.33764,1.50,1.13
2011.05.17 07:17:37.053,1.3374,1.33764,1.50,1.13
2011.05.17 07:17:37.474,1.3374,1.33764,1.50,1.13
2011.05.17 07:17:37.585,1.33741,1.33762,1.50,2.40
2011.05.17 07:17:37.803,1.3374,1.33765,1.50,1.65
2011.05.17 07:17:37.913,1.3374,1.33767,1.50,1.50
2011.05.17 07:17:39.233,1.33741,1.33767,1.50,1.50
2011.05.17 07:17:39.562,1.33741,1.33767,1.35,1.50
2011.05.17 07:17:41.143,1.3374,1.33767,1.50,1.50
2011.05.17 07:17:41.363,1.33742,1.33767,2.78,1.50
2011.05.17 07:17:41.693,1.33743,1.33767,2.10,1.50
2011.05.17 07:17:42.242,1.33746,1.3377,1.35,1.50
2011.05.17 07:17:42.762,1.33747,1.33774,2.10,5.93
2011.05.17 07:17:43.205,1.33748,1.33774,2.85,4.28
2011.05.17 07:17:43.533,1.33748,1.33775,2.85,1.50
2011.05.17 07:17:45.932,1.33747,1.33775,2.10,1.50
2011.05.17 07:17:46.165,1.33747,1.33774,2.85,1.50
2011.05.17 07:17:46.386,1.33747,1.33773,2.85,3.53
2011.05.17 07:17:47.805,1.33747,1.33773,2.85,3.53
2011.05.17 07:17:49.772,1.33747,1.33773,2.85,3.53
2011.05.17 07:17:52.802,1.33747,1.33774,2.85,1.50
2011.05.17 07:17:53.368,1.33747,1.33774,2.10,1.50
2011.05.17 07:17:54.695,1.33749,1.33774,1.35,1.50
2011.05.17 07:17:55.021,1.33749,1.33775,1.35,1.50
2011.05.17 07:17:57.313,1.33749,1.33775,1.35,1.50
2011.05.17 07:17:57.533,1.33749,1.33775,1.35,1.50
2011.05.17 07:17:57.865,1.33752,1.33779,1.50,2.85
2011.05.17 07:17:58.085,1.33749,1.33773,1.35,1.50
2011.05.17 07:17:58.306,1.33749,1.33768,4.13,1.50
2011.05.17 07:17:58.865,1.33746,1.33768,3.53,1.50
2011.05.17 07:17:59.195,1.33743,1.33768,1.35,1.50
2011.05.17 07:17:59.415,1.33742,1.33768,3.53,1.50
2011.05.17 07:17:59.633,1.33742,1.33768,3.53,1.50
2011.05.17 07:18:00.404,1.33744,1.3377,1.50,1.35
2011.05.17 07:18:00.625,1.33754,1.33777,1.35,1.50
2011.05.17 07:18:00.733,1.33754,1.33778,1.35,5.03
2011.05.17 07:18:01.281,1.33754,1.33778,1.35,2.25
2011.05.17 07:18:04.372,1.33754,1.33778,1.35,2.25
2011.05.17 07:18:04.704,1.33754,1.33775,1.35,1.13
2011.05.17 07:18:05.036,1.33749,1.33774,1.50,1.35
2011.05.17 07:18:05.256,1.33749,1.33772,1.50,1.65
2011.05.17 07:18:05.813,1.33749,1.33772,1.50,1.65
2011.05.17 07:18:06.036,1.33749,1.33774,1.50,1.35
2011.05.17 07:18:06.142,1.33749,1.33771,1.50,1.65
2011.05.17 07:18:06.693,1.33749,1.33771,1.50,1.65
2011.05.17 07:18:06.913,1.33749,1.33774,1.50,1.35
2011.05.17 07:18:07.027,1.33749,1.33774,1.50,1.35
2011.05.17 07:18:07.643,1.33749,1.33772,1.50,1.65
2011.05.17 07:18:08.416,1.33749,1.33772,1.50,2.78
2011.05.17 07:18:08.525,1.33745,1.33769,1.50,1.50
2011.05.17 07:18:08.635,1.33745,1.33769,1.50,3.15
2011.05.17 07:18:08.934,1.33745,1.33767,1.50,2.40
2011.05.17 07:18:09.047,1.33741,1.33764,1.50,1.65
2011.05.17 07:18:10.292,1.33741,1.33764,1.50,1.65
2011.05.17 07:18:10.843,1.33741,1.33768,1.50,1.50
2011.05.17 07:18:11.066,1.33741,1.33762,1.50,3.90
2011.05.17 07:18:11.184,1.33741,1.33759,1.50,2.40
2011.05.17 07:18:11.516,1.33732,1.33754,1.50,1.65
2011.05.17 07:18:11.633,1.33732,1.33754,1.50,1.65
2011.05.17 07:18:12.345,1.33733,1.33754,1.50,1.65
2011.05.17 07:18:12.562,1.33733,1.33754,1.50,1.65
2011.05.17 07:18:13.112,1.33733,1.33755,1.50,1.65
2011.05.17 07:18:14.023,1.33733,1.33755,1.50,4.43
2011.05.17 07:18:14.352,1.33733,1.33759,1.50,1.50
2011.05.17 07:18:14.462,1.33733,1.33759,1.50,1.50
2011.05.17 07:18:16.851,1.33733,1.33759,1.50,1.50
2011.05.17 07:18:19.314,1.33733,1.33759,1.50,1.50
2011.05.17 07:18:19.424,1.33735,1.33761,1.50,3.53
2011.05.17 07:18:19.787,1.33735,1.33761,1.50,3.53
2011.05.17 07:18:19.908,1.33735,1.33761,1.50,4.28
2011.05.17 07:18:20.244,1.33735,1.33761,1.50,1.50
2011.05.17 07:18:20.462,1.33735,1.33761,1.50,1.50
2011.05.17 07:18:21.014,1.33735,1.33761,1.50,1.50
2011.05.17 07:18:21.343,1.33735,1.33761,1.50,1.50
2011.05.17 07:18:23.622,1.33735,1.33758,1.50,1.35
2011.05.17 07:18:23.953,1.33731,1.33755,1.50,2.78
2011.05.17 07:18:24.282,1.33731,1.33755,1.50,2.03
2011.05.17 07:18:24.834,1.33736,1.33763,1.35,2.03
2011.05.17 07:18:25.274,1.33739,1.33761,1.50,2.48
2011.05.17 07:18:25.603,1.33739,1.33755,1.50,1.65
2011.05.17 07:18:26.477,1.33735,1.33755,1.50,1.65
2011.05.17 07:18:26.593,1.33735,1.33759,1.50,1.73
2011.05.17 07:18:26.813,1.33738,1.33761,1.50,2.10
2011.05.17 07:18:28.142,1.33738,1.33761,1.50,2.10
2011.05.17 07:18:28.782,1.33738,1.33761,1.50,2.10
2011.05.17 07:18:31.303,1.33738,1.33763,1.50,5.18
2011.05.17 07:18:31.523,1.33738,1.33763,1.50,3.53
2011.05.17 07:18:33.122,1.33742,1.33766,1.50,1.35
2011.05.17 07:18:33.453,1.33742,1.33768,1.35,1.65
2011.05.17 07:18:33.869,1.33746,1.33771,1.50,1.50
2011.05.17 07:18:34.563,1.33746,1.33771,1.50,1.50
2011.05.17 07:18:35.632,1.33746,1.33771,1.50,1.50
2011.05.17 07:18:35.744,1.33746,1.33771,1.50,1.50
2011.05.17 07:18:36.074,1.33746,1.33771,1.50,1.50
2011.05.17 07:18:36.402,1.33746,1.33773,1.50,3.38
2011.05.17 07:18:37.622,1.33746,1.33772,1.50,4.13
2011.05.17 07:18:37.733,1.33745,1.3377,1.50,1.35
2011.05.17 07:18:37.952,1.33739,1.33766,2.25,1.13
2011.05.17 07:18:38.502,1.33741,1.33763,1.50,2.78
2011.05.17 07:18:39.274,1.33739,1.33764,1.50,1.65
2011.05.17 07:18:39.602,1.3374,1.33765,1.50,2.40
2011.05.17 07:18:40.155,1.33745,1.3377,1.50,1.50
2011.05.17 07:18:40.702,1.33745,1.3377,1.50,1.50
2011.05.17 07:18:43.474,1.33745,1.3377,1.50,1.50
2011.05.17 07:18:44.242,1.33745,1.3377,1.50,1.50
2011.05.17 07:18:45.453,1.33745,1.3377,1.50,1.50
2011.05.17 07:18:46.227,1.33749,1.3377,1.35,1.50
2011.05.17 07:18:46.563,1.33751,1.33778,2.10,3.53
2011.05.17 07:18:46.893,1.33754,1.33781,1.50,3.53
2011.05.17 07:18:47.442,1.33755,1.33781,1.50,3.53
2011.05.17 07:18:50.843,1.33753,1.33777,1.50,3.53
2011.05.17 07:18:51.063,1.33754,1.33775,1.50,1.65
2011.05.17 07:18:51.175,1.33754,1.33777,1.50,1.50
2011.05.17 07:18:51.284,1.33754,1.33777,2.25,1.50
2011.05.17 07:18:56.812,1.33754,1.33778,1.50,1.50
2011.05.17 07:18:59.237,1.33753,1.33781,1.50,2.25
2011.05.17 07:18:59.573,1.33755,1.3378,1.50,2.40
2011.05.17 07:18:59.793,1.33755,1.33783,1.50,1.35
2011.05.17 07:18:59.903,1.33757,1.33783,1.50,1.35
2011.05.17 07:19:00.813,1.33757,1.33781,1.50,1.50
2011.05.17 07:19:00.923,1.33755,1.33781,1.50,1.50
2011.05.17 07:19:01.473,1.33755,1.33783,2.25,3.75
2011.05.17 07:19:01.913,1.33757,1.33782,1.50,2.40
2011.05.17 07:19:02.864,1.33757,1.33782,1.50,2.40
2011.05.17 07:19:04.035,1.33754,1.33779,1.50,3.15
2011.05.17 07:19:05.233,1.33753,1.33773,1.50,1.65
2011.05.17 07:19:05.563,1.33752,1.33773,1.50,2.40
2011.05.17 07:19:06.115,1.33753,1.33774,1.50,2.40
2011.05.17 07:19:06.226,1.33753,1.33774,1.50,2.40
2011.05.17 07:19:06.563,1.33753,1.33776,1.50,1.35
2011.05.17 07:19:06.893,1.33753,1.33777,1.50,1.35
2011.05.17 07:19:07.494,1.33744,1.33771,3.98,1.50
2011.05.17 07:19:07.604,1.33742,1.33768,1.50,1.35
2011.05.17 07:19:07.717,1.33739,1.33768,1.50,3.38
2011.05.17 07:19:07.834,1.33739,1.33766,1.50,1.65
2011.05.17 07:19:07.944,1.33739,1.33769,1.50,3.00
2011.05.17 07:19:08.052,1.33739,1.33769,1.50,3.00
2011.05.17 07:19:08.822,1.33739,1.33769,1.50,3.00
2011.05.17 07:19:09.266,1.33743,1.3377,2.10,2.40
2011.05.17 07:19:10.043,1.33749,1.33773,1.50,3.15
2011.05.17 07:19:10.483,1.33749,1.33773,1.50,1.50
2011.05.17 07:19:10.704,1.33749,1.33773,1.50,1.50
2011.05.17 07:19:11.252,1.33749,1.33773,1.50,1.50
2011.05.17 07:19:11.913,1.33749,1.33773,1.50,1.50
2011.05.17 07:19:12.135,1.33752,1.33774,1.50,2.40
2011.05.17 07:19:12.468,1.33758,1.33781,2.85,2.78
2011.05.17 07:19:12.886,1.3376,1.33786,1.50,1.50
2011.05.17 07:19:13.445,1.33761,1.33786,1.50,1.50
2011.05.17 07:19:13.774,1.33764,1.33788,1.50,2.25
2011.05.17 07:19:14.108,1.33771,1.33797,1.50,1.50
2011.05.17 07:19:14.444,1.33772,1.33797,2.10,1.50
2011.05.17 07:19:14.664,1.33777,1.33798,1.50,1.35
2011.05.17 07:19:14.994,1.33775,1.33795,1.50,3.53
2011.05.17 07:19:15.103,1.3377,1.33795,1.50,4.28
2011.05.17 07:19:15.759,1.33771,1.33792,1.50,2.78
2011.05.17 07:19:16.093,1.3377,1.33795,1.50,1.50
2011.05.17 07:19:16.315,1.33769,1.33798,4.28,4.50
2011.05.17 07:19:16.536,1.33769,1.33796,2.25,2.40
2011.05.17 07:19:16.985,1.33772,1.33798,2.78,3.00
2011.05.17 07:19:17.313,1.3377,1.33798,1.50,3.75
2011.05.17 07:19:17.645,1.33772,1.33796,1.50,1.35
2011.05.17 07:19:17.753,1.33773,1.33797,1.50,1.35
2011.05.17 07:19:18.304,1.33773,1.33795,1.35,1.13
2011.05.17 07:19:18.525,1.33773,1.33792,1.50,1.65
2011.05.17 07:19:18.634,1.33773,1.33797,1.50,1.50
2011.05.17 07:19:19.183,1.33771,1.33797,2.10,1.50
2011.05.17 07:19:20.024,1.33771,1.33797,2.10,1.50
2011.05.17 07:19:20.474,1.33771,1.33792,1.50,1.65
2011.05.17 07:19:20.804,1.33768,1.33797,4.28,2.10
2011.05.17 07:19:21.025,1.33769,1.33797,3.53,2.10
2011.05.17 07:19:21.131,1.33769,1.33796,4.28,1.50
2011.05.17 07:19:21.902,1.33769,1.33796,1.50,1.50
2011.05.17 07:19:22.133,1.33767,1.33794,5.63,1.50
2011.05.17 07:19:22.352,1.33769,1.33796,1.50,1.50
2011.05.17 07:19:22.572,1.33769,1.33796,4.28,1.50
2011.05.17 07:19:24.163,1.33773,1.33796,1.50,1.50
2011.05.17 07:19:24.493,1.33773,1.33796,1.50,1.50
2011.05.17 07:19:25.245,1.33771,1.33796,3.53,1.50
2011.05.17 07:19:25.576,1.33774,1.33797,1.50,1.35
2011.05.17 07:19:26.154,1.33774,1.33797,1.50,1.35
2011.05.17 07:19:27.714,1.33774,1.33797,1.50,1.35
2011.05.17 07:19:28.262,1.33772,1.33797,1.50,1.35
2011.05.17 07:19:28.593,1.33769,1.33793,1.50,2.78
2011.05.17 07:19:28.813,1.3377,1.33793,1.50,2.78
2011.05.17 07:19:28.922,1.33767,1.33793,2.10,2.78
2011.05.17 07:19:29.752,1.33767,1.33791,1.35,1.50
2011.05.17 07:19:30.303,1.33767,1.33791,1.35,1.50
2011.05.17 07:19:30.523,1.33761,1.33787,1.50,1.73
2011.05.17 07:19:30.634,1.33761,1.33787,1.50,3.38
2011.05.17 07:19:30.744,1.33757,1.33787,2.10,3.38
2011.05.17 07:19:31.419,1.33747,1.33773,4.28,2.40
2011.05.17 07:19:32.524,1.33744,1.33772,2.10,3.15
2011.05.17 07:19:32.965,1.33745,1.33772,1.50,1.50
2011.05.17 07:19:33.084,1.33744,1.33772,4.88,1.50
2011.05.17 07:19:33.522,1.33744,1.33772,4.88,1.50
2011.05.17 07:19:33.966,1.33744,1.33768,1.35,1.13
2011.05.17 07:19:34.086,1.33741,1.33763,1.50,1.35
2011.05.17 07:19:34.207,1.33736,1.33762,2.25,1.50
2011.05.17 07:19:34.326,1.33735,1.33762,2.78,1.50
2011.05.17 07:19:34.648,1.33735,1.33762,2.78,1.50
2011.05.17 07:19:34.874,1.33733,1.33757,1.35,1.50
2011.05.17 07:19:35.206,1.33731,1.33757,1.50,1.50
2011.05.17 07:19:35.867,1.33733,1.33757,1.35,1.50
2011.05.17 07:19:36.644,1.33734,1.33759,1.35,1.50
2011.05.17 07:19:36.753,1.33736,1.33759,1.35,1.50
2011.05.17 07:19:37.653,1.33736,1.33762,5.55,1.50
2011.05.17 07:19:38.223,1.33736,1.33762,5.55,1.50
2011.05.17 07:19:38.558,1.33736,1.33757,3.53,1.50
2011.05.17 07:19:38.786,1.33735,1.33757,1.28,3.15
2011.05.17 07:19:39.333,1.33735,1.33759,1.35,1.50
2011.05.17 07:19:40.633,1.33735,1.33759,1.35,1.50
2011.05.17 07:19:40.963,1.33733,1.33756,1.50,2.40
2011.05.17 07:19:41.183,1.33733,1.33759,1.50,1.50
2011.05.17 07:19:42.853,1.33733,1.33759,1.50,4.65
2011.05.17 07:19:43.402,1.33733,1.33757,1.50,2.40
2011.05.17 07:19:44.263,1.33733,1.33759,1.50,1.50
2011.05.17 07:19:47.032,1.33733,1.33759,1.50,1.50
2011.05.17 07:19:52.193,1.33733,1.33758,1.50,3.53
2011.05.17 07:19:52.414,1.33733,1.33756,1.50,2.40
2011.05.17 07:19:52.743,1.3373,1.33755,1.35,3.15
2011.05.17 07:19:54.885,1.3373,1.33755,1.35,3.15
2011.05.17 07:19:56.353,1.3373,1.33755,1.35,3.15
2011.05.17 07:19:57.613,1.33725,1.33749,1.50,5.18
2011.05.17 07:19:57.832,1.33722,1.33749,1.50,5.18
2011.05.17 07:19:58.053,1.33721,1.33748,1.35,1.50
2011.05.17 07:19:58.604,1.33721,1.33746,1.35,1.13
2011.05.17 07:19:58.827,1.33719,1.33745,1.35,2.78
2011.05.17 07:19:58.946,1.33717,1.33742,5.03,1.50
2011.05.17 07:19:59.058,1.33717,1.33742,4.28,1.50
2011.05.17 07:19:59.529,1.33723,1.33742,2.78,1.50
2011.05.17 07:19:59.755,1.33723,1.33742,2.78,1.50
2011.05.17 07:20:00.194,1.33723,1.33745,2.78,1.50
2011.05.17 07:20:00.415,1.33722,1.33746,2.85,4.28
2011.05.17 07:20:00.964,1.33726,1.33753,2.10,1.13
2011.05.17 07:20:01.513,1.33726,1.33752,1.35,2.40
2011.05.17 07:20:04.995,1.33726,1.33752,1.35,2.40
2011.05.17 07:20:05.214,1.33727,1.33754,1.50,1.50
2011.05.17 07:20:05.873,1.33727,1.33754,1.50,1.50
2011.05.17 07:20:06.757,1.3373,1.33754,1.35,1.50
2011.05.17 07:20:07.424,1.33727,1.33751,2.78,1.50
2011.05.17 07:20:07.753,1.33727,1.33751,2.78,1.50
2011.05.17 07:20:08.302,1.33725,1.33751,1.35,1.50
2011.05.17 07:20:09.524,1.33724,1.3375,1.35,1.50
2011.05.17 07:20:10.076,1.33724,1.33746,1.35,1.50
2011.05.17 07:20:10.514,1.33721,1.33746,2.10,1.50
2011.05.17 07:20:10.732,1.33721,1.33746,2.10,1.50
2011.05.17 07:20:11.285,1.33719,1.33746,3.53,1.50
2011.05.17 07:20:11.506,1.3372,1.33746,1.50,1.50
2011.05.17 07:20:13.853,1.3372,1.33746,1.50,1.50
2011.05.17 07:20:14.403,1.3372,1.33746,1.50,1.50
2011.05.17 07:20:14.622,1.3372,1.33746,4.28,1.50
2011.05.17 07:20:14.845,1.3372,1.33746,4.28,1.50
2011.05.17 07:20:15.393,1.33722,1.33749,1.88,1.35
2011.05.17 07:20:15.724,1.33726,1.33752,4.28,1.50
2011.05.17 07:20:16.603,1.33725,1.33753,1.35,3.15
2011.05.17 07:20:16.854,1.33725,1.33753,1.35,3.15
2011.05.17 07:20:17.406,1.33725,1.33752,1.35,5.18
2011.05.17 07:20:17.637,1.33722,1.33751,1.35,1.50
2011.05.17 07:20:17.754,1.33722,1.33749,1.35,1.13
2011.05.17 07:20:18.086,1.33718,1.33745,4.28,2.10
2011.05.17 07:20:18.314,1.33718,1.33745,1.50,2.10
2011.05.17 07:20:18.423,1.33715,1.3374,1.35,1.50
2011.05.17 07:20:18.643,1.33715,1.3374,1.35,1.50
2011.05.17 07:20:18.973,1.33715,1.3374,2.10,1.50
2011.05.17 07:20:19.193,1.33723,1.3374,1.35,1.50
2011.05.17 07:20:19.523,1.33729,1.33746,1.35,1.50
2011.05.17 07:20:20.128,1.33728,1.33753,2.10,1.50
2011.05.17 07:20:20.355,1.33724,1.33749,2.10,1.50
2011.05.17 07:20:20.683,1.33724,1.33749,2.10,1.50
2011.05.17 07:20:21.233,1.33725,1.33749,1.50,5.93
2011.05.17 07:20:21.344,1.33724,1.33749,1.35,5.93
2011.05.17 07:20:22.444,1.33725,1.33751,1.50,1.35
2011.05.17 07:20:22.883,1.33726,1.33751,1.50,1.35
2011.05.17 07:20:23.213,1.33726,1.33751,1.50,1.35
2011.05.17 07:20:23.324,1.33722,1.33746,1.50,1.50
2011.05.17 07:20:23.433,1.33721,1.33746,1.35,1.50
2011.05.17 07:20:23.763,1.33721,1.33746,1.35,1.50
2011.05.17 07:20:24.093,1.33721,1.33746,2.10,1.50
2011.05.17 07:20:25.513,1.33722,1.33746,1.50,1.50
2011.05.17 07:20:25.762,1.33725,1.33753,2.10,1.50
2011.05.17 07:20:26.094,1.33722,1.33752,1.50,2.10
2011.05.17 07:20:26.643,1.33725,1.33749,1.35,1.50
2011.05.17 07:20:26.753,1.33726,1.33752,1.35,2.25
2011.05.17 07:20:27.304,1.33726,1.33752,2.10,1.50
2011.05.17 07:20:27.853,1.33726,1.33752,2.10,1.50
2011.05.17 07:20:28.074,1.33726,1.33752,2.10,1.50
2011.05.17 07:20:28.624,1.33726,1.33752,2.10,1.50
2011.05.17 07:20:28.953,1.33728,1.33755,1.50,1.50
2011.05.17 07:20:29.392,1.33728,1.33755,1.50,1.50
2011.05.17 07:20:30.664,1.3373,1.33755,1.35,1.50
2011.05.17 07:20:30.992,1.3373,1.33754,1.35,2.40
2011.05.17 07:20:31.595,1.3373,1.33754,1.35,2.40
2011.05.17 07:20:32.004,1.33728,1.33754,1.50,2.40
2011.05.17 07:20:32.225,1.33726,1.33752,2.10,1.50
2011.05.17 07:20:32.555,1.33726,1.33752,2.10,1.50
2011.05.17 07:20:35.133,1.33726,1.33752,2.10,1.50
2011.05.17 07:20:35.682,1.33726,1.33752,2.10,1.50
2011.05.17 07:20:37.823,1.33728,1.33754,1.50,1.50
2011.05.17 07:20:38.483,1.3373,1.33756,1.35,1.50
2011.05.17 07:20:38.704,1.33733,1.33756,1.35,1.50
2011.05.17 07:20:39.426,1.33728,1.33752,1.50,1.35
2011.05.17 07:20:39.544,1.33722,1.33748,2.10,1.50
2011.05.17 07:20:39.907,1.33722,1.3375,2.10,1.50
2011.05.17 07:20:42.504,1.33726,1.33752,2.85,3.15
2011.05.17 07:20:42.614,1.33726,1.33752,3.60,3.15
2011.05.17 07:20:43.493,1.33726,1.33752,1.50,1.50
2011.05.17 07:20:43.934,1.33735,1.33753,4.13,1.50
2011.05.17 07:20:44.329,1.33733,1.33759,1.35,1.50
2011.05.17 07:20:44.450,1.33732,1.33759,3.53,1.50
2011.05.17 07:20:44.570,1.33729,1.33759,4.13,1.50
2011.05.17 07:20:44.684,1.33737,1.33761,1.35,1.50
2011.05.17 07:20:44.798,1.33738,1.33761,1.35,1.50
2011.05.17 07:20:45.320,1.33741,1.33765,1.50,1.50
2011.05.17 07:20:45.652,1.33743,1.33769,1.35,1.50
2011.05.17 07:20:46.026,1.33744,1.3377,1.50,1.50
2011.05.17 07:20:46.353,1.33747,1.33772,1.35,1.50
2011.05.17 07:20:46.903,1.33749,1.33772,1.35,1.50
2011.05.17 07:20:47.124,1.33749,1.33773,2.10,1.50
2011.05.17 07:20:47.675,1.33751,1.33777,1.50,1.50
2011.05.17 07:20:48.003,1.33751,1.33779,1.50,2.10
2011.05.17 07:20:48.224,1.33751,1.33779,1.50,2.10
2011.05.17 07:20:48.442,1.33751,1.33779,1.50,2.10
2011.05.17 07:20:48.663,1.33751,1.33779,1.50,2.85
2011.05.17 07:20:48.993,1.33754,1.33779,1.35,1.50
2011.05.17 07:20:49.105,1.33756,1.3378,1.50,1.50
2011.05.17 07:20:49.653,1.33755,1.33784,3.15,1.35
2011.05.17 07:20:50.462,1.33751,1.33779,1.50,2.10
2011.05.17 07:20:50.922,1.33751,1.33779,1.50,2.10
2011.05.17 07:20:51.252,1.33752,1.33779,1.50,1.35
2011.05.17 07:20:52.153,1.33755,1.33781,1.50,2.25
2011.05.17 07:20:52.483,1.33757,1.33781,1.50,1.50
2011.05.17 07:20:53.032,1.33757,1.33783,1.50,5.63
2011.05.17 07:20:53.362,1.33755,1.33783,2.25,5.63
2011.05.17 07:20:53.695,1.33755,1.33777,1.50,4.13
2011.05.17 07:20:53.806,1.33751,1.33778,1.50,4.88
2011.05.17 07:20:54.032,1.33749,1.33777,1.50,1.35
2011.05.17 07:20:54.614,1.33753,1.33776,1.35,1.50
2011.05.17 07:20:54.835,1.33753,1.33781,2.10,1.50
2011.05.17 07:20:55.054,1.33753,1.33781,2.10,1.50
2011.05.17 07:20:55.604,1.33753,1.33781,1.35,1.50
2011.05.17 07:20:56.215,1.33753,1.33781,2.10,1.50
2011.05.17 07:20:56.693,1.33756,1.33783,1.50,1.35
2011.05.17 07:20:57.242,1.33758,1.33783,1.50,1.35
2011.05.17 07:20:57.793,1.33758,1.33784,2.10,2.25
2011.05.17 07:20:58.342,1.33758,1.33784,2.10,1.50
2011.05.17 07:20:58.892,1.33758,1.33782,2.10,1.50
2011.05.17 07:20:59.472,1.33758,1.33784,2.10,1.50
2011.05.17 07:21:01.213,1.33758,1.33784,1.35,1.50
2011.05.17 07:21:01.547,1.33757,1.3378,1.35,2.63
2011.05.17 07:21:01.773,1.33754,1.33779,1.50,3.53
2011.05.17 07:21:01.883,1.33752,1.33778,1.50,1.50
2011.05.17 07:21:02.727,1.3375,1.33768,1.50,2.78
2011.05.17 07:21:02.954,1.33748,1.33764,1.50,1.35
2011.05.17 07:21:03.173,1.3374,1.33764,2.10,1.50
2011.05.17 07:21:03.392,1.3374,1.33765,2.10,1.50
2011.05.17 07:21:03.724,1.33741,1.33767,1.13,2.25
2011.05.17 07:21:03.943,1.33744,1.33769,3.53,1.50
2011.05.17 07:21:04.052,1.33744,1.3377,3.53,2.10
2011.05.17 07:21:04.581,1.33747,1.3377,1.35,1.50
2011.05.17 07:21:04.803,1.33747,1.33774,2.10,1.50
2011.05.17 07:21:05.022,1.33747,1.33774,2.10,1.50
2011.05.17 07:21:05.463,1.33752,1.33777,1.50,1.35
2011.05.17 07:21:06.503,1.33752,1.33772,1.50,1.13
2011.05.17 07:21:06.724,1.33752,1.33775,1.50,2.78
2011.05.17 07:21:06.834,1.33748,1.33775,1.50,3.15
2011.05.17 07:21:06.945,1.33748,1.33775,1.50,2.25
2011.05.17 07:21:07.274,1.33745,1.33771,3.53,1.50
2011.05.17 07:21:07.603,1.33744,1.33769,1.50,1.50
2011.05.17 07:21:08.152,1.33744,1.33769,1.50,2.25
2011.05.17 07:21:08.943,1.33744,1.33769,1.50,1.50
2011.05.17 07:21:09.642,1.33744,1.33769,1.50,1.50
2011.05.17 07:21:10.179,1.33744,1.33769,1.50,1.50
2011.05.17 07:21:13.654,1.33744,1.33767,1.50,1.50
2011.05.17 07:21:13.982,1.33744,1.33768,1.50,1.50
2011.05.17 07:21:14.315,1.33744,1.33769,1.50,1.50
2011.05.17 07:21:14.653,1.33744,1.33769,1.50,1.50
2011.05.17 07:21:15.282,1.33744,1.33769,1.50,1.50
2011.05.17 07:21:15.833,1.33744,1.33767,1.50,1.50
2011.05.17 07:21:16.823,1.3374,1.33766,1.50,1.50
2011.05.17 07:21:17.372,1.3374,1.33765,1.50,1.50
2011.05.17 07:21:17.704,1.33739,1.33765,1.35,1.50
2011.05.17 07:21:18.255,1.33739,1.33761,1.35,1.50
2011.05.17 07:21:20.964,1.33735,1.33761,1.50,1.50
2011.05.17 07:21:21.183,1.33732,1.33758,2.10,2.25
2011.05.17 07:21:21.496,1.33732,1.33756,1.35,1.50
2011.05.17 07:21:21.608,1.33732,1.33758,2.10,1.50
2011.05.17 07:21:22.280,1.33732,1.33758,2.10,1.50
2011.05.17 07:21:22.624,1.33732,1.33758,2.10,1.50
2011.05.17 07:21:22.844,1.33739,1.33758,1.35,1.50
2011.05.17 07:21:22.953,1.33739,1.33762,1.35,1.50
2011.05.17 07:21:23.562,1.33737,1.33762,1.35,1.50
2011.05.17 07:21:24.442,1.33737,1.33762,1.35,1.50
2011.05.17 07:21:24.992,1.33737,1.33762,1.35,1.50
2011.05.17 07:21:25.593,1.33737,1.33762,1.35,1.50
2011.05.17 07:21:25.922,1.33737,1.33762,1.35,1.50
2011.05.17 07:21:27.582,1.33737,1.33762,1.35,1.50
2011.05.17 07:21:28.131,1.33737,1.33762,1.35,1.50
2011.05.17 07:21:28.686,1.33737,1.3376,1.35,2.03
2011.05.17 07:21:29.232,1.33736,1.3376,1.35,2.03
2011.05.17 07:21:30.112,1.33735,1.33759,2.10,1.65
2011.05.17 07:21:30.742,1.33735,1.33759,1.50,1.65
2011.05.17 07:21:31.290,1.33735,1.33761,1.50,6.30
2011.05.17 07:21:33.068,1.33735,1.33761,1.50,6.30
2011.05.17 07:21:33.403,1.33733,1.33758,1.35,1.50
2011.05.17 07:21:34.064,1.33733,1.33758,1.35,1.50
2011.05.17 07:21:35.602,1.33733,1.33758,1.35,1.50
2011.05.17 07:21:36.163,1.33731,1.33758,1.50,1.50
2011.05.17 07:21:37.094,1.33731,1.33758,1.50,1.50
2011.05.17 07:21:37.314,1.33736,1.3376,1.50,3.38
2011.05.17 07:21:37.644,1.33736,1.3376,1.50,1.73
2011.05.17 07:21:38.192,1.33736,1.33762,1.50,2.48
2011.05.17 07:21:39.343,1.33736,1.33762,1.50,1.35
2011.05.17 07:21:39.454,1.33736,1.33763,1.50,4.28
2011.05.17 07:21:39.566,1.33736,1.33763,1.50,1.50
2011.05.17 07:21:39.674,1.33741,1.33765,1.50,1.35
2011.05.17 07:21:40.219,1.33741,1.33765,1.50,2.10
2011.05.17 07:21:40.773,1.33741,1.33765,1.50,4.88
2011.05.17 07:21:45.742,1.33741,1.33759,1.50,1.35
2011.05.17 07:21:46.074,1.33728,1.33751,1.13,1.50
2011.05.17 07:21:46.187,1.33727,1.33751,1.13,1.50
2011.05.17 07:21:46.415,1.33722,1.33748,1.73,2.78
2011.05.17 07:21:46.744,1.33726,1.33752,1.50,1.35
2011.05.17 07:21:47.499,1.33723,1.33752,1.50,2.10
2011.05.17 07:21:47.725,1.33723,1.33752,1.50,2.10
2011.05.17 07:21:48.406,1.33723,1.33752,1.50,2.10
2011.05.17 07:21:48.734,1.33726,1.33752,1.50,2.10
2011.05.17 07:21:49.064,1.33729,1.33752,1.35,1.50
2011.05.17 07:21:49.284,1.3373,1.33755,1.88,1.50
2011.05.17 07:21:49.503,1.33732,1.33759,3.53,1.35
2011.05.17 07:21:50.777,1.33732,1.3376,1.35,2.25
2011.05.17 07:21:51.333,1.33733,1.3376,1.50,1.50
2011.05.17 07:21:52.103,1.33734,1.3376,4.28,1.50
2011.05.17 07:21:52.652,1.33734,1.3376,1.50,1.50
2011.05.17 07:21:53.323,1.33735,1.3376,1.50,1.50
2011.05.17 07:21:53.432,1.33735,1.3376,1.50,1.50
2011.05.17 07:21:55.305,1.33734,1.33759,1.50,1.50
2011.05.17 07:21:55.524,1.33732,1.33759,6.00,1.50
2011.05.17 07:21:57.963,1.33738,1.33759,2.78,1.50
2011.05.17 07:21:58.186,1.33734,1.33759,3.53,1.50
2011.05.17 07:21:58.407,1.3374,1.33759,3.53,2.10
2011.05.17 07:21:58.633,1.33738,1.33759,2.78,2.10
2011.05.17 07:21:59.182,1.33735,1.33759,3.53,2.10
2011.05.17 07:21:59.764,1.33732,1.33752,1.50,1.35
2011.05.17 07:22:00.094,1.33725,1.33752,1.50,1.35
2011.05.17 07:22:00.423,1.33722,1.33747,2.10,1.50
2011.05.17 07:22:00.992,1.33722,1.33748,2.10,1.50
2011.05.17 07:22:03.472,1.33722,1.33746,2.10,1.50
2011.05.17 07:22:04.970,1.33722,1.33748,2.10,1.50
2011.05.17 07:22:05.083,1.33722,1.33748,2.10,1.50
2011.05.17 07:22:07.243,1.33722,1.33746,1.50,3.75
2011.05.17 07:22:07.573,1.33719,1.33745,4.28,1.50
2011.05.17 07:22:10.223,1.33719,1.33745,1.50,1.50
2011.05.17 07:22:11.206,1.33719,1.33744,1.50,2.40
2011.05.17 07:22:11.548,1.33716,1.33741,4.13,1.50
2011.05.17 07:22:11.888,1.33726,1.33747,1.35,1.50
2011.05.17 07:22:12.226,1.33726,1.33751,1.35,2.40
2011.05.17 07:22:12.446,1.33726,1.33751,2.10,2.40
2011.05.17 07:22:15.323,1.33726,1.33752,2.10,2.78
2011.05.17 07:22:17.623,1.33725,1.3375,1.50,1.13
2011.05.17 07:22:17.737,1.33725,1.33749,1.50,2.78
2011.05.17 07:22:18.295,1.33726,1.33751,1.50,2.40
2011.05.17 07:22:18.843,1.33726,1.33751,1.50,2.40
2011.05.17 07:22:19.394,1.33724,1.33749,1.35,1.50
2011.05.17 07:22:19.943,1.33724,1.33749,1.35,1.50
2011.05.17 07:22:20.052,1.33723,1.33747,1.50,1.35
2011.05.17 07:22:20.272,1.33719,1.33745,1.50,1.50
2011.05.17 07:22:21.196,1.33719,1.33745,1.50,1.50
2011.05.17 07:22:21.964,1.33719,1.33745,1.50,2.25
2011.05.17 07:22:23.249,1.33723,1.33747,1.50,1.35
2011.05.17 07:22:23.762,1.33723,1.33747,1.50,1.35
2011.05.17 07:22:24.202,1.33723,1.33747,1.50,2.10
2011.05.17 07:22:24.534,1.33719,1.33744,1.50,1.50
2011.05.17 07:22:24.752,1.33718,1.33744,1.50,1.50
2011.05.17 07:22:25.084,1.33717,1.3374,1.35,1.50
2011.05.17 07:22:26.072,1.33717,1.33739,1.35,1.50
2011.05.17 07:22:27.083,1.33717,1.33739,1.35,1.50
2011.05.17 07:22:27.565,1.33717,1.33736,1.35,1.50
2011.05.17 07:22:28.003,1.33713,1.33738,1.35,4.28
2011.05.17 07:22:29.856,1.33713,1.33739,1.50,1.35
2011.05.17 07:22:30.183,1.33713,1.33739,1.50,2.10
2011.05.17 07:22:30.623,1.33713,1.33739,2.10,4.28
2011.05.17 07:22:32.212,1.33713,1.33739,2.10,1.50
2011.05.17 07:22:33.663,1.33713,1.33739,2.10,1.88
2011.05.17 07:22:33.884,1.33713,1.33739,2.10,1.88
2011.05.17 07:22:36.772,1.33713,1.33739,2.10,1.50
2011.05.17 07:22:37.102,1.33713,1.33739,2.10,1.50
2011.05.17 07:22:37.652,1.33713,1.33741,2.10,1.13
2011.05.17 07:22:38.544,1.33717,1.33743,1.50,4.50
2011.05.17 07:22:38.983,1.33717,1.33743,1.50,1.73
2011.05.17 07:22:39.203,1.33717,1.33743,1.50,3.38
2011.05.17 07:22:39.422,1.33717,1.33743,1.50,1.73
2011.05.17 07:22:39.644,1.33717,1.33743,1.50,1.35
2011.05.17 07:22:39.755,1.33718,1.33743,1.35,1.13
2011.05.17 07:22:39.973,1.33721,1.33743,1.50,1.13
2011.05.17 07:22:40.523,1.33721,1.33745,1.50,1.13
2011.05.17 07:22:41.172,1.33721,1.33745,1.50,1.73
2011.05.17 07:22:41.284,1.33721,1.33741,1.50,1.50
2011.05.17 07:22:41.505,1.33717,1.33736,1.50,1.13
2011.05.17 07:22:42.054,1.3371,1.33734,1.50,2.03
2011.05.17 07:22:42.163,1.3371,1.33734,1.50,2.03
2011.05.17 07:22:42.273,1.3371,1.33734,1.50,2.03
2011.05.17 07:22:42.603,1.33708,1.33734,4.28,2.03
2011.05.17 07:22:43.073,1.3371,1.33734,1.50,2.03
2011.05.17 07:22:43.626,1.3371,1.33733,1.50,2.78
2011.05.17 07:22:43.734,1.3371,1.33735,1.50,1.13
2011.05.17 07:22:44.283,1.3371,1.33735,1.50,2.78
2011.05.17 07:22:44.722,1.3371,1.33735,1.50,2.78
2011.05.17 07:22:45.332,1.3371,1.33735,1.50,2.78
2011.05.17 07:22:45.753,1.3371,1.33735,1.50,2.78
2011.05.17 07:22:46.473,1.3371,1.33735,1.50,1.13
2011.05.17 07:22:47.024,1.33715,1.33738,1.35,2.40
2011.05.17 07:22:47.135,1.33715,1.33742,1.35,1.50
2011.05.17 07:22:47.244,1.33716,1.33742,1.35,3.90
2011.05.17 07:22:47.573,1.33719,1.33738,1.35,1.65
2011.05.17 07:22:47.684,1.33719,1.33743,1.35,3.90
2011.05.17 07:22:47.794,1.33719,1.33743,1.35,3.15
2011.05.17 07:22:48.237,1.33719,1.33743,1.35,2.03
2011.05.17 07:22:48.503,1.33719,1.33744,1.35,3.90
2011.05.17 07:22:49.355,1.33719,1.33744,1.35,3.90
2011.05.17 07:22:49.904,1.33722,1.33748,1.50,1.13
2011.05.17 07:22:50.234,1.33722,1.33744,1.50,1.13
2011.05.17 07:22:50.793,1.33722,1.33744,1.50,1.13
2011.05.17 07:22:52.124,1.33722,1.33743,1.50,1.50
2011.05.17 07:22:52.673,1.33716,1.33737,1.50,3.15
2011.05.17 07:22:52.786,1.33716,1.33737,1.50,3.75
2011.05.17 07:22:53.483,1.33716,1.33737,1.50,3.75
2011.05.17 07:22:53.702,1.33716,1.33737,1.50,3.75
2011.05.17 07:22:57.103,1.33716,1.3374,1.50,3.75
2011.05.17 07:22:57.653,1.33712,1.33736,1.50,1.13
2011.05.17 07:22:58.203,1.33712,1.33739,2.85,1.50
2011.05.17 07:22:58.534,1.33716,1.3374,1.50,1.50
2011.05.17 07:22:59.082,1.33716,1.33743,1.50,1.50
2011.05.17 07:22:59.684,1.33716,1.33741,1.50,1.13
2011.05.17 07:22:59.904,1.33716,1.33741,1.50,1.13
2011.05.17 07:23:00.235,1.33712,1.33739,1.35,1.50
2011.05.17 07:23:00.454,1.33717,1.33741,1.50,2.78
2011.05.17 07:23:00.701,1.33717,1.33741,1.50,2.78
2011.05.17 07:23:01.024,1.33718,1.33741,1.35,1.13
2011.05.17 07:23:02.534,1.33718,1.33741,1.35,1.13
2011.05.17 07:23:02.863,1.33718,1.33741,1.35,1.13
2011.05.17 07:23:04.074,1.33718,1.3374,1.35,1.13
2011.05.17 07:23:05.163,1.33717,1.33741,1.50,1.88
2011.05.17 07:23:05.493,1.33717,1.33741,1.50,1.88
2011.05.17 07:23:06.042,1.33714,1.33739,1.50,1.13
2011.05.17 07:23:06.434,1.33714,1.33738,1.50,1.13
2011.05.17 07:23:06.762,1.33714,1.33738,1.50,1.13
2011.05.17 07:23:06.982,1.33714,1.33738,1.50,1.13
2011.05.17 07:23:07.523,1.33714,1.3374,1.50,1.50
2011.05.17 07:23:08.072,1.33714,1.3374,1.50,1.50
2011.05.17 07:23:11.732,1.33714,1.3374,1.50,2.25
2011.05.17 07:23:13.902,1.33714,1.3374,1.50,1.50
2011.05.17 07:23:14.544,1.33714,1.3374,1.50,1.50
2011.05.17 07:23:15.954,1.33714,1.33737,1.50,1.13
2011.05.17 07:23:19.933,1.33714,1.33738,1.50,1.13
2011.05.17 07:23:20.044,1.33714,1.33738,1.50,1.13
2011.05.17 07:23:20.355,1.33714,1.33738,1.50,1.13
2011.05.17 07:23:20.703,1.33714,1.33738,1.50,1.13
2011.05.17 07:23:21.232,1.33714,1.33738,1.50,1.13
2011.05.17 07:23:21.807,1.33714,1.33738,1.50,1.13
2011.05.17 07:23:27.185,1.33714,1.33738,1.50,1.13
2011.05.17 07:23:28.320,1.33717,1.33741,1.50,3.53
2011.05.17 07:23:28.883,1.33717,1.33744,1.50,5.63
2011.05.17 07:23:29.434,1.33717,1.33744,1.50,2.85
2011.05.17 07:23:29.984,1.33717,1.33744,1.50,2.85
2011.05.17 07:23:30.095,1.3372,1.33746,1.50,2.85
2011.05.17 07:23:30.205,1.33718,1.33746,1.50,2.10
2011.05.17 07:23:30.426,1.33725,1.33751,1.50,1.50
2011.05.17 07:23:30.646,1.33725,1.33747,1.50,2.10
2011.05.17 07:23:30.755,1.33725,1.33749,1.50,1.35
2011.05.17 07:23:30.973,1.33725,1.33749,1.50,2.10
2011.05.17 07:23:31.085,1.33726,1.33743,1.50,1.13
2011.05.17 07:23:31.194,1.33726,1.33742,1.50,1.35
2011.05.17 07:23:31.571,1.33722,1.33739,2.78,1.50
2011.05.17 07:23:32.013,1.33724,1.33747,2.78,1.50
2011.05.17 07:23:32.563,1.3372,1.33747,2.10,1.50
2011.05.17 07:23:33.766,1.3372,1.33742,1.50,2.78
2011.05.17 07:23:34.203,1.33716,1.3374,2.10,1.50
2011.05.17 07:23:34.313,1.33716,1.3374,2.10,1.50
2011.05.17 07:23:34.973,1.33716,1.3374,2.10,1.50
2011.05.17 07:23:38.195,1.33715,1.33739,1.50,1.73
2011.05.17 07:23:38.743,1.33712,1.33738,1.50,5.78
2011.05.17 07:23:41.454,1.33712,1.33737,1.50,3.38
2011.05.17 07:23:41.783,1.33712,1.33736,1.50,3.38
2011.05.17 07:23:42.003,1.33712,1.33736,1.50,3.38
2011.05.17 07:23:42.222,1.33712,1.33736,1.50,3.38
2011.05.17 07:23:43.216,1.33712,1.33734,1.50,2.78
2011.05.17 07:23:43.325,1.33712,1.33734,1.50,2.78
2011.05.17 07:23:43.543,1.33712,1.33736,1.50,3.38
2011.05.17 07:23:43.873,1.33712,1.33738,1.50,4.13
2011.05.17 07:23:44.193,1.33712,1.33738,1.50,1.35
2011.05.17 07:23:44.719,1.33712,1.33738,1.50,1.35
2011.05.17 07:23:45.403,1.33712,1.33739,1.50,3.15
2011.05.17 07:23:46.882,1.33712,1.33739,1.50,5.93
2011.05.17 07:23:49.263,1.33712,1.33739,1.50,5.93
2011.05.17 07:23:49.485,1.33712,1.33738,1.50,5.63
2011.05.17 07:23:49.705,1.33712,1.33737,1.50,2.25
2011.05.17 07:23:50.473,1.33712,1.33737,1.50,3.00
2011.05.17 07:23:50.803,1.33712,1.33737,1.50,1.35
2011.05.17 07:23:51.134,1.33712,1.33734,1.50,1.35
2011.05.17 07:23:51.353,1.33712,1.33738,1.50,2.85
2011.05.17 07:23:51.705,1.33712,1.33738,1.50,2.85
2011.05.17 07:23:52.253,1.33712,1.33738,1.50,3.60
2011.05.17 07:23:52.364,1.33712,1.33738,4.28,1.50
2011.05.17 07:23:52.474,1.33712,1.33739,4.28,1.50
2011.05.17 07:23:53.024,1.33712,1.33739,1.50,2.25
2011.05.17 07:23:53.463,1.33712,1.33738,1.50,1.50
2011.05.17 07:23:53.683,1.3371,1.33738,4.13,1.50
2011.05.17 07:23:54.034,1.3371,1.33738,4.13,1.50
2011.05.17 07:23:54.363,1.33711,1.33739,1.50,1.50
2011.05.17 07:23:55.023,1.33711,1.33737,1.50,1.50
2011.05.17 07:23:55.695,1.33711,1.33737,1.50,2.10
2011.05.17 07:23:55.916,1.33711,1.33737,1.50,1.35
2011.05.17 07:23:56.463,1.33711,1.33737,1.50,2.10
2011.05.17 07:23:56.931,1.33711,1.33737,1.50,1.35
2011.05.17 07:23:57.264,1.33715,1.33741,1.50,1.50
2011.05.17 07:23:57.374,1.33715,1.33742,1.50,1.50
2011.05.17 07:23:57.594,1.33712,1.3374,1.50,1.50
2011.05.17 07:23:57.703,1.33711,1.33739,4.88,1.50
2011.05.17 07:23:58.613,1.33712,1.33738,1.13,1.50
2011.05.17 07:23:59.055,1.33716,1.33738,5.18,1.50
2011.05.17 07:23:59.273,1.33722,1.33741,1.35,1.50
2011.05.17 07:23:59.493,1.33722,1.33745,1.35,1.50
2011.05.17 07:23:59.604,1.33722,1.33745,1.35,2.25
2011.05.17 07:23:59.932,1.33722,1.33745,1.35,1.50
2011.05.17 07:24:00.592,1.33722,1.33743,1.35,1.50
2011.05.17 07:24:01.567,1.33722,1.33742,1.35,1.50
2011.05.17 07:24:02.232,1.33715,1.33742,3.53,1.50
2011.05.17 07:24:03.826,1.33719,1.33745,2.10,1.50
2011.05.17 07:24:04.603,1.33717,1.33743,1.50,3.53
2011.05.17 07:24:04.714,1.33715,1.33741,1.35,4.28
2011.05.17 07:24:04.826,1.33715,1.3374,1.35,3.53
2011.05.17 07:24:05.047,1.3372,1.33738,1.35,2.78
2011.05.17 07:24:05.165,1.3372,1.33747,1.35,1.50
2011.05.17 07:24:05.604,1.3372,1.33747,2.10,1.50
2011.05.17 07:24:06.154,1.3372,1.33747,2.10,1.50
2011.05.17 07:24:06.372,1.3372,1.33747,2.10,1.50
2011.05.17 07:24:08.564,1.3372,1.33747,2.10,1.50
2011.05.17 07:24:09.444,1.33723,1.33749,1.50,1.50
2011.05.17 07:24:09.993,1.33723,1.3375,1.50,1.35
2011.05.17 07:24:10.325,1.33723,1.3375,1.50,1.35
2011.05.17 07:24:10.848,1.3373,1.33754,1.13,1.50
2011.05.17 07:24:13.033,1.33732,1.33754,1.13,1.50
2011.05.17 07:24:13.506,1.33738,1.33754,1.50,1.50
2011.05.17 07:24:13.836,1.33749,1.33768,1.35,3.15
2011.05.17 07:24:13.958,1.33746,1.33766,4.35,2.78
2011.05.17 07:24:14.074,1.33746,1.33771,1.50,1.35
2011.05.17 07:24:14.187,1.33746,1.3377,1.50,1.13
2011.05.17 07:24:14.525,1.33745,1.33762,1.50,2.78
2011.05.17 07:24:14.854,1.33741,1.33767,1.50,3.53
2011.05.17 07:24:14.963,1.33741,1.33767,1.50,3.53
2011.05.17 07:24:15.182,1.33741,1.33768,1.50,1.50
2011.05.17 07:24:15.787,1.33741,1.33768,1.50,1.50
2011.05.17 07:24:16.567,1.33741,1.33765,1.50,1.50
2011.05.17 07:24:16.685,1.33744,1.33766,1.35,1.50
2011.05.17 07:24:17.236,1.33745,1.33765,1.50,1.35
2011.05.17 07:24:17.784,1.33745,1.33765,1.50,1.35
2011.05.17 07:24:17.893,1.33745,1.33769,1.50,1.50
2011.05.17 07:24:18.113,1.33745,1.33771,1.50,2.25
2011.05.17 07:24:18.555,1.33745,1.33769,1.50,1.13
2011.05.17 07:24:18.666,1.33743,1.3377,1.50,2.25
2011.05.17 07:24:18.774,1.33743,1.33767,1.50,1.50
2011.05.17 07:24:19.341,1.3374,1.33766,4.13,1.50
2011.05.17 07:24:20.004,1.3374,1.33764,1.35,1.50
2011.05.17 07:24:20.226,1.33738,1.33764,1.50,1.35
2011.05.17 07:24:20.447,1.3374,1.33764,1.13,1.35
2011.05.17 07:24:20.784,1.33743,1.33768,1.50,1.50
2011.05.17 07:24:21.623,1.33746,1.33771,1.50,1.35
2011.05.17 07:24:22.172,1.33746,1.33772,1.50,1.35
2011.05.17 07:24:22.864,1.33746,1.33771,1.50,1.35
2011.05.17 07:24:23.414,1.33743,1.33769,1.88,1.50
2011.05.17 07:24:24.665,1.33748,1.33773,1.73,1.50
2011.05.17 07:24:24.776,1.33748,1.33773,1.73,1.50
2011.05.17 07:24:24.883,1.33748,1.33773,1.73,1.50
2011.05.17 07:24:25.893,1.33748,1.33773,1.73,1.50
2011.05.17 07:24:26.004,1.33748,1.33773,1.73,1.50
2011.05.17 07:24:26.554,1.33746,1.33771,1.50,1.35
2011.05.17 07:24:26.774,1.33747,1.33771,1.50,2.10
2011.05.17 07:24:27.105,1.3375,1.33767,2.48,1.50
2011.05.17 07:24:27.327,1.33754,1.33775,1.35,2.78
2011.05.17 07:24:27.554,1.33754,1.33773,1.35,2.78
2011.05.17 07:24:27.665,1.33754,1.33781,1.35,4.28
2011.05.17 07:24:27.774,1.33754,1.33781,1.35,1.50
2011.05.17 07:24:28.429,1.33754,1.33778,1.73,1.50
2011.05.17 07:24:28.544,1.33754,1.33779,1.73,1.50
2011.05.17 07:24:28.765,1.33752,1.33779,1.35,1.50
2011.05.17 07:24:29.323,1.33753,1.33781,1.35,2.25
2011.05.17 07:24:29.873,1.33754,1.33779,1.35,1.50
2011.05.17 07:24:29.984,1.33753,1.33779,1.35,1.50
2011.05.17 07:24:30.533,1.33754,1.33779,1.35,1.50
2011.05.17 07:24:30.864,1.33752,1.33779,1.50,2.10
2011.05.17 07:24:31.193,1.33752,1.33779,1.50,2.10
2011.05.17 07:24:32.227,1.33752,1.33779,1.50,2.10
2011.05.17 07:24:32.341,1.33754,1.33779,1.35,1.50
2011.05.17 07:24:32.678,1.33756,1.33781,1.50,1.50
2011.05.17 07:24:33.016,1.33756,1.33781,1.50,1.50
2011.05.17 07:24:33.345,1.33756,1.33781,1.50,1.50
2011.05.17 07:24:34.044,1.33756,1.33781,1.50,1.50
2011.05.17 07:24:34.594,1.33752,1.33779,1.50,1.50
2011.05.17 07:24:34.704,1.3375,1.33779,5.63,1.50
2011.05.17 07:24:35.033,1.33752,1.33779,1.50,1.50
2011.05.17 07:24:35.143,1.33752,1.33779,1.50,1.50
2011.05.17 07:24:35.474,1.33752,1.33779,1.50,1.50
2011.05.17 07:24:36.304,1.33755,1.3378,1.50,1.35
2011.05.17 07:24:36.634,1.33755,1.3378,1.50,1.35
2011.05.17 07:24:36.746,1.33755,1.3378,1.50,1.35
2011.05.17 07:24:36.964,1.33751,1.33771,1.50,1.35
2011.05.17 07:24:37.183,1.33746,1.33771,1.50,3.00
2011.05.17 07:24:37.404,1.33744,1.33771,2.78,3.00
2011.05.17 07:24:37.952,1.33743,1.33769,1.50,1.50
2011.05.17 07:24:38.175,1.33743,1.33769,1.50,1.50
2011.05.17 07:24:38.395,1.33742,1.33769,5.03,1.50
2011.05.17 07:24:38.616,1.33743,1.33769,1.35,1.50
2011.05.17 07:24:38.835,1.33743,1.33764,2.78,1.50
2011.05.17 07:24:38.944,1.33739,1.33764,3.53,1.50
2011.05.17 07:24:39.055,1.33738,1.33764,2.10,1.50
2011.05.17 07:24:39.165,1.33734,1.33757,3.53,1.35
2011.05.17 07:24:39.274,1.33734,1.33757,2.78,1.35
2011.05.17 07:24:39.386,1.33728,1.33751,1.50,1.50
2011.05.17 07:24:39.606,1.33725,1.33751,2.63,1.50
2011.05.17 07:24:40.174,1.33722,1.33746,1.50,1.50
2011.05.17 07:24:40.506,1.33722,1.33746,1.50,1.50
2011.05.17 07:24:40.733,1.33722,1.33746,1.50,1.50
2011.05.17 07:24:41.283,1.33722,1.33746,1.50,1.50
2011.05.17 07:24:41.615,1.33719,1.33741,1.50,1.50
2011.05.17 07:24:41.724,1.33717,1.33741,1.50,1.50
2011.05.17 07:24:41.945,1.33714,1.33742,2.78,2.10
2011.05.17 07:24:42.494,1.33714,1.33736,2.78,1.50
2011.05.17 07:24:42.713,1.33713,1.33736,1.13,1.50
2011.05.17 07:24:43.373,1.33713,1.33736,1.88,1.50
2011.05.17 07:24:43.484,1.33716,1.33736,2.78,1.50
2011.05.17 07:24:43.947,1.33712,1.33736,1.35,1.50
2011.05.17 07:24:45.364,1.33713,1.33736,1.50,1.50
2011.05.17 07:24:45.583,1.33714,1.33738,4.28,1.50
2011.05.17 07:24:45.694,1.33714,1.33736,3.53,1.50
2011.05.17 07:24:46.133,1.33714,1.33735,5.03,1.50
2011.05.17 07:24:46.243,1.33714,1.33735,4.28,1.50
2011.05.17 07:24:46.833,1.33718,1.33735,2.78,1.50
2011.05.17 07:24:47.167,1.33717,1.33738,2.10,1.50
2011.05.17 07:24:47.505,1.33717,1.33739,2.10,1.50
2011.05.17 07:24:47.722,1.33717,1.33739,2.10,1.50
2011.05.17 07:24:48.054,1.33717,1.33739,2.10,1.50
2011.05.17 07:24:48.163,1.33717,1.33739,2.10,1.50
2011.05.17 07:24:48.493,1.33717,1.33739,2.10,1.50
2011.05.17 07:24:48.715,1.33717,1.33739,2.10,1.50
2011.05.17 07:24:49.068,1.33713,1.33739,2.25,1.50
2011.05.17 07:24:49.296,1.33714,1.3374,1.50,1.50
2011.05.17 07:24:49.625,1.33719,1.33743,1.35,1.50
2011.05.17 07:24:49.736,1.33721,1.33743,1.35,1.50
2011.05.17 07:24:50.172,1.33722,1.33743,1.35,1.50
2011.05.17 07:24:50.452,1.3372,1.33743,1.35,1.50
2011.05.17 07:24:51.112,1.33721,1.33743,4.13,1.50
2011.05.17 07:24:51.444,1.33721,1.33747,4.88,1.50
2011.05.17 07:24:51.992,1.33722,1.33747,1.35,1.50
2011.05.17 07:24:53.112,1.33722,1.33747,1.35,1.50
2011.05.17 07:24:53.333,1.33721,1.33747,4.13,1.50
2011.05.17 07:24:53.663,1.33724,1.33747,3.53,1.50
2011.05.17 07:24:53.774,1.33727,1.33749,1.50,1.50
2011.05.17 07:24:54.215,1.3373,1.33755,1.50,1.50
2011.05.17 07:24:54.558,1.33729,1.33755,1.50,1.50
2011.05.17 07:24:55.005,1.33729,1.33755,1.50,1.50
2011.05.17 07:24:55.335,1.33729,1.33755,1.50,1.50
2011.05.17 07:24:55.556,1.33728,1.33754,2.10,1.50
2011.05.17 07:24:55.993,1.33727,1.33753,1.35,1.50
2011.05.17 07:24:56.854,1.33725,1.33752,2.25,1.35
2011.05.17 07:24:57.404,1.33727,1.33752,1.50,1.35
2011.05.17 07:24:57.733,1.33726,1.33752,1.50,1.35
2011.05.17 07:24:58.063,1.33724,1.33751,4.28,1.50
2011.05.17 07:24:58.174,1.33724,1.33751,5.03,1.50
2011.05.17 07:24:58.285,1.33727,1.33752,3.23,1.50
2011.05.17 07:24:58.394,1.33731,1.33752,1.73,1.50
2011.05.17 07:24:58.797,1.33735,1.33757,2.10,1.50
2011.05.17 07:24:59.362,1.33735,1.33757,1.35,1.50
2011.05.17 07:24:59.694,1.33732,1.33758,4.88,1.50
2011.05.17 07:24:59.915,1.3373,1.33757,1.35,1.50
2011.05.17 07:25:00.137,1.33732,1.33758,1.35,1.50
2011.05.17 07:25:00.364,1.33733,1.33758,1.50,1.50
2011.05.17 07:25:00.474,1.33733,1.33758,1.50,1.50
2011.05.17 07:25:00.914,1.33734,1.33758,1.35,1.50
2011.05.17 07:25:01.465,1.33737,1.3376,1.35,1.50
2011.05.17 07:25:01.684,1.33737,1.3376,1.35,1.50
2011.05.17 07:25:02.014,1.33737,1.33765,4.13,1.50
2011.05.17 07:25:02.457,1.33737,1.33764,4.13,1.50
2011.05.17 07:25:02.793,1.33737,1.33762,4.13,1.50
2011.05.17 07:25:04.233,1.33739,1.33765,1.50,2.40
2011.05.17 07:25:06.326,1.33739,1.33761,1.50,1.50
2011.05.17 07:25:06.546,1.33738,1.33762,1.50,1.50
2011.05.17 07:25:07.094,1.33738,1.33762,1.50,2.25
2011.05.17 07:25:07.313,1.33737,1.33762,1.35,2.25
2011.05.17 07:25:07.563,1.33737,1.33762,2.10,2.25
2011.05.17 07:25:08.122,1.33737,1.33761,1.35,1.13
2011.05.17 07:25:08.673,1.33736,1.3376,1.50,1.35
2011.05.17 07:25:09.004,1.33736,1.33756,1.50,1.13
2011.05.17 07:25:09.224,1.33732,1.33756,1.50,1.13
2011.05.17 07:25:09.825,1.3373,1.33756,2.10,4.28
2011.05.17 07:25:10.264,1.3373,1.33754,2.10,1.13
2011.05.17 07:25:10.704,1.3373,1.33756,4.88,1.50
2011.05.17 07:25:10.924,1.3373,1.33756,2.10,1.50
2011.05.17 07:25:11.144,1.3373,1.33756,1.35,1.50
2011.05.17 07:25:11.803,1.3373,1.33756,1.35,1.50
2011.05.17 07:25:13.454,1.33725,1.33751,2.25,1.50
2011.05.17 07:25:14.003,1.33725,1.33751,1.50,1.50
2011.05.17 07:25:14.721,1.33723,1.33747,2.10,1.50
2011.05.17 07:25:15.708,1.33723,1.33747,1.35,1.50
2011.05.17 07:25:15.830,1.33723,1.33747,1.35,1.50
2011.05.17 07:25:16.055,1.33719,1.33745,1.50,1.50
2011.05.17 07:25:16.734,1.33719,1.33745,4.28,1.50
2011.05.17 07:25:17.066,1.33719,1.33744,3.53,1.13
2011.05.17 07:25:17.393,1.33716,1.33738,2.25,1.13
2011.05.17 07:25:17.722,1.33716,1.33737,1.50,3.53
2011.05.17 07:25:17.945,1.33716,1.33741,1.50,1.73
2011.05.17 07:25:19.613,1.33716,1.33743,5.03,1.50
2011.05.17 07:25:19.724,1.3372,1.33743,2.78,1.50
2011.05.17 07:25:20.272,1.3372,1.33745,3.53,2.10
2011.05.17 07:25:20.715,1.33724,1.33745,4.13,1.50
2011.05.17 07:25:21.101,1.33726,1.33749,4.28,1.50
2011.05.17 07:25:21.220,1.33726,1.33748,1.50,1.13
2011.05.17 07:25:22.794,1.33724,1.33749,2.10,1.50
2011.05.17 07:25:23.782,1.33723,1.33749,2.25,1.50
2011.05.17 07:25:24.003,1.33723,1.33744,1.50,1.13
2011.05.17 07:25:24.225,1.3372,1.3374,1.50,1.13
2011.05.17 07:25:24.334,1.33718,1.33739,2.25,1.13
2011.05.17 07:25:24.443,1.33717,1.33739,1.50,1.13
2011.05.17 07:25:25.323,1.33716,1.33739,1.35,1.13
2011.05.17 07:25:26.024,1.33719,1.33744,3.53,1.50
2011.05.17 07:25:26.354,1.33717,1.33739,3.53,1.50
2011.05.17 07:25:26.683,1.33717,1.33743,4.28,1.50
2011.05.17 07:25:27.600,1.33721,1.33743,1.35,1.50
2011.05.17 07:25:28.154,1.33722,1.33745,3.53,2.25
2011.05.17 07:25:31.144,1.33721,1.33743,1.35,1.50
2011.05.17 07:25:31.364,1.33721,1.33743,1.35,1.50
2011.05.17 07:25:31.584,1.33722,1.33745,1.50,1.50
2011.05.17 07:25:33.935,1.33723,1.33746,3.53,1.50
2011.05.17 07:25:34.264,1.33724,1.33746,3.53,1.50
2011.05.17 07:25:34.700,1.33724,1.3375,4.28,1.50
2011.05.17 07:25:35.254,1.33724,1.3375,4.28,1.50
2011.05.17 07:25:36.244,1.33724,1.3375,1.50,1.50
2011.05.17 07:25:36.466,1.33721,1.33746,1.35,1.13
2011.05.17 07:25:36.577,1.33721,1.33746,1.35,1.88
2011.05.17 07:25:37.133,1.33723,1.33747,2.78,1.50
2011.05.17 07:25:37.243,1.33721,1.33747,4.13,1.50
2011.05.17 07:25:37.684,1.33726,1.33748,1.50,1.50
2011.05.17 07:25:38.015,1.3373,1.33752,1.35,1.50
2011.05.17 07:25:38.126,1.3373,1.33752,1.35,1.50
2011.05.17 07:25:38.235,1.33723,1.33752,4.88,1.50
2011.05.17 07:25:38.566,1.33714,1.33742,1.50,1.50
2011.05.17 07:25:38.674,1.33716,1.33737,1.50,1.13
2011.05.17 07:25:39.223,1.33711,1.33738,1.50,1.35
2011.05.17 07:25:39.606,1.33711,1.33738,1.50,1.35
2011.05.17 07:25:39.716,1.3371,1.33737,1.50,1.50
2011.05.17 07:25:40.834,1.33709,1.33735,1.50,1.13
2011.05.17 07:25:41.274,1.33709,1.33737,1.50,1.50
2011.05.17 07:25:41.495,1.33709,1.33737,1.50,3.15
2011.05.17 07:25:42.465,1.33709,1.33731,1.50,1.35
2011.05.17 07:25:42.576,1.33705,1.33729,1.50,1.50
2011.05.17 07:25:42.688,1.33703,1.33725,1.50,1.13
2011.05.17 07:25:43.243,1.33702,1.33724,1.50,1.35
2011.05.17 07:25:43.645,1.33703,1.33729,1.50,1.50
2011.05.17 07:25:43.866,1.33706,1.33732,1.50,1.35
2011.05.17 07:25:44.456,1.33707,1.33732,2.25,1.35
2011.05.17 07:25:46.455,1.33708,1.33732,1.50,1.35
2011.05.17 07:25:47.165,1.33707,1.33735,2.25,2.10
2011.05.17 07:25:47.386,1.33709,1.33735,1.35,1.50
2011.05.17 07:25:47.496,1.33709,1.33734,2.10,1.13
2011.05.17 07:25:47.824,1.33706,1.33732,1.50,3.53
2011.05.17 07:25:48.265,1.33706,1.33732,1.50,3.53
2011.05.17 07:25:48.483,1.33706,1.33732,1.50,3.53
2011.05.17 07:25:48.814,1.33699,1.33727,1.50,2.10
2011.05.17 07:25:48.924,1.33699,1.33727,4.28,2.10
2011.05.17 07:25:49.034,1.33699,1.33727,3.53,1.35
2011.05.17 07:25:49.475,1.33698,1.33724,1.50,1.50
2011.05.17 07:25:50.024,1.33697,1.33722,4.28,2.25
2011.05.17 07:25:51.234,1.33702,1.33721,2.78,1.50
2011.05.17 07:25:51.669,1.33696,1.33723,3.00,1.50
2011.05.17 07:25:52.224,1.33697,1.33721,1.50,1.13
2011.05.17 07:25:52.553,1.33697,1.33721,1.50,1.13
2011.05.17 07:25:53.325,1.33694,1.3372,1.50,1.35
2011.05.17 07:25:54.633,1.33694,1.33719,1.50,1.13
2011.05.17 07:25:54.965,1.33694,1.33721,1.50,1.35
2011.05.17 07:25:55.183,1.33694,1.3372,1.50,1.35
2011.05.17 07:25:55.843,1.33694,1.33718,1.50,2.25
2011.05.17 07:25:56.642,1.33691,1.33717,4.28,1.50
2011.05.17 07:25:56.864,1.33691,1.33717,3.53,1.88
2011.05.17 07:25:57.193,1.33691,1.33717,1.50,1.88
2011.05.17 07:25:58.042,1.3369,1.33717,1.50,1.88
2011.05.17 07:25:58.593,1.33688,1.33714,1.35,1.50
2011.05.17 07:25:58.923,1.33688,1.33714,1.35,1.50
2011.05.17 07:25:59.363,1.33688,1.33714,1.35,1.50
2011.05.17 07:26:01.404,1.33692,1.33713,1.50,1.50
2011.05.17 07:26:01.953,1.33691,1.33717,1.50,1.50
2011.05.17 07:26:02.502,1.33691,1.33717,1.50,1.50
2011.05.17 07:26:02.836,1.33693,1.33717,1.50,1.50
2011.05.17 07:26:03.165,1.33695,1.3372,1.50,1.35
2011.05.17 07:26:03.494,1.33695,1.3372,3.53,1.35
2011.05.17 07:26:04.044,1.33693,1.33718,1.50,1.13
2011.05.17 07:26:04.266,1.33691,1.33714,1.50,1.13
2011.05.17 07:26:06.103,1.33689,1.33714,3.53,2.25
2011.05.17 07:26:06.435,1.33691,1.33712,3.53,1.50
2011.05.17 07:26:06.766,1.33688,1.33711,3.53,1.50
2011.05.17 07:26:06.987,1.33686,1.33707,1.50,1.50
2011.05.17 07:26:07.542,1.33686,1.33707,1.50,1.50
2011.05.17 07:26:08.313,1.33685,1.33707,4.28,1.50
2011.05.17 07:26:09.303,1.33685,1.33708,4.28,1.50
2011.05.17 07:26:10.193,1.33685,1.33709,4.28,2.25
2011.05.17 07:26:11.756,1.33686,1.33705,1.35,1.50
2011.05.17 07:26:11.988,1.33686,1.33709,1.35,1.50
2011.05.17 07:26:12.107,1.33686,1.33709,1.35,1.13
2011.05.17 07:26:12.325,1.33686,1.33714,1.35,1.50
2011.05.17 07:26:12.674,1.33691,1.33714,1.50,1.50
2011.05.17 07:26:12.786,1.33691,1.33716,1.50,1.50
2011.05.17 07:26:13.229,1.33702,1.33722,2.10,1.50
2011.05.17 07:26:13.455,1.33706,1.33725,1.35,1.50
2011.05.17 07:26:13.564,1.33704,1.33723,1.50,2.78
2011.05.17 07:26:13.676,1.33704,1.33726,1.50,3.90
2011.05.17 07:26:13.784,1.33702,1.33728,2.25,1.35
2011.05.17 07:26:14.004,1.33704,1.33728,1.50,1.35
2011.05.17 07:26:14.333,1.33704,1.33728,1.50,1.35
2011.05.17 07:26:15.074,1.33702,1.33728,1.50,1.35
2011.05.17 07:26:15.184,1.33704,1.33728,1.50,1.35
2011.05.17 07:26:15.845,1.33698,1.33724,2.25,1.35
2011.05.17 07:26:16.570,1.33698,1.3372,1.50,1.13
2011.05.17 07:26:16.903,1.33697,1.3372,1.50,1.88
2011.05.17 07:26:17.124,1.33694,1.33719,1.50,1.13
2011.05.17 07:26:17.343,1.33693,1.33718,1.50,1.50
2011.05.17 07:26:17.963,1.33693,1.33717,1.50,1.50
2011.05.17 07:26:19.092,1.33691,1.33716,2.10,1.50
2011.05.17 07:26:19.642,1.33691,1.33716,1.50,2.25
2011.05.17 07:26:20.174,1.33689,1.33716,2.10,2.25
2011.05.17 07:26:22.528,1.33689,1.33714,1.35,1.50
2011.05.17 07:26:24.034,1.33689,1.33711,1.35,1.50
2011.05.17 07:26:24.584,1.33686,1.33709,1.35,1.50
2011.05.17 07:26:25.264,1.33685,1.33709,3.60,1.50
2011.05.17 07:26:26.354,1.33689,1.33715,2.10,1.50
2011.05.17 07:26:26.574,1.33689,1.33716,1.35,1.50
2011.05.17 07:26:26.685,1.3369,1.33716,2.48,1.50
2011.05.17 07:26:26.795,1.33689,1.33716,2.78,1.50
2011.05.17 07:26:26.905,1.33689,1.33716,4.43,1.50
2011.05.17 07:26:27.013,1.33687,1.33716,1.73,1.50
2011.05.17 07:26:27.124,1.33687,1.33716,2.48,1.50
2011.05.17 07:26:27.234,1.33688,1.33716,1.50,1.50
2011.05.17 07:26:27.655,1.33689,1.33713,1.50,1.50
2011.05.17 07:26:29.654,1.33689,1.33713,1.50,1.50
2011.05.17 07:26:29.765,1.33689,1.33713,1.50,2.25
2011.05.17 07:26:30.095,1.33685,1.3371,2.10,1.50
2011.05.17 07:26:31.944,1.33685,1.3371,1.35,1.50
2011.05.17 07:26:32.822,1.33685,1.3371,1.35,1.50
2011.05.17 07:26:35.133,1.33682,1.33709,1.73,1.50
2011.05.17 07:26:35.684,1.33682,1.33709,1.13,2.10
2011.05.17 07:26:36.444,1.33681,1.33707,4.65,1.50
2011.05.17 07:26:37.244,1.33682,1.33707,3.53,1.50
2011.05.17 07:26:37.822,1.33682,1.33707,3.53,1.50
2011.05.17 07:26:38.833,1.33683,1.33709,3.53,2.10
2011.05.17 07:26:38.945,1.33683,1.33709,6.53,1.50
2011.05.17 07:26:39.055,1.33684,1.3371,2.40,1.50
2011.05.17 07:26:39.163,1.33684,1.3371,2.40,1.50
2011.05.17 07:26:40.153,1.33684,1.3371,3.15,1.50
2011.05.17 07:26:40.703,1.33685,1.3371,1.50,1.50
2011.05.17 07:26:41.073,1.33685,1.3371,1.50,1.50
2011.05.17 07:26:42.274,1.33684,1.33712,6.68,2.25
2011.05.17 07:26:42.605,1.33685,1.33714,1.50,1.50
2011.05.17 07:26:44.464,1.33685,1.33712,1.50,1.50
2011.05.17 07:26:44.793,1.33688,1.33712,1.50,1.50
2011.05.17 07:26:45.893,1.33684,1.33713,1.50,1.50
2011.05.17 07:26:48.103,1.33684,1.3371,1.50,1.50
2011.05.17 07:26:50.366,1.33687,1.3371,1.50,1.50
2011.05.17 07:26:50.697,1.33684,1.33708,1.50,1.50
2011.05.17 07:26:51.149,1.3368,1.337,1.50,1.50
2011.05.17 07:26:51.373,1.33672,1.337,6.30,1.50
2011.05.17 07:26:51.814,1.33674,1.337,1.50,1.50
2011.05.17 07:26:54.023,1.33675,1.337,2.78,1.50
2011.05.17 07:26:55.848,1.33675,1.337,3.38,1.50
2011.05.17 07:26:59.213,1.33676,1.337,1.35,1.50
2011.05.17 07:26:59.764,1.33675,1.337,3.38,1.50
2011.05.17 07:27:00.973,1.33674,1.337,5.63,1.50
2011.05.17 07:27:02.913,1.33678,1.33704,2.10,1.50
2011.05.17 07:27:03.639,1.33678,1.33704,2.10,1.50
2011.05.17 07:27:04.407,1.3368,1.33704,1.35,1.50
2011.05.17 07:27:04.745,1.3368,1.33704,1.35,1.50
2011.05.17 07:27:05.184,1.3368,1.33704,1.35,1.50
2011.05.17 07:27:05.294,1.33679,1.33704,5.18,1.50
2011.05.17 07:27:05.733,1.33679,1.33704,2.40,1.50
2011.05.17 07:27:06.614,1.33679,1.33705,5.18,1.50
2011.05.17 07:27:07.294,1.33681,1.33705,1.65,1.50
2011.05.17 07:27:08.005,1.33687,1.33706,1.35,2.25
2011.05.17 07:27:08.225,1.33687,1.33706,1.35,1.50
2011.05.17 07:27:08.554,1.33686,1.33709,3.75,1.50
2011.05.17 07:27:09.294,1.33686,1.33709,3.75,1.50
2011.05.17 07:27:09.844,1.33687,1.33709,3.38,1.50
2011.05.17 07:27:10.393,1.33687,1.33709,3.38,1.50
2011.05.17 07:27:10.913,1.33687,1.33709,3.38,1.50
2011.05.17 07:27:11.245,1.33689,1.33715,2.10,1.50
2011.05.17 07:27:11.466,1.33685,1.33714,3.53,2.10
2011.05.17 07:27:12.014,1.33686,1.3371,1.35,1.50
2011.05.17 07:27:12.123,1.33687,1.3371,1.35,1.50
2011.05.17 07:27:12.343,1.33689,1.3371,2.78,1.50
2011.05.17 07:27:12.994,1.33688,1.3371,1.65,1.50
2011.05.17 07:27:13.401,1.33689,1.33714,3.53,1.50
2011.05.17 07:27:14.664,1.33688,1.33714,1.50,1.50
2011.05.17 07:27:14.884,1.33688,1.33714,1.50,1.50
2011.05.17 07:27:16.617,1.33688,1.33712,1.50,1.35
2011.05.17 07:27:16.734,1.33687,1.3371,1.65,1.50
2011.05.17 07:27:16.844,1.33685,1.3371,1.65,1.50
2011.05.17 07:27:17.394,1.33683,1.3371,1.13,1.50
2011.05.17 07:27:17.944,1.33683,1.3371,1.13,1.50
2011.05.17 07:27:19.104,1.33682,1.3371,2.25,1.50
2011.05.17 07:27:19.434,1.33681,1.33707,1.13,1.50
2011.05.17 07:27:21.165,1.33687,1.33709,2.10,1.50
2011.05.17 07:27:21.384,1.33689,1.33714,1.35,1.50
2011.05.17 07:27:21.603,1.33689,1.33715,1.35,1.50
2011.05.17 07:27:22.263,1.33691,1.33715,1.50,1.50
2011.05.17 07:27:22.962,1.33691,1.33715,1.50,1.50
2011.05.17 07:27:23.532,1.33691,1.33715,1.50,1.50
2011.05.17 07:27:24.133,1.33691,1.33715,1.50,1.50
2011.05.17 07:27:24.723,1.33691,1.33715,1.50,1.50
2011.05.17 07:27:26.404,1.33691,1.33712,1.50,1.50
2011.05.17 07:27:26.734,1.33686,1.33712,1.50,1.50
2011.05.17 07:27:27.296,1.33686,1.33712,1.50,1.50
2011.05.17 07:27:27.584,1.33688,1.33713,1.50,3.15
2011.05.17 07:27:27.917,1.33687,1.33706,1.50,1.50
2011.05.17 07:27:28.035,1.3368,1.33708,1.50,1.35
2011.05.17 07:27:28.358,1.33679,1.33707,4.28,1.50
2011.05.17 07:27:28.914,1.3368,1.33707,1.50,1.50
2011.05.17 07:27:29.453,1.3368,1.33707,1.50,1.50
2011.05.17 07:27:29.893,1.33689,1.33707,4.50,1.50
2011.05.17 07:27:30.225,1.3371,1.33725,2.78,1.50
2011.05.17 07:27:30.444,1.3371,1.33731,2.78,1.50
2011.05.17 07:27:31.434,1.33711,1.33731,2.78,1.50
2011.05.17 07:27:31.873,1.33709,1.33731,2.78,1.50
2011.05.17 07:27:31.983,1.33704,1.33731,1.50,1.50
2011.05.17 07:27:34.793,1.33699,1.33726,1.50,1.50
2011.05.17 07:27:35.125,1.33699,1.33723,1.50,1.50
2011.05.17 07:27:35.345,1.33699,1.33723,1.50,1.50
2011.05.17 07:27:35.455,1.33699,1.33723,1.50,1.50
2011.05.17 07:27:35.893,1.33696,1.33723,1.50,2.25
2011.05.17 07:27:36.443,1.33696,1.33723,1.50,1.50
2011.05.17 07:27:36.555,1.33696,1.33723,1.50,1.50
2011.05.17 07:27:36.885,1.337,1.33726,1.50,1.50
2011.05.17 07:27:37.545,1.33705,1.33728,4.88,1.50
2011.05.17 07:27:38.203,1.33706,1.33731,1.35,1.50
2011.05.17 07:27:38.754,1.33707,1.3373,1.50,1.35
2011.05.17 07:27:38.976,1.33707,1.3373,1.50,1.35
2011.05.17 07:27:39.517,1.33707,1.33734,1.50,1.50
2011.05.17 07:27:39.747,1.33707,1.33729,1.50,1.35
2011.05.17 07:27:40.193,1.33707,1.33729,1.50,1.35
2011.05.17 07:27:40.743,1.33707,1.33729,1.50,1.35
2011.05.17 07:27:43.233,1.337,1.33726,4.28,1.50
2011.05.17 07:27:43.784,1.33699,1.33726,5.63,1.50
2011.05.17 07:27:43.892,1.33699,1.33726,4.88,1.50
2011.05.17 07:27:44.433,1.33699,1.33725,1.50,1.50
2011.05.17 07:27:44.548,1.33696,1.33723,1.50,1.50
2011.05.17 07:27:45.404,1.33696,1.33722,1.50,1.35
2011.05.17 07:27:45.734,1.33702,1.33723,2.48,1.50
2011.05.17 07:27:45.845,1.33706,1.33724,1.35,3.53
2011.05.17 07:27:46.174,1.33707,1.33732,2.40,1.50
2011.05.17 07:27:46.504,1.33707,1.33732,5.18,1.50
2011.05.17 07:27:46.833,1.33707,1.33732,5.18,1.50
2011.05.17 07:27:48.156,1.33713,1.33737,1.35,1.50
2011.05.17 07:27:48.375,1.33708,1.33732,2.40,3.53
2011.05.17 07:27:48.596,1.33706,1.33733,2.10,1.13
2011.05.17 07:27:50.584,1.33707,1.3373,1.50,1.35
2011.05.17 07:27:50.804,1.33707,1.33729,1.50,1.13
2011.05.17 07:27:50.914,1.337,1.33727,1.50,1.50
2011.05.17 07:27:51.354,1.337,1.33724,1.50,1.35
2011.05.17 07:27:51.683,1.33701,1.3373,1.35,1.50
2011.05.17 07:27:52.233,1.33701,1.33727,1.35,1.50
2011.05.17 07:27:52.782,1.33701,1.33727,1.35,1.50
2011.05.17 07:27:53.573,1.33701,1.33727,1.35,1.50
2011.05.17 07:27:54.016,1.33702,1.33727,1.50,1.50
2011.05.17 07:27:54.447,1.33712,1.33727,3.38,1.50
2011.05.17 07:27:54.571,1.33713,1.33739,2.10,1.50
2011.05.17 07:27:55.017,1.33713,1.33738,1.35,1.50
2011.05.17 07:27:55.245,1.33712,1.33736,3.38,1.50
2011.05.17 07:27:55.464,1.33712,1.33736,5.78,1.50
2011.05.17 07:27:55.794,1.33712,1.33736,5.03,1.50
2011.05.17 07:27:57.273,1.33712,1.33736,3.38,1.50
2011.05.17 07:27:58.043,1.33712,1.33736,3.38,1.50
2011.05.17 07:27:58.522,1.33712,1.33736,3.38,1.50
2011.05.17 07:27:59.074,1.33709,1.33736,2.85,1.50
2011.05.17 07:27:59.293,1.3371,1.33736,1.35,1.50
2011.05.17 07:28:05.544,1.3371,1.33736,1.35,1.50
2011.05.17 07:28:06.214,1.33711,1.33736,1.35,1.50
2011.05.17 07:28:06.984,1.33715,1.33736,2.10,1.50
2011.05.17 07:28:07.536,1.33714,1.33737,1.88,1.50
2011.05.17 07:28:07.756,1.33708,1.3373,3.53,1.50
2011.05.17 07:28:08.119,1.33704,1.3373,2.78,1.35
2011.05.17 07:28:08.345,1.33704,1.33727,3.53,1.50
2011.05.17 07:28:08.785,1.33701,1.33728,2.78,1.50
2011.05.17 07:28:08.895,1.33702,1.33728,2.78,1.50
2011.05.17 07:28:09.004,1.33704,1.33728,2.78,1.50
2011.05.17 07:28:09.554,1.33703,1.33728,2.78,1.50
2011.05.17 07:28:10.055,1.33702,1.33728,2.78,1.50
2011.05.17 07:28:10.383,1.33702,1.33728,2.78,1.50
2011.05.17 07:28:10.715,1.33702,1.33728,2.78,1.50
2011.05.17 07:28:10.824,1.33705,1.3373,1.35,1.50
2011.05.17 07:28:11.153,1.33705,1.3373,1.35,1.50
2011.05.17 07:28:12.106,1.33704,1.33726,1.50,1.50
2011.05.17 07:28:12.540,1.33704,1.33725,1.13,1.50
2011.05.17 07:28:12.658,1.33705,1.33727,1.65,1.50
2011.05.17 07:28:12.777,1.33705,1.33728,1.65,1.50
2011.05.17 07:28:13.305,1.33703,1.33728,1.35,1.50
2011.05.17 07:28:13.852,1.33703,1.33728,1.35,1.50
2011.05.17 07:28:15.285,1.33704,1.33728,1.13,1.50
2011.05.17 07:28:15.615,1.33709,1.33738,2.10,3.90
2011.05.17 07:28:15.834,1.33706,1.33732,1.50,1.50
2011.05.17 07:28:16.053,1.33705,1.33732,1.35,1.50
2011.05.17 07:28:16.386,1.33709,1.33735,1.35,3.00
2011.05.17 07:28:16.809,1.3371,1.33733,1.35,4.50
2011.05.17 07:28:17.155,1.33705,1.33733,3.38,1.50
2011.05.17 07:28:17.828,1.33703,1.33735,2.10,1.50
2011.05.17 07:28:19.374,1.33706,1.33734,1.35,1.50
2011.05.17 07:28:19.483,1.33706,1.33733,1.35,1.50
2011.05.17 07:28:19.924,1.33707,1.3373,1.35,1.50
2011.05.17 07:28:20.255,1.33703,1.33729,3.60,1.50
2011.05.17 07:28:20.363,1.33703,1.33729,1.50,1.50
2011.05.17 07:28:20.693,1.33702,1.33729,1.35,1.50
2011.05.17 07:28:21.732,1.33704,1.33731,1.50,1.50
2011.05.17 07:28:21.958,1.33705,1.33734,1.50,2.85
2011.05.17 07:28:22.516,1.33705,1.33734,2.10,2.25
2011.05.17 07:28:23.063,1.33705,1.33731,1.35,1.50
2011.05.17 07:28:23.825,1.33707,1.33731,2.78,1.50
2011.05.17 07:28:24.707,1.33705,1.33731,1.73,1.50
2011.05.17 07:28:25.423,1.33705,1.33734,2.10,1.50
2011.05.17 07:28:26.574,1.33707,1.33734,2.78,1.50
2011.05.17 07:28:27.044,1.3371,1.33735,1.50,1.35
2011.05.17 07:28:27.375,1.33714,1.33737,2.78,1.50
2011.05.17 07:28:27.485,1.33714,1.33737,3.53,1.50
2011.05.17 07:28:28.035,1.33711,1.33737,1.35,1.50
2011.05.17 07:28:28.790,1.33705,1.33734,1.50,1.50
2011.05.17 07:28:34.554,1.33709,1.33735,2.78,2.25
2011.05.17 07:28:34.773,1.33709,1.33737,5.03,1.50
2011.05.17 07:28:38.066,1.33711,1.33736,1.50,1.50
2011.05.17 07:28:38.612,1.3371,1.33736,1.50,1.50
2011.05.17 07:28:39.274,1.33712,1.33736,1.50,1.50
2011.05.17 07:28:39.623,1.33725,1.33736,2.78,1.50
2011.05.17 07:28:39.954,1.33729,1.33743,2.78,1.50
2011.05.17 07:28:40.063,1.33729,1.33745,2.78,1.50
2011.05.17 07:28:40.503,1.33731,1.33744,2.78,1.50
2011.05.17 07:28:41.054,1.33731,1.33744,2.78,1.50
2011.05.17 07:28:41.533,1.33729,1.33744,2.78,1.50
2011.05.17 07:28:41.645,1.33724,1.33744,1.65,1.50
2011.05.17 07:28:43.224,1.33724,1.33744,1.65,1.50
2011.05.17 07:28:43.334,1.3372,1.33744,1.35,1.50
2011.05.17 07:28:43.671,1.3372,1.33744,1.35,1.50
2011.05.17 07:28:43.786,1.3372,1.33744,1.35,1.50
2011.05.17 07:28:44.342,1.3372,1.33744,1.35,1.50
2011.05.17 07:28:45.423,1.3372,1.33744,1.35,1.50
2011.05.17 07:28:45.534,1.3372,1.33744,1.35,1.50
2011.05.17 07:28:45.862,1.3372,1.33744,1.35,1.50
2011.05.17 07:28:46.583,1.3372,1.33744,1.35,1.50
2011.05.17 07:28:46.913,1.3372,1.33744,1.35,1.50
2011.05.17 07:28:47.860,1.33718,1.33743,1.35,1.50
2011.05.17 07:28:48.362,1.33718,1.33743,2.10,1.50
2011.05.17 07:28:51.254,1.33719,1.33743,1.35,1.50
2011.05.17 07:28:52.906,1.33721,1.33745,1.73,1.50
2011.05.17 07:28:53.015,1.33723,1.33745,4.43,1.50
2011.05.17 07:28:53.366,1.33725,1.33748,1.65,1.50
2011.05.17 07:28:54.113,1.33725,1.3375,1.65,1.50
2011.05.17 07:28:54.443,1.33725,1.33748,1.65,1.50
2011.05.17 07:28:54.664,1.33724,1.33748,2.40,1.50
2011.05.17 07:28:57.745,1.33723,1.33748,2.40,1.50
2011.05.17 07:28:58.293,1.33722,1.33748,2.40,1.50
2011.05.17 07:28:59.193,1.33721,1.33748,2.85,1.50
2011.05.17 07:29:01.863,1.33723,1.33748,4.28,1.50
2011.05.17 07:29:02.593,1.33723,1.33748,3.53,1.50
2011.05.17 07:29:03.215,1.33722,1.33748,3.90,1.50
2011.05.17 07:29:03.656,1.33721,1.33748,2.10,1.50
2011.05.17 07:29:04.204,1.33721,1.33748,2.10,1.50
2011.05.17 07:29:05.692,1.33721,1.33748,2.10,1.50
2011.05.17 07:29:06.626,1.33723,1.33748,1.50,1.50
2011.05.17 07:29:06.737,1.33724,1.33748,2.85,1.50
2011.05.17 07:29:06.964,1.33725,1.33748,1.35,1.50
2011.05.17 07:29:07.624,1.33724,1.33748,2.85,1.50
2011.05.17 07:29:08.419,1.33721,1.33748,1.50,1.50
2011.05.17 07:29:09.083,1.33722,1.33748,1.50,1.50
2011.05.17 07:29:11.416,1.33727,1.33752,1.50,1.35
2011.05.17 07:29:11.633,1.33727,1.33752,1.50,1.35
2011.05.17 07:29:11.964,1.33728,1.33754,1.50,3.15
2011.05.17 07:29:12.849,1.3373,1.33754,3.53,1.50
2011.05.17 07:29:13.327,1.33731,1.33757,1.50,2.10
2011.05.17 07:29:13.984,1.33731,1.33757,1.50,2.10
2011.05.17 07:29:15.545,1.33731,1.33747,1.50,1.50
2011.05.17 07:29:15.876,1.33719,1.33742,1.50,3.53
2011.05.17 07:29:16.095,1.3372,1.33744,1.35,1.50
2011.05.17 07:29:16.674,1.3372,1.33744,1.35,1.50
2011.05.17 07:29:17.003,1.3372,1.33744,1.35,1.50
2011.05.17 07:29:17.914,1.33725,1.33747,1.50,1.50
2011.05.17 07:29:18.445,1.33725,1.3375,2.25,1.35
2011.05.17 07:29:18.556,1.33725,1.3375,2.25,1.35
2011.05.17 07:29:18.885,1.33723,1.33747,1.50,1.50
2011.05.17 07:29:19.134,1.33723,1.33747,1.50,1.50
2011.05.17 07:29:19.463,1.33728,1.33747,1.35,1.50
2011.05.17 07:29:22.724,1.3373,1.3375,3.90,2.25
2011.05.17 07:29:22.943,1.3373,1.33747,3.90,1.50
2011.05.17 07:29:23.382,1.3373,1.33752,3.90,1.50
2011.05.17 07:29:23.607,1.3373,1.33752,2.78,1.50
2011.05.17 07:29:23.834,1.33726,1.33752,2.10,1.50
2011.05.17 07:29:24.055,1.33732,1.33752,2.78,1.50
2011.05.17 07:29:24.385,1.33728,1.3375,1.35,1.50
2011.05.17 07:29:24.904,1.33725,1.33748,2.85,1.50
2011.05.17 07:29:25.020,1.33722,1.33748,1.50,1.50
2011.05.17 07:29:25.138,1.3372,1.33748,4.28,1.50
2011.05.17 07:29:25.370,1.33726,1.3375,1.35,1.50
2011.05.17 07:29:25.597,1.33728,1.3375,1.35,1.50
2011.05.17 07:29:26.653,1.3373,1.33754,1.50,1.50
2011.05.17 07:29:26.764,1.3373,1.33754,1.50,1.50
2011.05.17 07:29:26.984,1.33728,1.33754,4.88,1.50
2011.05.17 07:29:30.514,1.3373,1.33754,1.50,1.50
2011.05.17 07:29:31.063,1.3373,1.33754,1.50,1.50
2011.05.17 07:29:32.134,1.33728,1.33749,1.35,2.25
2011.05.17 07:29:32.465,1.33722,1.33748,1.50,2.10
2011.05.17 07:29:32.682,1.33722,1.33748,1.50,2.10
2011.05.17 07:29:33.155,1.33725,1.33748,1.35,1.50
2011.05.17 07:29:33.376,1.33726,1.33752,1.50,1.50
2011.05.17 07:29:33.594,1.33726,1.33752,2.25,1.50
2011.05.17 07:29:34.144,1.33726,1.33752,1.50,1.50
2011.05.17 07:29:35.285,1.33728,1.33752,1.13,1.50
2011.05.17 07:29:35.397,1.33728,1.33752,1.50,1.50
2011.05.17 07:29:35.516,1.33727,1.33752,1.50,1.50
2011.05.17 07:29:36.414,1.33729,1.33752,1.35,1.50
2011.05.17 07:29:36.853,1.33728,1.33752,2.10,1.50
2011.05.17 07:29:37.185,1.33726,1.3375,1.50,1.35
2011.05.17 07:29:37.513,1.33728,1.3375,1.50,1.35
2011.05.17 07:29:37.625,1.33724,1.3375,1.50,2.10
2011.05.17 07:29:37.754,1.33724,1.3375,1.50,2.10
2011.05.17 07:29:38.203,1.33724,1.3375,1.50,4.88
2011.05.17 07:29:40.205,1.33724,1.3375,1.50,2.10
2011.05.17 07:29:40.533,1.33723,1.3375,2.25,6.53
2011.05.17 07:29:40.644,1.33724,1.3375,1.50,3.75
2011.05.17 07:29:41.683,1.33723,1.3375,2.25,3.75
2011.05.17 07:29:46.874,1.33723,1.33749,1.50,3.53
2011.05.17 07:29:47.205,1.33715,1.33737,1.50,2.40
2011.05.17 07:29:50.445,1.33715,1.33737,1.50,2.40
2011.05.17 07:29:50.555,1.33715,1.33736,1.50,1.35
2011.05.17 07:29:50.668,1.33711,1.33736,2.78,1.50
2011.05.17 07:29:50.895,1.33713,1.33736,2.78,1.50
2011.05.17 07:29:51.004,1.3371,1.33736,2.78,1.50
2011.05.17 07:29:51.953,1.3371,1.33735,2.78,1.50
2011.05.17 07:29:52.285,1.33705,1.3373,1.50,1.50
2011.05.17 07:29:52.835,1.33704,1.3373,3.53,1.50
2011.05.17 07:29:52.945,1.33711,1.33732,1.50,1.35
2011.05.17 07:29:53.275,1.33711,1.33736,1.50,1.13
2011.05.17 07:29:53.494,1.33711,1.33734,1.50,2.40
2011.05.17 07:29:54.043,1.33716,1.33739,2.78,2.25
2011.05.17 07:29:54.594,1.33713,1.33739,2.78,1.50
2011.05.17 07:29:54.813,1.33716,1.33739,2.78,1.50
2011.05.17 07:29:55.144,1.33726,1.33743,2.78,1.50
2011.05.17 07:29:55.255,1.3372,1.33743,2.78,1.50
2011.05.17 07:29:55.562,1.33723,1.33743,2.78,1.50
2011.05.17 07:29:55.679,1.33725,1.33743,2.78,1.50
2011.05.17 07:29:55.799,1.3372,1.33743,2.78,1.50
2011.05.17 07:29:55.915,1.33716,1.33743,4.28,1.50
2011.05.17 07:29:56.027,1.33716,1.33742,4.28,1.35
2011.05.17 07:29:56.246,1.33717,1.33744,1.35,2.25
2011.05.17 07:29:57.016,1.33717,1.33743,1.35,1.50
2011.05.17 07:29:58.003,1.33717,1.33744,1.35,2.25
2011.05.17 07:29:58.443,1.33717,1.33743,1.35,1.50
2011.05.17 07:29:58.775,1.33717,1.33743,1.35,1.50
2011.05.17 07:29:58.994,1.33717,1.33744,1.35,2.25
2011.05.17 07:29:59.765,1.3372,1.33744,2.78,2.25
2011.05.17 07:30:00.094,1.3372,1.33743,2.78,1.50
2011.05.17 07:30:00.404,1.3372,1.33744,2.78,2.25
2011.05.17 07:30:01.105,1.33717,1.33744,4.50,2.25
2011.05.17 07:30:01.215,1.33717,1.33743,4.50,1.50
2011.05.17 07:30:01.545,1.33727,1.33743,2.78,1.50
2011.05.17 07:30:02.374,1.33727,1.33745,2.78,1.50
2011.05.17 07:30:03.443,1.33727,1.33745,2.78,1.50
2011.05.17 07:30:03.664,1.33727,1.3375,2.78,2.10
2011.05.17 07:30:03.774,1.33727,1.3375,3.38,1.50
2011.05.17 07:30:04.108,1.33729,1.33755,4.88,1.50
2011.05.17 07:30:05.205,1.33729,1.33754,2.10,1.50
2011.05.17 07:30:05.834,1.33731,1.33754,1.35,1.50
2011.05.17 07:30:06.383,1.33731,1.33756,1.35,1.50
2011.05.17 07:30:06.934,1.33731,1.33754,1.35,1.50
2011.05.17 07:30:07.484,1.33731,1.33756,1.35,1.50
2011.05.17 07:30:08.363,1.33731,1.33754,1.35,1.50
2011.05.17 07:30:08.586,1.33737,1.33755,3.53,1.50
2011.05.17 07:30:08.913,1.33737,1.33754,2.78,1.50
2011.05.17 07:30:09.024,1.33732,1.33754,1.35,1.50
2011.05.17 07:30:09.243,1.33732,1.33754,1.35,1.50
2011.05.17 07:30:09.465,1.3373,1.33754,4.13,1.50
2011.05.17 07:30:09.793,1.3373,1.33754,4.13,1.50
2011.05.17 07:30:10.124,1.3373,1.33754,1.35,1.50
2011.05.17 07:30:10.794,1.3373,1.33754,1.35,1.50
2011.05.17 07:30:11.124,1.33731,1.33755,1.13,1.50
2011.05.17 07:30:12.004,1.33737,1.33754,3.38,1.50
2011.05.17 07:30:12.334,1.33735,1.33754,6.15,1.50
2011.05.17 07:30:12.883,1.33735,1.33754,4.13,1.50
2011.05.17 07:30:13.774,1.33733,1.33758,1.73,1.50
2011.05.17 07:30:14.213,1.33732,1.33758,4.13,1.50
2011.05.17 07:30:14.655,1.3373,1.33754,1.50,3.15
2011.05.17 07:30:14.875,1.3373,1.33754,1.50,1.50
2011.05.17 07:30:15.205,1.3373,1.33754,2.10,1.50
2011.05.17 07:30:15.423,1.3373,1.33754,2.10,1.50
2011.05.17 07:30:15.773,1.3373,1.33754,2.10,1.50
2011.05.17 07:30:15.994,1.3373,1.33756,2.10,2.25
2011.05.17 07:30:16.543,1.3373,1.33754,2.10,1.50
2011.05.17 07:30:16.653,1.33732,1.33755,1.50,1.50
2011.05.17 07:30:16.983,1.33737,1.33755,1.35,1.50
2011.05.17 07:30:17.424,1.33737,1.33759,4.13,1.50
2011.05.17 07:30:17.865,1.3373,1.33759,4.88,1.50
2011.05.17 07:30:17.975,1.33733,1.33759,2.78,1.50
2011.05.17 07:30:18.536,1.3373,1.33759,4.88,1.50
2011.05.17 07:30:18.755,1.33733,1.33759,2.78,1.50
2011.05.17 07:30:18.975,1.33731,1.33759,3.53,1.50
2011.05.17 07:30:19.084,1.33731,1.33759,3.53,1.50
2011.05.17 07:30:19.305,1.33731,1.33759,3.53,1.50
2011.05.17 07:30:19.635,1.33731,1.33758,3.53,1.50
2011.05.17 07:30:19.854,1.3373,1.33756,4.88,1.50
2011.05.17 07:30:20.403,1.33731,1.33755,3.53,1.50
2011.05.17 07:30:20.624,1.33731,1.33755,3.53,1.50
2011.05.17 07:30:20.963,1.33737,1.33755,2.78,1.50
2011.05.17 07:30:21.404,1.33737,1.3376,2.78,1.50
2011.05.17 07:30:22.393,1.33737,1.3376,2.78,1.50
2011.05.17 07:30:22.503,1.33737,1.3376,2.78,1.50
2011.05.17 07:30:23.053,1.33734,1.3376,1.50,1.50
2011.05.17 07:30:23.494,1.33734,1.3376,1.50,3.15
2011.05.17 07:30:24.215,1.33734,1.3376,1.50,3.15
2011.05.17 07:30:24.544,1.33734,1.3376,1.50,3.15
2011.05.17 07:30:25.138,1.33734,1.3376,1.50,3.15
2011.05.17 07:30:25.803,1.33734,1.3376,1.50,3.15
2011.05.17 07:30:26.376,1.33734,1.3376,1.50,3.15
2011.05.17 07:30:26.894,1.33734,1.3376,1.50,3.15
2011.05.17 07:30:27.004,1.33734,1.3376,1.50,3.15
2011.05.17 07:30:27.446,1.33734,1.33758,4.28,1.50
2011.05.17 07:30:27.774,1.33733,1.33757,3.53,1.50
2011.05.17 07:30:29.054,1.33746,1.33757,2.78,1.50
2011.05.17 07:30:29.386,1.33748,1.33759,5.55,1.50
2011.05.17 07:30:29.498,1.3375,1.33759,2.78,1.50
2011.05.17 07:30:29.830,1.33745,1.33767,3.38,2.40
2011.05.17 07:30:29.947,1.3375,1.33767,2.78,2.40
2011.05.17 07:30:30.066,1.3375,1.33767,2.78,2.40
2011.05.17 07:30:30.285,1.33751,1.33775,1.35,3.15
2011.05.17 07:30:30.394,1.3375,1.33775,3.53,3.15
2011.05.17 07:30:30.505,1.33755,1.33775,2.78,1.50
2011.05.17 07:30:30.725,1.33749,1.33773,4.28,2.40
2011.05.17 07:30:31.164,1.33746,1.33771,1.35,1.50
2011.05.17 07:30:31.493,1.33747,1.33771,1.50,1.50
2011.05.17 07:30:32.044,1.33746,1.33771,2.10,1.50
2011.05.17 07:30:32.263,1.33747,1.33771,1.50,1.50
2011.05.17 07:30:33.334,1.33747,1.33771,1.50,1.50
2011.05.17 07:30:33.776,1.33748,1.33774,1.50,1.50
2011.05.17 07:30:34.098,1.33745,1.33771,3.53,1.35
2011.05.17 07:30:34.653,1.33746,1.33771,2.78,2.10
2011.05.17 07:30:35.716,1.33746,1.3377,2.78,1.35
2011.05.17 07:30:37.063,1.33744,1.3377,4.28,1.35
2011.05.17 07:30:37.613,1.33748,1.3377,2.78,1.35
2011.05.17 07:30:37.944,1.33745,1.33769,1.50,1.35
2011.05.17 07:30:38.274,1.33748,1.33769,1.50,1.35
2011.05.17 07:30:39.054,1.33748,1.33769,2.25,1.35
2011.05.17 07:30:39.623,1.33748,1.33769,2.25,1.35
2011.05.17 07:30:41.704,1.33749,1.33775,3.53,3.00
2011.05.17 07:30:42.364,1.33749,1.33773,2.78,1.50
2011.05.17 07:30:42.477,1.33747,1.33769,3.53,1.35
2011.05.17 07:30:43.034,1.33746,1.33769,7.05,1.35
2011.05.17 07:30:43.582,1.33746,1.33769,1.50,1.35
2011.05.17 07:30:44.462,1.33744,1.33768,1.50,1.50
2011.05.17 07:30:44.580,1.33742,1.33768,1.50,1.50
2011.05.17 07:30:45.135,1.33746,1.33769,2.78,1.35
2011.05.17 07:30:45.248,1.33746,1.3377,3.53,1.35
2011.05.17 07:30:45.586,1.33747,1.33769,3.53,1.35
2011.05.17 07:30:45.950,1.33748,1.3377,1.50,1.35
2011.05.17 07:30:46.068,1.33747,1.33772,3.53,1.50
2011.05.17 07:30:46.491,1.33745,1.33768,3.53,1.35
2011.05.17 07:30:46.826,1.33744,1.33768,3.53,3.75
2011.05.17 07:30:48.048,1.33744,1.33768,3.53,1.35
2011.05.17 07:30:50.394,1.33743,1.33768,3.53,1.50
2011.05.17 07:30:54.234,1.3374,1.33766,4.13,1.50
2011.05.17 07:30:54.343,1.3374,1.33765,3.38,1.50
2011.05.17 07:30:54.893,1.33741,1.33764,2.78,1.50
2011.05.17 07:30:56.334,1.33739,1.33764,6.90,1.50
2011.05.17 07:30:56.663,1.33743,1.33764,2.85,1.50
2011.05.17 07:30:56.995,1.33751,1.3377,3.53,1.50
2011.05.17 07:30:57.324,1.33748,1.3377,4.28,1.50
2011.05.17 07:30:57.544,1.33748,1.33774,4.28,1.50
2011.05.17 07:30:57.763,1.33748,1.33774,4.28,1.50
2011.05.17 07:31:03.365,1.33747,1.33772,2.85,1.88
2011.05.17 07:31:03.701,1.3374,1.33759,2.78,1.50
2011.05.17 07:31:03.818,1.33736,1.33759,4.43,1.50
2011.05.17 07:31:03.937,1.33739,1.33761,4.88,1.50
2011.05.17 07:31:04.165,1.33743,1.33765,2.78,1.50
2011.05.17 07:31:04.277,1.33743,1.33767,2.78,1.50
2011.05.17 07:31:04.495,1.33745,1.33771,2.78,3.23
2011.05.17 07:31:04.713,1.33743,1.33771,1.50,2.48
2011.05.17 07:31:04.825,1.33744,1.3377,1.50,1.50
2011.05.17 07:31:05.267,1.33747,1.3377,1.73,1.50
2011.05.17 07:31:05.385,1.33751,1.33772,3.53,1.50
2011.05.17 07:31:05.495,1.33751,1.3378,3.53,1.50
2011.05.17 07:31:05.824,1.33752,1.3378,2.25,1.50
2011.05.17 07:31:08.103,1.33752,1.3378,1.50,1.50
2011.05.17 07:31:09.127,1.33752,1.33772,1.50,1.35
2011.05.17 07:31:09.359,1.33742,1.3377,1.50,1.50
2011.05.17 07:31:09.479,1.33739,1.33762,1.50,1.50
2011.05.17 07:31:09.596,1.33738,1.33762,1.50,1.50
2011.05.17 07:31:09.704,1.33735,1.33762,1.50,1.50
2011.05.17 07:31:10.285,1.33735,1.33762,1.50,1.50
2011.05.17 07:31:12.533,1.33737,1.33762,1.50,1.50
2011.05.17 07:31:13.134,1.33738,1.33763,1.50,1.50
2011.05.17 07:31:13.358,1.33735,1.33762,1.50,1.50
2011.05.17 07:31:14.020,1.33736,1.33764,1.50,3.60
2011.05.17 07:31:14.138,1.33736,1.33756,1.50,1.13
2011.05.17 07:31:14.697,1.33731,1.33752,3.53,1.35
2011.05.17 07:31:15.253,1.33727,1.33752,1.50,1.35
2011.05.17 07:31:15.803,1.33727,1.33752,1.50,1.35
2011.05.17 07:31:16.684,1.33727,1.33752,1.50,1.35
2011.05.17 07:31:19.213,1.33727,1.33754,4.88,1.88
2011.05.17 07:31:19.323,1.33727,1.33754,4.88,1.88
2011.05.17 07:31:19.782,1.33727,1.33754,4.88,1.88
2011.05.17 07:31:19.900,1.33731,1.33754,2.78,1.50
2011.05.17 07:31:20.126,1.33729,1.33754,3.53,1.50
2011.05.17 07:31:20.454,1.33727,1.33754,4.88,1.50
2011.05.17 07:31:23.226,1.33729,1.33754,3.53,1.50
2011.05.17 07:31:23.444,1.33729,1.33754,3.53,1.50
2011.05.17 07:31:23.993,1.33729,1.33754,3.53,1.50
2011.05.17 07:31:24.654,1.33732,1.33753,1.35,1.50
2011.05.17 07:31:25.205,1.3373,1.33757,1.50,2.10
2011.05.17 07:31:25.314,1.3373,1.33748,1.50,1.35
2011.05.17 07:31:25.647,1.33729,1.33739,2.78,1.35
2011.05.17 07:31:25.980,1.33717,1.33735,2.78,2.10
2011.05.17 07:31:26.205,1.33722,1.3373,2.78,2.40
2011.05.17 07:31:26.316,1.33711,1.3373,4.28,2.40
2011.05.17 07:31:26.536,1.33714,1.33739,1.13,1.50
2011.05.17 07:31:26.754,1.33719,1.33743,1.50,1.50
2011.05.17 07:31:27.084,1.33725,1.33747,1.50,1.50
2011.05.17 07:31:27.195,1.33724,1.3375,4.28,3.15
2011.05.17 07:31:27.524,1.33724,1.33752,1.50,4.28
2011.05.17 07:31:27.856,1.33727,1.33752,1.50,4.28
2011.05.17 07:31:27.967,1.33728,1.33752,1.50,3.53
2011.05.17 07:31:28.294,1.33727,1.33753,1.50,1.35
2011.05.17 07:31:28.623,1.33727,1.33753,1.50,1.35
2011.05.17 07:31:29.195,1.33728,1.3375,1.50,1.50
2011.05.17 07:31:29.526,1.33722,1.33744,2.25,1.35
2011.05.17 07:31:29.635,1.33722,1.33744,1.50,1.35
2011.05.17 07:31:30.406,1.33722,1.33746,2.10,1.50
2011.05.17 07:31:30.736,1.33722,1.33746,1.50,1.50
2011.05.17 07:31:31.173,1.33722,1.33746,1.50,1.50
2011.05.17 07:31:31.283,1.33722,1.33746,1.50,1.50
2011.05.17 07:31:31.746,1.33726,1.33748,3.53,2.10
2011.05.17 07:31:32.294,1.33725,1.33749,1.50,1.50
2011.05.17 07:31:32.843,1.33724,1.33749,1.50,1.50
2011.05.17 07:31:33.393,1.33723,1.33749,2.25,1.50
2011.05.17 07:31:33.504,1.33723,1.33749,1.50,1.50
2011.05.17 07:31:34.046,1.33723,1.33749,1.50,1.50
2011.05.17 07:31:36.526,1.33721,1.33746,3.53,1.50
2011.05.17 07:31:36.964,1.33721,1.33746,3.53,1.50
2011.05.17 07:31:37.295,1.3372,1.33744,3.53,1.35
2011.05.17 07:31:37.514,1.33719,1.33742,3.53,1.50
2011.05.17 07:31:38.174,1.33722,1.33744,1.50,1.35
2011.05.17 07:31:39.205,1.33725,1.33746,2.78,1.50
2011.05.17 07:31:39.427,1.33725,1.33751,1.50,2.10
2011.05.17 07:31:39.547,1.33724,1.33751,1.50,2.10
2011.05.17 07:31:40.817,1.33728,1.33751,3.53,2.10
2011.05.17 07:31:41.154,1.33729,1.33751,2.78,2.10
2011.05.17 07:31:41.375,1.33729,1.33751,3.53,2.10
2011.05.17 07:31:42.804,1.33729,1.33751,2.78,2.10
2011.05.17 07:31:43.864,1.3373,1.33751,2.78,2.10
2011.05.17 07:31:44.083,1.33725,1.33751,1.50,2.10
2011.05.17 07:31:44.304,1.33725,1.33751,1.50,2.10
2011.05.17 07:31:44.746,1.33725,1.33751,1.50,2.10
2011.05.17 07:31:45.073,1.33725,1.33751,1.50,2.10
2011.05.17 07:31:45.404,1.33725,1.33751,1.50,2.10
2011.05.17 07:31:46.359,1.33724,1.33751,4.28,2.10
2011.05.17 07:31:47.676,1.33723,1.33751,1.50,2.10
2011.05.17 07:31:48.733,1.33725,1.33751,3.53,2.10
2011.05.17 07:31:50.264,1.33727,1.33751,2.78,2.10
2011.05.17 07:31:50.595,1.33735,1.33751,1.73,1.50
2011.05.17 07:31:51.093,1.33739,1.33765,1.50,1.35
2011.05.17 07:31:51.210,1.33744,1.33765,1.50,1.35
2011.05.17 07:31:51.436,1.33744,1.33765,1.50,1.35
2011.05.17 07:31:52.204,1.33739,1.33765,2.25,1.35
2011.05.17 07:31:52.315,1.33739,1.33765,2.25,1.35
2011.05.17 07:31:52.535,1.3374,1.33765,1.50,1.35
2011.05.17 07:31:53.041,1.33739,1.33765,2.25,1.35
2011.05.17 07:31:54.336,1.33739,1.33765,4.28,1.35
2011.05.17 07:31:54.777,1.33744,1.33765,2.78,2.10
2011.05.17 07:31:54.888,1.3374,1.33765,1.50,2.10
2011.05.17 07:31:55.006,1.33737,1.33762,4.28,1.35
2011.05.17 07:31:55.226,1.33738,1.33764,3.53,1.50
2011.05.17 07:31:55.336,1.33738,1.3376,3.53,2.10
2011.05.17 07:31:55.772,1.33739,1.33756,1.50,2.10
2011.05.17 07:31:56.215,1.33724,1.33745,1.65,1.35
2011.05.17 07:31:56.765,1.33724,1.33745,2.78,1.35
2011.05.17 07:31:56.986,1.33717,1.33741,4.28,2.10
2011.05.17 07:31:57.425,1.3372,1.33737,3.53,1.50
2011.05.17 07:31:58.086,1.33717,1.3374,3.53,1.35
2011.05.17 07:31:58.415,1.33713,1.33737,1.50,1.50
2011.05.17 07:31:58.526,1.33712,1.33738,1.50,1.50
2011.05.17 07:31:58.747,1.33719,1.33739,3.53,1.50
2011.05.17 07:31:59.117,1.33715,1.33738,1.35,1.50
2011.05.17 07:31:59.232,1.33713,1.33738,3.53,1.50
2011.05.17 07:31:59.459,1.33716,1.33741,1.13,3.15
2011.05.17 07:31:59.577,1.33716,1.33741,1.13,3.15
2011.05.17 07:31:59.805,1.3372,1.33741,2.78,1.50
2011.05.17 07:31:59.915,1.33717,1.33741,1.50,1.50
2011.05.17 07:32:00.435,1.33715,1.33741,1.50,1.50
2011.05.17 07:32:00.876,1.3372,1.33742,3.53,1.50
2011.05.17 07:32:01.430,1.33719,1.33745,4.28,1.50
2011.05.17 07:32:02.315,1.33718,1.33745,1.50,1.50
2011.05.17 07:32:02.534,1.33719,1.33745,1.50,1.50
2011.05.17 07:32:03.084,1.33719,1.33745,4.28,1.50
2011.05.17 07:32:03.193,1.33719,1.33745,4.28,1.50
2011.05.17 07:32:03.844,1.3372,1.33745,3.53,1.50
2011.05.17 07:32:06.059,1.33721,1.33746,3.53,2.85
2011.05.17 07:32:06.396,1.33717,1.33741,1.35,1.50
2011.05.17 07:32:06.507,1.33721,1.33747,1.50,2.40
2011.05.17 07:32:06.737,1.33721,1.3375,2.25,1.50
2011.05.17 07:32:07.076,1.33719,1.33742,3.53,1.50
2011.05.17 07:32:07.296,1.33719,1.33747,4.28,1.50
2011.05.17 07:32:07.514,1.3372,1.33748,1.50,2.10
2011.05.17 07:32:09.644,1.3372,1.33752,1.50,1.50
2011.05.17 07:32:10.665,1.33724,1.33752,2.78,1.50
2011.05.17 07:32:10.994,1.33724,1.33754,3.53,1.50
2011.05.17 07:32:11.434,1.33727,1.33754,1.50,1.50
2011.05.17 07:32:11.765,1.33732,1.33754,1.73,1.50
2011.05.17 07:32:11.876,1.33735,1.33759,3.15,1.50
2011.05.17 07:32:12.756,1.33738,1.3376,2.78,2.25
2011.05.17 07:32:14.685,1.33733,1.3376,3.00,1.50
2011.05.17 07:32:14.796,1.33732,1.33755,4.13,1.50
2011.05.17 07:32:15.015,1.33732,1.33756,4.13,1.50
2011.05.17 07:32:15.564,1.33732,1.33758,4.88,1.50
2011.05.17 07:32:17.053,1.33732,1.33758,4.28,2.10
2011.05.17 07:32:18.026,1.33733,1.33758,1.65,1.50
2011.05.17 07:32:18.138,1.33733,1.3376,2.78,1.50
2011.05.17 07:32:20.096,1.33733,1.3376,5.18,1.50
2011.05.17 07:32:20.205,1.33736,1.33761,1.13,2.10
2011.05.17 07:32:20.426,1.33729,1.33755,1.50,1.35
2011.05.17 07:32:20.536,1.33727,1.33754,1.50,1.35
2011.05.17 07:32:20.757,1.3373,1.33754,1.50,1.35
2011.05.17 07:32:21.305,1.33728,1.33755,1.50,2.10
2011.05.17 07:32:26.104,1.33729,1.33755,1.35,1.50
2011.05.17 07:32:28.436,1.33732,1.33759,2.25,2.10
2011.05.17 07:32:28.654,1.33732,1.33759,5.03,2.10
2011.05.17 07:32:29.874,1.33733,1.33759,3.53,2.10
2011.05.17 07:32:31.733,1.33733,1.33759,1.50,2.10
2011.05.17 07:32:32.585,1.33732,1.33759,1.50,2.10
2011.05.17 07:32:33.004,1.33731,1.33756,2.78,1.50
2011.05.17 07:32:33.116,1.33731,1.33756,2.78,1.50
2011.05.17 07:32:33.664,1.3373,1.33756,3.53,1.50
2011.05.17 07:32:33.994,1.3373,1.33756,3.53,1.50
2011.05.17 07:32:34.873,1.33729,1.33756,2.10,1.50
2011.05.17 07:32:36.365,1.33729,1.33756,1.50,2.10
2011.05.17 07:32:36.585,1.33731,1.33755,2.78,2.40
2011.05.17 07:32:37.135,1.3373,1.33756,3.53,2.10
2011.05.17 07:32:37.354,1.3373,1.33756,4.28,2.10
2011.05.17 07:32:38.121,1.3373,1.33756,3.53,2.10
2011.05.17 07:32:41.882,1.33729,1.33756,5.03,2.10
2011.05.17 07:32:42.214,1.33732,1.33756,1.35,1.50
2011.05.17 07:32:42.764,1.33732,1.33758,1.50,1.35
2011.05.17 07:32:44.308,1.33746,1.33758,2.78,1.35
2011.05.17 07:32:44.645,1.33751,1.3376,2.78,1.50
2011.05.17 07:32:44.756,1.33754,1.33773,2.78,1.35
2011.05.17 07:32:44.977,1.33754,1.33773,2.78,1.35
2011.05.17 07:32:45.193,1.33754,1.33767,2.78,1.35
2011.05.17 07:32:45.745,1.33754,1.33767,2.78,1.35
2011.05.17 07:32:46.265,1.33752,1.33767,2.78,2.10
2011.05.17 07:32:46.375,1.33752,1.33764,2.78,1.50
2011.05.17 07:32:46.596,1.33736,1.3376,1.50,1.50
2011.05.17 07:32:46.925,1.33737,1.33762,3.53,1.35
2011.05.17 07:32:47.256,1.33732,1.33756,1.50,1.35
2011.05.17 07:32:47.588,1.33728,1.33748,2.40,1.73
2011.05.17 07:32:47.705,1.33728,1.33748,2.40,1.35
2011.05.17 07:32:47.924,1.33729,1.33746,1.35,1.50
2011.05.17 07:32:48.255,1.3373,1.3375,1.73,1.50
2011.05.17 07:32:48.663,1.33736,1.33753,1.13,3.53
2011.05.17 07:32:48.781,1.33739,1.33762,2.78,1.50
2011.05.17 07:32:49.114,1.33741,1.33762,1.65,1.50
2011.05.17 07:32:49.560,1.33741,1.33763,2.78,2.25
2011.05.17 07:32:50.114,1.3374,1.33762,7.20,1.50
2011.05.17 07:32:50.666,1.33741,1.33765,5.18,1.50
2011.05.17 07:32:51.215,1.33741,1.33765,3.53,1.50
2011.05.17 07:32:51.764,1.33742,1.33765,2.78,1.50
2011.05.17 07:32:52.314,1.33741,1.33763,2.78,1.50
2011.05.17 07:32:53.324,1.33736,1.33762,1.50,1.35
2011.05.17 07:32:53.661,1.33736,1.33761,1.50,3.15
2011.05.17 07:32:53.774,1.33733,1.33759,1.50,1.50
2011.05.17 07:32:54.326,1.33733,1.33758,1.50,2.40
2011.05.17 07:32:54.984,1.33735,1.33759,2.78,3.15
2011.05.17 07:32:55.503,1.33735,1.33759,2.78,3.15
2011.05.17 07:32:55.923,1.33735,1.33759,2.78,3.15
2011.05.17 07:32:56.776,1.33733,1.33755,1.50,1.35
2011.05.17 07:32:56.995,1.33733,1.33755,1.50,1.35
2011.05.17 07:32:57.325,1.3373,1.33755,1.50,1.35
2011.05.17 07:32:58.413,1.33734,1.33755,2.78,1.35
2011.05.17 07:32:58.903,1.3373,1.33755,1.50,1.35
2011.05.17 07:32:59.297,1.3373,1.33754,1.50,1.50
2011.05.17 07:32:59.825,1.33737,1.33752,2.78,2.25
2011.05.17 07:32:59.949,1.33733,1.33754,1.65,1.35
2011.05.17 07:33:00.068,1.33729,1.33754,2.25,1.35
2011.05.17 07:33:00.407,1.33729,1.33754,1.50,1.35
2011.05.17 07:33:00.734,1.33728,1.33754,1.50,2.10
2011.05.17 07:33:00.844,1.33727,1.33754,1.50,1.35
2011.05.17 07:33:00.955,1.33727,1.33754,1.50,2.10
2011.05.17 07:33:01.175,1.33727,1.33754,1.50,1.35
2011.05.17 07:33:02.847,1.33727,1.33752,1.50,2.10
2011.05.17 07:33:03.287,1.33721,1.33743,1.50,2.40
2011.05.17 07:33:03.614,1.33718,1.33742,4.28,5.78
2011.05.17 07:33:03.834,1.33718,1.33741,3.53,1.35
2011.05.17 07:33:04.615,1.33718,1.33738,2.10,1.50
2011.05.17 07:33:04.725,1.33721,1.33748,1.50,1.35
2011.05.17 07:33:05.275,1.33721,1.33748,1.50,1.35
2011.05.17 07:33:05.934,1.33721,1.33747,2.10,1.50
2011.05.17 07:33:07.394,1.33721,1.33748,4.28,1.50
2011.05.17 07:33:07.614,1.33723,1.33749,1.50,2.48
2011.05.17 07:33:08.196,1.33725,1.3375,1.50,2.48
2011.05.17 07:33:10.598,1.33724,1.33747,1.50,1.65
2011.05.17 07:33:10.712,1.33724,1.33748,1.35,1.50
2011.05.17 07:33:10.829,1.33724,1.33748,1.35,1.50
2011.05.17 07:33:11.496,1.33728,1.33752,1.50,1.50
2011.05.17 07:33:12.004,1.33728,1.33752,1.50,1.50
2011.05.17 07:33:12.806,1.33724,1.3375,2.10,1.50
2011.05.17 07:33:13.394,1.33724,1.3375,2.10,1.50
2011.05.17 07:33:13.725,1.33722,1.33746,1.50,2.40
2011.05.17 07:33:13.837,1.3372,1.33743,3.53,1.50
2011.05.17 07:33:14.384,1.3372,1.33743,3.53,1.50
2011.05.17 07:33:14.935,1.3372,1.33743,3.53,1.50
2011.05.17 07:33:15.157,1.33723,1.33749,4.28,1.35
2011.05.17 07:33:15.265,1.33723,1.3375,4.88,1.50
2011.05.17 07:33:15.541,1.33726,1.33749,2.78,1.50
2011.05.17 07:33:15.874,1.33732,1.33753,2.78,2.10
2011.05.17 07:33:16.424,1.33732,1.33753,3.53,2.10
2011.05.17 07:33:16.973,1.33732,1.33753,3.53,2.10
2011.05.17 07:33:17.088,1.3373,1.33753,3.53,2.10
2011.05.17 07:33:17.315,1.33732,1.33755,1.50,2.40
2011.05.17 07:33:17.973,1.33732,1.33756,1.50,2.40
2011.05.17 07:33:18.523,1.33732,1.33756,1.50,1.65
2011.05.17 07:33:18.855,1.33732,1.33757,1.50,2.40
2011.05.17 07:33:20.044,1.33731,1.33756,2.25,1.73
2011.05.17 07:33:20.594,1.33732,1.33753,1.50,2.40
2011.05.17 07:33:20.924,1.33731,1.33753,1.50,2.40
2011.05.17 07:33:21.320,1.33726,1.33746,6.30,1.35
2011.05.17 07:33:21.442,1.33725,1.3375,3.53,1.50
2011.05.17 07:33:21.556,1.33725,1.3375,3.53,1.50
2011.05.17 07:33:21.886,1.33725,1.33749,4.28,1.35
2011.05.17 07:33:22.435,1.33728,1.33749,3.53,1.35
2011.05.17 07:33:23.646,1.33728,1.33749,2.78,2.10
2011.05.17 07:33:23.754,1.33726,1.33749,2.78,2.85
2011.05.17 07:33:23.975,1.33724,1.33744,3.53,1.35
2011.05.17 07:33:24.304,1.33718,1.33741,4.28,1.35
2011.05.17 07:33:24.854,1.33717,1.33741,2.25,1.35
2011.05.17 07:33:25.294,1.33718,1.33742,1.50,3.00
2011.05.17 07:33:25.624,1.33717,1.33741,2.25,3.00
2011.05.17 07:33:26.283,1.3371,1.33735,1.50,1.35
2011.05.17 07:33:26.725,1.3371,1.33732,1.50,1.65
2011.05.17 07:33:27.058,1.33702,1.33724,1.50,1.35
2011.05.17 07:33:27.613,1.337,1.33724,1.50,1.35
2011.05.17 07:33:27.945,1.337,1.33723,1.50,2.40
2011.05.17 07:33:28.604,1.337,1.33724,1.50,3.00
2011.05.17 07:33:28.716,1.337,1.33724,1.50,3.00
2011.05.17 07:33:29.265,1.337,1.33723,1.50,2.40
2011.05.17 07:33:29.595,1.337,1.33725,1.50,1.35
2011.05.17 07:33:29.705,1.337,1.33724,1.50,3.00
2011.05.17 07:33:30.111,1.33703,1.33727,1.50,1.35
2011.05.17 07:33:31.134,1.33703,1.33728,1.50,3.75
2011.05.17 07:33:31.243,1.33703,1.33728,1.50,3.75
2011.05.17 07:33:31.794,1.33703,1.33728,1.50,2.10
2011.05.17 07:33:32.455,1.33703,1.33728,5.03,2.10
2011.05.17 07:33:33.115,1.33705,1.33732,1.50,2.40
2011.05.17 07:33:33.774,1.33705,1.33732,1.50,2.40
2011.05.17 07:33:33.994,1.33706,1.33733,3.53,3.15
2011.05.17 07:33:34.764,1.33705,1.33733,1.50,3.15
2011.05.17 07:33:36.654,1.33705,1.33733,1.50,1.50
2011.05.17 07:33:37.205,1.33705,1.33733,1.50,1.50
2011.05.17 07:33:37.424,1.33704,1.33732,2.25,2.40
2011.05.17 07:33:37.975,1.33706,1.33733,1.35,1.50
2011.05.17 07:33:38.306,1.33705,1.33728,1.50,1.65
2011.05.17 07:33:38.415,1.33704,1.33728,2.25,2.40
2011.05.17 07:33:38.746,1.33703,1.33725,1.35,2.40
2011.05.17 07:33:38.855,1.33701,1.33725,1.35,1.65
2011.05.17 07:33:39.404,1.33701,1.33724,2.10,1.65
2011.05.17 07:33:39.625,1.33701,1.33726,1.35,1.65
2011.05.17 07:33:40.174,1.33701,1.33725,1.35,2.40
2011.05.17 07:33:40.505,1.33705,1.3372,1.35,1.65
2011.05.17 07:33:40.725,1.33705,1.33728,2.10,2.40
2011.05.17 07:33:41.054,1.33707,1.3373,1.50,2.40
2011.05.17 07:33:41.847,1.33707,1.33729,1.50,1.65
2011.05.17 07:33:42.064,1.33707,1.33729,1.50,2.40
2011.05.17 07:33:42.613,1.33705,1.33726,2.85,1.65
2011.05.17 07:33:43.264,1.33703,1.33726,2.10,2.40
2011.05.17 07:33:43.374,1.33703,1.33723,2.10,1.65
2011.05.17 07:33:43.814,1.33698,1.33723,1.50,2.40
2011.05.17 07:33:44.034,1.33703,1.33723,1.35,3.15
2011.05.17 07:33:44.824,1.33702,1.33723,1.35,1.50
2011.05.17 07:33:45.483,1.33701,1.33721,1.35,1.50
2011.05.17 07:33:45.915,1.33695,1.33721,2.10,1.50
2011.05.17 07:33:46.136,1.337,1.33717,1.35,1.50
2011.05.17 07:33:46.602,1.33706,1.33727,1.50,5.18
2011.05.17 07:33:46.936,1.33702,1.33727,2.25,2.78
2011.05.17 07:33:47.155,1.33703,1.33727,1.50,2.78
2011.05.17 07:33:47.484,1.33706,1.33731,1.50,1.50
2011.05.17 07:33:47.593,1.33709,1.33731,2.78,1.50
2011.05.17 07:33:48.114,1.33709,1.33732,3.53,1.50
2011.05.17 07:33:48.665,1.3371,1.33728,3.38,1.50
2011.05.17 07:33:48.996,1.33706,1.33728,2.78,1.50
2011.05.17 07:33:49.325,1.33707,1.33729,2.78,1.50
2011.05.17 07:33:49.729,1.337,1.33725,1.35,1.50
2011.05.17 07:33:50.286,1.33706,1.33725,2.78,1.50
2011.05.17 07:33:52.276,1.33699,1.33723,2.10,1.50
2011.05.17 07:33:52.718,1.33703,1.33723,2.85,1.50
2011.05.17 07:33:52.827,1.33707,1.33725,1.35,1.50
2011.05.17 07:33:52.934,1.33707,1.33726,1.35,1.50
2011.05.17 07:33:53.154,1.33711,1.3373,2.10,1.50
2011.05.17 07:33:53.376,1.33713,1.33731,1.35,2.78
2011.05.17 07:33:53.924,1.33711,1.33734,2.10,2.78
2011.05.17 07:33:54.035,1.33708,1.33734,1.35,2.78
2011.05.17 07:33:54.625,1.33708,1.33735,1.35,2.25
2011.05.17 07:33:56.057,1.33708,1.33733,1.35,1.50
2011.05.17 07:33:56.166,1.33704,1.33732,6.38,1.50
2011.05.17 07:33:57.345,1.33708,1.33732,4.13,1.50
2011.05.17 07:33:57.565,1.3371,1.33735,2.78,1.50
2011.05.17 07:33:57.674,1.33713,1.33735,2.10,1.50
2011.05.17 07:33:58.004,1.33713,1.33737,2.85,1.50
2011.05.17 07:34:01.154,1.33714,1.33737,1.35,1.50
2011.05.17 07:34:01.378,1.33713,1.33737,2.85,1.50
2011.05.17 07:34:01.605,1.33716,1.33737,1.35,1.50
2011.05.17 07:34:01.825,1.33713,1.33732,2.10,1.50
2011.05.17 07:34:02.374,1.33713,1.33734,2.10,1.50
2011.05.17 07:34:04.464,1.33713,1.33735,1.35,1.50
2011.05.17 07:34:05.453,1.33713,1.33735,1.35,1.50
2011.05.17 07:34:07.113,1.33713,1.33735,1.35,1.50
2011.05.17 07:34:07.559,1.33711,1.33735,1.35,1.50
2011.05.17 07:34:07.678,1.33708,1.33735,1.50,4.28
2011.05.17 07:34:07.797,1.33706,1.33731,2.10,1.50
2011.05.17 07:34:07.906,1.33706,1.3373,1.35,1.50
2011.05.17 07:34:08.675,1.33706,1.3373,4.13,1.50
2011.05.17 07:34:09.334,1.33706,1.3373,1.35,1.50
2011.05.17 07:34:09.887,1.33719,1.3373,2.78,1.50
2011.05.17 07:34:10.214,1.33726,1.33734,2.78,1.50
2011.05.17 07:34:10.545,1.33726,1.3374,2.78,1.50
2011.05.17 07:34:11.903,1.33718,1.3374,1.35,1.50
2011.05.17 07:34:12.480,1.33718,1.33736,1.35,1.50
2011.05.17 07:34:12.705,1.33716,1.33736,1.35,1.50
2011.05.17 07:34:12.816,1.33716,1.33732,1.35,4.50
2011.05.17 07:34:13.267,1.33687,1.33712,1.50,2.10
2011.05.17 07:34:13.385,1.33683,1.33712,2.25,1.35
2011.05.17 07:34:13.717,1.33691,1.33714,2.10,1.65
2011.05.17 07:34:14.046,1.33692,1.33716,2.10,1.50
2011.05.17 07:34:14.157,1.33692,1.3372,7.28,1.50
2011.05.17 07:34:14.703,1.33693,1.3372,4.28,1.50
2011.05.17 07:34:15.254,1.33693,1.3372,4.28,1.50
2011.05.17 07:34:15.585,1.33692,1.33718,3.75,1.50
2011.05.17 07:34:15.694,1.33692,1.33717,2.10,2.40
2011.05.17 07:34:16.024,1.33689,1.33715,1.50,1.35
2011.05.17 07:34:16.542,1.33687,1.33713,4.28,1.50
2011.05.17 07:34:16.874,1.33687,1.33714,3.53,1.35
2011.05.17 07:34:17.206,1.33689,1.33714,1.50,1.35
2011.05.17 07:34:17.534,1.33689,1.33711,1.50,3.00
2011.05.17 07:34:17.755,1.33686,1.33708,1.50,1.35
2011.05.17 07:34:18.236,1.33684,1.3371,3.53,1.65
2011.05.17 07:34:18.566,1.33683,1.33706,1.50,1.35
2011.05.17 07:34:19.006,1.33687,1.33712,1.50,3.00
2011.05.17 07:34:19.114,1.33687,1.33709,1.50,1.35
2011.05.17 07:34:19.558,1.33685,1.33709,1.50,1.50
2011.05.17 07:34:19.786,1.33684,1.33711,1.50,1.50
2011.05.17 07:34:20.333,1.33684,1.33712,4.28,2.10
2011.05.17 07:34:20.444,1.33684,1.33712,4.28,1.35
2011.05.17 07:34:20.885,1.33684,1.3371,4.28,1.50
2011.05.17 07:34:23.084,1.33684,1.3371,1.50,1.50
2011.05.17 07:34:23.525,1.33688,1.33712,1.50,1.35
2011.05.17 07:34:23.634,1.33689,1.33713,1.73,1.50
2011.05.17 07:34:23.964,1.33695,1.33722,1.50,2.10
2011.05.17 07:34:24.184,1.33694,1.33722,1.50,2.10
2011.05.17 07:34:24.515,1.33694,1.3372,1.50,2.25
2011.05.17 07:34:24.908,1.33694,1.33721,1.50,2.10
2011.05.17 07:34:25.247,1.33696,1.33721,2.78,2.10
2011.05.17 07:34:25.803,1.33695,1.33719,3.53,2.10
2011.05.17 07:34:27.465,1.33691,1.33719,3.53,1.35
2011.05.17 07:34:28.034,1.33696,1.33719,2.78,1.35
2011.05.17 07:34:28.585,1.33697,1.33719,3.53,1.35
2011.05.17 07:34:28.914,1.33696,1.33719,3.53,1.35
2011.05.17 07:34:29.245,1.33699,1.3372,1.50,1.35
2011.05.17 07:34:29.805,1.33699,1.33721,4.28,1.50
2011.05.17 07:34:29.915,1.337,1.33723,3.53,1.50
2011.05.17 07:34:30.135,1.337,1.33721,3.53,1.50
2011.05.17 07:34:30.355,1.337,1.33723,3.53,1.50
2011.05.17 07:34:30.574,1.33702,1.33725,3.53,2.10
2011.05.17 07:34:30.906,1.337,1.33725,2.78,2.10
2011.05.17 07:34:31.455,1.337,1.33727,3.38,2.25
2011.05.17 07:34:32.114,1.337,1.33725,3.38,1.50
2011.05.17 07:34:32.663,1.337,1.33727,3.38,1.50
2011.05.17 07:34:37.317,1.33704,1.33727,3.53,1.50
2011.05.17 07:34:39.373,1.33705,1.3373,3.53,1.50
2011.05.17 07:34:41.283,1.33705,1.33731,3.53,2.25
2011.05.17 07:34:41.507,1.33713,1.33733,2.78,2.10
2011.05.17 07:34:41.625,1.33713,1.33734,3.38,1.50
2011.05.17 07:34:41.735,1.33713,1.33738,4.88,1.50
2011.05.17 07:34:41.846,1.33713,1.33739,4.88,1.50
2011.05.17 07:34:42.504,1.33717,1.33739,2.78,1.50
2011.05.17 07:34:43.274,1.33716,1.3374,2.78,2.25
2011.05.17 07:34:43.825,1.33714,1.3374,2.78,2.25
2011.05.17 07:34:44.253,1.33713,1.33737,3.60,2.40
2011.05.17 07:34:44.587,1.33716,1.33746,3.53,3.53
2011.05.17 07:34:44.695,1.33716,1.33746,3.53,1.88
2011.05.17 07:34:45.248,1.33719,1.33746,1.50,1.50
2011.05.17 07:34:45.588,1.33723,1.33749,1.35,1.50
2011.05.17 07:34:45.927,1.33721,1.33741,2.78,1.50
2011.05.17 07:34:46.036,1.33717,1.33741,1.50,1.50
2011.05.17 07:34:46.257,1.33711,1.33732,1.50,1.35
2011.05.17 07:34:46.365,1.33707,1.33732,5.03,1.35
2011.05.17 07:34:46.915,1.33707,1.33731,3.53,1.50
2011.05.17 07:34:47.464,1.33708,1.33732,3.53,1.50
2011.05.17 07:34:48.058,1.33708,1.33733,3.53,1.50
2011.05.17 07:34:48.614,1.33712,1.33733,3.53,1.50
2011.05.17 07:34:48.834,1.33711,1.33733,3.53,1.50
2011.05.17 07:34:48.946,1.33711,1.33732,3.53,1.50
2011.05.17 07:34:49.165,1.33711,1.33734,3.53,2.25
2011.05.17 07:34:49.604,1.33716,1.33734,1.35,1.50
2011.05.17 07:34:49.718,1.33716,1.33736,1.35,1.50
2011.05.17 07:34:49.836,1.33716,1.33737,1.35,1.50
2011.05.17 07:34:49.945,1.33717,1.33738,3.53,1.50
2011.05.17 07:34:50.164,1.33717,1.33742,4.28,2.10
2011.05.17 07:34:50.385,1.33713,1.33742,1.50,2.10
2011.05.17 07:34:50.495,1.33712,1.33738,4.28,3.15
2011.05.17 07:34:50.714,1.33713,1.33738,1.50,3.15
2011.05.17 07:34:51.265,1.3371,1.33734,1.50,1.35
2011.05.17 07:34:52.234,1.33707,1.33731,1.50,1.50
2011.05.17 07:34:52.454,1.3371,1.33731,4.13,1.50
2011.05.17 07:34:52.785,1.33718,1.33741,3.53,1.50
2011.05.17 07:34:53.005,1.33716,1.33737,2.40,1.50
2011.05.17 07:34:53.225,1.33712,1.33735,1.73,1.50
2011.05.17 07:34:53.664,1.33711,1.33737,1.50,1.50
2011.05.17 07:34:54.246,1.3371,1.33736,3.53,1.50
2011.05.17 07:34:55.046,1.33709,1.33732,1.35,1.50
2011.05.17 07:34:55.378,1.33705,1.33732,1.50,2.10
2011.05.17 07:34:55.607,1.33705,1.33732,1.50,2.10
2011.05.17 07:34:56.071,1.33705,1.33732,1.50,2.10
2011.05.17 07:34:56.630,1.33702,1.33724,2.78,1.50
2011.05.17 07:34:56.858,1.337,1.33724,2.78,1.50
2011.05.17 07:34:56.977,1.33707,1.33723,2.78,1.50
2011.05.17 07:34:57.525,1.33701,1.33722,4.13,1.50
2011.05.17 07:34:57.857,1.33705,1.33727,2.40,1.50
2011.05.17 07:34:58.405,1.33704,1.33727,4.65,1.50
2011.05.17 07:34:58.734,1.33706,1.33727,1.35,1.50
2011.05.17 07:35:00.984,1.33705,1.33725,1.35,1.50
2011.05.17 07:35:01.096,1.33704,1.33725,3.53,1.50
2011.05.17 07:35:01.426,1.33701,1.33726,1.50,1.50
2011.05.17 07:35:01.976,1.337,1.33724,3.53,1.50
2011.05.17 07:35:02.086,1.337,1.33726,3.53,1.50
2011.05.17 07:35:02.195,1.337,1.33726,3.53,1.50
2011.05.17 07:35:02.305,1.33702,1.33726,2.85,1.50
2011.05.17 07:35:02.637,1.33702,1.3373,2.85,1.50
2011.05.17 07:35:02.856,1.33701,1.33729,1.35,1.50
2011.05.17 07:35:03.183,1.337,1.33728,4.13,1.50
2011.05.17 07:35:03.515,1.33699,1.33725,1.35,1.50
2011.05.17 07:35:04.833,1.33697,1.33722,2.10,1.50
2011.05.17 07:35:05.364,1.33696,1.33722,2.10,1.50
2011.05.17 07:35:06.135,1.33699,1.33722,2.10,1.50
2011.05.17 07:35:06.245,1.33699,1.33726,2.85,1.50
2011.05.17 07:35:06.904,1.33703,1.33726,1.35,1.50
2011.05.17 07:35:07.531,1.33702,1.33726,1.35,1.50
2011.05.17 07:35:09.243,1.33703,1.33726,1.35,1.50
2011.05.17 07:35:09.904,1.33702,1.33726,1.35,1.50
2011.05.17 07:35:10.508,1.33701,1.33726,1.13,1.50
2011.05.17 07:35:11.063,1.337,1.33726,3.90,1.50
2011.05.17 07:35:11.507,1.33706,1.33726,3.38,1.50
2011.05.17 07:35:11.835,1.33713,1.33732,3.53,1.50
2011.05.17 07:35:11.944,1.33713,1.33738,2.78,1.50
2011.05.17 07:35:12.525,1.33712,1.33738,4.28,1.50
2011.05.17 07:35:13.074,1.33712,1.33738,3.53,2.25
2011.05.17 07:35:15.040,1.33706,1.33733,4.13,1.50
2011.05.17 07:35:16.275,1.3371,1.33733,3.53,1.50
2011.05.17 07:35:16.495,1.3371,1.33733,3.53,1.50
2011.05.17 07:35:16.715,1.3371,1.33733,3.53,1.50
2011.05.17 07:35:17.044,1.33712,1.33739,3.53,2.10
2011.05.17 07:35:18.084,1.33717,1.33739,2.78,1.50
2011.05.17 07:35:18.194,1.33717,1.33742,2.78,1.50
2011.05.17 07:35:19.306,1.33717,1.33741,2.78,1.50
2011.05.17 07:35:19.416,1.33713,1.33738,2.78,1.50
2011.05.17 07:35:19.855,1.33709,1.33738,3.90,2.25
2011.05.17 07:35:19.966,1.33711,1.33738,1.13,1.50
2011.05.17 07:35:20.295,1.33722,1.33746,1.35,4.28
2011.05.17 07:35:20.738,1.33724,1.33747,2.78,1.50
2011.05.17 07:35:20.858,1.33725,1.33748,3.53,1.50
2011.05.17 07:35:23.433,1.33726,1.33748,3.53,1.50
2011.05.17 07:35:26.594,1.33726,1.3375,2.78,1.50
2011.05.17 07:35:26.707,1.33726,1.33752,3.38,1.50
2011.05.17 07:35:27.151,1.33728,1.33752,1.50,1.50
2011.05.17 07:35:27.703,1.33727,1.33753,2.40,2.85
2011.05.17 07:35:30.124,1.33727,1.33751,3.00,1.50
2011.05.17 07:35:30.456,1.33729,1.33757,2.25,1.50
2011.05.17 07:35:30.569,1.3373,1.33757,1.65,2.25
2011.05.17 07:35:30.797,1.33729,1.33755,2.78,1.50
2011.05.17 07:35:31.246,1.33727,1.3375,2.78,1.35
2011.05.17 07:35:31.464,1.33722,1.3375,5.03,1.35
2011.05.17 07:35:31.990,1.33724,1.33749,2.78,1.50
2011.05.17 07:35:32.215,1.33722,1.33749,4.28,1.50
2011.05.17 07:35:33.574,1.33722,1.33748,3.53,1.50
2011.05.17 07:35:33.905,1.33725,1.33749,3.53,1.50
2011.05.17 07:35:34.235,1.33729,1.33752,1.35,1.50
2011.05.17 07:35:34.347,1.33729,1.33754,3.00,1.50
2011.05.17 07:35:34.455,1.33729,1.33757,3.00,1.50
2011.05.17 07:35:35.334,1.33731,1.33756,4.13,1.50
2011.05.17 07:35:35.665,1.33727,1.33748,2.85,1.65
2011.05.17 07:35:35.776,1.33727,1.33754,2.85,1.50
2011.05.17 07:35:35.889,1.33731,1.33754,2.10,1.50
2011.05.17 07:35:36.447,1.33734,1.3376,3.53,2.25
2011.05.17 07:35:36.779,1.3373,1.33758,1.35,1.50
2011.05.17 07:35:37.334,1.3373,1.33757,1.35,1.50
2011.05.17 07:35:38.405,1.33731,1.33755,1.35,1.50
2011.05.17 07:35:40.827,1.33732,1.33755,2.78,1.50
2011.05.17 07:35:41.044,1.33732,1.33757,3.53,1.50
2011.05.17 07:35:41.153,1.33732,1.33756,4.28,1.50
2011.05.17 07:35:41.374,1.33732,1.33756,4.28,1.50
2011.05.17 07:35:41.825,1.33732,1.33758,4.28,1.50
2011.05.17 07:35:42.265,1.33735,1.33759,1.50,2.25
2011.05.17 07:35:42.923,1.33735,1.33759,3.53,2.25
2011.05.17 07:35:45.814,1.33735,1.33759,3.53,1.50
2011.05.17 07:35:46.925,1.33734,1.33759,4.13,1.50
2011.05.17 07:35:47.915,1.33734,1.33756,4.13,1.50
2011.05.17 07:35:48.245,1.33729,1.3374,1.65,2.10
2011.05.17 07:35:48.355,1.33717,1.33743,1.35,1.88
2011.05.17 07:35:48.465,1.33717,1.33741,1.35,3.53
2011.05.17 07:35:48.687,1.3371,1.33736,4.28,4.28
2011.05.17 07:35:49.212,1.33709,1.33735,1.50,1.35
2011.05.17 07:35:49.425,1.3372,1.33738,3.53,2.78
2011.05.17 07:35:49.756,1.33725,1.33747,3.53,1.50
2011.05.17 07:35:49.866,1.33725,1.33748,3.53,1.50
2011.05.17 07:35:50.745,1.33727,1.33748,3.53,1.50
2011.05.17 07:35:51.646,1.33727,1.3375,3.53,1.50
2011.05.17 07:35:51.865,1.33723,1.33748,4.50,1.50
2011.05.17 07:35:52.096,1.33723,1.3375,4.50,1.50
2011.05.17 07:35:52.754,1.33727,1.33751,1.50,1.50
2011.05.17 07:35:53.738,1.33727,1.33748,2.78,2.10
2011.05.17 07:35:53.857,1.33719,1.33748,1.50,2.10
2011.05.17 07:35:53.966,1.33719,1.33748,1.50,4.88
2011.05.17 07:35:56.335,1.33716,1.33741,4.13,1.50
2011.05.17 07:35:56.667,1.33718,1.3374,3.53,1.50
2011.05.17 07:35:56.778,1.33717,1.3374,1.65,1.50
2011.05.17 07:35:57.334,1.33718,1.33741,2.78,1.50
2011.05.17 07:35:57.663,1.33718,1.33739,3.53,1.50
2011.05.17 07:35:58.654,1.33715,1.33739,3.38,1.50
2011.05.17 07:36:03.343,1.33715,1.33739,2.78,1.50
2011.05.17 07:36:04.297,1.33712,1.33739,1.35,1.50
2011.05.17 07:36:04.406,1.33711,1.33737,3.53,1.50
2011.05.17 07:36:04.955,1.3371,1.33735,1.35,1.50
2011.05.17 07:36:05.506,1.33715,1.33734,2.78,1.50
2011.05.17 07:36:05.835,1.33714,1.33734,4.13,1.50
2011.05.17 07:36:06.387,1.33717,1.33738,3.53,2.25
2011.05.17 07:36:06.789,1.33718,1.33741,3.53,1.50
2011.05.17 07:36:06.905,1.33718,1.33742,3.53,2.25
2011.05.17 07:36:07.348,1.33723,1.33741,3.38,1.50
2011.05.17 07:36:07.465,1.33719,1.33743,3.53,1.50
2011.05.17 07:36:07.687,1.33715,1.33739,1.50,1.50
2011.05.17 07:36:08.026,1.3371,1.33738,1.35,1.50
2011.05.17 07:36:08.357,1.33714,1.33735,3.53,1.50
2011.05.17 07:36:08.684,1.33711,1.3374,4.28,2.10
2011.05.17 07:36:09.124,1.33711,1.33739,4.28,1.50
2011.05.17 07:36:09.459,1.33712,1.3373,3.53,1.50
2011.05.17 07:36:09.686,1.33701,1.33727,5.18,1.35
2011.05.17 07:36:09.795,1.33698,1.33723,4.28,1.50
2011.05.17 07:36:10.114,1.33698,1.33722,2.78,1.50
2011.05.17 07:36:10.592,1.33698,1.33722,1.13,1.50
2011.05.17 07:36:10.713,1.33703,1.33729,1.50,1.50
2011.05.17 07:36:11.048,1.33703,1.33729,4.28,1.50
2011.05.17 07:36:11.278,1.33703,1.33729,1.50,1.50
2011.05.17 07:36:11.504,1.33704,1.33729,3.53,1.50
2011.05.17 07:36:11.725,1.33703,1.33725,1.50,1.50
2011.05.17 07:36:12.274,1.33699,1.33723,1.50,1.50
2011.05.17 07:36:12.824,1.33699,1.33724,1.50,1.50
2011.05.17 07:36:13.046,1.33699,1.33723,1.50,1.50
2011.05.17 07:36:13.703,1.33699,1.33723,1.50,1.50
2011.05.17 07:36:13.928,1.337,1.33723,1.50,1.50
2011.05.17 07:36:14.156,1.33703,1.3373,4.28,2.25
2011.05.17 07:36:14.376,1.33704,1.33727,2.78,1.35
2011.05.17 07:36:14.721,1.33704,1.33727,2.78,2.10
2011.05.17 07:36:15.045,1.337,1.33727,3.53,2.10
2011.05.17 07:36:15.156,1.337,1.33725,2.78,1.50
2011.05.17 07:36:15.374,1.33702,1.33727,2.78,2.85
2011.05.17 07:36:16.265,1.33699,1.33727,4.28,2.85
2011.05.17 07:36:16.594,1.33699,1.33725,4.28,1.50
2011.05.17 07:36:16.704,1.33701,1.33725,1.35,1.50
2011.05.17 07:36:17.784,1.33703,1.33725,2.78,1.50
2011.05.17 07:36:17.894,1.33703,1.33727,3.53,1.50
2011.05.17 07:36:18.445,1.33703,1.33725,3.53,1.50
2011.05.17 07:36:18.776,1.33707,1.33725,2.78,1.50
2011.05.17 07:36:19.104,1.33699,1.33725,1.50,1.50
2011.05.17 07:36:19.214,1.33699,1.33726,1.50,1.35
2011.05.17 07:36:19.765,1.33698,1.33725,1.50,1.50
2011.05.17 07:36:19.876,1.33696,1.33723,3.53,2.25
2011.05.17 07:36:20.161,1.33697,1.33723,2.78,2.25
2011.05.17 07:36:20.376,1.33691,1.33716,4.28,2.10
2011.05.17 07:36:20.924,1.33692,1.33716,1.50,2.10
2011.05.17 07:36:21.365,1.33692,1.33716,1.50,2.10
2011.05.17 07:36:21.694,1.33692,1.33716,1.50,2.10
2011.05.17 07:36:22.026,1.33694,1.33716,1.35,1.50
2011.05.17 07:36:22.573,1.33695,1.33719,1.50,1.50
2011.05.17 07:36:23.164,1.33695,1.33719,1.50,1.50
2011.05.17 07:36:23.384,1.33695,1.33719,1.50,1.50
2011.05.17 07:36:23.804,1.33695,1.33719,1.50,1.50
2011.05.17 07:36:24.354,1.33695,1.33719,1.50,1.50
2011.05.17 07:36:24.904,1.33695,1.3372,1.50,1.50
2011.05.17 07:36:26.954,1.33695,1.33719,1.50,1.50
2011.05.17 07:36:28.736,1.33702,1.33719,1.35,1.50
2011.05.17 07:36:28.955,1.33704,1.33725,1.35,1.50
2011.05.17 07:36:29.395,1.33704,1.33727,2.10,2.25
2011.05.17 07:36:29.616,1.33708,1.33729,1.35,1.50
2011.05.17 07:36:29.834,1.33708,1.33733,1.35,1.50
2011.05.17 07:36:30.384,1.33708,1.33733,1.35,1.50
2011.05.17 07:36:30.606,1.33712,1.33733,1.50,1.50
2011.05.17 07:36:30.935,1.33712,1.33736,1.50,1.50
2011.05.17 07:36:31.154,1.33712,1.33736,1.50,1.50
2011.05.17 07:36:31.643,1.33712,1.33736,1.50,1.50
2011.05.17 07:36:31.863,1.33712,1.33736,1.50,1.50
2011.05.17 07:36:32.519,1.33712,1.33736,1.50,1.50
2011.05.17 07:36:32.639,1.33717,1.33738,1.35,2.25
2011.05.17 07:36:32.867,1.33715,1.3374,1.35,1.50
2011.05.17 07:36:32.978,1.33713,1.33737,1.50,1.65
2011.05.17 07:36:33.096,1.33712,1.33737,3.53,1.65
2011.05.17 07:36:33.204,1.33712,1.33737,3.53,2.40
2011.05.17 07:36:33.645,1.33706,1.33732,1.50,1.35
2011.05.17 07:36:33.865,1.33707,1.33732,1.50,2.85
2011.05.17 07:36:34.194,1.33707,1.33732,4.28,2.85
2011.05.17 07:36:34.744,1.33707,1.33731,4.28,1.50
2011.05.17 07:36:35.114,1.33709,1.33732,1.35,1.50
2011.05.17 07:36:35.336,1.3371,1.33736,3.15,1.50
2011.05.17 07:36:35.554,1.3371,1.33736,1.50,1.50
2011.05.17 07:36:36.566,1.3371,1.33736,4.28,1.50
2011.05.17 07:36:37.059,1.3371,1.33736,1.50,1.50
2011.05.17 07:36:37.178,1.33709,1.33733,1.35,1.50
2011.05.17 07:36:37.958,1.33706,1.33728,3.53,1.50
2011.05.17 07:36:38.188,1.33706,1.33732,3.53,1.50
2011.05.17 07:36:38.744,1.33708,1.33734,3.53,2.25
2011.05.17 07:36:39.074,1.33705,1.33732,4.88,1.50
2011.05.17 07:36:39.625,1.33708,1.33733,3.53,1.50
2011.05.17 07:36:39.736,1.33709,1.33733,1.50,1.50
2011.05.17 07:36:39.848,1.33709,1.33734,1.50,1.50
2011.05.17 07:36:40.074,1.33709,1.33735,1.50,1.35
2011.05.17 07:36:40.185,1.33708,1.33738,1.50,1.35
2011.05.17 07:36:40.736,1.33711,1.33738,3.53,1.35
2011.05.17 07:36:41.064,1.33712,1.33738,1.50,1.35
2011.05.17 07:36:41.284,1.33713,1.33738,3.53,1.35
2011.05.17 07:36:41.504,1.33714,1.3374,1.35,1.50
2011.05.17 07:36:42.808,1.33714,1.3374,1.35,1.50
2011.05.17 07:36:43.934,1.33714,1.33738,1.35,1.50
2011.05.17 07:36:44.265,1.33707,1.33733,4.28,1.50
2011.05.17 07:36:44.484,1.33707,1.33733,1.50,1.50
2011.05.17 07:36:44.926,1.33711,1.33734,3.53,1.50
2011.05.17 07:36:45.144,1.33707,1.33734,1.50,2.25
2011.05.17 07:36:45.734,1.33707,1.33733,1.50,1.50
2011.05.17 07:36:45.955,1.33707,1.33733,1.50,1.50
2011.05.17 07:36:46.506,1.33711,1.33733,1.50,2.10
2011.05.17 07:36:46.725,1.33705,1.33731,1.50,3.00
2011.05.17 07:36:47.481,1.33704,1.33729,1.50,1.35
2011.05.17 07:36:47.707,1.33701,1.33726,1.50,1.50
2011.05.17 07:36:48.259,1.33701,1.33729,2.25,1.35
2011.05.17 07:36:51.136,1.33701,1.33729,2.25,1.73
2011.05.17 07:36:51.684,1.33702,1.3373,4.28,4.13
2011.05.17 07:36:51.795,1.33702,1.3373,4.28,4.13
2011.05.17 07:36:52.124,1.33702,1.3373,1.50,1.73
2011.05.17 07:36:53.734,1.33702,1.3373,1.50,2.10
2011.05.17 07:36:54.284,1.33702,1.3373,1.50,1.35
2011.05.17 07:36:55.597,1.33702,1.33729,1.50,1.13
2011.05.17 07:36:55.926,1.33697,1.33723,4.28,2.10
2011.05.17 07:36:56.366,1.337,1.33725,3.53,1.50
2011.05.17 07:36:57.205,1.337,1.33725,3.53,1.50
2011.05.17 07:36:57.977,1.33701,1.33728,1.50,2.10
2011.05.17 07:36:58.524,1.33701,1.33728,4.88,1.50
2011.05.17 07:36:58.865,1.33704,1.33731,1.50,1.50
2011.05.17 07:36:59.724,1.33706,1.33731,3.53,1.50
2011.05.17 07:36:59.835,1.33707,1.33733,1.50,1.35
2011.05.17 07:37:00.384,1.33707,1.33733,4.28,1.35
2011.05.17 07:37:00.494,1.33707,1.33733,4.28,1.35
2011.05.17 07:37:01.045,1.33711,1.33734,1.35,1.50
2011.05.17 07:37:03.186,1.33713,1.33734,2.78,1.50
2011.05.17 07:37:03.514,1.33713,1.33737,4.28,1.50
2011.05.17 07:37:04.063,1.33715,1.33739,3.53,2.25
2011.05.17 07:37:04.682,1.33729,1.33748,1.35,1.50
2011.05.17 07:37:05.017,1.33726,1.33748,3.53,2.10
2011.05.17 07:37:05.127,1.33726,1.33741,5.18,1.50
2011.05.17 07:37:05.458,1.33726,1.33743,3.53,1.65
2011.05.17 07:37:05.575,1.33726,1.33743,2.78,1.65
2011.05.17 07:37:05.795,1.33719,1.33743,1.50,2.40
2011.05.17 07:37:06.234,1.33717,1.33744,2.10,3.53
2011.05.17 07:37:06.565,1.33717,1.33741,1.50,3.38
2011.05.17 07:37:06.895,1.33717,1.3374,2.25,1.35
2011.05.17 07:37:07.219,1.33708,1.33734,4.28,1.35
2011.05.17 07:37:07.340,1.33708,1.33734,4.28,2.10
2011.05.17 07:37:07.459,1.33708,1.33729,3.53,1.50
2011.05.17 07:37:07.907,1.33702,1.3373,3.53,2.25
2011.05.17 07:37:08.015,1.33707,1.3373,2.78,2.25
2011.05.17 07:37:08.347,1.33702,1.33725,4.28,1.50
2011.05.17 07:37:10.687,1.33699,1.33726,2.78,2.10
2011.05.17 07:37:10.906,1.33699,1.33723,2.78,1.50
2011.05.17 07:37:11.017,1.33693,1.33716,3.53,2.10
2011.05.17 07:37:11.564,1.33695,1.33719,4.13,1.50
2011.05.17 07:37:12.039,1.33701,1.33724,2.78,1.50
2011.05.17 07:37:12.266,1.33701,1.33725,3.53,1.50
2011.05.17 07:37:12.813,1.337,1.33726,1.50,1.50
2011.05.17 07:37:14.936,1.33707,1.33726,1.35,1.50
2011.05.17 07:37:15.266,1.33708,1.3373,1.50,3.15
2011.05.17 07:37:15.485,1.33705,1.3373,2.25,1.50
2011.05.17 07:37:15.596,1.33705,1.3373,1.50,1.50
2011.05.17 07:37:15.708,1.33704,1.33731,1.50,4.13
2011.05.17 07:37:16.100,1.33705,1.33732,2.25,1.35
2011.05.17 07:37:17.855,1.33705,1.33732,2.25,1.35
2011.05.17 07:37:18.187,1.33699,1.33722,1.50,2.25
2011.05.17 07:37:18.515,1.33695,1.33721,1.50,3.00
2011.05.17 07:37:19.066,1.33695,1.33721,1.50,3.00
2011.05.17 07:37:19.394,1.33695,1.33721,1.50,3.00
2011.05.17 07:37:21.512,1.33698,1.33722,1.35,1.50
2011.05.17 07:37:21.748,1.337,1.33725,1.50,4.13
2011.05.17 07:37:22.856,1.33699,1.33725,1.50,2.25
2011.05.17 07:37:22.965,1.33702,1.33728,1.50,1.50
2011.05.17 07:37:23.514,1.33704,1.3373,1.50,1.50
2011.05.17 07:37:23.845,1.33704,1.3373,1.50,1.50
2011.05.17 07:37:23.954,1.33702,1.3373,5.03,1.50
2011.05.17 07:37:25.165,1.33703,1.33728,1.50,1.13
2011.05.17 07:37:25.499,1.33699,1.33722,1.50,1.50
2011.05.17 07:37:25.835,1.33699,1.33723,2.25,2.40
2011.05.17 07:37:26.456,1.337,1.33725,1.50,2.10
2011.05.17 07:37:29.555,1.33695,1.33721,1.50,2.85
2011.05.17 07:37:29.885,1.33687,1.33713,3.53,2.40
2011.05.17 07:37:29.996,1.33685,1.33702,1.13,3.00
2011.05.17 07:37:30.106,1.3368,1.33702,3.53,3.00
2011.05.17 07:37:30.215,1.33679,1.33702,2.25,3.00
2011.05.17 07:37:30.325,1.33679,1.33705,1.50,4.50
2011.05.17 07:37:30.875,1.33679,1.33701,1.50,2.40
2011.05.17 07:37:31.095,1.33676,1.33701,2.25,2.40
2011.05.17 07:37:31.425,1.33677,1.33703,1.50,2.40
2011.05.17 07:37:31.866,1.33679,1.33705,3.53,2.10
2011.05.17 07:37:32.115,1.3368,1.33705,1.50,1.35
2011.05.17 07:37:32.232,1.33679,1.337,2.78,1.35
2011.05.17 07:37:32.677,1.33677,1.33702,5.03,1.50
2011.05.17 07:37:34.614,1.33678,1.33705,1.50,1.50
2011.05.17 07:37:34.725,1.33678,1.33705,4.28,1.50
2011.05.17 07:37:35.166,1.33677,1.33705,3.15,1.50
2011.05.17 07:37:35.715,1.33677,1.33695,4.28,1.35
2011.05.17 07:37:35.825,1.33677,1.33692,3.53,2.40
2011.05.17 07:37:35.935,1.33677,1.33691,2.78,1.50
2011.05.17 07:37:36.265,1.33677,1.33693,2.78,1.50
2011.05.17 07:37:36.375,1.33667,1.33693,1.50,2.25
2011.05.17 07:37:38.019,1.33668,1.33692,2.40,1.50
2011.05.17 07:37:38.245,1.33668,1.33692,3.53,1.50
2011.05.17 07:37:38.358,1.33664,1.33692,4.28,3.90
2011.05.17 07:37:39.346,1.33664,1.3369,1.50,1.50
2011.05.17 07:37:39.674,1.33665,1.33692,3.53,1.50
2011.05.17 07:37:39.895,1.33664,1.3369,1.50,1.50
2011.05.17 07:37:40.336,1.33664,1.3369,1.50,1.50
2011.05.17 07:37:40.774,1.33661,1.33687,3.53,1.50
2011.05.17 07:37:40.995,1.33661,1.33687,3.53,1.50
2011.05.17 07:37:41.214,1.33661,1.33687,3.53,1.50
2011.05.17 07:37:41.775,1.3366,1.33687,1.50,2.25
2011.05.17 07:37:42.323,1.3366,1.33687,1.50,1.50
2011.05.17 07:37:45.345,1.33659,1.33686,2.25,1.50
2011.05.17 07:37:45.565,1.33661,1.33687,1.35,1.50
2011.05.17 07:37:47.885,1.33662,1.33686,1.35,1.50
2011.05.17 07:37:48.104,1.33662,1.33687,1.35,2.25
2011.05.17 07:37:48.565,1.33662,1.33686,1.35,1.50
2011.05.17 07:37:49.433,1.33662,1.33686,1.35,1.50
2011.05.17 07:37:50.475,1.33662,1.33686,1.35,1.50
2011.05.17 07:37:51.024,1.33662,1.33687,1.35,1.50
2011.05.17 07:37:52.097,1.33662,1.33687,1.35,2.25
2011.05.17 07:37:55.305,1.33662,1.33687,1.35,1.50
2011.05.17 07:37:56.485,1.33662,1.33687,1.35,1.50
2011.05.17 07:37:56.816,1.3367,1.33693,2.10,1.50
2011.05.17 07:37:58.526,1.33662,1.33686,1.50,1.50
2011.05.17 07:37:58.748,1.3366,1.33687,3.60,2.40
2011.05.17 07:37:59.198,1.33664,1.3369,1.50,2.10
2011.05.17 07:37:59.316,1.33664,1.3369,1.50,1.35
2011.05.17 07:37:59.426,1.33661,1.3369,4.28,1.35
2011.05.17 07:38:00.304,1.33661,1.33689,1.50,1.50
2011.05.17 07:38:00.635,1.33659,1.33685,2.25,1.65
2011.05.17 07:38:00.964,1.33661,1.33683,1.50,1.50
2011.05.17 07:38:01.475,1.33657,1.33682,1.50,1.50
2011.05.17 07:38:02.175,1.33657,1.33683,1.50,1.50
2011.05.17 07:38:02.615,1.3366,1.33683,4.13,1.50
2011.05.17 07:38:02.835,1.33662,1.33686,3.53,1.50
2011.05.17 07:38:03.274,1.33664,1.33688,1.50,1.50
2011.05.17 07:38:03.846,1.33664,1.3369,1.50,2.25
2011.05.17 07:38:04.505,1.33664,1.33688,4.28,1.35
2011.05.17 07:38:04.727,1.33664,1.33685,2.40,1.50
2011.05.17 07:38:04.836,1.33664,1.3369,2.40,1.50
2011.05.17 07:38:05.165,1.3366,1.33686,1.35,2.25
2011.05.17 07:38:05.276,1.33659,1.33685,3.53,1.35
2011.05.17 07:38:05.385,1.33655,1.33682,1.50,1.50
2011.05.17 07:38:05.717,1.33651,1.33671,3.53,2.10
2011.05.17 07:38:05.826,1.33651,1.33675,3.53,1.50
2011.05.17 07:38:06.046,1.33649,1.33673,4.13,1.50
2011.05.17 07:38:06.483,1.33645,1.33673,2.78,1.50
2011.05.17 07:38:07.033,1.33644,1.33673,1.13,1.50
2011.05.17 07:38:07.453,1.33644,1.33673,1.13,1.50
2011.05.17 07:38:08.035,1.33643,1.3367,1.50,1.50
2011.05.17 07:38:08.365,1.33643,1.3367,1.50,1.50
2011.05.17 07:38:08.914,1.33643,1.3367,1.50,1.50
2011.05.17 07:38:10.359,1.33643,1.33666,1.50,1.65
2011.05.17 07:38:10.697,1.33637,1.33655,3.53,1.50
2011.05.17 07:38:10.918,1.33637,1.33658,2.78,3.15
2011.05.17 07:38:11.039,1.33637,1.33658,3.53,2.40
2011.05.17 07:38:11.264,1.33637,1.33656,3.53,1.50
2011.05.17 07:38:12.065,1.33632,1.33656,1.35,1.50
2011.05.17 07:38:12.181,1.33633,1.3366,1.50,1.50
2011.05.17 07:38:12.518,1.33643,1.33665,1.50,2.40
2011.05.17 07:38:12.635,1.33643,1.33666,1.50,3.53
2011.05.17 07:38:12.746,1.33643,1.33665,1.50,2.78
2011.05.17 07:38:13.076,1.33649,1.33667,2.10,3.53
2011.05.17 07:38:13.407,1.33648,1.33672,1.50,1.35
2011.05.17 07:38:13.959,1.33643,1.33671,1.50,1.50
2011.05.17 07:38:14.516,1.33643,1.33669,1.50,1.50
2011.05.17 07:38:14.737,1.33642,1.3367,2.10,1.50
2011.05.17 07:38:14.847,1.33642,1.33669,2.10,4.28
2011.05.17 07:38:15.175,1.33642,1.33665,1.35,3.53
2011.05.17 07:38:15.540,1.33642,1.33665,1.35,1.50
2011.05.17 07:38:15.655,1.33642,1.33664,1.35,1.50
2011.05.17 07:38:15.767,1.33642,1.33662,1.35,1.50
2011.05.17 07:38:15.985,1.33636,1.33661,2.40,1.35
2011.05.17 07:38:16.206,1.33632,1.33661,1.50,2.10
2011.05.17 07:38:16.536,1.33634,1.3366,1.35,1.50
2011.05.17 07:38:16.864,1.33637,1.33661,1.35,1.50
2011.05.17 07:38:17.746,1.3363,1.33654,3.15,2.10
2011.05.17 07:38:18.078,1.33626,1.33652,1.50,4.28
2011.05.17 07:38:18.198,1.33626,1.33652,1.50,4.13
2011.05.17 07:38:18.315,1.33626,1.33652,1.50,1.35
2011.05.17 07:38:18.825,1.33632,1.3365,1.88,1.65
2011.05.17 07:38:19.045,1.33632,1.33661,1.88,4.13
2011.05.17 07:38:19.373,1.33635,1.33661,1.50,4.13
2011.05.17 07:38:19.814,1.33638,1.3366,1.50,2.78
2011.05.17 07:38:20.036,1.33644,1.33665,1.50,1.50
2011.05.17 07:38:20.145,1.33645,1.33666,1.50,4.13
2011.05.17 07:38:20.584,1.33644,1.33669,2.10,2.78
2011.05.17 07:38:20.695,1.33652,1.33669,1.13,2.78
2011.05.17 07:38:21.025,1.33656,1.33669,3.00,2.78
2011.05.17 07:38:21.134,1.33656,1.33669,1.35,2.78
2011.05.17 07:38:21.355,1.3366,1.33669,1.50,2.78
2011.05.17 07:38:22.234,1.3366,1.33669,1.50,2.78
2011.05.17 07:38:22.922,1.3366,1.33669,1.50,2.78
2011.05.17 07:38:23.043,1.33657,1.33669,2.25,2.78
2011.05.17 07:38:23.156,1.33652,1.33669,1.50,2.78
2011.05.17 07:38:23.705,1.33649,1.33669,1.73,2.78
2011.05.17 07:38:24.246,1.33653,1.33669,1.50,2.78
2011.05.17 07:38:24.685,1.33653,1.33669,1.50,2.78
2011.05.17 07:38:24.906,1.33653,1.33672,1.50,2.78
2011.05.17 07:38:25.125,1.33653,1.33672,1.50,2.78
2011.05.17 07:38:25.345,1.33651,1.33677,2.25,1.35
2011.05.17 07:38:25.457,1.3365,1.33677,1.13,2.10
2011.05.17 07:38:25.567,1.3365,1.33676,1.13,1.50
2011.05.17 07:38:25.907,1.33646,1.33669,1.50,1.50
2011.05.17 07:38:26.017,1.33646,1.33669,1.50,1.50
2011.05.17 07:38:27.381,1.33643,1.33669,1.50,1.50
2011.05.17 07:38:27.500,1.33644,1.33672,1.50,1.35
2011.05.17 07:38:27.618,1.33644,1.33672,1.50,3.38
2011.05.17 07:38:27.848,1.33644,1.3367,1.50,2.25
2011.05.17 07:38:27.965,1.33646,1.33674,1.35,4.28
2011.05.17 07:38:28.518,1.33648,1.33675,1.50,2.25
2011.05.17 07:38:29.075,1.33647,1.33677,1.50,4.28
2011.05.17 07:38:29.516,1.33648,1.33674,1.50,2.25
2011.05.17 07:38:29.846,1.33648,1.33672,1.50,1.35
2011.05.17 07:38:30.064,1.33648,1.33672,1.50,1.35
2011.05.17 07:38:30.616,1.33648,1.3367,1.50,1.35
2011.05.17 07:38:30.724,1.33648,1.3367,1.50,1.35
2011.05.17 07:38:31.274,1.33648,1.3367,1.50,1.35
2011.05.17 07:38:32.231,1.33648,1.33672,1.50,1.35
2011.05.17 07:38:32.785,1.33648,1.33672,1.88,1.35
2011.05.17 07:38:37.344,1.33648,1.33672,1.50,1.35
2011.05.17 07:38:37.893,1.33648,1.33669,1.88,1.35
2011.05.17 07:38:39.155,1.33649,1.33673,1.13,1.50
2011.05.17 07:38:39.684,1.33649,1.33675,1.13,1.50
2011.05.17 07:38:40.384,1.33649,1.33675,1.13,1.50
2011.05.17 07:38:43.697,1.33651,1.33675,1.13,1.50
2011.05.17 07:38:44.684,1.33651,1.33675,1.13,1.50
2011.05.17 07:38:45.997,1.33653,1.33677,1.50,1.50
2011.05.17 07:38:46.223,1.33655,1.33681,3.53,1.50
2011.05.17 07:38:46.335,1.33654,1.33683,1.13,2.10
2011.05.17 07:38:46.555,1.33652,1.3368,1.88,2.78
2011.05.17 07:38:46.665,1.33654,1.3368,1.88,3.53
2011.05.17 07:38:47.216,1.33654,1.33679,1.50,1.65
2011.05.17 07:38:48.734,1.33653,1.33679,2.25,2.40
2011.05.17 07:38:48.957,1.3365,1.33677,1.13,1.50
2011.05.17 07:38:49.186,1.3365,1.33676,1.13,1.50
2011.05.17 07:38:49.516,1.33649,1.33672,1.88,3.15
2011.05.17 07:38:49.843,1.33647,1.33666,1.13,1.65
2011.05.17 07:38:51.984,1.33647,1.33667,1.13,1.65
2011.05.17 07:38:52.314,1.33645,1.33666,1.50,3.53
2011.05.17 07:38:52.425,1.33641,1.33661,2.25,2.40
2011.05.17 07:38:52.644,1.33638,1.33661,2.48,2.40
2011.05.17 07:38:52.866,1.33638,1.33662,2.48,2.40
2011.05.17 07:38:53.087,1.33638,1.33663,1.88,1.35
2011.05.17 07:38:53.525,1.33642,1.3366,1.50,1.65
2011.05.17 07:38:54.294,1.33641,1.3366,1.13,1.65
2011.05.17 07:38:54.844,1.33641,1.33661,1.13,2.40
2011.05.17 07:38:55.365,1.33641,1.33661,1.13,2.40
2011.05.17 07:38:55.904,1.3364,1.33661,1.13,2.40
2011.05.17 07:38:56.124,1.3364,1.33661,1.13,2.40
2011.05.17 07:38:56.755,1.3364,1.33661,1.13,2.40
2011.05.17 07:38:57.085,1.3364,1.33661,1.13,2.40
2011.05.17 07:38:57.745,1.3364,1.33663,1.13,1.50
2011.05.17 07:38:58.075,1.33641,1.33657,1.13,1.65
2011.05.17 07:38:58.186,1.33641,1.33663,1.13,1.50
2011.05.17 07:38:59.864,1.33641,1.33663,1.13,1.50
2011.05.17 07:39:00.414,1.3364,1.33663,1.13,1.50
2011.05.17 07:39:00.636,1.3364,1.33663,1.13,1.50
2011.05.17 07:39:02.260,1.3364,1.33658,1.13,1.65
2011.05.17 07:39:02.376,1.3364,1.33662,1.13,1.65
2011.05.17 07:39:02.924,1.3364,1.33661,1.13,1.65
2011.05.17 07:39:03.424,1.3364,1.33661,1.13,2.25
2011.05.17 07:39:03.534,1.3364,1.33661,1.13,5.03
2011.05.17 07:39:03.647,1.33639,1.33656,1.50,1.65
2011.05.17 07:39:03.865,1.33639,1.33661,1.50,2.25
2011.05.17 07:39:03.975,1.33639,1.33661,1.50,1.65
2011.05.17 07:39:04.086,1.33639,1.33663,1.50,1.65
2011.05.17 07:39:04.474,1.33639,1.33666,1.50,3.75
2011.05.17 07:39:04.805,1.33639,1.33666,1.50,2.10
2011.05.17 07:39:06.375,1.33639,1.33666,1.50,2.10
2011.05.17 07:39:07.058,1.33646,1.33666,1.35,1.50
2011.05.17 07:39:07.385,1.33646,1.33673,1.35,2.40
2011.05.17 07:39:07.498,1.33643,1.33672,1.88,1.35
2011.05.17 07:39:08.007,1.33643,1.33672,1.50,1.35
2011.05.17 07:39:08.127,1.33645,1.33673,1.35,2.40
2011.05.17 07:39:08.239,1.33649,1.33675,1.50,3.00
2011.05.17 07:39:08.580,1.33652,1.33675,1.50,2.25
2011.05.17 07:39:08.810,1.3366,1.33683,1.50,3.53
2011.05.17 07:39:09.146,1.33658,1.33683,2.25,2.78
2011.05.17 07:39:09.364,1.33658,1.33683,1.50,2.78
2011.05.17 07:39:09.475,1.33658,1.33685,2.25,1.35
2011.05.17 07:39:09.584,1.33658,1.33685,2.25,1.35
2011.05.17 07:39:09.804,1.33658,1.33685,2.25,1.35
2011.05.17 07:39:10.357,1.33658,1.33685,1.50,1.35
2011.05.17 07:39:11.016,1.33661,1.3369,1.50,1.35
2011.05.17 07:39:11.617,1.33659,1.33682,2.25,1.50
2011.05.17 07:39:11.948,1.33659,1.33682,2.25,1.50
2011.05.17 07:39:12.068,1.33659,1.33686,2.25,4.28
2011.05.17 07:39:12.185,1.33659,1.33686,2.25,4.28
2011.05.17 07:39:12.736,1.3366,1.33686,1.50,1.50
2011.05.17 07:39:13.615,1.33663,1.3369,1.50,2.10
2011.05.17 07:39:14.167,1.33663,1.3369,1.88,2.10
2011.05.17 07:39:14.275,1.33663,1.33683,1.13,1.50
2011.05.17 07:39:14.494,1.33663,1.33689,1.13,1.50
2011.05.17 07:39:15.046,1.33662,1.33686,1.88,4.28
2011.05.17 07:39:15.795,1.33662,1.33684,1.88,1.65
2011.05.17 07:39:16.797,1.33662,1.33684,1.88,1.65
2011.05.17 07:39:17.126,1.33663,1.33683,1.13,3.38
2011.05.17 07:39:17.239,1.33662,1.33682,1.88,3.38
2011.05.17 07:39:17.465,1.33662,1.33683,1.13,1.35
2011.05.17 07:39:17.798,1.33658,1.33677,1.50,2.10
2011.05.17 07:39:17.916,1.33658,1.33676,1.50,2.25
2011.05.17 07:39:18.025,1.33658,1.33676,1.50,1.65
2011.05.17 07:39:18.135,1.33658,1.33682,1.50,2.40
2011.05.17 07:39:18.245,1.33658,1.33682,1.50,1.65
2011.05.17 07:39:18.771,1.33661,1.33683,1.13,1.35
2011.05.17 07:39:20.086,1.3366,1.33683,1.13,2.10
2011.05.17 07:39:20.415,1.3366,1.33679,1.13,1.65
2011.05.17 07:39:20.964,1.3366,1.33679,1.13,2.25
2011.05.17 07:39:21.513,1.3366,1.33679,1.13,5.03
2011.05.17 07:39:22.138,1.33661,1.33679,1.13,5.03
2011.05.17 07:39:22.695,1.3366,1.33679,1.13,5.03
2011.05.17 07:39:23.026,1.3366,1.33679,1.13,2.25
2011.05.17 07:39:23.575,1.3366,1.33679,1.13,2.25
2011.05.17 07:39:24.128,1.33657,1.33679,1.13,2.25
2011.05.17 07:39:25.226,1.3366,1.33679,1.13,5.03
2011.05.17 07:39:25.664,1.33654,1.3368,1.50,1.35
2011.05.17 07:39:26.494,1.33654,1.33681,1.50,1.50
2011.05.17 07:39:26.606,1.33659,1.33685,1.73,3.53
2011.05.17 07:39:26.828,1.33664,1.33684,1.13,1.35
2011.05.17 07:39:27.157,1.33664,1.3368,1.13,2.25
2011.05.17 07:39:27.711,1.3366,1.33678,1.13,1.65
2011.05.17 07:39:27.828,1.33653,1.33678,1.13,3.15
2011.05.17 07:39:28.055,1.33653,1.33676,1.13,1.50
2011.05.17 07:39:28.277,1.33653,1.33669,1.13,2.85
2011.05.17 07:39:28.388,1.33652,1.33665,1.13,1.35
2011.05.17 07:39:28.729,1.33651,1.33673,1.13,2.40
2011.05.17 07:39:34.794,1.33653,1.33674,1.13,4.28
2011.05.17 07:39:35.344,1.33653,1.33674,1.13,1.50
2011.05.17 07:39:36.153,1.33647,1.33674,1.13,1.50
2011.05.17 07:39:36.724,1.33648,1.33674,1.13,1.50
2011.05.17 07:39:37.274,1.33648,1.33674,1.13,1.50
2011.05.17 07:39:37.606,1.33647,1.33669,1.13,1.50
2011.05.17 07:39:38.155,1.33649,1.33671,1.50,5.18
2011.05.17 07:39:38.264,1.33649,1.33671,1.50,1.65
2011.05.17 07:39:38.374,1.33649,1.33674,1.50,3.53
2011.05.17 07:39:38.594,1.33649,1.33675,1.50,6.53
2011.05.17 07:39:39.514,1.33648,1.3367,1.13,3.00
2011.05.17 07:39:39.846,1.33638,1.33662,1.50,3.53
2011.05.17 07:39:39.959,1.33635,1.33663,1.50,1.35
2011.05.17 07:39:40.077,1.33635,1.33663,1.50,1.35
2011.05.17 07:39:40.517,1.33633,1.33659,1.13,3.75
2011.05.17 07:39:40.958,1.33634,1.33656,1.13,1.35
2011.05.17 07:39:41.405,1.33633,1.33653,1.13,1.50
2011.05.17 07:39:42.224,1.33633,1.33653,1.13,1.50
2011.05.17 07:39:42.555,1.33627,1.33651,1.50,1.65
2011.05.17 07:39:42.666,1.33627,1.33651,1.50,3.00
2011.05.17 07:39:43.215,1.33624,1.33644,1.50,2.78
2011.05.17 07:39:43.327,1.33625,1.33648,1.35,3.53
2011.05.17 07:39:43.590,1.33625,1.33648,1.35,3.53
2011.05.17 07:39:43.712,1.33623,1.33646,1.50,3.38
2011.05.17 07:39:43.828,1.33623,1.33646,1.50,3.38
2011.05.17 07:39:44.059,1.33619,1.33644,1.13,1.35
2011.05.17 07:39:44.285,1.3362,1.33644,1.13,6.15
2011.05.17 07:39:44.834,1.3362,1.33644,1.13,3.38
2011.05.17 07:39:45.384,1.3362,1.33644,1.13,3.00
2011.05.17 07:39:45.919,1.33618,1.33642,1.50,2.78
2011.05.17 07:39:46.037,1.33618,1.33644,1.50,3.00
2011.05.17 07:39:46.144,1.33618,1.33638,1.50,1.65
2011.05.17 07:39:46.256,1.33618,1.33644,1.50,3.00
2011.05.17 07:39:46.364,1.33618,1.33644,1.50,3.00
2011.05.17 07:39:46.914,1.33618,1.33644,1.50,3.00
2011.05.17 07:39:47.027,1.33614,1.3364,2.10,1.50
2011.05.17 07:39:47.460,1.33614,1.3364,2.10,1.50
2011.05.17 07:39:47.915,1.33614,1.3364,2.10,1.50
2011.05.17 07:39:48.248,1.33614,1.33633,1.50,1.35
2011.05.17 07:39:48.481,1.33609,1.33629,1.13,1.65
2011.05.17 07:39:48.600,1.33608,1.33625,1.13,1.35
2011.05.17 07:39:48.718,1.336,1.33625,1.50,1.35
2011.05.17 07:39:49.276,1.33597,1.33623,1.13,2.10
2011.05.17 07:39:49.500,1.33601,1.33626,1.35,2.40
2011.05.17 07:39:49.614,1.33601,1.33629,1.35,4.28
2011.05.17 07:39:50.274,1.33606,1.33629,1.13,1.50
2011.05.17 07:39:50.937,1.33613,1.33631,1.35,1.50
2011.05.17 07:39:51.059,1.33613,1.33638,1.35,1.50
2011.05.17 07:39:51.403,1.33615,1.3364,1.50,3.53
2011.05.17 07:39:51.521,1.33617,1.33643,1.13,2.10
2011.05.17 07:39:51.636,1.33617,1.33643,1.13,2.10
2011.05.17 07:39:52.078,1.33628,1.33651,1.13,1.50
2011.05.17 07:39:52.198,1.33628,1.33651,1.13,1.50
2011.05.17 07:39:52.869,1.33622,1.33645,1.13,1.50
2011.05.17 07:39:52.987,1.33621,1.33645,1.13,1.50
2011.05.17 07:39:53.428,1.33622,1.33644,1.13,2.85
2011.05.17 07:39:53.766,1.3361,1.33634,1.50,2.78
2011.05.17 07:39:53.988,1.33599,1.33621,2.78,1.35
2011.05.17 07:39:54.322,1.336,1.33624,1.13,3.53
2011.05.17 07:39:54.655,1.33606,1.33626,3.53,2.78
2011.05.17 07:39:54.876,1.33611,1.33626,1.35,2.78
2011.05.17 07:39:55.095,1.33611,1.33635,1.35,1.50
2011.05.17 07:39:55.205,1.33611,1.33639,1.35,4.28
2011.05.17 07:39:55.315,1.33611,1.33639,1.35,4.28
2011.05.17 07:39:55.646,1.33614,1.33639,1.50,3.53
2011.05.17 07:39:55.866,1.33612,1.33636,1.13,1.50
2011.05.17 07:39:56.086,1.3361,1.33632,1.50,2.78
2011.05.17 07:39:56.306,1.33607,1.33628,1.13,1.50
2011.05.17 07:39:56.416,1.33602,1.33626,1.50,3.53
2011.05.17 07:39:56.746,1.33605,1.33628,1.35,4.28
2011.05.17 07:39:57.476,1.33605,1.33628,1.35,1.50
2011.05.17 07:39:57.587,1.33605,1.33632,1.35,1.50
2011.05.17 07:39:59.965,1.33604,1.3363,1.50,2.10
2011.05.17 07:40:00.293,1.33604,1.33627,1.50,2.25
2011.05.17 07:40:00.626,1.33602,1.33627,1.13,3.75
2011.05.17 07:40:01.175,1.336,1.33626,1.50,1.35
2011.05.17 07:40:01.287,1.336,1.33626,1.50,1.35
2011.05.17 07:40:01.714,1.33602,1.33627,1.35,1.50
2011.05.17 07:40:02.045,1.33599,1.33627,1.13,5.03
2011.05.17 07:40:02.375,1.33597,1.33625,1.50,3.75
2011.05.17 07:40:04.265,1.33597,1.33625,1.50,2.10
2011.05.17 07:40:04.707,1.33601,1.33626,1.35,1.50
2011.05.17 07:40:04.929,1.33595,1.33621,2.40,1.50
2011.05.17 07:40:05.377,1.33595,1.33621,5.18,1.50
2011.05.17 07:40:06.265,1.33595,1.33621,5.18,1.50
2011.05.17 07:40:06.864,1.33595,1.33621,2.40,1.50
2011.05.17 07:40:07.304,1.33597,1.33621,1.35,1.50
2011.05.17 07:40:07.925,1.33597,1.33621,1.35,1.50
2011.05.17 07:40:08.146,1.33594,1.33621,1.13,2.10
2011.05.17 07:40:08.474,1.33595,1.33618,1.13,1.50
2011.05.17 07:40:08.696,1.33595,1.33618,1.13,1.50
2011.05.17 07:40:11.267,1.33595,1.33618,1.13,1.50
2011.05.17 07:40:11.377,1.33594,1.33618,2.78,1.50
2011.05.17 07:40:11.816,1.33594,1.33618,1.13,1.50
2011.05.17 07:40:12.035,1.33594,1.33618,1.13,1.50
2011.05.17 07:40:12.145,1.33595,1.33621,1.50,1.35
2011.05.17 07:40:12.695,1.33595,1.3362,1.50,1.65
2011.05.17 07:40:13.026,1.33595,1.33621,1.88,1.35
2011.05.17 07:40:13.244,1.33596,1.33622,1.35,1.50
2011.05.17 07:40:13.465,1.33598,1.33625,1.50,1.50
2011.05.17 07:40:15.662,1.33598,1.33625,4.28,1.50
2011.05.17 07:40:15.780,1.33598,1.33625,1.50,1.50
2011.05.17 07:40:16.114,1.33598,1.33625,1.50,1.50
2011.05.17 07:40:16.997,1.33598,1.33625,1.50,1.50
2011.05.17 07:40:17.326,1.336,1.33625,1.13,1.50
2011.05.17 07:40:17.654,1.33602,1.33625,1.35,1.50
2011.05.17 07:40:20.895,1.33602,1.33628,1.35,1.50
2011.05.17 07:40:23.144,1.33602,1.33628,1.35,1.50
2011.05.17 07:40:23.755,1.33602,1.33628,1.35,1.50
2011.05.17 07:40:24.196,1.33609,1.33628,1.35,1.50
2011.05.17 07:40:24.305,1.33609,1.33632,1.35,1.65
2011.05.17 07:40:24.524,1.33609,1.33633,1.35,5.18
2011.05.17 07:40:24.743,1.33609,1.33633,1.35,5.18
2011.05.17 07:40:25.354,1.33609,1.33633,1.35,2.40
2011.05.17 07:40:25.686,1.33609,1.33632,1.35,1.50
2011.05.17 07:40:26.015,1.33611,1.33634,1.50,2.78
2011.05.17 07:40:26.234,1.33611,1.33635,1.50,2.78
2011.05.17 07:40:26.785,1.33611,1.33636,1.50,2.78
2011.05.17 07:40:28.395,1.33611,1.33635,1.50,2.78
2011.05.17 07:40:29.367,1.33611,1.33637,1.50,3.53
2011.05.17 07:40:29.475,1.33611,1.33637,1.50,3.53
2011.05.17 07:40:30.025,1.33611,1.33636,1.50,2.78
2011.05.17 07:40:31.040,1.33611,1.33635,1.50,2.78
2011.05.17 07:40:31.725,1.33611,1.33635,1.50,2.78
2011.05.17 07:40:32.255,1.33611,1.33635,1.50,2.78
2011.05.17 07:40:32.624,1.33611,1.33635,1.50,2.78
2011.05.17 07:40:32.954,1.33611,1.33635,1.50,2.78
2011.05.17 07:40:33.177,1.33611,1.33634,1.50,2.78
2011.05.17 07:40:33.764,1.33609,1.33635,1.35,5.93
2011.05.17 07:40:34.097,1.33609,1.33635,1.35,4.28
2011.05.17 07:40:34.208,1.33609,1.3363,1.35,2.78
2011.05.17 07:40:34.318,1.33608,1.3363,1.88,3.38
2011.05.17 07:40:34.429,1.33608,1.33628,1.50,1.65
2011.05.17 07:40:34.538,1.33606,1.33628,1.88,1.65
2011.05.17 07:40:34.650,1.33606,1.33628,1.88,3.75
2011.05.17 07:40:34.760,1.33605,1.33624,1.50,3.38
2011.05.17 07:40:34.868,1.33599,1.33623,2.25,1.50
2011.05.17 07:40:36.078,1.33596,1.33623,1.50,4.65
2011.05.17 07:40:37.068,1.33596,1.33623,1.50,1.50
2011.05.17 07:40:37.510,1.33595,1.3362,1.13,4.13
2011.05.17 07:40:37.923,1.33597,1.3362,1.50,3.38
2011.05.17 07:40:38.258,1.33597,1.33618,1.50,1.65
2011.05.17 07:40:38.369,1.33597,1.3362,1.50,1.35
2011.05.17 07:40:38.587,1.33597,1.33621,1.50,1.73
2011.05.17 07:40:39.137,1.33597,1.33621,1.50,1.35
2011.05.17 07:40:39.727,1.33597,1.33621,1.88,1.35
2011.05.17 07:40:40.171,1.33601,1.33627,1.35,1.50
2011.05.17 07:40:42.009,1.33601,1.33627,1.35,1.50
2011.05.17 07:40:42.559,1.33601,1.33627,1.35,1.50
2011.05.17 07:40:42.890,1.33601,1.33627,1.35,1.50
2011.05.17 07:40:44.470,1.33601,1.33627,1.35,1.50
2011.05.17 07:40:45.506,1.33601,1.33627,1.35,1.88
2011.05.17 07:40:45.727,1.33601,1.33626,1.35,1.13
2011.05.17 07:40:46.057,1.336,1.3362,2.25,1.65
2011.05.17 07:40:46.386,1.336,1.3362,1.50,1.65
2011.05.17 07:40:48.067,1.336,1.3362,1.50,1.65
2011.05.17 07:40:48.184,1.33598,1.33616,1.88,2.78
2011.05.17 07:40:48.300,1.33598,1.33618,1.88,2.78
2011.05.17 07:40:48.410,1.33598,1.33618,1.13,2.78
2011.05.17 07:40:48.528,1.33598,1.33619,1.13,3.38
2011.05.17 07:40:49.519,1.33597,1.33618,1.13,4.13
2011.05.17 07:40:49.740,1.33597,1.33618,1.13,1.35
2011.05.17 07:40:50.067,1.33597,1.33618,1.13,1.35
2011.05.17 07:40:51.207,1.33598,1.33619,1.13,1.50
2011.05.17 07:40:54.177,1.33597,1.33619,1.13,4.28
2011.05.17 07:40:56.248,1.33596,1.33619,1.13,4.28
2011.05.17 07:40:56.467,1.33596,1.33619,1.13,1.50
2011.05.17 07:40:56.690,1.33604,1.33619,1.73,1.50
2011.05.17 07:40:56.922,1.33603,1.33626,2.25,1.35
2011.05.17 07:40:57.040,1.33597,1.33621,4.65,2.48
2011.05.17 07:40:57.904,1.33597,1.3362,1.88,1.35
2011.05.17 07:40:58.023,1.33597,1.33622,1.88,1.50
2011.05.17 07:40:58.586,1.33597,1.33623,1.13,2.40
2011.05.17 07:40:59.136,1.33601,1.33623,1.50,1.65
2011.05.17 07:41:00.376,1.33601,1.33623,1.50,2.40
2011.05.17 07:41:00.487,1.33601,1.33619,1.50,2.78
2011.05.17 07:41:01.036,1.33597,1.33621,1.13,2.78
2011.05.17 07:41:01.258,1.33597,1.33621,1.13,2.78
2011.05.17 07:41:01.479,1.336,1.33623,1.13,1.50
2011.05.17 07:41:01.807,1.33604,1.33626,1.13,1.35
2011.05.17 07:41:02.247,1.33604,1.33625,1.13,1.73
2011.05.17 07:41:03.007,1.33604,1.33624,1.13,5.03
2011.05.17 07:41:03.227,1.33604,1.33622,1.13,2.10
2011.05.17 07:41:03.558,1.33594,1.33617,2.25,2.40
2011.05.17 07:41:03.667,1.33594,1.33618,2.25,1.35
2011.05.17 07:41:04.216,1.33594,1.33621,1.50,1.35
2011.05.17 07:41:07.406,1.33594,1.33624,3.00,4.88
2011.05.17 07:41:07.956,1.33594,1.33624,3.00,2.10
2011.05.17 07:41:08.278,1.33594,1.33617,3.00,3.00
2011.05.17 07:41:08.936,1.33594,1.33617,1.50,3.00
2011.05.17 07:41:09.156,1.33594,1.33617,1.50,3.00
2011.05.17 07:41:09.877,1.33594,1.33617,1.50,5.78
2011.05.17 07:41:09.992,1.33587,1.33614,1.13,1.50
2011.05.17 07:41:10.478,1.33587,1.33605,1.13,2.78
2011.05.17 07:41:10.697,1.33586,1.33604,1.50,2.40
2011.05.17 07:41:10.917,1.33583,1.33603,1.50,1.65
2011.05.17 07:41:11.028,1.33578,1.33602,1.50,2.25
2011.05.17 07:41:11.356,1.33576,1.336,1.13,2.25
2011.05.17 07:41:11.906,1.33577,1.336,1.13,2.25
2011.05.17 07:41:12.487,1.33573,1.33592,1.50,2.78
2011.05.17 07:41:12.599,1.33574,1.33592,1.50,6.90
2011.05.17 07:41:12.708,1.33574,1.33588,1.50,1.65
2011.05.17 07:41:13.040,1.33573,1.33599,1.13,1.50
2011.05.17 07:41:13.148,1.33573,1.33599,1.13,1.50
2011.05.17 07:41:13.806,1.33574,1.33598,1.50,1.50
2011.05.17 07:41:14.232,1.33574,1.33598,1.50,1.50
2011.05.17 07:41:14.784,1.33574,1.33598,1.50,1.50
2011.05.17 07:41:15.008,1.33574,1.33598,1.50,1.50
2011.05.17 07:41:15.227,1.33574,1.33598,1.50,1.50
2011.05.17 07:41:16.106,1.33574,1.336,1.50,1.35
2011.05.17 07:41:23.674,1.33586,1.33609,2.40,1.13
2011.05.17 07:41:24.017,1.33589,1.3361,3.53,2.25
2011.05.17 07:41:24.587,1.33595,1.3361,1.13,1.50
2011.05.17 07:41:25.072,1.33595,1.3361,1.13,1.50
2011.05.17 07:41:25.627,1.33595,1.3361,1.13,1.50
2011.05.17 07:41:27.078,1.33595,1.3361,1.13,1.50
2011.05.17 07:41:27.301,1.33595,1.3361,1.13,1.50
2011.05.17 07:41:27.529,1.33595,1.3361,1.13,1.50
2011.05.17 07:41:27.857,1.33595,1.33623,1.13,3.38
2011.05.17 07:41:28.298,1.33595,1.33618,1.13,1.50
2011.05.17 07:41:28.517,1.33595,1.33618,1.13,1.50
2011.05.17 07:41:28.977,1.33595,1.3361,1.13,2.10
2011.05.17 07:41:29.088,1.33594,1.33605,1.13,2.78
2011.05.17 07:41:29.198,1.3359,1.33605,2.40,4.28
2011.05.17 07:41:29.308,1.33583,1.33603,1.13,2.10
2011.05.17 07:41:29.419,1.33583,1.33599,1.13,1.35
2011.05.17 07:41:29.833,1.33573,1.33598,6.30,1.35
2011.05.17 07:41:30.060,1.33573,1.336,3.53,1.50
2011.05.17 07:41:30.280,1.33572,1.33599,1.13,1.50
2011.05.17 07:41:30.388,1.33572,1.33599,1.13,1.50
2011.05.17 07:41:30.936,1.33572,1.33599,1.88,1.50
2011.05.17 07:41:31.049,1.33572,1.33599,1.88,1.50
2011.05.17 07:41:31.486,1.33572,1.33599,1.88,1.50
2011.05.17 07:41:32.357,1.33572,1.33599,1.88,1.50
2011.05.17 07:41:32.688,1.3358,1.33602,1.35,1.50
2011.05.17 07:41:32.908,1.33585,1.33608,1.50,2.78
2011.05.17 07:41:33.504,1.33585,1.3361,1.50,3.53
2011.05.17 07:41:33.622,1.33582,1.33608,1.50,1.50
2011.05.17 07:41:34.177,1.33582,1.33608,1.50,3.15
2011.05.17 07:41:34.508,1.33582,1.33608,1.50,5.93
2011.05.17 07:41:34.618,1.33582,1.33608,1.50,5.93
2011.05.17 07:41:35.391,1.33584,1.33608,4.13,1.50
2011.05.17 07:41:36.528,1.33586,1.3361,4.28,1.50
2011.05.17 07:41:36.638,1.33586,1.33613,4.28,1.50
2011.05.17 07:41:36.750,1.33589,1.33613,1.35,1.50
2011.05.17 07:41:37.078,1.33588,1.33611,3.53,1.35
2011.05.17 07:41:38.858,1.33587,1.33608,1.50,1.13
2011.05.17 07:41:38.969,1.33587,1.33603,1.50,1.65
2011.05.17 07:41:39.187,1.33581,1.33601,1.35,1.65
2011.05.17 07:41:39.519,1.33582,1.33608,3.53,1.35
2011.05.17 07:41:39.737,1.33584,1.33607,1.50,5.03
2011.05.17 07:41:39.956,1.33584,1.33608,1.50,1.35
2011.05.17 07:41:40.066,1.33584,1.3361,1.50,1.50
2011.05.17 07:41:40.509,1.33582,1.33606,1.50,1.35
2011.05.17 07:41:41.057,1.33579,1.33603,3.53,1.50
2011.05.17 07:41:41.167,1.33582,1.33606,1.50,2.10
2011.05.17 07:41:41.497,1.33582,1.33608,1.50,1.50
2011.05.17 07:41:41.608,1.33582,1.33608,1.50,1.50
2011.05.17 07:41:41.829,1.33582,1.33608,1.50,1.50
2011.05.17 07:41:42.768,1.33582,1.33608,1.50,1.50
2011.05.17 07:41:42.878,1.33582,1.33608,1.50,1.50
2011.05.17 07:41:43.209,1.33582,1.33608,1.50,1.50
2011.05.17 07:41:43.427,1.33584,1.3361,1.50,1.35
2011.05.17 07:41:43.978,1.33588,1.33612,2.10,1.65
2011.05.17 07:41:44.089,1.33588,1.33616,2.10,4.28
2011.05.17 07:41:44.528,1.33588,1.33614,1.50,1.35
2011.05.17 07:41:44.858,1.33583,1.33606,1.50,2.63
2011.05.17 07:41:45.078,1.33578,1.33606,5.03,2.25
2011.05.17 07:41:45.408,1.33584,1.33609,1.50,3.53
2011.05.17 07:41:45.518,1.33589,1.33611,3.38,3.53
2011.05.17 07:41:46.576,1.33585,1.33614,1.35,1.50
2011.05.17 07:41:47.163,1.33585,1.33615,1.35,2.10
2011.05.17 07:41:47.687,1.33585,1.33615,1.35,1.35
2011.05.17 07:41:48.238,1.33588,1.33615,1.50,1.35
2011.05.17 07:41:48.461,1.33591,1.33616,1.50,1.50
2011.05.17 07:41:48.578,1.33591,1.33619,2.63,2.25
2011.05.17 07:41:48.687,1.33593,1.33621,2.40,2.10
2011.05.17 07:41:49.240,1.33591,1.33619,1.50,3.53
2011.05.17 07:41:49.787,1.33591,1.33619,1.50,3.53
2011.05.17 07:41:50.447,1.33591,1.33621,1.50,6.53
2011.05.17 07:41:51.167,1.33591,1.33619,1.50,1.50
2011.05.17 07:41:51.279,1.33591,1.33618,1.50,1.50
2011.05.17 07:41:51.391,1.33589,1.33615,1.35,1.50
2011.05.17 07:41:51.729,1.33588,1.33618,5.18,2.10
2011.05.17 07:41:51.840,1.33591,1.33618,1.50,1.35
2011.05.17 07:41:52.061,1.33588,1.33617,5.18,1.50
2011.05.17 07:42:02.402,1.33588,1.33617,3.53,2.10
2011.05.17 07:42:02.525,1.33605,1.33624,1.50,3.15
2011.05.17 07:42:02.750,1.33607,1.33625,1.13,1.35
2011.05.17 07:42:04.127,1.33598,1.33627,2.40,1.35
2011.05.17 07:42:04.238,1.33606,1.33628,1.35,1.50
2011.05.17 07:42:04.459,1.33607,1.33628,1.35,1.50
2011.05.17 07:42:04.677,1.33599,1.33628,1.35,1.50
2011.05.17 07:42:04.897,1.33599,1.33628,1.35,1.50
2011.05.17 07:42:05.226,1.33599,1.33626,1.35,1.50
2011.05.17 07:42:06.537,1.33598,1.33624,1.50,1.35
2011.05.17 07:42:08.227,1.33598,1.33624,1.50,1.35
2011.05.17 07:42:10.529,1.33598,1.33624,1.50,1.35
2011.05.17 07:42:11.077,1.33598,1.33624,1.50,1.35
2011.05.17 07:42:11.408,1.336,1.33624,1.50,4.13
2011.05.17 07:42:11.627,1.33601,1.33624,2.10,2.78
2011.05.17 07:42:11.738,1.33602,1.33627,1.13,3.53
2011.05.17 07:42:11.849,1.33602,1.33625,1.13,1.50
2011.05.17 07:42:12.178,1.33601,1.33625,1.35,1.50
2011.05.17 07:42:12.728,1.33601,1.33625,1.35,1.50
2011.05.17 07:42:12.838,1.33601,1.3363,1.35,5.93
2011.05.17 07:42:13.386,1.33604,1.33628,1.50,2.78
2011.05.17 07:42:13.497,1.33604,1.33628,1.50,2.78
2011.05.17 07:42:14.338,1.33604,1.33628,1.50,2.78
2011.05.17 07:42:14.716,1.33604,1.33628,1.50,2.78
2011.05.17 07:42:15.047,1.33604,1.33628,1.50,2.78
2011.05.17 07:42:15.697,1.33604,1.33626,1.50,2.78
2011.05.17 07:42:15.922,1.33604,1.3363,2.25,3.15
2011.05.17 07:42:16.150,1.33607,1.3363,1.50,2.78
2011.05.17 07:42:16.258,1.33607,1.33632,1.50,1.50
2011.05.17 07:42:16.369,1.33604,1.33633,1.50,2.48
2011.05.17 07:42:16.479,1.33604,1.33631,1.50,6.68
2011.05.17 07:42:16.810,1.33604,1.33628,1.50,1.65
2011.05.17 07:42:17.028,1.33607,1.33631,1.50,1.65
2011.05.17 07:42:17.138,1.33607,1.33632,1.50,3.53
2011.05.17 07:42:17.358,1.33607,1.33633,1.50,4.88
2011.05.17 07:42:17.689,1.33603,1.33631,1.50,4.28
2011.05.17 07:42:18.688,1.33603,1.33629,1.50,1.13
2011.05.17 07:42:19.018,1.33603,1.33626,1.50,3.00
2011.05.17 07:42:19.347,1.33596,1.33625,2.10,1.50
2011.05.17 07:42:19.567,1.33596,1.33622,2.10,1.50
2011.05.17 07:42:20.918,1.33596,1.3362,1.50,1.35
2011.05.17 07:42:21.250,1.33587,1.33616,2.10,1.50
2011.05.17 07:42:21.687,1.33587,1.33616,2.10,3.53
2011.05.17 07:42:22.529,1.33587,1.33611,1.50,1.35
2011.05.17 07:42:22.751,1.33585,1.33609,1.50,1.13
2011.05.17 07:42:23.342,1.33589,1.33609,1.35,3.15
2011.05.17 07:42:23.464,1.33589,1.33613,2.10,1.50
2011.05.17 07:42:23.688,1.33591,1.33618,1.50,1.50
2011.05.17 07:42:24.568,1.33591,1.33618,3.15,1.50
2011.05.17 07:42:24.899,1.33591,1.33618,1.50,1.50
2011.05.17 07:42:25.121,1.3359,1.33619,1.50,1.88
2011.05.17 07:42:30.487,1.33596,1.33621,1.35,1.50
2011.05.17 07:42:30.706,1.33595,1.33621,2.40,1.50
2011.05.17 07:42:33.068,1.33595,1.33621,2.40,1.50
2011.05.17 07:42:33.848,1.33594,1.33621,2.40,1.50
2011.05.17 07:42:34.067,1.33593,1.33621,1.35,1.50
2011.05.17 07:42:34.616,1.33593,1.33621,3.00,1.50
2011.05.17 07:42:35.207,1.33595,1.33621,1.13,1.50
2011.05.17 07:42:35.430,1.33602,1.33628,1.50,4.28
2011.05.17 07:42:35.659,1.33597,1.33625,1.50,1.35
2011.05.17 07:42:35.877,1.33597,1.33622,1.50,2.78
2011.05.17 07:42:36.397,1.33597,1.33621,1.50,2.78
2011.05.17 07:42:36.947,1.33597,1.33622,1.50,3.53
2011.05.17 07:42:37.497,1.33597,1.33622,1.50,3.53
2011.05.17 07:42:37.827,1.33597,1.33621,1.50,2.78
2011.05.17 07:42:38.378,1.33597,1.3362,1.50,2.78
2011.05.17 07:42:38.707,1.33597,1.33621,1.50,2.78
2011.05.17 07:42:39.147,1.33597,1.3362,1.50,2.78
2011.05.17 07:42:39.366,1.33597,1.33622,1.50,3.53
2011.05.17 07:42:39.808,1.33597,1.33622,1.50,4.50
2011.05.17 07:42:40.357,1.33595,1.33619,1.50,3.38
2011.05.17 07:42:40.688,1.33595,1.3362,1.50,5.03
2011.05.17 07:42:41.236,1.33595,1.33618,1.50,2.78
2011.05.17 07:42:41.348,1.33595,1.3362,1.50,2.78
2011.05.17 07:42:41.786,1.33595,1.33622,1.50,3.53
2011.05.17 07:42:42.942,1.33595,1.33619,1.50,2.78
2011.05.17 07:42:43.277,1.33592,1.33619,1.35,4.28
2011.05.17 07:42:43.828,1.33591,1.33617,1.50,3.00
2011.05.17 07:42:44.379,1.33594,1.33617,1.50,1.35
2011.05.17 07:42:45.767,1.33594,1.33617,1.50,1.35
2011.05.17 07:42:46.097,1.33595,1.3362,1.50,3.38
2011.05.17 07:42:47.338,1.33595,1.33619,2.10,1.65
2011.05.17 07:42:47.561,1.33602,1.33622,1.50,2.78
2011.05.17 07:42:47.790,1.33594,1.3362,1.50,1.50
2011.05.17 07:42:47.908,1.33594,1.3362,1.50,1.50
2011.05.17 07:42:48.459,1.33594,1.3362,1.50,1.50
2011.05.17 07:42:50.252,1.33601,1.33626,2.10,1.50
2011.05.17 07:42:50.371,1.33605,1.3363,1.35,1.50
2011.05.17 07:42:50.479,1.33608,1.33631,1.50,1.13
2011.05.17 07:42:50.811,1.33605,1.33629,1.50,1.35
2011.05.17 07:42:51.150,1.33599,1.33617,1.50,1.73
2011.05.17 07:42:51.369,1.33595,1.33618,1.50,3.38
2011.05.17 07:42:51.841,1.33598,1.33619,1.50,4.13
2011.05.17 07:42:52.068,1.33598,1.33619,1.50,1.35
2011.05.17 07:42:52.288,1.33598,1.3362,1.50,2.40
2011.05.17 07:42:52.729,1.33597,1.33623,2.10,3.53
2011.05.17 07:42:53.277,1.33598,1.33622,1.50,3.38
2011.05.17 07:42:53.830,1.33595,1.33622,1.50,1.35
2011.05.17 07:42:54.378,1.33595,1.33621,1.50,1.73
2011.05.17 07:42:54.928,1.33595,1.33619,1.50,1.35
2011.05.17 07:42:55.751,1.33595,1.33619,1.50,3.23
2011.05.17 07:42:55.982,1.33595,1.33619,1.50,4.13
2011.05.17 07:42:57.197,1.33595,1.33619,1.50,1.35
2011.05.17 07:42:59.967,1.33596,1.33619,3.53,1.35
2011.05.17 07:43:00.186,1.33596,1.33619,3.53,1.35
2011.05.17 07:43:00.738,1.33593,1.33619,1.13,1.35
2011.05.17 07:43:01.249,1.33599,1.33626,1.50,1.50
2011.05.17 07:43:01.469,1.33599,1.33626,1.50,1.50
2011.05.17 07:43:01.908,1.33599,1.33626,1.50,1.50
2011.05.17 07:43:02.348,1.33603,1.33626,1.35,1.50
2011.05.17 07:43:02.568,1.33603,1.3363,2.10,1.50
2011.05.17 07:43:04.098,1.33603,1.3363,1.50,1.50
2011.05.17 07:43:05.137,1.33603,1.3363,1.50,1.50
2011.05.17 07:43:05.778,1.33603,1.3363,1.50,1.50
2011.05.17 07:43:06.699,1.33603,1.3363,1.50,1.50
2011.05.17 07:43:07.357,1.33604,1.3363,2.40,1.50
2011.05.17 07:43:08.110,1.33614,1.33636,2.40,1.50
2011.05.17 07:43:08.437,1.33613,1.33638,1.13,1.50
2011.05.17 07:43:08.768,1.33613,1.33638,1.13,1.50
2011.05.17 07:43:08.986,1.33607,1.33636,1.50,1.50
2011.05.17 07:43:13.748,1.33605,1.33636,1.50,4.28
2011.05.17 07:43:13.967,1.33604,1.33632,2.25,1.50
2011.05.17 07:43:14.516,1.33604,1.33631,1.50,1.50
2011.05.17 07:43:15.173,1.33604,1.33631,1.50,1.50
2011.05.17 07:43:15.726,1.33603,1.33631,2.25,1.50
2011.05.17 07:43:16.299,1.33604,1.33631,1.50,1.50
2011.05.17 07:43:16.641,1.33601,1.33627,1.50,1.50
2011.05.17 07:43:17.628,1.33601,1.33623,1.50,1.65
2011.05.17 07:43:18.176,1.33601,1.33624,1.50,1.65
2011.05.17 07:43:19.062,1.33601,1.33624,1.50,1.65
2011.05.17 07:43:19.617,1.33601,1.33627,2.25,1.50
2011.05.17 07:43:19.948,1.33601,1.33624,2.25,2.40
2011.05.17 07:43:20.277,1.33601,1.33624,2.25,1.65
2011.05.17 07:43:20.807,1.33604,1.33624,3.53,1.65
2011.05.17 07:43:21.821,1.33603,1.33624,3.53,2.40
2011.05.17 07:43:23.689,1.33606,1.33624,2.78,2.40
2011.05.17 07:43:23.908,1.33606,1.33627,2.78,1.50
2011.05.17 07:43:24.679,1.33608,1.33627,2.78,3.15
2011.05.17 07:43:25.660,1.3361,1.33627,2.78,1.50
2011.05.17 07:43:25.880,1.3361,1.33629,2.78,1.35
2011.05.17 07:43:26.429,1.33607,1.33629,3.53,1.35
2011.05.17 07:43:28.535,1.33608,1.3363,3.53,1.50
2011.05.17 07:43:28.757,1.33612,1.3363,2.78,1.50
2011.05.17 07:43:29.089,1.33607,1.3363,3.53,1.50
2011.05.17 07:43:29.198,1.33612,1.33633,2.78,3.75
2011.05.17 07:43:29.309,1.33607,1.33633,1.50,2.10
2011.05.17 07:43:29.420,1.33606,1.33633,3.00,1.35
2011.05.17 07:43:30.077,1.33607,1.33633,1.50,1.35
2011.05.17 07:43:30.408,1.33608,1.33634,1.35,1.50
2011.05.17 07:43:30.738,1.33611,1.33634,1.35,1.50
2011.05.17 07:43:30.848,1.33607,1.33634,2.25,2.10
2011.05.17 07:43:32.317,1.33607,1.33633,1.50,4.28
2011.05.17 07:43:32.868,1.33605,1.33631,1.13,1.50
2011.05.17 07:43:32.979,1.33605,1.33629,1.13,1.50
2011.05.17 07:43:39.173,1.33607,1.33632,1.50,2.40
2011.05.17 07:43:39.295,1.33617,1.33636,1.65,4.28
2011.05.17 07:43:39.507,1.33616,1.33636,2.85,2.78
2011.05.17 07:43:39.839,1.33622,1.33642,5.40,1.50
2011.05.17 07:43:40.057,1.33622,1.33646,6.53,1.50
2011.05.17 07:43:42.688,1.33625,1.33651,1.73,1.50
2011.05.17 07:43:43.017,1.33625,1.33651,1.73,1.50
2011.05.17 07:43:43.758,1.33625,1.33651,1.73,1.50
2011.05.17 07:43:44.968,1.33625,1.33651,1.73,1.50
2011.05.17 07:43:45.189,1.33626,1.33651,4.80,1.50
2011.05.17 07:43:45.408,1.33628,1.33651,2.03,1.50
2011.05.17 07:43:45.847,1.33628,1.33651,1.65,1.50
2011.05.17 07:43:46.067,1.33625,1.33651,1.35,1.50
2011.05.17 07:43:46.179,1.33625,1.33652,1.35,1.50
2011.05.17 07:43:46.728,1.33632,1.33652,2.48,1.50
2011.05.17 07:43:47.059,1.33633,1.33655,2.40,1.50
2011.05.17 07:43:47.280,1.33627,1.33656,1.35,1.50
2011.05.17 07:43:47.674,1.33627,1.33654,1.35,2.40
2011.05.17 07:43:47.791,1.33624,1.33651,1.88,1.50
2011.05.17 07:43:47.914,1.33624,1.33651,1.13,1.50
2011.05.17 07:43:48.031,1.3362,1.33641,3.53,2.40
2011.05.17 07:43:48.149,1.33618,1.33641,2.78,2.40
2011.05.17 07:43:48.478,1.33617,1.33641,1.50,3.15
2011.05.17 07:43:48.918,1.33617,1.33639,3.53,1.50
2011.05.17 07:43:49.028,1.33617,1.33639,2.78,1.50
2011.05.17 07:43:55.603,1.33617,1.33638,2.78,1.35
2011.05.17 07:43:55.709,1.33611,1.33623,2.78,1.65
2011.05.17 07:43:55.825,1.33611,1.33625,2.48,4.28
2011.05.17 07:43:57.019,1.33611,1.33623,2.10,1.50
2011.05.17 07:43:57.461,1.336,1.33623,1.13,1.50
2011.05.17 07:43:57.693,1.33603,1.33622,1.50,1.88
2011.05.17 07:43:58.141,1.33611,1.33621,1.65,1.50
2011.05.17 07:43:58.372,1.33595,1.3361,1.50,1.50
2011.05.17 07:43:59.519,1.3359,1.3361,1.35,4.28
2011.05.17 07:43:59.635,1.33589,1.33607,3.38,1.50
2011.05.17 07:43:59.861,1.33596,1.33609,2.78,1.50
2011.05.17 07:43:59.985,1.33596,1.3361,2.78,1.50
2011.05.17 07:44:00.100,1.33593,1.33611,2.25,1.50
2011.05.17 07:44:00.430,1.33596,1.33611,2.78,1.50
2011.05.17 07:44:00.648,1.33589,1.33611,3.53,1.50
2011.05.17 07:44:00.758,1.33589,1.33609,2.78,1.50
2011.05.17 07:44:01.198,1.33587,1.33609,3.15,1.50
2011.05.17 07:44:01.758,1.33587,1.33606,3.15,1.50
2011.05.17 07:44:02.389,1.33591,1.33606,3.53,1.50
2011.05.17 07:44:02.504,1.33591,1.33609,3.53,1.50
2011.05.17 07:44:03.612,1.33591,1.33609,1.13,1.50
2011.05.17 07:44:03.733,1.33595,1.33609,3.53,1.50
2011.05.17 07:44:03.849,1.33595,1.33614,3.53,1.50
2011.05.17 07:44:04.401,1.33589,1.33612,1.35,1.50
2011.05.17 07:44:04.628,1.33591,1.33612,2.10,2.25
2011.05.17 07:44:04.848,1.33589,1.33615,1.35,1.50
2011.05.17 07:44:04.958,1.33589,1.33616,1.35,1.50
2011.05.17 07:44:05.179,1.33591,1.33616,1.65,1.50
2011.05.17 07:44:05.747,1.33592,1.33616,1.50,1.50
2011.05.17 07:44:05.859,1.33592,1.33616,1.50,1.50
2011.05.17 07:44:06.188,1.33592,1.33617,1.50,1.50
2011.05.17 07:44:07.179,1.33595,1.33618,2.10,1.50
2011.05.17 07:44:07.399,1.33595,1.33621,2.10,4.28
2011.05.17 07:44:07.511,1.33603,1.33619,1.50,2.78
2011.05.17 07:44:07.630,1.33603,1.33623,1.50,2.40
2011.05.17 07:44:07.738,1.33603,1.33623,1.50,1.65
2011.05.17 07:44:07.850,1.33603,1.33627,1.50,2.40
2011.05.17 07:44:07.959,1.33603,1.3363,1.50,1.50
2011.05.17 07:44:09.539,1.33603,1.3363,1.50,1.50
2011.05.17 07:44:09.757,1.33603,1.33629,1.50,1.88
2011.05.17 07:44:09.978,1.33602,1.33628,1.50,3.00
2011.05.17 07:44:10.293,1.33599,1.33625,1.50,1.50
2011.05.17 07:44:10.634,1.33597,1.33625,1.50,1.50
2011.05.17 07:44:10.972,1.33595,1.33616,1.50,2.40
2011.05.17 07:44:11.310,1.33598,1.33616,1.35,2.40
2011.05.17 07:44:11.531,1.33601,1.33626,2.10,1.50
2011.05.17 07:44:11.762,1.33605,1.3363,1.35,1.50
2011.05.17 07:44:11.879,1.33607,1.33633,2.78,1.50
2011.05.17 07:44:11.988,1.33609,1.33633,2.78,1.50
2011.05.17 07:44:12.538,1.33606,1.33629,3.53,1.65
2011.05.17 07:44:13.090,1.33606,1.33629,1.50,1.65
2011.05.17 07:44:14.541,1.33606,1.33629,1.50,1.65
2011.05.17 07:44:15.548,1.33606,1.33629,1.50,1.65
2011.05.17 07:44:15.877,1.33606,1.33631,1.50,1.50
2011.05.17 07:44:16.318,1.33609,1.3363,3.53,1.50
2011.05.17 07:44:16.427,1.33609,1.33633,3.53,1.50
2011.05.17 07:44:16.650,1.33609,1.33632,1.50,1.65
2011.05.17 07:44:16.757,1.33609,1.33632,1.50,2.40
2011.05.17 07:44:17.088,1.33611,1.33637,2.10,3.15
2011.05.17 07:44:17.201,1.33611,1.33637,2.10,1.50
2011.05.17 07:44:17.757,1.33612,1.33637,1.50,3.15
2011.05.17 07:44:18.091,1.33613,1.33637,1.50,3.15
2011.05.17 07:44:18.320,1.33612,1.33638,1.50,2.40
2011.05.17 07:44:19.740,1.33618,1.33642,1.50,2.40
2011.05.17 07:44:20.190,1.33615,1.33644,1.50,1.35
2011.05.17 07:44:20.739,1.33615,1.3364,1.50,1.50
2011.05.17 07:44:21.287,1.33615,1.33641,1.50,2.25
2011.05.17 07:44:22.747,1.33615,1.33641,1.50,2.25
2011.05.17 07:44:23.279,1.33615,1.3364,1.50,1.50
2011.05.17 07:44:23.827,1.33615,1.3364,1.50,1.50
2011.05.17 07:44:24.928,1.33615,1.3364,1.50,1.50
2011.05.17 07:44:25.507,1.33615,1.33641,1.50,2.25
2011.05.17 07:44:25.839,1.33615,1.3364,1.50,1.50
2011.05.17 07:44:26.197,1.33615,1.33641,1.50,2.25
2011.05.17 07:44:29.317,1.33615,1.3364,1.50,1.50
2011.05.17 07:44:30.550,1.33614,1.33639,2.25,1.50
2011.05.17 07:44:30.658,1.33615,1.33639,1.50,1.50
2011.05.17 07:44:30.878,1.33613,1.33644,1.13,2.10
2011.05.17 07:44:30.989,1.33616,1.33644,1.73,1.50
2011.05.17 07:44:31.538,1.33619,1.33644,3.53,1.50
2011.05.17 07:44:32.098,1.33619,1.33644,1.50,1.50
2011.05.17 07:44:32.429,1.33618,1.33641,2.10,3.53
2011.05.17 07:44:32.539,1.33618,1.33637,1.35,1.50
2011.05.17 07:44:32.980,1.33623,1.3364,1.65,1.50
2011.05.17 07:44:33.308,1.33627,1.33648,1.35,1.50
2011.05.17 07:44:33.661,1.3363,1.33653,1.35,1.50
2011.05.17 07:44:33.769,1.33627,1.33653,2.10,2.25
2011.05.17 07:44:35.348,1.33626,1.33651,2.10,1.50
2011.05.17 07:44:35.792,1.3363,1.3365,1.35,1.50
2011.05.17 07:44:36.128,1.33631,1.33656,2.40,1.50
2011.05.17 07:44:36.349,1.33635,1.33658,1.35,3.53
2011.05.17 07:44:36.569,1.33636,1.33659,1.35,1.50
2011.05.17 07:44:37.117,1.33636,1.33659,1.35,1.50
2011.05.17 07:44:37.339,1.33638,1.33662,1.50,3.53
2011.05.17 07:44:38.228,1.3364,1.33664,2.85,1.50
2011.05.17 07:44:38.349,1.33647,1.33665,2.40,1.50
2011.05.17 07:44:38.570,1.33642,1.33671,1.73,1.50
2011.05.17 07:44:38.792,1.33648,1.33671,2.40,1.50
2011.05.17 07:44:39.129,1.33649,1.3367,2.40,1.50
2011.05.17 07:44:39.680,1.3365,1.3367,2.40,1.50
2011.05.17 07:44:40.116,1.3365,1.33671,2.40,1.50
2011.05.17 07:44:40.449,1.33649,1.33671,2.40,1.50
2011.05.17 07:44:42.807,1.33649,1.33672,2.40,1.50
2011.05.17 07:44:43.247,1.33646,1.33674,3.15,1.50
2011.05.17 07:44:43.577,1.33647,1.33674,3.53,1.50
2011.05.17 07:44:43.798,1.33648,1.33674,2.40,1.50
2011.05.17 07:44:44.021,1.33652,1.33674,2.48,1.50
2011.05.17 07:44:44.386,1.33659,1.33682,2.40,1.50
2011.05.17 07:44:45.050,1.33661,1.33685,3.15,1.50
2011.05.17 07:44:45.377,1.33661,1.33685,3.15,1.50
2011.05.17 07:44:45.707,1.33663,1.33685,1.35,1.50
2011.05.17 07:44:46.502,1.33662,1.33685,1.35,1.50
2011.05.17 07:44:46.840,1.33658,1.33685,1.50,1.50
2011.05.17 07:44:47.173,1.33657,1.33678,1.35,1.50
2011.05.17 07:44:47.293,1.33661,1.3368,2.10,1.50
2011.05.17 07:44:47.411,1.33662,1.33685,1.35,3.53
2011.05.17 07:44:47.529,1.33662,1.33685,1.73,2.78
2011.05.17 07:44:47.640,1.33661,1.33688,3.23,1.50
2011.05.17 07:44:47.748,1.33669,1.3369,2.78,1.50
2011.05.17 07:44:47.860,1.33667,1.33689,1.65,1.50
2011.05.17 07:44:48.309,1.33667,1.33692,2.25,1.50
2011.05.17 07:44:48.858,1.33668,1.33694,1.35,1.50
2011.05.17 07:44:49.188,1.33666,1.33689,2.10,1.50
2011.05.17 07:44:49.518,1.33668,1.33689,1.35,1.50
2011.05.17 07:44:49.738,1.3367,1.33692,1.35,1.50
2011.05.17 07:44:50.298,1.3367,1.33692,1.35,1.50
2011.05.17 07:44:50.847,1.3367,1.33696,1.35,1.50
2011.05.17 07:44:51.408,1.3367,1.33696,1.35,1.50
2011.05.17 07:44:51.628,1.3367,1.33696,1.35,1.50
2011.05.17 07:44:53.718,1.33669,1.33692,1.35,1.88
2011.05.17 07:44:53.829,1.33665,1.3369,3.15,3.53
2011.05.17 07:44:54.048,1.33661,1.3369,2.10,3.53
2011.05.17 07:44:54.269,1.33661,1.33691,2.10,4.28
2011.05.17 07:44:54.379,1.33662,1.33691,1.50,5.03
2011.05.17 07:44:54.817,1.33665,1.33691,1.50,4.28
2011.05.17 07:44:55.259,1.33666,1.33691,1.50,1.50
2011.05.17 07:44:55.590,1.33667,1.33691,1.35,1.50
2011.05.17 07:44:55.918,1.33667,1.33691,1.35,1.50
2011.05.17 07:44:56.028,1.33667,1.33691,1.35,1.50
2011.05.17 07:44:56.580,1.33667,1.33692,2.10,1.50
2011.05.17 07:44:57.110,1.33668,1.33692,1.50,1.50
2011.05.17 07:44:57.758,1.33668,1.33692,1.50,1.50
2011.05.17 07:44:58.197,1.33668,1.33692,1.50,1.50
2011.05.17 07:44:58.748,1.33668,1.33692,1.50,1.50
2011.05.17 07:44:59.908,1.33667,1.33692,2.10,1.50
2011.05.17 07:45:00.459,1.33669,1.33694,1.50,4.28
2011.05.17 07:45:00.677,1.33669,1.33694,1.50,4.28
2011.05.17 07:45:01.117,1.33669,1.33694,3.15,1.50
2011.05.17 07:45:01.229,1.3367,1.33694,1.50,1.50
2011.05.17 07:45:01.560,1.33675,1.33701,2.40,1.50
2011.05.17 07:45:01.995,1.33671,1.33695,1.50,1.50
2011.05.17 07:45:02.114,1.33671,1.33694,1.50,2.78
2011.05.17 07:45:02.449,1.33675,1.33694,1.50,2.78
2011.05.17 07:45:02.561,1.33677,1.33699,2.40,2.78
2011.05.17 07:45:02.787,1.33677,1.33699,2.40,3.53
2011.05.17 07:45:03.119,1.33674,1.33698,1.50,3.53
2011.05.17 07:45:03.338,1.33673,1.33698,1.50,3.53
2011.05.17 07:45:03.449,1.33674,1.33698,1.50,3.53
2011.05.17 07:45:03.778,1.33672,1.33698,2.25,3.53
2011.05.17 07:45:04.327,1.33672,1.33698,1.50,1.50
2011.05.17 07:45:04.768,1.33673,1.33699,1.50,1.50
2011.05.17 07:45:04.988,1.33677,1.33699,1.13,1.50
2011.05.17 07:45:05.388,1.33679,1.33704,3.15,1.50
2011.05.17 07:45:05.721,1.33682,1.33704,2.40,1.50
2011.05.17 07:45:06.306,1.33682,1.33704,1.65,1.50
2011.05.17 07:45:06.750,1.33681,1.33704,1.65,1.50
2011.05.17 07:45:07.328,1.33681,1.33705,1.50,1.50
2011.05.17 07:45:07.658,1.3368,1.33705,1.50,1.88
2011.05.17 07:45:07.768,1.3368,1.33705,1.50,1.50
2011.05.17 07:45:08.208,1.3368,1.33708,1.50,1.50
2011.05.17 07:45:08.869,1.33683,1.33709,1.50,1.50
2011.05.17 07:45:09.448,1.33683,1.33709,1.50,3.53
2011.05.17 07:45:09.997,1.33683,1.33708,1.50,3.53
2011.05.17 07:45:10.329,1.3368,1.33707,3.15,1.50
2011.05.17 07:45:10.877,1.3368,1.33707,1.50,1.50
2011.05.17 07:45:11.426,1.3368,1.33707,3.15,1.50
2011.05.17 07:45:11.537,1.3368,1.33707,3.15,1.50
2011.05.17 07:45:12.086,1.33673,1.33702,2.40,1.50
2011.05.17 07:45:12.197,1.33673,1.33701,2.40,1.50
2011.05.17 07:45:12.307,1.33673,1.33698,2.40,1.50
2011.05.17 07:45:15.020,1.33674,1.33698,1.65,1.50
2011.05.17 07:45:15.128,1.33671,1.33698,2.40,1.50
2011.05.17 07:45:15.462,1.33666,1.33693,2.25,1.50
2011.05.17 07:45:15.583,1.33668,1.33693,2.78,1.50
2011.05.17 07:45:15.809,1.33669,1.33692,1.50,3.53
2011.05.17 07:45:16.028,1.33665,1.33692,1.50,3.53
2011.05.17 07:45:16.359,1.33665,1.33691,1.50,1.50
2011.05.17 07:45:16.468,1.33662,1.3369,4.28,1.50
2011.05.17 07:45:16.688,1.33662,1.33687,1.50,1.50
2011.05.17 07:45:16.798,1.33663,1.33687,1.65,1.50
2011.05.17 07:45:17.018,1.33661,1.33687,3.53,1.50
2011.05.17 07:45:17.887,1.33661,1.3369,2.10,2.25
2011.05.17 07:45:17.999,1.33661,1.3369,1.35,1.50
2011.05.17 07:45:18.439,1.33661,1.33685,1.35,1.50
2011.05.17 07:45:18.659,1.33661,1.33687,1.35,1.50
2011.05.17 07:45:20.770,1.33661,1.33685,1.35,1.50
2011.05.17 07:45:20.987,1.33661,1.33687,2.10,3.15
2011.05.17 07:45:21.869,1.33661,1.33685,1.35,1.50
2011.05.17 07:45:24.443,1.33661,1.33684,1.73,3.53
2011.05.17 07:45:24.782,1.33678,1.33703,1.50,1.13
2011.05.17 07:45:31.441,1.33671,1.33692,1.13,1.35
2011.05.17 07:45:31.506,1.33674,1.33692,1.50,1.35
2011.05.17 07:45:31.627,1.33665,1.33688,3.90,1.13
2011.05.17 07:45:31.739,1.33665,1.33688,3.15,1.13
2011.05.17 07:45:33.617,1.33665,1.33688,3.15,1.13
2011.05.17 07:45:33.754,1.33665,1.33688,3.15,1.13
2011.05.17 07:45:34.887,1.33665,1.3369,3.15,4.28
2011.05.17 07:45:35.217,1.33665,1.3369,2.85,1.50
2011.05.17 07:45:35.658,1.33665,1.3369,2.10,1.50
2011.05.17 07:45:36.318,1.33665,1.3369,2.10,1.50
2011.05.17 07:45:41.156,1.33665,1.3369,2.85,1.50
2011.05.17 07:45:49.474,1.33667,1.33692,2.25,1.50
2011.05.17 07:45:49.838,1.33668,1.33692,2.78,1.50
2011.05.17 07:45:50.420,1.33664,1.33688,1.35,1.50
2011.05.17 07:45:50.539,1.33663,1.33688,5.78,1.50
2011.05.17 07:45:50.762,1.33665,1.33691,1.50,1.50
2011.05.17 07:45:50.988,1.33669,1.33694,1.50,1.35
2011.05.17 07:45:51.651,1.33667,1.33689,1.50,1.13
2011.05.17 07:45:51.991,1.33665,1.33688,1.50,3.00
2011.05.17 07:45:52.769,1.33665,1.33688,2.25,5.78
2011.05.17 07:45:53.213,1.33667,1.33692,1.50,2.40
2011.05.17 07:45:53.494,1.33667,1.33694,1.50,1.50
2011.05.17 07:45:54.049,1.33667,1.33694,2.25,1.50
2011.05.17 07:45:54.269,1.33667,1.33694,2.25,1.50
2011.05.17 07:45:54.489,1.33666,1.3369,1.50,1.50
2011.05.17 07:45:54.929,1.33665,1.3369,1.50,1.35
2011.05.17 07:45:55.149,1.33664,1.3369,1.50,1.35
2011.05.17 07:45:55.697,1.33664,1.3369,1.50,2.10
2011.05.17 07:45:56.470,1.33667,1.33693,1.50,1.50
2011.05.17 07:45:57.017,1.3367,1.33696,1.50,1.35
2011.05.17 07:45:57.415,1.33666,1.33693,2.10,1.50
2011.05.17 07:45:57.968,1.33661,1.33688,1.50,1.13
2011.05.17 07:45:58.079,1.33661,1.33686,1.50,2.40
2011.05.17 07:45:59.357,1.33661,1.33685,1.50,3.53
2011.05.17 07:46:00.138,1.33661,1.33685,1.50,3.53
2011.05.17 07:46:00.360,1.3366,1.33684,1.50,1.50
2011.05.17 07:46:00.908,1.33658,1.33684,2.10,1.50
2011.05.17 07:46:02.067,1.33658,1.33684,2.10,1.50
2011.05.17 07:46:02.578,1.33658,1.33684,2.10,1.50
2011.05.17 07:46:02.799,1.33658,1.33686,2.10,3.15
2011.05.17 07:46:03.020,1.3366,1.33684,1.50,1.50
2011.05.17 07:46:03.358,1.33659,1.33684,1.35,1.50
2011.05.17 07:46:03.688,1.33658,1.33684,2.10,1.50
2011.05.17 07:46:04.021,1.33662,1.3369,4.28,1.35
2011.05.17 07:46:04.128,1.33664,1.3369,1.50,1.35
2011.05.17 07:46:04.459,1.33666,1.3369,1.50,1.35
2011.05.17 07:46:05.048,1.33666,1.33686,1.50,3.53
2011.05.17 07:46:06.450,1.33666,1.3369,1.50,1.35
2011.05.17 07:46:06.667,1.33666,1.3369,1.50,1.35
2011.05.17 07:46:07.340,1.33666,1.33688,1.50,1.13
2011.05.17 07:46:07.454,1.33666,1.3369,1.50,1.35
2011.05.17 07:46:08.009,1.33666,1.3369,1.50,1.35
2011.05.17 07:46:09.269,1.33666,1.3369,1.50,1.35
2011.05.17 07:46:09.817,1.33666,1.33691,1.50,2.40
2011.05.17 07:46:10.257,1.33663,1.3369,1.50,1.50
2011.05.17 07:46:10.366,1.33663,1.3369,1.50,1.50
2011.05.17 07:46:11.137,1.33663,1.33689,2.25,1.35
2011.05.17 07:46:11.704,1.3366,1.33685,1.50,2.40
2011.05.17 07:46:12.258,1.3366,1.33685,1.50,2.40
2011.05.17 07:46:12.808,1.3366,1.33681,1.50,2.40
2011.05.17 07:46:14.182,1.3366,1.33683,1.50,1.35
2011.05.17 07:46:14.410,1.3366,1.33683,1.50,1.35
2011.05.17 07:46:14.739,1.3366,1.33683,1.50,1.35
2011.05.17 07:46:15.287,1.3366,1.33683,1.50,1.35
2011.05.17 07:46:15.728,1.33663,1.33685,2.10,2.40
2011.05.17 07:46:15.839,1.33665,1.33685,1.35,2.40
2011.05.17 07:46:16.168,1.33664,1.33691,1.50,1.35
2011.05.17 07:46:16.688,1.33664,1.33691,1.50,1.35
2011.05.17 07:46:16.802,1.33661,1.33685,1.50,2.40
2011.05.17 07:46:17.357,1.33661,1.33685,1.50,2.40
2011.05.17 07:46:21.237,1.33661,1.33687,1.50,1.50
2011.05.17 07:46:22.736,1.33661,1.33687,1.50,1.50
2011.05.17 07:46:22.990,1.33669,1.33687,1.50,1.50
2011.05.17 07:46:23.210,1.3367,1.33691,2.10,1.50
2011.05.17 07:46:24.558,1.33673,1.33697,1.35,1.50
2011.05.17 07:46:25.217,1.33673,1.33697,1.35,1.50
2011.05.17 07:46:25.767,1.33672,1.33696,1.50,3.53
2011.05.17 07:46:26.435,1.33672,1.33696,1.50,3.53
2011.05.17 07:46:28.496,1.33668,1.33692,1.50,3.53
2011.05.17 07:46:29.158,1.33668,1.33692,1.50,3.53
2011.05.17 07:46:30.846,1.33668,1.33692,1.50,3.53
2011.05.17 07:46:31.289,1.33669,1.33693,1.50,2.40
2011.05.17 07:46:31.728,1.33664,1.3369,1.50,1.35
2011.05.17 07:46:31.947,1.33662,1.3369,1.50,1.35
2011.05.17 07:46:32.499,1.33663,1.3369,2.40,2.85
2011.05.17 07:46:33.250,1.33667,1.33692,1.50,1.50
2011.05.17 07:46:33.468,1.33667,1.33694,2.25,1.50
2011.05.17 07:46:34.121,1.33667,1.33694,1.50,1.50
2011.05.17 07:46:34.350,1.33665,1.3369,1.50,1.35
2011.05.17 07:46:34.572,1.3366,1.3369,2.10,4.88
2011.05.17 07:46:34.692,1.33662,1.3369,1.65,2.10
2011.05.17 07:46:35.031,1.33664,1.33689,2.10,1.50
2011.05.17 07:46:35.480,1.33664,1.33689,1.35,4.28
2011.05.17 07:46:35.589,1.33664,1.33689,1.35,4.28
2011.05.17 07:46:35.808,1.33661,1.33685,1.50,1.50
2011.05.17 07:46:36.358,1.3366,1.33685,2.40,1.50
2011.05.17 07:46:36.801,1.33664,1.3369,1.35,4.28
2011.05.17 07:46:37.140,1.33664,1.3369,2.10,1.50
2011.05.17 07:46:37.249,1.3367,1.33694,1.35,1.50
2011.05.17 07:46:37.688,1.3367,1.33694,1.35,1.50
2011.05.17 07:46:38.140,1.3367,1.33694,1.35,1.50
2011.05.17 07:46:38.857,1.3367,1.33694,1.35,1.50
2011.05.17 07:46:43.598,1.33671,1.33694,2.10,1.50
2011.05.17 07:46:43.930,1.33674,1.33698,3.00,3.53
2011.05.17 07:46:48.694,1.33674,1.33698,1.35,3.53
2011.05.17 07:46:49.357,1.33674,1.33697,1.35,3.53
2011.05.17 07:46:49.797,1.33674,1.33697,1.35,3.53
2011.05.17 07:46:50.608,1.33674,1.33697,1.35,3.53
2011.05.17 07:46:51.308,1.33674,1.33697,1.35,3.53
2011.05.17 07:46:56.438,1.33674,1.33698,1.35,3.53
2011.05.17 07:46:56.997,1.33672,1.33696,1.35,1.50
2011.05.17 07:46:59.262,1.33672,1.33696,1.50,4.28
2011.05.17 07:46:59.655,1.33673,1.33696,1.35,1.50
2011.05.17 07:47:00.220,1.33675,1.33701,1.35,1.50
2011.05.17 07:47:00.549,1.33675,1.33701,1.35,1.50
2011.05.17 07:47:00.878,1.33675,1.33701,1.35,1.50
2011.05.17 07:47:01.650,1.33679,1.33701,2.25,1.50
2011.05.17 07:47:01.867,1.33678,1.33701,3.75,1.50
2011.05.17 07:47:02.089,1.33678,1.33701,1.65,1.50
2011.05.17 07:47:02.201,1.33678,1.33701,1.65,1.50
2011.05.17 07:47:02.320,1.33674,1.33701,2.40,1.50
2011.05.17 07:47:02.867,1.33674,1.33697,1.65,1.50
2011.05.17 07:47:03.467,1.33672,1.33697,3.00,1.50
2011.05.17 07:47:03.578,1.33674,1.33697,1.13,1.50
2011.05.17 07:47:03.974,1.33677,1.33698,1.35,3.53
2011.05.17 07:47:04.088,1.33681,1.33701,1.65,1.50
2011.05.17 07:47:04.201,1.33677,1.33703,2.40,1.35
2011.05.17 07:47:04.530,1.3367,1.33698,1.35,1.50
2011.05.17 07:47:04.749,1.33668,1.33696,1.50,1.35
2011.05.17 07:47:05.517,1.33668,1.33693,1.50,1.50
2011.05.17 07:47:05.962,1.3367,1.33695,1.35,3.53
2011.05.17 07:47:06.300,1.3367,1.33695,1.35,3.53
2011.05.17 07:47:06.847,1.33669,1.33695,1.35,4.28
2011.05.17 07:47:08.120,1.33669,1.33695,1.35,1.50
2011.05.17 07:47:08.462,1.33671,1.33695,1.35,1.50
2011.05.17 07:47:09.018,1.33671,1.33698,2.85,1.50
2011.05.17 07:47:09.827,1.33671,1.33698,2.10,4.28
2011.05.17 07:47:11.040,1.33672,1.33698,1.50,4.28
2011.05.17 07:47:12.247,1.33672,1.33698,4.28,1.50
2011.05.17 07:47:12.579,1.33671,1.33698,2.10,1.50
2011.05.17 07:47:12.798,1.33672,1.33698,1.50,1.50
2011.05.17 07:47:13.918,1.33672,1.33698,1.50,1.50
2011.05.17 07:47:16.639,1.33672,1.33698,1.50,1.50
2011.05.17 07:47:17.637,1.33671,1.33698,2.85,1.50
2011.05.17 07:47:17.968,1.33672,1.33698,1.50,1.50
2011.05.17 07:47:18.887,1.33672,1.33699,2.25,1.50
2011.05.17 07:47:18.998,1.33672,1.33698,1.50,1.50
2011.05.17 07:47:20.427,1.33672,1.33698,1.50,4.28
2011.05.17 07:47:21.088,1.33672,1.33698,1.50,1.50
2011.05.17 07:47:21.528,1.33672,1.33698,1.50,1.50
2011.05.17 07:47:22.077,1.33672,1.33698,1.50,1.50
2011.05.17 07:47:23.641,1.33672,1.33698,1.50,1.50
2011.05.17 07:47:24.998,1.33671,1.33698,2.10,1.50
2011.05.17 07:47:25.219,1.33671,1.33698,2.85,1.50
2011.05.17 07:47:25.987,1.33672,1.33698,1.50,1.50
2011.05.17 07:47:26.207,1.33674,1.33698,1.35,1.50
2011.05.17 07:47:26.536,1.33677,1.33701,1.35,1.50
2011.05.17 07:47:30.577,1.33677,1.33701,1.35,1.50
2011.05.17 07:47:30.800,1.33677,1.33701,1.35,1.50
2011.05.17 07:47:33.810,1.33677,1.33701,1.35,1.50
2011.05.17 07:47:34.138,1.33678,1.33705,1.50,1.50
2011.05.17 07:47:34.558,1.33678,1.33701,1.50,3.53
2011.05.17 07:47:34.778,1.33678,1.33705,1.50,4.28
2011.05.17 07:47:35.328,1.33678,1.33702,1.50,3.53
2011.05.17 07:47:35.878,1.33678,1.33705,1.50,4.28
2011.05.17 07:47:36.320,1.33677,1.33701,1.35,1.50
2011.05.17 07:47:36.429,1.33677,1.33701,1.35,1.50
2011.05.17 07:47:38.958,1.33674,1.33699,2.25,5.18
2011.05.17 07:47:39.177,1.33674,1.33699,1.50,5.18
2011.05.17 07:47:39.780,1.33674,1.33699,1.50,5.18
2011.05.17 07:47:39.999,1.33671,1.33693,1.35,1.50
2011.05.17 07:47:40.220,1.33673,1.33699,1.50,1.50
2011.05.17 07:47:40.767,1.33674,1.337,1.50,2.40
2011.05.17 07:47:41.357,1.33674,1.337,1.50,2.40
2011.05.17 07:47:43.728,1.33674,1.33694,1.50,3.53
2011.05.17 07:47:43.949,1.33666,1.33691,1.50,2.40
2011.05.17 07:47:44.058,1.33667,1.33693,1.50,2.40
2011.05.17 07:47:45.597,1.33669,1.33694,2.10,2.40
2011.05.17 07:47:46.149,1.3367,1.33694,1.50,2.40
2011.05.17 07:47:46.258,1.33671,1.33694,1.50,2.40
2011.05.17 07:47:46.807,1.3367,1.33693,1.50,2.40
2011.05.17 07:47:48.009,1.33669,1.3369,2.10,1.65
2011.05.17 07:47:48.121,1.33669,1.33691,2.10,2.40
2011.05.17 07:47:48.678,1.33668,1.33689,1.50,2.40
2011.05.17 07:47:49.668,1.33668,1.33687,1.50,1.50
2011.05.17 07:47:50.218,1.33669,1.33692,1.50,4.43
2011.05.17 07:47:50.437,1.33669,1.33693,1.50,1.50
2011.05.17 07:47:50.766,1.33673,1.33697,1.50,1.50
2011.05.17 07:47:51.837,1.33671,1.33697,1.50,2.25
2011.05.17 07:47:52.617,1.3367,1.33693,1.35,1.50
2011.05.17 07:47:52.954,1.3367,1.33692,1.35,1.50
2011.05.17 07:47:53.289,1.3366,1.3369,1.88,1.35
2011.05.17 07:47:53.618,1.33663,1.33683,1.35,1.50
2011.05.17 07:47:54.058,1.33662,1.33688,2.10,1.50
2011.05.17 07:47:54.278,1.33661,1.33687,4.28,1.50
2011.05.17 07:48:01.209,1.33663,1.33687,2.10,1.50
2011.05.17 07:48:01.345,1.33666,1.33689,3.38,1.50
2011.05.17 07:48:01.465,1.33664,1.33686,2.10,1.50
2011.05.17 07:48:02.018,1.33668,1.33688,1.35,2.25
2011.05.17 07:48:02.238,1.33668,1.33687,1.35,1.50
2011.05.17 07:48:03.278,1.33667,1.3369,1.35,1.50
2011.05.17 07:48:03.609,1.33667,1.3369,1.35,1.50
2011.05.17 07:48:03.828,1.33667,1.3369,1.35,1.50
2011.05.17 07:48:04.159,1.33664,1.33687,3.53,1.50
2011.05.17 07:48:04.379,1.33662,1.33687,3.53,1.50
2011.05.17 07:48:05.038,1.33661,1.33687,2.10,1.50
2011.05.17 07:48:05.479,1.33661,1.33687,2.10,1.50
2011.05.17 07:48:05.917,1.33661,1.33687,2.10,1.50
2011.05.17 07:48:06.248,1.33667,1.33687,1.35,1.50
2011.05.17 07:48:06.652,1.33664,1.33687,1.35,1.50
2011.05.17 07:48:07.210,1.33665,1.33687,1.35,1.50
2011.05.17 07:48:07.430,1.33661,1.33687,2.10,1.50
2011.05.17 07:48:07.653,1.33661,1.33689,4.88,2.25
2011.05.17 07:48:07.769,1.33666,1.33689,3.38,2.25
2011.05.17 07:48:07.882,1.33665,1.33689,1.35,1.50
2011.05.17 07:48:08.002,1.33668,1.33692,1.35,1.50
2011.05.17 07:48:08.339,1.33667,1.33692,1.35,1.50
2011.05.17 07:48:08.668,1.33668,1.33693,2.10,1.50
2011.05.17 07:48:08.999,1.33666,1.3369,3.38,1.50
2011.05.17 07:48:09.217,1.33664,1.3369,3.60,1.50
2011.05.17 07:48:09.439,1.33664,1.3369,1.50,1.50
2011.05.17 07:48:09.551,1.33663,1.3369,1.50,1.50
2011.05.17 07:48:09.779,1.33663,1.3369,1.50,3.15
2011.05.17 07:48:10.000,1.33661,1.33685,2.10,1.50
2011.05.17 07:48:10.853,1.33661,1.33685,2.10,1.50
2011.05.17 07:48:11.082,1.33661,1.33685,1.50,1.88
2011.05.17 07:48:11.313,1.33655,1.33681,1.50,3.75
2011.05.17 07:48:11.871,1.33655,1.3368,1.50,2.40
2011.05.17 07:48:19.772,1.33653,1.33673,1.50,1.65
2011.05.17 07:48:20.269,1.33655,1.33672,1.50,1.50
2011.05.17 07:48:21.129,1.33648,1.33672,1.50,4.28
2011.05.17 07:48:21.458,1.33641,1.33669,1.35,3.15
2011.05.17 07:48:21.899,1.33639,1.33666,1.35,3.15
2011.05.17 07:48:22.230,1.33634,1.33662,1.50,1.50
2011.05.17 07:48:22.339,1.33634,1.33662,1.50,1.50
2011.05.17 07:48:22.668,1.33637,1.33662,1.35,3.15
2011.05.17 07:48:23.110,1.33639,1.33665,1.35,3.90
2011.05.17 07:48:23.219,1.33639,1.33665,1.35,1.50
2011.05.17 07:48:24.833,1.33641,1.33668,1.50,2.25
2011.05.17 07:48:24.946,1.33648,1.33674,2.10,1.50
2011.05.17 07:48:25.828,1.33648,1.33672,1.35,1.50
2011.05.17 07:48:27.317,1.33648,1.33674,2.10,1.50
2011.05.17 07:48:27.557,1.33649,1.33674,1.35,1.50
2011.05.17 07:48:28.218,1.3365,1.33672,1.35,1.50
2011.05.17 07:48:28.550,1.3365,1.33674,3.00,1.50
2011.05.17 07:48:28.659,1.33652,1.33674,2.10,1.50
2011.05.17 07:48:28.990,1.33652,1.33677,2.10,1.50
2011.05.17 07:48:29.539,1.33652,1.33677,2.10,1.50
2011.05.17 07:48:35.889,1.3365,1.33678,3.15,1.50
2011.05.17 07:48:41.468,1.33655,1.33677,1.65,1.50
2011.05.17 07:48:41.581,1.33649,1.33674,1.50,1.50
2011.05.17 07:48:43.741,1.33647,1.33672,2.25,1.50
2011.05.17 07:48:43.961,1.33643,1.33668,1.50,1.50
2011.05.17 07:48:44.410,1.33646,1.33668,1.35,1.50
2011.05.17 07:48:44.957,1.33645,1.33672,1.50,1.50
2011.05.17 07:48:45.727,1.33646,1.33672,1.50,1.50
2011.05.17 07:48:46.277,1.33646,1.33672,1.50,1.50
2011.05.17 07:48:46.387,1.33646,1.33672,1.50,1.50
2011.05.17 07:48:46.947,1.33646,1.33672,1.50,1.50
2011.05.17 07:48:47.839,1.33646,1.33672,1.50,1.50
2011.05.17 07:48:48.549,1.33646,1.33672,1.50,3.15
2011.05.17 07:48:48.959,1.33646,1.33672,1.50,1.50
2011.05.17 07:48:49.178,1.33646,1.33672,1.50,1.50
2011.05.17 07:48:49.947,1.33646,1.33672,1.50,1.50
2011.05.17 07:48:50.097,1.33646,1.33672,1.50,1.50
2011.05.17 07:48:50.447,1.33646,1.33672,1.50,1.50
2011.05.17 07:48:51.358,1.33646,1.33672,1.50,1.50
2011.05.17 07:48:51.578,1.33646,1.33672,1.50,1.50
2011.05.17 07:48:52.131,1.33643,1.33668,1.35,5.93
2011.05.17 07:48:52.359,1.33641,1.33668,1.35,5.93
2011.05.17 07:48:52.578,1.33634,1.33662,3.15,1.35
2011.05.17 07:48:53.219,1.33634,1.33654,2.40,2.10
2011.05.17 07:48:53.336,1.3363,1.33649,1.50,1.65
2011.05.17 07:48:53.669,1.33628,1.33654,1.50,2.78
2011.05.17 07:48:53.779,1.33628,1.33654,1.50,2.78
2011.05.17 07:48:53.998,1.33628,1.33654,1.50,2.78
2011.05.17 07:48:54.332,1.33632,1.33658,1.50,4.28
2011.05.17 07:48:54.890,1.33631,1.33657,1.50,1.35
2011.05.17 07:48:55.660,1.33631,1.33655,2.25,1.65
2011.05.17 07:48:55.768,1.33631,1.33653,1.50,1.65
2011.05.17 07:48:58.138,1.33631,1.33653,1.50,3.53
2011.05.17 07:48:58.780,1.33636,1.33658,1.50,2.40
2011.05.17 07:48:59.108,1.33636,1.33662,1.50,2.25
2011.05.17 07:48:59.219,1.33635,1.33664,2.48,3.15
2011.05.17 07:48:59.329,1.33641,1.33664,1.35,2.40
2011.05.17 07:48:59.549,1.33643,1.33666,1.50,2.78
2011.05.17 07:48:59.879,1.33645,1.33666,1.50,2.78
2011.05.17 07:49:00.319,1.3364,1.33668,1.50,1.35
2011.05.17 07:49:00.870,1.33638,1.33667,1.50,4.13
2011.05.17 07:49:01.088,1.33637,1.33666,2.25,1.50
2011.05.17 07:49:04.729,1.33639,1.33666,1.50,1.50
2011.05.17 07:49:04.947,1.33637,1.33666,2.25,1.50
2011.05.17 07:49:05.968,1.33637,1.33664,1.50,1.50
2011.05.17 07:49:06.299,1.3364,1.33663,1.35,1.50
2011.05.17 07:49:06.847,1.33638,1.33663,2.10,4.28
2011.05.17 07:49:07.192,1.33638,1.33661,2.10,1.50
2011.05.17 07:49:07.638,1.33638,1.33662,2.10,1.50
2011.05.17 07:49:08.191,1.33644,1.33664,1.35,1.50
2011.05.17 07:49:08.521,1.33644,1.33667,1.35,1.50
2011.05.17 07:49:08.739,1.33644,1.3367,1.35,1.50
2011.05.17 07:49:09.971,1.3365,1.33674,2.10,1.50
2011.05.17 07:49:10.960,1.3365,1.33672,2.10,2.78
2011.05.17 07:49:11.068,1.33646,1.33672,1.50,3.53
2011.05.17 07:49:11.288,1.33646,1.3367,1.50,2.40
2011.05.17 07:49:11.756,1.33645,1.33671,1.35,1.50
2011.05.17 07:49:12.748,1.33645,1.33671,2.10,1.50
2011.05.17 07:49:13.078,1.3365,1.33674,2.10,1.50
2011.05.17 07:49:13.651,1.33648,1.33674,1.35,1.50
2011.05.17 07:49:16.102,1.33648,1.33669,1.35,3.53
2011.05.17 07:49:16.438,1.33648,1.33671,1.35,1.50
2011.05.17 07:49:16.947,1.33645,1.33673,2.10,1.50
2011.05.17 07:49:17.497,1.33645,1.3367,2.10,2.78
2011.05.17 07:49:18.047,1.33645,1.33671,2.10,3.53
2011.05.17 07:49:18.798,1.33645,1.3367,2.10,2.78
2011.05.17 07:49:19.349,1.33645,1.33671,2.10,3.53
2011.05.17 07:49:21.678,1.33647,1.33671,2.10,3.53
2011.05.17 07:49:25.287,1.33648,1.33676,2.10,1.50
2011.05.17 07:49:25.841,1.33659,1.33676,2.10,1.50
2011.05.17 07:49:25.951,1.33661,1.3368,1.35,2.40
2011.05.17 07:49:26.181,1.33668,1.33684,2.10,2.78
2011.05.17 07:49:26.303,1.33668,1.33681,1.13,2.78
2011.05.17 07:49:26.420,1.33662,1.33687,1.35,2.78
2011.05.17 07:49:26.530,1.33661,1.33687,3.00,2.78
2011.05.17 07:49:26.641,1.33661,1.33682,1.35,2.78
2011.05.17 07:49:26.978,1.3366,1.33676,1.50,2.78
2011.05.17 07:49:27.089,1.33654,1.33671,1.35,2.78
2011.05.17 07:49:27.198,1.33652,1.33675,1.50,2.40
2011.05.17 07:49:27.419,1.33648,1.33675,2.10,4.43
2011.05.17 07:49:27.528,1.33648,1.33675,2.10,5.18
2011.05.17 07:49:27.858,1.33645,1.33673,2.10,1.50
2011.05.17 07:49:28.298,1.33645,1.33671,2.10,1.50
2011.05.17 07:49:29.599,1.33648,1.33671,1.35,1.50
2011.05.17 07:49:30.147,1.33648,1.33671,1.35,2.25
2011.05.17 07:49:30.478,1.33648,1.33673,1.35,1.50
2011.05.17 07:49:30.698,1.33651,1.33675,1.50,1.65
2011.05.17 07:49:30.807,1.33651,1.33675,3.60,1.65
2011.05.17 07:49:31.028,1.33651,1.33678,3.60,1.50
2011.05.17 07:49:35.118,1.33655,1.33678,1.73,1.50
2011.05.17 07:49:35.337,1.33655,1.33678,1.73,1.50
2011.05.17 07:49:35.888,1.33652,1.33677,1.35,1.50
2011.05.17 07:49:36.583,1.33655,1.33678,1.35,1.50
2011.05.17 07:49:37.127,1.33653,1.33677,1.35,1.50
2011.05.17 07:49:39.821,1.33655,1.33681,2.10,1.50
2011.05.17 07:49:40.039,1.3366,1.33681,1.35,1.50
2011.05.17 07:49:40.587,1.3366,1.33684,1.35,1.50
2011.05.17 07:49:43.847,1.3366,1.33685,1.35,2.25
2011.05.17 07:49:46.077,1.3366,1.33684,1.35,1.50
2011.05.17 07:49:47.989,1.33658,1.33684,5.78,1.50
2011.05.17 07:49:48.889,1.33657,1.33682,2.40,1.50
2011.05.17 07:49:49.218,1.33654,1.33675,1.35,1.50
2011.05.17 07:49:52.429,1.33654,1.33678,1.35,1.50
2011.05.17 07:49:52.649,1.33655,1.33678,1.35,1.50
2011.05.17 07:49:54.547,1.33656,1.33682,1.50,4.28
2011.05.17 07:49:55.207,1.3366,1.33682,1.35,3.53
2011.05.17 07:49:58.083,1.3366,1.33684,1.35,3.53
2011.05.17 07:49:58.529,1.3366,1.33685,1.35,5.18
2011.05.17 07:50:02.149,1.33658,1.33684,1.50,4.13
2011.05.17 07:50:02.370,1.33655,1.3368,2.25,2.40
2011.05.17 07:50:02.479,1.33655,1.3368,2.25,2.40
2011.05.17 07:50:02.589,1.33655,1.33682,1.50,4.28
2011.05.17 07:50:02.918,1.33656,1.3368,1.50,1.50
2011.05.17 07:50:03.141,1.33652,1.33678,1.35,1.50
2011.05.17 07:50:03.249,1.33651,1.33678,2.25,2.10
2011.05.17 07:50:03.360,1.33652,1.33678,1.50,2.10
2011.05.17 07:50:03.472,1.33662,1.33678,2.78,2.25
2011.05.17 07:50:03.590,1.33656,1.33678,4.13,1.50
2011.05.17 07:50:03.699,1.33658,1.33682,1.13,1.50
2011.05.17 07:50:04.029,1.33668,1.33692,1.35,2.25
2011.05.17 07:50:04.404,1.33672,1.33697,1.50,1.50
2011.05.17 07:50:04.740,1.33673,1.33697,1.50,1.50
2011.05.17 07:50:05.971,1.33671,1.3369,1.50,2.03
2011.05.17 07:50:06.081,1.33665,1.33687,1.50,2.40
2011.05.17 07:50:06.188,1.33663,1.33687,1.50,2.40
2011.05.17 07:50:06.299,1.33663,1.33687,1.50,2.40
2011.05.17 07:50:06.847,1.33662,1.33688,1.50,1.50
2011.05.17 07:50:07.069,1.33662,1.33688,1.50,3.15
2011.05.17 07:50:07.289,1.33661,1.33688,1.35,3.15
2011.05.17 07:50:08.188,1.33661,1.33685,2.85,1.50
2011.05.17 07:50:08.737,1.33661,1.33685,1.35,1.50
2011.05.17 07:50:09.288,1.33658,1.33685,1.35,1.50
2011.05.17 07:50:09.510,1.33656,1.33685,3.15,1.88
2011.05.17 07:50:09.620,1.33656,1.33683,2.40,1.50
2011.05.17 07:50:10.499,1.33658,1.33682,2.10,1.50
2011.05.17 07:50:10.829,1.33662,1.33683,1.50,1.50
2011.05.17 07:50:11.269,1.33652,1.3368,1.50,1.13
2011.05.17 07:50:11.380,1.33652,1.33677,1.50,3.38
2011.05.17 07:50:11.795,1.33649,1.33672,1.50,2.40
2011.05.17 07:50:12.598,1.33647,1.33672,1.50,2.78
2011.05.17 07:50:12.708,1.33647,1.33672,1.50,2.78
2011.05.17 07:50:15.720,1.33645,1.33667,1.50,1.65
2011.05.17 07:50:15.832,1.33641,1.33666,1.50,1.65
2011.05.17 07:50:15.952,1.33642,1.33668,1.50,3.53
2011.05.17 07:50:16.289,1.33642,1.33667,2.40,1.50
2011.05.17 07:50:16.733,1.33645,1.33667,3.00,1.50
2011.05.17 07:50:16.959,1.33643,1.33671,2.10,1.50
2011.05.17 07:50:17.730,1.33643,1.3367,2.10,1.50
2011.05.17 07:50:17.839,1.33641,1.3367,1.35,1.50
2011.05.17 07:50:18.083,1.33641,1.33667,1.35,1.50
2011.05.17 07:50:18.519,1.33645,1.33671,1.50,1.50
2011.05.17 07:50:19.429,1.33645,1.33669,1.50,1.50
2011.05.17 07:50:19.758,1.33644,1.33669,1.50,1.50
2011.05.17 07:50:19.979,1.33643,1.33665,2.40,1.50
2011.05.17 07:50:20.198,1.33643,1.33665,1.65,1.50
2011.05.17 07:50:21.057,1.33643,1.33665,2.40,1.50
2011.05.17 07:50:21.167,1.33643,1.33665,2.40,1.50
2011.05.17 07:50:21.389,1.33643,1.33665,2.40,1.50
2011.05.17 07:50:22.268,1.33643,1.33665,1.65,1.50
2011.05.17 07:50:22.379,1.33641,1.33665,1.35,1.50
2011.05.17 07:50:22.908,1.33641,1.33665,2.10,1.50
2011.05.17 07:50:23.841,1.33641,1.33665,2.10,1.50
2011.05.17 07:50:25.778,1.33641,1.33665,1.50,1.88
2011.05.17 07:50:26.219,1.33635,1.33661,1.50,1.50
2011.05.17 07:50:26.658,1.33637,1.33663,1.50,1.50
2011.05.17 07:50:27.207,1.33637,1.33663,1.50,1.50
2011.05.17 07:50:27.460,1.33637,1.33661,1.50,1.35
2011.05.17 07:50:27.678,1.33633,1.33657,1.50,1.50
2011.05.17 07:50:28.228,1.33633,1.33657,1.50,1.50
2011.05.17 07:50:32.638,1.33633,1.33657,1.50,1.50
2011.05.17 07:50:32.748,1.33633,1.33657,1.50,1.50
2011.05.17 07:50:33.188,1.33633,1.33657,1.50,1.50
2011.05.17 07:50:33.739,1.33633,1.33656,1.50,1.35
2011.05.17 07:50:34.177,1.33633,1.33656,1.50,1.35
2011.05.17 07:50:34.288,1.33633,1.33656,1.50,1.35
2011.05.17 07:50:34.509,1.33634,1.33657,1.35,1.88
2011.05.17 07:50:34.840,1.33636,1.33661,1.35,1.13
2011.05.17 07:50:34.949,1.3363,1.33655,1.50,1.35
2011.05.17 07:50:35.170,1.33629,1.33649,3.53,1.50
2011.05.17 07:50:35.501,1.33639,1.33652,1.35,1.50
2011.05.17 07:50:35.829,1.33639,1.33659,1.35,3.53
2011.05.17 07:50:35.945,1.33648,1.33665,1.35,1.50
2011.05.17 07:50:36.062,1.33648,1.33669,1.35,4.28
2011.05.17 07:50:36.180,1.33642,1.3366,1.50,1.13
2011.05.17 07:50:36.288,1.33639,1.3366,1.50,1.13
2011.05.17 07:50:36.400,1.33638,1.33658,1.35,1.13
2011.05.17 07:50:36.510,1.33633,1.33658,3.53,1.13
2011.05.17 07:50:36.728,1.33628,1.33656,2.10,2.25
2011.05.17 07:50:37.499,1.33628,1.33655,1.35,1.50
2011.05.17 07:50:37.828,1.33628,1.33654,3.00,1.50
2011.05.17 07:50:38.158,1.33628,1.33652,1.35,1.50
2011.05.17 07:50:38.707,1.33626,1.33652,3.00,1.50
2011.05.17 07:50:39.041,1.33629,1.33652,1.50,1.50
2011.05.17 07:50:39.149,1.33629,1.33653,2.40,2.25
2011.05.17 07:50:39.701,1.33629,1.33653,1.50,2.25
2011.05.17 07:50:40.397,1.33628,1.33651,1.35,1.50
2011.05.17 07:50:40.728,1.33628,1.33653,3.00,1.50
2011.05.17 07:50:42.359,1.33628,1.33653,1.35,2.25
2011.05.17 07:50:42.689,1.33627,1.33649,1.35,1.50
2011.05.17 07:50:45.479,1.33623,1.33647,2.25,1.50
2011.05.17 07:50:45.589,1.33623,1.33645,1.50,1.13
2011.05.17 07:50:45.698,1.33621,1.33646,2.10,2.78
2011.05.17 07:50:46.248,1.33621,1.33645,2.10,1.13
2011.05.17 07:50:46.469,1.33619,1.33644,2.25,1.50
2011.05.17 07:50:46.689,1.33616,1.3364,1.50,1.50
2011.05.17 07:50:46.798,1.33616,1.3364,1.50,4.28
2011.05.17 07:50:46.909,1.3361,1.33635,1.50,1.50
2011.05.17 07:50:47.019,1.3361,1.33635,1.50,1.50
2011.05.17 07:50:47.537,1.33606,1.33636,2.10,2.10
2011.05.17 07:50:48.938,1.33606,1.33634,2.10,1.50
2011.05.17 07:50:49.319,1.33607,1.3363,1.50,1.13
2011.05.17 07:50:49.705,1.33607,1.3363,1.50,1.13
2011.05.17 07:50:51.668,1.33607,1.33633,1.50,1.88
2011.05.17 07:50:53.119,1.33607,1.33633,1.50,1.50
2011.05.17 07:50:53.228,1.33606,1.33634,2.10,1.50
2011.05.17 07:50:53.816,1.33606,1.33635,2.85,2.25
2011.05.17 07:50:57.827,1.33606,1.33634,2.10,1.50
2011.05.17 07:50:58.376,1.33606,1.33635,2.10,1.50
2011.05.17 07:51:01.920,1.33606,1.33634,2.10,3.90
2011.05.17 07:51:02.249,1.33606,1.33633,2.10,1.88
2011.05.17 07:51:02.359,1.33606,1.33633,2.10,1.88
2011.05.17 07:51:02.909,1.33606,1.33631,1.50,1.50
2011.05.17 07:51:03.482,1.3361,1.33636,3.53,1.50
2011.05.17 07:51:05.979,1.3361,1.33636,3.53,1.50
2011.05.17 07:51:06.198,1.3361,1.33636,1.50,1.50
2011.05.17 07:51:07.000,1.3361,1.33634,1.50,1.50
2011.05.17 07:51:07.437,1.3361,1.33635,1.50,1.50
2011.05.17 07:51:09.497,1.3361,1.33636,1.50,3.53
2011.05.17 07:51:09.938,1.3361,1.33635,1.50,2.40
2011.05.17 07:51:12.028,1.3361,1.33635,1.50,3.53
2011.05.17 07:51:14.388,1.3361,1.33635,1.50,1.13
2011.05.17 07:51:14.760,1.3362,1.33636,1.35,2.25
2011.05.17 07:51:15.091,1.33622,1.33645,2.40,1.50
2011.05.17 07:51:15.198,1.3362,1.33646,1.35,1.50
2011.05.17 07:51:15.748,1.3362,1.33646,1.35,1.50
2011.05.17 07:51:16.079,1.33619,1.33641,1.50,1.35
2011.05.17 07:51:16.409,1.33621,1.33646,3.53,2.25
2011.05.17 07:51:16.520,1.3362,1.33646,2.40,1.50
2011.05.17 07:51:17.067,1.33619,1.33646,1.50,1.50
2011.05.17 07:51:17.179,1.33619,1.33645,1.50,1.88
2011.05.17 07:51:19.002,1.33619,1.33645,1.50,3.53
2011.05.17 07:51:19.708,1.33619,1.33645,1.50,3.53
2011.05.17 07:51:21.298,1.33619,1.33645,1.50,3.53
2011.05.17 07:51:22.022,1.33619,1.33645,1.50,3.53
2011.05.17 07:51:26.537,1.33617,1.33643,1.50,1.35
2011.05.17 07:51:31.527,1.33616,1.33641,1.50,1.35
2011.05.17 07:51:31.861,1.33622,1.33647,1.50,1.50
2011.05.17 07:51:31.983,1.33622,1.33647,2.25,1.50
2011.05.17 07:51:32.100,1.33621,1.33646,1.50,1.50
2011.05.17 07:51:32.210,1.33623,1.33647,1.50,3.53
2011.05.17 07:51:32.320,1.33623,1.33647,1.50,3.53
2011.05.17 07:51:32.430,1.33623,1.33647,1.50,3.90
2011.05.17 07:51:32.759,1.33622,1.33641,1.50,1.13
2011.05.17 07:51:32.978,1.33616,1.33639,1.50,3.90
2011.05.17 07:51:33.088,1.33616,1.33639,1.50,3.90
2011.05.17 07:51:35.038,1.33616,1.33638,1.50,2.03
2011.05.17 07:51:35.368,1.33616,1.33643,1.50,1.50
2011.05.17 07:51:35.479,1.33618,1.33643,1.50,1.50
2011.05.17 07:51:35.809,1.33621,1.33646,1.50,1.50
2011.05.17 07:51:36.248,1.3362,1.33647,1.50,2.10
2011.05.17 07:51:36.799,1.33619,1.33644,1.50,1.13
2011.05.17 07:51:37.020,1.33615,1.33643,2.85,1.50
2011.05.17 07:51:38.347,1.33616,1.33643,3.90,1.50
2011.05.17 07:51:41.916,1.33619,1.33646,1.50,1.50
2011.05.17 07:51:42.031,1.33621,1.33646,1.50,1.50
2011.05.17 07:51:42.248,1.3362,1.33649,1.50,3.38
2011.05.17 07:51:42.577,1.3362,1.33648,1.50,1.35
2011.05.17 07:51:43.297,1.3362,1.33649,1.50,3.38
2011.05.17 07:51:44.358,1.33625,1.33649,1.50,1.88
2011.05.17 07:51:44.687,1.33625,1.33649,1.50,1.13
2011.05.17 07:51:45.018,1.33625,1.33649,1.50,4.65
2011.05.17 07:51:45.347,1.33625,1.33649,1.50,1.88
2011.05.17 07:51:45.608,1.33625,1.33649,1.50,4.65
2011.05.17 07:51:46.539,1.33626,1.33649,1.50,1.50
2011.05.17 07:51:46.869,1.3363,1.33655,2.25,1.35
2011.05.17 07:51:47.202,1.33628,1.33647,2.25,1.13
2011.05.17 07:51:47.664,1.33629,1.33653,1.50,1.13
2011.05.17 07:51:48.327,1.33628,1.33653,1.50,1.13
2011.05.17 07:51:48.658,1.33629,1.33654,1.50,1.50
2011.05.17 07:51:50.219,1.33628,1.33654,2.25,1.50
2011.05.17 07:51:50.441,1.3363,1.33654,1.50,4.28
2011.05.17 07:51:50.769,1.3363,1.33654,1.50,1.50
2011.05.17 07:51:51.213,1.33633,1.33657,1.50,1.50
2011.05.17 07:51:51.767,1.33631,1.33657,2.85,1.50
2011.05.17 07:51:51.988,1.33631,1.33654,1.35,1.50
2011.05.17 07:52:01.148,1.33631,1.33656,1.35,1.50
2011.05.17 07:52:02.342,1.3363,1.33654,2.10,1.50
2011.05.17 07:52:03.008,1.3363,1.33654,4.28,1.50
2011.05.17 07:52:03.118,1.3363,1.33654,3.53,1.50
2011.05.17 07:52:03.337,1.3363,1.33655,4.28,2.10
2011.05.17 07:52:03.887,1.33632,1.33659,2.25,2.10
2011.05.17 07:52:04.328,1.33632,1.33659,4.28,2.10
2011.05.17 07:52:05.659,1.33632,1.33659,1.50,2.10
2011.05.17 07:52:05.880,1.33635,1.3366,5.03,1.50
2011.05.17 07:52:05.988,1.33639,1.33662,1.65,1.50
2011.05.17 07:52:06.318,1.33638,1.33662,2.40,1.50
2011.05.17 07:52:06.429,1.33635,1.33662,2.10,1.50
2011.05.17 07:52:06.650,1.33639,1.33661,1.65,1.35
2011.05.17 07:52:06.871,1.33634,1.33658,3.53,1.50
2011.05.17 07:52:07.310,1.33635,1.33657,5.18,1.50
2011.05.17 07:52:07.620,1.33631,1.33659,4.28,1.35
2011.05.17 07:52:07.840,1.33631,1.33657,1.50,1.50
2011.05.17 07:52:08.059,1.33631,1.33657,1.50,1.50
2011.05.17 07:52:08.389,1.33631,1.33657,1.50,1.50
2011.05.17 07:52:08.498,1.3363,1.33657,1.50,1.50
2011.05.17 07:52:09.077,1.3363,1.33657,1.50,1.50
2011.05.17 07:52:11.220,1.3363,1.33654,1.50,1.13
2011.05.17 07:52:11.551,1.3362,1.33647,1.35,1.50
2011.05.17 07:52:18.832,1.33625,1.33649,1.50,2.48
2011.05.17 07:52:18.944,1.33625,1.33647,1.50,1.65
2011.05.17 07:52:19.388,1.33625,1.33651,1.50,2.10
2011.05.17 07:52:21.340,1.33625,1.33651,1.50,1.35
2011.05.17 07:52:21.562,1.33634,1.33659,1.35,1.50
2011.05.17 07:52:21.683,1.33637,1.33664,3.15,1.73
2011.05.17 07:52:22.020,1.33637,1.33662,2.40,3.53
2011.05.17 07:52:25.732,1.33635,1.3366,1.50,1.50
2011.05.17 07:52:25.852,1.33635,1.3366,1.50,1.50
2011.05.17 07:52:26.295,1.33634,1.33658,1.35,1.50
2011.05.17 07:52:26.410,1.33634,1.33658,1.35,1.50
2011.05.17 07:52:26.523,1.33632,1.33656,3.75,1.50
2011.05.17 07:52:26.641,1.33632,1.33656,1.35,1.50
2011.05.17 07:52:27.667,1.33632,1.33656,1.35,1.50
2011.05.17 07:52:28.001,1.33632,1.33657,3.15,2.10
2011.05.17 07:52:28.109,1.3363,1.33651,1.50,2.85
2011.05.17 07:52:28.220,1.33627,1.33649,1.50,1.35
2011.05.17 07:52:28.331,1.33627,1.33651,1.50,1.88
2011.05.17 07:52:28.441,1.33626,1.33651,2.78,2.40
2011.05.17 07:52:28.769,1.33631,1.33653,3.23,1.50
2011.05.17 07:52:28.879,1.33636,1.33656,1.65,1.50
2011.05.17 07:52:29.099,1.33635,1.33662,2.10,3.15
2011.05.17 07:52:29.319,1.33635,1.33659,1.50,1.50
2011.05.17 07:52:29.920,1.33635,1.33661,1.50,1.35
2011.05.17 07:52:30.360,1.33635,1.33659,1.50,1.88
2011.05.17 07:52:30.799,1.33635,1.33662,1.50,1.50
2011.05.17 07:52:30.912,1.3364,1.33663,1.50,1.35
2011.05.17 07:52:31.021,1.3364,1.33663,1.50,1.35
2011.05.17 07:52:31.349,1.33639,1.33658,1.50,2.40
2011.05.17 07:52:31.459,1.33633,1.33655,2.10,3.53
2011.05.17 07:52:31.898,1.33633,1.33657,1.50,3.00
2011.05.17 07:52:32.229,1.33638,1.33659,1.50,3.53
2011.05.17 07:52:32.450,1.33635,1.33659,1.50,1.50
2011.05.17 07:52:32.889,1.33632,1.33655,2.25,1.50
2011.05.17 07:52:33.220,1.33632,1.33655,2.25,1.50
2011.05.17 07:52:33.439,1.33632,1.33655,2.25,1.50
2011.05.17 07:52:33.990,1.33631,1.3365,1.50,1.50
2011.05.17 07:52:34.320,1.33625,1.3365,1.35,1.50
2011.05.17 07:52:34.980,1.33628,1.3365,1.50,1.50
2011.05.17 07:52:35.198,1.33628,1.33649,1.50,1.50
2011.05.17 07:52:37.311,1.33632,1.33655,1.50,2.40
2011.05.17 07:52:37.859,1.33633,1.33658,1.50,6.15
2011.05.17 07:52:38.408,1.33635,1.33656,1.50,1.13
2011.05.17 07:52:38.739,1.33635,1.33656,1.50,1.13
2011.05.17 07:52:39.179,1.33635,1.33654,1.50,3.15
2011.05.17 07:52:39.511,1.33631,1.33655,1.50,5.18
2011.05.17 07:52:39.840,1.33639,1.33655,1.50,1.65
2011.05.17 07:52:39.951,1.33639,1.33657,1.50,1.35
2011.05.17 07:52:40.509,1.33634,1.33659,1.50,1.35
2011.05.17 07:52:40.729,1.33634,1.33662,1.50,1.50
2011.05.17 07:52:41.202,1.33634,1.33662,1.50,1.50
2011.05.17 07:52:41.543,1.33629,1.33655,1.50,1.73
2011.05.17 07:52:41.884,1.33624,1.33648,1.50,1.88
2011.05.17 07:52:42.003,1.33626,1.33648,1.50,1.50
2011.05.17 07:52:42.122,1.33626,1.3365,1.50,1.50
2011.05.17 07:52:42.349,1.3363,1.33646,1.50,1.65
2011.05.17 07:52:50.124,1.3363,1.33649,1.50,1.50
2011.05.17 07:52:50.248,1.33635,1.33652,1.65,1.50
2011.05.17 07:52:50.367,1.33637,1.33655,1.50,2.25
2011.05.17 07:52:50.808,1.33636,1.33655,1.50,3.00
2011.05.17 07:52:51.176,1.33629,1.3365,1.50,2.40
2011.05.17 07:52:51.403,1.33632,1.33655,1.50,4.28
2011.05.17 07:52:51.519,1.33632,1.33655,1.50,4.28
2011.05.17 07:52:52.178,1.33632,1.33655,1.50,1.50
2011.05.17 07:52:53.278,1.33632,1.33655,1.50,4.28
2011.05.17 07:52:53.501,1.33627,1.33651,1.50,1.88
2011.05.17 07:52:53.610,1.33627,1.33649,1.50,1.88
2011.05.17 07:52:54.268,1.33625,1.33647,1.50,1.35
2011.05.17 07:52:54.488,1.33626,1.33649,1.50,1.35
2011.05.17 07:52:54.598,1.33626,1.33651,1.50,1.50
2011.05.17 07:52:54.708,1.33626,1.33651,1.50,1.50
2011.05.17 07:52:55.705,1.33626,1.33652,1.50,1.50
2011.05.17 07:52:55.932,1.33631,1.33654,2.10,3.15
2011.05.17 07:52:56.052,1.33636,1.33657,2.40,1.50
2011.05.17 07:52:56.170,1.33636,1.33658,2.40,1.50
2011.05.17 07:52:56.281,1.33636,1.3366,2.40,1.50
2011.05.17 07:52:56.499,1.33635,1.33659,1.35,1.50
2011.05.17 07:52:56.721,1.33634,1.33659,1.50,2.10
2011.05.17 07:52:57.268,1.33634,1.33659,1.50,1.35
2011.05.17 07:52:59.098,1.33634,1.33659,1.50,2.10
2011.05.17 07:52:59.320,1.33634,1.33661,2.10,4.28
2011.05.17 07:52:59.539,1.33636,1.33661,2.40,2.25
2011.05.17 07:52:59.649,1.33634,1.33662,2.10,3.53
2011.05.17 07:52:59.868,1.33634,1.33663,2.10,4.28
2011.05.17 07:53:00.088,1.33639,1.33662,1.50,1.50
2011.05.17 07:53:00.418,1.33649,1.33663,3.15,2.78
2011.05.17 07:53:00.534,1.33658,1.33676,1.35,1.37
2011.05.17 07:53:00.884,1.33648,1.33671,2.25,1.35
2011.05.17 07:53:01.113,1.33643,1.33669,1.50,3.53
2011.05.17 07:53:01.340,1.33641,1.33665,1.50,1.50
2011.05.17 07:53:01.451,1.33639,1.33665,1.35,1.50
2011.05.17 07:53:01.750,1.33639,1.33665,1.35,1.50
2011.05.17 07:53:01.973,1.33639,1.33665,1.35,1.50
2011.05.17 07:53:02.419,1.33642,1.33669,1.50,1.50
2011.05.17 07:53:02.637,1.33643,1.33669,1.50,1.50
2011.05.17 07:53:02.969,1.33647,1.33673,1.50,1.88
2011.05.17 07:53:03.189,1.33649,1.33673,1.50,1.13
2011.05.17 07:53:03.538,1.3365,1.33676,2.10,3.83
2011.05.17 07:53:04.202,1.33652,1.33676,1.50,1.37
2011.05.17 07:53:04.758,1.33653,1.33676,2.40,1.37
2011.05.17 07:53:05.408,1.33655,1.33676,1.50,1.37
2011.05.17 07:53:05.848,1.33653,1.33677,2.40,2.94
2011.05.17 07:53:06.290,1.33652,1.33676,1.50,1.37
2011.05.17 07:53:06.619,1.3365,1.33676,2.10,1.37
2011.05.17 07:53:06.729,1.3365,1.33676,2.10,4.28
2011.05.17 07:53:06.839,1.3365,1.33674,1.50,1.35
2011.05.17 07:53:07.444,1.33642,1.33669,1.35,3.53
2011.05.17 07:53:07.558,1.3364,1.33669,2.25,4.13
2011.05.17 07:53:07.779,1.3364,1.33669,2.25,4.13
2011.05.17 07:53:08.330,1.33641,1.33669,1.50,1.35
2011.05.17 07:53:08.548,1.33642,1.33669,1.50,1.35
2011.05.17 07:53:08.663,1.33646,1.33672,2.10,3.15
2011.05.17 07:53:08.782,1.33654,1.33671,1.35,1.50
2011.05.17 07:53:09.118,1.33652,1.33676,1.50,3.08
2011.05.17 07:53:09.228,1.33651,1.33677,1.35,3.69
2011.05.17 07:53:09.339,1.33651,1.33677,1.35,3.69
2011.05.17 07:53:10.488,1.33654,1.33676,1.50,3.08
2011.05.17 07:53:10.598,1.33654,1.33676,1.50,3.69
2011.05.17 07:53:11.486,1.33657,1.33676,1.50,1.37
2011.05.17 07:53:11.819,1.33657,1.33676,1.50,3.69
2011.05.17 07:53:12.369,1.33657,1.33676,3.53,1.37
2011.05.17 07:53:13.133,1.33656,1.33676,1.50,3.08
2011.05.17 07:53:13.472,1.33656,1.33676,1.50,3.69
2011.05.17 07:53:13.698,1.33656,1.33676,1.50,1.37
2011.05.17 07:53:13.811,1.33652,1.33672,1.50,1.35
2011.05.17 07:53:13.930,1.3365,1.33672,1.50,1.35
2011.05.17 07:53:14.262,1.33649,1.33672,1.50,1.35
2011.05.17 07:53:14.381,1.3365,1.33672,1.50,1.35
2011.05.17 07:53:14.599,1.33651,1.33676,1.50,2.94
2011.05.17 07:53:14.711,1.33653,1.33677,4.28,2.94
2011.05.17 07:53:15.154,1.33658,1.33677,2.78,3.69
2011.05.17 07:53:15.270,1.33656,1.33677,3.53,3.69
2011.05.17 07:53:16.039,1.33658,1.33676,2.40,2.33
2011.05.17 07:53:18.068,1.33658,1.33676,3.15,2.33
2011.05.17 07:53:18.398,1.33662,1.33676,2.85,2.94
2011.05.17 07:53:18.947,1.33662,1.33677,4.50,2.94
2011.05.17 07:53:19.498,1.33662,1.33676,4.50,2.94
2011.05.17 07:53:19.828,1.33667,1.33677,1.50,2.94
2011.05.17 07:53:20.511,1.33665,1.33676,2.40,2.94
2011.05.17 07:53:20.624,1.33663,1.33677,3.15,2.94
2011.05.17 07:53:21.067,1.33666,1.33677,4.43,2.94
2011.05.17 07:53:22.059,1.33663,1.33677,2.25,2.94
2011.05.17 07:53:23.728,1.33665,1.33676,1.13,2.19
2011.05.17 07:53:24.280,1.33667,1.33676,2.78,1.58
2011.05.17 07:53:24.817,1.33665,1.33677,2.03,2.19
2011.05.17 07:53:25.369,1.33665,1.33676,1.65,2.33
2011.05.17 07:53:25.703,1.33656,1.33676,1.50,2.33
2011.05.17 07:53:25.930,1.33654,1.33676,2.10,2.19
2011.05.17 07:53:26.539,1.33657,1.33676,1.35,1.37
2011.05.17 07:53:27.088,1.33657,1.33677,1.35,2.94
2011.05.17 07:53:27.637,1.33657,1.33676,1.35,2.33
2011.05.17 07:53:28.239,1.33657,1.33676,1.35,2.33
2011.05.17 07:53:29.341,1.33655,1.33676,1.35,2.33
2011.05.17 07:53:30.258,1.33652,1.33676,2.25,2.33
2011.05.17 07:53:30.957,1.33654,1.33676,1.50,2.19
2011.05.17 07:53:31.507,1.33654,1.33676,1.50,2.94
2011.05.17 07:53:32.057,1.33655,1.33676,2.40,2.94
2011.05.17 07:53:32.821,1.33655,1.33676,2.40,1.37
2011.05.17 07:53:33.398,1.33653,1.33676,5.78,2.94
2011.05.17 07:53:36.228,1.33653,1.33676,6.53,2.33
2011.05.17 07:53:36.558,1.33654,1.33677,1.50,2.19
2011.05.17 07:53:36.890,1.33655,1.33677,2.40,2.19
2011.05.17 07:53:37.221,1.33659,1.33677,1.35,2.19
2011.05.17 07:53:37.549,1.33661,1.33676,2.40,2.94
2011.05.17 07:53:37.881,1.3366,1.33676,1.50,2.94
2011.05.17 07:53:37.989,1.33656,1.33677,1.88,2.19
2011.05.17 07:53:38.209,1.33659,1.33677,2.25,2.19
2011.05.17 07:53:38.540,1.33665,1.33676,3.38,1.58
2011.05.17 07:53:39.088,1.33661,1.33676,1.50,1.58
2011.05.17 07:53:41.218,1.33661,1.33677,1.50,2.19
2011.05.17 07:53:41.441,1.33659,1.33677,1.35,2.19
2011.05.17 07:53:41.550,1.33659,1.33676,1.35,2.94
2011.05.17 07:53:42.100,1.33659,1.33677,1.35,2.94
2011.05.17 07:53:42.650,1.33661,1.33677,1.65,2.94
2011.05.17 07:53:43.418,1.33661,1.33677,1.65,2.94
2011.05.17 07:53:43.639,1.33663,1.33676,1.65,2.94
2011.05.17 07:53:43.968,1.33661,1.33676,1.65,1.37
2011.05.17 07:53:45.272,1.33657,1.33677,4.28,2.94
2011.05.17 07:53:45.888,1.33657,1.33676,1.50,2.94
2011.05.17 07:53:46.005,1.33659,1.33676,1.50,1.37
2011.05.17 07:53:46.669,1.33657,1.33676,1.50,2.33
2011.05.17 07:53:47.001,1.33658,1.33676,3.53,2.33
2011.05.17 07:53:47.109,1.33658,1.33676,3.15,2.33
2011.05.17 07:53:47.330,1.33658,1.33676,2.40,2.33
2011.05.17 07:53:48.430,1.33657,1.33677,4.28,2.94
2011.05.17 07:53:48.758,1.33647,1.33675,1.50,2.10
2011.05.17 07:53:48.978,1.33647,1.33675,1.50,2.10
2011.05.17 07:53:49.198,1.33646,1.33671,1.50,1.50
2011.05.17 07:53:49.824,1.33642,1.33669,1.50,1.50
2011.05.17 07:53:49.942,1.33642,1.33669,1.50,1.50
2011.05.17 07:53:50.279,1.3364,1.33667,2.10,1.50
2011.05.17 07:53:50.609,1.3364,1.33666,2.10,2.40
2011.05.17 07:53:51.268,1.33642,1.33666,1.50,2.40
2011.05.17 07:53:51.489,1.33642,1.33667,1.50,1.50
2011.05.17 07:53:51.928,1.33642,1.33669,1.50,1.50
2011.05.17 07:53:52.150,1.33645,1.3367,3.15,2.10
2011.05.17 07:53:53.249,1.33645,1.3367,3.15,2.10
2011.05.17 07:53:53.687,1.33645,1.33666,1.50,2.40
2011.05.17 07:53:54.127,1.33641,1.33666,1.50,2.40
2011.05.17 07:53:54.350,1.33641,1.33666,1.50,2.40
2011.05.17 07:53:54.900,1.33641,1.33668,2.25,3.15
2011.05.17 07:53:55.294,1.33641,1.33668,1.50,1.50
2011.05.17 07:53:55.629,1.3364,1.33664,3.00,1.50
2011.05.17 07:53:56.047,1.3364,1.33664,2.25,1.50
2011.05.17 07:53:56.598,1.33639,1.33664,2.25,1.50
2011.05.17 07:53:56.928,1.33634,1.33659,2.40,1.50
2011.05.17 07:53:58.038,1.33635,1.3366,2.63,1.50
2011.05.17 07:53:58.370,1.33634,1.33659,2.40,1.50
2011.05.17 07:53:58.957,1.33634,1.33659,2.40,1.50
2011.05.17 07:53:59.069,1.33634,1.33659,2.40,1.50
2011.05.17 07:53:59.622,1.33633,1.33659,1.50,1.50
2011.05.17 07:54:00.069,1.33637,1.33662,1.50,3.00
2011.05.17 07:54:00.752,1.33638,1.33664,1.50,1.50
2011.05.17 07:54:01.081,1.33638,1.33664,1.50,1.50
2011.05.17 07:54:01.521,1.33638,1.33664,1.50,1.50
2011.05.17 07:54:01.960,1.3364,1.33664,1.13,1.50
2011.05.17 07:54:02.288,1.33643,1.33667,1.35,1.50
2011.05.17 07:54:03.446,1.33644,1.33667,3.00,1.50
2011.05.17 07:54:04.110,1.33644,1.33667,3.75,1.50
2011.05.17 07:54:04.328,1.33645,1.33671,1.50,1.50
2011.05.17 07:54:04.439,1.33648,1.33671,1.65,1.50
2011.05.17 07:54:04.958,1.33644,1.33666,2.25,1.50
2011.05.17 07:54:05.181,1.33642,1.33666,1.65,1.50
2011.05.17 07:54:05.410,1.33643,1.33667,1.35,3.53
2011.05.17 07:54:05.744,1.33653,1.33676,1.35,3.32
2011.05.17 07:54:05.864,1.33654,1.33676,1.88,2.33
2011.05.17 07:54:05.982,1.33657,1.33676,1.50,1.58
2011.05.17 07:54:06.539,1.33656,1.33677,1.13,2.19
2011.05.17 07:54:06.870,1.33657,1.33677,3.53,2.19
2011.05.17 07:54:07.200,1.33659,1.33677,3.15,2.94
2011.05.17 07:54:07.605,1.33652,1.33676,3.15,2.94
2011.05.17 07:54:07.721,1.33652,1.33677,2.40,2.94
2011.05.17 07:54:08.270,1.33652,1.33675,1.50,1.50
2011.05.17 07:54:08.489,1.33653,1.33675,1.50,1.50
2011.05.17 07:54:08.709,1.33653,1.33675,1.50,1.50
2011.05.17 07:54:09.260,1.33648,1.33673,3.53,1.35
2011.05.17 07:54:09.479,1.33646,1.33672,3.15,1.50
2011.05.17 07:54:10.029,1.33646,1.33672,1.50,1.50
2011.05.17 07:54:10.138,1.33645,1.33672,1.13,1.50
2011.05.17 07:54:10.467,1.33644,1.33672,1.13,1.50
2011.05.17 07:54:10.578,1.33652,1.33673,1.50,1.35
2011.05.17 07:54:11.164,1.33653,1.33676,1.50,1.37
2011.05.17 07:54:11.284,1.33657,1.33677,1.50,2.38
2011.05.17 07:54:11.950,1.33657,1.33676,1.50,2.38
2011.05.17 07:54:12.497,1.33657,1.33677,1.50,2.38
2011.05.17 07:54:12.919,1.33657,1.33677,1.50,2.38
2011.05.17 07:54:13.537,1.33657,1.33676,1.50,1.37
2011.05.17 07:54:13.759,1.33657,1.33676,4.28,1.37
2011.05.17 07:54:13.978,1.33657,1.33676,3.53,2.38
2011.05.17 07:54:14.200,1.33656,1.33677,1.50,2.38
2011.05.17 07:54:14.528,1.33661,1.33677,1.50,1.63
2011.05.17 07:54:15.129,1.33661,1.33677,1.50,2.38
2011.05.17 07:54:15.459,1.3366,1.33676,1.50,1.37
2011.05.17 07:54:16.118,1.33657,1.33677,1.50,1.63
2011.05.17 07:54:16.452,1.33657,1.33676,1.50,1.02
2011.05.17 07:54:17.228,1.33666,1.33676,1.50,1.63
2011.05.17 07:54:19.120,1.33669,1.3369,1.50,1.35
2011.05.17 07:54:19.343,1.33669,1.33695,1.50,5.18
2011.05.17 07:54:19.569,1.33673,1.33697,1.50,1.50
2011.05.17 07:54:19.679,1.33673,1.33698,1.50,1.35
2011.05.17 07:54:20.230,1.33673,1.33698,1.50,3.00
2011.05.17 07:54:20.779,1.33673,1.33698,1.50,1.35
2011.05.17 07:54:21.219,1.33675,1.33698,1.50,1.35
2011.05.17 07:54:21.767,1.33675,1.33698,1.50,1.35
2011.05.17 07:54:22.106,1.33675,1.33698,1.50,1.35
2011.05.17 07:54:22.658,1.33675,1.33698,1.50,1.35
2011.05.17 07:54:23.210,1.33675,1.33698,1.50,1.35
2011.05.17 07:54:23.998,1.33675,1.337,1.50,2.40
2011.05.17 07:54:24.770,1.33678,1.33701,4.28,2.40
2011.05.17 07:54:24.991,1.33687,1.33705,1.50,3.53
2011.05.17 07:54:25.322,1.33686,1.33705,1.35,3.53
2011.05.17 07:54:25.441,1.33682,1.33706,6.53,3.00
2011.05.17 07:54:25.547,1.33682,1.33706,6.53,3.00
2011.05.17 07:54:25.771,1.33684,1.33706,5.25,3.00
2011.05.17 07:54:26.320,1.33684,1.33706,5.25,3.00
2011.05.17 07:54:27.469,1.33694,1.33706,1.50,2.25
2011.05.17 07:54:27.908,1.33692,1.33707,1.50,3.00
2011.05.17 07:54:28.018,1.33691,1.33706,1.50,3.00
2011.05.17 07:54:29.228,1.33694,1.33707,1.50,2.25
2011.05.17 07:54:30.660,1.33693,1.33707,1.50,3.00
2011.05.17 07:54:30.770,1.33687,1.33707,1.50,3.00
2011.05.17 07:54:30.989,1.33687,1.33707,1.50,3.00
2011.05.17 07:54:32.678,1.33683,1.33706,1.50,3.00
2011.05.17 07:54:34.329,1.33683,1.33707,1.50,3.00
2011.05.17 07:54:34.989,1.33683,1.33706,1.50,3.00
2011.05.17 07:54:35.098,1.33683,1.33706,1.50,3.00
2011.05.17 07:54:36.098,1.33681,1.33706,1.50,3.00
2011.05.17 07:54:37.749,1.33681,1.33707,1.50,3.00
2011.05.17 07:54:38.299,1.33682,1.33707,1.50,3.00
2011.05.17 07:54:38.849,1.33684,1.33707,1.50,3.00
2011.05.17 07:54:39.919,1.33684,1.33707,1.50,3.00
2011.05.17 07:54:40.140,1.33684,1.33706,1.50,3.00
2011.05.17 07:54:40.688,1.33689,1.33707,1.50,3.00
2011.05.17 07:54:41.019,1.33689,1.33707,1.50,3.00
2011.05.17 07:54:46.168,1.33684,1.33706,1.50,3.00
2011.05.17 07:54:46.279,1.33684,1.33706,1.50,3.00
2011.05.17 07:54:46.501,1.33687,1.33707,1.73,3.00
2011.05.17 07:54:46.830,1.3369,1.33707,3.15,3.00
2011.05.17 07:54:47.711,1.33689,1.33707,1.13,3.00
2011.05.17 07:54:48.042,1.33687,1.33707,3.00,3.00
2011.05.17 07:54:49.539,1.33686,1.33707,1.50,3.00
2011.05.17 07:54:50.149,1.3369,1.33707,2.40,3.00
2011.05.17 07:54:50.259,1.3369,1.33707,2.40,3.00
2011.05.17 07:54:50.481,1.33691,1.33707,1.50,1.84
2011.05.17 07:54:50.590,1.3369,1.33706,1.35,1.84
2011.05.17 07:54:50.700,1.3369,1.33707,1.35,1.84
2011.05.17 07:54:50.922,1.33687,1.33707,2.40,1.84
2011.05.17 07:54:51.149,1.3369,1.33706,2.78,1.84
2011.05.17 07:54:51.369,1.33687,1.33706,1.65,1.84
2011.05.17 07:54:51.482,1.33681,1.33706,4.88,1.84
2011.05.17 07:54:52.122,1.33685,1.33705,1.65,1.35
2011.05.17 07:54:52.460,1.3368,1.33705,1.50,1.35
2011.05.17 07:54:53.559,1.3368,1.33705,1.50,1.35
2011.05.17 07:54:54.112,1.33682,1.33706,1.13,1.84
2011.05.17 07:54:54.230,1.33685,1.33706,1.50,1.84
2011.05.17 07:54:54.564,1.33685,1.33706,1.50,1.84
2011.05.17 07:54:55.228,1.33685,1.33706,1.50,1.84
2011.05.17 07:54:55.484,1.33685,1.33706,1.50,1.84
2011.05.17 07:54:56.699,1.33687,1.33707,1.35,1.84
2011.05.17 07:54:56.811,1.33687,1.33706,1.35,1.84
2011.05.17 07:54:57.031,1.3369,1.33706,1.50,1.84
2011.05.17 07:54:57.579,1.3369,1.33706,1.50,1.84
2011.05.17 07:54:57.690,1.33686,1.33706,3.53,1.84
2011.05.17 07:54:57.910,1.33685,1.33707,4.28,1.84
2011.05.17 07:54:58.788,1.33685,1.33707,1.50,1.84
2011.05.17 07:54:59.118,1.33685,1.33706,1.88,1.84
2011.05.17 07:54:59.704,1.33692,1.33706,1.13,1.84
2011.05.17 07:55:00.028,1.33694,1.33707,1.50,1.84
2011.05.17 07:55:00.360,1.33694,1.33708,1.50,1.05
2011.05.17 07:55:00.687,1.33694,1.33722,1.50,6.53
2011.05.17 07:55:01.568,1.33694,1.33718,1.50,2.40
2011.05.17 07:55:01.787,1.33694,1.33718,1.50,2.40
2011.05.17 07:55:03.769,1.33692,1.33716,1.50,3.15
2011.05.17 07:55:03.879,1.33692,1.33715,1.50,2.40
2011.05.17 07:55:03.989,1.33689,1.33714,1.35,2.40
2011.05.17 07:55:04.098,1.33689,1.33714,1.35,2.40
2011.05.17 07:55:04.455,1.3369,1.33717,1.50,2.40
2011.05.17 07:55:04.568,1.3369,1.33717,1.50,2.40
2011.05.17 07:55:05.117,1.33692,1.33718,1.50,2.40
2011.05.17 07:55:08.452,1.33692,1.33715,1.50,2.40
2011.05.17 07:55:09.009,1.33689,1.33715,1.35,2.40
2011.05.17 07:55:09.551,1.33689,1.33719,1.35,2.85
2011.05.17 07:55:10.052,1.3369,1.33719,1.50,2.10
2011.05.17 07:55:10.709,1.33689,1.33719,2.10,2.10
2011.05.17 07:55:12.639,1.33689,1.33712,1.50,3.53
2011.05.17 07:55:12.749,1.33685,1.3371,2.40,1.50
2011.05.17 07:55:13.190,1.33686,1.33711,1.50,2.40
2011.05.17 07:55:13.738,1.33686,1.33713,1.50,2.10
2011.05.17 07:55:13.959,1.3369,1.33713,1.35,1.50
2011.05.17 07:55:14.789,1.33689,1.33713,3.38,1.50
2011.05.17 07:55:15.338,1.33688,1.33713,3.38,1.50
2011.05.17 07:55:15.777,1.33688,1.33713,4.13,1.50
2011.05.17 07:55:16.658,1.3369,1.33714,1.35,1.50
2011.05.17 07:55:16.990,1.33696,1.33718,1.35,1.50
2011.05.17 07:55:17.208,1.33696,1.33723,3.00,2.25
2011.05.17 07:55:17.429,1.33696,1.33721,1.35,1.50
2011.05.17 07:55:17.760,1.33695,1.33717,2.25,1.50
2011.05.17 07:55:17.978,1.33693,1.33717,1.50,3.15
2011.05.17 07:55:18.087,1.3369,1.33717,2.25,3.15
2011.05.17 07:55:18.198,1.3369,1.33715,1.50,1.13
2011.05.17 07:55:18.892,1.33688,1.33714,2.10,1.50
2011.05.17 07:55:23.378,1.33688,1.33714,2.10,1.50
2011.05.17 07:55:23.707,1.33691,1.33716,1.50,2.40
2011.05.17 07:55:24.259,1.33691,1.33716,1.50,1.13
2011.05.17 07:55:24.762,1.33688,1.33712,1.35,1.50
2011.05.17 07:55:25.310,1.33688,1.33712,1.35,1.50
2011.05.17 07:55:26.589,1.33686,1.33712,1.50,2.10
2011.05.17 07:55:26.809,1.33682,1.33709,4.88,1.50
2011.05.17 07:55:26.918,1.33682,1.33709,4.13,1.50
2011.05.17 07:55:27.029,1.33681,1.33709,3.38,1.50
2011.05.17 07:55:27.469,1.33681,1.33703,2.78,1.35
2011.05.17 07:55:27.579,1.33675,1.33703,4.65,1.35
2011.05.17 07:55:27.688,1.3368,1.33703,1.65,1.35
2011.05.17 07:55:27.799,1.33677,1.33703,2.78,1.35
2011.05.17 07:55:27.909,1.33674,1.33703,3.53,1.35
2011.05.17 07:55:28.019,1.33674,1.337,3.53,1.50
2011.05.17 07:55:28.238,1.33673,1.33699,2.10,1.50
2011.05.17 07:55:29.558,1.33671,1.33695,1.35,1.50
2011.05.17 07:55:30.108,1.33672,1.33695,1.35,1.50
2011.05.17 07:55:30.821,1.33671,1.33695,1.35,1.50
2011.05.17 07:55:34.121,1.3367,1.33695,1.50,1.50
2011.05.17 07:55:34.450,1.33667,1.33692,4.88,1.50
2011.05.17 07:55:36.440,1.33668,1.33692,1.50,1.50
2011.05.17 07:55:36.549,1.33671,1.33692,1.35,1.50
2011.05.17 07:55:36.660,1.33675,1.33695,1.13,1.50
2011.05.17 07:55:36.774,1.33679,1.33702,1.50,5.18
2011.05.17 07:55:37.118,1.33673,1.33701,3.00,3.53
2011.05.17 07:55:37.231,1.33673,1.33699,3.00,1.50
2011.05.17 07:55:37.559,1.33674,1.33693,2.40,2.78
2011.05.17 07:55:37.890,1.33667,1.33695,3.15,1.50
2011.05.17 07:55:37.999,1.33671,1.33695,1.13,1.50
2011.05.17 07:55:38.110,1.33674,1.33695,1.65,1.50
2011.05.17 07:55:38.218,1.33674,1.33697,1.65,1.50
2011.05.17 07:55:38.768,1.33673,1.33699,1.35,1.50
2011.05.17 07:55:39.320,1.33673,1.33696,1.35,1.50
2011.05.17 07:55:40.309,1.33679,1.33699,1.35,1.50
2011.05.17 07:55:40.639,1.33679,1.33705,2.85,1.13
2011.05.17 07:55:40.874,1.33679,1.33706,2.10,1.13
2011.05.17 07:55:41.088,1.33679,1.33708,1.35,1.88
2011.05.17 07:55:41.418,1.33683,1.33706,1.50,1.13
2011.05.17 07:55:41.528,1.33683,1.33706,1.50,1.13
2011.05.17 07:55:42.109,1.33683,1.33706,1.50,1.13
2011.05.17 07:55:42.440,1.33681,1.33706,1.50,1.13
2011.05.17 07:55:42.549,1.3368,1.33706,1.50,1.13
2011.05.17 07:55:43.209,1.33681,1.33706,2.25,1.13
2011.05.17 07:55:43.431,1.33685,1.33708,2.40,1.35
2011.05.17 07:55:43.538,1.33689,1.33715,1.50,1.50
2011.05.17 07:55:45.068,1.33691,1.33715,1.50,1.50
2011.05.17 07:55:45.618,1.33691,1.33716,1.50,1.35
2011.05.17 07:55:45.837,1.33691,1.33716,1.50,1.35
2011.05.17 07:55:46.198,1.33682,1.33709,1.50,1.50
2011.05.17 07:55:46.729,1.33682,1.33709,2.25,1.50
2011.05.17 07:55:47.278,1.33682,1.33709,1.50,1.50
2011.05.17 07:55:47.608,1.33683,1.33709,1.50,1.50
2011.05.17 07:55:47.938,1.33684,1.33709,1.35,1.50
2011.05.17 07:55:48.047,1.33684,1.33709,1.35,1.50
2011.05.17 07:55:52.010,1.33684,1.33709,1.35,1.50
2011.05.17 07:55:52.338,1.33684,1.33709,3.00,1.50
2011.05.17 07:55:52.558,1.3369,1.33709,1.65,1.50
2011.05.17 07:55:53.176,1.3369,1.33709,1.65,1.50
2011.05.17 07:55:53.295,1.33687,1.33711,2.78,1.13
2011.05.17 07:55:53.850,1.33686,1.33712,6.53,1.13
2011.05.17 07:55:54.086,1.33687,1.33713,2.25,1.13
2011.05.17 07:55:54.421,1.3369,1.33711,3.38,1.13
2011.05.17 07:55:54.860,1.33691,1.33715,6.15,1.50
2011.05.17 07:55:55.189,1.33694,1.33718,1.50,1.50
2011.05.17 07:55:55.522,1.33692,1.33718,1.50,2.10
2011.05.17 07:55:55.958,1.33688,1.33714,1.50,1.50
2011.05.17 07:55:56.838,1.33688,1.33714,1.50,1.50
2011.05.17 07:55:58.798,1.33688,1.33714,1.50,1.50
2011.05.17 07:55:59.350,1.33691,1.33714,1.35,1.50
2011.05.17 07:55:59.678,1.33689,1.33717,3.53,2.10
2011.05.17 07:56:02.238,1.33688,1.3371,1.50,2.10
2011.05.17 07:56:02.569,1.33683,1.33707,2.78,2.78
2011.05.17 07:56:02.679,1.33683,1.33706,3.53,1.13
2011.05.17 07:56:03.008,1.33687,1.33712,1.50,3.75
2011.05.17 07:56:03.337,1.33687,1.33712,1.50,2.10
2011.05.17 07:56:03.559,1.33687,1.33712,1.50,2.85
2011.05.17 07:56:04.249,1.33687,1.33712,1.50,2.85
2011.05.17 07:56:05.788,1.33687,1.3371,1.50,1.73
2011.05.17 07:56:06.228,1.33687,1.33711,1.50,1.73
2011.05.17 07:56:06.788,1.33687,1.33711,1.50,2.10
2011.05.17 07:56:07.230,1.33689,1.33713,1.35,2.40
2011.05.17 07:56:07.452,1.33691,1.33716,1.50,1.50
2011.05.17 07:56:07.570,1.33692,1.3372,1.50,1.73
2011.05.17 07:56:07.790,1.33696,1.3372,1.35,1.13
2011.05.17 07:56:10.977,1.33697,1.3372,4.28,1.13
2011.05.17 07:56:11.939,1.33697,1.3372,4.28,1.13
2011.05.17 07:56:12.488,1.33698,1.3372,3.53,1.13
2011.05.17 07:56:12.939,1.33696,1.33718,4.28,1.13
2011.05.17 07:56:13.055,1.33698,1.33719,1.50,2.63
2011.05.17 07:56:13.278,1.33698,1.3372,1.50,1.73
2011.05.17 07:56:13.499,1.33698,1.3372,1.50,1.73
2011.05.17 07:56:14.049,1.33695,1.33719,3.53,1.73
2011.05.17 07:56:14.492,1.33694,1.33718,1.35,1.13
2011.05.17 07:56:15.048,1.33694,1.33719,3.38,1.13
2011.05.17 07:56:15.600,1.33693,1.33718,1.35,1.13
2011.05.17 07:56:16.040,1.33694,1.33718,1.35,1.13
2011.05.17 07:56:16.369,1.337,1.33721,1.50,1.13
2011.05.17 07:56:16.919,1.337,1.33721,1.50,1.13
2011.05.17 07:56:17.578,1.33701,1.33724,1.35,1.50
2011.05.17 07:56:17.689,1.33701,1.33726,1.35,2.40
2011.05.17 07:56:17.798,1.33701,1.33724,1.35,1.50
2011.05.17 07:56:18.347,1.33701,1.33724,1.35,1.50
2011.05.17 07:56:18.538,1.33701,1.33725,1.35,1.50
2011.05.17 07:56:19.098,1.33703,1.33728,1.50,3.53
2011.05.17 07:56:19.488,1.33703,1.33728,1.50,2.78
2011.05.17 07:56:19.709,1.33706,1.33728,1.50,3.53
2011.05.17 07:56:20.258,1.33706,1.33732,1.50,1.88
2011.05.17 07:56:20.700,1.33706,1.33731,1.50,1.13
2011.05.17 07:56:20.919,1.33704,1.33732,2.25,1.88
2011.05.17 07:56:21.907,1.33706,1.33732,1.50,1.88
2011.05.17 07:56:22.457,1.33706,1.33731,2.10,1.13
2011.05.17 07:56:22.788,1.33706,1.33732,2.10,1.88
2011.05.17 07:56:23.336,1.33706,1.33732,1.50,2.48
2011.05.17 07:56:24.290,1.33704,1.33731,2.25,1.13
2011.05.17 07:56:24.508,1.33706,1.3373,1.50,2.40
2011.05.17 07:56:24.948,1.33703,1.33729,1.50,1.50
2011.05.17 07:56:25.608,1.33703,1.33729,1.50,1.50
2011.05.17 07:56:26.300,1.337,1.33725,4.28,2.10
2011.05.17 07:56:26.520,1.33703,1.33729,2.78,1.50
2011.05.17 07:56:26.629,1.33701,1.33726,1.35,2.40
2011.05.17 07:56:26.739,1.33701,1.33725,2.10,1.50
2011.05.17 07:56:27.067,1.33703,1.33728,1.50,2.40
2011.05.17 07:56:27.458,1.33702,1.33726,1.50,2.40
2011.05.17 07:56:28.349,1.33702,1.33723,1.50,1.13
2011.05.17 07:56:28.679,1.33701,1.33722,1.50,2.78
2011.05.17 07:56:28.899,1.337,1.33722,1.50,2.40
2011.05.17 07:56:29.229,1.33701,1.33725,1.50,1.73
2011.05.17 07:56:29.447,1.337,1.33723,1.50,1.13
2011.05.17 07:56:30.306,1.33701,1.33726,2.25,2.48
2011.05.17 07:56:30.425,1.33705,1.33727,1.50,2.40
2011.05.17 07:56:30.542,1.33706,1.33732,1.50,1.50
2011.05.17 07:56:30.771,1.33706,1.33732,1.50,1.50
2011.05.17 07:56:31.100,1.33706,1.33732,1.50,1.50
2011.05.17 07:56:31.427,1.33706,1.33732,1.50,1.50
2011.05.17 07:56:31.979,1.33706,1.33731,1.50,2.40
2011.05.17 07:56:34.639,1.33706,1.33732,1.50,1.50
2011.05.17 07:56:35.298,1.33705,1.33732,2.25,1.50
2011.05.17 07:56:36.684,1.33706,1.33732,1.50,1.50
2011.05.17 07:56:36.805,1.33707,1.33732,2.40,1.50
2011.05.17 07:56:36.919,1.33705,1.33732,1.50,1.50
2011.05.17 07:56:37.028,1.33702,1.33727,6.53,1.50
2011.05.17 07:56:37.248,1.33702,1.33727,3.75,1.50
2011.05.17 07:56:37.860,1.33702,1.33727,2.25,1.50
2011.05.17 07:56:38.627,1.33702,1.33728,2.78,1.35
2011.05.17 07:56:39.628,1.337,1.33728,3.53,1.35
2011.05.17 07:56:44.048,1.33703,1.33729,2.78,1.50
2011.05.17 07:56:44.929,1.33704,1.33729,2.78,2.25
2011.05.17 07:56:45.255,1.33709,1.33733,3.38,1.13
2011.05.17 07:56:45.589,1.3371,1.33733,1.35,1.13
2011.05.17 07:56:46.468,1.33708,1.33732,1.50,1.13
2011.05.17 07:56:46.798,1.33707,1.33732,2.25,1.13
2011.05.17 07:56:47.448,1.33708,1.33732,1.50,1.13
2011.05.17 07:56:50.108,1.33707,1.33732,2.25,1.13
2011.05.17 07:56:50.580,1.33707,1.33732,2.25,1.13
2011.05.17 07:56:52.359,1.33708,1.33733,1.50,1.73
2011.05.17 07:56:56.669,1.33707,1.3373,1.50,1.13
2011.05.17 07:56:56.780,1.33704,1.3373,4.28,1.88
2011.05.17 07:56:57.217,1.33703,1.33729,1.50,2.40
2011.05.17 07:56:57.949,1.33703,1.33721,1.50,1.65
2011.05.17 07:56:58.282,1.33704,1.33721,1.50,1.65
2011.05.17 07:56:58.401,1.33704,1.33724,1.50,1.65
2011.05.17 07:56:58.702,1.33704,1.3373,1.50,2.85
2011.05.17 07:56:59.261,1.33703,1.3373,1.50,2.85
2011.05.17 07:57:00.448,1.33704,1.33729,1.50,1.50
2011.05.17 07:57:03.318,1.33704,1.3373,1.50,2.10
2011.05.17 07:57:06.159,1.33704,1.33727,1.50,1.65
2011.05.17 07:57:06.489,1.33704,1.33728,1.50,1.50
2011.05.17 07:57:06.598,1.33704,1.3373,1.50,2.10
2011.05.17 07:57:08.164,1.33704,1.33728,1.35,1.50
2011.05.17 07:57:08.391,1.33707,1.33734,1.50,1.50
2011.05.17 07:57:08.499,1.33708,1.33734,1.50,1.50
2011.05.17 07:57:08.828,1.33705,1.33731,2.10,1.50
2011.05.17 07:57:09.378,1.33705,1.33731,2.10,1.50
2011.05.17 07:57:09.709,1.33701,1.33729,1.50,1.50
2011.05.17 07:57:11.327,1.33704,1.3373,1.50,1.35
2011.05.17 07:57:13.212,1.33706,1.3373,1.50,1.35
2011.05.17 07:57:13.758,1.33708,1.33733,1.50,2.78
2011.05.17 07:57:16.098,1.33708,1.33733,1.50,2.40
2011.05.17 07:57:17.529,1.3371,1.33733,1.35,2.40
2011.05.17 07:57:17.750,1.33715,1.33739,1.50,1.50
2011.05.17 07:57:18.296,1.33713,1.33739,1.50,1.50
2011.05.17 07:57:22.218,1.33713,1.33739,2.25,1.50
2011.05.17 07:57:22.991,1.33713,1.33736,1.50,2.78
2011.05.17 07:57:23.102,1.33711,1.33736,1.50,3.38
2011.05.17 07:57:23.440,1.33706,1.33733,3.53,3.60
2011.05.17 07:57:23.550,1.33705,1.33733,1.50,4.28
2011.05.17 07:57:23.769,1.33705,1.33733,1.50,1.50
2011.05.17 07:57:24.099,1.33705,1.33733,1.50,1.50
2011.05.17 07:57:24.320,1.33705,1.33733,1.50,1.50
2011.05.17 07:57:24.650,1.33709,1.33733,1.50,1.50
2011.05.17 07:57:24.977,1.33709,1.33733,1.50,1.50
2011.05.17 07:57:26.778,1.33709,1.33733,1.50,1.50
2011.05.17 07:57:27.000,1.33708,1.33733,1.50,1.50
2011.05.17 07:57:28.627,1.33708,1.33735,1.50,2.48
2011.05.17 07:57:30.631,1.3371,1.33735,1.50,1.73
2011.05.17 07:57:31.961,1.33712,1.33739,1.50,4.35
2011.05.17 07:57:32.510,1.33712,1.33735,1.50,1.73
2011.05.17 07:57:33.060,1.33711,1.33736,1.50,1.35
2011.05.17 07:57:33.609,1.33711,1.33739,2.10,1.50
2011.05.17 07:57:34.729,1.33711,1.33739,2.10,1.50
2011.05.17 07:57:35.059,1.33711,1.33739,2.10,1.50
2011.05.17 07:57:35.608,1.33711,1.33739,2.10,1.50
2011.05.17 07:57:36.159,1.33712,1.33737,1.50,1.50
2011.05.17 07:57:36.488,1.33712,1.33737,1.50,1.50
2011.05.17 07:57:36.710,1.33712,1.33737,1.50,1.50
2011.05.17 07:57:37.518,1.33712,1.33738,1.50,2.25
2011.05.17 07:57:40.114,1.33712,1.33737,1.50,1.50
2011.05.17 07:57:40.885,1.33711,1.33739,2.10,1.50
2011.05.17 07:57:41.216,1.33711,1.33738,2.10,3.90
2011.05.17 07:57:41.435,1.33709,1.33736,1.50,2.48
2011.05.17 07:57:41.546,1.33704,1.33732,1.50,1.13
2011.05.17 07:57:41.876,1.33703,1.33729,3.15,1.50
2011.05.17 07:57:42.634,1.33706,1.33728,1.50,1.13
2011.05.17 07:57:43.077,1.33709,1.33731,1.50,1.50
2011.05.17 07:57:43.296,1.33711,1.33735,1.50,1.50
2011.05.17 07:57:43.516,1.33708,1.33735,2.40,1.50
2011.05.17 07:57:43.627,1.33706,1.33733,1.50,1.13
2011.05.17 07:57:44.066,1.33702,1.33729,4.28,1.73
2011.05.17 07:57:44.285,1.33701,1.33728,1.50,1.50
2011.05.17 07:57:44.614,1.33701,1.33729,3.15,2.10
2011.05.17 07:57:44.725,1.33701,1.33729,2.40,1.35
2011.05.17 07:57:44.835,1.33705,1.33729,1.50,3.38
2011.05.17 07:57:45.165,1.33707,1.33733,1.50,1.50
2011.05.17 07:57:45.478,1.33706,1.33732,1.35,1.13
2011.05.17 07:57:45.590,1.33705,1.33729,1.50,2.78
2011.05.17 07:57:46.144,1.33705,1.3373,1.50,3.38
2011.05.17 07:57:47.445,1.33705,1.33733,1.50,8.18
2011.05.17 07:57:48.557,1.33705,1.33728,1.50,1.13
2011.05.17 07:57:49.405,1.33706,1.33731,1.50,1.88
2011.05.17 07:57:49.954,1.33706,1.33731,1.50,1.88
2011.05.17 07:57:50.835,1.33706,1.33731,1.50,1.88
2011.05.17 07:57:51.175,1.33707,1.33731,1.50,1.13
2011.05.17 07:57:51.289,1.33709,1.33732,1.50,1.13
2011.05.17 07:57:51.625,1.33707,1.33732,1.50,1.88
2011.05.17 07:57:51.735,1.33706,1.33732,1.50,1.88
2011.05.17 07:57:53.555,1.33709,1.33734,3.53,2.10
2011.05.17 07:57:53.665,1.33709,1.33732,5.18,1.50
2011.05.17 07:57:54.324,1.33706,1.33732,1.50,1.50
2011.05.17 07:57:54.876,1.33706,1.33732,1.50,1.50
2011.05.17 07:57:55.424,1.33706,1.33732,1.50,3.15
2011.05.17 07:57:55.644,1.33706,1.33732,1.50,5.18
2011.05.17 07:57:56.415,1.33708,1.33732,1.35,1.50
2011.05.17 07:57:57.185,1.33711,1.33738,1.50,8.40
2011.05.17 07:57:57.738,1.33715,1.33738,1.50,1.35
2011.05.17 07:57:58.240,1.33712,1.33739,1.50,2.10
2011.05.17 07:58:00.495,1.3371,1.33738,1.50,1.35
2011.05.17 07:58:00.605,1.33712,1.33738,1.50,2.85
2011.05.17 07:58:01.844,1.33711,1.33735,1.50,1.50
2011.05.17 07:58:02.174,1.33711,1.33735,1.50,1.50
2011.05.17 07:58:03.315,1.33711,1.33735,1.50,2.10
2011.05.17 07:58:03.645,1.33707,1.33732,1.50,3.53
2011.05.17 07:58:03.865,1.33708,1.33733,1.50,2.10
2011.05.17 07:58:04.087,1.33706,1.33732,2.25,4.28
2011.05.17 07:58:04.523,1.33711,1.33736,1.35,3.53
2011.05.17 07:58:04.747,1.33711,1.33736,1.50,1.50
2011.05.17 07:58:05.397,1.33711,1.33736,1.50,1.50
2011.05.17 07:58:06.164,1.33711,1.33736,1.50,1.50
2011.05.17 07:58:06.717,1.33709,1.33732,1.50,3.53
2011.05.17 07:58:06.936,1.33715,1.33737,1.50,1.73
2011.05.17 07:58:07.048,1.33715,1.33739,1.50,3.53
2011.05.17 07:58:07.157,1.33715,1.33744,1.50,4.88
2011.05.17 07:58:07.486,1.33713,1.33737,1.50,2.40
2011.05.17 07:58:07.597,1.3371,1.33735,1.50,1.35
2011.05.17 07:58:08.145,1.3371,1.33735,2.25,1.35
2011.05.17 07:58:08.695,1.33705,1.33734,1.50,1.88
2011.05.17 07:58:09.341,1.33702,1.33729,2.25,1.35
2011.05.17 07:58:09.568,1.33697,1.33724,1.50,1.50
2011.05.17 07:58:10.126,1.33695,1.33724,4.13,1.50
2011.05.17 07:58:11.596,1.33694,1.33721,2.25,1.35
2011.05.17 07:58:12.978,1.33696,1.33724,1.35,1.50
2011.05.17 07:58:13.306,1.33697,1.33724,1.50,1.50
2011.05.17 07:58:13.415,1.33697,1.33724,1.50,1.50
2011.05.17 07:58:17.366,1.33699,1.33727,1.35,3.53
2011.05.17 07:58:17.475,1.33701,1.33727,1.50,3.53
2011.05.17 07:58:18.635,1.33701,1.33727,1.50,1.50
2011.05.17 07:58:18.966,1.33704,1.33727,1.50,2.40
2011.05.17 07:58:19.517,1.33704,1.33728,1.50,5.18
2011.05.17 07:58:20.217,1.33703,1.33728,1.50,5.18
2011.05.17 07:58:27.886,1.33702,1.33725,1.50,2.78
2011.05.17 07:58:28.446,1.33702,1.33726,1.50,4.43
2011.05.17 07:58:28.665,1.33701,1.33726,1.50,4.28
2011.05.17 07:58:29.214,1.337,1.33726,1.50,4.28
2011.05.17 07:58:29.326,1.337,1.33723,1.50,3.38
2011.05.17 07:58:29.655,1.33701,1.33726,1.50,1.50
2011.05.17 07:58:30.416,1.337,1.33726,1.50,1.50
2011.05.17 07:58:31.425,1.337,1.33725,1.50,1.35
2011.05.17 07:58:34.454,1.33701,1.33725,1.50,2.10
2011.05.17 07:58:35.382,1.33701,1.33725,1.50,1.35
2011.05.17 07:58:35.606,1.33705,1.33729,1.50,1.13
2011.05.17 07:58:35.716,1.33712,1.33729,1.35,1.13
2011.05.17 07:58:35.826,1.33712,1.33735,1.35,2.25
2011.05.17 07:58:36.378,1.33712,1.33735,1.35,1.50
2011.05.17 07:58:41.145,1.33711,1.33735,1.50,1.50
2011.05.17 07:58:41.474,1.33711,1.33735,1.50,1.50
2011.05.17 07:58:41.915,1.33711,1.33735,1.50,1.50
2011.05.17 07:58:42.138,1.33711,1.33736,1.50,4.13
2011.05.17 07:58:44.065,1.33711,1.33736,1.50,1.73
2011.05.17 07:58:45.723,1.33711,1.33736,1.35,1.13
2011.05.17 07:58:45.947,1.33708,1.33732,1.50,1.13
2011.05.17 07:58:46.166,1.33706,1.3373,1.50,2.40
2011.05.17 07:58:46.277,1.33707,1.3373,1.50,1.65
2011.05.17 07:58:46.390,1.33707,1.33733,1.50,3.90
2011.05.17 07:58:46.506,1.33706,1.33731,1.50,3.53
2011.05.17 07:58:46.615,1.33704,1.3373,1.35,3.15
2011.05.17 07:58:47.165,1.33703,1.33727,1.50,1.35
2011.05.17 07:58:58.204,1.33704,1.33727,1.50,1.35
2011.05.17 07:58:58.534,1.33704,1.33727,1.50,1.35
2011.05.17 07:58:58.844,1.33702,1.33727,1.50,1.35
2011.05.17 07:58:59.065,1.33699,1.33723,1.50,1.50
2011.05.17 07:58:59.395,1.33699,1.33723,1.50,5.93
2011.05.17 07:59:00.616,1.33699,1.33717,1.50,1.65
2011.05.17 07:59:00.725,1.33694,1.33718,1.50,1.50
2011.05.17 07:59:01.276,1.33694,1.33716,1.50,1.65
2011.05.17 07:59:02.399,1.33694,1.3372,1.50,1.88
2011.05.17 07:59:02.954,1.33696,1.3372,2.25,1.50
2011.05.17 07:59:03.305,1.33698,1.3372,1.35,1.50
2011.05.17 07:59:03.966,1.33698,1.3372,1.35,1.50
2011.05.17 07:59:04.077,1.33699,1.33725,2.25,1.50
2011.05.17 07:59:04.296,1.337,1.33724,3.53,1.50
2011.05.17 07:59:06.186,1.33698,1.33715,1.35,1.50
2011.05.17 07:59:06.296,1.33692,1.3371,1.50,2.40
2011.05.17 07:59:06.515,1.3369,1.3371,1.50,2.40
2011.05.17 07:59:06.735,1.33689,1.33712,1.50,1.35
2011.05.17 07:59:06.956,1.33688,1.33712,1.50,1.35
2011.05.17 07:59:07.065,1.33688,1.33712,1.50,1.35
2011.05.17 07:59:07.615,1.33686,1.33712,5.03,2.10
2011.05.17 07:59:08.372,1.33686,1.33712,4.28,2.10
2011.05.17 07:59:08.935,1.33686,1.33712,1.50,2.85
2011.05.17 07:59:09.268,1.33684,1.33712,1.50,2.85
2011.05.17 07:59:09.824,1.33686,1.33712,1.50,2.85
2011.05.17 07:59:14.045,1.33686,1.33712,1.50,2.10
2011.05.17 07:59:14.666,1.33686,1.33712,1.50,2.10
2011.05.17 07:59:14.778,1.33688,1.33712,1.50,2.10
2011.05.17 07:59:15.326,1.33688,1.33712,1.50,1.50
2011.05.17 07:59:16.935,1.33689,1.33712,1.50,1.50
2011.05.17 07:59:17.235,1.33689,1.33714,2.25,1.50
2011.05.17 07:59:17.345,1.33689,1.33715,2.25,1.50
2011.05.17 07:59:17.676,1.33689,1.33716,2.25,1.50
2011.05.17 07:59:18.226,1.33691,1.33716,1.50,1.50
2011.05.17 07:59:18.965,1.33691,1.33717,1.50,2.25
2011.05.17 07:59:19.405,1.33692,1.33717,1.50,2.25
2011.05.17 07:59:20.085,1.33692,1.33717,1.50,1.50
2011.05.17 07:59:20.630,1.33692,1.33718,1.50,1.50
2011.05.17 07:59:20.857,1.33692,1.33717,1.50,1.50
2011.05.17 07:59:21.077,1.33692,1.33717,1.50,1.50
2011.05.17 07:59:22.564,1.33692,1.33718,1.50,2.40
2011.05.17 07:59:22.675,1.33692,1.33717,1.50,1.50
2011.05.17 07:59:23.374,1.33692,1.33717,1.50,1.50
2011.05.17 07:59:24.966,1.33692,1.33716,1.50,1.65
2011.05.17 07:59:25.295,1.33692,1.33719,1.50,2.10
2011.05.17 07:59:26.047,1.33692,1.33719,1.50,2.85
2011.05.17 07:59:27.235,1.33695,1.33719,1.50,2.10
2011.05.17 07:59:27.456,1.33696,1.33717,2.40,1.50
2011.05.17 07:59:27.894,1.33692,1.33719,1.50,2.85
2011.05.17 07:59:28.466,1.33694,1.33719,1.50,1.35
2011.05.17 07:59:28.685,1.33696,1.33722,1.50,1.50
2011.05.17 07:59:28.907,1.33696,1.33724,1.50,3.53
2011.05.17 07:59:29.126,1.33698,1.33725,1.50,1.50
2011.05.17 07:59:29.785,1.33704,1.33728,1.50,1.50
2011.05.17 07:59:30.447,1.33704,1.33727,1.50,1.88
2011.05.17 07:59:30.665,1.33701,1.33725,1.50,3.75
2011.05.17 07:59:31.214,1.33701,1.33725,1.50,3.00
2011.05.17 07:59:32.336,1.33701,1.33727,1.50,1.50
2011.05.17 07:59:32.445,1.33701,1.33727,1.50,2.25
2011.05.17 07:59:33.914,1.33705,1.3373,1.50,3.15
2011.05.17 07:59:34.032,1.33705,1.33732,1.50,2.85
2011.05.17 07:59:34.365,1.33706,1.33732,1.35,2.25
2011.05.17 07:59:35.027,1.33708,1.33732,4.28,1.50
2011.05.17 07:59:35.246,1.33706,1.33732,1.35,2.25
2011.05.17 07:59:35.595,1.33705,1.33732,1.50,2.25
2011.05.17 07:59:36.232,1.33705,1.33732,1.50,1.50
2011.05.17 07:59:36.686,1.33708,1.33733,2.40,2.85
2011.05.17 07:59:37.235,1.33707,1.33733,1.50,2.10
2011.05.17 07:59:38.366,1.33709,1.33733,1.50,1.35
2011.05.17 07:59:38.663,1.33713,1.33738,1.35,1.50
2011.05.17 07:59:38.779,1.33714,1.3374,3.53,1.50
2011.05.17 07:59:39.006,1.33713,1.3374,1.35,2.25
2011.05.17 07:59:39.776,1.33712,1.33738,1.50,1.35
2011.05.17 07:59:40.104,1.33709,1.33734,1.50,1.50
2011.05.17 07:59:40.905,1.3371,1.33735,1.50,1.50
2011.05.17 07:59:41.125,1.33706,1.33732,1.35,1.50
2011.05.17 07:59:41.675,1.33703,1.33729,3.53,1.50
2011.05.17 07:59:42.114,1.33703,1.33729,3.53,1.50
2011.05.17 07:59:42.224,1.33703,1.33729,3.53,1.50
2011.05.17 07:59:43.406,1.33705,1.33729,1.50,1.50
2011.05.17 07:59:43.735,1.33707,1.33729,3.53,1.50
2011.05.17 07:59:43.956,1.33702,1.33729,1.50,2.25
2011.05.17 07:59:44.284,1.33702,1.33729,1.50,1.50
2011.05.17 07:59:45.545,1.33706,1.33729,1.50,1.50
2011.05.17 07:59:45.946,1.33712,1.33729,1.35,1.50
2011.05.17 07:59:46.060,1.33712,1.33729,1.35,1.50
2011.05.17 07:59:46.509,1.33712,1.33732,1.35,2.25
2011.05.17 07:59:47.066,1.33712,1.33732,1.35,1.50
2011.05.17 07:59:47.287,1.3371,1.3373,1.35,1.50
2011.05.17 07:59:47.396,1.33712,1.33732,1.35,1.50
2011.05.17 07:59:47.726,1.33717,1.33732,2.10,1.50
2011.05.17 07:59:47.949,1.33719,1.33739,1.50,1.13
2011.05.17 07:59:48.178,1.33716,1.33739,1.35,1.88
2011.05.17 07:59:48.287,1.33716,1.33739,1.35,1.50
2011.05.17 07:59:48.395,1.33716,1.33741,1.35,2.25
2011.05.17 07:59:48.726,1.33712,1.3374,2.25,1.50
2011.05.17 07:59:50.053,1.33716,1.33743,1.50,1.50
2011.05.17 07:59:50.169,1.33716,1.33743,1.50,1.50
2011.05.17 07:59:50.726,1.33716,1.3374,1.50,1.50
2011.05.17 07:59:51.054,1.33716,1.3374,2.25,1.50
2011.05.17 07:59:51.284,1.33716,1.3374,1.50,1.50
2011.05.17 07:59:51.835,1.33716,1.3374,1.50,1.50
2011.05.17 07:59:52.056,1.33716,1.33742,1.50,1.50
2011.05.17 07:59:52.166,1.33717,1.33742,1.88,2.25
2011.05.17 07:59:52.387,1.3372,1.33744,1.50,1.50
2011.05.17 07:59:52.496,1.33727,1.33744,1.35,1.50
2011.05.17 07:59:52.716,1.33729,1.33752,2.85,1.50
2011.05.17 07:59:53.267,1.33728,1.33755,1.50,1.50
2011.05.17 07:59:53.379,1.33726,1.3375,1.35,1.50
2011.05.17 07:59:53.791,1.33726,1.3375,1.35,1.50
2011.05.17 07:59:53.908,1.33726,1.3375,2.10,1.50
2011.05.17 07:59:54.458,1.33731,1.3375,2.10,1.50
2011.05.17 07:59:54.796,1.33734,1.33759,1.35,1.50
2011.05.17 07:59:55.345,1.33735,1.33761,1.35,1.50
2011.05.17 07:59:55.571,1.33742,1.33761,3.38,1.50
2011.05.17 07:59:55.907,1.33736,1.33763,3.38,1.50
2011.05.17 07:59:56.127,1.33736,1.33763,3.75,1.50
2011.05.17 07:59:56.237,1.33736,1.33763,5.25,1.50
2011.05.17 07:59:56.347,1.3374,1.33763,4.13,1.50
2011.05.17 07:59:56.676,1.3374,1.33763,1.35,1.50
2011.05.17 07:59:57.225,1.3374,1.33763,1.35,1.50
2011.05.17 07:59:57.335,1.3374,1.33763,1.35,1.50
2011.05.17 07:59:57.732,1.33747,1.33763,3.53,1.50
2011.05.17 07:59:57.959,1.33748,1.33774,1.50,1.50
2011.05.17 07:59:58.298,1.33745,1.33774,2.10,1.50
2011.05.17 07:59:58.529,1.33745,1.33771,1.35,1.50
2011.05.17 07:59:58.866,1.33749,1.33773,1.35,4.28
2011.05.17 07:59:59.085,1.33749,1.33774,2.10,1.50
2011.05.17 07:59:59.414,1.3375,1.33774,3.53,1.50
2011.05.17 07:59:59.858,1.33753,1.33774,2.85,1.50
