2008.01.08 22:00:00.211,1.6734,1.6742,15.10,4.00
2008.01.08 22:00:00.426,1.6734,1.6746,3.50,7.10
2008.01.08 22:00:01.401,1.6734,1.6746,1.60,7.10
2008.01.08 22:00:06.419,1.6734,1.6746,1.80,7.10
2008.01.08 22:00:06.558,1.6734,1.6746,1.70,7.10
2008.01.08 22:00:07.608,1.6732,1.6744,2.50,7.10
2008.01.08 22:00:11.417,1.6732,1.6744,1.60,7.10
2008.01.08 22:00:11.587,1.6732,1.6744,1.60,7.10
2008.01.08 22:00:14.173,1.6732,1.6744,0.70,0.90
2008.01.08 22:00:16.430,1.6732,1.6744,1.60,7.10
2008.01.08 22:00:16.669,1.6732,1.6744,1.20,7.10
2008.01.08 22:00:21.471,1.6732,1.6744,7.10,7.10
2008.01.08 22:00:21.649,1.6732,1.6744,7.10,7.10
2008.01.08 22:00:26.450,1.6732,1.6744,7.10,7.10
2008.01.08 22:00:26.674,1.6732,1.6744,7.10,7.10
2008.01.08 22:00:31.468,1.6732,1.6744,7.10,7.10
2008.01.08 22:00:31.778,1.6732,1.6744,7.10,7.10
2008.01.08 22:00:36.457,1.6732,1.6744,7.10,7.10
2008.01.08 22:00:36.764,1.6732,1.6744,7.10,7.10
2008.01.08 22:00:41.237,1.6732,1.6744,7.10,0.70
2008.01.08 22:00:46.199,1.6734,1.6746,7.10,0.70
2008.01.08 22:00:46.477,1.6734,1.6748,7.10,8.88
2008.01.08 22:00:46.867,1.6734,1.6748,7.10,8.88
2008.01.08 22:00:49.013,1.6734,1.6748,7.10,8.88
2008.01.08 22:00:51.489,1.6734,1.6748,7.10,8.88
2008.01.08 22:00:51.894,1.6734,1.6746,7.10,0.50
2008.01.08 22:00:54.052,1.6734,1.6748,7.10,8.88
2008.01.08 22:00:54.470,1.6734,1.6746,7.10,0.90
2008.01.08 22:00:56.441,1.6734,1.6748,7.10,8.88
2008.01.08 22:00:56.930,1.6734,1.6746,7.10,0.50
2008.01.08 22:00:58.192,1.673,1.6744,7.10,8.88
2008.01.08 22:00:59.008,1.673,1.6744,7.10,8.88
2008.01.08 22:01:01.198,1.673,1.6742,7.10,0.60
2008.01.08 22:01:01.519,1.673,1.6744,7.10,8.88
2008.01.08 22:01:01.979,1.673,1.6744,7.10,8.88
2008.01.08 22:01:04.024,1.673,1.6744,7.10,8.88
2008.01.08 22:01:04.565,1.673,1.6742,7.10,0.70
2008.01.08 22:01:06.191,1.673,1.6742,7.10,0.80
2008.01.08 22:01:06.525,1.673,1.6744,7.10,8.88
2008.01.08 22:01:07.007,1.673,1.6744,7.10,8.88
2008.01.08 22:01:09.016,1.673,1.6744,7.10,8.88
2008.01.08 22:01:11.240,1.673,1.6742,7.10,7.10
2008.01.08 22:01:11.519,1.673,1.6742,7.10,7.10
2008.01.08 22:01:12.033,1.673,1.6742,7.10,7.10
2008.01.08 22:01:14.016,1.673,1.6742,7.10,7.10
2008.01.08 22:01:14.603,1.673,1.6742,7.10,7.10
2008.01.08 22:01:16.196,1.673,1.6742,7.10,7.10
2008.01.08 22:01:16.537,1.673,1.6742,7.10,7.10
2008.01.08 22:01:16.648,1.673,1.6742,7.10,7.10
2008.01.08 22:01:17.063,1.673,1.6742,7.10,7.10
2008.01.08 22:01:19.026,1.673,1.6742,7.10,7.10
2008.01.08 22:01:21.202,1.673,1.6742,7.10,7.10
2008.01.08 22:01:21.544,1.673,1.6742,7.10,7.10
2008.01.08 22:01:22.100,1.673,1.6742,7.10,7.10
2008.01.08 22:01:22.339,1.673,1.6742,1.80,7.10
2008.01.08 22:01:24.028,1.673,1.6742,1.90,7.10
2008.01.08 22:01:24.743,1.673,1.6742,0.70,7.10
2008.01.08 22:01:25.817,1.6729,1.6741,3.00,7.10
2008.01.08 22:01:26.192,1.6729,1.6741,2.80,7.10
2008.01.08 22:01:26.325,1.673,1.6742,1.10,7.10
2008.01.08 22:01:26.563,1.673,1.6742,3.50,7.10
2008.01.08 22:01:27.174,1.673,1.6742,3.30,7.10
2008.01.08 22:01:27.676,1.6729,1.6741,1.10,7.10
2008.01.08 22:01:28.185,1.673,1.6742,3.30,7.10
2008.01.08 22:01:29.032,1.673,1.6742,2.20,7.10
2008.01.08 22:01:30.256,1.6729,1.6741,2.10,7.10
2008.01.08 22:01:31.207,1.6729,1.6741,3.00,7.10
2008.01.08 22:01:31.317,1.673,1.6742,3.90,7.10
2008.01.08 22:01:31.559,1.673,1.6742,2.60,7.10
2008.01.08 22:01:32.199,1.673,1.6742,3.30,7.10
2008.01.08 22:01:33.169,1.6729,1.6741,1.00,7.10
2008.01.08 22:01:33.681,1.673,1.6742,1.70,7.10
2008.01.08 22:01:34.031,1.673,1.6742,0.90,7.10
2008.01.08 22:01:34.803,1.673,1.6742,1.70,7.10
2008.01.08 22:01:36.202,1.673,1.6742,3.50,7.10
2008.01.08 22:01:36.577,1.673,1.6742,1.10,7.10
2008.01.08 22:01:36.871,1.673,1.6742,0.60,7.10
2008.01.08 22:01:37.220,1.673,1.6742,2.10,7.10
2008.01.08 22:01:39.036,1.673,1.6742,1.80,7.10
2008.01.08 22:01:41.212,1.673,1.6742,3.70,7.10
2008.01.08 22:01:41.590,1.673,1.6742,2.30,7.10
2008.01.08 22:01:42.258,1.673,1.6742,2.10,7.10
2008.01.08 22:01:44.031,1.673,1.6742,3.50,7.10
2008.01.08 22:01:44.909,1.673,1.6742,0.90,7.10
2008.01.08 22:01:46.205,1.673,1.6742,2.90,7.10
2008.01.08 22:01:46.590,1.673,1.6742,3.50,7.10
2008.01.08 22:01:46.985,1.673,1.6742,3.10,7.10
2008.01.08 22:01:47.293,1.673,1.6742,2.30,7.10
2008.01.08 22:01:47.828,1.6728,1.674,1.50,7.10
2008.01.08 22:01:49.035,1.6728,1.674,2.70,7.10
2008.01.08 22:01:51.261,1.6728,1.674,1.10,7.10
2008.01.08 22:01:51.598,1.6728,1.674,2.50,7.10
2008.01.08 22:01:52.337,1.6728,1.674,1.70,7.10
2008.01.08 22:01:54.093,1.6728,1.674,3.10,7.10
2008.01.08 22:01:54.990,1.6728,1.674,2.90,7.10
2008.01.08 22:01:56.222,1.6728,1.674,3.10,7.10
2008.01.08 22:01:56.600,1.6728,1.674,2.40,7.10
2008.01.08 22:01:57.020,1.6728,1.674,0.60,7.10
2008.01.08 22:01:57.409,1.6728,1.674,2.30,7.10
2008.01.08 22:01:59.077,1.6728,1.674,1.10,7.10
2008.01.08 22:02:01.217,1.6728,1.674,1.20,7.10
2008.01.08 22:02:01.615,1.6728,1.674,2.80,7.10
2008.01.08 22:02:02.430,1.6728,1.674,2.60,7.10
2008.01.08 22:02:04.044,1.6728,1.674,2.30,7.10
2008.01.08 22:02:05.083,1.6728,1.674,2.30,7.10
2008.01.08 22:02:06.213,1.6728,1.674,2.00,7.10
2008.01.08 22:02:06.624,1.6728,1.674,2.60,7.10
2008.01.08 22:02:07.167,1.6728,1.674,2.50,7.10
2008.01.08 22:02:07.466,1.6728,1.674,1.40,7.10
2008.01.08 22:02:09.100,1.6728,1.674,3.10,7.10
2008.01.08 22:02:10.416,1.673,1.6742,7.10,7.10
2008.01.08 22:02:11.222,1.673,1.6742,7.10,7.10
2008.01.08 22:02:11.634,1.673,1.6742,7.10,7.10
2008.01.08 22:02:12.499,1.673,1.6742,7.10,7.10
2008.01.08 22:02:14.048,1.673,1.6742,7.10,7.10
2008.01.08 22:02:15.182,1.673,1.6742,7.10,7.10
2008.01.08 22:02:16.229,1.673,1.6742,7.10,7.10
2008.01.08 22:02:16.650,1.673,1.6742,7.10,7.10
2008.01.08 22:02:17.248,1.673,1.6742,7.10,7.10
2008.01.08 22:02:17.524,1.673,1.6742,7.10,7.10
2008.01.08 22:02:19.050,1.673,1.6742,7.10,7.10
2008.01.08 22:02:21.225,1.673,1.6742,7.10,7.10
2008.01.08 22:02:21.656,1.673,1.6742,7.10,7.10
2008.01.08 22:02:22.587,1.673,1.6742,7.10,7.10
2008.01.08 22:02:24.045,1.673,1.6742,7.10,7.10
2008.01.08 22:02:25.272,1.673,1.6742,7.10,7.10
2008.01.08 22:02:26.266,1.673,1.6742,7.10,7.10
2008.01.08 22:02:26.668,1.673,1.6742,7.10,7.10
2008.01.08 22:02:27.312,1.673,1.6742,7.10,7.10
2008.01.08 22:02:27.618,1.673,1.6742,7.10,7.10
2008.01.08 22:02:27.757,1.6731,1.6743,7.10,7.10
2008.01.08 22:02:28.709,1.673,1.6742,7.10,7.10
2008.01.08 22:02:29.046,1.673,1.6742,7.10,7.10
2008.01.08 22:02:29.449,1.6732,1.6748,7.10,7.10
2008.01.08 22:02:30.495,1.6732,1.6748,7.10,0.90
2008.01.08 22:02:31.225,1.6732,1.6748,7.10,0.80
2008.01.08 22:02:31.706,1.6732,1.6748,7.10,0.80
2008.01.08 22:02:32.731,1.6732,1.675,7.10,8.88
2008.01.08 22:02:34.098,1.6732,1.675,7.10,8.88
2008.01.08 22:02:35.359,1.6732,1.6748,7.10,0.90
2008.01.08 22:02:36.231,1.6732,1.675,7.10,8.88
2008.01.08 22:02:36.725,1.6732,1.675,7.10,8.88
2008.01.08 22:02:37.403,1.6732,1.675,7.10,8.88
2008.01.08 22:02:37.811,1.6732,1.675,7.10,8.88
2008.01.08 22:02:39.109,1.6732,1.6748,7.10,0.50
2008.01.08 22:02:41.237,1.6732,1.6748,7.10,0.60
2008.01.08 22:02:41.676,1.6732,1.6748,7.10,0.80
2008.01.08 22:02:42.886,1.6732,1.675,7.10,8.88
2008.01.08 22:02:44.056,1.6732,1.675,7.10,8.88
2008.01.08 22:02:44.299,1.6733,1.6751,7.10,8.88
2008.01.08 22:02:45.470,1.6733,1.6751,7.10,8.88
2008.01.08 22:02:46.239,1.6733,1.6751,7.10,8.88
2008.01.08 22:02:46.698,1.6733,1.6749,7.10,0.80
2008.01.08 22:02:47.496,1.6733,1.6751,7.10,8.88
2008.01.08 22:02:47.878,1.6733,1.6749,7.10,0.50
2008.01.08 22:02:49.066,1.6733,1.6751,7.10,8.88
2008.01.08 22:02:51.249,1.6733,1.6751,7.10,8.88
2008.01.08 22:02:51.710,1.6733,1.6749,7.10,0.60
2008.01.08 22:02:52.917,1.6733,1.6749,7.10,0.90
2008.01.08 22:02:54.074,1.6733,1.6749,7.10,0.50
2008.01.08 22:02:55.544,1.6733,1.6751,7.10,8.88
2008.01.08 22:02:56.243,1.6733,1.6751,7.10,8.88
2008.01.08 22:02:56.726,1.6733,1.6751,7.10,8.88
2008.01.08 22:02:57.010,1.6731,1.6745,7.10,8.88
2008.01.08 22:02:57.597,1.6731,1.6743,7.10,0.70
2008.01.08 22:02:57.836,1.673,1.6744,7.10,8.88
2008.01.08 22:02:59.071,1.673,1.6744,7.10,8.88
2008.01.08 22:03:00.253,1.6731,1.6743,7.10,7.10
2008.01.08 22:03:01.285,1.6731,1.6743,7.10,7.10
2008.01.08 22:03:01.718,1.6731,1.6743,7.10,7.10
2008.01.08 22:03:03.009,1.6731,1.6743,7.10,7.10
2008.01.08 22:03:04.070,1.6731,1.6743,7.10,7.10
2008.01.08 22:03:04.604,1.6731,1.6743,1.90,7.10
2008.01.08 22:03:05.710,1.6731,1.6743,3.50,7.10
2008.01.08 22:03:06.287,1.6731,1.6743,2.20,7.10
2008.01.08 22:03:06.726,1.6731,1.6743,3.40,7.10
2008.01.08 22:03:07.683,1.6731,1.6743,1.10,7.10
2008.01.08 22:03:08.039,1.6731,1.6743,3.90,7.10
2008.01.08 22:03:09.073,1.6731,1.6743,1.10,7.10
2008.01.08 22:03:11.332,1.6731,1.6743,1.10,7.10
2008.01.08 22:03:11.735,1.6731,1.6743,1.50,7.10
2008.01.08 22:03:13.072,1.6731,1.6743,1.10,7.10
2008.01.08 22:03:14.085,1.6731,1.6743,2.80,7.10
2008.01.08 22:03:15.820,1.6731,1.6743,3.20,7.10
2008.01.08 22:03:16.303,1.6731,1.6743,0.50,7.10
2008.01.08 22:03:16.742,1.6731,1.6743,2.10,7.10
2008.01.08 22:03:17.786,1.6731,1.6743,2.60,7.10
2008.01.08 22:03:18.090,1.6731,1.6743,1.80,7.10
2008.01.08 22:03:19.084,1.6731,1.6743,2.00,7.10
2008.01.08 22:03:21.299,1.6731,1.6743,3.40,7.10
2008.01.08 22:03:21.756,1.6731,1.6743,1.10,7.10
2008.01.08 22:03:23.109,1.6731,1.6743,2.30,7.10
2008.01.08 22:03:24.091,1.6731,1.6743,2.90,7.10
2008.01.08 22:03:25.893,1.6731,1.6743,2.30,7.10
2008.01.08 22:03:26.302,1.6731,1.6743,2.80,7.10
2008.01.08 22:03:26.804,1.6731,1.6743,3.90,7.10
2008.01.08 22:03:27.877,1.6731,1.6743,0.70,7.10
2008.01.08 22:03:28.143,1.6731,1.6743,2.90,7.10
2008.01.08 22:03:29.145,1.6731,1.6743,3.70,7.10
2008.01.08 22:03:35.012,1.6733,1.6745,7.10,0.50
2008.01.08 22:03:35.975,1.6733,1.6747,7.10,8.88
2008.01.08 22:03:36.293,1.6733,1.6745,7.10,0.50
2008.01.08 22:03:36.776,1.6733,1.6745,7.10,0.80
2008.01.08 22:03:37.974,1.6733,1.6747,7.10,8.88
2008.01.08 22:03:38.197,1.6733,1.6747,7.10,8.88
2008.01.08 22:03:39.095,1.6733,1.6747,7.10,8.88
2008.01.08 22:03:41.307,1.6733,1.6747,7.10,8.88
2008.01.08 22:03:41.664,1.6732,1.6746,7.10,8.88
2008.01.08 22:03:41.790,1.6732,1.6746,7.10,8.88
2008.01.08 22:03:42.077,1.6734,1.6748,7.10,8.88
2008.01.08 22:03:43.231,1.6734,1.6748,7.10,8.88
2008.01.08 22:03:44.104,1.6734,1.6748,7.10,8.88
2008.01.08 22:03:46.091,1.6734,1.6748,7.10,8.88
2008.01.08 22:03:46.315,1.6734,1.6748,7.10,8.88
2008.01.08 22:03:46.796,1.6734,1.6746,7.10,0.50
2008.01.08 22:03:48.074,1.6734,1.6748,7.10,8.88
2008.01.08 22:03:49.103,1.6734,1.6748,7.10,8.88
2008.01.08 22:03:51.307,1.6734,1.6746,7.10,0.60
2008.01.08 22:03:51.799,1.6734,1.6748,7.10,8.88
2008.01.08 22:03:53.077,1.6732,1.6746,7.10,8.88
2008.01.08 22:03:54.109,1.6732,1.6744,7.10,0.70
2008.01.08 22:03:56.175,1.6732,1.6744,7.10,0.90
2008.01.08 22:03:56.313,1.6732,1.6744,7.10,0.90
2008.01.08 22:03:56.602,1.6733,1.6747,7.10,8.88
2008.01.08 22:03:57.121,1.6731,1.6745,7.10,8.88
2008.01.08 22:03:58.160,1.6731,1.6745,7.10,8.88
2008.01.08 22:03:58.339,1.6731,1.6743,7.10,0.50
2008.01.08 22:03:59.148,1.6731,1.6743,7.10,0.90
2008.01.08 22:04:01.314,1.6731,1.6745,7.10,8.88
2008.01.08 22:04:01.821,1.6731,1.6743,7.10,0.70
2008.01.08 22:04:02.629,1.673,1.6744,7.10,8.88
2008.01.08 22:04:03.368,1.673,1.6742,7.10,0.90
2008.01.08 22:04:04.110,1.673,1.6742,7.10,0.70
2008.01.08 22:04:06.262,1.673,1.6744,7.10,8.88
2008.01.08 22:04:06.825,1.673,1.6742,7.10,0.70
2008.01.08 22:04:07.617,1.6728,1.6742,7.10,8.88
2008.01.08 22:04:08.258,1.6728,1.674,7.10,0.80
2008.01.08 22:04:09.113,1.6728,1.674,7.10,0.60
2008.01.08 22:04:11.322,1.6728,1.6742,7.10,8.88
2008.01.08 22:04:11.849,1.6728,1.6742,7.10,8.88
2008.01.08 22:04:13.429,1.6728,1.674,7.10,0.70
2008.01.08 22:04:14.143,1.6728,1.6742,7.10,8.88
2008.01.08 22:04:16.310,1.6728,1.674,7.10,0.60
2008.01.08 22:04:16.848,1.6728,1.674,7.10,0.60
2008.01.08 22:04:18.345,1.6728,1.6742,7.10,8.88
2008.01.08 22:04:18.456,1.6728,1.674,7.10,0.50
2008.01.08 22:04:19.121,1.6728,1.6742,7.10,8.88
2008.01.08 22:04:21.322,1.6728,1.6742,7.10,8.88
2008.01.08 22:04:21.859,1.6728,1.674,7.10,0.70
2008.01.08 22:04:22.356,1.6726,1.674,7.10,8.88
2008.01.08 22:04:23.477,1.6726,1.674,7.10,8.88
2008.01.08 22:04:24.104,1.6726,1.6738,7.10,0.90
2008.01.08 22:04:25.694,1.6725,1.6739,7.10,8.88
2008.01.08 22:04:26.321,1.6725,1.6739,7.10,8.88
2008.01.08 22:04:26.455,1.6725,1.6737,7.10,0.80
2008.01.08 22:04:26.795,1.6725,1.6737,0.50,0.80
2008.01.08 22:04:26.867,1.6725,1.6737,0.70,0.50
2008.01.08 22:04:28.491,1.6725,1.6737,0.60,0.80
2008.01.08 22:04:28.722,1.6726,1.6738,0.50,0.60
2008.01.08 22:04:29.169,1.6726,1.6738,0.90,0.60
2008.01.08 22:04:31.350,1.6726,1.6738,0.90,7.10
2008.01.08 22:04:31.921,1.6726,1.6738,1.80,7.10
2008.01.08 22:04:33.561,1.6726,1.6738,3.90,7.10
2008.01.08 22:04:34.119,1.6726,1.6738,3.60,7.10
2008.01.08 22:04:36.322,1.6726,1.6738,3.80,7.10
2008.01.08 22:04:36.561,1.6726,1.6738,3.90,7.10
2008.01.08 22:04:36.928,1.6726,1.6738,2.40,7.10
2008.01.08 22:04:38.537,1.6726,1.6738,0.90,7.10
2008.01.08 22:04:39.128,1.6726,1.6738,3.80,7.10
2008.01.08 22:04:41.325,1.6726,1.6738,1.00,7.10
2008.01.08 22:04:41.899,1.6726,1.6738,1.90,7.10
2008.01.08 22:04:43.604,1.6726,1.6738,2.20,7.10
2008.01.08 22:04:44.173,1.6726,1.6738,2.20,7.10
2008.01.08 22:04:46.379,1.6726,1.6738,3.60,7.10
2008.01.08 22:04:46.655,1.6726,1.6738,2.30,7.10
2008.01.08 22:04:46.896,1.6726,1.6738,3.90,7.10
2008.01.08 22:04:48.628,1.6726,1.6738,3.00,7.10
2008.01.08 22:04:49.133,1.6726,1.6738,3.40,7.10
2008.01.08 22:04:51.331,1.6726,1.6738,0.70,7.10
2008.01.08 22:04:51.919,1.6726,1.6738,1.30,7.10
2008.01.08 22:04:53.706,1.6726,1.6738,2.00,7.10
2008.01.08 22:04:54.121,1.6726,1.6738,1.00,7.10
2008.01.08 22:04:56.333,1.6726,1.6738,7.10,7.10
2008.01.08 22:04:56.750,1.6726,1.6738,7.10,7.10
2008.01.08 22:04:56.955,1.6726,1.6738,7.10,7.10
2008.01.08 22:04:58.679,1.6726,1.6738,7.10,7.10
2008.01.08 22:05:10.322,1.6724,1.6736,7.10,7.10
2008.01.08 22:05:11.347,1.6724,1.6736,7.10,7.10
2008.01.08 22:05:11.946,1.6724,1.6736,7.10,7.10
2008.01.08 22:05:12.683,1.6724,1.6736,7.10,7.10
2008.01.08 22:05:12.921,1.6723,1.6735,7.10,7.10
2008.01.08 22:05:13.795,1.6723,1.6735,7.10,7.10
2008.01.08 22:05:14.137,1.6723,1.6735,7.10,7.10
2008.01.08 22:05:16.342,1.6723,1.6735,7.10,7.10
2008.01.08 22:05:16.936,1.6723,1.6735,7.10,7.10
2008.01.08 22:05:18.924,1.6723,1.6735,7.10,7.10
2008.01.08 22:05:19.140,1.6723,1.6735,7.10,7.10
2008.01.08 22:05:19.747,1.6723,1.6735,7.10,7.10
2008.01.08 22:05:20.082,1.6725,1.6737,7.10,7.10
2008.01.08 22:05:21.333,1.6725,1.6737,7.10,7.10
2008.01.08 22:05:21.976,1.6725,1.6737,7.10,7.10
2008.01.08 22:05:23.169,1.6725,1.6737,7.10,7.10
2008.01.08 22:05:23.890,1.6725,1.6737,7.10,7.10
2008.01.08 22:05:24.099,1.6725,1.6737,7.10,7.10
2008.01.08 22:05:26.185,1.6725,1.6737,7.10,7.10
2008.01.08 22:05:26.340,1.6725,1.6737,7.10,7.10
2008.01.08 22:05:27.016,1.6725,1.6737,7.10,7.10
2008.01.08 22:05:28.930,1.6725,1.6737,7.10,7.10
2008.01.08 22:05:29.028,1.6725,1.6737,7.10,7.10
2008.01.08 22:05:29.185,1.6725,1.6737,7.10,7.10
2008.01.08 22:05:30.986,1.6725,1.6737,7.10,0.90
2008.01.08 22:05:31.339,1.6725,1.6737,7.10,7.10
2008.01.08 22:05:32.026,1.6725,1.6737,7.10,7.10
2008.01.08 22:05:33.952,1.6725,1.6737,7.10,7.10
2008.01.08 22:05:34.150,1.6725,1.6737,7.10,7.10
2008.01.08 22:05:36.346,1.6725,1.6737,7.10,7.10
2008.01.08 22:05:36.991,1.6725,1.6737,7.10,7.10
2008.01.08 22:05:37.173,1.6725,1.6737,7.10,7.10
2008.01.08 22:05:38.957,1.6725,1.6737,7.10,7.10
2008.01.08 22:05:39.108,1.6725,1.6737,7.10,7.10
2008.01.08 22:05:39.205,1.6725,1.6737,7.10,7.10
2008.01.08 22:05:39.275,1.6726,1.6738,7.10,7.10
2008.01.08 22:05:41.391,1.6726,1.6738,7.10,7.10
2008.01.08 22:05:41.642,1.6726,1.6738,7.10,7.10
2008.01.08 22:05:41.764,1.6725,1.6737,7.10,7.10
2008.01.08 22:05:42.006,1.6725,1.6737,7.10,7.10
2008.01.08 22:05:43.666,1.6725,1.6737,7.10,7.10
2008.01.08 22:05:44.005,1.6725,1.6737,7.10,7.10
2008.01.08 22:05:44.153,1.6725,1.6737,7.10,7.10
2008.01.08 22:05:44.609,1.6725,1.6737,7.10,7.10
2008.01.08 22:05:44.762,1.6726,1.6738,7.10,7.10
2008.01.08 22:05:46.101,1.6726,1.6738,7.10,7.10
2008.01.08 22:05:46.238,1.6725,1.6737,7.10,7.10
2008.01.08 22:05:46.349,1.6725,1.6737,7.10,7.10
2008.01.08 22:05:47.019,1.6725,1.6737,7.10,7.10
2008.01.08 22:05:47.255,1.6725,1.6737,7.10,7.10
2008.01.08 22:05:48.600,1.6725,1.6737,7.10,7.10
2008.01.08 22:05:48.737,1.6726,1.6738,7.10,7.10
2008.01.08 22:05:49.016,1.6726,1.6738,7.10,7.10
2008.01.08 22:05:49.206,1.6726,1.6738,7.10,7.10
2008.01.08 22:05:51.354,1.6726,1.6738,7.10,7.10
2008.01.08 22:05:52.011,1.6726,1.6738,7.10,7.10
2008.01.08 22:05:54.055,1.6726,1.6738,7.10,7.10
2008.01.08 22:05:54.162,1.6726,1.6738,7.10,7.10
2008.01.08 22:05:56.369,1.6726,1.6738,7.10,7.10
2008.01.08 22:05:57.074,1.6726,1.6738,7.10,7.10
2008.01.08 22:05:57.354,1.6726,1.6738,7.10,7.10
2008.01.08 22:05:58.874,1.6726,1.6738,7.10,7.10
2008.01.08 22:05:59.071,1.6726,1.6738,7.10,7.10
2008.01.08 22:05:59.223,1.6725,1.6737,7.10,7.10
2008.01.08 22:06:01.366,1.6725,1.6737,7.10,7.10
2008.01.08 22:06:02.034,1.6725,1.6737,7.10,7.10
2008.01.08 22:06:04.107,1.6725,1.6737,7.10,7.10
2008.01.08 22:06:06.408,1.6725,1.6737,7.10,7.10
2008.01.08 22:06:06.755,1.6725,1.6737,7.10,7.10
2008.01.08 22:06:07.015,1.6722,1.6732,1.60,1.60
2008.01.08 22:06:07.432,1.6722,1.6732,1.60,1.60
2008.01.08 22:06:09.178,1.6722,1.6732,1.60,1.60
2008.01.08 22:06:09.409,1.6722,1.6732,1.60,1.60
2008.01.08 22:06:11.403,1.6722,1.6732,1.60,1.60
2008.01.08 22:06:12.059,1.6722,1.6732,1.60,1.60
2008.01.08 22:06:13.827,1.6722,1.6732,1.60,1.60
2008.01.08 22:06:13.922,1.6723,1.6732,7.10,1.60
2008.01.08 22:06:14.161,1.6723,1.6732,7.10,1.60
2008.01.08 22:06:14.239,1.6723,1.6732,7.10,1.60
2008.01.08 22:06:14.466,1.6723,1.6733,8.70,1.60
2008.01.08 22:06:16.462,1.6723,1.6733,8.70,1.60
2008.01.08 22:06:17.060,1.6723,1.6733,8.70,1.60
2008.01.08 22:06:17.529,1.6723,1.6733,8.70,1.60
2008.01.08 22:06:19.219,1.6723,1.6733,8.70,1.60
2008.01.08 22:06:19.502,1.6723,1.6733,8.70,1.60
2008.01.08 22:06:21.424,1.6723,1.6733,8.70,1.60
2008.01.08 22:06:22.058,1.6723,1.6733,8.70,1.60
2008.01.08 22:06:24.174,1.6723,1.6733,8.70,1.60
2008.01.08 22:06:24.332,1.6723,1.6733,8.70,1.60
2008.01.08 22:06:26.076,1.6723,1.6733,8.70,1.60
2008.01.08 22:06:26.412,1.6723,1.6733,8.70,1.60
2008.01.08 22:06:27.120,1.6723,1.6733,8.70,1.60
2008.01.08 22:06:27.623,1.6723,1.6733,8.70,1.60
2008.01.08 22:06:29.184,1.6723,1.6733,8.70,1.60
2008.01.08 22:06:29.287,1.6719,1.6733,12.70,1.60
2008.01.08 22:06:29.418,1.6723,1.6733,8.70,1.60
2008.01.08 22:06:29.599,1.6723,1.6733,8.70,1.60
2008.01.08 22:06:31.411,1.6723,1.6733,8.70,1.60
2008.01.08 22:06:32.086,1.6723,1.6733,8.70,1.60
2008.01.08 22:06:34.207,1.6723,1.6733,8.70,1.60
2008.01.08 22:06:34.497,1.6723,1.6733,8.70,1.60
2008.01.08 22:06:36.414,1.6723,1.6733,8.70,1.60
2008.01.08 22:06:37.095,1.6723,1.6733,8.70,1.60
2008.01.08 22:06:37.714,1.6723,1.6733,8.70,1.60
2008.01.08 22:06:39.176,1.6723,1.6733,8.70,1.60
2008.01.08 22:06:39.530,1.6723,1.6733,8.70,1.60
2008.01.08 22:06:41.441,1.6723,1.6733,8.70,1.60
2008.01.08 22:06:42.111,1.6723,1.6733,8.70,1.60
2008.01.08 22:06:44.229,1.6723,1.6733,8.70,1.60
2008.01.08 22:06:51.715,1.6723,1.6733,8.30,1.20
2008.01.08 22:06:51.936,1.6723,1.6735,7.10,8.30
2008.01.08 22:06:52.131,1.6723,1.6735,7.10,8.30
2008.01.08 22:06:52.503,1.6721,1.6733,7.10,7.10
2008.01.08 22:06:53.672,1.6721,1.6733,7.10,7.10
2008.01.08 22:06:54.087,1.6721,1.6733,7.10,7.10
2008.01.08 22:06:54.692,1.6721,1.6733,7.10,7.10
2008.01.08 22:06:54.919,1.6721,1.6733,7.10,7.10
2008.01.08 22:06:56.416,1.6721,1.6733,7.10,7.10
2008.01.08 22:06:56.689,1.6721,1.6733,8.30,7.10
2008.01.08 22:06:57.136,1.6721,1.6733,8.30,7.10
2008.01.08 22:06:57.907,1.6721,1.6733,8.30,7.10
2008.01.08 22:06:59.192,1.6721,1.6733,8.30,7.10
2008.01.08 22:06:59.756,1.6721,1.6733,8.30,7.10
2008.01.08 22:06:59.915,1.6721,1.6733,8.30,7.10
2008.01.08 22:07:01.474,1.6721,1.6733,8.30,7.10
2008.01.08 22:07:02.144,1.6721,1.6733,8.30,7.10
2008.01.08 22:07:04.243,1.6721,1.6733,8.30,7.10
2008.01.08 22:07:04.793,1.6721,1.6733,8.30,7.10
2008.01.08 22:07:06.429,1.6721,1.6733,8.30,7.10
2008.01.08 22:07:07.161,1.6721,1.6733,8.30,7.10
2008.01.08 22:07:08.044,1.6721,1.6733,8.30,7.10
2008.01.08 22:07:09.184,1.6721,1.6733,8.30,7.10
2008.01.08 22:07:09.605,1.6721,1.6733,8.30,7.10
2008.01.08 22:07:09.833,1.6721,1.6733,8.30,7.10
2008.01.08 22:07:11.472,1.6721,1.6733,8.30,7.10
2008.01.08 22:07:12.160,1.6721,1.6733,8.30,7.10
2008.01.08 22:07:14.194,1.6721,1.6733,8.30,7.10
2008.01.08 22:07:14.903,1.6721,1.6733,8.30,7.10
2008.01.08 22:07:15.935,1.6721,1.6733,8.30,7.10
2008.01.08 22:07:16.061,1.6723,1.6735,7.10,8.30
2008.01.08 22:07:16.489,1.6723,1.6735,7.10,8.30
2008.01.08 22:07:17.188,1.6723,1.6735,7.10,8.30
2008.01.08 22:07:18.144,1.6723,1.6735,7.10,8.30
2008.01.08 22:07:18.484,1.6723,1.6735,7.10,8.30
2008.01.08 22:07:18.591,1.6723,1.6734,7.10,1.20
2008.01.08 22:07:18.700,1.6721,1.6733,7.10,7.10
2008.01.08 22:07:19.117,1.6721,1.6733,7.10,7.10
2008.01.08 22:07:19.350,1.6722,1.6734,7.10,8.30
2008.01.08 22:07:19.986,1.6722,1.6734,7.10,8.30
2008.01.08 22:07:20.389,1.6722,1.67365,7.10,8.70
2008.01.08 22:07:20.980,1.6722,1.6736,7.10,8.70
2008.01.08 22:07:21.229,1.6722,1.6734,7.10,8.30
2008.01.08 22:07:22.180,1.6722,1.6734,7.10,8.30
2008.01.08 22:07:24.203,1.6722,1.6733,7.10,0.60
2008.01.08 22:07:24.918,1.6722,1.6733,7.10,0.90
2008.01.08 22:07:25.252,1.6724,1.6734,7.10,0.90
2008.01.08 22:07:26.485,1.6724,1.6736,7.10,8.30
2008.01.08 22:07:27.177,1.6724,1.6736,7.10,8.30
2008.01.08 22:07:28.187,1.6724,1.6734,7.10,0.50
2008.01.08 22:07:29.262,1.6724,1.6736,7.10,8.30
2008.01.08 22:07:30.001,1.6724,1.6736,7.10,8.60
2008.01.08 22:07:30.135,1.6722,1.6734,7.10,8.30
2008.01.08 22:07:31.441,1.6722,1.6734,7.10,8.30
2008.01.08 22:07:32.205,1.6722,1.6734,7.10,8.30
2008.01.08 22:07:33.530,1.6722,1.6734,7.10,8.30
2008.01.08 22:07:33.960,1.6722,1.6734,7.10,8.60
2008.01.08 22:07:34.046,1.6719,1.673,7.10,0.80
2008.01.08 22:07:34.259,1.6719,1.6731,7.10,8.30
2008.01.08 22:07:35.019,1.6719,1.6731,7.10,8.30
2008.01.08 22:07:35.336,1.6719,1.6731,7.10,0.50
2008.01.08 22:07:36.437,1.6719,1.6735,7.10,12.60
2008.01.08 22:07:37.197,1.6719,1.6735,7.10,12.60
2008.01.08 22:07:38.289,1.6719,1.6735,7.10,12.60
2008.01.08 22:07:38.483,1.6719,1.6731,0.80,0.80
2008.01.08 22:07:38.657,1.6722,1.6732,0.60,0.50
2008.01.08 22:07:39.323,1.6717,1.6734,12.50,8.30
2008.01.08 22:07:40.184,1.6717,1.6734,12.50,8.30
2008.01.08 22:07:41.453,1.6717,1.6734,12.50,8.30
2008.01.08 22:07:42.215,1.6717,1.6734,12.50,8.30
2008.01.08 22:07:44.272,1.6717,1.6734,12.50,8.30
2008.01.08 22:07:45.216,1.6722,1.6732,0.80,0.90
2008.01.08 22:07:46.443,1.6717,1.6734,12.50,8.30
2008.01.08 22:07:47.222,1.6717,1.6734,12.50,8.30
2008.01.08 22:07:48.372,1.6722,1.6732,0.80,0.90
2008.01.08 22:07:49.268,1.6722,1.6732,0.90,1.20
2008.01.08 22:07:50.350,1.6722,1.6732,2.40,1.20
2008.01.08 22:07:51.485,1.6717,1.6732,12.50,1.20
2008.01.08 22:07:52.266,1.6722,1.6732,0.60,1.20
2008.01.08 22:07:54.311,1.6722,1.6732,3.30,1.20
2008.01.08 22:07:55.332,1.6717,1.6732,12.50,1.20
2008.01.08 22:07:56.458,1.6722,1.6732,0.70,1.20
2008.01.08 22:07:57.229,1.6717,1.6732,12.50,1.20
2008.01.08 22:07:58.476,1.6717,1.6732,12.50,1.20
2008.01.08 22:07:59.280,1.6717,1.6732,12.50,1.20
2008.01.08 22:08:00.360,1.6717,1.6732,12.50,1.20
2008.01.08 22:08:01.452,1.6717,1.6732,12.50,1.20
2008.01.08 22:08:02.236,1.6717,1.6732,12.50,1.20
2008.01.08 22:08:04.155,1.6717,1.6732,12.30,1.20
2008.01.08 22:08:04.253,1.6721,1.6732,2.00,1.20
2008.01.08 22:08:05.432,1.6721,1.6732,3.20,1.20
2008.01.08 22:08:06.462,1.6717,1.6732,8.30,1.20
2008.01.08 22:08:07.245,1.6721,1.6732,7.10,1.20
2008.01.08 22:08:08.571,1.6721,1.6732,7.10,1.20
2008.01.08 22:08:09.273,1.6721,1.6732,7.10,1.20
2008.01.08 22:08:10.477,1.6721,1.6732,7.10,1.20
2008.01.08 22:08:11.503,1.6721,1.6732,7.10,1.20
2008.01.08 22:08:11.667,1.6721,1.6732,7.10,1.20
2008.01.08 22:08:12.257,1.6721,1.6732,7.10,1.20
2008.01.08 22:08:14.118,1.6721,1.6732,7.10,1.20
2008.01.08 22:08:14.271,1.6721,1.6732,7.10,1.20
2008.01.08 22:08:15.548,1.6721,1.6732,7.10,1.20
2008.01.08 22:08:16.461,1.6721,1.6732,7.10,1.20
2008.01.08 22:08:17.267,1.6721,1.6732,7.10,1.20
2008.01.08 22:08:18.694,1.6721,1.6732,7.10,1.20
2008.01.08 22:08:19.341,1.6721,1.6732,7.10,1.20
2008.01.08 22:08:20.576,1.6721,1.6732,7.10,1.20
2008.01.08 22:08:21.453,1.6721,1.6732,7.10,1.20
2008.01.08 22:08:23.718,1.6721,1.6732,7.10,1.20
2008.01.08 22:08:24.410,1.6721,1.6732,7.10,1.20
2008.01.08 22:08:25.598,1.6721,1.6732,7.10,1.20
2008.01.08 22:08:26.509,1.6721,1.6732,7.10,1.20
2008.01.08 22:08:27.287,1.6721,1.6732,7.10,1.20
2008.01.08 22:08:28.759,1.6721,1.6732,7.10,1.20
2008.01.08 22:08:29.284,1.6721,1.6732,7.10,1.20
2008.01.08 22:08:30.620,1.6721,1.6732,7.10,1.20
2008.01.08 22:08:31.461,1.6721,1.6732,7.10,1.20
2008.01.08 22:08:32.298,1.6721,1.6732,7.10,1.20
2008.01.08 22:08:33.738,1.6721,1.6732,3.40,1.20
2008.01.08 22:08:34.058,1.6721,1.6732,2.00,1.20
2008.01.08 22:08:34.271,1.6718,1.6733,8.30,8.30
2008.01.08 22:08:35.651,1.6721,1.6733,2.30,8.30
2008.01.08 22:08:36.510,1.6718,1.6733,8.30,8.30
2008.01.08 22:08:37.341,1.6718,1.6733,8.30,8.30
2008.01.08 22:08:38.844,1.6718,1.6733,8.30,8.30
2008.01.08 22:08:39.285,1.6718,1.6733,8.30,8.30
2008.01.08 22:08:40.685,1.6718,1.6733,8.30,8.30
2008.01.08 22:08:40.836,1.6718,1.6733,8.30,8.30
2008.01.08 22:08:41.509,1.6721,1.6733,1.00,8.30
2008.01.08 22:08:42.311,1.6718,1.6733,8.30,8.30
2008.01.08 22:08:43.603,1.6718,1.6733,8.30,8.30
2008.01.08 22:08:43.730,1.6717,1.6732,8.30,1.20
2008.01.08 22:08:44.294,1.6717,1.6732,8.30,1.20
2008.01.08 22:08:45.759,1.6717,1.6732,8.30,1.20
2008.01.08 22:08:46.469,1.6721,1.6732,2.90,1.20
2008.01.08 22:08:47.315,1.6721,1.6732,0.90,1.20
2008.01.08 22:08:48.991,1.6721,1.6732,0.90,1.20
2008.01.08 22:08:49.292,1.6717,1.6732,8.30,1.20
2008.01.08 22:08:50.778,1.6721,1.6732,3.70,1.20
2008.01.08 22:08:50.919,1.6721,1.6732,0.80,1.20
2008.01.08 22:08:51.469,1.6721,1.6732,1.00,1.20
2008.01.08 22:08:52.324,1.6717,1.6732,8.30,1.20
2008.01.08 22:08:54.346,1.6721,1.6732,1.20,1.20
2008.01.08 22:08:55.808,1.6717,1.6732,8.30,1.20
2008.01.08 22:08:56.516,1.6721,1.6732,1.30,1.20
2008.01.08 22:08:57.343,1.6721,1.6732,0.70,1.20
2008.01.08 22:08:59.036,1.6721,1.6732,3.90,1.20
2008.01.08 22:08:59.193,1.6721,1.6733,0.80,8.30
2008.01.08 22:09:00.098,1.6718,1.6733,8.30,8.30
2008.01.08 22:09:00.413,1.6717,1.6732,12.30,1.20
2008.01.08 22:09:00.832,1.6717,1.6732,12.30,1.20
2008.01.08 22:09:01.476,1.6717,1.6732,12.30,1.20
2008.01.08 22:09:02.173,1.6721,1.6732,2.40,1.20
2008.01.08 22:09:02.316,1.6718,1.6733,8.30,8.30
2008.01.08 22:09:04.301,1.6721,1.6733,7.10,8.30
2008.01.08 22:09:05.601,1.6721,1.6733,7.10,8.30
2008.01.08 22:09:05.855,1.6721,1.6733,7.10,8.30
2008.01.08 22:09:06.474,1.6721,1.6733,7.10,8.30
2008.01.08 22:09:07.366,1.6721,1.6733,7.10,8.30
2008.01.08 22:09:08.964,1.6721,1.6733,7.10,8.30
2008.01.08 22:09:09.135,1.6721,1.6733,7.10,8.30
2008.01.08 22:09:09.266,1.6722,1.6733,7.10,1.20
2008.01.08 22:09:09.946,1.6722,1.6734,7.10,8.30
2008.01.08 22:09:10.882,1.6722,1.6734,7.10,8.30
2008.01.08 22:09:11.108,1.6722,1.6734,7.10,8.30
2008.01.08 22:09:11.575,1.6722,1.6734,7.10,8.30
2008.01.08 22:09:11.844,1.6722,1.67365,7.10,8.70
2008.01.08 22:09:12.404,1.6722,1.67365,7.10,8.70
2008.01.08 22:09:14.307,1.6722,1.6734,7.10,0.80
2008.01.08 22:09:15.966,1.6722,1.67365,7.10,8.70
2008.01.08 22:09:16.575,1.6722,1.6734,7.10,0.50
2008.01.08 22:09:17.384,1.6722,1.6734,7.10,0.50
2008.01.08 22:09:19.276,1.6722,1.67365,7.10,8.70
2008.01.08 22:09:20.989,1.6722,1.6734,7.10,0.80
2008.01.08 22:09:21.204,1.6722,1.6734,7.10,0.50
2008.01.08 22:09:21.537,1.6722,1.67365,7.10,8.70
2008.01.08 22:09:22.380,1.6722,1.6734,7.10,0.60
2008.01.08 22:09:24.319,1.6722,1.67365,7.10,8.70
2008.01.08 22:09:26.018,1.6722,1.67365,7.10,8.70
2008.01.08 22:09:26.532,1.6722,1.6734,7.10,0.70
2008.01.08 22:09:27.390,1.6722,1.6734,7.10,0.50
2008.01.08 22:09:29.318,1.6722,1.67365,7.10,8.70
2008.01.08 22:09:29.681,1.6722,1.6736,7.10,8.70
2008.01.08 22:09:29.752,1.6721,1.6736,7.10,8.70
2008.01.08 22:09:31.042,1.6721,1.6736,7.10,8.70
2008.01.08 22:09:31.299,1.6721,1.6733,7.10,0.80
2008.01.08 22:09:31.526,1.6721,1.6733,7.10,0.90
2008.01.08 22:09:32.434,1.6721,1.6736,7.10,8.70
2008.01.08 22:09:34.321,1.6721,1.6733,7.10,0.80
2008.01.08 22:09:36.062,1.6721,1.6733,7.10,0.50
2008.01.08 22:09:36.533,1.6721,1.6736,7.10,8.70
2008.01.08 22:09:37.411,1.6721,1.6733,7.10,0.70
2008.01.08 22:09:39.312,1.6721,1.6736,7.10,8.70
2008.01.08 22:09:39.432,1.6721,1.6736,7.10,8.70
2008.01.08 22:09:41.091,1.6721,1.6733,7.10,8.30
2008.01.08 22:09:41.390,1.6721,1.6733,7.10,8.30
2008.01.08 22:09:41.542,1.6721,1.6733,7.10,8.30
2008.01.08 22:09:42.415,1.6721,1.6733,7.10,8.30
2008.01.08 22:09:44.352,1.6721,1.6733,7.10,8.30
2008.01.08 22:09:46.164,1.6721,1.6733,7.10,8.30
2008.01.08 22:09:46.577,1.6721,1.6733,7.10,8.30
2008.01.08 22:09:47.422,1.6721,1.6733,7.10,8.30
2008.01.08 22:09:49.325,1.6721,1.6733,7.10,8.30
2008.01.08 22:09:49.542,1.6721,1.6733,7.10,8.30
2008.01.08 22:09:51.185,1.6721,1.6733,7.10,8.30
2008.01.08 22:09:51.494,1.6721,1.6733,7.10,8.30
2008.01.08 22:09:52.495,1.6721,1.6733,7.10,8.30
2008.01.08 22:09:53.712,1.6721,1.6733,7.10,8.30
2008.01.08 22:09:53.838,1.6722,1.6733,7.10,1.20
2008.01.08 22:09:54.034,1.6722,1.6734,7.10,8.30
2008.01.08 22:09:54.320,1.6722,1.6734,7.10,8.30
2008.01.08 22:09:56.213,1.6722,1.6734,7.10,8.30
2008.01.08 22:09:56.541,1.6722,1.6734,7.10,8.30
2008.01.08 22:09:57.481,1.6722,1.6734,7.10,8.30
2008.01.08 22:09:59.329,1.6722,1.6734,7.10,8.30
2008.01.08 22:09:59.614,1.6722,1.6734,7.10,8.30
2008.01.08 22:10:01.232,1.6722,1.6734,7.10,8.30
2008.01.08 22:10:01.539,1.6722,1.6734,7.10,8.30
2008.01.08 22:10:02.459,1.6722,1.6734,7.10,8.30
2008.01.08 22:10:02.736,1.6722,1.6734,7.10,8.30
2008.01.08 22:10:03.013,1.6721,1.6733,7.10,7.10
2008.01.08 22:10:04.318,1.6721,1.6733,7.10,7.10
2008.01.08 22:10:06.314,1.6721,1.6733,7.10,7.10
2008.01.08 22:10:06.593,1.6721,1.6733,7.10,7.10
2008.01.08 22:10:07.494,1.6721,1.6733,7.10,7.10
2008.01.08 22:10:09.339,1.6721,1.6733,7.10,7.10
2008.01.08 22:10:09.707,1.6721,1.6733,7.10,7.10
2008.01.08 22:10:11.297,1.6721,1.6733,7.10,7.10
2008.01.08 22:10:11.675,1.6721,1.6733,7.10,7.10
2008.01.08 22:10:12.457,1.6721,1.6733,7.10,7.10
2008.01.08 22:10:14.384,1.6721,1.6733,7.10,7.10
2008.01.08 22:10:15.068,1.6721,1.6734,7.10,8.30
2008.01.08 22:10:16.322,1.6721,1.6733,7.10,7.10
2008.01.08 22:10:16.597,1.6721,1.6733,7.10,7.10
2008.01.08 22:10:17.482,1.6721,1.6733,7.10,7.10
2008.01.08 22:10:17.775,1.6721,1.6733,7.10,7.10
2008.01.08 22:10:18.068,1.6722,1.6734,7.10,8.30
2008.01.08 22:10:19.367,1.6722,1.6734,7.10,8.30
2008.01.08 22:10:19.833,1.6722,1.6734,7.10,8.30
2008.01.08 22:10:21.349,1.6722,1.6734,7.10,8.30
2008.01.08 22:10:21.559,1.6722,1.6734,7.10,8.30
2008.01.08 22:10:21.819,1.6722,1.6734,7.10,8.30
2008.01.08 22:10:22.484,1.6722,1.6734,7.10,8.30
2008.01.08 22:10:24.340,1.6722,1.6734,7.10,8.30
2008.01.08 22:10:26.375,1.6722,1.6734,7.10,8.30
2008.01.08 22:10:26.557,1.6722,1.6734,7.10,8.30
2008.01.08 22:10:27.502,1.6722,1.6734,7.10,8.30
2008.01.08 22:10:27.811,1.6722,1.6733,7.10,1.20
2008.01.08 22:10:27.955,1.6722,1.6733,7.10,1.20
2008.01.08 22:10:28.116,1.6722,1.6733,7.10,1.20
2008.01.08 22:10:28.218,1.6721,1.6733,7.10,8.30
2008.01.08 22:10:29.338,1.6721,1.6733,7.10,8.30
2008.01.08 22:10:29.888,1.6721,1.6733,7.10,8.30
2008.01.08 22:10:31.395,1.6721,1.6733,7.10,8.30
2008.01.08 22:10:31.572,1.6721,1.6733,7.10,8.30
2008.01.08 22:10:31.877,1.6721,1.6733,7.10,8.30
2008.01.08 22:10:32.495,1.6721,1.6733,7.10,8.30
2008.01.08 22:10:34.335,1.6721,1.6733,7.10,8.30
2008.01.08 22:10:36.448,1.6721,1.6733,7.10,8.30
2008.01.08 22:10:36.567,1.6721,1.6733,7.10,8.30
2008.01.08 22:10:37.522,1.6721,1.6733,7.10,8.30
2008.01.08 22:10:39.343,1.6721,1.6733,7.10,8.30
2008.01.08 22:10:39.991,1.6721,1.6733,7.10,8.30
2008.01.08 22:10:41.474,1.6721,1.6733,7.10,8.30
2008.01.08 22:10:41.562,1.6721,1.6733,7.10,8.30
2008.01.08 22:10:41.967,1.6721,1.6733,7.10,8.30
2008.01.08 22:10:42.524,1.6721,1.6733,7.10,8.30
2008.01.08 22:10:44.350,1.6721,1.6733,7.10,8.30
2008.01.08 22:10:46.494,1.6721,1.6733,7.10,8.30
2008.01.08 22:10:46.564,1.6721,1.6733,7.10,8.30
2008.01.08 22:10:47.167,1.6721,1.6733,7.10,0.90
2008.01.08 22:10:47.531,1.6721,1.6733,7.10,0.90
2008.01.08 22:10:48.140,1.6721,1.6736,7.10,12.60
2008.01.08 22:10:49.342,1.6721,1.6736,7.10,12.60
2008.01.08 22:10:50.072,1.6721,1.6736,7.10,12.60
2008.01.08 22:10:51.524,1.6721,1.6736,7.10,12.60
2008.01.08 22:10:52.060,1.6721,1.6736,7.10,12.60
2008.01.08 22:10:52.548,1.6721,1.6733,7.10,0.70
2008.01.08 22:10:53.944,1.6721,1.6733,7.10,0.50
2008.01.08 22:10:54.003,1.6721,1.6734,7.10,8.30
2008.01.08 22:10:54.229,1.6722,1.6734,7.10,0.70
2008.01.08 22:10:54.348,1.6722,1.67365,7.10,8.70
2008.01.08 22:10:56.597,1.6722,1.67365,7.10,8.70
2008.01.08 22:10:57.587,1.6722,1.6734,7.10,0.90
2008.01.08 22:10:58.051,1.6722,1.6734,7.10,8.30
2008.01.08 22:10:59.348,1.6722,1.6734,7.10,8.30
2008.01.08 22:11:00.177,1.6722,1.6734,7.10,8.30
2008.01.08 22:11:01.569,1.6722,1.6734,7.10,8.30
2008.01.08 22:11:01.631,1.6722,1.6734,7.10,8.30
2008.01.08 22:11:02.154,1.6722,1.6733,7.10,0.80
2008.01.08 22:11:02.554,1.6722,1.6734,7.10,8.30
2008.01.08 22:11:04.357,1.6722,1.6733,7.10,0.50
2008.01.08 22:11:06.620,1.6722,1.6733,7.10,0.90
2008.01.08 22:11:07.574,1.6722,1.6734,7.10,8.30
2008.01.08 22:11:09.356,1.6722,1.6734,7.10,8.30
2008.01.08 22:11:10.261,1.6722,1.6733,7.10,0.50
2008.01.08 22:11:11.626,1.6722,1.6734,7.10,8.30
2008.01.08 22:11:12.248,1.6722,1.6733,7.10,0.60
2008.01.08 22:11:12.580,1.6722,1.6734,7.10,8.30
2008.01.08 22:11:14.351,1.6722,1.6733,7.10,0.50
2008.01.08 22:11:16.582,1.6722,1.6734,7.10,8.30
2008.01.08 22:11:16.711,1.6722,1.6733,7.10,0.90
2008.01.08 22:11:17.596,1.6722,1.6733,7.10,0.70
2008.01.08 22:11:19.366,1.6722,1.6734,7.10,8.30
2008.01.08 22:11:20.363,1.6722,1.6734,7.10,8.30
2008.01.08 22:11:21.569,1.6722,1.6733,7.10,0.90
2008.01.08 22:11:21.719,1.6722,1.6733,7.10,0.50
2008.01.08 22:11:22.341,1.6722,1.6733,7.10,0.90
2008.01.08 22:11:22.593,1.6722,1.6734,7.10,8.30
2008.01.08 22:11:22.926,1.6722,1.6734,7.10,8.30
2008.01.08 22:11:23.259,1.6719,1.6735,7.10,12.60
2008.01.08 22:11:24.351,1.6719,1.6735,7.10,12.60
2008.01.08 22:11:26.613,1.6719,1.6735,7.10,12.60
2008.01.08 22:11:26.790,1.6719,1.6735,7.10,12.60
2008.01.08 22:11:27.599,1.6719,1.6731,7.10,0.50
2008.01.08 22:11:29.360,1.6719,1.6735,7.10,12.60
2008.01.08 22:11:30.460,1.6719,1.6735,7.10,12.60
2008.01.08 22:11:31.588,1.6719,1.6735,7.10,12.60
2008.01.08 22:11:31.818,1.6719,1.6735,7.10,12.60
2008.01.08 22:11:32.433,1.6719,1.6731,7.10,0.70
2008.01.08 22:11:32.656,1.6719,1.6735,7.10,12.60
2008.01.08 22:11:34.358,1.6719,1.6731,7.10,0.90
2008.01.08 22:11:36.622,1.6719,1.6731,7.10,8.30
2008.01.08 22:11:36.898,1.6719,1.6731,7.10,8.30
2008.01.08 22:11:37.668,1.6719,1.6731,7.10,8.30
2008.01.08 22:11:39.365,1.6719,1.6731,7.10,8.30
2008.01.08 22:11:40.119,1.6719,1.6731,7.10,8.30
2008.01.08 22:11:40.544,1.6719,1.6731,7.10,8.30
2008.01.08 22:11:41.584,1.6719,1.6731,7.10,8.30
2008.01.08 22:11:41.929,1.6719,1.6731,7.10,8.30
2008.01.08 22:11:42.528,1.6719,1.6731,7.10,8.30
2008.01.08 22:11:43.965,1.6719,1.6731,7.10,8.30
2008.01.08 22:11:44.360,1.6719,1.6731,7.10,8.30
2008.01.08 22:11:46.590,1.6719,1.6731,7.10,8.30
2008.01.08 22:11:46.969,1.6719,1.6731,7.10,8.30
2008.01.08 22:11:47.646,1.6719,1.6731,7.10,8.30
2008.01.08 22:11:49.412,1.6719,1.6731,7.10,8.30
2008.01.08 22:11:50.651,1.6719,1.6731,7.10,8.30
2008.01.08 22:11:51.631,1.6719,1.6731,7.10,8.30
2008.01.08 22:11:52.001,1.6719,1.6731,7.10,8.30
2008.01.08 22:11:52.622,1.6719,1.6731,7.10,8.30
2008.01.08 22:12:02.390,1.6721,1.6726,0.50,0.50
2008.01.08 22:12:02.663,1.6721,1.6726,0.50,0.50
2008.01.08 22:12:02.722,1.6721,1.6726,0.50,0.50
2008.01.08 22:12:04.379,1.6721,1.6726,0.50,0.50
2008.01.08 22:12:06.593,1.6721,1.6726,0.50,0.50
2008.01.08 22:12:07.404,1.6721,1.6726,0.50,0.50
2008.01.08 22:12:09.376,1.6721,1.6726,0.50,0.50
2008.01.08 22:12:10.835,1.6721,1.6726,0.50,0.50
2008.01.08 22:12:11.601,1.6721,1.6726,0.50,0.50
2008.01.08 22:12:12.439,1.6721,1.6726,0.50,0.50
2008.01.08 22:12:12.809,1.6721,1.6726,0.50,0.50
2008.01.08 22:12:14.388,1.6721,1.6726,0.50,0.50
2008.01.08 22:12:17.472,1.6721,1.6726,0.50,0.50
2008.01.08 22:12:17.689,1.6721,1.6726,0.50,0.50
2008.01.08 22:12:19.388,1.6721,1.6726,0.50,0.50
2008.01.08 22:12:20.940,1.6721,1.6726,0.50,0.50
2008.01.08 22:12:22.494,1.6721,1.6726,0.50,0.50
2008.01.08 22:12:22.742,1.6721,1.6726,0.50,0.50
2008.01.08 22:12:24.385,1.6721,1.6726,0.50,0.50
2008.01.08 22:12:25.044,1.6721,1.6726,0.50,0.50
2008.01.08 22:12:25.214,1.6723,1.6728,0.50,0.50
2008.01.08 22:12:27.524,1.6723,1.6728,0.50,0.50
2008.01.08 22:12:29.395,1.6723,1.6728,0.50,0.50
2008.01.08 22:12:31.039,1.6723,1.6728,0.50,0.50
2008.01.08 22:12:32.595,1.6723,1.6728,0.50,0.50
2008.01.08 22:12:34.432,1.6723,1.6728,0.50,0.50
2008.01.08 22:12:37.460,1.6723,1.6729,0.50,1.00
2008.01.08 22:12:37.580,1.6723,1.6728,0.50,0.50
2008.01.08 22:12:37.725,1.6723,1.6728,0.50,0.50
2008.01.08 22:12:39.389,1.6723,1.6729,0.50,1.00
2008.01.08 22:12:41.172,1.6723,1.6728,0.50,0.50
2008.01.08 22:12:42.596,1.6723,1.6729,0.50,1.00
2008.01.08 22:12:44.398,1.6723,1.6729,0.50,1.00
2008.01.08 22:12:49.305,1.6723,1.6728,0.50,0.50
2008.01.08 22:12:49.436,1.6723,1.6729,0.50,1.00
2008.01.08 22:12:51.213,1.6723,1.6729,0.50,1.00
2008.01.08 22:12:52.640,1.6723,1.6729,0.50,1.00
2008.01.08 22:12:55.899,1.6723,1.6728,0.50,0.50
2008.01.08 22:13:16.754,1.6723,1.6732,0.50,1.20
2008.01.08 22:13:16.951,1.6723,1.6732,0.50,0.80
2008.01.08 22:13:17.840,1.6723,1.6732,0.50,0.80
2008.01.08 22:13:19.464,1.6723,1.6737,0.50,1.70
2008.01.08 22:13:20.299,1.6723,1.6733,0.50,0.50
2008.01.08 22:13:21.499,1.6723,1.6733,0.50,0.50
2008.01.08 22:13:22.257,1.6723,1.6729,0.50,1.00
2008.01.08 22:13:22.805,1.6723,1.6729,0.50,1.00
2008.01.08 22:13:24.405,1.6723,1.6729,0.50,1.00
2008.01.08 22:13:27.862,1.6723,1.6729,0.50,1.00
2008.01.08 22:13:29.412,1.6723,1.6729,0.50,1.00
2008.01.08 22:13:31.598,1.6723,1.6729,0.50,1.00
2008.01.08 22:13:32.867,1.6723,1.6728,0.50,0.50
2008.01.08 22:13:32.941,1.6723,1.6729,0.50,1.00
2008.01.08 22:13:34.445,1.6723,1.6729,0.50,1.00
2008.01.08 22:13:35.168,1.6723,1.6728,0.50,0.50
2008.01.08 22:13:35.337,1.6724,1.673,0.50,1.00
2008.01.08 22:13:36.117,1.6724,1.6729,0.50,0.50
2008.01.08 22:13:36.306,1.6723,1.673,0.50,1.00
2008.01.08 22:13:37.135,1.6723,1.673,0.50,1.00
2008.01.08 22:13:37.279,1.6719,1.673,0.50,1.00
2008.01.08 22:13:37.406,1.6719,1.6729,0.50,0.70
2008.01.08 22:13:37.828,1.6719,1.673,0.50,8.00
2008.01.08 22:13:37.972,1.6719,1.673,0.50,8.00
2008.01.08 22:13:39.426,1.6719,1.673,0.50,8.00
2008.01.08 22:13:41.726,1.6719,1.6729,0.50,0.90
2008.01.08 22:13:42.839,1.6719,1.6729,0.50,0.70
2008.01.08 22:13:44.418,1.6719,1.673,0.50,8.00
2008.01.08 22:13:45.797,1.6719,1.6729,0.50,8.00
2008.01.08 22:13:46.726,1.6719,1.6729,0.50,0.80
2008.01.08 22:13:46.970,1.6719,1.673,0.50,8.00
2008.01.08 22:13:47.887,1.6719,1.673,0.50,8.00
2008.01.08 22:13:48.014,1.6719,1.673,0.50,8.00
2008.01.08 22:13:49.424,1.6719,1.673,0.50,8.00
2008.01.08 22:13:51.787,1.6719,1.6729,0.50,0.50
2008.01.08 22:13:52.240,1.6721,1.6729,0.50,0.60
2008.01.08 22:13:52.356,1.6721,1.673,0.50,1.00
2008.01.08 22:13:52.866,1.6721,1.673,0.50,1.00
2008.01.08 22:13:54.425,1.6721,1.673,0.50,1.00
2008.01.08 22:13:54.732,1.6721,1.6729,0.50,1.00
2008.01.08 22:13:57.867,1.6721,1.6729,0.50,1.00
2008.01.08 22:13:58.111,1.6721,1.6729,0.50,1.00
2008.01.08 22:13:58.665,1.6721,1.6729,0.50,1.00
2008.01.08 22:13:58.745,1.6721,1.673,0.50,1.30
2008.01.08 22:13:59.078,1.6722,1.6729,0.50,0.50
2008.01.08 22:13:59.424,1.6722,1.6729,0.50,0.50
2008.01.08 22:14:01.879,1.6722,1.673,0.50,1.00
2008.01.08 22:14:02.916,1.6722,1.673,0.50,1.00
2008.01.08 22:14:03.150,1.6722,1.673,0.50,1.00
2008.01.08 22:14:03.842,1.6722,1.673,0.50,1.00
2008.01.08 22:14:04.280,1.6721,1.6729,0.50,0.50
2008.01.08 22:14:07.920,1.6721,1.6729,0.50,0.50
2008.01.08 22:14:08.200,1.6721,1.6729,0.50,0.50
2008.01.08 22:14:08.718,1.6721,1.6729,0.50,0.50
2008.01.08 22:14:08.895,1.6723,1.6729,0.50,0.50
2008.01.08 22:14:09.179,1.6723,1.6728,0.50,0.50
2008.01.08 22:14:09.438,1.6723,1.6728,0.50,0.50
2008.01.08 22:14:09.667,1.6723,1.6728,0.50,0.50
2008.01.08 22:14:12.017,1.6723,1.6728,0.50,0.50
2008.01.08 22:14:12.895,1.6723,1.6728,0.50,0.50
2008.01.08 22:14:13.228,1.6723,1.6728,0.50,0.50
2008.01.08 22:14:14.475,1.6723,1.6728,0.50,0.50
2008.01.08 22:14:16.624,1.6723,1.6728,0.50,0.50
2008.01.08 22:14:16.850,1.6724,1.6729,0.50,0.50
2008.01.08 22:14:17.187,1.6724,1.6729,0.50,0.50
2008.01.08 22:14:17.897,1.6724,1.673,0.50,1.00
2008.01.08 22:14:18.267,1.6724,1.6729,0.50,0.50
2008.01.08 22:14:19.434,1.6724,1.6729,0.50,0.50
2008.01.08 22:14:22.123,1.6724,1.6729,0.50,0.50
2008.01.08 22:14:22.947,1.6724,1.673,0.50,1.00
2008.01.08 22:14:23.353,1.6724,1.673,0.50,1.00
2008.01.08 22:14:24.439,1.6724,1.6729,0.50,0.50
2008.01.08 22:14:25.478,1.6724,1.673,0.50,1.00
2008.01.08 22:14:25.606,1.6724,1.6729,0.50,0.50
2008.01.08 22:14:27.183,1.6724,1.673,0.50,1.00
2008.01.08 22:14:27.207,1.6723,1.673,0.50,1.00
2008.01.08 22:14:27.941,1.6723,1.6729,0.50,0.50
2008.01.08 22:14:28.371,1.6723,1.673,0.50,1.00
2008.01.08 22:14:32.964,1.6723,1.673,0.50,1.00
2008.01.08 22:14:33.356,1.6723,1.673,0.50,1.00
2008.01.08 22:14:37.992,1.6723,1.673,0.50,1.00
2008.01.08 22:14:38.307,1.6722,1.673,0.50,1.00
2008.01.08 22:14:38.511,1.6722,1.673,0.50,1.00
2008.01.08 22:14:42.264,1.6722,1.673,0.50,1.00
2008.01.08 22:14:42.456,1.672,1.6726,0.50,1.00
2008.01.08 22:14:42.519,1.672,1.6726,0.50,1.00
2008.01.08 22:14:42.994,1.672,1.6726,0.50,1.00
2008.01.08 22:14:43.476,1.672,1.6725,0.50,0.50
2008.01.08 22:14:47.994,1.672,1.6725,0.50,0.50
2008.01.08 22:14:48.557,1.672,1.6725,0.50,0.50
2008.01.08 22:14:48.801,1.672,1.6725,0.50,0.50
2008.01.08 22:14:49.048,1.6722,1.6727,0.50,0.50
2008.01.08 22:14:52.845,1.6722,1.6727,0.50,0.50
2008.01.08 22:14:52.980,1.6722,1.6727,0.50,0.50
2008.01.08 22:14:53.054,1.6723,1.6729,0.50,0.50
2008.01.08 22:14:53.257,1.6723,1.6729,0.50,0.50
2008.01.08 22:14:53.351,1.6721,1.6729,0.50,0.50
2008.01.08 22:14:53.472,1.6721,1.6729,0.50,0.50
2008.01.08 22:14:53.571,1.6721,1.6729,0.50,0.50
2008.01.08 22:14:54.820,1.6721,1.6729,0.50,0.50
2008.01.08 22:14:54.940,1.6721,1.67315,7.50,3.20
2008.01.08 22:14:55.003,1.6721,1.6732,7.50,1.20
2008.01.08 22:14:55.880,1.6721,1.6732,7.50,1.20
2008.01.08 22:14:56.083,1.6723,1.6732,3.20,1.20
2008.01.08 22:14:56.443,1.6725,1.6732,3.20,1.20
2008.01.08 22:14:57.048,1.67255,1.6732,3.20,1.20
2008.01.08 22:14:57.463,1.6726,1.6732,3.20,1.20
2008.01.08 22:14:57.965,1.6726,1.6732,3.20,1.20
2008.01.08 22:14:58.619,1.6726,1.6732,3.20,1.20
2008.01.08 22:14:58.969,1.6726,1.6733,3.20,1.20
2008.01.08 22:14:59.238,1.6722,1.6733,3.20,1.20
2008.01.08 22:15:02.392,1.6722,1.6733,3.20,8.30
2008.01.08 22:15:02.477,1.6721,1.67325,7.50,3.20
2008.01.08 22:15:02.975,1.6721,1.67325,7.50,3.20
2008.01.08 22:15:03.655,1.6721,1.67325,7.50,3.20
2008.01.08 22:15:03.947,1.6721,1.67325,7.50,3.20
2008.01.08 22:15:04.459,1.6721,1.6731,7.50,0.50
2008.01.08 22:15:07.994,1.6721,1.6731,7.50,0.50
2008.01.08 22:15:08.722,1.6721,1.6731,7.50,0.50
2008.01.08 22:15:11.369,1.6721,1.6731,7.50,0.50
2008.01.08 22:15:11.521,1.6723,1.6731,0.50,0.50
2008.01.08 22:15:12.992,1.6723,1.6731,0.50,0.50
2008.01.08 22:15:13.748,1.6723,1.6731,0.50,0.50
2008.01.08 22:15:16.462,1.6723,1.6731,0.50,0.50
2008.01.08 22:15:16.499,1.6723,1.6729,0.50,0.50
2008.01.08 22:15:18.015,1.6723,1.6729,0.50,0.50
2008.01.08 22:15:18.787,1.6723,1.6729,0.50,0.50
2008.01.08 22:15:23.021,1.6723,1.6729,0.50,0.50
2008.01.08 22:15:23.839,1.6723,1.6729,0.50,0.50
2008.01.08 22:15:24.412,1.6723,1.673,0.50,1.00
2008.01.08 22:15:25.411,1.6723,1.6731,0.50,0.50
2008.01.08 22:15:25.550,1.6723,1.6731,0.50,0.50
2008.01.08 22:15:25.689,1.6724,1.6732,0.50,1.00
2008.01.08 22:15:25.826,1.6724,1.6732,0.50,1.00
2008.01.08 22:15:28.025,1.6724,1.6731,0.50,0.50
2008.01.08 22:15:28.922,1.6724,1.6732,0.50,1.00
2008.01.08 22:15:30.620,1.6724,1.6732,0.50,1.00
2008.01.08 22:15:30.801,1.6724,1.6732,0.50,0.50
2008.01.08 22:15:31.012,1.6724,1.6732,0.50,0.50
2008.01.08 22:15:31.283,1.6724,1.6732,0.50,0.50
2008.01.08 22:15:31.864,1.6724,1.6732,0.50,0.50
2008.01.08 22:15:32.169,1.6724,1.6738,10.70,11.90
2008.01.08 22:15:33.034,1.6724,1.6737,10.70,0.60
2008.01.08 22:15:33.959,1.6724,1.6737,10.70,0.80
2008.01.08 22:15:35.865,1.6724,1.6738,10.70,11.90
2008.01.08 22:15:35.985,1.6724,1.6738,7.50,11.90
2008.01.08 22:15:36.089,1.6723,1.6738,4.40,11.90
2008.01.08 22:15:36.422,1.6723,1.6736,4.40,10.30
2008.01.08 22:15:36.526,1.6722,1.67335,7.50,0.70
2008.01.08 22:15:37.970,1.6722,1.6734,7.50,10.70
2008.01.08 22:15:38.082,1.6722,1.6734,7.50,10.70
2008.01.08 22:15:38.438,1.6723,1.6735,3.20,8.00
2008.01.08 22:15:38.520,1.6723,1.6736,3.60,0.60
2008.01.08 22:15:38.649,1.6723,1.6736,3.60,0.80
2008.01.08 22:15:38.951,1.67235,1.67365,3.20,4.40
2008.01.08 22:15:39.842,1.67235,1.67365,3.20,4.40
2008.01.08 22:15:40.156,1.6726,1.6736,3.20,0.80
2008.01.08 22:15:40.779,1.67265,1.6738,3.20,8.70
2008.01.08 22:15:43.046,1.67265,1.6736,3.20,0.60
2008.01.08 22:15:43.138,1.67235,1.67365,3.20,4.40
2008.01.08 22:15:44.062,1.67235,1.67365,3.20,4.40
2008.01.08 22:15:46.492,1.67235,1.6736,3.20,0.70
2008.01.08 22:15:46.598,1.67235,1.6736,3.20,0.60
2008.01.08 22:15:46.717,1.6723,1.6736,0.50,11.90
2008.01.08 22:15:48.101,1.6723,1.67355,0.50,0.50
2008.01.08 22:15:49.109,1.6723,1.6736,0.50,11.90
2008.01.08 22:15:51.009,1.6723,1.6734,0.50,0.70
2008.01.08 22:15:51.127,1.6723,1.6735,7.50,10.30
2008.01.08 22:15:51.553,1.6723,1.6734,7.50,0.50
2008.01.08 22:15:52.488,1.6723,1.6733,7.50,0.50
2008.01.08 22:15:53.020,1.6723,1.6732,7.50,0.50
2008.01.08 22:15:53.554,1.6723,1.6732,0.80,0.50
2008.01.08 22:15:54.141,1.6722,1.6732,8.00,0.50
2008.01.08 22:15:58.129,1.6722,1.6732,8.00,0.50
2008.01.08 22:15:59.188,1.6722,1.6732,8.00,0.50
2008.01.08 22:16:00.194,1.6722,1.6732,8.00,0.50
2008.01.08 22:16:03.119,1.6722,1.6732,8.00,0.50
2008.01.08 22:16:04.222,1.6723,1.6732,0.90,0.50
2008.01.08 22:16:08.082,1.6722,1.6732,8.00,0.50
2008.01.08 22:16:08.510,1.6723,1.6732,0.70,0.50
2008.01.08 22:16:08.653,1.6722,1.673,1.00,0.50
2008.01.08 22:16:08.795,1.6722,1.673,1.00,0.50
2008.01.08 22:16:09.246,1.6723,1.673,0.50,0.50
2008.01.08 22:16:10.943,1.6722,1.6731,1.00,0.50
2008.01.08 22:16:11.087,1.6722,1.6732,8.00,0.50
2008.01.08 22:16:11.229,1.6722,1.6732,8.00,0.50
2008.01.08 22:16:11.373,1.6721,1.6731,2.80,0.50
2008.01.08 22:16:11.571,1.672,1.6731,9.10,0.50
2008.01.08 22:16:13.107,1.6721,1.6731,3.70,0.50
2008.01.08 22:16:14.284,1.672,1.6731,9.10,0.50
2008.01.08 22:16:18.155,1.672,1.6731,9.10,0.50
2008.01.08 22:16:19.366,1.672,1.6731,9.10,0.50
2008.01.08 22:16:21.492,1.672,1.6731,9.10,0.50
2008.01.08 22:16:21.541,1.6721,1.6731,3.90,0.50
2008.01.08 22:16:21.633,1.672,1.6729,1.00,0.50
2008.01.08 22:16:23.167,1.6721,1.6729,0.50,0.50
2008.01.08 22:16:24.405,1.6721,1.6729,0.50,0.50
2008.01.08 22:16:24.908,1.6721,1.6729,0.50,0.50
2008.01.08 22:16:25.180,1.6721,1.6727,0.50,0.50
2008.01.08 22:16:25.327,1.6721,1.6727,0.50,0.50
2008.01.08 22:16:27.517,1.6721,1.6727,0.50,0.50
2008.01.08 22:16:27.580,1.6721,1.6727,0.50,0.50
2008.01.08 22:16:27.649,1.6721,1.6729,0.50,0.50
2008.01.08 22:16:28.141,1.6721,1.6729,0.50,0.50
2008.01.08 22:16:29.435,1.6721,1.6729,0.50,0.50
2008.01.08 22:16:31.976,1.6721,1.6729,0.50,0.50
2008.01.08 22:16:32.117,1.6723,1.6729,0.50,0.50
2008.01.08 22:16:32.270,1.6723,1.6729,0.50,0.50
2008.01.08 22:16:33.123,1.6723,1.6729,0.50,0.50
2008.01.08 22:16:33.543,1.6723,1.6729,0.50,0.50
2008.01.08 22:16:33.690,1.6724,1.6729,0.50,0.50
2008.01.08 22:16:33.837,1.6724,1.6729,0.50,0.50
2008.01.08 22:16:34.025,1.6724,1.6729,0.50,0.50
2008.01.08 22:16:34.463,1.6724,1.6729,0.50,0.50
2008.01.08 22:16:36.949,1.6724,1.6729,0.50,0.50
2008.01.08 22:16:37.018,1.6724,1.6731,0.50,0.50
2008.01.08 22:16:37.076,1.6724,1.6731,0.50,0.50
2008.01.08 22:16:37.114,1.6725,1.6731,0.50,0.50
2008.01.08 22:16:38.141,1.6725,1.6731,0.50,0.50
2008.01.08 22:16:38.345,1.6725,1.6731,0.50,0.50
2008.01.08 22:16:39.020,1.6725,1.6731,0.50,0.50
2008.01.08 22:16:39.183,1.6725,1.6733,0.50,0.50
2008.01.08 22:16:39.362,1.6725,1.6736,7.50,0.50
2008.01.08 22:16:41.504,1.6725,1.6736,7.50,0.50
2008.01.08 22:16:41.570,1.6725,1.6736,7.50,0.50
2008.01.08 22:16:41.694,1.6725,1.6735,7.50,0.50
2008.01.08 22:16:41.779,1.6725,1.6735,7.50,0.50
2008.01.08 22:16:42.128,1.6725,1.6735,7.50,0.50
2008.01.08 22:16:42.346,1.6726,1.6735,7.50,0.50
2008.01.08 22:16:42.563,1.6726,1.6735,7.50,0.50
2008.01.08 22:16:43.156,1.6726,1.6735,7.50,0.50
2008.01.08 22:16:44.530,1.6726,1.6735,7.50,0.50
2008.01.08 22:16:47.953,1.6726,1.6735,7.50,0.50
2008.01.08 22:16:48.109,1.6726,1.6735,7.50,0.50
2008.01.08 22:16:48.236,1.6726,1.6733,0.50,0.50
2008.01.08 22:16:49.547,1.6726,1.6733,0.50,0.50
2008.01.08 22:16:50.554,1.6726,1.6733,0.50,0.50
2008.01.08 22:16:50.692,1.6726,1.6733,0.50,0.50
2008.01.08 22:16:50.830,1.6726,1.6735,7.50,0.50
2008.01.08 22:16:53.170,1.6726,1.6735,7.50,0.50
2008.01.08 22:16:54.625,1.6726,1.6735,7.50,0.50
2008.01.08 22:16:54.848,1.6726,1.6736,7.50,1.00
2008.01.08 22:16:58.191,1.6726,1.6735,7.50,0.50
2008.01.08 22:16:59.601,1.6726,1.6735,7.50,0.50
2008.01.08 22:17:00.923,1.6726,1.6735,7.50,0.50
2008.01.08 22:17:01.172,1.6726,1.6736,7.50,0.50
2008.01.08 22:17:01.291,1.6726,1.6736,7.50,0.50
2008.01.08 22:17:03.196,1.6726,1.6736,7.50,0.50
2008.01.08 22:17:03.641,1.6726,1.6736,7.50,0.50
2008.01.08 22:17:04.669,1.6726,1.6736,7.50,0.50
2008.01.08 22:17:08.232,1.6726,1.6736,7.50,0.50
2008.01.08 22:17:09.706,1.6726,1.6736,7.50,0.50
2008.01.08 22:17:13.250,1.6726,1.6736,7.50,0.50
2008.01.08 22:17:14.721,1.6726,1.6736,7.50,0.50
2008.01.08 22:17:18.267,1.6726,1.6736,7.50,0.50
2008.01.08 22:17:19.791,1.6726,1.6736,7.50,0.50
2008.01.08 22:17:23.049,1.6726,1.6736,7.50,0.50
2008.01.08 22:17:23.273,1.6728,1.6736,7.10,0.50
2008.01.08 22:17:23.446,1.6728,1.6736,7.10,0.50
2008.01.08 22:17:24.278,1.6728,1.6736,7.10,0.50
2008.01.08 22:17:24.631,1.6728,1.6736,7.50,0.50
2008.01.08 22:17:25.149,1.673,1.6736,0.50,0.50
2008.01.08 22:17:25.710,1.673,1.6736,0.50,0.50
2008.01.08 22:17:28.233,1.673,1.6736,0.50,0.50
2008.01.08 22:17:29.153,1.673,1.6736,0.50,0.50
2008.01.08 22:17:29.367,1.6732,1.6737,0.50,0.50
2008.01.08 22:17:29.664,1.6732,1.6737,0.50,0.50
2008.01.08 22:17:29.806,1.673,1.6738,0.50,0.50
2008.01.08 22:17:30.085,1.673,1.6738,0.50,0.50
2008.01.08 22:17:30.203,1.673,1.6738,0.50,0.50
2008.01.08 22:17:30.311,1.6733,1.6738,0.50,0.50
2008.01.08 22:17:31.639,1.6733,1.6738,0.50,0.50
2008.01.08 22:17:33.113,1.6733,1.6738,0.50,0.50
2008.01.08 22:17:33.277,1.6735,1.674,0.50,0.50
2008.01.08 22:17:34.505,1.6735,1.674,0.50,0.50
2008.01.08 22:17:34.712,1.6735,1.674,0.50,0.50
2008.01.08 22:17:34.868,1.6735,1.674,0.50,0.50
2008.01.08 22:17:38.247,1.6735,1.674,0.50,0.50
2008.01.08 22:17:38.374,1.6735,1.674,0.50,0.50
2008.01.08 22:17:39.909,1.6735,1.674,0.50,0.50
2008.01.08 22:17:43.264,1.6735,1.674,0.50,0.50
2008.01.08 22:17:44.714,1.6735,1.674,0.50,0.50
2008.01.08 22:17:44.982,1.6735,1.674,0.50,0.50
2008.01.08 22:17:45.089,1.6735,1.674,0.50,0.50
2008.01.08 22:17:48.262,1.6735,1.674,0.50,0.50
2008.01.08 22:17:49.965,1.6735,1.674,0.50,0.50
2008.01.08 22:17:50.105,1.6735,1.674,0.50,0.50
2008.01.08 22:17:53.342,1.6735,1.6741,0.50,1.00
2008.01.08 22:17:54.981,1.6735,1.6741,0.50,1.00
2008.01.08 22:17:56.657,1.6735,1.6741,0.50,1.00
2008.01.08 22:17:56.972,1.6735,1.6741,0.50,1.00
2008.01.08 22:17:58.298,1.6735,1.6741,0.50,1.00
2008.01.08 22:18:00.009,1.6735,1.674,0.50,0.50
2008.01.08 22:18:03.338,1.67305,1.67435,3.20,0.60
2008.01.08 22:18:04.660,1.67305,1.67465,3.20,3.60
2008.01.08 22:18:04.803,1.6734,1.674,0.50,1.00
2008.01.08 22:18:04.944,1.6734,1.674,0.50,1.00
2008.01.08 22:18:08.353,1.6734,1.6739,0.50,0.50
2008.01.08 22:18:10.048,1.6734,1.6739,0.50,0.50
2008.01.08 22:18:13.358,1.6734,1.674,0.50,1.00
2008.01.08 22:18:14.197,1.6734,1.674,0.50,1.00
2008.01.08 22:18:14.324,1.67305,1.6738,3.20,0.80
2008.01.08 22:18:14.431,1.67305,1.6739,3.20,8.00
2008.01.08 22:18:14.851,1.6727,1.67365,1.20,0.90
2008.01.08 22:18:15.125,1.6727,1.6738,1.20,10.70
2008.01.08 22:18:18.344,1.6727,1.67365,1.20,3.20
2008.01.08 22:18:20.101,1.6727,1.67365,1.20,3.20
2008.01.08 22:18:20.978,1.6727,1.67365,1.20,3.20
2008.01.08 22:18:22.187,1.6727,1.67365,1.20,0.60
2008.01.08 22:18:23.375,1.6727,1.67365,1.20,0.50
2008.01.08 22:18:25.136,1.6727,1.6738,1.20,10.70
2008.01.08 22:18:28.347,1.6727,1.6738,1.20,10.70
2008.01.08 22:18:30.167,1.6727,1.67365,1.20,0.70
2008.01.08 22:18:31.941,1.6727,1.67365,1.20,0.90
2008.01.08 22:18:32.206,1.6727,1.6738,1.20,10.70
2008.01.08 22:18:32.353,1.6727,1.6736,1.20,0.90
2008.01.08 22:18:33.337,1.6727,1.6736,1.20,0.90
2008.01.08 22:18:33.613,1.6727,1.6738,1.20,10.70
2008.01.08 22:18:35.235,1.6727,1.6736,1.20,0.80
2008.01.08 22:18:38.357,1.6727,1.6738,1.20,10.70
2008.01.08 22:18:40.235,1.6727,1.6736,1.20,0.50
2008.01.08 22:18:42.952,1.6726,1.6736,1.20,0.70
2008.01.08 22:18:43.411,1.6726,1.6736,1.20,0.80
2008.01.08 22:18:45.309,1.6726,1.6736,1.20,0.90
2008.01.08 22:18:48.361,1.6726,1.6738,1.20,10.70
2008.01.08 22:18:50.273,1.6726,1.6738,1.20,10.70
2008.01.08 22:18:53.434,1.6726,1.6738,1.20,10.70
2008.01.08 22:18:54.172,1.6726,1.6738,1.20,10.70
2008.01.08 22:18:54.319,1.6726,1.6738,1.20,10.70
2008.01.08 22:18:54.485,1.6726,1.6738,1.20,10.70
2008.01.08 22:18:55.295,1.6726,1.6738,1.20,10.70
2008.01.08 22:18:58.385,1.6726,1.6738,1.20,10.70
2008.01.08 22:19:00.332,1.6726,1.67365,1.20,0.60
2008.01.08 22:19:03.405,1.6726,1.67365,1.20,0.60
2008.01.08 22:19:05.362,1.6726,1.6738,1.20,10.70
2008.01.08 22:19:05.453,1.6726,1.6735,1.20,0.50
2008.01.08 22:19:05.502,1.6725,1.6735,1.20,0.60
2008.01.08 22:19:05.729,1.6725,1.6735,1.20,0.70
2008.01.08 22:19:06.795,1.6725,1.6735,1.20,0.50
2008.01.08 22:19:07.327,1.6725,1.6734,1.20,0.50
2008.01.08 22:19:08.401,1.6725,1.6735,1.20,11.20
2008.01.08 22:19:10.426,1.6725,1.6734,1.20,0.50
2008.01.08 22:19:11.370,1.6725,1.6736,1.20,10.80
2008.01.08 22:19:13.412,1.6725,1.6736,1.20,10.80
2008.01.08 22:19:15.455,1.6725,1.6736,1.20,10.80
2008.01.08 22:19:18.417,1.6725,1.6736,1.20,10.80
2008.01.08 22:19:18.946,1.6723,1.6738,8.70,11.90
2008.01.08 22:19:19.214,1.6723,1.6738,8.70,11.90
2008.01.08 22:19:20.436,1.6723,1.6735,8.70,0.80
2008.01.08 22:19:20.495,1.6723,1.6735,8.70,0.90
2008.01.08 22:19:21.035,1.6723,1.6735,8.70,11.20
2008.01.08 22:19:23.481,1.6723,1.6735,8.70,11.20
2008.01.08 22:19:25.458,1.6723,1.6734,8.70,0.50
2008.01.08 22:19:28.432,1.6723,1.6734,8.70,0.50
2008.01.08 22:19:30.489,1.6723,1.6734,8.70,0.50
2008.01.08 22:19:33.494,1.6723,1.6734,8.70,0.50
2008.01.08 22:19:35.559,1.6723,1.6735,8.70,11.20
2008.01.08 22:19:38.459,1.6723,1.6735,8.70,11.20
2008.01.08 22:19:40.544,1.6723,1.6734,8.70,0.50
2008.01.08 22:19:43.473,1.6723,1.6734,8.70,0.50
2008.01.08 22:19:46.763,1.6723,1.6734,8.70,0.50
2008.01.08 22:19:48.480,1.6723,1.6734,8.70,0.50
2008.01.08 22:19:50.601,1.6723,1.6734,8.70,0.50
2008.01.08 22:19:56.922,1.6723,1.6734,7.50,0.50
2008.01.08 22:19:57.114,1.6723,1.6734,7.50,0.50
2008.01.08 22:19:57.211,1.6723,1.6734,7.50,0.50
2008.01.08 22:19:58.503,1.6723,1.6734,7.50,0.50
2008.01.08 22:20:00.656,1.6723,1.6734,7.50,0.50
2008.01.08 22:20:03.504,1.6723,1.6734,7.50,0.50
2008.01.08 22:20:05.680,1.6723,1.6734,7.50,0.50
2008.01.08 22:20:08.506,1.6723,1.6734,7.50,0.50
2008.01.08 22:20:10.703,1.6723,1.6734,7.50,0.50
2008.01.08 22:20:13.573,1.6723,1.6734,7.50,0.50
2008.01.08 22:20:14.844,1.6723,1.6734,7.50,0.50
2008.01.08 22:20:15.723,1.6723,1.67345,7.50,3.70
2008.01.08 22:20:17.113,1.6723,1.6732,7.50,0.50
2008.01.08 22:20:17.234,1.6723,1.6733,7.50,1.00
2008.01.08 22:20:18.531,1.6723,1.6733,7.50,1.00
2008.01.08 22:20:20.740,1.6723,1.6732,7.50,0.50
2008.01.08 22:20:23.572,1.6723,1.6733,7.50,1.00
2008.01.08 22:20:25.808,1.6723,1.6732,7.50,0.50
2008.01.08 22:20:28.551,1.6723,1.6733,7.50,1.00
2008.01.08 22:20:30.798,1.6723,1.6733,7.50,1.00
2008.01.08 22:20:33.560,1.6723,1.6733,7.50,1.00
2008.01.08 22:20:35.816,1.6723,1.6733,7.50,1.00
2008.01.08 22:20:38.553,1.6723,1.6733,7.50,1.00
2008.01.08 22:20:40.849,1.6723,1.6732,7.50,0.50
2008.01.08 22:20:43.575,1.6723,1.6732,7.50,0.50
2008.01.08 22:20:45.865,1.6723,1.6732,7.50,0.50
2008.01.08 22:20:49.578,1.6723,1.6734,7.50,0.50
2008.01.08 22:20:49.767,1.6723,1.6734,7.50,0.50
2008.01.08 22:20:50.882,1.6723,1.6734,7.50,0.50
2008.01.08 22:20:53.581,1.6723,1.6734,7.50,0.50
2008.01.08 22:20:55.924,1.6723,1.6734,7.50,0.50
2008.01.08 22:20:58.616,1.6723,1.6734,7.50,0.50
2008.01.08 22:20:59.435,1.6723,1.6734,7.50,0.50
2008.01.08 22:20:59.665,1.6723,1.6734,7.50,0.50
2008.01.08 22:20:59.850,1.6723,1.67345,7.50,3.20
2008.01.08 22:21:00.764,1.6723,1.6735,7.50,11.90
2008.01.08 22:21:00.936,1.6723,1.6735,7.50,11.90
2008.01.08 22:21:02.985,1.6723,1.6735,7.50,11.90
2008.01.08 22:21:03.234,1.6723,1.67345,7.50,3.20
2008.01.08 22:21:03.284,1.6723,1.6734,7.50,0.50
2008.01.08 22:21:03.598,1.6723,1.6734,7.50,0.50
2008.01.08 22:21:04.013,1.6723,1.6734,7.50,0.50
2008.01.08 22:21:04.277,1.6723,1.6735,7.50,11.90
2008.01.08 22:21:05.668,1.6723,1.6735,7.50,11.90
2008.01.08 22:21:05.746,1.6724,1.6735,7.50,4.80
2008.01.08 22:21:05.825,1.6724,1.6735,7.50,1.60
2008.01.08 22:21:05.931,1.6724,1.6735,7.50,0.50
2008.01.08 22:21:08.679,1.6724,1.6735,7.50,0.50
2008.01.08 22:21:11.064,1.6724,1.6735,7.50,0.50
2008.01.08 22:21:12.055,1.6724,1.6735,7.50,0.50
2008.01.08 22:21:13.666,1.6724,1.6735,7.50,0.50
2008.01.08 22:21:16.038,1.6724,1.6735,7.50,0.50
2008.01.08 22:21:18.678,1.6724,1.6735,7.50,0.50
2008.01.08 22:21:21.054,1.6724,1.6735,7.50,0.50
2008.01.08 22:21:21.196,1.6724,1.6734,0.50,10.30
2008.01.08 22:21:21.553,1.6724,1.6734,0.50,10.30
2008.01.08 22:21:21.736,1.6724,1.6734,0.50,10.70
2008.01.08 22:21:22.740,1.6724,1.6732,0.50,0.50
2008.01.08 22:21:23.165,1.6724,1.6731,0.50,0.50
2008.01.08 22:21:23.633,1.6724,1.6731,0.50,0.50
2008.01.08 22:21:26.094,1.6724,1.6731,0.50,0.50
2008.01.08 22:21:27.769,1.6724,1.6731,0.50,0.50
2008.01.08 22:21:28.655,1.6724,1.6731,0.50,0.50
2008.01.08 22:21:31.162,1.6724,1.6731,0.50,0.50
2008.01.08 22:21:33.710,1.6724,1.6731,0.50,0.50
2008.01.08 22:21:36.148,1.6724,1.6731,0.50,0.50
2008.01.08 22:21:38.655,1.6724,1.6731,0.50,0.50
2008.01.08 22:21:39.019,1.6724,1.6731,0.50,0.50
2008.01.08 22:21:39.301,1.6722,1.6732,0.50,10.30
2008.01.08 22:21:41.225,1.6722,1.6732,0.50,10.30
2008.01.08 22:21:43.672,1.6722,1.6732,0.50,10.30
2008.01.08 22:21:46.200,1.6722,1.6732,0.50,10.30
2008.01.08 22:21:48.695,1.6722,1.6732,0.50,10.30
2008.01.08 22:21:51.283,1.6722,1.6732,0.50,10.30
2008.01.08 22:21:52.611,1.6722,1.6732,0.50,10.30
2008.01.08 22:21:52.774,1.6722,1.6732,7.50,3.20
2008.01.08 22:21:52.935,1.6724,1.6734,0.50,10.30
2008.01.08 22:21:52.998,1.6724,1.6734,0.50,10.30
2008.01.08 22:21:53.216,1.6724,1.6734,0.50,10.70
2008.01.08 22:21:53.735,1.6724,1.6734,0.50,10.70
2008.01.08 22:21:54.262,1.6724,1.6732,0.50,0.50
2008.01.08 22:21:54.777,1.6724,1.6731,0.50,0.50
2008.01.08 22:21:57.945,1.6724,1.6731,0.50,0.50
2008.01.08 22:21:58.706,1.6724,1.6731,0.50,0.50
2008.01.08 22:22:01.274,1.6724,1.6731,0.50,0.50
2008.01.08 22:22:03.704,1.6724,1.6731,0.50,0.50
2008.01.08 22:22:03.933,1.6724,1.6732,0.50,1.00
2008.01.08 22:22:06.293,1.6724,1.6732,0.50,1.00
2008.01.08 22:22:07.124,1.6724,1.6732,0.50,1.00
2008.01.08 22:22:07.295,1.6724,1.6731,0.50,0.50
2008.01.08 22:22:07.467,1.6722,1.6732,0.50,11.20
2008.01.08 22:22:08.718,1.6722,1.6731,0.50,0.50
2008.01.08 22:22:11.322,1.6722,1.6731,0.50,0.50
2008.01.08 22:22:13.774,1.6722,1.6731,0.50,0.50
2008.01.08 22:22:16.347,1.6722,1.6731,0.50,0.50
2008.01.08 22:22:18.737,1.6722,1.6732,0.50,11.20
2008.01.08 22:22:21.358,1.6722,1.6732,0.50,11.20
2008.01.08 22:22:23.793,1.6722,1.6732,0.50,11.20
2008.01.08 22:22:26.383,1.6722,1.6731,0.50,0.50
2008.01.08 22:22:28.752,1.6722,1.6732,0.50,11.20
2008.01.08 22:22:31.414,1.6722,1.6731,0.50,0.50
2008.01.08 22:22:33.760,1.6722,1.6731,0.50,0.50
2008.01.08 22:22:36.482,1.6722,1.6731,0.50,0.50
2008.01.08 22:22:36.701,1.6722,1.6731,0.50,0.50
2008.01.08 22:22:36.858,1.6722,1.6729,0.50,0.50
2008.01.08 22:22:37.035,1.6722,1.6729,0.50,0.50
2008.01.08 22:22:38.769,1.6722,1.6729,0.50,0.50
2008.01.08 22:22:41.454,1.6722,1.6729,0.50,0.50
2008.01.08 22:22:42.050,1.6722,1.673,0.50,1.00
2008.01.08 22:22:43.793,1.6722,1.6729,0.50,0.50
2008.01.08 22:22:45.825,1.6722,1.6731,0.50,0.80
2008.01.08 22:22:46.486,1.6722,1.6732,0.50,11.10
2008.01.08 22:22:48.792,1.6722,1.6731,0.50,0.70
2008.01.08 22:22:50.726,1.6724,1.6732,0.50,11.10
2008.01.08 22:22:50.750,1.6724,1.6732,0.50,11.10
2008.01.08 22:22:50.841,1.6724,1.6732,0.50,8.00
2008.01.08 22:22:50.865,1.6724,1.673,0.50,1.00
2008.01.08 22:22:51.032,1.6724,1.6729,0.50,0.50
2008.01.08 22:22:51.514,1.6724,1.673,0.50,1.00
2008.01.08 22:22:53.794,1.6724,1.6729,0.50,0.50
2008.01.08 22:22:56.594,1.6724,1.673,0.50,1.00
2008.01.08 22:22:58.853,1.6724,1.6729,0.50,0.50
2008.01.08 22:23:01.605,1.6724,1.6729,0.50,0.50
2008.01.08 22:23:03.812,1.6724,1.673,0.50,1.00
2008.01.08 22:23:06.662,1.6724,1.6729,0.50,0.50
2008.01.08 22:23:08.812,1.6724,1.6729,0.50,0.50
2008.01.08 22:23:11.695,1.6724,1.6729,0.50,0.50
2008.01.08 22:23:13.829,1.6724,1.6729,0.50,0.50
2008.01.08 22:23:14.804,1.6724,1.6729,0.50,0.50
2008.01.08 22:23:15.018,1.6722,1.6729,0.50,0.50
2008.01.08 22:23:15.246,1.6722,1.6729,0.50,0.50
2008.01.08 22:23:16.721,1.6722,1.6729,0.50,0.50
2008.01.08 22:23:18.745,1.6721,1.6729,0.50,0.50
2008.01.08 22:23:18.951,1.6721,1.6729,0.50,0.50
2008.01.08 22:23:19.244,1.6721,1.6729,0.50,0.50
2008.01.08 22:23:20.302,1.6721,1.6729,0.50,0.50
2008.01.08 22:23:20.414,1.6723,1.6729,0.50,0.50
2008.01.08 22:23:20.527,1.6723,1.67305,0.50,3.20
2008.01.08 22:23:20.641,1.6723,1.6731,0.50,0.50
2008.01.08 22:23:21.136,1.6723,1.6731,0.50,0.50
2008.01.08 22:23:21.250,1.6724,1.6731,0.50,0.50
2008.01.08 22:23:21.400,1.6724,1.6731,0.50,0.50
2008.01.08 22:23:21.752,1.6724,1.6731,0.50,0.50
2008.01.08 22:23:23.633,1.6724,1.6731,0.50,0.50
2008.01.08 22:23:23.731,1.6724,1.6731,0.50,0.50
2008.01.08 22:23:23.841,1.6724,1.6731,0.50,0.50
2008.01.08 22:23:24.045,1.6724,1.6731,0.50,0.50
2008.01.08 22:23:24.178,1.6724,1.6731,0.50,0.50
2008.01.08 22:23:24.262,1.6722,1.6731,0.50,0.50
2008.01.08 22:23:24.544,1.6722,1.6731,0.50,0.50
2008.01.08 22:23:25.261,1.6722,1.6731,0.50,0.50
2008.01.08 22:23:26.277,1.6722,1.6731,0.50,0.50
2008.01.08 22:23:26.400,1.6721,1.6729,7.50,0.50
2008.01.08 22:23:26.523,1.6721,1.673,0.50,3.20
2008.01.08 22:23:26.647,1.6721,1.673,0.50,3.20
2008.01.08 22:23:26.803,1.6721,1.67305,0.50,3.20
2008.01.08 22:23:28.875,1.6721,1.67305,0.50,3.20
2008.01.08 22:23:31.197,1.672,1.67305,1.00,3.20
2008.01.08 22:23:31.894,1.672,1.67305,1.00,3.20
2008.01.08 22:23:33.875,1.6721,1.67305,0.50,3.20
2008.01.08 22:23:36.917,1.672,1.67305,1.00,3.20
2008.01.08 22:23:38.874,1.672,1.67305,1.00,3.20
2008.01.08 22:23:41.905,1.672,1.67305,1.00,3.20
2008.01.08 22:23:43.878,1.6721,1.67305,0.50,3.20
2008.01.08 22:23:46.919,1.6721,1.67305,0.50,3.20
2008.01.08 22:23:48.894,1.672,1.67305,1.00,3.20
2008.01.08 22:23:51.961,1.6721,1.67305,0.50,3.20
2008.01.08 22:23:53.954,1.672,1.67305,1.00,3.20
2008.01.08 22:23:58.233,1.672,1.673,1.00,0.50
2008.01.08 22:23:58.376,1.6721,1.673,0.50,3.60
2008.01.08 22:23:58.951,1.6721,1.673,0.50,3.60
2008.01.08 22:24:02.042,1.6721,1.673,0.50,3.60
2008.01.08 22:24:03.930,1.6721,1.673,0.50,3.60
2008.01.08 22:24:04.328,1.6721,1.673,0.50,3.60
2008.01.08 22:24:07.011,1.672,1.673,1.00,3.60
2008.01.08 22:24:08.945,1.672,1.673,1.00,3.60
2008.01.08 22:24:09.919,1.672,1.6728,1.00,0.50
2008.01.08 22:24:10.167,1.672,1.673,1.00,3.60
2008.01.08 22:24:10.415,1.672,1.673,1.00,0.50
2008.01.08 22:24:12.036,1.6721,1.673,0.50,0.50
2008.01.08 22:24:13.939,1.672,1.673,1.00,0.50
2008.01.08 22:24:17.115,1.672,1.673,1.00,0.50
2008.01.08 22:24:19.005,1.672,1.673,1.00,0.50
2008.01.08 22:24:19.715,1.6721,1.673,0.50,0.50
2008.01.08 22:24:20.234,1.6721,1.673,0.50,0.50
2008.01.08 22:24:20.443,1.672,1.6731,1.00,10.70
2008.01.08 22:24:20.650,1.6721,1.6731,0.50,10.70
2008.01.08 22:24:21.029,1.672,1.6731,1.00,7.50
2008.01.08 22:24:22.150,1.672,1.6731,1.00,7.50
2008.01.08 22:24:22.348,1.6722,1.6731,0.50,7.50
2008.01.08 22:24:22.546,1.6721,1.6731,1.00,7.50
2008.01.08 22:24:22.744,1.6721,1.6731,1.00,0.50
2008.01.08 22:24:23.033,1.6721,1.6731,1.00,0.50
2008.01.08 22:24:23.991,1.6721,1.6731,1.00,0.50
2008.01.08 22:24:27.189,1.6721,1.6731,1.00,0.50
2008.01.08 22:24:27.667,1.6722,1.6731,0.50,0.50
2008.01.08 22:24:27.768,1.6722,1.6731,0.50,0.50
2008.01.08 22:24:27.846,1.672,1.6731,1.00,7.50
2008.01.08 22:24:27.981,1.672,1.6731,1.00,7.50
2008.01.08 22:24:28.972,1.672,1.6731,1.00,7.50
2008.01.08 22:24:32.211,1.6721,1.6731,0.50,7.50
2008.01.08 22:24:34.017,1.6721,1.6731,0.50,7.50
2008.01.08 22:24:34.092,1.6721,1.6731,0.50,7.50
2008.01.08 22:24:34.259,1.6721,1.673,0.50,0.50
2008.01.08 22:24:34.574,1.6721,1.673,0.50,0.50
2008.01.08 22:24:37.229,1.6721,1.673,0.50,0.50
2008.01.08 22:24:39.032,1.6721,1.673,0.50,0.50
2008.01.08 22:24:42.256,1.6721,1.673,0.50,0.50
2008.01.08 22:24:43.987,1.6721,1.673,0.50,0.50
2008.01.08 22:24:44.989,1.6723,1.673,0.50,0.50
2008.01.08 22:24:45.168,1.6723,1.6728,0.50,0.50
2008.01.08 22:24:45.346,1.6723,1.673,0.50,0.50
2008.01.08 22:24:45.523,1.6723,1.673,0.50,0.50
2008.01.08 22:24:47.330,1.6723,1.673,0.50,0.50
2008.01.08 22:24:49.051,1.6723,1.673,0.50,0.50
2008.01.08 22:24:52.301,1.6723,1.673,0.50,0.50
2008.01.08 22:24:54.052,1.6723,1.673,0.50,0.50
2008.01.08 22:24:57.332,1.6723,1.673,0.50,0.50
2008.01.08 22:24:59.031,1.6723,1.673,0.50,0.50
2008.01.08 22:25:02.356,1.6723,1.673,0.50,0.50
2008.01.08 22:25:04.077,1.6723,1.673,0.50,0.50
2008.01.08 22:25:07.380,1.6723,1.673,0.50,0.50
2008.01.08 22:25:09.076,1.6723,1.673,0.50,0.50
2008.01.08 22:25:10.576,1.6723,1.6731,0.50,1.00
2008.01.08 22:25:12.412,1.6723,1.6731,0.50,1.00
2008.01.08 22:25:14.042,1.6723,1.6731,0.50,1.00
2008.01.08 22:25:30.687,1.672,1.6733,3.20,0.80
2008.01.08 22:25:32.516,1.672,1.6736,3.20,3.60
2008.01.08 22:25:34.072,1.672,1.6736,3.20,3.60
2008.01.08 22:25:37.595,1.672,1.6733,3.20,0.60
2008.01.08 22:25:39.074,1.672,1.6733,3.20,3.20
2008.01.08 22:25:42.622,1.672,1.6733,3.20,3.20
2008.01.08 22:25:43.882,1.672,1.6733,3.20,3.20
2008.01.08 22:25:44.091,1.672,1.6733,3.20,3.20
2008.01.08 22:25:44.165,1.672,1.6733,3.20,3.20
2008.01.08 22:25:44.243,1.67205,1.67335,3.20,3.20
2008.01.08 22:25:44.355,1.6724,1.6731,0.50,0.50
2008.01.08 22:25:44.735,1.6724,1.6731,0.50,0.50
2008.01.08 22:25:44.805,1.6724,1.6731,0.50,0.50
2008.01.08 22:25:47.613,1.6724,1.6731,0.50,0.50
2008.01.08 22:25:47.706,1.6724,1.6732,0.50,1.00
2008.01.08 22:25:48.624,1.6724,1.6732,0.50,1.00
2008.01.08 22:25:48.771,1.6723,1.6731,0.50,0.50
2008.01.08 22:25:49.027,1.6723,1.6731,0.50,0.50
2008.01.08 22:25:52.631,1.6723,1.6732,0.50,1.00
2008.01.08 22:25:54.119,1.6723,1.6732,0.50,1.00
2008.01.08 22:25:55.900,1.6723,1.6732,0.50,1.00
2008.01.08 22:25:56.046,1.6723,1.6732,0.50,1.00
2008.01.08 22:25:56.389,1.6724,1.6731,0.50,0.50
2008.01.08 22:25:57.649,1.6724,1.6732,0.50,1.00
2008.01.08 22:25:58.072,1.6724,1.6731,0.50,0.50
2008.01.08 22:25:58.263,1.6723,1.6732,0.50,1.00
2008.01.08 22:25:58.346,1.6723,1.6732,0.50,1.00
2008.01.08 22:25:59.119,1.6723,1.6732,0.50,1.00
2008.01.08 22:26:00.736,1.6723,1.6732,0.50,1.00
2008.01.08 22:26:00.878,1.6723,1.6731,0.50,0.50
2008.01.08 22:26:01.277,1.6724,1.6732,0.50,1.00
2008.01.08 22:26:02.686,1.6724,1.6732,0.50,1.00
2008.01.08 22:26:02.993,1.6724,1.6731,0.50,0.50
2008.01.08 22:26:04.112,1.6724,1.6732,0.50,1.00
2008.01.08 22:26:07.717,1.6724,1.6731,0.50,0.50
2008.01.08 22:26:09.185,1.6724,1.6731,0.50,0.50
2008.01.08 22:26:10.942,1.6724,1.6732,0.50,1.00
2008.01.08 22:26:11.276,1.6723,1.6731,0.50,0.50
2008.01.08 22:26:12.780,1.6723,1.6731,0.50,0.50
2008.01.08 22:26:14.141,1.6723,1.6732,0.50,1.00
2008.01.08 22:26:14.687,1.6723,1.6732,0.50,1.00
2008.01.08 22:26:14.815,1.6723,1.673,0.50,0.50
2008.01.08 22:26:15.046,1.6723,1.6731,0.50,1.00
2008.01.08 22:26:19.403,1.6723,1.673,0.50,0.50
2008.01.08 22:26:19.437,1.6723,1.6731,0.50,0.50
2008.01.08 22:26:21.163,1.6723,1.6731,0.50,0.50
2008.01.08 22:26:21.442,1.6722,1.6731,0.50,0.50
2008.01.08 22:26:21.762,1.6722,1.6731,0.50,0.50
2008.01.08 22:26:22.299,1.6722,1.6731,0.50,0.50
2008.01.08 22:26:22.813,1.6722,1.6731,0.50,0.50
2008.01.08 22:26:24.210,1.6722,1.6731,0.50,0.50
2008.01.08 22:26:24.861,1.6722,1.6731,0.50,0.50
2008.01.08 22:26:25.250,1.6723,1.6731,0.50,0.50
2008.01.08 22:26:25.398,1.6723,1.6731,0.50,0.50
2008.01.08 22:26:27.855,1.6723,1.6731,0.50,0.50
2008.01.08 22:26:29.169,1.6723,1.6731,0.50,0.50
2008.01.08 22:26:32.916,1.6723,1.6731,0.50,0.50
2008.01.08 22:26:33.151,1.6723,1.6731,0.50,0.50
2008.01.08 22:26:33.357,1.6725,1.6731,0.50,0.50
2008.01.08 22:26:34.187,1.6725,1.6731,0.50,0.50
2008.01.08 22:26:37.100,1.6725,1.6731,0.50,0.50
2008.01.08 22:26:37.349,1.6726,1.6731,0.50,0.50
2008.01.08 22:26:37.936,1.6726,1.6731,0.50,0.50
2008.01.08 22:26:39.189,1.6726,1.6731,0.50,0.50
2008.01.08 22:26:39.691,1.6726,1.6731,0.50,0.50
2008.01.08 22:26:39.748,1.6726,1.6731,0.50,0.50
2008.01.08 22:26:39.781,1.6725,1.6731,0.50,0.50
2008.01.08 22:26:40.113,1.6725,1.6731,0.50,0.50
2008.01.08 22:26:40.386,1.6725,1.6735,7.50,0.50
2008.01.08 22:26:40.658,1.6725,1.6735,7.50,0.50
2008.01.08 22:26:42.961,1.6725,1.6735,7.50,0.50
2008.01.08 22:26:44.205,1.6725,1.6735,7.50,0.50
2008.01.08 22:26:45.193,1.6725,1.6735,7.50,0.50
2008.01.08 22:26:45.311,1.6725,1.67345,0.50,3.20
2008.01.08 22:26:45.571,1.6725,1.67345,0.50,3.20
2008.01.08 22:26:45.698,1.6725,1.6734,0.50,0.50
2008.01.08 22:26:46.732,1.6725,1.6732,0.50,0.50
2008.01.08 22:26:47.251,1.6725,1.6731,0.50,0.50
2008.01.08 22:26:48.002,1.6725,1.6731,0.50,0.50
2008.01.08 22:26:49.207,1.6725,1.6731,0.50,0.50
2008.01.08 22:26:51.475,1.6725,1.6732,0.50,1.00
2008.01.08 22:26:52.722,1.6725,1.6732,0.50,1.00
2008.01.08 22:26:52.827,1.6725,1.6731,0.50,0.50
2008.01.08 22:26:52.880,1.6723,1.6731,0.50,0.50
2008.01.08 22:26:52.962,1.6723,1.6732,0.50,1.00
2008.01.08 22:26:53.026,1.6723,1.6731,0.50,0.50
2008.01.08 22:26:54.225,1.6723,1.6731,0.50,0.50
2008.01.08 22:26:57.279,1.6723,1.6731,0.50,0.50
2008.01.08 22:26:57.339,1.6725,1.6731,0.50,0.50
2008.01.08 22:26:57.523,1.6725,1.6732,0.50,1.00
2008.01.08 22:26:57.991,1.6725,1.6732,0.50,1.00
2008.01.08 22:26:59.228,1.6725,1.6731,0.50,0.50
2008.01.08 22:27:03.026,1.6725,1.6732,0.50,1.00
2008.01.08 22:27:04.190,1.6725,1.6732,0.50,1.00
2008.01.08 22:27:04.354,1.6725,1.673,0.50,0.50
2008.01.08 22:27:08.096,1.6725,1.673,0.50,0.50
2008.01.08 22:27:09.241,1.6725,1.6731,0.50,1.00
2008.01.08 22:27:13.118,1.6725,1.6731,0.50,1.00
2008.01.08 22:27:14.267,1.6725,1.6731,0.50,1.00
2008.01.08 22:27:18.100,1.6725,1.6731,0.50,1.00
2008.01.08 22:27:19.307,1.6725,1.6731,0.50,1.00
2008.01.08 22:27:23.118,1.6725,1.673,0.50,0.50
2008.01.08 22:27:24.273,1.6725,1.673,0.50,0.50
2008.01.08 22:27:24.470,1.6723,1.673,0.50,0.50
2008.01.08 22:27:24.676,1.6723,1.673,0.50,0.50
2008.01.08 22:27:28.144,1.6723,1.673,0.50,0.50
2008.01.08 22:27:29.268,1.6723,1.673,0.50,0.50
2008.01.08 22:27:33.176,1.6723,1.673,0.50,0.50
2008.01.08 22:27:34.278,1.6723,1.673,0.50,0.50
2008.01.08 22:27:37.593,1.6723,1.673,0.50,0.50
2008.01.08 22:27:37.794,1.6723,1.6731,0.50,0.50
2008.01.08 22:27:38.191,1.6723,1.6731,0.50,0.50
2008.01.08 22:27:39.295,1.6723,1.6731,0.50,0.50
2008.01.08 22:27:43.273,1.6723,1.6731,0.50,0.50
2008.01.08 22:27:44.291,1.6723,1.6731,0.50,0.50
2008.01.08 22:27:48.309,1.6723,1.6731,0.50,0.50
2008.01.08 22:27:49.235,1.6723,1.6731,0.50,0.50
2008.01.08 22:27:49.323,1.6722,1.6731,1.00,0.50
2008.01.08 22:27:53.343,1.6723,1.6731,0.50,0.50
2008.01.08 22:27:54.373,1.6723,1.6731,0.50,0.50
2008.01.08 22:27:58.367,1.6723,1.6731,0.50,0.50
2008.01.08 22:27:59.369,1.6723,1.6731,0.50,0.50
2008.01.08 22:28:03.381,1.6723,1.6731,0.50,0.50
2008.01.08 22:28:04.386,1.6723,1.6731,0.50,0.50
2008.01.08 22:28:19.545,1.6725,1.6731,0.50,0.50
2008.01.08 22:28:21.399,1.6725,1.6731,0.50,0.50
2008.01.08 22:28:21.446,1.6724,1.6729,0.50,0.50
2008.01.08 22:28:21.479,1.6724,1.6729,0.50,0.50
2008.01.08 22:28:22.292,1.6724,1.6729,0.50,0.50
2008.01.08 22:28:23.543,1.6724,1.6729,0.50,0.50
2008.01.08 22:28:24.363,1.6724,1.6729,0.50,0.50
2008.01.08 22:28:24.562,1.6724,1.6729,0.50,0.50
2008.01.08 22:28:24.719,1.6723,1.6729,0.50,0.50
2008.01.08 22:28:24.877,1.6723,1.6729,0.50,0.50
2008.01.08 22:28:25.341,1.6722,1.6729,1.00,0.50
2008.01.08 22:28:26.890,1.6723,1.6729,0.50,0.50
2008.01.08 22:28:27.042,1.6723,1.6731,0.50,0.50
2008.01.08 22:28:28.567,1.6723,1.6731,0.50,0.50
2008.01.08 22:28:29.372,1.6723,1.6731,0.50,0.50
2008.01.08 22:28:29.691,1.6723,1.6731,0.50,0.50
2008.01.08 22:28:29.944,1.6723,1.673,0.50,0.50
2008.01.08 22:28:30.198,1.6723,1.673,0.50,0.50
2008.01.08 22:28:31.859,1.6723,1.673,0.50,0.50
2008.01.08 22:28:31.998,1.6723,1.6728,0.50,0.50
2008.01.08 22:28:32.136,1.6723,1.6728,0.50,0.50
2008.01.08 22:28:32.306,1.6723,1.6728,0.50,0.50
2008.01.08 22:28:35.050,1.6723,1.6728,0.50,0.50
2008.01.08 22:28:38.663,1.6723,1.6728,0.50,0.50
2008.01.08 22:28:39.406,1.6723,1.6728,0.50,0.50
2008.01.08 22:28:40.589,1.6723,1.6728,0.50,0.50
2008.01.08 22:28:40.784,1.6723,1.6728,0.50,0.50
2008.01.08 22:28:40.912,1.6723,1.6729,0.50,0.50
2008.01.08 22:28:43.688,1.6723,1.6729,0.50,0.50
2008.01.08 22:28:44.447,1.6723,1.6729,0.50,0.50
2008.01.08 22:28:48.709,1.6723,1.6729,0.50,0.50
2008.01.08 22:28:49.463,1.6723,1.6729,0.50,0.50
2008.01.08 22:28:53.680,1.6723,1.6729,0.50,0.50
2008.01.08 22:28:54.461,1.6723,1.6729,0.50,0.50
2008.01.08 22:28:58.709,1.6723,1.6729,0.50,0.50
2008.01.08 22:28:59.430,1.6723,1.6729,0.50,0.50
2008.01.08 22:29:01.838,1.6723,1.6729,0.50,0.50
2008.01.08 22:29:02.218,1.6723,1.6728,0.50,0.50
2008.01.08 22:29:02.338,1.6723,1.6728,0.50,0.50
2008.01.08 22:29:03.750,1.6723,1.6728,0.50,0.50
2008.01.08 22:29:04.477,1.6723,1.6728,0.50,0.50
2008.01.08 22:29:08.776,1.6723,1.6728,0.50,0.50
2008.01.08 22:29:09.447,1.6723,1.6728,0.50,0.50
2008.01.08 22:29:13.833,1.6723,1.6728,0.50,0.50
2008.01.08 22:29:14.525,1.6723,1.6728,0.50,0.50
2008.01.08 22:29:18.814,1.6723,1.6728,0.50,0.50
2008.01.08 22:29:19.457,1.6723,1.6728,0.50,0.50
2008.01.08 22:29:23.832,1.6723,1.6728,0.50,0.50
2008.01.08 22:29:24.479,1.6723,1.6728,0.50,0.50
2008.01.08 22:29:24.988,1.6723,1.6728,0.50,0.50
2008.01.08 22:29:25.146,1.6721,1.6728,0.50,0.50
2008.01.08 22:29:25.317,1.6721,1.6728,0.50,0.50
2008.01.08 22:29:27.134,1.6721,1.6728,0.50,0.50
2008.01.08 22:29:28.858,1.6721,1.6729,0.50,1.00
2008.01.08 22:29:29.483,1.6721,1.6729,0.50,1.00
2008.01.08 22:29:29.565,1.6721,1.6729,0.50,1.00
2008.01.08 22:29:29.637,1.6723,1.6729,0.50,1.00
2008.01.08 22:29:29.955,1.6723,1.6729,0.50,1.00
2008.01.08 22:29:33.921,1.6723,1.6729,0.50,1.00
2008.01.08 22:29:34.497,1.6723,1.6729,0.50,1.00
2008.01.08 22:29:35.571,1.6723,1.6729,0.50,1.00
2008.01.08 22:29:35.819,1.6721,1.6729,0.50,1.00
2008.01.08 22:29:35.857,1.6721,1.6729,0.50,1.00
2008.01.08 22:29:36.045,1.6721,1.6728,0.50,0.50
2008.01.08 22:29:38.951,1.6721,1.6729,0.50,1.00
2008.01.08 22:29:39.508,1.6721,1.6729,0.50,1.00
2008.01.08 22:29:43.053,1.6721,1.6729,0.50,1.00
2008.01.08 22:29:43.261,1.6723,1.6728,0.50,0.50
2008.01.08 22:29:43.313,1.6723,1.6729,0.50,1.00
2008.01.08 22:29:43.516,1.6723,1.6729,0.50,1.00
2008.01.08 22:29:43.923,1.6723,1.6729,0.50,1.00
2008.01.08 22:29:44.517,1.6723,1.6728,0.50,0.50
2008.01.08 22:29:48.996,1.6723,1.6728,0.50,0.50
2008.01.08 22:29:49.537,1.6723,1.6729,0.50,1.00
2008.01.08 22:29:51.132,1.6723,1.6729,0.50,1.00
2008.01.08 22:29:51.282,1.6722,1.6729,0.50,1.00
2008.01.08 22:29:51.410,1.6722,1.6729,0.50,1.00
2008.01.08 22:29:51.638,1.6722,1.6729,0.50,1.00
2008.01.08 22:29:51.771,1.6721,1.6727,0.50,1.00
2008.01.08 22:29:52.023,1.6721,1.6726,0.50,0.50
2008.01.08 22:29:52.379,1.6721,1.6727,0.50,1.00
2008.01.08 22:29:52.538,1.6721,1.6726,0.50,0.50
2008.01.08 22:29:54.054,1.6721,1.6727,0.50,1.00
2008.01.08 22:29:54.136,1.6721,1.6726,0.50,0.50
2008.01.08 22:29:54.314,1.6721,1.6729,0.50,1.00
2008.01.08 22:29:54.367,1.6721,1.6728,0.50,0.50
2008.01.08 22:29:54.589,1.6721,1.6728,0.50,0.50
2008.01.08 22:29:54.641,1.6721,1.6729,0.50,1.00
2008.01.08 22:29:54.703,1.6722,1.6728,0.50,0.50
2008.01.08 22:29:55.080,1.6722,1.6729,0.50,1.00
2008.01.08 22:29:55.323,1.6721,1.6728,1.00,0.50
2008.01.08 22:29:55.915,1.6722,1.6728,0.50,0.50
2008.01.08 22:29:56.012,1.6721,1.6728,1.00,0.50
2008.01.08 22:29:56.153,1.6721,1.67315,7.60,3.20
2008.01.08 22:29:56.241,1.6721,1.6731,7.60,3.20
2008.01.08 22:29:56.531,1.6722,1.6732,2.60,1.20
2008.01.08 22:29:57.596,1.6721,1.6732,10.70,1.20
2008.01.08 22:29:57.794,1.67205,1.6733,1.80,1.20
2008.01.08 22:29:58.260,1.672,1.6733,10.70,1.20
2008.01.08 22:29:58.359,1.67205,1.6732,0.70,0.50
2008.01.08 22:29:58.599,1.67205,1.6732,1.00,0.50
2008.01.08 22:29:58.768,1.6719,1.6732,10.70,0.50
2008.01.08 22:29:58.871,1.6719,1.67315,1.50,3.20
2008.01.08 22:29:59.092,1.6719,1.67315,1.90,3.20
2008.01.08 22:29:59.384,1.6719,1.67315,2.60,3.20
2008.01.08 22:29:59.983,1.67185,1.67315,10.70,3.20
2008.01.08 22:30:01.633,1.67185,1.67315,10.70,3.20
2008.01.08 22:30:02.172,1.6719,1.67315,1.40,3.20
2008.01.08 22:30:02.285,1.67195,1.6732,1.10,1.60
2008.01.08 22:30:02.398,1.672,1.6732,2.90,1.60
2008.01.08 22:30:02.510,1.67195,1.6732,10.70,1.20
2008.01.08 22:30:02.624,1.672,1.67325,8.70,3.20
2008.01.08 22:30:02.754,1.6722,1.67325,1.70,3.20
2008.01.08 22:30:02.867,1.6722,1.67335,3.60,3.20
2008.01.08 22:30:03.074,1.6722,1.6734,1.20,10.70
2008.01.08 22:30:03.435,1.6722,1.6734,0.70,10.70
2008.01.08 22:30:03.674,1.6722,1.6734,1.60,10.70
2008.01.08 22:30:04.097,1.6721,1.6734,11.10,10.70
2008.01.08 22:30:04.294,1.6721,1.673,4.10,7.10
2008.01.08 22:30:04.529,1.6722,1.673,0.50,7.10
2008.01.08 22:30:05.821,1.6721,1.673,1.00,7.50
2008.01.08 22:30:06.322,1.6721,1.6728,1.00,0.50
2008.01.08 22:30:06.586,1.6722,1.6728,0.50,0.50
2008.01.08 22:30:06.805,1.6722,1.6728,0.50,0.50
2008.01.08 22:30:06.887,1.6723,1.6728,0.50,0.50
2008.01.08 22:30:07.065,1.6722,1.6728,1.00,0.50
2008.01.08 22:30:07.269,1.6722,1.6728,1.00,0.50
2008.01.08 22:30:09.145,1.6723,1.6728,0.50,0.50
2008.01.08 22:30:09.562,1.6723,1.6728,0.50,0.50
2008.01.08 22:30:09.913,1.6723,1.6728,0.50,0.50
2008.01.08 22:30:10.315,1.6722,1.6728,1.00,0.50
2008.01.08 22:30:10.875,1.6722,1.6728,0.50,0.50
2008.01.08 22:30:14.219,1.6721,1.6728,1.00,0.50
2008.01.08 22:30:14.557,1.6722,1.6728,0.50,0.50
2008.01.08 22:30:16.541,1.6722,1.6728,0.50,0.50
2008.01.08 22:30:16.697,1.6723,1.6728,0.50,0.50
2008.01.08 22:30:16.866,1.6722,1.6728,1.00,0.50
2008.01.08 22:30:17.174,1.67225,1.6728,0.80,0.50
2008.01.08 22:30:19.193,1.67225,1.6728,0.80,0.50
2008.01.08 22:30:19.567,1.67225,1.6728,0.80,0.50
2008.01.08 22:30:24.260,1.6723,1.6728,0.50,0.50
2008.01.08 22:30:24.627,1.6723,1.6728,0.50,0.50
2008.01.08 22:30:25.750,1.6723,1.6728,0.50,0.50
2008.01.08 22:30:26.066,1.6723,1.6728,0.50,0.50
2008.01.08 22:30:28.070,1.6723,1.6728,0.50,0.50
2008.01.08 22:30:28.214,1.6723,1.6728,0.50,0.50
2008.01.08 22:30:28.341,1.6722,1.6728,0.50,0.50
2008.01.08 22:30:28.396,1.67215,1.6728,0.80,0.50
2008.01.08 22:30:28.469,1.6722,1.6728,0.50,0.50
2008.01.08 22:30:29.287,1.6722,1.6728,0.50,0.50
2008.01.08 22:30:29.600,1.6722,1.6728,0.50,0.50
2008.01.08 22:30:34.321,1.6722,1.6728,0.50,0.50
2008.01.08 22:30:34.601,1.6722,1.6728,0.50,0.50
2008.01.08 22:30:36.672,1.6722,1.6728,0.50,0.50
2008.01.08 22:30:37.089,1.6722,1.6728,0.50,0.50
2008.01.08 22:30:39.404,1.6722,1.6728,0.50,0.50
2008.01.08 22:30:39.605,1.6722,1.6728,0.50,0.50
2008.01.08 22:30:44.197,1.6723,1.6728,0.50,0.50
2008.01.08 22:30:44.392,1.6723,1.6728,0.50,0.50
2008.01.08 22:30:44.675,1.6723,1.6728,0.50,0.50
2008.01.08 22:30:44.727,1.6723,1.6728,0.50,0.50
2008.01.08 22:30:44.780,1.6723,1.6728,0.50,0.50
2008.01.08 22:30:49.408,1.6723,1.6728,0.50,0.50
2008.01.08 22:30:49.633,1.6723,1.6728,0.50,0.50
2008.01.08 22:30:54.434,1.6723,1.6728,0.50,0.50
2008.01.08 22:30:54.638,1.6723,1.6728,0.50,0.50
2008.01.08 22:30:59.219,1.6723,1.6728,0.50,0.70
2008.01.08 22:30:59.344,1.6722,1.6727,0.50,0.50
2008.01.08 22:30:59.517,1.6722,1.6727,0.50,0.50
2008.01.08 22:30:59.655,1.6722,1.6727,0.50,0.50
2008.01.08 22:31:04.489,1.6722,1.6727,0.50,0.50
2008.01.08 22:31:04.696,1.6722,1.6727,0.50,0.50
2008.01.08 22:31:09.191,1.6722,1.6727,0.60,0.50
2008.01.08 22:31:09.256,1.6722,1.6727,0.60,0.50
2008.01.08 22:31:09.314,1.6723,1.6728,0.50,0.50
2008.01.08 22:31:09.509,1.6723,1.6728,0.50,0.50
2008.01.08 22:31:09.571,1.6723,1.6728,0.50,0.50
2008.01.08 22:31:09.713,1.6723,1.6728,0.50,0.50
2008.01.08 22:31:10.765,1.6723,1.6726,0.50,0.40
2008.01.08 22:31:11.089,1.672,1.6725,0.50,0.50
2008.01.08 22:31:14.525,1.672,1.6725,0.50,0.50
2008.01.08 22:31:15.729,1.67205,1.6725,0.30,0.50
2008.01.08 22:31:15.926,1.6721,1.6726,0.50,0.50
2008.01.08 22:31:16.080,1.6721,1.6726,0.50,0.50
2008.01.08 22:31:16.309,1.6721,1.6726,0.50,0.50
2008.01.08 22:31:18.728,1.67215,1.6726,0.30,0.50
2008.01.08 22:31:18.850,1.67215,1.6727,0.30,0.20
2008.01.08 22:31:18.967,1.67215,1.6728,0.30,0.80
2008.01.08 22:31:19.074,1.67215,1.6728,0.30,0.80
2008.01.08 22:31:19.552,1.67215,1.6728,0.30,0.80
2008.01.08 22:31:20.565,1.6721,1.6728,0.80,0.80
2008.01.08 22:31:24.576,1.6721,1.6728,0.80,0.80
2008.01.08 22:31:24.684,1.6721,1.6728,0.80,0.80
2008.01.08 22:31:29.615,1.6721,1.6728,0.80,0.80
2008.01.08 22:31:31.383,1.6721,1.6728,0.80,0.80
2008.01.08 22:31:32.644,1.6721,1.6727,0.50,0.40
2008.01.08 22:31:32.735,1.672,1.6727,0.80,0.80
2008.01.08 22:31:33.071,1.6719,1.6727,1.30,0.80
2008.01.08 22:31:34.636,1.672,1.6727,0.80,0.80
2008.01.08 22:31:35.700,1.672,1.6727,0.80,0.50
2008.01.08 22:31:35.821,1.672,1.6727,0.80,0.20
2008.01.08 22:31:35.990,1.672,1.67275,0.80,0.40
2008.01.08 22:31:36.914,1.6719,1.6727,1.30,0.40
2008.01.08 22:31:37.022,1.6719,1.6727,1.30,0.60
2008.01.08 22:31:37.211,1.6719,1.6727,1.30,0.80
2008.01.08 22:31:37.349,1.672,1.6726,0.20,0.40
2008.01.08 22:31:37.487,1.6719,1.6726,0.50,0.60
2008.01.08 22:31:37.625,1.6718,1.6726,2.10,0.60
2008.01.08 22:31:38.277,1.6719,1.6725,0.20,0.40
2008.01.08 22:31:38.439,1.6718,1.6725,0.80,0.80
2008.01.08 22:31:38.602,1.6718,1.6725,0.80,0.80
2008.01.08 22:31:39.664,1.6717,1.6725,1.30,0.80
2008.01.08 22:31:40.723,1.6718,1.6725,0.80,0.50
2008.01.08 22:31:41.052,1.6718,1.6725,0.80,0.50
2008.01.08 22:31:41.214,1.6718,1.6725,0.80,0.50
2008.01.08 22:31:41.377,1.6718,1.67255,0.80,0.40
2008.01.08 22:31:41.817,1.6718,1.67245,0.80,0.40
2008.01.08 22:31:41.874,1.6718,1.6724,0.60,0.50
2008.01.08 22:31:42.166,1.6717,1.6724,1.10,0.50
2008.01.08 22:31:43.228,1.6719,1.6724,0.30,0.50
2008.01.08 22:31:43.479,1.6719,1.6724,0.60,0.50
2008.01.08 22:31:43.555,1.6718,1.6724,1.10,0.50
2008.01.08 22:31:44.679,1.6718,1.6724,1.10,0.50
2008.01.08 22:31:49.248,1.67195,1.6724,0.30,0.50
2008.01.08 22:31:49.354,1.67195,1.6726,0.30,0.90
2008.01.08 22:31:49.474,1.672,1.6726,0.50,0.50
2008.01.08 22:31:49.521,1.672,1.6726,0.50,0.50
2008.01.08 22:31:49.709,1.672,1.6726,0.50,0.50
2008.01.08 22:31:54.739,1.672,1.6726,0.50,0.50
2008.01.08 22:31:57.642,1.672,1.6726,0.50,0.50
2008.01.08 22:31:57.830,1.6721,1.6726,0.50,0.50
2008.01.08 22:31:58.592,1.6721,1.6726,0.50,0.50
2008.01.08 22:31:58.681,1.672,1.6726,0.90,0.50
2008.01.08 22:31:58.777,1.672,1.6726,0.50,0.50
2008.01.08 22:31:58.855,1.672,1.6726,0.50,0.50
2008.01.08 22:31:59.025,1.672,1.6726,0.50,0.50
2008.01.08 22:31:59.756,1.672,1.6726,0.50,0.50
2008.01.08 22:32:03.921,1.672,1.6726,0.50,0.50
2008.01.08 22:32:04.322,1.672,1.6726,0.50,0.50
2008.01.08 22:32:04.663,1.67195,1.6726,0.80,0.50
2008.01.08 22:32:04.763,1.672,1.6726,0.50,0.50
2008.01.08 22:32:07.626,1.67205,1.6726,0.30,0.50
2008.01.08 22:32:07.796,1.6721,1.6726,0.50,0.50
2008.01.08 22:32:07.963,1.67205,1.6726,0.80,0.50
2008.01.08 22:32:09.770,1.6721,1.6726,0.50,0.50
2008.01.08 22:32:09.928,1.6721,1.6726,0.50,0.50
2008.01.08 22:32:10.650,1.6721,1.6726,0.50,0.50
2008.01.08 22:32:10.717,1.67195,1.6725,0.80,0.50
2008.01.08 22:32:11.044,1.6719,1.6725,1.30,0.50
2008.01.08 22:32:11.579,1.672,1.6725,0.50,0.50
2008.01.08 22:32:14.763,1.6719,1.6725,1.30,0.50
2008.01.08 22:32:14.951,1.6719,1.6725,1.30,0.50
2008.01.08 22:32:19.781,1.672,1.6725,0.50,0.50
2008.01.08 22:32:19.974,1.6719,1.6725,1.30,0.50
2008.01.08 22:32:24.793,1.6719,1.6725,1.30,0.50
2008.01.08 22:32:25.058,1.6719,1.6725,1.30,0.50
2008.01.08 22:32:25.146,1.67195,1.6725,0.80,0.50
2008.01.08 22:32:25.236,1.67195,1.6726,0.80,0.50
2008.01.08 22:32:25.314,1.67195,1.6726,0.80,0.50
2008.01.08 22:32:29.801,1.67195,1.6726,0.80,0.50
2008.01.08 22:32:30.093,1.67195,1.6726,0.80,0.50
2008.01.08 22:32:34.812,1.672,1.6726,0.50,0.50
2008.01.08 22:32:35.226,1.672,1.6726,0.50,0.50
2008.01.08 22:32:36.878,1.67205,1.6726,0.30,0.50
2008.01.08 22:32:37.068,1.67205,1.6726,0.30,0.50
2008.01.08 22:32:37.166,1.6721,1.6726,0.50,0.50
2008.01.08 22:32:37.416,1.6721,1.6726,0.50,0.50
2008.01.08 22:32:38.662,1.6721,1.6726,0.50,0.50
2008.01.08 22:32:38.905,1.672,1.6726,0.50,0.50
2008.01.08 22:32:39.148,1.67205,1.6726,0.30,0.50
2008.01.08 22:32:39.243,1.67205,1.6727,0.30,0.80
2008.01.08 22:32:39.556,1.67205,1.6727,0.30,0.80
2008.01.08 22:32:39.727,1.67205,1.6727,0.30,0.80
2008.01.08 22:32:39.811,1.672,1.6727,0.80,0.80
2008.01.08 22:32:40.259,1.672,1.6727,0.80,0.80
2008.01.08 22:32:43.627,1.67195,1.67265,0.80,0.40
2008.01.08 22:32:43.783,1.67195,1.6726,0.80,0.50
2008.01.08 22:32:43.937,1.672,1.6726,0.50,0.50
2008.01.08 22:32:44.817,1.672,1.6726,0.50,0.50
2008.01.08 22:32:45.286,1.67195,1.6726,0.80,0.50
2008.01.08 22:32:48.194,1.672,1.6726,0.80,0.50
2008.01.08 22:32:48.258,1.6721,1.6726,0.50,0.50
2008.01.08 22:32:48.347,1.67205,1.6726,0.80,0.50
2008.01.08 22:32:49.437,1.6721,1.6726,0.80,0.50
2008.01.08 22:32:49.715,1.6721,1.673,8.00,0.80
2008.01.08 22:32:49.798,1.6721,1.673,8.00,0.80
2008.01.08 22:32:50.313,1.6721,1.673,8.00,0.80
2008.01.08 22:32:50.971,1.6722,1.673,1.30,0.80
2008.01.08 22:32:51.484,1.6724,1.673,1.00,0.80
2008.01.08 22:32:52.410,1.6724,1.673,0.50,0.80
2008.01.08 22:32:52.530,1.6724,1.6729,0.50,0.50
2008.01.08 22:32:52.581,1.6723,1.6729,1.30,0.50
2008.01.08 22:32:53.971,1.6724,1.673,1.00,0.80
2008.01.08 22:32:54.078,1.6725,1.673,0.50,0.80
2008.01.08 22:32:54.638,1.6725,1.67295,0.50,0.40
2008.01.08 22:32:54.738,1.6723,1.6729,1.00,0.50
2008.01.08 22:32:54.834,1.6723,1.6729,1.00,0.50
2008.01.08 22:32:55.351,1.6724,1.6729,0.50,0.50
2008.01.08 22:32:56.404,1.6723,1.67275,1.00,0.40
2008.01.08 22:32:56.553,1.6722,1.67275,0.20,0.40
2008.01.08 22:32:56.701,1.67205,1.67275,0.30,0.40
2008.01.08 22:32:59.859,1.672,1.67275,0.80,0.40
2008.01.08 22:32:59.946,1.67265,1.6728,0.30,0.50
2008.01.08 22:33:00.036,1.67265,1.6728,0.30,0.50
2008.01.08 22:33:00.135,1.67265,1.6728,0.30,0.20
2008.01.08 22:33:00.222,1.6726,1.6733,0.50,0.40
2008.01.08 22:33:00.409,1.6726,1.6733,0.50,0.40
2008.01.08 22:33:00.647,1.6726,1.6733,0.50,0.40
2008.01.08 22:33:02.054,1.6726,1.6733,0.80,0.40
2008.01.08 22:33:02.934,1.6725,1.6733,1.00,0.40
2008.01.08 22:33:03.061,1.6725,1.6733,1.00,0.40
2008.01.08 22:33:03.124,1.6726,1.6733,0.20,0.40
2008.01.08 22:33:03.202,1.67225,1.6733,0.30,0.40
2008.01.08 22:33:03.277,1.67225,1.6733,0.30,0.40
2008.01.08 22:33:04.870,1.67225,1.6733,0.30,0.40
2008.01.08 22:33:05.413,1.67225,1.6733,0.30,0.40
2008.01.08 22:33:05.915,1.67225,1.6733,0.30,0.40
2008.01.08 22:33:07.459,1.6723,1.6733,1.00,0.40
2008.01.08 22:33:07.511,1.67255,1.67325,0.30,0.40
2008.01.08 22:33:07.563,1.6725,1.67325,0.50,0.40
2008.01.08 22:33:07.757,1.67255,1.67325,0.30,0.40
2008.01.08 22:33:09.869,1.6725,1.67325,0.50,0.40
2008.01.08 22:33:10.445,1.6725,1.67325,0.50,0.40
2008.01.08 22:33:14.941,1.6725,1.67325,0.50,0.40
2008.01.08 22:33:15.477,1.67255,1.67325,0.30,0.40
2008.01.08 22:33:16.274,1.67255,1.67325,0.50,0.40
2008.01.08 22:33:16.675,1.6725,1.6733,1.00,0.60
2008.01.08 22:33:16.855,1.6726,1.6733,0.50,0.60
2008.01.08 22:33:19.884,1.6725,1.6733,1.00,0.60
2008.01.08 22:33:20.510,1.6726,1.6733,0.50,0.60
2008.01.08 22:33:24.908,1.6726,1.6733,0.50,0.60
2008.01.08 22:33:25.601,1.6725,1.6733,1.00,0.60
2008.01.08 22:33:27.954,1.67255,1.67325,0.50,0.40
2008.01.08 22:33:28.209,1.6725,1.67325,0.50,0.40
2008.01.08 22:33:28.246,1.6725,1.67325,0.50,0.40
2008.01.08 22:33:29.907,1.67255,1.67325,0.30,0.40
2008.01.08 22:33:30.639,1.67255,1.67325,0.30,0.40
2008.01.08 22:33:32.528,1.67265,1.6733,0.30,0.60
2008.01.08 22:33:32.596,1.67265,1.6733,0.30,0.60
2008.01.08 22:33:32.676,1.67265,1.6733,0.30,0.40
2008.01.08 22:33:34.923,1.67265,1.6733,0.30,0.40
2008.01.08 22:33:35.643,1.6726,1.67325,0.80,0.40
2008.01.08 22:33:35.811,1.6726,1.67325,0.60,0.40
2008.01.08 22:33:35.979,1.6726,1.67325,0.60,0.40
2008.01.08 22:33:39.953,1.6726,1.67325,0.60,0.40
2008.01.08 22:33:40.702,1.6726,1.67325,0.60,0.40
2008.01.08 22:33:43.004,1.6726,1.67315,0.50,0.40
2008.01.08 22:33:43.100,1.6726,1.67315,0.50,0.40
2008.01.08 22:33:43.133,1.6725,1.67315,0.50,0.40
2008.01.08 22:33:44.933,1.6725,1.67315,0.50,0.40
2008.01.08 22:33:45.743,1.6725,1.67315,0.50,0.40
2008.01.08 22:33:46.055,1.6725,1.673,0.20,0.40
2008.01.08 22:33:46.248,1.6724,1.673,0.50,0.60
2008.01.08 22:33:46.486,1.6724,1.673,0.50,0.60
2008.01.08 22:33:47.608,1.6724,1.673,0.50,0.80
2008.01.08 22:33:48.115,1.6724,1.6729,0.50,0.50
2008.01.08 22:33:49.985,1.6724,1.6729,0.50,0.50
2008.01.08 22:33:50.776,1.6724,1.6729,0.50,0.50
2008.01.08 22:33:54.938,1.6724,1.6729,0.50,0.50
2008.01.08 22:33:55.805,1.6724,1.6729,0.50,0.50
2008.01.08 22:33:59.918,1.6724,1.6729,0.50,0.50
2008.01.08 22:34:00.144,1.6724,1.6729,0.60,0.50
2008.01.08 22:34:00.202,1.6724,1.673,0.60,0.80
2008.01.08 22:34:00.303,1.6725,1.673,0.50,0.50
2008.01.08 22:34:00.516,1.6725,1.673,0.50,0.50
2008.01.08 22:34:00.836,1.6725,1.673,0.50,0.50
2008.01.08 22:34:04.957,1.6725,1.673,0.50,0.50
2008.01.08 22:34:05.913,1.6725,1.673,0.50,0.50
2008.01.08 22:34:07.092,1.6725,1.6731,0.50,1.30
2008.01.08 22:34:08.631,1.6725,1.67305,0.50,0.90
2008.01.08 22:34:08.680,1.6724,1.67305,0.90,0.90
2008.01.08 22:34:08.772,1.6724,1.673,0.50,0.50
2008.01.08 22:34:08.999,1.6724,1.673,0.50,0.50
2008.01.08 22:34:09.964,1.6724,1.67305,0.50,0.90
2008.01.08 22:34:10.996,1.6724,1.67305,0.50,0.90
2008.01.08 22:34:11.659,1.6724,1.6731,0.60,1.30
2008.01.08 22:34:11.867,1.6725,1.6731,0.50,1.30
2008.01.08 22:34:14.978,1.6725,1.6731,0.50,1.30
2008.01.08 22:34:16.028,1.6725,1.673,0.50,0.50
2008.01.08 22:34:20.030,1.6725,1.6731,0.50,1.30
2008.01.08 22:34:20.285,1.6725,1.6731,0.50,1.30
2008.01.08 22:34:21.044,1.6725,1.673,0.50,0.50
2008.01.08 22:34:25.046,1.6725,1.673,0.50,0.50
2008.01.08 22:34:26.101,1.6725,1.673,0.50,0.50
2008.01.08 22:34:30.016,1.6725,1.673,0.50,0.50
2008.01.08 22:34:31.192,1.6725,1.673,0.50,0.50
2008.01.08 22:34:35.073,1.6725,1.673,0.50,0.50
2008.01.08 22:34:36.166,1.6725,1.673,0.50,0.50
2008.01.08 22:34:38.220,1.6724,1.673,0.60,0.50
2008.01.08 22:34:38.579,1.6724,1.673,0.60,0.50
2008.01.08 22:34:38.747,1.6724,1.673,0.50,0.50
2008.01.08 22:34:38.791,1.6724,1.673,0.50,0.50
2008.01.08 22:34:39.581,1.6724,1.67295,0.50,0.40
2008.01.08 22:34:39.833,1.6724,1.6729,0.50,0.50
2008.01.08 22:34:40.086,1.6724,1.6729,0.50,0.50
2008.01.08 22:34:41.202,1.6724,1.6729,0.50,0.50
2008.01.08 22:34:44.655,1.6724,1.6729,0.50,0.50
2008.01.08 22:34:44.820,1.6724,1.6729,0.50,0.50
2008.01.08 22:34:45.034,1.6724,1.6729,0.50,0.50
2008.01.08 22:34:45.583,1.6724,1.6729,0.60,0.50
2008.01.08 22:34:45.800,1.6725,1.673,0.50,0.50
2008.01.08 22:34:46.018,1.6725,1.673,0.50,0.50
2008.01.08 22:34:46.236,1.6725,1.673,0.50,0.50
2008.01.08 22:34:47.152,1.6725,1.673,0.50,0.50
2008.01.08 22:34:47.309,1.6725,1.6731,0.50,0.50
2008.01.08 22:34:47.467,1.6725,1.6731,0.50,0.50
2008.01.08 22:34:47.976,1.6725,1.6731,0.50,0.50
2008.01.08 22:34:50.049,1.6725,1.6731,0.50,0.50
2008.01.08 22:34:51.262,1.6725,1.6731,0.50,0.50
2008.01.08 22:34:53.183,1.6725,1.67315,0.50,0.90
2008.01.08 22:34:55.107,1.6725,1.67315,0.50,0.90
2008.01.08 22:34:55.146,1.6725,1.6731,0.60,0.50
2008.01.08 22:34:55.218,1.6726,1.6731,0.50,0.50
2008.01.08 22:34:55.338,1.6726,1.6731,0.50,0.50
2008.01.08 22:34:55.562,1.6726,1.6731,0.50,0.70
2008.01.08 22:34:55.753,1.6725,1.673,0.50,0.50
2008.01.08 22:34:55.853,1.6725,1.6731,0.50,1.30
2008.01.08 22:34:56.185,1.6725,1.673,0.50,0.50
2008.01.08 22:34:59.005,1.6725,1.673,0.50,0.50
2008.01.08 22:35:00.057,1.6725,1.6731,0.50,1.30
2008.01.08 22:35:01.130,1.6725,1.6732,0.50,1.30
2008.01.08 22:35:01.299,1.6725,1.6731,0.50,0.70
2008.01.08 22:35:01.698,1.6725,1.6731,0.50,0.50
2008.01.08 22:35:01.864,1.6725,1.67315,0.50,0.90
2008.01.08 22:35:02.637,1.6725,1.6731,0.60,0.50
2008.01.08 22:35:02.849,1.6725,1.6732,0.80,1.30
2008.01.08 22:35:05.071,1.6725,1.6732,0.80,1.30
2008.01.08 22:35:06.361,1.6725,1.6731,0.80,0.50
2008.01.08 22:35:10.093,1.6725,1.6732,0.80,1.30
2008.01.08 22:35:10.242,1.67255,1.6732,0.30,1.00
2008.01.08 22:35:10.443,1.6726,1.6732,0.50,1.00
2008.01.08 22:35:11.438,1.6726,1.6732,0.50,1.00
2008.01.08 22:35:15.082,1.6726,1.6732,0.50,1.00
2008.01.08 22:35:16.475,1.6726,1.6731,0.50,0.50
2008.01.08 22:35:20.091,1.6726,1.6731,0.50,0.50
2008.01.08 22:35:21.539,1.6726,1.6731,0.50,0.50
2008.01.08 22:35:22.963,1.6726,1.6732,0.50,1.20
2008.01.08 22:35:25.103,1.6726,1.6731,0.50,0.50
2008.01.08 22:35:26.621,1.6726,1.6731,0.50,0.50
2008.01.08 22:35:28.151,1.6727,1.6731,0.30,0.50
2008.01.08 22:35:28.372,1.6727,1.6733,0.30,0.70
2008.01.08 22:35:28.442,1.6727,1.6734,0.50,0.60
2008.01.08 22:35:28.576,1.6727,1.6734,0.50,0.60
2008.01.08 22:35:30.171,1.6727,1.6734,0.50,0.60
2008.01.08 22:35:31.602,1.6727,1.6734,0.50,0.60
2008.01.08 22:35:35.120,1.6727,1.6734,0.50,0.60
2008.01.08 22:35:36.625,1.6727,1.6735,0.50,1.10
2008.01.08 22:35:40.176,1.6727,1.6735,0.50,1.10
2008.01.08 22:35:41.652,1.6727,1.6734,0.50,0.60
2008.01.08 22:35:45.143,1.6727,1.6734,0.50,0.60
2008.01.08 22:35:46.677,1.6727,1.6734,0.50,0.60
2008.01.08 22:35:49.649,1.6727,1.67335,0.20,0.40
2008.01.08 22:35:49.789,1.67265,1.67335,0.30,0.40
2008.01.08 22:35:49.902,1.67265,1.67335,0.30,0.40
2008.01.08 22:35:50.112,1.67265,1.67335,0.30,0.40
2008.01.08 22:35:50.269,1.6726,1.6733,0.50,0.60
2008.01.08 22:35:50.382,1.6726,1.6733,0.50,0.60
2008.01.08 22:35:51.700,1.6726,1.6733,0.50,0.60
2008.01.08 22:35:55.212,1.6726,1.6733,0.50,0.60
2008.01.08 22:35:56.735,1.6726,1.6733,0.50,0.60
2008.01.08 22:36:00.209,1.6726,1.6733,0.50,0.60
2008.01.08 22:36:01.164,1.6727,1.6733,0.30,0.20
2008.01.08 22:36:01.397,1.6727,1.6734,0.50,0.60
2008.01.08 22:36:01.595,1.6727,1.6734,0.50,0.60
2008.01.08 22:36:02.103,1.6727,1.67335,0.20,0.40
2008.01.08 22:36:02.300,1.67265,1.67335,0.30,0.40
2008.01.08 22:36:02.575,1.67265,1.67335,0.30,0.40
2008.01.08 22:36:04.353,1.67265,1.6734,0.30,0.60
2008.01.08 22:36:05.176,1.67265,1.67335,0.30,0.40
2008.01.08 22:36:06.781,1.67265,1.6734,0.30,0.60
2008.01.08 22:36:10.199,1.67265,1.6734,0.30,0.60
2008.01.08 22:36:11.851,1.67265,1.67335,0.30,0.40
2008.01.08 22:36:13.308,1.67265,1.6734,0.30,0.60
2008.01.08 22:36:15.191,1.67265,1.6734,0.30,0.60
2008.01.08 22:36:15.599,1.6727,1.6734,0.30,0.60
2008.01.08 22:36:15.746,1.6727,1.6735,0.50,1.10
2008.01.08 22:36:15.900,1.6727,1.6734,0.50,0.60
2008.01.08 22:36:16.822,1.6727,1.6734,0.50,0.60
2008.01.08 22:36:20.208,1.6727,1.6735,0.50,1.10
2008.01.08 22:36:21.894,1.6727,1.6735,0.50,1.10
2008.01.08 22:36:25.261,1.6727,1.6734,0.50,0.60
2008.01.08 22:36:26.962,1.6727,1.6735,0.50,1.10
2008.01.08 22:36:30.264,1.6727,1.6734,0.50,0.60
2008.01.08 22:36:31.683,1.6727,1.67335,0.20,0.40
2008.01.08 22:36:31.802,1.6727,1.67335,0.20,0.40
2008.01.08 22:36:31.853,1.67265,1.67335,0.30,0.40
2008.01.08 22:36:31.992,1.67265,1.67335,0.30,0.40
2008.01.08 22:36:35.235,1.67265,1.67335,0.30,0.40
2008.01.08 22:36:36.353,1.6726,1.6734,0.20,0.20
2008.01.08 22:36:36.505,1.67235,1.67345,0.30,0.40
2008.01.08 22:36:36.658,1.67235,1.67345,0.30,0.40
2008.01.08 22:36:37.013,1.67235,1.67345,0.30,0.40
2008.01.08 22:36:40.236,1.67235,1.67345,0.30,0.40
2008.01.08 22:36:42.035,1.67235,1.67345,0.30,0.40
2008.01.08 22:36:43.474,1.67235,1.67345,0.30,0.40
2008.01.08 22:36:45.249,1.6723,1.67345,7.90,0.40
2008.01.08 22:36:47.112,1.6723,1.67345,7.90,0.40
2008.01.08 22:36:47.865,1.6723,1.67305,7.90,0.40
2008.01.08 22:36:47.978,1.67235,1.67305,0.30,0.40
2008.01.08 22:36:48.091,1.67235,1.67305,0.30,0.40
2008.01.08 22:36:48.545,1.67235,1.67305,0.30,0.40
2008.01.08 22:36:50.070,1.6723,1.67305,0.80,0.40
2008.01.08 22:36:50.261,1.67235,1.67305,0.30,0.40
2008.01.08 22:36:52.092,1.6723,1.67305,0.80,0.40
2008.01.08 22:36:55.304,1.6723,1.67305,0.80,0.40
2008.01.08 22:36:55.650,1.6723,1.6731,0.80,0.80
2008.01.08 22:36:55.851,1.6723,1.6731,0.80,0.80
2008.01.08 22:36:56.003,1.67245,1.6731,0.30,0.80
2008.01.08 22:36:57.100,1.67245,1.6731,0.30,0.80
2008.01.08 22:36:58.366,1.6724,1.6731,0.80,0.80
2008.01.08 22:36:59.114,1.67245,1.6731,0.30,0.80
2008.01.08 22:37:00.261,1.67245,1.6731,0.30,0.80
2008.01.08 22:37:02.131,1.6724,1.6731,0.80,0.80
2008.01.08 22:37:02.738,1.67245,1.6731,0.80,0.80
2008.01.08 22:37:05.333,1.67245,1.6731,0.80,0.80
2008.01.08 22:37:06.115,1.67245,1.6731,0.80,0.80
2008.01.08 22:37:07.200,1.67245,1.6731,0.80,0.80
2008.01.08 22:37:10.280,1.67245,1.6731,0.80,0.80
2008.01.08 22:37:12.248,1.67245,1.6731,0.80,0.80
2008.01.08 22:37:15.306,1.6726,1.6731,0.50,0.80
2008.01.08 22:37:17.321,1.6726,1.6731,0.50,0.80
2008.01.08 22:37:18.591,1.6726,1.6731,0.50,0.50
2008.01.08 22:37:18.924,1.6727,1.6732,0.50,0.70
2008.01.08 22:37:19.100,1.6727,1.6732,0.50,0.70
2008.01.08 22:37:20.353,1.6727,1.6732,0.50,0.70
2008.01.08 22:37:22.339,1.6727,1.6732,0.50,0.70
2008.01.08 22:37:25.307,1.6727,1.6732,0.50,0.70
2008.01.08 22:37:27.420,1.6727,1.6732,0.50,0.70
2008.01.08 22:37:30.319,1.6727,1.6732,0.50,0.70
2008.01.08 22:37:32.391,1.6727,1.6732,0.50,0.70
2008.01.08 22:37:35.332,1.6727,1.6732,0.50,0.70
2008.01.08 22:37:37.469,1.6727,1.6732,0.50,0.70
2008.01.08 22:37:40.384,1.6727,1.6732,0.50,0.70
2008.01.08 22:37:40.816,1.67255,1.6732,0.80,0.70
2008.01.08 22:37:42.443,1.6727,1.6732,0.50,0.70
2008.01.08 22:37:45.348,1.6727,1.6732,0.50,0.70
2008.01.08 22:37:47.527,1.6727,1.6732,0.50,0.70
2008.01.08 22:38:01.320,1.6726,1.6732,0.50,0.50
2008.01.08 22:38:01.535,1.6726,1.6732,1.00,0.50
2008.01.08 22:38:02.545,1.6726,1.6732,1.00,0.50
2008.01.08 22:38:05.380,1.6727,1.6732,0.50,0.50
2008.01.08 22:38:07.577,1.6726,1.6732,1.00,0.50
2008.01.08 22:38:10.407,1.6726,1.6732,1.00,0.50
2008.01.08 22:38:12.609,1.6726,1.6732,1.00,0.50
2008.01.08 22:38:15.404,1.6726,1.6732,1.00,0.50
2008.01.08 22:38:17.676,1.6727,1.6732,0.50,0.50
2008.01.08 22:38:20.403,1.6726,1.6732,1.00,0.50
2008.01.08 22:38:21.064,1.6726,1.6732,1.00,0.50
2008.01.08 22:38:21.248,1.67265,1.6733,0.80,0.50
2008.01.08 22:38:21.453,1.6726,1.6733,0.50,0.50
2008.01.08 22:38:22.654,1.6726,1.6733,0.50,0.50
2008.01.08 22:38:23.641,1.67265,1.6733,0.50,0.50
2008.01.08 22:38:23.800,1.6726,1.6733,1.30,0.50
2008.01.08 22:38:23.958,1.6728,1.6733,0.50,0.50
2008.01.08 22:38:25.353,1.6727,1.6733,1.30,0.50
2008.01.08 22:38:27.690,1.6728,1.6733,0.50,0.50
2008.01.08 22:38:30.421,1.6728,1.6733,0.50,0.50
2008.01.08 22:38:30.758,1.6728,1.6733,0.50,0.50
2008.01.08 22:38:32.772,1.6728,1.6733,0.50,0.50
2008.01.08 22:38:35.439,1.6728,1.6733,0.50,0.50
2008.01.08 22:38:37.103,1.6728,1.6733,0.50,0.50
2008.01.08 22:38:37.745,1.6728,1.6733,0.50,0.50
2008.01.08 22:38:38.626,1.6728,1.6733,0.60,0.50
2008.01.08 22:38:38.920,1.6729,1.6735,0.50,0.80
2008.01.08 22:38:39.248,1.6729,1.6735,0.50,0.80
2008.01.08 22:38:39.667,1.6729,1.67345,0.50,0.40
2008.01.08 22:38:39.776,1.67275,1.67345,0.30,0.40
2008.01.08 22:38:39.878,1.67275,1.67345,0.30,0.40
2008.01.08 22:38:40.434,1.67275,1.67345,0.30,0.40
2008.01.08 22:38:42.008,1.67275,1.67345,0.30,0.40
2008.01.08 22:38:42.782,1.67275,1.67345,0.30,0.40
2008.01.08 22:38:45.503,1.67275,1.67345,0.30,0.40
2008.01.08 22:38:47.862,1.67275,1.67345,0.30,0.40
2008.01.08 22:38:49.623,1.6728,1.6735,0.30,0.80
2008.01.08 22:38:49.721,1.6728,1.6735,0.60,0.80
2008.01.08 22:38:49.770,1.6728,1.6735,0.60,0.80
2008.01.08 22:38:49.801,1.6729,1.6735,0.50,0.80
2008.01.08 22:38:50.453,1.6729,1.6735,0.50,0.80
2008.01.08 22:38:50.665,1.6729,1.6734,0.50,0.40
2008.01.08 22:38:50.998,1.6728,1.6733,0.50,0.50
2008.01.08 22:38:51.408,1.6728,1.6733,0.50,0.50
2008.01.08 22:38:52.836,1.6728,1.6733,0.50,0.50
2008.01.08 22:38:53.161,1.6728,1.6734,0.60,1.00
2008.01.08 22:38:53.289,1.6728,1.6734,0.80,1.00
2008.01.08 22:38:53.417,1.6729,1.6735,0.50,0.80
2008.01.08 22:38:53.781,1.6729,1.6735,0.50,0.80
2008.01.08 22:38:55.481,1.6729,1.6736,0.50,1.30
2008.01.08 22:38:57.963,1.6729,1.6735,0.50,0.80
2008.01.08 22:38:58.015,1.6729,1.67345,0.50,0.40
2008.01.08 22:38:58.231,1.67275,1.67345,0.30,0.40
2008.01.08 22:38:58.449,1.67275,1.6735,0.30,0.90
2008.01.08 22:39:00.149,1.6728,1.6735,0.50,0.90
2008.01.08 22:39:00.267,1.6728,1.6736,0.60,1.30
2008.01.08 22:39:00.325,1.6728,1.6735,0.80,0.80
2008.01.08 22:39:00.383,1.6729,1.6735,0.50,0.80
2008.01.08 22:39:00.510,1.6729,1.6735,0.50,0.80
2008.01.08 22:39:01.671,1.6728,1.6736,0.80,1.30
2008.01.08 22:39:01.983,1.6729,1.6736,0.50,1.30
2008.01.08 22:39:02.936,1.6729,1.6735,0.50,0.80
2008.01.08 22:39:03.369,1.6729,1.6736,0.50,1.30
2008.01.08 22:39:05.530,1.6729,1.6735,0.50,0.80
2008.01.08 22:39:08.042,1.6729,1.6736,0.50,1.30
2008.01.08 22:39:09.183,1.6729,1.6736,0.50,1.30
2008.01.08 22:39:10.492,1.6729,1.6736,0.50,1.30
2008.01.08 22:39:13.089,1.6729,1.6735,0.50,0.80
2008.01.08 22:39:15.158,1.6729,1.6735,0.50,0.90
2008.01.08 22:39:15.313,1.6729,1.6734,0.50,1.20
2008.01.08 22:39:15.431,1.6729,1.6733,0.50,0.50
2008.01.08 22:39:15.553,1.6729,1.6734,0.50,1.20
2008.01.08 22:39:15.763,1.6728,1.6733,0.50,0.50
2008.01.08 22:39:16.011,1.6728,1.6734,0.50,1.30
2008.01.08 22:39:16.535,1.6728,1.6733,0.50,0.50
2008.01.08 22:39:16.783,1.6728,1.6733,0.50,0.90
2008.01.08 22:39:17.032,1.67255,1.6732,0.30,0.40
2008.01.08 22:39:17.154,1.67255,1.6732,0.30,0.40
2008.01.08 22:39:18.102,1.67255,1.6733,0.30,0.90
2008.01.08 22:39:18.898,1.67265,1.6733,0.30,0.50
2008.01.08 22:39:19.070,1.67265,1.6733,0.30,0.50
2008.01.08 22:39:19.244,1.6727,1.6733,0.50,0.50
2008.01.08 22:39:19.406,1.6728,1.6734,0.50,1.30
2008.01.08 22:39:20.514,1.6728,1.6734,0.50,1.30
2008.01.08 22:39:23.190,1.6728,1.6733,0.50,0.50
2008.01.08 22:39:24.610,1.6728,1.6733,0.50,0.50
2008.01.08 22:39:24.774,1.6728,1.67345,0.90,0.40
2008.01.08 22:39:24.822,1.6728,1.67345,0.90,0.40
2008.01.08 22:39:24.870,1.6728,1.67345,0.50,0.40
2008.01.08 22:39:24.919,1.6728,1.6735,0.80,0.80
2008.01.08 22:39:25.006,1.6728,1.6735,0.80,0.80
2008.01.08 22:39:25.301,1.6729,1.6735,0.50,0.80
2008.01.08 22:39:25.363,1.6729,1.6735,0.50,0.80
2008.01.08 22:39:25.514,1.6729,1.6735,0.50,0.80
2008.01.08 22:39:28.271,1.6729,1.6735,0.50,0.80
2008.01.08 22:39:29.367,1.6729,1.6736,0.50,1.30
2008.01.08 22:39:30.322,1.6729,1.6735,0.50,0.80
2008.01.08 22:39:30.532,1.6729,1.6736,0.50,1.30
2008.01.08 22:39:33.305,1.6729,1.6735,0.50,0.80
2008.01.08 22:39:34.154,1.6729,1.6735,0.50,0.90
2008.01.08 22:39:34.276,1.67275,1.67345,0.30,0.60
2008.01.08 22:39:34.399,1.67275,1.6734,0.30,1.00
2008.01.08 22:39:34.522,1.67275,1.6734,0.30,1.00
2008.01.08 22:39:34.644,1.6727,1.6734,0.80,1.30
2008.01.08 22:39:34.812,1.6728,1.6734,0.50,1.30
2008.01.08 22:39:34.934,1.6728,1.6734,0.50,1.30
2008.01.08 22:39:35.334,1.6728,1.6734,0.50,1.30
2008.01.08 22:39:35.542,1.6728,1.6734,0.50,1.30
2008.01.08 22:39:35.915,1.6728,1.6734,0.50,1.00
2008.01.08 22:39:36.129,1.6728,1.6734,0.60,1.00
2008.01.08 22:39:36.308,1.6729,1.6736,0.50,1.30
2008.01.08 22:39:36.486,1.6729,1.6736,0.50,1.30
2008.01.08 22:39:36.663,1.6729,1.6736,0.50,1.30
2008.01.08 22:39:38.375,1.6729,1.6735,0.50,0.80
2008.01.08 22:39:38.918,1.6729,1.6735,0.50,0.90
2008.01.08 22:39:39.087,1.6729,1.6735,0.50,1.10
2008.01.08 22:39:39.350,1.6728,1.6734,0.50,1.30
2008.01.08 22:39:40.051,1.6728,1.6734,0.50,1.30
2008.01.08 22:39:40.539,1.6728,1.6734,0.50,1.30
2008.01.08 22:39:43.349,1.6728,1.6734,0.50,1.30
2008.01.08 22:39:43.603,1.6728,1.6733,0.60,0.50
2008.01.08 22:39:43.772,1.6729,1.6736,0.50,1.30
2008.01.08 22:39:43.988,1.6729,1.6736,0.50,1.30
2008.01.08 22:39:44.150,1.6729,1.6736,0.50,1.30
2008.01.08 22:39:45.569,1.6729,1.6735,0.50,0.80
2008.01.08 22:39:47.127,1.6729,1.6735,0.50,0.90
2008.01.08 22:39:47.320,1.67275,1.67345,0.30,0.40
2008.01.08 22:39:48.306,1.67275,1.67345,0.30,0.40
2008.01.08 22:39:50.618,1.67275,1.6735,0.30,0.90
2008.01.08 22:39:53.407,1.67275,1.6735,0.30,0.90
2008.01.08 22:39:55.192,1.67275,1.6734,0.30,1.00
2008.01.08 22:39:55.620,1.67275,1.6734,0.30,1.00
2008.01.08 22:39:55.672,1.6727,1.6733,0.80,0.50
2008.01.08 22:39:55.725,1.6728,1.6734,0.50,1.30
2008.01.08 22:39:55.779,1.6728,1.6733,0.50,0.50
2008.01.08 22:39:56.274,1.6728,1.6733,0.50,0.50
2008.01.08 22:39:57.613,1.6728,1.6733,0.50,0.50
2008.01.08 22:39:57.805,1.67275,1.6735,0.30,0.90
2008.01.08 22:39:57.868,1.67275,1.6735,0.30,0.90
2008.01.08 22:39:58.471,1.67275,1.67345,0.30,0.40
2008.01.08 22:40:00.636,1.67275,1.67345,0.30,0.40
2008.01.08 22:40:03.548,1.67275,1.67345,0.30,0.40
2008.01.08 22:40:05.601,1.67275,1.67345,0.30,0.40
2008.01.08 22:40:05.656,1.6727,1.6734,0.80,0.40
2008.01.08 22:40:05.766,1.6727,1.6734,0.80,0.40
2008.01.08 22:40:05.831,1.6728,1.6733,0.50,0.50
2008.01.08 22:40:07.298,1.6728,1.6733,0.50,0.50
2008.01.08 22:40:08.201,1.6728,1.6733,0.50,0.70
2008.01.08 22:40:08.375,1.6728,1.6733,0.50,0.80
2008.01.08 22:40:08.516,1.6726,1.6733,0.50,0.80
2008.01.08 22:40:08.652,1.6726,1.6733,0.50,0.80
2008.01.08 22:40:10.615,1.6726,1.6733,0.50,0.80
2008.01.08 22:40:13.551,1.6726,1.6733,0.50,0.80
2008.01.08 22:40:15.609,1.6726,1.6733,0.50,0.80
2008.01.08 22:40:18.613,1.6726,1.6733,0.50,0.80
2008.01.08 22:40:20.667,1.6726,1.6733,0.50,0.80
2008.01.08 22:40:21.517,1.6725,1.6733,1.00,0.80
2008.01.08 22:40:23.652,1.6726,1.6733,0.50,0.80
2008.01.08 22:40:25.628,1.6726,1.6733,0.50,0.80
2008.01.08 22:40:28.325,1.6726,1.6733,0.50,0.50
2008.01.08 22:40:28.387,1.6726,1.6733,0.50,0.50
2008.01.08 22:40:28.451,1.6726,1.6733,1.30,0.50
2008.01.08 22:40:28.513,1.6727,1.6733,1.30,0.50
2008.01.08 22:40:28.660,1.6727,1.6733,1.30,0.50
2008.01.08 22:40:29.690,1.6727,1.6733,1.00,0.50
2008.01.08 22:40:29.918,1.67265,1.6733,0.30,0.50
2008.01.08 22:40:30.088,1.6726,1.6733,0.50,0.50
2008.01.08 22:40:30.312,1.67255,1.67325,0.50,0.40
2008.01.08 22:40:30.595,1.67255,1.67325,0.50,0.40
2008.01.08 22:40:30.695,1.6725,1.67325,0.50,0.40
2008.01.08 22:40:33.153,1.6725,1.6733,0.50,0.80
2008.01.08 22:40:33.361,1.6725,1.6733,0.50,0.80
2008.01.08 22:40:33.622,1.6724,1.6732,1.30,0.40
2008.01.08 22:40:33.716,1.6724,1.6732,1.30,0.40
2008.01.08 22:40:33.803,1.6725,1.6732,0.50,0.60
2008.01.08 22:40:34.088,1.6725,1.6732,0.50,0.60
2008.01.08 22:40:34.594,1.6725,1.6732,0.50,0.60
2008.01.08 22:40:35.650,1.6723,1.6732,7.60,0.60
2008.01.08 22:40:35.816,1.6725,1.6732,0.50,0.20
2008.01.08 22:40:36.024,1.6725,1.6732,0.50,0.20
2008.01.08 22:40:36.132,1.6723,1.67325,1.00,0.40
2008.01.08 22:40:36.947,1.6726,1.6733,0.50,0.20
2008.01.08 22:40:37.275,1.6723,1.6734,1.50,0.60
2008.01.08 22:40:37.423,1.6727,1.6734,0.50,0.60
2008.01.08 22:40:38.304,1.6725,1.6732,0.50,0.40
2008.01.08 22:40:38.497,1.6724,1.6732,1.30,0.60
2008.01.08 22:40:38.685,1.6725,1.6732,0.50,0.60
2008.01.08 22:40:38.873,1.6725,1.6732,0.50,0.60
2008.01.08 22:40:40.655,1.6725,1.6732,0.50,0.60
2008.01.08 22:40:43.606,1.6725,1.6732,0.50,0.20
2008.01.08 22:40:43.824,1.6725,1.67325,0.80,0.40
2008.01.08 22:40:45.306,1.67255,1.67325,0.30,0.40
2008.01.08 22:40:45.650,1.6725,1.67325,0.80,0.40
2008.01.08 22:40:48.843,1.6725,1.67325,0.80,0.40
2008.01.08 22:40:49.937,1.67265,1.6733,0.30,0.80
2008.01.08 22:40:50.186,1.67265,1.6733,0.30,0.80
2008.01.08 22:40:50.434,1.6728,1.6733,0.50,0.80
2008.01.08 22:40:53.869,1.6728,1.6733,0.50,0.80
2008.01.08 22:40:55.679,1.6728,1.6733,0.50,0.80
2008.01.08 22:40:58.646,1.6728,1.67325,0.50,0.40
2008.01.08 22:40:58.797,1.6728,1.67325,0.50,0.40
2008.01.08 22:40:58.931,1.67255,1.67325,0.30,0.40
2008.01.08 22:41:00.691,1.67255,1.6731,0.30,0.50
2008.01.08 22:41:00.926,1.6725,1.6731,0.80,0.50
2008.01.08 22:41:01.032,1.6725,1.6731,0.80,0.50
2008.01.08 22:41:01.347,1.6726,1.6731,0.50,0.50
2008.01.08 22:41:01.590,1.6726,1.6731,0.50,0.50
2008.01.08 22:41:02.047,1.6725,1.6731,0.80,0.50
2008.01.08 22:41:02.291,1.6726,1.6731,0.50,0.50
2008.01.08 22:41:03.961,1.6726,1.6731,0.50,0.50
2008.01.08 22:41:04.626,1.6726,1.6731,0.50,0.50
2008.01.08 22:41:05.713,1.6726,1.6731,0.50,0.50
2008.01.08 22:41:06.111,1.6726,1.6731,0.50,0.50
2008.01.08 22:41:06.202,1.67255,1.67325,0.30,0.40
2008.01.08 22:41:06.352,1.67255,1.67325,0.30,0.40
2008.01.08 22:41:06.558,1.67255,1.67325,0.30,0.40
2008.01.08 22:41:08.891,1.67255,1.6731,0.30,0.50
2008.01.08 22:41:08.969,1.6725,1.6731,0.80,0.50
2008.01.08 22:41:09.100,1.6726,1.6731,0.50,0.50
2008.01.08 22:41:09.309,1.6726,1.6731,0.50,0.50
2008.01.08 22:41:09.512,1.6726,1.6731,0.50,0.50
2008.01.08 22:41:10.699,1.6726,1.6731,0.50,0.50
2008.01.08 22:41:11.913,1.6726,1.673,0.50,0.50
2008.01.08 22:41:11.976,1.6726,1.673,0.50,0.50
2008.01.08 22:41:12.116,1.6725,1.673,0.80,0.50
2008.01.08 22:41:12.402,1.6725,1.673,0.80,0.50
2008.01.08 22:41:14.028,1.6725,1.673,0.80,0.50
2008.01.08 22:41:15.357,1.6725,1.673,1.00,0.50
2008.01.08 22:41:15.578,1.6725,1.6731,1.00,0.50
2008.01.08 22:41:15.796,1.6726,1.6731,0.50,0.50
2008.01.08 22:41:18.475,1.6726,1.67305,0.50,0.40
2008.01.08 22:41:18.578,1.6726,1.6729,0.50,0.50
2008.01.08 22:41:18.746,1.6725,1.6729,0.50,0.50
2008.01.08 22:41:18.889,1.6725,1.6729,0.50,0.50
2008.01.08 22:41:19.047,1.6725,1.6729,0.50,0.50
2008.01.08 22:41:19.149,1.6725,1.6729,0.50,0.50
2008.01.08 22:41:19.361,1.6724,1.6729,0.50,0.50
2008.01.08 22:41:20.718,1.6724,1.6729,0.50,0.50
2008.01.08 22:41:22.621,1.6724,1.6729,0.50,0.70
2008.01.08 22:41:22.929,1.6724,1.6728,0.50,0.40
2008.01.08 22:41:23.025,1.6724,1.6728,0.50,0.40
2008.01.08 22:41:23.094,1.6724,1.6728,0.50,0.40
2008.01.08 22:41:23.194,1.6724,1.6728,0.50,0.40
2008.01.08 22:41:23.262,1.67175,1.6728,0.30,0.40
2008.01.08 22:41:23.329,1.67175,1.6728,0.30,0.40
2008.01.08 22:41:24.078,1.67175,1.6728,0.30,0.40
2008.01.08 22:41:24.740,1.67175,1.6728,0.30,0.40
2008.01.08 22:41:25.732,1.67175,1.6728,0.30,0.40
2008.01.08 22:41:29.167,1.67175,1.6728,0.30,0.40
2008.01.08 22:41:30.804,1.67175,1.6728,0.30,0.40
2008.01.08 22:41:31.445,1.67175,1.67245,0.30,0.40
2008.01.08 22:41:31.564,1.67175,1.67245,0.30,0.40
2008.01.08 22:41:31.681,1.67175,1.67245,0.30,0.40
2008.01.08 22:41:31.815,1.67175,1.67245,0.30,0.40
2008.01.08 22:41:33.504,1.67175,1.67245,0.30,0.40
2008.01.08 22:41:34.059,1.67175,1.67245,0.30,0.40
2008.01.08 22:41:34.263,1.67175,1.67245,0.30,0.40
2008.01.08 22:41:35.742,1.67175,1.67245,0.30,0.40
2008.01.08 22:41:36.429,1.6717,1.67245,0.50,0.40
2008.01.08 22:41:36.627,1.6714,1.67245,3.20,0.40
2008.01.08 22:41:36.826,1.6711,1.67225,1.20,3.20
2008.01.08 22:41:37.546,1.6711,1.67225,1.20,3.20
2008.01.08 22:41:38.043,1.6717,1.67225,7.10,3.20
2008.01.08 22:41:38.242,1.6717,1.67225,7.10,3.20
2008.01.08 22:41:38.452,1.6717,1.67225,7.10,3.20
2008.01.08 22:41:38.768,1.6717,1.67245,7.10,0.40
2008.01.08 22:41:39.038,1.6717,1.67245,7.10,0.40
2008.01.08 22:41:39.170,1.6717,1.67245,7.10,0.40
2008.01.08 22:41:39.325,1.6717,1.67245,7.10,0.40
2008.01.08 22:41:40.128,1.6716,1.67245,3.20,0.40
2008.01.08 22:41:40.312,1.6716,1.67245,3.20,0.40
2008.01.08 22:41:40.543,1.6716,1.67245,3.20,0.40
2008.01.08 22:41:40.759,1.6716,1.67245,3.20,0.40
2008.01.08 22:41:41.440,1.6715,1.67245,7.10,0.40
2008.01.08 22:41:42.570,1.6715,1.67225,7.10,3.20
2008.01.08 22:41:42.673,1.6711,1.67225,1.20,3.20
2008.01.08 22:41:44.194,1.6711,1.67225,1.20,3.20
2008.01.08 22:41:45.517,1.6711,1.67225,1.20,3.20
2008.01.08 22:41:45.624,1.6713,1.67225,7.10,3.20
2008.01.08 22:41:45.801,1.6713,1.67225,7.10,3.20
2008.01.08 22:41:45.906,1.6713,1.67245,7.10,0.40
2008.01.08 22:41:46.536,1.6713,1.67225,7.10,3.20
2008.01.08 22:41:46.644,1.6711,1.67225,7.10,3.20
2008.01.08 22:41:46.897,1.6711,1.67225,7.10,3.20
2008.01.08 22:41:47.493,1.6711,1.67225,7.10,3.20
2008.01.08 22:41:47.746,1.6713,1.67225,0.50,3.20
2008.01.08 22:41:47.857,1.6713,1.6723,0.50,7.50
2008.01.08 22:41:47.941,1.6713,1.6723,0.50,0.50
2008.01.08 22:41:48.023,1.6714,1.6721,0.50,0.50
2008.01.08 22:41:48.106,1.6714,1.6721,0.50,0.50
2008.01.08 22:41:48.544,1.6714,1.6719,0.50,0.50
2008.01.08 22:41:49.224,1.6714,1.6719,0.50,0.50
2008.01.08 22:41:50.529,1.6714,1.6719,0.50,0.50
2008.01.08 22:41:50.831,1.6714,1.6719,0.50,0.50
2008.01.08 22:41:51.045,1.6714,1.6719,0.50,0.50
2008.01.08 22:41:51.353,1.6714,1.6719,0.50,0.50
2008.01.08 22:41:51.728,1.6714,1.6719,0.50,0.50
2008.01.08 22:41:53.643,1.6713,1.6719,1.00,0.50
2008.01.08 22:41:53.793,1.6714,1.672,0.50,0.50
2008.01.08 22:41:53.901,1.6713,1.672,1.00,0.50
2008.01.08 22:41:54.017,1.6713,1.672,1.00,0.50
2008.01.08 22:41:54.125,1.6714,1.6719,0.50,0.50
2008.01.08 22:41:54.265,1.6713,1.6719,1.00,0.50
2008.01.08 22:41:54.372,1.6713,1.6719,1.00,0.50
2008.01.08 22:41:55.792,1.6713,1.6719,1.00,0.50
2008.01.08 22:41:59.301,1.6713,1.6719,1.00,0.50
2008.01.08 22:42:00.795,1.6713,1.6719,1.00,0.50
2008.01.08 22:42:01.959,1.6713,1.6718,1.00,0.40
2008.01.08 22:42:02.101,1.6711,1.6718,1.50,0.40
2008.01.08 22:42:02.244,1.671,1.6718,4.40,0.60
2008.01.08 22:42:02.388,1.671,1.6718,1.30,0.60
2008.01.08 22:42:03.352,1.671,1.6718,1.30,0.60
2008.01.08 22:42:04.375,1.671,1.6718,1.30,0.60
2008.01.08 22:42:04.527,1.671,1.6718,1.30,0.60
2008.01.08 22:42:04.595,1.6711,1.6718,0.80,0.20
2008.01.08 22:42:04.707,1.6711,1.6719,1.00,0.60
2008.01.08 22:42:05.479,1.6714,1.6719,0.30,0.20
2008.01.08 22:42:05.712,1.6714,1.672,0.80,0.50
2008.01.08 22:42:06.065,1.6713,1.672,1.30,0.50
2008.01.08 22:42:09.407,1.6713,1.672,1.30,0.50
2008.01.08 22:42:10.820,1.6713,1.672,1.30,0.50
2008.01.08 22:42:12.551,1.6715,1.672,0.30,0.50
2008.01.08 22:42:12.640,1.6714,1.672,0.80,0.50
2008.01.08 22:42:12.670,1.6715,1.6721,0.30,0.20
2008.01.08 22:42:12.733,1.6714,1.6725,8.00,1.20
2008.01.08 22:42:12.791,1.6715,1.6725,0.50,1.20
2008.01.08 22:42:13.130,1.6714,1.6725,8.00,1.60
2008.01.08 22:42:13.165,1.67145,1.6725,0.50,1.90
2008.01.08 22:42:13.280,1.67145,1.6725,0.30,2.00
2008.01.08 22:42:13.312,1.6714,1.6725,7.90,2.00
2008.01.08 22:42:14.467,1.6714,1.6725,7.90,2.00
2008.01.08 22:42:15.837,1.6714,1.6725,7.90,2.00
2008.01.08 22:42:17.122,1.6714,1.6725,7.90,1.70
2008.01.08 22:42:17.256,1.67155,1.6725,0.30,1.60
2008.01.08 22:42:17.389,1.67155,1.6725,0.80,1.20
2008.01.08 22:42:18.043,1.6716,1.67235,0.80,0.40
2008.01.08 22:42:18.200,1.67165,1.67235,0.30,0.40
2008.01.08 22:42:18.359,1.67165,1.67235,0.30,0.40
2008.01.08 22:42:18.527,1.67165,1.67235,0.30,0.40
2008.01.08 22:42:18.685,1.6715,1.67225,7.60,0.40
2008.01.08 22:42:18.868,1.6715,1.67225,7.60,0.40
2008.01.08 22:42:19.501,1.6715,1.67225,7.60,0.40
2008.01.08 22:42:20.880,1.6716,1.67225,0.50,0.40
2008.01.08 22:42:21.996,1.6718,1.6723,0.30,0.20
2008.01.08 22:42:22.276,1.6718,1.6724,0.30,0.50
2008.01.08 22:42:22.553,1.6718,1.6724,0.30,0.50
2008.01.08 22:42:24.034,1.6718,1.67245,0.30,0.40
2008.01.08 22:42:24.097,1.6717,1.6725,0.20,0.20
2008.01.08 22:42:24.251,1.6717,1.6725,0.20,0.20
2008.01.08 22:42:24.314,1.6715,1.67255,0.50,0.40
2008.01.08 22:42:24.537,1.6715,1.67255,0.50,0.40
2008.01.08 22:42:25.898,1.6715,1.67255,0.50,0.40
2008.01.08 22:42:28.009,1.6715,1.6721,0.20,0.40
2008.01.08 22:42:28.182,1.6714,1.6721,0.80,0.60
2008.01.08 22:42:28.321,1.6714,1.6721,0.80,0.60
2008.01.08 22:42:28.533,1.6714,1.6721,0.80,0.60
2008.01.08 22:42:29.567,1.6714,1.6721,0.80,0.60
2008.01.08 22:42:30.155,1.6714,1.672,0.80,0.50
2008.01.08 22:42:30.829,1.6714,1.672,0.80,0.50
2008.01.08 22:42:31.019,1.6715,1.672,0.30,0.50
2008.01.08 22:42:31.182,1.6715,1.6721,0.30,0.20
2008.01.08 22:42:31.344,1.6715,1.6722,0.50,0.80
2008.01.08 22:42:31.582,1.6715,1.6721,0.20,0.40
2008.01.08 22:42:31.820,1.6714,1.672,0.80,0.50
2008.01.08 22:42:34.551,1.6715,1.672,0.30,0.50
2008.01.08 22:42:34.742,1.6715,1.6722,0.50,0.80
2008.01.08 22:42:34.916,1.6715,1.6722,0.50,0.80
2008.01.08 22:42:35.861,1.6715,1.6722,0.50,0.80
2008.01.08 22:42:37.126,1.6717,1.6722,0.30,0.50
2008.01.08 22:42:37.188,1.6717,1.6722,0.60,0.50
2008.01.08 22:42:37.335,1.6717,1.6722,0.60,0.50
2008.01.08 22:42:37.398,1.6717,1.6722,0.80,0.50
2008.01.08 22:42:39.672,1.6717,1.6722,0.80,0.50
2008.01.08 22:42:40.055,1.6717,1.6722,0.50,0.70
2008.01.08 22:42:40.206,1.6715,1.6722,0.50,0.80
2008.01.08 22:42:40.284,1.6715,1.6722,0.50,0.80
2008.01.08 22:42:40.849,1.6715,1.6722,0.50,0.80
2008.01.08 22:42:43.582,1.6715,1.6722,0.50,0.50
2008.01.08 22:42:43.715,1.6715,1.6722,0.50,0.20
2008.01.08 22:42:43.848,1.6715,1.6725,0.50,3.20
2008.01.08 22:42:43.980,1.6715,1.67255,0.50,0.40
2008.01.08 22:42:44.751,1.6715,1.67255,0.50,0.40
2008.01.08 22:42:45.041,1.6715,1.6722,0.50,0.40
2008.01.08 22:42:45.199,1.6715,1.6722,0.50,0.40
2008.01.08 22:42:45.356,1.6715,1.6722,0.50,0.60
2008.01.08 22:42:45.880,1.6715,1.6722,0.50,0.60
2008.01.08 22:42:47.170,1.6715,1.6722,0.50,0.80
2008.01.08 22:42:48.908,1.6715,1.6721,0.20,0.40
2008.01.08 22:42:49.048,1.67145,1.6721,0.30,0.40
2008.01.08 22:42:49.128,1.67145,1.6722,0.30,0.90
2008.01.08 22:42:49.286,1.67145,1.6721,0.30,0.70
2008.01.08 22:42:49.374,1.67145,1.6722,0.30,1.20
2008.01.08 22:42:49.780,1.67145,1.6722,0.30,1.20
2008.01.08 22:42:50.892,1.67145,1.6722,0.30,1.20
2008.01.08 22:42:53.039,1.67155,1.6722,0.30,1.30
2008.01.08 22:42:53.180,1.6716,1.6721,0.50,0.50
2008.01.08 22:42:53.558,1.6716,1.6721,0.50,0.50
2008.01.08 22:42:54.808,1.6716,1.6721,0.50,0.50
2008.01.08 22:42:55.924,1.6716,1.6722,0.50,1.20
2008.01.08 22:42:59.163,1.6716,1.6721,0.50,0.90
2008.01.08 22:42:59.270,1.6716,1.67195,0.50,0.40
2008.01.08 22:42:59.372,1.67125,1.67195,0.30,0.40
2008.01.08 22:42:59.787,1.67125,1.67195,0.30,0.40
2008.01.08 22:43:00.306,1.67125,1.672,0.30,0.90
2008.01.08 22:43:00.964,1.67125,1.672,0.30,0.90
2008.01.08 22:43:02.576,1.67135,1.67205,0.30,0.90
2008.01.08 22:43:02.738,1.6714,1.67205,0.50,0.90
2008.01.08 22:43:02.846,1.6714,1.67205,0.50,0.90
2008.01.08 22:43:02.969,1.6714,1.67205,0.50,0.90
2008.01.08 22:43:03.078,1.6714,1.672,0.50,0.50
2008.01.08 22:43:04.083,1.6714,1.67205,0.50,0.90
2008.01.08 22:43:04.851,1.6714,1.67205,0.50,0.90
2008.01.08 22:43:05.970,1.6714,1.67205,0.50,0.90
2008.01.08 22:43:09.944,1.6714,1.672,0.50,0.50
2008.01.08 22:43:10.920,1.6714,1.67205,0.50,0.90
2008.01.08 22:43:12.124,1.6714,1.672,0.50,0.90
2008.01.08 22:43:12.246,1.6713,1.672,0.50,0.90
2008.01.08 22:43:12.370,1.6713,1.6718,0.50,0.50
2008.01.08 22:43:12.527,1.6713,1.6718,0.50,0.50
2008.01.08 22:43:14.095,1.67135,1.6718,0.30,0.50
2008.01.08 22:43:14.353,1.6714,1.672,0.50,0.50
2008.01.08 22:43:14.595,1.6714,1.67205,0.50,0.90
2008.01.08 22:43:14.787,1.6714,1.67195,0.50,0.40
2008.01.08 22:43:14.841,1.6713,1.67195,0.20,0.40
2008.01.08 22:43:14.945,1.67125,1.67195,0.30,0.40
2008.01.08 22:43:15.924,1.67125,1.672,0.30,0.90
2008.01.08 22:43:18.277,1.67125,1.67195,0.30,0.40
2008.01.08 22:43:18.319,1.67125,1.6719,0.30,0.50
2008.01.08 22:43:18.661,1.6712,1.6719,0.80,0.80
2008.01.08 22:43:18.786,1.6712,1.6719,0.80,0.80
2008.01.08 22:43:19.586,1.6712,1.6718,0.50,0.40
2008.01.08 22:43:19.839,1.6712,1.6717,0.50,0.50
2008.01.08 22:43:20.629,1.6712,1.6717,0.50,0.50
2008.01.08 22:43:20.801,1.6712,1.6718,0.50,0.50
2008.01.08 22:43:20.986,1.6712,1.6718,0.50,0.50
2008.01.08 22:43:23.127,1.67125,1.6718,0.30,0.50
2008.01.08 22:43:23.196,1.6713,1.6718,0.50,0.50
2008.01.08 22:43:23.308,1.6713,1.6718,0.50,0.50
2008.01.08 22:43:25.028,1.6713,1.6718,0.50,0.50
2008.01.08 22:43:25.941,1.6713,1.6718,0.50,0.50
2008.01.08 22:43:30.099,1.6713,1.6718,0.50,0.50
2008.01.08 22:43:30.953,1.6713,1.6718,0.50,0.50
2008.01.08 22:43:34.125,1.6713,1.6718,0.60,0.50
2008.01.08 22:43:34.271,1.6713,1.6719,0.60,0.50
2008.01.08 22:43:34.394,1.6713,1.6719,0.80,0.50
2008.01.08 22:43:34.523,1.6713,1.6719,0.80,0.50
2008.01.08 22:43:35.075,1.6713,1.6719,0.80,0.50
2008.01.08 22:43:35.287,1.6713,1.6716,0.50,0.50
2008.01.08 22:43:35.499,1.6713,1.6716,0.50,0.50
2008.01.08 22:43:35.712,1.6713,1.6716,0.20,0.50
2008.01.08 22:43:35.974,1.6712,1.6716,0.50,0.50
2008.01.08 22:43:36.138,1.6713,1.6716,0.30,0.50
2008.01.08 22:43:36.365,1.6713,1.6716,0.50,0.50
2008.01.08 22:43:38.071,1.67135,1.6716,0.30,0.50
2008.01.08 22:43:38.284,1.6713,1.6716,0.20,0.50
2008.01.08 22:43:38.326,1.6713,1.6716,0.20,0.50
2008.01.08 22:43:38.369,1.67125,1.6716,0.30,0.50
2008.01.08 22:43:39.250,1.67125,1.6716,0.30,0.50
2008.01.08 22:43:40.101,1.67125,1.6716,0.30,0.50
2008.01.08 22:43:41.010,1.67125,1.6716,0.30,0.50
2008.01.08 22:43:43.364,1.6713,1.6717,0.20,0.50
2008.01.08 22:43:43.653,1.6713,1.6717,0.50,0.50
2008.01.08 22:43:44.619,1.67135,1.6717,0.30,0.50
2008.01.08 22:43:44.840,1.67135,1.6717,0.30,0.50
2008.01.08 22:43:45.059,1.67135,1.6717,0.30,0.50
2008.01.08 22:43:45.146,1.67135,1.6717,0.30,0.50
2008.01.08 22:43:45.282,1.67135,1.6717,0.30,0.50
2008.01.08 22:43:45.568,1.67135,1.6717,3.40,0.50
2008.01.08 22:43:45.977,1.67135,1.6717,3.40,0.50
2008.01.08 22:43:51.063,1.6713,1.6717,3.60,0.50
2008.01.08 22:43:52.039,1.6712,1.6717,11.10,0.50
2008.01.08 22:43:53.652,1.67125,1.6717,3.60,0.50
2008.01.08 22:43:53.797,1.6712,1.6717,10.80,0.50
2008.01.08 22:43:53.895,1.67115,1.6716,10.70,0.50
2008.01.08 22:43:53.993,1.67115,1.6716,3.50,0.50
2008.01.08 22:43:54.090,1.6711,1.6716,0.80,0.50
2008.01.08 22:43:56.053,1.6711,1.6716,0.80,0.50
2008.01.08 22:44:01.046,1.67115,1.6716,0.30,0.50
2008.01.08 22:44:04.744,1.67105,1.6716,0.80,0.50
2008.01.08 22:44:04.815,1.67105,1.6716,0.80,0.50
2008.01.08 22:44:04.985,1.67105,1.6716,0.80,0.50
2008.01.08 22:44:05.069,1.67105,1.6716,0.80,0.50
2008.01.08 22:44:06.010,1.67105,1.6716,0.80,0.50
2008.01.08 22:44:07.152,1.6711,1.6716,0.60,0.50
2008.01.08 22:44:07.354,1.6712,1.6717,0.50,0.50
2008.01.08 22:44:07.654,1.67115,1.6717,0.80,0.50
2008.01.08 22:44:08.041,1.67115,1.6717,0.80,0.50
2008.01.08 22:44:10.775,1.6712,1.6717,0.50,0.50
2008.01.08 22:44:10.823,1.6711,1.6717,1.30,0.50
2008.01.08 22:44:11.018,1.6711,1.6717,1.30,0.50
2008.01.08 22:44:11.138,1.6712,1.6717,0.50,0.50
2008.01.08 22:44:11.637,1.6711,1.6717,1.10,0.50
2008.01.08 22:44:11.760,1.6711,1.6717,0.50,0.80
2008.01.08 22:44:11.882,1.671,1.6717,1.30,0.80
2008.01.08 22:44:12.125,1.671,1.6717,1.30,0.80
2008.01.08 22:44:13.249,1.671,1.6717,1.30,0.80
2008.01.08 22:44:13.548,1.671,1.6717,1.30,0.80
2008.01.08 22:44:13.759,1.671,1.6717,1.30,0.80
2008.01.08 22:44:13.876,1.6711,1.6717,0.60,0.50
2008.01.08 22:44:13.983,1.6712,1.6717,0.50,0.50
2008.01.08 22:44:14.106,1.6712,1.6717,0.50,0.50
2008.01.08 22:44:14.617,1.6711,1.6717,1.00,0.50
2008.01.08 22:44:14.752,1.67105,1.6716,0.80,0.50
2008.01.08 22:44:14.875,1.67105,1.6716,0.80,0.50
2008.01.08 22:44:16.022,1.67105,1.6716,0.80,0.50
2008.01.08 22:44:16.206,1.6711,1.6716,0.50,0.50
2008.01.08 22:44:16.787,1.6711,1.6716,0.80,0.50
2008.01.08 22:44:16.925,1.67115,1.6716,0.30,0.50
2008.01.08 22:44:17.017,1.6711,1.6716,0.80,0.50
2008.01.08 22:44:21.033,1.67115,1.6716,0.30,0.50
2008.01.08 22:44:21.294,1.67115,1.6716,0.30,0.50
2008.01.08 22:44:24.890,1.6712,1.6716,0.30,0.50
2008.01.08 22:44:25.019,1.6712,1.6716,0.50,0.50
2008.01.08 22:44:25.227,1.6712,1.6717,0.50,0.50
2008.01.08 22:44:25.349,1.6712,1.6717,0.80,0.50
2008.01.08 22:44:25.613,1.67125,1.6717,0.30,0.50
2008.01.08 22:44:25.757,1.67125,1.6717,0.30,0.50
2008.01.08 22:44:25.853,1.67125,1.6717,0.30,0.50
2008.01.08 22:44:26.017,1.67125,1.6717,0.30,0.50
2008.01.08 22:44:27.825,1.67125,1.6717,0.30,0.50
2008.01.08 22:44:31.056,1.67125,1.6717,0.30,0.50
2008.01.08 22:44:32.874,1.67125,1.6717,0.30,0.50
2008.01.08 22:44:33.576,1.67125,1.6717,0.30,0.50
2008.01.08 22:44:36.065,1.67125,1.6717,0.30,0.50
2008.01.08 22:44:37.890,1.67125,1.6717,0.30,0.50
2008.01.08 22:44:38.066,1.6712,1.6717,7.60,0.50
2008.01.08 22:44:38.268,1.6712,1.6717,7.60,0.50
2008.01.08 22:44:38.452,1.6712,1.6717,0.50,0.50
2008.01.08 22:44:41.116,1.6712,1.6717,0.50,0.50
2008.01.08 22:44:42.970,1.6712,1.6717,0.50,0.50
2008.01.08 22:44:44.083,1.6712,1.6717,0.60,0.50
2008.01.08 22:44:44.349,1.6712,1.6717,0.80,0.50
2008.01.08 22:44:44.566,1.6712,1.6717,0.80,0.50
2008.01.08 22:44:46.136,1.6712,1.6717,0.80,0.50
2008.01.08 22:44:47.988,1.6712,1.6717,0.80,0.50
2008.01.08 22:44:51.108,1.6712,1.6717,0.80,0.50
2008.01.08 22:44:51.869,1.6712,1.6717,0.80,0.50
2008.01.08 22:44:53.013,1.6712,1.6717,0.80,0.50
2008.01.08 22:44:56.112,1.6712,1.6717,0.80,0.50
2008.01.08 22:44:58.041,1.6712,1.6717,0.80,0.50
2008.01.08 22:45:01.111,1.6712,1.6717,0.80,0.50
2008.01.08 22:45:03.059,1.6712,1.6717,0.80,0.50
2008.01.08 22:45:06.168,1.6712,1.6717,0.80,0.50
2008.01.08 22:45:08.082,1.6712,1.6717,0.80,0.50
2008.01.08 22:45:11.116,1.6712,1.6717,0.80,0.50
2008.01.08 22:45:13.157,1.6712,1.6717,0.80,0.50
2008.01.08 22:45:20.721,1.6712,1.6719,0.50,0.90
2008.01.08 22:45:20.822,1.6712,1.6719,0.50,0.50
2008.01.08 22:45:21.137,1.6712,1.6719,0.50,0.50
2008.01.08 22:45:21.287,1.6712,1.6719,0.50,0.50
2008.01.08 22:45:22.110,1.6712,1.6719,0.50,0.50
2008.01.08 22:45:23.146,1.6712,1.6719,0.50,0.50
2008.01.08 22:45:24.947,1.6712,1.6719,0.50,0.50
2008.01.08 22:45:25.268,1.6712,1.6719,0.50,0.50
2008.01.08 22:45:26.157,1.6712,1.6719,0.50,0.50
2008.01.08 22:45:28.183,1.6712,1.6719,0.50,0.50
2008.01.08 22:45:28.716,1.6712,1.67185,0.50,0.40
2008.01.08 22:45:28.939,1.6712,1.6717,0.50,0.50
2008.01.08 22:45:29.357,1.6712,1.6717,0.50,0.50
2008.01.08 22:45:30.065,1.6712,1.6717,0.50,0.50
2008.01.08 22:45:31.163,1.6712,1.6717,0.50,0.50
2008.01.08 22:45:31.799,1.6712,1.6717,0.50,0.50
2008.01.08 22:45:33.202,1.6712,1.6717,0.50,0.50
2008.01.08 22:45:36.156,1.6712,1.6717,0.50,0.50
2008.01.08 22:45:36.280,1.6712,1.67185,0.50,0.40
2008.01.08 22:45:36.384,1.6712,1.67185,0.50,0.40
2008.01.08 22:45:36.718,1.6712,1.6719,0.80,0.80
2008.01.08 22:45:36.865,1.6712,1.6719,0.80,0.80
2008.01.08 22:45:38.237,1.6712,1.6719,0.80,0.80
2008.01.08 22:45:41.179,1.6712,1.6719,0.80,0.80
2008.01.08 22:45:41.409,1.6713,1.6719,0.30,0.50
2008.01.08 22:45:41.597,1.6714,1.6719,0.50,0.50
2008.01.08 22:45:41.811,1.6714,1.6719,0.50,0.50
2008.01.08 22:45:42.521,1.6714,1.6719,0.50,0.50
2008.01.08 22:45:43.291,1.6714,1.6719,0.50,0.50
2008.01.08 22:45:43.867,1.6715,1.6719,0.30,0.50
2008.01.08 22:45:44.074,1.6715,1.6719,0.30,0.50
2008.01.08 22:45:44.282,1.6715,1.6722,0.50,0.80
2008.01.08 22:45:44.489,1.6715,1.6722,0.50,0.80
2008.01.08 22:45:44.987,1.6715,1.6722,0.50,0.80
2008.01.08 22:45:46.177,1.6715,1.6722,0.50,0.80
2008.01.08 22:45:46.308,1.6715,1.6722,0.50,0.80
2008.01.08 22:45:47.388,1.6716,1.6722,0.30,0.50
2008.01.08 22:45:47.580,1.6716,1.6722,0.60,0.50
2008.01.08 22:45:47.773,1.6716,1.6722,0.80,0.50
2008.01.08 22:45:47.848,1.6716,1.6722,0.80,0.50
2008.01.08 22:45:48.319,1.6716,1.6722,0.80,0.50
2008.01.08 22:45:51.014,1.6716,1.67225,0.80,0.90
2008.01.08 22:45:51.195,1.6716,1.6722,0.80,0.50
2008.01.08 22:45:54.082,1.6716,1.6722,0.80,0.50
2008.01.08 22:45:56.249,1.6716,1.6722,0.80,0.50
2008.01.08 22:45:59.159,1.6716,1.6722,0.80,0.50
2008.01.08 22:46:01.213,1.6716,1.6722,0.80,0.50
2008.01.08 22:46:04.147,1.6716,1.6722,0.80,0.50
2008.01.08 22:46:06.278,1.6716,1.6722,0.80,0.50
2008.01.08 22:46:09.164,1.6716,1.6722,0.80,0.50
2008.01.08 22:46:11.223,1.6716,1.6722,0.80,0.50
2008.01.08 22:46:12.922,1.6717,1.6722,0.30,0.50
2008.01.08 22:46:13.117,1.6717,1.67235,0.50,0.40
2008.01.08 22:46:14.230,1.6717,1.67235,0.50,0.40
2008.01.08 22:46:16.287,1.6717,1.67235,0.50,0.40
2008.01.08 22:46:17.981,1.6717,1.67235,0.50,0.40
2008.01.08 22:46:18.189,1.67185,1.6728,3.20,1.20
2008.01.08 22:46:18.592,1.672,1.6728,3.20,1.20
2008.01.08 22:46:19.090,1.67205,1.6728,3.20,1.20
2008.01.08 22:46:19.270,1.67205,1.6728,3.20,1.20
2008.01.08 22:46:20.529,1.67225,1.6728,3.20,1.20
2008.01.08 22:46:20.591,1.67225,1.6731,3.20,1.20
2008.01.08 22:46:20.830,1.67225,1.6731,3.20,1.20
2008.01.08 22:46:21.151,1.67225,1.673,3.20,7.10
2008.01.08 22:46:21.241,1.67225,1.673,3.20,7.10
2008.01.08 22:46:21.357,1.6718,1.67295,7.10,3.20
2008.01.08 22:46:22.145,1.6718,1.67295,7.50,3.20
2008.01.08 22:46:22.655,1.672,1.67295,0.50,3.20
2008.01.08 22:46:23.077,1.672,1.6726,0.50,0.50
2008.01.08 22:46:24.280,1.672,1.6726,0.50,0.50
2008.01.08 22:46:25.545,1.672,1.6726,0.50,0.50
2008.01.08 22:46:25.683,1.6718,1.6726,7.10,0.50
2008.01.08 22:46:25.820,1.6717,1.6726,0.50,0.50
2008.01.08 22:46:25.917,1.6717,1.6726,0.50,0.50
2008.01.08 22:46:26.252,1.6717,1.6726,0.50,0.50
2008.01.08 22:46:29.374,1.6717,1.6726,0.50,0.50
2008.01.08 22:46:30.030,1.6717,1.6726,0.50,0.50
2008.01.08 22:46:30.278,1.6719,1.67255,0.30,0.40
2008.01.08 22:46:30.526,1.6719,1.67255,0.30,0.40
2008.01.08 22:46:31.157,1.6719,1.6726,0.30,0.90
2008.01.08 22:46:31.265,1.6719,1.6726,0.30,0.90
2008.01.08 22:46:32.026,1.6718,1.67245,0.80,0.40
2008.01.08 22:46:32.200,1.6718,1.6725,0.30,0.60
2008.01.08 22:46:34.000,1.6719,1.67255,0.30,0.60
2008.01.08 22:46:34.090,1.6719,1.67255,0.30,0.60
2008.01.08 22:46:34.181,1.6719,1.67255,0.30,0.40
2008.01.08 22:46:34.394,1.6719,1.67255,0.30,0.40
2008.01.08 22:46:35.890,1.6719,1.67255,0.30,0.40
2008.01.08 22:46:36.276,1.6719,1.6726,0.30,0.90
2008.01.08 22:46:39.434,1.6719,1.6726,0.30,0.90
2008.01.08 22:46:40.538,1.6718,1.6726,0.80,0.90
2008.01.08 22:46:40.680,1.6718,1.67245,0.30,0.40
2008.01.08 22:46:40.823,1.6718,1.67245,0.30,0.40
2008.01.08 22:46:41.290,1.6718,1.6725,0.30,0.60
2008.01.08 22:46:44.460,1.6718,1.6725,0.30,0.60
2008.01.08 22:46:46.306,1.6718,1.6725,0.30,0.60
2008.01.08 22:46:49.495,1.6718,1.6725,0.30,0.60
2008.01.08 22:46:51.308,1.6718,1.67245,0.30,0.40
2008.01.08 22:46:52.855,1.6718,1.67245,0.30,0.40
2008.01.08 22:46:54.563,1.6718,1.6725,0.30,0.60
2008.01.08 22:46:56.358,1.6718,1.6725,0.30,0.60
2008.01.08 22:46:57.553,1.6719,1.6725,0.30,0.20
2008.01.08 22:46:57.760,1.6719,1.67255,0.30,0.40
2008.01.08 22:46:57.968,1.6719,1.6726,0.30,0.90
2008.01.08 22:46:59.634,1.6719,1.6726,0.30,0.90
2008.01.08 22:47:01.368,1.6719,1.6726,0.30,0.90
2008.01.08 22:47:04.288,1.6719,1.6726,0.30,0.90
2008.01.08 22:47:04.604,1.6719,1.67255,0.30,0.40
2008.01.08 22:47:06.328,1.6719,1.67255,0.30,0.40
2008.01.08 22:47:09.639,1.6719,1.67265,0.30,0.90
2008.01.08 22:47:11.397,1.6719,1.67265,0.30,0.90
2008.01.08 22:47:14.707,1.6719,1.67255,0.30,0.40
2008.01.08 22:47:16.341,1.6719,1.67265,0.30,0.90
2008.01.08 22:47:19.538,1.6718,1.67265,0.30,0.90
2008.01.08 22:47:19.662,1.6718,1.67265,0.30,0.90
2008.01.08 22:47:19.784,1.6718,1.67245,0.30,0.40
2008.01.08 22:47:19.888,1.6718,1.67255,0.30,0.60
2008.01.08 22:47:21.342,1.6718,1.67245,0.30,0.40
2008.01.08 22:47:23.073,1.67165,1.67255,0.20,0.60
2008.01.08 22:47:23.234,1.6716,1.67235,0.30,0.60
2008.01.08 22:47:23.302,1.6716,1.67235,0.30,0.60
2008.01.08 22:47:24.692,1.6716,1.67225,0.30,0.40
2008.01.08 22:47:25.222,1.6716,1.67225,0.30,0.70
2008.01.08 22:47:26.358,1.6716,1.67225,0.30,0.70
2008.01.08 22:47:26.670,1.6716,1.67225,0.30,0.70
2008.01.08 22:47:29.834,1.6716,1.67225,0.30,0.70
2008.01.08 22:47:31.412,1.6716,1.67225,0.30,0.70
2008.01.08 22:47:32.160,1.6716,1.67225,0.30,0.70
2008.01.08 22:47:32.206,1.67155,1.6722,0.60,0.40
2008.01.08 22:47:32.459,1.67155,1.67215,0.60,0.50
2008.01.08 22:47:34.809,1.67155,1.67215,0.60,0.50
2008.01.08 22:47:36.423,1.67155,1.67215,0.60,0.50
2008.01.08 22:47:39.876,1.67155,1.67215,0.60,0.50
2008.01.08 22:47:41.390,1.67155,1.67215,0.60,0.50
2008.01.08 22:47:43.614,1.6716,1.67215,0.30,0.50
2008.01.08 22:47:43.827,1.6716,1.67215,0.30,0.50
2008.01.08 22:47:43.972,1.6716,1.67225,0.30,0.70
2008.01.08 22:47:44.850,1.6716,1.67225,0.30,0.70
2008.01.08 22:47:46.406,1.6716,1.67225,0.30,0.70
2008.01.08 22:47:47.149,1.67155,1.6722,0.80,0.40
2008.01.08 22:47:47.320,1.67155,1.67215,0.80,0.50
2008.01.08 22:47:47.395,1.67155,1.67215,0.60,0.50
2008.01.08 22:47:49.250,1.67155,1.6722,0.80,0.40
2008.01.08 22:47:49.452,1.67155,1.6722,0.80,0.40
2008.01.08 22:47:49.630,1.6716,1.67225,0.30,0.70
2008.01.08 22:47:49.858,1.6716,1.67225,0.30,0.70
2008.01.08 22:47:50.378,1.67155,1.67225,0.80,0.70
2008.01.08 22:47:51.410,1.67155,1.67225,0.80,0.70
2008.01.08 22:47:52.950,1.67145,1.6722,1.30,0.40
2008.01.08 22:47:53.099,1.67155,1.6722,0.60,0.40
2008.01.08 22:47:53.197,1.67145,1.67215,1.10,0.50
2008.01.08 22:47:53.240,1.67145,1.67215,1.10,0.50
2008.01.08 22:47:54.956,1.67145,1.67215,1.10,0.50
2008.01.08 22:47:56.417,1.67145,1.67215,1.10,0.50
2008.01.08 22:47:59.928,1.67145,1.67215,1.10,0.50
2008.01.08 22:48:01.487,1.67145,1.67215,1.10,0.50
2008.01.08 22:48:05.011,1.67145,1.67215,1.10,0.50
2008.01.08 22:48:06.432,1.67155,1.67215,0.60,0.50
2008.01.08 22:48:08.247,1.67145,1.67215,0.80,0.50
2008.01.08 22:48:08.576,1.67145,1.67215,0.80,0.70
2008.01.08 22:48:08.867,1.6715,1.67215,0.30,0.70
2008.01.08 22:48:09.106,1.67145,1.67215,0.80,0.70
2008.01.08 22:48:09.958,1.67145,1.67215,0.80,0.50
2008.01.08 22:48:10.090,1.67155,1.67215,0.30,0.50
2008.01.08 22:48:10.193,1.67145,1.67215,0.50,0.50
2008.01.08 22:48:10.295,1.6711,1.67225,3.70,0.50
2008.01.08 22:48:10.399,1.67115,1.67225,0.50,0.50
2008.01.08 22:48:10.812,1.67115,1.67225,0.50,0.50
2008.01.08 22:48:11.323,1.67105,1.67225,4.30,0.50
2008.01.08 22:48:13.181,1.67115,1.67225,0.60,0.50
2008.01.08 22:48:13.267,1.67125,1.67225,1.00,0.50
2008.01.08 22:48:13.574,1.67135,1.67225,0.50,0.50
2008.01.08 22:48:14.864,1.67125,1.67225,1.00,0.50
2008.01.08 22:48:15.072,1.67125,1.67225,1.00,0.50
2008.01.08 22:48:15.709,1.6713,1.67225,0.80,0.50
2008.01.08 22:48:15.818,1.67145,1.67245,10.30,0.20
2008.01.08 22:48:15.926,1.6716,1.67265,1.40,1.20
2008.01.08 22:48:16.225,1.67145,1.67265,10.30,1.20
2008.01.08 22:48:16.522,1.67125,1.67265,10.30,1.20
2008.01.08 22:48:16.849,1.67125,1.67265,10.30,1.20
2008.01.08 22:48:17.147,1.67125,1.67265,10.30,1.20
2008.01.08 22:48:18.719,1.6715,1.67275,3.20,1.20
2008.01.08 22:48:18.817,1.67155,1.67275,3.20,1.20
2008.01.08 22:48:19.106,1.67155,1.67275,3.20,1.20
2008.01.08 22:48:19.295,1.6716,1.67275,3.20,1.20
2008.01.08 22:48:19.458,1.6716,1.67275,3.20,1.20
2008.01.08 22:48:20.102,1.6716,1.67275,3.20,1.20
2008.01.08 22:48:21.450,1.6716,1.67275,3.20,1.20
2008.01.08 22:48:22.133,1.6716,1.6726,3.20,0.40
2008.01.08 22:48:22.329,1.6716,1.6726,3.20,0.40
2008.01.08 22:48:22.481,1.6714,1.6726,3.20,0.40
2008.01.08 22:48:24.223,1.6714,1.6726,3.20,0.40
2008.01.08 22:48:24.637,1.67145,1.67235,0.20,0.20
2008.01.08 22:48:24.726,1.67155,1.67225,0.30,0.40
2008.01.08 22:48:24.814,1.67155,1.67225,0.30,0.40
2008.01.08 22:48:25.136,1.67155,1.67225,0.30,0.40
2008.01.08 22:48:25.323,1.67155,1.67225,0.30,0.40
2008.01.08 22:48:26.467,1.67155,1.67225,0.30,0.40
2008.01.08 22:48:30.223,1.67155,1.67225,0.30,0.40
2008.01.08 22:48:30.666,1.67155,1.67225,0.50,0.40
2008.01.08 22:48:30.902,1.6716,1.6723,0.30,0.40
2008.01.08 22:48:31.509,1.6716,1.6723,0.30,0.40
2008.01.08 22:48:31.709,1.6717,1.67235,0.30,0.20
2008.01.08 22:48:31.912,1.6717,1.6724,0.30,0.40
2008.01.08 22:48:32.114,1.6717,1.6724,0.30,0.40
2008.01.08 22:48:33.507,1.6717,1.67245,0.30,0.60
2008.01.08 22:48:35.318,1.6717,1.6724,0.30,0.40
2008.01.08 22:48:36.483,1.6717,1.6724,0.30,0.40
2008.01.08 22:48:37.290,1.67165,1.67245,0.80,0.60
2008.01.08 22:48:37.422,1.67165,1.67235,0.60,0.40
2008.01.08 22:48:40.294,1.67165,1.67245,0.60,0.90
2008.01.08 22:48:41.493,1.67165,1.67245,0.60,0.90
2008.01.08 22:48:42.182,1.67175,1.67245,0.50,0.90
2008.01.08 22:48:42.354,1.67175,1.67245,0.50,0.90
2008.01.08 22:48:42.506,1.67175,1.67245,0.50,0.90
2008.01.08 22:48:42.717,1.6718,1.6725,0.30,0.90
2008.01.08 22:48:42.870,1.6718,1.67245,0.30,0.20
2008.01.08 22:48:43.023,1.6718,1.6725,0.30,0.40
2008.01.08 22:48:43.175,1.6718,1.67255,0.30,0.60
2008.01.08 22:48:45.317,1.6718,1.6725,0.30,0.40
2008.01.08 22:48:46.502,1.6718,1.67255,0.30,0.60
2008.01.08 22:48:48.302,1.67175,1.6724,0.50,0.40
2008.01.08 22:48:48.515,1.67175,1.67245,0.50,0.90
2008.01.08 22:48:48.653,1.67175,1.67245,0.50,0.90
2008.01.08 22:48:50.398,1.67175,1.6724,0.50,0.40
2008.01.08 22:48:51.261,1.67175,1.67245,0.50,0.90
2008.01.08 22:48:51.509,1.67175,1.6724,0.50,0.40
2008.01.08 22:48:55.412,1.67175,1.6724,0.50,0.40
2008.01.08 22:48:56.516,1.67175,1.6724,0.50,0.40
2008.01.08 22:48:56.580,1.67175,1.6724,0.50,0.40
2008.01.08 22:49:00.444,1.6717,1.67245,0.80,0.90
2008.01.08 22:49:01.525,1.6717,1.67245,0.80,0.90
2008.01.08 22:49:02.203,1.67175,1.67235,0.50,0.50
2008.01.08 22:49:02.617,1.67175,1.67235,0.50,0.70
2008.01.08 22:49:02.750,1.67165,1.67235,1.30,0.70
2008.01.08 22:49:03.170,1.67165,1.67235,1.30,0.70
2008.01.08 22:49:03.623,1.67175,1.67235,0.50,0.70
2008.01.08 22:49:04.698,1.67175,1.6722,0.50,0.40
2008.01.08 22:49:04.865,1.67165,1.6722,1.00,0.40
2008.01.08 22:49:04.948,1.67155,1.6722,1.10,0.40
2008.01.08 22:49:05.055,1.67155,1.6722,1.10,0.40
2008.01.08 22:49:05.462,1.67155,1.6722,1.10,0.40
2008.01.08 22:49:06.126,1.67165,1.6722,0.50,0.40
2008.01.08 22:49:06.353,1.67145,1.6722,1.10,0.40
2008.01.08 22:49:06.756,1.67155,1.6722,0.60,0.40
2008.01.08 22:49:06.931,1.67145,1.6722,8.20,0.40
2008.01.08 22:49:07.321,1.67145,1.6722,8.20,0.40
2008.01.08 22:49:07.648,1.67165,1.67235,0.30,0.80
2008.01.08 22:49:07.862,1.67175,1.67235,0.50,0.70
2008.01.08 22:49:09.669,1.67165,1.6723,1.00,0.40
2008.01.08 22:49:09.817,1.67165,1.6723,0.50,0.40
2008.01.08 22:49:09.930,1.67165,1.6723,0.50,0.40
2008.01.08 22:49:10.492,1.6716,1.6723,0.80,0.40
2008.01.08 22:49:11.315,1.6716,1.6723,0.80,0.40
2008.01.08 22:49:11.656,1.67155,1.67235,1.10,0.40
2008.01.08 22:49:11.903,1.67165,1.67235,0.60,0.40
2008.01.08 22:49:15.529,1.67155,1.67235,1.10,0.40
2008.01.08 22:49:16.600,1.67165,1.67235,0.60,0.40
2008.01.08 22:49:20.549,1.67165,1.67235,0.60,0.40
2008.01.08 22:49:21.562,1.67165,1.67235,0.60,0.40
2008.01.08 22:49:22.221,1.67165,1.67235,1.30,0.40
2008.01.08 22:49:22.514,1.67165,1.67235,1.30,0.40
2008.01.08 22:49:22.678,1.67175,1.6724,0.50,0.40
2008.01.08 22:49:22.840,1.6717,1.6724,0.80,0.40
2008.01.08 22:49:23.355,1.6717,1.6724,0.80,0.40
2008.01.08 22:49:25.584,1.6717,1.6724,0.80,0.40
2008.01.08 22:49:26.605,1.67175,1.6724,0.50,0.40
2008.01.08 22:49:28.688,1.67175,1.6724,0.50,0.40
2008.01.08 22:49:30.600,1.67175,1.67245,0.50,0.90
2008.01.08 22:49:31.585,1.67175,1.67245,0.50,0.90
2008.01.08 22:49:35.684,1.67175,1.67245,0.50,0.90
2008.01.08 22:49:36.645,1.67175,1.6724,0.50,0.40
2008.01.08 22:49:38.833,1.67175,1.67245,0.50,0.90
2008.01.08 22:49:38.964,1.67175,1.67245,0.50,0.90
2008.01.08 22:49:39.103,1.6716,1.67235,0.30,0.60
2008.01.08 22:49:39.272,1.6716,1.6723,0.30,0.40
2008.01.08 22:49:40.648,1.6716,1.6723,0.30,0.40
2008.01.08 22:49:41.643,1.6716,1.6723,0.30,0.40
2008.01.08 22:49:45.727,1.6716,1.6723,0.30,0.40
2008.01.08 22:49:46.646,1.6716,1.6723,0.30,0.40
2008.01.08 22:49:50.682,1.6716,1.67235,0.30,0.60
2008.01.08 22:49:51.607,1.6716,1.6723,0.30,0.40
2008.01.08 22:49:54.816,1.6717,1.6724,0.30,0.60
2008.01.08 22:49:54.995,1.6717,1.6724,0.30,0.60
2008.01.08 22:49:55.153,1.67175,1.67245,0.50,0.90
2008.01.08 22:49:55.707,1.67175,1.67245,0.50,0.90
2008.01.08 22:49:56.627,1.67175,1.6724,0.50,0.40
2008.01.08 22:49:57.096,1.67175,1.67245,0.50,0.90
2008.01.08 22:49:57.290,1.67175,1.67245,0.50,1.20
2008.01.08 22:49:57.410,1.67175,1.67245,0.50,1.20
2008.01.08 22:49:59.201,1.67175,1.67235,0.50,0.40
2008.01.08 22:49:59.504,1.67175,1.67235,0.50,0.40
2008.01.08 22:49:59.617,1.67175,1.6724,0.50,0.40
2008.01.08 22:49:59.818,1.67175,1.6724,0.50,0.40
2008.01.08 22:49:59.931,1.6719,1.67245,0.30,0.50
2008.01.08 22:50:00.044,1.6719,1.67245,0.30,0.20
2008.01.08 22:50:00.157,1.67185,1.67245,0.30,0.20
2008.01.08 22:50:00.385,1.67185,1.67255,0.30,0.40
2008.01.08 22:50:00.741,1.67185,1.67255,0.30,0.40
2008.01.08 22:50:01.629,1.67185,1.67255,0.30,0.40
2008.01.08 22:50:03.657,1.6719,1.6726,0.30,0.40
2008.01.08 22:50:03.731,1.6719,1.6726,0.30,0.40
2008.01.08 22:50:03.813,1.6719,1.6726,0.30,0.40
2008.01.08 22:50:04.252,1.6719,1.6726,0.30,0.40
2008.01.08 22:50:05.828,1.6719,1.6726,0.30,0.40
2008.01.08 22:50:06.201,1.6719,1.6726,0.30,0.40
2008.01.08 22:50:06.301,1.6719,1.6726,0.30,0.40
2008.01.08 22:50:06.643,1.6719,1.6726,0.30,0.40
2008.01.08 22:50:06.830,1.67195,1.67265,0.30,0.40
2008.01.08 22:50:07.018,1.67195,1.67265,0.30,0.40
2008.01.08 22:50:07.207,1.67195,1.67265,0.30,0.40
2008.01.08 22:50:10.848,1.67195,1.67265,0.30,0.40
2008.01.08 22:50:11.707,1.67195,1.67265,0.30,0.40
2008.01.08 22:50:11.950,1.67185,1.67245,7.20,0.40
2008.01.08 22:50:12.193,1.67175,1.67245,0.60,0.40
2008.01.08 22:50:12.436,1.67175,1.67245,0.60,0.40
2008.01.08 22:50:12.679,1.67175,1.67245,0.60,0.40
2008.01.08 22:50:13.955,1.67175,1.67245,0.60,0.40
2008.01.08 22:50:15.876,1.67175,1.67245,0.60,0.40
2008.01.08 22:50:16.665,1.67175,1.67245,0.60,0.40
2008.01.08 22:50:20.894,1.67175,1.67245,0.60,0.40
2008.01.08 22:50:21.714,1.67175,1.67245,0.60,0.40
2008.01.08 22:50:25.927,1.67175,1.67245,0.60,0.40
2008.01.08 22:50:26.683,1.67175,1.67245,0.60,0.40
2008.01.08 22:50:28.956,1.67195,1.67255,0.30,0.50
2008.01.08 22:50:29.129,1.67195,1.67265,0.30,0.40
2008.01.08 22:50:29.221,1.67195,1.67265,0.30,0.40
2008.01.08 22:50:29.971,1.67185,1.67265,7.50,0.40
2008.01.08 22:50:30.977,1.67185,1.67265,7.50,0.40
2008.01.08 22:50:31.681,1.67185,1.67265,7.50,0.40
2008.01.08 22:50:36.000,1.67185,1.67265,7.50,0.40
2008.01.08 22:50:36.695,1.67185,1.67265,7.50,0.40
2008.01.08 22:50:39.534,1.67195,1.67265,0.30,0.40
2008.01.08 22:50:41.022,1.67185,1.67265,7.50,0.40
2008.01.08 22:50:41.753,1.67185,1.67265,7.50,0.40
2008.01.08 22:50:44.500,1.67185,1.67255,4.00,0.40
2008.01.08 22:50:44.676,1.67175,1.67255,0.80,0.40
2008.01.08 22:50:44.847,1.67175,1.67255,0.80,0.40
2008.01.08 22:50:46.046,1.67175,1.67255,0.80,0.40
2008.01.08 22:50:46.713,1.67175,1.67255,0.80,0.40
2008.01.08 22:50:51.077,1.67185,1.67255,0.30,0.40
2008.01.08 22:50:51.724,1.67175,1.67255,0.80,0.40
2008.01.08 22:50:56.108,1.67185,1.67255,0.30,0.40
2008.01.08 22:50:56.720,1.67175,1.67255,0.80,0.40
2008.01.08 22:51:01.126,1.67185,1.67255,0.30,0.40
2008.01.08 22:51:01.741,1.67185,1.67255,0.30,0.40
2008.01.08 22:51:06.154,1.67185,1.67255,0.30,0.40
2008.01.08 22:51:06.734,1.67185,1.67255,0.30,0.40
2008.01.08 22:51:11.178,1.67185,1.67255,0.30,0.40
2008.01.08 22:51:11.757,1.67185,1.67255,0.30,0.40
2008.01.08 22:51:18.268,1.67155,1.67285,3.20,3.20
2008.01.08 22:51:21.229,1.67155,1.67285,3.20,3.20
2008.01.08 22:51:21.778,1.67155,1.67285,3.20,3.20
2008.01.08 22:51:26.297,1.67155,1.67285,3.20,3.20
2008.01.08 22:51:26.769,1.67155,1.67285,3.20,3.20
2008.01.08 22:51:31.323,1.67155,1.67285,3.20,3.20
2008.01.08 22:51:31.784,1.67155,1.67285,3.20,3.20
2008.01.08 22:51:36.170,1.67135,1.67285,4.00,3.20
2008.01.08 22:51:36.346,1.67135,1.67285,4.00,3.20
2008.01.08 22:51:36.787,1.67155,1.67285,0.50,3.20
2008.01.08 22:51:41.362,1.67135,1.67285,4.00,3.20
2008.01.08 22:51:41.798,1.67135,1.67285,4.00,3.20
2008.01.08 22:51:46.187,1.6717,1.6725,1.00,0.20
2008.01.08 22:51:46.245,1.67175,1.6725,0.80,0.40
2008.01.08 22:51:46.303,1.6718,1.6725,0.30,0.40
2008.01.08 22:51:46.382,1.6718,1.6725,0.30,0.40
2008.01.08 22:51:46.814,1.67175,1.6725,0.80,0.40
2008.01.08 22:51:51.415,1.67175,1.6725,0.80,0.40
2008.01.08 22:51:51.871,1.6718,1.6725,0.30,0.40
2008.01.08 22:51:56.451,1.6718,1.6725,0.30,0.40
2008.01.08 22:51:56.842,1.67175,1.6725,0.80,0.40
2008.01.08 22:51:57.038,1.67175,1.6725,0.80,0.40
2008.01.08 22:52:01.470,1.67175,1.6725,0.80,0.40
2008.01.08 22:52:01.830,1.6718,1.6725,0.30,0.40
2008.01.08 22:52:06.497,1.67175,1.6725,0.80,0.40
2008.01.08 22:52:06.843,1.67175,1.6725,0.80,0.40
2008.01.08 22:52:11.563,1.67175,1.6725,0.80,0.40
2008.01.08 22:52:11.858,1.67175,1.6725,0.80,0.40
2008.01.08 22:52:16.635,1.6715,1.6728,0.80,3.20
2008.01.08 22:52:16.861,1.6715,1.6728,1.80,3.20
2008.01.08 22:52:21.689,1.6713,1.6728,4.00,3.20
2008.01.08 22:52:26.715,1.6715,1.6728,3.20,3.20
2008.01.08 22:52:26.872,1.6715,1.6728,3.20,3.20
2008.01.08 22:52:46.727,1.67175,1.67245,0.60,0.40
2008.01.08 22:52:46.884,1.67175,1.67245,0.30,0.40
2008.01.08 22:52:47.032,1.67175,1.67245,0.30,0.40
2008.01.08 22:52:47.378,1.67175,1.67245,0.30,0.40
2008.01.08 22:52:48.991,1.6718,1.6725,0.30,0.40
2008.01.08 22:52:49.065,1.6718,1.6725,0.30,0.40
2008.01.08 22:52:49.162,1.6718,1.6725,0.30,0.40
2008.01.08 22:52:49.317,1.6718,1.6725,0.30,0.40
2008.01.08 22:52:51.907,1.6718,1.6725,0.30,0.40
2008.01.08 22:52:56.878,1.6718,1.6725,0.30,0.40
2008.01.08 22:53:00.762,1.6719,1.67255,0.30,0.20
2008.01.08 22:53:00.820,1.6719,1.67255,0.30,0.20
2008.01.08 22:53:00.894,1.67195,1.6726,0.50,0.40
2008.01.08 22:53:01.029,1.67195,1.6726,0.50,0.40
2008.01.08 22:53:01.896,1.67195,1.6726,0.50,0.40
2008.01.08 22:53:06.921,1.67195,1.6726,0.50,0.40
2008.01.08 22:53:11.467,1.67195,1.67265,0.50,0.90
2008.01.08 22:53:11.946,1.67195,1.6726,0.50,0.40
2008.01.08 22:53:17.024,1.67195,1.6726,0.50,0.40
2008.01.08 22:53:22.036,1.67195,1.67265,0.50,0.90
2008.01.08 22:53:26.984,1.67195,1.67265,0.50,0.90
2008.01.08 22:53:27.089,1.67195,1.6726,0.50,0.40
2008.01.08 22:53:34.067,1.6718,1.6725,0.30,0.40
2008.01.08 22:53:34.220,1.6718,1.6725,0.30,0.40
2008.01.08 22:53:37.051,1.6718,1.67255,0.30,0.60
2008.01.08 22:53:37.138,1.6718,1.67255,0.30,0.60
2008.01.08 22:53:40.342,1.6718,1.67255,0.30,0.60
2008.01.08 22:53:40.535,1.67175,1.67245,0.50,0.90
2008.01.08 22:53:42.066,1.67175,1.6724,0.50,0.40
2008.01.08 22:53:42.161,1.67175,1.67245,0.50,0.90
2008.01.08 22:53:47.016,1.67175,1.67245,0.50,0.90
2008.01.08 22:53:47.191,1.67175,1.67245,0.50,0.90
2008.01.08 22:53:48.379,1.67175,1.6724,0.50,0.40
2008.01.08 22:53:49.228,1.6717,1.67245,0.30,0.90
2008.01.08 22:53:49.325,1.6717,1.6724,0.30,0.40
2008.01.08 22:53:49.701,1.67165,1.67245,0.60,0.90
2008.01.08 22:53:49.800,1.67165,1.67245,0.60,0.90
2008.01.08 22:53:52.041,1.67165,1.67245,0.60,0.90
2008.01.08 22:53:52.222,1.67165,1.67245,0.60,0.90
2008.01.08 22:53:57.101,1.67165,1.67245,0.60,0.90
2008.01.08 22:53:57.310,1.67165,1.67235,0.60,0.40
2008.01.08 22:53:58.640,1.67165,1.6723,0.50,0.40
2008.01.08 22:53:58.765,1.67165,1.6723,0.50,0.40
2008.01.08 22:53:58.881,1.67165,1.67235,0.50,0.90
2008.01.08 22:54:02.062,1.67165,1.6723,0.50,0.40
2008.01.08 22:54:02.414,1.67165,1.6723,0.50,0.40
2008.01.08 22:54:07.061,1.67165,1.6723,0.50,0.40
2008.01.08 22:54:07.434,1.67165,1.6723,0.50,0.40
2008.01.08 22:54:12.066,1.67165,1.6723,0.50,0.40
2008.01.08 22:54:12.469,1.67165,1.6723,0.50,0.40
2008.01.08 22:54:17.086,1.67165,1.6723,0.50,0.40
2008.01.08 22:54:17.555,1.67165,1.6723,0.50,0.40
2008.01.08 22:54:22.073,1.67165,1.6723,0.50,0.40
2008.01.08 22:54:22.590,1.67165,1.6723,0.50,0.40
2008.01.08 22:54:27.156,1.67165,1.6723,0.50,0.40
2008.01.08 22:54:27.631,1.67165,1.6723,0.50,0.40
2008.01.08 22:54:44.362,1.6713,1.6726,3.20,0.60
2008.01.08 22:54:47.119,1.6713,1.6728,3.20,4.00
2008.01.08 22:54:47.941,1.6713,1.6726,3.20,0.70
2008.01.08 22:54:52.141,1.6713,1.6726,3.20,0.70
2008.01.08 22:54:52.964,1.6713,1.6728,3.20,4.00
2008.01.08 22:54:57.135,1.6713,1.6728,3.20,4.00
2008.01.08 22:54:57.999,1.6713,1.6726,3.20,0.90
2008.01.08 22:55:02.154,1.6713,1.6726,3.20,3.20
2008.01.08 22:55:03.084,1.6713,1.6726,3.20,3.20
2008.01.08 22:55:06.607,1.67125,1.67255,3.20,3.20
2008.01.08 22:55:06.937,1.6717,1.6724,0.30,0.40
2008.01.08 22:55:07.078,1.67175,1.67235,0.50,0.50
2008.01.08 22:55:07.197,1.67185,1.6724,0.50,0.40
2008.01.08 22:55:07.325,1.67185,1.6724,0.50,0.40
2008.01.08 22:55:07.625,1.67175,1.6724,0.50,0.40
2008.01.08 22:55:07.741,1.67175,1.67235,0.50,0.50
2008.01.08 22:55:08.177,1.67175,1.67235,0.50,0.50
2008.01.08 22:55:08.499,1.6718,1.67235,0.30,0.50
2008.01.08 22:55:08.727,1.67185,1.67245,0.50,0.40
2008.01.08 22:55:08.954,1.67185,1.67245,0.50,0.40
2008.01.08 22:55:10.981,1.67185,1.6724,0.50,0.40
2008.01.08 22:55:11.072,1.67175,1.67235,0.50,0.50
2008.01.08 22:55:11.199,1.67175,1.67235,0.50,0.50
2008.01.08 22:55:11.327,1.67175,1.67235,0.50,0.50
2008.01.08 22:55:12.185,1.67175,1.67235,0.50,0.50
2008.01.08 22:55:12.515,1.67175,1.67235,0.50,0.50
2008.01.08 22:55:12.613,1.67185,1.67245,0.50,0.40
2008.01.08 22:55:12.818,1.67185,1.67245,0.50,0.40
2008.01.08 22:55:13.212,1.67185,1.67245,0.50,0.40
2008.01.08 22:55:17.183,1.67185,1.67245,0.50,0.40
2008.01.08 22:55:18.251,1.67185,1.67245,0.50,0.40
2008.01.08 22:55:20.615,1.67185,1.67245,0.50,0.40
2008.01.08 22:55:20.961,1.67185,1.6724,0.50,0.40
2008.01.08 22:55:21.108,1.67185,1.6724,0.50,0.40
2008.01.08 22:55:21.256,1.6717,1.6724,0.30,0.40
2008.01.08 22:55:22.180,1.6717,1.6724,0.30,0.40
2008.01.08 22:55:23.284,1.6717,1.6724,0.30,0.40
2008.01.08 22:55:23.546,1.6718,1.67245,0.30,0.60
2008.01.08 22:55:23.693,1.67185,1.67245,0.50,0.60
2008.01.08 22:55:23.846,1.67185,1.67245,0.50,0.40
2008.01.08 22:55:24.876,1.6718,1.67245,0.80,0.40
2008.01.08 22:55:26.040,1.67185,1.67255,0.80,0.80
2008.01.08 22:55:26.133,1.6719,1.67255,0.30,0.60
2008.01.08 22:55:26.226,1.6719,1.67255,0.30,0.40
2008.01.08 22:55:26.319,1.6719,1.67255,0.30,0.40
2008.01.08 22:55:27.196,1.6719,1.67255,0.30,0.40
2008.01.08 22:55:28.309,1.67185,1.67255,0.80,0.40
2008.01.08 22:55:32.202,1.6719,1.67255,0.30,0.40
2008.01.08 22:55:33.340,1.6719,1.67255,0.30,0.40
2008.01.08 22:55:36.109,1.67185,1.67255,0.80,0.40
2008.01.08 22:55:37.206,1.67185,1.67255,0.80,0.40
2008.01.08 22:55:38.362,1.67185,1.67255,0.80,0.40
2008.01.08 22:55:42.213,1.6719,1.67255,0.30,0.40
2008.01.08 22:55:43.387,1.6719,1.67255,0.30,0.40
2008.01.08 22:55:47.242,1.6719,1.67255,0.30,0.40
2008.01.08 22:55:48.421,1.6719,1.67255,0.30,0.40
2008.01.08 22:55:52.235,1.67185,1.67255,0.80,0.40
2008.01.08 22:55:53.453,1.6719,1.67255,0.30,0.40
2008.01.08 22:55:57.240,1.67155,1.67285,3.20,3.20
2008.01.08 22:55:58.479,1.67155,1.67285,3.20,3.20
2008.01.08 22:55:59.604,1.6719,1.6725,0.50,0.50
2008.01.08 22:56:02.262,1.6719,1.6725,0.50,0.50
2008.01.08 22:56:03.506,1.6719,1.6725,0.50,0.50
2008.01.08 22:56:03.693,1.67185,1.6725,0.80,0.40
2008.01.08 22:56:03.782,1.67185,1.67245,0.60,0.50
2008.01.08 22:56:03.929,1.67185,1.67245,0.60,0.50
2008.01.08 22:56:04.694,1.67185,1.67245,0.80,0.50
2008.01.08 22:56:04.789,1.6719,1.67255,0.30,0.70
2008.01.08 22:56:05.002,1.6719,1.67255,0.30,0.70
2008.01.08 22:56:07.266,1.6719,1.67255,0.30,0.70
2008.01.08 22:56:08.618,1.6719,1.67255,0.30,0.70
2008.01.08 22:56:12.333,1.6719,1.67255,0.30,0.70
2008.01.08 22:56:13.639,1.6719,1.67255,0.30,0.70
2008.01.08 22:56:17.282,1.6719,1.67255,0.30,0.70
2008.01.08 22:56:17.600,1.6719,1.67255,0.30,0.70
2008.01.08 22:56:18.665,1.6719,1.67265,0.30,1.20
2008.01.08 22:56:20.668,1.6719,1.67265,0.30,0.60
2008.01.08 22:56:22.300,1.6719,1.67265,0.30,0.60
2008.01.08 22:56:23.736,1.6719,1.67265,0.30,0.60
2008.01.08 22:56:27.299,1.6719,1.67265,0.30,0.60
2008.01.08 22:56:28.763,1.6719,1.67255,0.30,0.40
2008.01.08 22:56:32.363,1.6719,1.67265,0.30,0.60
2008.01.08 22:56:33.800,1.6719,1.67265,0.30,0.60
2008.01.08 22:56:37.318,1.6719,1.6727,0.50,0.70
2008.01.08 22:56:38.823,1.6719,1.6726,0.50,0.20
2008.01.08 22:56:42.319,1.6719,1.6727,0.50,0.70
2008.01.08 22:56:43.843,1.6719,1.6726,0.50,0.20
2008.01.08 22:56:46.168,1.67185,1.67245,0.50,0.40
2008.01.08 22:56:46.277,1.67185,1.67245,0.50,0.40
2008.01.08 22:56:46.386,1.67185,1.67245,0.50,0.40
2008.01.08 22:56:47.343,1.67185,1.67245,0.50,0.40
2008.01.08 22:56:48.867,1.67185,1.67245,0.50,0.40
2008.01.08 22:56:52.339,1.67185,1.67255,0.50,0.90
2008.01.08 22:56:53.940,1.67185,1.67245,0.50,0.40
2008.01.08 22:56:54.165,1.67185,1.67255,0.50,0.90
2008.01.08 22:56:54.343,1.67185,1.6724,0.50,0.40
2008.01.08 22:56:57.361,1.67185,1.6724,0.50,0.40
2008.01.08 22:56:58.914,1.67185,1.6724,0.50,0.40
2008.01.08 22:57:02.369,1.67185,1.6724,0.50,0.40
2008.01.08 22:57:03.342,1.67185,1.67245,0.50,0.90
2008.01.08 22:57:03.936,1.67185,1.67245,0.50,0.90
2008.01.08 22:57:04.260,1.67185,1.6724,0.50,0.40
2008.01.08 22:57:04.657,1.67185,1.67255,0.50,1.30
2008.01.08 22:57:04.800,1.67185,1.67245,0.50,0.40
2008.01.08 22:57:05.082,1.67185,1.67255,0.50,0.90
2008.01.08 22:57:07.424,1.67185,1.67255,0.50,0.90
2008.01.08 22:57:07.651,1.67185,1.67255,0.50,0.90
2008.01.08 22:57:07.725,1.67185,1.67245,0.50,0.90
2008.01.08 22:57:07.844,1.67185,1.67245,0.50,0.90
2008.01.08 22:57:08.235,1.67185,1.6724,0.50,0.40
2008.01.08 22:57:08.956,1.67185,1.67245,0.50,0.90
2008.01.08 22:57:12.365,1.67185,1.6724,0.50,0.40
2008.01.08 22:57:14.043,1.67185,1.6724,0.50,0.40
2008.01.08 22:57:17.394,1.67185,1.6724,0.50,0.40
2008.01.08 22:57:19.075,1.67185,1.6724,0.50,0.40
2008.01.08 22:57:22.406,1.67185,1.6724,0.50,0.40
2008.01.08 22:57:22.778,1.67185,1.6724,0.50,0.40
2008.01.08 22:57:24.093,1.67185,1.6724,0.50,0.40
2008.01.08 22:57:27.464,1.67185,1.6724,0.50,0.40
2008.01.08 22:57:29.240,1.67185,1.6724,0.50,0.40
2008.01.08 22:57:32.423,1.67185,1.6724,0.50,0.40
2008.01.08 22:57:34.206,1.67185,1.6724,0.50,0.40
2008.01.08 22:57:37.470,1.67185,1.6724,0.50,0.40
2008.01.08 22:57:59.320,1.67145,1.67275,3.20,3.20
2008.01.08 22:58:02.175,1.672,1.6724,0.50,0.20
2008.01.08 22:58:02.462,1.672,1.6724,0.50,0.20
2008.01.08 22:58:04.450,1.672,1.6724,0.50,0.20
2008.01.08 22:58:07.480,1.672,1.6724,0.50,0.20
2008.01.08 22:58:08.818,1.672,1.6724,0.50,0.20
2008.01.08 22:58:09.471,1.672,1.6724,0.50,0.20
2008.01.08 22:58:12.491,1.672,1.6724,0.50,0.20
2008.01.08 22:58:14.506,1.672,1.6724,0.50,0.20
2008.01.08 22:58:16.901,1.6719,1.6724,1.00,0.20
2008.01.08 22:58:17.510,1.6719,1.6724,1.00,0.20
2008.01.08 22:58:18.654,1.67185,1.67235,1.00,0.40
2008.01.08 22:58:18.796,1.67185,1.67235,0.50,0.40
2008.01.08 22:58:18.939,1.67175,1.67235,1.00,0.40
2008.01.08 22:58:19.091,1.67185,1.67235,0.50,0.40
2008.01.08 22:58:19.521,1.67185,1.67235,0.50,0.40
2008.01.08 22:58:22.504,1.67185,1.67235,0.50,0.40
2008.01.08 22:58:22.694,1.67175,1.6724,1.10,0.40
2008.01.08 22:58:22.808,1.67195,1.6724,0.50,0.40
2008.01.08 22:58:22.920,1.67185,1.6724,1.00,0.40
2008.01.08 22:58:23.034,1.67195,1.6724,0.50,0.40
2008.01.08 22:58:24.550,1.67185,1.6724,1.00,0.40
2008.01.08 22:58:26.176,1.67185,1.6724,0.50,0.40
2008.01.08 22:58:26.459,1.67185,1.6724,0.50,0.40
2008.01.08 22:58:27.568,1.67185,1.6724,0.50,0.40
2008.01.08 22:58:29.584,1.67175,1.6724,1.10,0.40
2008.01.08 22:58:32.563,1.67175,1.6724,1.10,0.40
2008.01.08 22:58:34.615,1.67175,1.6724,1.10,0.40
2008.01.08 22:58:37.526,1.67175,1.6724,1.10,0.40
2008.01.08 22:58:39.688,1.67175,1.6724,1.10,0.40
2008.01.08 22:58:42.539,1.67175,1.6724,1.10,0.40
2008.01.08 22:58:44.657,1.67175,1.6724,1.10,0.40
2008.01.08 22:58:47.549,1.67175,1.6724,1.10,0.40
2008.01.08 22:58:47.664,1.67175,1.6724,1.10,0.40
2008.01.08 22:58:47.751,1.67195,1.6724,0.50,0.40
2008.01.08 22:58:47.926,1.67195,1.67245,0.50,0.40
2008.01.08 22:58:48.040,1.67195,1.67245,0.50,0.40
2008.01.08 22:58:48.342,1.67185,1.67245,1.00,0.40
2008.01.08 22:58:49.678,1.67195,1.67245,0.50,0.40
2008.01.08 22:58:52.559,1.67185,1.67245,1.00,0.40
2008.01.08 22:58:54.154,1.67185,1.6724,1.00,0.40
2008.01.08 22:58:54.312,1.67185,1.6724,1.00,0.40
2008.01.08 22:58:54.703,1.67185,1.6724,1.00,0.40
2008.01.08 22:58:56.697,1.67195,1.6724,0.50,0.40
2008.01.08 22:58:57.151,1.67195,1.67245,0.50,0.40
2008.01.08 22:58:57.451,1.67195,1.67245,0.50,0.40
2008.01.08 22:58:57.610,1.67185,1.67245,1.00,0.40
2008.01.08 22:58:59.732,1.67185,1.67245,1.00,0.40
2008.01.08 22:59:02.568,1.67195,1.67245,0.50,0.40
2008.01.08 22:59:04.763,1.67185,1.67245,1.00,0.40
2008.01.08 22:59:07.639,1.67195,1.67245,0.50,0.40
2008.01.08 22:59:09.777,1.67195,1.67245,0.50,0.40
2008.01.08 22:59:12.586,1.67195,1.67245,0.50,0.40
2008.01.08 22:59:14.857,1.67195,1.67245,0.50,0.40
2008.01.08 22:59:17.616,1.67195,1.67245,0.50,0.40
2008.01.08 22:59:19.830,1.67195,1.67245,0.50,0.40
2008.01.08 22:59:22.598,1.67195,1.67245,0.50,0.40
2008.01.08 22:59:24.851,1.67195,1.67245,0.50,0.40
2008.01.08 22:59:26.112,1.67185,1.67245,1.00,0.40
2008.01.08 22:59:26.525,1.67195,1.67255,0.50,0.50
2008.01.08 22:59:26.568,1.6719,1.67295,3.90,1.20
2008.01.08 22:59:27.618,1.6719,1.67295,3.90,1.20
2008.01.08 22:59:29.002,1.6719,1.6728,0.80,3.20
2008.01.08 22:59:29.135,1.67185,1.67245,1.00,0.40
2008.01.08 22:59:29.268,1.67195,1.67245,0.50,0.40
2008.01.08 22:59:29.400,1.67185,1.67245,1.00,0.40
2008.01.08 22:59:29.875,1.67185,1.67245,1.00,0.40
2008.01.08 22:59:30.896,1.6719,1.67255,0.80,0.20
2008.01.08 22:59:31.075,1.6719,1.67255,3.90,0.20
2008.01.08 22:59:31.253,1.6719,1.67315,3.90,1.50
2008.01.08 22:59:32.620,1.6719,1.67315,3.90,1.50
2008.01.08 22:59:34.941,1.67195,1.67255,0.50,0.40
2008.01.08 22:59:35.038,1.6719,1.67255,0.80,0.40
2008.01.08 22:59:35.281,1.67195,1.67255,0.50,0.40
2008.01.08 22:59:37.654,1.6719,1.67255,0.80,0.40
2008.01.08 22:59:39.985,1.6719,1.67255,0.80,0.40
2008.01.08 22:59:42.637,1.67195,1.67255,0.50,0.40
2008.01.08 22:59:45.003,1.67195,1.67255,0.50,0.40
2008.01.08 22:59:47.644,1.6719,1.67255,0.80,0.40
2008.01.08 22:59:48.639,1.67195,1.6725,0.50,0.40
2008.01.08 22:59:48.836,1.67195,1.6725,0.50,0.40
2008.01.08 22:59:49.035,1.67195,1.6725,0.50,0.40
2008.01.08 22:59:49.232,1.67195,1.6725,0.50,0.40
2008.01.08 22:59:50.025,1.67195,1.6725,0.50,0.40
2008.01.08 22:59:52.665,1.67185,1.6725,1.10,0.40
2008.01.08 22:59:55.053,1.67185,1.6725,1.10,0.40
2008.01.08 22:59:55.806,1.67195,1.6725,0.50,0.40
2008.01.08 22:59:56.641,1.67195,1.6724,0.50,0.40
2008.01.08 22:59:56.854,1.67195,1.67235,0.50,0.50
2008.01.08 22:59:57.068,1.67185,1.67235,0.50,0.50
2008.01.08 22:59:57.318,1.67185,1.67235,0.50,0.50
2008.01.08 22:59:57.653,1.67185,1.67235,0.50,0.50
2008.01.08 22:59:59.962,1.67185,1.67235,0.50,0.50
