2008.02.26 11:00:02.526,1.6015,1.6018,0.40,0.30
2008.02.26 11:00:02.799,1.6015,1.6018,0.40,0.30
2008.02.26 11:00:03.072,1.6015,1.6018,0.40,0.30
2008.02.26 11:00:04.083,1.6015,1.6018,0.40,0.30
2008.02.26 11:00:04.919,1.6015,1.6018,0.40,0.30
2008.02.26 11:00:05.152,1.6015,1.6018,0.40,0.30
2008.02.26 11:00:05.400,1.6014,1.60175,0.40,0.20
2008.02.26 11:00:05.703,1.6014,1.6018,0.40,1.00
2008.02.26 11:00:06.119,1.6015,1.6018,0.40,1.00
2008.02.26 11:00:06.422,1.6015,1.6018,0.40,1.00
2008.02.26 11:00:07.180,1.6015,1.60175,0.40,0.20
2008.02.26 11:00:07.433,1.6015,1.60175,0.40,0.20
2008.02.26 11:00:07.721,1.6015,1.6018,0.40,0.30
2008.02.26 11:00:08.010,1.6014,1.60175,0.40,0.20
2008.02.26 11:00:08.298,1.6014,1.60175,0.40,0.20
2008.02.26 11:00:08.588,1.6014,1.60175,0.40,0.20
2008.02.26 11:00:08.874,1.6014,1.60175,0.40,0.20
2008.02.26 11:00:09.165,1.6014,1.6018,0.40,0.30
2008.02.26 11:00:09.454,1.6014,1.6018,0.40,0.30
2008.02.26 11:00:10.195,1.6015,1.6018,0.40,0.20
2008.02.26 11:00:10.478,1.6015,1.60185,0.40,0.20
2008.02.26 11:00:10.761,1.6015,1.60185,0.40,0.20
2008.02.26 11:00:11.654,1.6015,1.60185,0.40,0.20
2008.02.26 11:00:12.803,1.6015,1.60185,0.40,0.20
2008.02.26 11:00:13.091,1.6015,1.60185,0.40,0.20
2008.02.26 11:00:13.379,1.6015,1.60185,0.40,0.20
2008.02.26 11:00:14.403,1.6015,1.60185,0.40,0.20
2008.02.26 11:00:14.872,1.6015,1.6018,0.40,0.20
2008.02.26 11:00:15.150,1.6015,1.60185,0.40,1.70
2008.02.26 11:00:15.429,1.6015,1.60185,0.40,1.70
2008.02.26 11:00:15.707,1.6015,1.60185,0.40,1.60
2008.02.26 11:00:15.980,1.6015,1.60185,0.40,1.60
2008.02.26 11:00:16.263,1.6015,1.60185,0.40,1.60
2008.02.26 11:00:16.633,1.6015,1.60185,0.40,1.60
2008.02.26 11:00:17.323,1.6015,1.60185,0.40,0.80
2008.02.26 11:00:17.610,1.6015,1.6019,0.40,0.30
2008.02.26 11:00:18.383,1.6015,1.6019,0.40,0.30
2008.02.26 11:00:19.114,1.6015,1.6019,0.40,0.30
2008.02.26 11:00:19.923,1.6016,1.6019,0.40,0.20
2008.02.26 11:00:20.187,1.6016,1.60195,0.40,0.20
2008.02.26 11:00:20.571,1.6016,1.60195,0.40,0.20
2008.02.26 11:00:20.835,1.6016,1.60195,0.40,0.20
2008.02.26 11:00:21.730,1.6016,1.60195,0.40,0.20
2008.02.26 11:00:23.167,1.6016,1.60195,0.40,0.20
2008.02.26 11:00:24.169,1.6016,1.60195,0.40,0.20
2008.02.26 11:00:24.477,1.6016,1.6019,0.40,0.20
2008.02.26 11:00:25.645,1.6016,1.60195,0.40,1.70
2008.02.26 11:00:25.913,1.6016,1.60195,0.40,0.20
2008.02.26 11:00:26.162,1.6016,1.60195,0.40,0.20
2008.02.26 11:00:26.404,1.6016,1.60195,0.40,0.20
2008.02.26 11:00:26.648,1.60155,1.60185,2.40,0.20
2008.02.26 11:00:26.890,1.60145,1.60185,5.60,0.20
2008.02.26 11:00:27.224,1.60145,1.60185,5.60,0.20
2008.02.26 11:00:27.556,1.60145,1.60185,5.60,0.20
2008.02.26 11:00:27.902,1.60145,1.60185,5.60,0.20
2008.02.26 11:00:28.117,1.60145,1.60185,5.60,0.20
2008.02.26 11:00:28.345,1.60145,1.6018,5.60,0.20
2008.02.26 11:00:28.662,1.60145,1.60185,5.60,0.20
2008.02.26 11:00:29.070,1.60145,1.6018,5.60,0.20
2008.02.26 11:00:29.605,1.60145,1.60185,5.60,0.20
2008.02.26 11:00:29.938,1.60145,1.60185,5.60,0.20
2008.02.26 11:00:30.160,1.60145,1.60185,5.60,0.20
2008.02.26 11:00:30.494,1.60145,1.60185,5.60,0.20
2008.02.26 11:00:30.717,1.60145,1.60185,5.60,0.20
2008.02.26 11:00:30.940,1.60145,1.60185,5.60,0.20
2008.02.26 11:00:31.243,1.60145,1.60185,1.60,0.20
2008.02.26 11:00:31.546,1.60145,1.6018,1.60,0.20
2008.02.26 11:00:31.849,1.60145,1.60185,5.60,0.20
2008.02.26 11:00:32.155,1.60145,1.60185,5.60,0.20
2008.02.26 11:00:32.443,1.60145,1.60195,5.60,0.20
2008.02.26 11:00:32.732,1.60155,1.60195,4.00,0.20
2008.02.26 11:00:32.991,1.60155,1.6019,4.00,0.20
2008.02.26 11:00:33.258,1.60145,1.6019,5.60,0.20
2008.02.26 11:00:33.526,1.60145,1.6019,5.60,0.20
2008.02.26 11:00:37.683,1.60145,1.6018,5.60,0.20
2008.02.26 11:00:37.926,1.60145,1.6018,5.60,0.20
2008.02.26 11:00:38.169,1.60145,1.6018,4.00,0.20
2008.02.26 11:00:38.457,1.6014,1.6018,0.40,0.20
2008.02.26 11:00:38.873,1.6014,1.6018,0.40,0.20
2008.02.26 11:00:40.182,1.60145,1.6018,4.00,0.20
2008.02.26 11:00:40.598,1.60145,1.60165,4.00,0.20
2008.02.26 11:00:40.879,1.6014,1.60165,0.40,0.20
2008.02.26 11:00:41.125,1.6014,1.6018,0.40,0.90
2008.02.26 11:00:41.418,1.6014,1.6018,0.40,0.90
2008.02.26 11:00:41.712,1.60145,1.60185,1.60,1.60
2008.02.26 11:00:42.005,1.6016,1.60185,0.40,0.80
2008.02.26 11:00:42.299,1.6017,1.60185,0.40,0.80
2008.02.26 11:00:42.728,1.6017,1.60185,0.40,0.80
2008.02.26 11:00:42.985,1.6017,1.60185,0.40,0.80
2008.02.26 11:00:43.243,1.6017,1.60185,0.40,0.80
2008.02.26 11:00:43.516,1.6017,1.60185,0.40,0.80
2008.02.26 11:00:43.789,1.6017,1.602,0.40,0.30
2008.02.26 11:00:44.295,1.6017,1.602,0.40,0.30
2008.02.26 11:00:44.633,1.6017,1.60195,0.40,0.20
2008.02.26 11:00:44.952,1.6017,1.6019,0.40,0.10
2008.02.26 11:00:45.558,1.6017,1.60185,0.40,0.20
2008.02.26 11:00:45.800,1.6015,1.60185,0.40,0.20
2008.02.26 11:00:46.058,1.6015,1.60185,0.40,0.20
2008.02.26 11:00:46.477,1.6015,1.60185,0.40,0.90
2008.02.26 11:00:46.745,1.6015,1.6018,0.40,0.20
2008.02.26 11:00:47.013,1.6015,1.6018,0.40,0.30
2008.02.26 11:00:47.299,1.6015,1.6018,0.40,0.30
2008.02.26 11:00:47.827,1.6015,1.6018,0.40,0.30
2008.02.26 11:00:48.112,1.6015,1.6018,0.40,0.30
2008.02.26 11:00:48.384,1.6015,1.6018,0.40,0.30
2008.02.26 11:00:49.371,1.6015,1.6018,0.40,0.30
2008.02.26 11:00:49.649,1.6015,1.6018,0.40,0.30
2008.02.26 11:00:50.149,1.6015,1.6017,0.40,0.20
2008.02.26 11:00:50.428,1.6015,1.6017,0.40,0.20
2008.02.26 11:00:50.685,1.6015,1.6017,0.40,0.30
2008.02.26 11:00:51.061,1.6015,1.6017,0.40,0.10
2008.02.26 11:00:51.319,1.6015,1.60175,0.40,1.60
2008.02.26 11:00:51.603,1.6015,1.60175,0.40,0.80
2008.02.26 11:00:51.886,1.6015,1.6018,0.40,0.30
2008.02.26 11:00:53.429,1.6015,1.6018,0.40,0.30
2008.02.26 11:00:54.084,1.6015,1.6017,0.40,0.20
2008.02.26 11:00:54.362,1.6015,1.6017,0.40,0.20
2008.02.26 11:00:54.645,1.6015,1.60175,0.40,1.60
2008.02.26 11:00:54.928,1.6015,1.60175,0.40,1.60
2008.02.26 11:00:56.330,1.6015,1.60175,0.40,0.80
2008.02.26 11:00:56.558,1.6015,1.6017,0.40,0.20
2008.02.26 11:00:56.786,1.6015,1.6017,0.40,0.20
2008.02.26 11:00:57.015,1.6015,1.6017,0.40,0.30
2008.02.26 11:00:57.272,1.6015,1.6017,0.40,0.30
2008.02.26 11:00:57.502,1.6015,1.6017,0.40,0.30
2008.02.26 11:00:58.311,1.6015,1.6017,0.40,0.30
2008.02.26 11:00:58.635,1.6015,1.6017,0.40,0.10
2008.02.26 11:00:58.874,1.6015,1.6017,0.40,0.10
2008.02.26 11:00:59.107,1.6015,1.6017,0.40,0.10
2008.02.26 11:01:00.595,1.6015,1.6017,0.40,0.10
2008.02.26 11:01:00.825,1.6015,1.6017,0.40,0.10
2008.02.26 11:01:01.223,1.6015,1.6017,0.40,0.10
2008.02.26 11:01:01.446,1.6015,1.6017,0.40,0.10
2008.02.26 11:01:01.770,1.6015,1.6017,0.40,0.20
2008.02.26 11:01:02.093,1.6014,1.6017,0.40,0.30
2008.02.26 11:01:02.431,1.6014,1.6017,0.40,0.30
2008.02.26 11:01:02.789,1.60155,1.6017,0.80,0.30
2008.02.26 11:01:03.450,1.60155,1.6017,0.80,0.30
2008.02.26 11:01:03.724,1.60155,1.60175,0.80,3.50
2008.02.26 11:01:04.005,1.60155,1.60175,0.80,0.50
2008.02.26 11:01:04.279,1.60155,1.60185,0.80,1.30
2008.02.26 11:01:04.552,1.60155,1.60185,0.80,1.30
2008.02.26 11:01:04.854,1.60155,1.60185,0.80,1.30
2008.02.26 11:01:05.157,1.60155,1.60185,0.80,0.70
2008.02.26 11:01:05.460,1.60155,1.60185,0.80,0.20
2008.02.26 11:01:05.784,1.60155,1.60185,0.80,0.20
2008.02.26 11:01:06.035,1.60155,1.60185,0.80,0.20
2008.02.26 11:01:06.298,1.60155,1.60185,0.80,0.20
2008.02.26 11:01:06.561,1.60155,1.60185,0.80,0.20
2008.02.26 11:01:06.870,1.60155,1.60185,0.80,0.20
2008.02.26 11:01:08.444,1.60155,1.60185,0.80,0.20
2008.02.26 11:01:13.459,1.60155,1.60185,0.80,0.20
2008.02.26 11:01:15.120,1.60155,1.6017,0.80,0.20
2008.02.26 11:01:15.348,1.60155,1.6017,0.80,0.20
2008.02.26 11:01:15.592,1.60155,1.6017,0.80,0.20
2008.02.26 11:01:15.804,1.60155,1.6017,0.80,0.30
2008.02.26 11:01:16.111,1.6014,1.6017,0.40,0.30
2008.02.26 11:01:16.428,1.6014,1.6017,0.40,0.30
2008.02.26 11:01:16.737,1.6014,1.60165,0.40,0.20
2008.02.26 11:01:17.045,1.6014,1.6017,0.40,0.30
2008.02.26 11:01:17.298,1.6014,1.6018,0.40,0.20
2008.02.26 11:01:17.550,1.6014,1.6018,0.40,0.20
2008.02.26 11:01:17.805,1.60145,1.60185,4.00,4.00
2008.02.26 11:01:18.082,1.60145,1.60185,4.00,4.00
2008.02.26 11:01:18.377,1.6014,1.6018,0.40,0.30
2008.02.26 11:01:18.639,1.6014,1.6018,0.40,0.30
2008.02.26 11:01:19.215,1.6014,1.6018,0.40,0.30
2008.02.26 11:01:19.532,1.60135,1.6018,1.60,0.20
2008.02.26 11:01:19.850,1.60135,1.60185,1.60,0.20
2008.02.26 11:01:20.142,1.60135,1.60185,4.00,0.20
2008.02.26 11:01:20.371,1.6014,1.6019,0.40,0.20
2008.02.26 11:01:20.975,1.6014,1.6019,0.40,0.20
2008.02.26 11:01:21.282,1.6014,1.60185,0.40,0.20
2008.02.26 11:01:21.656,1.6014,1.60185,0.40,0.20
2008.02.26 11:01:21.965,1.60125,1.60185,5.60,1.70
2008.02.26 11:01:22.219,1.60125,1.6016,5.60,0.20
2008.02.26 11:01:22.475,1.6012,1.6016,0.40,0.20
2008.02.26 11:01:22.800,1.6012,1.6016,0.40,0.20
2008.02.26 11:01:23.034,1.6012,1.6016,0.40,0.20
2008.02.26 11:01:23.313,1.60115,1.60155,1.60,0.20
2008.02.26 11:01:23.591,1.6011,1.60155,0.40,0.20
2008.02.26 11:01:23.871,1.6011,1.60155,0.40,0.20
2008.02.26 11:01:24.189,1.6011,1.60155,0.40,0.20
2008.02.26 11:01:24.680,1.6011,1.60165,0.40,1.60
2008.02.26 11:01:24.998,1.6011,1.6017,0.40,0.30
2008.02.26 11:01:25.221,1.6011,1.6017,0.40,0.30
2008.02.26 11:01:25.444,1.6014,1.6017,0.40,0.30
2008.02.26 11:01:26.111,1.6014,1.6017,0.40,0.10
2008.02.26 11:01:26.436,1.6014,1.60175,0.40,1.60
2008.02.26 11:01:26.888,1.6014,1.6018,0.40,0.30
2008.02.26 11:01:27.146,1.6016,1.6018,0.40,0.30
2008.02.26 11:01:27.405,1.6016,1.6018,0.40,0.10
2008.02.26 11:01:27.662,1.6014,1.6018,0.40,0.10
2008.02.26 11:01:27.922,1.6014,1.60175,0.40,2.40
2008.02.26 11:01:28.199,1.6014,1.60155,0.40,0.20
2008.02.26 11:01:28.479,1.6013,1.6015,0.40,0.10
2008.02.26 11:01:28.756,1.6013,1.6015,0.40,0.10
2008.02.26 11:01:29.145,1.6013,1.6015,0.40,0.10
2008.02.26 11:01:29.653,1.6013,1.6015,0.40,0.10
2008.02.26 11:01:29.974,1.6013,1.6015,0.40,0.10
2008.02.26 11:01:31.734,1.60115,1.6014,2.40,0.10
2008.02.26 11:01:32.022,1.6011,1.6014,0.40,0.30
2008.02.26 11:01:32.276,1.6011,1.6014,0.40,0.30
2008.02.26 11:01:33.492,1.6011,1.6014,0.40,0.30
2008.02.26 11:01:34.629,1.6011,1.6014,0.40,0.10
2008.02.26 11:01:34.927,1.6011,1.6014,0.40,0.10
2008.02.26 11:01:35.226,1.6011,1.6015,0.40,0.30
2008.02.26 11:01:35.479,1.6011,1.6015,0.40,0.30
2008.02.26 11:01:35.721,1.6011,1.6016,0.40,0.20
2008.02.26 11:01:35.978,1.6011,1.6016,0.40,0.20
2008.02.26 11:01:36.206,1.6011,1.6016,0.40,0.20
2008.02.26 11:01:36.708,1.6011,1.60165,0.40,1.70
2008.02.26 11:01:37.010,1.60115,1.60165,1.60,0.20
2008.02.26 11:01:37.263,1.60115,1.60165,1.60,0.20
2008.02.26 11:01:38.152,1.60115,1.60175,1.60,5.70
2008.02.26 11:01:38.415,1.60125,1.60175,1.60,4.10
2008.02.26 11:01:38.678,1.6013,1.60175,0.40,4.10
2008.02.26 11:01:38.940,1.6013,1.60175,0.40,4.10
2008.02.26 11:01:39.960,1.6013,1.60175,0.40,0.20
2008.02.26 11:01:42.094,1.6013,1.6016,0.40,0.20
2008.02.26 11:01:42.392,1.6013,1.6016,0.40,0.20
2008.02.26 11:01:42.650,1.6013,1.6016,0.40,0.20
2008.02.26 11:01:42.904,1.6013,1.6015,0.40,0.10
2008.02.26 11:01:43.493,1.6013,1.6015,0.40,0.10
2008.02.26 11:01:44.418,1.6013,1.6015,0.40,0.10
2008.02.26 11:01:44.958,1.6013,1.6015,0.40,0.10
2008.02.26 11:01:47.708,1.6013,1.6015,0.40,0.10
2008.02.26 11:01:48.012,1.6013,1.60175,0.40,4.10
2008.02.26 11:01:48.328,1.6013,1.60175,0.40,4.10
2008.02.26 11:01:49.366,1.6013,1.60175,0.40,0.20
2008.02.26 11:01:49.699,1.6013,1.60175,0.40,0.20
2008.02.26 11:01:50.212,1.6013,1.60175,0.40,0.20
2008.02.26 11:01:50.545,1.6013,1.60175,0.40,0.20
2008.02.26 11:01:50.784,1.6013,1.60185,0.40,1.70
2008.02.26 11:01:51.237,1.6013,1.6016,0.40,0.20
2008.02.26 11:01:51.476,1.6013,1.6016,0.40,0.20
2008.02.26 11:01:51.778,1.6013,1.60175,0.40,6.50
2008.02.26 11:01:52.082,1.6013,1.60175,0.40,0.20
2008.02.26 11:01:52.672,1.6013,1.60165,0.40,0.20
2008.02.26 11:01:52.931,1.6013,1.60165,0.40,0.20
2008.02.26 11:01:53.173,1.6013,1.60165,0.40,0.20
2008.02.26 11:01:53.415,1.6013,1.60165,0.40,0.20
2008.02.26 11:01:55.592,1.6013,1.60165,0.40,0.20
2008.02.26 11:01:56.323,1.6013,1.60165,0.40,0.20
2008.02.26 11:01:56.599,1.6013,1.60165,0.40,0.20
2008.02.26 11:01:56.872,1.6013,1.60165,0.40,0.20
2008.02.26 11:01:58.271,1.6013,1.6016,0.40,0.20
2008.02.26 11:01:58.544,1.6013,1.6016,0.40,0.20
2008.02.26 11:01:58.838,1.6013,1.6015,0.40,0.10
2008.02.26 11:02:01.102,1.6013,1.6015,0.40,0.10
2008.02.26 11:02:01.331,1.6013,1.6015,0.40,0.10
2008.02.26 11:02:01.559,1.6013,1.6015,0.40,0.10
2008.02.26 11:02:03.499,1.6013,1.6015,0.40,0.10
2008.02.26 11:02:05.265,1.6013,1.6015,0.40,0.10
2008.02.26 11:02:06.729,1.6013,1.6015,0.40,0.10
2008.02.26 11:02:06.982,1.6013,1.6015,0.40,0.10
2008.02.26 11:02:08.548,1.6013,1.6015,0.40,0.10
2008.02.26 11:02:10.414,1.6013,1.60145,0.40,0.20
2008.02.26 11:02:10.686,1.6012,1.6014,0.40,0.10
2008.02.26 11:02:10.913,1.6012,1.6014,0.40,0.10
2008.02.26 11:02:13.106,1.6012,1.6014,0.40,0.10
2008.02.26 11:02:13.314,1.6012,1.6015,0.40,0.10
2008.02.26 11:02:13.523,1.6012,1.6015,0.40,0.10
2008.02.26 11:02:13.730,1.6012,1.60145,0.40,0.20
2008.02.26 11:02:13.939,1.6012,1.60145,0.40,0.20
2008.02.26 11:02:14.290,1.6012,1.6014,0.40,0.10
2008.02.26 11:02:14.604,1.6012,1.6015,0.40,0.10
2008.02.26 11:02:14.937,1.6012,1.60145,0.40,0.20
2008.02.26 11:02:15.175,1.6012,1.60145,0.40,0.20
2008.02.26 11:02:15.413,1.6012,1.6016,0.40,0.20
2008.02.26 11:02:15.652,1.6012,1.6016,0.40,0.20
2008.02.26 11:02:15.890,1.6012,1.6016,0.40,0.20
2008.02.26 11:02:16.192,1.6014,1.6016,0.40,0.20
2008.02.26 11:02:16.497,1.6013,1.60165,0.40,0.20
2008.02.26 11:02:18.532,1.6013,1.60165,0.40,0.20
2008.02.26 11:02:23.539,1.6013,1.60165,0.40,0.20
2008.02.26 11:02:24.628,1.6013,1.60165,0.40,0.20
2008.02.26 11:02:24.933,1.6013,1.6017,0.40,0.30
2008.02.26 11:02:25.235,1.6013,1.6017,0.40,0.30
2008.02.26 11:02:27.617,1.6013,1.6017,0.40,0.30
2008.02.26 11:02:28.145,1.6013,1.60165,0.40,0.20
2008.02.26 11:02:28.561,1.6013,1.60165,0.40,0.20
2008.02.26 11:02:28.849,1.6013,1.60165,0.40,0.20
2008.02.26 11:02:29.139,1.6013,1.60165,0.40,0.20
2008.02.26 11:02:29.705,1.6013,1.6017,0.40,0.30
2008.02.26 11:02:30.017,1.6013,1.6017,0.40,0.30
2008.02.26 11:02:30.462,1.60135,1.6017,0.80,0.30
2008.02.26 11:02:30.705,1.6014,1.6017,0.40,0.20
2008.02.26 11:02:30.948,1.6014,1.6018,0.40,0.30
2008.02.26 11:02:31.408,1.6014,1.6018,0.40,0.30
2008.02.26 11:02:32.277,1.6014,1.6018,0.40,0.30
2008.02.26 11:02:32.541,1.6014,1.6018,0.40,0.30
2008.02.26 11:02:32.804,1.6014,1.6018,0.40,0.30
2008.02.26 11:02:33.325,1.6014,1.6018,0.40,0.30
2008.02.26 11:02:34.161,1.6014,1.6018,0.40,0.30
2008.02.26 11:02:34.450,1.6014,1.60175,0.40,0.20
2008.02.26 11:02:34.738,1.6014,1.6018,0.40,0.30
2008.02.26 11:02:35.026,1.6014,1.60175,0.40,0.20
2008.02.26 11:02:35.314,1.6014,1.6018,0.40,0.30
2008.02.26 11:02:35.587,1.6014,1.60175,0.40,0.20
2008.02.26 11:02:35.860,1.6014,1.6018,0.40,0.30
2008.02.26 11:02:36.136,1.6014,1.60175,0.40,0.20
2008.02.26 11:02:36.409,1.6014,1.60175,0.40,0.20
2008.02.26 11:02:38.209,1.6014,1.6018,0.40,0.30
2008.02.26 11:02:38.478,1.6015,1.6018,0.40,0.20
2008.02.26 11:02:38.747,1.6015,1.60185,0.40,0.20
2008.02.26 11:02:39.016,1.6015,1.60175,0.40,0.20
2008.02.26 11:02:39.286,1.6015,1.60175,0.40,0.20
2008.02.26 11:02:39.613,1.6015,1.6017,0.40,0.10
2008.02.26 11:02:43.611,1.6015,1.6017,0.40,0.10
2008.02.26 11:02:45.360,1.6015,1.6017,0.40,0.10
2008.02.26 11:02:45.815,1.6015,1.60175,0.40,0.20
2008.02.26 11:02:46.043,1.6015,1.60185,0.40,0.20
2008.02.26 11:02:48.480,1.6015,1.60185,0.40,0.20
2008.02.26 11:02:48.810,1.60145,1.6018,4.00,0.10
2008.02.26 11:02:49.139,1.6014,1.6018,0.40,0.30
2008.02.26 11:02:50.162,1.6014,1.6018,0.40,0.30
2008.02.26 11:02:50.663,1.6014,1.6018,0.40,0.10
2008.02.26 11:02:50.921,1.6015,1.6019,0.40,0.30
2008.02.26 11:02:51.179,1.6015,1.60185,0.40,0.20
2008.02.26 11:02:53.610,1.6015,1.60185,0.40,0.20
2008.02.26 11:02:53.883,1.6015,1.60185,0.40,0.20
2008.02.26 11:02:56.360,1.6015,1.60175,0.40,0.20
2008.02.26 11:02:56.608,1.6015,1.60175,0.40,0.20
2008.02.26 11:02:56.887,1.6015,1.60185,0.40,0.20
2008.02.26 11:02:57.165,1.6015,1.6018,0.40,0.10
2008.02.26 11:02:57.444,1.6015,1.6017,0.40,0.10
2008.02.26 11:02:57.763,1.6015,1.60175,0.40,0.20
2008.02.26 11:02:58.047,1.6015,1.6018,0.40,0.30
2008.02.26 11:02:58.306,1.6015,1.6018,0.40,0.30
2008.02.26 11:02:58.573,1.6015,1.6018,0.40,0.30
2008.02.26 11:02:58.856,1.6015,1.6018,0.40,0.10
2008.02.26 11:02:59.139,1.6014,1.6018,0.40,0.30
2008.02.26 11:02:59.776,1.6014,1.6018,0.40,0.10
2008.02.26 11:03:00.075,1.6015,1.6019,0.40,0.30
2008.02.26 11:03:00.373,1.6015,1.6019,0.40,0.10
2008.02.26 11:03:00.671,1.6015,1.60185,0.40,0.20
2008.02.26 11:03:00.908,1.6015,1.60185,0.40,0.20
2008.02.26 11:03:01.978,1.6015,1.60185,0.40,0.20
2008.02.26 11:03:02.687,1.6015,1.60185,0.40,0.20
2008.02.26 11:03:03.626,1.6015,1.60185,0.40,0.20
2008.02.26 11:03:04.973,1.6015,1.6019,0.40,0.30
2008.02.26 11:03:05.261,1.6015,1.6019,0.40,0.30
2008.02.26 11:03:05.550,1.6015,1.6019,0.40,0.30
2008.02.26 11:03:05.838,1.6015,1.60185,0.40,0.20
2008.02.26 11:03:06.130,1.6015,1.60185,0.40,0.20
2008.02.26 11:03:06.935,1.6015,1.6019,0.40,0.30
2008.02.26 11:03:07.183,1.6015,1.6019,0.40,0.10
2008.02.26 11:03:07.432,1.6016,1.602,0.40,0.30
2008.02.26 11:03:07.681,1.6014,1.60185,0.40,0.20
2008.02.26 11:03:07.973,1.6014,1.60185,0.40,0.20
2008.02.26 11:03:08.267,1.6014,1.60185,0.40,0.20
2008.02.26 11:03:08.624,1.6014,1.60185,0.40,0.20
2008.02.26 11:03:08.917,1.60145,1.60185,0.60,0.20
2008.02.26 11:03:09.230,1.6015,1.6019,0.40,0.10
2008.02.26 11:03:09.544,1.6015,1.60185,0.40,0.20
2008.02.26 11:03:09.859,1.6015,1.60185,0.40,0.20
2008.02.26 11:03:10.431,1.6015,1.60185,0.40,0.20
2008.02.26 11:03:10.654,1.6015,1.6018,0.40,0.20
2008.02.26 11:03:11.056,1.6014,1.6018,0.40,0.30
2008.02.26 11:03:11.889,1.6014,1.6018,0.40,0.10
2008.02.26 11:03:12.134,1.60145,1.6018,0.70,0.10
2008.02.26 11:03:12.393,1.6015,1.6019,0.40,0.30
2008.02.26 11:03:12.635,1.6015,1.6019,0.40,0.30
2008.02.26 11:03:13.645,1.6015,1.6019,0.40,0.30
2008.02.26 11:03:14.250,1.6015,1.6019,0.40,0.10
2008.02.26 11:03:14.518,1.6015,1.6019,0.40,0.10
2008.02.26 11:03:14.787,1.6015,1.6019,0.40,0.30
2008.02.26 11:03:15.070,1.6015,1.6019,0.40,0.10
2008.02.26 11:03:18.648,1.6015,1.6019,0.40,0.10
2008.02.26 11:03:20.372,1.6015,1.6017,0.40,0.20
2008.02.26 11:03:20.635,1.6014,1.6017,0.40,0.30
2008.02.26 11:03:20.898,1.6014,1.6017,0.40,0.10
2008.02.26 11:03:21.181,1.6014,1.60185,0.40,0.20
2008.02.26 11:03:23.650,1.6014,1.60185,0.40,0.20
2008.02.26 11:03:27.559,1.6014,1.6019,0.40,0.20
2008.02.26 11:03:27.838,1.60145,1.6019,0.60,0.20
2008.02.26 11:03:28.116,1.6016,1.6019,0.40,0.20
2008.02.26 11:03:28.379,1.6016,1.60195,0.40,0.20
2008.02.26 11:03:28.641,1.60145,1.60195,0.50,0.20
2008.02.26 11:03:29.169,1.60145,1.602,1.10,0.30
2008.02.26 11:03:29.487,1.60155,1.602,1.00,0.20
2008.02.26 11:03:29.806,1.60155,1.60205,0.70,0.20
2008.02.26 11:03:32.007,1.60155,1.60205,0.90,0.20
2008.02.26 11:03:32.307,1.6016,1.6021,0.40,0.20
2008.02.26 11:03:32.565,1.6016,1.60205,0.40,0.20
2008.02.26 11:03:32.824,1.60165,1.60215,0.50,0.20
2008.02.26 11:03:33.082,1.60165,1.60215,1.20,0.20
2008.02.26 11:03:33.341,1.60165,1.6021,1.00,0.20
2008.02.26 11:03:33.607,1.60165,1.6021,0.90,0.20
2008.02.26 11:03:34.678,1.60165,1.6021,1.20,0.20
2008.02.26 11:03:35.005,1.60165,1.6021,0.80,0.20
2008.02.26 11:03:35.333,1.60165,1.60205,1.60,0.20
2008.02.26 11:03:35.571,1.60165,1.60205,1.60,0.20
2008.02.26 11:03:35.826,1.60165,1.60215,1.60,0.20
2008.02.26 11:03:36.050,1.60165,1.60215,1.60,0.20
2008.02.26 11:03:36.360,1.60165,1.6021,1.60,0.20
2008.02.26 11:03:36.692,1.60165,1.60205,1.60,0.20
2008.02.26 11:03:37.963,1.60165,1.6022,1.60,0.30
2008.02.26 11:03:38.197,1.60165,1.6022,4.00,0.30
2008.02.26 11:03:38.486,1.60165,1.60215,4.00,0.20
2008.02.26 11:03:38.774,1.6018,1.602,0.40,0.10
2008.02.26 11:03:39.062,1.6018,1.6022,0.40,0.20
2008.02.26 11:03:39.365,1.6018,1.6022,0.40,0.10
2008.02.26 11:03:39.668,1.6018,1.6022,0.40,0.30
2008.02.26 11:03:39.971,1.6018,1.6022,0.40,0.30
2008.02.26 11:03:40.274,1.6018,1.6022,0.40,0.30
2008.02.26 11:03:43.696,1.6018,1.6022,0.40,0.30
2008.02.26 11:03:45.689,1.6018,1.60215,0.40,0.20
2008.02.26 11:03:45.938,1.6018,1.60215,0.40,0.20
2008.02.26 11:03:48.706,1.6018,1.60215,0.40,0.20
2008.02.26 11:03:53.007,1.6018,1.60215,0.40,0.20
2008.02.26 11:03:53.713,1.6018,1.60215,0.40,0.20
2008.02.26 11:03:55.240,1.6018,1.60215,0.40,0.20
2008.02.26 11:03:55.651,1.6018,1.6022,0.40,0.10
2008.02.26 11:03:55.882,1.6018,1.6022,0.40,0.10
2008.02.26 11:03:56.130,1.6018,1.6022,0.40,0.10
2008.02.26 11:03:56.541,1.6018,1.6022,0.40,0.10
2008.02.26 11:03:56.825,1.6018,1.6022,0.40,0.10
2008.02.26 11:03:57.108,1.6018,1.6022,0.40,0.10
2008.02.26 11:03:58.729,1.6018,1.6022,0.40,0.10
2008.02.26 11:04:03.732,1.6018,1.6022,0.40,0.10
2008.02.26 11:04:06.491,1.6018,1.6022,0.40,0.10
2008.02.26 11:04:06.599,1.6018,1.6022,0.40,0.10
2008.02.26 11:04:08.747,1.6018,1.6022,0.40,0.10
2008.02.26 11:04:11.978,1.6018,1.6022,0.40,0.10
2008.02.26 11:04:12.245,1.6018,1.6022,0.40,0.10
2008.02.26 11:04:13.755,1.6018,1.6022,0.40,0.10
2008.02.26 11:04:15.506,1.6018,1.6022,0.40,0.10
2008.02.26 11:04:15.779,1.6018,1.6022,0.40,0.10
2008.02.26 11:04:18.762,1.6018,1.6022,0.40,0.10
2008.02.26 11:04:23.416,1.6018,1.6022,0.40,0.10
2008.02.26 11:04:23.690,1.60185,1.6022,4.00,0.10
2008.02.26 11:04:23.978,1.6019,1.60235,0.40,0.20
2008.02.26 11:04:28.772,1.6019,1.60235,0.40,0.20
2008.02.26 11:04:31.058,1.602,1.60235,0.40,0.20
2008.02.26 11:04:33.770,1.602,1.60235,0.40,0.20
2008.02.26 11:04:38.786,1.602,1.60235,0.40,0.20
2008.02.26 11:04:40.156,1.602,1.60235,0.40,1.70
2008.02.26 11:04:40.470,1.602,1.60225,0.40,0.20
2008.02.26 11:04:40.683,1.602,1.60225,0.40,0.20
2008.02.26 11:04:42.722,1.602,1.60225,0.40,0.20
2008.02.26 11:04:42.945,1.602,1.60225,0.40,0.20
2008.02.26 11:04:43.183,1.602,1.6023,0.40,0.10
2008.02.26 11:04:43.405,1.602,1.6023,0.40,0.10
2008.02.26 11:04:43.738,1.602,1.60225,0.40,0.20
2008.02.26 11:04:44.072,1.602,1.60225,0.40,0.20
2008.02.26 11:04:44.404,1.602,1.60225,0.40,0.20
2008.02.26 11:04:44.667,1.602,1.60225,0.40,0.20
2008.02.26 11:04:45.660,1.602,1.60225,0.40,0.20
2008.02.26 11:04:45.939,1.602,1.6023,0.40,0.10
2008.02.26 11:04:46.217,1.602,1.6023,0.40,0.10
2008.02.26 11:04:48.748,1.602,1.6023,0.40,0.10
2008.02.26 11:04:48.814,1.602,1.6023,0.40,0.10
2008.02.26 11:04:50.114,1.602,1.6023,0.40,0.10
2008.02.26 11:04:50.418,1.602,1.60225,0.40,0.20
2008.02.26 11:04:50.677,1.602,1.60225,0.40,0.20
2008.02.26 11:04:51.562,1.602,1.60215,0.40,0.20
2008.02.26 11:04:51.805,1.6018,1.60215,0.40,0.20
2008.02.26 11:04:53.835,1.6018,1.60215,0.40,0.20
2008.02.26 11:04:58.396,1.6018,1.60215,0.40,0.20
2008.02.26 11:04:58.724,1.6018,1.6022,0.40,0.20
2008.02.26 11:04:59.034,1.6018,1.6022,0.40,0.20
2008.02.26 11:04:59.342,1.6018,1.6022,0.40,0.20
2008.02.26 11:04:59.649,1.6018,1.6022,0.40,0.20
2008.02.26 11:04:59.944,1.6018,1.60215,0.40,0.20
2008.02.26 11:05:02.763,1.6018,1.60215,0.40,0.20
2008.02.26 11:05:03.021,1.6018,1.60215,0.40,0.20
2008.02.26 11:05:03.564,1.6018,1.60215,0.40,0.20
2008.02.26 11:05:04.215,1.6018,1.6021,0.40,0.20
2008.02.26 11:05:05.170,1.6018,1.60215,0.40,0.20
2008.02.26 11:05:07.641,1.6018,1.60215,0.40,0.20
2008.02.26 11:05:08.828,1.6018,1.60215,0.40,0.20
2008.02.26 11:05:09.381,1.6018,1.60215,0.40,0.20
2008.02.26 11:05:09.625,1.6018,1.60215,0.40,0.20
2008.02.26 11:05:09.868,1.6018,1.60205,0.40,0.20
2008.02.26 11:05:10.678,1.6018,1.6021,0.40,0.20
2008.02.26 11:05:11.005,1.6018,1.6021,0.40,0.20
2008.02.26 11:05:11.321,1.6018,1.60205,0.40,0.20
2008.02.26 11:05:11.549,1.6018,1.60205,0.40,0.20
2008.02.26 11:05:11.794,1.6018,1.6019,0.40,0.10
2008.02.26 11:05:12.021,1.6018,1.60205,0.40,0.20
2008.02.26 11:05:13.529,1.6018,1.60205,0.40,0.20
2008.02.26 11:05:13.830,1.6018,1.60205,0.40,0.20
2008.02.26 11:05:16.666,1.6018,1.6021,0.40,0.20
2008.02.26 11:05:16.940,1.6018,1.6021,0.40,0.20
2008.02.26 11:05:17.204,1.6018,1.60215,0.40,0.20
2008.02.26 11:05:17.818,1.6018,1.60215,0.40,0.20
2008.02.26 11:05:18.734,1.6018,1.6021,0.40,0.20
2008.02.26 11:05:21.724,1.6018,1.6021,0.40,0.20
2008.02.26 11:05:21.987,1.6018,1.60205,0.40,0.20
2008.02.26 11:05:22.251,1.6018,1.6021,0.40,0.20
2008.02.26 11:05:22.529,1.6018,1.6021,0.40,0.20
2008.02.26 11:05:23.071,1.6018,1.6021,0.40,0.20
2008.02.26 11:05:23.354,1.6018,1.6021,0.40,0.20
2008.02.26 11:05:23.637,1.6018,1.60215,0.40,0.20
2008.02.26 11:05:27.904,1.602,1.60215,0.40,0.20
2008.02.26 11:05:28.016,1.602,1.60225,0.40,0.20
2008.02.26 11:05:28.143,1.602,1.60225,0.40,0.20
2008.02.26 11:05:28.862,1.602,1.60225,0.40,0.20
2008.02.26 11:05:31.900,1.602,1.6022,0.40,0.20
2008.02.26 11:05:32.169,1.6018,1.6022,0.40,0.20
2008.02.26 11:05:32.437,1.6018,1.60215,0.40,0.20
2008.02.26 11:05:33.883,1.6018,1.60215,0.40,0.20
2008.02.26 11:05:38.881,1.6018,1.60215,0.40,0.20
2008.02.26 11:05:43.197,1.6018,1.6022,0.40,0.20
2008.02.26 11:05:43.458,1.6018,1.6022,0.40,0.20
2008.02.26 11:05:43.676,1.6018,1.60215,0.40,0.20
2008.02.26 11:05:43.893,1.6018,1.60215,0.40,0.20
2008.02.26 11:05:44.226,1.6018,1.60215,0.40,0.20
2008.02.26 11:05:46.672,1.6018,1.6022,0.40,0.20
2008.02.26 11:05:46.961,1.6018,1.6022,0.40,0.20
2008.02.26 11:05:47.219,1.6018,1.6022,0.40,0.20
2008.02.26 11:05:47.477,1.6018,1.6022,0.40,0.20
2008.02.26 11:05:47.738,1.6018,1.60215,0.40,0.20
2008.02.26 11:05:48.887,1.6018,1.60215,0.40,0.20
2008.02.26 11:05:49.432,1.6018,1.60225,0.40,0.20
2008.02.26 11:05:49.703,1.602,1.60225,0.40,0.20
2008.02.26 11:05:53.916,1.602,1.60225,0.40,0.20
2008.02.26 11:05:56.591,1.602,1.6021,0.40,0.20
2008.02.26 11:05:56.924,1.602,1.6021,0.40,0.20
2008.02.26 11:05:57.258,1.60195,1.602,0.40,0.20
2008.02.26 11:05:57.482,1.6017,1.6019,0.40,0.10
2008.02.26 11:05:57.705,1.6017,1.6019,0.40,0.10
2008.02.26 11:05:57.927,1.6017,1.6019,0.40,0.10
2008.02.26 11:05:58.151,1.6018,1.602,0.40,0.10
2008.02.26 11:05:58.821,1.6018,1.602,0.40,0.10
2008.02.26 11:05:59.892,1.6017,1.602,0.40,0.10
2008.02.26 11:06:00.131,1.6017,1.602,0.40,0.10
2008.02.26 11:06:00.778,1.6017,1.602,0.40,0.10
2008.02.26 11:06:03.944,1.6017,1.602,0.40,0.10
2008.02.26 11:06:05.550,1.6017,1.602,0.40,0.10
2008.02.26 11:06:05.640,1.6017,1.602,0.40,0.10
2008.02.26 11:06:05.864,1.6017,1.602,0.40,0.10
2008.02.26 11:06:06.250,1.6017,1.602,0.40,0.10
2008.02.26 11:06:06.557,1.6018,1.602,0.40,0.10
2008.02.26 11:06:08.939,1.6018,1.602,0.40,0.10
2008.02.26 11:06:09.475,1.6018,1.602,0.40,0.30
2008.02.26 11:06:09.713,1.6017,1.6019,0.40,0.10
2008.02.26 11:06:09.967,1.6018,1.60215,0.40,4.10
2008.02.26 11:06:10.219,1.6018,1.60215,0.40,4.10
2008.02.26 11:06:10.473,1.6018,1.60215,0.40,0.20
2008.02.26 11:06:10.771,1.6018,1.60215,0.40,0.20
2008.02.26 11:06:11.068,1.6018,1.60215,0.40,4.10
2008.02.26 11:06:11.366,1.6018,1.60215,0.40,0.20
2008.02.26 11:06:11.987,1.6018,1.60225,0.40,5.70
2008.02.26 11:06:12.275,1.602,1.60225,0.40,0.20
2008.02.26 11:06:12.563,1.602,1.60225,0.40,0.20
2008.02.26 11:06:13.140,1.602,1.60225,0.40,0.20
2008.02.26 11:06:13.383,1.6018,1.60225,0.40,4.10
2008.02.26 11:06:13.626,1.6018,1.60225,0.40,4.10
2008.02.26 11:06:13.924,1.6018,1.60215,0.40,0.20
2008.02.26 11:06:15.690,1.6018,1.60215,0.40,0.20
2008.02.26 11:06:16.388,1.6018,1.60215,0.40,0.20
2008.02.26 11:06:16.634,1.602,1.60225,0.40,0.20
2008.02.26 11:06:16.941,1.602,1.60225,0.40,0.20
2008.02.26 11:06:18.672,1.602,1.60225,0.40,0.20
2008.02.26 11:06:18.956,1.602,1.60225,0.40,0.20
2008.02.26 11:06:20.044,1.60175,1.60225,1.60,0.20
2008.02.26 11:06:20.347,1.60185,1.60225,1.60,0.20
2008.02.26 11:06:20.650,1.60185,1.60235,5.60,0.20
2008.02.26 11:06:20.893,1.6021,1.6024,0.40,0.30
2008.02.26 11:06:21.137,1.602,1.6024,0.40,0.20
2008.02.26 11:06:21.380,1.602,1.60245,0.40,0.20
2008.02.26 11:06:21.632,1.60205,1.6026,1.60,0.30
2008.02.26 11:06:21.925,1.6021,1.6026,0.40,0.30
2008.02.26 11:06:22.219,1.60215,1.6024,1.60,0.10
2008.02.26 11:06:22.513,1.60215,1.6025,1.60,0.10
2008.02.26 11:06:22.809,1.60215,1.6025,1.60,0.10
2008.02.26 11:06:23.099,1.60205,1.60255,1.60,0.20
2008.02.26 11:06:23.389,1.60205,1.6026,1.60,0.30
2008.02.26 11:06:23.676,1.60215,1.6026,1.60,0.10
2008.02.26 11:06:23.964,1.6023,1.6027,0.40,0.30
2008.02.26 11:06:24.212,1.60215,1.6026,1.60,0.30
2008.02.26 11:06:25.576,1.60215,1.6026,1.60,0.30
2008.02.26 11:06:25.908,1.60215,1.60255,1.60,0.20
2008.02.26 11:06:26.450,1.60205,1.60255,1.60,0.20
2008.02.26 11:06:26.752,1.602,1.60255,0.40,10.00
2008.02.26 11:06:27.086,1.6018,1.6021,0.40,0.10
2008.02.26 11:06:27.419,1.60185,1.6023,5.60,0.20
2008.02.26 11:06:27.760,1.60185,1.6023,5.60,0.20
2008.02.26 11:06:28.093,1.60185,1.6023,5.60,0.20
2008.02.26 11:06:28.316,1.60185,1.60225,5.60,0.20
2008.02.26 11:06:28.966,1.60185,1.60225,5.60,0.20
2008.02.26 11:06:29.299,1.60185,1.60225,5.60,0.20
2008.02.26 11:06:30.165,1.60185,1.6022,5.60,0.20
2008.02.26 11:06:30.433,1.60185,1.6022,4.00,0.20
2008.02.26 11:06:30.686,1.60185,1.6022,4.00,0.20
2008.02.26 11:06:30.939,1.60185,1.6023,5.60,0.30
2008.02.26 11:06:31.238,1.60185,1.6023,5.60,0.20
2008.02.26 11:06:31.536,1.60195,1.6023,4.00,0.20
2008.02.26 11:06:31.833,1.60195,1.6024,4.00,0.20
2008.02.26 11:06:32.086,1.60195,1.6024,4.00,0.20
2008.02.26 11:06:32.339,1.60195,1.6024,4.00,0.20
2008.02.26 11:06:32.593,1.60185,1.6023,5.60,0.20
2008.02.26 11:06:32.847,1.60185,1.6023,5.60,0.20
2008.02.26 11:06:33.160,1.60185,1.6023,5.60,0.20
2008.02.26 11:06:33.462,1.60185,1.6024,5.60,0.20
2008.02.26 11:06:33.765,1.60195,1.6024,4.00,0.20
2008.02.26 11:06:34.068,1.60195,1.6024,5.60,0.20
2008.02.26 11:06:34.346,1.60195,1.6025,5.60,0.20
2008.02.26 11:06:34.623,1.60195,1.6025,2.40,0.20
2008.02.26 11:06:34.901,1.602,1.6025,0.40,0.30
2008.02.26 11:06:35.183,1.602,1.6025,0.40,0.30
2008.02.26 11:06:35.460,1.602,1.6025,0.40,0.30
2008.02.26 11:06:36.765,1.602,1.6025,0.40,0.20
2008.02.26 11:06:37.044,1.602,1.6025,0.40,0.20
2008.02.26 11:06:37.282,1.602,1.60245,0.40,0.20
2008.02.26 11:06:37.639,1.602,1.6024,0.40,0.20
2008.02.26 11:06:37.877,1.602,1.6024,0.40,0.20
2008.02.26 11:06:38.221,1.602,1.6024,0.40,0.20
2008.02.26 11:06:38.541,1.60195,1.6024,1.60,0.20
2008.02.26 11:06:38.975,1.60195,1.6024,1.60,0.20
2008.02.26 11:06:39.613,1.6019,1.6024,0.40,0.20
2008.02.26 11:06:39.857,1.6019,1.6023,0.40,0.20
2008.02.26 11:06:40.101,1.6019,1.6023,0.40,0.20
2008.02.26 11:06:40.425,1.60185,1.60225,1.60,0.20
2008.02.26 11:06:43.970,1.6018,1.60225,0.40,0.20
2008.02.26 11:06:44.227,1.6018,1.6022,0.40,0.20
2008.02.26 11:06:44.495,1.6018,1.6022,0.40,0.20
2008.02.26 11:06:44.946,1.6018,1.60225,0.40,0.20
2008.02.26 11:06:45.214,1.60185,1.60225,1.60,0.20
2008.02.26 11:06:45.531,1.60185,1.60225,1.60,0.20
2008.02.26 11:06:45.865,1.60185,1.60225,1.60,0.20
2008.02.26 11:06:48.982,1.60185,1.60225,1.60,0.20
2008.02.26 11:06:49.255,1.6018,1.6022,0.40,0.20
2008.02.26 11:06:49.558,1.6018,1.6022,0.40,0.20
2008.02.26 11:06:49.861,1.6018,1.6022,0.40,0.20
2008.02.26 11:06:50.165,1.6018,1.60225,0.40,0.20
2008.02.26 11:06:53.998,1.6018,1.60225,0.40,0.20
2008.02.26 11:06:54.826,1.6018,1.60235,0.40,1.70
2008.02.26 11:06:55.149,1.60185,1.60235,4.00,0.20
2008.02.26 11:06:55.457,1.602,1.60235,0.40,0.20
2008.02.26 11:06:59.017,1.602,1.60235,0.40,0.20
2008.02.26 11:06:59.313,1.602,1.6024,0.40,0.30
2008.02.26 11:07:01.339,1.602,1.6023,0.40,0.20
2008.02.26 11:07:01.607,1.60185,1.6023,1.60,0.20
2008.02.26 11:07:03.342,1.6018,1.6023,0.40,0.20
2008.02.26 11:07:03.596,1.6018,1.6023,0.40,0.20
2008.02.26 11:07:03.850,1.6018,1.6023,0.40,0.20
2008.02.26 11:07:05.691,1.6018,1.6023,0.40,0.20
2008.02.26 11:07:06.280,1.6018,1.6022,0.40,0.10
2008.02.26 11:07:06.846,1.6018,1.6022,0.40,0.30
2008.02.26 11:07:07.145,1.60175,1.602,1.20,0.10
2008.02.26 11:07:07.433,1.60175,1.602,1.40,0.10
2008.02.26 11:07:07.728,1.60175,1.6021,0.50,0.10
2008.02.26 11:07:08.204,1.60175,1.6021,1.40,0.10
2008.02.26 11:07:08.457,1.60175,1.6021,1.10,0.10
2008.02.26 11:07:08.710,1.60175,1.6021,0.60,0.10
2008.02.26 11:07:09.008,1.60175,1.6021,1.00,0.10
2008.02.26 11:07:09.305,1.60165,1.6021,3.20,0.30
2008.02.26 11:07:09.618,1.60175,1.6021,0.70,0.10
2008.02.26 11:07:09.927,1.60175,1.602,1.00,0.10
2008.02.26 11:07:10.235,1.60175,1.602,0.50,0.10
2008.02.26 11:07:10.543,1.60175,1.602,1.00,0.10
2008.02.26 11:07:10.776,1.60175,1.6022,1.20,0.10
2008.02.26 11:07:11.961,1.60175,1.6022,0.70,0.10
2008.02.26 11:07:12.255,1.60175,1.6022,1.20,0.30
2008.02.26 11:07:12.547,1.60175,1.6021,1.20,0.10
2008.02.26 11:07:13.176,1.60175,1.6021,0.80,0.10
2008.02.26 11:07:13.455,1.6018,1.6022,0.40,0.10
2008.02.26 11:07:13.733,1.6018,1.6022,0.40,0.10
2008.02.26 11:07:14.017,1.6018,1.6022,0.40,0.10
2008.02.26 11:07:14.276,1.6018,1.6022,0.40,0.30
2008.02.26 11:07:14.550,1.6018,1.6022,0.40,0.30
2008.02.26 11:07:14.808,1.6018,1.6022,0.40,0.30
2008.02.26 11:07:16.182,1.6018,1.6022,0.40,0.30
2008.02.26 11:07:16.497,1.60185,1.6022,1.10,0.30
2008.02.26 11:07:16.739,1.60185,1.6022,0.70,0.10
2008.02.26 11:07:17.548,1.60185,1.6022,1.50,0.10
2008.02.26 11:07:17.881,1.60185,1.6022,1.20,0.10
2008.02.26 11:07:18.115,1.60185,1.6022,0.50,0.10
2008.02.26 11:07:18.347,1.6018,1.6022,0.40,0.10
2008.02.26 11:07:18.580,1.6018,1.6022,0.40,0.30
2008.02.26 11:07:18.814,1.6018,1.6022,0.40,0.30
2008.02.26 11:07:20.520,1.6018,1.6022,0.40,0.30
2008.02.26 11:07:20.812,1.6018,1.60215,0.40,0.20
2008.02.26 11:07:21.058,1.60175,1.6021,0.50,0.10
2008.02.26 11:07:21.344,1.60175,1.6021,1.20,0.10
2008.02.26 11:07:21.563,1.60175,1.6021,1.70,0.10
2008.02.26 11:07:21.782,1.60175,1.6021,1.30,0.10
2008.02.26 11:07:22.115,1.6019,1.6021,0.40,0.10
2008.02.26 11:07:22.621,1.6019,1.6021,0.40,0.10
2008.02.26 11:07:22.960,1.6019,1.6023,0.40,0.30
2008.02.26 11:07:23.173,1.6019,1.6023,0.40,0.30
2008.02.26 11:07:23.641,1.6019,1.6023,0.40,0.30
2008.02.26 11:07:23.941,1.6019,1.6023,0.40,0.30
2008.02.26 11:07:24.274,1.6021,1.6023,0.40,0.10
2008.02.26 11:07:24.607,1.602,1.6023,0.40,0.10
2008.02.26 11:07:29.064,1.602,1.6023,0.40,0.10
2008.02.26 11:07:29.650,1.602,1.6023,0.40,0.10
2008.02.26 11:07:29.953,1.602,1.60215,0.40,0.20
2008.02.26 11:07:30.256,1.602,1.6022,0.40,0.20
2008.02.26 11:07:30.486,1.602,1.6023,0.40,0.10
2008.02.26 11:07:30.714,1.602,1.6023,0.40,0.10
2008.02.26 11:07:31.224,1.602,1.6023,0.40,0.10
2008.02.26 11:07:32.655,1.602,1.6023,0.40,0.10
2008.02.26 11:07:32.872,1.602,1.6023,0.40,0.10
2008.02.26 11:07:33.753,1.602,1.6023,0.40,0.10
2008.02.26 11:07:34.063,1.602,1.6023,0.40,0.10
2008.02.26 11:07:35.451,1.602,1.6023,0.40,0.10
2008.02.26 11:07:35.780,1.602,1.6023,0.40,0.10
2008.02.26 11:07:36.103,1.602,1.6023,0.40,0.10
2008.02.26 11:07:36.332,1.60205,1.6023,1.60,0.10
2008.02.26 11:07:36.655,1.6021,1.6025,0.40,0.30
2008.02.26 11:07:36.978,1.6021,1.6025,0.40,0.30
2008.02.26 11:07:37.302,1.6021,1.6025,0.40,0.30
2008.02.26 11:07:37.544,1.6021,1.6024,0.40,0.10
2008.02.26 11:07:37.793,1.6021,1.6024,0.40,0.10
2008.02.26 11:07:38.031,1.6022,1.6025,0.40,0.10
2008.02.26 11:07:38.270,1.6022,1.6025,0.40,0.10
2008.02.26 11:07:38.574,1.602,1.6024,0.40,0.30
2008.02.26 11:07:38.877,1.602,1.6024,0.40,0.10
2008.02.26 11:07:39.180,1.60205,1.6024,1.60,0.10
2008.02.26 11:07:40.549,1.60205,1.6024,1.60,0.10
2008.02.26 11:07:40.781,1.60205,1.6024,1.60,0.10
2008.02.26 11:07:41.363,1.60215,1.6024,1.60,0.10
2008.02.26 11:07:41.665,1.60215,1.6024,1.60,0.10
2008.02.26 11:07:41.937,1.60215,1.6024,1.60,0.10
2008.02.26 11:07:44.081,1.60215,1.6024,1.60,0.10
2008.02.26 11:07:45.499,1.60215,1.6024,1.60,0.10
2008.02.26 11:07:45.756,1.60215,1.6024,1.60,0.10
2008.02.26 11:07:46.015,1.60215,1.6024,1.60,0.10
2008.02.26 11:07:46.273,1.60215,1.6024,1.60,0.10
2008.02.26 11:07:49.106,1.60215,1.6024,1.60,0.10
2008.02.26 11:07:49.358,1.60215,1.6024,1.60,0.10
2008.02.26 11:07:49.612,1.60215,1.6025,1.60,0.10
2008.02.26 11:07:49.921,1.60215,1.6024,1.60,0.10
2008.02.26 11:07:50.228,1.60215,1.6024,1.60,0.10
2008.02.26 11:07:51.127,1.60215,1.6025,1.60,0.30
2008.02.26 11:07:51.396,1.60215,1.6025,1.60,0.10
2008.02.26 11:07:51.663,1.60215,1.6025,1.60,0.10
2008.02.26 11:07:51.916,1.60215,1.6024,1.60,0.10
2008.02.26 11:07:52.460,1.60215,1.6024,1.60,0.10
2008.02.26 11:07:52.877,1.60215,1.6024,1.60,0.10
2008.02.26 11:07:53.178,1.60215,1.6025,1.60,0.30
2008.02.26 11:07:53.461,1.60215,1.6025,1.60,0.10
2008.02.26 11:07:53.745,1.60215,1.6024,1.60,0.10
2008.02.26 11:07:53.801,1.60215,1.6024,0.60,0.10
2008.02.26 11:07:54.019,1.60215,1.6024,0.60,0.10
2008.02.26 11:07:54.679,1.60215,1.6024,0.50,0.10
2008.02.26 11:07:58.689,1.60215,1.6024,0.60,0.10
2008.02.26 11:07:58.947,1.60215,1.6024,0.60,0.10
2008.02.26 11:07:59.212,1.60215,1.6024,0.60,0.10
2008.02.26 11:07:59.475,1.60215,1.6024,0.50,0.10
2008.02.26 11:07:59.737,1.60215,1.6025,0.60,0.10
2008.02.26 11:08:00.061,1.60215,1.6025,0.50,0.10
2008.02.26 11:08:01.089,1.60215,1.6025,0.50,0.10
2008.02.26 11:08:01.476,1.60215,1.6025,0.50,0.10
2008.02.26 11:08:01.744,1.60215,1.6025,0.60,0.30
2008.02.26 11:08:02.012,1.60215,1.6024,0.60,0.10
2008.02.26 11:08:02.682,1.6021,1.6024,0.40,0.10
2008.02.26 11:08:03.017,1.6021,1.6024,0.40,0.10
2008.02.26 11:08:04.114,1.6021,1.6024,0.40,0.10
2008.02.26 11:08:07.208,1.6021,1.6024,0.40,0.10
2008.02.26 11:08:09.132,1.6021,1.6024,0.40,0.10
2008.02.26 11:08:14.119,1.6021,1.6024,0.40,0.10
2008.02.26 11:08:19.138,1.6021,1.6024,0.40,0.10
2008.02.26 11:08:22.960,1.6021,1.6024,0.40,0.30
2008.02.26 11:08:23.238,1.60205,1.6023,1.60,0.10
2008.02.26 11:08:23.501,1.60195,1.6023,1.60,0.10
2008.02.26 11:08:23.763,1.60195,1.6023,1.60,0.10
2008.02.26 11:08:24.108,1.60195,1.6023,1.60,0.10
2008.02.26 11:08:24.728,1.60195,1.6023,1.60,0.10
2008.02.26 11:08:25.013,1.60205,1.6024,1.60,0.10
2008.02.26 11:08:25.296,1.60205,1.6024,1.60,0.10
2008.02.26 11:08:25.589,1.60205,1.6024,1.60,0.10
2008.02.26 11:08:25.882,1.60205,1.6024,1.60,0.10
2008.02.26 11:08:26.226,1.60205,1.6024,1.60,0.10
2008.02.26 11:08:26.606,1.60205,1.6024,1.60,0.10
2008.02.26 11:08:26.874,1.60205,1.6024,1.60,0.10
2008.02.26 11:08:29.147,1.60205,1.6024,1.60,0.10
2008.02.26 11:08:30.961,1.60205,1.6022,1.60,0.10
2008.02.26 11:08:31.269,1.60175,1.60215,10.40,0.20
2008.02.26 11:08:31.491,1.60175,1.60205,10.40,0.20
2008.02.26 11:08:31.729,1.6017,1.60205,0.40,0.20
2008.02.26 11:08:31.967,1.6017,1.60205,0.40,0.20
2008.02.26 11:08:32.206,1.60165,1.602,4.00,0.10
2008.02.26 11:08:32.577,1.60175,1.602,1.60,0.10
2008.02.26 11:08:32.911,1.6019,1.60215,0.40,0.20
2008.02.26 11:08:33.244,1.6019,1.6021,0.40,0.10
2008.02.26 11:08:33.466,1.6019,1.6021,0.40,0.30
2008.02.26 11:08:33.689,1.6019,1.6021,0.40,0.10
2008.02.26 11:08:33.913,1.6019,1.6021,0.40,0.10
2008.02.26 11:08:34.137,1.60175,1.602,4.00,0.10
2008.02.26 11:08:34.361,1.6017,1.602,0.40,0.10
2008.02.26 11:08:34.694,1.60185,1.6021,4.00,0.10
2008.02.26 11:08:34.911,1.60185,1.6021,4.00,0.10
2008.02.26 11:08:35.029,1.60185,1.6021,4.00,0.10
2008.02.26 11:08:35.362,1.6019,1.6023,0.40,0.10
2008.02.26 11:08:35.606,1.6021,1.60235,0.40,0.60
2008.02.26 11:08:35.850,1.602,1.60235,0.40,0.50
2008.02.26 11:08:36.094,1.602,1.6024,0.40,0.20
2008.02.26 11:08:36.337,1.60195,1.6024,1.60,0.10
2008.02.26 11:08:36.665,1.602,1.6024,0.40,0.10
2008.02.26 11:08:36.993,1.6023,1.60255,0.40,0.60
2008.02.26 11:08:37.322,1.6021,1.60265,0.40,0.60
2008.02.26 11:08:37.561,1.6022,1.60265,0.40,0.60
2008.02.26 11:08:37.799,1.60215,1.6025,5.60,0.20
2008.02.26 11:08:38.037,1.6021,1.6025,0.40,0.20
2008.02.26 11:08:38.275,1.6021,1.6025,0.40,0.20
2008.02.26 11:08:38.610,1.6021,1.60235,0.40,0.20
2008.02.26 11:08:38.942,1.6021,1.60235,0.40,0.20
2008.02.26 11:08:39.276,1.6021,1.6023,0.40,0.10
2008.02.26 11:08:39.571,1.6021,1.6023,0.40,0.10
2008.02.26 11:08:39.862,1.6021,1.6023,0.40,0.10
2008.02.26 11:08:40.279,1.6021,1.6023,0.40,0.10
2008.02.26 11:08:40.602,1.6021,1.6023,0.40,0.10
2008.02.26 11:08:40.911,1.6022,1.6024,0.40,0.30
2008.02.26 11:08:41.190,1.6022,1.6024,0.40,0.30
2008.02.26 11:08:41.467,1.6022,1.6024,0.40,0.10
2008.02.26 11:08:41.730,1.6022,1.6025,0.40,0.30
2008.02.26 11:08:41.994,1.6022,1.60235,0.40,0.20
2008.02.26 11:08:42.263,1.60215,1.6023,4.00,0.10
2008.02.26 11:08:42.544,1.6021,1.6023,0.40,0.10
2008.02.26 11:08:42.822,1.6021,1.6023,0.40,0.10
2008.02.26 11:08:43.131,1.6021,1.6023,0.40,0.10
2008.02.26 11:08:43.519,1.6021,1.6023,0.40,0.10
2008.02.26 11:08:43.788,1.6021,1.6023,0.40,0.10
2008.02.26 11:08:44.169,1.6021,1.6023,0.40,0.10
2008.02.26 11:08:46.397,1.6021,1.60225,0.40,0.20
2008.02.26 11:08:46.645,1.6019,1.6022,0.40,0.10
2008.02.26 11:08:46.916,1.6021,1.60225,0.40,0.20
2008.02.26 11:08:47.198,1.6021,1.6023,0.40,0.10
2008.02.26 11:08:47.755,1.6021,1.6023,0.40,0.10
2008.02.26 11:08:48.033,1.6021,1.6023,0.40,0.10
2008.02.26 11:08:48.310,1.6021,1.6023,0.40,0.10
2008.02.26 11:08:48.589,1.6022,1.6025,0.40,0.30
2008.02.26 11:08:48.868,1.6022,1.60255,0.40,0.20
2008.02.26 11:08:49.137,1.6021,1.6025,0.40,0.30
2008.02.26 11:08:49.410,1.6021,1.6025,0.40,0.30
2008.02.26 11:08:49.684,1.6019,1.6023,0.40,0.20
2008.02.26 11:08:49.977,1.6019,1.6023,0.40,0.30
2008.02.26 11:08:50.269,1.6019,1.6023,0.40,0.30
2008.02.26 11:08:50.562,1.6019,1.6021,0.40,0.20
2008.02.26 11:08:50.815,1.60165,1.6021,1.60,0.30
2008.02.26 11:08:51.068,1.60165,1.6021,1.60,0.30
2008.02.26 11:08:51.321,1.60165,1.6021,1.60,0.20
2008.02.26 11:08:51.947,1.60165,1.6021,1.60,0.20
2008.02.26 11:08:52.260,1.60165,1.602,1.60,0.20
2008.02.26 11:08:52.650,1.60165,1.6021,1.60,0.20
2008.02.26 11:08:52.888,1.60165,1.6021,1.60,0.20
2008.02.26 11:08:53.142,1.6016,1.602,0.40,0.20
2008.02.26 11:08:53.396,1.6016,1.602,0.40,0.20
2008.02.26 11:08:54.224,1.6016,1.602,0.40,0.20
2008.02.26 11:08:54.712,1.6016,1.60205,0.40,0.20
2008.02.26 11:08:55.004,1.6016,1.60205,0.40,0.20
2008.02.26 11:08:55.297,1.60165,1.6021,1.60,0.20
2008.02.26 11:08:55.591,1.60165,1.6021,1.60,0.20
2008.02.26 11:08:55.864,1.60165,1.6021,1.60,0.20
2008.02.26 11:08:56.138,1.6016,1.602,0.40,0.20
2008.02.26 11:08:56.412,1.6016,1.60205,0.40,0.20
2008.02.26 11:08:56.685,1.60165,1.60205,1.60,0.20
2008.02.26 11:08:56.938,1.60165,1.60205,1.60,0.20
2008.02.26 11:08:57.191,1.60165,1.6021,1.60,0.20
2008.02.26 11:08:57.729,1.60165,1.60205,1.60,0.20
2008.02.26 11:08:58.034,1.6016,1.602,0.40,0.20
2008.02.26 11:08:58.307,1.60145,1.602,1.60,0.20
2008.02.26 11:08:58.595,1.60145,1.602,1.60,0.20
2008.02.26 11:08:58.874,1.60145,1.602,1.60,0.20
2008.02.26 11:08:59.142,1.60145,1.60195,1.60,0.20
2008.02.26 11:08:59.410,1.60135,1.60195,5.60,0.60
2008.02.26 11:08:59.678,1.60135,1.60185,5.60,0.20
2008.02.26 11:08:59.976,1.60135,1.60185,5.60,0.20
2008.02.26 11:09:00.274,1.60135,1.60185,4.00,0.20
2008.02.26 11:09:00.572,1.60135,1.60185,4.00,0.20
2008.02.26 11:09:00.870,1.60145,1.6019,4.00,0.20
2008.02.26 11:09:01.124,1.60145,1.6019,4.00,0.20
2008.02.26 11:09:01.377,1.60145,1.6019,4.00,0.20
2008.02.26 11:09:01.630,1.60145,1.6019,4.00,0.20
2008.02.26 11:09:01.922,1.60135,1.6019,5.60,0.20
2008.02.26 11:09:04.021,1.60155,1.6019,1.60,0.20
2008.02.26 11:09:04.343,1.60155,1.6019,1.60,0.20
2008.02.26 11:09:04.626,1.60155,1.60205,1.60,0.20
2008.02.26 11:09:04.908,1.60155,1.60205,1.60,0.20
2008.02.26 11:09:05.187,1.60155,1.60215,8.00,0.20
2008.02.26 11:09:05.464,1.60165,1.60215,1.60,0.20
2008.02.26 11:09:05.743,1.60165,1.60215,1.60,0.20
2008.02.26 11:09:06.554,1.60165,1.6019,1.60,0.20
2008.02.26 11:09:06.810,1.6016,1.6019,0.40,0.20
2008.02.26 11:09:07.103,1.6016,1.60205,0.40,2.40
2008.02.26 11:09:07.396,1.6016,1.60215,0.40,1.70
2008.02.26 11:09:07.689,1.6016,1.60205,0.40,0.20
2008.02.26 11:09:07.982,1.6016,1.60205,0.40,0.20
2008.02.26 11:09:08.250,1.6016,1.60215,0.40,1.70
2008.02.26 11:09:08.518,1.6016,1.60215,0.40,1.70
2008.02.26 11:09:09.210,1.6016,1.60215,0.40,1.70
2008.02.26 11:09:09.474,1.6016,1.60195,0.40,0.20
2008.02.26 11:09:09.736,1.6016,1.60195,0.40,0.20
2008.02.26 11:09:10.000,1.6016,1.60195,0.40,0.20
2008.02.26 11:09:10.308,1.6016,1.6019,0.40,0.10
2008.02.26 11:09:10.616,1.6016,1.6019,0.40,0.10
2008.02.26 11:09:10.924,1.6016,1.6019,0.40,0.10
2008.02.26 11:09:11.177,1.6014,1.6017,0.40,0.10
2008.02.26 11:09:11.430,1.6014,1.6017,0.40,0.10
2008.02.26 11:09:11.683,1.6012,1.60165,0.40,0.20
2008.02.26 11:09:11.936,1.6012,1.60165,0.40,0.20
2008.02.26 11:09:12.225,1.60115,1.6016,5.60,0.20
2008.02.26 11:09:12.513,1.60115,1.6016,5.60,0.20
2008.02.26 11:09:12.947,1.60115,1.6016,1.60,0.20
2008.02.26 11:09:13.225,1.60115,1.60165,5.60,0.20
2008.02.26 11:09:13.503,1.60125,1.60165,4.00,0.20
2008.02.26 11:09:13.781,1.6012,1.60165,0.40,0.20
2008.02.26 11:09:14.240,1.6012,1.60165,0.40,0.20
2008.02.26 11:09:15.564,1.6012,1.6017,0.40,0.10
2008.02.26 11:09:15.898,1.60125,1.6017,8.00,0.10
2008.02.26 11:09:16.115,1.60125,1.6017,8.00,0.10
2008.02.26 11:09:16.334,1.6015,1.6017,0.40,0.10
2008.02.26 11:09:16.551,1.6015,1.6017,0.40,0.10
2008.02.26 11:09:16.846,1.6015,1.6017,0.40,0.10
2008.02.26 11:09:17.064,1.6015,1.6017,0.40,0.10
2008.02.26 11:09:17.377,1.6015,1.6017,0.40,0.10
2008.02.26 11:09:17.691,1.6015,1.6017,0.40,0.10
2008.02.26 11:09:19.245,1.6015,1.6017,0.40,0.10
2008.02.26 11:09:20.943,1.6015,1.6017,0.40,0.10
2008.02.26 11:09:21.207,1.6015,1.60195,0.40,1.60
2008.02.26 11:09:21.469,1.6015,1.60195,0.40,1.60
2008.02.26 11:09:22.027,1.6015,1.60195,0.40,1.60
2008.02.26 11:09:22.277,1.6015,1.60205,0.40,1.70
2008.02.26 11:09:22.520,1.6015,1.60205,0.40,0.20
2008.02.26 11:09:22.764,1.60155,1.60205,1.60,0.20
2008.02.26 11:09:23.007,1.60155,1.60205,1.60,0.20
2008.02.26 11:09:24.246,1.60155,1.60205,1.60,0.20
2008.02.26 11:09:28.044,1.60155,1.60205,0.50,0.20
2008.02.26 11:09:29.135,1.60155,1.6021,1.00,0.20
2008.02.26 11:09:30.159,1.60155,1.6021,0.80,0.20
2008.02.26 11:09:30.452,1.60155,1.60205,0.70,4.10
2008.02.26 11:09:30.745,1.60155,1.60205,0.80,4.00
2008.02.26 11:09:31.053,1.60155,1.60205,1.10,4.00
2008.02.26 11:09:33.093,1.6015,1.60205,0.40,5.60
2008.02.26 11:09:33.361,1.6015,1.602,0.40,0.20
2008.02.26 11:09:33.721,1.60145,1.602,1.10,0.20
2008.02.26 11:09:34.242,1.60145,1.60195,0.90,0.20
2008.02.26 11:09:34.515,1.60145,1.60185,0.80,4.00
2008.02.26 11:09:34.789,1.60145,1.60195,0.90,4.10
2008.02.26 11:09:35.061,1.60155,1.60195,1.10,0.20
2008.02.26 11:09:35.334,1.60155,1.6021,1.10,0.20
2008.02.26 11:09:35.788,1.60155,1.6021,0.70,0.20
2008.02.26 11:09:36.101,1.60155,1.60215,0.80,5.70
2008.02.26 11:09:36.493,1.60155,1.60215,1.20,1.70
2008.02.26 11:09:36.735,1.60155,1.6021,0.90,0.20
2008.02.26 11:09:37.168,1.60155,1.60205,0.60,0.20
2008.02.26 11:09:37.392,1.60155,1.60205,0.60,0.20
2008.02.26 11:09:37.979,1.60155,1.60205,1.20,0.20
2008.02.26 11:09:38.278,1.6015,1.60205,0.40,1.60
2008.02.26 11:09:38.537,1.6015,1.60205,0.40,1.60
2008.02.26 11:09:38.795,1.60155,1.6021,0.80,0.20
2008.02.26 11:09:39.069,1.60155,1.6021,0.60,0.20
2008.02.26 11:09:39.327,1.60145,1.602,0.90,0.20
2008.02.26 11:09:39.609,1.6015,1.602,0.40,0.20
2008.02.26 11:09:39.892,1.6015,1.60205,0.40,0.20
2008.02.26 11:09:40.176,1.60155,1.60205,1.10,0.20
2008.02.26 11:09:40.460,1.60155,1.6021,1.00,0.20
2008.02.26 11:09:40.744,1.60155,1.6021,0.80,0.20
2008.02.26 11:09:41.044,1.60155,1.6021,1.20,0.20
2008.02.26 11:09:41.312,1.60155,1.60205,0.80,0.20
2008.02.26 11:09:43.096,1.6015,1.60205,0.40,1.70
2008.02.26 11:09:43.665,1.6015,1.602,0.40,0.20
2008.02.26 11:09:43.938,1.60145,1.602,0.90,0.20
2008.02.26 11:09:44.293,1.60145,1.602,0.90,0.20
2008.02.26 11:09:44.607,1.60145,1.60205,0.60,1.70
2008.02.26 11:09:45.393,1.60145,1.60205,0.50,1.70
2008.02.26 11:09:45.710,1.60145,1.60205,1.90,1.70
2008.02.26 11:09:45.924,1.60145,1.60205,2.40,1.70
2008.02.26 11:09:46.230,1.60145,1.60205,1.10,1.70
2008.02.26 11:09:46.442,1.60145,1.60205,0.90,1.70
2008.02.26 11:09:46.847,1.60145,1.60205,0.70,1.70
2008.02.26 11:09:48.747,1.60145,1.602,0.90,0.20
2008.02.26 11:09:49.309,1.60145,1.602,0.90,0.20
2008.02.26 11:09:50.943,1.60145,1.60205,0.70,1.70
2008.02.26 11:09:54.147,1.60145,1.602,1.20,0.20
2008.02.26 11:09:59.339,1.60145,1.602,1.60,0.20
2008.02.26 11:10:03.315,1.60155,1.602,1.60,0.20
2008.02.26 11:10:03.582,1.60155,1.602,1.60,0.20
2008.02.26 11:10:03.852,1.60155,1.602,1.60,0.20
2008.02.26 11:10:04.130,1.60155,1.60205,1.60,0.20
2008.02.26 11:10:04.407,1.60155,1.60205,1.60,0.20
2008.02.26 11:10:04.937,1.60155,1.6021,1.60,0.20
2008.02.26 11:10:05.215,1.60155,1.60205,1.60,0.20
2008.02.26 11:10:05.493,1.60155,1.60205,1.60,0.20
2008.02.26 11:10:05.771,1.60155,1.60205,1.60,0.20
2008.02.26 11:10:06.582,1.60155,1.60195,1.60,0.20
2008.02.26 11:10:06.845,1.60145,1.60195,1.60,0.20
2008.02.26 11:10:07.155,1.60145,1.60195,1.60,0.20
2008.02.26 11:10:07.473,1.60145,1.60195,5.60,0.20
2008.02.26 11:10:07.757,1.60145,1.602,5.60,0.30
2008.02.26 11:10:08.041,1.6015,1.602,0.40,0.30
2008.02.26 11:10:09.333,1.6015,1.602,0.40,0.30
2008.02.26 11:10:14.343,1.6015,1.602,0.40,0.30
2008.02.26 11:10:17.178,1.6015,1.602,0.40,0.30
2008.02.26 11:10:18.303,1.6015,1.602,0.40,0.30
2008.02.26 11:10:19.141,1.6015,1.602,0.40,0.20
2008.02.26 11:10:19.465,1.6015,1.60205,0.40,1.70
2008.02.26 11:10:22.673,1.6015,1.602,0.40,0.20
2008.02.26 11:10:24.363,1.6015,1.602,0.40,0.20
2008.02.26 11:10:25.202,1.6015,1.602,0.40,0.20
2008.02.26 11:10:28.691,1.6015,1.60205,0.40,0.60
2008.02.26 11:10:28.920,1.6016,1.60205,0.40,0.60
2008.02.26 11:10:29.147,1.6016,1.60205,0.40,0.60
2008.02.26 11:10:29.377,1.6016,1.60205,0.40,0.60
2008.02.26 11:10:29.714,1.60155,1.602,4.00,0.20
2008.02.26 11:10:30.041,1.6015,1.602,0.40,0.20
2008.02.26 11:10:30.643,1.6015,1.6019,0.40,0.20
2008.02.26 11:10:30.900,1.6015,1.6019,0.40,0.20
2008.02.26 11:10:31.329,1.6015,1.6019,0.40,0.30
2008.02.26 11:10:31.606,1.6015,1.6019,0.40,0.30
2008.02.26 11:10:31.884,1.6015,1.6019,0.40,0.30
2008.02.26 11:10:33.001,1.6015,1.6019,0.40,0.30
2008.02.26 11:10:33.264,1.6015,1.6019,0.40,0.30
2008.02.26 11:10:33.527,1.6015,1.6019,0.40,0.30
2008.02.26 11:10:33.790,1.6015,1.6019,0.40,0.30
2008.02.26 11:10:34.053,1.6015,1.6019,0.40,0.30
2008.02.26 11:10:34.317,1.6015,1.6019,0.40,0.30
2008.02.26 11:10:34.581,1.6015,1.6019,0.40,0.30
2008.02.26 11:10:34.855,1.6015,1.60185,0.40,0.20
2008.02.26 11:10:35.127,1.6015,1.6018,0.40,0.20
2008.02.26 11:10:35.405,1.6014,1.6018,0.40,0.30
2008.02.26 11:10:35.710,1.6014,1.6018,0.40,0.30
2008.02.26 11:10:36.012,1.6014,1.6018,0.40,0.30
2008.02.26 11:10:39.388,1.6014,1.6018,0.40,0.30
2008.02.26 11:10:40.718,1.6014,1.60175,0.40,0.20
2008.02.26 11:10:40.978,1.60135,1.6017,4.00,0.10
2008.02.26 11:10:41.235,1.6014,1.6018,0.40,0.30
2008.02.26 11:10:41.926,1.6014,1.6018,0.40,0.30
2008.02.26 11:10:42.175,1.6013,1.6017,0.40,0.30
2008.02.26 11:10:42.423,1.6013,1.6017,0.40,0.30
2008.02.26 11:10:42.780,1.6013,1.6017,0.40,0.30
2008.02.26 11:10:44.415,1.6013,1.6017,0.40,0.30
2008.02.26 11:10:45.239,1.6013,1.6017,0.40,0.30
2008.02.26 11:10:45.963,1.6013,1.6017,0.40,0.30
2008.02.26 11:10:46.166,1.6013,1.60165,0.40,0.20
2008.02.26 11:10:46.385,1.6012,1.6016,0.40,0.10
2008.02.26 11:10:47.257,1.6012,1.6016,0.40,0.10
2008.02.26 11:10:47.585,1.6012,1.6016,0.40,0.10
2008.02.26 11:10:47.914,1.6014,1.6016,0.40,0.10
2008.02.26 11:10:48.153,1.6014,1.6016,0.40,0.10
2008.02.26 11:10:48.381,1.6012,1.6016,0.40,0.10
2008.02.26 11:10:48.612,1.6012,1.6015,0.40,0.10
2008.02.26 11:10:48.839,1.6013,1.6015,0.40,0.10
2008.02.26 11:10:49.153,1.6014,1.6017,0.40,0.30
2008.02.26 11:10:49.467,1.6012,1.60165,0.40,0.50
2008.02.26 11:10:49.780,1.6012,1.6016,0.40,0.20
2008.02.26 11:10:50.088,1.6012,1.6015,0.40,0.10
2008.02.26 11:10:50.396,1.6012,1.60155,0.40,0.60
2008.02.26 11:10:50.705,1.6012,1.60155,0.40,0.60
2008.02.26 11:10:51.013,1.601,1.6015,0.40,0.30
2008.02.26 11:10:51.252,1.6011,1.6015,0.40,0.10
2008.02.26 11:10:51.489,1.6011,1.6015,0.40,0.10
2008.02.26 11:10:51.726,1.6012,1.60155,0.40,0.20
2008.02.26 11:10:51.965,1.6012,1.60145,0.40,0.20
2008.02.26 11:10:52.264,1.6012,1.6015,0.40,0.10
2008.02.26 11:10:52.563,1.6012,1.6015,0.40,0.10
2008.02.26 11:10:52.873,1.6012,1.6015,0.40,0.10
2008.02.26 11:10:53.200,1.6012,1.6015,0.40,0.10
2008.02.26 11:10:53.473,1.6012,1.6015,0.40,0.10
2008.02.26 11:10:53.892,1.6013,1.6015,0.40,0.10
2008.02.26 11:10:54.234,1.6013,1.60145,0.40,0.20
2008.02.26 11:10:54.502,1.6011,1.6014,0.40,0.10
2008.02.26 11:10:54.770,1.6011,1.60145,0.40,0.20
2008.02.26 11:10:55.054,1.6011,1.60145,0.40,0.20
2008.02.26 11:10:55.385,1.6011,1.60145,0.40,0.20
2008.02.26 11:10:55.702,1.6012,1.60165,0.40,1.70
2008.02.26 11:10:56.016,1.6012,1.60165,0.40,4.10
2008.02.26 11:10:56.284,1.6012,1.60165,0.40,4.10
2008.02.26 11:10:56.551,1.6012,1.6015,0.40,0.10
2008.02.26 11:10:57.270,1.6012,1.6015,0.40,0.10
2008.02.26 11:10:59.405,1.6012,1.6015,0.40,0.10
2008.02.26 11:10:59.802,1.6012,1.6015,0.40,0.10
2008.02.26 11:11:00.075,1.601,1.6013,0.40,0.10
2008.02.26 11:11:00.343,1.601,1.60155,0.40,5.60
2008.02.26 11:11:00.610,1.601,1.60155,0.40,5.60
2008.02.26 11:11:00.878,1.601,1.60155,0.40,1.60
2008.02.26 11:11:01.147,1.601,1.60155,0.40,1.60
2008.02.26 11:11:01.435,1.60105,1.6016,0.90,0.20
2008.02.26 11:11:01.724,1.60105,1.6016,0.80,0.20
2008.02.26 11:11:02.012,1.601,1.60155,0.40,1.60
2008.02.26 11:11:02.312,1.601,1.60155,0.40,1.60
2008.02.26 11:11:02.574,1.6012,1.6015,0.40,0.10
2008.02.26 11:11:02.837,1.6012,1.6015,0.40,0.10
2008.02.26 11:11:03.100,1.60105,1.6016,0.90,0.20
2008.02.26 11:11:03.752,1.60105,1.6015,0.90,0.20
2008.02.26 11:11:04.021,1.601,1.6015,0.40,0.20
2008.02.26 11:11:04.288,1.601,1.6015,0.40,0.20
2008.02.26 11:11:04.557,1.60105,1.6015,1.00,0.30
2008.02.26 11:11:05.838,1.60105,1.6015,1.00,0.30
2008.02.26 11:11:06.141,1.601,1.6015,0.40,0.30
2008.02.26 11:11:06.398,1.601,1.6015,0.40,0.30
2008.02.26 11:11:08.410,1.601,1.6015,0.40,0.30
2008.02.26 11:11:08.668,1.60105,1.6014,1.10,0.10
2008.02.26 11:11:08.928,1.6011,1.6014,0.40,0.10
2008.02.26 11:11:09.186,1.6011,1.6014,0.40,0.10
2008.02.26 11:11:09.444,1.6011,1.6014,0.40,0.10
2008.02.26 11:11:09.747,1.6011,1.6014,0.40,0.10
2008.02.26 11:11:10.059,1.6011,1.6014,0.40,0.10
2008.02.26 11:11:10.361,1.6011,1.6014,0.40,0.10
2008.02.26 11:11:10.629,1.6011,1.6014,0.40,0.10
2008.02.26 11:11:10.897,1.6011,1.6014,0.40,0.10
2008.02.26 11:11:11.165,1.6011,1.6014,0.40,0.10
2008.02.26 11:11:11.433,1.6011,1.6014,0.40,0.10
2008.02.26 11:11:11.706,1.6011,1.6014,0.40,0.10
2008.02.26 11:11:11.979,1.6011,1.6014,0.40,0.10
2008.02.26 11:11:12.252,1.6011,1.6014,0.40,0.10
2008.02.26 11:11:12.525,1.6011,1.6014,0.40,0.10
2008.02.26 11:11:12.814,1.6011,1.6014,0.40,0.10
2008.02.26 11:11:13.102,1.6011,1.6014,0.40,0.10
2008.02.26 11:11:13.598,1.6011,1.60135,0.40,0.20
2008.02.26 11:11:13.882,1.6011,1.60135,0.40,0.20
2008.02.26 11:11:14.164,1.60095,1.6013,2.40,0.10
2008.02.26 11:11:14.448,1.60095,1.6013,2.40,0.10
2008.02.26 11:11:14.681,1.601,1.6013,0.40,0.10
2008.02.26 11:11:14.926,1.601,1.6013,0.40,0.10
2008.02.26 11:11:15.402,1.601,1.6013,0.40,0.10
2008.02.26 11:11:15.725,1.601,1.6013,0.40,0.10
2008.02.26 11:11:16.605,1.601,1.6013,0.40,0.10
2008.02.26 11:11:16.884,1.601,1.6013,0.40,0.10
2008.02.26 11:11:17.230,1.601,1.6013,0.40,0.10
2008.02.26 11:11:17.508,1.601,1.6013,0.40,0.10
2008.02.26 11:11:17.793,1.60105,1.6013,1.60,0.10
2008.02.26 11:11:18.063,1.6011,1.6014,0.40,0.10
2008.02.26 11:11:18.330,1.6012,1.6014,0.40,0.10
2008.02.26 11:11:18.598,1.6012,1.6014,0.40,0.10
2008.02.26 11:11:18.886,1.6012,1.6014,0.40,0.10
2008.02.26 11:11:19.175,1.6012,1.60155,0.40,0.20
2008.02.26 11:11:19.464,1.6012,1.60155,0.40,0.20
2008.02.26 11:11:19.727,1.6012,1.6016,0.40,0.30
2008.02.26 11:11:20.077,1.6012,1.6016,0.40,0.30
2008.02.26 11:11:20.470,1.6012,1.6016,0.40,0.30
2008.02.26 11:11:20.759,1.6012,1.60155,0.40,0.20
2008.02.26 11:11:21.047,1.6012,1.6015,0.40,0.30
2008.02.26 11:11:21.336,1.6011,1.6014,0.40,0.10
2008.02.26 11:11:21.624,1.6011,1.6014,0.40,0.10
2008.02.26 11:11:22.067,1.6011,1.6014,0.40,0.10
2008.02.26 11:11:22.394,1.6011,1.6014,0.40,0.10
2008.02.26 11:11:22.692,1.6011,1.6014,0.40,0.10
2008.02.26 11:11:22.955,1.6011,1.6014,0.40,0.10
2008.02.26 11:11:26.075,1.6011,1.6014,0.40,0.10
2008.02.26 11:11:26.954,1.6011,1.6014,0.40,0.10
2008.02.26 11:11:28.209,1.6011,1.6014,0.40,0.10
2008.02.26 11:11:29.148,1.6011,1.6014,0.40,0.10
2008.02.26 11:11:30.410,1.6011,1.6014,0.40,0.10
2008.02.26 11:11:31.131,1.6011,1.6014,0.40,0.10
2008.02.26 11:11:31.409,1.6011,1.6014,0.40,0.10
2008.02.26 11:11:33.924,1.6011,1.6014,0.40,0.10
2008.02.26 11:11:34.193,1.6011,1.6014,0.40,0.10
2008.02.26 11:11:34.461,1.6011,1.6014,0.40,0.10
2008.02.26 11:11:34.728,1.6011,1.6014,0.40,0.10
2008.02.26 11:11:35.006,1.6011,1.6014,0.40,0.10
2008.02.26 11:11:35.502,1.6011,1.6014,0.40,0.10
2008.02.26 11:11:35.800,1.6011,1.6014,0.40,0.10
2008.02.26 11:11:36.080,1.6011,1.6014,0.40,0.10
2008.02.26 11:11:36.364,1.6011,1.6014,0.40,0.10
2008.02.26 11:11:36.448,1.6011,1.6014,0.40,0.10
2008.02.26 11:11:36.948,1.6011,1.6014,0.40,0.10
2008.02.26 11:11:37.263,1.6011,1.6014,0.40,0.10
2008.02.26 11:11:37.587,1.6011,1.6014,0.40,0.10
2008.02.26 11:11:38.155,1.6011,1.6014,0.40,0.10
2008.02.26 11:11:38.909,1.6011,1.6014,0.40,0.10
2008.02.26 11:11:39.193,1.6013,1.6016,0.40,0.10
2008.02.26 11:11:39.476,1.6013,1.6016,0.40,0.10
2008.02.26 11:11:39.758,1.6013,1.6016,0.40,0.10
2008.02.26 11:11:40.044,1.6013,1.6015,0.40,0.10
2008.02.26 11:11:40.475,1.6013,1.6015,0.40,0.10
2008.02.26 11:11:40.760,1.6013,1.6015,0.40,0.10
2008.02.26 11:11:41.029,1.6013,1.6015,0.40,0.10
2008.02.26 11:11:41.297,1.6013,1.6015,0.40,0.10
2008.02.26 11:11:41.565,1.6014,1.6016,0.40,0.10
2008.02.26 11:11:41.835,1.6014,1.6016,0.40,0.10
2008.02.26 11:11:42.144,1.6013,1.6016,0.40,0.10
2008.02.26 11:11:42.452,1.6013,1.6016,0.40,0.10
2008.02.26 11:11:42.777,1.6014,1.6016,0.40,0.10
2008.02.26 11:11:43.020,1.6014,1.6016,0.40,0.10
2008.02.26 11:11:43.278,1.6013,1.6015,0.40,0.10
2008.02.26 11:11:43.536,1.6013,1.6015,0.40,0.10
2008.02.26 11:11:43.795,1.6013,1.6015,0.40,0.10
2008.02.26 11:11:44.079,1.6013,1.6015,0.40,0.10
2008.02.26 11:11:44.357,1.6014,1.6016,0.40,0.10
2008.02.26 11:11:44.647,1.6014,1.6016,0.40,0.10
2008.02.26 11:11:44.924,1.6014,1.6016,0.40,0.10
2008.02.26 11:11:45.212,1.6013,1.6016,0.40,0.10
2008.02.26 11:11:45.500,1.6013,1.6016,0.40,0.10
2008.02.26 11:11:45.789,1.6013,1.6016,0.40,0.10
2008.02.26 11:11:46.047,1.6013,1.60155,0.40,0.20
2008.02.26 11:11:46.305,1.6013,1.6016,0.40,0.10
2008.02.26 11:11:46.565,1.60115,1.6016,1.60,0.10
2008.02.26 11:11:46.839,1.60115,1.6016,5.60,0.30
2008.02.26 11:11:47.157,1.60115,1.6015,1.60,0.10
2008.02.26 11:11:47.960,1.60115,1.6015,1.60,0.10
2008.02.26 11:11:48.193,1.6011,1.6015,0.40,0.10
2008.02.26 11:11:48.426,1.6011,1.6015,0.40,0.10
2008.02.26 11:11:49.302,1.6011,1.60145,0.40,0.20
2008.02.26 11:11:49.611,1.6011,1.60145,0.40,0.20
2008.02.26 11:11:49.919,1.6011,1.6014,0.40,0.10
2008.02.26 11:11:50.157,1.60105,1.6013,1.60,0.10
2008.02.26 11:11:50.395,1.60105,1.6013,1.60,0.10
2008.02.26 11:11:50.921,1.601,1.6013,0.40,0.10
2008.02.26 11:11:51.244,1.601,1.6013,0.40,0.10
2008.02.26 11:11:51.770,1.601,1.6013,0.40,0.30
2008.02.26 11:11:52.068,1.601,1.6013,0.40,0.30
2008.02.26 11:11:52.348,1.601,1.6013,0.40,0.10
2008.02.26 11:11:52.615,1.601,1.6013,0.40,0.10
2008.02.26 11:11:52.923,1.601,1.6013,0.40,0.10
2008.02.26 11:11:56.494,1.601,1.6013,0.40,0.10
2008.02.26 11:11:57.418,1.601,1.6013,0.40,0.10
2008.02.26 11:11:57.476,1.601,1.6013,0.40,0.10
2008.02.26 11:11:57.777,1.601,1.6013,0.40,0.10
2008.02.26 11:11:58.079,1.601,1.6013,0.40,0.10
2008.02.26 11:11:58.558,1.601,1.6013,0.40,0.10
2008.02.26 11:11:58.828,1.601,1.6013,0.40,0.10
2008.02.26 11:11:59.095,1.6011,1.6013,0.40,0.10
2008.02.26 11:11:59.953,1.60095,1.6013,2.40,0.10
2008.02.26 11:12:00.231,1.60095,1.6013,0.80,0.10
2008.02.26 11:12:00.514,1.601,1.6013,0.40,0.10
2008.02.26 11:12:00.812,1.601,1.6013,0.40,0.10
2008.02.26 11:12:01.219,1.601,1.6013,0.40,0.10
2008.02.26 11:12:01.476,1.601,1.6013,0.40,0.10
2008.02.26 11:12:02.047,1.601,1.6013,0.40,0.10
2008.02.26 11:12:02.368,1.601,1.6013,0.40,0.10
2008.02.26 11:12:02.674,1.601,1.6013,0.40,0.10
2008.02.26 11:12:02.977,1.601,1.6012,0.40,0.10
2008.02.26 11:12:04.129,1.601,1.6012,0.40,0.10
2008.02.26 11:12:04.437,1.60095,1.6012,0.80,0.10
2008.02.26 11:12:04.675,1.60095,1.6012,0.80,0.10
2008.02.26 11:12:04.913,1.60095,1.6012,0.80,0.10
2008.02.26 11:12:05.151,1.60095,1.6012,0.80,0.10
2008.02.26 11:12:05.450,1.60095,1.6011,0.80,0.10
2008.02.26 11:12:05.905,1.60095,1.6011,0.80,0.10
2008.02.26 11:12:06.492,1.60095,1.6011,0.80,0.10
2008.02.26 11:12:07.411,1.60095,1.6011,0.80,0.10
2008.02.26 11:12:07.664,1.60095,1.6011,0.80,0.10
2008.02.26 11:12:07.918,1.60095,1.6011,0.80,0.10
2008.02.26 11:12:08.171,1.60095,1.6011,0.80,0.10
2008.02.26 11:12:08.460,1.601,1.6012,0.40,0.10
2008.02.26 11:12:08.789,1.601,1.6012,0.40,0.10
2008.02.26 11:12:11.518,1.601,1.6012,0.40,0.10
2008.02.26 11:12:16.513,1.601,1.6012,0.40,0.10
2008.02.26 11:12:19.531,1.60095,1.6012,0.80,0.10
2008.02.26 11:12:19.825,1.60095,1.6012,0.80,0.10
2008.02.26 11:12:20.118,1.60095,1.6012,0.80,0.10
2008.02.26 11:12:20.419,1.601,1.6012,0.40,0.10
2008.02.26 11:12:20.674,1.601,1.6012,0.40,0.10
2008.02.26 11:12:20.926,1.601,1.6012,0.40,0.10
2008.02.26 11:12:21.180,1.6011,1.6014,0.40,0.10
2008.02.26 11:12:21.533,1.6011,1.6014,0.40,0.10
2008.02.26 11:12:21.928,1.6011,1.6013,0.40,0.10
2008.02.26 11:12:22.221,1.6011,1.6013,0.40,0.10
2008.02.26 11:12:22.514,1.60095,1.6012,0.80,0.10
2008.02.26 11:12:22.802,1.60095,1.6012,0.80,0.10
2008.02.26 11:12:23.090,1.60095,1.6012,0.80,0.10
2008.02.26 11:12:23.826,1.60095,1.6012,0.80,0.30
2008.02.26 11:12:24.089,1.60095,1.6011,0.80,0.10
2008.02.26 11:12:24.351,1.60095,1.6011,0.80,0.10
2008.02.26 11:12:26.412,1.60095,1.6011,0.80,0.10
2008.02.26 11:12:26.664,1.60095,1.6011,0.80,0.30
2008.02.26 11:12:26.952,1.60095,1.6011,0.80,0.30
2008.02.26 11:12:27.240,1.60095,1.601,0.80,0.10
2008.02.26 11:12:28.164,1.60095,1.601,0.80,0.10
2008.02.26 11:12:28.451,1.60095,1.6011,0.80,0.10
2008.02.26 11:12:28.735,1.60095,1.6011,0.80,0.10
2008.02.26 11:12:29.959,1.60095,1.6011,0.80,0.10
2008.02.26 11:12:30.232,1.60095,1.6011,0.80,0.10
2008.02.26 11:12:30.506,1.60095,1.6011,0.80,0.10
2008.02.26 11:12:31.556,1.60095,1.6011,0.80,0.10
2008.02.26 11:12:32.925,1.60095,1.6011,0.80,0.10
2008.02.26 11:12:33.194,1.60095,1.6011,0.80,0.10
2008.02.26 11:12:33.624,1.60095,1.6011,0.80,0.10
2008.02.26 11:12:34.756,1.60095,1.6011,0.80,0.10
2008.02.26 11:12:35.024,1.60095,1.6011,0.80,0.10
2008.02.26 11:12:35.292,1.60095,1.6011,0.80,0.10
2008.02.26 11:12:35.560,1.60095,1.6011,0.80,0.10
2008.02.26 11:12:36.563,1.60095,1.6011,0.80,0.10
2008.02.26 11:12:36.903,1.60095,1.6011,0.80,0.30
2008.02.26 11:12:37.202,1.60095,1.6011,0.80,0.30
2008.02.26 11:12:37.499,1.60095,1.601,0.80,0.10
2008.02.26 11:12:37.522,1.60095,1.601,0.80,0.10
2008.02.26 11:12:37.798,1.60095,1.601,0.80,0.10
2008.02.26 11:12:38.604,1.60095,1.601,0.80,0.10
2008.02.26 11:12:38.953,1.60095,1.601,0.80,0.10
2008.02.26 11:12:39.217,1.60095,1.601,0.80,0.10
2008.02.26 11:12:39.480,1.60095,1.601,0.80,0.10
2008.02.26 11:12:39.742,1.60095,1.6011,0.80,0.10
2008.02.26 11:12:40.320,1.60095,1.6011,0.80,0.10
2008.02.26 11:12:40.598,1.601,1.6012,0.40,0.10
2008.02.26 11:12:41.055,1.601,1.6012,0.40,0.10
2008.02.26 11:12:41.338,1.601,1.6012,0.40,0.10
2008.02.26 11:12:41.880,1.601,1.6012,0.40,0.10
2008.02.26 11:12:42.159,1.60095,1.6011,0.80,0.10
2008.02.26 11:12:43.084,1.60095,1.6011,0.80,0.10
2008.02.26 11:12:43.354,1.60095,1.601,0.80,0.10
2008.02.26 11:12:43.622,1.60095,1.601,0.80,0.10
2008.02.26 11:12:43.891,1.60085,1.6009,0.20,0.10
2008.02.26 11:12:44.193,1.60085,1.6009,0.20,0.10
2008.02.26 11:12:44.496,1.60085,1.60105,0.20,0.20
2008.02.26 11:12:44.785,1.60085,1.601,0.20,0.20
2008.02.26 11:12:45.073,1.60085,1.601,0.20,0.20
2008.02.26 11:12:45.351,1.60085,1.601,0.20,0.20
2008.02.26 11:12:45.629,1.60085,1.601,0.20,0.20
2008.02.26 11:12:45.908,1.60085,1.601,0.20,0.10
2008.02.26 11:12:46.185,1.60085,1.601,0.20,0.10
2008.02.26 11:12:46.458,1.60085,1.601,0.20,0.10
2008.02.26 11:12:46.731,1.60085,1.601,0.20,0.10
2008.02.26 11:12:47.019,1.60085,1.601,0.20,0.10
2008.02.26 11:12:47.358,1.60085,1.6011,0.20,0.10
2008.02.26 11:12:47.666,1.60085,1.60125,0.20,5.70
2008.02.26 11:12:47.991,1.60085,1.60125,0.20,1.60
2008.02.26 11:12:48.208,1.60085,1.6013,1.20,0.10
2008.02.26 11:12:48.428,1.60085,1.6011,0.20,0.10
2008.02.26 11:12:48.648,1.60085,1.6012,0.70,0.10
2008.02.26 11:12:48.866,1.60085,1.6012,1.70,0.10
2008.02.26 11:12:49.169,1.60085,1.6012,0.90,0.10
2008.02.26 11:12:49.502,1.60085,1.6012,0.20,0.10
2008.02.26 11:12:50.244,1.60085,1.6012,0.20,0.10
2008.02.26 11:12:50.487,1.60095,1.6012,0.20,0.10
2008.02.26 11:12:50.725,1.60095,1.6012,0.20,0.10
2008.02.26 11:12:50.963,1.60095,1.6013,0.20,0.10
2008.02.26 11:12:51.567,1.60095,1.6013,0.20,0.10
2008.02.26 11:12:51.932,1.60095,1.6013,0.20,0.30
2008.02.26 11:12:52.331,1.60095,1.6013,0.20,0.30
2008.02.26 11:12:52.967,1.60095,1.60125,0.20,0.20
2008.02.26 11:12:53.251,1.60095,1.60125,0.20,0.20
2008.02.26 11:12:53.509,1.60095,1.60125,0.20,0.20
2008.02.26 11:12:53.767,1.60095,1.6011,0.20,0.10
2008.02.26 11:12:54.025,1.60095,1.6011,0.20,0.10
2008.02.26 11:12:54.732,1.60095,1.6011,0.20,0.10
2008.02.26 11:12:55.005,1.60095,1.6011,0.20,0.10
2008.02.26 11:12:55.278,1.60095,1.6011,0.20,0.10
2008.02.26 11:12:55.678,1.60095,1.6011,0.20,0.10
2008.02.26 11:12:55.964,1.60095,1.6011,0.20,0.10
2008.02.26 11:12:56.573,1.60095,1.6011,0.20,0.10
2008.02.26 11:12:57.743,1.60095,1.6011,0.20,0.10
2008.02.26 11:13:01.594,1.60095,1.6011,0.20,0.10
2008.02.26 11:13:01.838,1.6009,1.6011,0.40,0.10
2008.02.26 11:13:02.585,1.6009,1.6011,0.40,0.10
2008.02.26 11:13:06.615,1.6009,1.6011,0.40,0.10
2008.02.26 11:13:07.607,1.6009,1.60125,0.40,0.20
2008.02.26 11:13:09.978,1.6009,1.6013,0.40,0.10
2008.02.26 11:13:10.232,1.6009,1.6012,0.40,0.10
2008.02.26 11:13:10.484,1.6009,1.6012,0.40,0.10
2008.02.26 11:13:10.615,1.6009,1.6012,0.40,0.10
2008.02.26 11:13:10.777,1.6009,1.6012,0.40,0.10
2008.02.26 11:13:11.070,1.6009,1.6012,0.40,0.10
2008.02.26 11:13:11.363,1.6009,1.6013,0.40,0.10
2008.02.26 11:13:11.632,1.6009,1.6013,0.40,0.10
2008.02.26 11:13:11.900,1.6009,1.6013,0.40,0.10
2008.02.26 11:13:12.168,1.60095,1.6013,6.40,0.10
2008.02.26 11:13:12.435,1.60095,1.6013,6.40,0.10
2008.02.26 11:13:12.745,1.601,1.6013,0.40,0.10
2008.02.26 11:13:13.052,1.601,1.6013,0.40,0.10
2008.02.26 11:13:13.361,1.601,1.6012,0.40,0.10
2008.02.26 11:13:14.219,1.601,1.6012,0.40,0.10
2008.02.26 11:13:14.477,1.601,1.6012,0.40,0.10
2008.02.26 11:13:16.266,1.601,1.6013,0.40,0.10
2008.02.26 11:13:18.110,1.601,1.6013,0.40,0.10
2008.02.26 11:13:18.204,1.601,1.6013,0.40,0.10
2008.02.26 11:13:18.241,1.601,1.6013,0.40,0.10
2008.02.26 11:13:18.301,1.601,1.6013,0.40,0.10
2008.02.26 11:13:18.358,1.601,1.6013,0.40,0.10
2008.02.26 11:13:20.334,1.601,1.6013,0.40,0.10
2008.02.26 11:13:20.538,1.6009,1.6012,0.40,0.10
2008.02.26 11:13:21.629,1.6009,1.6012,0.40,0.10
2008.02.26 11:13:22.115,1.6009,1.6012,0.40,0.10
2008.02.26 11:13:22.464,1.601,1.6013,0.40,0.10
2008.02.26 11:13:22.697,1.6009,1.6012,0.70,0.10
2008.02.26 11:13:22.929,1.6009,1.6012,0.40,0.10
2008.02.26 11:13:25.022,1.6009,1.6012,0.40,0.10
2008.02.26 11:13:25.241,1.6009,1.6012,0.40,0.10
2008.02.26 11:13:25.460,1.6009,1.6012,0.40,0.10
2008.02.26 11:13:25.678,1.6009,1.6011,0.40,0.10
2008.02.26 11:13:26.499,1.6009,1.6011,0.40,0.10
2008.02.26 11:13:26.771,1.60075,1.601,0.80,0.10
2008.02.26 11:13:27.043,1.6007,1.601,0.40,0.10
2008.02.26 11:13:27.317,1.6007,1.601,0.40,0.10
2008.02.26 11:13:28.766,1.6007,1.601,0.40,0.10
2008.02.26 11:13:29.014,1.6007,1.601,0.40,0.10
2008.02.26 11:13:29.261,1.6007,1.601,0.70,0.10
2008.02.26 11:13:31.636,1.6007,1.601,0.70,0.10
2008.02.26 11:13:31.883,1.6007,1.601,0.70,0.10
2008.02.26 11:13:33.524,1.6007,1.601,0.70,0.10
2008.02.26 11:13:33.873,1.6007,1.601,0.40,0.10
2008.02.26 11:13:34.075,1.6006,1.6009,0.50,0.10
2008.02.26 11:13:34.293,1.6006,1.6009,0.50,0.10
2008.02.26 11:13:34.510,1.6006,1.6009,0.50,0.10
2008.02.26 11:13:34.982,1.6006,1.6009,0.50,0.10
2008.02.26 11:13:35.315,1.60065,1.6009,4.00,0.10
2008.02.26 11:13:35.351,1.60065,1.6009,0.60,0.10
2008.02.26 11:13:35.649,1.6007,1.6009,0.40,0.10
2008.02.26 11:13:36.015,1.6007,1.6009,0.40,0.10
2008.02.26 11:13:36.259,1.6007,1.6009,0.40,0.10
2008.02.26 11:13:36.502,1.6007,1.6009,0.40,0.10
2008.02.26 11:13:36.745,1.6008,1.6011,0.40,0.10
2008.02.26 11:13:37.047,1.6008,1.6011,0.40,0.10
2008.02.26 11:13:37.350,1.6007,1.601,0.40,0.10
2008.02.26 11:13:37.653,1.6008,1.6012,0.40,0.10
2008.02.26 11:13:37.956,1.6008,1.6012,0.40,0.10
2008.02.26 11:13:38.260,1.6008,1.6011,0.40,0.10
2008.02.26 11:13:38.563,1.6007,1.601,0.70,0.10
2008.02.26 11:13:38.866,1.6007,1.601,0.70,0.10
2008.02.26 11:13:39.130,1.60065,1.6007,2.40,0.10
2008.02.26 11:13:39.394,1.60065,1.6008,0.50,0.10
2008.02.26 11:13:39.657,1.60055,1.6008,0.50,0.10
2008.02.26 11:13:39.921,1.60085,1.6011,0.50,0.10
2008.02.26 11:13:40.204,1.60085,1.6011,0.80,0.10
2008.02.26 11:13:40.487,1.60085,1.6011,0.80,0.10
2008.02.26 11:13:40.772,1.6008,1.6011,0.50,0.10
2008.02.26 11:13:41.015,1.6008,1.6011,0.50,0.10
2008.02.26 11:13:41.258,1.6008,1.601,0.50,0.10
2008.02.26 11:13:41.501,1.6008,1.601,0.50,0.10
2008.02.26 11:13:41.744,1.60065,1.601,0.80,0.10
2008.02.26 11:13:42.078,1.60075,1.601,4.00,0.10
2008.02.26 11:13:42.412,1.60075,1.601,4.00,0.10
2008.02.26 11:13:42.761,1.60075,1.601,4.00,0.10
2008.02.26 11:13:43.086,1.60075,1.601,4.00,0.10
2008.02.26 11:13:43.325,1.60065,1.601,0.80,0.10
2008.02.26 11:13:43.581,1.6009,1.601,0.40,0.10
2008.02.26 11:13:43.819,1.6007,1.601,0.40,0.10
2008.02.26 11:13:44.123,1.6007,1.6009,0.40,0.10
2008.02.26 11:13:44.427,1.6007,1.6009,0.40,0.10
2008.02.26 11:13:44.729,1.6007,1.6009,0.40,0.10
2008.02.26 11:13:45.368,1.6007,1.6009,0.40,0.10
2008.02.26 11:13:46.679,1.6007,1.6009,0.40,0.10
2008.02.26 11:13:51.707,1.6007,1.6009,0.40,0.10
2008.02.26 11:13:52.199,1.6007,1.6009,0.40,0.10
2008.02.26 11:13:52.488,1.6008,1.6009,0.40,0.10
2008.02.26 11:13:52.747,1.6008,1.6009,0.40,0.10
2008.02.26 11:13:53.026,1.6008,1.6009,0.40,0.10
2008.02.26 11:13:53.300,1.60065,1.6009,0.80,0.10
2008.02.26 11:13:53.573,1.60065,1.6009,0.80,0.10
2008.02.26 11:13:53.846,1.60065,1.6009,0.80,0.10
2008.02.26 11:13:54.120,1.60065,1.6009,0.80,0.10
2008.02.26 11:13:54.404,1.60065,1.6009,4.80,0.10
2008.02.26 11:13:54.688,1.60065,1.6009,4.80,0.10
2008.02.26 11:13:54.986,1.60065,1.6009,0.80,0.10
2008.02.26 11:13:55.356,1.60065,1.6009,0.80,0.10
2008.02.26 11:13:55.623,1.60065,1.6009,0.80,0.10
2008.02.26 11:13:56.683,1.60065,1.6009,0.80,0.10
2008.02.26 11:13:57.362,1.60065,1.6009,0.50,0.10
2008.02.26 11:13:57.645,1.6006,1.6009,0.70,0.10
2008.02.26 11:13:58.023,1.6006,1.6009,0.70,0.10
2008.02.26 11:13:58.306,1.6006,1.6009,0.70,0.10
2008.02.26 11:13:58.565,1.6006,1.6009,0.40,0.10
2008.02.26 11:13:58.823,1.6006,1.6008,0.40,0.10
2008.02.26 11:13:59.160,1.6006,1.6008,0.40,0.10
2008.02.26 11:13:59.440,1.6006,1.6008,0.40,0.10
2008.02.26 11:13:59.738,1.6006,1.6008,0.40,0.10
2008.02.26 11:14:00.036,1.6006,1.6008,0.40,0.10
2008.02.26 11:14:00.336,1.6006,1.6009,0.70,0.10
2008.02.26 11:14:00.590,1.6006,1.6009,0.70,0.10
2008.02.26 11:14:00.845,1.6006,1.6009,0.70,0.10
2008.02.26 11:14:01.101,1.6006,1.6009,0.70,0.10
2008.02.26 11:14:01.544,1.6006,1.6009,0.70,0.10
2008.02.26 11:14:01.829,1.60075,1.6011,0.80,0.10
2008.02.26 11:14:06.704,1.60075,1.6011,0.80,0.10
2008.02.26 11:14:07.282,1.60075,1.6011,0.80,0.10
2008.02.26 11:14:07.762,1.60075,1.6011,0.80,0.10
2008.02.26 11:14:08.040,1.60075,1.6011,0.50,0.10
2008.02.26 11:14:08.319,1.6007,1.6011,0.50,0.10
2008.02.26 11:14:08.598,1.60065,1.6011,2.00,0.10
2008.02.26 11:14:08.877,1.60065,1.601,2.00,0.10
2008.02.26 11:14:09.140,1.60065,1.601,2.40,0.10
2008.02.26 11:14:09.600,1.6007,1.601,0.50,0.10
2008.02.26 11:14:10.156,1.6007,1.601,0.50,0.10
2008.02.26 11:14:10.465,1.6008,1.601,0.50,0.10
2008.02.26 11:14:10.733,1.6008,1.6012,0.50,0.10
2008.02.26 11:14:11.273,1.6008,1.6012,0.50,0.10
2008.02.26 11:14:11.559,1.6008,1.6012,0.50,0.10
2008.02.26 11:14:11.802,1.6008,1.6012,0.50,0.10
2008.02.26 11:14:12.060,1.60085,1.6012,0.50,0.10
2008.02.26 11:14:12.303,1.6009,1.6012,0.40,0.10
2008.02.26 11:14:12.546,1.6009,1.6011,0.40,0.10
2008.02.26 11:14:12.880,1.6008,1.6011,0.70,0.10
2008.02.26 11:14:13.213,1.6008,1.6011,0.70,0.10
2008.02.26 11:14:13.546,1.6008,1.6011,0.70,0.10
2008.02.26 11:14:13.779,1.6008,1.6011,0.70,0.10
2008.02.26 11:14:14.210,1.6008,1.6011,0.70,0.10
2008.02.26 11:14:14.445,1.6008,1.6011,0.40,0.10
2008.02.26 11:14:14.778,1.6008,1.6011,0.40,0.10
2008.02.26 11:14:15.095,1.6008,1.6011,0.40,0.10
2008.02.26 11:14:15.431,1.6008,1.6011,0.70,0.10
2008.02.26 11:14:15.771,1.6008,1.6011,0.70,0.10
2008.02.26 11:14:16.617,1.6008,1.6011,0.70,0.10
2008.02.26 11:14:17.083,1.6008,1.6011,0.40,0.10
2008.02.26 11:14:17.346,1.6008,1.6011,0.40,0.10
2008.02.26 11:14:17.443,1.6008,1.6011,0.40,0.10
2008.02.26 11:14:17.690,1.6008,1.601,0.40,0.10
2008.02.26 11:14:19.067,1.6008,1.601,0.40,0.10
2008.02.26 11:14:20.252,1.6008,1.601,0.40,0.10
2008.02.26 11:14:20.586,1.6008,1.601,0.40,0.10
2008.02.26 11:14:20.822,1.6011,1.6014,0.40,0.10
2008.02.26 11:14:21.039,1.6011,1.6014,0.40,0.10
2008.02.26 11:14:21.259,1.6009,1.6013,0.40,0.10
2008.02.26 11:14:21.477,1.60105,1.6013,0.80,0.10
2008.02.26 11:14:21.694,1.60105,1.6013,0.80,0.10
2008.02.26 11:14:22.028,1.60105,1.6013,0.50,0.10
2008.02.26 11:14:22.362,1.6009,1.6013,0.70,0.10
2008.02.26 11:14:22.695,1.6009,1.6012,0.50,0.10
2008.02.26 11:14:22.949,1.60075,1.6011,2.20,0.10
2008.02.26 11:14:23.204,1.60075,1.6011,3.10,0.10
2008.02.26 11:14:23.458,1.60085,1.6011,0.70,0.10
2008.02.26 11:14:23.711,1.60085,1.6011,1.40,0.10
2008.02.26 11:14:24.015,1.60085,1.6013,1.50,0.10
2008.02.26 11:14:24.328,1.60085,1.6013,0.80,0.10
2008.02.26 11:14:24.611,1.60085,1.6013,0.60,0.10
2008.02.26 11:14:24.869,1.6008,1.6011,0.40,0.10
2008.02.26 11:14:25.128,1.6008,1.6011,0.70,0.10
2008.02.26 11:14:25.386,1.60085,1.6011,0.70,0.10
2008.02.26 11:14:25.707,1.60085,1.6013,1.00,0.10
2008.02.26 11:14:25.986,1.6009,1.6013,0.50,0.10
2008.02.26 11:14:26.265,1.6009,1.6013,0.50,0.10
2008.02.26 11:14:26.659,1.6009,1.6013,0.50,0.10
2008.02.26 11:14:26.943,1.6009,1.6013,0.50,0.10
2008.02.26 11:14:27.287,1.6009,1.6013,0.50,0.10
2008.02.26 11:14:27.569,1.60085,1.6013,1.20,0.10
2008.02.26 11:14:27.852,1.60085,1.6013,0.80,0.10
2008.02.26 11:14:28.150,1.60085,1.6012,0.80,0.10
2008.02.26 11:14:29.333,1.60085,1.6012,0.80,0.10
2008.02.26 11:14:29.642,1.60085,1.6012,0.80,0.10
2008.02.26 11:14:30.155,1.60085,1.6012,0.50,0.10
2008.02.26 11:14:30.686,1.60085,1.6012,0.60,0.10
2008.02.26 11:14:30.958,1.60085,1.6012,2.00,0.10
2008.02.26 11:14:31.236,1.60085,1.6012,0.70,0.10
2008.02.26 11:14:31.604,1.60085,1.6012,2.90,0.10
2008.02.26 11:14:32.237,1.60085,1.6012,3.20,0.10
2008.02.26 11:14:32.506,1.6009,1.6012,0.50,0.10
2008.02.26 11:14:33.532,1.60095,1.6012,0.50,0.10
2008.02.26 11:14:33.840,1.60095,1.6012,0.80,0.10
2008.02.26 11:14:34.087,1.60095,1.6012,0.80,0.10
2008.02.26 11:14:34.335,1.60095,1.6012,0.80,0.10
2008.02.26 11:14:34.583,1.60095,1.6012,0.80,0.10
2008.02.26 11:14:34.831,1.60095,1.6014,0.80,0.20
2008.02.26 11:14:36.763,1.60095,1.6014,0.80,0.20
2008.02.26 11:14:38.150,1.60095,1.60145,0.80,1.60
2008.02.26 11:14:38.410,1.60105,1.6015,0.50,0.20
2008.02.26 11:14:38.668,1.6011,1.6014,0.50,0.20
2008.02.26 11:14:38.927,1.6011,1.6014,0.50,0.20
2008.02.26 11:14:39.205,1.60095,1.60145,0.90,0.20
2008.02.26 11:14:40.919,1.60105,1.60145,0.50,0.20
2008.02.26 11:14:41.162,1.60105,1.60145,0.80,0.20
2008.02.26 11:14:41.759,1.60105,1.60145,0.80,0.20
2008.02.26 11:14:42.001,1.60105,1.60145,0.80,0.20
2008.02.26 11:14:46.249,1.60105,1.6014,0.80,0.20
2008.02.26 11:14:46.494,1.60095,1.6014,2.40,0.20
2008.02.26 11:14:46.771,1.60095,1.6014,2.40,0.20
2008.02.26 11:14:51.793,1.60095,1.6014,2.40,0.20
2008.02.26 11:14:52.183,1.60095,1.6015,2.40,0.30
2008.02.26 11:14:52.470,1.60095,1.6015,2.40,0.30
2008.02.26 11:14:52.774,1.6011,1.6015,0.40,0.30
2008.02.26 11:14:53.077,1.6011,1.6015,0.40,0.30
2008.02.26 11:14:53.326,1.6011,1.6015,0.40,0.30
2008.02.26 11:14:55.526,1.6011,1.6015,0.40,0.30
2008.02.26 11:14:56.778,1.6011,1.6015,0.40,0.30
2008.02.26 11:14:59.273,1.6011,1.6015,0.40,0.30
2008.02.26 11:14:59.571,1.6011,1.6015,0.40,0.30
2008.02.26 11:14:59.849,1.6011,1.6015,0.40,0.30
2008.02.26 11:15:00.127,1.6012,1.6015,0.40,0.20
2008.02.26 11:15:00.405,1.6011,1.6015,0.40,0.30
2008.02.26 11:15:00.744,1.6011,1.6015,0.40,0.30
2008.02.26 11:15:01.012,1.6011,1.6015,0.40,0.30
2008.02.26 11:15:01.282,1.6011,1.6015,0.40,0.30
2008.02.26 11:15:01.556,1.6011,1.6015,0.40,0.30
2008.02.26 11:15:01.845,1.6011,1.6015,0.40,0.10
2008.02.26 11:15:03.073,1.6011,1.6015,0.70,0.10
2008.02.26 11:15:03.579,1.6011,1.6015,0.40,0.10
2008.02.26 11:15:03.812,1.6011,1.6015,0.40,0.30
2008.02.26 11:15:06.813,1.6011,1.6015,0.40,0.30
2008.02.26 11:15:08.814,1.6011,1.6015,0.40,0.30
2008.02.26 11:15:09.044,1.6011,1.60145,0.40,0.20
2008.02.26 11:15:09.273,1.6011,1.60145,0.40,0.20
2008.02.26 11:15:09.501,1.6011,1.60145,0.40,0.20
2008.02.26 11:15:09.794,1.6011,1.60145,0.40,4.10
2008.02.26 11:15:10.087,1.6011,1.60145,0.40,4.10
2008.02.26 11:15:10.381,1.601,1.60135,0.40,0.20
2008.02.26 11:15:11.656,1.601,1.6014,0.40,0.10
2008.02.26 11:15:11.894,1.601,1.6014,0.40,0.10
2008.02.26 11:15:12.131,1.60105,1.6014,0.80,0.10
2008.02.26 11:15:12.370,1.6011,1.6014,0.40,0.10
2008.02.26 11:15:12.844,1.6011,1.6014,0.40,0.10
2008.02.26 11:15:13.205,1.6011,1.6014,0.40,0.10
2008.02.26 11:15:13.539,1.6011,1.60155,0.40,0.20
2008.02.26 11:15:13.758,1.6011,1.60155,0.70,0.20
2008.02.26 11:15:13.976,1.60115,1.60155,1.10,0.20
2008.02.26 11:15:14.209,1.60115,1.60155,0.70,0.20
2008.02.26 11:15:16.823,1.60115,1.60155,1.20,0.20
2008.02.26 11:15:17.692,1.60115,1.6016,0.50,0.10
2008.02.26 11:15:17.944,1.60115,1.60165,1.40,0.20
2008.02.26 11:15:18.198,1.6012,1.6017,0.50,0.30
2008.02.26 11:15:18.450,1.60125,1.6017,0.80,0.20
2008.02.26 11:15:18.706,1.60125,1.6017,0.80,0.20
2008.02.26 11:15:19.078,1.60125,1.6017,0.80,0.20
2008.02.26 11:15:19.371,1.6013,1.6018,0.40,0.20
2008.02.26 11:15:19.681,1.6013,1.60165,0.40,0.20
2008.02.26 11:15:19.927,1.6013,1.60165,0.40,0.20
2008.02.26 11:15:20.190,1.6013,1.60165,0.40,0.20
2008.02.26 11:15:20.453,1.6013,1.6016,0.40,0.10
2008.02.26 11:15:21.034,1.6013,1.6016,0.40,0.10
2008.02.26 11:15:21.311,1.6013,1.6016,0.40,0.10
2008.02.26 11:15:21.592,1.6013,1.60155,0.40,0.20
2008.02.26 11:15:21.857,1.6013,1.6015,0.40,0.10
2008.02.26 11:15:22.120,1.6013,1.6015,0.40,0.10
2008.02.26 11:15:22.382,1.6013,1.6015,0.40,0.10
2008.02.26 11:15:22.645,1.6013,1.60175,0.40,0.20
2008.02.26 11:15:22.949,1.6013,1.6018,0.70,0.20
2008.02.26 11:15:23.251,1.60135,1.60185,0.50,0.20
2008.02.26 11:15:23.555,1.6014,1.60185,0.40,0.20
2008.02.26 11:15:23.858,1.6014,1.60185,0.40,0.20
2008.02.26 11:15:24.378,1.6014,1.60185,0.40,0.20
2008.02.26 11:15:24.626,1.6014,1.60185,0.40,0.20
2008.02.26 11:15:25.826,1.60145,1.60185,4.00,0.20
2008.02.26 11:15:26.087,1.60145,1.60185,4.00,0.20
2008.02.26 11:15:26.352,1.60145,1.6018,4.00,0.20
2008.02.26 11:15:26.613,1.60145,1.6018,4.00,0.30
2008.02.26 11:15:26.876,1.60145,1.6017,4.00,0.10
2008.02.26 11:15:27.198,1.6014,1.6017,0.40,0.10
2008.02.26 11:15:27.470,1.60145,1.6017,4.00,0.10
2008.02.26 11:15:27.754,1.60145,1.6017,4.00,0.10
2008.02.26 11:15:28.053,1.6015,1.6017,0.40,0.10
2008.02.26 11:15:28.352,1.6015,1.6017,0.40,0.10
2008.02.26 11:15:28.677,1.6015,1.6017,0.40,0.10
2008.02.26 11:15:28.929,1.6015,1.6017,0.40,0.10
2008.02.26 11:15:30.166,1.6015,1.6017,0.40,0.10
2008.02.26 11:15:30.454,1.6015,1.6017,0.40,0.10
2008.02.26 11:15:30.797,1.6015,1.6017,0.40,0.10
2008.02.26 11:15:31.064,1.6015,1.6017,0.40,0.10
2008.02.26 11:15:31.532,1.6015,1.6017,0.40,0.10
2008.02.26 11:15:31.800,1.6015,1.6017,0.40,0.10
2008.02.26 11:15:32.073,1.6014,1.6017,0.40,0.10
2008.02.26 11:15:32.814,1.6014,1.6017,0.40,0.10
2008.02.26 11:15:33.274,1.6014,1.6017,0.40,0.10
2008.02.26 11:15:33.568,1.6014,1.6017,0.40,0.10
2008.02.26 11:15:33.606,1.6014,1.6017,0.40,0.10
2008.02.26 11:15:34.030,1.6014,1.6017,0.40,0.10
2008.02.26 11:15:34.308,1.6014,1.6017,0.40,0.10
2008.02.26 11:15:34.571,1.6014,1.6017,0.40,0.10
2008.02.26 11:15:34.834,1.6014,1.6017,0.40,0.10
2008.02.26 11:15:35.117,1.6014,1.6017,0.40,0.10
2008.02.26 11:15:35.400,1.6014,1.6017,0.40,0.10
2008.02.26 11:15:35.683,1.6014,1.6017,0.40,0.10
2008.02.26 11:15:35.966,1.6014,1.6017,0.40,0.10
2008.02.26 11:15:36.249,1.6014,1.6017,0.40,0.10
2008.02.26 11:15:36.532,1.6014,1.6017,0.40,0.10
2008.02.26 11:15:36.815,1.6014,1.6017,0.40,0.10
2008.02.26 11:15:37.176,1.6014,1.6017,0.40,0.10
2008.02.26 11:15:37.584,1.6014,1.6017,0.40,0.10
2008.02.26 11:15:37.857,1.6013,1.6016,0.40,0.10
2008.02.26 11:15:38.167,1.6013,1.6016,0.40,0.10
2008.02.26 11:15:38.478,1.6014,1.6016,0.40,0.10
2008.02.26 11:15:38.787,1.6014,1.6016,0.40,0.10
2008.02.26 11:15:41.865,1.6014,1.6016,0.40,0.10
2008.02.26 11:15:42.968,1.6014,1.6016,0.40,0.10
2008.02.26 11:15:44.891,1.6014,1.6016,0.40,0.10
2008.02.26 11:15:46.869,1.6014,1.6016,0.40,0.10
2008.02.26 11:15:48.695,1.6014,1.6016,0.40,0.10
2008.02.26 11:15:48.954,1.6014,1.6018,0.40,0.10
2008.02.26 11:15:49.207,1.6014,1.6018,0.40,0.10
2008.02.26 11:15:50.480,1.6014,1.6018,0.40,0.10
2008.02.26 11:15:50.763,1.6014,1.6018,0.40,0.30
2008.02.26 11:15:51.047,1.6014,1.6017,0.40,0.10
2008.02.26 11:15:51.902,1.6014,1.6017,0.40,0.10
2008.02.26 11:15:53.150,1.6014,1.6017,0.40,0.10
2008.02.26 11:15:54.315,1.6014,1.6017,0.40,0.10
2008.02.26 11:15:55.540,1.6014,1.6017,0.40,0.10
2008.02.26 11:15:56.906,1.6014,1.6017,0.40,0.10
2008.02.26 11:15:58.673,1.6014,1.6017,0.40,0.10
2008.02.26 11:15:58.902,1.6014,1.6017,0.40,0.10
2008.02.26 11:15:59.150,1.6014,1.6017,0.40,0.10
2008.02.26 11:16:00.018,1.6014,1.6017,0.40,0.10
2008.02.26 11:16:01.931,1.6014,1.6017,0.40,0.10
2008.02.26 11:16:03.326,1.6014,1.6017,0.40,0.10
2008.02.26 11:16:04.837,1.6014,1.6017,0.40,0.10
2008.02.26 11:16:06.929,1.6014,1.6017,0.40,0.10
2008.02.26 11:16:08.093,1.6014,1.6017,0.40,0.10
2008.02.26 11:16:11.311,1.6014,1.6017,0.40,0.10
2008.02.26 11:16:11.574,1.6014,1.6017,0.40,0.10
2008.02.26 11:16:11.877,1.6014,1.6016,0.40,0.10
2008.02.26 11:16:14.614,1.6014,1.6016,0.40,0.10
2008.02.26 11:16:14.892,1.6013,1.6015,0.40,0.10
2008.02.26 11:16:15.171,1.6013,1.6015,0.40,0.10
2008.02.26 11:16:15.761,1.6013,1.6015,0.40,0.10
2008.02.26 11:16:16.035,1.6013,1.6015,0.40,0.10
2008.02.26 11:16:16.308,1.6013,1.6015,0.40,0.10
2008.02.26 11:16:16.897,1.6013,1.6015,0.40,0.10
2008.02.26 11:16:17.165,1.6013,1.6015,0.40,0.10
2008.02.26 11:16:17.433,1.60125,1.6015,4.00,0.10
2008.02.26 11:16:17.703,1.60125,1.6015,6.40,0.10
2008.02.26 11:16:17.718,1.60125,1.6015,1.80,0.10
2008.02.26 11:16:18.007,1.6013,1.6015,0.40,0.10
2008.02.26 11:16:18.311,1.6013,1.6015,0.40,0.10
2008.02.26 11:16:18.614,1.6013,1.6015,0.40,0.10
2008.02.26 11:16:18.878,1.6013,1.6015,0.40,0.10
2008.02.26 11:16:19.281,1.6013,1.6015,0.40,0.10
2008.02.26 11:16:19.546,1.6013,1.6015,0.40,0.10
2008.02.26 11:16:19.818,1.6013,1.6015,0.40,0.10
2008.02.26 11:16:20.091,1.6013,1.6015,0.40,0.10
2008.02.26 11:16:20.364,1.6014,1.60175,0.40,6.40
2008.02.26 11:16:20.637,1.6015,1.6019,0.40,0.10
2008.02.26 11:16:20.910,1.6015,1.6018,0.40,0.10
2008.02.26 11:16:21.183,1.6015,1.6019,0.40,0.10
2008.02.26 11:16:21.457,1.6016,1.60205,0.40,5.70
2008.02.26 11:16:21.885,1.6016,1.602,0.40,0.20
2008.02.26 11:16:22.168,1.6018,1.602,0.40,0.20
2008.02.26 11:16:22.452,1.6017,1.602,0.40,0.20
2008.02.26 11:16:22.737,1.6017,1.60205,0.40,0.20
2008.02.26 11:16:23.040,1.6017,1.60205,0.40,0.20
2008.02.26 11:16:23.343,1.6016,1.602,0.40,0.10
2008.02.26 11:16:23.647,1.6016,1.602,0.40,0.30
2008.02.26 11:16:23.952,1.6015,1.6019,0.40,0.10
2008.02.26 11:16:24.550,1.6015,1.6019,0.40,0.10
2008.02.26 11:16:25.800,1.6015,1.6019,0.40,0.10
2008.02.26 11:16:26.035,1.6015,1.6019,0.40,0.10
2008.02.26 11:16:26.513,1.6015,1.6019,0.40,0.10
2008.02.26 11:16:26.952,1.6015,1.6019,0.40,0.10
2008.02.26 11:16:27.709,1.6015,1.6019,0.40,0.10
2008.02.26 11:16:28.022,1.6015,1.6019,0.40,0.10
2008.02.26 11:16:28.300,1.6015,1.6019,0.40,0.10
2008.02.26 11:16:28.588,1.6015,1.6019,0.40,0.10
2008.02.26 11:16:29.428,1.6015,1.6019,0.40,0.10
2008.02.26 11:16:29.701,1.6015,1.6019,0.40,0.10
2008.02.26 11:16:29.975,1.6015,1.6019,0.40,0.10
2008.02.26 11:16:30.268,1.6015,1.6019,0.40,0.30
2008.02.26 11:16:30.560,1.6015,1.6019,0.40,0.30
2008.02.26 11:16:30.853,1.6015,1.6019,0.40,0.10
2008.02.26 11:16:31.148,1.6014,1.6018,0.40,0.10
2008.02.26 11:16:31.396,1.6014,1.6018,0.40,0.10
2008.02.26 11:16:31.645,1.6014,1.6018,0.40,0.10
2008.02.26 11:16:31.946,1.6014,1.6018,0.40,0.10
2008.02.26 11:16:32.250,1.6014,1.6018,0.40,0.10
2008.02.26 11:16:32.668,1.6014,1.6018,0.40,0.10
2008.02.26 11:16:32.975,1.6014,1.6018,0.40,0.30
2008.02.26 11:16:33.258,1.6014,1.60175,0.40,0.20
2008.02.26 11:16:33.541,1.6014,1.6018,0.40,0.30
2008.02.26 11:16:33.824,1.6014,1.6018,0.70,0.10
2008.02.26 11:16:34.110,1.60145,1.6019,0.50,0.10
2008.02.26 11:16:34.383,1.60145,1.60185,0.50,0.20
2008.02.26 11:16:34.655,1.60145,1.60185,0.80,0.20
2008.02.26 11:16:34.928,1.60145,1.6018,0.50,0.10
2008.02.26 11:16:35.237,1.60145,1.6018,0.70,0.10
2008.02.26 11:16:35.545,1.60145,1.6018,0.50,0.10
2008.02.26 11:16:35.853,1.60155,1.6018,0.50,0.10
2008.02.26 11:16:36.162,1.6016,1.6019,0.40,0.10
2008.02.26 11:16:36.404,1.6016,1.6019,0.40,0.10
2008.02.26 11:16:36.928,1.6016,1.6019,0.40,0.10
2008.02.26 11:16:37.220,1.6016,1.6019,0.40,0.10
2008.02.26 11:16:37.638,1.6016,1.6019,0.40,0.10
2008.02.26 11:16:38.159,1.6016,1.6019,0.40,0.10
2008.02.26 11:16:38.673,1.6016,1.60185,0.40,0.20
2008.02.26 11:16:38.981,1.6014,1.6018,0.40,0.10
2008.02.26 11:16:39.291,1.6014,1.6018,0.40,0.10
2008.02.26 11:16:39.533,1.6014,1.6018,0.40,0.10
2008.02.26 11:16:40.173,1.6014,1.6018,0.40,0.10
2008.02.26 11:16:40.466,1.6015,1.6019,0.40,0.10
2008.02.26 11:16:40.760,1.6015,1.6019,0.40,0.10
2008.02.26 11:16:41.053,1.6015,1.6019,0.40,0.10
2008.02.26 11:16:41.346,1.6015,1.6019,0.40,0.10
2008.02.26 11:16:41.639,1.6015,1.6019,0.40,0.10
2008.02.26 11:16:41.932,1.6015,1.6019,0.40,0.10
2008.02.26 11:16:42.226,1.6016,1.602,0.40,0.30
2008.02.26 11:16:43.124,1.6016,1.602,0.40,0.30
2008.02.26 11:16:43.441,1.6016,1.602,0.40,0.30
2008.02.26 11:16:43.713,1.6016,1.602,0.40,0.30
2008.02.26 11:16:43.987,1.60155,1.6019,0.90,0.10
2008.02.26 11:16:44.259,1.60155,1.6019,1.70,0.10
2008.02.26 11:16:44.548,1.60155,1.6019,0.90,0.10
2008.02.26 11:16:44.836,1.60155,1.602,0.90,0.30
2008.02.26 11:16:45.219,1.60155,1.602,1.40,0.30
2008.02.26 11:16:45.457,1.60155,1.602,1.20,0.30
2008.02.26 11:16:45.710,1.60155,1.602,1.10,0.30
2008.02.26 11:16:45.959,1.60155,1.6019,1.60,0.10
2008.02.26 11:16:47.013,1.60155,1.6019,1.60,0.10
2008.02.26 11:16:47.310,1.60155,1.6019,1.60,0.10
2008.02.26 11:16:47.583,1.60145,1.6018,8.80,0.10
2008.02.26 11:16:47.856,1.60145,1.6018,8.80,0.10
2008.02.26 11:16:48.128,1.60145,1.6018,6.40,0.10
2008.02.26 11:16:49.897,1.60145,1.6018,6.40,0.30
2008.02.26 11:16:50.153,1.60145,1.6017,0.50,0.10
2008.02.26 11:16:50.407,1.6014,1.6017,0.50,0.10
2008.02.26 11:16:51.018,1.6014,1.6017,0.50,0.10
2008.02.26 11:16:51.431,1.6014,1.6017,0.50,0.10
2008.02.26 11:16:51.690,1.6015,1.6018,0.50,0.10
2008.02.26 11:16:51.950,1.6015,1.6018,0.50,0.10
2008.02.26 11:16:52.208,1.6015,1.6018,0.50,0.10
2008.02.26 11:16:52.466,1.60145,1.6018,1.60,0.10
2008.02.26 11:16:52.895,1.60145,1.6018,1.60,0.10
2008.02.26 11:16:53.193,1.60145,1.6018,2.00,0.10
2008.02.26 11:16:53.829,1.60145,1.6018,2.00,0.10
2008.02.26 11:16:54.087,1.60145,1.6018,1.60,0.10
2008.02.26 11:16:56.120,1.60145,1.6018,1.60,0.10
2008.02.26 11:16:57.020,1.60145,1.6018,1.60,0.10
2008.02.26 11:16:57.297,1.60145,1.6018,1.60,0.10
2008.02.26 11:17:00.687,1.60145,1.6018,1.60,0.10
2008.02.26 11:17:00.824,1.60145,1.6018,1.60,0.10
2008.02.26 11:17:01.096,1.60145,1.6018,1.60,0.10
2008.02.26 11:17:02.009,1.60145,1.6018,1.60,0.10
2008.02.26 11:17:02.646,1.60145,1.6018,1.60,0.10
2008.02.26 11:17:02.900,1.60135,1.6018,2.40,0.10
2008.02.26 11:17:03.153,1.60135,1.6018,2.40,0.10
2008.02.26 11:17:05.550,1.60135,1.6018,2.40,0.10
2008.02.26 11:17:05.822,1.60135,1.6018,2.00,0.30
2008.02.26 11:17:06.065,1.60135,1.6017,1.60,0.10
2008.02.26 11:17:07.041,1.60135,1.6017,1.60,0.10
2008.02.26 11:17:11.891,1.60135,1.6017,1.60,0.10
2008.02.26 11:17:12.219,1.60145,1.6017,4.40,0.10
2008.02.26 11:17:12.546,1.60155,1.6019,1.60,0.10
2008.02.26 11:17:12.874,1.60155,1.6019,1.60,0.10
2008.02.26 11:17:13.133,1.60155,1.6019,2.00,0.10
2008.02.26 11:17:13.391,1.60155,1.6019,2.40,0.10
2008.02.26 11:17:13.649,1.60155,1.6019,4.80,0.10
2008.02.26 11:17:13.910,1.60155,1.6019,4.80,0.10
2008.02.26 11:17:14.207,1.60155,1.6019,2.00,0.10
2008.02.26 11:17:14.506,1.60155,1.602,1.60,0.30
2008.02.26 11:17:14.804,1.60155,1.602,1.60,0.30
2008.02.26 11:17:15.099,1.60155,1.602,1.60,0.10
2008.02.26 11:17:15.924,1.60155,1.602,1.60,0.30
2008.02.26 11:17:16.148,1.60155,1.602,2.00,0.30
2008.02.26 11:17:16.370,1.60155,1.602,2.40,0.30
2008.02.26 11:17:17.030,1.60155,1.602,2.40,0.30
2008.02.26 11:17:19.073,1.60155,1.602,2.40,0.30
2008.02.26 11:17:21.002,1.60155,1.602,2.40,0.10
2008.02.26 11:17:21.276,1.60165,1.602,0.50,0.10
2008.02.26 11:17:21.513,1.60165,1.602,0.80,0.10
2008.02.26 11:17:21.752,1.6017,1.6021,0.40,0.30
2008.02.26 11:17:22.023,1.6017,1.6021,0.40,0.30
2008.02.26 11:17:22.356,1.6017,1.6021,0.40,0.30
2008.02.26 11:17:22.704,1.6017,1.6021,0.40,0.30
2008.02.26 11:17:23.100,1.6017,1.6021,0.40,0.30
2008.02.26 11:17:26.498,1.6017,1.6021,0.40,0.10
2008.02.26 11:17:26.746,1.6019,1.6022,0.40,0.10
2008.02.26 11:17:26.994,1.6019,1.6022,0.40,0.10
2008.02.26 11:17:27.242,1.6019,1.6022,0.40,0.10
2008.02.26 11:17:27.536,1.6019,1.6022,0.40,0.10
2008.02.26 11:17:27.829,1.6019,1.6022,0.40,0.10
2008.02.26 11:17:28.122,1.6019,1.60235,0.40,0.20
2008.02.26 11:17:28.421,1.6019,1.60235,0.40,0.20
2008.02.26 11:17:28.719,1.6019,1.60235,0.40,0.20
2008.02.26 11:17:30.261,1.6019,1.60235,0.40,0.20
2008.02.26 11:17:30.539,1.60195,1.60235,1.60,0.20
2008.02.26 11:17:30.817,1.60195,1.6024,1.60,0.10
2008.02.26 11:17:31.094,1.60195,1.6024,5.60,0.10
2008.02.26 11:17:31.373,1.60195,1.6024,5.60,0.10
2008.02.26 11:17:31.668,1.60195,1.6024,1.60,0.10
2008.02.26 11:17:31.951,1.60195,1.60235,1.60,0.20
2008.02.26 11:17:32.235,1.60195,1.60235,4.00,0.20
2008.02.26 11:17:32.503,1.60195,1.60235,4.00,0.20
2008.02.26 11:17:32.771,1.6019,1.60235,0.40,0.20
2008.02.26 11:17:33.040,1.6019,1.60235,0.40,0.20
2008.02.26 11:17:33.512,1.6019,1.60235,0.40,0.20
2008.02.26 11:17:33.993,1.6019,1.6023,0.40,0.10
2008.02.26 11:17:34.305,1.6019,1.6023,0.40,0.10
2008.02.26 11:17:34.558,1.6019,1.6023,0.40,0.10
2008.02.26 11:17:34.863,1.6019,1.6023,0.40,0.90
2008.02.26 11:17:35.206,1.6019,1.6023,0.40,1.00
2008.02.26 11:17:35.520,1.6019,1.6022,0.40,0.10
2008.02.26 11:17:37.048,1.6019,1.6022,0.40,0.10
2008.02.26 11:17:37.316,1.6019,1.6022,0.40,0.10
2008.02.26 11:17:37.604,1.6019,1.6022,0.40,0.10
2008.02.26 11:17:37.891,1.6019,1.6022,0.40,0.10
2008.02.26 11:17:40.558,1.6019,1.6022,0.40,0.10
2008.02.26 11:17:42.069,1.6019,1.6022,0.40,0.10
2008.02.26 11:17:43.911,1.6019,1.6022,0.40,0.10
2008.02.26 11:17:45.037,1.60175,1.6021,8.00,0.10
2008.02.26 11:17:45.479,1.60175,1.6021,8.00,0.10
2008.02.26 11:17:45.727,1.60175,1.6021,1.60,0.10
2008.02.26 11:17:45.974,1.60175,1.6021,1.60,0.10
2008.02.26 11:17:46.223,1.60175,1.6021,5.60,0.10
2008.02.26 11:17:47.089,1.60175,1.6021,5.60,0.10
2008.02.26 11:17:47.450,1.60175,1.6021,5.60,0.10
2008.02.26 11:17:47.728,1.60175,1.6021,8.00,0.10
2008.02.26 11:17:48.007,1.6018,1.6021,0.40,0.10
2008.02.26 11:17:48.284,1.6018,1.6021,0.40,0.10
2008.02.26 11:17:48.563,1.6018,1.6021,0.40,0.10
2008.02.26 11:17:48.860,1.60185,1.6021,1.60,0.10
2008.02.26 11:17:49.159,1.60185,1.6021,1.60,0.10
2008.02.26 11:17:50.153,1.60185,1.6021,1.60,0.10
2008.02.26 11:17:50.401,1.6019,1.6023,0.40,0.10
2008.02.26 11:17:52.117,1.6019,1.6023,0.40,0.10
2008.02.26 11:17:52.677,1.6019,1.6023,0.40,0.10
2008.02.26 11:17:52.979,1.60195,1.6023,1.60,0.10
2008.02.26 11:17:53.282,1.60195,1.6023,1.60,0.10
2008.02.26 11:17:53.585,1.60195,1.6023,1.60,0.10
2008.02.26 11:17:53.862,1.60195,1.6023,1.60,0.10
2008.02.26 11:17:54.105,1.60195,1.6022,1.60,0.10
2008.02.26 11:17:54.364,1.60195,1.6022,1.60,0.10
2008.02.26 11:17:55.027,1.60195,1.6022,1.60,0.10
2008.02.26 11:17:55.355,1.6018,1.6022,0.40,0.10
2008.02.26 11:17:55.682,1.6018,1.6021,0.40,0.10
2008.02.26 11:17:56.192,1.6018,1.6021,0.40,0.10
2008.02.26 11:17:57.104,1.6018,1.6021,0.40,0.10
2008.02.26 11:17:59.103,1.6018,1.6021,0.40,0.10
2008.02.26 11:17:59.524,1.6018,1.6021,0.40,0.10
2008.02.26 11:18:01.794,1.6018,1.6021,0.40,0.10
2008.02.26 11:18:02.078,1.6018,1.6021,0.40,0.10
2008.02.26 11:18:02.361,1.6018,1.6021,0.40,0.10
2008.02.26 11:18:04.411,1.6018,1.6021,0.40,0.10
2008.02.26 11:18:07.116,1.6018,1.6021,0.40,0.10
2008.02.26 11:18:08.540,1.6018,1.6021,0.40,0.10
2008.02.26 11:18:09.160,1.6018,1.6021,0.40,0.10
2008.02.26 11:18:09.797,1.6018,1.6021,0.40,0.10
2008.02.26 11:18:11.208,1.6018,1.6021,0.40,0.10
2008.02.26 11:18:11.478,1.6018,1.6021,0.40,0.10
2008.02.26 11:18:11.730,1.6018,1.6022,0.40,0.10
2008.02.26 11:18:12.082,1.60185,1.6022,1.60,0.10
2008.02.26 11:18:12.370,1.60185,1.6022,1.60,0.10
2008.02.26 11:18:12.666,1.60185,1.6022,1.60,0.10
2008.02.26 11:18:12.954,1.6018,1.6022,0.40,0.10
2008.02.26 11:18:13.243,1.6018,1.6022,0.40,0.10
2008.02.26 11:18:14.752,1.6018,1.6022,0.40,0.10
2008.02.26 11:18:14.984,1.6018,1.6022,0.40,0.10
2008.02.26 11:18:15.218,1.6018,1.6022,0.40,0.10
2008.02.26 11:18:15.522,1.6018,1.6021,0.40,0.10
2008.02.26 11:18:17.141,1.6018,1.6021,0.40,0.10
2008.02.26 11:18:17.451,1.6019,1.6022,0.40,0.10
2008.02.26 11:18:17.745,1.60175,1.602,1.60,0.10
2008.02.26 11:18:18.038,1.60175,1.602,1.60,0.10
2008.02.26 11:18:18.331,1.60175,1.602,1.60,0.10
2008.02.26 11:18:19.548,1.60175,1.602,1.60,0.10
2008.02.26 11:18:21.188,1.60165,1.602,8.00,0.10
2008.02.26 11:18:21.447,1.60165,1.602,8.00,0.10
2008.02.26 11:18:21.704,1.60165,1.602,8.00,0.10
2008.02.26 11:18:22.139,1.60165,1.602,8.00,0.10
2008.02.26 11:18:27.158,1.60165,1.602,8.00,0.10
2008.02.26 11:18:27.508,1.60165,1.602,4.00,0.10
2008.02.26 11:18:27.840,1.60165,1.602,4.00,0.10
2008.02.26 11:18:28.174,1.60165,1.6019,4.00,0.10
2008.02.26 11:18:28.507,1.60165,1.6019,4.00,0.10
2008.02.26 11:18:28.740,1.6018,1.6021,0.40,0.10
2008.02.26 11:18:29.170,1.6018,1.6021,0.40,0.10
2008.02.26 11:18:29.403,1.6018,1.6021,0.40,0.10
2008.02.26 11:18:29.732,1.6018,1.6022,0.40,0.10
2008.02.26 11:18:30.246,1.6019,1.6022,0.40,0.10
2008.02.26 11:18:31.610,1.6019,1.6022,0.40,0.10
2008.02.26 11:18:31.873,1.6019,1.6022,0.40,0.10
2008.02.26 11:18:32.136,1.6019,1.6021,0.40,0.10
2008.02.26 11:18:33.566,1.6019,1.6021,0.40,0.10
2008.02.26 11:18:34.145,1.6019,1.6021,0.40,0.10
2008.02.26 11:18:34.652,1.6019,1.6021,0.40,0.10
2008.02.26 11:18:34.971,1.6018,1.602,0.40,0.10
2008.02.26 11:18:35.288,1.6018,1.602,0.40,0.10
2008.02.26 11:18:35.607,1.6018,1.602,0.40,0.10
2008.02.26 11:18:35.856,1.6018,1.602,0.40,0.10
2008.02.26 11:18:36.088,1.6019,1.6021,0.40,0.10
2008.02.26 11:18:36.322,1.602,1.6022,0.40,0.10
2008.02.26 11:18:36.556,1.602,1.6022,0.40,0.10
2008.02.26 11:18:36.789,1.602,1.6022,0.40,0.10
2008.02.26 11:18:37.082,1.602,1.6022,0.40,0.10
2008.02.26 11:18:37.375,1.602,1.6022,0.40,0.10
2008.02.26 11:18:38.075,1.602,1.6022,0.40,0.30
2008.02.26 11:18:38.390,1.60165,1.6021,1.60,0.10
2008.02.26 11:18:38.703,1.60165,1.6021,1.60,0.30
2008.02.26 11:18:38.936,1.60165,1.6021,1.60,0.30
2008.02.26 11:18:39.169,1.60155,1.6019,4.00,0.10
2008.02.26 11:18:39.402,1.6015,1.6019,0.40,0.10
2008.02.26 11:18:39.635,1.6015,1.6019,0.40,0.10
2008.02.26 11:18:39.918,1.60165,1.6019,2.40,0.10
2008.02.26 11:18:40.215,1.6015,1.6019,0.40,0.10
2008.02.26 11:18:40.499,1.6016,1.6019,0.40,0.10
2008.02.26 11:18:40.782,1.6016,1.6019,0.40,0.10
2008.02.26 11:18:41.064,1.6016,1.6019,0.40,0.10
2008.02.26 11:18:41.348,1.6016,1.6019,0.40,0.10
2008.02.26 11:18:41.631,1.6016,1.6019,0.40,0.10
2008.02.26 11:18:41.914,1.6016,1.6019,0.40,0.10
2008.02.26 11:18:42.050,1.6016,1.6019,0.40,0.10
2008.02.26 11:18:42.183,1.6016,1.6019,0.40,0.10
2008.02.26 11:18:42.453,1.6016,1.6019,0.40,0.10
2008.02.26 11:18:42.737,1.60155,1.6019,4.00,0.10
2008.02.26 11:18:43.063,1.6015,1.6019,0.40,0.10
2008.02.26 11:18:43.355,1.6015,1.60185,0.40,0.60
2008.02.26 11:18:43.663,1.6015,1.60175,0.40,0.50
2008.02.26 11:18:45.732,1.60115,1.6015,1.60,0.10
2008.02.26 11:18:45.973,1.601,1.6014,0.40,0.10
2008.02.26 11:18:46.164,1.60115,1.6014,4.00,0.10
2008.02.26 11:18:46.260,1.60125,1.6014,2.40,0.10
2008.02.26 11:18:46.309,1.60125,1.6014,2.40,0.10
2008.02.26 11:18:46.467,1.60125,1.6014,6.40,0.10
2008.02.26 11:18:46.591,1.60125,1.6014,6.40,0.10
2008.02.26 11:18:46.625,1.60125,1.6014,6.40,0.10
2008.02.26 11:18:46.677,1.60125,1.6014,6.40,0.10
2008.02.26 11:18:46.735,1.60105,1.6014,1.60,0.10
2008.02.26 11:18:46.794,1.60095,1.6014,1.60,0.10
2008.02.26 11:18:47.128,1.60095,1.6014,1.60,0.10
2008.02.26 11:18:47.462,1.60115,1.6014,4.00,0.10
2008.02.26 11:18:47.804,1.60115,1.6013,4.00,0.10
2008.02.26 11:18:48.151,1.60115,1.6013,4.00,0.10
2008.02.26 11:18:48.451,1.6013,1.6015,0.40,0.80
2008.02.26 11:18:48.720,1.60125,1.6013,2.40,0.10
2008.02.26 11:18:49.003,1.601,1.6013,0.40,0.10
2008.02.26 11:18:49.266,1.601,1.6013,0.40,0.10
2008.02.26 11:18:49.529,1.601,1.6013,0.40,0.10
2008.02.26 11:18:49.795,1.60085,1.6012,1.60,0.10
2008.02.26 11:18:50.057,1.6008,1.6012,0.40,0.10
2008.02.26 11:18:50.356,1.6008,1.6012,0.40,0.10
2008.02.26 11:18:50.654,1.60075,1.6012,5.60,0.10
2008.02.26 11:18:50.953,1.60075,1.6012,1.60,0.10
2008.02.26 11:18:51.250,1.60075,1.6012,1.60,0.10
2008.02.26 11:18:51.559,1.60075,1.6012,1.60,0.10
2008.02.26 11:18:51.857,1.60095,1.6012,1.60,0.10
2008.02.26 11:18:52.154,1.60105,1.6012,2.40,0.10
2008.02.26 11:18:52.382,1.6011,1.6015,0.40,0.10
2008.02.26 11:18:52.611,1.6011,1.6015,0.40,0.10
2008.02.26 11:18:52.840,1.6011,1.6015,0.40,0.10
2008.02.26 11:18:53.337,1.6011,1.6015,0.40,0.10
2008.02.26 11:18:53.669,1.6011,1.6015,0.40,0.10
2008.02.26 11:18:54.002,1.6011,1.6015,0.40,0.10
2008.02.26 11:18:54.480,1.6011,1.6015,0.40,0.10
2008.02.26 11:18:54.709,1.6011,1.6015,0.40,0.10
2008.02.26 11:18:54.939,1.6011,1.6015,0.40,0.10
2008.02.26 11:18:55.167,1.6011,1.6015,0.40,0.10
2008.02.26 11:18:55.470,1.60115,1.6015,2.40,0.10
2008.02.26 11:18:55.774,1.60115,1.6014,2.40,0.10
2008.02.26 11:18:56.078,1.6012,1.6015,0.40,0.10
2008.02.26 11:18:56.382,1.6012,1.6015,0.40,0.10
2008.02.26 11:18:56.664,1.6013,1.6016,0.40,0.10
2008.02.26 11:18:56.948,1.6013,1.6016,0.40,0.10
2008.02.26 11:18:57.232,1.6013,1.6017,0.40,0.10
2008.02.26 11:18:57.495,1.6013,1.6017,0.40,0.10
2008.02.26 11:18:57.820,1.6013,1.6017,0.40,0.10
2008.02.26 11:18:58.156,1.6014,1.6018,0.40,0.10
2008.02.26 11:18:58.420,1.6014,1.6018,0.40,0.10
2008.02.26 11:18:58.728,1.6014,1.6018,0.40,0.10
2008.02.26 11:18:59.037,1.6016,1.6018,0.40,0.10
2008.02.26 11:18:59.345,1.60125,1.6017,1.60,0.10
2008.02.26 11:18:59.588,1.60125,1.6017,1.60,0.10
2008.02.26 11:19:00.594,1.60135,1.6017,1.60,0.10
2008.02.26 11:19:00.887,1.60135,1.6017,1.60,0.10
2008.02.26 11:19:01.180,1.60135,1.6017,1.60,0.10
2008.02.26 11:19:01.473,1.60135,1.6017,1.60,0.10
2008.02.26 11:19:01.750,1.60125,1.6016,1.60,0.10
2008.02.26 11:19:02.085,1.60125,1.6016,1.60,0.10
2008.02.26 11:19:02.606,1.60125,1.6016,1.60,0.10
2008.02.26 11:19:07.226,1.60125,1.6016,1.60,0.10
2008.02.26 11:19:07.792,1.60125,1.6016,0.60,0.10
2008.02.26 11:19:12.090,1.60125,1.6016,0.80,0.10
2008.02.26 11:19:12.379,1.60125,1.6016,1.20,0.10
2008.02.26 11:19:12.687,1.60125,1.6016,0.50,0.10
2008.02.26 11:19:13.117,1.60115,1.6016,0.50,0.10
2008.02.26 11:19:13.424,1.60115,1.6016,1.00,0.10
2008.02.26 11:19:15.114,1.60115,1.6016,1.00,0.10
2008.02.26 11:19:15.415,1.60125,1.6016,0.60,0.10
2008.02.26 11:19:15.697,1.60125,1.6016,0.70,0.10
2008.02.26 11:19:15.956,1.60125,1.6016,1.10,0.10
2008.02.26 11:19:17.245,1.60125,1.6016,0.60,0.10
2008.02.26 11:19:22.271,1.60125,1.6016,0.80,0.10
2008.02.26 11:19:24.211,1.60125,1.6016,0.90,0.10
2008.02.26 11:19:24.449,1.60125,1.6016,0.70,0.10
2008.02.26 11:19:24.972,1.60125,1.6016,1.10,0.10
2008.02.26 11:19:25.234,1.6012,1.6015,0.40,0.10
2008.02.26 11:19:25.513,1.6012,1.6015,0.40,0.10
2008.02.26 11:19:25.791,1.60125,1.6015,1.30,0.10
2008.02.26 11:19:26.134,1.60125,1.6015,1.50,0.10
2008.02.26 11:19:26.412,1.6013,1.6017,0.40,0.10
2008.02.26 11:19:26.691,1.6013,1.6017,0.40,0.10
2008.02.26 11:19:26.949,1.6016,1.6017,0.40,0.10
2008.02.26 11:19:27.217,1.6016,1.6017,0.40,0.10
2008.02.26 11:19:27.476,1.6015,1.6017,0.40,0.10
2008.02.26 11:19:27.734,1.6015,1.6017,0.40,0.10
2008.02.26 11:19:28.171,1.6015,1.6017,0.40,0.10
2008.02.26 11:19:28.489,1.6015,1.6019,0.40,0.10
2008.02.26 11:19:28.819,1.6015,1.6019,0.40,0.10
2008.02.26 11:19:29.597,1.6015,1.6019,0.40,0.10
2008.02.26 11:19:29.855,1.6015,1.6019,0.40,0.10
2008.02.26 11:19:30.239,1.6015,1.6019,0.40,0.10
2008.02.26 11:19:30.507,1.6015,1.6019,0.40,0.10
2008.02.26 11:19:30.848,1.6015,1.6019,0.40,0.10
2008.02.26 11:19:31.264,1.6015,1.6019,0.40,0.10
2008.02.26 11:19:31.556,1.6015,1.6019,0.40,0.10
2008.02.26 11:19:31.850,1.6016,1.6019,0.40,0.10
2008.02.26 11:19:32.116,1.60145,1.6019,0.50,0.10
2008.02.26 11:19:32.382,1.60145,1.6018,0.60,0.10
2008.02.26 11:19:32.660,1.60135,1.6018,0.60,0.10
2008.02.26 11:19:33.526,1.60135,1.6018,0.50,0.10
2008.02.26 11:19:33.828,1.60135,1.6018,0.50,0.10
2008.02.26 11:19:34.350,1.60135,1.6018,0.60,0.10
2008.02.26 11:19:34.614,1.60135,1.6018,0.60,0.10
2008.02.26 11:19:35.639,1.60135,1.6018,0.50,0.10
2008.02.26 11:19:35.893,1.60135,1.6018,1.60,0.10
2008.02.26 11:19:36.236,1.60135,1.6018,1.60,0.10
2008.02.26 11:19:36.515,1.6015,1.6017,0.40,0.10
2008.02.26 11:19:36.792,1.6015,1.6017,0.40,0.10
2008.02.26 11:19:37.085,1.6015,1.6017,0.40,0.10
2008.02.26 11:19:39.690,1.6015,1.6017,0.40,0.10
2008.02.26 11:19:39.940,1.6015,1.60185,0.40,0.50
2008.02.26 11:19:40.218,1.6015,1.6019,0.40,0.30
2008.02.26 11:19:40.496,1.6014,1.6018,0.40,0.10
2008.02.26 11:19:40.773,1.6014,1.6018,0.40,0.10
2008.02.26 11:19:42.286,1.6014,1.6018,0.40,0.10
2008.02.26 11:19:42.581,1.6014,1.6018,0.40,0.10
2008.02.26 11:19:42.978,1.6014,1.6018,0.40,0.10
2008.02.26 11:19:43.311,1.6014,1.6018,0.40,0.10
2008.02.26 11:19:43.644,1.6014,1.6018,0.40,0.10
2008.02.26 11:19:44.009,1.6014,1.6018,0.40,0.10
2008.02.26 11:19:44.256,1.6014,1.6018,0.40,0.10
2008.02.26 11:19:47.306,1.6014,1.6018,0.40,0.10
2008.02.26 11:19:47.614,1.60145,1.6018,8.00,0.10
2008.02.26 11:19:47.925,1.6016,1.6019,0.40,0.10
2008.02.26 11:19:50.679,1.6016,1.6019,0.40,0.30
2008.02.26 11:19:50.945,1.6016,1.6019,0.40,0.30
2008.02.26 11:19:51.208,1.6016,1.6019,0.40,0.30
2008.02.26 11:19:51.511,1.6016,1.6018,0.40,0.10
2008.02.26 11:19:52.286,1.6016,1.6018,0.40,0.10
2008.02.26 11:19:53.677,1.6016,1.6018,0.40,0.30
2008.02.26 11:19:53.975,1.6016,1.6018,0.40,0.30
2008.02.26 11:19:54.273,1.6015,1.6017,0.40,0.10
2008.02.26 11:19:56.195,1.6015,1.6017,0.40,0.30
2008.02.26 11:19:56.466,1.6014,1.6017,0.40,0.30
2008.02.26 11:19:56.734,1.6016,1.6018,0.40,0.10
2008.02.26 11:19:57.003,1.6014,1.6017,0.40,0.10
2008.02.26 11:19:57.300,1.6014,1.6017,0.40,0.10
2008.02.26 11:19:57.604,1.6014,1.6017,0.40,0.10
2008.02.26 11:19:58.584,1.6014,1.6017,0.40,0.10
2008.02.26 11:19:58.857,1.6014,1.6018,0.40,0.10
2008.02.26 11:19:59.131,1.6014,1.6018,0.40,0.10
2008.02.26 11:20:00.549,1.6014,1.6018,0.40,0.10
2008.02.26 11:20:00.879,1.6014,1.6018,0.40,0.10
2008.02.26 11:20:01.169,1.6014,1.6018,0.40,0.10
2008.02.26 11:20:01.671,1.6014,1.6018,0.40,0.10
2008.02.26 11:20:02.319,1.6014,1.6018,0.40,0.10
2008.02.26 11:20:03.126,1.6014,1.6018,0.40,0.10
2008.02.26 11:20:03.408,1.60135,1.6017,1.60,0.10
2008.02.26 11:20:03.686,1.6013,1.6017,0.40,0.10
2008.02.26 11:20:04.078,1.6013,1.6017,0.40,0.10
2008.02.26 11:20:04.820,1.6013,1.6017,0.40,0.10
2008.02.26 11:20:05.078,1.6013,1.6017,0.40,0.10
2008.02.26 11:20:05.337,1.6013,1.6017,0.40,0.10
2008.02.26 11:20:05.912,1.6013,1.6017,0.40,0.10
2008.02.26 11:20:06.186,1.6013,1.6018,0.40,0.10
2008.02.26 11:20:06.474,1.6013,1.6018,0.40,0.10
2008.02.26 11:20:07.325,1.6013,1.6018,0.40,0.10
2008.02.26 11:20:10.187,1.6013,1.6018,0.40,0.30
2008.02.26 11:20:10.481,1.6013,1.6018,0.40,0.30
2008.02.26 11:20:10.720,1.6013,1.6017,0.40,0.10
2008.02.26 11:20:11.131,1.6013,1.6017,0.40,0.10
2008.02.26 11:20:11.368,1.6013,1.6017,0.40,0.10
2008.02.26 11:20:11.608,1.6013,1.6017,0.40,0.10
2008.02.26 11:20:11.915,1.6013,1.6017,0.40,0.10
2008.02.26 11:20:12.338,1.6013,1.6017,0.40,0.10
2008.02.26 11:20:13.545,1.6013,1.6017,0.40,0.10
2008.02.26 11:20:15.618,1.60135,1.6017,1.60,0.10
2008.02.26 11:20:15.868,1.6014,1.6018,0.40,0.10
2008.02.26 11:20:16.125,1.6014,1.6018,0.40,0.10
2008.02.26 11:20:16.375,1.60135,1.6017,1.60,0.10
2008.02.26 11:20:16.623,1.6014,1.6018,0.40,0.10
2008.02.26 11:20:16.926,1.6014,1.6018,0.40,0.10
2008.02.26 11:20:17.229,1.6014,1.6018,0.40,0.10
2008.02.26 11:20:17.532,1.6014,1.6018,0.40,0.10
2008.02.26 11:20:17.835,1.6014,1.6018,0.40,0.10
2008.02.26 11:20:18.133,1.6014,1.6018,0.40,0.10
2008.02.26 11:20:19.966,1.6014,1.6018,0.40,0.10
2008.02.26 11:20:19.989,1.6014,1.6018,0.40,0.10
2008.02.26 11:20:20.269,1.6014,1.6018,0.40,0.10
2008.02.26 11:20:22.346,1.6014,1.6018,0.40,0.10
2008.02.26 11:20:24.414,1.6014,1.6018,0.40,0.10
2008.02.26 11:20:24.595,1.6014,1.6018,0.40,0.10
2008.02.26 11:20:24.795,1.6014,1.6018,0.40,0.10
2008.02.26 11:20:25.817,1.6014,1.6018,0.40,0.10
2008.02.26 11:20:27.362,1.6014,1.6018,0.40,0.10
2008.02.26 11:20:32.362,1.6014,1.6018,0.40,0.10
2008.02.26 11:20:34.549,1.6014,1.6018,0.40,0.10
2008.02.26 11:20:34.786,1.6014,1.6018,0.40,0.10
2008.02.26 11:20:37.366,1.6014,1.6018,0.40,0.10
2008.02.26 11:20:37.693,1.6014,1.6018,0.40,0.10
2008.02.26 11:20:38.638,1.6014,1.6018,0.40,0.10
2008.02.26 11:20:39.028,1.6014,1.6018,0.40,0.10
2008.02.26 11:20:40.637,1.6014,1.6018,0.40,0.10
2008.02.26 11:20:41.173,1.6014,1.6018,0.40,0.10
2008.02.26 11:20:42.387,1.6014,1.6018,0.40,0.10
2008.02.26 11:20:45.251,1.6014,1.6018,0.40,0.10
2008.02.26 11:20:45.529,1.6014,1.6018,0.40,0.10
2008.02.26 11:20:45.757,1.6014,1.6018,0.40,0.10
2008.02.26 11:20:46.162,1.6014,1.6018,0.40,0.10
2008.02.26 11:20:46.894,1.6014,1.6018,0.40,0.10
2008.02.26 11:20:47.417,1.6014,1.6018,0.40,0.10
2008.02.26 11:20:47.831,1.6014,1.6018,0.40,0.10
2008.02.26 11:20:48.038,1.6014,1.6018,0.40,0.10
2008.02.26 11:20:48.246,1.6014,1.6018,0.40,0.10
2008.02.26 11:20:48.483,1.6014,1.6017,0.40,0.10
2008.02.26 11:20:48.817,1.6014,1.6016,0.40,0.20
2008.02.26 11:20:49.152,1.6012,1.6015,0.40,0.10
2008.02.26 11:20:49.485,1.6012,1.6016,0.40,0.10
2008.02.26 11:20:49.722,1.6012,1.6016,0.40,0.10
2008.02.26 11:20:50.147,1.6012,1.6016,0.40,0.10
2008.02.26 11:20:50.371,1.6012,1.6016,0.40,0.10
2008.02.26 11:20:50.941,1.6012,1.6016,0.40,0.10
2008.02.26 11:20:51.269,1.6012,1.6016,0.40,0.10
2008.02.26 11:20:52.410,1.6012,1.6016,0.40,0.10
2008.02.26 11:20:52.634,1.6012,1.6016,0.40,0.10
2008.02.26 11:20:52.968,1.6012,1.6016,0.40,0.10
2008.02.26 11:20:55.189,1.6012,1.6016,0.40,0.10
2008.02.26 11:20:55.494,1.6012,1.6016,0.40,0.10
2008.02.26 11:20:57.432,1.6012,1.6016,0.40,0.10
2008.02.26 11:20:58.878,1.6012,1.6016,0.40,0.10
2008.02.26 11:20:59.141,1.6012,1.6016,0.40,0.10
2008.02.26 11:20:59.404,1.6012,1.6016,0.40,0.10
2008.02.26 11:21:00.661,1.6012,1.6016,0.40,0.10
2008.02.26 11:21:00.920,1.6012,1.6016,0.40,0.10
2008.02.26 11:21:02.418,1.6012,1.6016,0.40,0.10
2008.02.26 11:21:04.157,1.6012,1.6016,0.40,0.10
2008.02.26 11:21:04.405,1.6012,1.6016,0.40,0.10
2008.02.26 11:21:04.738,1.6012,1.6016,0.40,0.10
2008.02.26 11:21:05.021,1.6012,1.6016,0.40,0.10
2008.02.26 11:21:05.305,1.6012,1.6016,0.40,0.10
2008.02.26 11:21:05.836,1.6012,1.6016,0.40,0.10
2008.02.26 11:21:06.100,1.60115,1.6016,1.60,0.10
2008.02.26 11:21:06.362,1.60115,1.6016,1.60,0.10
2008.02.26 11:21:07.444,1.60115,1.6016,1.60,0.10
2008.02.26 11:21:08.172,1.60115,1.6016,1.60,0.10
2008.02.26 11:21:08.455,1.60115,1.6016,1.60,0.10
2008.02.26 11:21:08.739,1.60115,1.6016,1.60,0.10
2008.02.26 11:21:09.340,1.60115,1.6016,1.60,0.10
2008.02.26 11:21:09.598,1.60115,1.6016,8.00,0.10
2008.02.26 11:21:09.856,1.60115,1.6016,1.60,0.10
2008.02.26 11:21:10.125,1.6012,1.6016,0.40,0.10
2008.02.26 11:21:10.393,1.6012,1.6016,0.40,0.10
2008.02.26 11:21:11.802,1.6012,1.6016,0.40,0.10
2008.02.26 11:21:12.452,1.6012,1.6016,0.40,0.10
2008.02.26 11:21:14.920,1.6012,1.6016,0.40,0.10
2008.02.26 11:21:15.435,1.6012,1.6016,0.40,0.10
2008.02.26 11:21:15.753,1.6012,1.6016,0.40,0.10
2008.02.26 11:21:16.071,1.6012,1.6015,0.40,0.10
2008.02.26 11:21:16.104,1.6012,1.6015,0.40,0.10
2008.02.26 11:21:17.219,1.6012,1.6016,0.40,0.10
2008.02.26 11:21:17.538,1.6012,1.6016,0.40,0.10
2008.02.26 11:21:17.873,1.6012,1.6016,0.40,0.10
2008.02.26 11:21:18.597,1.60125,1.6016,0.60,0.10
2008.02.26 11:21:18.865,1.60125,1.6016,0.60,0.10
2008.02.26 11:21:19.133,1.60125,1.6016,0.60,0.10
2008.02.26 11:21:19.396,1.60125,1.6016,0.50,0.10
2008.02.26 11:21:19.660,1.6012,1.6016,0.40,0.10
2008.02.26 11:21:19.923,1.6012,1.6015,0.40,0.10
2008.02.26 11:21:20.186,1.6012,1.6015,0.40,0.10
2008.02.26 11:21:21.614,1.6012,1.6015,0.40,0.10
2008.02.26 11:21:21.892,1.6012,1.6016,0.40,0.10
2008.02.26 11:21:22.170,1.6012,1.6016,0.40,0.10
2008.02.26 11:21:22.465,1.6012,1.6016,0.40,0.10
2008.02.26 11:21:22.748,1.6012,1.6016,0.40,0.10
2008.02.26 11:21:24.129,1.6012,1.6016,0.40,0.10
2008.02.26 11:21:24.417,1.6012,1.6016,0.40,0.10
2008.02.26 11:21:24.690,1.6012,1.6016,0.40,0.10
2008.02.26 11:21:27.471,1.6012,1.6016,0.40,0.10
2008.02.26 11:21:30.829,1.6012,1.6016,0.40,0.10
2008.02.26 11:21:31.112,1.6012,1.6016,0.40,0.10
2008.02.26 11:21:31.394,1.6012,1.6016,0.40,0.10
2008.02.26 11:21:32.376,1.6012,1.6016,0.40,0.10
2008.02.26 11:21:32.644,1.6012,1.6016,0.40,0.10
2008.02.26 11:21:33.635,1.6012,1.6016,0.40,0.10
2008.02.26 11:21:33.939,1.6012,1.6016,0.40,0.10
2008.02.26 11:21:34.256,1.6012,1.6016,0.40,0.10
2008.02.26 11:21:34.579,1.6012,1.6016,0.40,0.10
2008.02.26 11:21:34.836,1.6012,1.6016,0.40,0.10
2008.02.26 11:21:35.095,1.6012,1.6016,0.40,0.10
2008.02.26 11:21:35.352,1.6012,1.6016,0.40,0.10
2008.02.26 11:21:35.612,1.6012,1.6016,0.40,0.10
2008.02.26 11:21:35.875,1.6012,1.6015,0.40,0.10
2008.02.26 11:21:36.153,1.6012,1.60165,0.40,1.60
2008.02.26 11:21:37.492,1.6012,1.60165,0.40,1.60
2008.02.26 11:21:37.773,1.6012,1.60165,0.40,0.80
2008.02.26 11:21:38.041,1.6012,1.6017,0.40,0.80
2008.02.26 11:21:39.713,1.6012,1.6016,0.40,0.10
2008.02.26 11:21:39.956,1.6012,1.6016,0.40,0.10
2008.02.26 11:21:40.200,1.6012,1.6016,0.40,0.10
2008.02.26 11:21:42.512,1.6012,1.6016,0.40,0.10
2008.02.26 11:21:44.908,1.6012,1.6016,0.40,0.10
2008.02.26 11:21:47.507,1.6012,1.6016,0.40,0.10
2008.02.26 11:21:47.764,1.60115,1.6015,1.60,0.10
2008.02.26 11:21:48.055,1.6011,1.6015,0.40,0.10
2008.02.26 11:21:48.344,1.6011,1.6015,0.40,0.10
2008.02.26 11:21:48.633,1.6011,1.6015,0.40,0.10
2008.02.26 11:21:48.901,1.6011,1.6014,0.40,0.10
2008.02.26 11:21:49.170,1.60115,1.6015,2.40,0.10
2008.02.26 11:21:49.439,1.60115,1.6016,1.60,0.10
2008.02.26 11:21:49.707,1.60115,1.6016,1.60,0.10
2008.02.26 11:21:50.011,1.6011,1.6016,0.40,0.10
2008.02.26 11:21:50.315,1.6011,1.6016,0.40,0.10
2008.02.26 11:21:50.617,1.6011,1.6016,0.40,0.10
2008.02.26 11:21:50.856,1.6012,1.60165,0.40,2.40
2008.02.26 11:21:51.094,1.6012,1.60165,0.40,3.20
2008.02.26 11:21:52.516,1.6012,1.60165,0.40,3.20
2008.02.26 11:21:53.368,1.6012,1.6016,0.40,0.80
2008.02.26 11:21:53.645,1.6011,1.6015,0.40,0.10
2008.02.26 11:21:53.903,1.6012,1.60155,0.40,0.80
2008.02.26 11:21:54.161,1.6012,1.60155,0.40,0.80
2008.02.26 11:21:54.419,1.6012,1.60155,0.40,0.80
2008.02.26 11:21:54.937,1.6012,1.60155,0.40,0.80
2008.02.26 11:21:55.661,1.6012,1.60155,0.40,0.80
2008.02.26 11:21:55.925,1.6011,1.6015,0.40,0.10
2008.02.26 11:21:56.203,1.6011,1.6015,0.40,0.10
2008.02.26 11:21:57.524,1.6011,1.6015,0.40,0.10
2008.02.26 11:22:00.971,1.6011,1.6015,0.40,0.10
2008.02.26 11:22:01.218,1.6013,1.6015,0.40,0.10
2008.02.26 11:22:01.466,1.6011,1.6015,0.40,0.10
2008.02.26 11:22:02.005,1.6011,1.6015,0.40,0.10
2008.02.26 11:22:02.307,1.6011,1.6015,0.40,0.10
2008.02.26 11:22:02.596,1.60115,1.6015,1.60,0.10
2008.02.26 11:22:02.884,1.6011,1.6015,0.40,0.10
2008.02.26 11:22:03.182,1.6011,1.6015,0.40,0.10
2008.02.26 11:22:04.932,1.6011,1.6015,0.40,0.10
2008.02.26 11:22:05.215,1.6011,1.6015,0.40,0.10
2008.02.26 11:22:06.428,1.6011,1.6015,0.40,0.10
2008.02.26 11:22:06.681,1.6011,1.6015,0.40,0.10
2008.02.26 11:22:06.933,1.6011,1.6015,0.40,0.10
2008.02.26 11:22:07.201,1.6011,1.6015,0.40,0.10
2008.02.26 11:22:07.544,1.6011,1.6015,0.40,0.10
2008.02.26 11:22:07.813,1.6011,1.6015,0.40,0.10
2008.02.26 11:22:08.082,1.6011,1.6015,0.40,0.10
2008.02.26 11:22:08.414,1.6011,1.6015,0.40,0.10
2008.02.26 11:22:08.747,1.6011,1.6015,0.40,0.10
2008.02.26 11:22:09.911,1.6011,1.6015,0.40,0.10
2008.02.26 11:22:10.130,1.6011,1.6015,0.40,0.10
2008.02.26 11:22:10.449,1.6011,1.6015,0.40,0.10
2008.02.26 11:22:11.152,1.6011,1.6015,0.40,0.10
2008.02.26 11:22:11.379,1.6011,1.6015,0.40,0.10
2008.02.26 11:22:11.622,1.6011,1.6015,0.40,0.10
2008.02.26 11:22:12.355,1.60115,1.6015,1.60,0.10
2008.02.26 11:22:12.652,1.60115,1.6015,1.60,0.10
2008.02.26 11:22:14.359,1.60115,1.6015,1.60,0.10
2008.02.26 11:22:15.309,1.60115,1.6015,1.60,0.10
2008.02.26 11:22:15.641,1.6011,1.6015,0.40,0.10
2008.02.26 11:22:15.966,1.6011,1.6015,0.40,0.10
2008.02.26 11:22:16.300,1.6011,1.6015,0.40,0.10
2008.02.26 11:22:16.526,1.6011,1.6015,0.40,0.10
2008.02.26 11:22:16.754,1.60115,1.6015,1.60,0.10
2008.02.26 11:22:16.981,1.60115,1.6015,1.60,0.10
2008.02.26 11:22:17.281,1.60115,1.6015,0.70,0.10
2008.02.26 11:22:17.559,1.60115,1.6015,1.20,0.10
2008.02.26 11:22:18.105,1.60115,1.6015,0.60,0.10
2008.02.26 11:22:22.560,1.60115,1.6015,0.90,0.10
2008.02.26 11:22:23.417,1.60115,1.6015,1.10,0.10
2008.02.26 11:22:25.496,1.60115,1.6015,0.50,0.10
2008.02.26 11:22:27.586,1.60115,1.6015,0.50,0.10
2008.02.26 11:22:32.574,1.60115,1.6015,0.60,0.10
2008.02.26 11:22:33.706,1.60115,1.6015,0.60,0.10
2008.02.26 11:22:33.970,1.60115,1.6015,0.70,0.10
2008.02.26 11:22:35.231,1.60115,1.6015,0.80,0.10
2008.02.26 11:22:35.500,1.6012,1.6016,0.40,0.10
2008.02.26 11:22:35.783,1.6012,1.6016,0.40,0.10
2008.02.26 11:22:37.118,1.60125,1.6016,0.70,0.10
2008.02.26 11:22:37.422,1.60125,1.6016,1.20,0.10
2008.02.26 11:22:38.335,1.60125,1.6016,0.60,0.10
2008.02.26 11:22:38.635,1.60125,1.6016,0.50,0.10
2008.02.26 11:22:40.151,1.6012,1.6016,0.40,0.10
2008.02.26 11:22:40.399,1.60125,1.6016,0.50,0.10
2008.02.26 11:22:40.647,1.6013,1.6018,0.40,0.10
2008.02.26 11:22:40.955,1.6013,1.6018,0.40,0.10
2008.02.26 11:22:42.102,1.6013,1.6018,0.40,0.90
2008.02.26 11:22:42.602,1.6013,1.6018,0.40,0.90
2008.02.26 11:22:42.883,1.6013,1.60175,0.40,0.80
2008.02.26 11:22:43.166,1.6013,1.60175,0.40,0.60
2008.02.26 11:22:43.449,1.6013,1.60175,0.40,0.60
2008.02.26 11:22:43.751,1.6013,1.6016,0.40,0.10
2008.02.26 11:22:47.616,1.6013,1.6016,0.40,0.10
2008.02.26 11:22:48.828,1.6013,1.6016,0.40,0.10
2008.02.26 11:22:50.716,1.6013,1.6016,0.40,0.10
2008.02.26 11:22:50.995,1.6013,1.6018,0.40,0.10
2008.02.26 11:22:51.274,1.6013,1.6018,0.40,0.10
2008.02.26 11:22:52.604,1.6013,1.6018,0.40,0.10
2008.02.26 11:22:57.624,1.6013,1.6018,0.40,0.10
2008.02.26 11:22:59.040,1.6013,1.6018,0.40,0.10
2008.02.26 11:22:59.294,1.60135,1.6018,1.60,0.10
2008.02.26 11:22:59.562,1.60135,1.6018,1.60,0.10
2008.02.26 11:23:02.641,1.60135,1.6018,1.60,0.10
2008.02.26 11:23:07.085,1.6013,1.6018,0.40,0.10
2008.02.26 11:23:07.358,1.6013,1.60165,0.40,0.20
2008.02.26 11:23:07.632,1.6013,1.6016,0.40,0.10
2008.02.26 11:23:07.906,1.6013,1.6017,0.40,0.80
2008.02.26 11:23:08.920,1.6013,1.6017,0.40,0.80
2008.02.26 11:23:09.249,1.60135,1.6018,4.00,0.90
2008.02.26 11:23:09.457,1.60135,1.6018,4.00,0.90
2008.02.26 11:23:09.665,1.6015,1.6018,0.40,0.90
2008.02.26 11:23:09.874,1.6015,1.6018,0.40,0.90
2008.02.26 11:23:10.082,1.6015,1.6018,0.40,0.10
2008.02.26 11:23:10.415,1.6015,1.6018,0.40,0.10
2008.02.26 11:23:11.194,1.6015,1.6018,0.40,0.10
2008.02.26 11:23:12.471,1.6015,1.6018,0.40,0.10
2008.02.26 11:23:12.804,1.6015,1.6018,0.40,0.10
2008.02.26 11:23:13.704,1.6015,1.6018,0.40,0.10
2008.02.26 11:23:13.960,1.6015,1.6018,0.40,0.10
2008.02.26 11:23:14.208,1.6015,1.6018,0.40,0.10
2008.02.26 11:23:14.493,1.6015,1.6018,0.40,0.10
2008.02.26 11:23:14.777,1.6015,1.6018,0.40,0.10
2008.02.26 11:23:15.062,1.6015,1.6018,0.40,0.10
2008.02.26 11:23:15.345,1.6015,1.6018,0.40,0.10
2008.02.26 11:23:15.667,1.6015,1.6018,0.40,0.10
2008.02.26 11:23:15.955,1.6015,1.6018,0.40,0.10
2008.02.26 11:23:16.244,1.6015,1.6018,0.40,0.10
2008.02.26 11:23:16.497,1.6015,1.6018,0.40,0.10
2008.02.26 11:23:17.661,1.6015,1.6018,0.40,0.10
2008.02.26 11:23:17.970,1.6015,1.6018,0.40,0.10
2008.02.26 11:23:18.243,1.6015,1.6018,0.40,0.10
2008.02.26 11:23:19.142,1.6015,1.6018,0.40,0.10
2008.02.26 11:23:19.678,1.6015,1.6018,0.40,0.10
2008.02.26 11:23:21.122,1.6015,1.6018,0.40,0.10
2008.02.26 11:23:22.666,1.6015,1.6018,0.40,0.10
2008.02.26 11:23:24.189,1.6015,1.6018,0.40,0.10
2008.02.26 11:23:26.118,1.6015,1.6018,0.40,0.10
2008.02.26 11:23:26.363,1.6016,1.6019,0.40,0.10
2008.02.26 11:23:27.257,1.6016,1.6019,0.40,0.10
2008.02.26 11:23:27.446,1.6016,1.6019,0.40,0.10
2008.02.26 11:23:27.550,1.6016,1.6019,0.40,0.10
2008.02.26 11:23:28.656,1.6016,1.6018,0.40,0.10
2008.02.26 11:23:28.968,1.6016,1.6018,0.40,0.10
2008.02.26 11:23:29.283,1.6016,1.6019,0.40,0.10
2008.02.26 11:23:29.714,1.6016,1.6019,0.40,0.10
2008.02.26 11:23:29.957,1.6016,1.6018,0.40,0.10
2008.02.26 11:23:30.213,1.6016,1.6019,0.40,0.10
2008.02.26 11:23:30.456,1.6016,1.6019,0.40,0.10
2008.02.26 11:23:30.999,1.6016,1.6019,0.40,0.10
2008.02.26 11:23:31.287,1.6016,1.6019,0.40,0.10
2008.02.26 11:23:32.701,1.6016,1.6019,0.40,0.10
2008.02.26 11:23:33.910,1.6016,1.6019,0.40,0.10
2008.02.26 11:23:34.831,1.6016,1.6019,0.40,0.10
2008.02.26 11:23:35.074,1.6016,1.6019,0.40,0.10
2008.02.26 11:23:35.320,1.6016,1.6019,0.40,0.10
2008.02.26 11:23:35.563,1.6016,1.6019,0.40,0.10
2008.02.26 11:23:35.870,1.6016,1.6019,0.40,0.10
2008.02.26 11:23:37.065,1.6016,1.6019,0.40,0.10
2008.02.26 11:23:37.681,1.6016,1.6019,0.40,0.10
2008.02.26 11:23:37.956,1.6016,1.6019,0.40,0.10
2008.02.26 11:23:38.245,1.6016,1.6019,0.40,0.10
2008.02.26 11:23:38.518,1.6016,1.6018,0.40,0.10
2008.02.26 11:23:39.682,1.6016,1.6018,0.40,0.10
2008.02.26 11:23:42.661,1.6016,1.6018,0.40,0.10
2008.02.26 11:23:46.172,1.6016,1.6018,0.40,0.10
2008.02.26 11:23:46.638,1.6015,1.6018,0.40,0.10
2008.02.26 11:23:46.911,1.6015,1.6018,0.40,0.10
2008.02.26 11:23:47.185,1.6015,1.6018,0.40,0.10
2008.02.26 11:23:47.626,1.6015,1.6018,0.40,0.10
2008.02.26 11:23:52.722,1.6015,1.6018,0.40,0.10
2008.02.26 11:23:54.061,1.6015,1.6018,0.40,0.10
2008.02.26 11:23:54.500,1.6015,1.6018,0.40,0.10
2008.02.26 11:23:57.005,1.6015,1.6018,0.40,0.10
2008.02.26 11:23:57.314,1.6015,1.6018,0.40,0.10
2008.02.26 11:23:57.737,1.6015,1.6018,0.40,0.10
2008.02.26 11:24:01.456,1.6015,1.6018,0.40,0.10
2008.02.26 11:24:01.725,1.6015,1.6018,0.40,0.10
2008.02.26 11:24:01.994,1.6015,1.6018,0.40,0.10
2008.02.26 11:24:02.263,1.6015,1.6018,0.40,0.10
2008.02.26 11:24:02.738,1.6015,1.6018,0.40,0.10
2008.02.26 11:24:07.334,1.6015,1.6018,0.40,0.10
2008.02.26 11:24:07.763,1.6015,1.6018,0.40,0.10
2008.02.26 11:24:12.760,1.6015,1.6018,0.40,0.10
2008.02.26 11:24:17.767,1.6015,1.6018,0.40,0.10
2008.02.26 11:24:22.185,1.6015,1.6018,0.40,0.10
2008.02.26 11:24:22.443,1.60135,1.6018,1.60,0.10
2008.02.26 11:24:22.710,1.60135,1.6018,1.60,0.60
2008.02.26 11:24:22.979,1.6013,1.6018,0.40,0.60
2008.02.26 11:24:27.766,1.6013,1.6018,0.40,0.60
2008.02.26 11:24:28.295,1.6013,1.60175,0.40,0.50
2008.02.26 11:24:28.549,1.6013,1.60175,0.40,0.80
2008.02.26 11:24:28.862,1.6013,1.6016,0.40,0.10
2008.02.26 11:24:29.637,1.6013,1.6016,0.40,0.10
2008.02.26 11:24:29.871,1.6013,1.6016,0.40,0.10
2008.02.26 11:24:30.104,1.60115,1.6015,5.60,0.10
2008.02.26 11:24:30.337,1.6012,1.6016,0.40,0.10
2008.02.26 11:24:30.569,1.60125,1.6016,1.60,0.10
2008.02.26 11:24:30.898,1.60125,1.6016,1.60,0.10
2008.02.26 11:24:31.226,1.6012,1.6016,0.40,0.10
2008.02.26 11:24:31.554,1.6012,1.6016,0.40,0.10
2008.02.26 11:24:31.952,1.6012,1.6016,0.40,0.10
2008.02.26 11:24:32.180,1.6012,1.6016,0.40,0.10
2008.02.26 11:24:32.501,1.6012,1.6015,0.40,0.10
2008.02.26 11:24:32.812,1.6012,1.6015,0.40,0.10
2008.02.26 11:24:33.779,1.6012,1.6015,0.40,0.10
2008.02.26 11:24:34.096,1.6012,1.6015,0.40,0.10
2008.02.26 11:24:34.678,1.6012,1.6015,0.40,0.10
2008.02.26 11:24:34.901,1.6012,1.6015,0.40,0.10
2008.02.26 11:24:35.125,1.6012,1.6016,0.40,0.10
2008.02.26 11:24:35.420,1.6012,1.6016,0.40,0.10
2008.02.26 11:24:35.755,1.60125,1.6016,1.60,0.10
2008.02.26 11:24:36.149,1.60125,1.6016,1.60,0.10
2008.02.26 11:24:37.808,1.60125,1.6016,1.60,0.10
2008.02.26 11:24:41.670,1.60125,1.6016,1.60,0.10
2008.02.26 11:24:41.873,1.60125,1.6016,1.60,0.10
2008.02.26 11:24:42.075,1.6013,1.6018,0.40,0.60
2008.02.26 11:24:42.278,1.6013,1.6018,0.40,0.60
2008.02.26 11:24:42.800,1.6013,1.6018,0.40,0.60
2008.02.26 11:24:43.963,1.6013,1.6018,0.40,0.60
2008.02.26 11:24:44.211,1.60135,1.6018,1.60,0.10
2008.02.26 11:24:44.460,1.60135,1.6018,1.60,0.10
2008.02.26 11:24:44.729,1.6013,1.6018,0.40,0.10
2008.02.26 11:24:45.002,1.6013,1.6018,0.40,0.60
2008.02.26 11:24:47.817,1.6013,1.6018,0.40,0.60
2008.02.26 11:24:50.066,1.6013,1.60175,0.40,0.50
2008.02.26 11:24:50.349,1.6013,1.6016,0.40,0.10
2008.02.26 11:24:52.827,1.6013,1.6016,0.40,0.10
2008.02.26 11:24:53.892,1.6013,1.6016,0.40,0.10
2008.02.26 11:24:54.180,1.60115,1.6015,1.60,0.10
2008.02.26 11:24:55.703,1.60115,1.6015,1.60,0.10
2008.02.26 11:24:55.976,1.60125,1.6015,1.60,0.10
2008.02.26 11:24:56.215,1.60125,1.6016,1.60,0.10
2008.02.26 11:24:56.453,1.60125,1.6016,1.60,0.10
2008.02.26 11:24:56.692,1.6013,1.6017,0.40,0.50
2008.02.26 11:24:56.930,1.6013,1.6016,0.40,0.10
2008.02.26 11:24:57.247,1.6013,1.6017,0.40,0.50
2008.02.26 11:24:57.843,1.6013,1.6017,0.40,0.50
2008.02.26 11:24:58.385,1.6013,1.6018,0.40,0.60
2008.02.26 11:24:59.639,1.6013,1.6018,0.40,0.60
2008.02.26 11:25:02.838,1.6013,1.6018,0.40,0.60
2008.02.26 11:25:07.857,1.6013,1.6018,0.40,0.60
2008.02.26 11:25:08.344,1.6013,1.6018,0.40,0.60
2008.02.26 11:25:08.626,1.60135,1.6018,1.00,0.60
2008.02.26 11:25:08.909,1.60135,1.6018,0.60,0.10
2008.02.26 11:25:09.192,1.6015,1.6018,0.40,0.10
2008.02.26 11:25:09.519,1.6015,1.6018,0.40,0.10
2008.02.26 11:25:09.798,1.6015,1.6018,0.40,0.10
2008.02.26 11:25:12.880,1.6015,1.6018,0.40,0.10
2008.02.26 11:25:17.869,1.6015,1.6018,0.40,0.10
2008.02.26 11:25:20.714,1.6015,1.6018,0.40,0.10
2008.02.26 11:25:20.989,1.6015,1.6018,0.40,0.10
2008.02.26 11:25:21.261,1.6015,1.6018,0.40,0.10
2008.02.26 11:25:21.535,1.6015,1.6017,0.40,0.10
2008.02.26 11:25:21.844,1.6015,1.6017,0.40,0.10
2008.02.26 11:25:22.880,1.6015,1.6017,0.40,0.10
2008.02.26 11:25:27.886,1.6015,1.6017,0.40,0.10
2008.02.26 11:25:28.185,1.60135,1.6016,2.40,0.10
2008.02.26 11:25:28.482,1.6014,1.6017,0.40,0.10
2008.02.26 11:25:29.211,1.6014,1.6017,0.40,0.10
2008.02.26 11:25:29.484,1.6014,1.6017,0.40,0.10
2008.02.26 11:25:30.673,1.6014,1.6017,0.40,0.10
2008.02.26 11:25:30.943,1.6014,1.6017,0.40,0.10
2008.02.26 11:25:31.179,1.6014,1.6017,0.40,0.10
2008.02.26 11:25:32.920,1.6014,1.6017,0.40,0.10
2008.02.26 11:25:34.196,1.6014,1.6017,0.40,0.10
2008.02.26 11:25:34.494,1.6014,1.6017,0.40,0.10
2008.02.26 11:25:35.714,1.6014,1.6017,0.40,0.10
2008.02.26 11:25:37.911,1.6014,1.6017,0.40,0.10
2008.02.26 11:25:41.929,1.60135,1.6016,2.40,0.10
2008.02.26 11:25:42.213,1.60135,1.6016,2.40,0.10
2008.02.26 11:25:42.497,1.6014,1.6017,0.40,0.10
2008.02.26 11:25:42.781,1.6014,1.6017,0.40,0.10
2008.02.26 11:25:43.063,1.6014,1.6017,0.40,0.10
2008.02.26 11:25:43.647,1.6014,1.6017,0.40,0.10
2008.02.26 11:25:43.930,1.6014,1.6017,0.40,0.10
2008.02.26 11:25:44.203,1.6014,1.6017,0.40,0.10
2008.02.26 11:25:45.108,1.6014,1.6017,0.40,0.10
2008.02.26 11:25:46.913,1.6014,1.6017,0.40,0.10
2008.02.26 11:25:47.190,1.6014,1.6017,0.40,0.10
2008.02.26 11:25:47.469,1.6014,1.6017,0.40,0.10
2008.02.26 11:25:47.913,1.6014,1.6017,0.40,0.10
2008.02.26 11:25:48.180,1.6014,1.6017,0.40,0.10
2008.02.26 11:25:48.620,1.6014,1.6017,0.40,0.10
2008.02.26 11:25:49.617,1.6014,1.6017,0.40,0.10
2008.02.26 11:25:49.916,1.6014,1.6017,0.40,0.10
2008.02.26 11:25:50.181,1.6014,1.6017,0.40,0.10
2008.02.26 11:25:50.659,1.6014,1.6017,0.40,0.10
2008.02.26 11:25:50.897,1.60135,1.6016,2.40,0.10
2008.02.26 11:25:51.194,1.6013,1.6016,0.40,0.10
2008.02.26 11:25:51.509,1.6014,1.6017,0.40,0.10
2008.02.26 11:25:51.808,1.6014,1.6017,0.40,0.10
2008.02.26 11:25:52.056,1.6013,1.6016,0.40,0.10
2008.02.26 11:25:52.304,1.6013,1.6016,0.40,0.10
2008.02.26 11:25:52.553,1.6014,1.6017,0.40,0.10
2008.02.26 11:25:52.815,1.6014,1.6017,0.40,0.10
2008.02.26 11:25:53.115,1.6014,1.6017,0.40,0.10
2008.02.26 11:25:55.212,1.6014,1.6017,0.40,0.10
2008.02.26 11:25:55.445,1.6014,1.6017,0.40,0.10
2008.02.26 11:25:55.678,1.6014,1.6017,0.40,0.10
2008.02.26 11:25:55.911,1.6014,1.6017,0.40,0.10
2008.02.26 11:25:56.235,1.6014,1.6017,0.40,0.10
2008.02.26 11:25:56.558,1.6014,1.6017,0.40,0.10
2008.02.26 11:25:57.297,1.6014,1.6017,0.40,0.10
2008.02.26 11:25:57.935,1.6014,1.6017,0.40,0.10
2008.02.26 11:25:58.419,1.6014,1.6017,0.40,0.10
2008.02.26 11:25:58.704,1.6014,1.6017,0.40,0.10
2008.02.26 11:26:01.118,1.6014,1.6017,0.40,0.10
2008.02.26 11:26:02.955,1.6014,1.6017,0.40,0.10
2008.02.26 11:26:05.619,1.6014,1.6017,0.40,0.10
2008.02.26 11:26:06.727,1.6014,1.6017,0.40,0.10
2008.02.26 11:26:07.443,1.6014,1.6017,0.40,0.10
2008.02.26 11:26:07.956,1.6014,1.6017,0.40,0.10
2008.02.26 11:26:12.663,1.6014,1.6017,0.40,0.10
2008.02.26 11:26:12.923,1.6015,1.6018,0.40,0.10
2008.02.26 11:26:13.182,1.6016,1.6019,0.40,0.50
2008.02.26 11:26:13.563,1.6016,1.6019,0.40,0.50
2008.02.26 11:26:13.891,1.6016,1.6019,0.40,0.50
2008.02.26 11:26:14.385,1.6016,1.6019,0.40,0.50
2008.02.26 11:26:14.607,1.6016,1.602,0.40,0.10
2008.02.26 11:26:16.157,1.6016,1.602,0.40,0.10
2008.02.26 11:26:16.456,1.6016,1.602,0.40,0.10
2008.02.26 11:26:16.710,1.6015,1.6019,0.40,0.10
2008.02.26 11:26:16.963,1.6015,1.6019,0.40,0.10
2008.02.26 11:26:17.216,1.6015,1.6018,0.40,0.10
2008.02.26 11:26:17.649,1.6015,1.6018,0.40,0.10
2008.02.26 11:26:17.814,1.6015,1.6018,0.40,0.10
2008.02.26 11:26:17.937,1.6015,1.6019,0.40,0.10
2008.02.26 11:26:18.228,1.6015,1.6018,0.40,0.10
2008.02.26 11:26:18.516,1.6015,1.6018,0.40,0.10
2008.02.26 11:26:19.895,1.6015,1.6018,0.40,0.10
2008.02.26 11:26:20.429,1.6015,1.6018,0.40,0.10
2008.02.26 11:26:20.702,1.60135,1.6017,1.60,0.10
2008.02.26 11:26:20.975,1.6014,1.6018,0.40,0.10
2008.02.26 11:26:21.249,1.60145,1.6018,1.60,0.10
2008.02.26 11:26:21.522,1.60145,1.6018,1.60,0.10
2008.02.26 11:26:21.797,1.60145,1.6018,1.60,0.10
2008.02.26 11:26:22.070,1.60145,1.6018,1.60,0.10
2008.02.26 11:26:22.343,1.60145,1.6018,1.60,0.10
2008.02.26 11:26:22.632,1.6014,1.6018,0.40,0.10
2008.02.26 11:26:22.889,1.6014,1.6018,0.40,0.10
2008.02.26 11:26:23.164,1.6014,1.6018,0.40,0.10
2008.02.26 11:26:24.395,1.6014,1.6018,0.40,0.10
2008.02.26 11:26:24.708,1.60145,1.6018,2.40,0.10
2008.02.26 11:26:25.071,1.60145,1.6018,4.00,0.10
2008.02.26 11:26:25.315,1.6016,1.6019,0.40,0.10
2008.02.26 11:26:25.558,1.6016,1.6019,0.40,0.10
2008.02.26 11:26:25.831,1.60145,1.6018,1.60,0.10
2008.02.26 11:26:26.160,1.60145,1.6018,1.60,0.10
2008.02.26 11:26:28.007,1.60145,1.6018,1.60,0.10
2008.02.26 11:26:28.529,1.60145,1.6018,1.60,0.10
2008.02.26 11:26:28.843,1.60145,1.6018,4.00,0.10
2008.02.26 11:26:29.157,1.6016,1.6019,0.40,0.10
2008.02.26 11:26:29.470,1.60145,1.6018,4.00,0.10
2008.02.26 11:26:29.783,1.60145,1.6018,1.60,0.10
2008.02.26 11:26:30.036,1.6014,1.6018,0.40,0.10
2008.02.26 11:26:30.289,1.6014,1.6018,0.40,0.10
2008.02.26 11:26:30.542,1.6014,1.6018,0.40,0.10
2008.02.26 11:26:31.186,1.6015,1.6019,0.40,0.10
2008.02.26 11:26:31.461,1.6015,1.6019,0.40,0.10
2008.02.26 11:26:31.733,1.6015,1.6019,0.40,0.10
2008.02.26 11:26:32.448,1.6015,1.6019,0.40,0.10
2008.02.26 11:26:32.731,1.6014,1.6018,0.40,0.10
2008.02.26 11:26:32.989,1.6015,1.6019,0.40,0.10
2008.02.26 11:26:33.247,1.6015,1.6019,0.40,0.10
2008.02.26 11:26:33.606,1.6015,1.6019,0.40,0.10
2008.02.26 11:26:34.954,1.6015,1.6019,0.40,0.10
2008.02.26 11:26:35.183,1.6015,1.6019,0.40,0.10
2008.02.26 11:26:35.531,1.6016,1.602,0.40,0.10
2008.02.26 11:26:36.076,1.6016,1.602,0.40,0.10
2008.02.26 11:26:36.389,1.6016,1.602,0.40,0.10
2008.02.26 11:26:36.702,1.6016,1.602,0.40,0.10
2008.02.26 11:26:36.940,1.6016,1.6019,0.40,0.10
2008.02.26 11:26:38.008,1.6016,1.6019,0.40,0.10
2008.02.26 11:26:43.031,1.6016,1.6019,0.40,0.10
2008.02.26 11:26:43.545,1.6016,1.6019,0.40,0.10
2008.02.26 11:26:43.864,1.6016,1.602,0.40,0.10
2008.02.26 11:26:44.125,1.6016,1.602,0.40,0.10
2008.02.26 11:26:44.382,1.6016,1.602,0.40,0.10
2008.02.26 11:26:44.640,1.6016,1.602,0.40,0.10
2008.02.26 11:26:48.042,1.6016,1.602,0.40,0.10
2008.02.26 11:26:49.986,1.6016,1.602,0.40,0.10
2008.02.26 11:26:50.215,1.6016,1.602,0.40,0.10
2008.02.26 11:26:50.430,1.6016,1.602,0.40,0.10
2008.02.26 11:26:53.030,1.6016,1.602,0.40,0.10
2008.02.26 11:26:58.044,1.6016,1.602,0.40,0.10
2008.02.26 11:26:58.511,1.6016,1.602,0.40,0.10
2008.02.26 11:26:58.769,1.6016,1.602,0.40,0.10
2008.02.26 11:26:59.085,1.6016,1.602,0.40,0.10
2008.02.26 11:26:59.357,1.6016,1.602,0.40,0.10
2008.02.26 11:27:02.221,1.60165,1.602,6.40,0.10
2008.02.26 11:27:02.493,1.60165,1.602,6.40,0.10
2008.02.26 11:27:02.781,1.60165,1.602,6.40,0.10
2008.02.26 11:27:03.040,1.6017,1.602,0.40,0.10
2008.02.26 11:27:03.313,1.6017,1.602,0.40,0.10
2008.02.26 11:27:05.025,1.6017,1.602,0.40,0.10
2008.02.26 11:27:05.257,1.6017,1.602,0.40,0.10
2008.02.26 11:27:08.066,1.6017,1.602,0.40,0.10
2008.02.26 11:27:08.964,1.6017,1.602,0.40,0.10
2008.02.26 11:27:09.066,1.6017,1.602,0.40,0.10
2008.02.26 11:27:09.325,1.6017,1.602,0.40,0.10
2008.02.26 11:27:09.608,1.6017,1.602,0.40,0.10
2008.02.26 11:27:10.533,1.6017,1.602,0.40,0.10
2008.02.26 11:27:10.821,1.6017,1.602,0.40,0.10
2008.02.26 11:27:12.575,1.6017,1.602,0.40,0.10
2008.02.26 11:27:12.874,1.6017,1.602,0.40,0.10
2008.02.26 11:27:13.172,1.6017,1.602,0.40,0.10
2008.02.26 11:27:18.092,1.6017,1.602,0.40,0.10
2008.02.26 11:27:23.097,1.6017,1.602,0.40,0.10
2008.02.26 11:27:24.543,1.6017,1.602,0.40,0.10
2008.02.26 11:27:24.762,1.60175,1.602,0.60,0.10
2008.02.26 11:27:24.980,1.60175,1.602,1.60,0.10
2008.02.26 11:27:25.198,1.6019,1.602,0.40,0.10
2008.02.26 11:27:25.415,1.6019,1.602,0.40,0.10
2008.02.26 11:27:25.749,1.60165,1.6019,2.40,0.10
2008.02.26 11:27:26.084,1.60165,1.6019,2.00,0.10
2008.02.26 11:27:26.419,1.60165,1.6019,0.60,0.10
2008.02.26 11:27:26.752,1.60155,1.6019,0.90,0.10
2008.02.26 11:27:26.974,1.60155,1.6019,0.90,0.10
2008.02.26 11:27:28.107,1.60155,1.6019,0.80,0.10
2008.02.26 11:27:29.088,1.60155,1.6019,0.50,0.10
2008.02.26 11:27:29.352,1.60155,1.6019,1.20,0.10
2008.02.26 11:27:29.585,1.60155,1.6019,0.50,0.10
2008.02.26 11:27:29.868,1.6017,1.6019,0.40,0.10
2008.02.26 11:27:30.154,1.6017,1.6019,0.40,0.10
2008.02.26 11:27:30.437,1.60165,1.6018,0.80,0.10
2008.02.26 11:27:30.720,1.6015,1.6018,0.40,0.10
2008.02.26 11:27:31.588,1.6015,1.6018,0.40,0.10
2008.02.26 11:27:31.822,1.6015,1.6019,0.40,0.10
2008.02.26 11:27:32.054,1.6015,1.6019,0.40,0.10
2008.02.26 11:27:33.115,1.6015,1.6019,0.40,0.10
2008.02.26 11:27:33.549,1.6015,1.6019,0.40,0.10
2008.02.26 11:27:33.853,1.6015,1.6019,0.40,0.10
2008.02.26 11:27:34.111,1.6015,1.6019,0.40,0.10
2008.02.26 11:27:34.385,1.6017,1.602,0.40,0.10
2008.02.26 11:27:34.628,1.60165,1.6019,1.40,0.10
2008.02.26 11:27:34.911,1.60155,1.6019,1.00,0.10
2008.02.26 11:27:35.194,1.6015,1.6019,0.40,0.10
2008.02.26 11:27:35.476,1.6015,1.6019,0.40,0.10
2008.02.26 11:27:35.774,1.6016,1.602,0.40,0.10
2008.02.26 11:27:36.037,1.6016,1.602,0.40,0.10
2008.02.26 11:27:37.101,1.6016,1.602,0.40,0.10
2008.02.26 11:27:37.379,1.6016,1.602,0.40,0.10
2008.02.26 11:27:37.657,1.6016,1.602,0.40,0.10
2008.02.26 11:27:37.925,1.6016,1.6019,0.40,0.10
2008.02.26 11:27:38.431,1.6016,1.6019,0.40,0.10
2008.02.26 11:27:38.699,1.6016,1.6019,0.40,0.10
2008.02.26 11:27:39.023,1.6016,1.6019,0.40,0.10
2008.02.26 11:27:41.561,1.6016,1.6019,0.40,0.10
2008.02.26 11:27:41.840,1.6016,1.6019,0.40,0.10
2008.02.26 11:27:43.133,1.6016,1.6019,0.40,0.10
2008.02.26 11:27:43.753,1.60165,1.6019,4.00,0.10
2008.02.26 11:27:45.163,1.60165,1.6019,4.00,0.10
2008.02.26 11:27:45.431,1.6016,1.6019,0.40,0.10
2008.02.26 11:27:45.699,1.6016,1.6019,0.40,0.10
2008.02.26 11:27:47.356,1.6016,1.6019,0.40,0.10
2008.02.26 11:27:48.155,1.6016,1.6019,0.40,0.10
2008.02.26 11:27:48.714,1.6016,1.6019,0.40,0.10
2008.02.26 11:27:49.018,1.6016,1.6019,0.40,0.10
2008.02.26 11:27:49.321,1.6017,1.6019,0.40,0.10
2008.02.26 11:27:49.867,1.6017,1.6019,0.40,0.10
2008.02.26 11:27:50.971,1.6017,1.6019,0.40,0.10
2008.02.26 11:27:51.266,1.6017,1.6019,0.40,0.10
2008.02.26 11:27:51.560,1.6017,1.6019,0.40,0.10
2008.02.26 11:27:51.854,1.6017,1.6019,0.40,0.10
2008.02.26 11:27:52.151,1.6017,1.6019,0.40,0.10
2008.02.26 11:27:52.450,1.60155,1.6018,4.00,0.10
2008.02.26 11:27:52.747,1.60155,1.6018,4.00,0.10
2008.02.26 11:27:53.046,1.6015,1.6018,0.40,0.10
2008.02.26 11:27:53.477,1.60155,1.6018,2.40,0.10
2008.02.26 11:27:53.730,1.6015,1.6018,0.40,0.10
2008.02.26 11:27:53.984,1.6017,1.6019,0.40,0.10
2008.02.26 11:27:54.312,1.6017,1.6019,0.40,0.10
2008.02.26 11:27:54.639,1.6017,1.6019,0.40,0.10
2008.02.26 11:27:56.113,1.6017,1.6019,0.40,0.10
2008.02.26 11:27:56.425,1.6017,1.6019,0.40,0.10
2008.02.26 11:27:56.738,1.6017,1.6019,0.40,0.10
2008.02.26 11:27:57.071,1.6017,1.6019,0.40,0.10
2008.02.26 11:27:57.093,1.6017,1.6019,0.40,0.10
2008.02.26 11:27:58.151,1.6017,1.6019,0.40,0.10
2008.02.26 11:28:00.840,1.6017,1.6019,0.40,0.10
2008.02.26 11:28:01.093,1.6017,1.6019,0.40,0.10
2008.02.26 11:28:01.371,1.6017,1.6019,0.40,0.10
2008.02.26 11:28:01.650,1.6017,1.6019,0.40,0.10
2008.02.26 11:28:01.927,1.6017,1.6019,0.40,0.10
2008.02.26 11:28:03.017,1.6017,1.6019,0.40,0.10
2008.02.26 11:28:03.285,1.6017,1.6019,0.40,0.10
2008.02.26 11:28:03.552,1.6017,1.6019,0.40,0.10
2008.02.26 11:28:04.803,1.6017,1.6019,0.40,0.10
2008.02.26 11:28:05.190,1.6017,1.6019,0.40,0.10
2008.02.26 11:28:05.412,1.6017,1.6019,0.40,0.10
2008.02.26 11:28:05.636,1.6017,1.6019,0.40,0.10
2008.02.26 11:28:05.864,1.602,1.6022,0.40,0.10
2008.02.26 11:28:06.088,1.602,1.6022,0.40,0.10
2008.02.26 11:28:06.420,1.602,1.6022,0.40,0.10
2008.02.26 11:28:06.899,1.602,1.6022,0.40,0.10
2008.02.26 11:28:07.232,1.602,1.6022,0.40,0.10
2008.02.26 11:28:07.476,1.602,1.6022,0.40,0.10
2008.02.26 11:28:07.704,1.602,1.6022,0.40,0.10
2008.02.26 11:28:08.186,1.602,1.6022,0.40,0.10
2008.02.26 11:28:08.470,1.602,1.6022,0.40,0.10
2008.02.26 11:28:08.752,1.602,1.6022,0.40,0.10
2008.02.26 11:28:09.035,1.602,1.6022,0.40,0.10
2008.02.26 11:28:12.478,1.602,1.6022,0.40,0.10
2008.02.26 11:28:13.171,1.602,1.6022,0.40,0.10
2008.02.26 11:28:14.142,1.602,1.6022,0.40,0.10
2008.02.26 11:28:18.204,1.602,1.6022,0.40,0.10
2008.02.26 11:28:19.092,1.602,1.6022,0.40,0.10
2008.02.26 11:28:21.140,1.602,1.6022,0.40,0.10
2008.02.26 11:28:23.185,1.602,1.6022,0.40,0.10
2008.02.26 11:28:28.209,1.602,1.6022,0.40,0.10
2008.02.26 11:28:28.713,1.602,1.6022,0.40,0.10
2008.02.26 11:28:29.016,1.6021,1.6024,0.40,0.10
2008.02.26 11:28:29.319,1.6021,1.6024,0.40,0.10
2008.02.26 11:28:29.623,1.6021,1.6024,0.40,0.10
2008.02.26 11:28:29.870,1.6021,1.6024,0.40,0.10
2008.02.26 11:28:30.266,1.6021,1.6024,0.40,0.10
2008.02.26 11:28:33.226,1.6021,1.6024,0.40,0.10
2008.02.26 11:28:38.214,1.6021,1.6024,0.40,0.10
2008.02.26 11:28:41.396,1.6021,1.6024,0.40,0.10
2008.02.26 11:28:41.660,1.6021,1.6024,0.40,0.10
2008.02.26 11:28:41.923,1.6021,1.6024,0.40,0.10
2008.02.26 11:28:42.975,1.6021,1.6024,0.40,0.10
2008.02.26 11:28:43.244,1.6021,1.6024,0.40,0.10
2008.02.26 11:28:44.615,1.6021,1.6024,0.40,0.10
2008.02.26 11:28:44.909,1.6021,1.6024,0.40,0.10
2008.02.26 11:28:45.153,1.6021,1.6024,0.40,0.10
2008.02.26 11:28:48.228,1.6021,1.6024,0.40,0.10
2008.02.26 11:28:48.498,1.60215,1.6024,1.60,0.10
2008.02.26 11:28:48.765,1.60215,1.6024,1.60,0.10
2008.02.26 11:28:49.034,1.6023,1.6026,0.40,0.10
2008.02.26 11:28:49.342,1.6023,1.6026,0.40,0.10
2008.02.26 11:28:50.742,1.6023,1.6026,0.40,0.10
2008.02.26 11:28:51.000,1.60215,1.6025,1.60,0.10
2008.02.26 11:28:51.282,1.6021,1.6025,0.40,0.10
2008.02.26 11:28:51.566,1.6021,1.6025,0.40,0.10
2008.02.26 11:28:51.854,1.6021,1.6024,0.40,0.10
2008.02.26 11:28:52.645,1.6021,1.6024,0.40,0.10
2008.02.26 11:28:52.908,1.6021,1.6024,0.40,0.10
2008.02.26 11:28:53.239,1.6021,1.6024,0.40,0.10
2008.02.26 11:28:54.690,1.6021,1.6024,0.40,0.30
2008.02.26 11:28:55.004,1.60185,1.6022,1.60,0.10
2008.02.26 11:28:55.280,1.60185,1.6022,1.60,0.10
2008.02.26 11:28:55.727,1.60185,1.6022,1.60,0.10
2008.02.26 11:28:55.990,1.60175,1.6021,1.60,0.10
2008.02.26 11:28:57.314,1.60175,1.6021,4.00,0.10
2008.02.26 11:28:57.591,1.60175,1.6021,4.00,0.10
2008.02.26 11:28:57.870,1.6018,1.6022,0.40,0.10
2008.02.26 11:28:58.148,1.6018,1.6022,0.40,0.10
2008.02.26 11:28:59.852,1.6018,1.6022,0.40,0.10
2008.02.26 11:29:03.244,1.6018,1.6022,0.40,0.10
2008.02.26 11:29:08.261,1.6018,1.6022,0.40,0.10
2008.02.26 11:29:08.266,1.6018,1.6022,0.40,0.10
2008.02.26 11:29:13.265,1.6018,1.6022,0.40,0.10
2008.02.26 11:29:18.264,1.6018,1.6022,0.40,0.10
2008.02.26 11:29:23.316,1.6018,1.6022,0.40,0.10
2008.02.26 11:29:27.462,1.6018,1.6022,0.40,0.10
2008.02.26 11:29:28.305,1.6018,1.6022,0.40,0.10
2008.02.26 11:29:33.310,1.6018,1.6022,0.40,0.10
2008.02.26 11:29:36.678,1.6018,1.6022,0.40,0.10
2008.02.26 11:29:36.950,1.6018,1.6022,0.40,0.10
2008.02.26 11:29:37.199,1.60175,1.6021,1.60,0.10
2008.02.26 11:29:37.578,1.60175,1.6021,1.60,0.10
2008.02.26 11:29:38.302,1.60175,1.6021,1.60,0.10
2008.02.26 11:29:43.334,1.60175,1.6021,1.60,0.10
2008.02.26 11:29:44.625,1.60175,1.6021,1.60,0.10
2008.02.26 11:29:48.338,1.60175,1.6021,1.60,0.10
2008.02.26 11:29:52.097,1.60175,1.6021,1.60,0.10
2008.02.26 11:29:52.534,1.6017,1.6021,0.40,0.10
2008.02.26 11:29:53.342,1.6017,1.6021,0.40,0.10
2008.02.26 11:29:57.105,1.6017,1.6021,0.40,0.10
2008.02.26 11:29:58.361,1.6017,1.6021,0.40,0.10
2008.02.26 11:29:59.399,1.6017,1.6021,0.40,0.10
2008.02.26 11:30:03.357,1.6017,1.6021,0.40,0.10
2008.02.26 11:30:08.345,1.6017,1.6021,0.40,0.10
2008.02.26 11:30:12.882,1.6017,1.6021,0.40,0.10
2008.02.26 11:30:13.153,1.6018,1.6022,0.40,0.10
2008.02.26 11:30:13.389,1.6018,1.6022,0.40,0.10
2008.02.26 11:30:13.642,1.6018,1.6022,0.40,0.10
2008.02.26 11:30:14.129,1.6018,1.6022,0.40,0.10
2008.02.26 11:30:14.458,1.60175,1.6021,0.80,0.10
2008.02.26 11:30:14.787,1.60175,1.6021,0.80,0.10
2008.02.26 11:30:15.097,1.60175,1.6021,0.80,0.10
2008.02.26 11:30:15.628,1.6017,1.6021,0.40,0.10
2008.02.26 11:30:15.866,1.6017,1.6021,0.40,0.10
2008.02.26 11:30:17.161,1.6017,1.6021,0.40,0.10
2008.02.26 11:30:17.455,1.6017,1.6022,0.40,0.10
2008.02.26 11:30:17.698,1.6017,1.6022,0.40,0.10
2008.02.26 11:30:18.393,1.6017,1.6022,0.40,0.10
2008.02.26 11:30:19.199,1.6017,1.6022,0.40,0.10
2008.02.26 11:30:19.492,1.6018,1.6022,0.40,0.10
2008.02.26 11:30:19.786,1.6018,1.6022,0.40,0.10
2008.02.26 11:30:20.049,1.6018,1.6022,0.40,0.10
2008.02.26 11:30:22.640,1.6018,1.6022,0.40,0.10
2008.02.26 11:30:22.910,1.6018,1.6022,0.40,0.10
2008.02.26 11:30:23.169,1.6018,1.6022,0.40,0.10
2008.02.26 11:30:24.697,1.6018,1.6022,0.40,0.10
2008.02.26 11:30:25.033,1.6018,1.6022,0.40,0.10
2008.02.26 11:30:28.153,1.6018,1.6022,0.40,0.10
2008.02.26 11:30:28.443,1.6018,1.6023,0.40,0.10
2008.02.26 11:30:28.730,1.60185,1.6023,1.60,0.10
2008.02.26 11:30:29.018,1.60185,1.6023,1.60,0.10
2008.02.26 11:30:30.438,1.60185,1.6023,1.60,0.10
2008.02.26 11:30:30.721,1.60185,1.6023,1.60,0.10
2008.02.26 11:30:31.004,1.60185,1.6022,1.60,0.10
2008.02.26 11:30:33.396,1.60185,1.6022,1.60,0.10
2008.02.26 11:30:38.422,1.60185,1.6022,1.60,0.10
2008.02.26 11:30:44.113,1.60185,1.6022,1.60,0.10
2008.02.26 11:30:44.942,1.60185,1.6023,1.60,0.10
2008.02.26 11:30:45.018,1.60185,1.6023,1.60,0.10
2008.02.26 11:30:46.623,1.60185,1.6023,1.60,0.10
2008.02.26 11:30:46.841,1.6018,1.6023,0.40,0.10
2008.02.26 11:30:47.060,1.60135,1.60155,7.00,0.20
2008.02.26 11:30:47.278,1.6011,1.6014,0.40,0.10
2008.02.26 11:30:47.614,1.6011,1.6014,0.40,0.10
2008.02.26 11:30:47.968,1.6011,1.60135,0.40,0.20
2008.02.26 11:30:48.324,1.6011,1.6013,0.40,0.10
2008.02.26 11:30:48.547,1.6011,1.6013,0.40,0.10
2008.02.26 11:30:48.755,1.6011,1.6013,0.40,0.10
2008.02.26 11:30:48.965,1.6009,1.6013,0.40,0.10
2008.02.26 11:30:49.173,1.6009,1.6013,0.40,0.10
2008.02.26 11:30:49.381,1.6009,1.6013,0.40,0.10
2008.02.26 11:30:49.716,1.6009,1.6013,0.40,0.10
2008.02.26 11:30:50.588,1.6009,1.6013,0.40,0.10
2008.02.26 11:30:50.801,1.60095,1.6013,2.40,0.10
2008.02.26 11:30:51.148,1.60095,1.6013,1.10,0.10
2008.02.26 11:30:52.048,1.60095,1.6013,0.70,0.10
2008.02.26 11:30:52.925,1.60095,1.6013,1.60,0.10
2008.02.26 11:30:53.128,1.60095,1.6013,0.70,0.10
2008.02.26 11:30:53.331,1.60095,1.6013,0.90,0.10
2008.02.26 11:30:53.534,1.6011,1.6013,0.40,0.10
2008.02.26 11:30:53.880,1.6011,1.6013,0.40,0.10
2008.02.26 11:30:54.215,1.6011,1.6013,0.40,0.10
2008.02.26 11:30:54.548,1.6011,1.6013,0.40,0.10
2008.02.26 11:30:55.054,1.6011,1.6013,0.40,0.10
2008.02.26 11:30:56.092,1.6011,1.6013,0.40,0.10
2008.02.26 11:30:56.599,1.6011,1.6013,0.40,0.10
2008.02.26 11:30:57.358,1.6011,1.6013,0.40,0.10
2008.02.26 11:30:57.631,1.6011,1.6013,0.40,0.10
2008.02.26 11:30:57.864,1.601,1.6013,0.40,0.10
2008.02.26 11:30:58.096,1.601,1.6013,0.40,0.10
2008.02.26 11:30:58.330,1.601,1.6013,0.40,0.10
2008.02.26 11:30:58.564,1.601,1.6013,0.40,0.10
2008.02.26 11:30:58.896,1.601,1.6013,0.40,0.10
2008.02.26 11:30:59.230,1.601,1.6013,0.40,0.10
2008.02.26 11:30:59.680,1.601,1.6013,0.40,0.10
2008.02.26 11:30:59.918,1.601,1.6013,0.40,0.10
2008.02.26 11:31:00.155,1.601,1.6013,0.40,0.10
2008.02.26 11:31:00.393,1.601,1.6013,0.40,0.10
2008.02.26 11:31:00.631,1.601,1.6013,0.40,0.10
2008.02.26 11:31:00.939,1.601,1.6013,0.40,0.10
2008.02.26 11:31:01.704,1.601,1.6013,0.40,0.10
2008.02.26 11:31:01.931,1.601,1.6013,0.40,0.10
2008.02.26 11:31:02.160,1.601,1.6013,0.40,0.10
2008.02.26 11:31:03.442,1.601,1.6013,0.40,0.10
2008.02.26 11:31:04.457,1.601,1.6013,0.40,0.10
2008.02.26 11:31:04.736,1.601,1.6013,0.40,0.10
2008.02.26 11:31:05.115,1.601,1.6013,0.40,0.10
2008.02.26 11:31:05.352,1.601,1.6013,0.40,0.10
2008.02.26 11:31:05.590,1.601,1.6013,0.40,0.10
2008.02.26 11:31:06.407,1.601,1.6013,0.40,0.10
2008.02.26 11:31:06.726,1.601,1.6013,0.40,0.10
2008.02.26 11:31:06.940,1.601,1.6013,0.40,0.10
2008.02.26 11:31:07.153,1.60095,1.6013,1.00,0.10
2008.02.26 11:31:07.366,1.60085,1.6013,2.10,0.10
2008.02.26 11:31:08.458,1.60085,1.6013,1.20,0.10
2008.02.26 11:31:08.776,1.60085,1.6013,1.00,0.30
2008.02.26 11:31:09.075,1.60085,1.6012,0.60,0.10
2008.02.26 11:31:09.577,1.6008,1.6012,0.40,0.10
2008.02.26 11:31:09.844,1.6008,1.6012,0.40,0.10
2008.02.26 11:31:10.453,1.6008,1.6012,0.40,0.10
2008.02.26 11:31:10.710,1.60085,1.6012,1.30,0.10
2008.02.26 11:31:10.969,1.60085,1.6012,0.60,0.10
2008.02.26 11:31:11.262,1.6009,1.6012,0.40,0.10
2008.02.26 11:31:11.539,1.6009,1.6012,0.40,0.10
2008.02.26 11:31:11.817,1.6009,1.6012,0.40,0.10
2008.02.26 11:31:13.456,1.6009,1.6012,0.40,0.10
2008.02.26 11:31:13.832,1.6009,1.6012,0.40,0.10
2008.02.26 11:31:14.140,1.6009,1.6012,0.40,0.10
2008.02.26 11:31:18.488,1.6009,1.6012,0.40,0.10
2008.02.26 11:31:21.221,1.6009,1.6012,0.40,0.10
2008.02.26 11:31:22.486,1.6009,1.6012,0.40,0.10
2008.02.26 11:31:22.768,1.6009,1.6012,0.40,0.10
2008.02.26 11:31:23.022,1.601,1.6014,0.40,0.30
2008.02.26 11:31:23.291,1.601,1.6014,0.40,0.10
2008.02.26 11:31:23.559,1.601,1.6014,0.40,0.10
2008.02.26 11:31:23.828,1.601,1.6014,0.40,0.10
2008.02.26 11:31:25.047,1.601,1.6014,0.40,0.10
2008.02.26 11:31:25.278,1.601,1.6014,0.40,0.10
2008.02.26 11:31:25.496,1.601,1.6014,0.40,0.10
2008.02.26 11:31:25.713,1.601,1.6014,0.40,0.10
2008.02.26 11:31:25.931,1.601,1.6014,0.40,0.10
2008.02.26 11:31:26.844,1.601,1.6014,0.40,0.10
2008.02.26 11:31:28.498,1.601,1.6014,0.40,0.10
2008.02.26 11:31:29.839,1.601,1.6014,0.40,0.10
2008.02.26 11:31:30.344,1.601,1.6014,0.40,0.10
2008.02.26 11:31:30.875,1.601,1.6014,0.40,0.10
2008.02.26 11:31:31.262,1.601,1.6014,0.40,0.10
2008.02.26 11:31:31.928,1.601,1.6014,0.40,0.30
2008.02.26 11:31:32.196,1.601,1.6013,0.40,0.10
2008.02.26 11:31:32.465,1.601,1.6013,0.40,0.10
2008.02.26 11:31:32.718,1.601,1.6013,0.40,0.10
2008.02.26 11:31:32.971,1.601,1.6013,0.40,0.10
2008.02.26 11:31:33.319,1.601,1.6013,0.40,0.10
2008.02.26 11:31:33.632,1.601,1.6013,0.40,0.10
2008.02.26 11:31:34.849,1.601,1.6013,0.40,0.10
2008.02.26 11:31:36.273,1.601,1.6013,0.40,0.10
2008.02.26 11:31:38.529,1.601,1.6013,0.40,0.10
2008.02.26 11:31:40.020,1.601,1.6013,0.40,0.10
2008.02.26 11:31:40.284,1.601,1.6013,0.40,0.10
2008.02.26 11:31:40.546,1.601,1.6013,0.40,0.10
2008.02.26 11:31:41.050,1.601,1.6013,0.40,0.10
2008.02.26 11:31:41.314,1.601,1.6013,0.40,0.10
2008.02.26 11:31:41.576,1.601,1.6013,0.40,0.10
2008.02.26 11:31:41.870,1.601,1.6013,0.40,0.10
2008.02.26 11:31:42.179,1.601,1.6013,0.40,0.10
2008.02.26 11:31:42.472,1.601,1.6013,0.40,0.10
2008.02.26 11:31:42.740,1.601,1.6013,0.40,0.10
2008.02.26 11:31:43.008,1.601,1.6013,0.40,0.10
2008.02.26 11:31:43.276,1.6011,1.6013,0.40,0.10
2008.02.26 11:31:43.894,1.6011,1.6013,0.40,0.10
2008.02.26 11:31:44.162,1.6011,1.6013,0.40,0.10
2008.02.26 11:31:48.527,1.6011,1.6013,0.40,0.10
2008.02.26 11:31:53.537,1.6011,1.6013,0.40,0.10
2008.02.26 11:31:58.547,1.6011,1.6013,0.40,0.10
2008.02.26 11:32:03.560,1.6011,1.6013,0.40,0.10
2008.02.26 11:32:04.079,1.6011,1.6013,0.40,0.10
2008.02.26 11:32:04.413,1.6011,1.6014,0.40,0.10
2008.02.26 11:32:04.671,1.6011,1.6014,0.40,0.10
2008.02.26 11:32:04.929,1.6011,1.6014,0.40,0.10
2008.02.26 11:32:08.326,1.6011,1.6014,0.40,0.10
2008.02.26 11:32:08.584,1.6011,1.6014,0.40,0.10
2008.02.26 11:32:10.524,1.6011,1.6014,0.40,0.10
2008.02.26 11:32:10.783,1.6011,1.6014,0.40,0.10
2008.02.26 11:32:11.058,1.6011,1.6014,0.40,0.10
2008.02.26 11:32:11.269,1.6011,1.6014,0.40,0.10
2008.02.26 11:32:11.332,1.601,1.6013,0.40,0.10
2008.02.26 11:32:13.195,1.601,1.6013,0.40,0.10
2008.02.26 11:32:13.578,1.601,1.6013,0.40,0.10
2008.02.26 11:32:16.413,1.601,1.6013,0.40,0.10
2008.02.26 11:32:16.661,1.601,1.6013,0.40,0.10
2008.02.26 11:32:16.934,1.601,1.6013,0.40,0.10
2008.02.26 11:32:18.589,1.601,1.6013,0.40,0.10
2008.02.26 11:32:23.594,1.601,1.6013,0.40,0.10
2008.02.26 11:32:27.700,1.601,1.6013,0.40,0.10
2008.02.26 11:32:28.020,1.601,1.6013,0.40,0.10
2008.02.26 11:32:28.257,1.601,1.6013,0.40,0.10
2008.02.26 11:32:28.607,1.601,1.6013,0.40,0.10
2008.02.26 11:32:30.432,1.601,1.6013,0.40,0.10
2008.02.26 11:32:30.660,1.601,1.6013,0.40,0.10
2008.02.26 11:32:30.889,1.601,1.6013,0.40,0.10
2008.02.26 11:32:33.616,1.601,1.6013,0.40,0.10
2008.02.26 11:32:35.091,1.601,1.6013,0.40,0.10
2008.02.26 11:32:35.401,1.601,1.6013,0.40,0.10
2008.02.26 11:32:35.757,1.6011,1.6013,0.40,0.10
2008.02.26 11:32:36.035,1.6011,1.6013,0.40,0.10
2008.02.26 11:32:37.237,1.6011,1.6013,0.40,0.10
2008.02.26 11:32:37.663,1.6011,1.6013,0.40,0.10
2008.02.26 11:32:38.212,1.6011,1.6013,0.40,0.10
2008.02.26 11:32:38.451,1.60095,1.6013,1.60,0.10
2008.02.26 11:32:40.663,1.60095,1.6013,1.60,0.10
2008.02.26 11:32:40.906,1.60085,1.6012,1.60,0.10
2008.02.26 11:32:41.163,1.60085,1.6012,1.60,0.10
2008.02.26 11:32:42.143,1.60085,1.6012,1.60,0.10
2008.02.26 11:32:43.549,1.60095,1.6012,1.60,0.10
2008.02.26 11:32:43.807,1.60095,1.6012,1.60,0.10
2008.02.26 11:32:47.430,1.60095,1.6012,1.60,0.10
2008.02.26 11:32:47.714,1.60095,1.6012,1.60,0.10
2008.02.26 11:32:47.997,1.60095,1.6013,1.60,0.10
2008.02.26 11:32:48.280,1.60095,1.6013,1.60,0.10
2008.02.26 11:32:48.636,1.60095,1.6013,1.60,0.10
2008.02.26 11:32:48.942,1.60095,1.6013,1.60,0.10
2008.02.26 11:32:49.206,1.60095,1.6013,1.60,0.10
2008.02.26 11:32:49.496,1.60095,1.6012,1.60,0.10
2008.02.26 11:32:49.784,1.60095,1.6013,1.60,0.10
2008.02.26 11:32:50.072,1.60095,1.6013,1.60,0.10
2008.02.26 11:32:51.161,1.60095,1.6013,1.60,0.10
2008.02.26 11:32:51.430,1.60095,1.6013,1.60,0.10
2008.02.26 11:32:51.684,1.60095,1.6012,1.60,0.10
2008.02.26 11:32:53.650,1.60095,1.6012,1.60,0.10
2008.02.26 11:32:54.169,1.60095,1.6012,1.60,0.10
2008.02.26 11:32:54.467,1.6009,1.6012,0.40,0.10
2008.02.26 11:32:54.765,1.6009,1.6011,0.40,0.10
2008.02.26 11:32:55.063,1.6009,1.6011,0.40,0.10
2008.02.26 11:32:58.661,1.6009,1.6011,0.40,0.10
2008.02.26 11:32:59.456,1.6009,1.6011,0.40,0.10
2008.02.26 11:32:59.776,1.6009,1.6011,0.40,0.10
2008.02.26 11:33:00.078,1.6009,1.6013,0.40,0.30
2008.02.26 11:33:00.382,1.6009,1.6013,0.40,0.30
2008.02.26 11:33:01.057,1.6009,1.6013,0.40,0.30
2008.02.26 11:33:01.384,1.6009,1.6013,0.40,0.30
2008.02.26 11:33:01.798,1.6009,1.6013,0.40,0.30
2008.02.26 11:33:02.316,1.6009,1.6013,0.40,0.30
2008.02.26 11:33:02.385,1.6009,1.6013,0.40,0.30
2008.02.26 11:33:02.832,1.6009,1.6013,0.40,0.30
2008.02.26 11:33:03.655,1.6009,1.6013,0.40,0.30
2008.02.26 11:33:05.242,1.6009,1.6013,0.40,0.30
2008.02.26 11:33:05.506,1.6009,1.6013,0.40,0.30
2008.02.26 11:33:05.764,1.6009,1.6013,0.40,0.30
2008.02.26 11:33:06.314,1.6009,1.6013,0.40,0.30
2008.02.26 11:33:06.624,1.6009,1.60125,0.40,0.20
2008.02.26 11:33:06.903,1.6009,1.60125,0.40,0.20
2008.02.26 11:33:07.182,1.6009,1.6012,0.40,0.20
2008.02.26 11:33:07.461,1.6009,1.6011,0.40,0.10
2008.02.26 11:33:07.815,1.6009,1.6011,0.40,0.10
2008.02.26 11:33:08.678,1.6009,1.6011,0.40,0.10
2008.02.26 11:33:08.919,1.6009,1.6011,0.40,0.10
2008.02.26 11:33:09.146,1.6009,1.6011,0.40,0.10
2008.02.26 11:33:09.374,1.6009,1.6011,0.40,0.10
2008.02.26 11:33:10.144,1.6009,1.6011,0.40,0.30
2008.02.26 11:33:10.478,1.6007,1.601,0.40,0.10
2008.02.26 11:33:10.813,1.6007,1.601,0.40,0.10
2008.02.26 11:33:13.706,1.6007,1.601,0.40,0.10
2008.02.26 11:33:18.692,1.6007,1.601,0.40,0.10
2008.02.26 11:33:20.730,1.6007,1.601,0.40,0.10
2008.02.26 11:33:21.004,1.6007,1.601,0.40,0.10
2008.02.26 11:33:21.277,1.6007,1.601,0.40,0.10
2008.02.26 11:33:21.550,1.6008,1.601,0.40,0.10
2008.02.26 11:33:21.827,1.6008,1.601,0.40,0.10
2008.02.26 11:33:22.179,1.6008,1.601,0.40,0.10
2008.02.26 11:33:22.463,1.6009,1.6011,0.40,0.10
2008.02.26 11:33:22.741,1.6009,1.6011,0.40,0.10
2008.02.26 11:33:23.486,1.6009,1.6011,0.40,0.10
2008.02.26 11:33:24.345,1.6009,1.6011,0.40,0.10
2008.02.26 11:33:24.675,1.6009,1.60105,0.40,0.20
2008.02.26 11:33:24.969,1.6007,1.601,0.40,0.10
2008.02.26 11:33:25.261,1.6008,1.601,0.40,0.10
2008.02.26 11:33:25.554,1.6008,1.601,0.40,0.10
2008.02.26 11:33:25.847,1.6009,1.6011,0.40,0.10
2008.02.26 11:33:27.849,1.6009,1.6011,0.40,0.10
2008.02.26 11:33:27.916,1.6009,1.6013,0.40,0.10
2008.02.26 11:33:27.983,1.6009,1.6013,0.40,0.10
2008.02.26 11:33:28.039,1.6009,1.6013,0.40,0.10
2008.02.26 11:33:28.098,1.6009,1.6013,0.40,0.10
2008.02.26 11:33:28.157,1.6009,1.6013,0.40,0.10
2008.02.26 11:33:28.217,1.6009,1.6013,0.40,0.10
2008.02.26 11:33:28.292,1.6009,1.6013,0.40,0.10
2008.02.26 11:33:28.427,1.6009,1.6013,0.40,0.10
2008.02.26 11:33:28.634,1.6009,1.6013,0.40,0.10
2008.02.26 11:33:28.715,1.6009,1.6013,0.40,0.10
2008.02.26 11:33:28.786,1.6009,1.6013,0.40,0.10
2008.02.26 11:33:28.849,1.6009,1.6013,0.40,0.10
2008.02.26 11:33:29.562,1.6009,1.6013,0.40,0.10
2008.02.26 11:33:29.895,1.6009,1.6013,0.40,0.10
2008.02.26 11:33:30.128,1.6009,1.6011,0.40,0.10
2008.02.26 11:33:32.254,1.6009,1.6011,0.40,0.10
2008.02.26 11:33:32.481,1.6009,1.6011,0.40,0.10
2008.02.26 11:33:32.682,1.6009,1.6011,0.40,0.10
2008.02.26 11:33:33.724,1.6009,1.6011,0.40,0.10
2008.02.26 11:33:34.056,1.6009,1.6011,0.40,0.10
2008.02.26 11:33:34.299,1.6009,1.6011,0.40,0.10
2008.02.26 11:33:34.794,1.6009,1.6011,0.40,0.10
2008.02.26 11:33:35.037,1.6009,1.6011,0.40,0.10
2008.02.26 11:33:36.800,1.6009,1.6011,0.40,0.10
2008.02.26 11:33:37.080,1.6009,1.6012,0.40,0.10
2008.02.26 11:33:37.327,1.6009,1.6012,0.40,0.10
2008.02.26 11:33:37.565,1.6009,1.6012,0.40,0.10
2008.02.26 11:33:37.883,1.6009,1.6012,0.40,0.10
2008.02.26 11:33:38.121,1.6009,1.6012,0.40,0.10
2008.02.26 11:33:38.721,1.6009,1.6012,0.40,0.10
2008.02.26 11:33:39.166,1.6009,1.6012,0.40,0.10
2008.02.26 11:33:39.434,1.6009,1.6012,0.40,0.10
2008.02.26 11:33:39.709,1.6009,1.6012,0.40,0.10
2008.02.26 11:33:39.976,1.6009,1.6012,0.40,0.10
2008.02.26 11:33:40.244,1.6009,1.6012,0.40,0.10
2008.02.26 11:33:40.527,1.6009,1.6011,0.40,0.10
2008.02.26 11:33:41.316,1.6009,1.6011,0.40,0.10
2008.02.26 11:33:41.889,1.6009,1.6011,0.40,0.10
2008.02.26 11:33:43.740,1.6009,1.6011,0.40,0.10
2008.02.26 11:33:47.999,1.6009,1.6011,0.40,0.10
2008.02.26 11:33:48.253,1.6009,1.6011,0.40,0.10
2008.02.26 11:33:48.526,1.6008,1.6011,0.40,0.10
2008.02.26 11:33:48.815,1.6008,1.6011,0.40,0.10
2008.02.26 11:33:49.369,1.6008,1.6012,0.40,0.20
2008.02.26 11:33:49.648,1.60085,1.60125,1.00,0.20
2008.02.26 11:33:49.928,1.60085,1.6013,3.30,0.10
2008.02.26 11:33:50.207,1.60095,1.6013,0.90,0.10
2008.02.26 11:33:50.485,1.60095,1.6013,0.50,0.10
2008.02.26 11:33:51.347,1.60095,1.6013,0.90,0.10
2008.02.26 11:33:51.768,1.60095,1.6013,0.70,0.10
2008.02.26 11:33:52.026,1.60095,1.6013,0.90,0.10
2008.02.26 11:33:52.284,1.60095,1.6013,1.10,0.30
2008.02.26 11:33:52.542,1.6009,1.6012,0.40,0.10
2008.02.26 11:33:52.817,1.6009,1.6012,0.40,0.10
2008.02.26 11:33:53.090,1.6009,1.6013,0.40,0.10
2008.02.26 11:33:53.363,1.6009,1.6013,0.40,0.10
2008.02.26 11:33:53.760,1.6009,1.6013,0.40,0.10
2008.02.26 11:33:54.047,1.6009,1.6013,0.40,0.10
2008.02.26 11:33:54.335,1.6009,1.6013,0.40,0.10
2008.02.26 11:33:54.623,1.60095,1.6013,1.20,0.10
2008.02.26 11:33:56.698,1.601,1.6014,0.40,0.30
2008.02.26 11:33:56.983,1.601,1.6014,0.40,0.10
2008.02.26 11:33:57.572,1.601,1.6014,0.40,0.10
2008.02.26 11:33:58.303,1.601,1.6014,0.40,0.10
2008.02.26 11:33:58.765,1.601,1.6014,0.40,0.10
2008.02.26 11:33:59.670,1.601,1.6014,0.40,0.10
2008.02.26 11:33:59.947,1.601,1.6014,0.40,0.10
2008.02.26 11:34:00.225,1.601,1.6014,0.40,0.30
2008.02.26 11:34:00.504,1.601,1.6013,0.40,0.10
2008.02.26 11:34:00.782,1.601,1.6013,0.40,0.10
2008.02.26 11:34:01.704,1.601,1.6013,0.40,0.10
2008.02.26 11:34:03.794,1.601,1.6013,0.40,0.10
2008.02.26 11:34:06.779,1.601,1.6013,0.40,0.30
2008.02.26 11:34:07.062,1.601,1.6013,0.40,0.30
2008.02.26 11:34:07.357,1.601,1.6013,0.40,0.10
2008.02.26 11:34:07.628,1.6011,1.6013,0.40,0.10
2008.02.26 11:34:07.916,1.60095,1.6012,0.80,0.10
2008.02.26 11:34:08.204,1.60095,1.6012,0.50,0.10
2008.02.26 11:34:08.775,1.60095,1.6012,0.50,0.10
2008.02.26 11:34:09.194,1.60095,1.6012,0.80,0.10
2008.02.26 11:34:09.444,1.6009,1.6012,0.40,0.10
2008.02.26 11:34:11.455,1.6009,1.6013,0.40,0.10
2008.02.26 11:34:12.276,1.6009,1.6013,0.40,0.10
2008.02.26 11:34:12.570,1.60095,1.60145,2.40,0.20
2008.02.26 11:34:12.863,1.60095,1.60145,3.20,0.20
2008.02.26 11:34:13.807,1.60095,1.60145,3.20,0.20
2008.02.26 11:34:14.307,1.60095,1.60145,3.20,0.20
2008.02.26 11:34:15.608,1.60095,1.6014,3.20,0.20
2008.02.26 11:34:16.137,1.60095,1.60145,3.20,0.20
2008.02.26 11:34:16.428,1.60095,1.6015,3.20,0.30
2008.02.26 11:34:16.682,1.60105,1.6015,3.20,0.30
2008.02.26 11:34:16.938,1.6012,1.6015,0.40,0.20
2008.02.26 11:34:17.216,1.6012,1.60145,0.40,0.20
2008.02.26 11:34:17.494,1.60105,1.60145,1.60,0.20
2008.02.26 11:34:17.773,1.60105,1.60145,1.60,0.20
2008.02.26 11:34:18.041,1.60105,1.60145,1.60,0.20
2008.02.26 11:34:18.309,1.60105,1.6014,1.60,0.20
2008.02.26 11:34:18.577,1.601,1.6014,0.80,0.20
2008.02.26 11:34:18.866,1.601,1.6014,0.80,0.20
2008.02.26 11:34:19.144,1.60105,1.60145,1.60,0.20
2008.02.26 11:34:19.421,1.60105,1.60145,3.20,0.20
2008.02.26 11:34:19.699,1.60105,1.60145,3.20,0.20
2008.02.26 11:34:20.587,1.60105,1.6014,3.20,0.20
2008.02.26 11:34:20.901,1.60105,1.6014,1.60,0.20
2008.02.26 11:34:21.134,1.60105,1.60145,1.60,0.20
2008.02.26 11:34:21.367,1.60095,1.60145,3.20,0.20
2008.02.26 11:34:23.271,1.60095,1.60135,3.20,0.20
2008.02.26 11:34:23.519,1.60095,1.60135,2.40,0.20
2008.02.26 11:34:23.768,1.60095,1.60135,1.60,0.20
2008.02.26 11:34:24.015,1.60095,1.6013,1.60,0.10
2008.02.26 11:34:24.319,1.60095,1.6013,2.40,0.10
2008.02.26 11:34:24.622,1.60095,1.6013,3.20,0.10
2008.02.26 11:34:25.494,1.60095,1.6013,2.40,0.10
2008.02.26 11:34:25.748,1.60095,1.6013,1.60,0.10
2008.02.26 11:34:25.976,1.60095,1.6013,0.80,0.10
2008.02.26 11:34:26.569,1.60095,1.6013,0.60,0.10
2008.02.26 11:34:26.847,1.60095,1.6013,1.10,0.10
2008.02.26 11:34:27.126,1.60095,1.6013,1.00,0.10
2008.02.26 11:34:27.398,1.60095,1.6013,0.70,0.10
2008.02.26 11:34:27.672,1.60095,1.6013,1.40,0.10
2008.02.26 11:34:28.811,1.60095,1.6013,0.80,0.10
2008.02.26 11:34:31.766,1.601,1.6013,0.80,0.10
2008.02.26 11:34:32.075,1.6011,1.6014,0.40,0.30
2008.02.26 11:34:32.318,1.6011,1.6014,0.40,0.10
2008.02.26 11:34:32.561,1.60095,1.6013,0.50,0.10
2008.02.26 11:34:32.805,1.60095,1.6013,0.50,0.10
2008.02.26 11:34:33.047,1.60095,1.6013,1.00,0.10
2008.02.26 11:34:33.356,1.601,1.6014,0.40,0.10
2008.02.26 11:34:33.664,1.60095,1.6013,1.10,0.10
2008.02.26 11:34:33.972,1.60095,1.6013,1.20,0.10
2008.02.26 11:34:35.524,1.60095,1.6013,1.20,0.10
2008.02.26 11:34:35.759,1.60095,1.6013,1.00,0.10
2008.02.26 11:34:38.839,1.60095,1.6013,1.10,0.10
2008.02.26 11:34:40.402,1.60095,1.6013,1.10,0.10
2008.02.26 11:34:40.665,1.60095,1.6013,1.20,0.10
2008.02.26 11:34:40.928,1.60095,1.6013,2.90,0.10
2008.02.26 11:34:41.191,1.6012,1.6016,0.40,0.30
2008.02.26 11:34:41.453,1.6012,1.6016,0.40,0.30
2008.02.26 11:34:43.717,1.6012,1.60155,0.40,0.20
2008.02.26 11:34:43.965,1.6012,1.60155,0.40,0.20
2008.02.26 11:34:44.213,1.6012,1.60155,0.40,0.20
2008.02.26 11:34:44.522,1.6012,1.60155,0.40,0.20
2008.02.26 11:34:48.079,1.6012,1.60155,0.40,0.20
2008.02.26 11:34:48.853,1.6012,1.60155,0.40,0.20
2008.02.26 11:34:52.288,1.6012,1.60155,0.40,0.20
2008.02.26 11:34:52.616,1.6012,1.60155,0.40,0.20
2008.02.26 11:34:52.819,1.6012,1.6016,0.40,0.30
2008.02.26 11:34:53.035,1.6012,1.6016,0.40,0.30
2008.02.26 11:34:53.852,1.6012,1.6016,0.40,0.30
2008.02.26 11:34:55.004,1.6012,1.6016,0.40,0.30
2008.02.26 11:34:55.294,1.6012,1.6016,0.40,0.30
2008.02.26 11:34:58.866,1.6012,1.6016,0.40,0.30
2008.02.26 11:35:02.262,1.6012,1.6016,0.40,0.30
2008.02.26 11:35:02.551,1.6012,1.6016,0.40,0.30
2008.02.26 11:35:02.790,1.6012,1.6016,0.40,0.30
2008.02.26 11:35:03.032,1.6012,1.6016,0.40,0.30
2008.02.26 11:35:03.269,1.6012,1.60155,0.40,0.20
2008.02.26 11:35:03.523,1.6012,1.60155,0.40,0.20
2008.02.26 11:35:03.841,1.6012,1.60155,0.40,0.20
2008.02.26 11:35:04.550,1.6012,1.60155,0.40,0.20
2008.02.26 11:35:04.804,1.6012,1.60155,0.40,0.20
2008.02.26 11:35:08.405,1.6012,1.6013,0.40,0.20
2008.02.26 11:35:08.659,1.6011,1.6012,0.80,0.10
2008.02.26 11:35:08.928,1.6009,1.6012,0.40,0.10
2008.02.26 11:35:09.196,1.60095,1.60145,1.60,0.20
2008.02.26 11:35:09.464,1.60095,1.60145,1.60,0.20
2008.02.26 11:35:10.349,1.60105,1.60145,0.80,0.20
2008.02.26 11:35:10.649,1.60105,1.60145,1.60,0.20
2008.02.26 11:35:12.024,1.60105,1.60145,0.80,0.20
2008.02.26 11:35:12.296,1.60095,1.60145,3.20,0.20
2008.02.26 11:35:12.585,1.60095,1.60145,3.20,0.20
2008.02.26 11:35:12.843,1.60095,1.60145,3.20,0.20
2008.02.26 11:35:13.106,1.60095,1.6014,3.20,0.20
2008.02.26 11:35:13.922,1.60095,1.6014,3.20,0.20
2008.02.26 11:35:14.199,1.60105,1.6014,0.80,0.20
2008.02.26 11:35:14.477,1.60105,1.6014,1.60,0.20
2008.02.26 11:35:14.755,1.60105,1.6014,1.60,0.20
2008.02.26 11:35:15.054,1.60105,1.6014,1.60,0.20
2008.02.26 11:35:15.122,1.60105,1.6014,0.90,0.20
2008.02.26 11:35:15.596,1.60105,1.6014,1.20,0.20
2008.02.26 11:35:15.896,1.60105,1.6015,1.20,0.30
2008.02.26 11:35:16.132,1.6011,1.6015,0.40,0.30
2008.02.26 11:35:16.510,1.6011,1.6015,0.40,0.30
2008.02.26 11:35:16.748,1.6011,1.6015,0.40,0.30
2008.02.26 11:35:17.066,1.6011,1.6015,0.40,0.30
2008.02.26 11:35:17.384,1.6011,1.6015,0.40,0.30
2008.02.26 11:35:18.908,1.6011,1.6015,0.40,0.30
2008.02.26 11:35:22.935,1.6011,1.6014,0.40,0.20
2008.02.26 11:35:23.174,1.60105,1.6014,0.90,0.20
2008.02.26 11:35:23.412,1.60095,1.6014,1.20,0.20
2008.02.26 11:35:23.666,1.60095,1.6014,1.70,0.20
2008.02.26 11:35:23.917,1.60095,1.6014,1.40,0.20
2008.02.26 11:35:24.215,1.60095,1.6014,1.00,0.20
2008.02.26 11:35:28.934,1.60095,1.6014,1.30,0.20
2008.02.26 11:35:33.940,1.60095,1.6014,1.00,0.20
2008.02.26 11:35:38.940,1.60095,1.6014,1.90,0.20
2008.02.26 11:35:39.248,1.60095,1.60135,1.40,0.20
2008.02.26 11:35:39.522,1.60095,1.6013,0.90,0.10
2008.02.26 11:35:43.944,1.60095,1.6013,1.60,0.10
2008.02.26 11:35:48.947,1.60095,1.6013,1.60,0.10
2008.02.26 11:35:53.966,1.60095,1.6013,1.60,0.10
2008.02.26 11:35:58.933,1.60095,1.6013,1.60,0.10
2008.02.26 11:35:59.185,1.60095,1.6013,3.20,0.10
2008.02.26 11:35:59.437,1.60095,1.6013,3.20,0.10
2008.02.26 11:35:59.691,1.60095,1.6013,3.20,0.10
2008.02.26 11:36:02.385,1.60095,1.6013,2.40,0.10
2008.02.26 11:36:02.701,1.60095,1.6013,3.20,0.10
2008.02.26 11:36:03.642,1.60095,1.6013,5.60,0.10
2008.02.26 11:36:03.893,1.601,1.6013,0.80,0.10
2008.02.26 11:36:04.145,1.601,1.6013,0.80,0.10
2008.02.26 11:36:04.453,1.601,1.6014,1.10,0.10
2008.02.26 11:36:08.233,1.601,1.6014,1.10,0.10
2008.02.26 11:36:09.000,1.601,1.6014,1.10,0.10
2008.02.26 11:36:09.603,1.601,1.6014,1.10,0.10
2008.02.26 11:36:12.311,1.601,1.6014,1.10,0.10
2008.02.26 11:36:13.991,1.601,1.6014,1.10,0.10
2008.02.26 11:36:14.867,1.601,1.6014,1.10,0.10
2008.02.26 11:36:15.294,1.601,1.6014,1.10,0.10
2008.02.26 11:36:15.864,1.601,1.6014,1.10,0.10
2008.02.26 11:36:19.008,1.601,1.6014,1.10,0.10
2008.02.26 11:36:23.323,1.601,1.6014,1.10,0.10
2008.02.26 11:36:24.011,1.601,1.6014,1.10,0.10
2008.02.26 11:36:29.019,1.601,1.6014,1.10,0.10
2008.02.26 11:36:32.012,1.601,1.6014,1.10,0.10
2008.02.26 11:36:32.269,1.6013,1.6016,0.40,0.10
2008.02.26 11:36:32.522,1.6013,1.6016,0.40,0.10
2008.02.26 11:36:32.776,1.60125,1.6015,1.60,0.20
2008.02.26 11:36:33.059,1.60125,1.6015,1.60,0.20
2008.02.26 11:36:33.342,1.60125,1.6015,1.60,0.20
2008.02.26 11:36:33.681,1.60125,1.60145,1.60,0.20
2008.02.26 11:36:33.965,1.60095,1.60145,3.20,0.20
2008.02.26 11:36:36.585,1.60095,1.6014,3.20,0.20
2008.02.26 11:36:38.135,1.60095,1.6015,3.20,0.30
2008.02.26 11:36:38.374,1.60105,1.6015,2.40,0.30
2008.02.26 11:36:38.612,1.60105,1.6015,3.20,0.30
2008.02.26 11:36:38.851,1.6011,1.6015,0.40,0.30
2008.02.26 11:36:44.050,1.6011,1.6015,0.40,0.30
2008.02.26 11:36:49.069,1.6011,1.6015,0.40,0.30
2008.02.26 11:36:50.580,1.6011,1.6015,0.40,0.10
2008.02.26 11:36:50.869,1.60115,1.6016,2.40,0.20
2008.02.26 11:36:51.171,1.60115,1.6017,3.20,0.10
2008.02.26 11:36:51.434,1.60125,1.60175,1.60,0.20
2008.02.26 11:36:51.698,1.60125,1.60175,2.40,0.20
2008.02.26 11:36:51.962,1.6013,1.60175,0.80,0.20
2008.02.26 11:36:52.229,1.60135,1.60185,2.40,0.20
2008.02.26 11:36:52.529,1.6014,1.60185,0.80,0.20
2008.02.26 11:36:54.046,1.6014,1.60185,0.80,0.20
2008.02.26 11:36:56.140,1.6014,1.60185,0.80,0.20
2008.02.26 11:36:56.365,1.6014,1.60175,0.80,0.20
2008.02.26 11:36:56.611,1.60135,1.60175,1.10,0.20
2008.02.26 11:36:56.849,1.60135,1.60175,1.20,0.20
2008.02.26 11:36:58.660,1.60135,1.60175,0.70,0.20
2008.02.26 11:36:58.888,1.60135,1.6018,1.40,0.20
2008.02.26 11:36:59.196,1.60135,1.6018,1.70,0.20
2008.02.26 11:37:02.499,1.60135,1.6018,1.60,0.20
2008.02.26 11:37:02.753,1.60135,1.6018,1.50,0.20
2008.02.26 11:37:03.115,1.60135,1.60175,1.80,0.20
2008.02.26 11:37:03.408,1.60135,1.60175,0.90,0.20
2008.02.26 11:37:03.801,1.60135,1.60175,1.00,0.20
2008.02.26 11:37:08.177,1.60135,1.60175,1.20,0.20
2008.02.26 11:37:08.430,1.60135,1.6018,1.90,0.20
2008.02.26 11:37:09.079,1.60135,1.6018,1.30,0.20
2008.02.26 11:37:11.268,1.60135,1.6018,0.70,0.20
2008.02.26 11:37:11.576,1.60135,1.6018,1.10,0.20
2008.02.26 11:37:11.884,1.6013,1.60175,0.70,0.20
2008.02.26 11:37:14.109,1.6013,1.60175,0.60,0.20
2008.02.26 11:37:14.393,1.6013,1.60165,0.50,0.20
2008.02.26 11:37:14.685,1.6013,1.60165,0.40,0.20
2008.02.26 11:37:14.979,1.6013,1.6016,0.40,0.10
2008.02.26 11:37:15.273,1.60125,1.6016,1.10,0.30
2008.02.26 11:37:15.566,1.60125,1.6016,1.10,0.30
2008.02.26 11:37:15.829,1.60125,1.6016,0.60,0.10
2008.02.26 11:37:16.226,1.60125,1.6016,1.10,0.10
2008.02.26 11:37:17.861,1.60125,1.6016,0.90,0.10
2008.02.26 11:37:18.233,1.60125,1.6016,1.10,0.10
2008.02.26 11:37:18.496,1.60125,1.6016,0.50,0.10
2008.02.26 11:37:18.769,1.60125,1.6016,1.20,0.10
2008.02.26 11:37:19.096,1.60125,1.6016,1.00,0.10
2008.02.26 11:37:24.118,1.60125,1.6016,1.00,0.10
2008.02.26 11:37:25.438,1.60125,1.6016,1.00,0.10
2008.02.26 11:37:25.638,1.60125,1.6016,1.60,0.10
2008.02.26 11:37:25.882,1.60125,1.6016,3.20,0.10
2008.02.26 11:37:26.124,1.6013,1.60175,0.40,0.20
2008.02.26 11:37:26.367,1.60135,1.6018,0.80,0.30
2008.02.26 11:37:26.610,1.60135,1.6018,1.60,0.30
2008.02.26 11:37:27.584,1.60135,1.6018,0.80,0.30
2008.02.26 11:37:27.869,1.6013,1.6018,1.10,0.30
2008.02.26 11:37:29.122,1.6013,1.6018,1.10,0.30
2008.02.26 11:37:30.329,1.6013,1.6018,1.10,0.30
2008.02.26 11:37:34.132,1.6013,1.6018,1.10,0.30
2008.02.26 11:37:34.842,1.6013,1.6018,1.10,0.30
2008.02.26 11:37:39.136,1.6013,1.6018,1.10,0.30
2008.02.26 11:37:44.148,1.6013,1.6018,1.10,0.30
2008.02.26 11:37:45.349,1.6013,1.6018,1.10,0.30
2008.02.26 11:37:45.831,1.60135,1.6018,1.60,0.30
2008.02.26 11:37:46.133,1.6014,1.6018,0.80,0.30
2008.02.26 11:37:46.379,1.6014,1.6018,0.80,0.30
2008.02.26 11:37:48.299,1.60145,1.6018,0.80,0.10
2008.02.26 11:37:48.328,1.60145,1.6018,2.40,0.10
2008.02.26 11:37:48.387,1.60145,1.6018,0.80,0.10
2008.02.26 11:37:48.631,1.60145,1.6018,0.80,0.10
2008.02.26 11:37:48.745,1.60145,1.6018,0.80,0.10
2008.02.26 11:37:48.830,1.60145,1.6018,2.40,0.10
2008.02.26 11:37:48.938,1.60145,1.6018,7.20,0.10
2008.02.26 11:37:49.906,1.6015,1.6018,0.40,0.10
2008.02.26 11:37:50.241,1.6015,1.6018,0.40,0.10
2008.02.26 11:37:50.819,1.6015,1.6018,0.40,0.10
2008.02.26 11:37:51.954,1.6015,1.6018,0.40,0.10
2008.02.26 11:37:52.232,1.6015,1.6018,0.40,0.10
2008.02.26 11:37:55.143,1.6015,1.6018,0.40,0.10
2008.02.26 11:37:55.183,1.6015,1.6018,0.40,0.10
2008.02.26 11:37:55.281,1.6015,1.6018,0.40,0.30
2008.02.26 11:37:55.365,1.6015,1.6018,0.40,0.30
2008.02.26 11:37:55.407,1.6015,1.6018,0.40,0.30
2008.02.26 11:37:55.750,1.60145,1.6018,1.60,0.30
2008.02.26 11:37:55.863,1.60145,1.6018,1.60,0.30
2008.02.26 11:37:55.919,1.60145,1.6018,1.60,0.30
2008.02.26 11:37:56.085,1.60145,1.6018,1.60,0.30
2008.02.26 11:37:56.527,1.60135,1.6018,1.60,0.30
2008.02.26 11:37:56.876,1.6013,1.6017,0.40,0.30
2008.02.26 11:37:57.194,1.6013,1.6017,0.40,0.30
2008.02.26 11:37:57.433,1.6013,1.6017,0.40,0.30
2008.02.26 11:37:57.671,1.6013,1.6016,0.40,0.10
2008.02.26 11:37:58.778,1.6013,1.6016,0.40,0.10
2008.02.26 11:37:59.167,1.6013,1.6016,0.40,0.10
2008.02.26 11:38:04.184,1.6013,1.6016,0.40,0.10
2008.02.26 11:38:09.227,1.6013,1.6016,0.40,0.10
2008.02.26 11:38:11.633,1.6013,1.6016,0.40,0.30
2008.02.26 11:38:11.897,1.60115,1.6016,5.60,0.30
2008.02.26 11:38:13.910,1.60115,1.6016,1.60,0.30
2008.02.26 11:38:14.197,1.60115,1.6016,1.60,0.30
2008.02.26 11:38:16.175,1.60115,1.6016,1.60,0.10
2008.02.26 11:38:16.414,1.60115,1.6016,3.20,0.10
2008.02.26 11:38:16.651,1.6012,1.6016,0.40,0.10
2008.02.26 11:38:16.950,1.6012,1.6016,0.40,0.10
2008.02.26 11:38:17.249,1.6012,1.6016,1.10,0.10
2008.02.26 11:38:17.563,1.6012,1.6016,1.10,0.10
2008.02.26 11:38:17.797,1.6012,1.6016,1.10,0.10
2008.02.26 11:38:18.045,1.6012,1.6016,0.40,0.10
2008.02.26 11:38:18.295,1.6012,1.6016,0.40,0.10
2008.02.26 11:38:19.199,1.6012,1.6016,0.40,0.10
2008.02.26 11:38:19.508,1.60125,1.6016,1.60,0.10
2008.02.26 11:38:19.781,1.60125,1.6016,1.60,0.10
2008.02.26 11:38:20.493,1.60125,1.6016,1.60,0.10
2008.02.26 11:38:22.233,1.60125,1.6016,0.60,0.10
2008.02.26 11:38:24.222,1.60125,1.6016,0.60,0.10
2008.02.26 11:38:29.225,1.60125,1.6016,0.90,0.10
2008.02.26 11:38:32.697,1.60125,1.6016,1.10,0.10
2008.02.26 11:38:32.965,1.6014,1.6018,0.40,0.10
2008.02.26 11:38:33.265,1.6014,1.6018,0.40,0.30
2008.02.26 11:38:33.562,1.6014,1.6018,0.40,0.10
2008.02.26 11:38:33.881,1.6014,1.6018,0.70,0.10
2008.02.26 11:38:34.230,1.6014,1.6018,0.80,0.10
2008.02.26 11:38:34.987,1.6014,1.6018,0.90,0.10
2008.02.26 11:38:35.286,1.60145,1.6018,1.60,0.10
2008.02.26 11:38:35.584,1.60145,1.6018,0.60,0.10
2008.02.26 11:38:37.535,1.60145,1.6018,1.30,0.10
2008.02.26 11:38:37.819,1.6014,1.6018,0.80,0.10
2008.02.26 11:38:38.102,1.6014,1.6018,0.70,0.10
2008.02.26 11:38:38.360,1.6014,1.6018,0.90,0.10
2008.02.26 11:38:38.668,1.6014,1.6018,0.90,0.10
2008.02.26 11:38:39.091,1.6014,1.6018,0.80,0.10
2008.02.26 11:38:40.023,1.6014,1.6018,0.80,0.10
2008.02.26 11:38:41.370,1.6015,1.6018,0.40,0.10
2008.02.26 11:38:42.013,1.6015,1.6018,0.40,0.10
2008.02.26 11:38:42.839,1.6015,1.60175,0.40,0.20
2008.02.26 11:38:43.148,1.6015,1.60175,0.40,0.20
2008.02.26 11:38:43.395,1.6015,1.60175,0.40,0.20
2008.02.26 11:38:43.643,1.6014,1.6017,0.40,0.10
2008.02.26 11:38:44.243,1.6014,1.6017,0.40,0.10
2008.02.26 11:38:48.866,1.6014,1.6017,0.40,0.10
2008.02.26 11:38:49.115,1.6015,1.6018,0.40,0.10
2008.02.26 11:38:49.363,1.6015,1.6018,0.40,0.10
2008.02.26 11:38:49.625,1.6015,1.6018,1.10,0.10
2008.02.26 11:38:49.904,1.6015,1.6018,1.10,0.10
2008.02.26 11:38:50.151,1.6015,1.6018,0.40,0.10
2008.02.26 11:38:51.217,1.6015,1.6018,0.40,0.10
2008.02.26 11:38:51.446,1.6015,1.6018,0.40,0.10
2008.02.26 11:38:51.674,1.6015,1.6018,0.40,0.10
2008.02.26 11:38:51.903,1.6016,1.6018,0.40,0.10
2008.02.26 11:38:53.091,1.6016,1.6018,0.40,0.10
2008.02.26 11:38:53.620,1.6016,1.6018,0.40,0.10
2008.02.26 11:38:54.271,1.6016,1.6018,0.40,0.10
2008.02.26 11:38:54.906,1.6016,1.6018,0.40,0.30
2008.02.26 11:38:55.179,1.6016,1.6018,0.40,0.30
2008.02.26 11:38:55.452,1.6017,1.6018,0.40,0.10
2008.02.26 11:38:55.770,1.6017,1.6018,0.40,0.10
2008.02.26 11:38:56.088,1.6016,1.6018,0.40,0.10
2008.02.26 11:38:56.406,1.6016,1.6018,0.40,0.10
2008.02.26 11:38:58.178,1.6016,1.6018,0.40,0.10
2008.02.26 11:38:58.466,1.6016,1.6019,0.40,0.10
2008.02.26 11:38:58.714,1.6016,1.6019,0.40,0.10
2008.02.26 11:38:59.290,1.6016,1.6019,0.40,0.10
2008.02.26 11:39:00.380,1.6016,1.60185,0.40,0.20
2008.02.26 11:39:00.614,1.6016,1.60185,0.40,0.20
2008.02.26 11:39:00.847,1.6016,1.6019,0.40,0.10
2008.02.26 11:39:01.081,1.6017,1.6019,0.40,0.10
2008.02.26 11:39:01.314,1.6017,1.6019,0.40,0.10
2008.02.26 11:39:01.547,1.6016,1.6019,0.40,0.10
2008.02.26 11:39:01.860,1.6016,1.6019,0.40,0.10
2008.02.26 11:39:02.173,1.6016,1.6018,0.40,0.10
2008.02.26 11:39:02.731,1.6016,1.6018,0.40,0.10
2008.02.26 11:39:02.989,1.6016,1.6018,0.40,0.10
2008.02.26 11:39:03.247,1.6016,1.6018,0.40,0.10
2008.02.26 11:39:03.596,1.6016,1.6018,0.40,0.10
2008.02.26 11:39:04.275,1.6016,1.6018,0.40,0.10
2008.02.26 11:39:05.963,1.6016,1.6018,0.40,0.10
2008.02.26 11:39:08.188,1.6016,1.6019,0.40,0.10
2008.02.26 11:39:08.445,1.6016,1.6019,0.40,0.10
2008.02.26 11:39:09.320,1.6016,1.6019,0.40,0.10
2008.02.26 11:39:14.319,1.6016,1.6019,0.40,0.10
2008.02.26 11:39:14.610,1.6016,1.6019,0.40,0.30
2008.02.26 11:39:14.878,1.6015,1.6019,0.40,0.30
2008.02.26 11:39:16.184,1.6015,1.6019,0.40,0.30
2008.02.26 11:39:16.428,1.6016,1.6019,0.40,0.30
2008.02.26 11:39:16.672,1.6016,1.6019,0.40,0.10
2008.02.26 11:39:16.915,1.6016,1.6019,0.40,0.10
2008.02.26 11:39:17.211,1.6016,1.6019,0.40,0.10
2008.02.26 11:39:17.501,1.6016,1.6019,0.40,0.10
2008.02.26 11:39:17.794,1.6016,1.6019,0.40,0.10
2008.02.26 11:39:19.069,1.6016,1.6019,0.40,0.10
2008.02.26 11:39:19.310,1.6016,1.6019,0.40,0.30
2008.02.26 11:39:20.647,1.6016,1.6019,0.40,0.10
2008.02.26 11:39:20.981,1.6016,1.6019,0.40,0.10
2008.02.26 11:39:22.205,1.6016,1.6019,0.40,0.10
2008.02.26 11:39:24.333,1.6016,1.6019,0.40,0.10
2008.02.26 11:39:24.648,1.6016,1.6019,0.40,0.10
2008.02.26 11:39:25.082,1.6016,1.6019,0.40,0.10
2008.02.26 11:39:25.591,1.6016,1.6019,0.40,0.10
2008.02.26 11:39:25.894,1.6016,1.6019,0.40,0.30
2008.02.26 11:39:26.137,1.6016,1.6019,0.40,0.30
2008.02.26 11:39:27.090,1.6016,1.6019,0.40,0.30
2008.02.26 11:39:28.020,1.6016,1.6019,0.40,0.30
2008.02.26 11:39:28.272,1.6016,1.6019,0.40,0.30
2008.02.26 11:39:28.525,1.6016,1.6019,0.40,0.30
2008.02.26 11:39:29.328,1.6016,1.6019,0.40,0.30
2008.02.26 11:39:30.161,1.6016,1.6019,0.40,0.30
2008.02.26 11:39:30.674,1.6016,1.6019,0.40,0.30
2008.02.26 11:39:31.534,1.6016,1.6019,0.40,0.30
2008.02.26 11:39:31.767,1.6016,1.6019,0.40,0.30
2008.02.26 11:39:32.082,1.6016,1.6019,0.40,0.30
2008.02.26 11:39:32.588,1.6016,1.6019,0.40,0.30
2008.02.26 11:39:32.907,1.6015,1.6018,0.40,0.30
2008.02.26 11:39:33.225,1.6015,1.6018,0.40,0.30
2008.02.26 11:39:33.401,1.6015,1.6018,0.40,0.30
2008.02.26 11:39:34.347,1.6015,1.6018,0.40,0.30
2008.02.26 11:39:34.901,1.6015,1.6018,0.40,0.10
2008.02.26 11:39:35.179,1.6015,1.6018,0.40,0.10
2008.02.26 11:39:35.481,1.6015,1.6018,0.40,0.10
2008.02.26 11:39:35.784,1.6015,1.6018,0.40,0.10
2008.02.26 11:39:36.087,1.6015,1.6018,0.40,0.10
2008.02.26 11:39:36.390,1.6016,1.6018,0.40,0.10
2008.02.26 11:39:37.176,1.6016,1.6018,0.40,0.10
2008.02.26 11:39:38.397,1.6016,1.6018,0.40,0.10
2008.02.26 11:39:38.661,1.6016,1.6019,0.40,0.10
2008.02.26 11:39:38.925,1.6016,1.6019,0.40,0.10
2008.02.26 11:39:39.354,1.6016,1.6019,0.40,0.10
2008.02.26 11:39:40.376,1.6016,1.6019,0.40,0.10
2008.02.26 11:39:40.725,1.6016,1.6019,0.40,0.30
2008.02.26 11:39:44.349,1.6016,1.6019,0.40,0.30
2008.02.26 11:39:47.681,1.6016,1.6019,0.40,0.10
2008.02.26 11:39:47.960,1.6016,1.6019,0.40,0.10
2008.02.26 11:39:48.223,1.6016,1.6019,0.40,0.10
2008.02.26 11:39:49.060,1.6016,1.6019,0.40,0.10
2008.02.26 11:39:49.356,1.6016,1.6019,0.40,0.30
2008.02.26 11:39:52.966,1.6016,1.6019,0.40,0.30
2008.02.26 11:39:53.224,1.6017,1.602,0.40,0.30
2008.02.26 11:39:53.484,1.6016,1.6019,0.40,0.10
2008.02.26 11:39:53.757,1.6016,1.6019,0.40,0.30
2008.02.26 11:39:54.121,1.6016,1.6019,0.40,0.30
2008.02.26 11:39:54.393,1.6016,1.6019,0.40,0.30
2008.02.26 11:39:54.666,1.6016,1.6019,0.40,0.10
2008.02.26 11:39:54.975,1.6016,1.6019,0.40,0.10
2008.02.26 11:39:55.284,1.6016,1.6019,0.40,0.10
2008.02.26 11:39:55.607,1.6016,1.6019,0.40,0.10
2008.02.26 11:39:56.105,1.6016,1.6019,0.40,0.10
2008.02.26 11:39:56.368,1.6016,1.6019,0.40,0.10
2008.02.26 11:39:59.377,1.6016,1.6019,0.40,0.10
2008.02.26 11:40:01.172,1.6016,1.6019,0.40,0.30
2008.02.26 11:40:01.415,1.6016,1.6019,0.40,0.30
2008.02.26 11:40:01.673,1.6016,1.6019,0.40,0.30
2008.02.26 11:40:01.916,1.6016,1.6019,0.40,0.30
2008.02.26 11:40:02.218,1.6016,1.6019,0.40,0.30
2008.02.26 11:40:02.799,1.6016,1.6019,0.40,0.30
2008.02.26 11:40:03.067,1.6016,1.6019,0.40,0.30
2008.02.26 11:40:04.198,1.6016,1.6019,0.40,0.30
2008.02.26 11:40:04.497,1.6015,1.6018,0.40,0.10
2008.02.26 11:40:04.766,1.6015,1.6017,0.40,0.10
2008.02.26 11:40:05.065,1.6015,1.6017,0.40,0.10
2008.02.26 11:40:05.538,1.6015,1.6017,0.40,0.10
2008.02.26 11:40:05.836,1.6015,1.6017,0.40,0.10
2008.02.26 11:40:09.425,1.6015,1.6017,0.40,0.10
2008.02.26 11:40:11.425,1.6015,1.6017,0.40,0.10
2008.02.26 11:40:11.659,1.6015,1.6017,0.40,0.10
2008.02.26 11:40:11.891,1.6015,1.6017,0.40,0.10
2008.02.26 11:40:13.186,1.6015,1.6017,0.40,0.10
2008.02.26 11:40:13.409,1.6015,1.6017,0.40,0.10
2008.02.26 11:40:13.634,1.6015,1.6017,0.40,0.10
2008.02.26 11:40:13.872,1.6015,1.6017,0.40,0.10
2008.02.26 11:40:14.080,1.6015,1.6017,0.40,0.10
2008.02.26 11:40:14.408,1.6015,1.6017,0.40,0.10
2008.02.26 11:40:15.032,1.6015,1.6017,0.40,0.10
2008.02.26 11:40:15.321,1.6015,1.6017,0.40,0.10
2008.02.26 11:40:15.923,1.6015,1.6017,0.40,0.10
2008.02.26 11:40:16.182,1.6015,1.6017,0.40,0.10
2008.02.26 11:40:16.586,1.6015,1.6017,0.40,0.10
2008.02.26 11:40:17.013,1.6015,1.6017,0.40,0.10
2008.02.26 11:40:17.292,1.6015,1.6017,0.40,0.10
2008.02.26 11:40:17.570,1.6015,1.6017,0.40,0.10
2008.02.26 11:40:17.848,1.6015,1.6017,0.40,0.30
2008.02.26 11:40:18.126,1.6014,1.6016,0.40,0.10
2008.02.26 11:40:18.383,1.6014,1.6016,0.40,0.10
2008.02.26 11:40:18.889,1.6014,1.6016,0.40,0.10
2008.02.26 11:40:19.147,1.6014,1.6018,0.40,0.30
2008.02.26 11:40:19.416,1.6014,1.6018,0.40,0.30
2008.02.26 11:40:19.684,1.6014,1.6018,0.40,0.10
2008.02.26 11:40:19.953,1.6015,1.6018,0.40,0.10
2008.02.26 11:40:20.570,1.6015,1.6018,0.40,0.10
2008.02.26 11:40:21.120,1.6015,1.6018,0.40,0.30
2008.02.26 11:40:21.364,1.6015,1.6018,0.40,0.30
2008.02.26 11:40:21.626,1.6015,1.6018,0.40,0.30
2008.02.26 11:40:21.868,1.6015,1.6018,0.40,0.30
2008.02.26 11:40:23.030,1.6015,1.6018,0.40,0.30
2008.02.26 11:40:23.338,1.6015,1.6018,0.40,0.30
2008.02.26 11:40:23.649,1.6015,1.6018,0.40,0.30
2008.02.26 11:40:23.902,1.6015,1.6018,0.40,0.10
2008.02.26 11:40:24.427,1.6015,1.6018,0.40,0.10
2008.02.26 11:40:24.902,1.6015,1.6018,0.40,0.10
2008.02.26 11:40:25.170,1.6015,1.6018,0.40,0.10
2008.02.26 11:40:25.469,1.6015,1.6018,0.40,0.10
2008.02.26 11:40:25.767,1.6015,1.6018,0.40,0.10
2008.02.26 11:40:28.612,1.6015,1.6018,0.40,0.10
2008.02.26 11:40:29.022,1.6015,1.6018,0.40,0.10
2008.02.26 11:40:29.436,1.6015,1.6018,0.40,0.10
2008.02.26 11:40:30.103,1.6015,1.6018,0.40,0.10
2008.02.26 11:40:30.918,1.6016,1.6018,0.40,0.10
2008.02.26 11:40:31.201,1.6016,1.6018,0.40,0.10
2008.02.26 11:40:31.485,1.6016,1.6018,0.40,0.10
2008.02.26 11:40:31.531,1.6016,1.6018,0.40,0.10
2008.02.26 11:40:31.763,1.6016,1.6018,0.40,0.10
2008.02.26 11:40:32.635,1.6016,1.6018,0.40,0.10
2008.02.26 11:40:33.988,1.6016,1.6018,0.40,0.10
2008.02.26 11:40:34.262,1.6016,1.6018,0.40,0.10
2008.02.26 11:40:34.640,1.6016,1.6018,0.40,0.10
2008.02.26 11:40:34.925,1.6016,1.6018,0.40,0.10
2008.02.26 11:40:35.222,1.6016,1.6018,0.40,0.10
2008.02.26 11:40:35.651,1.6016,1.6018,0.40,0.10
2008.02.26 11:40:38.481,1.6016,1.6018,0.40,0.10
2008.02.26 11:40:38.725,1.6016,1.6018,0.40,0.10
2008.02.26 11:40:39.157,1.6016,1.6018,0.40,0.10
2008.02.26 11:40:39.400,1.6016,1.6018,0.40,0.10
2008.02.26 11:40:39.719,1.6017,1.6018,0.40,0.10
2008.02.26 11:40:40.091,1.6017,1.6018,0.40,0.10
2008.02.26 11:40:40.410,1.6016,1.6018,0.40,0.10
2008.02.26 11:40:40.728,1.6016,1.6018,0.40,0.10
2008.02.26 11:40:40.997,1.6016,1.6018,0.40,0.10
2008.02.26 11:40:41.265,1.6016,1.6018,0.40,0.10
2008.02.26 11:40:41.533,1.6016,1.6018,0.40,0.10
2008.02.26 11:40:41.812,1.6016,1.6018,0.40,0.10
2008.02.26 11:40:42.492,1.6016,1.6018,0.40,0.10
2008.02.26 11:40:42.746,1.6016,1.6018,0.40,0.10
2008.02.26 11:40:43.645,1.6016,1.6018,0.40,0.10
2008.02.26 11:40:43.923,1.6016,1.6018,0.40,0.10
2008.02.26 11:40:44.200,1.6016,1.6018,0.40,0.10
2008.02.26 11:40:44.894,1.6016,1.6018,0.40,0.10
2008.02.26 11:40:45.207,1.6016,1.6018,0.40,0.10
2008.02.26 11:40:45.522,1.60155,1.6018,0.50,0.30
2008.02.26 11:40:45.739,1.60155,1.6017,0.80,0.20
2008.02.26 11:40:45.957,1.6014,1.6017,0.40,0.20
2008.02.26 11:40:46.213,1.6014,1.6017,0.40,0.20
2008.02.26 11:40:46.440,1.6014,1.6017,0.40,0.20
2008.02.26 11:40:47.048,1.6014,1.6017,0.40,0.20
2008.02.26 11:40:47.381,1.6014,1.6017,0.40,0.20
2008.02.26 11:40:47.716,1.6014,1.6017,0.40,0.20
2008.02.26 11:40:49.467,1.6014,1.6017,0.40,0.20
2008.02.26 11:40:51.579,1.6014,1.6018,0.40,0.30
2008.02.26 11:40:51.852,1.6014,1.6018,0.40,0.30
2008.02.26 11:40:52.130,1.6014,1.6018,0.40,0.30
2008.02.26 11:40:52.408,1.6015,1.6018,0.40,0.30
2008.02.26 11:40:52.687,1.6015,1.6018,0.40,0.10
2008.02.26 11:40:52.955,1.6015,1.6018,0.40,0.10
2008.02.26 11:40:54.500,1.6015,1.6018,0.40,0.10
2008.02.26 11:40:55.555,1.6015,1.6018,0.40,0.10
2008.02.26 11:40:55.850,1.6015,1.6018,0.40,0.10
2008.02.26 11:40:58.660,1.6015,1.6018,0.40,0.30
2008.02.26 11:40:58.908,1.6015,1.6018,0.40,0.30
2008.02.26 11:40:59.501,1.6015,1.6018,0.40,0.30
2008.02.26 11:41:02.046,1.6015,1.6017,0.40,0.20
2008.02.26 11:41:02.369,1.6014,1.6017,0.40,0.20
2008.02.26 11:41:02.692,1.6014,1.6017,0.40,0.20
2008.02.26 11:41:03.015,1.6014,1.6017,0.40,0.20
2008.02.26 11:41:03.898,1.6013,1.6017,0.40,0.30
2008.02.26 11:41:04.203,1.6013,1.60165,0.40,0.20
2008.02.26 11:41:04.518,1.6013,1.60165,0.40,0.20
2008.02.26 11:41:05.499,1.6013,1.60165,0.40,0.20
2008.02.26 11:41:05.787,1.6013,1.6017,0.40,0.30
2008.02.26 11:41:06.075,1.6014,1.6017,0.40,0.30
2008.02.26 11:41:06.339,1.6014,1.6017,0.40,0.30
2008.02.26 11:41:08.827,1.6014,1.6017,0.40,0.30
2008.02.26 11:41:09.431,1.6014,1.6017,0.40,0.10
2008.02.26 11:41:09.695,1.6014,1.60175,0.40,0.20
2008.02.26 11:41:10.059,1.6014,1.6018,0.40,0.10
2008.02.26 11:41:10.379,1.60145,1.6018,0.80,0.10
2008.02.26 11:41:10.697,1.6015,1.60165,0.80,0.20
2008.02.26 11:41:11.015,1.6013,1.60165,0.40,0.20
2008.02.26 11:41:11.334,1.6013,1.6017,0.40,0.10
2008.02.26 11:41:11.597,1.6013,1.6017,0.40,0.10
2008.02.26 11:41:11.646,1.6013,1.6017,0.40,0.10
2008.02.26 11:41:11.861,1.6014,1.6017,0.40,0.10
2008.02.26 11:41:12.124,1.6014,1.6017,0.40,0.10
2008.02.26 11:41:12.388,1.6013,1.6016,0.80,0.20
2008.02.26 11:41:12.670,1.6013,1.6016,0.80,0.20
2008.02.26 11:41:12.953,1.6013,1.6016,0.70,0.30
2008.02.26 11:41:13.579,1.6013,1.6016,0.50,0.30
2008.02.26 11:41:14.123,1.6013,1.6016,0.40,0.30
2008.02.26 11:41:14.402,1.6013,1.6016,0.40,0.30
2008.02.26 11:41:18.161,1.6013,1.6016,0.40,0.10
2008.02.26 11:41:18.414,1.6013,1.6016,0.40,0.10
2008.02.26 11:41:18.678,1.6013,1.6016,0.40,0.10
2008.02.26 11:41:18.941,1.6014,1.6016,0.40,0.10
2008.02.26 11:41:19.528,1.6014,1.6016,0.40,0.10
2008.02.26 11:41:20.107,1.6014,1.6016,0.40,0.10
2008.02.26 11:41:20.371,1.6015,1.6018,0.40,0.30
2008.02.26 11:41:23.634,1.6015,1.6017,0.40,0.20
2008.02.26 11:41:23.838,1.6014,1.6017,0.40,0.20
2008.02.26 11:41:24.040,1.6014,1.6017,0.40,0.20
2008.02.26 11:41:24.243,1.6014,1.6017,0.40,0.20
2008.02.26 11:41:24.446,1.6014,1.6017,0.40,0.20
2008.02.26 11:41:28.110,1.6014,1.6018,0.40,0.30
2008.02.26 11:41:28.379,1.6014,1.6018,0.40,0.30
2008.02.26 11:41:28.653,1.6014,1.6018,0.40,0.30
2008.02.26 11:41:28.925,1.6015,1.6018,0.40,0.30
2008.02.26 11:41:29.544,1.6015,1.6018,0.40,0.30
2008.02.26 11:41:29.802,1.6014,1.6017,0.40,0.20
2008.02.26 11:41:30.060,1.6014,1.6017,0.40,0.20
2008.02.26 11:41:33.584,1.6014,1.6018,0.40,0.30
2008.02.26 11:41:33.857,1.6014,1.6018,0.40,0.30
2008.02.26 11:41:34.132,1.6014,1.6018,0.40,0.30
2008.02.26 11:41:34.415,1.6015,1.6018,0.40,0.30
2008.02.26 11:41:36.098,1.6015,1.6018,0.40,0.30
2008.02.26 11:41:36.634,1.6014,1.6018,0.40,0.30
2008.02.26 11:41:36.907,1.6014,1.6017,0.40,0.20
2008.02.26 11:41:37.180,1.6014,1.6017,0.40,0.20
2008.02.26 11:41:37.691,1.6014,1.6017,0.40,0.20
2008.02.26 11:41:37.980,1.6014,1.6017,0.40,0.20
2008.02.26 11:41:39.578,1.6014,1.6017,0.40,0.20
2008.02.26 11:41:44.568,1.6014,1.6017,0.40,0.20
2008.02.26 11:41:49.568,1.6014,1.6017,0.40,0.20
2008.02.26 11:41:49.839,1.6014,1.6017,0.40,0.20
2008.02.26 11:41:54.592,1.6014,1.6017,0.40,0.20
2008.02.26 11:41:54.749,1.6014,1.6017,0.40,0.20
2008.02.26 11:41:59.626,1.6014,1.6017,0.40,0.20
2008.02.26 11:42:04.033,1.6014,1.6017,0.40,0.20
2008.02.26 11:42:04.619,1.6014,1.6017,0.40,0.20
2008.02.26 11:42:05.153,1.6014,1.6017,0.40,0.20
2008.02.26 11:42:05.758,1.6014,1.60175,0.40,0.50
2008.02.26 11:42:06.036,1.6014,1.60175,0.40,0.60
2008.02.26 11:42:06.314,1.6015,1.60175,0.40,0.50
2008.02.26 11:42:07.357,1.6015,1.60175,0.40,0.20
2008.02.26 11:42:07.641,1.6015,1.60175,0.40,0.20
2008.02.26 11:42:09.628,1.6015,1.60175,0.40,0.20
2008.02.26 11:42:10.193,1.6015,1.6017,0.40,0.20
2008.02.26 11:42:10.491,1.6014,1.6017,0.40,0.20
2008.02.26 11:42:11.378,1.6014,1.6017,0.40,0.20
2008.02.26 11:42:12.151,1.6013,1.6017,0.40,0.30
2008.02.26 11:42:12.445,1.6013,1.60165,0.40,0.50
2008.02.26 11:42:12.738,1.6013,1.60165,0.40,0.60
2008.02.26 11:42:14.176,1.6013,1.60165,0.40,0.60
2008.02.26 11:42:14.446,1.6013,1.6016,0.40,0.20
2008.02.26 11:42:14.714,1.6012,1.6016,0.40,0.30
2008.02.26 11:42:14.982,1.6012,1.60155,0.40,0.20
2008.02.26 11:42:15.252,1.6013,1.6016,0.40,0.20
2008.02.26 11:42:15.564,1.6012,1.6016,0.40,0.20
2008.02.26 11:42:15.877,1.6012,1.6016,0.40,0.20
2008.02.26 11:42:17.721,1.6012,1.60155,0.40,0.60
2008.02.26 11:42:17.978,1.6012,1.60155,0.40,0.60
2008.02.26 11:42:18.237,1.6012,1.60155,0.40,0.50
2008.02.26 11:42:18.496,1.6012,1.60155,0.40,0.60
2008.02.26 11:42:19.628,1.6012,1.60155,0.40,0.60
2008.02.26 11:42:20.511,1.6012,1.60155,0.40,0.60
2008.02.26 11:42:20.815,1.6012,1.6015,0.40,0.20
2008.02.26 11:42:21.371,1.6012,1.6015,0.40,0.20
2008.02.26 11:42:22.142,1.6012,1.60155,0.40,0.50
2008.02.26 11:42:22.371,1.6012,1.60155,0.40,0.60
2008.02.26 11:42:22.704,1.6012,1.60155,0.40,0.60
2008.02.26 11:42:23.037,1.6012,1.60155,0.40,4.10
2008.02.26 11:42:24.662,1.6012,1.60155,0.40,4.10
2008.02.26 11:42:25.710,1.6012,1.60155,0.40,1.70
2008.02.26 11:42:25.982,1.6012,1.60155,0.40,1.60
2008.02.26 11:42:26.271,1.6013,1.6016,0.40,0.30
2008.02.26 11:42:26.560,1.6013,1.6016,0.40,0.30
2008.02.26 11:42:27.427,1.6013,1.6016,0.40,0.20
2008.02.26 11:42:27.669,1.6013,1.60165,0.40,4.10
2008.02.26 11:42:27.972,1.6013,1.6016,0.40,0.20
2008.02.26 11:42:28.291,1.6013,1.60165,0.40,4.10
2008.02.26 11:42:29.230,1.6013,1.60165,0.40,4.00
2008.02.26 11:42:29.484,1.6013,1.6017,0.40,0.10
2008.02.26 11:42:29.737,1.6013,1.6017,1.10,0.10
2008.02.26 11:42:30.030,1.6014,1.6017,0.40,0.10
2008.02.26 11:42:30.323,1.6014,1.60165,0.40,0.20
2008.02.26 11:42:30.615,1.6014,1.60165,0.40,0.20
2008.02.26 11:42:30.898,1.6014,1.60165,0.40,0.20
2008.02.26 11:42:31.339,1.6014,1.60165,0.40,0.20
2008.02.26 11:42:33.840,1.6014,1.60165,0.40,0.20
2008.02.26 11:42:34.664,1.6014,1.60165,0.40,0.20
2008.02.26 11:42:36.683,1.6014,1.6017,0.40,0.10
2008.02.26 11:42:36.932,1.6014,1.6017,0.40,0.10
2008.02.26 11:42:37.206,1.6014,1.6017,0.40,0.10
2008.02.26 11:42:37.478,1.6014,1.6017,0.40,0.10
2008.02.26 11:42:37.831,1.6014,1.6017,0.40,0.10
2008.02.26 11:42:38.100,1.6014,1.6017,0.40,0.10
2008.02.26 11:42:39.661,1.6014,1.6017,0.40,0.10
2008.02.26 11:42:44.687,1.6014,1.6017,0.40,0.10
2008.02.26 11:42:45.012,1.6015,1.6018,0.40,0.10
2008.02.26 11:42:45.259,1.6015,1.6018,0.40,0.10
2008.02.26 11:42:47.753,1.6015,1.60175,0.40,0.20
2008.02.26 11:42:48.021,1.6015,1.60175,0.40,0.20
2008.02.26 11:42:48.289,1.6015,1.60175,0.40,0.20
2008.02.26 11:42:48.542,1.6015,1.60175,0.40,0.20
2008.02.26 11:42:49.683,1.6015,1.60175,0.40,0.20
2008.02.26 11:42:50.497,1.6013,1.60175,0.70,0.20
2008.02.26 11:42:50.805,1.6013,1.60175,0.80,0.20
2008.02.26 11:42:51.113,1.6013,1.60175,0.50,4.10
2008.02.26 11:42:51.363,1.6014,1.6017,0.40,0.20
2008.02.26 11:42:51.611,1.6014,1.6017,0.40,0.20
2008.02.26 11:42:51.860,1.6014,1.60175,0.40,0.20
2008.02.26 11:42:52.109,1.6014,1.6018,0.40,0.20
2008.02.26 11:42:54.705,1.6014,1.6018,0.40,0.20
2008.02.26 11:42:56.566,1.6014,1.6018,0.40,0.20
2008.02.26 11:42:56.814,1.6014,1.60175,0.40,0.20
2008.02.26 11:42:57.064,1.6014,1.60175,0.40,0.20
2008.02.26 11:42:57.312,1.6014,1.6018,0.40,0.30
2008.02.26 11:42:57.601,1.6014,1.6018,0.40,0.20
2008.02.26 11:42:57.903,1.6014,1.6018,0.40,0.20
2008.02.26 11:42:58.191,1.60145,1.6018,0.60,0.20
2008.02.26 11:42:58.450,1.6015,1.6018,0.40,0.20
2008.02.26 11:42:59.695,1.6015,1.6018,0.40,0.20
2008.02.26 11:43:04.722,1.6015,1.6018,0.40,0.20
2008.02.26 11:43:05.191,1.6015,1.6018,0.40,0.20
2008.02.26 11:43:05.474,1.6015,1.6018,0.40,0.20
2008.02.26 11:43:06.645,1.6015,1.60175,0.40,0.20
2008.02.26 11:43:06.908,1.6015,1.60175,0.40,0.20
2008.02.26 11:43:06.940,1.6015,1.60175,0.40,0.20
2008.02.26 11:43:07.172,1.6015,1.6018,0.40,0.20
2008.02.26 11:43:07.451,1.6015,1.6018,0.40,0.20
2008.02.26 11:43:08.342,1.6015,1.6018,0.40,0.20
2008.02.26 11:43:08.660,1.6015,1.6019,0.40,0.30
2008.02.26 11:43:08.919,1.6015,1.6019,0.40,0.30
2008.02.26 11:43:09.715,1.6015,1.6019,0.40,0.30
2008.02.26 11:43:10.306,1.6015,1.6019,0.40,0.30
2008.02.26 11:43:14.375,1.6015,1.6019,0.40,0.30
2008.02.26 11:43:14.583,1.6015,1.6019,0.40,0.30
2008.02.26 11:43:14.791,1.6015,1.6019,1.10,0.30
2008.02.26 11:43:15.125,1.6016,1.60175,0.40,0.20
2008.02.26 11:43:15.459,1.6016,1.6018,0.40,0.20
2008.02.26 11:43:15.791,1.6016,1.6018,0.40,0.20
2008.02.26 11:43:19.749,1.6016,1.6018,0.40,0.20
2008.02.26 11:43:23.149,1.6016,1.6018,0.40,0.20
2008.02.26 11:43:24.742,1.6016,1.6018,0.40,0.20
2008.02.26 11:43:25.019,1.6016,1.6018,0.40,0.20
2008.02.26 11:43:25.298,1.6016,1.60175,0.40,0.20
2008.02.26 11:43:25.855,1.6016,1.6018,0.40,0.10
2008.02.26 11:43:26.382,1.6016,1.60175,0.40,0.20
2008.02.26 11:43:26.639,1.6016,1.60175,0.40,0.20
2008.02.26 11:43:26.980,1.6014,1.6017,0.40,0.10
2008.02.26 11:43:28.102,1.6014,1.6017,0.40,0.10
2008.02.26 11:43:29.749,1.6014,1.6017,0.40,0.10
2008.02.26 11:43:30.436,1.6014,1.6017,0.40,0.10
2008.02.26 11:43:31.868,1.6014,1.6017,0.40,0.10
2008.02.26 11:43:32.121,1.6015,1.6018,0.40,0.10
2008.02.26 11:43:33.385,1.6015,1.6018,0.40,0.30
2008.02.26 11:43:33.638,1.6015,1.6018,0.40,0.30
2008.02.26 11:43:33.891,1.6015,1.6018,0.40,0.30
2008.02.26 11:43:34.144,1.6015,1.6017,0.40,0.10
2008.02.26 11:43:34.763,1.6015,1.6017,0.40,0.10
2008.02.26 11:43:35.808,1.6015,1.6017,0.40,0.10
2008.02.26 11:43:39.809,1.6015,1.6017,0.40,0.10
2008.02.26 11:43:40.041,1.6014,1.6017,0.40,0.30
2008.02.26 11:43:40.275,1.6014,1.6017,0.40,0.30
2008.02.26 11:43:41.147,1.6014,1.6017,0.40,0.30
2008.02.26 11:43:41.910,1.6014,1.6016,0.40,0.20
2008.02.26 11:43:42.127,1.6014,1.6016,0.40,0.20
2008.02.26 11:43:42.336,1.6014,1.6016,0.40,0.20
2008.02.26 11:43:42.543,1.6013,1.6015,0.40,0.10
2008.02.26 11:43:42.861,1.6013,1.6015,0.40,0.10
2008.02.26 11:43:43.180,1.6014,1.60175,0.40,1.60
2008.02.26 11:43:44.049,1.6014,1.6018,0.40,0.30
2008.02.26 11:43:44.312,1.6014,1.6018,0.40,0.30
2008.02.26 11:43:44.805,1.6014,1.6018,0.40,0.30
2008.02.26 11:43:45.058,1.6014,1.6018,0.40,0.10
2008.02.26 11:43:45.311,1.6014,1.6018,1.10,0.10
2008.02.26 11:43:45.563,1.6014,1.6018,1.10,0.10
2008.02.26 11:43:45.881,1.6015,1.6018,0.40,0.30
2008.02.26 11:43:46.200,1.6015,1.6018,0.40,0.30
2008.02.26 11:43:46.527,1.6015,1.6017,0.40,0.10
2008.02.26 11:43:47.402,1.6015,1.6017,0.40,0.30
2008.02.26 11:43:47.655,1.6015,1.6017,0.40,0.30
2008.02.26 11:43:47.915,1.6014,1.6017,0.40,0.30
2008.02.26 11:43:48.184,1.6014,1.6017,0.40,0.30
2008.02.26 11:43:48.443,1.6014,1.6017,0.40,0.30
2008.02.26 11:43:49.805,1.6014,1.6017,0.40,0.30
2008.02.26 11:43:50.416,1.6014,1.6017,0.40,0.10
2008.02.26 11:43:50.685,1.6014,1.6017,0.40,0.10
2008.02.26 11:43:50.992,1.6015,1.6018,0.40,0.10
2008.02.26 11:43:51.300,1.6015,1.6018,0.40,0.10
2008.02.26 11:43:51.608,1.6015,1.6018,0.40,0.10
2008.02.26 11:43:52.128,1.6015,1.6018,0.40,0.10
2008.02.26 11:43:52.370,1.6015,1.6018,0.40,0.10
2008.02.26 11:43:54.790,1.6015,1.6018,0.40,0.10
2008.02.26 11:43:56.064,1.6015,1.6018,0.40,0.10
2008.02.26 11:43:57.026,1.6015,1.6018,0.40,0.10
2008.02.26 11:43:58.082,1.6015,1.6018,0.40,0.10
2008.02.26 11:43:59.808,1.6015,1.6018,0.40,0.10
2008.02.26 11:44:01.402,1.6015,1.6018,0.40,0.30
2008.02.26 11:44:01.685,1.6015,1.6018,0.40,0.30
2008.02.26 11:44:01.968,1.6015,1.6017,0.40,0.10
2008.02.26 11:44:02.441,1.6015,1.6017,0.40,0.10
2008.02.26 11:44:02.704,1.6015,1.6018,0.40,0.10
2008.02.26 11:44:02.956,1.6015,1.6018,0.40,0.10
2008.02.26 11:44:03.607,1.6015,1.6018,0.40,0.10
2008.02.26 11:44:04.403,1.6015,1.6018,0.40,0.30
2008.02.26 11:44:04.671,1.6015,1.6018,0.40,0.30
2008.02.26 11:44:04.940,1.6015,1.6017,0.40,0.10
2008.02.26 11:44:05.198,1.6015,1.6017,0.40,0.10
2008.02.26 11:44:05.457,1.6015,1.6017,0.40,0.10
2008.02.26 11:44:05.715,1.6015,1.6018,0.40,0.10
2008.02.26 11:44:05.973,1.6015,1.6018,0.40,0.10
2008.02.26 11:44:06.592,1.6015,1.6018,0.40,0.10
2008.02.26 11:44:07.432,1.6015,1.6018,0.40,0.30
2008.02.26 11:44:07.684,1.6015,1.6018,0.40,0.30
2008.02.26 11:44:07.938,1.6015,1.6017,0.40,0.10
2008.02.26 11:44:08.470,1.6015,1.6017,0.40,0.30
2008.02.26 11:44:08.726,1.6015,1.6017,0.40,0.30
2008.02.26 11:44:08.986,1.6015,1.6017,0.40,0.10
2008.02.26 11:44:09.265,1.6015,1.6018,0.40,0.30
2008.02.26 11:44:09.543,1.6015,1.6018,0.40,0.30
2008.02.26 11:44:09.825,1.6015,1.6018,0.40,0.30
2008.02.26 11:44:10.109,1.6015,1.60175,0.40,0.20
2008.02.26 11:44:10.412,1.6015,1.60165,0.40,0.20
2008.02.26 11:44:10.715,1.6015,1.60165,0.40,0.20
2008.02.26 11:44:11.456,1.6015,1.60165,0.40,0.20
2008.02.26 11:44:11.700,1.6015,1.6016,0.40,0.20
2008.02.26 11:44:11.948,1.6015,1.6016,0.40,0.20
2008.02.26 11:44:12.232,1.6014,1.6016,0.40,0.10
2008.02.26 11:44:12.505,1.6014,1.6016,0.40,0.10
2008.02.26 11:44:14.844,1.6014,1.6016,0.40,0.10
2008.02.26 11:44:16.055,1.6014,1.6016,0.40,0.10
2008.02.26 11:44:16.273,1.6014,1.6016,0.40,0.10
2008.02.26 11:44:18.188,1.6014,1.6016,0.40,0.10
2008.02.26 11:44:18.420,1.6014,1.6016,0.40,0.10
2008.02.26 11:44:18.654,1.6014,1.6016,0.40,0.10
2008.02.26 11:44:19.842,1.6014,1.6016,0.40,0.10
2008.02.26 11:44:20.160,1.6014,1.6016,0.40,0.10
2008.02.26 11:44:23.497,1.6014,1.6016,0.40,0.10
2008.02.26 11:44:23.761,1.6014,1.6016,0.40,0.10
2008.02.26 11:44:24.845,1.6014,1.6016,0.40,0.10
2008.02.26 11:44:26.928,1.6014,1.6016,0.40,0.10
2008.02.26 11:44:27.182,1.6015,1.6018,0.40,0.30
2008.02.26 11:44:27.476,1.6015,1.6018,0.40,0.30
2008.02.26 11:44:29.207,1.6015,1.60175,0.40,0.20
2008.02.26 11:44:29.450,1.6015,1.60175,0.40,0.20
2008.02.26 11:44:29.849,1.6015,1.60175,0.40,0.20
2008.02.26 11:44:33.161,1.6015,1.6017,0.40,0.20
2008.02.26 11:44:33.480,1.6015,1.6018,0.40,0.30
2008.02.26 11:44:34.857,1.6015,1.6018,0.40,0.30
2008.02.26 11:44:38.493,1.6015,1.6018,0.40,0.30
2008.02.26 11:44:38.757,1.6015,1.6018,0.40,0.10
2008.02.26 11:44:39.019,1.6015,1.60175,0.40,0.20
2008.02.26 11:44:39.282,1.6015,1.60175,0.40,0.20
2008.02.26 11:44:39.877,1.6015,1.60175,0.40,0.20
2008.02.26 11:44:41.065,1.6015,1.60175,0.40,0.20
2008.02.26 11:44:41.314,1.6015,1.60175,0.40,0.20
2008.02.26 11:44:43.015,1.6015,1.6018,0.40,0.10
2008.02.26 11:44:43.253,1.6015,1.6018,0.40,0.10
2008.02.26 11:44:43.492,1.6015,1.6018,0.40,0.10
2008.02.26 11:44:43.816,1.6015,1.6018,0.40,0.10
2008.02.26 11:44:44.139,1.6015,1.60175,0.40,0.20
2008.02.26 11:44:44.464,1.6015,1.6017,0.40,0.20
2008.02.26 11:44:44.712,1.6015,1.6017,0.40,0.20
2008.02.26 11:44:44.959,1.6015,1.6017,0.40,0.20
2008.02.26 11:44:45.206,1.6015,1.6017,0.40,0.20
2008.02.26 11:44:45.591,1.6015,1.6017,0.40,0.20
2008.02.26 11:44:45.923,1.6015,1.6017,0.40,0.20
2008.02.26 11:44:49.810,1.6015,1.6017,0.40,0.20
2008.02.26 11:44:50.476,1.6015,1.6018,0.40,0.30
2008.02.26 11:44:51.493,1.6015,1.6018,0.40,0.30
2008.02.26 11:44:51.787,1.6015,1.60175,0.40,0.20
2008.02.26 11:44:52.029,1.6015,1.6017,0.40,0.10
2008.02.26 11:44:52.343,1.6015,1.6017,0.40,0.10
2008.02.26 11:44:54.915,1.6015,1.6017,0.40,0.10
2008.02.26 11:44:57.183,1.6015,1.6017,0.40,0.10
2008.02.26 11:44:57.462,1.6015,1.6018,0.40,0.10
2008.02.26 11:44:57.853,1.6015,1.6018,0.40,0.10
2008.02.26 11:44:59.916,1.6015,1.6018,0.40,0.10
2008.02.26 11:45:02.171,1.6016,1.60185,0.40,0.20
2008.02.26 11:45:02.245,1.6016,1.60185,0.40,0.20
2008.02.26 11:45:02.434,1.6016,1.60195,0.40,0.20
2008.02.26 11:45:02.698,1.6016,1.60195,0.40,0.20
2008.02.26 11:45:03.367,1.6016,1.60195,0.40,0.20
2008.02.26 11:45:03.616,1.6016,1.60195,0.40,0.20
2008.02.26 11:45:04.926,1.6016,1.60195,0.40,0.20
2008.02.26 11:45:05.623,1.6016,1.60195,0.40,0.20
2008.02.26 11:45:05.898,1.6016,1.6019,0.40,0.20
2008.02.26 11:45:06.189,1.6015,1.6019,0.40,0.30
2008.02.26 11:45:06.497,1.6015,1.6019,0.40,0.30
2008.02.26 11:45:06.805,1.6015,1.6019,0.50,0.10
2008.02.26 11:45:09.945,1.6015,1.6019,0.50,0.10
2008.02.26 11:45:11.850,1.6015,1.6019,0.50,0.10
2008.02.26 11:45:12.153,1.6015,1.6019,0.60,0.10
2008.02.26 11:45:14.952,1.6015,1.6019,0.70,0.10
2008.02.26 11:45:15.893,1.6016,1.60195,0.40,0.20
2008.02.26 11:45:16.212,1.6016,1.60205,0.90,0.20
2008.02.26 11:45:16.873,1.6016,1.60205,0.60,0.20
2008.02.26 11:45:18.883,1.6016,1.6021,0.70,0.10
2008.02.26 11:45:19.138,1.6017,1.6021,0.40,0.10
2008.02.26 11:45:19.412,1.6017,1.6021,0.40,0.10
2008.02.26 11:45:19.685,1.6017,1.6021,0.40,0.10
2008.02.26 11:45:19.961,1.60175,1.60205,1.00,0.20
2008.02.26 11:45:20.234,1.60175,1.60205,1.00,0.20
2008.02.26 11:45:20.563,1.60175,1.60205,0.70,0.20
2008.02.26 11:45:20.875,1.60175,1.60205,0.60,0.20
2008.02.26 11:45:21.189,1.60175,1.60205,1.10,0.20
2008.02.26 11:45:21.527,1.60175,1.60205,0.80,0.20
2008.02.26 11:45:21.863,1.6017,1.60205,0.40,0.20
2008.02.26 11:45:22.394,1.6017,1.60205,0.40,0.20
2008.02.26 11:45:22.728,1.6017,1.60205,0.40,0.20
2008.02.26 11:45:23.061,1.6016,1.602,0.40,0.30
2008.02.26 11:45:24.944,1.6016,1.602,0.40,0.30
2008.02.26 11:45:26.152,1.6016,1.602,0.40,0.10
2008.02.26 11:45:26.425,1.6016,1.602,0.40,0.10
2008.02.26 11:45:26.668,1.6016,1.602,0.80,0.30
2008.02.26 11:45:26.910,1.6016,1.602,0.80,0.30
2008.02.26 11:45:27.324,1.6016,1.602,0.40,0.30
2008.02.26 11:45:27.677,1.6016,1.602,0.40,0.30
2008.02.26 11:45:29.961,1.6016,1.602,0.40,0.30
2008.02.26 11:45:30.235,1.6016,1.60195,0.40,0.20
2008.02.26 11:45:30.509,1.6016,1.60195,0.40,0.20
2008.02.26 11:45:34.668,1.6016,1.60195,0.40,0.20
2008.02.26 11:45:34.955,1.6016,1.60195,0.40,0.20
2008.02.26 11:45:35.244,1.6016,1.602,0.80,0.10
2008.02.26 11:45:35.825,1.6016,1.602,0.80,0.10
2008.02.26 11:45:36.735,1.6016,1.602,0.80,0.10
2008.02.26 11:45:37.004,1.60175,1.6022,1.10,0.30
2008.02.26 11:45:37.272,1.60175,1.60215,1.10,0.20
2008.02.26 11:45:37.541,1.6017,1.6021,0.40,0.10
2008.02.26 11:45:37.873,1.6017,1.6021,0.40,0.10
2008.02.26 11:45:39.948,1.6017,1.6021,0.40,0.10
2008.02.26 11:45:40.211,1.6017,1.60205,0.40,0.20
2008.02.26 11:45:40.474,1.6017,1.60205,0.40,0.20
2008.02.26 11:45:40.737,1.6017,1.6021,0.40,0.10
2008.02.26 11:45:41.055,1.6017,1.6021,0.40,0.10
2008.02.26 11:45:41.374,1.60175,1.6021,1.10,0.10
2008.02.26 11:45:41.692,1.60175,1.6021,1.10,0.10
2008.02.26 11:45:41.926,1.60175,1.6021,1.10,0.10
2008.02.26 11:45:42.626,1.60175,1.6021,0.50,0.10
2008.02.26 11:45:42.915,1.6017,1.6021,0.40,0.10
2008.02.26 11:45:44.982,1.6017,1.6021,0.40,0.10
2008.02.26 11:45:45.263,1.6017,1.6021,0.40,0.10
2008.02.26 11:45:45.541,1.6017,1.6021,0.40,0.10
2008.02.26 11:45:45.819,1.6017,1.60205,0.40,0.20
2008.02.26 11:45:48.978,1.6017,1.6021,0.40,0.10
2008.02.26 11:45:49.231,1.6017,1.6021,0.40,0.10
2008.02.26 11:45:49.366,1.6017,1.6021,0.40,0.10
2008.02.26 11:45:50.013,1.6017,1.6021,0.40,0.10
2008.02.26 11:45:54.331,1.6017,1.6021,0.40,0.10
2008.02.26 11:45:54.639,1.6017,1.6021,0.40,0.10
2008.02.26 11:45:54.947,1.6017,1.60205,0.40,0.20
2008.02.26 11:45:56.051,1.6017,1.60205,0.40,0.20
2008.02.26 11:46:00.001,1.6017,1.60205,0.40,0.20
2008.02.26 11:46:01.579,1.6018,1.60205,0.40,0.20
2008.02.26 11:46:05.028,1.6018,1.60205,0.40,0.20
2008.02.26 11:46:07.124,1.6018,1.602,0.40,0.20
2008.02.26 11:46:07.386,1.60165,1.602,1.60,0.20
2008.02.26 11:46:07.650,1.60165,1.602,1.60,0.20
2008.02.26 11:46:07.913,1.60165,1.6019,1.60,0.10
2008.02.26 11:46:09.617,1.60165,1.6019,1.60,0.10
2008.02.26 11:46:09.880,1.6017,1.60205,0.40,0.20
2008.02.26 11:46:10.144,1.6017,1.60205,0.40,0.20
2008.02.26 11:46:10.408,1.6017,1.60195,0.40,0.20
2008.02.26 11:46:10.722,1.6017,1.6019,0.40,0.10
2008.02.26 11:46:12.720,1.6017,1.6019,0.40,0.10
2008.02.26 11:46:12.993,1.6018,1.6021,0.40,0.10
2008.02.26 11:46:13.267,1.6018,1.6021,0.40,0.10
2008.02.26 11:46:13.541,1.6018,1.6021,0.40,0.10
2008.02.26 11:46:13.813,1.6018,1.6021,0.40,0.10
2008.02.26 11:46:14.098,1.6018,1.6021,0.40,0.10
2008.02.26 11:46:15.043,1.6018,1.6021,0.40,0.10
2008.02.26 11:46:17.720,1.6018,1.6021,0.40,0.10
2008.02.26 11:46:17.983,1.6018,1.6021,0.40,0.10
2008.02.26 11:46:18.246,1.6018,1.60205,0.40,0.20
2008.02.26 11:46:18.510,1.6018,1.60205,0.40,0.20
2008.02.26 11:46:18.773,1.6018,1.60205,0.40,0.20
2008.02.26 11:46:20.046,1.6018,1.60205,0.40,0.20
2008.02.26 11:46:22.375,1.6018,1.60205,0.40,0.20
2008.02.26 11:46:25.053,1.6018,1.60205,0.40,0.20
2008.02.26 11:46:30.052,1.6018,1.60205,0.40,0.20
2008.02.26 11:46:33.473,1.6018,1.60205,0.40,0.20
2008.02.26 11:46:35.060,1.6018,1.60205,0.40,0.20
2008.02.26 11:46:40.080,1.6018,1.60205,0.40,0.20
2008.02.26 11:46:45.094,1.6018,1.60205,0.40,0.20
2008.02.26 11:46:46.226,1.6018,1.6021,0.40,0.10
2008.02.26 11:46:46.505,1.6018,1.6021,0.40,0.10
2008.02.26 11:46:46.784,1.6018,1.6021,0.40,0.10
2008.02.26 11:46:47.372,1.6018,1.6021,0.40,0.10
2008.02.26 11:46:47.784,1.6018,1.6021,0.40,0.10
2008.02.26 11:46:49.332,1.6018,1.6021,0.40,0.10
2008.02.26 11:46:49.833,1.6018,1.6021,0.40,0.10
2008.02.26 11:46:50.095,1.6018,1.6021,0.40,0.10
2008.02.26 11:46:50.803,1.6018,1.6021,0.40,0.10
2008.02.26 11:46:51.115,1.602,1.6023,0.40,0.30
2008.02.26 11:46:51.428,1.6019,1.6022,0.80,0.10
2008.02.26 11:46:51.672,1.6019,1.6022,0.80,0.10
2008.02.26 11:46:51.916,1.6021,1.60255,0.40,5.70
2008.02.26 11:46:52.159,1.6021,1.60255,0.40,5.70
2008.02.26 11:46:52.402,1.6021,1.60255,0.40,5.70
2008.02.26 11:46:52.885,1.6022,1.60255,0.40,5.70
2008.02.26 11:46:55.037,1.6022,1.60255,0.40,5.60
2008.02.26 11:46:55.144,1.6023,1.60255,0.40,6.40
2008.02.26 11:46:55.252,1.6023,1.60255,0.40,8.00
2008.02.26 11:46:55.332,1.6023,1.60255,0.40,5.60
2008.02.26 11:46:55.428,1.6022,1.60255,0.40,5.60
2008.02.26 11:46:55.886,1.6022,1.60255,0.40,5.60
2008.02.26 11:46:56.734,1.6022,1.60255,0.40,5.60
2008.02.26 11:46:57.069,1.6022,1.60255,0.40,5.60
2008.02.26 11:47:00.133,1.6022,1.60255,0.40,5.60
2008.02.26 11:47:03.659,1.6022,1.6025,0.40,0.20
2008.02.26 11:47:03.882,1.6022,1.6025,0.40,0.20
2008.02.26 11:47:04.107,1.6022,1.6025,0.40,0.20
2008.02.26 11:47:04.570,1.6022,1.6025,0.40,0.20
2008.02.26 11:47:05.120,1.6022,1.6025,0.40,0.20
2008.02.26 11:47:06.745,1.6022,1.6025,0.40,0.20
2008.02.26 11:47:07.613,1.6022,1.6025,0.40,0.20
2008.02.26 11:47:07.893,1.6022,1.60245,0.40,4.10
2008.02.26 11:47:08.250,1.6021,1.60245,0.40,4.10
2008.02.26 11:47:08.910,1.6022,1.60245,0.40,4.10
2008.02.26 11:47:09.188,1.6022,1.60255,0.40,5.70
2008.02.26 11:47:09.466,1.6022,1.60255,0.40,5.70
2008.02.26 11:47:09.724,1.6022,1.60255,0.40,5.70
2008.02.26 11:47:10.133,1.6022,1.60255,0.40,5.70
2008.02.26 11:47:10.838,1.6022,1.60255,0.40,5.70
2008.02.26 11:47:11.151,1.6022,1.60255,0.40,5.70
2008.02.26 11:47:11.465,1.6022,1.6025,0.40,0.10
2008.02.26 11:47:11.697,1.6022,1.6025,0.40,0.10
2008.02.26 11:47:11.930,1.6022,1.6025,0.40,0.30
2008.02.26 11:47:12.178,1.6022,1.6025,0.40,0.30
2008.02.26 11:47:12.397,1.6023,1.6026,0.40,0.30
2008.02.26 11:47:12.705,1.6023,1.6026,0.40,0.30
2008.02.26 11:47:13.323,1.6023,1.6026,0.40,0.30
2008.02.26 11:47:13.633,1.6023,1.6025,0.40,0.10
2008.02.26 11:47:13.877,1.6023,1.6026,0.40,0.30
2008.02.26 11:47:14.119,1.6023,1.6026,0.40,0.30
2008.02.26 11:47:14.364,1.6023,1.60255,0.40,1.60
2008.02.26 11:47:14.608,1.6023,1.6025,0.40,0.10
2008.02.26 11:47:14.912,1.6023,1.6026,0.40,0.10
2008.02.26 11:47:15.215,1.6024,1.6027,0.40,0.30
2008.02.26 11:47:15.518,1.6024,1.6027,0.40,0.10
2008.02.26 11:47:15.793,1.6024,1.6027,0.40,0.30
2008.02.26 11:47:16.068,1.6023,1.6027,0.40,0.10
2008.02.26 11:47:16.573,1.6023,1.6027,0.40,0.10
2008.02.26 11:47:17.610,1.6023,1.6027,0.40,0.10
2008.02.26 11:47:17.883,1.6024,1.6027,0.40,0.20
2008.02.26 11:47:18.142,1.6024,1.6027,0.40,0.30
2008.02.26 11:47:19.802,1.6024,1.6027,0.40,0.30
2008.02.26 11:47:20.147,1.6024,1.6027,0.40,0.30
2008.02.26 11:47:20.408,1.6024,1.6027,0.40,0.10
2008.02.26 11:47:20.686,1.6025,1.60275,0.40,5.60
2008.02.26 11:47:20.985,1.6025,1.60275,0.40,1.70
2008.02.26 11:47:21.283,1.6025,1.60275,0.40,1.60
2008.02.26 11:47:21.647,1.6025,1.6028,0.40,0.30
2008.02.26 11:47:21.894,1.6025,1.6028,0.40,0.30
2008.02.26 11:47:22.142,1.6025,1.6028,0.40,0.30
2008.02.26 11:47:24.617,1.6025,1.60275,0.40,0.20
2008.02.26 11:47:24.881,1.6024,1.60275,0.40,0.20
2008.02.26 11:47:25.169,1.6024,1.6027,0.40,0.20
2008.02.26 11:47:25.479,1.6024,1.6027,0.40,0.30
2008.02.26 11:47:26.844,1.6024,1.6027,0.40,0.30
2008.02.26 11:47:27.082,1.6024,1.6027,0.40,0.30
2008.02.26 11:47:27.398,1.6024,1.6027,0.40,0.20
2008.02.26 11:47:27.636,1.6024,1.60275,0.40,1.70
2008.02.26 11:47:28.351,1.6024,1.60275,0.40,1.70
2008.02.26 11:47:28.653,1.6024,1.6027,0.40,0.20
2008.02.26 11:47:28.957,1.6024,1.6027,0.40,0.20
2008.02.26 11:47:29.201,1.6024,1.6026,0.40,0.20
2008.02.26 11:47:29.444,1.6024,1.60265,0.40,1.70
2008.02.26 11:47:29.688,1.6023,1.60265,0.40,1.60
2008.02.26 11:47:29.932,1.6024,1.6027,0.40,0.30
2008.02.26 11:47:30.255,1.6024,1.6027,0.40,0.30
2008.02.26 11:47:30.578,1.6023,1.60265,0.40,1.70
2008.02.26 11:47:30.900,1.6023,1.60265,0.40,1.70
2008.02.26 11:47:31.180,1.6023,1.6026,0.40,0.20
2008.02.26 11:47:31.427,1.6023,1.60265,0.40,1.70
2008.02.26 11:47:31.909,1.6023,1.60265,0.40,1.70
2008.02.26 11:47:32.184,1.6023,1.60265,0.40,0.20
2008.02.26 11:47:32.459,1.6023,1.6027,0.40,0.30
2008.02.26 11:47:32.730,1.6024,1.6027,0.40,0.30
2008.02.26 11:47:34.148,1.6024,1.60265,0.40,0.20
2008.02.26 11:47:34.387,1.6023,1.60265,0.40,1.70
2008.02.26 11:47:34.625,1.6023,1.60265,0.40,1.70
2008.02.26 11:47:35.176,1.6023,1.60265,0.40,1.70
2008.02.26 11:47:36.780,1.6023,1.60265,0.40,5.70
2008.02.26 11:47:37.039,1.6023,1.60265,0.40,5.70
2008.02.26 11:47:37.302,1.6023,1.6026,0.40,0.30
2008.02.26 11:47:37.565,1.6024,1.6027,0.40,0.30
2008.02.26 11:47:37.827,1.6024,1.6027,0.40,0.30
2008.02.26 11:47:38.090,1.6024,1.6027,0.40,0.30
2008.02.26 11:47:40.186,1.6024,1.6027,0.40,0.30
2008.02.26 11:47:41.628,1.6024,1.60265,0.40,0.20
2008.02.26 11:47:43.613,1.6024,1.60265,0.40,1.70
2008.02.26 11:47:43.923,1.6023,1.60255,0.40,0.20
2008.02.26 11:47:44.233,1.6024,1.6026,0.40,0.20
2008.02.26 11:47:44.486,1.6024,1.6026,0.40,0.20
2008.02.26 11:47:44.740,1.6024,1.6026,0.40,0.20
2008.02.26 11:47:44.993,1.6024,1.6026,0.40,0.20
2008.02.26 11:47:45.247,1.6023,1.6026,0.40,0.20
2008.02.26 11:47:45.545,1.6023,1.6026,0.40,0.20
2008.02.26 11:47:45.845,1.6023,1.6026,0.40,0.20
2008.02.26 11:47:46.157,1.6023,1.6026,0.40,0.20
2008.02.26 11:47:46.445,1.6023,1.6026,0.40,0.20
2008.02.26 11:47:48.054,1.6023,1.60255,0.40,0.20
2008.02.26 11:47:48.337,1.6023,1.60255,0.40,0.20
2008.02.26 11:47:48.571,1.6023,1.60255,0.40,0.20
2008.02.26 11:47:48.804,1.6023,1.60255,0.40,0.20
2008.02.26 11:47:50.211,1.6023,1.60255,0.40,0.20
2008.02.26 11:47:52.160,1.6023,1.60255,0.40,0.20
2008.02.26 11:47:55.221,1.6023,1.60255,0.40,0.20
2008.02.26 11:47:56.397,1.6023,1.60255,0.40,1.70
2008.02.26 11:47:56.700,1.6023,1.6025,0.40,0.10
2008.02.26 11:47:57.003,1.6023,1.60255,0.40,0.20
2008.02.26 11:47:57.306,1.6023,1.60255,0.40,0.20
2008.02.26 11:47:59.035,1.6023,1.60255,0.40,0.20
2008.02.26 11:48:00.219,1.6023,1.60255,0.40,0.20
2008.02.26 11:48:01.861,1.6023,1.60255,0.40,0.20
2008.02.26 11:48:02.094,1.6023,1.60265,0.40,5.60
2008.02.26 11:48:02.329,1.6024,1.60265,0.40,1.60
2008.02.26 11:48:02.663,1.6024,1.6027,0.40,0.20
2008.02.26 11:48:03.001,1.6025,1.60275,0.40,5.60
2008.02.26 11:48:03.335,1.6025,1.60285,0.40,5.70
2008.02.26 11:48:03.566,1.6025,1.60285,0.40,1.70
2008.02.26 11:48:03.810,1.6025,1.6029,0.40,0.20
2008.02.26 11:48:04.054,1.6025,1.6028,0.40,0.20
2008.02.26 11:48:04.281,1.6025,1.6028,0.40,0.20
2008.02.26 11:48:05.234,1.6025,1.6028,0.40,0.20
2008.02.26 11:48:06.051,1.6025,1.6028,0.40,0.20
2008.02.26 11:48:06.432,1.6025,1.6029,0.40,0.20
2008.02.26 11:48:06.717,1.6026,1.6029,0.40,0.20
2008.02.26 11:48:07.000,1.6026,1.6029,0.40,0.20
2008.02.26 11:48:08.400,1.6026,1.60285,0.40,0.20
2008.02.26 11:48:08.628,1.6026,1.60285,0.40,0.20
2008.02.26 11:48:08.872,1.6026,1.60285,0.40,0.20
2008.02.26 11:48:09.100,1.6024,1.6028,0.40,0.10
2008.02.26 11:48:09.328,1.6025,1.60285,0.40,2.40
2008.02.26 11:48:09.615,1.6025,1.60285,0.40,2.50
2008.02.26 11:48:10.072,1.6024,1.6028,0.40,0.10
2008.02.26 11:48:10.405,1.6024,1.6028,0.40,0.30
2008.02.26 11:48:10.669,1.6024,1.6028,0.40,0.30
2008.02.26 11:48:10.981,1.6024,1.6028,0.40,0.10
2008.02.26 11:48:11.244,1.6024,1.60285,0.40,4.10
2008.02.26 11:48:11.605,1.6024,1.60285,0.40,4.10
2008.02.26 11:48:11.963,1.6024,1.6028,0.40,0.10
2008.02.26 11:48:12.232,1.6024,1.6028,0.40,0.20
2008.02.26 11:48:12.500,1.6024,1.60285,0.40,8.10
2008.02.26 11:48:12.788,1.6024,1.6028,0.40,0.30
2008.02.26 11:48:13.076,1.6024,1.6028,0.40,0.30
2008.02.26 11:48:13.513,1.6024,1.6028,0.40,0.30
2008.02.26 11:48:14.100,1.6024,1.6028,0.40,0.30
2008.02.26 11:48:14.393,1.6023,1.6028,0.40,0.30
2008.02.26 11:48:14.686,1.6023,1.60275,0.40,0.20
2008.02.26 11:48:14.990,1.6023,1.60275,0.40,0.20
2008.02.26 11:48:15.233,1.6024,1.60275,0.40,0.20
2008.02.26 11:48:15.477,1.6024,1.60275,0.40,1.70
2008.02.26 11:48:15.806,1.6024,1.6027,0.40,0.30
2008.02.26 11:48:16.135,1.6023,1.6027,0.40,0.20
2008.02.26 11:48:16.464,1.6025,1.6027,0.40,0.20
2008.02.26 11:48:16.792,1.6025,1.60275,0.40,0.20
2008.02.26 11:48:17.036,1.6025,1.60275,0.40,0.20
2008.02.26 11:48:17.293,1.6025,1.60275,0.40,0.20
2008.02.26 11:48:20.118,1.6025,1.60275,0.40,0.20
2008.02.26 11:48:20.451,1.6025,1.6029,0.40,0.10
2008.02.26 11:48:20.729,1.6025,1.6029,0.40,0.10
2008.02.26 11:48:21.027,1.6027,1.60295,0.40,0.20
2008.02.26 11:48:21.324,1.6027,1.60295,0.40,0.20
2008.02.26 11:48:21.626,1.6027,1.603,0.40,0.20
2008.02.26 11:48:21.896,1.6027,1.603,0.40,0.20
2008.02.26 11:48:22.169,1.6027,1.603,0.40,0.20
2008.02.26 11:48:22.776,1.6027,1.603,0.40,0.20
2008.02.26 11:48:23.100,1.6027,1.60305,0.40,0.20
2008.02.26 11:48:23.409,1.6028,1.6031,0.40,0.30
2008.02.26 11:48:23.736,1.6028,1.6031,0.40,0.20
2008.02.26 11:48:24.009,1.6029,1.6031,0.40,0.20
2008.02.26 11:48:24.298,1.6028,1.6031,0.40,0.20
2008.02.26 11:48:24.557,1.6029,1.60315,0.40,0.20
2008.02.26 11:48:24.829,1.6029,1.60315,0.40,0.20
2008.02.26 11:48:25.118,1.6029,1.6031,0.40,0.20
2008.02.26 11:48:25.405,1.6029,1.60315,0.40,0.20
2008.02.26 11:48:25.695,1.6029,1.60315,0.40,0.20
2008.02.26 11:48:28.604,1.6029,1.6032,0.40,0.20
2008.02.26 11:48:28.903,1.6029,1.6032,0.40,0.20
2008.02.26 11:48:29.344,1.6029,1.6031,0.40,0.20
2008.02.26 11:48:29.602,1.6029,1.6031,0.40,0.20
2008.02.26 11:48:29.859,1.6029,1.6031,0.40,0.20
2008.02.26 11:48:30.131,1.6028,1.6031,0.40,0.20
2008.02.26 11:48:34.849,1.6028,1.6031,0.40,0.20
2008.02.26 11:48:35.148,1.6029,1.60315,0.40,0.20
2008.02.26 11:48:35.446,1.6029,1.60315,0.40,0.20
2008.02.26 11:48:36.288,1.6029,1.60315,0.40,0.20
2008.02.26 11:48:36.550,1.6029,1.60315,0.40,0.20
2008.02.26 11:48:36.813,1.6029,1.60315,0.40,0.20
2008.02.26 11:48:37.077,1.6029,1.60315,0.40,0.20
2008.02.26 11:48:38.032,1.6029,1.60315,0.40,0.20
2008.02.26 11:48:39.539,1.6029,1.60315,0.40,2.50
2008.02.26 11:48:39.795,1.6029,1.60315,0.40,2.50
2008.02.26 11:48:40.126,1.6029,1.60315,0.40,2.50
2008.02.26 11:48:40.451,1.6028,1.60315,0.40,2.50
2008.02.26 11:48:40.760,1.6028,1.60315,0.40,2.50
2008.02.26 11:48:42.575,1.6028,1.60315,0.40,2.50
2008.02.26 11:48:43.133,1.6028,1.6031,0.40,0.20
2008.02.26 11:48:43.984,1.6028,1.60315,0.40,2.40
2008.02.26 11:48:44.216,1.6028,1.60315,0.40,2.40
2008.02.26 11:48:44.449,1.6028,1.60315,0.40,2.40
2008.02.26 11:48:44.683,1.6028,1.6031,0.40,0.20
2008.02.26 11:48:44.916,1.6028,1.6031,0.40,0.20
2008.02.26 11:48:45.303,1.6028,1.6031,0.40,0.20
2008.02.26 11:48:45.959,1.6028,1.6031,0.40,0.20
2008.02.26 11:48:46.217,1.6028,1.6031,0.40,0.20
2008.02.26 11:48:46.973,1.6028,1.60315,0.40,2.40
2008.02.26 11:48:47.251,1.6028,1.60315,0.40,2.40
2008.02.26 11:48:47.545,1.6028,1.60315,0.40,2.40
2008.02.26 11:48:47.824,1.6028,1.60315,0.40,2.40
2008.02.26 11:48:50.303,1.6028,1.60315,0.40,2.40
2008.02.26 11:48:52.042,1.6028,1.60315,0.40,2.40
2008.02.26 11:48:52.270,1.6029,1.60315,0.40,2.40
2008.02.26 11:48:52.497,1.6029,1.60315,0.40,2.40
2008.02.26 11:48:52.725,1.6029,1.60315,0.40,6.40
2008.02.26 11:48:55.307,1.6029,1.60315,0.40,6.40
2008.02.26 11:48:55.596,1.6029,1.60315,0.40,2.40
2008.02.26 11:48:55.899,1.6029,1.6031,0.40,0.20
2008.02.26 11:48:56.189,1.6027,1.6031,0.40,0.30
2008.02.26 11:48:56.487,1.6027,1.60305,0.40,0.20
2008.02.26 11:48:56.785,1.6026,1.603,0.40,0.10
2008.02.26 11:48:57.084,1.6026,1.603,0.40,0.10
2008.02.26 11:48:57.956,1.6026,1.60295,0.40,0.20
2008.02.26 11:48:58.220,1.60245,1.6029,0.70,0.10
2008.02.26 11:48:58.494,1.60245,1.6029,1.20,0.10
2008.02.26 11:48:58.778,1.60255,1.6029,0.50,0.10
2008.02.26 11:48:59.051,1.6027,1.6031,0.40,0.30
2008.02.26 11:48:59.324,1.6027,1.6031,0.40,0.30
2008.02.26 11:48:59.607,1.60265,1.6029,0.50,0.10
2008.02.26 11:48:59.891,1.60245,1.6029,1.00,0.10
2008.02.26 11:49:00.177,1.60245,1.6029,0.90,0.10
2008.02.26 11:49:00.450,1.60245,1.60285,1.20,0.20
2008.02.26 11:49:00.713,1.60245,1.60285,0.50,0.20
2008.02.26 11:49:00.975,1.6024,1.60285,0.40,0.20
2008.02.26 11:49:01.238,1.6023,1.6027,0.50,0.10
2008.02.26 11:49:01.561,1.60225,1.6027,1.70,0.10
2008.02.26 11:49:01.886,1.60225,1.60275,0.80,0.20
2008.02.26 11:49:02.208,1.60225,1.6027,0.70,0.20
2008.02.26 11:49:02.447,1.60225,1.6027,1.20,0.20
2008.02.26 11:49:02.686,1.60215,1.6026,1.50,0.30
2008.02.26 11:49:02.925,1.60215,1.6026,0.70,0.30
2008.02.26 11:49:03.163,1.60215,1.6026,1.10,0.30
2008.02.26 11:49:05.329,1.60215,1.6026,0.80,0.30
2008.02.26 11:49:06.482,1.60215,1.6025,0.90,0.20
2008.02.26 11:49:06.765,1.60205,1.6025,1.20,0.20
2008.02.26 11:49:07.048,1.60205,1.6025,1.10,0.20
2008.02.26 11:49:07.331,1.60205,1.6025,0.50,0.30
2008.02.26 11:49:07.615,1.60205,1.6025,1.60,0.10
2008.02.26 11:49:07.900,1.60205,1.6025,0.50,0.10
2008.02.26 11:49:08.183,1.6022,1.6026,0.40,0.30
2008.02.26 11:49:09.047,1.6022,1.6026,0.40,0.30
2008.02.26 11:49:10.100,1.6022,1.6026,0.40,0.30
2008.02.26 11:49:10.608,1.6022,1.6026,0.40,0.30
2008.02.26 11:49:12.380,1.6022,1.6026,0.40,0.30
2008.02.26 11:49:12.976,1.6022,1.6026,0.40,0.30
2008.02.26 11:49:13.235,1.60225,1.6026,2.40,0.10
2008.02.26 11:49:13.493,1.6023,1.6027,0.40,0.30
2008.02.26 11:49:13.791,1.6024,1.6027,0.40,0.30
2008.02.26 11:49:14.089,1.6024,1.6027,0.40,0.30
2008.02.26 11:49:14.402,1.6024,1.6027,0.40,0.30
2008.02.26 11:49:14.685,1.6024,1.6027,0.40,0.30
2008.02.26 11:49:14.938,1.6023,1.6026,0.40,0.10
2008.02.26 11:49:15.192,1.6023,1.6027,0.40,0.10
2008.02.26 11:49:15.445,1.6023,1.6027,0.40,0.10
2008.02.26 11:49:15.753,1.60235,1.6027,4.00,0.10
2008.02.26 11:49:16.062,1.6025,1.6028,0.40,0.10
2008.02.26 11:49:16.369,1.6026,1.6028,0.40,0.10
2008.02.26 11:49:16.689,1.6026,1.6028,0.40,0.10
2008.02.26 11:49:16.989,1.6026,1.6028,0.40,0.10
2008.02.26 11:49:17.984,1.6026,1.6028,0.40,0.10
2008.02.26 11:49:18.222,1.6026,1.6028,0.40,0.10
2008.02.26 11:49:18.461,1.6026,1.6028,0.40,0.10
2008.02.26 11:49:18.699,1.60245,1.6027,1.60,0.10
2008.02.26 11:49:19.007,1.60245,1.6027,1.60,0.10
2008.02.26 11:49:19.315,1.60245,1.6027,4.00,0.10
2008.02.26 11:49:19.625,1.6025,1.6028,0.40,0.10
2008.02.26 11:49:19.908,1.60255,1.6028,1.60,0.10
2008.02.26 11:49:20.190,1.60255,1.6028,1.60,0.10
2008.02.26 11:49:20.473,1.6026,1.6029,0.40,0.10
2008.02.26 11:49:21.007,1.6026,1.6029,0.40,0.10
2008.02.26 11:49:21.291,1.60265,1.6029,4.00,0.10
2008.02.26 11:49:21.574,1.60265,1.6029,4.00,0.10
2008.02.26 11:49:21.863,1.6027,1.603,0.40,0.10
2008.02.26 11:49:22.152,1.6031,1.6033,0.40,0.10
2008.02.26 11:49:22.440,1.6031,1.6033,0.40,0.10
2008.02.26 11:49:22.729,1.6029,1.6032,0.40,0.10
2008.02.26 11:49:22.996,1.6029,1.6032,0.40,0.10
2008.02.26 11:49:23.617,1.6029,1.6032,0.40,0.10
2008.02.26 11:49:23.883,1.6029,1.6032,0.40,0.10
2008.02.26 11:49:24.166,1.6029,1.6032,0.40,0.10
2008.02.26 11:49:25.366,1.6029,1.6032,0.40,0.10
2008.02.26 11:49:27.547,1.6029,1.6032,0.40,0.30
2008.02.26 11:49:27.814,1.6029,1.6032,0.40,0.30
2008.02.26 11:49:28.118,1.6029,1.6032,0.40,0.10
2008.02.26 11:49:28.391,1.6029,1.6032,0.40,0.10
2008.02.26 11:49:30.415,1.6029,1.6032,0.40,0.10
2008.02.26 11:49:30.612,1.60285,1.6031,1.60,0.10
2008.02.26 11:49:30.834,1.60275,1.6031,1.60,0.10
2008.02.26 11:49:31.060,1.60275,1.6031,1.60,0.10
2008.02.26 11:49:31.392,1.6027,1.6031,0.40,0.10
2008.02.26 11:49:33.082,1.6027,1.6031,0.40,0.10
2008.02.26 11:49:33.386,1.6027,1.6031,0.40,0.10
2008.02.26 11:49:33.715,1.6027,1.6031,0.40,0.10
2008.02.26 11:49:34.018,1.6027,1.6031,0.40,0.30
2008.02.26 11:49:34.286,1.6027,1.6031,0.40,0.30
2008.02.26 11:49:34.555,1.6027,1.6031,0.40,0.30
2008.02.26 11:49:34.843,1.6027,1.603,0.40,0.10
2008.02.26 11:49:35.391,1.6027,1.603,0.40,0.10
2008.02.26 11:49:40.404,1.6027,1.603,0.40,0.10
2008.02.26 11:49:40.669,1.6027,1.603,0.40,0.10
2008.02.26 11:49:41.179,1.6027,1.603,0.40,0.10
2008.02.26 11:49:41.540,1.6027,1.603,0.40,0.10
2008.02.26 11:49:41.842,1.6027,1.603,0.40,0.10
2008.02.26 11:49:42.571,1.6027,1.603,0.40,0.10
2008.02.26 11:49:42.824,1.6027,1.603,0.40,0.10
2008.02.26 11:49:43.653,1.6027,1.603,0.40,0.10
2008.02.26 11:49:44.041,1.6027,1.603,0.40,0.10
2008.02.26 11:49:44.337,1.6027,1.603,0.40,0.10
2008.02.26 11:49:45.122,1.6027,1.603,0.40,0.10
2008.02.26 11:49:45.369,1.6027,1.603,0.40,0.10
2008.02.26 11:49:45.633,1.6027,1.603,0.40,0.10
2008.02.26 11:49:45.881,1.6027,1.603,0.40,0.10
2008.02.26 11:49:46.129,1.6027,1.603,0.40,0.10
2008.02.26 11:49:46.452,1.6027,1.603,0.40,0.10
2008.02.26 11:49:46.776,1.6027,1.6029,0.40,0.10
2008.02.26 11:49:47.115,1.6027,1.6029,0.40,0.10
2008.02.26 11:49:47.347,1.6027,1.6029,0.40,0.10
2008.02.26 11:49:47.595,1.6027,1.6029,0.40,0.10
2008.02.26 11:49:47.946,1.6027,1.6029,0.40,0.10
2008.02.26 11:49:48.194,1.6027,1.603,0.40,0.10
2008.02.26 11:49:48.482,1.6027,1.603,0.40,0.10
2008.02.26 11:49:48.770,1.6027,1.603,0.40,0.10
2008.02.26 11:49:49.059,1.6027,1.603,0.40,0.10
2008.02.26 11:49:49.326,1.6027,1.603,0.40,0.10
2008.02.26 11:49:49.594,1.6027,1.603,0.40,0.10
2008.02.26 11:49:49.862,1.6027,1.603,0.40,0.10
2008.02.26 11:49:50.283,1.6027,1.603,0.40,0.10
2008.02.26 11:49:50.597,1.6027,1.603,0.40,0.10
2008.02.26 11:49:50.875,1.6027,1.603,0.40,0.10
2008.02.26 11:49:51.153,1.6027,1.603,0.40,0.10
2008.02.26 11:49:51.456,1.6027,1.603,0.40,0.10
2008.02.26 11:49:51.759,1.6027,1.603,0.40,0.10
2008.02.26 11:49:52.062,1.6027,1.603,0.40,0.10
2008.02.26 11:49:52.367,1.6027,1.603,0.40,0.10
2008.02.26 11:49:52.631,1.6027,1.603,0.40,0.10
2008.02.26 11:49:54.609,1.6027,1.603,0.40,0.10
2008.02.26 11:49:54.863,1.6027,1.603,0.40,0.10
2008.02.26 11:49:55.116,1.6027,1.603,0.40,0.10
2008.02.26 11:49:55.429,1.6027,1.603,0.40,0.10
2008.02.26 11:49:55.994,1.6027,1.603,0.40,0.10
2008.02.26 11:49:56.282,1.6027,1.603,0.40,0.10
2008.02.26 11:50:00.430,1.6027,1.603,0.40,0.10
2008.02.26 11:50:02.202,1.6027,1.603,0.40,0.10
2008.02.26 11:50:02.440,1.6028,1.6031,0.40,0.10
2008.02.26 11:50:02.678,1.6028,1.6031,0.40,0.10
2008.02.26 11:50:03.377,1.6028,1.6031,0.40,0.10
2008.02.26 11:50:03.709,1.6028,1.6032,0.40,0.10
2008.02.26 11:50:04.067,1.6028,1.6032,0.40,0.10
2008.02.26 11:50:04.380,1.6028,1.6032,0.40,0.10
2008.02.26 11:50:04.638,1.60285,1.6032,2.40,0.10
2008.02.26 11:50:04.891,1.6028,1.6032,0.40,0.10
2008.02.26 11:50:05.387,1.6028,1.6032,0.40,0.10
2008.02.26 11:50:05.488,1.6028,1.6032,0.40,0.10
2008.02.26 11:50:05.650,1.6028,1.6032,0.40,0.10
2008.02.26 11:50:05.913,1.6028,1.6032,0.40,0.10
2008.02.26 11:50:06.176,1.6028,1.6032,0.40,0.10
2008.02.26 11:50:06.439,1.6028,1.6032,0.40,0.10
2008.02.26 11:50:07.051,1.6028,1.6032,0.40,0.10
2008.02.26 11:50:07.379,1.60285,1.6032,4.00,0.10
2008.02.26 11:50:07.613,1.60285,1.6032,2.40,0.10
2008.02.26 11:50:07.847,1.60285,1.6031,2.40,0.10
2008.02.26 11:50:08.081,1.6028,1.6032,0.40,0.10
2008.02.26 11:50:08.314,1.60285,1.6032,4.00,0.10
2008.02.26 11:50:08.646,1.60285,1.6032,4.00,0.10
2008.02.26 11:50:08.980,1.6029,1.6032,0.40,0.10
2008.02.26 11:50:09.329,1.6029,1.6032,0.40,0.10
2008.02.26 11:50:09.552,1.6029,1.6032,0.40,0.10
2008.02.26 11:50:09.790,1.6029,1.6031,0.40,0.10
2008.02.26 11:50:10.027,1.6029,1.6031,0.40,0.10
2008.02.26 11:50:10.266,1.6029,1.6031,0.40,0.10
2008.02.26 11:50:10.589,1.6029,1.6031,0.40,0.10
2008.02.26 11:50:10.940,1.603,1.6032,0.40,0.10
2008.02.26 11:50:11.251,1.603,1.6032,0.40,0.10
2008.02.26 11:50:11.560,1.60295,1.603,2.40,0.10
2008.02.26 11:50:11.849,1.6029,1.6031,0.40,0.10
2008.02.26 11:50:12.106,1.6029,1.6031,0.40,0.10
2008.02.26 11:50:12.379,1.603,1.6032,0.40,0.10
2008.02.26 11:50:12.652,1.603,1.6032,0.40,0.10
2008.02.26 11:50:12.916,1.6029,1.6031,0.40,0.10
2008.02.26 11:50:13.178,1.6029,1.6031,0.40,0.10
2008.02.26 11:50:13.442,1.6029,1.6031,0.40,0.10
2008.02.26 11:50:13.705,1.6029,1.6031,0.40,0.10
2008.02.26 11:50:13.982,1.6029,1.6031,0.40,0.10
2008.02.26 11:50:14.261,1.6029,1.6032,0.40,0.10
2008.02.26 11:50:14.540,1.6029,1.6032,0.40,0.10
2008.02.26 11:50:14.885,1.6029,1.6032,0.40,0.10
2008.02.26 11:50:15.164,1.6029,1.6032,0.40,0.10
2008.02.26 11:50:15.442,1.6029,1.6032,0.40,0.10
2008.02.26 11:50:15.721,1.6029,1.6032,0.40,0.10
2008.02.26 11:50:16.081,1.6029,1.6031,0.40,0.10
2008.02.26 11:50:16.602,1.6029,1.6031,0.40,0.10
2008.02.26 11:50:18.159,1.6029,1.6032,0.40,0.10
2008.02.26 11:50:18.422,1.6029,1.6032,0.40,0.10
2008.02.26 11:50:18.686,1.6029,1.6032,0.40,0.10
2008.02.26 11:50:18.963,1.6029,1.6032,0.40,0.10
2008.02.26 11:50:19.236,1.6029,1.6032,0.40,0.10
2008.02.26 11:50:19.510,1.6029,1.6031,0.40,0.10
2008.02.26 11:50:19.774,1.6029,1.6031,0.40,0.10
2008.02.26 11:50:20.461,1.6029,1.6031,0.40,0.10
2008.02.26 11:50:20.723,1.6029,1.6031,0.40,0.10
2008.02.26 11:50:21.046,1.6029,1.6031,0.40,0.10
2008.02.26 11:50:21.621,1.6029,1.6031,0.40,0.10
2008.02.26 11:50:21.838,1.6029,1.6032,0.40,0.10
2008.02.26 11:50:22.057,1.6029,1.6032,0.40,0.10
2008.02.26 11:50:22.275,1.6029,1.6032,0.40,0.10
2008.02.26 11:50:22.493,1.6029,1.6032,0.40,0.10
2008.02.26 11:50:22.711,1.6029,1.6032,0.40,0.10
2008.02.26 11:50:23.044,1.6029,1.6032,0.40,0.10
2008.02.26 11:50:23.604,1.6029,1.6032,0.40,0.10
2008.02.26 11:50:25.487,1.6029,1.6032,0.40,0.10
2008.02.26 11:50:25.797,1.6029,1.6032,0.40,0.10
2008.02.26 11:50:26.306,1.6029,1.6032,0.40,0.10
2008.02.26 11:50:26.583,1.6029,1.6032,0.40,0.10
2008.02.26 11:50:26.864,1.6029,1.6032,0.40,0.10
2008.02.26 11:50:27.138,1.6029,1.6032,0.40,0.10
2008.02.26 11:50:27.386,1.6029,1.6032,0.40,0.10
2008.02.26 11:50:27.634,1.603,1.6033,0.40,0.10
2008.02.26 11:50:27.882,1.603,1.6032,0.40,0.10
2008.02.26 11:50:28.182,1.603,1.6032,0.40,0.10
2008.02.26 11:50:28.480,1.603,1.6032,0.40,0.10
2008.02.26 11:50:28.778,1.603,1.6032,0.40,0.10
2008.02.26 11:50:29.052,1.603,1.6032,0.40,0.10
2008.02.26 11:50:29.325,1.603,1.6032,0.40,0.10
2008.02.26 11:50:30.459,1.603,1.6032,0.40,0.10
2008.02.26 11:50:30.540,1.603,1.6032,0.40,0.10
2008.02.26 11:50:30.709,1.603,1.6032,0.40,0.10
2008.02.26 11:50:31.024,1.6029,1.6031,0.40,0.10
2008.02.26 11:50:31.337,1.6029,1.6031,0.40,0.10
2008.02.26 11:50:31.650,1.6029,1.6031,0.40,0.10
2008.02.26 11:50:32.666,1.6029,1.6031,0.40,0.10
2008.02.26 11:50:32.930,1.6027,1.603,0.40,0.10
2008.02.26 11:50:33.183,1.6027,1.603,0.40,0.10
2008.02.26 11:50:33.451,1.6027,1.603,0.40,0.10
2008.02.26 11:50:33.720,1.6027,1.603,0.40,0.10
2008.02.26 11:50:33.988,1.6027,1.603,0.40,0.10
2008.02.26 11:50:34.265,1.6027,1.603,0.40,0.10
2008.02.26 11:50:34.559,1.6027,1.603,0.40,0.10
2008.02.26 11:50:34.821,1.6027,1.603,0.40,0.10
2008.02.26 11:50:35.113,1.6027,1.603,0.40,0.10
2008.02.26 11:50:35.406,1.6027,1.603,0.40,0.10
2008.02.26 11:50:35.699,1.6027,1.603,0.40,0.10
2008.02.26 11:50:36.087,1.6027,1.603,0.40,0.10
2008.02.26 11:50:36.356,1.6027,1.603,0.40,0.10
2008.02.26 11:50:36.625,1.6027,1.603,0.40,0.10
2008.02.26 11:50:36.895,1.6027,1.603,0.40,0.10
2008.02.26 11:50:39.957,1.6027,1.603,0.40,0.10
2008.02.26 11:50:40.220,1.6027,1.603,0.40,0.10
2008.02.26 11:50:40.657,1.6027,1.603,0.40,0.30
2008.02.26 11:50:40.925,1.60255,1.6029,0.50,0.10
2008.02.26 11:50:41.193,1.6025,1.6029,0.40,0.10
2008.02.26 11:50:41.525,1.60265,1.6029,1.30,0.10
2008.02.26 11:50:41.858,1.6027,1.6029,0.40,0.10
2008.02.26 11:50:43.032,1.6027,1.6029,0.40,0.10
2008.02.26 11:50:44.624,1.6027,1.6029,0.40,0.10
2008.02.26 11:50:45.508,1.6027,1.6029,0.40,0.10
2008.02.26 11:50:46.145,1.6028,1.6031,0.40,0.10
2008.02.26 11:50:46.413,1.6025,1.6029,0.40,0.30
2008.02.26 11:50:46.712,1.6025,1.6029,0.40,0.10
2008.02.26 11:50:47.010,1.6025,1.6029,0.40,0.10
2008.02.26 11:50:47.308,1.6025,1.6029,0.40,0.10
2008.02.26 11:50:47.561,1.60255,1.603,1.10,0.10
2008.02.26 11:50:47.814,1.60255,1.603,0.80,0.10
2008.02.26 11:50:48.069,1.60255,1.603,1.00,0.10
2008.02.26 11:50:48.946,1.60255,1.603,2.60,0.10
2008.02.26 11:50:49.264,1.60255,1.603,1.30,0.10
2008.02.26 11:50:49.506,1.60255,1.603,1.70,0.10
2008.02.26 11:50:49.760,1.6026,1.6031,0.40,0.10
2008.02.26 11:50:50.016,1.60265,1.603,2.10,0.10
2008.02.26 11:50:50.236,1.60265,1.603,1.10,0.10
2008.02.26 11:50:50.565,1.6028,1.6032,0.40,0.10
2008.02.26 11:50:50.900,1.6028,1.6032,0.40,0.10
2008.02.26 11:50:51.228,1.6029,1.6031,0.40,0.10
2008.02.26 11:50:51.502,1.6028,1.6031,0.40,0.10
2008.02.26 11:50:51.825,1.6028,1.6031,0.40,0.10
2008.02.26 11:50:52.100,1.6028,1.6031,0.40,0.10
2008.02.26 11:50:52.374,1.6027,1.603,0.40,0.10
2008.02.26 11:50:52.681,1.6027,1.6029,0.40,0.10
2008.02.26 11:50:53.000,1.6027,1.6029,0.40,0.10
2008.02.26 11:50:53.286,1.6027,1.6029,0.40,0.10
2008.02.26 11:50:53.764,1.6027,1.6029,0.40,0.10
2008.02.26 11:50:54.027,1.6027,1.6029,0.40,0.10
2008.02.26 11:50:54.266,1.6027,1.603,0.40,0.10
2008.02.26 11:50:54.590,1.60275,1.603,0.50,0.10
2008.02.26 11:50:54.916,1.6029,1.6032,0.40,0.10
2008.02.26 11:50:55.238,1.603,1.6032,0.40,0.10
2008.02.26 11:50:55.562,1.603,1.6032,0.40,0.10
2008.02.26 11:50:55.825,1.6029,1.6031,0.40,0.10
2008.02.26 11:50:56.096,1.6028,1.6031,0.40,0.10
2008.02.26 11:50:56.461,1.6028,1.6031,0.40,0.10
2008.02.26 11:50:56.734,1.6028,1.6031,0.40,0.10
2008.02.26 11:50:57.007,1.6028,1.6031,0.40,0.10
2008.02.26 11:50:57.296,1.6028,1.6031,0.40,0.10
2008.02.26 11:50:57.686,1.6028,1.6031,0.40,0.10
2008.02.26 11:50:57.976,1.6028,1.6031,0.40,0.10
2008.02.26 11:50:58.264,1.6028,1.6031,0.40,0.10
2008.02.26 11:50:58.552,1.6028,1.6031,0.40,0.10
2008.02.26 11:51:00.533,1.6028,1.6031,0.40,0.10
2008.02.26 11:51:02.130,1.6028,1.6031,0.40,0.10
2008.02.26 11:51:02.472,1.6028,1.6031,0.40,0.10
2008.02.26 11:51:02.695,1.6028,1.6031,0.40,0.30
2008.02.26 11:51:02.918,1.6026,1.603,0.40,0.10
2008.02.26 11:51:03.140,1.6026,1.603,0.40,0.10
2008.02.26 11:51:03.365,1.60245,1.603,1.60,0.30
2008.02.26 11:51:03.604,1.60245,1.6029,1.60,0.10
2008.02.26 11:51:03.892,1.60245,1.6029,1.60,0.10
2008.02.26 11:51:04.195,1.60245,1.6029,1.60,0.10
2008.02.26 11:51:05.546,1.60245,1.6029,1.60,0.10
2008.02.26 11:51:06.136,1.60245,1.6029,1.60,0.10
2008.02.26 11:51:06.349,1.6024,1.6028,0.40,0.20
2008.02.26 11:51:06.763,1.6024,1.6027,0.40,0.10
2008.02.26 11:51:07.097,1.6025,1.6027,0.40,0.10
2008.02.26 11:51:07.430,1.6025,1.6027,0.40,0.10
2008.02.26 11:51:10.123,1.6025,1.6027,0.40,0.10
2008.02.26 11:51:10.376,1.6025,1.6027,0.40,0.10
2008.02.26 11:51:10.727,1.6025,1.6027,0.40,0.10
2008.02.26 11:51:11.163,1.6025,1.6027,0.40,0.10
2008.02.26 11:51:12.715,1.6025,1.6027,0.40,0.10
2008.02.26 11:51:12.970,1.6024,1.6027,0.40,0.10
2008.02.26 11:51:13.388,1.6024,1.6027,0.40,0.10
2008.02.26 11:51:13.650,1.6024,1.6027,0.40,0.10
2008.02.26 11:51:13.944,1.6024,1.6029,0.40,0.10
2008.02.26 11:51:14.253,1.60245,1.6029,1.60,0.10
2008.02.26 11:51:14.529,1.60245,1.6029,1.60,0.10
2008.02.26 11:51:15.576,1.60245,1.6029,1.60,0.10
2008.02.26 11:51:15.853,1.60245,1.6029,1.60,0.10
2008.02.26 11:51:16.146,1.60245,1.6029,1.60,0.10
2008.02.26 11:51:18.622,1.60245,1.6029,1.60,0.10
2008.02.26 11:51:19.239,1.6025,1.6029,0.40,0.10
2008.02.26 11:51:19.507,1.6025,1.6029,0.40,0.10
2008.02.26 11:51:19.775,1.6025,1.6029,0.40,0.10
2008.02.26 11:51:20.052,1.6025,1.6029,0.40,0.10
2008.02.26 11:51:20.331,1.6025,1.6029,0.40,0.10
2008.02.26 11:51:20.609,1.60245,1.6027,5.60,0.10
2008.02.26 11:51:20.888,1.60245,1.6027,4.00,0.10
2008.02.26 11:51:21.207,1.60235,1.6027,1.60,0.10
2008.02.26 11:51:21.645,1.60235,1.6027,1.60,0.10
2008.02.26 11:51:21.964,1.60235,1.6027,1.60,0.10
2008.02.26 11:51:22.239,1.60225,1.6027,1.60,0.10
2008.02.26 11:51:22.482,1.60225,1.6027,1.60,0.10
2008.02.26 11:51:22.739,1.60225,1.6027,1.60,0.10
2008.02.26 11:51:25.568,1.60225,1.6027,1.60,0.10
2008.02.26 11:51:26.088,1.60225,1.6027,1.60,0.10
2008.02.26 11:51:26.411,1.60225,1.6027,1.60,0.10
2008.02.26 11:51:26.734,1.60225,1.6027,1.60,0.10
2008.02.26 11:51:27.057,1.60225,1.6027,1.60,0.10
2008.02.26 11:51:27.293,1.60225,1.6027,1.60,0.10
2008.02.26 11:51:28.586,1.60225,1.6027,1.60,0.10
2008.02.26 11:51:29.110,1.60225,1.6027,1.60,0.10
2008.02.26 11:51:29.618,1.60225,1.6027,1.60,0.10
2008.02.26 11:51:30.582,1.60225,1.6027,1.60,0.10
2008.02.26 11:51:31.710,1.60225,1.6027,1.60,0.10
2008.02.26 11:51:32.624,1.60225,1.6027,1.60,0.10
2008.02.26 11:51:33.037,1.60225,1.6027,1.60,0.10
2008.02.26 11:51:33.310,1.60225,1.6027,1.60,0.10
2008.02.26 11:51:34.707,1.60225,1.6027,1.60,0.10
2008.02.26 11:51:35.116,1.60225,1.6027,1.60,0.10
2008.02.26 11:51:35.528,1.60225,1.6027,1.60,0.10
2008.02.26 11:51:36.985,1.60225,1.6027,5.60,0.10
2008.02.26 11:51:37.298,1.60225,1.6027,1.60,0.10
2008.02.26 11:51:39.058,1.60225,1.6027,1.60,0.10
2008.02.26 11:51:40.604,1.60225,1.6027,1.60,0.10
2008.02.26 11:51:44.760,1.60225,1.6027,1.60,0.10
2008.02.26 11:51:45.023,1.60255,1.6027,2.40,0.10
2008.02.26 11:51:45.287,1.60255,1.6027,6.40,0.10
2008.02.26 11:51:45.570,1.6026,1.6028,0.40,0.10
2008.02.26 11:51:47.545,1.6026,1.6028,0.40,0.10
2008.02.26 11:51:47.789,1.6026,1.6029,0.40,0.10
2008.02.26 11:51:48.031,1.6026,1.6029,0.40,0.10
2008.02.26 11:51:48.274,1.60265,1.6029,2.40,0.10
2008.02.26 11:51:48.604,1.60265,1.6029,2.40,0.10
2008.02.26 11:51:48.928,1.6027,1.6029,0.40,0.10
2008.02.26 11:51:49.251,1.6027,1.603,0.40,0.10
2008.02.26 11:51:49.494,1.6027,1.603,0.40,0.10
2008.02.26 11:51:50.145,1.6027,1.603,0.40,0.10
2008.02.26 11:51:50.562,1.6027,1.603,0.40,0.10
2008.02.26 11:51:50.834,1.6027,1.603,0.40,0.10
2008.02.26 11:51:51.281,1.6027,1.6029,0.40,0.10
2008.02.26 11:51:51.554,1.6027,1.6029,0.40,0.10
2008.02.26 11:51:52.850,1.6027,1.6029,0.40,0.10
2008.02.26 11:51:53.109,1.6027,1.6029,0.40,0.10
2008.02.26 11:51:53.371,1.6027,1.6029,0.40,0.10
2008.02.26 11:51:53.658,1.6027,1.6029,0.40,0.10
2008.02.26 11:51:53.988,1.6026,1.6028,0.40,0.10
2008.02.26 11:51:54.539,1.6026,1.6028,0.40,0.10
2008.02.26 11:51:55.613,1.6026,1.6028,0.40,0.10
2008.02.26 11:51:56.554,1.6026,1.6029,0.40,0.10
2008.02.26 11:52:00.647,1.6026,1.6029,0.40,0.10
2008.02.26 11:52:00.919,1.6026,1.6029,0.40,0.10
2008.02.26 11:52:02.155,1.6026,1.6029,0.40,0.10
2008.02.26 11:52:02.682,1.6026,1.6029,0.40,0.10
2008.02.26 11:52:05.642,1.6026,1.6029,0.40,0.10
2008.02.26 11:52:05.900,1.6026,1.6029,0.40,0.10
2008.02.26 11:52:10.660,1.6026,1.6029,0.40,0.10
2008.02.26 11:52:11.210,1.6026,1.60285,0.40,0.20
2008.02.26 11:52:12.809,1.6026,1.6028,0.40,0.10
2008.02.26 11:52:12.889,1.6026,1.6028,0.40,0.10
2008.02.26 11:52:13.163,1.6026,1.6028,0.40,0.10
2008.02.26 11:52:13.323,1.6026,1.6028,0.40,0.10
2008.02.26 11:52:14.219,1.6026,1.6028,0.40,0.30
2008.02.26 11:52:14.552,1.6026,1.6028,0.40,0.30
2008.02.26 11:52:14.885,1.6026,1.6028,0.40,0.10
2008.02.26 11:52:15.118,1.6026,1.6028,0.40,0.10
2008.02.26 11:52:15.650,1.6026,1.6028,0.40,0.10
2008.02.26 11:52:15.984,1.6026,1.6028,0.40,0.10
2008.02.26 11:52:16.325,1.6026,1.6028,0.40,0.10
2008.02.26 11:52:16.983,1.6026,1.6028,0.40,0.10
2008.02.26 11:52:17.288,1.6026,1.6028,0.40,0.10
2008.02.26 11:52:17.527,1.6026,1.6028,0.40,0.10
2008.02.26 11:52:17.774,1.6026,1.6028,0.40,0.30
2008.02.26 11:52:18.014,1.6025,1.6029,0.40,0.10
2008.02.26 11:52:18.323,1.6025,1.6029,0.40,0.10
2008.02.26 11:52:18.629,1.6025,1.6029,0.40,0.30
2008.02.26 11:52:18.937,1.6025,1.6029,0.40,0.30
2008.02.26 11:52:19.183,1.6025,1.6028,0.40,0.10
2008.02.26 11:52:20.325,1.6025,1.6028,0.40,0.10
2008.02.26 11:52:20.633,1.6025,1.6028,0.40,0.10
2008.02.26 11:52:21.074,1.6025,1.6028,0.40,0.10
2008.02.26 11:52:21.362,1.6025,1.6029,0.40,0.10
2008.02.26 11:52:21.650,1.6025,1.6029,0.40,0.10
2008.02.26 11:52:22.037,1.6025,1.6029,0.40,0.10
2008.02.26 11:52:22.475,1.60255,1.6029,1.60,0.10
2008.02.26 11:52:22.739,1.60255,1.6029,1.60,0.30
2008.02.26 11:52:23.003,1.60255,1.6028,1.60,0.10
2008.02.26 11:52:23.276,1.6025,1.6028,0.40,0.10
2008.02.26 11:52:24.370,1.6025,1.6028,0.40,0.10
2008.02.26 11:52:25.689,1.6025,1.6028,0.40,0.10
2008.02.26 11:52:25.922,1.6025,1.6028,0.40,0.10
2008.02.26 11:52:27.184,1.6025,1.6028,0.40,0.10
2008.02.26 11:52:27.389,1.6025,1.6028,0.40,0.10
2008.02.26 11:52:27.593,1.6025,1.6029,0.40,0.10
2008.02.26 11:52:29.952,1.6025,1.6029,0.40,0.10
2008.02.26 11:52:30.170,1.6025,1.6029,0.40,0.30
2008.02.26 11:52:30.478,1.6025,1.6028,0.40,0.10
2008.02.26 11:52:31.397,1.60245,1.6025,8.00,0.10
2008.02.26 11:52:31.705,1.6023,1.6025,0.40,0.10
2008.02.26 11:52:32.014,1.6021,1.6025,0.40,0.10
2008.02.26 11:52:32.327,1.6021,1.6025,0.40,0.10
2008.02.26 11:52:33.510,1.6021,1.6025,0.40,0.10
2008.02.26 11:52:35.706,1.6021,1.6025,0.40,0.10
2008.02.26 11:52:35.859,1.6021,1.6025,0.40,0.10
2008.02.26 11:52:40.727,1.6021,1.6025,0.40,0.10
2008.02.26 11:52:45.735,1.6021,1.6025,0.40,0.10
2008.02.26 11:52:46.635,1.6021,1.6025,0.40,0.10
2008.02.26 11:52:46.933,1.6021,1.6025,0.40,0.10
2008.02.26 11:52:50.742,1.6021,1.6025,0.40,0.10
2008.02.26 11:52:51.020,1.6021,1.6025,0.40,0.10
2008.02.26 11:52:51.298,1.6021,1.6024,0.40,0.10
2008.02.26 11:52:51.575,1.6021,1.6024,0.40,0.10
2008.02.26 11:52:51.852,1.6021,1.6024,0.40,0.10
2008.02.26 11:52:52.171,1.6021,1.6024,0.40,0.10
2008.02.26 11:52:52.458,1.6021,1.6024,0.40,0.10
2008.02.26 11:52:52.913,1.6021,1.60235,0.40,0.20
2008.02.26 11:52:53.169,1.6019,1.6022,0.40,0.10
2008.02.26 11:52:53.435,1.602,1.60235,0.40,0.20
2008.02.26 11:52:53.716,1.602,1.6024,0.40,0.10
2008.02.26 11:52:53.976,1.602,1.6024,0.40,0.10
2008.02.26 11:52:54.264,1.602,1.6024,0.40,0.10
2008.02.26 11:52:54.553,1.602,1.6024,0.40,0.10
2008.02.26 11:52:54.841,1.602,1.6024,0.40,0.10
2008.02.26 11:52:55.115,1.602,1.6023,0.40,0.10
2008.02.26 11:52:55.388,1.602,1.6024,0.40,0.10
2008.02.26 11:52:55.662,1.60205,1.6025,1.60,0.10
2008.02.26 11:52:57.778,1.60215,1.6025,1.60,0.10
2008.02.26 11:52:58.036,1.60215,1.6025,1.60,0.10
2008.02.26 11:52:58.309,1.60215,1.6025,1.60,0.10
2008.02.26 11:52:58.607,1.60215,1.6025,1.60,0.10
2008.02.26 11:52:58.865,1.60215,1.6025,1.60,0.10
2008.02.26 11:52:59.149,1.60215,1.6025,1.60,0.10
2008.02.26 11:52:59.432,1.60215,1.6025,1.60,0.10
2008.02.26 11:53:00.693,1.60215,1.6025,1.60,0.10
2008.02.26 11:53:00.961,1.60215,1.6025,1.60,0.10
2008.02.26 11:53:01.214,1.60215,1.6025,1.60,0.10
2008.02.26 11:53:01.618,1.60215,1.6025,1.60,0.10
2008.02.26 11:53:01.871,1.60215,1.6025,1.60,0.10
2008.02.26 11:53:02.189,1.60215,1.6025,1.60,0.10
2008.02.26 11:53:02.508,1.60215,1.6025,1.60,0.10
2008.02.26 11:53:02.825,1.60215,1.6025,1.60,0.10
2008.02.26 11:53:03.078,1.60215,1.6025,5.60,0.10
2008.02.26 11:53:03.332,1.60215,1.6025,5.60,0.10
2008.02.26 11:53:03.600,1.6022,1.6026,0.40,0.10
2008.02.26 11:53:05.760,1.6022,1.6026,0.40,0.10
2008.02.26 11:53:10.786,1.6022,1.6026,0.40,0.10
2008.02.26 11:53:15.766,1.6022,1.6026,0.40,0.10
2008.02.26 11:53:18.419,1.6022,1.6026,0.40,0.10
2008.02.26 11:53:18.668,1.6022,1.6026,0.40,0.10
2008.02.26 11:53:19.003,1.6022,1.6026,0.40,0.10
2008.02.26 11:53:19.251,1.6022,1.6026,0.40,0.30
2008.02.26 11:53:19.499,1.60215,1.6025,1.60,0.10
2008.02.26 11:53:19.974,1.60215,1.6025,1.60,0.10
2008.02.26 11:53:20.263,1.6021,1.6025,0.40,0.10
2008.02.26 11:53:20.551,1.6021,1.6024,0.40,0.10
2008.02.26 11:53:21.264,1.6021,1.6024,0.40,0.10
2008.02.26 11:53:21.578,1.6021,1.6024,0.40,0.10
2008.02.26 11:53:22.088,1.6021,1.6024,0.40,0.10
2008.02.26 11:53:22.503,1.6021,1.6024,0.40,0.10
2008.02.26 11:53:23.030,1.6021,1.6024,0.40,0.10
2008.02.26 11:53:23.842,1.6021,1.6024,0.40,0.10
2008.02.26 11:53:25.082,1.6021,1.6024,0.40,0.10
2008.02.26 11:53:25.604,1.6021,1.6024,0.40,0.10
2008.02.26 11:53:25.872,1.6021,1.6024,0.40,0.10
2008.02.26 11:53:26.141,1.6021,1.6024,0.40,0.10
2008.02.26 11:53:26.409,1.6021,1.6024,1.10,0.10
2008.02.26 11:53:26.690,1.6023,1.6025,0.40,0.10
2008.02.26 11:53:27.036,1.6022,1.6025,0.40,0.10
2008.02.26 11:53:27.370,1.6022,1.6025,0.40,0.10
2008.02.26 11:53:27.702,1.6022,1.6025,0.40,0.10
2008.02.26 11:53:28.013,1.6022,1.6025,0.40,0.10
2008.02.26 11:53:28.261,1.6022,1.6025,0.40,0.30
2008.02.26 11:53:28.480,1.6022,1.6025,0.40,0.10
2008.02.26 11:53:28.713,1.6022,1.6025,0.40,0.10
2008.02.26 11:53:29.010,1.6022,1.6025,0.40,0.10
2008.02.26 11:53:29.310,1.6022,1.6025,0.40,0.10
2008.02.26 11:53:29.609,1.6023,1.6025,0.40,0.10
2008.02.26 11:53:29.882,1.6022,1.6025,0.40,0.10
2008.02.26 11:53:30.156,1.6022,1.6025,0.40,0.10
2008.02.26 11:53:30.429,1.6022,1.6025,0.40,0.10
2008.02.26 11:53:30.702,1.6022,1.6025,0.40,0.30
2008.02.26 11:53:30.997,1.6022,1.6024,0.40,0.10
2008.02.26 11:53:31.334,1.6022,1.6024,0.40,0.10
2008.02.26 11:53:31.715,1.6022,1.6024,0.40,0.10
2008.02.26 11:53:35.805,1.6022,1.6024,0.40,0.10
2008.02.26 11:53:36.359,1.6022,1.6024,0.40,0.10
2008.02.26 11:53:36.587,1.6023,1.6025,0.40,0.10
2008.02.26 11:53:36.814,1.6023,1.6025,0.40,0.10
2008.02.26 11:53:37.148,1.6023,1.6025,0.40,0.10
2008.02.26 11:53:37.756,1.6023,1.6025,0.40,0.10
2008.02.26 11:53:38.057,1.6023,1.6025,0.40,0.10
2008.02.26 11:53:38.326,1.6023,1.6025,0.40,0.10
2008.02.26 11:53:39.092,1.6023,1.6025,0.40,0.10
2008.02.26 11:53:40.549,1.6023,1.6025,0.40,0.10
2008.02.26 11:53:40.791,1.6023,1.6025,0.40,0.10
2008.02.26 11:53:41.941,1.6023,1.6025,0.40,0.10
2008.02.26 11:53:42.215,1.6023,1.6025,0.40,0.10
2008.02.26 11:53:42.488,1.6023,1.6025,0.40,0.10
2008.02.26 11:53:44.574,1.6023,1.6025,0.40,0.10
2008.02.26 11:53:44.834,1.6023,1.6025,0.40,0.10
2008.02.26 11:53:45.815,1.6023,1.6025,0.40,0.10
2008.02.26 11:53:50.175,1.6023,1.6025,0.40,0.10
2008.02.26 11:53:50.586,1.6023,1.6025,0.40,0.10
2008.02.26 11:53:51.473,1.6023,1.6025,0.40,0.10
2008.02.26 11:53:51.773,1.6023,1.6025,0.40,0.10
2008.02.26 11:53:52.086,1.6023,1.6027,0.40,0.10
2008.02.26 11:53:52.320,1.6023,1.6027,0.40,0.10
2008.02.26 11:53:53.251,1.6023,1.6027,0.40,0.30
2008.02.26 11:53:53.529,1.6023,1.6027,0.40,0.30
2008.02.26 11:53:53.807,1.6023,1.6027,0.40,0.30
2008.02.26 11:53:54.085,1.6023,1.6026,0.40,0.10
2008.02.26 11:53:54.355,1.6023,1.6026,0.40,0.10
2008.02.26 11:53:54.851,1.6023,1.6026,0.40,0.10
2008.02.26 11:53:55.833,1.6023,1.6026,0.40,0.10
2008.02.26 11:53:58.767,1.6023,1.6026,0.40,0.10
2008.02.26 11:53:59.061,1.6023,1.6026,0.40,0.10
2008.02.26 11:53:59.314,1.6023,1.6026,0.40,0.10
2008.02.26 11:54:00.850,1.6023,1.6026,0.40,0.10
2008.02.26 11:54:01.542,1.6023,1.6026,0.40,0.30
2008.02.26 11:54:01.842,1.6023,1.6026,0.40,0.30
2008.02.26 11:54:02.141,1.60215,1.6024,8.00,0.10
2008.02.26 11:54:02.395,1.60215,1.6024,0.80,0.10
2008.02.26 11:54:03.209,1.60215,1.6024,0.80,0.10
2008.02.26 11:54:03.483,1.60215,1.6024,0.80,0.10
2008.02.26 11:54:03.806,1.6021,1.6024,0.40,0.10
2008.02.26 11:54:04.149,1.6021,1.6024,0.40,0.10
2008.02.26 11:54:05.086,1.6021,1.6024,0.40,0.10
2008.02.26 11:54:05.854,1.6021,1.6024,0.40,0.10
2008.02.26 11:54:08.076,1.6021,1.6024,0.40,0.10
2008.02.26 11:54:08.327,1.60215,1.6024,3.20,0.10
2008.02.26 11:54:10.876,1.60215,1.6024,3.20,0.10
2008.02.26 11:54:14.607,1.60215,1.6024,3.20,0.10
2008.02.26 11:54:14.827,1.6024,1.6027,0.40,0.10
2008.02.26 11:54:15.044,1.6024,1.6027,0.40,0.10
2008.02.26 11:54:15.643,1.6024,1.6027,0.40,0.10
2008.02.26 11:54:15.979,1.6024,1.6027,0.40,0.10
2008.02.26 11:54:16.462,1.6024,1.6027,0.40,0.10
2008.02.26 11:54:18.533,1.6024,1.6027,0.40,0.30
2008.02.26 11:54:18.781,1.6023,1.6026,1.10,0.10
2008.02.26 11:54:19.029,1.6023,1.6026,0.40,0.10
2008.02.26 11:54:19.277,1.60225,1.6025,3.20,0.10
2008.02.26 11:54:19.670,1.60225,1.6025,1.60,0.10
2008.02.26 11:54:19.969,1.60225,1.6025,1.60,0.10
2008.02.26 11:54:20.267,1.60225,1.6025,1.60,0.10
2008.02.26 11:54:20.874,1.60225,1.6025,1.60,0.10
2008.02.26 11:54:21.450,1.60225,1.6025,1.60,0.10
2008.02.26 11:54:21.708,1.6023,1.6026,0.80,0.10
2008.02.26 11:54:21.996,1.6023,1.6026,0.80,0.10
2008.02.26 11:54:23.359,1.6023,1.6026,0.80,0.10
2008.02.26 11:54:23.720,1.60235,1.6026,0.80,0.10
2008.02.26 11:54:23.958,1.60235,1.6026,1.60,0.10
2008.02.26 11:54:24.209,1.60235,1.6026,1.60,0.10
2008.02.26 11:54:24.576,1.60235,1.6026,1.60,0.10
2008.02.26 11:54:25.499,1.60235,1.6026,0.80,0.10
2008.02.26 11:54:25.813,1.6025,1.6027,0.40,0.10
2008.02.26 11:54:26.077,1.6025,1.6027,0.40,0.10
2008.02.26 11:54:26.365,1.6024,1.6027,0.40,0.10
2008.02.26 11:54:30.903,1.6024,1.6027,0.40,0.10
2008.02.26 11:54:31.157,1.6024,1.6027,0.40,0.10
2008.02.26 11:54:31.410,1.6024,1.6027,0.40,0.10
2008.02.26 11:54:31.851,1.6024,1.6026,0.40,0.10
2008.02.26 11:54:32.269,1.6024,1.6026,0.40,0.10
2008.02.26 11:54:34.608,1.6024,1.6026,0.40,0.10
2008.02.26 11:54:34.887,1.6024,1.6027,0.40,0.10
2008.02.26 11:54:35.923,1.6024,1.6027,0.40,0.10
2008.02.26 11:54:36.185,1.6024,1.6027,0.40,0.10
2008.02.26 11:54:36.474,1.6025,1.6027,0.40,0.10
2008.02.26 11:54:36.763,1.6025,1.6027,0.40,0.10
2008.02.26 11:54:40.925,1.6025,1.6027,0.40,0.10
2008.02.26 11:54:41.180,1.6025,1.60285,0.40,0.60
2008.02.26 11:54:41.474,1.6025,1.6029,0.40,0.10
2008.02.26 11:54:41.767,1.6025,1.6029,1.10,0.10
2008.02.26 11:54:42.060,1.6025,1.6029,1.10,0.10
2008.02.26 11:54:42.355,1.6025,1.6029,1.10,0.10
2008.02.26 11:54:43.804,1.6025,1.6029,1.10,0.10
2008.02.26 11:54:44.152,1.6025,1.6029,1.10,0.10
2008.02.26 11:54:44.420,1.6025,1.6029,0.40,0.10
2008.02.26 11:54:44.688,1.6025,1.60285,0.40,0.20
2008.02.26 11:54:44.958,1.6025,1.60285,0.40,0.20
2008.02.26 11:54:45.224,1.6025,1.6029,0.40,0.10
2008.02.26 11:54:45.516,1.6025,1.6029,0.40,0.10
2008.02.26 11:54:45.930,1.6025,1.6029,0.40,0.10
2008.02.26 11:54:46.735,1.6025,1.6029,0.40,0.10
2008.02.26 11:54:47.035,1.6025,1.6029,0.40,0.10
2008.02.26 11:54:48.281,1.6025,1.6029,0.40,0.10
2008.02.26 11:54:49.942,1.6025,1.6029,0.40,0.10
2008.02.26 11:54:50.206,1.6025,1.6029,0.40,0.30
2008.02.26 11:54:50.470,1.6025,1.6029,0.40,0.30
2008.02.26 11:54:50.735,1.6025,1.6028,0.40,0.10
2008.02.26 11:54:51.379,1.6025,1.6028,0.40,0.10
2008.02.26 11:54:51.846,1.6025,1.6028,0.40,0.10
2008.02.26 11:54:52.664,1.6025,1.6028,0.40,0.10
2008.02.26 11:54:52.898,1.6025,1.6028,0.40,0.10
2008.02.26 11:54:53.131,1.6025,1.6028,0.40,0.10
2008.02.26 11:54:53.363,1.6025,1.6028,0.40,0.10
2008.02.26 11:54:53.657,1.6025,1.6028,0.40,0.10
2008.02.26 11:54:53.950,1.6025,1.6028,0.40,0.10
2008.02.26 11:54:54.243,1.6025,1.6028,0.40,0.30
2008.02.26 11:54:54.512,1.6025,1.6028,0.40,0.10
2008.02.26 11:54:54.559,1.6025,1.6028,0.40,0.10
2008.02.26 11:54:54.779,1.6025,1.6028,0.40,0.10
2008.02.26 11:54:55.047,1.6025,1.6028,0.40,0.10
2008.02.26 11:54:55.715,1.6025,1.6028,0.40,0.10
2008.02.26 11:54:55.993,1.6025,1.6028,0.40,0.10
2008.02.26 11:54:56.654,1.6025,1.6028,0.40,0.10
2008.02.26 11:54:56.947,1.60255,1.6028,0.80,0.10
2008.02.26 11:54:57.241,1.60255,1.6026,1.60,0.10
2008.02.26 11:54:57.509,1.60255,1.6026,0.80,0.10
2008.02.26 11:54:57.778,1.6024,1.6026,0.40,0.10
2008.02.26 11:54:59.659,1.6024,1.60255,0.40,0.20
2008.02.26 11:54:59.932,1.60225,1.6024,1.60,0.10
2008.02.26 11:55:00.207,1.60225,1.6024,0.80,0.10
2008.02.26 11:55:00.481,1.6022,1.6025,0.40,0.10
2008.02.26 11:55:00.947,1.6022,1.6025,0.40,0.10
2008.02.26 11:55:01.626,1.6022,1.6025,0.40,0.10
2008.02.26 11:55:01.900,1.6022,1.6026,1.10,0.10
2008.02.26 11:55:02.312,1.6022,1.6026,1.10,0.10
2008.02.26 11:55:03.844,1.60225,1.6026,0.80,0.10
2008.02.26 11:55:04.122,1.6023,1.6026,0.80,0.10
2008.02.26 11:55:04.823,1.6023,1.6026,0.80,0.10
2008.02.26 11:55:05.127,1.6023,1.6026,0.80,0.10
2008.02.26 11:55:05.396,1.6023,1.6026,0.80,0.10
2008.02.26 11:55:05.668,1.6022,1.6026,1.10,0.10
2008.02.26 11:55:05.942,1.6022,1.6025,1.10,0.10
2008.02.26 11:55:09.106,1.6022,1.6025,1.10,0.10
2008.02.26 11:55:09.375,1.60225,1.6025,4.80,0.10
2008.02.26 11:55:09.642,1.6023,1.6025,0.80,0.10
2008.02.26 11:55:09.900,1.6024,1.6026,0.40,0.10
2008.02.26 11:55:10.993,1.6024,1.6026,0.40,0.10
2008.02.26 11:55:12.748,1.6024,1.6026,0.40,0.10
2008.02.26 11:55:12.976,1.6024,1.6026,0.40,0.10
2008.02.26 11:55:13.205,1.6024,1.6026,0.40,0.10
2008.02.26 11:55:13.433,1.6024,1.6027,0.40,0.10
2008.02.26 11:55:13.677,1.6024,1.6027,0.40,0.10
2008.02.26 11:55:13.995,1.6024,1.6027,0.40,0.10
2008.02.26 11:55:14.313,1.6024,1.6027,0.40,0.10
2008.02.26 11:55:15.740,1.60245,1.6027,0.80,0.10
2008.02.26 11:55:16.003,1.60245,1.6027,1.60,0.10
2008.02.26 11:55:21.014,1.60245,1.6027,1.60,0.10
2008.02.26 11:55:24.864,1.60245,1.6027,1.60,0.10
2008.02.26 11:55:25.623,1.60245,1.6027,0.80,0.10
2008.02.26 11:55:25.892,1.60245,1.6027,1.60,0.10
2008.02.26 11:55:30.154,1.60245,1.6027,1.60,0.10
2008.02.26 11:55:30.423,1.6025,1.6029,0.80,0.10
2008.02.26 11:55:31.002,1.6025,1.6029,0.80,0.10
2008.02.26 11:55:35.208,1.6025,1.6029,0.80,0.10
2008.02.26 11:55:35.441,1.60255,1.6029,1.60,0.10
2008.02.26 11:55:35.675,1.60255,1.6029,1.60,0.10
2008.02.26 11:55:35.907,1.60255,1.6029,1.60,0.10
2008.02.26 11:55:36.820,1.60255,1.6029,0.80,0.10
2008.02.26 11:55:37.153,1.60255,1.6029,1.60,0.10
2008.02.26 11:55:37.641,1.60255,1.6029,1.60,0.10
2008.02.26 11:55:37.855,1.60255,1.6029,1.60,0.10
2008.02.26 11:55:39.319,1.60255,1.6029,1.60,0.10
2008.02.26 11:55:39.962,1.60255,1.6029,1.60,0.10
2008.02.26 11:55:40.176,1.6026,1.603,0.40,0.10
2008.02.26 11:55:40.509,1.6026,1.603,0.40,0.10
2008.02.26 11:55:40.844,1.60265,1.603,1.60,0.10
2008.02.26 11:55:41.177,1.60265,1.603,1.60,0.10
2008.02.26 11:55:41.445,1.60265,1.603,1.60,0.10
2008.02.26 11:55:41.877,1.60265,1.603,1.60,0.10
2008.02.26 11:55:42.351,1.60265,1.603,1.60,0.10
2008.02.26 11:55:43.802,1.60265,1.603,1.60,0.10
2008.02.26 11:55:46.016,1.60265,1.603,1.60,0.10
2008.02.26 11:55:47.108,1.60265,1.603,1.60,0.10
2008.02.26 11:55:47.432,1.60265,1.603,1.60,0.10
2008.02.26 11:55:47.660,1.6026,1.603,1.10,0.10
2008.02.26 11:55:47.903,1.6026,1.603,1.10,0.10
2008.02.26 11:55:48.130,1.6026,1.603,1.10,0.30
2008.02.26 11:55:48.359,1.6026,1.6029,0.80,0.10
2008.02.26 11:55:48.682,1.6025,1.6029,1.10,0.10
2008.02.26 11:55:48.683,1.6025,1.6029,1.10,0.10
2008.02.26 11:55:49.004,1.6025,1.6029,1.10,0.10
2008.02.26 11:55:49.327,1.6025,1.6029,1.10,0.10
2008.02.26 11:55:49.590,1.6025,1.6029,1.10,0.10
2008.02.26 11:55:49.853,1.6025,1.6029,0.40,0.10
2008.02.26 11:55:50.116,1.6025,1.6029,0.40,0.10
2008.02.26 11:55:50.380,1.60255,1.6029,0.80,0.10
2008.02.26 11:55:52.255,1.6027,1.60295,0.40,0.20
2008.02.26 11:55:52.305,1.6026,1.603,0.80,0.10
2008.02.26 11:55:53.086,1.6026,1.603,0.80,0.10
2008.02.26 11:55:53.199,1.6026,1.603,0.80,0.30
2008.02.26 11:55:53.363,1.60255,1.603,3.20,0.30
2008.02.26 11:55:53.695,1.60255,1.603,3.20,0.30
2008.02.26 11:55:56.040,1.60255,1.603,3.20,0.30
2008.02.26 11:55:58.028,1.60265,1.603,0.80,0.30
2008.02.26 11:55:58.289,1.60265,1.603,1.60,0.30
2008.02.26 11:55:58.567,1.60265,1.603,1.60,0.30
2008.02.26 11:55:59.274,1.60265,1.603,1.60,0.30
2008.02.26 11:55:59.591,1.60265,1.603,1.60,0.30
2008.02.26 11:55:59.839,1.60265,1.603,0.80,0.30
2008.02.26 11:56:00.107,1.60255,1.603,1.60,0.30
2008.02.26 11:56:01.049,1.60255,1.603,1.60,0.30
2008.02.26 11:56:02.357,1.60255,1.603,0.80,0.30
2008.02.26 11:56:02.615,1.6025,1.6029,1.10,0.10
2008.02.26 11:56:02.834,1.6025,1.6029,1.10,0.10
2008.02.26 11:56:03.071,1.6025,1.6029,1.10,0.10
2008.02.26 11:56:03.309,1.6025,1.6029,1.10,0.10
2008.02.26 11:56:06.049,1.6025,1.6029,1.10,0.10
2008.02.26 11:56:08.986,1.60255,1.6029,0.80,0.10
2008.02.26 11:56:09.271,1.60255,1.6029,1.60,0.10
2008.02.26 11:56:09.548,1.60255,1.6029,1.60,0.10
2008.02.26 11:56:09.841,1.60255,1.6029,1.60,0.10
2008.02.26 11:56:10.136,1.6026,1.6029,0.80,0.10
2008.02.26 11:56:10.429,1.6026,1.6029,1.10,0.10
2008.02.26 11:56:11.080,1.6026,1.6029,1.10,0.10
2008.02.26 11:56:12.673,1.6026,1.6029,1.10,0.10
2008.02.26 11:56:12.922,1.60265,1.6029,1.60,0.10
2008.02.26 11:56:13.171,1.60265,1.6029,1.60,0.10
2008.02.26 11:56:13.419,1.6027,1.6029,0.40,0.10
2008.02.26 11:56:15.278,1.6027,1.6029,0.40,0.10
2008.02.26 11:56:15.532,1.60275,1.6029,0.80,0.10
2008.02.26 11:56:15.804,1.60275,1.6029,1.60,0.10
2008.02.26 11:56:16.078,1.6028,1.6031,0.40,0.10
2008.02.26 11:56:19.052,1.6028,1.6031,0.40,0.10
2008.02.26 11:56:19.327,1.6028,1.6031,0.40,0.10
2008.02.26 11:56:20.550,1.6028,1.6031,0.40,0.10
2008.02.26 11:56:21.085,1.6028,1.6031,0.40,0.10
2008.02.26 11:56:21.345,1.6028,1.60305,0.40,0.20
2008.02.26 11:56:24.763,1.6028,1.60305,0.40,0.20
2008.02.26 11:56:25.010,1.6028,1.60305,0.40,0.20
2008.02.26 11:56:25.342,1.6028,1.60305,0.40,0.20
2008.02.26 11:56:25.590,1.6028,1.60305,0.40,0.20
2008.02.26 11:56:26.109,1.6028,1.60305,0.40,0.20
2008.02.26 11:56:29.614,1.6028,1.603,0.40,0.20
2008.02.26 11:56:29.867,1.6028,1.603,0.40,0.30
2008.02.26 11:56:30.146,1.6028,1.603,0.40,0.30
2008.02.26 11:56:31.109,1.6028,1.603,0.40,0.30
2008.02.26 11:56:32.810,1.6028,1.603,0.40,0.30
2008.02.26 11:56:33.087,1.6028,1.60305,0.40,0.20
2008.02.26 11:56:33.352,1.6028,1.60305,0.40,0.20
2008.02.26 11:56:33.615,1.6028,1.60305,0.40,0.20
2008.02.26 11:56:34.268,1.6028,1.60305,0.40,0.20
2008.02.26 11:56:34.556,1.6028,1.603,0.40,0.20
2008.02.26 11:56:34.846,1.6028,1.60305,0.40,0.20
2008.02.26 11:56:35.134,1.6028,1.603,0.40,0.20
2008.02.26 11:56:36.107,1.6028,1.603,0.40,0.20
2008.02.26 11:56:36.874,1.6028,1.603,0.40,0.20
2008.02.26 11:56:37.184,1.6028,1.603,0.40,0.20
2008.02.26 11:56:38.759,1.6028,1.603,0.40,0.20
2008.02.26 11:56:38.982,1.6028,1.603,0.40,0.20
2008.02.26 11:56:39.295,1.6028,1.60305,0.40,0.20
2008.02.26 11:56:39.608,1.60285,1.60305,1.60,0.20
2008.02.26 11:56:39.921,1.60285,1.6031,1.60,0.20
2008.02.26 11:56:40.391,1.60285,1.6031,1.60,0.20
2008.02.26 11:56:41.131,1.60285,1.6031,1.60,0.20
2008.02.26 11:56:44.389,1.60285,1.6031,0.60,0.20
2008.02.26 11:56:46.136,1.60285,1.6031,1.60,0.20
2008.02.26 11:56:47.573,1.60285,1.60305,1.60,0.20
2008.02.26 11:56:47.876,1.6028,1.60305,0.40,0.20
2008.02.26 11:56:48.179,1.6028,1.6031,0.40,0.20
2008.02.26 11:56:48.483,1.6028,1.60295,0.40,0.20
2008.02.26 11:56:48.746,1.6028,1.60295,0.40,0.20
2008.02.26 11:56:49.009,1.6028,1.60295,0.40,0.20
2008.02.26 11:56:49.283,1.6028,1.60295,0.40,0.20
2008.02.26 11:56:50.869,1.6028,1.603,0.40,0.10
2008.02.26 11:56:51.137,1.6028,1.60305,0.40,0.20
2008.02.26 11:56:51.405,1.6028,1.603,0.40,0.20
2008.02.26 11:56:51.984,1.6028,1.603,0.40,0.20
2008.02.26 11:56:52.298,1.6028,1.60295,0.40,0.20
2008.02.26 11:56:52.516,1.6027,1.60295,0.40,0.20
2008.02.26 11:56:52.734,1.6027,1.60295,0.40,0.20
2008.02.26 11:56:52.952,1.6027,1.60295,0.40,0.20
2008.02.26 11:56:53.170,1.6027,1.60295,0.40,0.20
2008.02.26 11:56:53.389,1.60275,1.60295,1.60,0.20
2008.02.26 11:56:53.723,1.6028,1.6029,0.40,0.20
2008.02.26 11:56:54.063,1.6028,1.6029,0.40,0.20
2008.02.26 11:56:54.415,1.60275,1.6029,1.60,0.10
2008.02.26 11:56:54.620,1.60275,1.60295,0.80,0.20
2008.02.26 11:56:54.876,1.6027,1.60295,0.40,0.20
2008.02.26 11:56:55.128,1.6027,1.60295,0.40,0.20
2008.02.26 11:56:55.350,1.6027,1.603,0.40,0.30
2008.02.26 11:56:55.680,1.6027,1.60295,0.40,0.20
2008.02.26 11:56:56.008,1.6027,1.60295,0.40,0.20
2008.02.26 11:56:56.389,1.6027,1.60295,0.40,0.20
2008.02.26 11:56:56.652,1.6027,1.60295,0.40,0.20
2008.02.26 11:56:57.009,1.60275,1.60295,0.80,0.20
2008.02.26 11:56:57.272,1.60275,1.60295,1.60,0.20
2008.02.26 11:56:57.617,1.60275,1.603,1.60,0.30
2008.02.26 11:56:57.901,1.6028,1.603,0.80,0.30
2008.02.26 11:56:58.877,1.6028,1.603,0.80,0.10
2008.02.26 11:56:59.144,1.60285,1.60305,1.60,0.20
2008.02.26 11:56:59.412,1.60285,1.60305,1.60,0.20
2008.02.26 11:57:01.148,1.60285,1.60305,1.60,0.20
2008.02.26 11:57:02.496,1.60285,1.603,1.60,0.20
2008.02.26 11:57:02.714,1.60285,1.603,1.60,0.20
2008.02.26 11:57:02.933,1.6028,1.603,1.10,0.20
2008.02.26 11:57:03.464,1.6028,1.603,1.10,0.30
2008.02.26 11:57:04.370,1.6028,1.60295,1.10,0.20
2008.02.26 11:57:04.703,1.6028,1.60295,0.80,0.20
2008.02.26 11:57:05.319,1.6028,1.603,0.80,0.30
2008.02.26 11:57:05.542,1.6029,1.603,0.80,0.30
2008.02.26 11:57:05.845,1.6029,1.603,0.80,0.10
2008.02.26 11:57:06.167,1.6029,1.603,0.80,0.10
2008.02.26 11:57:06.489,1.6029,1.6032,1.10,0.30
2008.02.26 11:57:08.068,1.6029,1.6032,1.10,0.30
2008.02.26 11:57:11.208,1.6029,1.6032,1.10,0.30
2008.02.26 11:57:12.440,1.6029,1.6032,1.10,0.20
2008.02.26 11:57:12.743,1.6029,1.6032,1.10,0.20
2008.02.26 11:57:14.085,1.6029,1.60325,1.10,0.20
2008.02.26 11:57:14.413,1.60295,1.60325,1.60,0.20
2008.02.26 11:57:16.175,1.60295,1.60325,1.60,0.20
2008.02.26 11:57:16.770,1.60295,1.60325,0.80,0.20
2008.02.26 11:57:17.069,1.603,1.60325,0.40,0.20
2008.02.26 11:57:17.337,1.603,1.6033,0.40,0.20
2008.02.26 11:57:17.621,1.603,1.6033,0.40,0.20
2008.02.26 11:57:17.909,1.603,1.60325,1.10,0.20
2008.02.26 11:57:18.177,1.603,1.60325,0.40,0.20
2008.02.26 11:57:20.402,1.603,1.60325,0.40,0.20
2008.02.26 11:57:20.635,1.603,1.6033,0.40,0.20
2008.02.26 11:57:20.868,1.603,1.6033,1.10,0.20
2008.02.26 11:57:21.214,1.603,1.6033,1.10,0.20
2008.02.26 11:57:23.973,1.603,1.6034,1.10,0.30
2008.02.26 11:57:24.251,1.60305,1.6034,0.80,0.30
2008.02.26 11:57:24.520,1.6032,1.6034,0.40,0.30
2008.02.26 11:57:24.867,1.6032,1.6034,0.40,0.30
2008.02.26 11:57:25.484,1.6032,1.6034,0.40,0.30
2008.02.26 11:57:25.737,1.6032,1.6034,0.40,0.30
2008.02.26 11:57:25.989,1.6032,1.6034,0.40,0.30
2008.02.26 11:57:27.366,1.6032,1.6034,0.40,0.10
2008.02.26 11:57:27.655,1.6032,1.6035,0.40,0.20
2008.02.26 11:57:27.942,1.6032,1.6035,0.40,0.20
2008.02.26 11:57:28.181,1.6033,1.6035,0.40,0.20
2008.02.26 11:57:28.419,1.6033,1.60355,0.40,0.20
2008.02.26 11:57:29.675,1.6033,1.6036,0.40,0.20
2008.02.26 11:57:29.967,1.6033,1.6036,1.10,0.20
2008.02.26 11:57:30.230,1.6033,1.60355,1.10,0.20
2008.02.26 11:57:30.499,1.6033,1.60355,1.10,0.20
2008.02.26 11:57:30.776,1.6033,1.6035,0.40,0.10
2008.02.26 11:57:31.039,1.60315,1.6035,1.60,0.30
2008.02.26 11:57:31.507,1.60315,1.6035,1.60,0.30
2008.02.26 11:57:31.797,1.6032,1.60355,0.40,0.20
2008.02.26 11:57:32.085,1.6032,1.6035,0.40,0.20
2008.02.26 11:57:35.245,1.6032,1.6035,0.40,0.20
2008.02.26 11:57:35.348,1.6032,1.6035,0.40,0.20
2008.02.26 11:57:35.443,1.6032,1.6035,0.40,0.20
2008.02.26 11:57:35.591,1.6032,1.6035,0.40,0.20
2008.02.26 11:57:35.697,1.6032,1.60355,0.40,0.20
2008.02.26 11:57:35.891,1.6032,1.60355,1.10,0.20
2008.02.26 11:57:35.983,1.6032,1.60345,1.10,0.20
2008.02.26 11:57:36.075,1.6032,1.60345,1.10,0.20
2008.02.26 11:57:36.217,1.6032,1.60345,1.10,0.20
2008.02.26 11:57:36.545,1.6032,1.60345,1.10,0.20
2008.02.26 11:57:38.452,1.6032,1.60345,0.40,0.20
2008.02.26 11:57:38.684,1.6032,1.6034,0.40,0.20
2008.02.26 11:57:39.235,1.6032,1.6034,0.40,0.30
2008.02.26 11:57:40.039,1.6032,1.6034,0.40,0.30
2008.02.26 11:57:40.373,1.6032,1.60345,0.40,0.20
2008.02.26 11:57:40.468,1.6032,1.60345,0.40,0.20
2008.02.26 11:57:40.709,1.6032,1.60345,0.40,0.20
2008.02.26 11:57:40.933,1.6032,1.60345,0.40,0.20
2008.02.26 11:57:41.193,1.6032,1.6035,0.40,0.30
2008.02.26 11:57:41.430,1.6033,1.60345,0.40,0.20
2008.02.26 11:57:41.651,1.6033,1.60345,0.40,0.20
2008.02.26 11:57:42.461,1.6033,1.60335,0.40,0.20
2008.02.26 11:57:42.795,1.6031,1.60335,1.10,0.20
2008.02.26 11:57:43.034,1.6031,1.60335,0.40,0.20
2008.02.26 11:57:43.242,1.6031,1.6034,0.40,0.20
2008.02.26 11:57:43.970,1.6031,1.60335,0.40,0.20
2008.02.26 11:57:44.263,1.6031,1.60335,0.40,0.20
2008.02.26 11:57:44.557,1.6031,1.60335,0.40,0.20
2008.02.26 11:57:46.091,1.6031,1.60335,0.40,0.20
2008.02.26 11:57:48.974,1.6031,1.60345,0.40,0.20
2008.02.26 11:57:49.294,1.6031,1.60345,1.10,0.20
2008.02.26 11:57:49.602,1.6032,1.60345,0.40,0.20
2008.02.26 11:57:51.235,1.6032,1.60345,0.40,0.20
2008.02.26 11:57:51.646,1.6032,1.6035,0.40,0.10
2008.02.26 11:57:51.951,1.60325,1.6035,1.60,0.10
2008.02.26 11:57:52.254,1.6034,1.6036,0.40,0.20
2008.02.26 11:57:52.557,1.6034,1.60345,0.40,0.20
2008.02.26 11:57:52.860,1.60325,1.60345,0.80,0.20
2008.02.26 11:57:53.122,1.6032,1.60345,0.40,0.20
2008.02.26 11:57:54.705,1.6032,1.60345,0.40,0.20
2008.02.26 11:57:55.010,1.6032,1.60345,0.40,0.20
2008.02.26 11:57:55.955,1.6032,1.60345,0.40,0.20
2008.02.26 11:57:56.244,1.6032,1.60345,0.40,0.20
2008.02.26 11:57:56.506,1.6033,1.6035,0.40,0.10
2008.02.26 11:57:56.770,1.6033,1.6035,0.40,0.30
2008.02.26 11:57:59.098,1.6033,1.6035,0.40,0.10
2008.02.26 11:57:59.151,1.6033,1.6035,0.40,0.10
2008.02.26 11:58:01.247,1.6033,1.6035,0.40,0.30
2008.02.26 11:58:01.460,1.6033,1.60365,0.40,0.20
2008.02.26 11:58:01.644,1.6033,1.60365,0.40,0.20
2008.02.26 11:58:01.836,1.6033,1.60355,0.40,0.20
2008.02.26 11:58:02.116,1.6033,1.60355,0.40,0.20
2008.02.26 11:58:03.633,1.6033,1.60355,0.40,0.20
2008.02.26 11:58:03.856,1.6033,1.60365,0.40,0.20
2008.02.26 11:58:04.079,1.6033,1.60365,0.40,0.20
2008.02.26 11:58:04.737,1.6033,1.60365,0.40,0.20
2008.02.26 11:58:05.592,1.6033,1.60365,0.40,0.20
2008.02.26 11:58:05.842,1.6034,1.60375,0.40,0.20
2008.02.26 11:58:06.058,1.6034,1.60375,0.40,0.20
2008.02.26 11:58:06.291,1.6034,1.60375,0.40,0.20
2008.02.26 11:58:06.524,1.6034,1.6037,0.40,0.10
2008.02.26 11:58:06.858,1.6034,1.60375,0.40,0.20
2008.02.26 11:58:07.191,1.6034,1.60375,0.40,0.20
2008.02.26 11:58:08.291,1.6034,1.60375,0.40,0.20
2008.02.26 11:58:09.160,1.6034,1.6037,0.40,0.20
2008.02.26 11:58:09.438,1.6034,1.6037,0.40,0.20
2008.02.26 11:58:09.744,1.6034,1.6037,0.40,0.20
2008.02.26 11:58:10.017,1.6034,1.6037,0.40,0.20
2008.02.26 11:58:10.289,1.6034,1.60375,0.40,0.20
2008.02.26 11:58:10.562,1.6034,1.60375,0.40,0.20
2008.02.26 11:58:10.955,1.6034,1.60375,0.40,0.20
2008.02.26 11:58:11.239,1.6034,1.6037,0.40,0.20
2008.02.26 11:58:12.098,1.6034,1.60365,0.40,0.20
2008.02.26 11:58:12.376,1.6034,1.60365,0.40,0.20
2008.02.26 11:58:12.653,1.6034,1.60365,0.40,0.20
2008.02.26 11:58:12.926,1.6034,1.60365,0.40,0.20
2008.02.26 11:58:13.200,1.6034,1.6037,0.40,0.20
2008.02.26 11:58:13.473,1.6034,1.6037,0.40,0.20
2008.02.26 11:58:13.998,1.6034,1.6037,0.40,0.20
2008.02.26 11:58:14.246,1.6034,1.60365,0.40,0.20
2008.02.26 11:58:14.493,1.6034,1.60365,0.40,0.20
2008.02.26 11:58:15.172,1.6034,1.6037,0.40,0.20
2008.02.26 11:58:15.473,1.6034,1.6037,0.40,0.20
2008.02.26 11:58:16.294,1.6034,1.6037,0.40,0.20
2008.02.26 11:58:17.071,1.6034,1.60375,0.40,0.20
2008.02.26 11:58:17.374,1.6034,1.60375,0.40,0.20
2008.02.26 11:58:17.694,1.6035,1.60375,0.40,0.20
2008.02.26 11:58:18.847,1.6035,1.60375,0.40,0.20
2008.02.26 11:58:19.273,1.6035,1.60375,0.40,0.20
2008.02.26 11:58:20.005,1.6035,1.6037,0.40,0.20
2008.02.26 11:58:20.263,1.6034,1.6037,0.40,0.20
2008.02.26 11:58:20.520,1.6034,1.6037,0.40,0.20
2008.02.26 11:58:21.240,1.6034,1.6037,0.40,0.20
2008.02.26 11:58:21.508,1.6034,1.6037,0.40,0.20
2008.02.26 11:58:21.811,1.6034,1.60375,0.40,0.20
2008.02.26 11:58:22.658,1.6034,1.6037,0.40,0.20
2008.02.26 11:58:22.891,1.6034,1.6037,0.40,0.20
2008.02.26 11:58:24.453,1.6034,1.6037,0.40,0.20
2008.02.26 11:58:24.769,1.6036,1.6037,0.40,0.20
2008.02.26 11:58:24.997,1.6035,1.6037,0.40,0.20
2008.02.26 11:58:25.901,1.6035,1.60375,0.40,0.20
2008.02.26 11:58:26.194,1.6035,1.60375,0.40,0.20
2008.02.26 11:58:26.647,1.6035,1.60375,0.40,0.20
2008.02.26 11:58:26.925,1.6035,1.60375,0.40,0.20
2008.02.26 11:58:27.203,1.6035,1.6038,0.40,0.30
2008.02.26 11:58:27.483,1.6036,1.6038,0.40,0.30
2008.02.26 11:58:28.171,1.6036,1.60375,0.40,0.20
2008.02.26 11:58:28.441,1.6036,1.60375,0.40,0.20
2008.02.26 11:58:28.707,1.6036,1.6037,0.40,0.20
2008.02.26 11:58:29.004,1.6035,1.6037,0.40,0.20
2008.02.26 11:58:30.365,1.6035,1.6037,0.40,0.20
2008.02.26 11:58:30.628,1.6035,1.60375,0.40,0.20
2008.02.26 11:58:31.307,1.6035,1.60375,0.40,0.20
2008.02.26 11:58:32.143,1.6035,1.6037,0.40,0.20
2008.02.26 11:58:32.455,1.6035,1.6038,0.40,0.30
2008.02.26 11:58:32.768,1.6035,1.6038,0.40,0.30
2008.02.26 11:58:33.012,1.6035,1.6038,0.40,0.30
2008.02.26 11:58:33.254,1.6035,1.6037,0.40,0.20
2008.02.26 11:58:33.497,1.6035,1.60375,0.40,0.20
2008.02.26 11:58:33.741,1.6035,1.6037,0.40,0.20
2008.02.26 11:58:34.173,1.6035,1.6038,0.40,0.30
2008.02.26 11:58:34.462,1.6036,1.6038,0.40,0.30
2008.02.26 11:58:34.751,1.6035,1.60375,0.40,0.20
2008.02.26 11:58:35.341,1.6035,1.60375,0.40,0.20
2008.02.26 11:58:36.320,1.6035,1.60375,0.40,0.20
2008.02.26 11:58:37.124,1.6035,1.6037,0.40,0.20
2008.02.26 11:58:37.437,1.6035,1.6037,0.40,0.20
2008.02.26 11:58:37.770,1.6035,1.6037,0.40,0.30
2008.02.26 11:58:41.334,1.6035,1.6037,0.40,0.30
2008.02.26 11:58:41.345,1.6035,1.6037,0.40,0.30
2008.02.26 11:58:43.859,1.6035,1.6037,0.40,0.10
2008.02.26 11:58:44.168,1.6036,1.6038,0.40,0.10
2008.02.26 11:58:44.491,1.6036,1.6038,0.40,0.10
2008.02.26 11:58:44.818,1.6036,1.6038,0.40,0.10
2008.02.26 11:58:46.345,1.6036,1.6038,0.40,0.10
2008.02.26 11:58:47.664,1.6036,1.60375,0.40,0.20
2008.02.26 11:58:47.966,1.6035,1.6037,0.40,0.10
2008.02.26 11:58:48.220,1.6035,1.6037,0.40,0.10
2008.02.26 11:58:48.474,1.6035,1.6037,0.40,0.10
2008.02.26 11:58:50.512,1.6035,1.6037,0.40,0.30
2008.02.26 11:58:50.774,1.6033,1.6036,1.10,0.10
2008.02.26 11:58:51.044,1.6033,1.6036,0.40,0.10
2008.02.26 11:58:51.312,1.6033,1.6036,0.40,0.10
2008.02.26 11:58:51.596,1.6033,1.6036,0.40,0.10
2008.02.26 11:58:53.665,1.6033,1.6036,0.40,0.10
2008.02.26 11:58:56.362,1.6033,1.6036,0.40,0.10
2008.02.26 11:59:00.121,1.6033,1.6036,0.40,0.10
2008.02.26 11:59:01.180,1.6033,1.6036,0.40,0.10
2008.02.26 11:59:02.643,1.6033,1.6036,0.40,0.10
2008.02.26 11:59:03.625,1.6033,1.6036,0.40,0.10
2008.02.26 11:59:04.159,1.6033,1.6036,0.40,0.10
2008.02.26 11:59:04.398,1.6034,1.60365,0.40,0.20
2008.02.26 11:59:04.681,1.6034,1.6037,0.40,0.20
2008.02.26 11:59:05.096,1.6034,1.6038,0.40,0.30
2008.02.26 11:59:05.378,1.6034,1.6038,0.40,0.30
2008.02.26 11:59:05.631,1.6034,1.60375,0.40,0.20
2008.02.26 11:59:05.884,1.6035,1.60375,0.40,0.20
2008.02.26 11:59:06.138,1.6035,1.60375,0.40,0.20
2008.02.26 11:59:06.407,1.6035,1.6037,0.40,0.10
2008.02.26 11:59:06.695,1.6035,1.60365,0.40,0.20
2008.02.26 11:59:06.983,1.6034,1.60365,0.40,0.20
2008.02.26 11:59:07.271,1.6034,1.6037,0.40,0.30
2008.02.26 11:59:07.559,1.6034,1.6037,0.40,0.30
2008.02.26 11:59:07.853,1.6034,1.6037,0.40,0.30
2008.02.26 11:59:08.145,1.6034,1.6037,0.40,0.30
2008.02.26 11:59:10.152,1.6034,1.60365,0.40,0.20
2008.02.26 11:59:10.435,1.6034,1.6036,0.40,0.10
2008.02.26 11:59:11.374,1.6034,1.6036,0.40,0.10
2008.02.26 11:59:12.198,1.6034,1.6036,0.40,0.10
2008.02.26 11:59:13.184,1.6034,1.6036,0.40,0.10
2008.02.26 11:59:13.428,1.6034,1.60365,0.40,0.20
2008.02.26 11:59:14.370,1.6034,1.60365,0.40,0.20
2008.02.26 11:59:14.638,1.6034,1.60365,0.40,0.20
2008.02.26 11:59:14.901,1.6034,1.60365,0.40,0.20
2008.02.26 11:59:16.404,1.6034,1.60365,0.40,0.20
2008.02.26 11:59:16.672,1.6034,1.60365,0.40,0.20
2008.02.26 11:59:16.960,1.6034,1.60365,0.40,0.20
2008.02.26 11:59:17.630,1.6034,1.60365,0.40,0.20
2008.02.26 11:59:18.217,1.6034,1.60365,0.40,0.20
2008.02.26 11:59:19.618,1.6034,1.60365,0.40,0.20
2008.02.26 11:59:19.856,1.6034,1.60365,0.40,0.20
2008.02.26 11:59:20.175,1.6034,1.6037,0.40,0.30
2008.02.26 11:59:20.470,1.6034,1.6037,0.40,0.30
2008.02.26 11:59:20.767,1.6034,1.6037,0.40,0.30
2008.02.26 11:59:21.421,1.6034,1.6037,0.40,0.30
2008.02.26 11:59:21.744,1.6034,1.6037,0.40,0.30
2008.02.26 11:59:22.185,1.6034,1.6037,0.40,0.30
2008.02.26 11:59:22.489,1.6034,1.6037,0.40,0.30
2008.02.26 11:59:22.903,1.6034,1.6037,0.40,0.30
2008.02.26 11:59:23.300,1.6034,1.6037,0.40,0.30
2008.02.26 11:59:23.553,1.6034,1.6037,0.40,0.30
2008.02.26 11:59:23.806,1.6034,1.6037,0.40,0.30
2008.02.26 11:59:24.696,1.6034,1.6037,0.40,0.10
2008.02.26 11:59:24.980,1.6034,1.6037,0.40,0.10
2008.02.26 11:59:25.249,1.6035,1.6037,0.40,0.10
2008.02.26 11:59:25.531,1.6035,1.6037,0.40,0.10
2008.02.26 11:59:25.821,1.6035,1.60365,0.40,0.20
2008.02.26 11:59:26.054,1.6035,1.60365,0.40,0.20
2008.02.26 11:59:26.308,1.6034,1.60365,0.40,0.20
2008.02.26 11:59:26.726,1.6034,1.60365,0.40,0.20
2008.02.26 11:59:27.029,1.6033,1.60365,1.10,0.20
2008.02.26 11:59:27.353,1.6033,1.6036,1.10,0.20
2008.02.26 11:59:27.682,1.6033,1.60365,0.40,0.20
2008.02.26 11:59:28.001,1.6033,1.60365,0.40,0.20
2008.02.26 11:59:28.247,1.6033,1.60365,0.40,0.20
2008.02.26 11:59:28.495,1.6033,1.60365,0.40,0.20
2008.02.26 11:59:28.819,1.6033,1.60365,0.40,0.20
2008.02.26 11:59:29.878,1.6033,1.6037,0.40,0.10
2008.02.26 11:59:30.142,1.6034,1.60375,0.40,0.20
2008.02.26 11:59:30.404,1.6034,1.60375,0.40,0.20
2008.02.26 11:59:30.468,1.6034,1.60375,0.40,0.20
2008.02.26 11:59:30.667,1.6034,1.60375,0.40,0.20
2008.02.26 11:59:30.929,1.6035,1.60375,0.40,0.20
2008.02.26 11:59:31.238,1.6034,1.6036,0.40,0.20
2008.02.26 11:59:31.546,1.6034,1.6036,0.40,0.20
2008.02.26 11:59:31.854,1.6034,1.60365,0.40,0.20
2008.02.26 11:59:34.726,1.6034,1.60365,0.40,0.20
2008.02.26 11:59:35.004,1.6034,1.60365,0.40,0.20
2008.02.26 11:59:35.453,1.6033,1.6036,0.40,0.10
2008.02.26 11:59:35.721,1.6033,1.6036,0.40,0.10
2008.02.26 11:59:35.989,1.6034,1.6036,0.40,0.10
2008.02.26 11:59:36.257,1.6033,1.60355,0.40,0.20
2008.02.26 11:59:36.553,1.6033,1.60355,0.40,0.20
2008.02.26 11:59:36.859,1.6033,1.60355,0.40,0.20
2008.02.26 11:59:38.115,1.6033,1.60355,0.40,0.20
2008.02.26 11:59:38.408,1.6033,1.60355,0.40,0.20
2008.02.26 11:59:38.671,1.6034,1.6036,0.40,0.30
2008.02.26 11:59:38.949,1.6034,1.6036,0.40,0.30
2008.02.26 11:59:39.227,1.6034,1.6036,0.40,0.30
2008.02.26 11:59:39.491,1.6034,1.6036,0.40,0.30
2008.02.26 11:59:41.302,1.6034,1.6036,0.40,0.30
2008.02.26 11:59:41.725,1.6033,1.6036,0.40,0.30
2008.02.26 11:59:42.024,1.6033,1.6036,0.40,0.30
2008.02.26 11:59:42.306,1.6033,1.60355,0.40,0.20
2008.02.26 11:59:42.599,1.6033,1.60355,0.40,0.20
2008.02.26 11:59:43.268,1.6033,1.60355,0.40,0.20
2008.02.26 11:59:44.317,1.6033,1.60355,0.40,0.20
2008.02.26 11:59:44.617,1.6033,1.60355,0.40,0.20
2008.02.26 11:59:45.382,1.6033,1.6036,0.40,0.30
2008.02.26 11:59:45.641,1.6033,1.6036,0.40,0.30
2008.02.26 11:59:45.898,1.6033,1.6036,0.40,0.30
2008.02.26 11:59:46.157,1.6033,1.60355,0.40,0.20
2008.02.26 11:59:46.414,1.6033,1.60355,0.40,0.20
2008.02.26 11:59:50.777,1.6033,1.60355,0.40,0.20
2008.02.26 11:59:51.456,1.6033,1.60355,0.40,0.20
2008.02.26 11:59:51.749,1.6033,1.60355,0.40,0.20
2008.02.26 11:59:52.026,1.6033,1.60355,0.40,0.20
2008.02.26 11:59:53.273,1.6033,1.60355,0.40,0.20
2008.02.26 11:59:53.583,1.6033,1.60355,0.40,0.20
2008.02.26 11:59:54.211,1.6033,1.60355,0.40,0.20
2008.02.26 11:59:54.454,1.6033,1.60355,0.40,0.20
2008.02.26 11:59:55.937,1.6033,1.60355,0.40,0.20
2008.02.26 11:59:56.455,1.6033,1.60355,0.40,0.20
2008.02.26 11:59:57.177,1.6033,1.60355,0.40,0.20
2008.02.26 11:59:57.461,1.6034,1.6036,0.40,0.10
2008.02.26 11:59:57.753,1.6034,1.60355,0.40,0.20
2008.02.26 11:59:58.047,1.6033,1.60345,0.80,0.20
2008.02.26 11:59:58.341,1.6033,1.6035,0.80,0.20
2008.02.26 11:59:58.634,1.6032,1.6035,0.40,0.20
2008.02.26 11:59:58.888,1.6032,1.60355,0.40,0.20
2008.02.26 11:59:59.140,1.6032,1.60355,1.10,0.20
