2009.09.29 03:00:00.237,1.6722,1.6726,1.40,1.60
2009.09.29 03:00:00.817,1.67215,1.67255,1.40,1.60
2009.09.29 03:00:01.117,1.67215,1.67255,1.40,1.40
2009.09.29 03:00:01.467,1.6722,1.6726,1.40,1.60
2009.09.29 03:00:21.222,1.67215,1.67255,1.40,1.40
2009.09.29 03:00:21.462,1.67215,1.67255,1.40,1.60
2009.09.29 03:00:21.642,1.6721,1.67245,1.60,1.40
2009.09.29 03:00:21.802,1.6721,1.67245,1.40,1.40
2009.09.29 03:00:22.252,1.6722,1.67255,1.40,1.60
2009.09.29 03:00:23.532,1.6722,1.67255,1.40,1.40
2009.09.29 03:00:24.791,1.67215,1.67255,1.00,1.40
2009.09.29 03:00:25.131,1.67225,1.6726,1.40,1.70
2009.09.29 03:00:25.351,1.67215,1.6725,1.40,1.60
2009.09.29 03:00:25.521,1.6721,1.67245,1.00,1.40
2009.09.29 03:00:25.692,1.6722,1.6725,1.40,1.60
2009.09.29 03:00:30.220,1.6722,1.67265,1.40,1.40
2009.09.29 03:00:31.030,1.67215,1.6726,1.60,1.40
2009.09.29 03:00:31.260,1.6723,1.67265,1.40,1.60
2009.09.29 03:00:31.790,1.67235,1.6727,1.40,1.60
2009.09.29 03:00:31.970,1.67225,1.67265,1.00,1.40
2009.09.29 03:00:32.310,1.6722,1.67265,1.40,1.40
2009.09.29 03:00:38.758,1.67215,1.67265,1.00,1.40
2009.09.29 03:00:39.118,1.6721,1.67265,1.40,1.60
2009.09.29 03:00:41.498,1.6722,1.67265,1.40,1.40
2009.09.29 03:00:42.628,1.67235,1.6727,1.40,1.60
2009.09.29 03:00:43.367,1.67235,1.67275,1.40,1.60
2009.09.29 03:00:44.597,1.67235,1.67275,1.40,1.40
2009.09.29 03:00:46.426,1.67235,1.67275,2.20,1.40
2009.09.29 03:00:46.486,1.67245,1.67285,1.40,6.80
2009.09.29 03:00:46.766,1.67245,1.67285,1.40,1.60
2009.09.29 03:00:52.235,1.6725,1.6729,3.20,1.60
2009.09.29 03:01:01.043,1.67245,1.67285,1.50,1.50
2009.09.29 03:01:03.172,1.67255,1.67295,1.40,3.00
2009.09.29 03:01:03.472,1.67255,1.67295,1.40,1.40
2009.09.29 03:01:04.562,1.67255,1.67295,1.40,1.50
2009.09.29 03:01:14.599,1.6725,1.6729,1.50,1.40
2009.09.29 03:01:14.989,1.67255,1.67295,1.40,1.50
2009.09.29 03:01:15.339,1.67255,1.6729,1.40,1.00
2009.09.29 03:01:15.579,1.67255,1.67295,1.40,1.40
2009.09.29 03:01:17.359,1.67255,1.67295,1.40,3.00
2009.09.29 03:01:17.569,1.6725,1.6729,1.40,1.60
2009.09.29 03:01:19.328,1.6724,1.6728,3.20,1.40
2009.09.29 03:01:24.797,1.6726,1.673,1.60,1.40
2009.09.29 03:01:29.616,1.67255,1.6729,1.40,1.00
2009.09.29 03:01:29.736,1.67255,1.67295,1.40,6.60
2009.09.29 03:01:29.786,1.67255,1.67295,1.40,1.40
2009.09.29 03:01:32.155,1.6726,1.673,1.40,1.60
2009.09.29 03:01:32.325,1.6726,1.673,1.60,1.40
2009.09.29 03:01:33.015,1.67255,1.67295,1.40,1.40
2009.09.29 03:01:33.425,1.6725,1.6729,1.40,1.60
2009.09.29 03:01:33.885,1.6725,1.6729,1.60,1.40
2009.09.29 03:01:34.215,1.6725,1.6729,1.40,1.60
2009.09.29 03:01:36.994,1.6726,1.67295,3.00,6.60
2009.09.29 03:01:37.154,1.6726,1.6729,1.60,1.40
2009.09.29 03:01:37.274,1.6725,1.6729,1.60,1.40
2009.09.29 03:01:38.664,1.6725,1.6729,1.40,1.60
2009.09.29 03:01:39.064,1.67255,1.6729,1.40,1.00
2009.09.29 03:01:39.464,1.6726,1.673,1.60,1.40
2009.09.29 03:01:41.203,1.6726,1.673,1.40,1.60
2009.09.29 03:01:42.473,1.67255,1.67295,1.40,1.60
2009.09.29 03:01:44.902,1.67255,1.6729,1.40,1.60
2009.09.29 03:01:45.062,1.67245,1.67285,1.40,1.40
2009.09.29 03:01:45.233,1.6726,1.67295,1.40,1.00
2009.09.29 03:01:45.392,1.6726,1.673,1.40,1.60
2009.09.29 03:01:46.772,1.6726,1.673,1.50,1.50
2009.09.29 03:01:52.340,1.67265,1.67305,1.40,1.40
2009.09.29 03:01:52.400,1.67265,1.67305,1.40,7.40
2009.09.29 03:01:52.630,1.67265,1.673,1.40,1.00
2009.09.29 03:01:52.870,1.6726,1.673,1.60,1.40
2009.09.29 03:01:53.320,1.67265,1.673,1.40,1.00
2009.09.29 03:01:53.550,1.67265,1.67305,1.40,1.40
2009.09.29 03:01:55.550,1.67255,1.67295,1.40,1.40
2009.09.29 03:01:57.579,1.67255,1.67295,1.40,1.60
2009.09.29 03:01:57.689,1.6725,1.67285,1.60,1.40
2009.09.29 03:01:57.809,1.67245,1.6728,2.40,1.60
2009.09.29 03:01:57.869,1.67245,1.6728,1.60,1.60
2009.09.29 03:01:58.089,1.67255,1.67295,1.40,1.60
2009.09.29 03:01:58.259,1.67245,1.6728,1.60,1.60
2009.09.29 03:01:58.709,1.67255,1.6728,1.40,1.60
2009.09.29 03:01:58.929,1.67255,1.67295,1.40,1.60
2009.09.29 03:02:19.984,1.67255,1.67285,1.40,1.00
2009.09.29 03:02:20.214,1.6724,1.67275,1.80,1.40
2009.09.29 03:02:20.394,1.6724,1.67275,1.40,1.40
2009.09.29 03:02:22.583,1.6724,1.67275,1.40,1.60
2009.09.29 03:02:35.210,1.6723,1.67275,1.40,1.60
2009.09.29 03:02:35.850,1.67235,1.67275,1.40,1.00
2009.09.29 03:02:36.140,1.67235,1.6728,1.40,1.60
2009.09.29 03:02:40.079,1.6723,1.67275,1.40,1.60
2009.09.29 03:02:40.419,1.67235,1.6728,1.40,1.60
2009.09.29 03:02:40.769,1.67235,1.6728,1.40,1.40
2009.09.29 03:02:40.999,1.67235,1.6728,2.20,1.40
2009.09.29 03:02:41.219,1.67245,1.67285,1.40,1.60
2009.09.29 03:02:41.449,1.67245,1.67285,1.40,1.40
2009.09.29 03:02:44.918,1.6724,1.6728,1.60,1.40
2009.09.29 03:02:45.148,1.6724,1.6728,1.40,1.60
2009.09.29 03:02:45.967,1.6725,1.67285,3.00,5.30
2009.09.29 03:02:46.187,1.6725,1.67285,3.00,1.00
2009.09.29 03:02:46.607,1.67255,1.67295,1.40,1.60
2009.09.29 03:02:50.886,1.67265,1.67305,1.40,4.00
2009.09.29 03:02:51.066,1.67265,1.67305,1.40,1.60
2009.09.29 03:02:51.636,1.67265,1.67305,1.40,7.60
2009.09.29 03:02:51.816,1.6726,1.673,1.40,1.60
2009.09.29 03:02:51.996,1.6726,1.673,1.50,1.50
2009.09.29 03:02:52.166,1.67265,1.673,1.40,1.00
2009.09.29 03:02:52.336,1.6726,1.673,1.60,1.40
2009.09.29 03:02:52.796,1.67265,1.673,1.40,1.00
2009.09.29 03:02:52.976,1.67265,1.67305,1.40,1.60
2009.09.29 03:02:59.054,1.67265,1.67305,1.40,1.40
2009.09.29 03:02:59.284,1.6727,1.67315,1.40,1.40
2009.09.29 03:02:59.674,1.67265,1.6731,1.40,3.00
2009.09.29 03:03:00.024,1.67265,1.6731,1.40,3.20
2009.09.29 03:03:00.374,1.67275,1.67315,1.40,1.00
2009.09.29 03:03:00.604,1.67275,1.6732,1.60,3.00
2009.09.29 03:03:01.334,1.6727,1.67315,1.40,1.40
2009.09.29 03:03:02.153,1.6727,1.67315,1.60,1.40
2009.09.29 03:03:03.143,1.6727,1.67315,1.40,1.40
2009.09.29 03:03:14.141,1.67285,1.6732,1.40,1.60
2009.09.29 03:03:24.408,1.6729,1.67325,1.40,1.00
2009.09.29 03:03:26.048,1.6729,1.6732,1.40,1.60
2009.09.29 03:03:26.218,1.67285,1.6732,1.40,1.60
2009.09.29 03:03:40.604,1.67285,1.67325,1.40,1.60
2009.09.29 03:03:40.774,1.6729,1.6733,1.40,3.20
2009.09.29 03:03:42.484,1.67295,1.6733,1.40,1.60
2009.09.29 03:03:42.594,1.67305,1.67335,1.40,1.00
2009.09.29 03:03:42.714,1.67305,1.6734,1.40,3.20
2009.09.29 03:03:42.884,1.67295,1.6733,1.40,1.60
2009.09.29 03:03:43.364,1.67285,1.67325,1.40,1.40
2009.09.29 03:03:44.853,1.6729,1.6733,1.40,3.60
2009.09.29 03:03:45.193,1.673,1.6733,1.40,1.70
2009.09.29 03:03:45.493,1.673,1.6733,1.40,1.60
2009.09.29 03:04:01.489,1.6729,1.67325,1.40,1.60
2009.09.29 03:04:01.659,1.673,1.67325,1.40,1.60
2009.09.29 03:04:01.779,1.673,1.6733,1.40,1.70
2009.09.29 03:04:02.129,1.673,1.6733,1.40,1.60
2009.09.29 03:04:05.708,1.6729,1.6733,1.00,3.00
2009.09.29 03:04:05.878,1.67285,1.6733,1.40,3.00
2009.09.29 03:04:07.618,1.67285,1.6733,1.40,3.20
2009.09.29 03:04:22.384,1.67285,1.67325,1.40,1.00
2009.09.29 03:04:22.684,1.6728,1.67315,1.40,1.40
2009.09.29 03:04:24.454,1.6728,1.67315,1.40,1.60
2009.09.29 03:04:25.374,1.6728,1.67315,1.40,1.00
2009.09.29 03:04:29.333,1.6728,1.67315,1.40,1.60
2009.09.29 03:04:30.132,1.67265,1.6731,1.40,1.40
2009.09.29 03:04:31.542,1.67265,1.6731,1.40,1.60
2009.09.29 03:04:35.401,1.67265,1.6731,1.40,1.40
2009.09.29 03:04:36.161,1.6726,1.673,1.40,1.40
2009.09.29 03:04:36.401,1.6726,1.67295,1.40,1.40
2009.09.29 03:04:42.369,1.67265,1.673,1.40,1.00
2009.09.29 03:04:42.869,1.6727,1.67305,1.40,1.00
2009.09.29 03:04:43.160,1.67275,1.67315,2.20,1.40
2009.09.29 03:04:43.390,1.67265,1.67295,2.40,1.40
2009.09.29 03:04:43.689,1.6726,1.67295,1.00,3.00
2009.09.29 03:04:43.989,1.67255,1.67295,1.40,3.00
2009.09.29 03:04:44.269,1.67235,1.67275,2.00,1.40
2009.09.29 03:04:44.619,1.67245,1.6728,1.40,1.40
2009.09.29 03:04:45.629,1.67225,1.67265,1.80,1.40
2009.09.29 03:04:45.859,1.67225,1.67265,1.40,1.40
2009.09.29 03:04:46.089,1.6723,1.67275,1.40,1.40
2009.09.29 03:04:48.128,1.67225,1.67265,1.40,1.40
2009.09.29 03:04:52.487,1.6723,1.67265,1.40,1.00
2009.09.29 03:04:52.827,1.67235,1.67275,1.40,1.40
2009.09.29 03:04:54.677,1.67245,1.67285,1.40,7.20
2009.09.29 03:04:54.857,1.67245,1.67285,1.40,2.00
2009.09.29 03:04:55.326,1.67245,1.6728,1.40,1.00
2009.09.29 03:04:55.506,1.67235,1.67275,1.40,1.40
2009.09.29 03:04:55.676,1.67235,1.67275,2.20,1.40
2009.09.29 03:04:55.966,1.6724,1.67275,1.40,1.40
2009.09.29 03:04:56.236,1.67235,1.67275,1.40,1.40
2009.09.29 03:04:56.866,1.6723,1.67265,1.40,1.40
2009.09.29 03:04:59.645,1.6723,1.67265,1.40,1.60
2009.09.29 03:05:00.775,1.6722,1.67255,2.20,1.40
2009.09.29 03:05:01.005,1.6722,1.67255,1.40,1.40
2009.09.29 03:05:04.264,1.67215,1.6725,1.40,3.20
2009.09.29 03:05:04.554,1.67195,1.67235,1.00,1.40
2009.09.29 03:05:05.184,1.67195,1.67235,1.00,1.40
2009.09.29 03:05:05.484,1.6719,1.67235,1.40,1.40
2009.09.29 03:05:05.724,1.6719,1.6723,1.40,1.60
2009.09.29 03:05:05.904,1.67185,1.67225,1.40,1.40
2009.09.29 03:05:06.594,1.6719,1.6723,1.40,2.20
2009.09.29 03:05:06.774,1.6718,1.67225,1.40,1.80
2009.09.29 03:05:06.934,1.6717,1.6721,1.00,1.40
2009.09.29 03:05:07.164,1.6718,1.67215,1.40,2.00
2009.09.29 03:05:07.274,1.6718,1.6723,1.40,1.60
2009.09.29 03:05:07.393,1.6718,1.6723,1.40,2.00
2009.09.29 03:05:07.733,1.6718,1.67235,1.40,7.20
2009.09.29 03:05:08.083,1.6718,1.67225,1.40,1.40
2009.09.29 03:05:11.073,1.6718,1.67225,1.40,1.60
2009.09.29 03:05:11.303,1.67185,1.67225,1.00,1.60
2009.09.29 03:05:11.463,1.6719,1.6723,1.40,2.00
2009.09.29 03:05:11.702,1.6719,1.6723,1.40,1.60
2009.09.29 03:05:12.523,1.6718,1.6722,2.20,1.40
2009.09.29 03:05:12.692,1.6718,1.6722,1.40,1.40
2009.09.29 03:05:13.102,1.6719,1.6723,1.40,1.60
2009.09.29 03:05:14.622,1.6719,1.6723,1.40,1.50
2009.09.29 03:05:17.371,1.6719,1.6723,1.40,1.60
2009.09.29 03:05:17.721,1.6718,1.67225,1.40,1.40
2009.09.29 03:05:18.021,1.67185,1.6723,1.40,1.60
2009.09.29 03:05:18.291,1.67185,1.67235,1.40,1.00
2009.09.29 03:05:18.581,1.67205,1.67245,1.40,5.60
2009.09.29 03:05:19.091,1.67205,1.67245,1.40,5.20
2009.09.29 03:05:19.611,1.6722,1.6726,1.40,1.60
2009.09.29 03:05:20.240,1.6722,1.67265,1.40,1.40
2009.09.29 03:05:20.930,1.6722,1.67265,1.60,1.80
2009.09.29 03:05:21.330,1.67215,1.67255,1.40,1.40
2009.09.29 03:05:22.100,1.67215,1.67255,1.40,1.80
2009.09.29 03:05:23.430,1.67205,1.6725,1.40,1.40
2009.09.29 03:05:25.039,1.67205,1.67245,1.40,1.00
2009.09.29 03:05:25.449,1.6722,1.6725,1.60,1.40
2009.09.29 03:05:25.689,1.67225,1.6726,1.40,1.00
2009.09.29 03:05:27.859,1.6722,1.67255,1.60,1.40
2009.09.29 03:05:27.969,1.67215,1.67255,3.20,1.40
2009.09.29 03:05:28.088,1.67225,1.6726,3.00,1.00
2009.09.29 03:05:28.268,1.67225,1.6726,1.40,1.00
2009.09.29 03:05:30.108,1.67225,1.6726,3.00,1.00
2009.09.29 03:05:30.338,1.67225,1.67255,1.40,1.00
2009.09.29 03:05:30.628,1.67215,1.67255,1.40,1.40
2009.09.29 03:05:30.918,1.67205,1.6725,1.40,1.60
2009.09.29 03:05:31.548,1.67205,1.67245,1.40,1.00
2009.09.29 03:05:31.668,1.67195,1.67235,1.40,1.40
2009.09.29 03:05:32.287,1.67195,1.67235,2.20,1.40
2009.09.29 03:05:32.457,1.67205,1.67245,1.40,5.20
2009.09.29 03:05:32.917,1.67205,1.67245,1.40,1.00
2009.09.29 03:05:33.547,1.67205,1.67245,1.40,1.00
2009.09.29 03:05:36.376,1.67205,1.6725,1.40,1.40
2009.09.29 03:05:36.556,1.67215,1.67255,1.40,2.40
2009.09.29 03:05:36.726,1.67215,1.67255,1.40,2.00
2009.09.29 03:05:37.546,1.67215,1.6725,1.40,1.00
2009.09.29 03:05:38.086,1.67205,1.67245,3.80,1.40
2009.09.29 03:05:38.266,1.67205,1.67245,3.00,1.40
2009.09.29 03:05:39.516,1.67205,1.67245,3.00,1.60
2009.09.29 03:05:40.735,1.67205,1.6724,3.00,1.00
2009.09.29 03:05:43.945,1.67215,1.6725,1.40,1.00
2009.09.29 03:05:45.844,1.67215,1.67255,1.40,1.60
2009.09.29 03:05:48.004,1.6722,1.67265,1.40,7.20
2009.09.29 03:05:48.344,1.6722,1.67265,1.40,2.00
2009.09.29 03:05:49.273,1.67215,1.67255,1.40,1.40
2009.09.29 03:05:50.283,1.67225,1.6726,3.00,1.00
2009.09.29 03:05:53.192,1.67225,1.67265,3.20,1.80
2009.09.29 03:05:53.312,1.67235,1.6727,1.40,2.00
2009.09.29 03:05:54.162,1.67235,1.67265,1.40,1.00
2009.09.29 03:05:54.442,1.67215,1.67255,1.40,1.40
2009.09.29 03:05:55.812,1.67215,1.6725,1.40,1.00
2009.09.29 03:06:08.159,1.67215,1.6726,1.60,1.40
2009.09.29 03:06:08.449,1.6722,1.67265,1.40,2.00
2009.09.29 03:06:21.516,1.6722,1.6726,1.40,1.60
2009.09.29 03:06:21.745,1.67215,1.67255,1.40,1.40
2009.09.29 03:06:21.916,1.67205,1.6725,1.80,1.40
2009.09.29 03:06:22.025,1.67205,1.6725,1.40,1.40
2009.09.29 03:06:23.655,1.67205,1.6725,1.40,1.60
2009.09.29 03:06:24.515,1.67205,1.67245,1.40,1.00
2009.09.29 03:06:26.214,1.67205,1.67245,1.40,1.00
2009.09.29 03:06:26.734,1.67205,1.6724,1.40,2.00
2009.09.29 03:06:26.914,1.67195,1.67235,1.40,1.40
2009.09.29 03:06:28.544,1.67195,1.67235,1.40,1.60
2009.09.29 03:06:29.564,1.67195,1.6723,1.40,1.00
2009.09.29 03:06:31.353,1.67195,1.67235,1.40,1.40
2009.09.29 03:06:31.573,1.67205,1.6724,1.40,1.60
2009.09.29 03:06:31.753,1.67205,1.67245,1.40,5.30
2009.09.29 03:06:31.933,1.67205,1.67245,1.40,1.00
2009.09.29 03:06:53.348,1.67205,1.67245,1.40,1.00
2009.09.29 03:06:54.368,1.6721,1.67255,1.40,1.60
2009.09.29 03:06:55.957,1.672,1.6724,1.40,1.40
2009.09.29 03:06:56.257,1.6721,1.67255,1.40,6.80
2009.09.29 03:06:56.597,1.6721,1.67255,1.40,1.60
2009.09.29 03:06:56.938,1.6721,1.67255,1.40,1.40
2009.09.29 03:06:57.217,1.6721,1.67255,1.60,1.40
2009.09.29 03:06:57.517,1.67215,1.67235,1.40,1.00
2009.09.29 03:07:05.005,1.6721,1.67225,1.60,1.00
2009.09.29 03:07:05.355,1.6723,1.67265,1.60,1.40
2009.09.29 03:07:05.535,1.67235,1.6728,1.40,1.60
2009.09.29 03:07:05.705,1.67215,1.67265,1.60,1.40
2009.09.29 03:07:05.885,1.67215,1.67235,1.80,1.00
2009.09.29 03:07:06.065,1.67215,1.67235,1.00,1.00
2009.09.29 03:07:06.185,1.6721,1.67235,1.60,1.00
2009.09.29 03:07:06.355,1.67215,1.67235,1.60,1.00
2009.09.29 03:07:06.655,1.6721,1.67235,1.60,1.00
2009.09.29 03:07:07.184,1.67215,1.67225,1.40,1.00
2009.09.29 03:07:09.264,1.67215,1.6727,1.40,1.60
2009.09.29 03:07:11.574,1.67225,1.67265,1.40,2.00
2009.09.29 03:07:21.791,1.6721,1.67255,1.40,1.40
2009.09.29 03:07:23.621,1.6721,1.67255,1.40,1.60
2009.09.29 03:07:30.769,1.6721,1.67255,1.40,1.40
2009.09.29 03:07:30.999,1.6721,1.67265,1.40,1.60
2009.09.29 03:07:37.957,1.6721,1.67265,2.20,1.60
2009.09.29 03:07:41.966,1.6722,1.67265,1.40,1.40
2009.09.29 03:07:48.765,1.6722,1.67265,1.40,1.60
2009.09.29 03:07:52.444,1.67215,1.6726,1.40,1.60
2009.09.29 03:07:53.074,1.6722,1.6726,1.40,1.40
2009.09.29 03:07:53.304,1.6722,1.6726,1.40,1.60
2009.09.29 03:07:54.824,1.6722,1.6726,1.40,1.40
2009.09.29 03:07:55.563,1.6722,1.6726,1.40,1.60
2009.09.29 03:08:02.612,1.6722,1.67255,1.40,1.00
2009.09.29 03:08:02.731,1.67215,1.6725,1.40,1.40
2009.09.29 03:08:02.882,1.6722,1.67255,1.40,1.00
2009.09.29 03:08:02.992,1.6722,1.6726,1.40,3.20
2009.09.29 03:08:03.161,1.67215,1.6725,1.40,1.40
2009.09.29 03:08:03.511,1.6722,1.6726,1.40,2.40
2009.09.29 03:08:03.861,1.6722,1.6726,1.40,1.60
2009.09.29 03:08:08.150,1.67215,1.6725,1.40,1.40
2009.09.29 03:08:08.490,1.6722,1.6726,1.40,1.60
2009.09.29 03:08:12.669,1.6722,1.6726,1.40,3.20
2009.09.29 03:08:12.960,1.6722,1.6726,1.40,4.00
2009.09.29 03:08:13.259,1.67215,1.6725,1.40,1.40
2009.09.29 03:08:13.619,1.6722,1.67255,1.40,1.00
2009.09.29 03:08:14.009,1.6722,1.6726,1.40,1.60
2009.09.29 03:08:14.639,1.6721,1.6725,2.20,1.40
2009.09.29 03:08:14.809,1.6721,1.6725,1.40,1.40
2009.09.29 03:08:17.518,1.6721,1.6725,1.40,1.60
2009.09.29 03:08:19.097,1.6721,1.67245,1.40,1.00
2009.09.29 03:08:19.277,1.672,1.6724,1.40,1.40
2009.09.29 03:08:20.627,1.672,1.6724,1.40,1.50
2009.09.29 03:08:25.256,1.672,1.6724,2.20,1.50
2009.09.29 03:08:25.656,1.67205,1.67255,1.40,6.80
2009.09.29 03:08:26.006,1.67205,1.67255,1.40,1.60
2009.09.29 03:08:28.596,1.67205,1.67255,2.20,1.60
2009.09.29 03:08:28.655,1.67205,1.67255,2.20,1.40
2009.09.29 03:08:28.815,1.6722,1.6726,1.40,2.00
2009.09.29 03:08:29.105,1.6722,1.67255,1.40,1.00
2009.09.29 03:08:29.225,1.67215,1.6725,1.40,1.40
2009.09.29 03:08:29.705,1.6722,1.67255,1.40,1.00
2009.09.29 03:08:29.865,1.6722,1.6726,1.40,1.80
2009.09.29 03:08:31.324,1.6722,1.6726,1.40,2.00
2009.09.29 03:08:32.144,1.6722,1.6726,1.40,1.40
2009.09.29 03:08:32.264,1.67225,1.6727,1.40,1.40
2009.09.29 03:08:33.464,1.6722,1.67265,1.40,1.40
2009.09.29 03:08:33.694,1.6722,1.67265,1.40,1.60
2009.09.29 03:08:34.254,1.67225,1.67265,1.40,1.00
2009.09.29 03:08:34.484,1.67225,1.6727,1.40,1.40
2009.09.29 03:08:35.653,1.6722,1.6726,1.40,1.40
2009.09.29 03:08:37.473,1.6722,1.6726,1.40,1.50
2009.09.29 03:08:37.533,1.6722,1.6726,1.40,1.60
2009.09.29 03:08:40.602,1.67215,1.6725,1.40,1.40
2009.09.29 03:08:40.882,1.6722,1.67255,1.40,1.00
2009.09.29 03:08:41.162,1.6722,1.6726,1.40,1.60
2009.09.29 03:08:46.211,1.6722,1.6726,1.40,1.40
2009.09.29 03:08:46.371,1.67225,1.6726,1.40,1.40
2009.09.29 03:08:46.781,1.67225,1.6726,1.40,1.60
2009.09.29 03:08:47.111,1.6723,1.6726,1.40,1.00
2009.09.29 03:08:47.221,1.6723,1.67265,1.40,1.40
2009.09.29 03:08:51.390,1.67225,1.6726,1.60,1.40
2009.09.29 03:08:51.500,1.67225,1.6726,1.40,1.60
2009.09.29 03:08:51.730,1.6723,1.6726,1.40,1.00
2009.09.29 03:08:51.899,1.67225,1.6726,1.40,1.60
2009.09.29 03:08:52.140,1.6723,1.67265,1.40,1.40
2009.09.29 03:08:56.529,1.67225,1.6726,1.40,1.60
2009.09.29 03:08:56.709,1.6723,1.6726,1.40,1.00
2009.09.29 03:08:57.009,1.6723,1.67265,1.40,1.40
2009.09.29 03:09:00.318,1.67225,1.6726,1.60,1.40
2009.09.29 03:09:00.608,1.6722,1.6726,1.40,1.40
2009.09.29 03:09:00.958,1.67225,1.67265,1.40,1.60
2009.09.29 03:09:02.167,1.67225,1.67265,1.60,1.40
2009.09.29 03:09:03.887,1.67225,1.67265,1.40,1.60
2009.09.29 03:09:07.236,1.6723,1.6727,1.40,1.40
2009.09.29 03:09:08.866,1.67225,1.6727,1.00,1.40
2009.09.29 03:09:09.156,1.6722,1.6727,1.40,1.60
2009.09.29 03:09:10.415,1.67225,1.6727,1.40,1.60
2009.09.29 03:09:15.974,1.6722,1.67265,1.40,1.40
2009.09.29 03:09:16.464,1.67215,1.6725,1.40,1.40
2009.09.29 03:09:17.264,1.6722,1.6726,1.40,2.20
2009.09.29 03:09:17.434,1.6722,1.6726,1.40,1.40
2009.09.29 03:09:17.614,1.6722,1.67255,1.40,1.40
2009.09.29 03:09:23.812,1.6722,1.67255,1.40,1.60
2009.09.29 03:09:23.982,1.6721,1.67245,3.00,1.40
2009.09.29 03:09:25.282,1.6721,1.6724,1.60,1.40
2009.09.29 03:09:25.642,1.67195,1.6723,1.40,1.40
2009.09.29 03:09:26.681,1.67195,1.6723,1.40,2.00
2009.09.29 03:09:27.021,1.67195,1.6723,1.40,1.60
2009.09.29 03:09:27.371,1.67195,1.6723,1.40,3.40
2009.09.29 03:09:27.491,1.67195,1.6723,1.40,3.00
2009.09.29 03:09:27.601,1.67195,1.6723,1.40,1.40
2009.09.29 03:09:29.001,1.6719,1.67225,3.00,1.60
2009.09.29 03:09:29.241,1.67195,1.67225,1.40,1.00
2009.09.29 03:09:33.410,1.6719,1.67225,3.00,1.00
2009.09.29 03:09:38.629,1.6718,1.6722,1.40,1.80
2009.09.29 03:09:40.018,1.6717,1.6721,1.60,3.00
2009.09.29 03:09:41.118,1.6717,1.6721,3.20,1.40
2009.09.29 03:09:41.358,1.6717,1.6721,1.60,3.00
2009.09.29 03:09:41.568,1.6717,1.6721,1.60,1.40
2009.09.29 03:09:42.188,1.6717,1.6721,1.60,1.60
2009.09.29 03:09:42.827,1.6717,1.6721,1.60,1.40
2009.09.29 03:09:42.947,1.6717,1.6721,1.60,3.00
2009.09.29 03:09:43.067,1.6717,1.6721,1.60,3.20
2009.09.29 03:09:43.177,1.6717,1.6721,1.60,1.60
2009.09.29 03:09:43.407,1.6717,1.6721,1.60,1.40
2009.09.29 03:09:44.797,1.6717,1.6721,1.60,3.00
2009.09.29 03:09:45.077,1.6717,1.6721,1.60,3.20
2009.09.29 03:09:45.437,1.67175,1.6721,1.00,3.00
2009.09.29 03:09:45.717,1.6717,1.6721,1.60,3.00
2009.09.29 03:09:48.176,1.67175,1.6721,1.00,3.00
2009.09.29 03:09:48.286,1.67175,1.6721,1.00,1.40
2009.09.29 03:09:48.406,1.6718,1.6722,1.40,1.40
2009.09.29 03:09:49.556,1.6718,1.6722,1.60,1.40
2009.09.29 03:10:01.313,1.6718,1.6722,1.40,1.60
2009.09.29 03:10:01.593,1.6718,1.6722,1.60,1.40
2009.09.29 03:10:04.362,1.67185,1.67225,1.40,1.40
2009.09.29 03:10:08.122,1.6719,1.6723,1.40,1.60
2009.09.29 03:10:08.761,1.67185,1.67225,1.60,1.40
2009.09.29 03:10:08.821,1.67185,1.67225,1.40,1.40
2009.09.29 03:10:13.720,1.6719,1.6723,1.40,1.60
2009.09.29 03:10:14.800,1.67185,1.67225,1.40,1.40
2009.09.29 03:10:18.309,1.67185,1.67225,1.40,1.80
2009.09.29 03:10:19.219,1.67185,1.67225,1.40,2.00
2009.09.29 03:10:21.328,1.67175,1.67215,1.40,1.80
2009.09.29 03:10:22.548,1.67175,1.6721,1.40,1.00
2009.09.29 03:10:22.718,1.6717,1.67205,1.60,1.40
2009.09.29 03:10:22.838,1.67165,1.67205,1.60,1.40
2009.09.29 03:10:23.358,1.6717,1.67205,1.40,1.80
2009.09.29 03:10:23.528,1.67165,1.672,1.00,1.40
2009.09.29 03:10:23.817,1.6716,1.672,3.20,1.40
2009.09.29 03:10:24.687,1.6716,1.672,3.20,1.60
2009.09.29 03:10:25.137,1.67155,1.6719,1.60,1.40
2009.09.29 03:10:25.487,1.6715,1.6719,3.20,1.40
2009.09.29 03:10:25.867,1.6715,1.6719,1.60,3.00
2009.09.29 03:10:26.207,1.67135,1.67185,3.20,1.40
2009.09.29 03:10:26.447,1.67145,1.67195,1.40,1.60
2009.09.29 03:10:27.097,1.67155,1.672,1.40,1.00
2009.09.29 03:10:28.077,1.67155,1.67205,1.40,2.00
2009.09.29 03:10:28.596,1.67155,1.672,1.40,1.00
2009.09.29 03:10:29.286,1.67165,1.67205,1.40,2.00
2009.09.29 03:10:30.276,1.67165,1.672,1.40,1.00
2009.09.29 03:10:30.916,1.67165,1.672,1.40,1.00
2009.09.29 03:10:31.136,1.67165,1.67205,1.40,2.80
2009.09.29 03:10:31.366,1.67165,1.67205,1.40,7.20
2009.09.29 03:10:31.546,1.67165,1.67205,1.40,6.80
2009.09.29 03:10:31.776,1.67165,1.67205,1.40,1.60
2009.09.29 03:10:34.165,1.67165,1.67205,1.40,1.60
2009.09.29 03:10:35.795,1.6717,1.6721,1.40,1.00
2009.09.29 03:10:37.814,1.67165,1.67205,1.40,1.40
2009.09.29 03:10:38.044,1.67165,1.67205,1.40,1.60
2009.09.29 03:10:38.394,1.67165,1.67205,1.40,1.40
2009.09.29 03:10:39.364,1.67165,1.67205,1.40,1.60
2009.09.29 03:10:39.704,1.67155,1.67195,1.40,1.40
2009.09.29 03:10:40.583,1.67155,1.67195,1.60,1.40
2009.09.29 03:10:41.503,1.67155,1.67195,1.40,1.60
2009.09.29 03:10:41.853,1.67165,1.67205,1.40,7.20
2009.09.29 03:10:41.953,1.67165,1.67205,1.40,8.00
2009.09.29 03:10:42.014,1.6716,1.67195,1.60,1.40
2009.09.29 03:10:42.133,1.67155,1.67195,1.40,1.40
2009.09.29 03:10:43.303,1.67145,1.67185,5.40,1.40
2009.09.29 03:10:43.423,1.67145,1.67185,1.40,1.40
2009.09.29 03:10:44.193,1.6715,1.67195,1.40,1.80
2009.09.29 03:10:44.713,1.6715,1.67195,1.40,2.00
2009.09.29 03:10:45.822,1.6715,1.6719,1.40,1.00
2009.09.29 03:10:49.331,1.6715,1.6719,3.00,1.00
2009.09.29 03:10:49.492,1.6716,1.67195,1.40,1.60
2009.09.29 03:10:49.731,1.67165,1.672,1.40,3.60
2009.09.29 03:10:49.842,1.67165,1.672,1.40,1.60
2009.09.29 03:10:50.771,1.67175,1.6721,1.40,3.20
2009.09.29 03:10:51.871,1.67175,1.6721,1.40,1.60
2009.09.29 03:10:52.801,1.67175,1.6721,1.40,1.50
2009.09.29 03:10:57.209,1.67175,1.67205,1.40,5.20
2009.09.29 03:10:57.379,1.6717,1.672,1.00,1.40
2009.09.29 03:10:57.609,1.6716,1.672,1.40,1.60
2009.09.29 03:10:58.129,1.6716,1.672,1.60,1.40
2009.09.29 03:10:59.189,1.6716,1.672,1.40,1.60
2009.09.29 03:11:00.119,1.67175,1.6721,1.40,1.60
2009.09.29 03:11:00.399,1.6717,1.67205,1.40,1.40
2009.09.29 03:11:00.969,1.6716,1.67195,1.40,1.40
2009.09.29 03:11:03.578,1.6716,1.67195,1.40,1.60
2009.09.29 03:11:05.038,1.67155,1.67185,1.60,1.40
2009.09.29 03:11:05.387,1.6715,1.67185,1.40,1.40
2009.09.29 03:11:06.537,1.6715,1.67185,1.40,1.50
2009.09.29 03:11:09.556,1.6715,1.6718,1.40,1.70
2009.09.29 03:11:10.136,1.67135,1.67175,1.40,1.40
2009.09.29 03:11:11.736,1.67135,1.67175,1.40,1.60
2009.09.29 03:11:15.065,1.67135,1.67175,1.50,1.50
2009.09.29 03:11:15.655,1.67135,1.67175,3.10,1.50
2009.09.29 03:11:16.005,1.6714,1.67175,1.40,1.00
2009.09.29 03:11:16.165,1.6714,1.6718,1.40,1.60
2009.09.29 03:11:16.505,1.6714,1.67175,1.40,1.00
2009.09.29 03:11:17.875,1.6714,1.6718,1.40,1.60
2009.09.29 03:11:18.514,1.67145,1.6718,1.40,1.00
2009.09.29 03:11:18.754,1.6715,1.6719,1.40,1.60
2009.09.29 03:11:19.034,1.6715,1.6719,1.40,1.40
2009.09.29 03:11:19.264,1.67145,1.6718,1.40,1.40
2009.09.29 03:11:21.304,1.67145,1.6718,1.60,1.40
2009.09.29 03:11:21.704,1.67145,1.6718,1.40,1.40
2009.09.29 03:11:23.863,1.67145,1.6718,1.40,1.60
2009.09.29 03:11:24.213,1.67135,1.6717,1.40,1.40
2009.09.29 03:11:25.113,1.6713,1.67165,1.40,1.40
2009.09.29 03:11:25.353,1.67135,1.6717,1.40,1.40
2009.09.29 03:11:25.823,1.67125,1.6716,5.40,1.40
2009.09.29 03:11:26.102,1.6713,1.67165,1.40,3.00
2009.09.29 03:11:27.182,1.6712,1.6716,2.80,1.40
2009.09.29 03:11:27.293,1.6713,1.67165,1.40,3.00
2009.09.29 03:11:28.212,1.6712,1.67155,1.40,1.00
2009.09.29 03:11:28.722,1.67125,1.67155,1.40,1.00
2009.09.29 03:11:28.962,1.67125,1.67165,1.40,3.20
2009.09.29 03:11:29.232,1.67145,1.67165,1.40,1.60
2009.09.29 03:11:29.532,1.67145,1.67185,1.40,3.60
2009.09.29 03:11:29.882,1.67145,1.67185,1.40,3.20
2009.09.29 03:11:32.301,1.67145,1.67185,1.40,3.60
2009.09.29 03:11:32.771,1.67145,1.67185,1.60,3.40
2009.09.29 03:11:32.891,1.67155,1.67185,1.40,1.00
2009.09.29 03:11:32.941,1.67155,1.67195,1.40,1.60
2009.09.29 03:11:34.111,1.67145,1.67185,1.40,3.40
2009.09.29 03:11:34.690,1.67135,1.67175,1.40,1.40
2009.09.29 03:11:35.830,1.67135,1.67175,1.40,1.60
2009.09.29 03:11:36.170,1.6713,1.67165,1.40,1.60
2009.09.29 03:11:37.930,1.6713,1.67165,1.40,1.70
2009.09.29 03:11:41.389,1.67135,1.67165,1.60,1.00
2009.09.29 03:11:41.629,1.67145,1.67175,1.60,1.00
2009.09.29 03:11:41.859,1.6714,1.67175,1.40,1.00
2009.09.29 03:11:42.559,1.6714,1.67175,1.40,1.00
2009.09.29 03:11:52.006,1.67145,1.67175,1.60,1.00
2009.09.29 03:11:52.406,1.67155,1.67185,1.60,5.70
2009.09.29 03:11:52.576,1.6715,1.67185,1.40,1.00
2009.09.29 03:11:53.156,1.67155,1.67185,1.60,1.00
2009.09.29 03:11:56.176,1.67155,1.67185,3.00,1.00
2009.09.29 03:11:56.515,1.6716,1.67185,1.60,1.00
2009.09.29 03:11:56.695,1.67165,1.67185,1.60,1.00
2009.09.29 03:12:01.344,1.67165,1.67195,1.60,1.00
2009.09.29 03:12:01.734,1.6717,1.67195,1.40,1.00
2009.09.29 03:12:01.964,1.67175,1.67205,1.60,1.00
2009.09.29 03:12:02.354,1.67165,1.672,1.60,1.40
2009.09.29 03:12:02.464,1.67165,1.672,1.60,1.80
2009.09.29 03:12:02.634,1.67175,1.67205,1.60,1.00
2009.09.29 03:12:03.564,1.67175,1.67205,1.60,1.00
2009.09.29 03:12:04.333,1.67155,1.672,3.00,1.40
2009.09.29 03:12:04.733,1.67155,1.672,1.40,1.40
2009.09.29 03:12:05.183,1.6716,1.67205,1.40,2.00
2009.09.29 03:12:05.603,1.6716,1.672,1.40,1.00
2009.09.29 03:12:07.803,1.6717,1.67205,1.40,1.00
2009.09.29 03:12:08.432,1.6717,1.672,1.40,1.00
2009.09.29 03:12:08.592,1.6717,1.672,1.40,1.00
2009.09.29 03:12:08.762,1.67165,1.672,1.40,1.00
2009.09.29 03:12:09.292,1.67165,1.67195,1.40,1.00
2009.09.29 03:12:09.572,1.67165,1.672,1.40,1.00
2009.09.29 03:12:16.411,1.6717,1.672,1.40,1.00
2009.09.29 03:12:16.581,1.6717,1.67205,1.40,1.00
2009.09.29 03:12:20.949,1.67175,1.67205,1.40,1.00
2009.09.29 03:12:21.189,1.67175,1.6721,1.40,1.00
2009.09.29 03:12:21.899,1.6718,1.6721,1.40,1.00
2009.09.29 03:12:26.508,1.6719,1.6721,1.40,1.00
2009.09.29 03:12:26.728,1.6719,1.6722,1.40,1.00
2009.09.29 03:12:26.968,1.6719,1.67215,1.40,1.00
2009.09.29 03:12:27.128,1.6719,1.6722,1.40,1.00
2009.09.29 03:12:27.368,1.67185,1.6722,1.40,1.00
2009.09.29 03:12:27.658,1.67185,1.67225,1.40,1.00
2009.09.29 03:12:28.567,1.67185,1.6721,1.40,1.00
2009.09.29 03:12:28.847,1.67185,1.67225,1.40,1.00
2009.09.29 03:12:30.507,1.67185,1.67215,1.40,1.60
2009.09.29 03:12:30.737,1.67185,1.67225,1.40,1.00
2009.09.29 03:12:32.827,1.6718,1.6721,1.40,1.00
2009.09.29 03:12:33.067,1.67185,1.67215,1.40,5.20
2009.09.29 03:12:33.297,1.67185,1.67225,1.40,5.30
2009.09.29 03:12:33.477,1.67175,1.67215,2.60,1.00
2009.09.29 03:12:33.706,1.67175,1.67215,1.40,1.00
2009.09.29 03:12:34.616,1.67175,1.6722,1.40,1.40
2009.09.29 03:12:34.966,1.67175,1.67215,1.40,1.00
2009.09.29 03:12:37.156,1.67185,1.6722,1.40,1.60
2009.09.29 03:12:37.565,1.6719,1.6722,1.40,1.00
2009.09.29 03:12:38.445,1.6719,1.67225,1.40,6.80
2009.09.29 03:12:38.795,1.6719,1.6722,1.40,1.00
2009.09.29 03:12:39.475,1.67185,1.6722,1.40,1.60
2009.09.29 03:12:40.225,1.67185,1.67225,1.40,2.10
2009.09.29 03:12:40.455,1.67185,1.6722,1.40,1.40
2009.09.29 03:12:40.635,1.67175,1.6722,2.60,2.00
2009.09.29 03:12:40.984,1.67175,1.67215,1.40,1.00
2009.09.29 03:12:41.625,1.6718,1.67215,1.40,3.00
2009.09.29 03:12:41.914,1.67185,1.67215,1.40,7.20
2009.09.29 03:12:42.204,1.67185,1.6722,1.40,1.60
2009.09.29 03:12:43.944,1.67175,1.6721,1.40,1.00
2009.09.29 03:12:44.124,1.67175,1.6721,1.40,2.00
2009.09.29 03:12:44.304,1.67185,1.6721,1.40,1.60
2009.09.29 03:12:44.634,1.67185,1.67215,1.40,1.00
2009.09.29 03:12:44.804,1.67175,1.67205,2.60,2.00
2009.09.29 03:12:45.163,1.6717,1.67205,1.40,3.40
2009.09.29 03:12:46.613,1.6717,1.67205,1.40,3.60
2009.09.29 03:12:47.593,1.6717,1.672,1.40,1.00
2009.09.29 03:12:49.752,1.6718,1.67205,1.40,1.60
2009.09.29 03:12:49.872,1.6718,1.6721,1.40,1.00
2009.09.29 03:12:50.212,1.6717,1.67205,2.60,3.00
2009.09.29 03:12:50.332,1.6717,1.67205,1.40,3.40
2009.09.29 03:12:51.532,1.6717,1.67205,1.40,3.60
2009.09.29 03:12:52.572,1.6717,1.672,1.40,1.00
2009.09.29 03:12:54.501,1.6718,1.6721,1.40,1.00
2009.09.29 03:12:54.852,1.67175,1.6721,1.40,1.60
2009.09.29 03:12:55.071,1.67175,1.67205,1.40,1.00
2009.09.29 03:12:55.241,1.67165,1.67205,1.40,2.00
2009.09.29 03:12:55.461,1.67165,1.67195,1.40,1.00
2009.09.29 03:12:55.631,1.67175,1.67205,1.40,5.30
2009.09.29 03:12:55.971,1.6717,1.67205,1.40,2.10
2009.09.29 03:12:56.381,1.67165,1.672,1.40,2.10
2009.09.29 03:12:56.721,1.6717,1.67195,1.40,1.00
2009.09.29 03:12:57.071,1.6719,1.67215,1.40,2.00
2009.09.29 03:12:57.411,1.67175,1.67205,1.40,1.60
2009.09.29 03:12:57.741,1.67165,1.67205,1.20,1.60
2009.09.29 03:12:58.090,1.6717,1.67205,1.40,2.00
2009.09.29 03:12:59.430,1.6718,1.67205,1.40,1.60
2009.09.29 03:13:00.000,1.6719,1.67205,1.40,1.60
2009.09.29 03:13:00.340,1.672,1.6721,1.40,1.60
2009.09.29 03:13:00.730,1.6719,1.6722,1.40,1.00
2009.09.29 03:13:01.070,1.6718,1.67215,1.40,1.00
2009.09.29 03:13:01.430,1.67185,1.6722,1.40,1.00
2009.09.29 03:13:01.830,1.67175,1.67225,2.80,1.80
2009.09.29 03:13:02.180,1.67185,1.67225,1.40,1.00
2009.09.29 03:13:04.429,1.67195,1.67215,1.40,5.20
2009.09.29 03:13:04.539,1.67195,1.6721,1.40,1.00
2009.09.29 03:13:04.599,1.67195,1.6721,1.40,1.00
2009.09.29 03:13:04.939,1.67195,1.67215,1.40,6.80
2009.09.29 03:13:05.049,1.67175,1.67205,1.40,1.60
2009.09.29 03:13:05.169,1.6717,1.67205,2.60,1.60
2009.09.29 03:13:05.289,1.67175,1.67205,1.40,1.60
2009.09.29 03:13:05.509,1.6718,1.67205,1.40,1.60
2009.09.29 03:13:05.869,1.6717,1.67225,2.60,1.40
2009.09.29 03:13:06.209,1.6717,1.67225,1.40,1.80
2009.09.29 03:13:06.549,1.6717,1.67215,1.40,1.40
2009.09.29 03:13:06.898,1.6718,1.67215,1.40,1.60
2009.09.29 03:13:07.588,1.67185,1.67225,1.40,6.80
2009.09.29 03:13:07.988,1.6719,1.67225,1.00,1.60
2009.09.29 03:13:08.158,1.67185,1.67235,1.60,2.00
2009.09.29 03:13:08.328,1.67185,1.67235,1.40,1.70
2009.09.29 03:13:09.568,1.67185,1.67235,2.20,1.70
2009.09.29 03:13:09.738,1.67195,1.67235,1.40,1.60
2009.09.29 03:13:10.138,1.672,1.6723,1.40,1.00
2009.09.29 03:13:11.437,1.672,1.67235,1.40,2.00
2009.09.29 03:13:11.677,1.672,1.67235,1.40,2.10
2009.09.29 03:13:11.897,1.672,1.6723,1.40,1.00
2009.09.29 03:13:12.987,1.6722,1.6723,1.40,1.00
2009.09.29 03:13:13.037,1.6722,1.67235,1.40,1.60
2009.09.29 03:13:13.097,1.6722,1.6724,1.40,1.60
2009.09.29 03:13:13.257,1.6722,1.67245,1.40,1.60
2009.09.29 03:13:13.547,1.6723,1.67245,1.40,1.60
2009.09.29 03:13:13.607,1.6723,1.67255,1.40,1.60
2009.09.29 03:13:14.007,1.6722,1.67255,1.40,2.10
2009.09.29 03:13:14.237,1.6722,1.6726,2.20,3.00
2009.09.29 03:13:14.517,1.6722,1.67255,1.40,1.00
2009.09.29 03:13:14.757,1.6722,1.6726,2.20,1.80
2009.09.29 03:13:15.106,1.6723,1.6726,1.40,1.00
2009.09.29 03:13:15.487,1.6722,1.67255,1.40,3.40
2009.09.29 03:13:16.556,1.6722,1.67255,1.40,3.60
2009.09.29 03:13:18.506,1.67215,1.6725,1.40,3.40
2009.09.29 03:13:18.685,1.67215,1.67245,1.40,1.00
2009.09.29 03:13:18.856,1.6723,1.67255,1.40,1.00
2009.09.29 03:13:19.026,1.6722,1.6726,2.20,1.40
2009.09.29 03:13:19.306,1.6722,1.67255,1.40,1.00
2009.09.29 03:13:19.586,1.6723,1.67255,1.40,1.00
2009.09.29 03:13:19.885,1.6723,1.67265,1.40,2.00
2009.09.29 03:13:20.805,1.6723,1.6726,1.40,1.00
2009.09.29 03:13:21.855,1.6722,1.67255,2.20,1.80
2009.09.29 03:13:22.205,1.6722,1.67255,1.40,3.40
2009.09.29 03:13:23.574,1.6722,1.67255,1.40,3.60
2009.09.29 03:13:24.474,1.6723,1.67265,1.40,5.20
2009.09.29 03:13:24.694,1.6723,1.67265,1.40,3.60
2009.09.29 03:13:25.334,1.6723,1.67265,1.40,2.00
2009.09.29 03:13:25.674,1.6723,1.6726,1.40,1.00
2009.09.29 03:13:26.034,1.6723,1.6726,1.40,1.60
2009.09.29 03:13:26.374,1.6722,1.67255,1.40,1.00
2009.09.29 03:13:26.544,1.6722,1.67255,2.20,1.00
2009.09.29 03:13:26.784,1.6723,1.67265,1.40,1.80
2009.09.29 03:13:27.004,1.67235,1.6727,1.40,1.00
2009.09.29 03:13:27.403,1.67235,1.67275,1.40,4.60
2009.09.29 03:13:27.634,1.67245,1.67275,1.40,1.60
2009.09.29 03:13:28.683,1.67255,1.6728,1.40,2.00
2009.09.29 03:13:29.013,1.67245,1.67275,1.40,1.60
2009.09.29 03:13:31.862,1.6723,1.6727,2.20,3.00
2009.09.29 03:13:32.032,1.6723,1.6727,1.40,1.80
2009.09.29 03:13:32.192,1.6723,1.67265,1.40,1.00
2009.09.29 03:13:32.552,1.67235,1.6727,1.40,1.00
2009.09.29 03:13:33.752,1.67235,1.67275,1.40,6.80
2009.09.29 03:13:34.542,1.67235,1.6727,1.40,1.00
2009.09.29 03:13:34.832,1.67235,1.67265,1.40,1.00
2009.09.29 03:13:35.122,1.6723,1.67265,1.40,2.00
2009.09.29 03:13:38.311,1.6723,1.67265,1.40,1.00
2009.09.29 03:13:39.290,1.6723,1.67265,1.40,1.00
2009.09.29 03:13:39.520,1.67225,1.67265,3.00,1.60
2009.09.29 03:13:39.810,1.67225,1.6726,1.40,2.10
2009.09.29 03:13:40.080,1.6724,1.6727,1.40,1.70
2009.09.29 03:13:40.310,1.6724,1.6727,1.40,1.60
2009.09.29 03:13:43.170,1.67235,1.6727,1.00,3.00
2009.09.29 03:13:43.510,1.67225,1.6726,1.40,1.60
2009.09.29 03:13:44.859,1.67235,1.6726,1.40,1.60
2009.09.29 03:14:11.383,1.6721,1.6726,1.40,1.70
2009.09.29 03:14:12.962,1.67225,1.6726,1.40,1.60
2009.09.29 03:14:16.262,1.6721,1.6726,1.80,1.70
2009.09.29 03:14:16.621,1.6721,1.6726,1.40,1.70
2009.09.29 03:14:19.921,1.67215,1.6726,1.40,1.00
2009.09.29 03:14:20.141,1.67215,1.6727,1.40,1.00
2009.09.29 03:14:20.381,1.67215,1.6727,1.40,1.00
2009.09.29 03:14:21.760,1.67225,1.67275,1.40,2.50
2009.09.29 03:14:21.940,1.67225,1.6727,1.40,1.00
2009.09.29 03:14:26.209,1.67225,1.6726,1.40,1.60
2009.09.29 03:14:26.669,1.67225,1.6727,1.40,1.60
2009.09.29 03:14:26.889,1.67225,1.6727,1.40,1.00
2009.09.29 03:14:27.009,1.67225,1.67275,1.40,2.10
2009.09.29 03:14:37.667,1.67235,1.67275,1.40,1.60
2009.09.29 03:14:37.726,1.67235,1.6726,1.40,1.60
2009.09.29 03:14:39.426,1.67225,1.6726,1.40,1.60
2009.09.29 03:14:39.936,1.6724,1.6727,1.40,2.10
2009.09.29 03:14:40.166,1.6723,1.6727,1.00,1.80
2009.09.29 03:14:40.386,1.6722,1.67265,1.40,1.00
2009.09.29 03:14:40.626,1.67225,1.6727,1.40,1.00
2009.09.29 03:14:42.475,1.6723,1.6727,1.40,1.00
2009.09.29 03:14:44.555,1.6724,1.67275,1.40,1.60
2009.09.29 03:14:44.775,1.6724,1.67275,1.40,2.00
2009.09.29 03:14:47.005,1.67235,1.67275,1.40,3.40
2009.09.29 03:14:47.174,1.67235,1.6726,1.40,1.60
2009.09.29 03:14:50.544,1.6724,1.6727,1.40,1.60
2009.09.29 03:14:51.243,1.67235,1.6726,1.40,1.60
2009.09.29 03:14:53.563,1.67235,1.6727,1.40,2.10
2009.09.29 03:14:53.673,1.67235,1.6727,1.40,1.70
2009.09.29 03:14:53.783,1.67235,1.6727,1.40,1.60
2009.09.29 03:14:54.003,1.6724,1.6727,1.40,1.60
2009.09.29 03:15:01.951,1.67235,1.67255,1.40,1.60
2009.09.29 03:15:02.111,1.6723,1.67255,1.40,1.60
2009.09.29 03:15:02.520,1.6723,1.6726,1.40,1.60
2009.09.29 03:15:05.630,1.67225,1.6726,1.40,1.60
2009.09.29 03:15:07.619,1.67225,1.67255,1.40,1.60
2009.09.29 03:15:07.849,1.6722,1.6725,1.00,1.60
2009.09.29 03:15:08.019,1.6721,1.6725,1.40,1.60
2009.09.29 03:15:10.449,1.6722,1.6725,1.40,1.60
2009.09.29 03:15:12.558,1.6722,1.6726,3.00,1.60
2009.09.29 03:15:12.908,1.6722,1.67255,1.60,1.40
2009.09.29 03:15:13.418,1.6722,1.67245,1.60,5.20
2009.09.29 03:15:13.538,1.6722,1.67255,1.60,1.40
2009.09.29 03:15:13.968,1.6721,1.67255,1.60,1.40
2009.09.29 03:15:15.548,1.67215,1.67255,1.40,1.40
2009.09.29 03:15:15.948,1.6722,1.6724,1.60,1.00
2009.09.29 03:15:16.287,1.672,1.6724,1.40,1.60
2009.09.29 03:15:16.637,1.672,1.6724,1.40,1.40
2009.09.29 03:15:17.687,1.672,1.6724,1.60,1.40
2009.09.29 03:15:17.797,1.672,1.6724,1.00,1.40
2009.09.29 03:15:17.907,1.672,1.67255,1.60,1.40
2009.09.29 03:15:18.087,1.672,1.6726,1.60,1.00
2009.09.29 03:15:19.526,1.6721,1.67265,3.20,1.80
2009.09.29 03:15:19.866,1.6721,1.6726,3.20,1.00
2009.09.29 03:15:20.546,1.6721,1.6726,1.60,1.00
2009.09.29 03:15:22.856,1.6721,1.67255,1.40,1.40
2009.09.29 03:15:26.985,1.67225,1.6726,1.40,2.10
2009.09.29 03:15:27.205,1.67225,1.6727,1.40,2.00
2009.09.29 03:15:27.495,1.672,1.67255,1.60,1.40
2009.09.29 03:15:28.634,1.6721,1.67255,1.40,1.40
2009.09.29 03:15:29.984,1.67225,1.6726,1.40,1.70
2009.09.29 03:15:30.154,1.67225,1.6726,1.40,1.60
2009.09.29 03:15:34.303,1.6723,1.6726,1.40,1.60
2009.09.29 03:15:46.200,1.67225,1.67265,1.40,1.40
2009.09.29 03:15:48.449,1.67225,1.67265,1.40,1.60
2009.09.29 03:15:49.409,1.67225,1.67265,1.40,1.40
2009.09.29 03:15:52.559,1.6723,1.6727,1.40,1.60
2009.09.29 03:15:52.968,1.6723,1.6727,1.40,2.00
2009.09.29 03:15:55.838,1.6723,1.67265,1.40,1.60
2009.09.29 03:15:56.188,1.6722,1.67255,1.40,1.40
2009.09.29 03:15:56.528,1.67225,1.6726,1.40,1.00
2009.09.29 03:15:56.868,1.67225,1.67265,1.40,1.60
2009.09.29 03:15:58.697,1.67225,1.67265,1.60,1.60
2009.09.29 03:15:59.177,1.67245,1.67265,1.40,1.60
2009.09.29 03:15:59.297,1.67245,1.6728,1.40,1.60
2009.09.29 03:15:59.537,1.67225,1.67265,1.80,1.60
2009.09.29 03:15:59.987,1.67225,1.67265,1.40,1.60
2009.09.29 03:16:00.207,1.6722,1.67255,1.60,1.60
2009.09.29 03:16:00.437,1.6722,1.67265,1.40,3.00
2009.09.29 03:16:02.206,1.6723,1.67265,1.40,1.60
2009.09.29 03:16:02.966,1.6722,1.67265,2.20,3.00
2009.09.29 03:16:03.196,1.6721,1.67255,2.00,1.40
2009.09.29 03:16:03.426,1.6721,1.67255,1.60,3.00
2009.09.29 03:16:03.766,1.6722,1.67265,1.40,3.00
2009.09.29 03:16:04.066,1.6722,1.67265,1.40,1.40
2009.09.29 03:16:04.396,1.6723,1.6727,1.40,1.40
2009.09.29 03:16:08.535,1.67235,1.67275,1.40,1.60
2009.09.29 03:16:08.765,1.67235,1.67275,1.60,1.40
2009.09.29 03:16:09.114,1.6724,1.67275,1.60,1.40
2009.09.29 03:16:10.604,1.67245,1.67275,1.60,1.40
2009.09.29 03:16:12.114,1.67235,1.67275,1.00,1.40
2009.09.29 03:16:12.774,1.67235,1.67275,1.00,1.60
2009.09.29 03:16:14.883,1.67235,1.67275,1.40,1.60
2009.09.29 03:16:19.422,1.67245,1.67275,1.40,1.00
2009.09.29 03:16:19.712,1.67235,1.67275,1.60,1.40
2009.09.29 03:16:19.832,1.67235,1.67275,1.40,1.60
2009.09.29 03:16:20.002,1.67245,1.67275,1.40,1.00
2009.09.29 03:16:20.172,1.67235,1.67275,2.20,1.60
2009.09.29 03:16:20.332,1.67235,1.67275,1.40,1.60
2009.09.29 03:16:20.692,1.67245,1.6728,1.40,1.50
2009.09.29 03:16:21.032,1.67245,1.6728,1.40,1.40
2009.09.29 03:16:28.670,1.67235,1.67275,2.40,1.40
2009.09.29 03:16:28.790,1.67235,1.67275,2.20,1.60
2009.09.29 03:16:28.970,1.67235,1.67275,1.40,1.60
2009.09.29 03:16:31.389,1.6723,1.6727,1.60,1.40
2009.09.29 03:16:31.719,1.6723,1.6727,1.40,1.40
2009.09.29 03:16:34.898,1.6723,1.6727,1.50,1.40
2009.09.29 03:16:36.358,1.67235,1.6728,1.40,1.80
2009.09.29 03:16:37.858,1.67245,1.67285,1.40,1.00
2009.09.29 03:16:38.158,1.67245,1.6729,1.40,3.60
2009.09.29 03:16:38.437,1.67245,1.6729,1.40,1.80
2009.09.29 03:16:38.488,1.67255,1.67295,1.40,3.60
2009.09.29 03:16:38.598,1.67255,1.67295,1.40,2.00
2009.09.29 03:16:42.406,1.67255,1.67295,1.40,3.40
2009.09.29 03:16:42.576,1.6726,1.67295,1.40,1.60
2009.09.29 03:16:42.916,1.67255,1.6729,1.40,1.40
2009.09.29 03:16:43.577,1.67255,1.673,1.40,1.40
2009.09.29 03:16:43.797,1.6726,1.67295,1.40,1.40
2009.09.29 03:16:44.076,1.67265,1.673,1.40,1.00
2009.09.29 03:16:44.316,1.67265,1.67305,1.40,1.40
2009.09.29 03:16:44.596,1.67265,1.67305,1.40,1.80
2009.09.29 03:16:44.956,1.6726,1.67295,1.60,1.40
2009.09.29 03:16:45.306,1.6726,1.67295,3.00,1.60
2009.09.29 03:16:45.646,1.6726,1.67295,1.40,1.60
2009.09.29 03:16:47.575,1.6726,1.67295,1.50,1.50
2009.09.29 03:16:51.845,1.67255,1.6729,1.40,1.40
2009.09.29 03:16:52.124,1.6725,1.6729,1.00,1.40
2009.09.29 03:16:52.364,1.67245,1.6729,1.40,1.60
2009.09.29 03:16:54.294,1.67245,1.67285,1.40,1.00
2009.09.29 03:16:54.524,1.6723,1.6727,1.00,1.40
2009.09.29 03:16:54.924,1.67225,1.6727,1.60,1.40
2009.09.29 03:16:56.863,1.67235,1.67275,1.40,1.60
2009.09.29 03:16:57.443,1.67235,1.6728,1.40,1.60
2009.09.29 03:17:02.062,1.67225,1.6727,1.40,1.40
2009.09.29 03:17:03.492,1.67225,1.6727,1.60,1.40
2009.09.29 03:17:04.441,1.67225,1.6727,1.40,1.60
2009.09.29 03:17:09.550,1.67225,1.6727,1.60,1.60
2009.09.29 03:17:14.159,1.67225,1.6725,1.00,1.40
2009.09.29 03:17:14.339,1.67215,1.6725,3.20,1.40
2009.09.29 03:17:14.579,1.67215,1.6726,3.00,1.40
2009.09.29 03:17:15.398,1.67215,1.6726,1.40,1.40
2009.09.29 03:17:15.628,1.67215,1.6726,1.40,1.60
2009.09.29 03:17:20.408,1.67215,1.6726,1.40,1.40
2009.09.29 03:17:20.527,1.67225,1.6727,1.40,2.40
2009.09.29 03:17:20.707,1.67225,1.6727,1.40,1.60
2009.09.29 03:17:22.547,1.67225,1.6727,1.60,1.60
2009.09.29 03:17:36.364,1.67225,1.6726,1.60,1.40
2009.09.29 03:17:36.714,1.6722,1.6726,1.60,1.40
2009.09.29 03:17:40.963,1.6723,1.6727,1.40,1.40
2009.09.29 03:17:42.532,1.6723,1.6727,1.50,1.40
2009.09.29 03:17:48.481,1.6722,1.67265,1.50,1.40
2009.09.29 03:17:48.760,1.6723,1.6727,1.40,1.40
2009.09.29 03:17:48.920,1.6722,1.6726,1.50,1.40
2009.09.29 03:17:50.530,1.6722,1.6726,1.60,1.40
2009.09.29 03:18:03.637,1.6723,1.6727,1.40,1.40
2009.09.29 03:18:04.507,1.6723,1.6727,1.60,1.40
2009.09.29 03:18:12.005,1.67235,1.67275,1.60,1.40
2009.09.29 03:18:12.295,1.67235,1.67275,1.40,1.40
2009.09.29 03:18:12.535,1.6723,1.67265,1.60,1.40
2009.09.29 03:18:13.525,1.6723,1.67265,1.40,1.40
2009.09.29 03:18:14.284,1.67235,1.67275,1.60,2.20
2009.09.29 03:18:14.504,1.67235,1.67275,1.60,1.40
2009.09.29 03:18:15.534,1.67235,1.67275,1.50,1.50
2009.09.29 03:18:36.529,1.67235,1.67275,1.60,1.40
2009.09.29 03:18:36.819,1.67245,1.67285,3.00,6.80
2009.09.29 03:18:37.059,1.67245,1.67285,3.00,1.60
2009.09.29 03:18:38.508,1.67245,1.67285,3.20,1.60
2009.09.29 03:18:48.106,1.67255,1.67295,1.40,5.60
2009.09.29 03:18:48.216,1.67255,1.67295,1.40,3.20
2009.09.29 03:18:48.276,1.6726,1.67295,1.40,1.70
2009.09.29 03:18:48.396,1.67255,1.6729,1.40,1.40
2009.09.29 03:18:48.786,1.67255,1.6729,1.40,1.50
2009.09.29 03:18:48.896,1.67245,1.6728,2.20,1.40
2009.09.29 03:18:49.236,1.67245,1.6728,1.40,1.40
2009.09.29 03:18:51.635,1.67255,1.6729,1.40,1.40
2009.09.29 03:19:01.883,1.67245,1.67285,1.40,1.60
2009.09.29 03:19:02.583,1.67245,1.67285,1.60,1.40
2009.09.29 03:19:02.933,1.67245,1.67285,1.40,1.60
2009.09.29 03:19:06.482,1.6725,1.6729,1.40,1.40
2009.09.29 03:19:06.832,1.67245,1.6729,1.40,1.40
2009.09.29 03:19:08.661,1.67245,1.6729,1.40,1.60
2009.09.29 03:19:17.269,1.67255,1.67295,1.40,1.40
2009.09.29 03:19:18.489,1.67255,1.67295,1.40,1.60
2009.09.29 03:19:19.469,1.67255,1.67295,1.60,1.40
2009.09.29 03:19:20.739,1.6726,1.67295,1.40,1.40
2009.09.29 03:19:21.328,1.6726,1.67295,2.20,1.40
2009.09.29 03:19:21.708,1.6727,1.6731,1.40,1.60
2009.09.29 03:19:22.058,1.67275,1.6731,1.40,1.00
2009.09.29 03:19:22.398,1.6727,1.6731,2.40,1.40
2009.09.29 03:19:22.738,1.67265,1.67315,1.40,1.40
2009.09.29 03:19:23.088,1.6726,1.67305,1.40,1.40
2009.09.29 03:19:25.407,1.6726,1.67305,1.40,1.50
2009.09.29 03:19:25.587,1.6726,1.67305,1.40,1.60
2009.09.29 03:19:27.307,1.6726,1.673,1.40,2.40
2009.09.29 03:19:27.597,1.6725,1.67295,1.40,1.40
2009.09.29 03:19:30.256,1.6724,1.67285,1.40,1.40
2009.09.29 03:19:30.946,1.6724,1.67285,3.00,1.40
2009.09.29 03:19:31.336,1.67245,1.67285,1.40,1.40
2009.09.29 03:19:32.445,1.67245,1.67285,1.40,1.60
2009.09.29 03:19:33.026,1.67245,1.6728,1.40,1.00
2009.09.29 03:19:33.236,1.67235,1.67275,1.40,1.40
2009.09.29 03:19:33.535,1.67225,1.67265,4.00,1.40
2009.09.29 03:19:33.715,1.67225,1.67265,3.20,1.40
2009.09.29 03:19:33.875,1.67235,1.6727,1.40,1.40
2009.09.29 03:19:34.175,1.6722,1.67255,3.20,1.40
2009.09.29 03:19:34.445,1.67225,1.6726,3.00,1.40
2009.09.29 03:19:34.675,1.6722,1.67255,1.40,1.40
2009.09.29 03:19:36.585,1.67225,1.6726,1.40,1.40
2009.09.29 03:19:51.541,1.6722,1.67255,1.40,1.40
2009.09.29 03:19:51.891,1.6722,1.67265,1.40,1.40
2009.09.29 03:19:53.561,1.67215,1.6725,1.00,1.40
2009.09.29 03:19:53.740,1.6721,1.6725,1.60,1.40
2009.09.29 03:19:56.180,1.67215,1.6725,1.00,1.40
2009.09.29 03:19:56.420,1.6722,1.67265,1.40,1.40
2009.09.29 03:19:58.269,1.6722,1.67255,1.40,1.40
2009.09.29 03:20:29.242,1.6722,1.67255,1.40,1.60
2009.09.29 03:20:29.712,1.67225,1.67255,1.40,1.00
2009.09.29 03:20:29.772,1.67225,1.67265,1.40,1.60
2009.09.29 03:20:40.130,1.67225,1.6726,1.40,1.00
2009.09.29 03:20:40.419,1.6721,1.67255,1.40,1.40
2009.09.29 03:20:40.539,1.67205,1.67255,1.00,1.40
2009.09.29 03:20:40.769,1.672,1.6725,1.00,1.60
2009.09.29 03:20:40.999,1.67205,1.67245,1.40,1.40
2009.09.29 03:20:41.169,1.6719,1.67235,1.40,1.40
2009.09.29 03:20:43.669,1.6719,1.67235,1.40,1.60
2009.09.29 03:20:44.548,1.6719,1.6723,1.40,1.60
2009.09.29 03:20:46.218,1.67185,1.67225,1.40,1.40
2009.09.29 03:20:46.378,1.67175,1.67215,1.20,1.40
2009.09.29 03:20:46.728,1.6717,1.67215,1.60,1.40
2009.09.29 03:20:47.478,1.6717,1.6721,1.60,1.60
2009.09.29 03:20:48.007,1.6717,1.6721,1.40,1.60
2009.09.29 03:20:48.457,1.6717,1.6721,1.50,1.60
2009.09.29 03:20:48.687,1.6717,1.6721,1.60,1.60
2009.09.29 03:20:51.636,1.67175,1.6721,1.40,1.60
2009.09.29 03:20:56.016,1.6717,1.6721,1.60,1.60
2009.09.29 03:20:56.315,1.6718,1.6722,1.40,1.00
2009.09.29 03:20:56.615,1.67185,1.67225,1.40,1.60
2009.09.29 03:20:56.955,1.6718,1.67225,1.40,3.20
2009.09.29 03:21:01.274,1.6717,1.6721,2.40,1.60
2009.09.29 03:21:01.564,1.6717,1.6721,1.60,1.60
2009.09.29 03:21:15.861,1.67165,1.6721,1.40,3.00
2009.09.29 03:21:16.141,1.6718,1.6721,1.40,1.60
2009.09.29 03:21:18.930,1.6717,1.6721,1.00,3.00
2009.09.29 03:21:18.990,1.67165,1.6721,1.40,3.00
2009.09.29 03:21:23.309,1.67165,1.672,1.40,1.60
2009.09.29 03:21:23.419,1.6716,1.672,1.60,1.60
2009.09.29 03:21:23.759,1.6716,1.672,1.40,1.60
2009.09.29 03:21:24.579,1.6716,1.67205,1.40,1.60
2009.09.29 03:21:24.869,1.67165,1.6721,1.40,3.00
2009.09.29 03:21:49.013,1.6717,1.6721,1.60,1.60
2009.09.29 03:21:50.372,1.67165,1.67205,1.40,1.40
2009.09.29 03:21:52.512,1.67165,1.67205,1.40,1.60
2009.09.29 03:21:54.062,1.67155,1.672,1.40,1.40
2009.09.29 03:21:54.571,1.67165,1.67205,1.40,1.60
2009.09.29 03:21:54.991,1.67155,1.672,2.20,1.40
2009.09.29 03:21:55.331,1.67155,1.672,1.40,1.40
2009.09.29 03:21:56.551,1.67155,1.672,1.40,1.60
2009.09.29 03:21:58.481,1.6715,1.67195,1.00,1.40
2009.09.29 03:21:58.591,1.67155,1.672,1.40,1.60
2009.09.29 03:21:58.711,1.6715,1.67195,1.00,1.40
2009.09.29 03:21:58.891,1.67155,1.67195,1.40,1.00
2009.09.29 03:21:59.060,1.67155,1.672,1.40,1.60
2009.09.29 03:21:59.231,1.6715,1.67195,1.00,1.40
2009.09.29 03:21:59.690,1.67155,1.672,1.40,1.60
2009.09.29 03:22:05.639,1.67175,1.672,1.60,1.60
2009.09.29 03:22:05.809,1.67175,1.6721,3.00,1.00
2009.09.29 03:22:07.648,1.67175,1.67215,3.20,1.60
2009.09.29 03:22:11.877,1.67165,1.67205,1.40,1.60
2009.09.29 03:22:13.617,1.67165,1.67205,1.50,1.50
2009.09.29 03:22:22.845,1.67165,1.672,1.00,1.40
2009.09.29 03:22:23.124,1.6716,1.672,1.40,1.60
2009.09.29 03:22:41.680,1.67155,1.672,1.40,1.60
2009.09.29 03:22:41.861,1.6715,1.672,1.40,1.60
2009.09.29 03:22:44.400,1.6715,1.67195,1.40,1.00
2009.09.29 03:22:45.469,1.6716,1.67195,1.40,1.00
2009.09.29 03:22:45.579,1.6716,1.672,1.40,1.60
2009.09.29 03:23:00.116,1.67165,1.67195,1.40,1.00
2009.09.29 03:23:00.236,1.6716,1.67195,1.40,1.00
2009.09.29 03:23:01.405,1.67165,1.672,1.40,1.00
2009.09.29 03:23:03.575,1.6716,1.672,1.40,3.20
2009.09.29 03:23:03.755,1.6716,1.67195,1.40,1.00
2009.09.29 03:23:05.194,1.67165,1.672,1.40,1.00
2009.09.29 03:23:09.793,1.6716,1.672,1.20,1.60
2009.09.29 03:23:09.903,1.67155,1.672,1.40,1.60
2009.09.29 03:23:11.703,1.67165,1.672,1.40,1.00
2009.09.29 03:23:20.801,1.67165,1.67205,1.40,1.40
2009.09.29 03:23:20.961,1.67175,1.6721,1.40,1.70
2009.09.29 03:23:22.810,1.67175,1.67205,1.40,1.60
2009.09.29 03:23:23.101,1.6718,1.67205,1.40,1.60
2009.09.29 03:23:23.450,1.6718,1.6721,1.40,1.70
2009.09.29 03:23:24.470,1.6718,1.6721,1.40,1.60
2009.09.29 03:23:46.285,1.67175,1.6721,1.40,1.60
2009.09.29 03:23:47.474,1.67185,1.67215,1.40,1.60
2009.09.29 03:23:47.824,1.67195,1.6721,1.40,1.60
2009.09.29 03:23:48.454,1.67185,1.6721,2.20,1.60
2009.09.29 03:23:48.614,1.67185,1.6721,1.40,1.60
2009.09.29 03:23:48.724,1.67185,1.67205,1.40,1.60
2009.09.29 03:23:49.024,1.67185,1.6722,1.40,1.70
2009.09.29 03:23:49.304,1.6718,1.67215,1.40,1.60
2009.09.29 03:23:49.594,1.6718,1.6722,1.40,3.20
2009.09.29 03:23:59.992,1.6718,1.6722,1.60,3.00
2009.09.29 03:24:00.281,1.67185,1.6722,1.40,1.60
2009.09.29 03:24:02.071,1.6719,1.6722,1.40,1.60
2009.09.29 03:24:04.150,1.67195,1.67225,1.40,1.60
2009.09.29 03:24:09.839,1.67195,1.67225,1.60,1.60
2009.09.29 03:24:13.998,1.67195,1.6724,1.60,4.60
2009.09.29 03:24:17.347,1.67195,1.6724,1.60,3.00
2009.09.29 03:24:19.836,1.67195,1.6724,1.40,3.00
2009.09.29 03:24:19.997,1.6719,1.6723,1.60,1.40
2009.09.29 03:24:22.976,1.6719,1.6723,1.40,1.60
2009.09.29 03:24:25.945,1.67195,1.6723,1.40,1.00
2009.09.29 03:24:26.175,1.67195,1.67235,1.40,1.40
2009.09.29 03:24:35.393,1.672,1.67235,1.40,1.40
2009.09.29 03:24:49.919,1.672,1.6723,1.40,1.00
2009.09.29 03:24:50.149,1.67195,1.6723,1.40,1.60
2009.09.29 03:24:53.329,1.672,1.67235,1.40,6.60
2009.09.29 03:24:53.788,1.672,1.67235,1.40,1.40
2009.09.29 03:24:55.208,1.67195,1.6723,1.40,1.60
2009.09.29 03:25:21.772,1.6719,1.67225,1.40,1.00
2009.09.29 03:25:28.460,1.6719,1.67225,1.40,1.00
2009.09.29 03:25:31.239,1.6719,1.67225,1.40,5.30
2009.09.29 03:25:31.409,1.67185,1.67225,1.40,6.80
2009.09.29 03:25:31.570,1.67185,1.67225,1.40,1.60
2009.09.29 03:25:42.797,1.67175,1.67215,1.40,1.40
2009.09.29 03:25:43.076,1.6718,1.6722,3.20,1.40
2009.09.29 03:25:43.596,1.6718,1.6722,1.60,1.40
2009.09.29 03:25:43.766,1.6718,1.6722,3.20,1.40
2009.09.29 03:25:44.586,1.6718,1.6722,3.00,1.60
2009.09.29 03:25:45.686,1.6718,1.6722,3.20,1.60
2009.09.29 03:25:50.445,1.6718,1.67215,1.00,1.40
2009.09.29 03:25:50.625,1.67175,1.67215,1.40,1.60
2009.09.29 03:25:58.263,1.67165,1.67205,1.40,1.40
2009.09.29 03:25:59.543,1.67165,1.67205,1.40,1.60
2009.09.29 03:26:00.452,1.67165,1.67205,1.40,1.40
2009.09.29 03:26:10.430,1.6717,1.6721,1.40,1.00
2009.09.29 03:26:10.650,1.6717,1.67215,1.40,1.60
2009.09.29 03:26:18.068,1.6716,1.6721,1.40,1.40
2009.09.29 03:26:37.373,1.67155,1.67205,1.60,1.40
2009.09.29 03:26:37.593,1.67155,1.67205,1.40,1.60
2009.09.29 03:26:37.773,1.67155,1.67205,1.80,1.60
2009.09.29 03:26:40.803,1.67165,1.67205,1.40,1.40
2009.09.29 03:26:41.953,1.6716,1.672,1.40,1.60
2009.09.29 03:26:42.892,1.6716,1.672,1.60,1.40
2009.09.29 03:26:47.981,1.67165,1.67205,1.40,1.40
2009.09.29 03:26:56.779,1.6716,1.672,1.40,1.60
2009.09.29 03:26:57.348,1.6716,1.672,1.60,1.40
2009.09.29 03:27:08.836,1.67165,1.67205,1.40,6.60
2009.09.29 03:27:08.956,1.67165,1.67205,1.40,1.40
2009.09.29 03:27:17.704,1.6716,1.672,1.60,1.40
2009.09.29 03:27:18.004,1.6716,1.672,1.40,1.60
2009.09.29 03:27:21.843,1.6717,1.67205,1.40,6.80
2009.09.29 03:27:22.083,1.6717,1.67205,3.00,1.60
2009.09.29 03:27:22.373,1.67165,1.672,1.40,1.40
2009.09.29 03:27:22.672,1.6717,1.6721,1.40,3.00
2009.09.29 03:27:22.962,1.6718,1.6722,1.40,1.80
2009.09.29 03:27:23.302,1.6719,1.67215,1.40,1.60
2009.09.29 03:27:23.652,1.6719,1.67225,1.40,1.60
2009.09.29 03:27:32.240,1.6719,1.67215,1.40,1.00
2009.09.29 03:27:34.490,1.67185,1.67215,1.40,1.00
2009.09.29 03:27:43.987,1.67185,1.67215,1.00,1.00
2009.09.29 03:27:44.207,1.6718,1.67215,1.40,1.00
2009.09.29 03:27:44.797,1.67185,1.67215,1.00,1.00
2009.09.29 03:27:49.186,1.6718,1.67215,1.40,1.00
2009.09.29 03:27:49.786,1.67185,1.67215,1.00,1.00
2009.09.29 03:27:55.125,1.672,1.67215,1.40,1.00
2009.09.29 03:27:56.414,1.67195,1.67215,1.40,1.00
2009.09.29 03:27:56.774,1.6718,1.67215,1.80,1.00
2009.09.29 03:27:57.124,1.6718,1.67215,1.40,1.00
2009.09.29 03:27:57.834,1.67165,1.67215,1.80,1.00
2009.09.29 03:27:58.444,1.6716,1.67195,1.00,1.40
2009.09.29 03:27:58.664,1.6715,1.672,1.40,1.40
2009.09.29 03:27:58.884,1.67165,1.67215,1.40,5.70
2009.09.29 03:27:59.124,1.6716,1.6721,1.00,1.40
2009.09.29 03:27:59.414,1.67155,1.6721,1.80,1.40
2009.09.29 03:28:00.793,1.67155,1.672,1.40,1.40
2009.09.29 03:28:02.083,1.6715,1.67195,1.40,1.60
2009.09.29 03:28:02.423,1.67155,1.67195,1.00,1.40
2009.09.29 03:28:04.143,1.6715,1.67195,1.40,1.60
2009.09.29 03:28:04.372,1.6715,1.67195,1.80,1.60
2009.09.29 03:28:04.542,1.6715,1.67195,1.40,1.60
2009.09.29 03:28:04.722,1.6715,1.67195,1.80,1.60
2009.09.29 03:28:05.053,1.6715,1.67195,1.40,1.60
2009.09.29 03:28:05.342,1.6715,1.67195,1.80,1.60
2009.09.29 03:28:05.512,1.6715,1.67195,1.40,1.60
2009.09.29 03:28:06.142,1.6715,1.67195,1.80,1.60
2009.09.29 03:28:06.422,1.67165,1.672,1.40,1.40
2009.09.29 03:28:07.062,1.6717,1.67205,1.40,1.40
2009.09.29 03:28:07.462,1.67155,1.672,5.20,1.40
2009.09.29 03:28:07.752,1.67155,1.672,1.80,1.40
2009.09.29 03:28:09.511,1.6716,1.672,1.00,1.40
2009.09.29 03:28:09.851,1.67155,1.672,1.80,1.40
2009.09.29 03:28:12.450,1.67155,1.672,2.00,1.40
2009.09.29 03:28:14.470,1.6717,1.67215,1.40,2.10
2009.09.29 03:28:19.589,1.6717,1.6721,1.40,1.00
2009.09.29 03:28:19.709,1.6717,1.67215,1.40,2.10
2009.09.29 03:28:21.398,1.6716,1.672,1.00,1.40
2009.09.29 03:28:21.799,1.67155,1.672,1.80,1.40
2009.09.29 03:28:22.148,1.6717,1.6721,1.40,1.00
2009.09.29 03:28:22.488,1.6717,1.67215,1.40,2.00
2009.09.29 03:28:23.188,1.6716,1.6721,1.80,1.40
2009.09.29 03:28:24.668,1.6716,1.6721,1.80,1.60
2009.09.29 03:28:28.557,1.6716,1.6721,1.40,1.60
2009.09.29 03:28:28.727,1.67155,1.672,2.60,1.40
2009.09.29 03:28:28.837,1.67155,1.672,1.80,1.40
2009.09.29 03:28:30.116,1.6716,1.672,1.00,1.40
2009.09.29 03:28:38.494,1.6717,1.672,1.00,1.40
2009.09.29 03:28:38.614,1.6718,1.67215,1.40,2.10
2009.09.29 03:28:38.894,1.6718,1.67215,2.20,2.00
2009.09.29 03:28:38.995,1.6719,1.67215,1.40,1.00
2009.09.29 03:29:06.188,1.67195,1.67215,1.40,1.00
2009.09.29 03:29:06.648,1.6719,1.67215,1.60,1.00
2009.09.29 03:29:06.827,1.6719,1.67215,1.40,1.00
2009.09.29 03:29:06.948,1.67195,1.67215,1.40,1.00
2009.09.29 03:29:10.687,1.6718,1.67215,1.40,1.00
2009.09.29 03:29:12.696,1.67175,1.6721,3.40,1.40
2009.09.29 03:29:12.866,1.67175,1.6721,3.20,1.40
2009.09.29 03:29:13.106,1.6718,1.67215,1.40,1.00
2009.09.29 03:29:14.585,1.6718,1.67215,1.60,1.00
2009.09.29 03:29:15.455,1.6718,1.67215,1.40,1.00
2009.09.29 03:29:23.214,1.67195,1.67215,1.40,1.00
2009.09.29 03:29:25.083,1.67185,1.67215,1.40,1.00
2009.09.29 03:29:31.451,1.67205,1.67215,1.40,1.00
2009.09.29 03:29:33.281,1.67195,1.67215,1.40,1.00
2009.09.29 03:29:37.010,1.67185,1.67215,2.20,1.00
2009.09.29 03:29:37.190,1.67185,1.67215,1.40,1.00
2009.09.29 03:29:40.719,1.67195,1.67215,1.60,1.00
2009.09.29 03:29:41.129,1.67185,1.67215,1.40,1.00
2009.09.29 03:29:42.119,1.67195,1.67215,1.40,1.00
2009.09.29 03:29:48.178,1.672,1.67215,1.40,1.00
2009.09.29 03:29:48.457,1.6721,1.67255,1.40,1.00
2009.09.29 03:29:48.848,1.6721,1.6725,1.40,1.00
2009.09.29 03:29:49.147,1.672,1.6725,1.40,3.20
2009.09.29 03:29:50.507,1.67195,1.6723,2.50,1.40
2009.09.29 03:29:50.667,1.67195,1.6723,1.60,1.40
2009.09.29 03:29:52.316,1.672,1.67235,1.40,1.00
2009.09.29 03:29:52.546,1.672,1.67235,3.00,1.00
2009.09.29 03:29:52.766,1.67195,1.6723,1.60,1.40
2009.09.29 03:29:53.336,1.672,1.6724,1.40,3.20
2009.09.29 03:29:54.486,1.672,1.6724,1.50,3.10
2009.09.29 03:29:56.356,1.672,1.67235,1.40,1.00
2009.09.29 03:29:56.516,1.67195,1.67235,3.80,1.60
2009.09.29 03:29:56.626,1.672,1.6724,1.40,3.20
2009.09.29 03:29:59.355,1.67195,1.6723,1.00,3.00
2009.09.29 03:29:59.595,1.67185,1.6723,1.80,3.00
2009.09.29 03:29:59.815,1.67185,1.6723,1.40,3.00
2009.09.29 03:30:00.284,1.67185,1.6723,2.40,3.00
2009.09.29 03:30:00.565,1.67195,1.6723,1.40,1.60
2009.09.29 03:30:00.955,1.67205,1.67245,1.40,3.20
2009.09.29 03:30:02.174,1.67205,1.67245,1.40,3.00
2009.09.29 03:30:02.514,1.67205,1.67245,1.60,3.00
2009.09.29 03:30:02.864,1.6721,1.67245,1.40,1.60
2009.09.29 03:30:03.074,1.6721,1.6725,1.40,3.20
2009.09.29 03:30:03.304,1.6721,1.6725,1.60,3.20
2009.09.29 03:30:03.474,1.67205,1.67245,1.60,3.00
2009.09.29 03:30:06.203,1.67195,1.6723,2.40,1.60
2009.09.29 03:30:06.373,1.67205,1.6723,1.40,1.60
2009.09.29 03:30:06.643,1.67205,1.6724,1.40,1.60
2009.09.29 03:30:07.063,1.67205,1.67235,1.40,1.60
2009.09.29 03:30:07.813,1.672,1.6724,3.00,1.60
2009.09.29 03:30:08.103,1.67205,1.67245,1.40,1.40
2009.09.29 03:30:08.672,1.67205,1.67245,1.60,1.40
2009.09.29 03:30:09.432,1.672,1.6724,3.20,1.60
2009.09.29 03:30:09.832,1.67205,1.6724,1.40,1.00
2009.09.29 03:30:09.893,1.67205,1.67245,1.60,1.40
2009.09.29 03:30:16.251,1.6721,1.6725,1.60,1.60
2009.09.29 03:30:16.651,1.6721,1.6725,1.40,1.60
2009.09.29 03:30:19.140,1.672,1.6724,1.40,1.40
2009.09.29 03:30:19.640,1.672,1.6724,1.60,1.40
2009.09.29 03:30:20.170,1.672,1.6724,1.40,1.60
2009.09.29 03:30:20.290,1.67195,1.67235,1.00,1.40
2009.09.29 03:30:20.410,1.6719,1.67235,1.40,1.40
2009.09.29 03:30:20.860,1.67195,1.6724,1.40,1.40
2009.09.29 03:30:21.500,1.6719,1.67245,1.00,1.60
2009.09.29 03:30:21.850,1.6718,1.67225,2.00,1.40
2009.09.29 03:30:22.769,1.67195,1.6724,1.40,1.40
2009.09.29 03:30:23.130,1.6718,1.67225,1.00,1.40
2009.09.29 03:30:23.479,1.67185,1.67225,1.00,1.40
2009.09.29 03:30:23.879,1.67165,1.6721,1.80,1.40
2009.09.29 03:30:24.229,1.6717,1.6722,1.80,1.60
2009.09.29 03:30:24.559,1.67165,1.6721,3.40,1.40
2009.09.29 03:30:25.309,1.67165,1.6721,5.10,1.40
2009.09.29 03:30:25.369,1.6717,1.6722,1.80,1.50
2009.09.29 03:30:25.759,1.67175,1.6722,1.00,1.40
2009.09.29 03:30:26.108,1.6718,1.6723,1.40,1.40
2009.09.29 03:30:27.538,1.6718,1.6723,1.60,1.60
2009.09.29 03:30:31.597,1.6719,1.6723,1.00,1.40
2009.09.29 03:30:31.887,1.6719,1.6724,1.80,1.60
2009.09.29 03:30:32.427,1.6719,1.6724,2.00,1.40
2009.09.29 03:30:32.767,1.672,1.6725,1.40,1.60
2009.09.29 03:30:33.697,1.672,1.6725,1.60,1.60
2009.09.29 03:30:34.896,1.6721,1.6725,1.40,1.60
2009.09.29 03:30:35.186,1.6721,1.6725,1.40,1.40
2009.09.29 03:30:37.496,1.6721,1.6725,1.60,1.40
2009.09.29 03:30:37.786,1.67215,1.6725,1.00,1.40
2009.09.29 03:30:38.066,1.67215,1.67255,1.60,1.40
2009.09.29 03:30:38.305,1.6721,1.6725,1.40,1.40
2009.09.29 03:30:38.535,1.6722,1.6725,1.00,1.40
2009.09.29 03:30:38.766,1.6721,1.6725,1.40,1.40
2009.09.29 03:30:39.475,1.6721,1.6725,1.60,1.40
2009.09.29 03:30:39.815,1.6721,1.6725,1.40,1.40
2009.09.29 03:30:43.044,1.6721,1.6725,1.60,1.40
2009.09.29 03:30:45.504,1.6721,1.6725,1.40,1.40
2009.09.29 03:30:52.142,1.6722,1.67265,1.40,6.60
2009.09.29 03:30:52.262,1.6722,1.67265,1.40,1.40
2009.09.29 03:30:54.942,1.6721,1.6725,2.20,1.40
2009.09.29 03:30:55.111,1.6721,1.6725,1.40,1.40
2009.09.29 03:31:07.878,1.67205,1.6724,1.00,1.40
2009.09.29 03:31:08.228,1.672,1.6724,1.60,1.40
2009.09.29 03:31:08.568,1.67205,1.6724,1.00,1.40
2009.09.29 03:31:08.748,1.6721,1.6725,1.40,1.40
2009.09.29 03:31:09.278,1.6721,1.67245,1.40,1.00
2009.09.29 03:31:09.678,1.6721,1.6725,1.40,1.40
2009.09.29 03:31:10.538,1.6721,1.6725,1.50,1.40
2009.09.29 03:31:15.687,1.6721,1.67245,1.00,1.40
2009.09.29 03:31:16.146,1.67205,1.67245,2.40,1.40
2009.09.29 03:31:16.736,1.67215,1.67255,1.40,2.40
2009.09.29 03:31:17.006,1.6722,1.6726,1.40,1.40
2009.09.29 03:31:17.596,1.6722,1.6726,1.40,1.60
2009.09.29 03:31:17.996,1.6721,1.6725,1.60,1.40
2009.09.29 03:31:19.545,1.6721,1.6725,1.40,1.40
2009.09.29 03:31:20.375,1.67205,1.67245,1.60,1.40
2009.09.29 03:31:21.115,1.6721,1.6725,1.40,1.60
2009.09.29 03:31:21.275,1.6722,1.6726,1.40,2.20
2009.09.29 03:31:21.625,1.6721,1.6725,1.60,1.40
2009.09.29 03:31:22.645,1.6721,1.6725,1.40,1.40
2009.09.29 03:31:32.792,1.67215,1.67255,1.40,1.60
2009.09.29 03:31:33.022,1.6721,1.6725,1.40,1.40
2009.09.29 03:31:33.642,1.6721,1.6725,1.50,1.40
2009.09.29 03:31:35.202,1.6721,1.67245,1.00,1.40
2009.09.29 03:31:35.612,1.67205,1.67245,1.60,1.40
2009.09.29 03:31:36.992,1.67205,1.6724,1.00,1.40
2009.09.29 03:31:37.221,1.672,1.6724,1.40,1.40
2009.09.29 03:31:37.781,1.67195,1.6723,1.40,1.40
2009.09.29 03:31:38.011,1.672,1.67235,1.40,1.00
2009.09.29 03:31:38.361,1.67205,1.6723,1.60,1.40
2009.09.29 03:31:38.701,1.6721,1.67245,1.40,1.40
2009.09.29 03:31:40.091,1.6721,1.67245,1.40,1.60
2009.09.29 03:31:40.260,1.672,1.6724,1.40,1.40
2009.09.29 03:31:41.490,1.672,1.6724,1.40,1.50
2009.09.29 03:31:43.390,1.67185,1.67235,3.40,1.40
2009.09.29 03:31:43.850,1.67185,1.67235,3.00,1.40
2009.09.29 03:31:44.070,1.67185,1.67235,1.40,1.40
2009.09.29 03:31:44.589,1.67185,1.67235,1.40,1.60
2009.09.29 03:31:45.449,1.67185,1.67235,1.50,1.40
2009.09.29 03:31:45.629,1.67185,1.67235,1.60,1.40
2009.09.29 03:31:47.429,1.67185,1.67235,1.40,1.60
2009.09.29 03:31:47.609,1.6718,1.6722,1.80,1.40
2009.09.29 03:31:47.779,1.6718,1.6722,1.40,1.40
2009.09.29 03:31:47.899,1.67185,1.67225,1.40,1.40
2009.09.29 03:31:48.189,1.67185,1.67225,1.60,1.40
2009.09.29 03:31:57.486,1.67175,1.67215,3.20,1.60
2009.09.29 03:31:58.106,1.6717,1.6721,1.60,1.40
2009.09.29 03:31:58.396,1.67175,1.67215,3.00,1.60
2009.09.29 03:31:58.746,1.67175,1.6721,1.00,1.40
2009.09.29 03:31:59.086,1.6717,1.6721,2.00,1.40
2009.09.29 03:32:01.076,1.6717,1.6721,1.60,1.40
2009.09.29 03:32:01.246,1.6717,1.6721,1.40,1.60
2009.09.29 03:32:01.425,1.6716,1.672,1.60,1.40
2009.09.29 03:32:02.625,1.6716,1.672,1.40,1.40
2009.09.29 03:32:03.865,1.67155,1.6719,1.00,1.40
2009.09.29 03:32:08.444,1.6716,1.67195,1.60,1.60
2009.09.29 03:32:08.564,1.6716,1.67195,1.70,1.40
2009.09.29 03:32:08.894,1.6716,1.67195,1.00,3.00
2009.09.29 03:32:09.244,1.6715,1.6719,1.60,1.40
2009.09.29 03:32:09.594,1.67155,1.6719,1.00,1.40
2009.09.29 03:32:09.943,1.6715,1.6719,2.00,1.40
2009.09.29 03:32:14.292,1.67155,1.67195,1.40,3.20
2009.09.29 03:32:14.352,1.6716,1.67195,1.60,1.60
2009.09.29 03:32:14.572,1.6716,1.67195,1.70,1.40
2009.09.29 03:32:14.982,1.6716,1.67195,1.00,3.00
2009.09.29 03:32:15.092,1.6715,1.6719,2.00,1.40
2009.09.29 03:32:15.212,1.6715,1.6719,1.60,1.40
2009.09.29 03:32:15.332,1.6715,1.6719,2.00,1.40
2009.09.29 03:32:19.371,1.6716,1.67195,1.60,1.60
2009.09.29 03:32:19.531,1.6716,1.67195,1.70,1.40
2009.09.29 03:32:19.871,1.6716,1.67195,1.00,1.40
2009.09.29 03:32:20.091,1.67155,1.6719,1.40,1.00
2009.09.29 03:32:20.261,1.6715,1.6719,3.50,1.50
2009.09.29 03:32:20.421,1.6715,1.6719,3.60,1.40
2009.09.29 03:32:20.591,1.6716,1.672,1.40,1.40
2009.09.29 03:32:20.931,1.6716,1.672,1.60,1.40
2009.09.29 03:32:21.331,1.6716,1.672,1.80,1.40
2009.09.29 03:32:22.320,1.67155,1.67195,1.60,1.40
2009.09.29 03:32:32.968,1.6716,1.672,1.40,1.40
2009.09.29 03:32:33.188,1.6716,1.672,3.00,1.40
2009.09.29 03:32:33.478,1.67165,1.67205,1.60,1.40
2009.09.29 03:32:33.708,1.67165,1.672,1.00,1.40
2009.09.29 03:32:34.058,1.6716,1.672,1.80,1.40
2009.09.29 03:32:40.356,1.6716,1.672,3.40,1.40
2009.09.29 03:32:40.466,1.67165,1.67205,1.60,1.40
2009.09.29 03:32:40.766,1.67165,1.672,1.00,1.40
2009.09.29 03:32:40.876,1.67165,1.67205,1.40,1.60
2009.09.29 03:32:41.236,1.6716,1.672,2.20,1.40
2009.09.29 03:32:41.576,1.6716,1.672,1.40,1.40
2009.09.29 03:32:45.555,1.6716,1.672,1.80,1.40
2009.09.29 03:32:45.725,1.67165,1.67205,1.60,1.40
2009.09.29 03:32:46.365,1.6716,1.672,1.40,1.40
2009.09.29 03:32:50.124,1.67165,1.6721,1.40,1.40
2009.09.29 03:32:53.463,1.67165,1.6721,1.40,1.60
2009.09.29 03:33:01.901,1.67165,1.6721,1.80,1.60
2009.09.29 03:33:07.220,1.67165,1.6721,2.20,1.60
2009.09.29 03:33:07.520,1.6717,1.6721,1.60,1.40
2009.09.29 03:33:07.800,1.6717,1.6721,1.00,1.40
2009.09.29 03:33:08.159,1.67165,1.6721,1.80,1.40
2009.09.29 03:33:16.127,1.6717,1.6721,3.20,1.40
2009.09.29 03:33:16.478,1.67175,1.6721,1.00,1.40
2009.09.29 03:33:16.828,1.6717,1.6721,1.60,1.40
2009.09.29 03:33:31.004,1.6717,1.6721,3.80,1.40
2009.09.29 03:33:31.294,1.6717,1.6721,3.20,1.40
2009.09.29 03:33:31.804,1.6718,1.67215,1.40,2.20
2009.09.29 03:33:32.104,1.6717,1.6721,3.20,1.40
2009.09.29 03:33:33.173,1.6718,1.6721,1.60,1.40
2009.09.29 03:33:33.523,1.6718,1.6722,1.60,3.00
2009.09.29 03:33:33.803,1.6717,1.67205,1.00,1.40
2009.09.29 03:33:34.163,1.67165,1.67205,1.40,1.40
2009.09.29 03:33:34.863,1.6716,1.672,3.00,1.40
2009.09.29 03:33:35.203,1.6716,1.672,1.60,3.00
2009.09.29 03:33:35.373,1.6716,1.67195,1.60,1.40
2009.09.29 03:33:35.543,1.6716,1.67195,1.70,1.40
2009.09.29 03:33:35.883,1.6716,1.67195,1.00,1.40
2009.09.29 03:33:36.054,1.67155,1.67195,1.60,1.40
2009.09.29 03:33:37.072,1.67145,1.67185,1.60,1.40
2009.09.29 03:33:37.353,1.67165,1.67185,1.40,5.20
2009.09.29 03:33:37.592,1.6716,1.672,1.40,1.60
2009.09.29 03:33:37.863,1.67145,1.6719,2.00,1.40
2009.09.29 03:33:38.102,1.67155,1.672,1.40,2.20
2009.09.29 03:33:38.452,1.67145,1.6719,2.20,1.60
2009.09.29 03:33:38.862,1.6715,1.6719,3.00,1.60
2009.09.29 03:33:39.202,1.67155,1.67195,1.40,1.40
2009.09.29 03:33:39.492,1.67165,1.67205,1.40,1.40
2009.09.29 03:33:43.981,1.6717,1.6721,1.60,1.40
2009.09.29 03:33:45.350,1.6716,1.672,3.20,1.40
2009.09.29 03:33:46.860,1.6717,1.6721,1.40,2.40
2009.09.29 03:33:46.920,1.6717,1.6721,1.40,1.60
2009.09.29 03:33:46.970,1.6716,1.672,4.00,1.40
2009.09.29 03:33:47.140,1.6716,1.672,3.20,1.40
2009.09.29 03:33:49.510,1.6716,1.672,3.20,1.60
2009.09.29 03:34:06.295,1.67165,1.672,1.00,1.40
2009.09.29 03:34:06.405,1.6717,1.6721,1.40,4.00
2009.09.29 03:34:06.525,1.6717,1.6721,1.40,1.60
2009.09.29 03:34:06.585,1.67165,1.672,1.40,1.40
2009.09.29 03:34:06.805,1.67165,1.672,1.60,1.40
2009.09.29 03:34:06.975,1.6717,1.6721,1.40,1.60
2009.09.29 03:34:07.725,1.6718,1.6722,3.00,1.60
2009.09.29 03:34:08.065,1.6718,1.6722,1.40,3.20
2009.09.29 03:34:08.355,1.6718,1.6722,3.00,1.60
2009.09.29 03:34:09.745,1.6718,1.6722,3.20,1.60
2009.09.29 03:34:12.244,1.67165,1.672,1.40,1.40
2009.09.29 03:34:12.474,1.6717,1.6721,1.40,1.60
2009.09.29 03:34:13.534,1.6717,1.6721,1.60,1.60
2009.09.29 03:34:14.533,1.6717,1.6721,1.60,1.40
2009.09.29 03:34:17.573,1.6717,1.6721,1.60,1.60
2009.09.29 03:34:18.192,1.6717,1.6721,2.00,1.60
2009.09.29 03:34:18.932,1.6718,1.6722,1.40,4.00
2009.09.29 03:34:19.052,1.6718,1.67215,3.00,1.00
2009.09.29 03:34:19.222,1.67175,1.6721,1.00,1.40
2009.09.29 03:34:19.402,1.6717,1.6721,2.00,1.40
2009.09.29 03:34:20.562,1.6717,1.6721,2.00,1.60
2009.09.29 03:34:22.732,1.6717,1.6721,1.60,1.60
2009.09.29 03:34:22.972,1.6717,1.6721,1.60,1.40
2009.09.29 03:34:23.271,1.6718,1.6722,3.00,1.60
2009.09.29 03:34:24.631,1.6718,1.6722,3.20,1.60
2009.09.29 03:34:25.561,1.67185,1.6722,1.00,1.50
2009.09.29 03:34:29.060,1.6717,1.6721,1.60,1.40
2009.09.29 03:34:32.720,1.6718,1.6722,3.20,1.60
2009.09.29 03:34:33.759,1.67185,1.6722,1.00,1.50
2009.09.29 03:34:35.259,1.67165,1.672,3.20,1.40
2009.09.29 03:34:35.319,1.67165,1.672,1.60,1.40
2009.09.29 03:34:37.668,1.67165,1.672,1.40,1.60
2009.09.29 03:34:38.418,1.6717,1.6721,1.40,1.60
2009.09.29 03:34:39.537,1.6717,1.6721,1.60,1.60
2009.09.29 03:34:41.257,1.6716,1.67195,1.70,1.40
2009.09.29 03:34:41.537,1.67155,1.67195,3.20,1.40
2009.09.29 03:34:41.817,1.6716,1.67195,1.70,1.40
2009.09.29 03:34:42.087,1.67175,1.6721,1.40,1.00
2009.09.29 03:34:42.377,1.67175,1.6721,1.40,1.70
2009.09.29 03:34:42.727,1.67155,1.67195,1.80,1.40
2009.09.29 03:34:43.077,1.67155,1.67195,1.40,1.40
2009.09.29 03:34:43.766,1.67155,1.67195,1.40,1.50
2009.09.29 03:34:47.446,1.6715,1.6719,1.50,1.40
2009.09.29 03:34:47.676,1.67155,1.6719,1.40,1.00
2009.09.29 03:34:48.016,1.6715,1.6719,1.40,1.60
2009.09.29 03:34:48.705,1.6715,1.6719,1.60,1.40
2009.09.29 03:34:48.995,1.67155,1.67195,1.40,1.40
2009.09.29 03:34:58.183,1.67165,1.67205,1.40,6.80
2009.09.29 03:34:58.413,1.67165,1.67205,1.40,1.60
2009.09.29 03:35:02.202,1.67145,1.67185,5.00,1.40
2009.09.29 03:35:02.372,1.67155,1.6719,1.40,1.00
2009.09.29 03:35:02.492,1.67155,1.67195,1.40,1.60
2009.09.29 03:35:03.842,1.67155,1.67195,1.40,1.40
2009.09.29 03:35:05.821,1.6716,1.67195,1.60,1.40
2009.09.29 03:35:06.001,1.67165,1.67205,1.40,6.80
2009.09.29 03:35:06.121,1.67165,1.67205,1.40,1.60
2009.09.29 03:35:21.987,1.67155,1.67195,1.40,1.40
2009.09.29 03:35:23.527,1.67155,1.67195,1.40,1.60
2009.09.29 03:35:38.163,1.6716,1.672,1.60,1.40
2009.09.29 03:35:38.443,1.67155,1.67195,1.40,1.40
2009.09.29 03:35:43.542,1.6716,1.672,1.60,1.40
2009.09.29 03:35:43.782,1.6716,1.67195,1.00,1.40
2009.09.29 03:35:44.022,1.6716,1.672,1.60,1.40
2009.09.29 03:35:44.292,1.6716,1.67195,1.00,1.40
2009.09.29 03:35:44.532,1.67155,1.67195,1.40,1.40
2009.09.29 03:35:52.060,1.6716,1.67195,1.00,1.40
2009.09.29 03:35:52.520,1.6716,1.672,1.60,1.40
2009.09.29 03:35:52.810,1.67155,1.67195,1.40,1.40
2009.09.29 03:36:02.388,1.6716,1.672,1.40,1.60
2009.09.29 03:36:02.498,1.6716,1.672,1.60,1.40
2009.09.29 03:36:02.738,1.6716,1.67195,1.00,1.40
2009.09.29 03:36:02.958,1.6716,1.672,1.60,1.40
2009.09.29 03:36:03.077,1.6716,1.67195,1.00,1.40
2009.09.29 03:36:03.427,1.67155,1.67195,1.40,1.40
2009.09.29 03:36:28.031,1.6716,1.672,1.40,1.60
2009.09.29 03:36:28.611,1.67155,1.67195,1.40,1.40
2009.09.29 03:36:32.320,1.67155,1.67195,1.80,1.40
2009.09.29 03:36:32.490,1.6716,1.672,1.40,1.60
2009.09.29 03:36:32.830,1.67155,1.67195,1.80,1.40
2009.09.29 03:36:33.010,1.6716,1.672,1.40,1.60
2009.09.29 03:36:33.490,1.67155,1.67195,1.40,1.40
2009.09.29 03:36:37.449,1.6716,1.672,1.40,2.40
2009.09.29 03:36:37.799,1.67155,1.67195,1.40,1.40
2009.09.29 03:36:38.139,1.6715,1.6719,1.60,1.40
2009.09.29 03:36:38.499,1.67155,1.6719,1.40,1.00
2009.09.29 03:36:38.839,1.67155,1.67195,1.40,1.40
2009.09.29 03:36:45.007,1.6716,1.67195,1.40,1.60
2009.09.29 03:36:45.127,1.6716,1.67195,1.40,6.80
2009.09.29 03:36:45.297,1.6716,1.6719,1.40,1.00
2009.09.29 03:36:45.467,1.6715,1.6719,1.40,1.60
2009.09.29 03:36:45.567,1.67155,1.67195,1.40,1.40
2009.09.29 03:37:13.540,1.67155,1.67195,1.40,1.60
2009.09.29 03:37:13.770,1.67155,1.67195,1.40,3.20
2009.09.29 03:37:14.001,1.6715,1.6719,1.40,1.60
2009.09.29 03:37:28.727,1.67145,1.6718,2.40,1.40
2009.09.29 03:37:28.907,1.6715,1.6719,1.60,1.40
2009.09.29 03:37:29.256,1.67155,1.67185,1.40,7.60
2009.09.29 03:37:29.607,1.6714,1.67175,2.00,1.40
2009.09.29 03:37:29.967,1.6714,1.6719,1.00,1.60
2009.09.29 03:37:30.297,1.67135,1.6719,1.80,1.60
2009.09.29 03:37:30.746,1.67135,1.6718,1.80,1.40
2009.09.29 03:37:30.976,1.67135,1.6718,1.40,1.40
2009.09.29 03:37:31.156,1.6713,1.67175,1.00,1.40
2009.09.29 03:37:31.336,1.67125,1.67175,1.00,1.40
2009.09.29 03:37:31.676,1.6712,1.67175,1.40,1.40
2009.09.29 03:37:32.536,1.67125,1.67175,1.40,1.60
2009.09.29 03:37:36.125,1.6712,1.67155,1.20,1.40
2009.09.29 03:37:36.295,1.6711,1.67155,1.80,1.40
2009.09.29 03:37:36.465,1.6711,1.67155,1.40,1.40
2009.09.29 03:37:37.555,1.6711,1.67155,1.40,1.60
2009.09.29 03:37:38.444,1.6711,1.6715,1.40,1.00
2009.09.29 03:37:39.914,1.6711,1.67155,1.40,1.40
2009.09.29 03:37:39.974,1.6711,1.6716,1.40,1.00
2009.09.29 03:37:40.264,1.6711,1.6716,1.80,1.00
2009.09.29 03:37:41.004,1.6712,1.67175,1.80,2.00
2009.09.29 03:37:41.234,1.67125,1.6718,2.60,1.00
2009.09.29 03:37:41.744,1.67125,1.67175,1.40,1.60
2009.09.29 03:37:43.623,1.6712,1.6717,2.60,1.60
2009.09.29 03:37:44.203,1.6712,1.6714,1.20,1.40
2009.09.29 03:37:44.553,1.67105,1.6714,1.00,1.40
2009.09.29 03:37:44.873,1.67085,1.6714,1.40,1.40
2009.09.29 03:37:46.473,1.67085,1.67125,1.40,1.60
2009.09.29 03:37:56.750,1.6709,1.67125,1.40,1.00
2009.09.29 03:37:56.800,1.6709,1.6713,1.60,3.20
2009.09.29 03:38:00.519,1.6709,1.6713,3.20,1.60
2009.09.29 03:38:00.809,1.6709,1.6713,1.60,3.20
2009.09.29 03:38:00.969,1.6709,1.67125,1.00,1.40
2009.09.29 03:38:01.029,1.67085,1.67125,1.40,1.60
2009.09.29 03:38:02.159,1.67095,1.67135,1.40,1.60
2009.09.29 03:38:03.598,1.67095,1.67135,1.40,1.40
2009.09.29 03:38:07.338,1.67105,1.6714,1.40,2.20
2009.09.29 03:38:07.448,1.67105,1.6714,1.40,1.40
2009.09.29 03:38:16.785,1.67095,1.67135,1.40,1.40
2009.09.29 03:38:17.535,1.67095,1.67135,1.40,1.50
2009.09.29 03:38:24.563,1.671,1.67135,1.40,1.50
2009.09.29 03:38:28.142,1.6709,1.6713,1.40,1.60
2009.09.29 03:38:28.323,1.6709,1.6713,2.60,1.60
2009.09.29 03:38:28.672,1.6709,1.6713,1.40,1.60
2009.09.29 03:38:33.971,1.6709,1.67135,1.40,6.60
2009.09.29 03:38:34.201,1.6709,1.67135,1.40,1.40
2009.09.29 03:38:35.141,1.67105,1.67145,1.40,1.60
2009.09.29 03:38:36.511,1.67105,1.67145,1.40,3.20
2009.09.29 03:38:36.680,1.671,1.67135,1.40,1.60
2009.09.29 03:38:36.791,1.67095,1.67135,1.40,3.00
2009.09.29 03:38:36.901,1.671,1.67135,1.40,1.60
2009.09.29 03:38:37.011,1.671,1.67135,1.40,1.00
2009.09.29 03:38:38.910,1.671,1.67135,1.40,1.00
2009.09.29 03:38:39.240,1.67105,1.67135,1.40,1.00
2009.09.29 03:38:39.520,1.67105,1.67135,1.40,1.00
2009.09.29 03:38:39.740,1.67105,1.67145,1.40,1.60
2009.09.29 03:38:39.960,1.6711,1.6715,1.40,1.60
2009.09.29 03:38:40.180,1.67105,1.67145,2.20,1.60
2009.09.29 03:38:40.420,1.67105,1.67145,1.40,1.60
2009.09.29 03:38:41.610,1.6711,1.67155,1.40,6.60
2009.09.29 03:38:41.959,1.6711,1.67155,1.40,1.40
2009.09.29 03:38:42.599,1.6711,1.67155,1.40,1.60
2009.09.29 03:38:43.339,1.6711,1.67155,1.40,1.40
2009.09.29 03:38:43.509,1.67125,1.6717,1.40,1.00
2009.09.29 03:38:43.679,1.6712,1.67165,1.20,1.60
2009.09.29 03:38:43.909,1.67115,1.67165,1.40,1.60
2009.09.29 03:38:44.369,1.6711,1.6716,1.40,3.00
2009.09.29 03:38:44.539,1.6712,1.6716,1.40,3.20
2009.09.29 03:38:44.769,1.67125,1.6716,1.40,1.00
2009.09.29 03:38:45.058,1.6712,1.6716,1.40,3.20
2009.09.29 03:38:45.338,1.67125,1.6716,1.40,1.00
2009.09.29 03:38:45.578,1.67115,1.67155,1.40,3.00
2009.09.29 03:38:46.708,1.67115,1.67155,1.40,3.20
2009.09.29 03:38:48.398,1.67115,1.67145,1.40,1.00
2009.09.29 03:38:48.628,1.67105,1.67145,1.40,1.60
2009.09.29 03:38:49.807,1.67105,1.67145,1.40,1.50
2009.09.29 03:38:53.477,1.67105,1.67145,1.40,8.30
2009.09.29 03:38:53.706,1.67105,1.67145,1.40,1.50
2009.09.29 03:38:53.996,1.67105,1.67145,1.40,1.60
2009.09.29 03:38:54.576,1.67095,1.67135,1.80,3.00
2009.09.29 03:38:54.936,1.67095,1.67135,1.40,3.00
2009.09.29 03:38:56.426,1.67095,1.67135,1.40,3.20
2009.09.29 03:38:57.276,1.67095,1.67125,1.40,1.00
2009.09.29 03:38:57.445,1.6709,1.67125,1.40,1.00
2009.09.29 03:38:58.565,1.67095,1.67135,1.40,3.20
2009.09.29 03:38:58.955,1.67095,1.67125,1.40,1.00
2009.09.29 03:38:59.305,1.6709,1.67125,1.40,1.00
2009.09.29 03:39:02.244,1.67095,1.6713,1.40,1.00
2009.09.29 03:39:02.544,1.6709,1.67125,1.00,1.40
2009.09.29 03:39:02.774,1.67085,1.67125,1.40,1.40
2009.09.29 03:39:03.644,1.67085,1.67125,1.40,1.60
2009.09.29 03:39:06.444,1.671,1.67135,1.40,1.00
2009.09.29 03:39:14.381,1.6709,1.6713,3.60,1.40
2009.09.29 03:39:14.561,1.6709,1.6713,2.00,1.40
2009.09.29 03:39:15.481,1.6709,1.6713,2.00,1.60
2009.09.29 03:39:16.011,1.6709,1.67125,1.00,1.40
2009.09.29 03:39:16.131,1.67085,1.67125,1.80,1.60
2009.09.29 03:39:17.591,1.67095,1.6713,1.40,1.60
2009.09.29 03:39:17.870,1.67095,1.67135,1.40,3.20
2009.09.29 03:39:19.440,1.67095,1.6713,1.40,1.00
2009.09.29 03:39:19.670,1.6709,1.67115,1.00,1.60
2009.09.29 03:39:20.010,1.67095,1.67115,1.00,1.60
2009.09.29 03:39:20.190,1.6709,1.67115,1.00,1.60
2009.09.29 03:39:20.370,1.67095,1.67115,1.40,1.60
2009.09.29 03:39:20.480,1.67095,1.67135,1.40,8.40
2009.09.29 03:39:20.650,1.67095,1.67135,1.40,3.20
2009.09.29 03:39:22.480,1.6709,1.67125,1.00,1.40
2009.09.29 03:39:22.539,1.6709,1.67115,1.00,1.60
2009.09.29 03:39:24.939,1.6709,1.67115,1.00,1.60
2009.09.29 03:39:25.169,1.6709,1.67125,2.00,1.60
2009.09.29 03:39:25.469,1.6709,1.67115,1.60,1.60
2009.09.29 03:39:25.699,1.671,1.67135,1.40,5.30
2009.09.29 03:39:25.909,1.671,1.67135,1.40,6.90
2009.09.29 03:39:26.028,1.671,1.67135,1.40,1.70
2009.09.29 03:39:26.498,1.671,1.67135,1.60,1.60
2009.09.29 03:39:27.248,1.671,1.67135,1.40,1.70
2009.09.29 03:39:27.488,1.6709,1.6713,2.00,1.40
2009.09.29 03:39:28.178,1.671,1.67135,1.40,6.90
2009.09.29 03:39:28.468,1.671,1.67135,1.40,1.70
2009.09.29 03:39:29.378,1.6711,1.67135,1.40,1.60
2009.09.29 03:39:29.598,1.6711,1.6715,1.40,1.60
2009.09.29 03:39:29.768,1.6711,1.67145,1.40,1.00
2009.09.29 03:39:29.937,1.67105,1.6713,1.00,1.40
2009.09.29 03:39:30.107,1.6711,1.67145,1.40,1.00
2009.09.29 03:39:30.268,1.6711,1.67135,1.40,5.20
2009.09.29 03:39:30.488,1.6711,1.6715,1.40,1.60
2009.09.29 03:39:37.746,1.6711,1.6715,1.80,1.60
2009.09.29 03:39:38.416,1.6711,1.6715,1.40,1.60
2009.09.29 03:39:44.344,1.67115,1.67155,1.40,1.40
2009.09.29 03:39:44.944,1.6711,1.67145,1.40,1.40
2009.09.29 03:39:45.224,1.6711,1.67145,1.40,3.00
2009.09.29 03:39:47.613,1.6711,1.67145,1.40,3.20
2009.09.29 03:39:50.962,1.67115,1.67145,1.40,1.00
2009.09.29 03:39:51.313,1.6711,1.67145,3.20,1.40
2009.09.29 03:39:51.372,1.6711,1.67145,1.40,3.20
2009.09.29 03:39:55.572,1.67115,1.6715,1.40,1.60
2009.09.29 03:39:56.161,1.6711,1.67145,3.20,1.40
2009.09.29 03:39:56.512,1.6711,1.67145,1.60,3.00
2009.09.29 03:39:56.801,1.6711,1.67145,1.40,3.20
2009.09.29 03:40:03.909,1.67105,1.6714,1.40,1.60
2009.09.29 03:40:04.189,1.67105,1.6714,1.40,1.40
2009.09.29 03:40:04.719,1.671,1.67135,1.40,1.40
2009.09.29 03:40:05.549,1.671,1.67135,1.40,1.50
2009.09.29 03:40:10.008,1.6711,1.67145,1.40,8.40
2009.09.29 03:40:10.418,1.6711,1.67145,1.40,3.20
2009.09.29 03:40:14.187,1.6711,1.6714,1.40,1.00
2009.09.29 03:40:14.477,1.671,1.67135,1.40,1.40
2009.09.29 03:40:15.407,1.671,1.67135,1.40,1.50
2009.09.29 03:40:21.525,1.67115,1.67145,1.40,1.60
2009.09.29 03:40:21.885,1.67115,1.6715,1.40,3.20
2009.09.29 03:40:22.245,1.67115,1.67145,1.40,1.60
2009.09.29 03:40:26.704,1.67115,1.67145,1.40,1.70
2009.09.29 03:40:26.814,1.67105,1.6714,2.20,1.40
2009.09.29 03:40:27.114,1.67105,1.6714,1.40,1.40
2009.09.29 03:40:28.564,1.67105,1.6714,1.40,1.60
2009.09.29 03:40:33.373,1.67095,1.67135,1.40,3.00
2009.09.29 03:40:33.663,1.67105,1.67135,1.40,1.60
2009.09.29 03:40:33.952,1.67095,1.67135,2.20,3.00
2009.09.29 03:40:34.192,1.67095,1.67135,1.40,3.00
2009.09.29 03:40:35.542,1.67095,1.67135,1.40,3.20
2009.09.29 03:40:36.522,1.67095,1.6713,1.40,1.00
2009.09.29 03:40:42.260,1.67095,1.67135,2.80,1.40
2009.09.29 03:40:42.660,1.671,1.6714,1.40,3.20
2009.09.29 03:40:42.780,1.6711,1.67135,1.40,1.00
2009.09.29 03:40:42.840,1.67095,1.67135,1.40,1.60
2009.09.29 03:40:42.951,1.6709,1.6713,1.60,1.40
2009.09.29 03:40:43.060,1.671,1.6713,1.00,1.40
2009.09.29 03:40:43.280,1.671,1.67135,1.00,1.40
2009.09.29 03:40:43.400,1.67105,1.67145,1.40,1.60
2009.09.29 03:40:43.520,1.67095,1.6714,1.40,1.40
2009.09.29 03:40:43.640,1.6709,1.6713,1.20,1.40
2009.09.29 03:40:43.980,1.67085,1.6713,1.80,1.40
2009.09.29 03:40:45.010,1.67085,1.6713,1.40,1.40
2009.09.29 03:40:45.410,1.6709,1.67125,1.40,1.40
2009.09.29 03:40:46.509,1.67095,1.67135,1.40,5.20
2009.09.29 03:40:46.799,1.67095,1.6714,1.40,1.60
2009.09.29 03:40:47.729,1.671,1.67145,1.40,1.60
2009.09.29 03:40:48.209,1.67105,1.67145,1.40,1.00
2009.09.29 03:40:48.439,1.671,1.6714,2.30,1.40
2009.09.29 03:40:48.801,1.671,1.6714,1.40,1.40
2009.09.29 03:40:49.389,1.67095,1.67135,1.40,1.40
2009.09.29 03:40:50.498,1.67095,1.67135,1.40,1.60
2009.09.29 03:40:50.768,1.6709,1.67125,2.20,1.40
2009.09.29 03:40:50.928,1.6709,1.67125,1.40,1.60
2009.09.29 03:40:51.858,1.67095,1.67125,1.40,1.00
2009.09.29 03:40:52.248,1.67095,1.67135,1.40,1.60
2009.09.29 03:40:54.897,1.67095,1.67135,1.40,6.80
2009.09.29 03:40:55.067,1.6709,1.67125,2.20,1.40
2009.09.29 03:40:55.227,1.6709,1.67125,1.40,1.60
2009.09.29 03:40:55.627,1.6708,1.67115,2.20,1.40
2009.09.29 03:40:55.847,1.6708,1.67115,1.40,3.00
2009.09.29 03:40:56.027,1.6708,1.67115,1.40,1.40
2009.09.29 03:40:58.796,1.6708,1.67115,1.40,1.60
2009.09.29 03:40:59.146,1.6708,1.67115,2.60,1.60
2009.09.29 03:40:59.497,1.67085,1.67115,1.40,1.00
2009.09.29 03:40:59.826,1.67085,1.67125,1.40,3.20
2009.09.29 03:41:00.296,1.6708,1.67115,2.20,1.60
2009.09.29 03:41:00.576,1.67065,1.671,1.00,1.40
2009.09.29 03:41:00.746,1.6707,1.67105,1.40,1.70
2009.09.29 03:41:00.866,1.6707,1.67105,1.40,1.00
2009.09.29 03:41:01.036,1.6707,1.67105,1.80,1.00
2009.09.29 03:41:01.206,1.67075,1.67115,1.40,2.00
2009.09.29 03:41:01.376,1.67075,1.67115,1.40,1.60
2009.09.29 03:41:02.025,1.6708,1.67125,1.40,6.60
2009.09.29 03:41:02.425,1.6708,1.67125,1.40,1.40
2009.09.29 03:41:02.775,1.6708,1.67105,1.40,1.60
2009.09.29 03:41:02.955,1.67065,1.67105,1.80,3.00
2009.09.29 03:41:03.185,1.6706,1.671,1.60,1.40
2009.09.29 03:41:03.815,1.6705,1.6709,1.50,1.40
2009.09.29 03:41:04.205,1.67055,1.6709,1.60,1.40
2009.09.29 03:41:04.555,1.6705,1.6709,1.60,1.40
2009.09.29 03:41:05.445,1.6705,1.6709,1.40,1.40
2009.09.29 03:41:05.625,1.6705,1.6709,1.60,1.40
2009.09.29 03:41:05.855,1.6706,1.671,1.40,1.40
2009.09.29 03:41:06.894,1.67055,1.6709,1.60,1.40
2009.09.29 03:41:07.054,1.6705,1.6709,1.60,1.40
2009.09.29 03:41:07.534,1.6706,1.671,1.40,1.40
2009.09.29 03:41:07.994,1.67055,1.671,1.60,1.40
2009.09.29 03:41:08.344,1.6705,1.671,2.40,1.40
2009.09.29 03:41:08.574,1.6705,1.671,1.60,1.60
2009.09.29 03:41:09.504,1.67055,1.671,1.00,1.50
2009.09.29 03:41:11.183,1.6706,1.671,1.40,1.50
2009.09.29 03:41:11.363,1.6706,1.671,1.60,1.40
2009.09.29 03:41:13.003,1.6707,1.67105,1.40,1.70
2009.09.29 03:41:19.351,1.6707,1.671,1.40,1.00
2009.09.29 03:41:19.581,1.6706,1.671,1.40,1.60
2009.09.29 03:41:19.761,1.6707,1.67105,1.40,2.50
2009.09.29 03:41:20.001,1.6707,1.67105,1.40,6.90
2009.09.29 03:41:20.241,1.67065,1.67105,1.40,1.70
2009.09.29 03:41:20.481,1.6707,1.6711,1.40,1.00
2009.09.29 03:41:20.821,1.67065,1.6711,1.40,1.60
2009.09.29 03:41:22.361,1.6706,1.67105,1.40,1.40
2009.09.29 03:41:22.641,1.67065,1.671,1.40,1.00
2009.09.29 03:41:22.981,1.67065,1.6711,1.40,1.60
2009.09.29 03:41:23.330,1.67065,1.671,1.40,1.00
2009.09.29 03:41:23.730,1.67065,1.6711,1.40,1.60
2009.09.29 03:41:31.508,1.6706,1.67105,1.40,1.40
2009.09.29 03:41:31.618,1.6706,1.671,1.40,1.00
2009.09.29 03:41:31.728,1.67065,1.671,1.40,1.00
2009.09.29 03:41:31.838,1.67065,1.6711,1.40,1.60
2009.09.29 03:41:32.259,1.6707,1.6711,1.40,1.00
2009.09.29 03:41:32.718,1.67065,1.6711,1.40,1.60
2009.09.29 03:41:34.108,1.6708,1.67115,1.40,1.60
2009.09.29 03:41:34.438,1.6707,1.67105,1.40,1.60
2009.09.29 03:41:36.107,1.6708,1.67105,1.40,1.60
2009.09.29 03:41:36.397,1.6708,1.67115,1.40,1.60
2009.09.29 03:41:37.197,1.6709,1.67125,1.40,8.40
2009.09.29 03:41:37.487,1.671,1.6713,1.40,1.00
2009.09.29 03:41:37.767,1.67085,1.6713,3.00,1.60
2009.09.29 03:41:37.947,1.67085,1.6713,1.40,1.60
2009.09.29 03:41:38.367,1.671,1.67135,1.40,1.60
2009.09.29 03:41:38.537,1.6711,1.67135,1.40,1.00
2009.09.29 03:41:38.657,1.67115,1.6714,1.40,1.00
2009.09.29 03:41:39.007,1.67105,1.67145,1.00,1.40
2009.09.29 03:41:39.397,1.67115,1.6715,1.40,1.00
2009.09.29 03:41:39.756,1.6711,1.6715,1.40,1.60
2009.09.29 03:41:40.086,1.67115,1.6715,1.40,1.00
2009.09.29 03:41:41.076,1.67115,1.6714,1.40,1.00
2009.09.29 03:41:41.756,1.67115,1.67145,1.40,1.00
2009.09.29 03:41:41.996,1.67115,1.6714,1.40,1.00
2009.09.29 03:41:42.226,1.67105,1.67135,1.40,1.60
2009.09.29 03:41:43.226,1.67105,1.6713,1.40,1.00
2009.09.29 03:41:43.395,1.67095,1.6713,2.20,1.00
2009.09.29 03:41:43.625,1.67095,1.6713,1.40,1.00
2009.09.29 03:41:44.605,1.67095,1.6712,1.40,1.00
2009.09.29 03:41:45.125,1.6708,1.6712,1.40,1.00
2009.09.29 03:41:48.584,1.6708,1.67125,1.40,1.40
2009.09.29 03:41:48.704,1.6709,1.6713,1.40,1.00
2009.09.29 03:41:51.463,1.6709,1.6713,1.40,1.00
2009.09.29 03:41:57.812,1.6709,1.6713,1.40,1.00
2009.09.29 03:42:05.670,1.671,1.67135,1.40,1.60
2009.09.29 03:42:05.840,1.671,1.6714,1.40,1.00
2009.09.29 03:42:07.530,1.671,1.6714,1.40,1.00
2009.09.29 03:42:07.650,1.671,1.6714,1.40,1.00
2009.09.29 03:42:08.700,1.6711,1.6714,1.40,1.00
2009.09.29 03:42:08.930,1.6711,1.67145,1.40,1.70
2009.09.29 03:42:15.348,1.67085,1.6713,2.60,1.00
2009.09.29 03:42:15.648,1.67095,1.6713,1.40,1.00
2009.09.29 03:42:15.868,1.67095,1.67135,1.40,3.20
2009.09.29 03:42:22.136,1.67085,1.67125,1.40,1.40
2009.09.29 03:42:23.536,1.67085,1.67125,1.40,1.60
2009.09.29 03:42:24.546,1.67085,1.67125,1.40,1.40
2009.09.29 03:42:29.725,1.67095,1.67135,1.40,10.80
2009.09.29 03:42:29.955,1.67095,1.6713,1.40,1.00
2009.09.29 03:42:30.254,1.67085,1.67125,1.40,1.40
2009.09.29 03:42:31.664,1.67085,1.67125,1.40,1.60
2009.09.29 03:42:32.354,1.67085,1.6712,1.40,1.40
2009.09.29 03:42:34.453,1.6709,1.6713,1.40,1.40
2009.09.29 03:42:34.903,1.67085,1.6712,3.00,1.40
2009.09.29 03:42:35.133,1.67085,1.6712,1.40,1.40
2009.09.29 03:42:35.353,1.6709,1.6713,1.40,1.40
2009.09.29 03:42:35.523,1.67085,1.6712,1.40,1.40
2009.09.29 03:42:39.462,1.6709,1.6713,1.40,1.40
2009.09.29 03:42:39.742,1.6709,1.6713,1.40,1.60
2009.09.29 03:42:39.962,1.67085,1.6712,1.40,1.40
2009.09.29 03:42:40.262,1.6709,1.6713,1.40,1.40
2009.09.29 03:42:40.612,1.67085,1.6712,1.40,1.40
2009.09.29 03:42:41.242,1.67085,1.67125,1.40,1.40
2009.09.29 03:42:41.602,1.67085,1.67125,1.40,1.60
2009.09.29 03:42:44.141,1.6709,1.67125,1.40,1.00
2009.09.29 03:42:44.421,1.6709,1.6713,1.40,1.60
2009.09.29 03:42:44.711,1.671,1.67135,1.40,1.40
2009.09.29 03:42:46.391,1.671,1.6714,1.40,1.00
2009.09.29 03:42:46.451,1.671,1.67145,1.40,1.60
2009.09.29 03:42:47.081,1.67095,1.67125,1.20,1.40
2009.09.29 03:42:47.371,1.67075,1.6712,3.40,1.40
2009.09.29 03:42:47.710,1.67095,1.67125,1.00,5.20
2009.09.29 03:42:48.060,1.6709,1.67125,1.40,5.20
2009.09.29 03:42:48.520,1.67085,1.67125,1.00,1.40
2009.09.29 03:42:49.770,1.67085,1.67125,1.00,1.60
2009.09.29 03:42:58.697,1.67095,1.67125,1.00,1.60
2009.09.29 03:42:58.918,1.6709,1.67125,1.00,1.40
2009.09.29 03:42:59.038,1.6709,1.6713,2.20,1.60
2009.09.29 03:42:59.338,1.6709,1.6712,1.00,1.40
2009.09.29 03:42:59.617,1.6709,1.6713,2.20,1.60
2009.09.29 03:43:00.887,1.671,1.6713,1.00,1.40
2009.09.29 03:43:01.067,1.671,1.67135,2.20,5.20
2009.09.29 03:43:01.187,1.671,1.67135,2.20,6.80
2009.09.29 03:43:01.357,1.671,1.67135,2.20,1.60
2009.09.29 03:43:03.576,1.671,1.67135,2.40,1.60
2009.09.29 03:43:08.195,1.671,1.6713,1.00,1.40
2009.09.29 03:43:08.525,1.6709,1.6713,2.20,1.60
2009.09.29 03:43:09.585,1.6709,1.6713,2.30,1.50
2009.09.29 03:43:14.664,1.671,1.6713,1.00,1.40
2009.09.29 03:43:14.994,1.671,1.67135,2.20,5.20
2009.09.29 03:43:15.284,1.67095,1.6713,1.60,1.60
2009.09.29 03:43:15.573,1.6709,1.6713,2.20,1.60
2009.09.29 03:43:16.653,1.6709,1.6713,2.40,1.60
2009.09.29 03:43:17.393,1.6709,1.6713,2.20,1.60
2009.09.29 03:43:18.623,1.6709,1.6713,1.40,1.60
2009.09.29 03:43:20.552,1.67085,1.6712,1.40,1.40
2009.09.29 03:43:20.902,1.67085,1.6712,1.60,1.40
2009.09.29 03:43:21.242,1.67085,1.6712,2.60,1.40
2009.09.29 03:43:21.592,1.67085,1.6712,1.40,1.40
2009.09.29 03:43:22.542,1.67085,1.6712,1.40,1.60
2009.09.29 03:43:23.582,1.67085,1.67115,1.40,1.00
2009.09.29 03:43:32.020,1.6709,1.67125,1.40,1.60
2009.09.29 03:43:33.409,1.6709,1.6712,1.40,1.00
2009.09.29 03:43:34.039,1.67075,1.67115,1.40,1.40
2009.09.29 03:43:34.379,1.6708,1.67115,1.60,1.40
2009.09.29 03:43:34.669,1.67085,1.6712,1.40,1.00
2009.09.29 03:43:34.969,1.67075,1.67115,1.40,1.40
2009.09.29 03:43:36.718,1.67075,1.67115,1.40,1.50
2009.09.29 03:43:38.178,1.67085,1.6712,1.40,1.00
2009.09.29 03:43:38.338,1.67085,1.67125,1.40,6.80
2009.09.29 03:43:38.668,1.67085,1.67125,1.40,1.60
2009.09.29 03:43:39.528,1.67085,1.67125,1.40,1.40
2009.09.29 03:43:40.457,1.67085,1.67125,1.40,1.60
2009.09.29 03:43:41.208,1.6708,1.6712,1.00,1.40
2009.09.29 03:43:41.328,1.67075,1.6712,1.60,1.40
2009.09.29 03:43:41.507,1.6708,1.6712,1.60,1.40
2009.09.29 03:43:41.617,1.67085,1.67125,1.40,1.60
2009.09.29 03:43:46.826,1.67085,1.67125,2.20,1.60
2009.09.29 03:43:47.186,1.671,1.67135,1.40,1.00
2009.09.29 03:43:47.416,1.6709,1.6713,1.60,1.40
2009.09.29 03:43:47.646,1.67085,1.67125,1.60,1.40
2009.09.29 03:43:48.406,1.6709,1.6713,1.40,1.50
2009.09.29 03:43:48.765,1.6709,1.6713,1.60,1.40
2009.09.29 03:43:49.106,1.671,1.6713,1.60,1.40
2009.09.29 03:43:49.445,1.6709,1.6713,1.60,1.40
2009.09.29 03:43:49.786,1.6709,1.67125,1.00,1.40
2009.09.29 03:43:50.175,1.67085,1.67135,1.00,1.40
2009.09.29 03:43:50.465,1.67075,1.67125,1.90,1.40
2009.09.29 03:43:50.975,1.67075,1.67125,1.50,1.40
2009.09.29 03:43:51.885,1.67075,1.67125,1.60,1.40
2009.09.29 03:43:52.815,1.67075,1.67125,1.60,1.60
2009.09.29 03:43:54.445,1.6708,1.67125,1.60,1.40
2009.09.29 03:43:54.674,1.6708,1.67135,1.60,1.40
2009.09.29 03:43:55.234,1.6708,1.67125,1.00,1.40
2009.09.29 03:43:55.464,1.67095,1.6714,1.40,3.00
2009.09.29 03:43:55.754,1.6708,1.67135,1.60,1.40
2009.09.29 03:43:55.924,1.67075,1.67125,2.00,1.40
2009.09.29 03:43:56.104,1.67085,1.6713,1.40,1.00
2009.09.29 03:43:56.284,1.67085,1.67135,1.40,1.40
2009.09.29 03:43:56.504,1.6708,1.67135,1.60,1.40
2009.09.29 03:43:57.424,1.67095,1.6713,1.40,1.60
2009.09.29 03:43:58.004,1.67095,1.67135,1.40,1.60
2009.09.29 03:43:58.473,1.6709,1.67145,2.20,3.20
2009.09.29 03:43:58.973,1.67105,1.6715,1.40,1.40
2009.09.29 03:43:59.263,1.67125,1.67165,1.40,4.00
2009.09.29 03:43:59.603,1.6711,1.6716,1.40,1.40
2009.09.29 03:43:59.963,1.6712,1.67165,1.40,3.00
2009.09.29 03:44:00.303,1.67115,1.6716,2.40,3.00
2009.09.29 03:44:00.593,1.67135,1.6717,1.40,1.60
2009.09.29 03:44:00.823,1.67135,1.67175,1.40,5.20
2009.09.29 03:44:01.113,1.6713,1.6718,1.40,1.40
2009.09.29 03:44:01.413,1.67135,1.6718,3.00,1.40
2009.09.29 03:44:01.703,1.6715,1.67185,1.40,1.40
2009.09.29 03:44:02.292,1.67155,1.67195,1.40,1.40
2009.09.29 03:44:02.642,1.6715,1.67185,1.40,1.40
2009.09.29 03:44:03.342,1.67135,1.6718,1.40,1.40
2009.09.29 03:44:04.022,1.67135,1.67175,1.40,2.20
2009.09.29 03:44:04.372,1.6713,1.6717,3.00,1.40
2009.09.29 03:44:04.722,1.67125,1.6716,1.40,1.40
2009.09.29 03:44:06.012,1.67115,1.6715,2.00,1.40
2009.09.29 03:44:06.191,1.6713,1.6716,1.40,2.40
2009.09.29 03:44:06.361,1.6713,1.6717,1.40,3.00
2009.09.29 03:44:06.661,1.6713,1.67175,3.80,1.40
2009.09.29 03:44:06.951,1.6713,1.67175,1.40,1.40
2009.09.29 03:44:08.031,1.67115,1.6716,2.00,1.40
2009.09.29 03:44:08.251,1.67125,1.6717,1.40,1.40
2009.09.29 03:44:08.531,1.6713,1.6718,1.40,1.00
2009.09.29 03:44:08.761,1.6713,1.6718,1.40,1.60
2009.09.29 03:44:09.111,1.6713,1.67175,1.40,1.40
2009.09.29 03:44:09.861,1.6714,1.6718,1.40,1.40
2009.09.29 03:44:10.140,1.67135,1.67175,1.40,1.40
2009.09.29 03:44:10.420,1.67125,1.67165,2.40,1.40
2009.09.29 03:44:10.710,1.67145,1.6717,1.40,1.60
2009.09.29 03:44:11.000,1.67145,1.67185,1.40,7.00
2009.09.29 03:44:11.230,1.67145,1.67185,1.40,1.40
2009.09.29 03:44:12.450,1.6714,1.67165,1.60,1.40
2009.09.29 03:44:12.720,1.67125,1.67165,1.00,1.40
2009.09.29 03:44:13.000,1.67125,1.67155,1.00,1.40
2009.09.29 03:44:13.120,1.6712,1.67155,1.60,1.40
2009.09.29 03:44:13.360,1.67115,1.67155,1.40,1.40
2009.09.29 03:44:13.929,1.67115,1.67155,1.60,1.40
2009.09.29 03:44:14.039,1.6712,1.67165,1.40,1.40
2009.09.29 03:44:15.099,1.67115,1.67155,1.40,1.40
2009.09.29 03:44:16.089,1.6712,1.67165,1.40,1.40
2009.09.29 03:44:17.489,1.6712,1.67165,1.60,1.40
2009.09.29 03:44:26.486,1.67135,1.67175,1.40,1.40
2009.09.29 03:44:26.726,1.6714,1.67185,1.40,9.00
2009.09.29 03:44:26.786,1.6714,1.67185,1.40,7.40
2009.09.29 03:44:26.837,1.6714,1.67185,1.40,6.60
2009.09.29 03:44:27.016,1.6714,1.67185,1.40,1.40
2009.09.29 03:44:29.546,1.6714,1.67185,1.60,1.40
2009.09.29 03:44:29.886,1.6714,1.67175,1.00,1.40
2009.09.29 03:44:30.116,1.6713,1.67175,1.60,1.40
2009.09.29 03:44:30.286,1.6714,1.6718,1.40,1.00
2009.09.29 03:44:30.516,1.6714,1.67185,1.60,1.40
2009.09.29 03:44:36.294,1.67135,1.67175,2.20,1.40
2009.09.29 03:44:36.404,1.67135,1.67175,1.40,1.40
2009.09.29 03:44:37.694,1.67135,1.67175,1.60,1.40
2009.09.29 03:44:38.564,1.67135,1.67175,1.40,1.40
2009.09.29 03:44:41.223,1.6714,1.6718,1.40,1.60
2009.09.29 03:44:41.743,1.6714,1.6718,1.40,3.20
2009.09.29 03:44:42.153,1.6714,1.67175,1.40,5.20
2009.09.29 03:44:42.263,1.67145,1.67175,1.40,5.20
2009.09.29 03:44:42.373,1.67145,1.6718,1.40,1.60
2009.09.29 03:44:42.483,1.6714,1.6718,1.60,1.40
2009.09.29 03:44:42.593,1.6714,1.6718,2.40,1.40
2009.09.29 03:44:42.703,1.6714,1.6718,1.60,1.40
2009.09.29 03:44:42.763,1.6714,1.6718,1.40,1.60
2009.09.29 03:44:43.473,1.6714,1.6718,1.40,1.40
2009.09.29 03:44:43.822,1.6714,1.6718,1.40,1.60
2009.09.29 03:44:45.022,1.6713,1.6717,1.40,3.00
2009.09.29 03:44:45.252,1.67135,1.67175,1.40,1.40
2009.09.29 03:44:45.422,1.67135,1.67175,1.60,1.40
2009.09.29 03:44:45.592,1.67135,1.6717,1.00,3.00
2009.09.29 03:44:46.112,1.6713,1.6717,1.40,3.00
2009.09.29 03:44:47.721,1.6713,1.6717,1.40,3.20
2009.09.29 03:44:47.951,1.6713,1.6717,3.00,1.60
2009.09.29 03:44:48.181,1.67135,1.6717,1.40,1.00
2009.09.29 03:44:48.471,1.67125,1.67165,1.40,1.60
2009.09.29 03:44:49.561,1.67125,1.6716,1.40,1.00
2009.09.29 03:44:50.650,1.67125,1.67165,1.40,1.40
2009.09.29 03:44:50.751,1.6713,1.67165,1.60,1.40
2009.09.29 03:44:50.931,1.67135,1.6717,1.40,1.00
2009.09.29 03:44:52.480,1.67135,1.67175,1.40,3.20
2009.09.29 03:44:53.500,1.67145,1.67175,1.40,1.60
2009.09.29 03:44:53.840,1.67135,1.67175,1.60,1.40
2009.09.29 03:44:54.170,1.67135,1.67175,1.60,3.00
2009.09.29 03:44:54.460,1.67145,1.67185,1.40,10.00
2009.09.29 03:44:55.060,1.67145,1.67185,1.40,8.40
2009.09.29 03:44:55.400,1.6714,1.67175,1.00,1.40
2009.09.29 03:44:55.620,1.6713,1.67175,1.40,1.40
2009.09.29 03:44:58.869,1.6713,1.67175,1.60,1.40
2009.09.29 03:45:05.497,1.67125,1.67165,1.50,1.40
2009.09.29 03:45:05.797,1.67125,1.67165,1.40,1.40
2009.09.29 03:45:05.967,1.67125,1.6716,1.40,1.60
2009.09.29 03:45:06.137,1.67125,1.6716,1.40,3.00
2009.09.29 03:45:07.017,1.6713,1.6717,1.00,1.60
2009.09.29 03:45:07.297,1.67135,1.67175,1.40,5.00
2009.09.29 03:45:07.517,1.67135,1.67175,1.40,3.40
2009.09.29 03:45:07.746,1.6712,1.6716,2.20,1.40
2009.09.29 03:45:07.977,1.67115,1.67145,2.00,1.40
2009.09.29 03:45:08.377,1.67105,1.67145,2.40,6.60
2009.09.29 03:45:08.707,1.67125,1.6716,2.20,1.00
2009.09.29 03:45:09.046,1.67125,1.6717,2.20,1.60
2009.09.29 03:45:09.386,1.6712,1.6716,1.00,1.40
2009.09.29 03:45:09.776,1.6711,1.6716,1.00,1.40
2009.09.29 03:45:10.256,1.6712,1.67165,1.00,1.40
2009.09.29 03:45:11.816,1.6713,1.67175,1.00,1.00
2009.09.29 03:45:12.275,1.6713,1.6718,1.00,1.40
2009.09.29 03:45:24.503,1.67105,1.67155,1.40,1.00
2009.09.29 03:45:24.842,1.671,1.6715,1.00,1.40
2009.09.29 03:45:25.542,1.671,1.6715,1.00,1.60
2009.09.29 03:45:26.422,1.67095,1.6715,1.80,1.60
2009.09.29 03:45:26.812,1.67085,1.6713,1.20,1.40
2009.09.29 03:45:26.872,1.67095,1.6713,1.00,1.40
2009.09.29 03:45:26.982,1.67095,1.67135,1.00,1.60
2009.09.29 03:45:27.152,1.6709,1.6714,1.80,1.60
2009.09.29 03:45:27.262,1.67085,1.6713,1.00,1.40
2009.09.29 03:45:27.612,1.67085,1.6713,1.00,1.40
2009.09.29 03:45:27.662,1.67095,1.67135,1.00,2.40
2009.09.29 03:45:27.782,1.67095,1.6714,1.00,1.60
2009.09.29 03:45:29.281,1.67105,1.67145,1.00,1.60
2009.09.29 03:45:29.521,1.67105,1.6715,1.00,2.00
2009.09.29 03:45:29.761,1.67105,1.6715,1.00,1.60
2009.09.29 03:45:30.231,1.671,1.6714,1.00,1.40
2009.09.29 03:45:30.471,1.67095,1.6714,1.00,1.40
2009.09.29 03:45:31.541,1.67095,1.6714,1.00,1.60
2009.09.29 03:45:33.250,1.6709,1.6714,2.80,1.60
2009.09.29 03:45:33.430,1.6709,1.6714,2.40,1.60
2009.09.29 03:45:35.390,1.671,1.6714,1.00,1.60
2009.09.29 03:45:35.570,1.671,1.6714,1.00,1.40
2009.09.29 03:45:35.690,1.671,1.6715,2.20,1.60
2009.09.29 03:45:36.550,1.671,1.6715,2.40,1.60
2009.09.29 03:45:37.479,1.67105,1.6715,1.00,1.50
2009.09.29 03:45:37.929,1.671,1.67145,2.20,1.00
2009.09.29 03:45:38.169,1.6709,1.6714,2.40,1.40
2009.09.29 03:45:39.519,1.6709,1.6714,2.40,1.60
2009.09.29 03:45:43.718,1.671,1.6714,1.00,1.40
2009.09.29 03:45:43.938,1.671,1.6715,2.20,1.60
2009.09.29 03:45:45.498,1.6711,1.6715,1.00,1.40
2009.09.29 03:45:45.617,1.6711,1.67155,2.20,1.00
2009.09.29 03:45:45.777,1.6711,1.6716,2.20,2.00
2009.09.29 03:45:46.007,1.6711,1.6716,2.20,1.60
2009.09.29 03:45:46.587,1.6711,1.6716,2.40,1.60
2009.09.29 03:45:47.037,1.6711,1.6716,1.60,3.20
2009.09.29 03:45:47.097,1.671,1.67145,3.20,1.40
2009.09.29 03:45:47.337,1.671,1.67145,2.40,1.40
2009.09.29 03:45:47.447,1.6711,1.6716,1.00,3.00
2009.09.29 03:45:47.507,1.6712,1.6716,2.20,1.60
2009.09.29 03:45:47.847,1.6712,1.67165,2.20,1.40
2009.09.29 03:45:48.247,1.6713,1.67175,1.00,1.80
2009.09.29 03:45:48.577,1.6714,1.6718,2.20,2.00
2009.09.29 03:45:48.927,1.6713,1.67175,2.40,1.40
2009.09.29 03:45:49.307,1.6714,1.6718,2.20,1.60
2009.09.29 03:45:50.007,1.6712,1.67165,1.20,1.40
2009.09.29 03:45:54.305,1.6712,1.6716,2.40,1.60
2009.09.29 03:45:54.695,1.6712,1.67155,1.40,5.30
2009.09.29 03:45:55.035,1.67135,1.6717,1.00,1.00
2009.09.29 03:45:55.385,1.67115,1.67165,3.80,1.40
2009.09.29 03:45:55.715,1.67115,1.6717,2.20,1.40
2009.09.29 03:45:56.185,1.6713,1.6717,1.00,1.40
2009.09.29 03:45:56.545,1.67125,1.6716,1.40,1.40
2009.09.29 03:45:58.334,1.67115,1.6715,2.60,1.40
2009.09.29 03:45:58.664,1.67115,1.6715,1.40,1.40
2009.09.29 03:45:59.074,1.67115,1.6715,2.20,1.40
2009.09.29 03:45:59.244,1.6712,1.67155,1.60,1.40
2009.09.29 03:45:59.474,1.67115,1.6715,1.60,1.40
2009.09.29 03:46:00.224,1.67115,1.6715,1.40,1.40
2009.09.29 03:46:00.954,1.6712,1.6715,1.00,1.40
2009.09.29 03:46:01.414,1.67115,1.6715,2.60,1.40
2009.09.29 03:46:01.644,1.6712,1.67155,1.00,1.40
2009.09.29 03:46:01.824,1.67125,1.67165,1.40,3.10
2009.09.29 03:46:02.173,1.6712,1.67155,1.00,1.40
2009.09.29 03:46:02.464,1.67105,1.67145,4.00,1.40
2009.09.29 03:46:02.813,1.6711,1.67155,2.20,6.60
2009.09.29 03:46:03.094,1.6711,1.67155,2.20,1.40
2009.09.29 03:46:04.773,1.6711,1.67155,2.40,1.40
2009.09.29 03:46:06.023,1.67115,1.6716,1.40,1.60
2009.09.29 03:46:06.483,1.67105,1.67145,1.60,1.40
2009.09.29 03:46:08.692,1.671,1.67135,1.60,1.40
2009.09.29 03:46:15.230,1.67105,1.67145,1.60,2.60
2009.09.29 03:46:15.460,1.67105,1.67145,1.60,1.40
2009.09.29 03:46:15.640,1.6711,1.67145,1.00,1.40
2009.09.29 03:46:15.820,1.67115,1.67155,1.40,5.20
2009.09.29 03:46:16.180,1.67105,1.67145,1.60,1.40
2009.09.29 03:46:17.190,1.67115,1.67155,1.40,6.00
2009.09.29 03:46:17.250,1.67115,1.67155,1.40,5.20
2009.09.29 03:46:17.480,1.67115,1.6716,1.40,1.60
2009.09.29 03:46:19.309,1.67115,1.6716,1.40,1.50
2009.09.29 03:46:19.640,1.67105,1.67145,1.60,1.40
2009.09.29 03:46:21.909,1.6711,1.67145,1.00,1.40
2009.09.29 03:46:25.678,1.67105,1.67135,1.00,1.40
2009.09.29 03:46:25.898,1.67105,1.67145,1.60,1.40
2009.09.29 03:46:27.517,1.6711,1.67145,1.00,1.40
2009.09.29 03:46:36.505,1.67105,1.67145,1.60,1.40
2009.09.29 03:46:36.845,1.671,1.6714,1.40,1.40
2009.09.29 03:46:37.795,1.671,1.6714,1.40,1.80
2009.09.29 03:46:38.175,1.671,1.6714,1.40,1.40
2009.09.29 03:46:38.525,1.67105,1.67145,1.40,1.60
2009.09.29 03:46:38.745,1.67105,1.67145,1.60,1.40
2009.09.29 03:46:39.685,1.6712,1.67155,1.40,5.30
2009.09.29 03:46:40.034,1.6712,1.67155,1.40,1.00
2009.09.29 03:46:40.724,1.6712,1.6716,1.40,3.60
2009.09.29 03:46:41.534,1.6712,1.6716,1.40,1.60
2009.09.29 03:46:41.654,1.6712,1.67155,1.40,1.00
2009.09.29 03:46:43.154,1.6712,1.67155,2.20,1.00
2009.09.29 03:46:43.324,1.6713,1.67165,1.40,2.10
2009.09.29 03:46:43.444,1.6713,1.67165,1.40,1.70
2009.09.29 03:46:44.513,1.6713,1.67165,1.40,1.00
2009.09.29 03:46:44.873,1.6713,1.6717,1.40,1.60
2009.09.29 03:46:46.043,1.6714,1.67175,1.40,6.90
2009.09.29 03:46:46.213,1.6714,1.67175,1.40,5.30
2009.09.29 03:46:46.433,1.6714,1.67175,1.40,1.00
2009.09.29 03:46:48.452,1.6714,1.6718,1.60,1.40
2009.09.29 03:46:49.072,1.6714,1.67175,1.40,1.00
2009.09.29 03:46:52.991,1.67155,1.67175,1.60,1.00
2009.09.29 03:46:59.680,1.67145,1.67175,1.60,1.60
2009.09.29 03:47:03.419,1.67155,1.67175,1.60,1.00
2009.09.29 03:47:03.649,1.67155,1.67175,1.60,1.60
2009.09.29 03:47:03.829,1.67145,1.67175,1.60,1.60
2009.09.29 03:47:07.008,1.67145,1.67175,1.60,1.40
2009.09.29 03:47:11.897,1.67145,1.6717,1.60,1.60
2009.09.29 03:47:12.007,1.67145,1.6717,1.60,2.00
2009.09.29 03:47:13.426,1.6714,1.6716,1.60,1.60
2009.09.29 03:47:13.706,1.6713,1.6716,1.60,1.60
2009.09.29 03:47:14.556,1.6713,1.6716,1.60,1.40
2009.09.29 03:47:14.726,1.6714,1.67165,1.60,5.30
2009.09.29 03:47:15.196,1.6714,1.67165,1.60,1.00
2009.09.29 03:47:19.195,1.67145,1.6716,1.60,1.00
2009.09.29 03:47:19.545,1.67145,1.67165,1.60,1.00
2009.09.29 03:47:21.244,1.6714,1.67165,1.60,1.00
2009.09.29 03:47:21.694,1.6714,1.67165,3.00,1.00
2009.09.29 03:47:21.984,1.6714,1.6717,1.60,1.40
2009.09.29 03:47:22.204,1.6714,1.67175,3.00,1.00
2009.09.29 03:47:22.424,1.6715,1.67175,1.60,1.00
2009.09.29 03:47:23.584,1.6715,1.67175,1.60,1.00
2009.09.29 03:47:26.553,1.6715,1.6718,1.60,2.00
2009.09.29 03:47:27.503,1.6715,1.67175,1.60,1.00
2009.09.29 03:47:32.282,1.6715,1.67185,1.60,5.60
2009.09.29 03:47:32.342,1.6715,1.67185,1.60,5.20
2009.09.29 03:47:32.642,1.6715,1.6719,1.60,1.60
2009.09.29 03:47:35.921,1.6715,1.6718,1.60,1.40
2009.09.29 03:47:36.041,1.6716,1.67195,1.40,1.00
2009.09.29 03:47:36.161,1.6716,1.67195,3.00,1.00
2009.09.29 03:47:36.281,1.6715,1.67185,1.60,5.20
2009.09.29 03:47:36.401,1.6715,1.6719,1.60,1.40
2009.09.29 03:47:36.581,1.67155,1.6719,1.60,1.40
2009.09.29 03:47:37.051,1.67155,1.6719,1.60,1.80
2009.09.29 03:47:37.221,1.67155,1.67185,1.60,1.00
2009.09.29 03:47:37.961,1.67145,1.67185,1.40,1.00
2009.09.29 03:47:40.450,1.6714,1.67175,1.40,1.40
2009.09.29 03:47:41.270,1.67145,1.67185,1.40,6.40
2009.09.29 03:47:41.450,1.67145,1.67185,1.40,5.30
2009.09.29 03:47:41.610,1.6714,1.67175,1.40,1.40
2009.09.29 03:47:41.780,1.67155,1.6718,1.40,1.60
2009.09.29 03:47:41.950,1.67155,1.67185,1.40,5.20
2009.09.29 03:47:42.120,1.67155,1.67195,1.40,4.00
2009.09.29 03:47:42.510,1.67145,1.67185,3.00,1.00
2009.09.29 03:47:42.729,1.67145,1.67185,1.40,1.00
2009.09.29 03:47:44.899,1.6714,1.67175,1.40,1.40
2009.09.29 03:47:46.988,1.6715,1.6718,1.40,1.70
2009.09.29 03:47:47.158,1.6715,1.67185,1.40,10.40
2009.09.29 03:47:47.278,1.67145,1.6718,3.00,1.40
2009.09.29 03:47:47.449,1.67145,1.6718,1.40,1.40
2009.09.29 03:47:47.568,1.67145,1.6719,1.40,1.40
2009.09.29 03:47:47.738,1.67145,1.6719,1.40,1.60
2009.09.29 03:47:47.858,1.67135,1.6718,1.40,1.40
2009.09.29 03:47:48.028,1.67145,1.67185,1.40,3.00
2009.09.29 03:47:48.688,1.67155,1.67195,1.40,1.60
2009.09.29 03:47:49.078,1.67145,1.6719,1.40,1.60
2009.09.29 03:47:49.658,1.67145,1.6718,1.40,1.40
2009.09.29 03:47:49.938,1.6713,1.6717,2.00,1.40
2009.09.29 03:47:50.277,1.6715,1.6718,1.40,1.00
2009.09.29 03:47:50.618,1.67115,1.6717,1.40,1.60
2009.09.29 03:48:00.245,1.6713,1.6717,1.40,1.40
2009.09.29 03:48:01.065,1.6713,1.6717,1.40,1.60
2009.09.29 03:48:15.302,1.6714,1.6718,1.40,3.60
2009.09.29 03:48:25.569,1.6713,1.6717,1.40,1.40
2009.09.29 03:48:29.948,1.6713,1.6717,3.00,1.40
2009.09.29 03:48:30.298,1.6714,1.6718,1.40,3.20
2009.09.29 03:48:34.137,1.6714,1.67175,1.40,1.00
2009.09.29 03:48:34.197,1.6713,1.6717,3.80,1.40
2009.09.29 03:48:34.247,1.6713,1.6717,3.00,1.40
2009.09.29 03:48:34.307,1.6713,1.6717,1.40,1.40
2009.09.29 03:48:34.607,1.67135,1.6718,1.40,1.40
2009.09.29 03:48:34.837,1.67135,1.6718,1.40,1.80
2009.09.29 03:48:35.297,1.67125,1.6717,1.40,1.40
2009.09.29 03:48:35.657,1.67135,1.6718,1.40,1.60
2009.09.29 03:48:36.017,1.67135,1.6718,1.40,2.00
2009.09.29 03:48:40.385,1.6713,1.6717,1.00,1.40
2009.09.29 03:48:40.726,1.67125,1.6717,1.60,1.40
2009.09.29 03:48:41.065,1.67135,1.6718,1.40,2.00
2009.09.29 03:48:41.185,1.67125,1.6717,2.20,1.40
2009.09.29 03:48:41.365,1.67125,1.6717,1.40,1.40
2009.09.29 03:48:41.516,1.67135,1.67175,1.40,1.60
2009.09.29 03:48:41.575,1.67135,1.6718,1.40,2.00
2009.09.29 03:48:41.805,1.67135,1.6718,1.40,1.60
2009.09.29 03:48:43.575,1.67135,1.6718,1.40,2.00
2009.09.29 03:48:45.734,1.67125,1.6717,1.40,1.40
2009.09.29 03:48:46.534,1.67125,1.6717,1.40,1.60
2009.09.29 03:48:46.884,1.67125,1.6717,1.40,1.40
2009.09.29 03:48:47.224,1.6712,1.67175,1.40,2.00
2009.09.29 03:48:48.154,1.67115,1.6716,1.40,1.40
2009.09.29 03:48:48.514,1.6712,1.6717,1.40,1.00
2009.09.29 03:48:48.743,1.67115,1.6716,1.40,1.40
2009.09.29 03:48:50.543,1.67115,1.6716,1.40,1.60
2009.09.29 03:49:01.741,1.67105,1.6715,1.40,1.40
2009.09.29 03:49:02.090,1.67115,1.67155,1.40,2.00
2009.09.29 03:49:02.210,1.67115,1.6716,1.40,1.60
2009.09.29 03:49:06.349,1.67105,1.6715,1.40,1.40
2009.09.29 03:49:06.749,1.67105,1.6715,1.60,1.40
2009.09.29 03:49:06.809,1.67115,1.67155,1.40,1.00
2009.09.29 03:49:06.929,1.67115,1.6716,1.40,1.60
2009.09.29 03:49:07.169,1.67105,1.6715,1.40,1.40
2009.09.29 03:49:08.369,1.67125,1.6715,1.60,1.40
2009.09.29 03:49:08.539,1.67135,1.6715,1.60,1.40
2009.09.29 03:49:08.719,1.67115,1.6715,1.60,1.40
2009.09.29 03:49:08.899,1.67105,1.6715,3.00,1.40
2009.09.29 03:49:09.129,1.67115,1.6715,1.60,1.60
2009.09.29 03:49:12.258,1.67115,1.6714,1.60,1.40
2009.09.29 03:49:12.368,1.6711,1.6714,1.60,1.40
2009.09.29 03:49:14.527,1.67105,1.6714,1.60,1.40
2009.09.29 03:49:14.807,1.67105,1.6713,1.60,1.40
2009.09.29 03:49:15.317,1.67105,1.6713,1.60,1.80
2009.09.29 03:49:15.597,1.67105,1.67135,1.60,2.40
2009.09.29 03:49:15.827,1.671,1.67135,1.60,1.40
2009.09.29 03:49:15.997,1.67105,1.67135,1.60,1.60
2009.09.29 03:49:16.157,1.67115,1.67135,1.60,1.40
2009.09.29 03:49:16.327,1.67115,1.6714,1.60,1.60
2009.09.29 03:49:16.557,1.67115,1.6712,1.60,1.40
2009.09.29 03:49:16.737,1.671,1.6712,1.60,1.40
2009.09.29 03:49:17.877,1.671,1.67125,1.60,1.40
2009.09.29 03:49:18.336,1.6711,1.6713,1.60,1.40
2009.09.29 03:49:18.567,1.671,1.6713,1.60,1.40
2009.09.29 03:49:18.847,1.671,1.67125,1.60,1.40
2009.09.29 03:49:19.176,1.6712,1.67145,1.60,2.00
2009.09.29 03:49:19.466,1.6711,1.67135,1.60,2.20
2009.09.29 03:49:19.796,1.6712,1.67145,1.60,1.80
2009.09.29 03:49:20.136,1.67125,1.67145,1.60,1.00
2009.09.29 03:49:20.606,1.6711,1.67145,1.60,1.60
2009.09.29 03:49:20.986,1.67115,1.67145,1.40,5.20
2009.09.29 03:49:21.306,1.67115,1.6714,1.60,1.40
2009.09.29 03:49:21.595,1.67115,1.67145,1.60,5.20
2009.09.29 03:49:21.876,1.67115,1.6714,1.60,1.40
2009.09.29 03:49:22.226,1.67125,1.6715,1.60,1.40
2009.09.29 03:49:22.456,1.6711,1.67145,1.60,1.40
2009.09.29 03:49:22.735,1.6711,1.67155,2.40,1.60
2009.09.29 03:49:22.975,1.67125,1.67155,1.60,6.60
2009.09.29 03:49:23.245,1.67125,1.67145,1.60,1.40
2009.09.29 03:49:23.595,1.6711,1.67145,1.60,1.40
2009.09.29 03:49:23.945,1.67125,1.67155,1.60,6.80
2009.09.29 03:49:24.895,1.67125,1.6715,1.60,1.00
2009.09.29 03:49:25.225,1.6711,1.67145,1.60,1.40
2009.09.29 03:49:28.004,1.6711,1.6715,1.60,1.00
2009.09.29 03:49:28.184,1.6711,1.67155,1.60,6.80
2009.09.29 03:49:28.524,1.6711,1.67155,1.60,1.60
2009.09.29 03:49:30.523,1.6711,1.67155,1.60,1.40
2009.09.29 03:49:30.804,1.67125,1.67155,1.60,1.40
2009.09.29 03:49:30.963,1.6711,1.6715,3.00,1.00
2009.09.29 03:49:31.133,1.6711,1.67145,1.60,1.40
2009.09.29 03:49:32.713,1.6711,1.67145,1.60,1.60
2009.09.29 03:49:39.151,1.6712,1.6715,1.60,1.00
2009.09.29 03:49:39.261,1.67125,1.6715,1.60,1.00
2009.09.29 03:49:39.601,1.6712,1.6715,1.60,1.60
2009.09.29 03:49:40.221,1.6713,1.6715,1.60,1.40
2009.09.29 03:49:40.601,1.6713,1.67155,1.60,1.40
2009.09.29 03:49:45.490,1.67125,1.67165,1.40,1.60
2009.09.29 03:49:45.960,1.67135,1.67175,1.40,7.60
2009.09.29 03:49:46.140,1.67135,1.67175,1.40,6.60
2009.09.29 03:49:46.320,1.67145,1.6718,1.40,2.00
2009.09.29 03:49:46.490,1.67145,1.6717,1.40,1.60
2009.09.29 03:49:46.669,1.6713,1.6717,1.40,1.60
2009.09.29 03:49:46.850,1.67125,1.6717,1.40,3.00
2009.09.29 03:49:47.010,1.67125,1.6717,1.40,1.40
2009.09.29 03:49:47.129,1.6713,1.67175,1.40,1.40
2009.09.29 03:49:47.239,1.6713,1.67175,1.60,1.40
2009.09.29 03:49:47.349,1.67135,1.67185,1.40,1.40
2009.09.29 03:49:47.759,1.67135,1.67185,1.40,1.60
2009.09.29 03:49:48.109,1.6712,1.6718,1.80,1.60
2009.09.29 03:49:48.499,1.6712,1.67165,1.40,1.60
2009.09.29 03:49:48.849,1.67115,1.6716,1.60,1.40
2009.09.29 03:49:49.029,1.67115,1.6716,1.40,1.40
2009.09.29 03:49:50.718,1.6713,1.67155,1.40,1.00
2009.09.29 03:49:51.069,1.67115,1.67155,1.40,5.20
2009.09.29 03:49:51.248,1.67115,1.6716,1.40,1.40
2009.09.29 03:49:51.608,1.67115,1.6717,1.40,1.60
2009.09.29 03:49:51.829,1.6711,1.67155,1.40,1.40
2009.09.29 03:49:54.508,1.6711,1.67155,1.40,1.60
2009.09.29 03:49:55.437,1.6712,1.67165,1.40,1.60
2009.09.29 03:49:55.797,1.6712,1.6716,1.40,1.00
2009.09.29 03:49:56.147,1.6711,1.67155,1.40,1.40
2009.09.29 03:49:56.907,1.6712,1.67155,1.60,1.40
2009.09.29 03:49:57.587,1.6712,1.67155,1.60,1.60
2009.09.29 03:49:58.907,1.67135,1.67165,1.60,1.60
2009.09.29 03:49:59.186,1.67135,1.67165,1.60,1.40
2009.09.29 03:49:59.426,1.6714,1.67175,1.60,1.40
2009.09.29 03:50:02.186,1.6712,1.6717,1.60,1.40
2009.09.29 03:50:02.606,1.6712,1.6717,1.60,1.60
2009.09.29 03:50:03.906,1.6712,1.6716,1.60,1.40
2009.09.29 03:50:04.025,1.6712,1.6717,1.60,1.60
2009.09.29 03:50:04.195,1.6712,1.6716,1.60,1.40
2009.09.29 03:50:06.785,1.6712,1.67155,1.60,1.40
2009.09.29 03:50:06.905,1.6712,1.67155,1.60,1.60
2009.09.29 03:50:08.284,1.6712,1.67155,1.60,1.40
2009.09.29 03:50:08.574,1.67135,1.6716,1.60,1.60
2009.09.29 03:50:09.694,1.67135,1.6716,1.60,1.40
2009.09.29 03:50:11.563,1.67135,1.6716,1.60,1.60
2009.09.29 03:50:13.333,1.67135,1.6716,1.60,1.00
2009.09.29 03:50:13.443,1.6713,1.67165,1.40,5.20
2009.09.29 03:50:13.613,1.67125,1.6716,3.00,1.40
2009.09.29 03:50:13.723,1.67125,1.6716,1.40,1.40
2009.09.29 03:50:13.833,1.6713,1.67165,1.40,5.20
2009.09.29 03:50:14.253,1.6713,1.6717,1.40,1.60
2009.09.29 03:50:16.572,1.6713,1.6717,1.60,1.60
2009.09.29 03:50:16.742,1.6714,1.67175,1.40,3.00
2009.09.29 03:50:17.132,1.6713,1.67165,1.40,1.40
2009.09.29 03:50:17.432,1.6714,1.67175,1.40,4.00
2009.09.29 03:50:17.662,1.6714,1.67175,1.40,8.40
2009.09.29 03:50:17.902,1.6713,1.67165,2.20,1.40
2009.09.29 03:50:25.990,1.67115,1.6715,1.40,1.40
2009.09.29 03:50:27.170,1.67125,1.6716,1.40,2.40
2009.09.29 03:50:27.280,1.6713,1.6716,1.40,1.00
2009.09.29 03:50:27.520,1.6713,1.67165,1.40,1.40
2009.09.29 03:50:30.479,1.6714,1.67175,1.40,9.20
2009.09.29 03:50:30.769,1.6713,1.67165,1.40,1.40
2009.09.29 03:50:31.059,1.6712,1.67155,1.40,1.40
2009.09.29 03:50:31.279,1.67115,1.67155,1.60,1.40
2009.09.29 03:50:34.438,1.6711,1.67145,1.60,1.40
2009.09.29 03:50:34.728,1.67115,1.6715,1.40,1.00
2009.09.29 03:50:34.848,1.67115,1.67155,1.40,6.60
2009.09.29 03:50:35.018,1.67115,1.67155,1.40,1.40
2009.09.29 03:50:36.527,1.67115,1.67155,1.40,1.60
2009.09.29 03:50:36.647,1.6711,1.67135,1.60,1.40
2009.09.29 03:50:36.808,1.671,1.67135,1.00,1.40
2009.09.29 03:50:36.977,1.67115,1.67155,1.40,6.60
2009.09.29 03:50:37.207,1.6711,1.67145,1.60,1.40
2009.09.29 03:50:37.268,1.67105,1.67145,1.60,1.40
2009.09.29 03:50:38.587,1.67095,1.67135,1.60,1.40
2009.09.29 03:50:40.087,1.67095,1.67135,1.40,1.40
2009.09.29 03:50:40.257,1.6709,1.67135,1.60,1.40
2009.09.29 03:50:41.327,1.67095,1.6714,1.40,1.40
2009.09.29 03:50:41.547,1.67095,1.6714,1.60,1.40
2009.09.29 03:50:41.767,1.67095,1.67135,1.00,1.40
2009.09.29 03:50:41.936,1.67095,1.67145,1.40,1.00
2009.09.29 03:50:42.156,1.67095,1.67155,1.40,7.00
2009.09.29 03:50:42.396,1.67095,1.67155,1.40,1.40
2009.09.29 03:50:42.686,1.67095,1.67145,1.40,1.00
2009.09.29 03:50:42.976,1.67095,1.67155,1.40,7.00
2009.09.29 03:50:43.266,1.67095,1.67155,1.40,1.40
2009.09.29 03:50:44.086,1.6709,1.67135,1.60,1.40
2009.09.29 03:50:44.315,1.67095,1.67155,1.40,1.40
2009.09.29 03:50:44.556,1.67095,1.67155,1.40,6.60
2009.09.29 03:50:44.736,1.67095,1.67155,1.40,1.40
2009.09.29 03:50:44.966,1.6709,1.67135,1.60,1.40
2009.09.29 03:50:45.706,1.67095,1.6714,1.40,1.40
2009.09.29 03:50:45.926,1.67095,1.6714,1.60,1.40
2009.09.29 03:50:47.065,1.671,1.67145,1.40,1.40
2009.09.29 03:50:47.635,1.671,1.67145,1.40,1.60
2009.09.29 03:50:48.634,1.67115,1.67145,1.40,1.00
2009.09.29 03:50:48.925,1.67115,1.67155,1.40,1.00
2009.09.29 03:50:49.214,1.6712,1.67155,1.40,1.00
2009.09.29 03:50:49.374,1.6712,1.67165,1.40,1.60
2009.09.29 03:50:49.665,1.67115,1.6716,1.00,1.40
2009.09.29 03:50:50.124,1.6711,1.6716,1.40,1.40
2009.09.29 03:50:54.643,1.67105,1.6715,2.80,1.40
2009.09.29 03:50:54.813,1.67105,1.6715,2.60,1.40
2009.09.29 03:50:55.773,1.6712,1.6716,1.40,1.80
2009.09.29 03:50:56.763,1.6712,1.6716,1.40,1.40
2009.09.29 03:51:18.587,1.67125,1.6716,1.40,1.40
2009.09.29 03:51:21.517,1.6713,1.6717,1.40,3.20
2009.09.29 03:51:21.807,1.6713,1.6717,1.40,1.60
2009.09.29 03:51:22.087,1.6713,1.67175,1.40,1.60
2009.09.29 03:51:22.266,1.6713,1.6717,1.40,1.00
2009.09.29 03:51:22.326,1.67125,1.6716,2.60,1.40
2009.09.29 03:51:22.717,1.6713,1.6717,1.40,1.00
2009.09.29 03:51:22.946,1.6714,1.6718,1.40,1.60
2009.09.29 03:51:23.226,1.6713,1.67175,1.40,1.80
2009.09.29 03:51:23.516,1.67125,1.6716,1.40,1.40
2009.09.29 03:51:23.856,1.67125,1.6716,2.60,1.40
2009.09.29 03:51:24.206,1.67125,1.6716,1.40,1.40
2009.09.29 03:51:26.425,1.67125,1.6716,1.40,1.60
2009.09.29 03:51:29.025,1.67125,1.6716,1.40,1.40
2009.09.29 03:51:29.375,1.67135,1.6717,1.40,3.20
2009.09.29 03:51:29.485,1.67125,1.6716,1.40,1.40
2009.09.29 03:51:30.544,1.67125,1.6716,1.40,1.60
2009.09.29 03:51:31.184,1.67125,1.6716,2.60,1.40
2009.09.29 03:51:31.364,1.67135,1.6717,1.40,3.20
2009.09.29 03:51:32.114,1.67135,1.6717,2.60,3.00
2009.09.29 03:51:32.294,1.6714,1.6717,1.40,1.60
2009.09.29 03:51:33.084,1.6714,1.6718,1.40,1.60
2009.09.29 03:51:33.444,1.6715,1.67185,1.40,5.20
2009.09.29 03:51:33.794,1.6715,1.67185,1.40,1.00
2009.09.29 03:51:34.014,1.6714,1.6718,1.40,1.40
2009.09.29 03:51:35.403,1.67135,1.6717,2.80,3.00
2009.09.29 03:51:35.733,1.67135,1.6717,1.40,3.00
2009.09.29 03:51:36.793,1.67135,1.6717,1.40,3.20
2009.09.29 03:51:37.183,1.6714,1.6718,1.40,1.60
2009.09.29 03:51:38.943,1.67135,1.6717,1.40,3.00
2009.09.29 03:51:39.243,1.6714,1.6718,1.40,1.60
2009.09.29 03:51:41.962,1.6715,1.67185,1.40,5.20
2009.09.29 03:51:42.252,1.6715,1.6719,1.40,3.60
2009.09.29 03:51:42.931,1.6714,1.6718,1.40,1.40
2009.09.29 03:51:44.551,1.6714,1.6718,1.40,1.60
2009.09.29 03:51:51.919,1.67135,1.6717,2.60,1.40
2009.09.29 03:51:52.029,1.67135,1.6717,1.40,3.00
2009.09.29 03:51:52.649,1.67135,1.6717,1.60,3.00
2009.09.29 03:51:52.699,1.67145,1.6717,2.60,1.60
2009.09.29 03:51:52.809,1.67145,1.67185,2.60,5.60
2009.09.29 03:51:52.929,1.6716,1.67185,1.40,5.60
2009.09.29 03:51:53.049,1.6716,1.67185,1.40,1.00
2009.09.29 03:51:53.109,1.6716,1.6719,1.40,1.60
2009.09.29 03:51:53.279,1.6715,1.6719,1.40,3.00
2009.09.29 03:51:53.689,1.6716,1.672,1.40,1.60
2009.09.29 03:51:57.558,1.6715,1.6719,1.40,3.40
2009.09.29 03:51:57.828,1.6715,1.6719,1.40,3.00
2009.09.29 03:51:58.238,1.6716,1.6719,1.40,1.60
2009.09.29 03:51:58.418,1.6716,1.672,1.40,1.60
2009.09.29 03:51:59.187,1.67145,1.6718,1.20,1.40
2009.09.29 03:51:59.418,1.6714,1.6718,1.80,1.40
2009.09.29 03:51:59.478,1.67145,1.6718,1.20,1.40
2009.09.29 03:51:59.588,1.67145,1.67185,2.60,5.20
2009.09.29 03:51:59.867,1.67145,1.67195,2.60,1.60
2009.09.29 03:52:01.187,1.6714,1.67185,1.40,1.60
2009.09.29 03:52:03.507,1.67145,1.67185,1.40,1.40
2009.09.29 03:52:04.146,1.67135,1.67175,1.60,3.00
2009.09.29 03:52:04.376,1.6714,1.67175,1.00,3.00
2009.09.29 03:52:04.547,1.67145,1.67175,1.40,1.60
2009.09.29 03:52:04.666,1.67145,1.67185,1.40,1.40
2009.09.29 03:52:05.886,1.67145,1.67185,1.40,8.30
2009.09.29 03:52:06.246,1.6714,1.6718,1.40,1.60
2009.09.29 03:52:09.745,1.67145,1.67185,1.40,1.40
2009.09.29 03:52:10.425,1.6715,1.6719,1.60,1.40
2009.09.29 03:52:10.655,1.6715,1.67185,1.00,1.40
2009.09.29 03:52:10.895,1.67145,1.67185,1.40,1.40
2009.09.29 03:52:14.434,1.6714,1.6718,3.00,1.40
2009.09.29 03:52:14.674,1.6714,1.67175,1.60,1.60
2009.09.29 03:52:14.904,1.6714,1.6718,3.20,1.40
2009.09.29 03:52:15.144,1.6714,1.67175,1.40,1.60
2009.09.29 03:52:15.484,1.67135,1.67175,1.60,3.00
2009.09.29 03:52:19.593,1.67145,1.67175,1.40,1.60
2009.09.29 03:52:19.873,1.67145,1.67185,1.40,1.40
2009.09.29 03:52:20.752,1.67145,1.67185,1.40,1.50
2009.09.29 03:52:31.500,1.6715,1.67185,1.40,1.00
2009.09.29 03:52:31.610,1.6715,1.6719,1.60,1.40
2009.09.29 03:52:33.299,1.6714,1.6718,4.80,1.40
2009.09.29 03:52:33.469,1.6714,1.6718,3.20,1.40
2009.09.29 03:52:33.709,1.6715,1.6719,1.40,1.60
2009.09.29 03:52:35.559,1.6715,1.6719,1.60,1.40
2009.09.29 03:52:40.308,1.6715,1.67185,1.60,1.60
2009.09.29 03:52:40.708,1.6715,1.6719,1.40,1.60
2009.09.29 03:52:41.008,1.6714,1.6718,3.20,1.40
2009.09.29 03:52:43.437,1.6715,1.67185,1.40,1.60
2009.09.29 03:52:43.607,1.6715,1.6718,1.60,1.40
2009.09.29 03:52:43.777,1.6714,1.6718,3.20,1.40
2009.09.29 03:52:44.307,1.67145,1.6718,1.40,1.40
2009.09.29 03:52:45.607,1.67145,1.6718,1.40,1.60
2009.09.29 03:52:48.776,1.67145,1.6718,1.60,1.40
2009.09.29 03:52:49.056,1.67155,1.6719,1.40,1.60
2009.09.29 03:52:50.505,1.67155,1.6719,1.40,1.40
2009.09.29 03:52:51.255,1.6716,1.67195,3.00,5.20
2009.09.29 03:52:51.435,1.6716,1.672,1.40,1.60
2009.09.29 03:52:53.455,1.6716,1.672,1.60,1.60
2009.09.29 03:52:57.264,1.67155,1.6719,3.00,1.40
2009.09.29 03:52:57.434,1.67155,1.6719,1.40,1.40
2009.09.29 03:52:58.543,1.67155,1.6719,1.40,1.60
2009.09.29 03:52:59.643,1.67155,1.6719,1.40,1.40
2009.09.29 03:53:02.932,1.6716,1.67195,1.40,6.80
2009.09.29 03:53:03.112,1.6716,1.67195,3.00,5.20
2009.09.29 03:53:03.352,1.6716,1.672,3.00,1.60
2009.09.29 03:53:04.412,1.6716,1.672,1.40,1.60
2009.09.29 03:53:04.652,1.6716,1.672,1.60,1.60
2009.09.29 03:53:04.822,1.6716,1.672,1.60,3.20
2009.09.29 03:53:05.432,1.6716,1.67195,1.50,1.00
2009.09.29 03:53:08.351,1.6719,1.67235,1.40,10.40
2009.09.29 03:53:08.641,1.6719,1.67235,1.40,1.60
2009.09.29 03:53:09.561,1.6719,1.6723,1.40,1.00
2009.09.29 03:53:09.671,1.6718,1.67225,1.40,1.40
2009.09.29 03:53:10.540,1.6718,1.67225,1.40,1.60
2009.09.29 03:53:11.630,1.6717,1.67215,1.40,1.40
2009.09.29 03:53:12.610,1.6717,1.67215,1.60,1.40
2009.09.29 03:53:13.480,1.6717,1.67215,1.40,1.60
2009.09.29 03:53:14.159,1.6716,1.672,4.00,1.60
2009.09.29 03:53:14.280,1.6716,1.672,3.20,1.60
2009.09.29 03:53:14.450,1.6716,1.672,4.00,1.60
2009.09.29 03:53:14.570,1.6717,1.67215,1.40,6.80
2009.09.29 03:53:14.630,1.67165,1.672,1.00,1.40
2009.09.29 03:53:15.030,1.6717,1.672,1.40,1.00
2009.09.29 03:53:15.379,1.67165,1.672,1.40,1.00
2009.09.29 03:53:15.719,1.6717,1.6721,1.40,1.00
2009.09.29 03:53:16.069,1.6717,1.67215,1.40,1.60
2009.09.29 03:53:18.219,1.6717,1.67215,1.40,2.00
2009.09.29 03:53:18.398,1.6717,1.6721,1.40,1.40
2009.09.29 03:53:18.619,1.6717,1.6721,1.40,3.20
2009.09.29 03:53:27.827,1.6717,1.67205,1.40,1.00
2009.09.29 03:53:27.996,1.6716,1.672,1.40,1.40
2009.09.29 03:53:29.516,1.6716,1.672,1.40,1.60
2009.09.29 03:53:29.856,1.67155,1.6719,1.40,1.40
2009.09.29 03:53:30.096,1.67155,1.6719,3.00,1.40
2009.09.29 03:53:30.506,1.67165,1.67195,1.40,5.20
2009.09.29 03:53:30.736,1.67155,1.6719,1.40,1.40
2009.09.29 03:53:31.675,1.67155,1.6719,1.40,1.50
2009.09.29 03:53:32.015,1.6716,1.672,1.40,1.60
2009.09.29 03:53:39.584,1.6716,1.67195,1.40,1.40
2009.09.29 03:53:44.602,1.67145,1.6719,3.80,1.40
2009.09.29 03:53:44.762,1.67145,1.6719,3.00,1.40
2009.09.29 03:53:44.982,1.67145,1.6719,1.40,1.40
2009.09.29 03:53:45.152,1.6715,1.6719,1.60,1.40
2009.09.29 03:53:45.262,1.6715,1.67195,1.40,1.40
2009.09.29 03:53:45.542,1.6716,1.672,1.40,1.00
2009.09.29 03:53:45.932,1.6716,1.67205,1.60,1.40
2009.09.29 03:53:46.282,1.6715,1.6719,1.40,1.40
2009.09.29 03:53:53.830,1.67155,1.672,1.40,1.40
2009.09.29 03:53:54.470,1.6715,1.6719,1.40,1.40
2009.09.29 03:53:54.710,1.6714,1.6718,1.00,1.40
2009.09.29 03:53:54.940,1.67155,1.6719,1.40,1.00
2009.09.29 03:53:55.180,1.67155,1.672,1.40,1.60
2009.09.29 03:53:55.400,1.6715,1.6719,1.40,1.40
2009.09.29 03:53:55.850,1.67155,1.672,1.40,1.40
2009.09.29 03:53:56.080,1.6715,1.6719,1.40,1.40
2009.09.29 03:53:56.310,1.67155,1.672,1.40,1.40
2009.09.29 03:53:56.480,1.6715,1.6719,1.40,1.40
2009.09.29 03:53:56.899,1.67155,1.672,1.40,3.00
2009.09.29 03:53:57.359,1.67155,1.672,1.40,1.40
2009.09.29 03:54:04.038,1.6715,1.6719,1.40,1.40
2009.09.29 03:54:04.678,1.67135,1.6718,1.40,1.40
2009.09.29 03:54:04.958,1.6713,1.67175,2.40,1.40
2009.09.29 03:54:05.307,1.67135,1.6718,1.40,1.60
2009.09.29 03:54:05.657,1.6713,1.67175,2.40,1.40
2009.09.29 03:54:06.037,1.67135,1.6718,1.40,1.40
2009.09.29 03:54:07.996,1.6715,1.6719,1.40,2.20
2009.09.29 03:54:08.337,1.6715,1.6719,1.40,1.40
2009.09.29 03:54:08.616,1.67155,1.67195,1.40,1.00
2009.09.29 03:54:08.857,1.67145,1.6719,1.40,1.40
2009.09.29 03:54:09.256,1.67155,1.67195,1.40,2.40
2009.09.29 03:54:09.486,1.67155,1.672,1.40,1.60
2009.09.29 03:54:10.106,1.67155,1.6719,1.40,1.60
2009.09.29 03:54:10.326,1.67145,1.67185,1.40,1.60
2009.09.29 03:54:10.556,1.67145,1.67185,1.40,6.80
2009.09.29 03:54:11.636,1.67145,1.6718,1.40,1.00
2009.09.29 03:54:16.195,1.67135,1.67175,1.60,1.40
2009.09.29 03:54:18.614,1.67135,1.67175,1.60,1.60
2009.09.29 03:54:23.793,1.6713,1.67165,1.60,1.40
2009.09.29 03:54:23.963,1.67125,1.67165,1.60,1.40
2009.09.29 03:54:24.133,1.67135,1.67175,1.40,6.80
2009.09.29 03:54:24.313,1.6713,1.67155,1.60,1.40
2009.09.29 03:54:24.433,1.6712,1.6716,1.40,3.00
2009.09.29 03:54:24.733,1.67125,1.6716,1.00,3.00
2009.09.29 03:54:24.903,1.67135,1.67175,1.40,2.00
2009.09.29 03:54:25.583,1.67145,1.67175,1.40,1.00
2009.09.29 03:54:25.932,1.67145,1.6718,1.40,1.40
2009.09.29 03:54:30.001,1.6715,1.67185,1.40,1.40
2009.09.29 03:54:30.181,1.67145,1.6718,1.40,1.40
2009.09.29 03:54:30.411,1.67145,1.6718,2.40,1.40
2009.09.29 03:54:30.981,1.6716,1.672,1.40,2.00
2009.09.29 03:54:31.311,1.6715,1.6719,1.60,1.40
2009.09.29 03:54:32.791,1.6714,1.6718,1.40,1.60
2009.09.29 03:54:33.181,1.6715,1.6719,1.60,1.60
2009.09.29 03:54:33.361,1.6716,1.67195,1.40,1.00
2009.09.29 03:54:33.531,1.6716,1.672,1.40,2.00
2009.09.29 03:54:33.870,1.6716,1.672,1.40,1.60
2009.09.29 03:54:34.560,1.6716,1.672,1.50,1.50
2009.09.29 03:54:37.710,1.67155,1.6719,1.40,1.40
2009.09.29 03:54:38.009,1.6715,1.67185,1.40,1.40
2009.09.29 03:54:38.409,1.6715,1.67185,3.00,1.60
2009.09.29 03:54:38.749,1.67145,1.6718,1.00,1.40
2009.09.29 03:54:39.029,1.6714,1.6718,1.40,1.40
2009.09.29 03:54:40.569,1.6714,1.6718,1.50,1.40
2009.09.29 03:54:42.289,1.6714,1.6718,1.40,1.40
2009.09.29 03:54:42.409,1.67145,1.67175,1.60,1.40
2009.09.29 03:54:42.529,1.67145,1.67185,3.00,1.60
2009.09.29 03:54:42.638,1.67145,1.67185,3.00,6.80
2009.09.29 03:54:42.758,1.67145,1.6718,1.40,1.00
2009.09.29 03:54:42.868,1.67135,1.67175,2.40,1.40
2009.09.29 03:54:42.979,1.67135,1.67175,1.60,1.40
2009.09.29 03:54:43.098,1.6714,1.67175,1.60,1.40
2009.09.29 03:54:43.218,1.67145,1.67185,1.40,6.80
2009.09.29 03:54:43.618,1.67145,1.6718,1.40,1.00
2009.09.29 03:54:43.958,1.67135,1.67175,1.60,1.40
2009.09.29 03:54:45.477,1.67135,1.67175,1.40,1.60
2009.09.29 03:54:48.177,1.6714,1.6716,1.40,1.60
2009.09.29 03:54:48.507,1.6713,1.6717,1.40,1.40
2009.09.29 03:54:48.857,1.6713,1.67165,1.60,1.40
2009.09.29 03:54:49.787,1.6713,1.6717,1.40,1.40
2009.09.29 03:54:50.566,1.6713,1.6717,1.40,1.50
2009.09.29 03:54:52.226,1.6714,1.6718,1.40,3.20
2009.09.29 03:54:53.086,1.6714,1.6718,1.40,1.40
2009.09.29 03:54:53.206,1.6715,1.6719,1.40,1.60
2009.09.29 03:54:54.386,1.6714,1.6718,1.00,1.40
2009.09.29 03:54:54.615,1.67135,1.6718,1.40,1.40
2009.09.29 03:54:54.845,1.6713,1.67175,1.60,1.40
2009.09.29 03:54:55.075,1.67145,1.67185,1.40,5.20
2009.09.29 03:54:55.585,1.67135,1.6719,1.40,1.60
2009.09.29 03:54:55.925,1.6713,1.67175,1.40,1.40
2009.09.29 03:54:56.285,1.67125,1.6717,1.40,1.40
2009.09.29 03:54:57.045,1.6714,1.67175,1.40,1.40
2009.09.29 03:54:59.554,1.67145,1.67185,1.40,5.20
2009.09.29 03:54:59.894,1.67145,1.6719,1.40,1.40
2009.09.29 03:55:03.494,1.6715,1.67195,1.40,1.60
2009.09.29 03:55:03.943,1.67145,1.6718,1.60,1.40
2009.09.29 03:55:04.223,1.67145,1.6718,1.40,1.40
2009.09.29 03:55:05.633,1.67145,1.6718,2.20,1.40
2009.09.29 03:55:05.863,1.67155,1.67185,1.40,5.20
2009.09.29 03:55:06.152,1.67155,1.6719,1.40,1.50
2009.09.29 03:55:06.913,1.6715,1.6718,1.60,1.40
2009.09.29 03:55:07.132,1.67145,1.6718,1.40,1.40
2009.09.29 03:55:08.522,1.67145,1.6718,1.40,1.50
2009.09.29 03:55:12.591,1.67155,1.6719,1.40,1.40
2009.09.29 03:55:13.361,1.6715,1.67185,1.60,1.40
2009.09.29 03:55:13.921,1.67155,1.67195,1.40,3.00
2009.09.29 03:55:14.101,1.67155,1.6719,1.40,1.00
2009.09.29 03:55:14.441,1.6715,1.6719,1.40,1.60
2009.09.29 03:55:14.841,1.67155,1.67195,1.40,1.40
2009.09.29 03:55:17.180,1.67155,1.67195,1.40,2.20
2009.09.29 03:55:17.420,1.6715,1.67185,1.40,1.40
2009.09.29 03:55:17.900,1.67155,1.6719,1.40,1.60
2009.09.29 03:55:18.120,1.67155,1.67195,1.40,1.40
2009.09.29 03:55:18.400,1.67155,1.67195,1.40,3.00
2009.09.29 03:55:18.580,1.67155,1.6719,1.40,1.00
2009.09.29 03:55:18.810,1.6715,1.6719,1.60,1.40
2009.09.29 03:55:19.049,1.6715,1.6719,1.40,1.60
2009.09.29 03:55:19.229,1.67155,1.6719,1.40,1.00
2009.09.29 03:55:19.579,1.67155,1.67195,1.40,1.40
2009.09.29 03:55:20.349,1.67155,1.67195,1.60,1.40
2009.09.29 03:55:20.709,1.67165,1.67205,1.40,6.60
2009.09.29 03:55:21.409,1.67165,1.67205,1.40,1.40
2009.09.29 03:55:22.549,1.67165,1.67205,1.60,1.40
2009.09.29 03:55:23.129,1.67175,1.6721,1.40,1.60
2009.09.29 03:55:23.358,1.67165,1.67205,1.60,1.40
2009.09.29 03:55:23.579,1.6717,1.6721,1.40,1.60
2009.09.29 03:55:24.218,1.67175,1.6721,1.40,1.00
2009.09.29 03:55:24.458,1.67175,1.67215,1.40,1.40
2009.09.29 03:55:24.688,1.67165,1.67205,1.60,1.40
2009.09.29 03:55:24.858,1.67175,1.6721,1.40,1.60
2009.09.29 03:55:25.028,1.67165,1.67205,2.40,1.40
2009.09.29 03:55:25.208,1.6717,1.67205,1.00,1.40
2009.09.29 03:55:25.328,1.67175,1.67215,1.40,1.40
2009.09.29 03:55:25.508,1.67165,1.67205,2.40,1.40
2009.09.29 03:55:25.678,1.6717,1.67205,1.00,1.40
2009.09.29 03:55:25.998,1.67175,1.67215,1.40,2.20
2009.09.29 03:55:26.348,1.67165,1.67205,1.60,1.40
2009.09.29 03:55:30.567,1.67175,1.67215,1.50,1.40
2009.09.29 03:55:31.407,1.67175,1.67215,1.40,1.50
2009.09.29 03:55:33.046,1.67165,1.67205,1.60,1.40
2009.09.29 03:55:36.065,1.67155,1.67195,1.60,1.40
2009.09.29 03:55:36.475,1.67155,1.67195,2.40,1.40
2009.09.29 03:55:36.596,1.67165,1.6721,1.40,3.20
2009.09.29 03:55:36.895,1.67165,1.67205,1.40,1.00
2009.09.29 03:55:37.005,1.67165,1.67205,1.40,5.20
2009.09.29 03:55:37.245,1.67165,1.6721,1.40,1.40
2009.09.29 03:55:39.255,1.67165,1.6721,1.40,1.60
2009.09.29 03:55:39.435,1.67155,1.67195,1.40,1.40
2009.09.29 03:55:39.675,1.67165,1.67205,1.40,5.20
2009.09.29 03:55:39.915,1.67165,1.6721,1.40,3.00
2009.09.29 03:55:40.904,1.67165,1.6721,1.40,1.40
2009.09.29 03:55:44.324,1.6717,1.6721,1.40,1.60
2009.09.29 03:55:44.603,1.67155,1.67195,1.40,1.40
2009.09.29 03:55:44.944,1.67165,1.67205,1.40,5.20
2009.09.29 03:55:45.213,1.67165,1.6721,1.40,1.40
2009.09.29 03:55:48.352,1.67155,1.67195,2.20,1.40
2009.09.29 03:55:48.652,1.67155,1.67195,1.40,1.40
2009.09.29 03:55:48.832,1.67155,1.67195,2.20,1.40
2009.09.29 03:55:49.062,1.67165,1.67205,1.40,5.20
2009.09.29 03:55:49.282,1.67165,1.6721,1.40,1.40
2009.09.29 03:55:52.651,1.6716,1.67195,1.00,1.40
2009.09.29 03:55:53.002,1.6717,1.6721,1.40,1.60
2009.09.29 03:55:53.351,1.6716,1.67195,1.00,1.40
2009.09.29 03:55:53.641,1.6716,1.67205,1.40,6.60
2009.09.29 03:55:53.981,1.6716,1.67205,1.40,1.40
2009.09.29 03:55:54.321,1.6716,1.67195,1.40,1.60
2009.09.29 03:55:54.501,1.6716,1.672,1.40,1.00
2009.09.29 03:55:54.661,1.67155,1.67195,1.60,1.60
2009.09.29 03:55:55.021,1.67155,1.672,1.60,1.40
2009.09.29 03:55:55.361,1.67155,1.67205,1.00,2.40
2009.09.29 03:55:55.701,1.6715,1.67205,1.60,1.40
2009.09.29 03:55:58.990,1.6716,1.67195,1.00,1.40
2009.09.29 03:55:59.170,1.6716,1.672,1.60,1.40
2009.09.29 03:55:59.790,1.67155,1.67195,1.40,1.40
2009.09.29 03:56:00.759,1.67155,1.67195,1.60,1.40
2009.09.29 03:56:01.059,1.6716,1.67205,1.40,6.60
2009.09.29 03:56:01.339,1.6716,1.67205,1.40,1.40
2009.09.29 03:56:02.599,1.6716,1.67205,1.60,1.40
2009.09.29 03:56:07.648,1.6716,1.67185,1.60,1.00
2009.09.29 03:56:08.887,1.6716,1.67185,1.40,1.00
2009.09.29 03:56:09.068,1.6716,1.67185,1.60,1.00
2009.09.29 03:56:10.247,1.6716,1.67185,1.00,1.00
2009.09.29 03:56:10.577,1.6716,1.67185,1.60,1.00
2009.09.29 03:56:10.877,1.6716,1.67185,1.40,1.00
2009.09.29 03:56:11.877,1.6716,1.67185,1.60,1.00
2009.09.29 03:56:17.136,1.6716,1.67185,1.00,1.00
2009.09.29 03:56:17.306,1.67155,1.67185,1.60,1.00
2009.09.29 03:56:26.123,1.6715,1.67185,1.60,1.00
2009.09.29 03:56:27.473,1.6715,1.67185,1.40,1.00
2009.09.29 03:56:28.633,1.6715,1.67185,1.60,1.00
2009.09.29 03:56:29.153,1.67155,1.67185,1.40,1.00
2009.09.29 03:56:29.443,1.67145,1.67185,1.60,2.20
2009.09.29 03:56:33.222,1.6714,1.6718,3.20,1.60
2009.09.29 03:56:34.381,1.6715,1.67185,1.40,1.00
2009.09.29 03:56:35.441,1.67155,1.67185,1.60,1.00
2009.09.29 03:56:35.661,1.67155,1.67185,1.40,1.00
2009.09.29 03:56:36.071,1.6715,1.67185,1.40,2.20
2009.09.29 03:56:36.711,1.6715,1.67185,1.60,2.20
2009.09.29 03:56:36.871,1.67155,1.67185,1.40,1.00
2009.09.29 03:56:38.531,1.67155,1.67185,1.50,1.00
2009.09.29 03:56:45.979,1.67155,1.67185,1.60,1.00
2009.09.29 03:56:46.209,1.67165,1.67185,1.40,1.00
2009.09.29 03:56:46.479,1.67175,1.67185,1.40,1.00
2009.09.29 03:56:46.708,1.67165,1.67185,1.40,1.00
2009.09.29 03:56:47.528,1.67165,1.67185,1.60,1.00
2009.09.29 03:56:51.448,1.6716,1.67185,1.00,1.00
2009.09.29 03:56:51.728,1.6717,1.67185,1.40,1.00
2009.09.29 03:56:51.967,1.6716,1.67185,1.60,1.00
2009.09.29 03:56:52.197,1.6716,1.67185,3.20,1.00
2009.09.29 03:56:52.487,1.67165,1.67185,1.00,1.00
2009.09.29 03:56:52.717,1.6717,1.67185,1.00,1.00
2009.09.29 03:56:52.897,1.6717,1.67185,1.60,1.00
2009.09.29 03:56:53.567,1.6717,1.67185,1.40,1.00
2009.09.29 03:56:56.746,1.6717,1.67185,1.60,1.00
2009.09.29 03:57:00.585,1.6717,1.67185,1.40,1.00
2009.09.29 03:57:01.115,1.6718,1.67185,1.40,1.00
2009.09.29 03:57:01.525,1.6717,1.67185,1.60,1.00
2009.09.29 03:57:02.265,1.67165,1.67185,1.40,1.00
2009.09.29 03:57:02.325,1.6716,1.67185,1.60,1.00
2009.09.29 03:57:02.435,1.67165,1.67185,1.40,1.00
2009.09.29 03:57:02.785,1.6716,1.67185,1.40,1.00
2009.09.29 03:57:03.774,1.67165,1.67185,1.40,1.00
2009.09.29 03:57:06.994,1.6716,1.67185,1.60,1.00
2009.09.29 03:57:07.174,1.6716,1.67185,1.40,1.00
2009.09.29 03:57:07.933,1.6715,1.6717,1.00,1.40
2009.09.29 03:57:08.173,1.6714,1.6717,1.00,1.40
2009.09.29 03:57:08.403,1.67125,1.6716,2.00,1.40
2009.09.29 03:57:08.633,1.6712,1.6716,1.40,1.40
2009.09.29 03:57:10.493,1.6712,1.6716,1.40,1.60
2009.09.29 03:57:13.072,1.6713,1.67165,1.40,5.20
2009.09.29 03:57:13.432,1.6713,1.67175,1.40,2.00
2009.09.29 03:57:13.732,1.6714,1.67175,1.40,1.00
2009.09.29 03:57:13.902,1.6714,1.6718,1.40,2.00
2009.09.29 03:57:14.022,1.6714,1.6718,1.40,1.60
2009.09.29 03:57:17.221,1.67145,1.6718,1.40,1.00
2009.09.29 03:57:17.541,1.67145,1.67185,1.40,2.20
2009.09.29 03:57:21.121,1.67155,1.67185,1.40,1.00
2009.09.29 03:57:23.610,1.6716,1.67185,1.40,1.00
2009.09.29 03:57:37.396,1.67155,1.67185,1.60,1.00
2009.09.29 03:57:41.046,1.67165,1.67185,1.40,1.00
2009.09.29 03:57:41.165,1.6717,1.67185,1.40,1.00
2009.09.29 03:57:41.766,1.67165,1.67185,1.40,1.00
2009.09.29 03:57:41.946,1.6716,1.67185,1.40,1.00
2009.09.29 03:57:42.105,1.67155,1.67185,3.60,1.00
2009.09.29 03:57:42.465,1.6716,1.67185,1.40,1.00
2009.09.29 03:57:44.005,1.6716,1.67185,1.60,1.00
2009.09.29 03:57:44.225,1.6716,1.67185,1.40,1.00
2009.09.29 03:57:45.914,1.6715,1.67185,1.40,1.00
2009.09.29 03:57:46.494,1.67145,1.67185,3.00,2.20
2009.09.29 03:57:46.604,1.67145,1.67185,3.20,2.20
2009.09.29 03:57:46.724,1.6715,1.67185,1.40,1.00
2009.09.29 03:57:46.964,1.6715,1.67185,1.60,1.00
2009.09.29 03:57:47.084,1.6715,1.67185,1.00,2.20
2009.09.29 03:57:47.204,1.6715,1.67185,1.40,1.00
2009.09.29 03:57:47.324,1.6715,1.67185,1.60,1.00
2009.09.29 03:57:47.674,1.6715,1.67185,1.40,1.00
2009.09.29 03:57:51.483,1.6715,1.67185,1.40,1.00
2009.09.29 03:57:51.833,1.6715,1.67185,1.40,1.00
2009.09.29 03:57:54.902,1.67145,1.67185,1.40,1.00
2009.09.29 03:57:55.192,1.67135,1.67185,1.40,1.00
2009.09.29 03:57:55.482,1.67135,1.67185,1.40,1.20
2009.09.29 03:57:56.312,1.67145,1.67185,1.40,1.20
2009.09.29 03:57:56.992,1.67135,1.67185,1.40,1.20
2009.09.29 03:57:59.311,1.6713,1.6718,1.60,1.40
2009.09.29 03:57:59.491,1.6714,1.6718,1.40,1.60
2009.09.29 03:57:59.551,1.6714,1.6718,1.40,1.40
2009.09.29 03:58:00.171,1.67135,1.67175,1.60,1.40
2009.09.29 03:58:00.691,1.6714,1.6718,1.40,3.60
2009.09.29 03:58:01.021,1.67155,1.6718,1.60,1.40
2009.09.29 03:58:01.370,1.67155,1.67185,1.60,1.00
2009.09.29 03:58:04.230,1.67155,1.67185,1.60,1.00
2009.09.29 03:58:04.520,1.67155,1.67185,1.60,2.80
2009.09.29 03:58:05.000,1.67165,1.67185,1.60,2.80
2009.09.29 03:58:05.160,1.67165,1.67185,1.60,1.00
2009.09.29 03:58:10.519,1.67155,1.67185,1.60,2.80
2009.09.29 03:58:10.628,1.67165,1.67185,1.60,2.40
2009.09.29 03:58:10.738,1.67155,1.67185,1.60,1.00
2009.09.29 03:58:10.848,1.67155,1.67185,1.60,2.40
2009.09.29 03:58:11.198,1.67165,1.67185,1.60,1.00
2009.09.29 03:58:11.928,1.67155,1.67185,1.60,2.60
2009.09.29 03:58:12.148,1.67155,1.67185,1.60,2.80
2009.09.29 03:58:12.828,1.67165,1.67185,1.60,2.80
2009.09.29 03:58:13.008,1.6716,1.67185,1.60,2.80
2009.09.29 03:58:13.308,1.67155,1.67185,1.60,2.80
2009.09.29 03:58:18.507,1.67155,1.67185,1.60,2.40
2009.09.29 03:58:18.677,1.67165,1.67185,1.60,1.00
2009.09.29 03:58:18.846,1.6715,1.6718,3.20,1.00
2009.09.29 03:58:19.026,1.6715,1.6718,1.70,1.00
2009.09.29 03:58:19.256,1.67165,1.67185,1.60,2.80
2009.09.29 03:58:19.606,1.6716,1.67185,1.60,2.80
2009.09.29 03:58:19.786,1.67155,1.67185,1.60,2.80
2009.09.29 03:58:20.116,1.67165,1.67185,1.60,1.00
2009.09.29 03:58:21.966,1.67165,1.67185,1.60,1.20
2009.09.29 03:58:52.018,1.67185,1.6721,1.60,1.30
2009.09.29 03:58:52.478,1.6718,1.67185,1.60,1.00
2009.09.29 03:58:52.828,1.67175,1.67185,1.60,1.00
2009.09.29 03:58:53.178,1.6718,1.67185,1.60,1.00
2009.09.29 03:58:53.518,1.67175,1.67185,1.60,1.00
2009.09.29 03:58:53.808,1.6718,1.67185,1.60,1.00
2009.09.29 03:58:58.417,1.67175,1.67185,1.60,1.00
2009.09.29 03:58:59.017,1.6718,1.67185,1.60,1.00
2009.09.29 03:59:01.647,1.6719,1.6722,1.40,1.30
2009.09.29 03:59:01.877,1.6718,1.67185,1.60,1.00
2009.09.29 03:59:07.546,1.67175,1.67185,1.40,1.00
2009.09.29 03:59:14.314,1.6717,1.67185,1.60,1.00
2009.09.29 03:59:14.484,1.6717,1.67185,1.40,1.00
2009.09.29 03:59:19.443,1.6716,1.67185,1.40,1.00
2009.09.29 03:59:20.083,1.6716,1.67185,3.00,1.00
2009.09.29 03:59:20.193,1.67165,1.67185,1.60,1.00
2009.09.29 03:59:20.433,1.67165,1.67185,1.00,1.00
2009.09.29 03:59:20.783,1.6716,1.67185,1.40,1.00
2009.09.29 03:59:21.362,1.67165,1.67185,1.40,1.00
2009.09.29 03:59:24.602,1.6717,1.67185,3.00,1.00
2009.09.29 03:59:24.831,1.6717,1.67185,1.60,1.00
2009.09.29 03:59:25.241,1.6716,1.67185,3.00,1.00
2009.09.29 03:59:25.351,1.6716,1.67185,1.60,1.00
2009.09.29 03:59:29.111,1.67165,1.67185,1.40,1.00
2009.09.29 03:59:29.470,1.67155,1.67185,1.40,1.00
2009.09.29 03:59:30.180,1.67145,1.67185,2.60,2.20
2009.09.29 03:59:30.290,1.67145,1.6718,2.60,1.60
2009.09.29 03:59:30.400,1.67145,1.67185,1.40,2.60
2009.09.29 03:59:30.500,1.67155,1.67185,1.40,1.00
2009.09.29 03:59:33.699,1.67165,1.67185,1.40,1.00
2009.09.29 03:59:38.348,1.67155,1.67185,1.40,1.00
2009.09.29 03:59:38.458,1.67155,1.6718,1.40,1.60
2009.09.29 03:59:38.628,1.67145,1.6718,1.40,1.60
2009.09.29 03:59:39.858,1.6716,1.67185,1.40,1.00
2009.09.29 03:59:40.408,1.67155,1.67185,1.40,1.00
2009.09.29 03:59:46.137,1.6714,1.67175,1.40,1.60
2009.09.29 03:59:46.866,1.6714,1.6718,1.40,3.40
2009.09.29 03:59:47.207,1.6714,1.6718,1.50,3.40
2009.09.29 03:59:48.496,1.6715,1.6718,1.40,1.00
2009.09.29 03:59:48.846,1.6715,1.67185,1.40,7.40
2009.09.29 03:59:51.065,1.6715,1.67185,1.40,7.60
2009.09.29 03:59:58.164,1.67135,1.6718,1.40,1.60
