2015.12.14 13:00:00.283,1.52349,1.52367,1.00,1.50
2015.12.14 13:00:00.537,1.52352,1.52367,1.00,1.07
2015.12.14 13:00:01.555,1.52352,1.52368,1.00,1.10
2015.12.14 13:00:04.273,1.52354,1.52371,1.00,1.87
2015.12.14 13:00:04.527,1.52357,1.52376,1.00,1.95
2015.12.14 13:00:07.147,1.52361,1.52376,1.00,1.95
2015.12.14 13:00:07.677,1.52363,1.52377,1.00,1.07
2015.12.14 13:00:07.894,1.52364,1.52382,1.00,2.62
2015.12.14 13:00:07.946,1.52362,1.52382,1.12,2.25
2015.12.14 13:00:08.048,1.52359,1.52383,1.45,1.50
2015.12.14 13:00:08.099,1.5236,1.52375,1.45,1.37
2015.12.14 13:00:08.354,1.52369,1.52386,1.37,1.37
2015.12.14 13:00:08.405,1.52369,1.52388,1.37,1.52
2015.12.14 13:00:08.558,1.5237,1.5239,1.87,1.12
2015.12.14 13:00:08.785,1.52372,1.52391,1.00,1.87
2015.12.14 13:00:08.837,1.52372,1.52392,1.00,1.12
2015.12.14 13:00:09.347,1.52374,1.52392,1.00,1.12
2015.12.14 13:00:09.652,1.52374,1.52394,1.75,1.95
2015.12.14 13:00:09.973,1.52374,1.52395,1.75,1.57
2015.12.14 13:00:11.181,1.52374,1.52396,1.87,1.50
2015.12.14 13:00:11.690,1.52374,1.52396,1.12,2.25
2015.12.14 13:00:13.526,1.52371,1.52396,1.37,1.50
2015.12.14 13:00:13.578,1.52371,1.52396,1.00,1.50
2015.12.14 13:00:15.723,1.5237,1.52394,1.00,2.25
2015.12.14 13:00:16.044,1.52365,1.52387,1.00,1.57
2015.12.14 13:00:16.197,1.52363,1.52387,1.00,1.57
2015.12.14 13:00:16.452,1.52361,1.52386,1.00,3.37
2015.12.14 13:00:17.111,1.52361,1.52385,1.00,1.90
2015.12.14 13:00:17.265,1.52361,1.52384,1.00,1.50
2015.12.14 13:00:18.257,1.52361,1.52383,1.00,1.65
2015.12.14 13:00:20.102,1.52362,1.52384,1.00,2.25
2015.12.14 13:00:21.011,1.52364,1.52384,1.00,1.87
2015.12.14 13:00:21.214,1.52364,1.52387,1.50,2.02
2015.12.14 13:00:21.316,1.52366,1.52387,1.12,1.57
2015.12.14 13:00:21.672,1.52366,1.52389,1.87,1.57
2015.12.14 13:00:22.186,1.52366,1.52388,1.87,1.12
2015.12.14 13:00:23.282,1.52366,1.52388,1.37,3.00
2015.12.14 13:00:23.384,1.52364,1.52385,1.00,1.50
2015.12.14 13:00:23.638,1.52364,1.52383,1.00,1.00
2015.12.14 13:00:24.170,1.52364,1.52381,1.00,1.10
2015.12.14 13:00:25.027,1.52361,1.52381,1.00,1.20
2015.12.14 13:00:25.534,1.52361,1.52383,1.00,3.00
2015.12.14 13:00:26.492,1.52361,1.52382,1.50,1.10
2015.12.14 13:00:26.785,1.52363,1.52382,1.00,1.10
2015.12.14 13:00:27.397,1.52363,1.52384,1.00,1.95
2015.12.14 13:00:27.721,1.52368,1.52387,1.00,1.12
2015.12.14 13:00:27.823,1.52368,1.52389,1.00,1.95
2015.12.14 13:00:27.976,1.52368,1.52389,1.37,1.20
2015.12.14 13:00:28.546,1.52368,1.52388,1.75,1.27
2015.12.14 13:00:31.033,1.52367,1.52389,1.00,1.95
2015.12.14 13:00:31.135,1.52367,1.52389,1.00,1.95
2015.12.14 13:00:31.440,1.52361,1.52384,2.32,1.47
2015.12.14 13:00:31.542,1.52359,1.52382,1.50,1.57
2015.12.14 13:00:31.694,1.52359,1.52379,1.87,1.00
2015.12.14 13:00:32.108,1.52359,1.52378,1.50,1.17
2015.12.14 13:00:32.637,1.52359,1.52376,1.00,1.00
2015.12.14 13:00:33.149,1.52359,1.52377,1.00,1.20
2015.12.14 13:00:33.704,1.52357,1.52379,1.37,1.95
2015.12.14 13:00:33.755,1.52356,1.52378,1.50,1.17
2015.12.14 13:00:33.857,1.52356,1.52377,1.00,1.57
2015.12.14 13:00:34.162,1.52355,1.52374,1.00,1.75
2015.12.14 13:00:34.458,1.52353,1.52374,1.00,1.20
2015.12.14 13:00:34.966,1.52353,1.52371,1.00,1.00
2015.12.14 13:00:36.383,1.5235,1.52374,1.75,2.70
2015.12.14 13:00:36.434,1.52348,1.52372,2.40,1.47
2015.12.14 13:00:36.536,1.52347,1.52368,1.00,1.37
2015.12.14 13:00:36.638,1.52345,1.52367,1.00,1.57
2015.12.14 13:00:37.266,1.52346,1.52369,1.00,2.70
2015.12.14 13:00:37.419,1.52346,1.52367,1.00,1.57
2015.12.14 13:00:38.342,1.52344,1.52366,1.00,1.12
2015.12.14 13:00:38.850,1.52345,1.52367,1.00,1.57
2015.12.14 13:00:38.901,1.52345,1.52363,1.00,1.00
2015.12.14 13:00:39.053,1.52347,1.52369,1.00,2.70
2015.12.14 13:00:39.557,1.52348,1.52367,1.00,1.00
2015.12.14 13:00:39.763,1.52348,1.52371,1.12,1.95
2015.12.14 13:00:40.079,1.52348,1.52367,1.12,1.00
2015.12.14 13:00:40.282,1.52346,1.52367,1.12,1.00
2015.12.14 13:00:40.435,1.52344,1.52365,1.12,1.00
2015.12.14 13:00:40.739,1.52342,1.52365,1.00,1.95
2015.12.14 13:00:40.891,1.52339,1.52362,1.50,1.12
2015.12.14 13:00:40.943,1.52339,1.52362,1.50,1.37
2015.12.14 13:00:41.451,1.52339,1.52361,1.37,1.95
2015.12.14 13:00:42.334,1.52339,1.52361,1.00,1.20
2015.12.14 13:00:42.710,1.52337,1.5236,1.00,1.27
2015.12.14 13:00:43.564,1.52338,1.52361,1.00,1.95
2015.12.14 13:00:43.768,1.52337,1.52359,1.50,1.47
2015.12.14 13:00:43.871,1.52334,1.52359,1.20,1.95
2015.12.14 13:00:44.741,1.5233,1.52353,1.52,1.37
2015.12.14 13:00:44.995,1.5233,1.52351,1.00,1.12
2015.12.14 13:00:45.503,1.52331,1.52354,1.00,1.92
2015.12.14 13:00:46.456,1.52334,1.52355,1.00,1.95
2015.12.14 13:00:46.661,1.52334,1.52357,1.12,2.40
2015.12.14 13:00:47.748,1.52332,1.52357,1.75,1.65
2015.12.14 13:00:48.425,1.52332,1.52357,1.37,2.40
2015.12.14 13:00:48.527,1.5233,1.52355,1.20,1.07
2015.12.14 13:00:48.833,1.52329,1.52351,1.00,1.27
2015.12.14 13:00:49.998,1.52328,1.52352,1.00,3.00
2015.12.14 13:00:54.758,1.52326,1.5235,2.25,1.17
2015.12.14 13:00:55.267,1.52326,1.52349,1.87,1.57
2015.12.14 13:00:55.785,1.52326,1.52349,1.87,1.82
2015.12.14 13:00:55.836,1.52326,1.52349,1.00,1.82
2015.12.14 13:00:55.989,1.52326,1.52349,1.00,2.25
2015.12.14 13:00:56.496,1.52323,1.52346,2.25,1.37
2015.12.14 13:00:59.863,1.52323,1.52344,1.75,1.00
2015.12.14 13:01:00.175,1.52315,1.52338,1.00,1.47
2015.12.14 13:01:00.685,1.52314,1.52336,1.00,1.00
2015.12.14 13:01:01.205,1.52314,1.52335,1.50,1.00
2015.12.14 13:01:01.739,1.52314,1.52336,1.50,1.00
2015.12.14 13:01:02.271,1.52314,1.52339,1.50,1.65
2015.12.14 13:01:02.848,1.52315,1.52338,1.00,1.10
2015.12.14 13:01:03.374,1.52315,1.52337,1.00,1.00
2015.12.14 13:01:06.014,1.52315,1.52337,1.00,1.65
2015.12.14 13:01:06.321,1.52313,1.52337,1.12,1.27
2015.12.14 13:01:07.241,1.52313,1.52334,1.12,1.00
2015.12.14 13:01:07.293,1.52313,1.52337,1.12,1.27
2015.12.14 13:01:07.344,1.52313,1.52333,1.12,1.00
2015.12.14 13:01:07.547,1.52313,1.52335,1.12,1.00
2015.12.14 13:01:08.081,1.52314,1.52336,1.00,1.20
2015.12.14 13:01:08.354,1.52316,1.52338,1.00,1.20
2015.12.14 13:01:09.017,1.52318,1.52338,1.00,1.95
2015.12.14 13:01:09.230,1.52318,1.5234,1.00,1.20
2015.12.14 13:01:09.282,1.52316,1.5234,1.12,1.20
2015.12.14 13:01:09.996,1.52315,1.52336,1.37,1.00
2015.12.14 13:01:10.351,1.52314,1.52338,1.75,1.57
2015.12.14 13:01:10.733,1.52317,1.52338,1.00,1.57
2015.12.14 13:01:11.041,1.52323,1.52346,1.00,2.02
2015.12.14 13:01:12.636,1.5232,1.52344,1.50,1.00
2015.12.14 13:01:12.796,1.5232,1.52344,1.00,2.40
2015.12.14 13:01:13.334,1.5232,1.52343,1.00,3.00
2015.12.14 13:01:13.741,1.5232,1.52341,1.00,1.65
2015.12.14 13:01:15.795,1.5232,1.52339,1.00,1.47
2015.12.14 13:01:17.653,1.52318,1.5234,1.00,1.65
2015.12.14 13:01:17.908,1.52321,1.5234,1.00,1.55
2015.12.14 13:01:19.058,1.52323,1.5234,1.00,1.17
2015.12.14 13:01:20.318,1.52323,1.52344,1.00,3.00
2015.12.14 13:01:21.082,1.52323,1.52342,1.00,1.65
2015.12.14 13:01:21.883,1.52321,1.52342,1.00,1.65
2015.12.14 13:01:22.036,1.52321,1.52342,1.00,1.95
2015.12.14 13:01:22.428,1.52318,1.52339,1.00,1.20
2015.12.14 13:01:22.935,1.52318,1.52338,1.00,1.00
2015.12.14 13:01:23.088,1.52316,1.52339,1.00,1.57
2015.12.14 13:01:24.071,1.52316,1.52337,1.12,1.37
2015.12.14 13:01:25.094,1.52316,1.52337,1.00,1.12
2015.12.14 13:01:28.827,1.52314,1.52337,1.50,1.20
2015.12.14 13:01:30.663,1.52315,1.52338,1.00,1.55
2015.12.14 13:01:31.172,1.52315,1.52338,1.20,1.37
2015.12.14 13:01:31.889,1.52315,1.52338,1.20,1.37
2015.12.14 13:01:36.574,1.52314,1.52334,1.37,1.00
2015.12.14 13:01:37.096,1.52314,1.52335,1.87,1.12
2015.12.14 13:01:37.636,1.52314,1.52335,1.12,1.12
2015.12.14 13:01:38.173,1.52315,1.52336,1.00,1.00
2015.12.14 13:01:38.326,1.52315,1.52338,1.00,1.27
2015.12.14 13:01:38.957,1.52318,1.52338,1.00,1.27
2015.12.14 13:01:39.267,1.5232,1.52341,1.00,2.32
2015.12.14 13:01:39.832,1.52319,1.52341,1.12,1.95
2015.12.14 13:01:39.883,1.52319,1.52341,1.12,1.50
2015.12.14 13:01:41.026,1.52319,1.52341,1.12,1.50
2015.12.14 13:01:42.148,1.52316,1.5234,3.07,1.55
2015.12.14 13:01:43.137,1.52316,1.5234,3.07,1.55
2015.12.14 13:01:43.649,1.52319,1.52342,1.50,1.95
2015.12.14 13:01:44.157,1.52319,1.52342,1.12,1.95
2015.12.14 13:01:44.954,1.52319,1.52342,1.50,1.95
2015.12.14 13:01:46.443,1.52319,1.52342,1.12,1.45
2015.12.14 13:01:46.798,1.52321,1.52342,1.00,1.37
2015.12.14 13:01:47.103,1.52326,1.52347,1.00,2.62
2015.12.14 13:01:47.196,1.52327,1.52348,1.00,2.02
2015.12.14 13:01:47.298,1.52324,1.52348,2.25,1.20
2015.12.14 13:01:47.451,1.52321,1.52347,1.95,1.55
2015.12.14 13:01:47.553,1.5232,1.52344,2.40,1.37
2015.12.14 13:01:47.705,1.5232,1.52344,1.12,2.32
2015.12.14 13:01:48.643,1.52319,1.52343,1.57,1.20
2015.12.14 13:01:49.732,1.52316,1.52341,1.45,1.37
2015.12.14 13:01:50.049,1.52315,1.5234,2.02,2.62
2015.12.14 13:01:50.571,1.52315,1.5234,1.12,3.52
2015.12.14 13:01:50.884,1.52314,1.52337,1.47,1.50
2015.12.14 13:01:51.411,1.52313,1.52334,1.95,1.12
2015.12.14 13:01:51.727,1.52313,1.52334,1.20,1.37
2015.12.14 13:01:52.268,1.52311,1.5233,1.57,1.37
2015.12.14 13:01:52.371,1.52308,1.52326,1.37,1.37
2015.12.14 13:01:52.484,1.52302,1.52324,1.00,1.47
2015.12.14 13:01:53.415,1.52299,1.52324,1.20,2.32
2015.12.14 13:01:55.266,1.52299,1.52323,1.20,1.17
2015.12.14 13:01:55.650,1.52299,1.52324,1.20,3.07
2015.12.14 13:01:56.020,1.52296,1.52321,2.77,1.12
2015.12.14 13:01:56.122,1.52299,1.52321,1.00,1.75
2015.12.14 13:01:56.173,1.52299,1.52322,1.00,1.57
2015.12.14 13:01:59.069,1.52299,1.52323,1.10,1.57
2015.12.14 13:01:59.577,1.523,1.52323,1.00,1.82
2015.12.14 13:01:59.782,1.523,1.52324,3.00,1.87
2015.12.14 13:01:59.834,1.52309,1.52324,1.00,1.37
2015.12.14 13:01:59.885,1.52309,1.52326,1.00,1.37
2015.12.14 13:01:59.987,1.52309,1.52329,1.00,1.12
2015.12.14 13:02:00.089,1.5231,1.52329,1.37,1.00
2015.12.14 13:02:00.397,1.52309,1.52332,1.00,1.37
2015.12.14 13:02:00.793,1.52311,1.52333,1.00,1.12
2015.12.14 13:02:00.948,1.52311,1.52334,1.87,1.87
2015.12.14 13:02:01.255,1.52315,1.52336,1.87,1.37
2015.12.14 13:02:01.306,1.52315,1.52336,2.02,1.12
2015.12.14 13:02:01.560,1.52315,1.52336,2.62,1.12
2015.12.14 13:02:01.895,1.5232,1.5234,1.00,2.62
2015.12.14 13:02:01.948,1.52323,1.5234,1.00,2.25
2015.12.14 13:02:02.101,1.52327,1.5235,1.00,1.12
2015.12.14 13:02:02.153,1.52327,1.5235,1.87,1.12
2015.12.14 13:02:02.312,1.52328,1.52354,1.95,1.57
2015.12.14 13:02:02.465,1.52331,1.52354,1.65,1.00
2015.12.14 13:02:02.785,1.52333,1.52356,1.47,2.62
2015.12.14 13:02:03.089,1.52336,1.52356,1.12,1.00
2015.12.14 13:02:03.598,1.52337,1.52357,1.00,1.12
2015.12.14 13:02:03.942,1.52341,1.52364,1.65,1.37
2015.12.14 13:02:04.299,1.52342,1.52364,1.20,1.00
2015.12.14 13:02:04.826,1.52342,1.52367,1.45,2.32
2015.12.14 13:02:04.877,1.52345,1.52367,1.12,1.10
2015.12.14 13:02:05.387,1.52345,1.52371,3.45,1.82
2015.12.14 13:02:05.794,1.52347,1.52371,1.87,1.47
2015.12.14 13:02:06.085,1.52347,1.52372,1.87,1.55
2015.12.14 13:02:06.289,1.52348,1.52374,1.57,3.07
2015.12.14 13:02:06.796,1.52348,1.52373,2.32,1.20
2015.12.14 13:02:08.299,1.52348,1.52373,1.92,1.75
2015.12.14 13:02:09.319,1.52348,1.52373,1.95,1.95
2015.12.14 13:02:10.111,1.52355,1.52373,1.00,1.27
2015.12.14 13:02:10.367,1.52365,1.52384,1.12,1.27
2015.12.14 13:02:10.469,1.52363,1.52386,1.37,2.77
2015.12.14 13:02:11.751,1.52367,1.52386,1.00,2.62
2015.12.14 13:02:11.803,1.52364,1.52386,1.00,1.50
2015.12.14 13:02:11.970,1.52364,1.52388,1.00,2.02
2015.12.14 13:02:12.021,1.52363,1.52386,1.50,1.55
2015.12.14 13:02:12.326,1.52358,1.5238,1.12,1.37
2015.12.14 13:02:13.229,1.52361,1.52384,1.00,1.17
2015.12.14 13:02:13.331,1.52364,1.52385,1.00,1.85
2015.12.14 13:02:13.856,1.52364,1.52386,1.12,1.47
2015.12.14 13:02:13.908,1.52364,1.52389,1.12,3.00
2015.12.14 13:02:14.314,1.52364,1.52389,1.95,1.57
2015.12.14 13:02:14.420,1.52365,1.5239,1.50,2.32
2015.12.14 13:02:15.311,1.52366,1.5239,1.47,1.55
2015.12.14 13:02:15.681,1.52368,1.5239,1.57,1.50
2015.12.14 13:02:16.199,1.52369,1.52392,1.45,1.75
2015.12.14 13:02:16.352,1.52369,1.52392,1.45,1.00
2015.12.14 13:02:16.925,1.52369,1.52393,1.45,1.87
2015.12.14 13:02:17.839,1.52372,1.52395,1.12,1.12
2015.12.14 13:02:17.890,1.52379,1.52395,1.00,1.00
2015.12.14 13:02:18.233,1.52374,1.52392,1.12,1.12
2015.12.14 13:02:18.285,1.52369,1.52392,1.87,1.12
2015.12.14 13:02:18.336,1.52368,1.52392,1.87,1.50
2015.12.14 13:02:18.388,1.52366,1.5239,1.87,1.12
2015.12.14 13:02:18.439,1.52366,1.52389,1.87,1.37
2015.12.14 13:02:18.947,1.52366,1.52389,1.37,1.57
2015.12.14 13:02:19.413,1.52365,1.52388,1.12,1.07
2015.12.14 13:02:19.921,1.52365,1.52387,1.12,1.45
2015.12.14 13:02:20.226,1.52363,1.52386,2.25,1.07
2015.12.14 13:02:20.758,1.52363,1.52387,1.50,1.82
2015.12.14 13:02:20.912,1.52363,1.52383,1.50,1.47
2015.12.14 13:02:21.423,1.52359,1.52383,2.25,1.52
2015.12.14 13:02:21.728,1.52359,1.5238,1.75,1.57
2015.12.14 13:02:22.249,1.5236,1.5238,1.75,1.82
2015.12.14 13:02:23.234,1.52359,1.5238,1.12,2.32
2015.12.14 13:02:23.285,1.52359,1.5238,1.37,2.32
2015.12.14 13:02:23.388,1.52359,1.52372,1.37,1.00
2015.12.14 13:02:23.491,1.52354,1.5237,1.57,1.00
2015.12.14 13:02:23.542,1.52354,1.5237,1.00,1.12
2015.12.14 13:02:23.645,1.52349,1.5237,1.00,1.12
2015.12.14 13:02:23.798,1.52348,1.52363,1.37,1.00
2015.12.14 13:02:23.850,1.52344,1.52365,1.00,1.00
2015.12.14 13:02:23.901,1.52344,1.52363,1.00,1.00
2015.12.14 13:02:24.223,1.52344,1.52363,1.00,1.87
2015.12.14 13:02:24.530,1.52337,1.52357,1.12,1.37
2015.12.14 13:02:24.582,1.52339,1.52357,1.00,1.87
2015.12.14 13:02:24.633,1.52339,1.52353,1.00,1.00
2015.12.14 13:02:24.786,1.52335,1.5235,1.00,1.00
2015.12.14 13:02:24.888,1.52331,1.52353,1.00,2.70
2015.12.14 13:02:25.043,1.52334,1.52353,1.75,1.12
2015.12.14 13:02:25.159,1.52335,1.52356,1.12,1.57
2015.12.14 13:02:25.818,1.52335,1.52356,1.37,2.32
2015.12.14 13:02:26.358,1.52334,1.52356,1.37,1.57
2015.12.14 13:02:26.511,1.52334,1.52356,1.37,1.00
2015.12.14 13:02:26.749,1.52334,1.52354,1.00,1.00
2015.12.14 13:02:26.901,1.5233,1.52354,1.00,2.02
2015.12.14 13:02:27.410,1.52329,1.52351,1.00,1.12
2015.12.14 13:02:27.715,1.52329,1.52351,1.00,1.87
2015.12.14 13:02:28.021,1.52332,1.52351,1.00,1.57
2015.12.14 13:02:28.123,1.5233,1.52351,1.00,1.95
2015.12.14 13:02:28.225,1.52325,1.52347,1.27,1.37
2015.12.14 13:02:28.499,1.52319,1.52341,1.00,1.50
2015.12.14 13:02:28.702,1.52317,1.52341,1.00,1.47
2015.12.14 13:02:29.059,1.52317,1.52338,1.00,1.20
2015.12.14 13:02:30.562,1.52317,1.52337,1.00,1.95
2015.12.14 13:02:33.079,1.52314,1.52337,1.00,1.95
2015.12.14 13:02:34.327,1.52314,1.52336,1.00,1.95
2015.12.14 13:02:35.315,1.52314,1.52336,1.00,1.20
2015.12.14 13:02:35.771,1.52314,1.52334,1.00,1.57
2015.12.14 13:02:37.134,1.52314,1.52335,1.00,2.25
2015.12.14 13:02:37.637,1.52316,1.52335,1.00,1.45
2015.12.14 13:02:38.162,1.52316,1.52336,1.00,1.95
2015.12.14 13:02:38.667,1.52317,1.52338,1.00,1.87
2015.12.14 13:02:38.785,1.52317,1.52339,1.00,2.32
2015.12.14 13:02:39.039,1.5232,1.52339,1.00,2.32
2015.12.14 13:02:41.682,1.52319,1.52339,1.00,2.32
2015.12.14 13:02:42.189,1.52316,1.52339,1.00,2.70
2015.12.14 13:02:42.240,1.52318,1.52339,1.00,2.70
2015.12.14 13:02:45.431,1.52315,1.52337,1.00,1.20
2015.12.14 13:02:45.533,1.52315,1.52337,1.00,1.87
2015.12.14 13:02:47.695,1.52315,1.52335,1.00,2.40
2015.12.14 13:02:48.236,1.52315,1.52335,1.00,1.95
2015.12.14 13:02:50.411,1.52312,1.52331,1.12,1.00
2015.12.14 13:02:50.968,1.52312,1.52334,1.12,1.57
2015.12.14 13:02:51.527,1.52309,1.52331,1.85,1.00
2015.12.14 13:02:51.578,1.52308,1.52327,1.00,1.47
2015.12.14 13:02:51.884,1.52303,1.52322,1.00,1.95
2015.12.14 13:02:52.235,1.52303,1.52321,1.00,1.12
2015.12.14 13:02:52.895,1.52303,1.52322,1.00,1.95
2015.12.14 13:02:56.061,1.52299,1.52322,1.00,1.57
2015.12.14 13:02:56.115,1.52299,1.52319,1.00,1.37
2015.12.14 13:02:56.166,1.52297,1.52319,1.00,1.50
2015.12.14 13:02:56.217,1.52297,1.52317,1.00,1.07
2015.12.14 13:02:56.675,1.52297,1.52316,1.00,1.87
2015.12.14 13:02:57.397,1.52299,1.52316,1.00,1.57
2015.12.14 13:02:57.499,1.52299,1.52318,1.00,2.25
2015.12.14 13:02:58.330,1.52302,1.52318,1.00,1.57
2015.12.14 13:02:58.638,1.52304,1.52321,1.00,2.32
2015.12.14 13:03:00.218,1.52305,1.52322,1.00,1.82
2015.12.14 13:03:00.320,1.52308,1.52324,1.00,1.82
2015.12.14 13:03:00.640,1.52314,1.52332,1.00,1.57
2015.12.14 13:03:01.097,1.52316,1.52333,1.00,1.15
2015.12.14 13:03:01.637,1.52316,1.52335,1.00,1.52
2015.12.14 13:03:01.942,1.52323,1.52339,1.00,2.40
2015.12.14 13:03:01.993,1.5232,1.52339,1.00,2.40
2015.12.14 13:03:02.703,1.5232,1.5234,1.00,1.57
2015.12.14 13:03:03.681,1.5232,1.52342,1.00,3.45
2015.12.14 13:03:03.834,1.52324,1.52342,1.00,2.70
2015.12.14 13:03:04.073,1.52321,1.52342,1.00,2.70
2015.12.14 13:03:04.226,1.52323,1.52342,1.00,2.70
2015.12.14 13:03:04.733,1.52322,1.52342,1.00,2.32
2015.12.14 13:03:05.425,1.52324,1.52342,1.00,2.32
2015.12.14 13:03:05.833,1.52326,1.52343,1.00,3.45
2015.12.14 13:03:05.986,1.52323,1.52343,1.00,2.32
2015.12.14 13:03:06.139,1.52326,1.52343,1.00,1.95
2015.12.14 13:03:06.763,1.52326,1.52343,1.00,1.20
2015.12.14 13:03:06.866,1.52323,1.52344,1.00,1.95
2015.12.14 13:03:06.968,1.52326,1.52345,1.00,1.95
2015.12.14 13:03:07.019,1.52324,1.52344,1.00,1.45
2015.12.14 13:03:07.070,1.52331,1.52344,1.00,1.45
2015.12.14 13:03:07.224,1.52333,1.52346,1.00,1.20
2015.12.14 13:03:07.326,1.52333,1.52351,1.00,1.55
2015.12.14 13:03:07.485,1.52334,1.52352,1.00,1.12
2015.12.14 13:03:07.740,1.52334,1.52355,1.00,1.65
2015.12.14 13:03:08.247,1.52334,1.52355,1.00,2.77
2015.12.14 13:03:08.647,1.52329,1.52353,1.27,1.50
2015.12.14 13:03:08.851,1.52325,1.52349,1.95,1.87
2015.12.14 13:03:08.954,1.52322,1.52346,1.47,1.47
2015.12.14 13:03:09.057,1.5232,1.52343,1.95,1.37
2015.12.14 13:03:09.361,1.52322,1.52339,1.00,1.00
2015.12.14 13:03:09.593,1.52324,1.52343,1.00,1.10
2015.12.14 13:03:09.645,1.52327,1.52343,1.00,1.00
2015.12.14 13:03:09.749,1.52327,1.52347,1.00,1.07
2015.12.14 13:03:10.259,1.52328,1.52347,1.00,1.00
2015.12.14 13:03:10.512,1.52326,1.52347,1.00,1.50
2015.12.14 13:03:11.016,1.52326,1.52347,1.00,1.57
2015.12.14 13:03:12.745,1.52326,1.52345,1.00,1.00
2015.12.14 13:03:13.254,1.52326,1.52346,1.00,1.45
2015.12.14 13:03:13.306,1.52328,1.52346,1.00,1.45
2015.12.14 13:03:14.032,1.52328,1.52343,1.00,1.47
2015.12.14 13:03:14.186,1.52325,1.52343,1.00,1.47
2015.12.14 13:03:15.156,1.52327,1.52343,1.00,1.47
2015.12.14 13:03:15.664,1.52326,1.52343,1.00,1.47
2015.12.14 13:03:16.064,1.52329,1.52343,1.00,1.37
2015.12.14 13:03:16.117,1.52327,1.52343,1.00,1.37
2015.12.14 13:03:16.271,1.52326,1.52345,1.00,1.12
2015.12.14 13:03:16.374,1.52332,1.52345,1.00,1.87
2015.12.14 13:03:16.578,1.52332,1.52348,1.00,1.57
2015.12.14 13:03:17.253,1.52332,1.52349,1.00,1.52
2015.12.14 13:03:17.355,1.52335,1.52349,1.00,1.52
2015.12.14 13:03:17.558,1.52335,1.52351,1.00,1.55
2015.12.14 13:03:18.083,1.52334,1.52351,1.00,1.55
2015.12.14 13:03:18.573,1.52331,1.52351,1.00,1.55
2015.12.14 13:03:19.032,1.52328,1.52349,1.00,1.15
2015.12.14 13:03:19.084,1.52323,1.52344,2.25,1.50
2015.12.14 13:03:19.332,1.52318,1.52337,1.00,2.02
2015.12.14 13:03:19.384,1.5232,1.52338,1.00,2.02
2015.12.14 13:03:19.435,1.52317,1.52337,1.00,1.20
2015.12.14 13:03:20.251,1.52317,1.52338,1.00,2.32
2015.12.14 13:03:20.302,1.52323,1.52338,1.00,2.32
2015.12.14 13:03:20.512,1.52326,1.52344,1.00,2.32
2015.12.14 13:03:21.021,1.52326,1.52344,1.00,1.55
2015.12.14 13:03:21.530,1.52327,1.52345,1.00,1.00
2015.12.14 13:03:22.421,1.52325,1.52345,1.00,1.00
2015.12.14 13:03:22.524,1.52322,1.52347,1.55,3.90
2015.12.14 13:03:22.626,1.52319,1.52341,1.87,1.00
2015.12.14 13:03:22.677,1.52319,1.52341,1.00,1.37
2015.12.14 13:03:23.039,1.52316,1.52339,1.50,2.25
2015.12.14 13:03:24.216,1.52316,1.52338,1.00,1.85
2015.12.14 13:03:24.798,1.52314,1.52336,1.10,1.12
2015.12.14 13:03:24.849,1.52318,1.52336,1.00,1.87
2015.12.14 13:03:25.005,1.52316,1.52338,1.12,1.85
2015.12.14 13:03:25.057,1.5231,1.52325,1.07,1.37
2015.12.14 13:03:25.153,1.52309,1.52324,1.12,1.50
2015.12.14 13:03:25.357,1.52309,1.52327,1.00,1.87
2015.12.14 13:03:25.611,1.52305,1.52328,1.12,2.20
2015.12.14 13:03:25.663,1.52305,1.52326,1.12,1.65
2015.12.14 13:03:25.968,1.52301,1.52323,1.00,1.00
2015.12.14 13:03:26.187,1.52304,1.52323,1.00,1.07
2015.12.14 13:03:26.494,1.52302,1.52323,1.00,1.07
2015.12.14 13:03:26.648,1.52304,1.52323,1.00,1.07
2015.12.14 13:03:26.750,1.52302,1.52323,1.00,1.07
2015.12.14 13:03:26.902,1.52305,1.52323,1.00,1.00
2015.12.14 13:03:27.668,1.52305,1.52326,1.00,1.65
2015.12.14 13:03:27.973,1.52303,1.52324,1.00,1.00
2015.12.14 13:03:28.329,1.52303,1.52325,1.00,2.32
2015.12.14 13:03:28.482,1.52301,1.52323,1.00,1.95
2015.12.14 13:03:28.634,1.52303,1.52323,1.00,1.95
2015.12.14 13:03:28.748,1.52303,1.52323,1.00,1.57
2015.12.14 13:03:28.799,1.52305,1.52323,1.00,1.57
2015.12.14 13:03:29.105,1.52307,1.52327,1.00,1.57
2015.12.14 13:03:29.460,1.52309,1.52328,1.00,1.55
2015.12.14 13:03:30.456,1.52309,1.5233,1.00,1.12
2015.12.14 13:03:31.452,1.52309,1.52331,1.00,1.10
2015.12.14 13:03:31.706,1.52312,1.5233,1.00,1.00
2015.12.14 13:03:31.859,1.52312,1.52333,1.00,1.37
2015.12.14 13:03:32.532,1.52312,1.52333,1.00,1.50
2015.12.14 13:03:32.836,1.52312,1.5233,1.00,1.00
2015.12.14 13:03:33.141,1.52314,1.5233,1.00,1.00
2015.12.14 13:03:33.293,1.52314,1.52335,1.00,1.47
2015.12.14 13:03:33.559,1.52314,1.52337,1.00,3.45
2015.12.14 13:03:38.191,1.52316,1.52336,1.00,1.50
2015.12.14 13:03:38.699,1.52316,1.52334,1.00,1.00
2015.12.14 13:03:39.228,1.52316,1.52336,1.00,2.25
2015.12.14 13:03:39.585,1.52316,1.52333,1.00,1.00
2015.12.14 13:03:39.636,1.5231,1.52333,2.62,1.50
2015.12.14 13:03:39.688,1.5231,1.52328,1.12,1.50
2015.12.14 13:03:39.875,1.52299,1.52322,1.20,1.12
2015.12.14 13:03:40.131,1.52302,1.5232,1.00,1.87
2015.12.14 13:03:40.639,1.52304,1.52321,1.00,1.12
2015.12.14 13:03:40.893,1.52307,1.52325,1.00,1.00
2015.12.14 13:03:41.461,1.52308,1.52325,1.00,1.00
2015.12.14 13:03:42.071,1.52305,1.52325,1.00,1.00
2015.12.14 13:03:42.411,1.52304,1.52324,1.00,1.12
2015.12.14 13:03:43.224,1.52307,1.52322,1.00,1.00
2015.12.14 13:03:43.326,1.52306,1.52328,1.00,1.87
2015.12.14 13:03:43.865,1.52306,1.52326,1.00,1.55
2015.12.14 13:03:44.685,1.52306,1.52326,1.00,1.17
2015.12.14 13:03:45.192,1.52306,1.52326,1.00,1.00
2015.12.14 13:03:45.727,1.52306,1.52327,1.00,1.10
2015.12.14 13:03:46.244,1.52306,1.52326,1.00,1.00
2015.12.14 13:03:46.904,1.52304,1.52326,1.00,1.50
2015.12.14 13:03:47.398,1.52304,1.52325,1.00,1.47
2015.12.14 13:03:47.552,1.52302,1.52325,1.10,1.47
2015.12.14 13:03:48.110,1.52302,1.52324,1.00,2.32
2015.12.14 13:03:48.781,1.52302,1.52321,1.00,1.00
2015.12.14 13:03:48.883,1.52298,1.52321,2.32,1.00
2015.12.14 13:03:49.408,1.52298,1.52322,3.07,1.50
2015.12.14 13:03:49.718,1.52297,1.52321,2.70,1.37
2015.12.14 13:03:50.263,1.52297,1.52321,1.20,1.95
2015.12.14 13:03:50.568,1.52295,1.52318,1.17,1.50
2015.12.14 13:03:51.075,1.52293,1.52318,2.62,1.87
2015.12.14 13:03:51.672,1.52293,1.52316,2.62,1.00
2015.12.14 13:03:51.978,1.5229,1.52311,1.75,1.12
2015.12.14 13:03:52.029,1.52287,1.52308,2.32,1.00
2015.12.14 13:03:52.408,1.52287,1.5231,1.37,1.00
2015.12.14 13:03:52.460,1.52285,1.52309,2.32,1.00
2015.12.14 13:03:52.985,1.52285,1.52309,2.32,1.27
2015.12.14 13:03:53.495,1.52285,1.52308,2.32,1.47
2015.12.14 13:03:53.850,1.52284,1.52306,1.75,1.12
2015.12.14 13:03:53.952,1.52281,1.52304,1.87,1.87
2015.12.14 13:03:54.156,1.5228,1.52302,1.50,1.37
2015.12.14 13:03:54.460,1.52285,1.52306,1.00,1.57
2015.12.14 13:03:54.977,1.52283,1.52305,1.37,1.50
2015.12.14 13:03:55.799,1.52283,1.52304,1.37,1.00
2015.12.14 13:03:56.017,1.52283,1.52305,1.37,1.37
2015.12.14 13:03:56.069,1.52284,1.52307,1.37,1.50
2015.12.14 13:03:56.601,1.52284,1.52309,2.62,1.50
2015.12.14 13:03:57.107,1.52285,1.52307,2.32,1.00
2015.12.14 13:03:57.363,1.52282,1.52305,1.20,1.00
2015.12.14 13:03:57.812,1.52282,1.52303,1.20,1.00
2015.12.14 13:03:58.016,1.52283,1.52305,1.00,1.00
2015.12.14 13:03:58.229,1.52283,1.52303,1.00,1.00
2015.12.14 13:03:58.585,1.52285,1.52304,1.00,1.37
2015.12.14 13:03:58.687,1.52283,1.52302,1.00,1.00
2015.12.14 13:03:59.195,1.52282,1.52303,1.00,1.12
2015.12.14 13:04:00.627,1.52282,1.52303,1.00,1.37
2015.12.14 13:04:01.137,1.52285,1.52305,1.00,1.12
2015.12.14 13:04:01.645,1.52285,1.52305,1.00,1.37
2015.12.14 13:04:01.697,1.52283,1.52305,1.10,1.37
2015.12.14 13:04:01.869,1.52287,1.52307,1.00,1.85
2015.12.14 13:04:02.389,1.52288,1.52308,1.00,1.92
2015.12.14 13:04:02.857,1.52291,1.5231,1.00,1.37
2015.12.14 13:04:03.371,1.52289,1.5231,1.00,1.37
2015.12.14 13:04:03.879,1.52288,1.5231,1.12,1.37
2015.12.14 13:04:04.785,1.52286,1.52311,1.55,2.25
2015.12.14 13:04:05.440,1.52286,1.52311,1.55,2.25
2015.12.14 13:04:05.954,1.52287,1.52311,1.47,2.25
2015.12.14 13:04:06.459,1.52286,1.52311,1.55,1.87
2015.12.14 13:04:06.957,1.52286,1.52308,1.55,1.00
2015.12.14 13:04:07.310,1.52286,1.5231,1.55,1.00
2015.12.14 13:04:07.364,1.5229,1.52311,1.00,1.12
2015.12.14 13:04:07.419,1.52287,1.52311,1.57,1.12
2015.12.14 13:04:07.471,1.52289,1.52313,1.37,1.85
2015.12.14 13:04:07.573,1.52289,1.52313,1.47,1.12
2015.12.14 13:04:07.624,1.5229,1.52313,1.07,1.87
2015.12.14 13:04:07.829,1.52289,1.52312,1.45,1.12
2015.12.14 13:04:08.082,1.52289,1.5231,1.45,1.00
2015.12.14 13:04:08.583,1.52288,1.52311,1.95,1.00
2015.12.14 13:04:08.895,1.52288,1.52309,1.57,1.00
2015.12.14 13:04:09.266,1.52289,1.52311,1.57,1.00
2015.12.14 13:04:09.690,1.52289,1.52309,1.95,1.00
2015.12.14 13:04:09.843,1.52287,1.52309,1.55,1.00
2015.12.14 13:04:10.373,1.52287,1.5231,1.55,1.00
2015.12.14 13:04:10.576,1.52287,1.52308,1.55,1.00
2015.12.14 13:04:11.735,1.52287,1.52307,1.55,1.00
2015.12.14 13:04:11.940,1.52287,1.52311,1.55,2.25
2015.12.14 13:04:12.454,1.52287,1.52311,1.12,2.25
2015.12.14 13:04:12.810,1.52287,1.52312,2.25,1.57
2015.12.14 13:04:13.324,1.52287,1.52312,2.40,1.12
2015.12.14 13:04:13.863,1.52287,1.52311,1.47,1.37
2015.12.14 13:04:14.371,1.52286,1.5231,3.52,1.00
2015.12.14 13:04:14.675,1.52289,1.52313,1.57,1.37
2015.12.14 13:04:15.221,1.52288,1.52313,1.65,1.12
2015.12.14 13:04:15.785,1.52289,1.52314,1.50,2.70
2015.12.14 13:04:17.320,1.52289,1.52311,1.37,1.00
2015.12.14 13:04:17.976,1.52288,1.52312,1.50,1.00
2015.12.14 13:04:18.516,1.52288,1.52313,1.50,1.87
2015.12.14 13:04:19.378,1.52289,1.52314,1.50,3.45
2015.12.14 13:04:19.921,1.52287,1.52312,1.85,1.87
2015.12.14 13:04:20.226,1.52287,1.5231,1.47,2.62
2015.12.14 13:04:20.328,1.52286,1.5231,1.00,2.62
2015.12.14 13:04:23.235,1.52285,1.52308,1.00,1.12
2015.12.14 13:04:23.500,1.52285,1.52306,1.00,1.00
2015.12.14 13:04:26.469,1.52283,1.52306,2.62,1.12
2015.12.14 13:04:29.224,1.52283,1.52307,1.50,1.37
2015.12.14 13:04:29.758,1.52283,1.52307,1.50,2.62
2015.12.14 13:04:32.265,1.52282,1.52307,1.00,2.40
2015.12.14 13:04:32.380,1.52281,1.52307,1.12,1.57
2015.12.14 13:04:32.432,1.52281,1.52308,1.75,1.15
2015.12.14 13:04:32.941,1.52281,1.52308,2.70,1.57
2015.12.14 13:04:34.472,1.52282,1.52308,1.65,1.10
2015.12.14 13:04:35.548,1.52285,1.52308,1.20,1.00
2015.12.14 13:04:35.751,1.52285,1.52308,1.57,1.00
2015.12.14 13:04:36.827,1.52284,1.52308,1.95,1.00
2015.12.14 13:04:37.389,1.52284,1.52306,1.82,1.00
2015.12.14 13:04:38.241,1.52284,1.52306,1.57,1.00
2015.12.14 13:04:38.546,1.52287,1.52308,1.55,1.00
2015.12.14 13:04:39.062,1.52286,1.52308,1.57,1.00
2015.12.14 13:04:39.568,1.52287,1.52308,1.55,1.00
2015.12.14 13:04:40.135,1.52289,1.52312,1.50,1.75
2015.12.14 13:04:40.237,1.52294,1.52315,1.50,1.57
2015.12.14 13:04:40.339,1.52298,1.52317,1.00,1.00
2015.12.14 13:04:40.644,1.52292,1.5231,1.27,1.00
2015.12.14 13:04:40.747,1.52289,1.52307,1.57,1.00
2015.12.14 13:04:40.951,1.52287,1.52307,1.57,1.00
2015.12.14 13:04:41.445,1.52287,1.52309,1.00,1.12
2015.12.14 13:04:41.957,1.52287,1.52309,1.37,1.00
2015.12.14 13:04:42.474,1.52286,1.52309,1.47,1.50
2015.12.14 13:04:42.993,1.52287,1.5231,1.37,1.87
2015.12.14 13:04:43.146,1.52284,1.52309,1.57,1.50
2015.12.14 13:04:43.654,1.52284,1.52309,1.47,1.57
2015.12.14 13:04:44.283,1.52284,1.52309,1.47,1.57
2015.12.14 13:04:45.159,1.52283,1.52304,1.65,1.00
2015.12.14 13:04:45.491,1.52268,1.52291,1.50,1.95
2015.12.14 13:04:45.774,1.52268,1.52291,1.00,1.95
2015.12.14 13:04:46.130,1.52268,1.52291,1.00,1.00
2015.12.14 13:04:46.650,1.52268,1.52292,1.00,1.85
2015.12.14 13:04:46.752,1.52266,1.52292,1.50,1.92
2015.12.14 13:04:46.855,1.52266,1.5229,1.00,2.32
2015.12.14 13:04:46.958,1.52264,1.5229,1.12,3.00
2015.12.14 13:04:47.873,1.52264,1.5229,1.12,3.00
2015.12.14 13:04:47.975,1.52265,1.5229,1.50,1.65
2015.12.14 13:04:48.127,1.52265,1.52291,3.07,1.47
2015.12.14 13:04:48.178,1.52268,1.52293,1.00,2.70
2015.12.14 13:04:48.770,1.52269,1.52294,1.37,1.95
2015.12.14 13:04:48.872,1.52269,1.52292,1.37,1.00
2015.12.14 13:04:48.924,1.52269,1.5229,1.37,1.00
2015.12.14 13:04:48.977,1.52265,1.5229,1.27,2.25
2015.12.14 13:04:49.080,1.52263,1.52289,1.37,3.00
2015.12.14 13:04:49.182,1.52262,1.52288,1.12,1.15
2015.12.14 13:04:49.996,1.52262,1.52288,1.12,1.52
2015.12.14 13:04:50.098,1.52266,1.52288,1.00,1.52
2015.12.14 13:04:50.201,1.52266,1.52288,1.87,1.00
2015.12.14 13:04:50.355,1.5227,1.52292,1.00,1.55
2015.12.14 13:04:50.406,1.5227,1.52293,1.50,1.47
2015.12.14 13:04:50.611,1.52268,1.52293,1.45,1.12
2015.12.14 13:04:50.729,1.52268,1.52294,1.47,2.32
2015.12.14 13:04:50.781,1.52266,1.52288,2.70,1.00
2015.12.14 13:04:51.245,1.52268,1.52286,1.10,1.00
2015.12.14 13:04:51.550,1.52263,1.52283,1.95,1.00
2015.12.14 13:04:51.888,1.52268,1.52281,1.47,1.00
2015.12.14 13:04:52.094,1.52265,1.52281,1.37,1.12
2015.12.14 13:04:52.145,1.52265,1.52279,1.37,1.00
2015.12.14 13:04:52.670,1.52266,1.52279,1.37,1.00
2015.12.14 13:04:52.895,1.5226,1.52279,1.47,1.00
2015.12.14 13:04:54.877,1.5226,1.5228,1.57,1.00
2015.12.14 13:04:55.081,1.52263,1.5228,1.37,1.00
2015.12.14 13:04:55.270,1.52263,1.52283,1.37,1.37
2015.12.14 13:04:55.322,1.52266,1.52286,1.87,1.50
2015.12.14 13:04:55.526,1.5227,1.5229,1.90,1.12
2015.12.14 13:04:55.578,1.52274,1.5229,1.37,1.12
2015.12.14 13:04:55.629,1.52274,1.52292,1.37,1.00
2015.12.14 13:04:56.139,1.52274,1.52292,1.57,1.00
2015.12.14 13:04:57.793,1.52272,1.52288,1.12,1.00
2015.12.14 13:04:57.895,1.52269,1.52288,1.45,1.00
2015.12.14 13:04:58.506,1.52268,1.52288,1.37,1.00
2015.12.14 13:04:59.116,1.52266,1.52288,2.02,1.00
2015.12.14 13:04:59.330,1.52266,1.52285,2.02,1.00
2015.12.14 13:04:59.894,1.52267,1.52285,1.47,1.00
2015.12.14 13:05:00.408,1.52267,1.52285,1.10,1.00
2015.12.14 13:05:00.510,1.52267,1.52287,1.10,1.00
2015.12.14 13:05:00.671,1.52272,1.5229,1.00,1.00
2015.12.14 13:05:01.236,1.52267,1.5229,1.20,1.00
2015.12.14 13:05:01.287,1.52266,1.52285,2.25,1.00
2015.12.14 13:05:01.338,1.52264,1.52285,1.00,1.37
2015.12.14 13:05:01.491,1.52262,1.52284,1.00,1.50
2015.12.14 13:05:02.169,1.52265,1.52283,1.00,1.12
2015.12.14 13:05:02.474,1.52267,1.52279,1.00,1.00
2015.12.14 13:05:02.526,1.52267,1.52285,1.00,1.00
2015.12.14 13:05:02.628,1.52271,1.52287,1.00,1.00
2015.12.14 13:05:02.730,1.52271,1.5229,1.00,1.12
2015.12.14 13:05:03.255,1.52271,1.52291,1.00,1.50
2015.12.14 13:05:03.763,1.52271,1.52291,1.00,1.37
2015.12.14 13:05:03.915,1.52271,1.52293,1.00,1.87
2015.12.14 13:05:04.179,1.52273,1.52294,1.00,1.87
2015.12.14 13:05:04.434,1.52273,1.52294,1.00,1.50
2015.12.14 13:05:04.587,1.52271,1.52294,1.12,1.00
2015.12.14 13:05:04.891,1.52274,1.52294,1.00,1.00
2015.12.14 13:05:05.545,1.52275,1.52294,1.00,1.00
2015.12.14 13:05:06.360,1.52272,1.52294,1.00,1.00
2015.12.14 13:05:06.411,1.52271,1.52292,1.57,1.00
2015.12.14 13:05:06.734,1.5227,1.5229,1.12,1.00
2015.12.14 13:05:07.143,1.5227,1.52293,1.12,1.12
2015.12.14 13:05:07.195,1.52273,1.52293,1.00,1.12
2015.12.14 13:05:10.766,1.52273,1.52293,1.20,1.00
2015.12.14 13:05:11.984,1.52273,1.52295,2.70,1.00
2015.12.14 13:05:12.238,1.52276,1.52294,1.00,1.00
2015.12.14 13:05:12.340,1.52276,1.52297,1.00,1.00
2015.12.14 13:05:12.890,1.52276,1.52299,1.50,1.95
2015.12.14 13:05:12.991,1.5228,1.52299,1.00,1.47
2015.12.14 13:05:13.297,1.52283,1.52303,1.12,1.47
2015.12.14 13:05:13.348,1.52279,1.52304,3.00,1.17
2015.12.14 13:05:13.400,1.52279,1.52302,3.00,1.37
2015.12.14 13:05:13.611,1.52273,1.52294,1.00,1.82
2015.12.14 13:05:13.715,1.5227,1.52293,1.87,1.45
2015.12.14 13:05:13.867,1.5227,1.52292,1.50,1.12
2015.12.14 13:05:14.173,1.5227,1.52293,1.37,1.20
2015.12.14 13:05:14.543,1.52272,1.52293,1.75,1.57
2015.12.14 13:05:14.786,1.52273,1.52295,1.37,1.57
2015.12.14 13:05:15.294,1.52273,1.52296,1.37,1.52
2015.12.14 13:05:15.345,1.52276,1.52296,1.00,1.52
2015.12.14 13:05:15.498,1.52279,1.52302,1.37,1.57
2015.12.14 13:05:15.550,1.52281,1.52302,1.75,1.20
2015.12.14 13:05:15.601,1.52281,1.52305,2.32,1.37
2015.12.14 13:05:15.703,1.52284,1.52308,1.50,1.82
2015.12.14 13:05:16.486,1.5228,1.52305,3.45,1.37
2015.12.14 13:05:16.589,1.52277,1.523,3.00,1.00
2015.12.14 13:05:17.548,1.52277,1.52302,1.87,3.37
2015.12.14 13:05:18.132,1.52279,1.52302,1.12,3.00
2015.12.14 13:05:18.234,1.52279,1.52305,1.00,3.07
2015.12.14 13:05:19.054,1.52279,1.52303,1.50,1.10
2015.12.14 13:05:20.154,1.52279,1.52305,1.50,2.32
2015.12.14 13:05:22.770,1.52279,1.52302,1.12,1.10
2015.12.14 13:05:23.329,1.52282,1.52302,1.00,1.00
2015.12.14 13:05:24.039,1.52278,1.52305,1.50,2.02
2015.12.14 13:05:24.293,1.52282,1.52305,1.00,1.27
2015.12.14 13:05:24.598,1.5228,1.52305,1.47,1.20
2015.12.14 13:05:25.281,1.52279,1.52305,1.00,2.25
2015.12.14 13:05:25.484,1.52276,1.52303,1.95,1.85
2015.12.14 13:05:26.043,1.52279,1.52303,1.00,2.02
2015.12.14 13:05:26.166,1.52279,1.52302,1.12,1.37
2015.12.14 13:05:26.420,1.52281,1.52304,1.37,1.85
2015.12.14 13:05:26.471,1.52281,1.52302,1.37,1.00
2015.12.14 13:05:26.623,1.52282,1.52305,2.25,1.12
2015.12.14 13:05:26.877,1.52292,1.52312,1.00,1.37
2015.12.14 13:05:27.378,1.52291,1.52314,1.00,1.75
2015.12.14 13:05:27.695,1.52289,1.52312,1.20,1.00
2015.12.14 13:05:27.798,1.5229,1.52311,1.00,1.37
2015.12.14 13:05:27.900,1.52287,1.5231,1.37,1.12
2015.12.14 13:05:28.257,1.52287,1.52308,1.37,1.00
2015.12.14 13:05:28.575,1.5228,1.52304,1.47,1.50
2015.12.14 13:05:29.092,1.52279,1.52301,1.47,1.50
2015.12.14 13:05:29.834,1.52278,1.523,1.27,1.00
2015.12.14 13:05:30.673,1.52278,1.523,1.27,1.00
2015.12.14 13:05:31.424,1.52278,1.523,1.47,1.00
2015.12.14 13:05:33.414,1.52276,1.52301,2.70,1.37
2015.12.14 13:05:33.931,1.52277,1.52301,1.55,1.37
2015.12.14 13:05:34.238,1.52277,1.52296,1.55,1.00
2015.12.14 13:05:34.644,1.52273,1.52296,1.92,1.00
2015.12.14 13:05:34.953,1.52273,1.52296,1.57,1.12
2015.12.14 13:05:35.310,1.52272,1.52295,1.50,1.85
2015.12.14 13:05:35.463,1.52269,1.52294,1.00,1.87
2015.12.14 13:05:35.515,1.52269,1.52293,1.00,1.27
2015.12.14 13:05:36.205,1.52264,1.52288,1.45,1.85
2015.12.14 13:05:36.409,1.5226,1.52285,1.27,1.57
2015.12.14 13:05:37.043,1.52259,1.52283,1.00,1.10
2015.12.14 13:05:37.286,1.52257,1.52282,1.95,1.50
2015.12.14 13:05:38.919,1.52257,1.52282,1.37,1.87
2015.12.14 13:05:39.456,1.52256,1.52279,3.00,1.37
2015.12.14 13:05:39.964,1.52256,1.52279,2.25,1.00
2015.12.14 13:05:40.272,1.52256,1.52276,2.25,1.00
2015.12.14 13:05:40.425,1.52254,1.52274,1.20,1.00
2015.12.14 13:05:40.628,1.52252,1.52274,1.57,1.00
2015.12.14 13:05:41.136,1.52253,1.52274,1.00,1.00
2015.12.14 13:05:41.270,1.52252,1.52271,1.10,1.00
2015.12.14 13:05:41.372,1.52248,1.52271,4.50,1.00
2015.12.14 13:05:41.423,1.52248,1.5227,1.87,1.12
2015.12.14 13:05:41.932,1.52248,1.5227,1.50,1.00
2015.12.14 13:05:42.396,1.52246,1.52262,1.47,1.00
2015.12.14 13:05:42.448,1.52241,1.5226,1.87,1.00
2015.12.14 13:05:42.499,1.52241,1.52257,1.75,1.00
2015.12.14 13:05:42.551,1.5224,1.52254,1.00,1.00
2015.12.14 13:05:42.705,1.52235,1.52252,1.45,1.00
2015.12.14 13:05:42.960,1.52232,1.5225,1.57,1.00
2015.12.14 13:05:43.303,1.52228,1.52247,1.65,1.00
2015.12.14 13:05:43.354,1.52228,1.5225,1.65,1.50
2015.12.14 13:05:43.508,1.52228,1.52252,2.40,1.00
2015.12.14 13:05:43.559,1.5223,1.52252,2.25,1.00
2015.12.14 13:05:43.713,1.52236,1.5226,2.62,1.00
2015.12.14 13:05:43.764,1.52239,1.5226,2.32,1.00
2015.12.14 13:05:43.917,1.5224,1.52263,1.87,1.12
2015.12.14 13:05:44.230,1.5224,1.52265,2.32,1.57
2015.12.14 13:05:44.640,1.52242,1.52266,1.95,1.10
2015.12.14 13:05:44.945,1.52242,1.52265,2.02,1.12
2015.12.14 13:05:45.149,1.52246,1.52267,1.00,1.50
2015.12.14 13:05:45.379,1.52246,1.5227,1.10,1.87
2015.12.14 13:05:45.989,1.52246,1.5227,1.87,1.12
2015.12.14 13:05:46.294,1.52249,1.52271,1.37,1.75
2015.12.14 13:05:46.607,1.52248,1.52272,1.55,1.87
2015.12.14 13:05:46.658,1.52248,1.52273,1.55,1.12
2015.12.14 13:05:47.168,1.5225,1.52274,1.12,1.12
2015.12.14 13:05:47.626,1.52251,1.52276,1.47,3.37
2015.12.14 13:05:48.249,1.52252,1.52275,1.37,1.12
2015.12.14 13:05:48.351,1.52252,1.52276,2.02,1.12
2015.12.14 13:05:49.014,1.52251,1.52277,2.32,2.25
2015.12.14 13:05:50.322,1.52252,1.52274,1.47,1.00
2015.12.14 13:05:50.373,1.5225,1.52274,1.20,1.10
2015.12.14 13:05:50.425,1.5225,1.52272,1.20,1.00
2015.12.14 13:05:50.731,1.5225,1.52272,1.47,1.87
2015.12.14 13:05:51.047,1.52249,1.52272,1.45,1.00
2015.12.14 13:05:51.149,1.52249,1.52272,1.75,1.00
2015.12.14 13:05:51.484,1.52249,1.52272,1.57,1.00
2015.12.14 13:05:52.960,1.5225,1.52272,1.37,1.87
2015.12.14 13:05:53.569,1.52249,1.52271,1.57,1.00
2015.12.14 13:05:53.977,1.5225,1.52275,1.65,1.50
2015.12.14 13:05:54.045,1.5225,1.52275,1.65,1.12
2015.12.14 13:05:54.373,1.5225,1.52273,2.02,1.00
2015.12.14 13:05:54.678,1.52244,1.52266,1.47,1.50
2015.12.14 13:05:55.225,1.52243,1.52269,2.62,1.85
2015.12.14 13:05:55.480,1.52247,1.5227,1.47,1.12
2015.12.14 13:05:56.511,1.5225,1.52272,1.07,1.75
2015.12.14 13:05:56.816,1.52253,1.52273,1.07,1.00
2015.12.14 13:05:57.273,1.52254,1.52278,1.20,2.62
2015.12.14 13:05:57.567,1.52256,1.52279,1.47,1.20
2015.12.14 13:05:59.749,1.52256,1.52279,1.47,2.32
2015.12.14 13:06:00.257,1.52254,1.52279,1.95,2.70
2015.12.14 13:06:01.262,1.52254,1.52276,1.45,1.12
2015.12.14 13:06:01.785,1.52253,1.52273,1.95,1.00
2015.12.14 13:06:05.670,1.52254,1.52273,1.17,1.00
2015.12.14 13:06:06.171,1.52254,1.52273,1.10,1.00
2015.12.14 13:06:06.682,1.52254,1.52272,1.57,1.00
2015.12.14 13:06:07.189,1.52254,1.52273,1.57,1.00
2015.12.14 13:06:07.609,1.52254,1.52275,2.32,1.00
2015.12.14 13:06:07.660,1.52254,1.52278,2.32,1.00
2015.12.14 13:06:08.284,1.52257,1.52278,1.50,1.00
2015.12.14 13:06:08.691,1.52257,1.5228,1.37,1.00
2015.12.14 13:06:08.827,1.52263,1.5228,1.15,1.00
2015.12.14 13:06:09.285,1.52261,1.52275,1.57,1.00
2015.12.14 13:06:09.387,1.52257,1.52275,1.50,1.00
2015.12.14 13:06:09.489,1.52256,1.52275,2.02,1.00
2015.12.14 13:06:09.540,1.52256,1.52273,2.02,1.00
2015.12.14 13:06:09.693,1.52256,1.52278,1.17,2.25
2015.12.14 13:06:11.967,1.52254,1.52278,2.25,1.00
2015.12.14 13:06:12.278,1.52255,1.5228,1.57,3.07
2015.12.14 13:06:12.633,1.52258,1.5228,1.37,1.50
2015.12.14 13:06:14.449,1.52258,1.52273,1.50,1.00
2015.12.14 13:06:14.652,1.52249,1.5227,1.37,2.25
2015.12.14 13:06:14.703,1.52247,1.52269,1.37,1.37
2015.12.14 13:06:15.110,1.52244,1.5227,2.62,2.32
2015.12.14 13:06:15.664,1.52244,1.52269,1.87,1.50
2015.12.14 13:06:15.716,1.52246,1.5227,1.87,1.95
2015.12.14 13:06:16.021,1.52251,1.52273,1.37,1.87
2015.12.14 13:06:16.327,1.52254,1.52273,1.00,1.37
2015.12.14 13:06:16.379,1.52254,1.52272,1.00,1.00
2015.12.14 13:06:16.430,1.52254,1.52272,1.50,1.00
2015.12.14 13:06:16.531,1.52256,1.52279,1.57,1.87
2015.12.14 13:06:16.583,1.52256,1.52276,1.57,1.50
2015.12.14 13:06:16.634,1.52252,1.52276,1.45,2.32
2015.12.14 13:06:16.851,1.5225,1.52275,1.52,2.77
2015.12.14 13:06:17.643,1.5225,1.52272,1.52,1.00
2015.12.14 13:06:18.173,1.5225,1.52273,1.52,1.00
2015.12.14 13:06:19.751,1.5225,1.52275,1.07,3.45
2015.12.14 13:06:20.300,1.52249,1.52273,1.57,1.57
2015.12.14 13:06:20.815,1.52248,1.52274,2.77,2.77
2015.12.14 13:06:21.925,1.52249,1.52274,1.07,2.77
2015.12.14 13:06:22.441,1.52248,1.52274,4.12,2.70
2015.12.14 13:06:24.299,1.52248,1.52274,3.75,2.70
2015.12.14 13:06:24.553,1.52248,1.52274,2.77,2.77
2015.12.14 13:06:25.015,1.52249,1.52274,1.07,2.77
2015.12.14 13:06:25.523,1.52248,1.52274,3.00,1.85
2015.12.14 13:06:26.069,1.52248,1.52271,1.87,1.00
2015.12.14 13:06:27.907,1.52248,1.5227,1.57,1.00
2015.12.14 13:06:28.060,1.52247,1.52269,1.17,1.00
2015.12.14 13:06:28.517,1.52247,1.5227,1.95,1.50
2015.12.14 13:06:28.909,1.52249,1.52271,1.57,1.00
2015.12.14 13:06:29.012,1.5225,1.52273,2.32,1.00
2015.12.14 13:06:29.115,1.5225,1.52271,2.02,1.00
2015.12.14 13:06:29.522,1.5225,1.52274,2.02,1.00
2015.12.14 13:06:29.624,1.5225,1.52272,2.02,1.00
2015.12.14 13:06:30.144,1.5225,1.52274,1.55,1.50
2015.12.14 13:06:30.449,1.52254,1.52277,1.37,1.12
2015.12.14 13:06:30.756,1.52255,1.52277,1.50,1.00
2015.12.14 13:06:31.075,1.52254,1.52272,1.47,1.00
2015.12.14 13:06:31.126,1.52252,1.52274,1.20,1.00
2015.12.14 13:06:31.382,1.52251,1.52275,1.95,1.87
2015.12.14 13:06:31.889,1.52251,1.52274,1.57,1.20
2015.12.14 13:06:32.838,1.52251,1.52272,1.57,1.00
2015.12.14 13:06:33.244,1.52251,1.5227,1.20,1.00
2015.12.14 13:06:33.472,1.52244,1.52266,1.12,1.00
2015.12.14 13:06:33.625,1.52247,1.5227,1.20,1.20
2015.12.14 13:06:34.133,1.52247,1.5227,1.47,1.20
2015.12.14 13:06:34.653,1.52247,1.52271,1.20,2.62
2015.12.14 13:06:34.907,1.52247,1.52271,1.55,1.57
2015.12.14 13:06:34.959,1.52247,1.52271,1.27,1.57
2015.12.14 13:06:35.322,1.52249,1.52272,1.55,1.10
2015.12.14 13:06:35.373,1.52252,1.52274,1.37,1.27
2015.12.14 13:06:35.576,1.52255,1.52278,1.45,1.07
2015.12.14 13:06:35.678,1.52261,1.5228,1.37,1.47
2015.12.14 13:06:35.946,1.5226,1.52282,1.57,1.20
2015.12.14 13:06:36.151,1.52265,1.52285,1.37,1.95
2015.12.14 13:06:36.253,1.52267,1.52287,1.00,2.32
2015.12.14 13:06:36.356,1.52266,1.5229,1.95,1.27
2015.12.14 13:06:36.786,1.52266,1.52286,1.95,1.00
2015.12.14 13:06:38.780,1.52266,1.52282,1.95,1.00
2015.12.14 13:06:38.983,1.52258,1.52277,1.12,1.00
2015.12.14 13:06:39.035,1.52258,1.52277,1.00,1.00
2015.12.14 13:06:39.627,1.52255,1.52276,3.15,1.00
2015.12.14 13:06:40.035,1.52255,1.52276,3.15,1.00
2015.12.14 13:06:41.067,1.52255,1.52275,3.15,1.00
2015.12.14 13:06:42.599,1.52255,1.52273,2.40,1.00
2015.12.14 13:06:42.802,1.52253,1.52273,1.10,1.00
2015.12.14 13:06:43.390,1.52251,1.52273,1.65,1.10
2015.12.14 13:06:45.231,1.52252,1.52275,1.10,1.12
2015.12.14 13:06:45.384,1.52253,1.52275,1.20,1.12
2015.12.14 13:06:50.257,1.52253,1.52274,1.65,1.00
2015.12.14 13:06:55.120,1.52253,1.52269,1.17,1.00
2015.12.14 13:06:55.273,1.52249,1.52269,1.87,1.07
2015.12.14 13:06:55.479,1.52249,1.52271,1.20,1.00
2015.12.14 13:06:56.250,1.52252,1.52269,1.00,1.00
2015.12.14 13:06:56.404,1.52248,1.52269,1.12,1.00
2015.12.14 13:06:56.913,1.52247,1.52269,1.85,1.00
2015.12.14 13:06:57.015,1.52246,1.52265,1.92,1.00
2015.12.14 13:06:57.338,1.52246,1.52265,1.17,1.00
2015.12.14 13:06:57.440,1.52246,1.52262,1.17,1.00
2015.12.14 13:06:57.754,1.5224,1.52256,1.12,1.00
2015.12.14 13:06:57.806,1.52238,1.52256,2.32,1.00
2015.12.14 13:06:57.908,1.52238,1.52256,1.10,1.00
2015.12.14 13:07:00.063,1.52237,1.52257,1.47,1.00
2015.12.14 13:07:00.114,1.52241,1.52257,1.50,1.00
2015.12.14 13:07:00.419,1.52234,1.52251,1.55,1.00
2015.12.14 13:07:00.923,1.52232,1.52251,1.87,1.00
2015.12.14 13:07:01.465,1.52232,1.52251,1.57,1.00
2015.12.14 13:07:01.986,1.52231,1.52251,1.65,1.00
2015.12.14 13:07:04.030,1.52232,1.52251,1.57,1.00
2015.12.14 13:07:04.335,1.52233,1.52251,1.50,1.00
2015.12.14 13:07:06.140,1.52233,1.52253,2.02,1.00
2015.12.14 13:07:06.805,1.52233,1.52249,2.40,1.00
2015.12.14 13:07:09.849,1.52233,1.52252,2.02,1.00
2015.12.14 13:07:09.901,1.52233,1.52254,2.02,1.00
2015.12.14 13:07:10.003,1.52233,1.52252,2.02,1.00
2015.12.14 13:07:10.612,1.52233,1.52253,2.02,1.00
2015.12.14 13:07:10.817,1.52236,1.52257,1.57,1.00
2015.12.14 13:07:10.964,1.52243,1.52257,1.37,1.00
2015.12.14 13:07:11.016,1.52243,1.52259,1.37,1.00
2015.12.14 13:07:11.728,1.52243,1.5226,1.37,1.00
2015.12.14 13:07:11.779,1.52243,1.52267,1.37,2.32
2015.12.14 13:07:11.882,1.52251,1.52267,1.37,1.50
2015.12.14 13:07:11.934,1.52251,1.52268,1.37,1.50
2015.12.14 13:07:12.248,1.52251,1.5227,1.55,1.00
2015.12.14 13:07:12.603,1.52251,1.52266,1.45,1.00
2015.12.14 13:07:13.141,1.52249,1.52266,1.57,1.00
2015.12.14 13:07:13.851,1.52249,1.52259,1.57,1.00
2015.12.14 13:07:13.953,1.52248,1.52259,1.37,1.00
2015.12.14 13:07:14.055,1.52242,1.52259,1.47,1.00
2015.12.14 13:07:14.157,1.5224,1.52259,1.20,1.00
2015.12.14 13:07:15.149,1.52239,1.52258,2.62,1.00
2015.12.14 13:07:15.200,1.52239,1.52255,2.62,1.00
2015.12.14 13:07:15.607,1.52237,1.52255,1.50,1.00
2015.12.14 13:07:16.396,1.52237,1.52252,1.47,1.00
2015.12.14 13:07:16.650,1.52236,1.52252,1.55,1.00
2015.12.14 13:07:17.221,1.52237,1.52258,1.10,1.37
2015.12.14 13:07:18.754,1.52238,1.52258,1.00,1.37
2015.12.14 13:07:18.920,1.5224,1.52258,1.00,1.37
2015.12.14 13:07:19.225,1.52255,1.52267,1.00,1.50
2015.12.14 13:07:19.276,1.52255,1.52267,1.00,1.00
2015.12.14 13:07:19.327,1.52255,1.52276,1.00,1.12
2015.12.14 13:07:19.378,1.52255,1.52277,1.10,1.20
2015.12.14 13:07:19.788,1.52257,1.52278,1.00,1.87
2015.12.14 13:07:20.261,1.52259,1.52279,1.00,1.27
2015.12.14 13:07:20.566,1.52257,1.52279,1.00,1.55
2015.12.14 13:07:21.092,1.52258,1.52279,1.00,1.55
2015.12.14 13:07:21.232,1.52256,1.52279,1.00,1.55
2015.12.14 13:07:23.082,1.52254,1.52278,1.55,1.47
2015.12.14 13:07:23.287,1.52253,1.52274,1.12,1.00
2015.12.14 13:07:23.338,1.52252,1.52274,1.10,1.00
2015.12.14 13:07:23.853,1.5225,1.52274,1.55,1.17
2015.12.14 13:07:24.372,1.52252,1.52275,1.00,1.57
2015.12.14 13:07:24.880,1.5225,1.52275,1.65,1.57
2015.12.14 13:07:25.557,1.5225,1.52271,1.65,1.00
2015.12.14 13:07:25.863,1.52239,1.52264,2.62,2.62
2015.12.14 13:07:26.270,1.52241,1.52266,1.50,1.87
2015.12.14 13:07:26.826,1.52241,1.52265,1.50,1.12
2015.12.14 13:07:27.436,1.52241,1.52262,1.50,1.00
2015.12.14 13:07:27.537,1.52241,1.52266,1.87,2.25
2015.12.14 13:07:27.741,1.52243,1.52266,1.50,1.50
2015.12.14 13:07:27.862,1.52242,1.52266,1.52,1.65
2015.12.14 13:07:28.168,1.5224,1.52265,2.70,1.95
2015.12.14 13:07:28.474,1.52238,1.52261,1.20,1.57
2015.12.14 13:07:29.476,1.52236,1.52261,2.02,2.02
2015.12.14 13:07:30.290,1.52236,1.52261,2.40,2.02
2015.12.14 13:07:30.655,1.52235,1.52261,3.07,1.95
2015.12.14 13:07:31.216,1.52235,1.52261,3.07,2.62
2015.12.14 13:07:31.753,1.52236,1.52261,1.65,3.75
2015.12.14 13:07:32.384,1.52236,1.52258,2.40,1.20
2015.12.14 13:07:32.688,1.52234,1.52256,1.45,1.10
2015.12.14 13:07:32.993,1.52234,1.52256,1.37,1.20
2015.12.14 13:07:33.517,1.52234,1.52255,1.37,1.07
2015.12.14 13:07:34.501,1.52231,1.52255,2.32,1.20
2015.12.14 13:07:34.705,1.5223,1.5225,1.57,1.00
2015.12.14 13:07:34.757,1.5223,1.52253,1.57,1.20
2015.12.14 13:07:34.808,1.52228,1.52247,2.62,1.00
2015.12.14 13:07:34.961,1.5222,1.52241,1.85,1.00
2015.12.14 13:07:35.013,1.52227,1.52242,1.00,1.10
2015.12.14 13:07:35.064,1.52225,1.52242,1.00,1.00
2015.12.14 13:07:35.116,1.52225,1.52245,1.12,1.00
2015.12.14 13:07:35.217,1.52228,1.52245,1.37,1.00
2015.12.14 13:07:35.748,1.52228,1.52246,1.37,1.00
2015.12.14 13:07:35.900,1.52228,1.52248,1.37,1.12
2015.12.14 13:07:36.053,1.52229,1.52248,1.20,1.00
2015.12.14 13:07:36.104,1.5223,1.52252,1.65,1.50
2015.12.14 13:07:36.613,1.52231,1.52256,2.02,1.20
2015.12.14 13:07:36.715,1.52233,1.52257,1.07,1.57
2015.12.14 13:07:38.648,1.52233,1.52257,1.07,1.45
2015.12.14 13:07:38.699,1.52232,1.52257,2.32,1.55
2015.12.14 13:07:42.953,1.52234,1.52256,1.00,1.47
2015.12.14 13:07:43.106,1.52234,1.52255,1.00,1.07
2015.12.14 13:07:44.430,1.52234,1.52256,1.00,1.10
2015.12.14 13:07:45.090,1.52233,1.52257,1.00,1.65
2015.12.14 13:07:45.407,1.52233,1.52257,1.20,1.57
2015.12.14 13:07:46.612,1.52233,1.52257,1.10,2.62
2015.12.14 13:07:47.570,1.52237,1.52257,1.00,2.62
2015.12.14 13:07:49.789,1.52235,1.52257,1.00,2.62
2015.12.14 13:07:49.939,1.52232,1.52254,1.65,1.10
2015.12.14 13:07:50.346,1.52232,1.52251,1.65,1.00
2015.12.14 13:07:51.726,1.52232,1.52252,1.65,1.00
2015.12.14 13:07:51.778,1.52232,1.52257,2.40,2.25
2015.12.14 13:07:51.879,1.52236,1.52258,1.95,1.87
2015.12.14 13:07:51.931,1.52238,1.52259,1.20,1.00
2015.12.14 13:07:52.025,1.52239,1.52262,1.75,1.95
2015.12.14 13:07:52.330,1.52238,1.52257,2.25,1.00
2015.12.14 13:07:52.483,1.52236,1.52257,1.50,1.00
2015.12.14 13:07:52.635,1.52236,1.52255,1.00,1.00
2015.12.14 13:07:52.942,1.52231,1.52251,1.95,1.00
2015.12.14 13:07:53.098,1.52232,1.5225,1.57,1.00
2015.12.14 13:07:54.326,1.52232,1.52253,1.50,1.00
2015.12.14 13:07:54.696,1.52235,1.52253,1.00,1.00
2015.12.14 13:07:55.019,1.52235,1.52257,1.87,1.20
2015.12.14 13:07:55.070,1.52237,1.5226,1.37,1.75
2015.12.14 13:07:55.122,1.52237,1.5226,1.87,1.00
2015.12.14 13:07:55.173,1.52239,1.5226,3.00,1.00
2015.12.14 13:07:55.225,1.52239,1.52262,3.07,1.00
2015.12.14 13:07:55.428,1.52241,1.52262,1.50,1.00
2015.12.14 13:07:55.682,1.52241,1.52262,1.37,1.00
2015.12.14 13:07:55.857,1.52243,1.52262,1.37,1.00
2015.12.14 13:07:56.163,1.52241,1.52258,1.50,1.00
2015.12.14 13:07:56.366,1.52236,1.52255,2.25,1.00
2015.12.14 13:07:56.634,1.52236,1.52257,2.25,1.00
2015.12.14 13:07:56.686,1.52236,1.5226,2.25,1.50
2015.12.14 13:07:57.000,1.52243,1.52261,1.50,1.00
2015.12.14 13:07:58.514,1.52244,1.52261,1.50,1.00
2015.12.14 13:08:00.427,1.52244,1.52264,1.57,1.00
2015.12.14 13:08:01.254,1.52245,1.52264,1.37,1.00
2015.12.14 13:08:01.516,1.52242,1.52264,2.70,1.10
2015.12.14 13:08:01.669,1.52241,1.52258,2.02,1.00
2015.12.14 13:08:01.874,1.52234,1.52253,1.00,1.00
2015.12.14 13:08:02.382,1.52231,1.52252,2.77,1.00
2015.12.14 13:08:02.982,1.52233,1.52252,1.00,1.00
2015.12.14 13:08:03.389,1.52233,1.52255,1.10,1.00
2015.12.14 13:08:03.541,1.52235,1.52256,1.37,1.00
2015.12.14 13:08:04.519,1.52236,1.52256,1.37,1.00
2015.12.14 13:08:05.787,1.52238,1.52258,1.37,1.00
2015.12.14 13:08:05.991,1.5224,1.52263,1.00,1.00
2015.12.14 13:08:06.042,1.52239,1.52265,3.75,2.77
2015.12.14 13:08:06.549,1.52246,1.52265,1.50,1.00
2015.12.14 13:08:07.050,1.52246,1.52265,1.75,1.00
2015.12.14 13:08:07.404,1.52247,1.52267,1.50,1.10
2015.12.14 13:08:08.013,1.52247,1.52267,1.00,1.10
2015.12.14 13:08:08.891,1.52247,1.52265,1.00,1.00
2015.12.14 13:08:09.296,1.52247,1.52262,1.00,1.00
2015.12.14 13:08:09.398,1.52242,1.5226,1.27,1.00
2015.12.14 13:08:09.500,1.5224,1.52258,1.47,1.00
2015.12.14 13:08:09.777,1.52235,1.52256,3.00,1.00
2015.12.14 13:08:09.828,1.52236,1.52256,1.10,1.00
2015.12.14 13:08:09.930,1.52236,1.52249,1.10,1.00
2015.12.14 13:08:10.084,1.52226,1.52246,1.75,1.00
2015.12.14 13:08:10.542,1.52226,1.52248,1.85,1.00
2015.12.14 13:08:10.594,1.52228,1.52251,1.37,1.12
2015.12.14 13:08:11.105,1.52233,1.52252,1.00,1.00
2015.12.14 13:08:11.156,1.52232,1.52252,1.12,1.00
2015.12.14 13:08:11.359,1.52233,1.52252,1.00,1.00
2015.12.14 13:08:11.411,1.5223,1.52249,1.55,1.00
2015.12.14 13:08:11.462,1.52228,1.52249,2.25,1.00
2015.12.14 13:08:11.513,1.52228,1.52249,1.57,1.00
2015.12.14 13:08:12.543,1.52227,1.52249,1.95,1.00
2015.12.14 13:08:13.492,1.52227,1.5225,1.95,1.10
2015.12.14 13:08:13.747,1.52227,1.5225,1.95,1.10
2015.12.14 13:08:13.900,1.52232,1.52254,1.50,1.37
2015.12.14 13:08:14.002,1.52233,1.52254,1.10,1.12
2015.12.14 13:08:14.307,1.5223,1.52252,1.95,1.00
2015.12.14 13:08:14.521,1.52228,1.52251,2.40,1.00
2015.12.14 13:08:15.134,1.52228,1.52252,2.40,1.12
2015.12.14 13:08:15.185,1.52228,1.5225,2.40,1.00
2015.12.14 13:08:15.388,1.52228,1.52252,2.40,1.12
2015.12.14 13:08:16.478,1.5223,1.52252,1.00,1.00
2015.12.14 13:08:17.080,1.52231,1.52252,1.00,1.00
2015.12.14 13:08:17.538,1.52229,1.52252,1.95,1.00
2015.12.14 13:08:17.895,1.52235,1.52255,1.37,1.65
2015.12.14 13:08:18.200,1.52235,1.52257,1.50,1.00
2015.12.14 13:08:18.878,1.52235,1.52255,1.87,1.00
2015.12.14 13:08:18.929,1.52235,1.52255,1.00,1.00
2015.12.14 13:08:18.981,1.52234,1.52253,1.57,1.00
2015.12.14 13:08:19.084,1.52232,1.52253,1.17,1.00
2015.12.14 13:08:20.270,1.52231,1.52251,1.20,1.00
2015.12.14 13:08:20.791,1.52232,1.52251,1.12,1.00
2015.12.14 13:08:21.766,1.52231,1.52253,1.50,1.00
2015.12.14 13:08:22.325,1.52232,1.52251,1.12,1.00
2015.12.14 13:08:22.477,1.52232,1.52254,1.12,1.00
2015.12.14 13:08:22.610,1.52236,1.52256,1.00,1.10
2015.12.14 13:08:22.917,1.52233,1.52254,1.20,1.00
2015.12.14 13:08:23.071,1.52233,1.52252,1.20,1.00
2015.12.14 13:08:23.376,1.52233,1.5225,1.00,1.00
2015.12.14 13:08:23.478,1.52229,1.5225,3.52,1.00
2015.12.14 13:08:23.529,1.52229,1.52252,3.52,1.00
2015.12.14 13:08:23.699,1.52233,1.52252,1.47,1.00
2015.12.14 13:08:24.055,1.52231,1.52252,1.27,1.00
2015.12.14 13:08:24.513,1.52231,1.5225,1.17,1.00
2015.12.14 13:08:24.615,1.52231,1.52252,1.27,1.00
2015.12.14 13:08:24.819,1.52231,1.52249,1.87,1.00
2015.12.14 13:08:25.031,1.52231,1.52251,1.12,1.00
2015.12.14 13:08:25.184,1.52231,1.52253,1.12,1.10
2015.12.14 13:08:26.003,1.52231,1.52255,1.37,1.20
2015.12.14 13:08:26.105,1.52235,1.52255,1.57,1.00
2015.12.14 13:08:26.156,1.52235,1.52257,1.57,1.00
2015.12.14 13:08:26.289,1.52237,1.52258,1.57,1.00
2015.12.14 13:08:26.696,1.52238,1.5226,1.27,1.00
2015.12.14 13:08:26.899,1.52238,1.52262,1.27,1.10
2015.12.14 13:08:26.950,1.52238,1.52259,1.27,1.00
2015.12.14 13:08:27.482,1.52238,1.52258,1.65,1.00
2015.12.14 13:08:27.584,1.52238,1.52262,1.65,1.10
2015.12.14 13:08:27.636,1.52238,1.5226,1.65,1.00
2015.12.14 13:08:28.280,1.52238,1.52259,1.65,1.00
2015.12.14 13:08:28.539,1.52232,1.52257,1.45,1.57
2015.12.14 13:08:28.591,1.52232,1.52254,1.45,1.00
2015.12.14 13:08:29.111,1.52232,1.52251,1.57,1.00
2015.12.14 13:08:29.263,1.52232,1.52254,1.57,1.00
2015.12.14 13:08:29.568,1.52232,1.52252,1.95,1.00
2015.12.14 13:08:30.098,1.52232,1.52252,1.12,1.00
2015.12.14 13:08:31.395,1.52233,1.52252,1.10,1.00
2015.12.14 13:08:31.700,1.52233,1.52249,1.10,1.00
2015.12.14 13:08:32.207,1.52231,1.52248,1.57,1.00
2015.12.14 13:08:32.317,1.52232,1.5225,1.07,1.00
2015.12.14 13:08:32.826,1.52231,1.5225,2.02,1.00
2015.12.14 13:08:33.154,1.52231,1.52248,1.95,1.00
2015.12.14 13:08:33.496,1.52224,1.52241,1.07,1.00
2015.12.14 13:08:33.598,1.52221,1.52241,1.75,1.00
2015.12.14 13:08:33.649,1.52221,1.5224,1.12,1.00
2015.12.14 13:08:34.156,1.52221,1.52239,1.00,1.00
2015.12.14 13:08:34.207,1.52221,1.52242,1.00,1.10
2015.12.14 13:08:34.656,1.52221,1.52239,1.00,1.00
2015.12.14 13:08:34.910,1.52221,1.52241,1.00,1.00
2015.12.14 13:08:35.428,1.52221,1.52242,1.00,1.12
2015.12.14 13:08:36.127,1.52221,1.5224,1.00,1.00
2015.12.14 13:08:36.634,1.5222,1.5224,1.00,1.00
2015.12.14 13:08:36.939,1.5222,1.52242,1.37,1.00
2015.12.14 13:08:36.990,1.5222,1.52245,1.37,1.55
2015.12.14 13:08:37.199,1.52222,1.52245,1.65,1.00
2015.12.14 13:08:37.523,1.52223,1.52247,1.82,1.00
2015.12.14 13:08:37.832,1.52226,1.52245,1.00,1.00
2015.12.14 13:08:38.586,1.52226,1.52247,1.00,1.00
2015.12.14 13:08:38.941,1.52226,1.52244,1.00,1.00
2015.12.14 13:08:39.246,1.52226,1.52246,1.00,1.00
2015.12.14 13:08:40.063,1.52223,1.52244,2.32,1.00
2015.12.14 13:08:40.368,1.52222,1.52241,1.57,1.00
2015.12.14 13:08:41.182,1.52222,1.52241,1.00,1.00
2015.12.14 13:08:41.385,1.52218,1.5224,1.50,1.00
2015.12.14 13:08:41.436,1.52218,1.52238,1.20,1.00
2015.12.14 13:08:41.742,1.52217,1.52235,1.57,1.00
2015.12.14 13:08:41.894,1.52218,1.52242,1.17,1.47
2015.12.14 13:08:41.946,1.52221,1.52242,1.20,1.00
2015.12.14 13:08:41.997,1.52221,1.52244,1.20,1.00
2015.12.14 13:08:42.048,1.52225,1.52244,1.10,1.00
2015.12.14 13:08:42.361,1.52226,1.52246,1.47,1.87
2015.12.14 13:08:42.666,1.52223,1.52243,1.57,1.50
2015.12.14 13:08:43.215,1.52222,1.52244,1.57,1.00
2015.12.14 13:08:43.522,1.52221,1.5224,1.95,1.00
2015.12.14 13:08:44.245,1.52222,1.52237,1.55,1.00
2015.12.14 13:08:44.353,1.52222,1.5224,1.55,1.00
2015.12.14 13:08:44.609,1.52219,1.52239,1.47,1.50
2015.12.14 13:08:44.711,1.52219,1.52236,1.47,1.00
2015.12.14 13:08:45.223,1.52218,1.52236,1.47,1.00
2015.12.14 13:08:45.827,1.52218,1.52239,1.47,1.87
2015.12.14 13:08:45.979,1.52219,1.52239,1.47,1.00
2015.12.14 13:08:46.285,1.52217,1.52239,2.70,1.00
2015.12.14 13:08:46.589,1.52218,1.52241,1.10,1.00
2015.12.14 13:08:46.937,1.52218,1.52241,1.95,1.00
2015.12.14 13:08:47.699,1.52218,1.52238,1.95,1.00
2015.12.14 13:08:48.071,1.52218,1.52241,1.57,1.87
2015.12.14 13:08:48.783,1.52218,1.52238,1.57,1.00
2015.12.14 13:08:48.936,1.52218,1.5224,1.95,1.00
2015.12.14 13:08:49.202,1.52218,1.52232,1.47,1.00
2015.12.14 13:08:49.507,1.52212,1.52225,1.37,1.00
2015.12.14 13:08:50.276,1.522,1.52221,2.62,1.00
2015.12.14 13:08:50.534,1.52199,1.5222,1.10,1.00
2015.12.14 13:08:50.585,1.52199,1.52218,1.10,1.00
2015.12.14 13:08:51.043,1.52196,1.5222,1.50,1.12
2015.12.14 13:08:51.197,1.522,1.52223,1.47,1.57
2015.12.14 13:08:51.313,1.522,1.5222,1.57,1.00
2015.12.14 13:08:51.669,1.522,1.52219,1.10,1.00
2015.12.14 13:08:51.771,1.52197,1.52217,1.50,1.00
2015.12.14 13:08:51.873,1.52196,1.52217,1.52,1.00
2015.12.14 13:08:52.691,1.52196,1.52217,1.47,1.00
2015.12.14 13:08:53.200,1.52195,1.52217,1.55,1.00
2015.12.14 13:08:53.708,1.52196,1.52217,1.55,1.00
2015.12.14 13:08:54.006,1.52195,1.52219,2.25,1.00
2015.12.14 13:08:54.514,1.52196,1.5222,1.20,1.12
2015.12.14 13:08:55.022,1.52196,1.52219,2.70,1.00
2015.12.14 13:08:55.276,1.52199,1.52222,1.17,1.50
2015.12.14 13:08:55.886,1.52199,1.52224,1.17,1.65
2015.12.14 13:08:56.682,1.522,1.52224,1.17,1.50
2015.12.14 13:08:58.198,1.52201,1.52225,1.10,1.50
2015.12.14 13:08:58.300,1.52202,1.52227,1.37,2.02
2015.12.14 13:08:58.606,1.52204,1.52228,1.20,1.50
2015.12.14 13:08:59.562,1.52206,1.52227,1.00,1.00
2015.12.14 13:08:59.867,1.52208,1.52227,1.00,1.00
2015.12.14 13:09:00.630,1.52206,1.52227,1.65,1.00
2015.12.14 13:09:01.538,1.52205,1.52227,1.87,1.00
2015.12.14 13:09:04.836,1.52203,1.52227,1.95,1.12
2015.12.14 13:09:05.345,1.52204,1.52227,1.00,1.12
2015.12.14 13:09:05.861,1.52203,1.52226,1.57,1.00
2015.12.14 13:09:06.372,1.52202,1.52225,1.52,1.12
2015.12.14 13:09:06.525,1.52196,1.52221,1.57,1.57
2015.12.14 13:09:06.576,1.52196,1.5222,1.07,2.02
2015.12.14 13:09:06.831,1.52193,1.52217,1.20,1.17
2015.12.14 13:09:07.301,1.52193,1.52216,2.70,1.00
2015.12.14 13:09:07.608,1.52197,1.5222,1.00,1.57
2015.12.14 13:09:07.659,1.522,1.52221,1.00,1.82
2015.12.14 13:09:07.710,1.522,1.52222,1.00,2.02
2015.12.14 13:09:07.762,1.522,1.52222,1.00,1.27
2015.12.14 13:09:08.270,1.522,1.52223,1.37,1.37
2015.12.14 13:09:08.774,1.522,1.52223,1.37,1.00
2015.12.14 13:09:09.030,1.52203,1.52223,1.00,1.00
2015.12.14 13:09:09.437,1.52205,1.52228,1.00,1.95
2015.12.14 13:09:09.589,1.52205,1.52229,1.10,3.00
2015.12.14 13:09:09.702,1.52206,1.52229,1.37,1.87
2015.12.14 13:09:09.957,1.52205,1.52229,1.20,1.87
2015.12.14 13:09:10.262,1.52208,1.52229,1.00,1.12
2015.12.14 13:09:10.568,1.52205,1.52228,1.20,1.50
2015.12.14 13:09:11.089,1.52205,1.52227,1.00,2.70
2015.12.14 13:09:11.799,1.52205,1.52227,1.00,1.57
2015.12.14 13:09:12.995,1.52212,1.52227,1.00,1.20
2015.12.14 13:09:13.098,1.52213,1.5223,1.00,2.25
2015.12.14 13:09:13.149,1.52216,1.52232,1.00,2.02
2015.12.14 13:09:13.251,1.52216,1.52233,1.00,1.10
2015.12.14 13:09:13.303,1.52218,1.52233,1.00,1.00
2015.12.14 13:09:13.573,1.52224,1.52242,1.00,1.00
2015.12.14 13:09:13.625,1.52227,1.52243,1.00,1.37
2015.12.14 13:09:13.678,1.52227,1.52245,1.00,1.07
2015.12.14 13:09:13.781,1.52227,1.52246,1.00,1.00
2015.12.14 13:09:14.290,1.5223,1.52248,1.00,2.40
2015.12.14 13:09:14.613,1.52232,1.52252,1.00,1.90
2015.12.14 13:09:14.664,1.52232,1.52252,1.00,1.65
2015.12.14 13:09:15.101,1.52233,1.52254,1.00,1.85
2015.12.14 13:09:15.559,1.52233,1.52254,1.00,1.20
2015.12.14 13:09:15.610,1.52237,1.52254,1.00,1.20
2015.12.14 13:09:17.749,1.52237,1.52257,1.00,2.77
2015.12.14 13:09:18.262,1.52238,1.52257,1.00,2.02
2015.12.14 13:09:18.364,1.52236,1.52257,1.00,1.52
2015.12.14 13:09:20.408,1.52236,1.52256,1.00,1.57
2015.12.14 13:09:21.397,1.52236,1.52257,1.00,2.02
2015.12.14 13:09:23.811,1.52235,1.52257,1.00,3.37
2015.12.14 13:09:24.400,1.52235,1.52255,1.00,1.57
2015.12.14 13:09:26.978,1.52236,1.52255,1.00,1.20
2015.12.14 13:09:28.884,1.52237,1.52257,1.00,2.20
2015.12.14 13:09:29.189,1.52242,1.52258,1.00,1.57
2015.12.14 13:09:29.729,1.52242,1.52259,1.00,1.07
2015.12.14 13:09:30.034,1.52253,1.52267,1.00,1.00
2015.12.14 13:09:30.542,1.52253,1.52271,1.00,1.50
2015.12.14 13:09:30.593,1.52253,1.52272,1.00,1.47
2015.12.14 13:09:31.073,1.52255,1.52272,1.00,1.10
2015.12.14 13:09:31.785,1.52248,1.52269,2.62,1.00
2015.12.14 13:09:32.089,1.5225,1.52269,1.50,1.00
2015.12.14 13:09:32.367,1.52255,1.52277,1.87,1.00
2015.12.14 13:09:33.251,1.52255,1.52277,1.87,1.00
2015.12.14 13:09:34.919,1.52257,1.52275,1.00,1.12
2015.12.14 13:09:35.227,1.5225,1.52272,1.87,1.37
2015.12.14 13:09:35.535,1.52249,1.52271,1.37,1.00
2015.12.14 13:09:36.050,1.52247,1.52272,1.50,3.37
2015.12.14 13:09:36.509,1.52249,1.52275,1.12,2.70
2015.12.14 13:09:37.016,1.5225,1.52275,1.12,1.95
2015.12.14 13:09:38.148,1.5225,1.52275,1.37,1.95
2015.12.14 13:09:38.453,1.52257,1.52276,1.00,2.77
2015.12.14 13:09:38.657,1.52258,1.52281,1.12,2.32
2015.12.14 13:09:38.757,1.5226,1.52281,1.00,2.32
2015.12.14 13:09:38.808,1.5226,1.52281,1.00,1.20
2015.12.14 13:09:39.164,1.52257,1.52281,1.37,1.20
2015.12.14 13:09:39.672,1.52257,1.52281,1.00,1.20
2015.12.14 13:09:40.044,1.52256,1.52281,1.00,2.40
2015.12.14 13:09:40.501,1.52253,1.52277,1.37,1.07
2015.12.14 13:09:40.654,1.52253,1.52277,1.37,1.07
2015.12.14 13:09:42.646,1.52253,1.52277,1.00,1.07
2015.12.14 13:09:42.831,1.52253,1.52275,1.00,1.55
2015.12.14 13:09:42.882,1.52251,1.52275,1.50,1.92
2015.12.14 13:09:46.225,1.5225,1.52274,1.37,1.10
2015.12.14 13:09:46.327,1.5225,1.52274,1.37,1.45
2015.12.14 13:09:47.097,1.52251,1.52272,1.00,1.45
2015.12.14 13:09:47.751,1.5225,1.52272,1.00,1.57
2015.12.14 13:09:48.057,1.52243,1.52269,1.50,3.45
2015.12.14 13:09:48.108,1.52242,1.52268,2.32,1.27
2015.12.14 13:09:48.464,1.52241,1.52265,1.47,1.50
2015.12.14 13:09:48.828,1.52237,1.5226,1.75,1.07
2015.12.14 13:09:48.881,1.52235,1.52258,1.37,1.00
2015.12.14 13:09:48.933,1.52235,1.52258,1.12,1.00
2015.12.14 13:09:48.984,1.52235,1.52258,1.00,1.75
2015.12.14 13:09:49.188,1.52234,1.52258,1.37,1.00
2015.12.14 13:09:49.764,1.52239,1.5226,1.00,1.47
2015.12.14 13:09:50.576,1.52239,1.52262,1.00,1.95
2015.12.14 13:09:50.942,1.52239,1.52258,1.00,1.00
2015.12.14 13:09:51.148,1.52235,1.52258,1.12,1.57
2015.12.14 13:09:51.251,1.52234,1.52258,1.87,1.95
2015.12.14 13:09:51.353,1.52235,1.52259,1.75,1.20
2015.12.14 13:09:51.556,1.52235,1.5226,1.50,4.12
2015.12.14 13:09:51.658,1.52235,1.52258,1.87,1.17
2015.12.14 13:09:52.337,1.52233,1.52257,1.27,1.57
2015.12.14 13:09:52.490,1.52233,1.52257,1.00,2.02
2015.12.14 13:09:52.795,1.52233,1.52253,1.00,1.00
2015.12.14 13:09:52.998,1.52228,1.52251,1.07,1.00
2015.12.14 13:09:53.151,1.52226,1.52251,1.50,2.40
2015.12.14 13:09:53.763,1.52227,1.52251,1.87,1.52
2015.12.14 13:09:54.452,1.52227,1.52251,2.02,1.20
2015.12.14 13:09:55.876,1.52226,1.52251,2.32,2.70
2015.12.14 13:09:56.245,1.5223,1.52255,1.12,2.32
2015.12.14 13:09:56.448,1.52231,1.52256,1.27,1.65
2015.12.14 13:09:56.499,1.52233,1.52257,1.50,1.90
2015.12.14 13:09:56.551,1.52233,1.52258,2.25,1.57
2015.12.14 13:09:56.703,1.52236,1.52259,1.50,1.92
2015.12.14 13:09:57.214,1.52236,1.52261,3.00,2.25
2015.12.14 13:09:57.556,1.52239,1.52261,1.37,1.50
2015.12.14 13:09:57.659,1.52239,1.52264,1.87,3.37
2015.12.14 13:09:57.762,1.52243,1.52264,1.37,1.87
2015.12.14 13:09:57.967,1.52241,1.5226,1.50,1.00
2015.12.14 13:09:58.071,1.52237,1.5226,1.37,2.70
2015.12.14 13:09:58.589,1.52235,1.52259,2.32,1.12
2015.12.14 13:09:59.474,1.52236,1.5226,1.50,1.57
2015.12.14 13:10:00.016,1.52236,1.5226,1.12,1.57
2015.12.14 13:10:00.168,1.52235,1.52258,1.47,1.00
2015.12.14 13:10:00.678,1.52235,1.52259,1.12,1.10
2015.12.14 13:10:01.206,1.52236,1.52259,1.00,1.57
2015.12.14 13:10:01.613,1.52235,1.52256,1.12,1.00
2015.12.14 13:10:02.216,1.52233,1.52253,1.92,1.00
2015.12.14 13:10:02.432,1.52233,1.52253,1.00,1.00
2015.12.14 13:10:03.043,1.52233,1.52252,1.00,1.00
2015.12.14 13:10:03.095,1.52233,1.52249,1.00,1.00
2015.12.14 13:10:03.307,1.52229,1.52249,1.27,1.00
2015.12.14 13:10:03.409,1.52226,1.52246,1.10,1.00
2015.12.14 13:10:04.348,1.52226,1.5225,1.10,1.07
2015.12.14 13:10:04.400,1.52226,1.5225,1.47,1.07
2015.12.14 13:10:04.561,1.5223,1.52252,1.20,1.50
2015.12.14 13:10:04.916,1.5223,1.5225,1.00,1.00
2015.12.14 13:10:06.302,1.5223,1.52252,1.00,1.12
2015.12.14 13:10:06.822,1.52229,1.52252,1.87,1.00
2015.12.14 13:10:06.873,1.52229,1.52252,1.87,1.50
2015.12.14 13:10:07.201,1.52229,1.52252,1.87,1.20
2015.12.14 13:10:07.663,1.52235,1.52253,1.00,1.27
2015.12.14 13:10:07.765,1.5224,1.5226,1.00,1.50
2015.12.14 13:10:07.817,1.5224,1.5226,1.37,1.12
2015.12.14 13:10:08.121,1.52247,1.52266,1.00,1.12
2015.12.14 13:10:09.077,1.52246,1.52269,1.50,1.87
2015.12.14 13:10:09.465,1.5225,1.52271,1.00,1.12
2015.12.14 13:10:09.975,1.52251,1.52273,1.12,1.87
2015.12.14 13:10:10.520,1.52251,1.52273,1.50,1.45
2015.12.14 13:10:11.029,1.52251,1.52274,1.50,1.07
2015.12.14 13:10:11.446,1.5225,1.52274,1.20,1.45
2015.12.14 13:10:11.963,1.5225,1.52273,1.00,1.95
2015.12.14 13:10:13.336,1.52246,1.52272,2.02,1.92
2015.12.14 13:10:13.438,1.52246,1.5227,1.50,1.57
2015.12.14 13:10:13.489,1.52246,1.52269,1.50,1.95
2015.12.14 13:10:13.794,1.52246,1.52268,1.00,1.50
2015.12.14 13:10:14.123,1.52242,1.52266,2.62,2.70
2015.12.14 13:10:14.479,1.52239,1.52261,1.57,1.37
2015.12.14 13:10:14.683,1.52234,1.52256,1.50,1.45
2015.12.14 13:10:14.785,1.52233,1.52255,1.20,1.47
2015.12.14 13:10:14.837,1.52233,1.52256,1.20,1.95
2015.12.14 13:10:15.193,1.52231,1.52251,1.00,1.00
2015.12.14 13:10:15.246,1.52227,1.52251,1.57,2.70
2015.12.14 13:10:15.297,1.52227,1.52249,1.10,1.95
2015.12.14 13:10:15.806,1.52224,1.52249,1.57,1.90
2015.12.14 13:10:16.683,1.52223,1.52247,1.27,1.37
2015.12.14 13:10:17.191,1.52223,1.52246,1.10,1.20
2015.12.14 13:10:17.709,1.52221,1.52246,1.20,2.02
2015.12.14 13:10:17.760,1.52221,1.52245,1.20,1.47
2015.12.14 13:10:17.863,1.52218,1.52243,2.77,1.20
2015.12.14 13:10:18.119,1.52222,1.52244,1.00,1.50
2015.12.14 13:10:18.273,1.52224,1.52247,1.12,1.52
2015.12.14 13:10:18.816,1.52225,1.52249,1.10,4.20
2015.12.14 13:10:19.327,1.52225,1.52246,1.47,1.50
2015.12.14 13:10:19.379,1.52225,1.52244,1.47,1.00
2015.12.14 13:10:19.430,1.52223,1.52244,1.00,1.15
2015.12.14 13:10:19.803,1.5222,1.52243,1.57,1.50
2015.12.14 13:10:20.311,1.52223,1.52244,1.12,1.12
2015.12.14 13:10:20.616,1.52238,1.52259,1.00,1.00
2015.12.14 13:10:20.828,1.52238,1.52261,1.37,1.20
2015.12.14 13:10:21.440,1.5224,1.52263,1.00,2.25
2015.12.14 13:10:21.947,1.52239,1.52263,1.12,2.25
2015.12.14 13:10:22.294,1.52239,1.52258,1.12,1.52
2015.12.14 13:10:25.336,1.52235,1.52257,1.75,1.07
2015.12.14 13:10:25.489,1.52234,1.52256,1.75,1.45
2015.12.14 13:10:26.033,1.52232,1.52256,2.62,1.45
2015.12.14 13:10:26.389,1.5223,1.52255,3.45,1.20
2015.12.14 13:10:26.491,1.5223,1.52253,1.12,1.95
2015.12.14 13:10:26.694,1.52225,1.5225,3.00,1.52
2015.12.14 13:10:27.199,1.52227,1.5225,1.00,1.52
2015.12.14 13:10:28.680,1.52226,1.5225,1.12,1.52
2015.12.14 13:10:29.661,1.52228,1.5225,1.00,1.52
2015.12.14 13:10:29.764,1.52229,1.52254,2.25,2.62
2015.12.14 13:10:29.866,1.52229,1.52252,1.75,1.50
2015.12.14 13:10:30.747,1.52231,1.52252,2.25,1.50
2015.12.14 13:10:31.116,1.52228,1.52252,1.87,1.12
2015.12.14 13:10:31.652,1.52228,1.5225,2.62,1.55
2015.12.14 13:10:32.161,1.52228,1.5225,2.62,1.55
2015.12.14 13:10:32.911,1.52228,1.5225,2.62,1.55
2015.12.14 13:10:33.963,1.52228,1.5225,2.62,1.55
2015.12.14 13:10:34.927,1.52229,1.5225,1.50,1.55
2015.12.14 13:10:35.283,1.5223,1.52253,2.25,1.52
2015.12.14 13:10:35.334,1.52233,1.52254,1.37,1.87
2015.12.14 13:10:38.437,1.5223,1.52254,1.12,3.37
2015.12.14 13:10:38.540,1.52225,1.52249,1.87,1.50
2015.12.14 13:10:38.865,1.52224,1.52247,1.87,1.07
2015.12.14 13:10:39.119,1.52224,1.52248,1.95,1.45
2015.12.14 13:10:40.317,1.52226,1.52249,1.20,1.20
2015.12.14 13:10:40.836,1.52227,1.5225,1.00,1.20
2015.12.14 13:10:41.344,1.52227,1.52248,1.50,1.00
2015.12.14 13:10:41.869,1.52228,1.5225,1.00,1.20
2015.12.14 13:10:42.285,1.52229,1.52252,1.50,1.27
2015.12.14 13:10:43.851,1.52227,1.52252,2.32,2.25
2015.12.14 13:10:44.358,1.52227,1.5225,1.10,1.65
2015.12.14 13:10:44.663,1.52225,1.52246,1.57,1.00
2015.12.14 13:10:44.965,1.52225,1.52241,1.10,1.00
2015.12.14 13:10:45.119,1.52224,1.52244,1.37,1.00
2015.12.14 13:10:45.376,1.52227,1.52244,1.00,1.00
2015.12.14 13:10:45.529,1.52227,1.52247,1.50,1.00
2015.12.14 13:10:45.632,1.52227,1.52247,1.37,1.00
2015.12.14 13:10:46.050,1.52227,1.52245,1.75,1.00
2015.12.14 13:10:46.812,1.52227,1.52245,1.50,1.00
2015.12.14 13:10:47.073,1.52225,1.52242,1.87,1.00
2015.12.14 13:10:48.718,1.52225,1.52239,1.37,1.00
2015.12.14 13:10:48.769,1.52222,1.52239,1.95,1.00
2015.12.14 13:10:48.821,1.52222,1.52234,1.87,1.00
2015.12.14 13:10:48.973,1.52217,1.52233,1.10,1.00
2015.12.14 13:10:49.024,1.52214,1.52233,1.55,1.00
2015.12.14 13:10:49.571,1.52214,1.52233,1.65,1.00
2015.12.14 13:10:50.166,1.52213,1.52233,2.25,1.00
2015.12.14 13:10:50.319,1.52213,1.5223,1.50,1.00
2015.12.14 13:10:51.399,1.52213,1.52232,1.37,1.00
2015.12.14 13:10:51.922,1.52214,1.52232,1.37,1.00
2015.12.14 13:10:52.429,1.52213,1.52231,1.37,1.00
2015.12.14 13:10:52.938,1.52214,1.52231,1.37,1.00
2015.12.14 13:10:53.054,1.52211,1.52231,1.65,1.00
2015.12.14 13:10:53.766,1.5221,1.52232,1.95,1.00
2015.12.14 13:10:54.288,1.52209,1.52231,2.70,1.00
2015.12.14 13:10:56.089,1.5221,1.52231,1.12,1.00
2015.12.14 13:10:56.699,1.5221,1.52232,1.87,1.12
2015.12.14 13:10:57.223,1.5221,1.52232,2.02,1.00
2015.12.14 13:11:01.361,1.5221,1.5223,1.57,1.00
2015.12.14 13:11:01.616,1.52203,1.52224,1.50,1.12
2015.12.14 13:11:01.667,1.52207,1.52225,1.00,1.07
2015.12.14 13:11:01.973,1.5221,1.52228,1.00,1.57
2015.12.14 13:11:02.370,1.52212,1.5223,1.37,1.50
2015.12.14 13:11:02.422,1.52212,1.52231,2.25,1.57
2015.12.14 13:11:02.881,1.52215,1.52234,1.00,1.57
2015.12.14 13:11:03.084,1.52217,1.52233,1.37,1.55
2015.12.14 13:11:03.186,1.52218,1.52236,1.00,1.50
2015.12.14 13:11:03.451,1.52221,1.52237,1.00,1.57
2015.12.14 13:11:03.502,1.52221,1.5224,1.00,1.50
2015.12.14 13:11:03.655,1.52221,1.52244,1.00,2.25
2015.12.14 13:11:05.439,1.52221,1.52241,1.00,1.00
2015.12.14 13:11:05.542,1.52219,1.52238,1.95,1.00
2015.12.14 13:11:05.744,1.52219,1.52241,1.00,1.55
2015.12.14 13:11:06.154,1.52222,1.52242,1.00,1.57
2015.12.14 13:11:06.460,1.5223,1.52245,1.00,1.12
2015.12.14 13:11:06.512,1.5223,1.52247,1.00,1.37
2015.12.14 13:11:06.563,1.52232,1.52248,1.00,1.12
2015.12.14 13:11:06.614,1.52236,1.52248,1.37,1.12
2015.12.14 13:11:06.666,1.52236,1.52254,1.37,1.50
2015.12.14 13:11:06.877,1.52235,1.52257,1.37,1.82
2015.12.14 13:11:08.019,1.52236,1.52258,1.87,2.32
2015.12.14 13:11:08.508,1.52237,1.52259,1.00,1.87
2015.12.14 13:11:08.712,1.52237,1.52259,1.00,1.20
2015.12.14 13:11:08.917,1.52233,1.52254,1.87,2.32
2015.12.14 13:11:09.019,1.52236,1.52255,1.00,1.82
2015.12.14 13:11:10.581,1.52236,1.52257,1.00,1.37
2015.12.14 13:11:10.684,1.52236,1.52257,1.00,1.00
2015.12.14 13:11:11.193,1.52237,1.52257,1.00,1.00
2015.12.14 13:11:11.295,1.52237,1.5226,1.00,1.57
2015.12.14 13:11:12.016,1.52237,1.5226,1.00,2.32
2015.12.14 13:11:12.524,1.52237,1.52259,1.50,1.95
2015.12.14 13:11:12.949,1.52237,1.5226,1.00,1.57
2015.12.14 13:11:13.051,1.5224,1.52262,1.00,1.27
2015.12.14 13:11:13.508,1.52243,1.5226,1.37,1.00
2015.12.14 13:11:13.976,1.52243,1.52263,1.37,1.00
2015.12.14 13:11:14.333,1.52245,1.52265,1.37,1.37
2015.12.14 13:11:14.840,1.52246,1.52266,1.37,1.37
2015.12.14 13:11:15.465,1.52247,1.52267,1.37,1.12
2015.12.14 13:11:15.973,1.52249,1.52271,1.00,2.70
2015.12.14 13:11:16.024,1.5225,1.52271,1.37,1.95
2015.12.14 13:11:16.306,1.52254,1.52279,1.50,2.70
2015.12.14 13:11:16.357,1.52258,1.52279,1.00,2.32
2015.12.14 13:11:16.663,1.52263,1.52283,1.00,3.15
2015.12.14 13:11:16.714,1.52262,1.52284,1.00,1.87
2015.12.14 13:11:16.969,1.52257,1.52282,2.32,2.40
2015.12.14 13:11:17.072,1.52257,1.52282,1.12,2.40
2015.12.14 13:11:17.339,1.52257,1.52278,1.00,1.37
2015.12.14 13:11:18.206,1.52253,1.52277,1.47,1.57
2015.12.14 13:11:18.726,1.52253,1.52277,1.37,3.00
2015.12.14 13:11:19.235,1.52249,1.52273,2.02,1.00
2015.12.14 13:11:19.287,1.52249,1.52273,1.92,1.75
2015.12.14 13:11:19.907,1.5225,1.52271,1.00,1.50
2015.12.14 13:11:19.958,1.5225,1.52267,1.00,1.00
2015.12.14 13:11:20.161,1.5225,1.5227,1.00,1.37
2015.12.14 13:11:20.314,1.52247,1.5227,1.17,1.75
2015.12.14 13:11:20.989,1.52247,1.52269,2.02,1.00
2015.12.14 13:11:21.040,1.5225,1.52273,1.37,3.07
2015.12.14 13:11:21.092,1.52252,1.52273,1.37,1.95
2015.12.14 13:11:21.398,1.52257,1.52276,1.65,1.00
2015.12.14 13:11:21.703,1.52259,1.52274,1.55,1.00
2015.12.14 13:11:22.070,1.52255,1.52273,1.12,1.00
2015.12.14 13:11:22.121,1.52251,1.52273,1.87,1.00
2015.12.14 13:11:22.426,1.52251,1.5227,1.57,1.00
2015.12.14 13:11:22.934,1.52252,1.5227,1.07,1.00
2015.12.14 13:11:23.299,1.52252,1.52273,1.07,1.50
2015.12.14 13:11:24.054,1.52256,1.52274,1.00,1.12
2015.12.14 13:11:24.207,1.52256,1.52276,1.00,1.00
2015.12.14 13:11:24.259,1.52256,1.52274,1.50,1.00
2015.12.14 13:11:24.467,1.5226,1.52278,1.00,1.12
2015.12.14 13:11:24.519,1.52266,1.52278,1.37,1.12
2015.12.14 13:11:24.621,1.52266,1.52283,1.37,1.20
2015.12.14 13:11:24.672,1.52266,1.5228,1.37,1.00
2015.12.14 13:11:24.825,1.52262,1.52281,1.37,1.00
2015.12.14 13:11:24.876,1.52262,1.52279,1.37,1.00
2015.12.14 13:11:25.231,1.52266,1.5228,1.00,1.00
2015.12.14 13:11:25.334,1.52266,1.52284,1.37,1.00
2015.12.14 13:11:25.502,1.52269,1.52285,1.00,1.00
2015.12.14 13:11:25.554,1.52269,1.52287,1.00,1.00
2015.12.14 13:11:25.656,1.52269,1.52289,1.00,1.00
2015.12.14 13:11:25.808,1.52271,1.52291,1.00,1.95
2015.12.14 13:11:25.911,1.52273,1.52292,1.00,1.82
2015.12.14 13:11:26.013,1.52271,1.52294,1.37,2.70
2015.12.14 13:11:26.635,1.52271,1.52294,1.37,2.20
2015.12.14 13:11:26.738,1.52271,1.52292,1.37,1.45
2015.12.14 13:11:27.246,1.52272,1.52292,1.37,1.12
2015.12.14 13:11:27.753,1.52272,1.52293,1.87,1.55
2015.12.14 13:11:28.059,1.52273,1.52295,1.00,1.87
2015.12.14 13:11:28.111,1.52273,1.52295,1.12,1.87
2015.12.14 13:11:28.367,1.52276,1.52297,1.00,1.20
2015.12.14 13:11:28.418,1.5228,1.52297,1.00,1.07
2015.12.14 13:11:28.470,1.52276,1.52297,1.87,1.07
2015.12.14 13:11:28.579,1.52276,1.52299,1.00,1.45
2015.12.14 13:11:28.630,1.5228,1.523,1.00,1.82
2015.12.14 13:11:28.935,1.52281,1.523,1.87,1.00
2015.12.14 13:11:29.393,1.52284,1.52304,1.00,1.12
2015.12.14 13:11:30.129,1.52282,1.52304,1.12,1.57
2015.12.14 13:11:30.281,1.52282,1.52303,1.12,1.37
2015.12.14 13:11:30.743,1.52278,1.52297,1.87,1.37
2015.12.14 13:11:30.857,1.52275,1.52298,1.50,1.50
2015.12.14 13:11:31.162,1.52275,1.52285,1.00,1.00
2015.12.14 13:11:31.923,1.52275,1.52288,1.00,1.00
2015.12.14 13:11:32.047,1.52275,1.52291,1.00,1.00
2015.12.14 13:11:33.700,1.52277,1.52293,1.00,1.00
2015.12.14 13:11:33.802,1.5228,1.52298,1.20,1.00
2015.12.14 13:11:33.854,1.52282,1.52298,1.37,1.00
2015.12.14 13:11:34.006,1.52284,1.52304,1.00,1.00
2015.12.14 13:11:34.058,1.52284,1.52305,1.87,1.47
2015.12.14 13:11:34.160,1.52284,1.52305,1.20,1.37
2015.12.14 13:11:34.211,1.52284,1.52308,1.20,1.07
2015.12.14 13:11:34.262,1.52288,1.52308,1.37,1.07
2015.12.14 13:11:34.434,1.52294,1.52316,1.87,2.32
2015.12.14 13:11:34.893,1.52293,1.52316,1.52,1.50
2015.12.14 13:11:35.445,1.5229,1.52316,3.07,1.57
2015.12.14 13:11:35.496,1.5229,1.5231,2.32,1.00
2015.12.14 13:11:35.802,1.52291,1.52305,1.20,1.00
2015.12.14 13:11:35.905,1.52288,1.52308,1.20,1.00
2015.12.14 13:11:36.161,1.52289,1.5231,1.17,1.00
2015.12.14 13:11:37.102,1.52288,1.5231,1.27,1.10
2015.12.14 13:11:37.566,1.52288,1.52308,1.10,1.00
2015.12.14 13:11:37.871,1.52281,1.52304,1.20,2.32
2015.12.14 13:11:37.923,1.5228,1.52304,2.02,2.32
2015.12.14 13:11:38.026,1.5228,1.523,1.00,1.00
2015.12.14 13:11:38.597,1.52277,1.523,2.32,1.00
2015.12.14 13:11:39.105,1.52277,1.523,1.85,1.27
2015.12.14 13:11:39.613,1.52278,1.523,1.00,1.27
2015.12.14 13:11:45.306,1.52277,1.52297,1.47,1.00
2015.12.14 13:11:45.532,1.52268,1.52292,2.32,1.07
2015.12.14 13:11:45.634,1.52268,1.52292,1.17,1.17
2015.12.14 13:11:45.686,1.52266,1.52292,2.32,2.70
2015.12.14 13:11:46.042,1.52273,1.52292,1.00,2.25
2015.12.14 13:11:46.195,1.52277,1.52298,1.37,1.00
2015.12.14 13:11:46.246,1.52276,1.52298,1.37,1.00
2015.12.14 13:11:46.795,1.52276,1.52301,1.37,2.32
2015.12.14 13:11:47.063,1.52277,1.52301,1.87,1.57
2015.12.14 13:11:47.573,1.52281,1.52302,1.00,2.62
2015.12.14 13:11:48.679,1.52286,1.52302,1.00,1.50
2015.12.14 13:11:48.731,1.52281,1.52303,1.57,1.75
2015.12.14 13:11:48.862,1.52281,1.52303,1.95,1.12
2015.12.14 13:11:48.965,1.52288,1.52313,1.57,2.32
2015.12.14 13:11:49.067,1.52288,1.52313,1.65,1.65
2015.12.14 13:11:49.826,1.52288,1.5231,1.65,1.00
2015.12.14 13:11:50.581,1.52288,1.52313,1.57,1.27
2015.12.14 13:11:52.769,1.52294,1.52314,1.37,1.07
2015.12.14 13:11:52.820,1.52294,1.52316,1.37,2.25
2015.12.14 13:11:53.329,1.52293,1.52317,1.47,1.95
2015.12.14 13:11:53.685,1.52294,1.5232,1.87,1.87
2015.12.14 13:11:53.737,1.52299,1.5232,1.37,1.12
2015.12.14 13:11:53.899,1.52298,1.52321,1.37,1.20
2015.12.14 13:11:54.205,1.52299,1.52323,1.45,1.65
2015.12.14 13:11:54.712,1.52299,1.52323,1.47,1.45
2015.12.14 13:11:54.915,1.52301,1.52324,1.57,1.17
2015.12.14 13:11:54.966,1.52301,1.52324,1.95,1.17
2015.12.14 13:11:55.194,1.52308,1.52331,1.12,1.12
2015.12.14 13:11:55.602,1.5231,1.52328,1.65,1.00
2015.12.14 13:11:55.755,1.5231,1.5233,1.65,1.50
2015.12.14 13:11:56.184,1.5231,1.52335,1.95,1.65
2015.12.14 13:11:56.235,1.52312,1.52335,1.87,1.87
2015.12.14 13:11:56.644,1.52315,1.52337,1.12,1.57
2015.12.14 13:11:56.746,1.52319,1.52338,1.17,1.12
2015.12.14 13:11:56.797,1.52319,1.52338,1.95,1.00
2015.12.14 13:11:56.900,1.52322,1.52345,2.25,1.50
2015.12.14 13:11:57.431,1.52324,1.52345,1.20,1.00
2015.12.14 13:11:57.688,1.52324,1.52348,1.57,1.10
2015.12.14 13:11:57.740,1.52326,1.52348,1.47,1.10
2015.12.14 13:11:58.045,1.52326,1.52346,1.47,1.00
2015.12.14 13:11:59.612,1.52324,1.52346,1.95,1.00
2015.12.14 13:11:59.723,1.52328,1.5235,1.50,1.45
2015.12.14 13:11:59.825,1.5233,1.52353,1.15,1.50
2015.12.14 13:11:59.876,1.5233,1.52351,1.52,1.00
2015.12.14 13:11:59.927,1.52329,1.52353,2.62,1.00
2015.12.14 13:11:59.979,1.52329,1.52353,3.07,1.00
2015.12.14 13:12:00.030,1.52331,1.52348,1.47,1.00
2015.12.14 13:12:00.134,1.52329,1.52348,1.07,1.00
2015.12.14 13:12:00.185,1.52325,1.52345,2.32,1.00
2015.12.14 13:12:00.287,1.52323,1.52343,1.57,1.00
2015.12.14 13:12:00.338,1.52321,1.52341,1.82,1.00
2015.12.14 13:12:00.659,1.52315,1.52335,2.62,1.00
2015.12.14 13:12:00.913,1.52315,1.52338,1.95,1.37
2015.12.14 13:12:00.965,1.52316,1.52338,1.75,1.37
2015.12.14 13:12:01.118,1.52319,1.52339,1.50,1.00
2015.12.14 13:12:01.270,1.52321,1.52336,1.37,1.00
2015.12.14 13:12:01.581,1.52321,1.52333,1.37,1.00
2015.12.14 13:12:02.346,1.52311,1.52333,1.15,1.00
2015.12.14 13:12:02.500,1.52311,1.5233,1.17,1.00
2015.12.14 13:12:02.669,1.5231,1.52331,1.20,1.00
2015.12.14 13:12:03.178,1.5231,1.52333,1.27,1.00
2015.12.14 13:12:03.432,1.52309,1.52333,2.77,1.00
2015.12.14 13:12:03.737,1.5231,1.52336,3.15,1.65
2015.12.14 13:12:03.798,1.52313,1.52336,1.37,1.57
2015.12.14 13:12:04.104,1.52321,1.52341,1.45,1.00
2015.12.14 13:12:04.410,1.52337,1.52349,1.12,1.37
2015.12.14 13:12:04.739,1.52351,1.52361,1.00,1.37
2015.12.14 13:12:04.791,1.52344,1.52361,1.87,1.37
2015.12.14 13:12:04.842,1.52343,1.52362,1.37,1.00
2015.12.14 13:12:04.894,1.52341,1.52362,1.82,1.00
2015.12.14 13:12:05.251,1.52341,1.52364,1.87,1.00
2015.12.14 13:12:05.777,1.52341,1.52366,2.25,1.12
2015.12.14 13:12:06.032,1.52341,1.52366,1.87,1.50
2015.12.14 13:12:06.338,1.52355,1.52374,1.37,1.00
2015.12.14 13:12:06.389,1.52351,1.52372,2.25,1.00
2015.12.14 13:12:06.501,1.52351,1.52373,1.17,1.00
2015.12.14 13:12:06.553,1.52351,1.52371,1.00,1.00
2015.12.14 13:12:06.757,1.52348,1.52371,1.20,1.37
2015.12.14 13:12:07.012,1.52346,1.52371,3.15,1.50
2015.12.14 13:12:07.557,1.52348,1.52372,1.87,1.47
2015.12.14 13:12:08.178,1.5235,1.52372,1.47,1.37
2015.12.14 13:12:08.546,1.52365,1.52382,1.37,1.00
2015.12.14 13:12:08.750,1.52358,1.52378,2.25,1.00
2015.12.14 13:12:08.852,1.52359,1.52376,1.45,1.00
2015.12.14 13:12:09.361,1.52359,1.52377,1.45,1.00
2015.12.14 13:12:09.809,1.52359,1.52375,1.37,1.00
2015.12.14 13:12:09.860,1.52357,1.52375,1.55,1.00
2015.12.14 13:12:10.115,1.52357,1.52373,1.47,1.00
2015.12.14 13:12:10.166,1.52354,1.52373,1.37,1.00
2015.12.14 13:12:10.268,1.52353,1.52372,1.10,1.00
2015.12.14 13:12:10.472,1.52357,1.52371,1.37,1.00
2015.12.14 13:12:10.648,1.52356,1.52374,1.52,1.00
2015.12.14 13:12:10.801,1.52356,1.52377,1.52,1.00
2015.12.14 13:12:11.259,1.52355,1.52379,1.65,1.12
2015.12.14 13:12:11.311,1.52355,1.52378,2.32,1.00
2015.12.14 13:12:11.616,1.52359,1.52381,1.57,1.87
2015.12.14 13:12:11.928,1.52362,1.52382,1.57,1.75
2015.12.14 13:12:12.386,1.52359,1.52379,1.52,1.12
2015.12.14 13:12:12.539,1.52359,1.52375,1.52,1.00
2015.12.14 13:12:12.852,1.52359,1.52373,1.52,1.00
2015.12.14 13:12:13.657,1.52361,1.52373,1.00,1.00
2015.12.14 13:12:13.759,1.52358,1.52377,2.62,1.00
2015.12.14 13:12:13.963,1.52363,1.52378,1.00,1.00
2015.12.14 13:12:14.065,1.52361,1.52378,1.20,1.00
2015.12.14 13:12:14.601,1.52362,1.52378,1.00,1.00
2015.12.14 13:12:14.956,1.52363,1.52382,1.00,1.00
2015.12.14 13:12:15.466,1.52362,1.52382,1.00,1.00
2015.12.14 13:12:16.483,1.52362,1.52384,1.00,1.57
2015.12.14 13:12:16.534,1.52362,1.52384,1.00,1.95
2015.12.14 13:12:16.687,1.52358,1.52381,1.12,1.00
2015.12.14 13:12:16.739,1.52356,1.52381,2.77,1.87
2015.12.14 13:12:17.056,1.52353,1.52374,1.00,1.20
2015.12.14 13:12:17.310,1.52349,1.52373,1.27,1.87
2015.12.14 13:12:17.412,1.52348,1.52373,1.20,3.00
2015.12.14 13:12:17.718,1.52341,1.52364,1.57,1.87
2015.12.14 13:12:17.996,1.52339,1.52362,2.25,2.62
2015.12.14 13:12:18.048,1.52339,1.52359,2.25,1.00
2015.12.14 13:12:18.099,1.52337,1.52359,1.07,1.00
2015.12.14 13:12:18.616,1.52339,1.52359,1.00,1.00
2015.12.14 13:12:20.502,1.52336,1.52359,1.20,1.50
2015.12.14 13:12:20.558,1.52336,1.52359,1.10,1.57
2015.12.14 13:12:20.836,1.5233,1.52355,1.10,2.32
2015.12.14 13:12:21.244,1.52328,1.52352,1.00,1.37
2015.12.14 13:12:21.776,1.52328,1.5235,1.00,1.20
2015.12.14 13:12:21.918,1.52327,1.52349,1.10,1.37
2015.12.14 13:12:22.225,1.52321,1.52346,1.57,3.07
2015.12.14 13:12:22.327,1.52318,1.5234,1.17,1.00
2015.12.14 13:12:22.483,1.52316,1.5234,1.27,1.10
2015.12.14 13:12:22.535,1.52316,1.52338,1.10,1.37
2015.12.14 13:12:22.637,1.52311,1.52334,1.00,1.20
2015.12.14 13:12:22.739,1.5231,1.52333,1.37,2.25
2015.12.14 13:12:22.861,1.5231,1.52333,1.00,2.62
2015.12.14 13:12:23.166,1.5231,1.52333,1.00,1.87
2015.12.14 13:12:23.521,1.52313,1.52333,1.00,1.50
2015.12.14 13:12:23.848,1.52315,1.52335,1.00,1.00
2015.12.14 13:12:24.610,1.52315,1.52337,1.00,1.12
2015.12.14 13:12:25.694,1.52315,1.52337,1.00,1.37
2015.12.14 13:12:26.202,1.52316,1.52338,1.37,1.12
2015.12.14 13:12:26.392,1.52316,1.52339,1.37,1.12
2015.12.14 13:12:26.443,1.5232,1.52339,1.37,1.12
2015.12.14 13:12:27.207,1.52318,1.52339,1.37,1.87
2015.12.14 13:12:27.744,1.52318,1.52338,1.37,1.12
2015.12.14 13:12:28.405,1.52318,1.52341,1.87,1.00
2015.12.14 13:12:28.456,1.52321,1.52341,1.37,1.00
2015.12.14 13:12:28.710,1.52323,1.52344,1.00,1.00
2015.12.14 13:12:28.913,1.52324,1.52348,1.07,1.12
2015.12.14 13:12:29.690,1.52324,1.52348,1.20,2.62
2015.12.14 13:12:29.893,1.52326,1.52348,1.07,1.37
2015.12.14 13:12:30.224,1.5233,1.52351,1.07,1.12
2015.12.14 13:12:30.277,1.5233,1.52352,1.07,1.12
2015.12.14 13:12:30.329,1.5233,1.52352,1.07,1.37
2015.12.14 13:12:30.838,1.52331,1.52354,1.47,1.50
2015.12.14 13:12:31.143,1.52334,1.52356,1.37,1.87
2015.12.14 13:12:31.560,1.52335,1.52357,1.37,1.12
2015.12.14 13:12:32.067,1.52334,1.52358,2.40,1.37
2015.12.14 13:12:32.423,1.52341,1.5236,1.00,1.75
2015.12.14 13:12:32.566,1.52337,1.5236,1.50,1.00
2015.12.14 13:12:32.618,1.52344,1.52365,1.10,1.00
2015.12.14 13:12:32.671,1.52344,1.52367,1.10,1.37
2015.12.14 13:12:32.825,1.52344,1.52367,1.65,1.00
2015.12.14 13:12:32.927,1.52344,1.52365,1.15,1.00
2015.12.14 13:12:33.130,1.52339,1.52362,1.57,1.87
2015.12.14 13:12:33.385,1.5234,1.52365,2.25,1.12
2015.12.14 13:12:33.436,1.52341,1.52366,1.20,1.50
2015.12.14 13:12:34.041,1.52343,1.52367,1.50,1.37
2015.12.14 13:12:34.092,1.52344,1.5237,1.15,2.62
2015.12.14 13:12:34.196,1.52345,1.5237,1.12,1.00
2015.12.14 13:12:34.724,1.52344,1.52369,2.32,1.85
2015.12.14 13:12:34.927,1.52343,1.52369,1.55,1.20
2015.12.14 13:12:35.080,1.52343,1.52363,1.55,1.00
2015.12.14 13:12:35.595,1.52344,1.52362,1.00,1.00
2015.12.14 13:12:35.902,1.52341,1.52357,1.10,1.00
2015.12.14 13:12:35.953,1.52338,1.52361,2.25,1.12
2015.12.14 13:12:36.156,1.52341,1.52361,1.65,1.00
2015.12.14 13:12:36.259,1.52343,1.52364,1.57,1.00
2015.12.14 13:12:36.362,1.52354,1.52372,1.37,1.00
2015.12.14 13:12:36.672,1.52351,1.52368,1.47,1.00
2015.12.14 13:12:36.825,1.5235,1.52368,1.10,1.00
2015.12.14 13:12:37.028,1.52349,1.52372,1.17,1.50
2015.12.14 13:12:37.130,1.52349,1.52372,1.87,1.12
2015.12.14 13:12:37.605,1.52349,1.5237,1.20,1.12
2015.12.14 13:12:38.367,1.52348,1.5237,1.37,1.87
2015.12.14 13:12:38.469,1.52344,1.5237,2.25,1.95
2015.12.14 13:12:38.521,1.52344,1.52367,2.25,1.12
2015.12.14 13:12:38.631,1.52343,1.52367,2.40,1.12
2015.12.14 13:12:38.682,1.52342,1.52365,2.40,1.00
2015.12.14 13:12:39.090,1.52343,1.52367,1.20,1.00
2015.12.14 13:12:39.598,1.52342,1.52368,4.50,1.00
2015.12.14 13:12:41.032,1.52342,1.52364,3.15,1.00
2015.12.14 13:12:41.185,1.52339,1.52363,2.32,1.00
2015.12.14 13:12:41.338,1.52345,1.52364,1.00,1.07
2015.12.14 13:12:41.593,1.52352,1.52372,1.00,1.00
2015.12.14 13:12:41.949,1.52348,1.5237,1.55,1.00
2015.12.14 13:12:42.120,1.52347,1.5237,1.17,1.00
2015.12.14 13:12:42.223,1.52347,1.52366,1.17,1.00
2015.12.14 13:12:42.377,1.52341,1.52365,1.20,1.37
2015.12.14 13:12:42.428,1.5234,1.52361,1.47,1.00
2015.12.14 13:12:42.530,1.52337,1.52361,1.57,1.00
2015.12.14 13:12:42.683,1.52351,1.52361,1.37,1.00
2015.12.14 13:12:42.785,1.52351,1.52363,1.37,1.00
2015.12.14 13:12:42.836,1.52351,1.52361,1.37,1.00
2015.12.14 13:12:42.887,1.52344,1.52358,1.87,1.00
2015.12.14 13:12:42.939,1.52344,1.52353,1.12,1.00
2015.12.14 13:12:43.091,1.52328,1.52346,1.37,1.00
2015.12.14 13:12:43.194,1.52323,1.52345,1.00,1.12
2015.12.14 13:12:43.245,1.52321,1.52345,1.27,1.37
2015.12.14 13:12:43.398,1.5232,1.52342,1.55,1.37
2015.12.14 13:12:43.450,1.52318,1.52342,1.50,1.37
2015.12.14 13:12:43.501,1.52317,1.52339,1.57,1.37
2015.12.14 13:12:44.421,1.52318,1.52338,1.50,1.12
2015.12.14 13:12:45.514,1.52317,1.52338,1.50,1.00
2015.12.14 13:12:45.565,1.52316,1.52335,1.57,1.12
2015.12.14 13:12:45.972,1.52315,1.52337,1.57,1.00
2015.12.14 13:12:46.175,1.52324,1.5234,1.12,1.00
2015.12.14 13:12:46.277,1.52321,1.5234,2.40,1.00
2015.12.14 13:12:46.452,1.52321,1.52339,1.00,1.37
2015.12.14 13:12:46.707,1.52322,1.52344,2.02,1.00
2015.12.14 13:12:47.215,1.52322,1.52345,2.02,1.00
2015.12.14 13:12:47.695,1.52322,1.52346,2.02,1.87
2015.12.14 13:12:48.305,1.52322,1.52342,1.47,1.00
2015.12.14 13:12:48.609,1.5232,1.52342,1.50,1.50
2015.12.14 13:12:48.761,1.52319,1.52342,1.20,1.50
2015.12.14 13:12:49.015,1.52318,1.52338,1.15,1.00
2015.12.14 13:12:49.636,1.52319,1.52338,1.87,1.00
2015.12.14 13:12:49.941,1.52319,1.52342,1.12,1.12
2015.12.14 13:12:50.044,1.5232,1.52343,2.32,1.00
2015.12.14 13:12:50.096,1.5232,1.52341,2.32,1.00
2015.12.14 13:12:50.611,1.5232,1.52342,2.25,1.00
2015.12.14 13:12:51.112,1.52321,1.52342,1.65,1.00
2015.12.14 13:12:51.773,1.52325,1.52342,1.37,1.00
2015.12.14 13:12:51.824,1.52325,1.52344,1.37,1.00
2015.12.14 13:12:51.876,1.52326,1.52346,1.37,1.12
2015.12.14 13:12:51.978,1.52326,1.52349,1.87,1.12
2015.12.14 13:12:52.939,1.52328,1.52349,1.27,1.00
2015.12.14 13:12:53.453,1.52328,1.52349,1.27,1.00
2015.12.14 13:12:53.555,1.52331,1.52351,1.00,1.37
2015.12.14 13:12:53.809,1.52337,1.52359,1.37,1.50
2015.12.14 13:12:53.912,1.52338,1.52359,1.37,2.62
2015.12.14 13:12:54.403,1.52338,1.52359,1.57,1.00
2015.12.14 13:12:54.910,1.52337,1.52359,1.65,1.00
2015.12.14 13:12:55.718,1.52339,1.52359,1.07,1.00
2015.12.14 13:12:56.248,1.52339,1.5236,1.07,1.00
2015.12.14 13:12:56.554,1.52337,1.52357,1.57,1.00
2015.12.14 13:12:56.606,1.52337,1.5236,1.57,1.00
2015.12.14 13:12:56.861,1.52337,1.52358,1.57,1.00
2015.12.14 13:12:57.378,1.52337,1.52359,1.57,1.00
2015.12.14 13:12:57.683,1.5234,1.52359,1.50,1.00
2015.12.14 13:12:57.988,1.5234,1.52357,1.57,1.00
2015.12.14 13:12:58.090,1.5234,1.52359,1.57,1.00
2015.12.14 13:12:58.760,1.5234,1.5236,1.57,1.00
2015.12.14 13:12:59.267,1.5234,1.52359,1.57,1.00
2015.12.14 13:12:59.470,1.52338,1.52357,2.70,1.00
2015.12.14 13:13:00.110,1.52337,1.5236,2.25,1.00
2015.12.14 13:13:00.678,1.52337,1.5236,1.57,1.00
2015.12.14 13:13:01.187,1.52338,1.5236,1.37,1.47
2015.12.14 13:13:01.644,1.52338,1.52361,1.87,1.12
2015.12.14 13:13:01.695,1.5234,1.52361,1.00,1.37
2015.12.14 13:13:01.817,1.52338,1.52359,1.12,1.37
2015.12.14 13:13:01.974,1.52337,1.52359,1.87,3.00
2015.12.14 13:13:02.280,1.52334,1.52354,1.45,1.00
2015.12.14 13:13:02.585,1.52339,1.52357,1.57,1.50
2015.12.14 13:13:02.914,1.52345,1.52362,1.37,1.12
2015.12.14 13:13:02.966,1.52345,1.52362,1.37,1.00
2015.12.14 13:13:03.118,1.52344,1.52364,1.52,1.00
2015.12.14 13:13:03.679,1.52346,1.52368,1.27,1.00
2015.12.14 13:13:03.781,1.52346,1.52367,1.27,1.50
2015.12.14 13:13:04.107,1.52347,1.52367,1.47,1.50
2015.12.14 13:13:04.263,1.5235,1.52369,1.00,1.00
2015.12.14 13:13:04.315,1.52351,1.52371,1.37,1.37
2015.12.14 13:13:04.418,1.52352,1.52373,1.37,1.50
2015.12.14 13:13:04.825,1.5235,1.52372,1.95,1.50
2015.12.14 13:13:04.877,1.5235,1.52371,1.95,1.50
2015.12.14 13:13:05.030,1.52347,1.5237,1.37,1.37
2015.12.14 13:13:05.156,1.52348,1.5237,1.37,1.75
2015.12.14 13:13:05.410,1.52348,1.52369,1.37,1.50
2015.12.14 13:13:05.462,1.52348,1.52367,1.37,1.00
2015.12.14 13:13:06.202,1.52348,1.52368,1.37,1.12
2015.12.14 13:13:06.508,1.52352,1.52371,1.37,1.50
2015.12.14 13:13:06.701,1.5235,1.52372,1.87,1.75
2015.12.14 13:13:06.753,1.52357,1.52374,1.00,1.75
2015.12.14 13:13:06.908,1.52357,1.52378,1.00,1.50
2015.12.14 13:13:07.011,1.52357,1.52378,1.00,1.00
2015.12.14 13:13:07.318,1.52358,1.52381,2.32,1.95
2015.12.14 13:13:07.420,1.52361,1.52381,1.10,1.00
2015.12.14 13:13:07.584,1.52364,1.52383,1.12,1.00
2015.12.14 13:13:07.635,1.52364,1.52386,1.12,1.12
2015.12.14 13:13:08.376,1.52361,1.52386,1.87,3.00
2015.12.14 13:13:08.428,1.52361,1.52382,1.45,1.12
2015.12.14 13:13:08.480,1.52359,1.52382,1.85,1.95
2015.12.14 13:13:08.843,1.52358,1.52382,1.55,1.95
2015.12.14 13:13:08.895,1.52366,1.52382,1.00,1.20
2015.12.14 13:13:08.997,1.52363,1.52384,1.00,1.57
2015.12.14 13:13:09.048,1.52366,1.52384,1.57,1.37
2015.12.14 13:13:09.150,1.52367,1.5239,2.62,1.92
2015.12.14 13:13:09.361,1.52371,1.52393,1.37,2.32
2015.12.14 13:13:09.629,1.52371,1.52393,1.37,1.10
2015.12.14 13:13:09.900,1.52371,1.5239,1.37,1.00
2015.12.14 13:13:10.255,1.52372,1.52386,1.37,1.00
2015.12.14 13:13:10.358,1.52369,1.52386,1.00,1.00
2015.12.14 13:13:10.512,1.52366,1.52386,1.37,1.37
2015.12.14 13:13:10.902,1.52367,1.52389,1.87,1.95
2015.12.14 13:13:10.954,1.52373,1.52389,1.00,1.95
2015.12.14 13:13:11.056,1.52373,1.52392,1.00,1.95
2015.12.14 13:13:11.157,1.52369,1.52388,1.37,1.00
2015.12.14 13:13:11.260,1.52364,1.52384,1.47,1.00
2015.12.14 13:13:11.362,1.52362,1.52384,1.57,1.00
2015.12.14 13:13:11.618,1.52361,1.52381,1.57,1.00
2015.12.14 13:13:11.719,1.5236,1.52381,1.15,1.00
2015.12.14 13:13:12.500,1.52359,1.52379,1.12,1.00
2015.12.14 13:13:12.552,1.52358,1.52379,1.55,1.00
2015.12.14 13:13:12.706,1.5236,1.52379,1.20,1.12
2015.12.14 13:13:13.236,1.52362,1.52378,1.37,1.00
2015.12.14 13:13:13.339,1.52361,1.52378,1.37,1.00
2015.12.14 13:13:13.797,1.52361,1.52375,1.37,1.00
2015.12.14 13:13:13.849,1.52358,1.52375,1.55,1.00
2015.12.14 13:13:14.182,1.52358,1.52377,1.55,1.12
2015.12.14 13:13:14.691,1.52359,1.52376,1.47,1.00
2015.12.14 13:13:15.175,1.52355,1.52372,1.37,1.37
2015.12.14 13:13:15.227,1.52351,1.52372,1.37,1.37
2015.12.14 13:13:15.278,1.52351,1.52372,1.37,1.37
2015.12.14 13:13:15.330,1.52347,1.52368,1.57,1.12
2015.12.14 13:13:15.535,1.52346,1.52365,1.52,1.00
2015.12.14 13:13:15.842,1.52341,1.52361,1.37,1.87
2015.12.14 13:13:16.162,1.52339,1.52358,1.37,1.00
2015.12.14 13:13:16.574,1.5234,1.52365,2.40,1.12
2015.12.14 13:13:16.626,1.52345,1.52365,1.37,1.12
2015.12.14 13:13:16.729,1.52345,1.52366,1.47,1.00
2015.12.14 13:13:17.679,1.52345,1.52367,1.47,1.12
2015.12.14 13:13:17.731,1.52344,1.52367,2.02,1.12
2015.12.14 13:13:18.304,1.52344,1.52367,2.02,1.75
2015.12.14 13:13:18.466,1.52344,1.52367,2.02,1.37
2015.12.14 13:13:18.619,1.52344,1.52367,3.00,1.37
2015.12.14 13:13:19.126,1.52344,1.52368,2.25,1.12
2015.12.14 13:13:19.481,1.52344,1.52367,1.87,1.47
2015.12.14 13:13:19.618,1.52342,1.52365,1.10,1.85
2015.12.14 13:13:20.512,1.52339,1.52362,2.25,1.12
2015.12.14 13:13:21.218,1.52344,1.52363,1.00,1.87
2015.12.14 13:13:21.371,1.52347,1.52367,1.87,1.12
2015.12.14 13:13:21.887,1.52348,1.52366,1.37,1.00
2015.12.14 13:13:22.655,1.52344,1.52366,3.00,1.00
2015.12.14 13:13:22.859,1.52352,1.52368,1.00,1.37
2015.12.14 13:13:23.064,1.52358,1.52378,1.37,1.00
2015.12.14 13:13:23.256,1.52353,1.52377,2.77,1.12
2015.12.14 13:13:23.307,1.52353,1.52376,2.02,1.37
2015.12.14 13:13:23.664,1.52356,1.52373,1.07,1.00
2015.12.14 13:13:23.971,1.52357,1.52376,1.20,1.00
2015.12.14 13:13:24.022,1.52357,1.52378,1.20,2.25
2015.12.14 13:13:24.549,1.52355,1.52377,1.95,1.00
2015.12.14 13:13:25.060,1.52355,1.52378,1.47,1.87
2015.12.14 13:13:25.213,1.52355,1.52378,1.20,2.25
2015.12.14 13:13:25.534,1.52352,1.52374,1.57,1.00
2015.12.14 13:13:26.408,1.52352,1.52374,2.02,1.00
2015.12.14 13:13:26.459,1.52354,1.52376,1.00,1.12
2015.12.14 13:13:26.561,1.52355,1.52378,1.37,1.57
2015.12.14 13:13:27.069,1.52355,1.52378,1.07,2.62
2015.12.14 13:13:27.221,1.52355,1.52378,1.07,2.62
2015.12.14 13:13:28.177,1.52355,1.52377,1.07,1.00
2015.12.14 13:13:28.433,1.52354,1.52373,1.55,1.37
2015.12.14 13:13:28.535,1.52351,1.52372,1.37,1.50
2015.12.14 13:13:28.587,1.52348,1.52372,2.32,1.50
2015.12.14 13:13:29.160,1.52349,1.52371,1.20,1.00
2015.12.14 13:13:29.691,1.52352,1.52372,1.57,1.37
2015.12.14 13:13:30.250,1.52352,1.52373,1.57,1.00
2015.12.14 13:13:30.747,1.52352,1.52373,1.57,1.37
2015.12.14 13:13:30.849,1.5235,1.52373,1.27,1.50
2015.12.14 13:13:33.536,1.52351,1.5237,1.20,1.00
2015.12.14 13:13:33.587,1.52351,1.5237,1.95,1.00
2015.12.14 13:13:33.841,1.52354,1.52373,1.07,1.12
2015.12.14 13:13:34.212,1.52351,1.5237,1.37,1.00
2015.12.14 13:13:34.517,1.52349,1.52368,1.37,1.00
2015.12.14 13:13:34.822,1.52347,1.52364,1.37,1.37
2015.12.14 13:13:35.442,1.52347,1.52364,1.37,1.00
2015.12.14 13:13:35.748,1.52346,1.52368,1.95,1.87
2015.12.14 13:13:36.104,1.5235,1.52369,1.37,1.50
2015.12.14 13:13:36.410,1.52349,1.52367,1.37,1.50
2015.12.14 13:13:36.916,1.52347,1.52367,1.37,2.62
2015.12.14 13:13:36.967,1.52347,1.52366,1.37,1.12
2015.12.14 13:13:37.120,1.52344,1.52366,2.32,1.75
2015.12.14 13:13:37.628,1.52345,1.52365,1.37,1.37
2015.12.14 13:13:38.154,1.52344,1.52365,1.37,1.50
2015.12.14 13:13:38.714,1.52345,1.52365,1.37,1.87
2015.12.14 13:13:39.002,1.52345,1.5236,1.37,1.00
2015.12.14 13:13:39.517,1.52344,1.52361,1.37,1.00
2015.12.14 13:13:40.027,1.52342,1.5236,1.37,1.00
2015.12.14 13:13:40.130,1.52341,1.52362,1.47,1.12
2015.12.14 13:13:41.016,1.52342,1.52362,1.37,1.12
2015.12.14 13:13:41.923,1.52341,1.52362,1.47,1.12
2015.12.14 13:13:42.440,1.52342,1.52362,1.37,1.12
2015.12.14 13:13:42.495,1.52341,1.52362,1.47,1.12
2015.12.14 13:13:43.521,1.52338,1.52362,1.50,1.12
2015.12.14 13:13:44.032,1.52337,1.52362,3.00,1.87
2015.12.14 13:13:44.083,1.52337,1.52362,3.00,1.87
2015.12.14 13:13:44.971,1.52342,1.52362,1.00,1.00
2015.12.14 13:13:45.073,1.52343,1.52365,1.95,1.37
2015.12.14 13:13:45.124,1.52345,1.52368,1.50,1.00
2015.12.14 13:13:45.277,1.52347,1.52371,1.55,1.12
2015.12.14 13:13:45.784,1.52349,1.52373,1.12,1.37
2015.12.14 13:13:46.038,1.52353,1.52379,1.87,2.25
2015.12.14 13:13:46.140,1.52357,1.52379,1.37,2.62
2015.12.14 13:13:46.445,1.5236,1.52382,1.37,2.62
2015.12.14 13:13:46.598,1.52361,1.52382,1.37,1.87
2015.12.14 13:13:46.917,1.52363,1.52386,1.37,1.12
2015.12.14 13:13:47.323,1.52364,1.52389,1.87,1.50
2015.12.14 13:13:47.578,1.52365,1.52391,1.50,1.47
2015.12.14 13:13:47.908,1.52371,1.52395,2.70,1.50
2015.12.14 13:13:48.419,1.52371,1.52397,1.45,1.82
2015.12.14 13:13:48.742,1.52374,1.52399,1.95,1.95
2015.12.14 13:13:49.271,1.52374,1.52399,2.32,1.95
2015.12.14 13:13:49.423,1.52376,1.52399,1.07,1.87
2015.12.14 13:13:50.473,1.52375,1.524,3.07,1.10
2015.12.14 13:13:50.777,1.52381,1.52404,1.00,1.37
2015.12.14 13:13:51.112,1.52382,1.52406,3.75,1.87
2015.12.14 13:13:51.630,1.52382,1.52406,3.75,1.87
2015.12.14 13:13:52.516,1.52392,1.5241,2.70,1.00
2015.12.14 13:13:52.568,1.52392,1.52412,2.70,1.50
2015.12.14 13:13:52.721,1.52392,1.52416,1.75,2.77
2015.12.14 13:13:53.128,1.52394,1.52418,1.12,1.37
2015.12.14 13:13:53.281,1.52392,1.52414,1.50,1.20
2015.12.14 13:13:53.404,1.52388,1.52412,1.57,1.37
2015.12.14 13:13:53.814,1.52387,1.52411,2.32,2.62
2015.12.14 13:13:54.017,1.52388,1.5241,1.47,1.00
2015.12.14 13:13:54.271,1.52391,1.5241,1.00,1.00
2015.12.14 13:13:54.322,1.52387,1.5241,1.52,1.00
2015.12.14 13:13:55.033,1.52388,1.5241,1.65,1.00
2015.12.14 13:13:55.185,1.52389,1.52413,1.55,1.12
2015.12.14 13:13:55.439,1.52391,1.52413,1.52,1.12
2015.12.14 13:13:56.838,1.52392,1.52415,1.95,1.37
2015.12.14 13:13:56.889,1.52392,1.52415,1.95,1.00
2015.12.14 13:13:56.992,1.52395,1.52417,1.12,1.00
2015.12.14 13:13:57.095,1.52398,1.52421,1.65,1.75
2015.12.14 13:13:57.147,1.52402,1.52423,1.37,1.37
2015.12.14 13:13:57.453,1.52409,1.52416,1.37,1.00
2015.12.14 13:13:57.555,1.52399,1.52416,1.37,1.57
2015.12.14 13:13:57.606,1.52399,1.52413,1.00,1.10
2015.12.14 13:13:57.773,1.5239,1.5241,1.92,1.00
2015.12.14 13:13:57.825,1.52389,1.5241,1.20,1.00
2015.12.14 13:13:57.978,1.5239,1.52412,1.20,1.12
2015.12.14 13:13:58.132,1.52394,1.52412,1.10,1.37
2015.12.14 13:13:58.656,1.52394,1.5241,1.10,1.00
2015.12.14 13:13:59.165,1.52392,1.5241,1.37,1.00
2015.12.14 13:13:59.317,1.52392,1.52414,1.37,1.50
2015.12.14 13:13:59.421,1.52393,1.52414,1.87,1.50
2015.12.14 13:13:59.636,1.52391,1.52414,1.57,1.00
2015.12.14 13:13:59.688,1.52391,1.52416,1.57,1.00
2015.12.14 13:13:59.739,1.52393,1.52417,1.87,1.00
2015.12.14 13:14:00.052,1.52401,1.52418,1.37,1.00
2015.12.14 13:14:00.256,1.52398,1.52418,1.47,1.00
2015.12.14 13:14:00.307,1.52398,1.52413,1.47,1.00
2015.12.14 13:14:00.565,1.52396,1.52416,1.57,1.00
2015.12.14 13:14:00.789,1.52398,1.52418,1.57,1.37
2015.12.14 13:14:00.942,1.52401,1.52424,2.32,1.00
2015.12.14 13:14:01.400,1.52404,1.52422,1.52,1.00
2015.12.14 13:14:01.711,1.52405,1.52426,1.20,2.62
2015.12.14 13:14:01.873,1.52397,1.52423,2.70,1.95
2015.12.14 13:14:01.924,1.52397,1.52422,1.47,1.07
2015.12.14 13:14:01.976,1.52395,1.52418,1.50,2.25
2015.12.14 13:14:02.281,1.52385,1.52409,1.47,1.75
2015.12.14 13:14:02.832,1.52384,1.52407,2.32,1.12
2015.12.14 13:14:03.141,1.52383,1.52404,1.87,1.12
2015.12.14 13:14:03.713,1.52386,1.52403,1.37,1.00
2015.12.14 13:14:04.029,1.52395,1.52414,1.12,1.37
2015.12.14 13:14:04.131,1.5239,1.52411,1.75,1.37
2015.12.14 13:14:04.183,1.52393,1.52409,1.37,1.87
2015.12.14 13:14:04.285,1.52391,1.52406,1.37,1.00
2015.12.14 13:14:04.425,1.52382,1.52401,1.45,1.00
2015.12.14 13:14:04.477,1.52379,1.52393,1.52,1.00
2015.12.14 13:14:04.732,1.52376,1.52392,1.45,1.00
2015.12.14 13:14:04.937,1.52383,1.52392,1.00,1.00
2015.12.14 13:14:04.988,1.52384,1.52401,1.00,1.57
2015.12.14 13:14:05.040,1.52384,1.52403,1.75,1.75
2015.12.14 13:14:05.092,1.52388,1.52407,1.37,3.00
2015.12.14 13:14:05.144,1.52388,1.52403,1.37,1.00
2015.12.14 13:14:05.195,1.52385,1.52403,1.55,1.12
2015.12.14 13:14:05.247,1.52385,1.524,1.37,1.12
2015.12.14 13:14:05.352,1.52381,1.524,1.37,1.50
2015.12.14 13:14:05.454,1.5238,1.524,1.37,1.12
2015.12.14 13:14:05.659,1.52386,1.52404,1.00,1.27
2015.12.14 13:14:05.711,1.52386,1.52405,1.17,1.12
2015.12.14 13:14:05.814,1.52386,1.52406,1.17,1.00
2015.12.14 13:14:05.866,1.52395,1.5241,1.00,1.12
2015.12.14 13:14:05.918,1.52389,1.52411,1.17,1.00
2015.12.14 13:14:05.970,1.52394,1.52411,1.00,1.00
2015.12.14 13:14:06.021,1.52394,1.52414,1.00,1.30
2015.12.14 13:14:06.123,1.52392,1.52415,1.87,2.62
2015.12.14 13:14:06.174,1.52388,1.52415,1.27,3.75
2015.12.14 13:14:06.290,1.52386,1.52411,1.12,1.87
2015.12.14 13:14:06.342,1.52385,1.52411,1.37,3.07
2015.12.14 13:14:06.393,1.52383,1.52408,1.85,1.87
2015.12.14 13:14:06.445,1.52383,1.52406,1.47,1.47
2015.12.14 13:14:06.497,1.5238,1.52405,1.20,2.32
2015.12.14 13:14:06.753,1.52378,1.52402,1.55,1.57
2015.12.14 13:14:07.058,1.52377,1.52399,2.62,1.50
2015.12.14 13:14:07.373,1.52382,1.52401,1.57,1.87
2015.12.14 13:14:07.678,1.52382,1.5239,1.57,1.00
2015.12.14 13:14:07.730,1.52382,1.52394,1.57,1.00
2015.12.14 13:14:07.781,1.52388,1.52394,1.37,1.00
2015.12.14 13:14:07.934,1.52388,1.52398,1.37,1.00
2015.12.14 13:14:08.090,1.52392,1.52403,1.37,1.50
2015.12.14 13:14:08.243,1.52391,1.52405,1.37,1.00
2015.12.14 13:14:08.346,1.52392,1.52402,1.37,1.00
2015.12.14 13:14:08.602,1.52388,1.52398,1.37,1.00
2015.12.14 13:14:08.755,1.52388,1.52401,1.37,1.00
2015.12.14 13:14:09.092,1.52387,1.52405,1.37,1.50
2015.12.14 13:14:09.144,1.52389,1.52407,1.00,1.00
2015.12.14 13:14:09.196,1.52391,1.52407,1.37,1.00
2015.12.14 13:14:09.501,1.52391,1.52409,1.87,1.50
2015.12.14 13:14:09.554,1.52394,1.52413,1.00,1.75
2015.12.14 13:14:09.606,1.52394,1.52413,1.00,1.75
2015.12.14 13:14:09.708,1.52398,1.52416,1.00,1.50
2015.12.14 13:14:10.233,1.52398,1.52416,1.12,1.12
2015.12.14 13:14:10.539,1.52397,1.52415,1.87,1.50
2015.12.14 13:14:11.711,1.52399,1.52415,1.00,1.37
2015.12.14 13:14:11.763,1.52397,1.5242,1.37,1.87
2015.12.14 13:14:11.815,1.52398,1.5242,1.37,1.87
2015.12.14 13:14:12.121,1.52398,1.52417,1.55,1.00
2015.12.14 13:14:12.648,1.524,1.52418,1.20,1.00
2015.12.14 13:14:12.854,1.52407,1.52428,1.55,1.12
2015.12.14 13:14:12.957,1.52408,1.52429,1.50,1.75
2015.12.14 13:14:13.060,1.52409,1.52429,1.95,1.00
2015.12.14 13:14:13.315,1.52409,1.52425,1.95,1.00
2015.12.14 13:14:13.682,1.52407,1.52425,1.75,1.00
2015.12.14 13:14:13.783,1.52406,1.52426,1.27,1.00
2015.12.14 13:14:13.835,1.52404,1.52426,1.87,1.10
2015.12.14 13:14:13.937,1.52404,1.52426,1.12,1.87
2015.12.14 13:14:14.039,1.52402,1.52425,1.87,1.20
2015.12.14 13:14:14.142,1.52402,1.52424,1.12,1.95
2015.12.14 13:14:14.193,1.52398,1.52421,1.12,1.50
2015.12.14 13:14:14.296,1.52397,1.52417,1.12,1.50
2015.12.14 13:14:14.399,1.52396,1.52418,1.37,2.32
2015.12.14 13:14:14.511,1.52392,1.52418,1.95,2.32
2015.12.14 13:14:14.816,1.52392,1.52412,1.20,1.00
2015.12.14 13:14:14.867,1.52394,1.52418,1.50,2.32
2015.12.14 13:14:14.919,1.52394,1.52418,2.70,1.12
2015.12.14 13:14:15.021,1.52398,1.52418,1.50,1.00
2015.12.14 13:14:15.072,1.524,1.5242,1.17,1.00
2015.12.14 13:14:15.124,1.52402,1.5242,1.37,1.00
2015.12.14 13:14:15.429,1.52405,1.52421,1.95,1.00
2015.12.14 13:14:15.555,1.52408,1.52424,1.57,1.00
2015.12.14 13:14:15.758,1.52408,1.52427,1.55,1.00
2015.12.14 13:14:15.809,1.52409,1.52432,1.45,1.37
2015.12.14 13:14:15.861,1.52409,1.52433,2.25,1.12
2015.12.14 13:14:15.912,1.52413,1.52433,1.07,1.12
2015.12.14 13:14:16.218,1.52409,1.52427,1.85,1.00
2015.12.14 13:14:16.768,1.52408,1.52426,1.37,1.00
2015.12.14 13:14:16.819,1.52408,1.52426,1.00,1.00
2015.12.14 13:14:17.073,1.52408,1.52434,2.25,2.25
2015.12.14 13:14:17.389,1.5241,1.52428,1.47,1.00
2015.12.14 13:14:17.441,1.52408,1.52428,1.57,1.00
2015.12.14 13:14:17.696,1.52404,1.52428,1.75,1.95
2015.12.14 13:14:18.124,1.5241,1.52427,1.75,1.55
2015.12.14 13:14:18.335,1.52411,1.52431,1.50,1.12
2015.12.14 13:14:18.591,1.52409,1.52428,1.00,1.00
2015.12.14 13:14:18.643,1.52409,1.52423,1.00,1.00
2015.12.14 13:14:18.948,1.52408,1.52421,1.00,1.17
2015.12.14 13:14:19.263,1.52408,1.52418,1.00,1.10
2015.12.14 13:14:19.683,1.52408,1.52418,1.00,1.12
2015.12.14 13:14:19.734,1.52401,1.52418,1.00,1.87
2015.12.14 13:14:19.836,1.52393,1.52416,1.37,2.02
2015.12.14 13:14:19.887,1.52393,1.52414,1.12,1.50
2015.12.14 13:14:20.197,1.52399,1.52411,1.00,1.45
2015.12.14 13:14:20.371,1.52396,1.52411,1.00,1.45
2015.12.14 13:14:20.888,1.52395,1.52411,1.00,1.45
2015.12.14 13:14:21.142,1.52397,1.52411,1.00,1.45
2015.12.14 13:14:21.693,1.52396,1.52411,1.00,1.45
2015.12.14 13:14:22.152,1.52394,1.52411,1.00,1.45
2015.12.14 13:14:22.255,1.52399,1.52411,1.00,1.45
2015.12.14 13:14:22.594,1.52394,1.52411,1.00,1.45
2015.12.14 13:14:23.102,1.52394,1.5241,1.00,1.12
2015.12.14 13:14:23.153,1.52394,1.52408,1.00,1.37
2015.12.14 13:14:23.458,1.52389,1.52408,1.00,1.87
2015.12.14 13:14:23.509,1.52386,1.52407,1.12,2.25
2015.12.14 13:14:24.611,1.52385,1.52407,1.50,1.47
2015.12.14 13:14:25.015,1.52393,1.52411,1.75,2.47
2015.12.14 13:14:25.117,1.52405,1.52422,1.37,1.50
2015.12.14 13:14:25.219,1.52405,1.52424,1.95,1.00
2015.12.14 13:14:25.270,1.52408,1.52427,1.45,1.12
2015.12.14 13:14:25.424,1.52413,1.52434,1.37,1.00
2015.12.14 13:14:25.743,1.52411,1.52434,1.37,1.57
2015.12.14 13:14:26.051,1.52401,1.52411,1.87,1.10
2015.12.14 13:14:26.102,1.52398,1.52411,1.00,1.10
2015.12.14 13:14:26.205,1.52394,1.52407,1.00,1.00
2015.12.14 13:14:26.410,1.52391,1.52409,1.00,1.87
2015.12.14 13:14:26.484,1.52391,1.52409,1.00,1.00
2015.12.14 13:14:27.219,1.52389,1.52408,1.12,1.00
2015.12.14 13:14:27.270,1.52387,1.52406,2.25,1.00
2015.12.14 13:14:27.321,1.52384,1.52406,1.12,1.00
2015.12.14 13:14:27.423,1.52383,1.52403,1.37,1.37
2015.12.14 13:14:28.818,1.52384,1.52403,1.87,1.37
2015.12.14 13:14:29.490,1.52384,1.52403,1.12,1.37
2015.12.14 13:14:29.948,1.5238,1.52403,1.37,1.37
2015.12.14 13:14:30.051,1.5238,1.524,1.37,1.47
2015.12.14 13:14:30.359,1.5238,1.52395,1.37,1.12
2015.12.14 13:14:30.563,1.52371,1.52391,2.25,2.25
2015.12.14 13:14:30.818,1.52368,1.5239,1.50,1.57
2015.12.14 13:14:31.339,1.5237,1.5239,1.00,2.32
2015.12.14 13:14:31.441,1.52368,1.5239,1.12,1.00
2015.12.14 13:14:31.492,1.52368,1.52385,1.12,1.00
2015.12.14 13:14:31.797,1.52368,1.52389,1.37,1.00
2015.12.14 13:14:31.848,1.5237,1.52389,1.87,1.00
2015.12.14 13:14:32.172,1.52371,1.52388,2.02,1.00
2015.12.14 13:14:32.376,1.52374,1.5239,1.12,1.00
2015.12.14 13:14:32.732,1.52374,1.52388,1.87,1.00
2015.12.14 13:14:33.138,1.52385,1.52394,1.00,1.12
2015.12.14 13:14:33.250,1.52385,1.52398,1.12,1.87
2015.12.14 13:14:33.304,1.52386,1.52401,1.00,1.50
2015.12.14 13:14:33.406,1.52386,1.52404,1.00,1.00
2015.12.14 13:14:33.917,1.52386,1.52403,1.12,1.00
2015.12.14 13:14:34.421,1.52386,1.52402,1.12,1.00
2015.12.14 13:14:34.844,1.52377,1.52387,1.37,1.00
2015.12.14 13:14:34.946,1.52376,1.52388,1.00,1.50
2015.12.14 13:14:34.997,1.52374,1.52388,1.00,1.50
2015.12.14 13:14:35.106,1.52375,1.52383,1.00,1.37
2015.12.14 13:14:35.158,1.52372,1.52382,1.00,1.37
2015.12.14 13:14:35.260,1.52372,1.5239,1.00,1.37
2015.12.14 13:14:35.311,1.52378,1.5239,1.00,1.37
2015.12.14 13:14:35.362,1.52379,1.52397,1.00,1.27
2015.12.14 13:14:35.413,1.5238,1.52397,1.00,1.37
2015.12.14 13:14:35.516,1.5238,1.52401,1.00,1.12
2015.12.14 13:14:35.567,1.52384,1.52405,1.37,2.02
2015.12.14 13:14:35.874,1.52391,1.52401,1.87,1.00
2015.12.14 13:14:35.988,1.52396,1.52412,1.47,1.12
2015.12.14 13:14:36.141,1.52391,1.52414,1.45,1.50
2015.12.14 13:14:36.192,1.52391,1.52414,1.37,1.50
2015.12.14 13:14:36.498,1.52389,1.52399,1.57,1.00
2015.12.14 13:14:36.829,1.52409,1.52419,1.12,1.37
2015.12.14 13:14:36.880,1.52402,1.52421,1.37,1.00
2015.12.14 13:14:36.983,1.52411,1.5242,1.37,1.00
2015.12.14 13:14:37.086,1.52395,1.52419,2.25,1.57
2015.12.14 13:14:37.188,1.52405,1.52419,1.00,1.57
2015.12.14 13:14:37.290,1.52405,1.52421,1.00,1.37
2015.12.14 13:14:37.342,1.52405,1.52422,1.00,1.00
2015.12.14 13:14:37.444,1.52407,1.52425,1.00,1.50
2015.12.14 13:14:37.496,1.52407,1.52423,1.00,1.00
2015.12.14 13:14:37.835,1.52407,1.52423,1.00,1.37
2015.12.14 13:14:37.886,1.52405,1.52423,1.00,2.25
2015.12.14 13:14:37.939,1.52405,1.52418,1.00,1.00
2015.12.14 13:14:38.094,1.52395,1.52409,1.12,1.00
2015.12.14 13:14:38.197,1.52391,1.52405,1.37,1.00
2015.12.14 13:14:38.509,1.52383,1.52397,1.37,1.00
2015.12.14 13:14:38.563,1.52378,1.52393,1.45,1.00
2015.12.14 13:14:38.665,1.52375,1.52393,1.87,1.00
2015.12.14 13:14:38.717,1.52375,1.52393,1.37,1.37
2015.12.14 13:14:38.769,1.52373,1.52393,1.57,1.37
2015.12.14 13:14:39.277,1.52374,1.52387,1.00,1.00
2015.12.14 13:14:39.457,1.5238,1.52396,1.17,1.00
2015.12.14 13:14:39.712,1.52378,1.52396,1.65,1.00
2015.12.14 13:14:39.764,1.5239,1.52399,1.00,1.00
2015.12.14 13:14:39.866,1.52389,1.52408,1.87,1.00
2015.12.14 13:14:40.020,1.52386,1.52409,1.45,1.12
2015.12.14 13:14:40.071,1.52385,1.52406,1.57,1.00
2015.12.14 13:14:40.396,1.52378,1.52399,1.00,1.17
2015.12.14 13:14:40.448,1.52376,1.52399,1.00,2.32
2015.12.14 13:14:41.174,1.5238,1.524,1.00,1.17
2015.12.14 13:14:41.225,1.52378,1.52402,1.57,1.00
2015.12.14 13:14:41.277,1.5238,1.524,1.10,1.00
2015.12.14 13:14:41.328,1.5238,1.52402,1.10,1.00
2015.12.14 13:14:41.503,1.5238,1.52395,1.10,1.00
2015.12.14 13:14:41.758,1.52376,1.52396,1.52,1.00
2015.12.14 13:14:42.063,1.52375,1.52394,1.87,1.00
2015.12.14 13:14:42.379,1.52373,1.52391,1.55,1.00
2015.12.14 13:14:42.686,1.52372,1.52388,1.37,1.00
2015.12.14 13:14:42.788,1.52369,1.52388,1.47,1.00
2015.12.14 13:14:42.839,1.52369,1.52384,1.47,1.00
2015.12.14 13:14:42.892,1.52368,1.52384,1.12,1.00
2015.12.14 13:14:42.994,1.52364,1.52384,2.02,1.00
2015.12.14 13:14:43.206,1.52362,1.52383,1.95,1.37
2015.12.14 13:14:43.511,1.52361,1.52378,1.47,1.00
2015.12.14 13:14:43.766,1.5236,1.5238,1.37,1.12
2015.12.14 13:14:43.919,1.5236,1.52376,1.37,1.00
2015.12.14 13:14:44.241,1.52359,1.52369,1.47,1.00
2015.12.14 13:14:44.293,1.52353,1.52369,1.57,1.00
2015.12.14 13:14:44.499,1.52353,1.52371,1.57,1.00
2015.12.14 13:14:44.602,1.52355,1.52368,1.10,1.00
2015.12.14 13:14:44.755,1.52353,1.52371,1.37,1.00
2015.12.14 13:14:44.959,1.52353,1.52367,1.37,1.00
2015.12.14 13:14:45.061,1.52352,1.52369,1.87,1.00
2015.12.14 13:14:45.268,1.52351,1.52372,1.52,1.12
2015.12.14 13:14:45.319,1.52351,1.52368,1.52,1.00
2015.12.14 13:14:45.830,1.52352,1.52368,1.37,1.00
2015.12.14 13:14:46.135,1.52352,1.52366,1.37,1.50
2015.12.14 13:14:46.186,1.52348,1.52366,1.57,1.50
2015.12.14 13:14:46.369,1.52347,1.52364,1.87,1.00
2015.12.14 13:14:46.674,1.52347,1.52359,1.87,1.00
2015.12.14 13:14:46.779,1.52342,1.5236,1.50,1.00
2015.12.14 13:14:46.830,1.52342,1.52358,1.50,1.00
2015.12.14 13:14:46.882,1.52337,1.52357,1.87,1.00
2015.12.14 13:14:46.934,1.52337,1.5236,1.87,1.37
2015.12.14 13:14:47.038,1.52337,1.52356,1.37,1.00
2015.12.14 13:14:47.089,1.52335,1.52355,1.37,1.00
2015.12.14 13:14:47.141,1.52335,1.52352,1.37,1.00
2015.12.14 13:14:47.248,1.52329,1.52352,1.87,1.50
2015.12.14 13:14:47.299,1.52327,1.5235,1.00,1.10
2015.12.14 13:14:47.350,1.52327,1.5235,1.00,1.47
2015.12.14 13:14:47.656,1.52324,1.52342,1.87,1.00
2015.12.14 13:14:47.707,1.52324,1.52346,1.12,1.37
2015.12.14 13:14:47.759,1.52324,1.52347,1.12,1.00
2015.12.14 13:14:47.861,1.52325,1.52337,1.57,1.00
2015.12.14 13:14:48.230,1.52324,1.52335,1.47,1.00
2015.12.14 13:14:48.537,1.52323,1.52333,1.37,1.00
2015.12.14 13:14:48.845,1.52323,1.52337,1.37,1.00
2015.12.14 13:14:49.049,1.52323,1.52335,1.55,1.00
2015.12.14 13:14:49.405,1.52323,1.52337,1.37,1.00
2015.12.14 13:14:49.509,1.52323,1.52333,1.37,1.00
2015.12.14 13:14:49.611,1.52322,1.52336,1.47,1.00
2015.12.14 13:14:49.713,1.52318,1.52335,1.50,1.12
2015.12.14 13:14:49.765,1.52317,1.52335,1.12,1.12
2015.12.14 13:14:49.918,1.52315,1.52334,1.00,1.17
2015.12.14 13:14:50.276,1.52327,1.52345,3.75,1.50
2015.12.14 13:14:50.380,1.52341,1.5235,1.00,1.75
2015.12.14 13:14:50.493,1.52337,1.52353,1.00,1.00
2015.12.14 13:14:50.545,1.52337,1.52351,1.00,1.00
2015.12.14 13:14:50.596,1.5233,1.5235,1.50,1.45
2015.12.14 13:14:50.699,1.52328,1.5234,1.00,1.12
2015.12.14 13:14:50.751,1.52321,1.52337,1.87,1.10
2015.12.14 13:14:50.803,1.52324,1.52335,1.00,1.12
2015.12.14 13:14:50.854,1.52322,1.52333,1.12,1.57
2015.12.14 13:14:50.905,1.52318,1.52327,1.27,1.12
2015.12.14 13:14:51.173,1.52315,1.52325,1.00,1.12
2015.12.14 13:14:51.225,1.52311,1.52324,1.00,1.57
2015.12.14 13:14:51.530,1.5231,1.52324,1.87,1.20
2015.12.14 13:14:51.581,1.5231,1.52324,1.50,2.32
2015.12.14 13:14:51.633,1.52307,1.52321,1.00,1.50
2015.12.14 13:14:51.786,1.5231,1.52321,1.00,1.00
2015.12.14 13:14:52.108,1.5232,1.52326,1.00,1.37
2015.12.14 13:14:52.262,1.52343,1.52348,1.00,1.50
2015.12.14 13:14:52.314,1.52341,1.52345,1.00,1.50
2015.12.14 13:14:52.366,1.52338,1.52356,1.37,1.87
2015.12.14 13:14:52.418,1.52338,1.52356,1.37,1.00
2015.12.14 13:14:52.520,1.52334,1.52355,1.00,1.37
2015.12.14 13:14:52.571,1.52339,1.52355,1.00,1.55
2015.12.14 13:14:52.686,1.52331,1.5235,1.00,1.17
2015.12.14 13:14:52.941,1.52329,1.52349,1.50,1.12
2015.12.14 13:14:53.094,1.5233,1.52347,1.00,1.00
2015.12.14 13:14:53.399,1.52332,1.52337,1.00,1.00
2015.12.14 13:14:53.560,1.52318,1.52334,1.95,1.00
2015.12.14 13:14:53.714,1.52315,1.52333,1.00,1.00
2015.12.14 13:14:53.816,1.52317,1.52331,1.00,1.00
2015.12.14 13:14:54.122,1.52339,1.52345,2.25,1.37
2015.12.14 13:14:54.224,1.52341,1.52354,2.25,1.50
2015.12.14 13:14:54.358,1.5235,1.52354,1.00,1.50
2015.12.14 13:14:54.410,1.52346,1.52355,1.00,1.00
2015.12.14 13:14:54.616,1.52342,1.52357,1.12,1.00
2015.12.14 13:14:54.668,1.52342,1.5236,1.45,1.00
2015.12.14 13:14:54.719,1.52341,1.52352,1.12,1.00
2015.12.14 13:14:54.771,1.5234,1.52352,1.37,1.00
2015.12.14 13:14:54.924,1.52337,1.52353,1.00,1.00
2015.12.14 13:14:55.078,1.52335,1.5235,1.00,1.00
2015.12.14 13:14:55.242,1.52328,1.52346,1.00,1.00
2015.12.14 13:14:55.345,1.52325,1.52344,1.12,1.12
2015.12.14 13:14:55.397,1.52325,1.52342,1.00,1.00
2015.12.14 13:14:55.703,1.52336,1.52353,1.37,1.57
2015.12.14 13:14:56.020,1.52346,1.52358,1.00,1.75
2015.12.14 13:14:56.224,1.52343,1.52354,1.00,1.27
2015.12.14 13:14:56.327,1.52342,1.52353,1.00,1.55
2015.12.14 13:14:56.633,1.5234,1.52346,1.00,1.00
2015.12.14 13:14:56.940,1.52342,1.52348,1.00,1.00
2015.12.14 13:14:57.093,1.52341,1.52347,1.00,1.00
2015.12.14 13:14:57.246,1.52337,1.52346,1.00,1.00
2015.12.14 13:14:57.298,1.52337,1.52343,1.00,1.17
2015.12.14 13:14:57.349,1.52325,1.52339,1.00,1.00
2015.12.14 13:14:57.401,1.52322,1.52336,1.00,1.37
2015.12.14 13:14:57.606,1.52325,1.52338,1.00,1.00
2015.12.14 13:14:57.825,1.52324,1.52336,1.00,1.00
2015.12.14 13:14:57.889,1.52322,1.52336,1.00,1.00
2015.12.14 13:14:58.042,1.5232,1.52338,1.47,1.00
2015.12.14 13:14:58.144,1.52323,1.52338,1.00,1.00
2015.12.14 13:14:58.297,1.5232,1.5234,1.50,1.00
2015.12.14 13:14:58.686,1.5232,1.5234,1.75,1.00
2015.12.14 13:14:59.042,1.52327,1.52336,1.37,1.00
2015.12.14 13:14:59.093,1.52327,1.52346,1.37,1.00
2015.12.14 13:14:59.145,1.5233,1.52344,1.00,1.00
2015.12.14 13:14:59.196,1.52325,1.52349,1.00,1.57
2015.12.14 13:14:59.247,1.52325,1.52345,1.37,1.12
2015.12.14 13:14:59.616,1.52319,1.5233,1.00,1.75
2015.12.14 13:14:59.986,1.5231,1.52331,1.00,2.25
2015.12.14 13:15:00.037,1.5231,1.5232,1.00,1.00
2015.12.14 13:15:00.088,1.52306,1.52321,2.25,1.00
2015.12.14 13:15:00.228,1.52309,1.52321,1.00,1.50
2015.12.14 13:15:00.280,1.52305,1.52317,1.00,1.00
2015.12.14 13:15:00.383,1.52302,1.52313,1.00,1.00
2015.12.14 13:15:00.487,1.52302,1.52318,1.00,1.87
2015.12.14 13:15:00.539,1.5231,1.52318,1.00,1.50
2015.12.14 13:15:00.590,1.5231,1.52318,1.00,1.00
2015.12.14 13:15:00.641,1.52316,1.52321,1.00,1.00
2015.12.14 13:15:00.743,1.52321,1.52329,1.00,1.37
2015.12.14 13:15:00.795,1.52319,1.52329,1.00,1.37
2015.12.14 13:15:00.920,1.5232,1.52335,1.00,1.37
2015.12.14 13:15:01.022,1.52318,1.52338,1.00,1.17
2015.12.14 13:15:01.124,1.52318,1.52336,1.00,1.75
2015.12.14 13:15:01.429,1.52309,1.52317,1.00,1.00
2015.12.14 13:15:01.480,1.52306,1.52317,1.00,1.00
2015.12.14 13:15:01.532,1.52308,1.52323,1.00,1.07
2015.12.14 13:15:01.583,1.52306,1.52323,1.00,1.07
2015.12.14 13:15:01.635,1.52308,1.52323,1.00,1.07
2015.12.14 13:15:01.753,1.52305,1.52323,1.00,1.07
2015.12.14 13:15:01.906,1.52307,1.52324,1.00,1.07
2015.12.14 13:15:02.213,1.52309,1.52324,1.00,1.00
2015.12.14 13:15:02.468,1.52322,1.52338,1.00,1.00
2015.12.14 13:15:02.686,1.52319,1.52337,1.00,1.00
2015.12.14 13:15:02.891,1.52323,1.52335,1.00,1.00
2015.12.14 13:15:02.994,1.52323,1.52337,1.00,1.00
2015.12.14 13:15:03.045,1.52321,1.52337,1.00,1.00
2015.12.14 13:15:03.249,1.52321,1.52337,1.00,1.57
2015.12.14 13:15:03.469,1.52315,1.52333,1.00,1.50
2015.12.14 13:15:03.571,1.5231,1.52331,1.87,1.10
2015.12.14 13:15:03.673,1.52312,1.52333,1.00,1.50
2015.12.14 13:15:04.182,1.52311,1.52334,1.00,1.10
2015.12.14 13:15:04.495,1.52313,1.52334,1.00,1.00
2015.12.14 13:15:04.547,1.52313,1.52337,1.17,1.87
2015.12.14 13:15:04.599,1.52315,1.52338,1.00,1.50
2015.12.14 13:15:04.650,1.52315,1.52338,1.20,1.00
2015.12.14 13:15:04.956,1.52317,1.52336,2.02,1.00
2015.12.14 13:15:05.111,1.52317,1.52338,1.37,1.00
2015.12.14 13:15:05.162,1.52321,1.5234,1.00,1.00
2015.12.14 13:15:05.477,1.52322,1.52334,1.27,1.00
2015.12.14 13:15:05.578,1.52313,1.52334,1.00,1.37
2015.12.14 13:15:05.630,1.52315,1.52337,1.00,2.25
2015.12.14 13:15:05.783,1.52316,1.52337,1.00,1.00
2015.12.14 13:15:05.834,1.52316,1.5234,1.00,1.20
2015.12.14 13:15:05.937,1.52321,1.52343,1.00,2.62
2015.12.14 13:15:06.254,1.52319,1.52336,1.00,1.00
2015.12.14 13:15:06.407,1.52315,1.52339,1.85,1.17
2015.12.14 13:15:06.458,1.52313,1.52337,1.95,1.00
2015.12.14 13:15:06.510,1.52315,1.52337,1.50,1.00
2015.12.14 13:15:06.815,1.52315,1.52332,3.07,1.50
2015.12.14 13:15:07.334,1.52315,1.52332,1.27,1.00
2015.12.14 13:15:07.867,1.52322,1.52338,1.00,1.00
2015.12.14 13:15:08.180,1.52323,1.52341,1.20,1.00
2015.12.14 13:15:08.485,1.52328,1.52342,1.00,1.00
2015.12.14 13:15:08.537,1.52323,1.52343,1.95,1.00
2015.12.14 13:15:08.691,1.52328,1.52343,1.00,1.00
2015.12.14 13:15:08.743,1.52324,1.52342,1.37,1.00
2015.12.14 13:15:08.846,1.52321,1.52341,1.87,1.20
2015.12.14 13:15:09.190,1.5232,1.52335,1.00,1.12
2015.12.14 13:15:09.397,1.52314,1.5233,1.00,1.47
2015.12.14 13:15:09.450,1.52309,1.5233,1.00,1.47
2015.12.14 13:15:09.502,1.52308,1.52324,1.00,1.12
2015.12.14 13:15:09.656,1.52302,1.52322,1.00,1.65
2015.12.14 13:15:09.859,1.523,1.52313,1.00,1.00
2015.12.14 13:15:10.080,1.523,1.52322,1.00,2.02
2015.12.14 13:15:10.132,1.52299,1.5232,1.00,1.37
2015.12.14 13:15:10.285,1.52295,1.52317,1.00,1.10
2015.12.14 13:15:10.489,1.52296,1.52317,1.07,1.00
2015.12.14 13:15:10.996,1.52297,1.52316,1.55,1.00
2015.12.14 13:15:11.319,1.52299,1.52321,1.00,1.57
2015.12.14 13:15:11.371,1.52297,1.5231,1.10,1.00
2015.12.14 13:15:11.524,1.5229,1.52307,2.62,1.00
2015.12.14 13:15:11.576,1.52286,1.52306,1.37,1.10
2015.12.14 13:15:11.627,1.52285,1.52306,1.37,2.02
2015.12.14 13:15:11.830,1.52281,1.52301,1.00,1.95
2015.12.14 13:15:11.882,1.52284,1.52301,1.00,1.20
2015.12.14 13:15:12.132,1.52276,1.52294,1.10,1.00
2015.12.14 13:15:12.235,1.52274,1.52294,1.20,1.50
2015.12.14 13:15:12.287,1.52271,1.52291,1.65,1.00
2015.12.14 13:15:12.338,1.52275,1.52291,1.00,1.00
2015.12.14 13:15:12.390,1.52272,1.52295,1.00,1.95
2015.12.14 13:15:12.543,1.52269,1.52285,1.47,1.00
2015.12.14 13:15:12.645,1.52269,1.52285,1.00,1.00
2015.12.14 13:15:12.798,1.52271,1.52285,1.00,1.12
2015.12.14 13:15:12.994,1.52271,1.52288,1.00,1.57
2015.12.14 13:15:13.510,1.52272,1.52289,1.12,1.87
2015.12.14 13:15:13.818,1.52272,1.52292,1.00,1.57
2015.12.14 13:15:13.869,1.52275,1.52292,1.00,1.57
2015.12.14 13:15:14.194,1.52284,1.52297,1.00,1.50
2015.12.14 13:15:14.245,1.52284,1.52299,1.00,1.55
2015.12.14 13:15:14.296,1.52286,1.52301,1.00,1.50
2015.12.14 13:15:14.399,1.52284,1.52301,1.00,1.50
2015.12.14 13:15:15.480,1.52282,1.52301,1.00,2.25
2015.12.14 13:15:16.315,1.52281,1.52299,1.00,1.20
2015.12.14 13:15:16.621,1.5228,1.52296,1.00,1.00
2015.12.14 13:15:16.826,1.5227,1.5229,1.50,1.47
2015.12.14 13:15:16.877,1.5227,1.52283,1.00,1.75
2015.12.14 13:15:16.928,1.52266,1.52283,1.37,1.75
2015.12.14 13:15:17.081,1.52266,1.5228,1.00,1.12
2015.12.14 13:15:17.183,1.52263,1.5228,1.00,1.50
2015.12.14 13:15:17.459,1.5226,1.5228,1.50,3.00
2015.12.14 13:15:17.561,1.52263,1.52278,1.00,1.20
2015.12.14 13:15:17.970,1.52263,1.52281,1.00,1.95
2015.12.14 13:15:18.125,1.52265,1.5228,1.00,1.07
2015.12.14 13:15:18.438,1.52277,1.52284,1.00,1.37
2015.12.14 13:15:18.490,1.52279,1.5229,1.00,1.87
2015.12.14 13:15:18.541,1.52284,1.52298,1.00,1.50
2015.12.14 13:15:18.592,1.52289,1.523,1.00,1.37
2015.12.14 13:15:18.746,1.52296,1.52307,1.00,1.12
2015.12.14 13:15:18.797,1.52296,1.52309,1.00,1.00
2015.12.14 13:15:18.899,1.52299,1.5231,1.00,1.00
2015.12.14 13:15:18.951,1.52299,1.52315,1.00,1.10
2015.12.14 13:15:19.002,1.52295,1.52315,1.00,1.10
2015.12.14 13:15:19.054,1.52295,1.52319,1.10,1.12
2015.12.14 13:15:19.309,1.52298,1.52316,1.00,1.00
2015.12.14 13:15:19.614,1.52296,1.52311,1.00,1.00
2015.12.14 13:15:19.926,1.52297,1.52307,1.00,1.00
2015.12.14 13:15:20.029,1.52298,1.52309,1.00,1.00
2015.12.14 13:15:20.130,1.52298,1.52311,1.00,1.00
2015.12.14 13:15:20.283,1.523,1.5231,1.00,1.00
2015.12.14 13:15:20.588,1.52302,1.52309,1.00,1.00
2015.12.14 13:15:20.690,1.52304,1.52313,1.00,1.00
2015.12.14 13:15:20.792,1.52304,1.5231,1.00,1.00
2015.12.14 13:15:20.894,1.52302,1.52309,1.00,1.00
2015.12.14 13:15:21.280,1.52299,1.52309,1.00,1.00
2015.12.14 13:15:21.331,1.52299,1.52314,1.00,1.20
2015.12.14 13:15:21.485,1.52302,1.52314,1.00,1.50
2015.12.14 13:15:21.537,1.52298,1.52314,1.00,1.50
2015.12.14 13:15:21.893,1.52298,1.52312,1.00,1.00
2015.12.14 13:15:22.232,1.523,1.5231,1.00,1.00
2015.12.14 13:15:22.334,1.52298,1.52312,1.12,1.00
2015.12.14 13:15:22.759,1.52298,1.52314,1.00,1.50
2015.12.14 13:15:22.863,1.523,1.52314,1.00,1.50
2015.12.14 13:15:22.965,1.52302,1.5232,1.00,1.87
2015.12.14 13:15:23.017,1.52308,1.5232,1.00,1.37
2015.12.14 13:15:23.069,1.5231,1.5232,1.00,1.00
2015.12.14 13:15:23.197,1.52318,1.52329,1.00,1.12
2015.12.14 13:15:23.300,1.5232,1.52339,1.00,1.12
2015.12.14 13:15:23.352,1.52323,1.52339,1.00,1.12
2015.12.14 13:15:23.403,1.52326,1.52345,1.00,1.95
2015.12.14 13:15:23.506,1.52329,1.52343,1.00,1.75
2015.12.14 13:15:23.608,1.52331,1.52349,1.00,1.27
2015.12.14 13:15:23.660,1.52333,1.5235,1.00,1.20
2015.12.14 13:15:23.865,1.52334,1.52353,1.00,1.95
2015.12.14 13:15:24.077,1.52332,1.52352,1.00,1.20
2015.12.14 13:15:24.129,1.52332,1.52348,1.00,1.12
2015.12.14 13:15:24.436,1.52334,1.52349,1.00,1.12
2015.12.14 13:15:24.487,1.52337,1.52352,1.00,1.10
2015.12.14 13:15:24.589,1.52337,1.52357,1.00,1.37
2015.12.14 13:15:24.641,1.52337,1.52359,1.00,1.65
2015.12.14 13:15:24.692,1.52335,1.52358,1.12,1.00
2015.12.14 13:15:24.743,1.52333,1.52356,1.50,1.37
2015.12.14 13:15:24.846,1.52329,1.5235,1.07,1.00
2015.12.14 13:15:24.898,1.52327,1.52341,1.37,1.87
2015.12.14 13:15:24.994,1.52326,1.52336,1.12,1.00
2015.12.14 13:15:25.046,1.52319,1.52336,1.00,1.00
2015.12.14 13:15:25.099,1.52319,1.52336,1.00,1.50
2015.12.14 13:15:25.355,1.52319,1.52339,1.00,2.62
2015.12.14 13:15:25.712,1.52317,1.52338,1.00,1.87
2015.12.14 13:15:25.764,1.52317,1.52336,1.00,1.07
2015.12.14 13:15:26.029,1.52315,1.52335,1.00,1.45
2015.12.14 13:15:26.234,1.52315,1.52328,1.00,1.00
2015.12.14 13:15:26.336,1.52315,1.5233,1.00,1.00
2015.12.14 13:15:26.387,1.52315,1.52336,1.00,1.20
2015.12.14 13:15:26.591,1.52317,1.52333,1.00,1.00
2015.12.14 13:15:27.232,1.52317,1.52336,1.00,1.20
2015.12.14 13:15:27.648,1.52319,1.52337,1.00,1.12
2015.12.14 13:15:27.699,1.52322,1.52337,1.00,1.12
2015.12.14 13:15:27.751,1.52322,1.52339,1.00,1.10
2015.12.14 13:15:27.971,1.52328,1.52342,1.00,1.00
2015.12.14 13:15:28.023,1.52329,1.5235,1.12,2.62
2015.12.14 13:15:28.228,1.52329,1.52354,1.12,2.02
2015.12.14 13:15:28.382,1.52331,1.52354,1.00,1.95
2015.12.14 13:15:28.589,1.52328,1.52352,1.00,1.12
2015.12.14 13:15:28.641,1.52331,1.52351,1.00,1.87
2015.12.14 13:15:28.891,1.52328,1.52352,1.12,1.47
2015.12.14 13:15:28.943,1.52331,1.52352,1.00,1.95
2015.12.14 13:15:29.147,1.52326,1.52349,1.10,1.57
2015.12.14 13:15:29.663,1.52326,1.52347,1.00,1.00
2015.12.14 13:15:29.973,1.52324,1.52347,1.00,1.07
2015.12.14 13:15:30.075,1.52322,1.52346,1.00,2.25
2015.12.14 13:15:30.382,1.52326,1.52349,1.00,1.95
2015.12.14 13:15:30.690,1.5233,1.52351,1.00,1.55
2015.12.14 13:15:31.193,1.52329,1.52352,1.00,1.57
2015.12.14 13:15:31.498,1.52327,1.52346,1.20,1.00
2015.12.14 13:15:31.822,1.52325,1.52344,1.95,1.00
2015.12.14 13:15:32.139,1.52329,1.52344,1.00,1.00
2015.12.14 13:15:32.241,1.52328,1.52351,1.00,1.50
2015.12.14 13:15:32.292,1.52328,1.52352,1.00,1.95
2015.12.14 13:15:32.344,1.52331,1.52352,1.00,1.95
2015.12.14 13:15:32.599,1.52328,1.52351,1.00,1.57
2015.12.14 13:15:32.937,1.52325,1.52347,1.00,1.87
2015.12.14 13:15:33.090,1.52323,1.52347,1.00,2.62
2015.12.14 13:15:33.142,1.52323,1.52345,1.00,1.47
2015.12.14 13:15:33.450,1.52325,1.52345,1.00,1.50
2015.12.14 13:15:33.992,1.52324,1.52345,1.00,1.50
2015.12.14 13:15:34.351,1.52326,1.52345,1.00,1.12
2015.12.14 13:15:34.860,1.52325,1.52345,1.00,1.45
2015.12.14 13:15:35.305,1.52327,1.52346,1.00,1.75
2015.12.14 13:15:35.458,1.52328,1.52347,1.00,1.20
2015.12.14 13:15:35.510,1.52331,1.52347,1.00,1.20
2015.12.14 13:15:36.019,1.52331,1.52351,1.00,1.45
2015.12.14 13:15:36.435,1.52328,1.52351,1.00,1.45
2015.12.14 13:15:36.740,1.52326,1.5235,1.00,1.45
2015.12.14 13:15:37.098,1.5233,1.5235,1.00,1.95
2015.12.14 13:15:37.278,1.5233,1.52353,1.10,1.87
2015.12.14 13:15:37.799,1.52329,1.52352,1.00,2.40
2015.12.14 13:15:38.154,1.52334,1.52352,1.00,1.65
2015.12.14 13:15:38.366,1.52337,1.52357,1.00,1.00
2015.12.14 13:15:38.873,1.52337,1.52358,1.00,1.00
2015.12.14 13:15:38.978,1.52337,1.52358,1.20,1.00
2015.12.14 13:15:39.282,1.52342,1.52359,1.00,1.00
2015.12.14 13:15:39.384,1.52342,1.52364,1.00,1.57
2015.12.14 13:15:40.014,1.52339,1.52362,1.00,1.27
2015.12.14 13:15:40.065,1.52338,1.52362,1.00,2.32
2015.12.14 13:15:40.321,1.52336,1.52359,1.00,1.57
2015.12.14 13:15:40.424,1.52336,1.52359,1.00,2.32
2015.12.14 13:15:40.952,1.52336,1.52357,1.00,1.10
2015.12.14 13:15:42.127,1.52339,1.52357,1.00,1.10
2015.12.14 13:15:42.432,1.52353,1.5237,1.00,1.57
2015.12.14 13:15:42.733,1.52353,1.52374,1.00,1.12
2015.12.14 13:15:42.987,1.52351,1.52374,1.12,2.20
2015.12.14 13:15:43.089,1.52354,1.52374,1.00,2.20
2015.12.14 13:15:44.065,1.52355,1.52371,1.00,1.20
2015.12.14 13:15:44.167,1.52355,1.52375,1.00,1.50
2015.12.14 13:15:44.218,1.52353,1.52375,1.00,1.50
2015.12.14 13:15:44.473,1.52354,1.5237,1.00,1.47
2015.12.14 13:15:44.626,1.52355,1.52376,1.00,1.12
2015.12.14 13:15:44.677,1.52359,1.52378,1.00,1.85
2015.12.14 13:15:44.728,1.52357,1.52378,1.50,1.57
2015.12.14 13:15:44.871,1.52354,1.52378,1.00,1.95
2015.12.14 13:15:45.379,1.52354,1.52376,1.00,1.17
2015.12.14 13:15:45.835,1.52353,1.52371,1.00,1.00
2015.12.14 13:15:45.887,1.52351,1.52375,3.52,1.57
2015.12.14 13:15:46.409,1.52352,1.52373,1.00,1.00
2015.12.14 13:15:46.462,1.52354,1.52373,1.00,1.00
2015.12.14 13:15:46.666,1.52351,1.52373,1.50,1.20
2015.12.14 13:15:46.921,1.5235,1.52371,1.87,1.12
2015.12.14 13:15:47.024,1.52351,1.52373,1.12,1.20
2015.12.14 13:15:47.452,1.52351,1.52375,1.20,1.07
2015.12.14 13:15:47.961,1.52351,1.52375,2.40,1.00
2015.12.14 13:15:49.210,1.52352,1.52377,1.10,1.57
2015.12.14 13:15:49.623,1.52351,1.52372,1.17,1.00
2015.12.14 13:15:50.174,1.52348,1.52371,1.95,1.00
2015.12.14 13:15:50.683,1.52348,1.5237,1.95,1.00
2015.12.14 13:15:50.988,1.52346,1.52365,1.07,1.00
2015.12.14 13:15:51.172,1.52344,1.52365,1.57,1.00
2015.12.14 13:15:51.224,1.52344,1.52363,1.52,1.00
2015.12.14 13:15:51.887,1.52345,1.52363,1.57,1.00
2015.12.14 13:15:52.344,1.52345,1.52365,1.57,1.00
2015.12.14 13:15:52.623,1.52345,1.52368,1.57,1.50
2015.12.14 13:15:53.435,1.52345,1.52371,1.57,2.77
2015.12.14 13:15:53.955,1.52344,1.5237,2.77,1.75
2015.12.14 13:15:54.311,1.52347,1.5237,1.00,1.75
2015.12.14 13:15:54.794,1.52343,1.52368,1.87,1.12
2015.12.14 13:15:54.845,1.52343,1.52368,1.27,1.12
2015.12.14 13:15:54.929,1.52343,1.52365,1.27,1.00
2015.12.14 13:15:55.437,1.52343,1.52365,1.57,1.50
2015.12.14 13:15:56.113,1.52342,1.52367,1.65,1.00
2015.12.14 13:15:56.330,1.52342,1.52365,1.65,1.00
2015.12.14 13:15:56.432,1.52342,1.52367,1.65,1.50
2015.12.14 13:15:56.787,1.52342,1.52367,1.82,1.00
2015.12.14 13:15:57.635,1.52343,1.52366,1.50,1.00
2015.12.14 13:15:57.788,1.52347,1.52369,1.47,1.00
2015.12.14 13:15:57.839,1.52347,1.5237,1.85,1.50
2015.12.14 13:15:58.043,1.52348,1.52372,1.50,1.57
2015.12.14 13:15:58.094,1.52348,1.52368,1.50,1.00
2015.12.14 13:15:58.348,1.52347,1.52371,1.37,1.17
2015.12.14 13:15:58.875,1.52347,1.52372,2.25,1.65
2015.12.14 13:15:59.278,1.52347,1.52369,2.32,1.00
2015.12.14 13:16:00.247,1.52347,1.52369,2.32,1.00
2015.12.14 13:16:00.755,1.52346,1.5237,2.62,1.00
2015.12.14 13:16:01.622,1.52349,1.52372,1.10,1.10
2015.12.14 13:16:01.774,1.52346,1.5237,1.50,1.37
2015.12.14 13:16:02.090,1.52346,1.5237,1.10,1.75
2015.12.14 13:16:02.498,1.52345,1.52366,1.47,2.62
2015.12.14 13:16:03.245,1.52344,1.52363,1.37,1.50
2015.12.14 13:16:03.501,1.52341,1.5236,1.57,1.00
2015.12.14 13:16:03.755,1.52338,1.5236,1.45,1.00
2015.12.14 13:16:04.735,1.52337,1.5236,1.45,1.50
2015.12.14 13:16:05.558,1.52336,1.52359,1.57,1.00
2015.12.14 13:16:06.066,1.52338,1.52362,1.17,1.00
2015.12.14 13:16:06.422,1.52337,1.52358,1.20,1.00
2015.12.14 13:16:06.534,1.52337,1.52361,1.20,1.00
2015.12.14 13:16:08.023,1.52337,1.52359,1.20,1.00
2015.12.14 13:16:09.196,1.52338,1.52362,1.17,1.00
2015.12.14 13:16:10.136,1.52337,1.52361,1.20,1.00
2015.12.14 13:16:11.871,1.52337,1.52359,1.20,1.00
2015.12.14 13:16:12.170,1.52337,1.52361,1.20,1.00
2015.12.14 13:16:12.666,1.52337,1.52359,1.95,1.00
2015.12.14 13:16:13.268,1.52337,1.52357,1.95,1.00
2015.12.14 13:16:13.574,1.52335,1.52355,1.07,1.00
2015.12.14 13:16:13.878,1.52334,1.52352,1.95,1.00
2015.12.14 13:16:14.787,1.52335,1.52354,1.55,1.00
2015.12.14 13:16:15.323,1.52338,1.52356,1.37,1.00
2015.12.14 13:16:15.731,1.5234,1.52357,1.37,1.00
2015.12.14 13:16:16.267,1.52341,1.52358,1.50,1.00
2015.12.14 13:16:16.571,1.52345,1.52358,1.37,1.00
2015.12.14 13:16:16.622,1.52345,1.5236,1.37,1.00
2015.12.14 13:16:17.797,1.52345,1.52358,1.37,1.00
2015.12.14 13:16:17.848,1.52342,1.5236,1.37,1.00
2015.12.14 13:16:17.950,1.52342,1.52357,1.37,1.00
2015.12.14 13:16:18.001,1.52342,1.52361,1.37,1.00
2015.12.14 13:16:18.052,1.52338,1.52361,1.37,1.37
2015.12.14 13:16:18.154,1.52339,1.52362,1.37,1.50
2015.12.14 13:16:18.256,1.52342,1.52362,1.37,1.50
2015.12.14 13:16:19.135,1.52342,1.52359,1.37,1.00
2015.12.14 13:16:19.237,1.52339,1.52357,1.37,1.00
2015.12.14 13:16:19.390,1.52336,1.52357,1.50,1.12
2015.12.14 13:16:20.110,1.52336,1.52354,1.50,1.00
2015.12.14 13:16:20.162,1.52336,1.52356,1.50,1.00
2015.12.14 13:16:21.085,1.52337,1.52358,1.12,1.00
2015.12.14 13:16:21.187,1.52337,1.52358,2.25,1.00
2015.12.14 13:16:21.397,1.52342,1.52361,1.00,1.00
2015.12.14 13:16:21.449,1.52344,1.52364,1.37,1.00
2015.12.14 13:16:21.755,1.52356,1.52377,1.37,1.82
2015.12.14 13:16:21.858,1.52356,1.52378,1.45,1.07
2015.12.14 13:16:22.367,1.52356,1.52378,1.55,1.00
2015.12.14 13:16:22.898,1.52357,1.52378,1.57,1.00
2015.12.14 13:16:23.410,1.52357,1.52379,1.57,1.00
2015.12.14 13:16:23.771,1.52357,1.52381,1.57,2.25
2015.12.14 13:16:24.981,1.52363,1.52382,1.00,1.00
2015.12.14 13:16:25.033,1.5236,1.52382,1.00,1.00
2015.12.14 13:16:25.154,1.5236,1.52381,1.75,1.00
2015.12.14 13:16:25.207,1.52358,1.52381,1.75,1.00
2015.12.14 13:16:25.728,1.52358,1.52381,1.50,1.00
2015.12.14 13:16:25.881,1.52358,1.52381,1.50,1.12
2015.12.14 13:16:26.438,1.52358,1.52381,1.57,1.12
2015.12.14 13:16:26.697,1.52368,1.52384,1.00,1.75
2015.12.14 13:16:26.799,1.52365,1.52386,1.00,2.32
2015.12.14 13:16:26.951,1.52366,1.52387,1.00,1.12
2015.12.14 13:16:27.874,1.52365,1.52387,1.00,1.37
2015.12.14 13:16:28.726,1.52363,1.52387,1.00,1.37
2015.12.14 13:16:29.342,1.52361,1.52387,1.50,3.00
2015.12.14 13:16:29.496,1.5236,1.52384,1.50,1.37
2015.12.14 13:16:30.019,1.5236,1.52384,1.00,1.87
2015.12.14 13:16:30.172,1.5236,1.52384,1.00,1.87
2015.12.14 13:16:30.274,1.5236,1.52384,1.00,1.50
2015.12.14 13:16:30.326,1.52363,1.52383,1.00,1.00
2015.12.14 13:16:30.492,1.52366,1.52387,1.00,1.00
2015.12.14 13:16:30.593,1.52369,1.5239,1.37,1.87
2015.12.14 13:16:30.695,1.52368,1.52388,1.00,1.50
2015.12.14 13:16:31.245,1.52369,1.52388,1.12,1.00
2015.12.14 13:16:32.495,1.52371,1.52388,1.00,1.00
2015.12.14 13:16:32.850,1.52373,1.52388,1.00,1.00
2015.12.14 13:16:32.966,1.52373,1.52391,1.00,1.37
2015.12.14 13:16:34.367,1.52376,1.52395,1.00,1.12
2015.12.14 13:16:34.418,1.52377,1.52397,1.00,1.27
2015.12.14 13:16:34.469,1.52377,1.52396,1.00,1.00
2015.12.14 13:16:35.096,1.52377,1.524,1.00,1.07
2015.12.14 13:16:35.401,1.52379,1.52401,1.00,1.65
2015.12.14 13:16:36.621,1.52377,1.524,1.20,1.00
2015.12.14 13:16:39.052,1.52375,1.52395,1.20,1.00
2015.12.14 13:16:39.260,1.52375,1.52397,1.20,1.00
2015.12.14 13:16:39.858,1.52375,1.52395,1.57,1.00
2015.12.14 13:16:41.121,1.52375,1.52398,1.20,1.00
2015.12.14 13:16:43.393,1.52377,1.52401,1.47,1.47
2015.12.14 13:16:43.495,1.52378,1.524,1.85,1.00
2015.12.14 13:16:44.002,1.52378,1.52401,1.85,1.00
2015.12.14 13:16:44.623,1.52382,1.52402,1.37,1.00
2015.12.14 13:16:45.081,1.52382,1.52405,1.37,1.50
2015.12.14 13:16:45.183,1.52382,1.52404,1.50,1.12
2015.12.14 13:16:45.285,1.52386,1.52406,1.10,1.00
2015.12.14 13:16:45.337,1.52387,1.52404,1.00,1.00
2015.12.14 13:16:45.642,1.52389,1.52408,1.37,1.00
2015.12.14 13:16:45.976,1.52388,1.52404,1.00,1.00
2015.12.14 13:16:46.129,1.52385,1.52402,1.10,1.00
2015.12.14 13:16:46.231,1.52384,1.52399,1.00,1.00
2015.12.14 13:16:46.537,1.52379,1.52397,1.95,1.00
2015.12.14 13:16:47.061,1.52379,1.52396,1.00,1.00
2015.12.14 13:16:47.315,1.52379,1.52399,1.00,1.00
2015.12.14 13:16:47.620,1.5238,1.52392,1.37,1.00
2015.12.14 13:16:47.886,1.52371,1.52385,1.37,1.00
2015.12.14 13:16:47.938,1.52366,1.52378,1.12,1.00
2015.12.14 13:16:48.040,1.52361,1.52377,1.10,1.00
2015.12.14 13:16:48.556,1.52356,1.52377,1.37,1.00
2015.12.14 13:16:48.983,1.52356,1.52377,1.00,1.00
2015.12.14 13:16:49.236,1.52356,1.5238,1.00,1.10
2015.12.14 13:16:49.845,1.52356,1.5238,1.87,1.10
2015.12.14 13:16:50.318,1.52356,1.52378,2.25,1.00
2015.12.14 13:16:50.626,1.52349,1.52373,1.20,1.50
2015.12.14 13:16:50.829,1.52347,1.5237,3.00,1.00
2015.12.14 13:16:50.931,1.52347,1.5237,1.95,1.00
2015.12.14 13:16:52.319,1.52345,1.52368,1.65,1.12
2015.12.14 13:16:52.420,1.52345,1.52367,1.00,1.00
2015.12.14 13:16:52.472,1.52342,1.52367,1.57,1.07
2015.12.14 13:16:53.128,1.52342,1.52368,2.25,2.32
2015.12.14 13:16:53.750,1.52342,1.52365,1.20,1.00
2015.12.14 13:16:54.207,1.52342,1.52366,1.50,1.00
2015.12.14 13:16:54.733,1.52342,1.52366,3.07,1.00
2015.12.14 13:16:55.198,1.52342,1.52363,2.70,1.00
2015.12.14 13:16:55.452,1.5234,1.52363,2.32,1.00
2015.12.14 13:16:55.808,1.52344,1.52368,1.00,2.32
2015.12.14 13:16:56.138,1.5236,1.5238,1.87,1.00
2015.12.14 13:16:56.190,1.5236,1.52382,1.95,1.00
2015.12.14 13:16:56.750,1.52362,1.52382,1.00,1.00
2015.12.14 13:16:57.294,1.5236,1.52382,1.75,1.00
2015.12.14 13:16:57.448,1.52367,1.52385,1.37,1.10
2015.12.14 13:16:57.550,1.52366,1.52388,1.37,1.17
2015.12.14 13:16:58.060,1.52367,1.52388,1.37,1.00
2015.12.14 13:16:58.321,1.52365,1.52387,1.20,1.00
2015.12.14 13:16:59.499,1.52365,1.52387,1.87,1.00
2015.12.14 13:17:00.110,1.52365,1.52389,1.87,1.17
2015.12.14 13:17:00.680,1.52365,1.52389,1.00,1.17
2015.12.14 13:17:01.811,1.52365,1.52389,1.65,1.00
2015.12.14 13:17:02.361,1.52365,1.52391,1.17,1.92
2015.12.14 13:17:05.263,1.52368,1.52392,1.00,2.70
2015.12.14 13:17:05.892,1.52368,1.52393,1.00,3.15
2015.12.14 13:17:08.013,1.52366,1.52392,1.55,2.70
2015.12.14 13:17:08.165,1.52365,1.52392,1.27,4.12
2015.12.14 13:17:09.035,1.52365,1.52389,1.95,1.50
2015.12.14 13:17:09.543,1.52366,1.52391,1.57,1.85
2015.12.14 13:17:11.824,1.52365,1.5239,2.77,1.95
2015.12.14 13:17:12.180,1.52365,1.52391,3.52,1.65
2015.12.14 13:17:12.689,1.52366,1.5239,1.12,1.27
2015.12.14 13:17:13.051,1.52363,1.52388,1.00,1.20
2015.12.14 13:17:13.255,1.52362,1.52387,1.10,1.55
2015.12.14 13:17:13.662,1.52361,1.52385,1.17,1.87
2015.12.14 13:17:13.815,1.52358,1.52381,1.00,1.00
2015.12.14 13:17:13.917,1.52358,1.52381,1.00,1.20
2015.12.14 13:17:14.086,1.52356,1.52381,1.12,1.20
2015.12.14 13:17:14.594,1.52356,1.52379,1.00,1.17
2015.12.14 13:17:14.696,1.52356,1.52379,1.00,1.45
2015.12.14 13:17:15.180,1.52352,1.52377,1.37,1.45
2015.12.14 13:17:15.691,1.52352,1.52377,2.62,2.32
2015.12.14 13:17:16.474,1.5235,1.52376,1.57,1.57
2015.12.14 13:17:16.526,1.5235,1.52376,1.37,2.62
2015.12.14 13:17:16.578,1.52349,1.52374,1.87,1.47
2015.12.14 13:17:17.493,1.52348,1.52373,2.70,1.12
2015.12.14 13:17:17.634,1.52348,1.52373,2.32,1.50
2015.12.14 13:17:18.150,1.52347,1.52373,2.02,2.25
2015.12.14 13:17:18.607,1.52348,1.52373,2.32,1.12
2015.12.14 13:17:19.129,1.5235,1.52373,1.07,1.12
2015.12.14 13:17:19.534,1.5235,1.52374,1.45,1.37
2015.12.14 13:17:20.300,1.5235,1.52372,1.82,1.00
2015.12.14 13:17:20.608,1.52341,1.5236,1.37,1.00
2015.12.14 13:17:20.711,1.52337,1.5236,1.57,1.00
2015.12.14 13:17:21.071,1.52342,1.5236,1.87,1.00
2015.12.14 13:17:21.531,1.52341,1.5236,1.07,1.00
2015.12.14 13:17:21.736,1.52342,1.52363,1.17,1.37
2015.12.14 13:17:22.247,1.52342,1.52363,1.20,1.37
2015.12.14 13:17:23.025,1.52337,1.52363,1.87,2.25
2015.12.14 13:17:23.178,1.52337,1.5236,1.07,1.12
2015.12.14 13:17:23.412,1.52333,1.52359,1.20,1.75
2015.12.14 13:17:23.718,1.52329,1.52355,3.75,1.65
2015.12.14 13:17:24.243,1.52332,1.52356,1.50,2.40
2015.12.14 13:17:24.769,1.52332,1.52356,1.57,2.32
2015.12.14 13:17:25.277,1.52333,1.52357,1.00,1.45
2015.12.14 13:17:25.328,1.52333,1.52358,1.37,1.95
2015.12.14 13:17:25.871,1.52336,1.52358,1.00,1.95
2015.12.14 13:17:26.124,1.52338,1.52361,1.12,1.17
2015.12.14 13:17:26.530,1.52337,1.52363,1.65,1.57
2015.12.14 13:17:26.901,1.52337,1.5236,1.50,1.00
2015.12.14 13:17:27.485,1.52337,1.52362,2.25,1.27
2015.12.14 13:17:28.009,1.52337,1.52362,2.32,1.20
2015.12.14 13:17:28.595,1.52337,1.52361,1.57,1.00
2015.12.14 13:17:29.163,1.5234,1.52363,1.00,1.45
2015.12.14 13:17:29.503,1.52341,1.52365,2.25,1.00
2015.12.14 13:17:30.018,1.52341,1.52363,2.32,1.00
2015.12.14 13:17:30.120,1.52341,1.52367,1.92,1.17
2015.12.14 13:17:30.171,1.52345,1.52367,1.00,1.47
2015.12.14 13:17:30.521,1.52347,1.5237,2.02,1.00
2015.12.14 13:17:31.043,1.52346,1.52369,2.25,1.00
2015.12.14 13:17:31.437,1.52347,1.52371,2.02,1.12
2015.12.14 13:17:32.438,1.52349,1.52372,1.50,1.00
2015.12.14 13:17:32.641,1.52352,1.52372,1.12,1.00
2015.12.14 13:17:33.386,1.5235,1.5237,1.87,1.00
2015.12.14 13:17:33.438,1.52352,1.52369,1.00,1.00
2015.12.14 13:17:33.490,1.52347,1.52367,1.12,1.00
2015.12.14 13:17:33.542,1.52346,1.52366,1.37,1.00
2015.12.14 13:17:33.645,1.52343,1.52366,2.32,1.00
2015.12.14 13:17:33.906,1.52343,1.52364,2.40,1.00
2015.12.14 13:17:34.414,1.52344,1.52369,1.37,1.27
2015.12.14 13:17:34.516,1.52349,1.5237,1.12,1.65
2015.12.14 13:17:34.619,1.52349,1.52372,1.87,1.00
2015.12.14 13:17:34.670,1.52351,1.52372,1.00,1.00
2015.12.14 13:17:34.980,1.52343,1.52362,1.12,1.00
2015.12.14 13:17:35.031,1.52341,1.52362,3.00,1.00
2015.12.14 13:17:35.543,1.52341,1.52365,1.50,2.25
2015.12.14 13:17:35.594,1.52341,1.52365,1.07,2.25
2015.12.14 13:17:36.054,1.52344,1.52366,1.00,1.95
2015.12.14 13:17:36.223,1.5234,1.52364,3.07,1.50
2015.12.14 13:17:36.738,1.52343,1.52364,1.00,1.00
2015.12.14 13:17:36.891,1.52343,1.52367,1.50,1.27
2015.12.14 13:17:37.410,1.52342,1.52365,2.32,1.00
2015.12.14 13:17:38.071,1.52342,1.52365,1.95,1.87
2015.12.14 13:17:38.376,1.52342,1.52362,1.20,1.00
2015.12.14 13:17:38.771,1.52342,1.52363,1.12,1.00
2015.12.14 13:17:39.280,1.52341,1.52366,1.37,1.95
2015.12.14 13:17:39.794,1.52343,1.52367,1.12,2.02
2015.12.14 13:17:40.302,1.52344,1.52367,1.00,1.00
2015.12.14 13:17:40.838,1.52344,1.52369,1.87,1.27
2015.12.14 13:17:41.392,1.52343,1.52359,1.87,1.00
2015.12.14 13:17:41.710,1.52334,1.52349,1.00,1.47
2015.12.14 13:17:41.812,1.5233,1.52346,1.00,1.00
2015.12.14 13:17:41.914,1.52322,1.52346,1.50,1.00
2015.12.14 13:17:42.422,1.52324,1.52348,1.00,1.37
2015.12.14 13:17:42.878,1.52324,1.52349,1.50,1.20
2015.12.14 13:17:44.832,1.52322,1.52349,3.37,2.32
2015.12.14 13:17:45.136,1.52322,1.52349,1.00,3.45
2015.12.14 13:17:45.238,1.52321,1.52346,1.50,1.12
2015.12.14 13:17:45.544,1.52321,1.52345,1.00,1.82
2015.12.14 13:17:45.756,1.52319,1.52344,1.00,1.45
2015.12.14 13:17:46.294,1.52319,1.52346,3.00,4.12
2015.12.14 13:17:46.795,1.52319,1.52346,3.07,3.15
2015.12.14 13:17:46.956,1.52319,1.52346,3.45,3.15
2015.12.14 13:17:47.008,1.52319,1.52343,1.57,1.00
2015.12.14 13:17:47.467,1.52318,1.5234,2.25,1.07
2015.12.14 13:17:47.954,1.52318,1.5234,1.50,1.07
2015.12.14 13:17:49.218,1.52318,1.52342,1.50,1.45
2015.12.14 13:17:49.963,1.5232,1.52343,1.00,2.02
2015.12.14 13:17:51.114,1.52321,1.52343,1.00,1.20
2015.12.14 13:17:51.571,1.52325,1.52343,1.00,1.95
2015.12.14 13:17:51.673,1.52322,1.52348,1.87,3.37
2015.12.14 13:17:51.725,1.52324,1.52348,1.00,3.07
2015.12.14 13:17:51.776,1.52322,1.52347,1.87,1.10
2015.12.14 13:17:51.929,1.52322,1.52346,1.00,1.87
2015.12.14 13:17:52.280,1.5232,1.52343,1.00,1.37
2015.12.14 13:17:52.789,1.52318,1.52345,2.02,2.77
2015.12.14 13:17:53.360,1.52315,1.5234,1.87,2.32
2015.12.14 13:17:53.666,1.52311,1.52333,1.00,1.00
2015.12.14 13:17:54.999,1.52311,1.52334,1.00,1.00
2015.12.14 13:17:55.050,1.52311,1.52337,1.17,2.77
2015.12.14 13:17:55.101,1.52309,1.52335,1.50,1.75
2015.12.14 13:17:55.728,1.52308,1.52335,2.77,1.85
2015.12.14 13:17:56.260,1.52308,1.52335,2.77,1.95
2015.12.14 13:17:56.914,1.52308,1.52335,2.02,2.32
2015.12.14 13:17:57.219,1.52309,1.5233,1.20,1.00
2015.12.14 13:17:57.769,1.52309,1.52327,1.20,1.00
2015.12.14 13:17:58.059,1.52305,1.52325,1.00,1.20
2015.12.14 13:17:58.110,1.52302,1.52322,1.00,1.00
2015.12.14 13:17:58.162,1.52302,1.5232,1.00,1.00
2015.12.14 13:17:58.213,1.52302,1.52323,1.00,1.10
2015.12.14 13:17:58.315,1.52297,1.52323,1.85,1.17
2015.12.14 13:17:58.570,1.52297,1.5232,1.95,1.00
2015.12.14 13:18:00.124,1.52298,1.52324,1.37,1.95
2015.12.14 13:18:00.176,1.52298,1.52324,2.25,1.95
2015.12.14 13:18:00.328,1.52299,1.52324,1.20,1.20
2015.12.14 13:18:00.868,1.52301,1.52326,1.95,1.20
2015.12.14 13:18:01.387,1.52303,1.52326,1.00,1.00
2015.12.14 13:18:01.801,1.52303,1.52323,1.00,1.00
2015.12.14 13:18:02.311,1.52298,1.52314,1.95,1.00
2015.12.14 13:18:02.633,1.5229,1.52303,1.00,1.00
2015.12.14 13:18:02.701,1.52288,1.52309,1.00,1.20
2015.12.14 13:18:02.752,1.52288,1.52309,1.50,1.57
2015.12.14 13:18:03.058,1.5228,1.523,1.95,1.00
2015.12.14 13:18:03.109,1.52279,1.52301,1.00,1.12
2015.12.14 13:18:03.160,1.52279,1.52302,1.37,1.00
2015.12.14 13:18:03.313,1.5228,1.52304,1.37,1.10
2015.12.14 13:18:03.364,1.5228,1.52304,1.12,1.10
2015.12.14 13:18:03.732,1.52284,1.52304,1.00,1.00
2015.12.14 13:18:04.037,1.52289,1.52309,1.20,1.00
2015.12.14 13:18:04.190,1.52283,1.52306,1.47,1.00
2015.12.14 13:18:04.452,1.52283,1.52303,1.47,1.00
2015.12.14 13:18:04.504,1.52282,1.52303,1.65,1.00
2015.12.14 13:18:05.624,1.5228,1.52305,2.25,1.00
2015.12.14 13:18:06.468,1.5228,1.52302,2.25,1.00
2015.12.14 13:18:06.672,1.5228,1.52305,2.25,1.12
2015.12.14 13:18:06.904,1.5228,1.52303,2.25,1.00
2015.12.14 13:18:07.057,1.52283,1.52307,1.10,1.37
2015.12.14 13:18:08.378,1.52284,1.52305,1.00,1.12
2015.12.14 13:18:08.670,1.52284,1.52309,1.37,1.75
2015.12.14 13:18:08.873,1.52286,1.5231,1.55,1.95
2015.12.14 13:18:09.128,1.52287,1.52313,1.95,2.32
2015.12.14 13:18:09.230,1.52288,1.52313,1.12,1.95
2015.12.14 13:18:09.483,1.52288,1.52311,1.20,1.00
2015.12.14 13:18:10.007,1.52287,1.52311,1.95,1.00
2015.12.14 13:18:10.312,1.52287,1.52306,1.45,1.00
2015.12.14 13:18:10.465,1.52286,1.52309,1.20,1.37
2015.12.14 13:18:11.260,1.52286,1.52311,1.20,1.47
2015.12.14 13:18:12.318,1.52286,1.52308,1.10,1.00
2015.12.14 13:18:12.857,1.52286,1.5231,1.10,1.37
2015.12.14 13:18:12.959,1.52287,1.52313,1.75,1.57
2015.12.14 13:18:13.164,1.5229,1.52315,2.77,1.10
2015.12.14 13:18:13.429,1.52294,1.52317,1.65,1.20
2015.12.14 13:18:13.844,1.52296,1.52318,1.37,1.00
2015.12.14 13:18:14.623,1.52296,1.52319,1.50,1.12
2015.12.14 13:18:15.465,1.52302,1.52321,1.00,1.10
2015.12.14 13:18:15.771,1.52307,1.52329,1.20,1.37
2015.12.14 13:18:16.077,1.5231,1.5233,1.00,1.00
2015.12.14 13:18:16.230,1.52306,1.52325,2.25,1.00
2015.12.14 13:18:16.484,1.52297,1.52319,1.57,1.37
2015.12.14 13:18:16.672,1.52291,1.52317,2.25,1.87
2015.12.14 13:18:16.875,1.52291,1.52313,1.20,1.37
2015.12.14 13:18:17.180,1.52285,1.52308,1.75,1.75
2015.12.14 13:18:17.282,1.52283,1.52306,1.00,1.07
2015.12.14 13:18:17.587,1.52281,1.52306,1.95,1.07
2015.12.14 13:18:18.102,1.52281,1.52305,1.12,1.52
2015.12.14 13:18:18.631,1.52281,1.52306,1.12,2.25
2015.12.14 13:18:18.733,1.52283,1.52306,1.00,2.25
2015.12.14 13:18:19.051,1.52285,1.52307,1.12,1.95
2015.12.14 13:18:19.304,1.52284,1.52307,1.37,2.32
2015.12.14 13:18:19.356,1.52283,1.52307,1.87,1.87
2015.12.14 13:18:19.508,1.52282,1.52304,1.75,1.10
2015.12.14 13:18:19.559,1.5228,1.52304,1.57,1.50
2015.12.14 13:18:19.611,1.5228,1.52304,1.87,1.87
2015.12.14 13:18:20.151,1.52281,1.52304,1.00,1.87
2015.12.14 13:18:20.608,1.52281,1.52305,1.00,2.25
2015.12.14 13:18:21.312,1.52278,1.52303,1.37,1.65
2015.12.14 13:18:21.567,1.52275,1.52296,1.00,1.07
2015.12.14 13:18:21.923,1.52277,1.52298,1.00,2.32
2015.12.14 13:18:22.280,1.52274,1.52296,1.00,1.45
2015.12.14 13:18:22.331,1.52274,1.52288,1.00,1.00
2015.12.14 13:18:22.382,1.5227,1.52285,1.00,1.00
2015.12.14 13:18:22.433,1.52266,1.52285,1.37,2.62
2015.12.14 13:18:22.485,1.52257,1.52283,1.95,1.20
2015.12.14 13:18:22.536,1.52257,1.52281,1.57,1.12
2015.12.14 13:18:23.070,1.52256,1.52278,1.75,1.50
2015.12.14 13:18:23.577,1.52256,1.52277,1.75,1.87
2015.12.14 13:18:25.691,1.52253,1.52272,1.12,1.00
2015.12.14 13:18:25.793,1.52251,1.5227,1.75,1.00
2015.12.14 13:18:25.895,1.52248,1.5227,1.75,1.00
2015.12.14 13:18:26.404,1.52248,1.52272,1.87,1.17
2015.12.14 13:18:27.520,1.52249,1.52271,1.20,1.10
2015.12.14 13:18:28.155,1.52247,1.52268,2.02,1.00
2015.12.14 13:18:28.207,1.52248,1.52272,1.10,2.32
2015.12.14 13:18:28.258,1.52249,1.52272,1.20,1.55
2015.12.14 13:18:28.360,1.52252,1.52276,1.07,3.00
2015.12.14 13:18:28.463,1.52255,1.52274,1.00,1.00
2015.12.14 13:18:28.666,1.52252,1.52274,1.15,1.37
2015.12.14 13:18:29.357,1.52251,1.52272,1.45,1.00
2015.12.14 13:18:29.459,1.52249,1.5227,1.75,1.00
2015.12.14 13:18:29.510,1.52249,1.5227,1.00,1.00
2015.12.14 13:18:29.561,1.52245,1.52267,1.87,1.00
2015.12.14 13:18:29.613,1.52245,1.52267,1.10,1.00
2015.12.14 13:18:30.019,1.52242,1.52265,1.07,1.12
2015.12.14 13:18:30.070,1.52241,1.52265,1.87,1.50
2015.12.14 13:18:30.338,1.52243,1.52265,1.00,1.45
2015.12.14 13:18:30.492,1.52243,1.52267,1.00,1.45
2015.12.14 13:18:30.595,1.52244,1.52269,1.00,2.25
2015.12.14 13:18:30.646,1.52244,1.52269,1.87,2.25
2015.12.14 13:18:31.001,1.52246,1.5227,1.00,1.95
2015.12.14 13:18:31.538,1.52244,1.52267,1.87,1.50
2015.12.14 13:18:31.843,1.52239,1.5226,1.12,1.12
2015.12.14 13:18:31.894,1.52236,1.52257,1.75,1.87
2015.12.14 13:18:31.946,1.52231,1.52255,1.87,1.17
2015.12.14 13:18:31.997,1.52229,1.52251,3.07,1.37
2015.12.14 13:18:32.048,1.52229,1.52251,1.37,1.87
2015.12.14 13:18:32.253,1.52229,1.52248,1.37,1.07
2015.12.14 13:18:32.598,1.52229,1.52247,1.37,1.12
2015.12.14 13:18:32.904,1.52224,1.52246,1.50,1.95
2015.12.14 13:18:33.161,1.52224,1.52247,2.25,1.20
2015.12.14 13:18:33.212,1.52226,1.52248,1.37,1.50
2015.12.14 13:18:33.536,1.52227,1.52251,1.37,2.25
2015.12.14 13:18:33.791,1.52227,1.52252,1.47,1.57
2015.12.14 13:18:33.996,1.52232,1.52254,1.00,1.82
2015.12.14 13:18:34.098,1.52232,1.52254,1.50,1.15
2015.12.14 13:18:34.200,1.52234,1.52254,1.00,1.15
2015.12.14 13:18:34.404,1.52234,1.52257,1.12,1.57
2015.12.14 13:18:34.920,1.52232,1.52257,1.37,1.50
2015.12.14 13:18:34.971,1.52232,1.52256,1.37,1.50
2015.12.14 13:18:35.257,1.52232,1.52256,1.12,1.50
2015.12.14 13:18:36.621,1.52235,1.52255,1.12,1.45
2015.12.14 13:18:36.825,1.52241,1.52263,1.00,1.20
2015.12.14 13:18:37.080,1.52239,1.52264,1.87,1.17
2015.12.14 13:18:37.631,1.5224,1.52262,1.12,1.12
2015.12.14 13:18:37.734,1.52241,1.52265,1.37,2.32
2015.12.14 13:18:38.039,1.52248,1.52266,1.00,1.57
2015.12.14 13:18:38.586,1.52249,1.52266,1.00,1.57
2015.12.14 13:18:39.917,1.52244,1.52267,1.00,2.62
2015.12.14 13:18:40.425,1.52245,1.52267,1.00,3.37
2015.12.14 13:18:40.578,1.52246,1.52266,1.00,1.50
2015.12.14 13:18:41.102,1.52239,1.52259,1.37,1.75
2015.12.14 13:18:41.154,1.52238,1.52258,1.37,1.75
2015.12.14 13:18:41.256,1.52235,1.52256,3.37,1.45
2015.12.14 13:18:41.460,1.52232,1.52255,1.37,1.07
2015.12.14 13:18:41.512,1.52229,1.52252,2.70,1.45
2015.12.14 13:18:41.665,1.52229,1.52251,1.37,1.12
2015.12.14 13:18:41.819,1.52228,1.52251,1.87,1.12
2015.12.14 13:18:42.324,1.52226,1.5225,2.32,1.07
2015.12.14 13:18:44.676,1.52229,1.5225,1.50,1.07
2015.12.14 13:18:44.767,1.52233,1.5225,1.00,1.07
2015.12.14 13:18:45.073,1.52233,1.52252,1.00,1.52
2015.12.14 13:18:45.226,1.52233,1.52255,1.00,1.45
2015.12.14 13:18:45.739,1.52233,1.52257,1.12,1.87
2015.12.14 13:18:46.354,1.52235,1.52257,1.00,1.87
2015.12.14 13:18:46.862,1.52235,1.52259,1.00,1.87
2015.12.14 13:18:47.395,1.52238,1.52259,1.00,1.50
2015.12.14 13:18:47.959,1.52238,1.5226,1.00,2.62
2015.12.14 13:18:48.729,1.52236,1.5226,1.00,2.62
2015.12.14 13:18:49.034,1.52235,1.5226,1.20,1.45
2015.12.14 13:18:49.188,1.52234,1.52254,1.12,1.00
2015.12.14 13:18:49.442,1.52231,1.52254,1.87,1.10
2015.12.14 13:18:49.645,1.52234,1.52254,2.62,1.07
2015.12.14 13:18:49.849,1.52234,1.52258,1.87,1.57
2015.12.14 13:18:50.687,1.52234,1.52258,1.87,1.87
2015.12.14 13:18:51.145,1.52233,1.52256,1.47,1.20
2015.12.14 13:18:51.717,1.52233,1.52256,1.47,1.57
2015.12.14 13:18:52.252,1.52231,1.52256,1.12,2.25
2015.12.14 13:18:54.176,1.52231,1.52253,1.12,1.57
2015.12.14 13:18:54.440,1.5223,1.52249,1.12,1.00
2015.12.14 13:18:54.491,1.5223,1.52249,1.00,1.10
2015.12.14 13:18:54.796,1.5223,1.52254,1.00,2.62
2015.12.14 13:18:54.999,1.5223,1.52254,2.02,1.10
2015.12.14 13:18:55.102,1.52231,1.52254,1.95,1.10
2015.12.14 13:18:55.306,1.52233,1.52256,1.20,1.00
2015.12.14 13:18:55.566,1.52233,1.52256,1.27,1.00
2015.12.14 13:18:56.031,1.52236,1.52259,1.37,1.12
2015.12.14 13:18:56.184,1.52238,1.52261,1.37,1.87
2015.12.14 13:18:56.286,1.52239,1.52261,1.12,1.07
2015.12.14 13:18:57.632,1.52239,1.52259,1.12,1.07
2015.12.14 13:18:57.941,1.52237,1.52257,1.00,1.12
2015.12.14 13:18:58.246,1.52239,1.52261,1.37,1.12
2015.12.14 13:18:58.348,1.52237,1.52261,1.37,1.50
2015.12.14 13:18:58.879,1.52239,1.52261,1.00,1.12
2015.12.14 13:18:58.982,1.52239,1.52262,1.50,1.12
2015.12.14 13:18:59.084,1.52242,1.52268,2.62,3.00
2015.12.14 13:18:59.135,1.52245,1.52268,1.00,3.00
2015.12.14 13:18:59.440,1.52245,1.52268,1.75,1.87
2015.12.14 13:18:59.963,1.52246,1.52268,1.37,1.15
2015.12.14 13:19:00.320,1.52252,1.5227,1.00,1.95
2015.12.14 13:19:00.586,1.52262,1.52282,1.00,1.10
2015.12.14 13:19:00.943,1.52258,1.52282,1.57,1.20
2015.12.14 13:19:01.299,1.52258,1.52283,1.10,1.50
2015.12.14 13:19:02.195,1.52259,1.52283,1.00,1.37
2015.12.14 13:19:02.247,1.52259,1.52285,1.57,2.70
2015.12.14 13:19:02.400,1.52261,1.52285,1.50,1.45
2015.12.14 13:19:02.603,1.52261,1.52286,1.57,1.55
2015.12.14 13:19:02.655,1.52261,1.52286,1.85,1.55
2015.12.14 13:19:03.170,1.52262,1.52287,2.62,1.20
2015.12.14 13:19:03.679,1.52262,1.52286,1.75,3.37
2015.12.14 13:19:03.825,1.52258,1.52282,1.47,1.07
2015.12.14 13:19:03.877,1.52258,1.52282,1.10,1.07
2015.12.14 13:19:04.388,1.52257,1.52282,1.00,4.12
2015.12.14 13:19:05.025,1.52255,1.52282,1.15,4.12
2015.12.14 13:19:05.127,1.52255,1.52278,1.15,1.00
2015.12.14 13:19:05.432,1.52253,1.52277,1.20,1.95
2015.12.14 13:19:05.737,1.52257,1.5228,1.37,1.95
2015.12.14 13:19:06.205,1.52258,1.52282,2.25,1.57
2015.12.14 13:19:06.308,1.52258,1.52281,2.40,1.00
2015.12.14 13:19:06.818,1.5226,1.52282,1.12,1.20
2015.12.14 13:19:08.043,1.52261,1.52282,1.00,1.20
2015.12.14 13:19:08.348,1.52263,1.52283,1.00,1.07
2015.12.14 13:19:08.686,1.5226,1.52284,2.62,1.20
2015.12.14 13:19:08.891,1.5226,1.52282,1.65,1.00
2015.12.14 13:19:09.784,1.52261,1.52282,1.12,1.00
2015.12.14 13:19:10.190,1.52261,1.52284,1.12,1.20
2015.12.14 13:19:10.292,1.52263,1.52284,1.00,1.20
2015.12.14 13:19:10.800,1.52262,1.52284,1.12,1.20
2015.12.14 13:19:11.563,1.52263,1.52286,1.00,1.50
2015.12.14 13:19:12.515,1.52263,1.52286,1.00,2.20
2015.12.14 13:19:13.957,1.52261,1.52284,1.50,1.57
2015.12.14 13:19:14.878,1.52262,1.52284,1.00,2.20
2015.12.14 13:19:15.594,1.52264,1.52284,1.00,2.20
2015.12.14 13:19:15.798,1.52262,1.52284,1.50,1.87
2015.12.14 13:19:16.153,1.5226,1.52284,1.50,1.87
2015.12.14 13:19:16.356,1.5226,1.52281,1.50,1.20
2015.12.14 13:19:16.498,1.52258,1.52281,1.00,1.57
2015.12.14 13:19:16.752,1.5226,1.52284,1.00,2.25
2015.12.14 13:19:17.259,1.52261,1.52284,1.00,2.25
2015.12.14 13:19:18.109,1.52261,1.52284,1.00,1.47
2015.12.14 13:19:18.617,1.52261,1.52286,1.00,3.45
2015.12.14 13:19:19.340,1.52261,1.5228,1.12,1.00
2015.12.14 13:19:19.847,1.5226,1.5228,1.57,1.00
2015.12.14 13:19:20.017,1.5226,1.52284,1.57,1.00
2015.12.14 13:19:20.457,1.5226,1.52282,1.20,1.00
2015.12.14 13:19:20.610,1.5226,1.52282,1.20,1.00
2015.12.14 13:19:21.684,1.52261,1.52282,1.00,1.00
2015.12.14 13:19:22.204,1.52258,1.52282,1.87,1.00
2015.12.14 13:19:22.730,1.52258,1.52282,1.52,1.00
2015.12.14 13:19:23.270,1.52259,1.52283,1.15,1.87
2015.12.14 13:19:24.189,1.5226,1.52284,1.20,1.57
2015.12.14 13:19:26.078,1.52258,1.52283,2.70,2.02
2015.12.14 13:19:26.984,1.52256,1.52281,3.15,1.57
2015.12.14 13:19:29.198,1.52256,1.52279,2.02,1.00
2015.12.14 13:19:29.249,1.52254,1.52279,2.77,1.20
2015.12.14 13:19:29.655,1.52254,1.52279,1.47,1.87
2015.12.14 13:19:30.159,1.52254,1.52276,1.07,1.00
2015.12.14 13:19:30.764,1.52254,1.52274,1.07,1.00
2015.12.14 13:19:31.302,1.52257,1.52274,1.00,1.00
2015.12.14 13:19:31.816,1.52257,1.52275,1.00,1.00
2015.12.14 13:19:32.124,1.52257,1.52281,1.87,1.82
2015.12.14 13:19:32.696,1.52257,1.52275,1.87,1.00
2015.12.14 13:19:33.102,1.52257,1.52278,2.25,1.50
2015.12.14 13:19:33.257,1.52261,1.52277,1.50,1.00
2015.12.14 13:19:33.460,1.52257,1.52275,1.47,1.00
2015.12.14 13:19:33.511,1.52257,1.52272,1.37,1.00
2015.12.14 13:19:33.787,1.52246,1.52262,1.00,1.00
2015.12.14 13:19:33.889,1.52243,1.52259,1.12,1.00
2015.12.14 13:19:33.991,1.52241,1.52259,1.00,1.00
2015.12.14 13:19:34.814,1.52237,1.52255,2.32,1.00
2015.12.14 13:19:35.018,1.52236,1.52255,1.57,1.00
2015.12.14 13:19:35.222,1.52236,1.52253,1.57,1.00
2015.12.14 13:19:35.939,1.52235,1.52256,2.77,1.00
2015.12.14 13:19:36.447,1.52236,1.52256,1.87,1.00
2015.12.14 13:19:37.164,1.52239,1.52258,1.20,1.00
2015.12.14 13:19:37.673,1.52238,1.52258,3.60,1.00
2015.12.14 13:19:38.603,1.52238,1.52258,2.62,1.00
2015.12.14 13:19:38.807,1.52238,1.52258,1.95,1.00
2015.12.14 13:19:39.467,1.52237,1.52258,2.25,1.00
2015.12.14 13:19:39.980,1.52237,1.52258,2.25,1.00
2015.12.14 13:19:40.526,1.52239,1.52258,1.82,1.00
2015.12.14 13:19:40.902,1.5224,1.52258,1.45,1.00
2015.12.14 13:19:42.119,1.5224,1.52258,1.95,1.00
2015.12.14 13:19:42.656,1.52239,1.52258,1.90,1.00
2015.12.14 13:19:43.165,1.52239,1.52258,1.65,1.00
2015.12.14 13:19:43.536,1.5224,1.52258,1.07,1.00
2015.12.14 13:19:44.046,1.52239,1.52258,1.95,1.00
2015.12.14 13:19:44.352,1.5224,1.52254,1.17,1.00
2015.12.14 13:19:44.403,1.52237,1.52257,1.95,1.00
2015.12.14 13:19:45.113,1.52237,1.52257,1.95,1.00
2015.12.14 13:19:46.159,1.52237,1.52257,1.20,1.00
2015.12.14 13:19:47.127,1.52237,1.52257,1.20,1.00
2015.12.14 13:19:48.868,1.52237,1.52256,1.20,1.00
2015.12.14 13:19:48.920,1.52235,1.5225,1.00,1.00
2015.12.14 13:19:49.023,1.52232,1.52248,1.50,1.00
2015.12.14 13:19:49.430,1.52227,1.52248,1.47,1.00
2015.12.14 13:19:49.635,1.52226,1.52244,1.20,1.00
2015.12.14 13:19:49.968,1.52225,1.52242,2.77,1.00
2015.12.14 13:19:50.121,1.52222,1.52242,2.02,1.00
2015.12.14 13:19:50.173,1.52222,1.52242,1.27,1.00
2015.12.14 13:19:50.783,1.52222,1.52242,1.87,1.00
2015.12.14 13:19:52.364,1.52222,1.52239,1.12,1.00
2015.12.14 13:19:52.915,1.52221,1.52239,1.10,1.00
2015.12.14 13:19:53.424,1.5222,1.52238,2.02,1.00
2015.12.14 13:19:55.577,1.5222,1.52236,1.37,1.00
2015.12.14 13:19:55.983,1.5222,1.52232,1.37,1.00
2015.12.14 13:19:56.034,1.52216,1.52232,1.82,1.00
2015.12.14 13:19:56.085,1.52215,1.52228,1.82,1.00
2015.12.14 13:19:56.199,1.5221,1.52228,1.95,1.00
2015.12.14 13:19:56.354,1.52208,1.52226,1.50,1.00
2015.12.14 13:19:56.405,1.52205,1.52225,3.75,1.00
2015.12.14 13:19:56.507,1.52205,1.52217,1.82,1.00
2015.12.14 13:19:56.610,1.52203,1.52213,1.12,1.00
2015.12.14 13:19:56.713,1.52203,1.52211,1.00,1.00
2015.12.14 13:19:56.765,1.52195,1.52211,2.25,1.00
2015.12.14 13:19:56.867,1.5219,1.52211,1.27,1.00
2015.12.14 13:19:57.744,1.52191,1.52213,1.87,1.00
2015.12.14 13:19:58.253,1.52193,1.52213,1.87,1.00
2015.12.14 13:19:58.478,1.52193,1.52211,1.87,1.00
2015.12.14 13:19:58.783,1.5219,1.52209,1.87,1.00
2015.12.14 13:19:58.834,1.52189,1.52209,1.12,1.00
2015.12.14 13:19:59.400,1.52189,1.52213,1.12,1.00
2015.12.14 13:19:59.517,1.5219,1.52213,1.20,1.00
2015.12.14 13:19:59.619,1.52199,1.52217,1.00,1.12
2015.12.14 13:19:59.670,1.52199,1.52219,1.75,1.00
2015.12.14 13:19:59.976,1.52199,1.52215,1.82,1.00
2015.12.14 13:20:00.079,1.52195,1.52215,2.62,1.12
2015.12.14 13:20:00.130,1.52196,1.52213,1.45,1.00
2015.12.14 13:20:00.233,1.52195,1.52216,1.00,1.27
2015.12.14 13:20:00.285,1.52194,1.52216,2.25,1.17
2015.12.14 13:20:00.607,1.52197,1.52216,1.75,1.00
2015.12.14 13:20:00.812,1.52194,1.52216,1.87,1.00
2015.12.14 13:20:00.965,1.52194,1.52213,1.87,1.00
2015.12.14 13:20:01.288,1.52194,1.5221,1.50,1.00
2015.12.14 13:20:01.594,1.52194,1.52206,1.37,1.00
2015.12.14 13:20:01.646,1.52187,1.52202,1.37,1.00
2015.12.14 13:20:01.748,1.52184,1.52199,1.37,1.00
2015.12.14 13:20:01.851,1.52181,1.52199,1.37,1.00
2015.12.14 13:20:02.374,1.52177,1.52197,1.92,1.00
2015.12.14 13:20:02.527,1.52175,1.52198,1.75,1.00
2015.12.14 13:20:02.680,1.5218,1.52197,1.00,1.20
2015.12.14 13:20:02.832,1.5218,1.52199,1.00,1.20
2015.12.14 13:20:02.934,1.52184,1.52201,1.37,1.37
2015.12.14 13:20:03.354,1.52184,1.52203,1.75,1.87
2015.12.14 13:20:03.909,1.52184,1.522,1.37,1.00
2015.12.14 13:20:03.960,1.52179,1.52198,1.75,1.00
2015.12.14 13:20:04.012,1.52179,1.52198,1.37,1.37
2015.12.14 13:20:04.199,1.52173,1.52198,3.07,1.87
2015.12.14 13:20:04.301,1.52174,1.52194,1.75,1.00
2015.12.14 13:20:05.012,1.52174,1.52194,1.75,1.00
2015.12.14 13:20:05.266,1.52174,1.52197,1.75,1.37
2015.12.14 13:20:05.768,1.52174,1.52197,1.75,1.12
2015.12.14 13:20:05.870,1.52174,1.52191,1.75,1.00
2015.12.14 13:20:05.921,1.52175,1.52195,1.00,1.12
2015.12.14 13:20:05.973,1.52175,1.52195,1.00,1.50
2015.12.14 13:20:06.279,1.52175,1.52195,1.00,1.00
2015.12.14 13:20:06.828,1.52174,1.52191,1.75,1.00
2015.12.14 13:20:07.134,1.52175,1.52182,1.00,1.00
2015.12.14 13:20:07.619,1.52175,1.52186,1.00,1.87
2015.12.14 13:20:07.772,1.52174,1.52192,1.00,1.00
2015.12.14 13:20:08.280,1.52175,1.52192,1.00,1.00
2015.12.14 13:20:08.553,1.52175,1.52187,1.00,1.00
2015.12.14 13:20:08.604,1.52175,1.5219,1.00,1.00
2015.12.14 13:20:08.707,1.52174,1.52186,1.12,1.00
2015.12.14 13:20:12.568,1.52174,1.52181,1.00,1.00
2015.12.14 13:20:12.874,1.52176,1.52183,1.00,1.00
2015.12.14 13:20:14.883,1.52176,1.52185,1.00,1.12
2015.12.14 13:20:15.404,1.52175,1.52185,1.00,1.00
2015.12.14 13:20:15.950,1.52175,1.52184,1.00,1.00
2015.12.14 13:20:16.457,1.52176,1.52184,1.00,1.00
2015.12.14 13:20:16.930,1.52176,1.52182,1.00,1.00
2015.12.14 13:20:17.235,1.52176,1.52184,1.00,1.00
2015.12.14 13:20:17.337,1.52174,1.52184,1.00,1.00
2015.12.14 13:20:17.948,1.52175,1.52184,1.00,1.10
2015.12.14 13:20:18.427,1.52175,1.52182,1.00,1.00
2015.12.14 13:20:18.937,1.52176,1.52182,1.00,1.00
2015.12.14 13:20:19.381,1.52173,1.52177,1.00,1.00
2015.12.14 13:20:19.689,1.52159,1.52167,1.50,1.37
2015.12.14 13:20:19.792,1.52157,1.52161,1.50,1.00
2015.12.14 13:20:19.844,1.52157,1.52161,1.00,1.12
2015.12.14 13:20:19.895,1.52151,1.52161,1.00,1.37
2015.12.14 13:20:19.946,1.52147,1.5216,1.12,1.37
2015.12.14 13:20:20.149,1.52145,1.5216,1.12,1.12
2015.12.14 13:20:20.457,1.52144,1.52157,1.37,1.00
2015.12.14 13:20:20.509,1.52141,1.52157,1.50,1.37
2015.12.14 13:20:20.569,1.52141,1.52154,1.50,1.00
2015.12.14 13:20:20.672,1.52135,1.5215,1.00,1.00
2015.12.14 13:20:20.775,1.52132,1.52149,1.50,1.87
2015.12.14 13:20:21.283,1.52127,1.52148,2.25,1.37
2015.12.14 13:20:21.386,1.52127,1.52146,3.00,1.37
2015.12.14 13:20:21.657,1.52128,1.52146,1.00,1.37
2015.12.14 13:20:22.803,1.52127,1.52145,1.37,1.37
2015.12.14 13:20:23.312,1.52127,1.52145,1.37,1.00
2015.12.14 13:20:23.826,1.52126,1.52147,1.75,1.12
2015.12.14 13:20:24.249,1.52126,1.52146,1.75,1.00
2015.12.14 13:20:25.337,1.52126,1.52144,1.75,1.00
2015.12.14 13:20:25.642,1.52126,1.52144,1.75,1.00
2015.12.14 13:20:26.164,1.52124,1.52144,1.85,1.00
2015.12.14 13:20:26.422,1.52123,1.52139,1.92,1.00
2015.12.14 13:20:26.474,1.52123,1.52136,1.17,1.00
2015.12.14 13:20:26.526,1.52123,1.52134,1.00,1.00
2015.12.14 13:20:26.678,1.52111,1.52136,1.95,1.20
2015.12.14 13:20:26.731,1.52116,1.52138,1.50,1.57
2015.12.14 13:20:27.043,1.5213,1.52146,1.37,1.00
2015.12.14 13:20:27.247,1.5213,1.52148,1.37,1.00
2015.12.14 13:20:27.704,1.5213,1.52146,1.37,1.00
2015.12.14 13:20:27.866,1.52126,1.52144,1.37,1.07
2015.12.14 13:20:27.917,1.52118,1.52141,2.32,1.00
2015.12.14 13:20:27.969,1.52118,1.5214,1.75,1.00
2015.12.14 13:20:28.073,1.52119,1.52137,1.37,1.00
2015.12.14 13:20:28.583,1.52118,1.52136,1.37,1.00
2015.12.14 13:20:28.849,1.52118,1.5214,1.37,1.57
2015.12.14 13:20:28.900,1.52124,1.52142,1.37,2.10
2015.12.14 13:20:28.952,1.52124,1.52142,1.37,1.30
2015.12.14 13:20:29.310,1.5212,1.52141,1.75,1.00
2015.12.14 13:20:30.080,1.5212,1.52143,1.75,1.00
2015.12.14 13:20:30.436,1.52124,1.52146,1.00,1.57
2015.12.14 13:20:30.742,1.52135,1.52149,1.37,1.00
2015.12.14 13:20:31.274,1.52136,1.52149,1.37,1.00
2015.12.14 13:20:31.382,1.52136,1.52152,1.37,1.20
2015.12.14 13:20:31.637,1.52136,1.52149,1.37,1.00
2015.12.14 13:20:31.688,1.52131,1.52149,1.37,1.00
2015.12.14 13:20:32.372,1.5213,1.52149,1.37,1.00
2015.12.14 13:20:32.832,1.52128,1.52148,1.37,1.00
2015.12.14 13:20:33.036,1.52125,1.52148,2.25,1.17
2015.12.14 13:20:33.433,1.52125,1.5215,1.57,1.20
2015.12.14 13:20:33.484,1.52129,1.52149,1.37,1.12
2015.12.14 13:20:33.788,1.52131,1.52148,1.37,1.00
2015.12.14 13:20:34.750,1.52132,1.52148,1.37,1.00
2015.12.14 13:20:35.057,1.52124,1.52138,1.00,1.00
2015.12.14 13:20:35.159,1.52119,1.52138,1.95,1.00
2015.12.14 13:20:35.787,1.5212,1.52138,1.87,1.00
2015.12.14 13:20:36.092,1.52127,1.52143,1.37,1.00
2015.12.14 13:20:36.398,1.52127,1.52145,1.75,1.00
2015.12.14 13:20:36.451,1.52129,1.52145,1.45,1.00
2015.12.14 13:20:36.554,1.52129,1.52148,1.45,1.37
2015.12.14 13:20:36.708,1.52129,1.52144,1.45,1.00
2015.12.14 13:20:36.982,1.52134,1.5215,1.55,1.12
2015.12.14 13:20:37.033,1.52132,1.52148,1.50,1.37
2015.12.14 13:20:37.136,1.5213,1.52151,1.45,2.62
2015.12.14 13:20:37.340,1.52128,1.52151,2.25,1.87
2015.12.14 13:20:37.645,1.52127,1.52151,1.57,1.87
2015.12.14 13:20:37.753,1.52125,1.5215,1.27,1.75
2015.12.14 13:20:37.973,1.52125,1.52149,2.25,1.12
2015.12.14 13:20:38.177,1.52126,1.52151,1.57,1.87
2015.12.14 13:20:38.940,1.52125,1.5215,2.25,1.50
2015.12.14 13:20:39.658,1.52131,1.5215,1.00,1.00
2015.12.14 13:20:39.709,1.52128,1.5215,1.07,1.00
2015.12.14 13:20:39.812,1.52129,1.52154,1.15,2.25
2015.12.14 13:20:39.863,1.5213,1.52153,1.12,1.50
2015.12.14 13:20:40.235,1.52129,1.5215,1.57,1.12
2015.12.14 13:20:40.541,1.52134,1.52153,1.00,1.37
2015.12.14 13:20:40.592,1.52134,1.52156,1.00,2.05
2015.12.14 13:20:40.745,1.52136,1.52155,1.00,2.05
2015.12.14 13:20:41.534,1.52132,1.52154,1.95,1.72
2015.12.14 13:20:41.687,1.5213,1.52153,3.37,1.75
2015.12.14 13:20:41.739,1.5213,1.52151,1.07,1.75
2015.12.14 13:20:41.842,1.52128,1.5215,1.00,2.02
2015.12.14 13:20:42.376,1.52128,1.5215,1.50,2.25
2015.12.14 13:20:43.917,1.52131,1.52149,1.07,1.35
2015.12.14 13:20:44.223,1.52136,1.52156,1.17,2.47
2015.12.14 13:20:44.991,1.52138,1.52156,1.00,1.75
2015.12.14 13:20:47.924,1.52134,1.52153,1.50,1.12
2015.12.14 13:20:47.975,1.52134,1.52153,1.47,1.12
2015.12.14 13:20:48.077,1.52131,1.52152,3.00,1.75
2015.12.14 13:20:48.342,1.52137,1.52153,1.00,1.00
2015.12.14 13:20:48.395,1.5214,1.52155,1.00,1.37
2015.12.14 13:20:48.903,1.52137,1.52156,1.20,1.37
2015.12.14 13:20:49.209,1.52135,1.52156,1.15,1.37
2015.12.14 13:20:50.162,1.52134,1.52155,1.87,1.75
2015.12.14 13:20:50.476,1.52134,1.52155,1.87,1.50
2015.12.14 13:20:50.732,1.52134,1.52155,1.55,2.25
2015.12.14 13:20:51.038,1.52136,1.52158,1.00,1.20
2015.12.14 13:20:51.097,1.52138,1.5216,1.15,1.12
2015.12.14 13:20:51.415,1.5214,1.52162,1.45,1.75
2015.12.14 13:20:54.616,1.52143,1.52164,1.00,1.87
2015.12.14 13:20:54.667,1.52146,1.52164,1.00,1.00
2015.12.14 13:20:54.820,1.52149,1.52172,1.12,1.72
2015.12.14 13:20:55.338,1.5215,1.52175,1.50,1.75
2015.12.14 13:20:55.542,1.5215,1.52175,1.12,1.12
2015.12.14 13:20:56.218,1.5215,1.52173,1.12,1.00
2015.12.14 13:20:57.199,1.52152,1.52173,1.50,1.00
2015.12.14 13:20:57.605,1.52152,1.5217,1.50,1.00
2015.12.14 13:20:57.657,1.52151,1.5217,1.57,1.00
2015.12.14 13:20:57.721,1.52151,1.5217,1.57,1.37
2015.12.14 13:20:57.773,1.52148,1.52168,1.37,1.12
2015.12.14 13:20:57.825,1.52148,1.52164,1.37,1.00
2015.12.14 13:20:57.876,1.52144,1.52164,2.25,1.00
2015.12.14 13:20:58.029,1.52144,1.52167,1.45,1.87
2015.12.14 13:20:58.547,1.52142,1.52167,1.45,2.25
2015.12.14 13:20:59.106,1.52142,1.52164,1.45,1.12
2015.12.14 13:20:59.190,1.52141,1.52164,1.57,1.12
2015.12.14 13:20:59.344,1.5214,1.52162,1.87,1.00
2015.12.14 13:20:59.854,1.5214,1.52165,1.87,2.62
2015.12.14 13:21:01.124,1.5214,1.52165,1.87,2.62
2015.12.14 13:21:01.461,1.52147,1.52165,1.00,1.87
2015.12.14 13:21:01.766,1.52153,1.52167,1.57,1.00
2015.12.14 13:21:03.411,1.52151,1.52167,1.50,1.00
2015.12.14 13:21:03.513,1.52149,1.52168,2.62,1.00
2015.12.14 13:21:04.601,1.52148,1.52168,1.45,1.00
2015.12.14 13:21:05.061,1.52148,1.52165,1.37,1.00
2015.12.14 13:21:05.163,1.52143,1.52162,1.57,1.00
2015.12.14 13:21:05.265,1.52141,1.52162,1.65,1.50
2015.12.14 13:21:05.418,1.5214,1.5216,1.87,1.00
2015.12.14 13:21:05.927,1.52141,1.5216,1.10,1.12
2015.12.14 13:21:06.245,1.52131,1.52147,1.12,1.20
2015.12.14 13:21:06.297,1.52123,1.52147,1.37,1.57
2015.12.14 13:21:06.348,1.52122,1.52143,1.50,1.57
2015.12.14 13:21:06.502,1.52119,1.5214,1.00,1.57
2015.12.14 13:21:06.605,1.52115,1.52137,1.20,1.00
2015.12.14 13:21:06.971,1.52115,1.52135,1.20,1.00
2015.12.14 13:21:07.584,1.52114,1.52134,1.82,1.00
2015.12.14 13:21:08.181,1.52112,1.52134,1.57,1.00
2015.12.14 13:21:08.496,1.52113,1.52132,1.07,1.00
2015.12.14 13:21:09.486,1.52111,1.5213,2.62,1.00
2015.12.14 13:21:09.538,1.52111,1.5213,1.27,1.00
2015.12.14 13:21:09.793,1.52107,1.5213,1.27,1.00
2015.12.14 13:21:09.946,1.52106,1.52128,2.70,1.00
2015.12.14 13:21:10.399,1.52102,1.52126,2.25,1.00
2015.12.14 13:21:10.501,1.52104,1.52124,1.10,1.00
2015.12.14 13:21:10.604,1.52105,1.52126,1.00,1.12
2015.12.14 13:21:10.655,1.52105,1.52123,1.00,1.00
2015.12.14 13:21:10.706,1.52105,1.52125,1.00,1.00
2015.12.14 13:21:10.808,1.52105,1.52129,1.07,2.32
2015.12.14 13:21:10.859,1.52107,1.52129,1.57,1.87
2015.12.14 13:21:11.376,1.52108,1.52129,1.87,1.00
2015.12.14 13:21:11.885,1.52108,1.52131,2.25,1.00
2015.12.14 13:21:11.936,1.52108,1.52131,1.75,1.37
2015.12.14 13:21:12.209,1.52115,1.52136,1.57,1.50
2015.12.14 13:21:12.260,1.52118,1.52136,1.00,1.50
2015.12.14 13:21:12.567,1.52121,1.52137,1.00,1.00
2015.12.14 13:21:12.619,1.52119,1.52137,1.00,1.00
2015.12.14 13:21:13.161,1.52119,1.52137,1.07,1.00
2015.12.14 13:21:13.567,1.52118,1.52135,1.20,1.00
2015.12.14 13:21:13.936,1.52118,1.52135,1.10,1.00
2015.12.14 13:21:14.242,1.52118,1.52139,1.10,1.00
2015.12.14 13:21:14.548,1.52118,1.52137,1.10,1.00
2015.12.14 13:21:14.867,1.52114,1.52134,1.50,1.00
2015.12.14 13:21:15.172,1.52116,1.52134,1.12,1.00
2015.12.14 13:21:16.158,1.52115,1.52134,1.50,1.00
2015.12.14 13:21:16.413,1.52115,1.52132,1.45,1.00
2015.12.14 13:21:16.464,1.52114,1.52132,1.55,1.00
2015.12.14 13:21:16.517,1.52113,1.5213,2.32,1.00
2015.12.14 13:21:16.631,1.52113,1.52133,1.20,1.00
2015.12.14 13:21:16.785,1.52114,1.52135,1.20,1.00
2015.12.14 13:21:17.141,1.52117,1.52138,1.20,1.00
2015.12.14 13:21:17.243,1.5212,1.52136,1.20,1.00
2015.12.14 13:21:17.295,1.5212,1.52139,1.57,1.00
2015.12.14 13:21:17.347,1.52121,1.52137,1.27,1.00
2015.12.14 13:21:17.552,1.52117,1.52136,2.70,1.00
2015.12.14 13:21:17.663,1.52117,1.52132,1.95,1.00
2015.12.14 13:21:17.818,1.52115,1.52134,1.57,1.00
2015.12.14 13:21:17.920,1.52116,1.52134,1.12,1.00
2015.12.14 13:21:18.275,1.52116,1.52136,1.12,1.00
2015.12.14 13:21:18.807,1.52116,1.52135,1.12,1.00
2015.12.14 13:21:18.910,1.52116,1.52133,1.12,1.00
2015.12.14 13:21:21.533,1.52114,1.52133,2.25,1.00
2015.12.14 13:21:21.838,1.52114,1.52131,2.25,1.00
2015.12.14 13:21:23.282,1.52114,1.52129,1.45,1.00
2015.12.14 13:21:23.835,1.52114,1.52129,1.55,1.00
2015.12.14 13:21:24.705,1.52111,1.52129,2.62,1.00
2015.12.14 13:21:25.036,1.5211,1.52127,2.25,1.00
2015.12.14 13:21:25.495,1.52109,1.52129,2.25,1.50
2015.12.14 13:21:25.597,1.52109,1.52131,1.50,1.50
2015.12.14 13:21:25.700,1.52113,1.52131,1.37,1.00
2015.12.14 13:21:25.903,1.52113,1.52133,1.82,1.00
2015.12.14 13:21:26.021,1.52115,1.52133,1.37,1.00
2015.12.14 13:21:27.049,1.52113,1.52133,1.20,1.00
2015.12.14 13:21:28.319,1.52112,1.52131,1.20,1.00
2015.12.14 13:21:28.472,1.52109,1.52129,1.00,1.00
2015.12.14 13:21:28.575,1.52104,1.52128,1.65,1.12
2015.12.14 13:21:28.627,1.52106,1.52123,1.00,1.00
2015.12.14 13:21:28.780,1.52102,1.52123,3.00,1.00
2015.12.14 13:21:29.085,1.52102,1.52121,1.50,1.00
2015.12.14 13:21:29.387,1.52102,1.52119,1.45,1.00
2015.12.14 13:21:29.591,1.521,1.52119,1.57,1.00
2015.12.14 13:21:29.895,1.521,1.52121,1.57,1.00
2015.12.14 13:21:30.099,1.52101,1.52122,1.20,1.00
2015.12.14 13:21:30.201,1.52104,1.52125,1.82,1.00
2015.12.14 13:21:30.253,1.52107,1.52127,1.12,1.50
2015.12.14 13:21:30.576,1.52106,1.52121,1.10,1.00
2015.12.14 13:21:30.881,1.52088,1.52106,1.10,1.00
2015.12.14 13:21:30.983,1.52085,1.52102,1.10,1.00
2015.12.14 13:21:31.348,1.5208,1.52099,1.82,1.00
2015.12.14 13:21:31.907,1.5208,1.52099,1.20,1.00
2015.12.14 13:21:32.684,1.5208,1.52101,1.20,1.00
2015.12.14 13:21:32.786,1.5208,1.52104,1.20,1.00
2015.12.14 13:21:32.888,1.52083,1.52107,2.25,1.00
2015.12.14 13:21:33.908,1.52085,1.52108,2.25,1.00
2015.12.14 13:21:34.415,1.52085,1.52108,1.87,1.00
2015.12.14 13:21:34.822,1.52085,1.52104,1.37,1.00
2015.12.14 13:21:34.979,1.52085,1.52103,1.00,1.20
2015.12.14 13:21:35.031,1.52085,1.521,1.00,1.00
2015.12.14 13:21:35.083,1.52081,1.521,1.37,1.00
2015.12.14 13:21:35.337,1.52078,1.521,1.47,1.00
2015.12.14 13:21:36.339,1.52076,1.521,2.32,1.00
2015.12.14 13:21:36.744,1.52076,1.52097,2.32,1.00
2015.12.14 13:21:37.384,1.52076,1.52097,1.95,1.50
2015.12.14 13:21:37.486,1.52076,1.52095,1.37,1.00
2015.12.14 13:21:37.793,1.52071,1.52081,1.37,1.00
2015.12.14 13:21:37.895,1.52059,1.52077,1.17,1.37
2015.12.14 13:21:38.099,1.52054,1.52073,1.20,1.00
2015.12.14 13:21:38.946,1.52054,1.52073,1.20,1.00
2015.12.14 13:21:39.532,1.52054,1.52074,1.20,1.00
2015.12.14 13:21:39.686,1.52054,1.52076,1.20,1.50
2015.12.14 13:21:39.940,1.52054,1.5208,3.45,1.95
2015.12.14 13:21:39.991,1.52055,1.5208,2.32,1.07
2015.12.14 13:21:40.503,1.52058,1.52082,1.37,1.57
2015.12.14 13:21:40.596,1.52058,1.52083,1.87,2.62
2015.12.14 13:21:40.698,1.52064,1.52086,1.20,1.00
2015.12.14 13:21:40.749,1.52065,1.52084,1.27,1.00
2015.12.14 13:21:41.257,1.52061,1.52085,3.75,1.00
2015.12.14 13:21:41.830,1.52061,1.52085,3.75,1.00
2015.12.14 13:21:42.695,1.52061,1.52083,2.77,1.00
2015.12.14 13:21:42.747,1.52063,1.52083,1.37,1.00
2015.12.14 13:21:42.849,1.52061,1.52082,1.12,1.00
2015.12.14 13:21:42.951,1.52059,1.5208,1.55,1.00
2015.12.14 13:21:43.839,1.52059,1.52078,1.10,1.00
2015.12.14 13:21:44.145,1.52053,1.52075,2.02,1.00
2015.12.14 13:21:44.671,1.52053,1.52074,1.52,1.00
2015.12.14 13:21:45.127,1.52052,1.52075,2.20,1.00
2015.12.14 13:21:46.411,1.52054,1.52075,1.50,1.00
2015.12.14 13:21:46.955,1.52054,1.52072,1.50,1.00
2015.12.14 13:21:47.933,1.52054,1.52075,1.50,1.00
2015.12.14 13:21:48.439,1.52054,1.52076,1.50,1.50
2015.12.14 13:21:49.029,1.52054,1.52073,1.50,1.00
2015.12.14 13:21:49.681,1.52053,1.52073,1.20,1.00
2015.12.14 13:21:50.346,1.52053,1.52073,1.20,1.00
2015.12.14 13:21:52.375,1.52053,1.52073,1.20,1.50
2015.12.14 13:21:52.527,1.52053,1.52076,1.20,1.12
2015.12.14 13:21:52.692,1.52052,1.52073,1.87,1.00
2015.12.14 13:21:53.099,1.52052,1.52076,1.87,1.00
2015.12.14 13:21:53.605,1.52053,1.52076,1.57,1.00
2015.12.14 13:21:54.188,1.52055,1.52077,1.47,1.00
2015.12.14 13:21:54.919,1.52057,1.52078,1.12,1.87
2015.12.14 13:21:54.970,1.52057,1.52078,1.57,1.87
2015.12.14 13:21:55.275,1.5206,1.52081,1.45,2.25
2015.12.14 13:21:55.326,1.52058,1.52081,1.57,2.25
2015.12.14 13:21:56.101,1.52057,1.52077,1.57,1.12
2015.12.14 13:21:56.558,1.52053,1.52077,2.70,1.12
2015.12.14 13:21:56.913,1.52057,1.52077,1.00,1.20
2015.12.14 13:21:57.433,1.52056,1.52078,1.00,2.02
2015.12.14 13:22:00.156,1.52056,1.52077,1.00,1.87
2015.12.14 13:22:01.862,1.52061,1.52076,1.00,1.45
2015.12.14 13:22:01.913,1.52061,1.52078,1.00,1.87
2015.12.14 13:22:01.965,1.52066,1.52078,1.00,1.37
2015.12.14 13:22:02.016,1.52068,1.52084,1.00,2.25
2015.12.14 13:22:02.067,1.52068,1.52086,1.00,2.02
2015.12.14 13:22:02.118,1.52068,1.52088,1.37,1.27
2015.12.14 13:22:02.621,1.52071,1.52091,1.00,1.45
2015.12.14 13:22:04.351,1.52071,1.52093,1.12,1.95
2015.12.14 13:22:04.604,1.52069,1.52093,1.50,2.70
2015.12.14 13:22:04.656,1.52069,1.52091,1.50,1.45
2015.12.14 13:22:05.260,1.52069,1.5209,1.00,1.75
2015.12.14 13:22:05.565,1.5206,1.52079,1.00,1.50
2015.12.14 13:22:05.667,1.52052,1.52075,1.37,1.00
2015.12.14 13:22:05.718,1.52052,1.52075,1.37,1.00
2015.12.14 13:22:05.871,1.52051,1.52073,1.50,1.20
2015.12.14 13:22:05.922,1.52049,1.52073,1.12,1.20
2015.12.14 13:22:06.472,1.52048,1.52072,1.87,1.57
2015.12.14 13:22:06.929,1.52048,1.52072,1.12,1.57
2015.12.14 13:22:08.464,1.5205,1.52072,1.00,1.57
2015.12.14 13:22:08.769,1.52061,1.52077,1.00,1.00
2015.12.14 13:22:09.136,1.52066,1.52078,1.00,1.00
2015.12.14 13:22:09.238,1.52066,1.52086,1.37,1.50
2015.12.14 13:22:09.289,1.52069,1.52086,1.00,1.50
2015.12.14 13:22:09.442,1.52069,1.52091,1.37,1.50
2015.12.14 13:22:09.950,1.52071,1.52091,1.12,2.25
2015.12.14 13:22:10.103,1.52073,1.52091,1.00,2.25
2015.12.14 13:22:11.523,1.52067,1.52091,3.00,1.50
2015.12.14 13:22:11.629,1.52067,1.52087,1.12,1.37
2015.12.14 13:22:11.986,1.52068,1.52089,1.00,1.57
2015.12.14 13:22:13.774,1.5207,1.52088,1.00,1.27
2015.12.14 13:22:14.290,1.52071,1.52089,1.00,2.32
2015.12.14 13:22:14.880,1.52072,1.52089,1.00,2.32
2015.12.14 13:22:15.394,1.52071,1.52089,1.00,2.32
2015.12.14 13:22:15.926,1.5207,1.52088,1.00,1.17
2015.12.14 13:22:17.903,1.52068,1.52089,1.00,1.20
2015.12.14 13:22:18.827,1.52069,1.52089,1.00,1.95
2015.12.14 13:22:19.397,1.52065,1.52089,1.87,3.60
2015.12.14 13:22:19.600,1.52065,1.52086,1.00,2.25
2015.12.14 13:22:20.161,1.52063,1.52086,1.00,2.62
2015.12.14 13:22:20.537,1.52079,1.52086,1.00,1.87
2015.12.14 13:22:20.639,1.52074,1.52087,1.75,1.12
2015.12.14 13:22:20.690,1.52081,1.52089,1.00,1.12
2015.12.14 13:22:20.792,1.52083,1.52099,1.00,1.10
2015.12.14 13:22:20.908,1.52079,1.52102,1.57,1.00
2015.12.14 13:22:20.961,1.52079,1.52097,1.12,1.07
2015.12.14 13:22:21.063,1.52076,1.52097,1.50,1.37
2015.12.14 13:22:21.165,1.52076,1.52099,1.50,1.17
2015.12.14 13:22:21.419,1.52081,1.52097,1.00,1.00
2015.12.14 13:22:21.623,1.52086,1.52108,1.00,1.37
2015.12.14 13:22:21.674,1.5209,1.52108,1.00,1.00
2015.12.14 13:22:21.725,1.52088,1.52108,1.00,1.00
2015.12.14 13:22:22.043,1.52085,1.52105,1.00,1.00
2015.12.14 13:22:22.349,1.52069,1.52092,1.00,1.27
2015.12.14 13:22:22.857,1.52069,1.52091,1.00,1.50
2015.12.14 13:22:24.108,1.52069,1.52091,1.00,1.17
2015.12.14 13:22:24.260,1.52067,1.52091,1.00,1.15
2015.12.14 13:22:24.807,1.52066,1.52089,1.00,1.00
2015.12.14 13:22:24.909,1.52066,1.52089,1.00,1.20
2015.12.14 13:22:25.214,1.52063,1.52087,1.95,1.07
2015.12.14 13:22:25.733,1.52066,1.52089,1.00,2.25
2015.12.14 13:22:26.251,1.52064,1.52089,1.50,1.50
2015.12.14 13:22:26.583,1.52064,1.52089,1.75,1.50
2015.12.14 13:22:26.887,1.52066,1.5209,1.37,2.25
2015.12.14 13:22:27.439,1.52068,1.5209,1.00,2.25
2015.12.14 13:22:27.693,1.5207,1.5209,1.00,1.87
2015.12.14 13:22:27.745,1.5207,1.5209,1.00,1.20
2015.12.14 13:22:27.796,1.52078,1.5209,1.00,1.20
2015.12.14 13:22:28.053,1.52083,1.521,1.37,1.00
2015.12.14 13:22:28.105,1.52079,1.52105,1.87,1.50
2015.12.14 13:22:28.252,1.52079,1.52101,1.37,1.00
2015.12.14 13:22:28.303,1.52077,1.52101,1.37,1.15
2015.12.14 13:22:28.405,1.52073,1.52097,1.47,1.87
2015.12.14 13:22:28.710,1.52076,1.52095,1.00,1.65
2015.12.14 13:22:28.863,1.52076,1.52097,1.00,2.02
2015.12.14 13:22:29.369,1.52078,1.52098,1.00,1.20
2015.12.14 13:22:29.624,1.52078,1.52098,1.12,1.00
2015.12.14 13:22:30.132,1.52079,1.521,1.00,1.07
2015.12.14 13:22:30.387,1.52076,1.52099,1.37,1.50
2015.12.14 13:22:30.599,1.52073,1.52096,1.37,1.17
2015.12.14 13:22:31.516,1.52072,1.52093,1.17,1.00
2015.12.14 13:22:32.032,1.52072,1.52093,1.00,1.00
2015.12.14 13:22:32.366,1.5207,1.52091,1.57,1.00
2015.12.14 13:22:32.873,1.5207,1.52091,1.00,1.37
2015.12.14 13:22:33.439,1.52068,1.52092,1.12,1.50
2015.12.14 13:22:33.744,1.52068,1.52088,1.00,1.00
2015.12.14 13:22:34.623,1.52068,1.5209,1.00,2.25
2015.12.14 13:22:35.137,1.52068,1.52089,1.00,1.00
2015.12.14 13:22:35.300,1.52068,1.52084,1.00,1.00
2015.12.14 13:22:35.741,1.52064,1.52084,1.95,1.00
2015.12.14 13:22:35.792,1.52066,1.52086,1.12,1.00
2015.12.14 13:22:35.844,1.52066,1.52083,1.00,1.00
2015.12.14 13:22:36.172,1.52063,1.52083,1.27,1.00
2015.12.14 13:22:36.275,1.5206,1.5208,1.95,1.00
2015.12.14 13:22:36.478,1.52055,1.52077,1.65,1.00
2015.12.14 13:22:36.580,1.52059,1.52077,1.00,1.10
2015.12.14 13:22:37.130,1.52055,1.52077,1.50,1.20
2015.12.14 13:22:37.185,1.52053,1.52072,1.37,1.00
2015.12.14 13:22:37.491,1.52053,1.52069,1.00,1.00
2015.12.14 13:22:38.081,1.52053,1.52068,1.00,1.00
2015.12.14 13:22:38.628,1.52053,1.52069,1.00,1.00
2015.12.14 13:22:38.679,1.52053,1.52072,1.00,1.00
2015.12.14 13:22:39.187,1.52053,1.52071,1.00,1.00
2015.12.14 13:22:39.340,1.52053,1.52073,1.00,1.10
2015.12.14 13:22:39.442,1.52053,1.5207,1.00,1.00
2015.12.14 13:22:40.174,1.5205,1.5207,1.50,1.00
2015.12.14 13:22:40.225,1.5205,1.52073,1.50,1.10
2015.12.14 13:22:40.378,1.5205,1.52071,1.00,1.00
2015.12.14 13:22:40.429,1.52047,1.52069,1.20,1.12
2015.12.14 13:22:40.532,1.52046,1.52064,1.00,1.00
2015.12.14 13:22:41.042,1.52046,1.52065,1.00,1.00
2015.12.14 13:22:41.398,1.52044,1.52064,1.00,1.00
2015.12.14 13:22:41.551,1.52044,1.52061,1.00,1.00
2015.12.14 13:22:41.755,1.52042,1.5206,1.00,1.00
2015.12.14 13:22:41.857,1.52042,1.52063,1.00,1.00
2015.12.14 13:22:42.294,1.52044,1.52063,1.00,1.17
2015.12.14 13:22:42.801,1.52044,1.52065,1.00,2.25
2015.12.14 13:22:43.005,1.52044,1.52065,1.00,1.10
2015.12.14 13:22:43.056,1.52046,1.52062,1.00,1.00
2015.12.14 13:22:43.108,1.52046,1.52065,1.00,1.10
2015.12.14 13:22:43.271,1.52047,1.52067,1.12,1.00
2015.12.14 13:22:43.525,1.52046,1.52065,1.00,1.00
2015.12.14 13:22:43.629,1.52043,1.52065,1.12,1.00
2015.12.14 13:22:43.731,1.52043,1.52063,1.00,1.00
2015.12.14 13:22:43.834,1.52041,1.52063,1.10,1.00
2015.12.14 13:22:43.885,1.52041,1.52061,1.10,1.00
2015.12.14 13:22:44.248,1.52039,1.52056,1.10,1.00
2015.12.14 13:22:44.453,1.52036,1.52056,1.65,1.00
2015.12.14 13:22:44.960,1.52043,1.52056,1.00,1.00
2015.12.14 13:22:45.164,1.52041,1.5206,1.37,1.00
2015.12.14 13:22:45.266,1.5204,1.5206,1.00,1.00
2015.12.14 13:22:45.317,1.5204,1.52057,1.00,1.00
2015.12.14 13:22:45.482,1.52038,1.52057,1.20,1.00
2015.12.14 13:22:45.533,1.52041,1.52057,1.00,1.00
2015.12.14 13:22:45.584,1.52043,1.5206,1.00,1.00
2015.12.14 13:22:45.687,1.52043,1.52062,1.12,1.00
2015.12.14 13:22:45.992,1.52042,1.52064,1.00,1.20
2015.12.14 13:22:46.043,1.52039,1.52064,1.50,1.27
2015.12.14 13:22:46.249,1.52039,1.52062,1.12,1.72
2015.12.14 13:22:46.762,1.52037,1.52061,1.65,1.00
2015.12.14 13:22:47.072,1.52046,1.52066,1.12,1.27
2015.12.14 13:22:47.123,1.52044,1.52067,1.87,1.87
2015.12.14 13:22:47.174,1.52044,1.52067,1.00,1.87
2015.12.14 13:22:47.327,1.52042,1.52064,1.50,1.00
2015.12.14 13:22:47.378,1.52039,1.52065,2.02,1.20
2015.12.14 13:22:47.429,1.52039,1.52063,1.57,1.00
2015.12.14 13:22:48.160,1.5204,1.52064,1.12,1.00
2015.12.14 13:22:48.672,1.5204,1.52064,1.37,1.00
2015.12.14 13:22:49.140,1.52038,1.5206,2.40,1.00
2015.12.14 13:22:49.388,1.52038,1.5206,2.40,1.00
2015.12.14 13:22:49.439,1.52046,1.5206,1.00,1.00
2015.12.14 13:22:49.642,1.52047,1.52065,1.00,1.00
2015.12.14 13:22:49.744,1.52042,1.52063,1.07,1.00
2015.12.14 13:22:50.251,1.52042,1.52062,1.20,1.00
2015.12.14 13:22:50.944,1.52042,1.52064,1.20,1.00
2015.12.14 13:22:52.311,1.52041,1.52066,1.95,1.87
2015.12.14 13:22:52.463,1.52041,1.52066,1.57,2.62
2015.12.14 13:22:53.446,1.52042,1.52063,1.07,1.00
2015.12.14 13:22:53.700,1.52042,1.52067,1.20,1.95
2015.12.14 13:22:53.852,1.52041,1.52065,1.45,1.00
2015.12.14 13:22:54.171,1.52041,1.52063,1.45,1.00
2015.12.14 13:22:54.617,1.52045,1.52063,1.00,1.00
2015.12.14 13:22:54.719,1.52047,1.52069,1.57,1.00
2015.12.14 13:22:54.771,1.52048,1.52069,1.37,1.00
2015.12.14 13:22:55.126,1.52048,1.52072,1.87,1.00
2015.12.14 13:22:55.329,1.52048,1.52069,1.50,1.00
2015.12.14 13:22:55.401,1.52047,1.52067,1.00,1.00
2015.12.14 13:22:55.456,1.52042,1.52066,1.95,1.00
2015.12.14 13:22:55.507,1.52042,1.52064,1.65,1.00
2015.12.14 13:22:55.812,1.52041,1.52061,1.17,1.00
2015.12.14 13:22:56.118,1.52037,1.52059,1.20,1.00
2015.12.14 13:22:56.169,1.52037,1.52061,1.20,1.00
2015.12.14 13:22:56.687,1.52037,1.5206,1.20,1.00
2015.12.14 13:22:56.738,1.52045,1.52064,1.00,1.57
2015.12.14 13:22:56.942,1.52051,1.52071,1.12,1.00
2015.12.14 13:22:56.994,1.52051,1.52068,1.12,1.00
2015.12.14 13:22:57.200,1.52045,1.52062,1.12,1.10
2015.12.14 13:22:57.251,1.52038,1.52062,3.07,1.20
2015.12.14 13:22:57.302,1.52038,1.52062,1.57,1.20
2015.12.14 13:22:57.803,1.52037,1.5206,1.27,1.10
2015.12.14 13:22:58.058,1.52037,1.52062,1.27,1.50
2015.12.14 13:22:58.109,1.52037,1.52062,1.27,1.00
2015.12.14 13:22:59.292,1.52038,1.5206,1.95,1.00
2015.12.14 13:22:59.498,1.52035,1.52056,1.00,1.00
2015.12.14 13:22:59.702,1.52037,1.52057,1.00,1.00
2015.12.14 13:23:00.165,1.52039,1.5206,1.00,1.20
2015.12.14 13:23:00.571,1.52042,1.52059,1.00,1.10
2015.12.14 13:23:00.878,1.52046,1.52059,1.00,1.00
2015.12.14 13:23:00.980,1.52046,1.52062,1.00,1.10
2015.12.14 13:23:01.031,1.52044,1.52062,1.12,1.10
2015.12.14 13:23:01.133,1.52047,1.52062,1.00,1.00
2015.12.14 13:23:01.185,1.52047,1.52064,1.00,1.10
2015.12.14 13:23:01.236,1.52049,1.52064,1.00,1.10
2015.12.14 13:23:02.072,1.52049,1.52066,1.00,1.50
2015.12.14 13:23:02.124,1.52047,1.52066,1.00,1.50
2015.12.14 13:23:02.378,1.52047,1.52062,1.00,1.00
2015.12.14 13:23:02.673,1.52044,1.52066,1.00,2.40
2015.12.14 13:23:02.776,1.52044,1.52061,1.00,1.37
2015.12.14 13:23:02.878,1.52043,1.52062,1.00,1.00
2015.12.14 13:23:02.930,1.52045,1.52061,1.00,1.00
2015.12.14 13:23:03.235,1.52045,1.52063,1.00,1.12
2015.12.14 13:23:03.764,1.52045,1.52062,1.00,1.00
2015.12.14 13:23:04.272,1.52045,1.52061,1.00,1.00
2015.12.14 13:23:04.374,1.52043,1.52061,1.00,1.00
2015.12.14 13:23:04.628,1.5204,1.52061,1.27,1.00
2015.12.14 13:23:04.680,1.52043,1.52061,1.00,1.00
2015.12.14 13:23:04.782,1.52041,1.52061,1.00,1.00
2015.12.14 13:23:04.928,1.52046,1.52061,1.00,1.72
2015.12.14 13:23:05.081,1.52043,1.52064,1.00,1.47
2015.12.14 13:23:05.133,1.52043,1.52064,1.07,1.00
2015.12.14 13:23:05.286,1.52045,1.52066,1.00,1.95
2015.12.14 13:23:05.795,1.52046,1.52066,1.00,1.57
2015.12.14 13:23:06.828,1.52045,1.52066,1.00,1.57
2015.12.14 13:23:06.981,1.52044,1.52066,1.12,2.77
2015.12.14 13:23:07.530,1.52044,1.52064,1.00,1.85
2015.12.14 13:23:09.239,1.52042,1.52064,1.00,2.55
2015.12.14 13:23:09.290,1.5204,1.52064,1.00,3.30
2015.12.14 13:23:09.544,1.5204,1.5206,1.00,1.00
2015.12.14 13:23:09.646,1.52038,1.5206,1.10,1.00
2015.12.14 13:23:09.849,1.52038,1.52059,1.00,1.72
2015.12.14 13:23:10.320,1.52034,1.52058,1.17,1.12
2015.12.14 13:23:10.373,1.52033,1.52055,1.57,1.30
2015.12.14 13:23:10.475,1.52031,1.52054,1.00,2.32
2015.12.14 13:23:10.577,1.52033,1.52051,1.00,1.00
2015.12.14 13:23:10.782,1.52036,1.52056,1.00,1.00
2015.12.14 13:23:11.306,1.52036,1.52057,1.00,2.10
2015.12.14 13:23:11.814,1.52037,1.52057,1.00,1.00
2015.12.14 13:23:13.811,1.52039,1.52057,1.00,1.00
2015.12.14 13:23:14.059,1.52039,1.52059,1.00,1.00
2015.12.14 13:23:14.215,1.52035,1.52057,1.65,1.67
2015.12.14 13:23:14.520,1.52036,1.52052,1.00,1.00
2015.12.14 13:23:16.316,1.52036,1.52056,1.00,1.00
2015.12.14 13:23:16.418,1.52038,1.52057,1.12,1.87
2015.12.14 13:23:16.739,1.5204,1.52062,1.00,1.20
2015.12.14 13:23:16.993,1.52037,1.5206,2.32,1.12
2015.12.14 13:23:17.146,1.52037,1.52059,1.20,1.75
2015.12.14 13:23:17.451,1.52035,1.52056,2.32,1.87
2015.12.14 13:23:18.813,1.52038,1.52057,1.00,1.75
2015.12.14 13:23:18.943,1.52039,1.52058,1.00,1.75
2015.12.14 13:23:18.994,1.52037,1.52058,1.10,1.75
2015.12.14 13:23:19.046,1.52034,1.52055,1.27,1.75
2015.12.14 13:23:19.352,1.5204,1.52061,1.00,3.45
2015.12.14 13:23:19.555,1.52042,1.52061,1.00,1.50
2015.12.14 13:23:20.059,1.52041,1.52062,1.10,1.75
2015.12.14 13:23:21.240,1.52043,1.52063,1.00,2.25
2015.12.14 13:23:23.152,1.52043,1.52063,1.00,1.00
2015.12.14 13:23:23.663,1.52042,1.52063,1.12,1.00
2015.12.14 13:23:24.771,1.52046,1.52065,1.00,1.50
2015.12.14 13:23:24.822,1.52046,1.52065,1.00,1.12
2015.12.14 13:23:25.178,1.52053,1.52065,1.00,1.12
2015.12.14 13:23:25.379,1.52057,1.52073,1.00,1.00
2015.12.14 13:23:25.433,1.52057,1.52075,1.37,1.00
2015.12.14 13:23:25.535,1.52058,1.52079,1.37,1.20
2015.12.14 13:23:26.043,1.52058,1.52079,1.00,1.57
2015.12.14 13:23:26.348,1.52054,1.52079,2.70,3.30
2015.12.14 13:23:26.563,1.52055,1.52074,1.10,1.00
2015.12.14 13:23:26.902,1.52043,1.52067,1.87,1.12
2015.12.14 13:23:27.764,1.52043,1.52066,1.50,1.00
2015.12.14 13:23:27.815,1.52042,1.52066,1.57,1.00
2015.12.14 13:23:28.024,1.52041,1.52063,1.20,1.00
2015.12.14 13:23:28.886,1.5204,1.52063,1.87,1.00
2015.12.14 13:23:29.407,1.5204,1.52065,1.87,1.37
2015.12.14 13:23:29.723,1.52042,1.52065,1.57,1.37
2015.12.14 13:23:29.927,1.52042,1.52067,1.27,3.15
2015.12.14 13:23:29.978,1.52042,1.52067,1.65,2.77
2015.12.14 13:23:30.486,1.52046,1.52067,1.50,1.00
2015.12.14 13:23:31.292,1.52046,1.52067,1.50,1.00
2015.12.14 13:23:31.702,1.52049,1.52067,1.00,1.00
2015.12.14 13:23:31.855,1.52049,1.52072,1.87,1.10
2015.12.14 13:23:32.032,1.52049,1.52069,2.02,1.00
2015.12.14 13:23:32.083,1.52049,1.52072,2.02,1.00
2015.12.14 13:23:32.135,1.52049,1.52074,2.32,1.50
2015.12.14 13:23:32.237,1.52049,1.52074,1.20,2.77
2015.12.14 13:23:32.542,1.52049,1.5207,1.57,1.00
2015.12.14 13:23:32.644,1.52051,1.52074,1.10,1.10
2015.12.14 13:23:32.746,1.52051,1.52071,1.10,1.00
2015.12.14 13:23:33.068,1.52047,1.52065,1.87,1.00
2015.12.14 13:23:33.119,1.52044,1.52065,1.65,1.00
2015.12.14 13:23:33.221,1.52041,1.52062,1.95,1.00
2015.12.14 13:23:33.632,1.52046,1.52065,1.75,1.12
2015.12.14 13:23:33.786,1.52051,1.52073,2.62,1.75
2015.12.14 13:23:33.837,1.52051,1.52073,1.50,1.00
2015.12.14 13:23:33.890,1.5205,1.52073,1.90,1.00
2015.12.14 13:23:33.942,1.52051,1.52066,1.27,1.00
2015.12.14 13:23:34.043,1.52048,1.52066,1.20,1.00
2015.12.14 13:23:34.145,1.52046,1.52064,1.75,1.00
2015.12.14 13:23:34.196,1.52045,1.52064,1.20,1.00
2015.12.14 13:23:34.248,1.52044,1.52064,1.27,1.00
2015.12.14 13:23:34.402,1.52045,1.52067,1.12,1.87
2015.12.14 13:23:34.505,1.52047,1.52069,1.95,1.12
2015.12.14 13:23:34.811,1.5205,1.52071,1.20,1.37
2015.12.14 13:23:34.914,1.52048,1.52069,1.45,1.87
2015.12.14 13:23:35.425,1.52046,1.52066,1.20,1.12
2015.12.14 13:23:36.355,1.52047,1.52068,1.87,1.87
2015.12.14 13:23:36.559,1.52047,1.52068,2.62,1.00
2015.12.14 13:23:36.661,1.52046,1.52066,1.87,1.00
2015.12.14 13:23:36.763,1.52044,1.52066,1.07,1.00
2015.12.14 13:23:36.865,1.52044,1.52064,1.07,1.00
2015.12.14 13:23:37.171,1.52043,1.52064,1.15,1.87
2015.12.14 13:23:37.740,1.52043,1.52064,1.00,1.87
2015.12.14 13:23:38.060,1.52037,1.52057,1.00,1.12
2015.12.14 13:23:38.518,1.52034,1.52054,2.25,1.00
2015.12.14 13:23:38.697,1.52029,1.5205,1.20,1.12
2015.12.14 13:23:38.851,1.52028,1.52048,2.70,1.00
2015.12.14 13:23:39.415,1.52027,1.52047,1.45,1.00
2015.12.14 13:23:39.517,1.52026,1.52047,1.57,1.00
2015.12.14 13:23:39.987,1.52026,1.52045,1.10,1.00
2015.12.14 13:23:40.495,1.52022,1.52045,1.95,1.50
2015.12.14 13:23:40.598,1.52021,1.52045,1.57,1.50
2015.12.14 13:23:44.430,1.52021,1.5204,1.57,1.00
2015.12.14 13:23:45.171,1.52021,1.52043,1.57,1.00
2015.12.14 13:23:45.678,1.52021,1.52043,1.95,1.50
2015.12.14 13:23:46.716,1.52022,1.52048,1.95,3.45
2015.12.14 13:23:46.767,1.52024,1.52048,1.20,2.25
2015.12.14 13:23:46.818,1.52027,1.52048,1.75,1.12
2015.12.14 13:23:46.870,1.5203,1.52054,1.37,1.95
2015.12.14 13:23:46.972,1.5203,1.52048,1.95,1.00
2015.12.14 13:23:48.530,1.52029,1.52048,1.47,1.00
2015.12.14 13:23:49.000,1.52028,1.52051,1.92,1.37
2015.12.14 13:23:49.510,1.52028,1.5205,1.57,1.00
2015.12.14 13:23:50.052,1.52028,1.52049,1.57,1.00
2015.12.14 13:23:50.559,1.52028,1.52049,1.57,1.00
2015.12.14 13:23:51.954,1.52027,1.5205,2.32,1.00
2015.12.14 13:23:52.005,1.52028,1.5205,1.95,1.00
2015.12.14 13:23:52.209,1.5203,1.52052,2.62,1.00
2015.12.14 13:23:52.445,1.52029,1.52051,1.50,1.47
2015.12.14 13:23:52.650,1.52024,1.52043,1.47,1.00
2015.12.14 13:23:52.702,1.52023,1.52043,1.20,1.12
2015.12.14 13:23:52.756,1.52023,1.52043,1.10,1.50
2015.12.14 13:23:53.012,1.52025,1.52048,2.20,1.00
2015.12.14 13:23:53.114,1.52025,1.52046,2.25,1.37
2015.12.14 13:23:53.268,1.52024,1.52047,1.07,1.87
2015.12.14 13:23:53.824,1.52024,1.52043,1.20,1.37
2015.12.14 13:23:54.028,1.5202,1.52041,2.32,1.12
2015.12.14 13:23:54.232,1.52019,1.52041,1.20,1.12
2015.12.14 13:23:54.783,1.52019,1.52041,1.95,1.50
2015.12.14 13:23:55.760,1.52019,1.52036,1.95,1.00
2015.12.14 13:23:55.913,1.52013,1.52034,2.62,1.00
2015.12.14 13:23:56.448,1.52012,1.52034,1.87,1.00
2015.12.14 13:23:56.551,1.52012,1.52035,2.25,1.00
2015.12.14 13:23:57.076,1.52016,1.52038,1.45,1.75
2015.12.14 13:23:57.449,1.52018,1.52039,1.47,1.50
2015.12.14 13:23:57.603,1.52022,1.52044,1.95,1.00
2015.12.14 13:23:57.655,1.52022,1.52044,2.70,1.00
2015.12.14 13:23:57.707,1.52023,1.52047,1.82,1.50
2015.12.14 13:23:58.014,1.52025,1.52044,1.95,1.00
2015.12.14 13:23:58.135,1.52025,1.52047,1.95,1.00
2015.12.14 13:23:58.817,1.52027,1.52047,1.20,1.00
2015.12.14 13:23:58.868,1.52029,1.52049,1.00,1.00
2015.12.14 13:23:58.920,1.52029,1.52049,1.37,1.00
2015.12.14 13:23:59.227,1.52027,1.52046,1.20,1.00
2015.12.14 13:23:59.742,1.52026,1.52046,2.32,1.00
2015.12.14 13:24:00.647,1.52025,1.52042,1.20,1.00
2015.12.14 13:24:00.750,1.52022,1.52042,1.00,1.00
2015.12.14 13:24:00.907,1.52018,1.5204,1.57,1.12
2015.12.14 13:24:01.009,1.52016,1.52037,2.32,1.00
2015.12.14 13:24:01.162,1.52013,1.52034,1.87,1.00
2015.12.14 13:24:01.721,1.52011,1.52034,2.25,1.50
2015.12.14 13:24:01.874,1.52011,1.52031,1.45,1.00
2015.12.14 13:24:02.185,1.52008,1.52028,1.50,1.00
2015.12.14 13:24:02.287,1.52008,1.52028,1.10,1.00
2015.12.14 13:24:02.810,1.52008,1.52029,1.57,1.12
2015.12.14 13:24:04.210,1.52011,1.52029,1.37,1.00
2015.12.14 13:24:04.261,1.52011,1.52031,1.45,1.00
2015.12.14 13:24:05.774,1.52009,1.52031,2.25,1.50
2015.12.14 13:24:05.826,1.52009,1.52029,2.25,1.00
2015.12.14 13:24:07.287,1.52009,1.52024,1.50,1.00
2015.12.14 13:24:07.592,1.52018,1.52023,1.10,1.00
2015.12.14 13:24:08.500,1.52009,1.52024,2.70,1.00
2015.12.14 13:24:08.553,1.52009,1.52024,1.57,1.00
2015.12.14 13:24:09.060,1.52009,1.52025,1.57,1.00
2015.12.14 13:24:09.936,1.52008,1.52025,1.82,1.00
2015.12.14 13:24:11.520,1.52008,1.52024,1.20,1.00
2015.12.14 13:24:12.459,1.52009,1.52024,1.12,1.00
2015.12.14 13:24:13.924,1.52009,1.52025,1.95,1.00
2015.12.14 13:24:14.286,1.52006,1.52025,1.10,1.00
2015.12.14 13:24:14.337,1.52006,1.52023,1.00,1.00
2015.12.14 13:24:14.490,1.52004,1.52023,1.10,1.00
2015.12.14 13:24:14.693,1.52002,1.52019,1.47,1.00
2015.12.14 13:24:14.998,1.51996,1.52016,1.20,1.00
2015.12.14 13:24:15.201,1.51995,1.52013,1.45,1.00
2015.12.14 13:24:15.716,1.51995,1.52012,1.45,1.00
2015.12.14 13:24:16.391,1.51995,1.52015,1.45,1.00
2015.12.14 13:24:18.822,1.51995,1.52017,1.95,1.00
2015.12.14 13:24:19.260,1.51995,1.52015,1.95,1.00
2015.12.14 13:24:19.717,1.51997,1.52015,1.37,1.00
2015.12.14 13:24:20.197,1.51995,1.52015,2.62,1.00
2015.12.14 13:24:21.118,1.51995,1.52017,2.62,1.00
2015.12.14 13:24:21.715,1.51995,1.52018,3.37,1.00
2015.12.14 13:24:21.918,1.51997,1.52018,1.95,1.00
2015.12.14 13:24:22.426,1.51999,1.52018,1.95,1.00
2015.12.14 13:24:22.580,1.51999,1.5202,1.95,1.00
2015.12.14 13:24:24.315,1.52001,1.52021,1.10,1.12
2015.12.14 13:24:24.468,1.52001,1.52021,1.50,1.12
2015.12.14 13:24:24.976,1.52003,1.52021,1.17,1.12
2015.12.14 13:24:26.436,1.52006,1.52022,1.10,1.37
2015.12.14 13:24:26.539,1.52005,1.52025,1.17,1.50
2015.12.14 13:24:26.641,1.52004,1.5202,1.95,1.00
2015.12.14 13:24:26.743,1.52005,1.52024,1.57,1.50
2015.12.14 13:24:26.845,1.52009,1.52024,1.00,1.50
2015.12.14 13:24:26.999,1.52011,1.52025,1.00,1.00
2015.12.14 13:24:27.558,1.5201,1.52025,1.20,1.00
2015.12.14 13:24:28.670,1.52008,1.52025,1.07,1.00
2015.12.14 13:24:31.379,1.5201,1.52025,1.50,1.00
2015.12.14 13:24:31.685,1.52028,1.52047,1.75,2.81
2015.12.14 13:24:32.023,1.5203,1.52051,1.37,1.07
2015.12.14 13:24:32.074,1.52032,1.52054,1.37,1.45
2015.12.14 13:24:32.280,1.52034,1.52055,1.07,1.00
2015.12.14 13:24:32.434,1.52036,1.52058,2.02,1.00
2015.12.14 13:24:32.974,1.52036,1.52056,1.55,1.00
2015.12.14 13:24:33.127,1.52036,1.52059,1.55,1.10
2015.12.14 13:24:33.330,1.52044,1.5206,1.00,1.17
2015.12.14 13:24:33.636,1.52053,1.52076,1.50,1.12
2015.12.14 13:24:34.011,1.52051,1.52074,1.20,1.37
2015.12.14 13:24:34.317,1.52041,1.52063,1.55,1.50
2015.12.14 13:24:34.622,1.52038,1.52059,2.32,1.37
2015.12.14 13:24:34.876,1.52038,1.52061,1.52,1.00
2015.12.14 13:24:35.399,1.52039,1.52061,1.12,1.00
2015.12.14 13:24:35.640,1.5204,1.52063,1.52,1.00
2015.12.14 13:24:35.691,1.52041,1.52064,1.20,1.87
2015.12.14 13:24:36.220,1.52041,1.52064,1.20,1.50
2015.12.14 13:24:37.864,1.5204,1.52064,2.62,2.25
2015.12.14 13:24:38.017,1.5204,1.52064,1.65,2.25
2015.12.14 13:24:38.323,1.5204,1.52064,1.57,1.00
2015.12.14 13:24:38.951,1.5204,1.52064,1.95,1.50
2015.12.14 13:24:39.264,1.5204,1.52061,1.95,1.00
2015.12.14 13:24:39.417,1.52037,1.52061,1.57,1.87
2015.12.14 13:24:40.085,1.52036,1.52059,1.87,1.00
2015.12.14 13:24:40.547,1.52036,1.5205,1.27,1.00
2015.12.14 13:24:40.853,1.52023,1.52042,1.37,1.57
2015.12.14 13:24:40.904,1.52017,1.52042,1.65,1.57
2015.12.14 13:24:40.955,1.52017,1.52042,1.65,1.65
2015.12.14 13:24:41.477,1.52018,1.52041,1.95,1.00
2015.12.14 13:24:41.580,1.52018,1.52038,1.95,1.00
2015.12.14 13:24:41.783,1.52016,1.52038,2.32,1.00
2015.12.14 13:24:42.291,1.52019,1.5204,1.00,1.00
2015.12.14 13:24:42.374,1.52019,1.52041,1.37,1.37
2015.12.14 13:24:42.427,1.52021,1.52044,1.95,1.00
2015.12.14 13:24:42.479,1.5202,1.5204,2.62,1.00
2015.12.14 13:24:42.735,1.5201,1.5203,1.00,1.20
2015.12.14 13:24:42.837,1.52006,1.52029,1.57,1.00
2015.12.14 13:24:43.091,1.52004,1.52028,1.27,1.37
2015.12.14 13:24:44.036,1.52003,1.52028,2.70,1.12
2015.12.14 13:24:44.567,1.52006,1.52029,1.45,2.25
2015.12.14 13:24:45.479,1.52004,1.52026,1.20,1.37
2015.12.14 13:24:45.632,1.52,1.5202,1.00,1.12
2015.12.14 13:24:45.683,1.51998,1.52018,1.37,1.00
2015.12.14 13:24:45.735,1.51998,1.52021,1.00,2.02
2015.12.14 13:24:45.786,1.51996,1.52018,1.65,1.12
2015.12.14 13:24:45.837,1.51996,1.52018,1.12,1.12
2015.12.14 13:24:46.346,1.51995,1.52019,1.45,2.32
2015.12.14 13:24:46.397,1.51995,1.52019,1.45,2.70
2015.12.14 13:24:46.815,1.51995,1.52019,1.45,2.70
2015.12.14 13:24:47.471,1.52001,1.52019,1.00,1.95
2015.12.14 13:24:47.625,1.52003,1.52025,1.20,1.00
2015.12.14 13:24:47.677,1.52004,1.52026,1.57,1.00
2015.12.14 13:24:47.830,1.52005,1.52028,1.45,1.00
2015.12.14 13:24:48.915,1.52003,1.52024,1.20,1.00
2015.12.14 13:24:49.221,1.51994,1.52016,2.25,1.12
2015.12.14 13:24:49.536,1.51997,1.52018,1.57,1.00
2015.12.14 13:24:49.588,1.51998,1.52021,1.65,1.00
2015.12.14 13:24:49.640,1.51998,1.52021,1.95,1.00
2015.12.14 13:24:49.947,1.52005,1.52023,1.00,1.00
2015.12.14 13:24:50.253,1.52007,1.52026,1.00,1.00
2015.12.14 13:24:50.304,1.52002,1.52024,1.87,1.00
2015.12.14 13:24:50.355,1.52,1.52024,2.02,1.00
2015.12.14 13:24:50.407,1.52001,1.52024,1.87,1.37
2015.12.14 13:24:50.745,1.52,1.52021,1.87,1.00
2015.12.14 13:24:51.206,1.52,1.52021,1.17,1.00
2015.12.14 13:24:51.307,1.52001,1.52021,1.50,1.00
2015.12.14 13:24:51.359,1.52001,1.52023,1.50,1.00
2015.12.14 13:24:51.664,1.52012,1.52027,1.00,2.02
2015.12.14 13:24:51.829,1.52012,1.52028,1.00,1.57
2015.12.14 13:24:52.184,1.52006,1.52027,1.00,1.65
2015.12.14 13:24:52.709,1.52005,1.52027,2.52,1.57
2015.12.14 13:24:53.280,1.52011,1.52027,1.00,1.57
2015.12.14 13:24:54.345,1.52011,1.52025,1.00,1.47
2015.12.14 13:24:54.684,1.52012,1.52025,1.00,1.57
2015.12.14 13:24:55.010,1.52003,1.52022,1.00,1.95
2015.12.14 13:24:55.163,1.52002,1.52018,1.00,1.20
2015.12.14 13:24:55.670,1.52002,1.5202,1.00,3.00
2015.12.14 13:24:56.178,1.52001,1.52016,1.00,1.00
2015.12.14 13:24:57.229,1.52001,1.52019,1.00,1.27
2015.12.14 13:24:57.331,1.52001,1.52021,1.00,1.95
2015.12.14 13:24:57.636,1.52,1.52018,1.00,2.47
2015.12.14 13:24:58.138,1.52,1.5202,1.00,1.85
2015.12.14 13:24:58.646,1.51999,1.5202,1.00,1.95
2015.12.14 13:24:58.951,1.52002,1.5202,1.00,1.20
2015.12.14 13:24:59.465,1.52002,1.52018,1.00,1.45
2015.12.14 13:24:59.770,1.52002,1.52017,1.00,1.57
2015.12.14 13:24:59.922,1.52002,1.52017,1.00,1.00
2015.12.14 13:25:00.227,1.51998,1.52021,1.00,3.75
2015.12.14 13:25:00.400,1.52,1.52021,1.12,2.62
2015.12.14 13:25:00.452,1.52001,1.52021,1.45,2.25
2015.12.14 13:25:01.755,1.52006,1.52023,1.10,1.00
2015.12.14 13:25:02.064,1.52011,1.5203,1.87,1.50
2015.12.14 13:25:02.115,1.52011,1.5203,1.87,1.12
2015.12.14 13:25:02.319,1.52012,1.52031,1.50,1.12
2015.12.14 13:25:02.746,1.52014,1.52029,1.75,1.00
2015.12.14 13:25:02.849,1.52009,1.52028,2.40,1.00
2015.12.14 13:25:02.951,1.52009,1.52027,1.95,1.12
2015.12.14 13:25:03.460,1.52009,1.52023,1.00,1.87
2015.12.14 13:25:03.891,1.52009,1.52025,1.50,1.57
2015.12.14 13:25:04.095,1.5201,1.52027,1.00,1.57
2015.12.14 13:25:04.603,1.5201,1.52026,1.00,1.55
2015.12.14 13:25:04.705,1.52012,1.52027,1.00,1.57
2015.12.14 13:25:05.306,1.52012,1.52027,1.00,1.87
2015.12.14 13:25:05.813,1.5201,1.52025,1.50,1.47
2015.12.14 13:25:07.119,1.52011,1.52025,1.00,1.47
2015.12.14 13:25:07.639,1.5201,1.52025,1.00,1.47
2015.12.14 13:25:07.944,1.52013,1.5203,1.00,1.12
2015.12.14 13:25:08.250,1.52013,1.52027,1.00,1.50
2015.12.14 13:25:08.683,1.5201,1.52024,1.12,1.47
2015.12.14 13:25:09.191,1.5201,1.52023,1.12,1.47
2015.12.14 13:25:09.446,1.52008,1.52023,1.00,1.87
2015.12.14 13:25:09.722,1.52008,1.52022,1.00,1.87
2015.12.14 13:25:10.133,1.52008,1.52018,1.00,1.12
2015.12.14 13:25:11.460,1.52008,1.52017,1.00,2.25
2015.12.14 13:25:11.628,1.51997,1.52006,1.21,1.87
2015.12.14 13:25:11.680,1.51991,1.52,1.37,1.37
2015.12.14 13:25:11.732,1.51986,1.52,1.12,1.37
2015.12.14 13:25:11.784,1.51986,1.51997,1.12,1.37
2015.12.14 13:25:12.326,1.51987,1.51999,1.00,1.57
2015.12.14 13:25:12.938,1.51982,1.51999,1.12,1.57
2015.12.14 13:25:14.163,1.51979,1.51999,1.12,2.32
2015.12.14 13:25:14.214,1.51979,1.51997,1.12,1.07
2015.12.14 13:25:15.581,1.51978,1.51998,1.00,1.82
2015.12.14 13:25:15.992,1.51978,1.51998,1.00,1.37
2015.12.14 13:25:16.095,1.51981,1.52,1.00,1.57
2015.12.14 13:25:16.604,1.51981,1.52,1.37,1.37
2015.12.14 13:25:16.933,1.51981,1.51997,1.37,1.37
2015.12.14 13:25:17.716,1.51979,1.51998,1.75,1.37
2015.12.14 13:25:18.325,1.51982,1.52003,1.37,1.37
2015.12.14 13:25:18.399,1.51984,1.52005,1.50,1.55
2015.12.14 13:25:19.037,1.51981,1.52002,1.87,1.00
2015.12.14 13:25:19.088,1.51981,1.52001,1.50,1.37
2015.12.14 13:25:19.190,1.51981,1.52001,1.00,1.37
2015.12.14 13:25:19.740,1.51981,1.52002,1.00,1.37
2015.12.14 13:25:19.791,1.51983,1.52001,1.75,1.37
2015.12.14 13:25:19.893,1.51982,1.52005,1.75,2.25
2015.12.14 13:25:20.401,1.51984,1.52004,1.37,1.45
2015.12.14 13:25:20.503,1.51984,1.52005,1.12,1.57
2015.12.14 13:25:22.409,1.51988,1.52004,1.00,1.87
2015.12.14 13:25:22.920,1.51988,1.52005,1.00,1.55
2015.12.14 13:25:23.328,1.51988,1.52008,1.00,1.87
2015.12.14 13:25:24.284,1.51984,1.52007,1.12,1.57
2015.12.14 13:25:24.808,1.51987,1.52006,1.00,1.07
2015.12.14 13:25:25.335,1.51988,1.52007,1.00,1.82
2015.12.14 13:25:25.843,1.51988,1.52008,1.37,1.82
2015.12.14 13:25:26.111,1.51994,1.52013,1.37,1.37
2015.12.14 13:25:26.162,1.51994,1.52013,1.12,1.37
2015.12.14 13:25:26.723,1.51994,1.52013,1.12,1.82
2015.12.14 13:25:27.130,1.51992,1.5201,1.12,1.47
2015.12.14 13:25:27.229,1.51993,1.52007,1.00,1.00
2015.12.14 13:25:27.332,1.51987,1.52009,1.12,1.65
2015.12.14 13:25:27.434,1.5199,1.5201,1.37,3.07
2015.12.14 13:25:27.739,1.5199,1.52011,1.12,1.20
2015.12.14 13:25:28.247,1.51993,1.52013,1.37,2.32
2015.12.14 13:25:30.951,1.51993,1.52014,1.12,1.87
2015.12.14 13:25:31.384,1.51993,1.52014,1.12,1.57
2015.12.14 13:25:31.689,1.52,1.52016,1.00,1.52
2015.12.14 13:25:32.213,1.52,1.52017,1.00,2.62
2015.12.14 13:25:33.637,1.52,1.52019,1.00,1.12
2015.12.14 13:25:33.841,1.52,1.52022,2.25,1.12
2015.12.14 13:25:34.083,1.5201,1.5203,1.00,2.25
2015.12.14 13:25:34.621,1.5201,1.5203,1.00,1.95
2015.12.14 13:25:34.774,1.52009,1.5203,2.25,1.55
2015.12.14 13:25:35.191,1.5201,1.52033,1.12,2.70
2015.12.14 13:25:35.344,1.52009,1.52033,3.07,1.57
2015.12.14 13:25:36.479,1.52011,1.52032,1.37,1.00
2015.12.14 13:25:36.590,1.52011,1.52032,1.00,1.10
2015.12.14 13:25:36.642,1.52008,1.5203,1.47,1.37
2015.12.14 13:25:37.427,1.52008,1.52029,1.87,1.00
2015.12.14 13:25:37.933,1.52008,1.5203,1.12,1.27
2015.12.14 13:25:38.593,1.52008,1.5203,1.12,1.57
2015.12.14 13:25:38.898,1.52008,1.5203,1.12,1.87
2015.12.14 13:25:39.249,1.52008,1.5203,1.00,1.87
2015.12.14 13:25:39.948,1.52008,1.52027,1.00,1.20
2015.12.14 13:25:40.053,1.52003,1.52024,1.00,1.57
2015.12.14 13:25:40.268,1.52,1.52023,1.20,1.92
2015.12.14 13:25:40.781,1.52,1.52022,1.20,1.20
2015.12.14 13:25:41.562,1.51999,1.52022,1.37,1.57
2015.12.14 13:25:41.866,1.51999,1.52019,1.37,1.47
2015.12.14 13:25:42.171,1.51999,1.5202,1.12,1.50
2015.12.14 13:25:44.653,1.51999,1.52014,1.00,1.57
2015.12.14 13:25:44.756,1.51989,1.52009,1.12,1.00
2015.12.14 13:25:44.807,1.51988,1.52006,1.37,1.15
2015.12.14 13:25:44.960,1.51979,1.52,1.37,1.45
2015.12.14 13:25:45.011,1.51979,1.52,1.00,1.17
2015.12.14 13:25:45.164,1.51978,1.51997,1.00,1.37
2015.12.14 13:25:45.605,1.51978,1.51992,1.00,1.37
2015.12.14 13:25:45.911,1.51978,1.51995,1.00,1.37
2015.12.14 13:25:46.166,1.51978,1.52,1.00,1.27
2015.12.14 13:25:46.218,1.51979,1.52002,1.52,1.50
2015.12.14 13:25:46.269,1.51981,1.52002,1.50,1.00
2015.12.14 13:25:46.321,1.51983,1.52004,1.37,2.25
2015.12.14 13:25:46.869,1.51983,1.52003,1.92,1.37
2015.12.14 13:25:47.243,1.51989,1.52004,1.12,1.37
2015.12.14 13:25:47.295,1.51992,1.52012,1.20,3.37
2015.12.14 13:25:47.397,1.51994,1.52014,1.10,1.12
2015.12.14 13:25:47.449,1.51994,1.52016,1.90,2.62
2015.12.14 13:25:47.500,1.51993,1.52018,3.75,1.12
2015.12.14 13:25:47.551,1.51993,1.52017,1.87,1.27
2015.12.14 13:25:47.891,1.51989,1.52004,1.00,1.87
2015.12.14 13:25:47.993,1.51981,1.52,1.95,1.37
2015.12.14 13:25:48.096,1.51981,1.52001,1.20,1.37
2015.12.14 13:25:48.604,1.51981,1.52,1.12,1.37
2015.12.14 13:25:49.114,1.51979,1.52001,1.47,1.47
2015.12.14 13:25:49.618,1.51978,1.52,1.87,1.55
2015.12.14 13:25:50.715,1.51976,1.51998,1.12,1.00
2015.12.14 13:25:51.274,1.51976,1.51997,1.12,1.00
2015.12.14 13:25:51.325,1.51975,1.51997,1.12,1.00
2015.12.14 13:25:51.376,1.51976,1.51994,1.00,1.82
2015.12.14 13:25:51.478,1.51972,1.51993,1.35,1.95
2015.12.14 13:25:51.580,1.51972,1.5199,1.30,1.95
2015.12.14 13:25:51.631,1.51966,1.51988,1.45,1.12
2015.12.14 13:25:51.682,1.51966,1.51985,1.07,1.37
2015.12.14 13:25:51.734,1.51965,1.51985,1.00,1.37
2015.12.14 13:25:52.178,1.51965,1.51987,1.50,1.10
2015.12.14 13:25:52.279,1.51965,1.51985,1.17,1.37
2015.12.14 13:25:52.788,1.51965,1.51985,1.00,1.37
2015.12.14 13:25:53.315,1.51968,1.51989,1.37,1.45
2015.12.14 13:25:53.403,1.5197,1.51989,1.00,1.00
2015.12.14 13:25:53.456,1.5197,1.51991,1.37,2.32
2015.12.14 13:25:53.507,1.5197,1.51991,1.75,1.10
2015.12.14 13:25:53.711,1.5197,1.51993,2.25,1.20
2015.12.14 13:25:55.194,1.51972,1.51995,1.50,1.12
2015.12.14 13:25:55.862,1.51976,1.51995,1.00,1.87
2015.12.14 13:25:55.913,1.51976,1.51999,1.00,3.07
2015.12.14 13:25:55.999,1.51977,1.51999,1.50,1.57
2015.12.14 13:25:56.155,1.51975,1.51998,1.87,1.50
2015.12.14 13:25:56.206,1.51975,1.51997,1.00,1.37
2015.12.14 13:25:56.717,1.51975,1.51997,1.00,1.37
2015.12.14 13:25:57.233,1.51975,1.51997,1.50,1.12
2015.12.14 13:25:57.628,1.51975,1.51997,1.00,1.87
2015.12.14 13:25:57.884,1.51975,1.51997,1.00,1.20
2015.12.14 13:25:58.697,1.51976,1.51999,1.00,2.25
2015.12.14 13:25:58.800,1.51977,1.52,1.87,1.82
2015.12.14 13:25:58.902,1.51977,1.52001,1.95,1.57
2015.12.14 13:25:59.054,1.51978,1.52002,1.87,1.87
2015.12.14 13:25:59.598,1.51978,1.52001,1.12,1.20
2015.12.14 13:25:59.649,1.51978,1.52001,1.37,1.20
2015.12.14 13:25:59.801,1.51977,1.52001,1.12,1.20
2015.12.14 13:26:00.901,1.51977,1.52001,1.37,1.57
2015.12.14 13:26:01.592,1.51976,1.52001,1.75,1.20
2015.12.14 13:26:02.073,1.51976,1.52001,1.75,2.25
2015.12.14 13:26:02.277,1.51981,1.52003,1.12,1.57
2015.12.14 13:26:02.328,1.51983,1.52004,1.50,1.50
2015.12.14 13:26:02.431,1.51986,1.52007,1.12,1.37
2015.12.14 13:26:02.483,1.51986,1.52007,2.25,1.37
2015.12.14 13:26:02.607,1.51988,1.52011,1.87,1.95
2015.12.14 13:26:02.710,1.51989,1.52012,1.75,1.27
2015.12.14 13:26:03.065,1.5199,1.52014,1.87,3.00
2015.12.14 13:26:03.168,1.5199,1.52014,1.75,2.25
2015.12.14 13:26:03.270,1.5199,1.5201,1.50,1.12
2015.12.14 13:26:03.628,1.51984,1.52003,2.05,1.37
2015.12.14 13:26:03.730,1.51981,1.52002,1.37,1.57
2015.12.14 13:26:03.832,1.51981,1.51999,1.37,1.12
2015.12.14 13:26:04.340,1.51979,1.51997,1.75,1.07
2015.12.14 13:26:04.741,1.51978,1.51998,1.50,1.95
2015.12.14 13:26:06.643,1.5198,1.51997,1.00,1.07
2015.12.14 13:26:06.695,1.5198,1.51999,1.37,1.37
2015.12.14 13:26:06.746,1.51983,1.52002,1.00,1.07
2015.12.14 13:26:06.797,1.51983,1.52004,1.50,1.52
2015.12.14 13:26:07.103,1.51985,1.52007,1.87,1.87
2015.12.14 13:26:07.442,1.51988,1.52007,1.75,1.55
2015.12.14 13:26:07.545,1.51988,1.52007,1.00,1.55
2015.12.14 13:26:08.071,1.51988,1.52008,1.12,1.57
2015.12.14 13:26:08.785,1.51988,1.52007,1.12,1.12
2015.12.14 13:26:09.293,1.51988,1.52007,1.00,1.75
2015.12.14 13:26:09.446,1.51986,1.52005,1.12,1.20
2015.12.14 13:26:09.999,1.51988,1.52006,1.00,1.12
2015.12.14 13:26:10.101,1.51988,1.52007,1.00,1.20
2015.12.14 13:26:10.559,1.51991,1.52008,1.00,1.90
2015.12.14 13:26:10.662,1.51991,1.52011,1.00,2.25
2015.12.14 13:26:11.514,1.51994,1.52013,1.00,1.20
2015.12.14 13:26:11.769,1.52,1.52023,1.37,1.20
2015.12.14 13:26:11.820,1.52001,1.52024,1.75,1.27
2015.12.14 13:26:11.980,1.52005,1.52023,1.00,1.37
2015.12.14 13:26:12.083,1.52001,1.52023,1.50,1.57
2015.12.14 13:26:12.337,1.52001,1.52021,1.50,1.47
2015.12.14 13:26:12.643,1.51992,1.52013,1.12,1.07
2015.12.14 13:26:12.745,1.5199,1.52013,1.75,1.50
2015.12.14 13:26:13.271,1.5199,1.5201,1.00,1.57
2015.12.14 13:26:13.830,1.5199,1.52012,1.00,1.12
2015.12.14 13:26:14.134,1.51991,1.52014,1.00,2.32
2015.12.14 13:26:14.577,1.51992,1.52014,1.12,1.10
2015.12.14 13:26:15.561,1.51996,1.52016,1.00,1.20
2015.12.14 13:26:15.867,1.52005,1.5202,1.00,1.57
2015.12.14 13:26:16.020,1.52006,1.52021,1.00,1.07
2015.12.14 13:26:16.122,1.52006,1.52024,1.00,1.75
2015.12.14 13:26:16.173,1.52003,1.52025,1.00,2.02
2015.12.14 13:26:16.225,1.52002,1.52024,1.00,1.20
2015.12.14 13:26:16.276,1.51997,1.5202,1.95,1.37
2015.12.14 13:26:16.328,1.51997,1.52021,1.00,3.07
2015.12.14 13:26:16.430,1.51997,1.52018,1.00,1.12
2015.12.14 13:26:17.107,1.52,1.52018,1.00,1.12
2015.12.14 13:26:17.412,1.52006,1.52019,1.00,1.12
2015.12.14 13:26:17.613,1.52004,1.52023,1.00,1.12
2015.12.14 13:26:17.664,1.52004,1.52025,1.00,1.75
2015.12.14 13:26:17.715,1.52008,1.52027,1.00,1.12
2015.12.14 13:26:17.869,1.52009,1.52029,1.00,1.00
2015.12.14 13:26:18.072,1.52014,1.52032,1.00,2.70
2015.12.14 13:26:18.174,1.52015,1.52033,1.00,1.12
2015.12.14 13:26:18.226,1.52018,1.52035,1.00,1.37
2015.12.14 13:26:18.277,1.52018,1.52039,1.00,1.00
2015.12.14 13:26:20.841,1.52017,1.52039,1.95,1.00
2015.12.14 13:26:20.944,1.52017,1.52038,1.95,1.37
2015.12.14 13:26:21.351,1.52013,1.52036,1.65,1.00
2015.12.14 13:26:21.723,1.52014,1.52036,1.20,1.12
2015.12.14 13:26:21.977,1.52012,1.52036,2.70,1.12
2015.12.14 13:26:22.536,1.52012,1.52036,2.32,1.12
2015.12.14 13:26:22.638,1.52012,1.52033,2.32,1.00
2015.12.14 13:26:23.008,1.52004,1.5202,1.87,1.57
2015.12.14 13:26:23.059,1.52001,1.52019,1.37,1.55
2015.12.14 13:26:23.161,1.52002,1.52021,1.87,1.57
2015.12.14 13:26:23.213,1.52002,1.52021,1.50,1.57
2015.12.14 13:26:23.518,1.52003,1.52023,1.12,1.95
2015.12.14 13:26:23.671,1.52004,1.52022,1.00,1.12
2015.12.14 13:26:23.773,1.52003,1.52022,1.12,1.12
2015.12.14 13:26:24.100,1.51997,1.52017,1.12,1.52
2015.12.14 13:26:24.254,1.51996,1.52017,1.87,1.52
2015.12.14 13:26:24.559,1.52,1.52018,1.37,1.87
2015.12.14 13:26:24.662,1.52004,1.5202,1.12,1.47
2015.12.14 13:26:25.188,1.52005,1.5202,1.12,1.37
2015.12.14 13:26:25.648,1.52003,1.5202,1.87,1.37
2015.12.14 13:26:25.699,1.52003,1.52017,1.87,1.37
2015.12.14 13:26:26.055,1.52001,1.52017,2.25,1.37
2015.12.14 13:26:26.582,1.52002,1.52017,1.12,1.37
2015.12.14 13:26:26.633,1.52002,1.52017,1.50,1.37
2015.12.14 13:26:28.051,1.52005,1.52017,1.00,1.37
2015.12.14 13:26:28.205,1.52005,1.5202,1.00,1.37
2015.12.14 13:26:28.613,1.52011,1.5202,1.00,1.37
2015.12.14 13:26:28.737,1.52013,1.52027,1.00,1.47
2015.12.14 13:26:28.789,1.52013,1.5203,1.12,1.87
2015.12.14 13:26:28.891,1.52015,1.5203,1.00,1.12
2015.12.14 13:26:29.094,1.52015,1.52031,1.00,1.57
2015.12.14 13:26:29.146,1.5202,1.52031,1.00,1.57
2015.12.14 13:26:29.300,1.52017,1.5203,2.25,1.47
2015.12.14 13:26:29.351,1.52017,1.5203,2.62,1.37
2015.12.14 13:26:30.076,1.52021,1.52039,1.12,1.37
2015.12.14 13:26:30.127,1.52024,1.52039,1.00,1.37
2015.12.14 13:26:30.792,1.52024,1.5204,1.00,1.37
2015.12.14 13:26:31.096,1.5202,1.52037,1.50,1.65
2015.12.14 13:26:31.605,1.5202,1.52037,1.00,1.95
2015.12.14 13:26:32.076,1.52017,1.52037,2.25,1.95
2015.12.14 13:26:32.179,1.52017,1.52036,2.25,1.50
2015.12.14 13:26:32.483,1.5202,1.52036,1.00,1.50
2015.12.14 13:26:32.825,1.52018,1.52036,1.12,1.50
2015.12.14 13:26:32.876,1.5202,1.52036,1.00,1.50
2015.12.14 13:26:34.629,1.5202,1.52038,1.00,1.87
2015.12.14 13:26:34.888,1.5202,1.52041,1.50,1.37
2015.12.14 13:26:34.940,1.52025,1.52041,1.00,1.37
2015.12.14 13:26:35.094,1.52031,1.52047,1.12,1.37
2015.12.14 13:26:35.196,1.52037,1.52051,1.00,1.50
2015.12.14 13:26:35.248,1.52037,1.52053,1.00,1.57
2015.12.14 13:26:35.300,1.52037,1.52055,1.00,1.57
2015.12.14 13:26:35.554,1.5204,1.52052,1.00,1.00
2015.12.14 13:26:35.606,1.52037,1.52054,1.00,1.10
2015.12.14 13:26:35.872,1.52032,1.52053,1.12,1.00
2015.12.14 13:26:35.923,1.5203,1.52051,1.12,1.45
2015.12.14 13:26:36.229,1.52035,1.52049,1.00,1.00
2015.12.14 13:26:36.280,1.52037,1.52054,1.00,1.37
2015.12.14 13:26:36.383,1.52036,1.52048,1.00,2.25
2015.12.14 13:26:36.587,1.52036,1.52051,1.00,1.87
2015.12.14 13:26:36.702,1.52036,1.52051,1.00,1.00
2015.12.14 13:26:37.007,1.52036,1.52055,1.00,1.57
2015.12.14 13:26:37.831,1.52033,1.52055,1.37,1.57
2015.12.14 13:26:38.358,1.52033,1.52054,1.37,1.55
2015.12.14 13:26:38.713,1.52033,1.52055,1.00,1.57
2015.12.14 13:26:38.917,1.52032,1.5205,1.12,1.00
2015.12.14 13:26:38.968,1.52029,1.52054,1.87,2.40
2015.12.14 13:26:39.021,1.52029,1.52051,1.50,1.87
2015.12.14 13:26:39.333,1.52029,1.52048,1.00,1.50
2015.12.14 13:26:39.436,1.52029,1.52049,1.00,1.87
2015.12.14 13:26:39.892,1.52033,1.52051,1.00,1.87
2015.12.14 13:26:40.095,1.52033,1.52054,1.00,1.82
2015.12.14 13:26:40.322,1.52035,1.52055,1.00,1.50
2015.12.14 13:26:40.426,1.52035,1.52056,1.00,2.25
2015.12.14 13:26:40.883,1.52032,1.52054,1.00,1.27
2015.12.14 13:26:41.452,1.52031,1.52054,1.87,1.57
2015.12.14 13:26:42.407,1.52031,1.52054,1.87,1.27
2015.12.14 13:26:42.611,1.52031,1.52051,1.87,1.00
2015.12.14 13:26:42.915,1.52023,1.52045,2.62,1.47
2015.12.14 13:26:43.628,1.52025,1.52046,1.00,1.47
2015.12.14 13:26:44.094,1.52026,1.52047,1.37,1.82
2015.12.14 13:26:44.248,1.5203,1.5205,1.37,1.57
2015.12.14 13:26:44.299,1.52033,1.5205,1.00,1.37
2015.12.14 13:26:44.352,1.52033,1.52052,1.00,1.52
2015.12.14 13:26:45.024,1.52033,1.52053,1.00,1.87
2015.12.14 13:26:45.511,1.52033,1.52055,1.00,1.87
2015.12.14 13:26:46.484,1.52033,1.52057,1.00,1.95
2015.12.14 13:26:48.755,1.52033,1.52058,1.50,1.45
2015.12.14 13:26:49.059,1.52039,1.5206,1.00,1.87
2015.12.14 13:26:49.667,1.52039,1.52055,1.00,1.00
2015.12.14 13:26:49.820,1.52028,1.52053,1.37,1.57
2015.12.14 13:26:49.872,1.52028,1.52051,1.37,1.37
2015.12.14 13:26:50.184,1.52025,1.52049,1.75,1.57
2015.12.14 13:26:50.235,1.52025,1.52049,1.75,1.57
2015.12.14 13:26:50.337,1.52024,1.52048,1.12,2.25
2015.12.14 13:26:50.855,1.52023,1.52047,1.12,1.95
2015.12.14 13:26:51.043,1.52021,1.52047,1.12,1.95
2015.12.14 13:26:51.096,1.52021,1.52046,1.12,1.85
2015.12.14 13:26:51.608,1.5202,1.52046,1.50,1.95
2015.12.14 13:26:51.862,1.52027,1.52045,1.00,1.07
2015.12.14 13:26:52.268,1.52028,1.52047,1.00,2.25
2015.12.14 13:26:52.386,1.52028,1.52046,1.00,1.50
2015.12.14 13:26:53.553,1.52026,1.52045,1.00,1.95
2015.12.14 13:26:56.176,1.52026,1.52045,1.00,1.57
2015.12.14 13:26:56.674,1.52029,1.52045,1.00,1.57
2015.12.14 13:26:56.890,1.52029,1.52049,1.00,2.62
2015.12.14 13:26:57.398,1.5203,1.52049,1.00,1.20
2015.12.14 13:26:57.932,1.5203,1.52048,1.00,1.20
2015.12.14 13:26:58.481,1.5203,1.52047,1.00,1.65
2015.12.14 13:26:59.147,1.5203,1.52047,1.00,1.95
2015.12.14 13:26:59.516,1.52028,1.52045,1.00,1.07
2015.12.14 13:26:59.669,1.52028,1.52044,1.00,1.47
2015.12.14 13:26:59.837,1.52026,1.52044,1.00,1.47
2015.12.14 13:27:00.091,1.52024,1.52044,1.00,1.47
2015.12.14 13:27:00.345,1.52024,1.52042,1.00,2.25
2015.12.14 13:27:04.009,1.52024,1.52042,1.00,1.10
2015.12.14 13:27:05.312,1.52021,1.52042,1.12,1.10
2015.12.14 13:27:05.434,1.52021,1.52041,1.00,2.02
2015.12.14 13:27:06.205,1.52021,1.52042,1.00,2.25
2015.12.14 13:27:06.820,1.52024,1.52042,1.00,1.95
2015.12.14 13:27:06.872,1.52024,1.52043,1.00,1.17
2015.12.14 13:27:07.126,1.52022,1.52043,1.00,1.17
2015.12.14 13:27:07.178,1.52022,1.5204,1.00,1.65
2015.12.14 13:27:07.485,1.52019,1.52038,1.00,2.25
2015.12.14 13:27:08.078,1.52021,1.52038,1.00,1.12
2015.12.14 13:27:08.179,1.52021,1.52039,1.00,1.52
2015.12.14 13:27:08.687,1.52025,1.52041,1.00,1.12
2015.12.14 13:27:08.840,1.52025,1.52042,1.00,1.45
2015.12.14 13:27:09.154,1.52021,1.52042,1.00,1.20
2015.12.14 13:27:09.206,1.52021,1.5204,1.00,1.57
2015.12.14 13:27:09.678,1.52019,1.5204,1.00,1.20
2015.12.14 13:27:10.137,1.52018,1.52039,1.00,1.50
2015.12.14 13:27:10.448,1.52018,1.52036,1.00,1.57
2015.12.14 13:27:10.601,1.52015,1.52034,1.00,1.07
2015.12.14 13:27:10.806,1.52013,1.52036,1.12,2.32
2015.12.14 13:27:11.314,1.52013,1.52034,1.00,1.20
2015.12.14 13:27:11.497,1.52015,1.52034,1.00,1.20
2015.12.14 13:27:12.007,1.52015,1.52036,1.00,1.12
2015.12.14 13:27:12.314,1.52015,1.52035,1.00,1.20
2015.12.14 13:27:12.366,1.52015,1.52035,1.00,1.57
2015.12.14 13:27:12.881,1.52015,1.52032,1.00,1.47
2015.12.14 13:27:13.237,1.52012,1.52032,1.50,1.47
2015.12.14 13:27:14.174,1.52015,1.52032,1.00,1.47
2015.12.14 13:27:14.327,1.52015,1.52035,1.00,1.47
2015.12.14 13:27:14.835,1.52015,1.52037,1.00,2.70
2015.12.14 13:27:14.887,1.52015,1.52033,1.00,1.37
2015.12.14 13:27:14.989,1.52015,1.52036,1.00,1.87
2015.12.14 13:27:15.091,1.52018,1.52037,1.00,1.95
2015.12.14 13:27:15.409,1.52015,1.52035,1.00,1.17
2015.12.14 13:27:16.903,1.52012,1.52035,1.00,2.02
2015.12.14 13:27:17.209,1.52012,1.52033,1.00,1.45
2015.12.14 13:27:17.716,1.52012,1.52035,1.12,2.32
2015.12.14 13:27:18.184,1.52007,1.52028,1.75,1.12
2015.12.14 13:27:18.287,1.52004,1.52025,1.00,2.25
2015.12.14 13:27:18.389,1.52004,1.52024,1.00,1.75
2015.12.14 13:27:18.812,1.52002,1.52023,1.12,1.87
2015.12.14 13:27:19.068,1.52,1.5202,1.75,1.50
2015.12.14 13:27:19.374,1.52,1.52014,1.12,1.12
2015.12.14 13:27:19.629,1.51996,1.52014,1.75,1.12
2015.12.14 13:27:19.681,1.51996,1.52014,1.00,1.12
2015.12.14 13:27:20.675,1.51996,1.52014,1.00,1.50
2015.12.14 13:27:21.338,1.51993,1.52011,1.12,1.45
2015.12.14 13:27:21.847,1.51993,1.5201,1.12,1.57
2015.12.14 13:27:26.283,1.5199,1.5201,1.00,1.57
2015.12.14 13:27:26.436,1.51987,1.52007,1.12,1.57
2015.12.14 13:27:26.977,1.51987,1.52008,1.12,2.02
2015.12.14 13:27:27.646,1.51987,1.52008,1.50,1.52
2015.12.14 13:27:27.748,1.51987,1.5201,2.25,1.57
2015.12.14 13:27:27.849,1.51989,1.52012,1.37,2.02
2015.12.14 13:27:28.753,1.51989,1.52012,1.87,1.55
2015.12.14 13:27:28.855,1.51989,1.52012,1.87,1.55
2015.12.14 13:27:29.355,1.5199,1.52014,1.50,1.57
2015.12.14 13:27:29.457,1.5199,1.52016,1.50,2.62
2015.12.14 13:27:29.888,1.51997,1.52015,1.87,1.37
2015.12.14 13:27:29.940,1.51998,1.52018,2.25,1.57
2015.12.14 13:27:30.043,1.52,1.5202,1.00,1.55
2015.12.14 13:27:30.094,1.52001,1.5202,1.37,1.55
2015.12.14 13:27:30.399,1.51999,1.52016,1.75,1.87
2015.12.14 13:27:30.552,1.51996,1.52016,1.00,1.87
2015.12.14 13:27:31.077,1.51995,1.52016,1.00,1.87
2015.12.14 13:27:31.584,1.51994,1.52014,1.87,1.87
2015.12.14 13:27:33.015,1.51993,1.52016,1.50,2.62
2015.12.14 13:27:33.525,1.51993,1.52016,1.87,1.87
2015.12.14 13:27:33.802,1.51993,1.52011,1.12,1.00
2015.12.14 13:27:33.955,1.51988,1.5201,1.12,1.87
2015.12.14 13:27:34.210,1.51984,1.52007,1.50,1.57
2015.12.14 13:27:34.261,1.51984,1.52006,1.12,1.55
2015.12.14 13:27:34.572,1.51983,1.52006,3.00,1.47
2015.12.14 13:27:34.734,1.5199,1.52011,1.12,1.12
2015.12.14 13:27:34.785,1.5199,1.52013,1.50,2.25
2015.12.14 13:27:35.191,1.51986,1.5201,1.87,1.10
2015.12.14 13:27:35.242,1.51986,1.52008,1.75,1.12
2015.12.14 13:27:35.344,1.51985,1.52006,1.00,1.57
2015.12.14 13:27:39.051,1.51982,1.52005,2.25,1.85
2015.12.14 13:27:39.357,1.51977,1.52002,2.62,1.87
2015.12.14 13:27:41.839,1.51981,1.52008,1.12,4.20
2015.12.14 13:27:41.890,1.51985,1.52008,1.12,3.07
2015.12.14 13:27:42.398,1.51986,1.52008,1.00,1.20
2015.12.14 13:27:42.934,1.51989,1.52008,1.00,1.00
2015.12.14 13:27:42.985,1.51989,1.52011,1.00,1.17
2015.12.14 13:27:43.037,1.51985,1.52006,1.37,1.15
2015.12.14 13:27:43.089,1.5198,1.52001,2.25,1.50
2015.12.14 13:27:43.140,1.5198,1.52,1.12,1.45
2015.12.14 13:27:43.293,1.51978,1.52,1.12,1.87
2015.12.14 13:27:43.801,1.51976,1.52,1.37,1.95
2015.12.14 13:27:45.355,1.51982,1.52004,1.00,1.82
2015.12.14 13:27:45.508,1.51984,1.52008,1.37,2.62
2015.12.14 13:27:45.610,1.51982,1.52006,1.50,1.07
2015.12.14 13:27:45.762,1.51981,1.52004,1.00,1.75
2015.12.14 13:27:45.915,1.51979,1.52003,1.00,1.12
2015.12.14 13:27:47.595,1.51976,1.52001,1.75,1.52
2015.12.14 13:27:48.008,1.51973,1.51996,1.85,1.00
2015.12.14 13:27:48.313,1.51962,1.51983,1.12,1.57
2015.12.14 13:27:48.769,1.51962,1.51986,1.50,1.12
2015.12.14 13:27:49.300,1.51962,1.51987,1.50,2.25
2015.12.14 13:27:51.280,1.51961,1.51986,1.50,1.20
2015.12.14 13:27:51.536,1.51956,1.51984,2.70,1.17
2015.12.14 13:27:51.587,1.51955,1.51979,1.12,1.75
2015.12.14 13:27:51.690,1.51948,1.51973,2.32,1.37
2015.12.14 13:27:52.192,1.51948,1.51972,1.12,1.45
2015.12.14 13:27:53.710,1.51948,1.51972,1.00,1.12
2015.12.14 13:27:53.762,1.51946,1.51972,1.12,1.12
2015.12.14 13:27:54.342,1.51946,1.5197,1.00,1.65
2015.12.14 13:27:54.901,1.51946,1.5197,1.00,1.00
2015.12.14 13:27:55.427,1.51946,1.51971,1.00,1.10
2015.12.14 13:27:56.779,1.51946,1.51971,1.00,1.50
2015.12.14 13:27:58.790,1.51945,1.5197,1.00,1.57
2015.12.14 13:28:00.169,1.51946,1.5197,1.00,1.57
2015.12.14 13:28:03.393,1.51946,1.51968,1.00,1.20
2015.12.14 13:28:03.445,1.51944,1.51968,1.87,1.20
2015.12.14 13:28:05.995,1.51944,1.51967,1.12,1.12
2015.12.14 13:28:06.574,1.51944,1.51966,1.87,1.55
2015.12.14 13:28:07.535,1.51943,1.51965,1.50,1.12
2015.12.14 13:28:09.427,1.51943,1.51964,1.37,1.20
2015.12.14 13:28:09.479,1.51939,1.51964,2.32,1.20
2015.12.14 13:28:09.532,1.51939,1.51961,1.37,1.20
2015.12.14 13:28:09.585,1.51936,1.51961,2.25,1.20
2015.12.14 13:28:09.639,1.51936,1.51958,1.00,1.20
2015.12.14 13:28:09.843,1.51933,1.51957,1.95,1.27
2015.12.14 13:28:10.353,1.51933,1.51956,1.87,1.45
2015.12.14 13:28:11.939,1.51933,1.51956,1.12,1.20
2015.12.14 13:28:14.061,1.5193,1.51954,1.10,1.57
2015.12.14 13:28:14.112,1.51927,1.5195,1.82,1.00
2015.12.14 13:28:14.427,1.51921,1.5194,1.00,1.47
2015.12.14 13:28:14.529,1.51925,1.51944,1.00,1.65
2015.12.14 13:28:14.631,1.51927,1.51947,1.00,1.17
2015.12.14 13:28:15.139,1.51928,1.51951,1.00,1.20
2015.12.14 13:28:15.421,1.51924,1.51948,1.37,1.20
2015.12.14 13:28:15.473,1.51924,1.51946,1.12,1.50
2015.12.14 13:28:15.629,1.51921,1.51943,1.00,1.07
2015.12.14 13:28:15.681,1.51923,1.51943,1.00,1.07
2015.12.14 13:28:15.835,1.51925,1.51949,1.37,1.20
2015.12.14 13:28:16.040,1.51925,1.51949,2.32,1.10
2015.12.14 13:28:16.565,1.51923,1.51949,1.95,1.15
2015.12.14 13:28:17.935,1.51926,1.51951,1.90,1.37
2015.12.14 13:28:18.037,1.51927,1.51954,2.02,1.82
2015.12.14 13:28:18.343,1.51929,1.51955,1.95,1.65
2015.12.14 13:28:21.781,1.51932,1.51955,1.12,1.65
2015.12.14 13:28:22.982,1.51932,1.51951,1.37,1.37
2015.12.14 13:28:23.357,1.51931,1.51955,1.50,1.12
2015.12.14 13:28:24.749,1.51935,1.51958,2.25,1.12
2015.12.14 13:28:24.862,1.51936,1.51961,1.12,1.12
2015.12.14 13:28:24.964,1.51939,1.51963,1.12,1.82
2015.12.14 13:28:26.720,1.51939,1.5196,1.12,1.20
2015.12.14 13:28:26.772,1.51933,1.51956,3.07,1.12
2015.12.14 13:28:26.823,1.51933,1.51956,1.87,1.87
2015.12.14 13:28:26.976,1.51926,1.5195,1.12,1.50
2015.12.14 13:28:27.028,1.51926,1.51948,1.12,1.50
2015.12.14 13:28:27.080,1.51921,1.51945,1.65,1.47
2015.12.14 13:28:27.601,1.51919,1.51945,1.65,1.95
2015.12.14 13:28:27.804,1.51917,1.51945,2.40,3.37
2015.12.14 13:28:28.427,1.51917,1.51942,2.02,1.00
2015.12.14 13:28:28.479,1.51915,1.51942,2.32,1.95
2015.12.14 13:28:29.444,1.51918,1.51942,1.00,1.75
2015.12.14 13:28:29.723,1.51913,1.51939,1.00,1.57
2015.12.14 13:28:30.435,1.51913,1.51939,1.07,1.57
2015.12.14 13:28:30.704,1.51914,1.51939,1.47,1.45
2015.12.14 13:28:30.807,1.51917,1.51942,1.37,1.87
2015.12.14 13:28:30.859,1.51917,1.51943,1.12,2.25
2015.12.14 13:28:30.910,1.51917,1.51943,1.95,1.27
2015.12.14 13:28:31.420,1.5192,1.51944,1.37,1.15
2015.12.14 13:28:32.515,1.5192,1.51946,1.27,2.70
2015.12.14 13:28:32.973,1.5192,1.51946,1.65,2.32
2015.12.14 13:28:33.228,1.5192,1.51944,1.17,1.37
2015.12.14 13:28:33.736,1.51918,1.51943,1.15,1.12
2015.12.14 13:28:33.788,1.51918,1.51939,1.52,1.37
2015.12.14 13:28:34.331,1.51917,1.5194,1.50,1.50
2015.12.14 13:28:34.534,1.51917,1.5194,1.00,1.50
2015.12.14 13:28:35.508,1.51914,1.5194,2.70,1.87
2015.12.14 13:28:35.610,1.51914,1.51935,1.52,1.37
2015.12.14 13:28:35.713,1.5191,1.51934,2.40,1.37
2015.12.14 13:28:35.815,1.51907,1.51929,1.12,1.75
2015.12.14 13:28:36.019,1.51906,1.51932,1.65,1.95
2015.12.14 13:28:36.121,1.51907,1.51932,1.95,1.57
2015.12.14 13:28:36.441,1.51913,1.51939,1.12,2.62
2015.12.14 13:28:36.493,1.51911,1.51936,1.87,1.45
2015.12.14 13:28:36.594,1.51911,1.51935,1.87,1.20
2015.12.14 13:28:37.000,1.5191,1.51932,1.37,1.87
2015.12.14 13:28:37.276,1.51902,1.51924,1.20,1.37
2015.12.14 13:28:37.785,1.51902,1.51923,1.20,1.37
2015.12.14 13:28:38.345,1.519,1.51924,1.07,2.32
2015.12.14 13:28:38.606,1.51897,1.51922,1.95,1.47
2015.12.14 13:28:38.710,1.51895,1.5192,1.65,1.37
2015.12.14 13:28:38.916,1.51894,1.51919,1.37,1.20
2015.12.14 13:28:39.356,1.5189,1.51915,2.25,1.50
2015.12.14 13:28:39.408,1.51889,1.51911,1.00,1.57
2015.12.14 13:28:39.460,1.51886,1.51911,1.20,1.95
2015.12.14 13:28:39.716,1.51886,1.5191,1.12,2.25
2015.12.14 13:28:39.919,1.51877,1.51901,1.95,1.12
2015.12.14 13:28:39.971,1.51877,1.51899,1.95,1.00
2015.12.14 13:28:40.279,1.51874,1.51895,1.20,1.37
2015.12.14 13:28:40.585,1.51874,1.51897,1.20,1.50
2015.12.14 13:28:40.998,1.51873,1.51895,2.02,1.12
2015.12.14 13:28:41.100,1.51873,1.51893,1.17,1.37
2015.12.14 13:28:41.517,1.51873,1.51897,1.15,1.50
2015.12.14 13:28:41.568,1.51873,1.51897,2.25,1.50
2015.12.14 13:28:42.126,1.51874,1.51897,1.45,1.12
2015.12.14 13:28:42.456,1.51873,1.51899,2.02,1.20
2015.12.14 13:28:42.507,1.51876,1.51899,1.37,1.20
2015.12.14 13:28:42.813,1.51878,1.51901,1.17,1.00
2015.12.14 13:28:44.190,1.51877,1.51899,1.57,1.00
2015.12.14 13:28:44.292,1.51872,1.51895,1.95,1.00
2015.12.14 13:28:44.394,1.51869,1.51895,2.32,1.10
2015.12.14 13:28:45.182,1.51869,1.51895,1.65,1.57
2015.12.14 13:28:45.538,1.5188,1.51899,1.00,1.20
2015.12.14 13:28:45.707,1.51882,1.51907,1.52,1.75
2015.12.14 13:28:45.759,1.51885,1.51907,1.10,1.37
2015.12.14 13:28:46.014,1.51883,1.51904,1.57,1.00
2015.12.14 13:28:46.371,1.51881,1.51899,1.50,1.00
2015.12.14 13:28:46.423,1.5188,1.51899,1.07,1.00
2015.12.14 13:28:46.525,1.51876,1.51897,1.17,1.37
2015.12.14 13:28:46.671,1.51872,1.51897,1.20,1.95
2015.12.14 13:28:47.281,1.51872,1.51897,1.10,2.32
2015.12.14 13:28:47.648,1.51872,1.51897,1.57,1.95
2015.12.14 13:28:48.021,1.51876,1.51901,1.00,1.75
2015.12.14 13:28:48.072,1.51876,1.51901,1.20,1.10
2015.12.14 13:28:48.598,1.51877,1.51902,1.57,1.10
2015.12.14 13:28:48.918,1.51876,1.51899,2.62,1.00
2015.12.14 13:28:49.173,1.51871,1.51897,1.95,1.95
2015.12.14 13:28:49.680,1.51871,1.51894,1.20,1.00
2015.12.14 13:28:49.954,1.51872,1.51896,1.95,1.50
2015.12.14 13:28:50.109,1.51874,1.519,1.07,1.82
2015.12.14 13:28:50.212,1.51873,1.51894,1.95,1.37
2015.12.14 13:28:50.924,1.51871,1.51895,1.20,1.65
2015.12.14 13:28:51.035,1.51867,1.51878,1.50,1.37
2015.12.14 13:28:51.088,1.51863,1.51878,3.00,1.37
2015.12.14 13:28:51.139,1.51861,1.51883,1.87,1.55
2015.12.14 13:28:51.242,1.5186,1.51881,1.00,1.27
2015.12.14 13:28:51.295,1.51858,1.51881,1.00,2.02
2015.12.14 13:28:51.346,1.51858,1.51877,1.00,1.12
2015.12.14 13:28:51.448,1.51855,1.51877,1.00,1.65
2015.12.14 13:28:51.968,1.51854,1.51877,1.00,1.65
2015.12.14 13:28:52.070,1.51854,1.51877,1.00,1.27
2015.12.14 13:28:52.583,1.51853,1.51877,1.12,1.27
2015.12.14 13:28:52.636,1.51852,1.51875,1.20,1.00
2015.12.14 13:28:52.942,1.5185,1.51873,1.27,1.00
2015.12.14 13:28:53.248,1.51852,1.51874,1.00,1.00
2015.12.14 13:28:53.957,1.51853,1.51875,1.00,1.27
2015.12.14 13:28:54.213,1.51851,1.51875,1.00,1.27
2015.12.14 13:28:54.318,1.51852,1.51877,1.47,1.20
2015.12.14 13:28:54.370,1.51852,1.51878,1.47,2.02
2015.12.14 13:28:54.422,1.51852,1.51877,1.47,1.20
2015.12.14 13:28:54.740,1.51857,1.51878,1.00,2.25
2015.12.14 13:28:54.894,1.51862,1.51883,1.00,1.20
2015.12.14 13:28:54.945,1.51862,1.51885,1.12,1.57
2015.12.14 13:28:54.997,1.51864,1.51887,1.00,3.07
2015.12.14 13:28:55.251,1.51861,1.51887,1.50,3.07
2015.12.14 13:28:55.617,1.51863,1.51885,1.00,1.45
2015.12.14 13:28:55.922,1.51859,1.5188,1.75,1.37
2015.12.14 13:28:56.085,1.51858,1.5188,1.12,2.02
2015.12.14 13:28:56.136,1.51858,1.51875,1.12,1.37
2015.12.14 13:28:56.662,1.51854,1.51874,1.85,1.37
2015.12.14 13:28:57.182,1.51854,1.51875,2.32,1.37
2015.12.14 13:28:57.729,1.51859,1.51875,1.00,1.37
2015.12.14 13:28:58.560,1.51862,1.51875,1.00,1.37
2015.12.14 13:28:58.662,1.51862,1.51881,1.00,1.17
2015.12.14 13:28:58.886,1.51859,1.51879,1.50,1.07
2015.12.14 13:28:59.192,1.51856,1.51877,1.12,1.47
2015.12.14 13:28:59.295,1.51852,1.51872,1.75,1.87
2015.12.14 13:28:59.368,1.51852,1.5187,1.00,1.20
2015.12.14 13:28:59.419,1.5185,1.5187,1.00,1.20
2015.12.14 13:28:59.921,1.51851,1.51869,1.00,1.55
2015.12.14 13:29:00.481,1.51849,1.51867,1.00,1.00
2015.12.14 13:29:01.048,1.5185,1.51867,1.00,1.10
2015.12.14 13:29:01.748,1.51847,1.51869,1.00,1.95
2015.12.14 13:29:01.900,1.51847,1.51868,1.00,1.12
2015.12.14 13:29:02.208,1.51852,1.51865,1.00,1.47
2015.12.14 13:29:02.260,1.51855,1.5187,1.00,1.00
2015.12.14 13:29:02.362,1.51855,1.51875,1.00,1.20
2015.12.14 13:29:02.515,1.51858,1.51875,1.00,1.57
2015.12.14 13:29:02.618,1.51859,1.51877,1.00,1.45
2015.12.14 13:29:02.822,1.51857,1.51878,1.00,1.57
2015.12.14 13:29:02.975,1.51858,1.51873,1.00,1.37
2015.12.14 13:29:03.292,1.51862,1.51873,1.00,1.37
2015.12.14 13:29:03.344,1.51862,1.51881,1.00,1.37
2015.12.14 13:29:03.497,1.51864,1.51881,1.00,1.37
2015.12.14 13:29:03.549,1.51864,1.51886,1.00,2.32
2015.12.14 13:29:03.601,1.51867,1.51884,1.00,1.10
2015.12.14 13:29:03.704,1.51868,1.51888,1.00,1.12
2015.12.14 13:29:04.010,1.5187,1.5189,1.00,1.57
2015.12.14 13:29:04.226,1.51874,1.51895,1.00,1.50
2015.12.14 13:29:04.632,1.51876,1.51896,1.00,1.87
2015.12.14 13:29:04.734,1.51873,1.51896,1.12,1.75
2015.12.14 13:29:04.887,1.51878,1.51892,1.00,1.37
2015.12.14 13:29:04.939,1.51878,1.51898,1.12,1.27
2015.12.14 13:29:04.991,1.51881,1.51901,1.00,2.62
2015.12.14 13:29:05.094,1.51881,1.51905,1.00,2.25
2015.12.14 13:29:05.402,1.51878,1.51905,1.50,2.25
2015.12.14 13:29:05.555,1.51876,1.51897,1.47,1.50
2015.12.14 13:29:05.810,1.51869,1.51891,1.17,1.37
2015.12.14 13:29:05.861,1.51868,1.51888,1.50,1.37
2015.12.14 13:29:06.364,1.51868,1.51888,1.00,1.37
2015.12.14 13:29:06.879,1.51868,1.51889,1.10,1.37
2015.12.14 13:29:07.200,1.51868,1.51889,1.47,1.37
2015.12.14 13:29:07.454,1.51877,1.51898,1.00,1.07
2015.12.14 13:29:07.561,1.51877,1.51899,1.75,1.10
2015.12.14 13:29:08.069,1.51876,1.51898,1.12,1.37
2015.12.14 13:29:08.375,1.51876,1.51896,1.37,1.37
2015.12.14 13:29:08.426,1.51876,1.51896,1.00,1.37
2015.12.14 13:29:08.579,1.51876,1.51899,1.00,1.37
2015.12.14 13:29:08.662,1.51876,1.51899,1.07,1.75
2015.12.14 13:29:08.714,1.51876,1.51899,1.95,1.37
2015.12.14 13:29:08.867,1.51876,1.51899,1.95,1.87
2015.12.14 13:29:09.375,1.51877,1.51904,2.20,1.95
2015.12.14 13:29:09.701,1.51878,1.51905,2.02,2.02
2015.12.14 13:29:10.064,1.51878,1.519,1.65,1.37
2015.12.14 13:29:10.166,1.51878,1.51904,2.02,1.65
2015.12.14 13:29:10.217,1.51878,1.51904,2.02,2.02
2015.12.14 13:29:10.522,1.51878,1.51905,2.62,2.25
2015.12.14 13:29:10.847,1.51878,1.51905,2.40,2.40
2015.12.14 13:29:11.355,1.51878,1.51901,1.00,1.95
2015.12.14 13:29:12.814,1.51878,1.51901,1.57,1.85
2015.12.14 13:29:14.194,1.51878,1.519,1.57,1.00
2015.12.14 13:29:14.783,1.51887,1.51902,1.50,1.37
2015.12.14 13:29:14.836,1.51887,1.51902,1.50,1.00
2015.12.14 13:29:14.889,1.51887,1.51906,1.07,1.00
2015.12.14 13:29:15.399,1.51887,1.51912,3.45,1.45
2015.12.14 13:29:15.913,1.51891,1.51913,1.00,1.47
2015.12.14 13:29:16.226,1.51895,1.51909,1.00,1.37
2015.12.14 13:29:16.379,1.51895,1.51915,1.37,1.37
2015.12.14 13:29:16.583,1.51897,1.51918,1.12,1.47
2015.12.14 13:29:16.699,1.51899,1.51918,1.00,1.37
2015.12.14 13:29:16.802,1.51899,1.51921,1.00,1.50
2015.12.14 13:29:17.209,1.51899,1.51924,1.95,1.20
2015.12.14 13:29:17.311,1.51902,1.51925,1.00,1.57
2015.12.14 13:29:17.718,1.51902,1.51928,2.32,2.70
2015.12.14 13:29:18.451,1.51903,1.51928,1.95,1.95
2015.12.14 13:29:18.502,1.51903,1.51928,1.95,1.95
2015.12.14 13:29:18.806,1.5191,1.51932,1.12,1.12
2015.12.14 13:29:18.903,1.5191,1.51934,1.20,1.45
2015.12.14 13:29:18.955,1.51913,1.51934,1.00,1.37
2015.12.14 13:29:19.263,1.51913,1.51935,1.95,1.37
2015.12.14 13:29:19.419,1.51916,1.51941,2.25,1.57
2015.12.14 13:29:19.521,1.51919,1.51944,1.00,1.95
2015.12.14 13:29:19.936,1.51924,1.51944,1.00,1.47
2015.12.14 13:29:20.800,1.51924,1.51944,1.00,1.57
2015.12.14 13:29:21.394,1.51925,1.51944,1.00,1.57
2015.12.14 13:29:21.700,1.51924,1.51937,1.00,1.12
2015.12.14 13:29:21.752,1.51918,1.51937,1.37,1.50
2015.12.14 13:29:21.803,1.51918,1.51934,1.00,1.00
2015.12.14 13:29:21.956,1.51912,1.51934,1.20,2.25
2015.12.14 13:29:22.830,1.51911,1.51934,1.00,2.02
2015.12.14 13:29:23.035,1.51912,1.51933,1.00,1.20
2015.12.14 13:29:23.708,1.51912,1.51932,1.00,1.57
2015.12.14 13:29:24.811,1.51911,1.51932,1.00,1.57
2015.12.14 13:29:25.320,1.51912,1.51929,1.00,1.47
2015.12.14 13:29:25.853,1.51911,1.51929,1.00,1.47
2015.12.14 13:29:26.263,1.51913,1.51929,1.00,1.37
2015.12.14 13:29:26.314,1.51913,1.51933,1.00,1.45
2015.12.14 13:29:26.771,1.51915,1.51933,1.10,1.37
2015.12.14 13:29:26.822,1.51915,1.51937,1.10,1.12
2015.12.14 13:29:26.929,1.51917,1.51941,1.92,1.57
2015.12.14 13:29:26.981,1.5192,1.51943,1.12,2.40
2015.12.14 13:29:27.338,1.51925,1.51943,1.00,1.87
2015.12.14 13:29:27.441,1.51921,1.51943,1.00,1.87
2015.12.14 13:29:27.646,1.51921,1.51943,1.57,1.37
2015.12.14 13:29:28.169,1.51924,1.51943,1.10,1.37
2015.12.14 13:29:28.322,1.51927,1.51947,1.00,1.37
2015.12.14 13:29:28.730,1.51927,1.51951,1.00,3.45
2015.12.14 13:29:29.202,1.51929,1.5195,1.20,1.37
2015.12.14 13:29:29.407,1.51927,1.51952,1.20,1.10
2015.12.14 13:29:30.378,1.51932,1.51952,1.20,1.00
2015.12.14 13:29:30.430,1.51932,1.51956,1.20,1.00
2015.12.14 13:29:31.267,1.51934,1.51956,1.07,1.00
2015.12.14 13:29:31.474,1.51933,1.51958,1.47,1.47
2015.12.14 13:29:31.628,1.51938,1.51958,1.00,1.47
2015.12.14 13:29:31.935,1.5194,1.51961,1.00,2.32
2015.12.14 13:29:31.986,1.5194,1.5196,1.00,1.07
2015.12.14 13:29:32.189,1.51945,1.51961,1.00,1.20
2015.12.14 13:29:32.291,1.51945,1.51967,1.55,1.75
2015.12.14 13:29:32.342,1.51945,1.51967,2.40,1.00
2015.12.14 13:29:32.395,1.51947,1.51966,1.45,1.00
2015.12.14 13:29:32.901,1.51947,1.51971,1.87,1.87
2015.12.14 13:29:33.256,1.51946,1.51972,1.52,2.02
2015.12.14 13:29:33.307,1.51949,1.51972,1.12,1.27
2015.12.14 13:29:33.358,1.51949,1.51974,2.02,1.57
2015.12.14 13:29:33.915,1.5195,1.51975,1.27,1.37
2015.12.14 13:29:34.241,1.5195,1.51975,1.27,1.37
2015.12.14 13:29:34.985,1.51952,1.51975,1.00,1.37
2015.12.14 13:29:35.672,1.51952,1.51975,1.00,1.00
2015.12.14 13:29:36.899,1.51952,1.51976,1.92,1.50
2015.12.14 13:29:37.355,1.51952,1.51978,2.02,1.20
2015.12.14 13:29:37.660,1.51952,1.51975,1.17,1.37
2015.12.14 13:29:37.864,1.51946,1.5197,1.12,2.70
2015.12.14 13:29:37.976,1.51944,1.51968,1.00,1.82
2015.12.14 13:29:38.281,1.51948,1.51971,1.12,1.12
2015.12.14 13:29:38.587,1.51952,1.51972,1.00,1.17
2015.12.14 13:29:39.129,1.51951,1.51972,1.00,1.17
2015.12.14 13:29:39.434,1.51951,1.51974,1.00,1.27
2015.12.14 13:29:39.637,1.51951,1.51976,2.25,2.02
2015.12.14 13:29:40.464,1.51954,1.51978,1.00,4.12
2015.12.14 13:29:41.918,1.51952,1.51977,1.00,1.95
2015.12.14 13:29:41.970,1.51955,1.51977,1.00,2.70
2015.12.14 13:29:43.559,1.51955,1.51977,1.00,1.15
2015.12.14 13:29:44.493,1.51954,1.51977,1.12,1.15
2015.12.14 13:29:45.233,1.51956,1.51979,1.12,1.57
2015.12.14 13:29:45.591,1.51956,1.51981,1.75,1.17
2015.12.14 13:29:46.769,1.51958,1.51981,1.47,1.10
2015.12.14 13:29:46.870,1.51955,1.51979,3.00,1.00
2015.12.14 13:29:47.012,1.51955,1.51979,2.02,1.10
2015.12.14 13:29:47.216,1.51958,1.51982,1.00,2.62
2015.12.14 13:29:47.519,1.51965,1.51987,1.50,1.55
2015.12.14 13:29:48.030,1.51965,1.51987,2.32,1.37
2015.12.14 13:29:48.404,1.5197,1.51988,1.00,1.37
2015.12.14 13:29:48.457,1.5197,1.51992,1.50,1.45
2015.12.14 13:29:48.711,1.51972,1.51992,1.00,1.45
2015.12.14 13:29:50.304,1.51972,1.51993,1.00,1.55
2015.12.14 13:29:50.558,1.5197,1.51994,1.12,1.57
2015.12.14 13:29:51.101,1.51968,1.51994,1.87,2.62
2015.12.14 13:29:51.812,1.51968,1.51993,1.00,1.20
2015.12.14 13:29:52.682,1.51968,1.51989,1.50,1.37
2015.12.14 13:29:52.734,1.51965,1.51989,1.50,1.47
2015.12.14 13:29:53.244,1.51964,1.51988,1.47,1.57
2015.12.14 13:29:53.914,1.51964,1.51983,1.47,1.37
2015.12.14 13:29:54.220,1.51967,1.51984,1.95,1.00
2015.12.14 13:29:54.272,1.5197,1.51993,1.57,1.50
2015.12.14 13:29:54.373,1.51972,1.51993,1.07,1.50
2015.12.14 13:29:54.612,1.51972,1.51994,1.07,1.37
2015.12.14 13:29:54.714,1.51972,1.51992,1.07,1.37
2015.12.14 13:29:55.171,1.51971,1.51992,1.57,1.37
2015.12.14 13:29:56.200,1.51971,1.51993,1.57,1.00
2015.12.14 13:29:56.353,1.51972,1.51996,1.20,1.10
2015.12.14 13:29:56.794,1.51972,1.51995,1.12,1.20
2015.12.14 13:29:57.049,1.51968,1.51993,1.95,1.20
2015.12.14 13:29:57.100,1.51968,1.51993,1.20,1.20
2015.12.14 13:29:57.253,1.51974,1.51993,1.00,1.00
2015.12.14 13:29:57.460,1.51974,1.51993,1.37,1.00
2015.12.14 13:29:57.979,1.51976,1.51994,1.00,1.10
2015.12.14 13:29:58.489,1.51976,1.51996,1.00,1.45
2015.12.14 13:29:59.147,1.51976,1.51996,1.00,1.00
2015.12.14 13:29:59.452,1.51978,1.51998,1.00,1.00
2015.12.14 13:29:59.719,1.51974,1.51998,1.57,1.00
2015.12.14 13:30:00.226,1.51976,1.52001,1.20,2.70
2015.12.14 13:30:00.621,1.51976,1.51994,1.10,1.37
2015.12.14 13:30:01.129,1.51973,1.51994,1.12,1.87
2015.12.14 13:30:01.669,1.51971,1.51995,1.75,1.47
2015.12.14 13:30:02.179,1.51972,1.51994,1.00,1.37
2015.12.14 13:30:02.687,1.51972,1.51994,1.57,1.37
2015.12.14 13:30:02.739,1.51972,1.51997,2.02,1.87
2015.12.14 13:30:02.841,1.51976,1.51997,1.47,1.00
2015.12.14 13:30:03.045,1.51979,1.52002,1.12,1.10
2015.12.14 13:30:03.096,1.51979,1.52002,1.57,1.00
2015.12.14 13:30:03.400,1.51985,1.52006,2.70,1.37
2015.12.14 13:30:03.982,1.51985,1.52006,1.50,1.37
2015.12.14 13:30:04.441,1.51982,1.52002,1.20,1.00
2015.12.14 13:30:04.595,1.51979,1.52001,1.45,1.37
2015.12.14 13:30:04.815,1.51978,1.52002,1.00,3.45
2015.12.14 13:30:05.223,1.51976,1.51999,1.20,1.10
2015.12.14 13:30:06.735,1.51974,1.51999,1.07,1.57
2015.12.14 13:30:06.903,1.51971,1.51997,1.07,1.95
2015.12.14 13:30:06.954,1.5197,1.51997,2.77,2.02
2015.12.14 13:30:07.259,1.51972,1.51997,1.95,1.57
2015.12.14 13:30:07.930,1.51972,1.51996,1.07,1.50
2015.12.14 13:30:09.682,1.51971,1.51994,2.02,1.37
2015.12.14 13:30:09.987,1.51971,1.51997,1.65,2.77
2015.12.14 13:30:10.205,1.51971,1.51994,2.70,1.00
2015.12.14 13:30:10.359,1.51976,1.51999,1.00,1.65
2015.12.14 13:30:10.868,1.51976,1.52001,1.12,1.57
2015.12.14 13:30:12.992,1.51976,1.52001,1.20,1.20
2015.12.14 13:30:13.894,1.51978,1.52001,1.00,1.07
2015.12.14 13:30:15.155,1.51978,1.52003,1.27,1.57
2015.12.14 13:30:15.672,1.51978,1.52004,1.65,2.77
2015.12.14 13:30:16.162,1.51979,1.52004,1.07,1.95
2015.12.14 13:30:16.264,1.51981,1.52004,1.10,1.20
2015.12.14 13:30:16.518,1.51984,1.52005,1.00,1.47
2015.12.14 13:30:16.569,1.51981,1.52005,1.45,1.10
2015.12.14 13:30:17.088,1.5198,1.52004,1.90,1.00
2015.12.14 13:30:17.290,1.51985,1.52007,1.00,2.77
2015.12.14 13:30:17.598,1.51992,1.52008,1.75,1.37
2015.12.14 13:30:17.751,1.51989,1.52007,1.37,1.37
2015.12.14 13:30:17.853,1.51988,1.52007,1.12,1.37
2015.12.14 13:30:18.340,1.51994,1.52007,1.57,1.37
2015.12.14 13:30:18.393,1.51993,1.52017,1.20,2.02
2015.12.14 13:30:18.495,1.51993,1.52014,1.20,1.37
2015.12.14 13:30:18.598,1.51992,1.52014,1.27,1.37
2015.12.14 13:30:19.116,1.51991,1.52013,1.82,1.37
2015.12.14 13:30:19.372,1.51997,1.52013,1.00,1.37
2015.12.14 13:30:19.885,1.51997,1.52014,1.00,1.37
2015.12.14 13:30:20.664,1.51992,1.52014,1.95,1.37
2015.12.14 13:30:23.464,1.51991,1.52005,1.12,1.37
2015.12.14 13:30:23.517,1.51988,1.52005,1.87,1.37
2015.12.14 13:30:23.568,1.51984,1.52004,1.20,1.37
2015.12.14 13:30:23.670,1.51981,1.52004,1.17,1.87
2015.12.14 13:30:24.216,1.51981,1.52004,1.10,1.95
2015.12.14 13:30:24.368,1.5198,1.52007,1.92,3.00
2015.12.14 13:30:24.419,1.5198,1.52007,1.95,1.95
2015.12.14 13:30:24.927,1.51981,1.52009,4.50,2.40
2015.12.14 13:30:25.652,1.51981,1.52009,4.50,2.40
2015.12.14 13:30:26.681,1.51981,1.52006,1.82,1.00
2015.12.14 13:30:26.834,1.5198,1.52005,1.95,1.95
2015.12.14 13:30:27.341,1.5198,1.52004,1.95,1.50
2015.12.14 13:30:27.393,1.5198,1.52006,1.95,1.82
2015.12.14 13:30:27.444,1.5198,1.52006,1.95,1.82
2015.12.14 13:30:27.699,1.51983,1.52006,1.12,1.07
2015.12.14 13:30:28.757,1.51984,1.52007,1.87,1.07
2015.12.14 13:30:28.808,1.51988,1.52013,1.37,3.37
2015.12.14 13:30:28.859,1.51988,1.52013,1.37,3.37
2015.12.14 13:30:28.979,1.5199,1.52016,1.45,1.45
2015.12.14 13:30:29.182,1.51994,1.5202,1.20,2.40
2015.12.14 13:30:29.234,1.51994,1.5202,1.87,1.85
2015.12.14 13:30:29.386,1.51996,1.52021,1.55,1.17
2015.12.14 13:30:29.488,1.51998,1.52023,1.37,2.62
2015.12.14 13:30:29.590,1.51999,1.52024,1.10,1.95
2015.12.14 13:30:29.692,1.51999,1.52024,1.20,1.20
2015.12.14 13:30:30.028,1.52008,1.52034,1.87,2.32
2015.12.14 13:30:30.486,1.52008,1.52031,1.37,1.00
2015.12.14 13:30:30.996,1.52008,1.52031,1.37,1.17
2015.12.14 13:30:31.504,1.52008,1.52031,1.00,1.17
2015.12.14 13:30:32.773,1.52008,1.52031,1.00,1.57
2015.12.14 13:30:32.824,1.52008,1.52027,1.00,1.00
2015.12.14 13:30:32.926,1.52004,1.52027,1.12,1.37
2015.12.14 13:30:32.977,1.52001,1.52027,2.02,1.87
2015.12.14 13:30:33.333,1.52004,1.52028,1.12,1.07
2015.12.14 13:30:33.384,1.52006,1.52028,1.12,1.07
2015.12.14 13:30:33.907,1.52006,1.5203,1.12,1.45
2015.12.14 13:30:36.163,1.52006,1.52032,1.37,2.25
2015.12.14 13:30:36.677,1.52005,1.52026,2.02,1.00
2015.12.14 13:30:36.829,1.52001,1.52024,1.57,1.00
2015.12.14 13:30:36.881,1.52001,1.52024,1.50,1.37
2015.12.14 13:30:37.389,1.52001,1.52022,1.37,1.57
2015.12.14 13:30:37.820,1.51997,1.52022,1.10,1.65
2015.12.14 13:30:37.925,1.51999,1.52024,1.00,1.82
2015.12.14 13:30:38.230,1.52004,1.52029,1.47,1.95
2015.12.14 13:30:39.055,1.52006,1.52029,1.00,1.20
2015.12.14 13:30:39.360,1.52009,1.52032,1.00,1.95
2015.12.14 13:30:40.597,1.52009,1.52031,1.12,1.75
2015.12.14 13:30:40.904,1.52006,1.52026,1.75,1.47
2015.12.14 13:30:41.006,1.51998,1.52023,2.62,1.10
2015.12.14 13:30:41.122,1.51999,1.52023,1.75,1.50
2015.12.14 13:30:41.631,1.51999,1.52022,1.75,1.87
2015.12.14 13:30:42.037,1.52001,1.52023,1.10,1.37
2015.12.14 13:30:42.482,1.52001,1.52026,1.10,1.47
2015.12.14 13:30:42.534,1.52,1.52026,1.27,1.47
2015.12.14 13:30:42.585,1.52002,1.52026,1.55,1.10
2015.12.14 13:30:42.994,1.52005,1.52028,1.07,1.50
2015.12.14 13:30:43.592,1.52005,1.52028,1.07,1.50
2015.12.14 13:30:44.302,1.52007,1.52031,1.20,1.57
2015.12.14 13:30:44.638,1.52013,1.52034,1.50,1.37
2015.12.14 13:30:44.943,1.52018,1.52037,1.00,1.37
2015.12.14 13:30:45.096,1.52018,1.52037,1.00,1.37
2015.12.14 13:30:45.503,1.52018,1.52037,1.50,1.37
2015.12.14 13:30:46.022,1.52019,1.52035,1.00,1.75
2015.12.14 13:30:47.593,1.52016,1.52035,1.00,1.75
2015.12.14 13:30:47.645,1.52018,1.52035,1.00,1.75
2015.12.14 13:30:48.406,1.52018,1.52035,1.00,1.75
2015.12.14 13:30:49.183,1.52011,1.52034,1.20,1.50
2015.12.14 13:30:49.234,1.52013,1.52036,1.87,1.10
2015.12.14 13:30:49.489,1.52017,1.52041,1.10,1.27
2015.12.14 13:30:49.846,1.52017,1.52039,1.20,1.00
2015.12.14 13:30:50.221,1.52017,1.52041,1.95,1.12
2015.12.14 13:30:53.092,1.52017,1.52042,2.32,1.20
2015.12.14 13:30:56.245,1.52017,1.52042,1.57,1.10
2015.12.14 13:30:58.809,1.52017,1.52042,1.57,1.20
2015.12.14 13:30:59.642,1.52017,1.52042,1.20,1.57
2015.12.14 13:31:00.489,1.52017,1.52044,3.07,2.70
2015.12.14 13:31:00.804,1.52022,1.52044,1.00,1.95
2015.12.14 13:31:01.219,1.52022,1.52044,1.37,1.57
2015.12.14 13:31:01.271,1.52024,1.52047,1.37,1.27
2015.12.14 13:31:01.795,1.52026,1.52047,1.12,1.10
2015.12.14 13:31:01.900,1.52033,1.52049,1.55,1.00
2015.12.14 13:31:01.953,1.52034,1.5206,1.57,1.87
2015.12.14 13:31:02.056,1.52037,1.5206,1.52,1.50
2015.12.14 13:31:02.361,1.52037,1.52056,1.15,1.00
2015.12.14 13:31:02.566,1.52028,1.52052,1.50,1.50
2015.12.14 13:31:02.726,1.52025,1.52049,1.20,1.87
2015.12.14 13:31:02.778,1.52022,1.52048,2.70,1.87
2015.12.14 13:31:02.881,1.52021,1.52044,1.57,1.50
2015.12.14 13:31:02.983,1.52016,1.52042,3.07,1.55
2015.12.14 13:31:03.087,1.52016,1.52042,1.10,2.32
2015.12.14 13:31:03.191,1.52017,1.52033,1.37,1.00
2015.12.14 13:31:03.394,1.52014,1.52033,1.27,1.00
2015.12.14 13:31:03.956,1.52013,1.52035,1.27,1.00
2015.12.14 13:31:04.264,1.52013,1.52032,1.27,1.00
2015.12.14 13:31:04.570,1.52009,1.52029,1.95,1.00
2015.12.14 13:31:05.520,1.52011,1.52029,1.07,1.00
2015.12.14 13:31:05.775,1.52011,1.52031,1.20,1.00
2015.12.14 13:31:06.307,1.52011,1.52032,1.47,1.00
2015.12.14 13:31:06.561,1.52013,1.52032,2.25,1.00
2015.12.14 13:31:06.714,1.52014,1.52036,1.75,1.00
2015.12.14 13:31:06.765,1.52018,1.52036,1.07,1.00
2015.12.14 13:31:06.867,1.52018,1.52038,1.82,1.00
2015.12.14 13:31:06.919,1.52019,1.52041,1.20,1.00
2015.12.14 13:31:06.971,1.52022,1.52041,1.37,1.00
2015.12.14 13:31:07.074,1.5202,1.52041,1.20,1.00
2015.12.14 13:31:07.187,1.5202,1.52036,1.07,1.00
2015.12.14 13:31:07.697,1.52017,1.52036,1.20,1.00
2015.12.14 13:31:08.143,1.52014,1.52036,1.90,1.00
2015.12.14 13:31:11.084,1.52015,1.52036,1.00,1.00
2015.12.14 13:31:11.338,1.52013,1.52033,1.37,1.00
2015.12.14 13:31:12.144,1.5201,1.52033,2.32,1.00
2015.12.14 13:31:13.063,1.5201,1.52033,1.57,1.00
2015.12.14 13:31:13.577,1.5201,1.52021,1.37,1.00
2015.12.14 13:31:13.630,1.52011,1.52024,1.00,1.00
2015.12.14 13:31:13.681,1.52007,1.52024,1.50,1.00
2015.12.14 13:31:13.734,1.52003,1.52024,1.37,1.00
2015.12.14 13:31:14.092,1.52003,1.52024,1.52,1.87
2015.12.14 13:31:14.194,1.52003,1.52021,1.52,1.00
2015.12.14 13:31:15.990,1.52003,1.52021,1.50,1.00
2015.12.14 13:31:17.218,1.52,1.52021,2.25,1.00
2015.12.14 13:31:17.319,1.51998,1.52021,2.32,1.37
2015.12.14 13:31:17.421,1.51998,1.52017,2.32,1.00
2015.12.14 13:31:17.523,1.51998,1.52017,1.10,1.00
2015.12.14 13:31:17.676,1.51998,1.52012,1.00,1.00
2015.12.14 13:31:17.829,1.51992,1.52009,1.50,1.00
2015.12.14 13:31:17.951,1.51988,1.52009,1.20,1.00
2015.12.14 13:31:18.003,1.51986,1.52006,1.20,1.00
2015.12.14 13:31:18.106,1.51982,1.52006,2.32,1.00
2015.12.14 13:31:18.665,1.51985,1.52004,1.00,1.00
2015.12.14 13:31:18.717,1.51983,1.52004,1.20,1.00
2015.12.14 13:31:19.605,1.51981,1.52004,1.10,1.57
2015.12.14 13:31:19.657,1.51981,1.52,1.10,1.00
2015.12.14 13:31:20.178,1.51979,1.52,1.37,1.00
2015.12.14 13:31:20.492,1.51976,1.51994,1.27,1.00
2015.12.14 13:31:21.422,1.51974,1.51988,1.27,1.00
2015.12.14 13:31:21.626,1.51971,1.51984,1.00,1.00
2015.12.14 13:31:21.831,1.51964,1.51984,1.20,1.00
2015.12.14 13:31:23.544,1.51964,1.51987,1.57,1.00
2015.12.14 13:31:23.595,1.51964,1.51987,2.20,1.00
2015.12.14 13:31:23.756,1.51969,1.5199,1.92,1.00
2015.12.14 13:31:24.264,1.5197,1.5199,1.85,1.00
2015.12.14 13:31:24.315,1.5197,1.51987,1.20,1.00
2015.12.14 13:31:24.518,1.51968,1.51987,1.27,1.00
2015.12.14 13:31:24.943,1.51968,1.51984,1.27,1.00
2015.12.14 13:31:25.452,1.51964,1.51984,1.27,1.00
2015.12.14 13:31:25.504,1.51964,1.51984,1.55,1.00
2015.12.14 13:31:27.609,1.51965,1.51982,1.10,1.00
2015.12.14 13:31:28.742,1.51965,1.51982,1.20,1.00
2015.12.14 13:31:29.625,1.51965,1.51985,1.20,1.00
2015.12.14 13:31:29.879,1.51966,1.51985,1.52,1.00
2015.12.14 13:31:30.647,1.51965,1.51985,2.20,1.00
2015.12.14 13:31:30.699,1.51967,1.51985,1.20,1.00
2015.12.14 13:31:30.852,1.51967,1.51987,1.20,1.12
2015.12.14 13:31:32.355,1.51967,1.51987,1.65,1.00
2015.12.14 13:31:32.890,1.51967,1.51984,1.27,1.00
2015.12.14 13:31:35.591,1.51965,1.51984,1.27,1.00
2015.12.14 13:31:36.106,1.51963,1.51984,1.55,1.00
2015.12.14 13:31:36.559,1.51963,1.51979,1.55,1.00
2015.12.14 13:31:36.661,1.51961,1.51979,1.50,1.12
2015.12.14 13:31:36.713,1.5196,1.51975,1.37,1.00
2015.12.14 13:31:36.917,1.51951,1.51972,2.32,1.00
2015.12.14 13:31:37.019,1.51954,1.51976,1.12,1.00
2015.12.14 13:31:37.070,1.51956,1.51978,1.00,1.57
2015.12.14 13:31:37.123,1.51956,1.51978,2.62,1.50
2015.12.14 13:31:37.471,1.51955,1.51973,1.20,1.00
2015.12.14 13:31:37.523,1.51954,1.51973,1.87,1.00
2015.12.14 13:31:37.576,1.51954,1.51973,1.15,1.00
2015.12.14 13:31:38.088,1.51952,1.51973,1.95,1.00
2015.12.14 13:31:38.308,1.51952,1.51969,1.95,1.00
2015.12.14 13:31:38.359,1.51951,1.51969,2.25,1.00
2015.12.14 13:31:38.461,1.51949,1.51969,2.25,1.00
2015.12.14 13:31:38.563,1.51947,1.51967,1.20,1.00
2015.12.14 13:31:38.665,1.51947,1.51967,1.20,1.00
2015.12.14 13:31:39.173,1.51945,1.51967,1.20,1.00
2015.12.14 13:31:40.648,1.51945,1.51967,1.20,1.00
2015.12.14 13:31:40.803,1.51947,1.5196,1.10,1.00
2015.12.14 13:31:40.855,1.51941,1.51957,1.00,1.00
2015.12.14 13:31:40.906,1.5194,1.51953,1.12,1.00
2015.12.14 13:31:41.060,1.51929,1.5195,1.52,1.00
2015.12.14 13:31:41.415,1.51924,1.51948,2.70,1.00
2015.12.14 13:31:42.408,1.51922,1.51948,1.20,1.17
2015.12.14 13:31:42.560,1.51921,1.51945,1.87,1.00
2015.12.14 13:31:42.836,1.51918,1.51943,1.95,1.00
2015.12.14 13:31:42.887,1.51918,1.51943,1.95,1.00
2015.12.14 13:31:43.358,1.51922,1.51944,1.45,1.00
2015.12.14 13:31:43.664,1.51922,1.51944,1.87,1.00
2015.12.14 13:31:46.203,1.51925,1.51944,1.07,1.00
2015.12.14 13:31:46.429,1.51925,1.51942,1.07,1.00
2015.12.14 13:31:46.583,1.51917,1.51937,1.87,1.00
2015.12.14 13:31:46.941,1.51917,1.51937,1.52,1.00
2015.12.14 13:31:47.460,1.51916,1.51936,1.55,1.00
2015.12.14 13:31:47.917,1.51915,1.51936,1.20,1.00
2015.12.14 13:31:48.382,1.51912,1.51933,1.95,1.00
2015.12.14 13:31:49.170,1.51912,1.51933,1.45,1.00
2015.12.14 13:31:49.714,1.51911,1.51933,1.85,1.00
2015.12.14 13:31:51.393,1.5191,1.51933,1.92,1.00
2015.12.14 13:31:52.400,1.5191,1.51933,1.92,1.00
2015.12.14 13:31:52.723,1.51909,1.51933,1.95,1.00
2015.12.14 13:31:53.385,1.51909,1.51929,1.57,1.00
2015.12.14 13:31:53.542,1.51906,1.51927,1.00,1.00
2015.12.14 13:31:53.596,1.51904,1.51923,1.45,1.00
2015.12.14 13:31:53.698,1.51899,1.51921,1.82,1.00
2015.12.14 13:31:53.801,1.51897,1.51921,1.12,1.00
2015.12.14 13:31:55.302,1.51896,1.51921,1.45,1.00
2015.12.14 13:31:56.383,1.51896,1.51921,1.45,1.00
2015.12.14 13:31:57.482,1.51897,1.51923,1.57,1.12
2015.12.14 13:31:58.041,1.51897,1.51923,2.32,1.12
2015.12.14 13:31:59.808,1.51897,1.51923,2.70,1.00
2015.12.14 13:32:00.317,1.51899,1.51926,1.20,1.47
2015.12.14 13:32:00.622,1.51899,1.51926,1.20,1.10
2015.12.14 13:32:01.111,1.51899,1.51926,1.82,1.45
2015.12.14 13:32:01.619,1.51898,1.51923,1.90,1.00
2015.12.14 13:32:02.238,1.51898,1.51925,1.90,1.52
2015.12.14 13:32:03.203,1.51901,1.51928,1.95,1.87
2015.12.14 13:32:03.305,1.51902,1.51931,1.20,1.95
2015.12.14 13:32:03.611,1.51905,1.51932,1.57,1.12
2015.12.14 13:32:03.764,1.51907,1.51935,1.95,4.20
2015.12.14 13:32:03.918,1.51909,1.51937,1.57,2.62
2015.12.14 13:32:03.969,1.51913,1.51939,1.20,1.95
2015.12.14 13:32:04.021,1.51914,1.51935,1.95,1.00
2015.12.14 13:32:04.141,1.51909,1.51933,1.50,1.12
2015.12.14 13:32:04.192,1.51908,1.5193,1.82,1.00
2015.12.14 13:32:04.498,1.51901,1.51925,1.82,1.95
2015.12.14 13:32:04.856,1.51899,1.51923,1.82,1.00
2015.12.14 13:32:05.118,1.51896,1.51919,1.20,1.00
2015.12.14 13:32:05.627,1.51893,1.51919,1.95,1.17
2015.12.14 13:32:05.729,1.51896,1.51921,1.37,1.50
2015.12.14 13:32:05.780,1.51902,1.51921,1.00,1.50
2015.12.14 13:32:05.832,1.51902,1.51924,1.47,1.12
2015.12.14 13:32:05.934,1.51906,1.51929,1.52,1.00
2015.12.14 13:32:06.098,1.51906,1.51923,1.15,1.00
2015.12.14 13:32:06.250,1.51895,1.51918,1.37,1.12
2015.12.14 13:32:06.759,1.5189,1.51916,1.65,2.02
2015.12.14 13:32:07.754,1.51888,1.51914,2.20,1.12
2015.12.14 13:32:08.319,1.51888,1.51914,2.20,1.37
2015.12.14 13:32:08.372,1.51888,1.51913,1.12,1.12
2015.12.14 13:32:09.416,1.51894,1.51914,1.37,1.75
2015.12.14 13:32:09.630,1.51899,1.51916,1.47,1.50
2015.12.14 13:32:10.036,1.51906,1.51918,1.37,1.00
2015.12.14 13:32:10.138,1.51906,1.51921,1.37,1.37
2015.12.14 13:32:11.023,1.5191,1.51924,1.37,1.00
2015.12.14 13:32:11.333,1.51915,1.51925,1.37,1.00
2015.12.14 13:32:11.761,1.51915,1.51929,1.37,2.62
2015.12.14 13:32:11.864,1.51914,1.51932,1.37,1.50
2015.12.14 13:32:11.915,1.51922,1.51932,1.37,1.12
2015.12.14 13:32:12.017,1.51922,1.51934,1.37,1.00
2015.12.14 13:32:12.428,1.51924,1.51935,1.37,1.00
2015.12.14 13:32:13.838,1.51925,1.51935,1.37,1.00
2015.12.14 13:32:14.357,1.51925,1.51938,1.37,1.37
2015.12.14 13:32:14.662,1.51928,1.51938,1.37,1.00
2015.12.14 13:32:15.009,1.51926,1.51937,1.37,1.00
2015.12.14 13:32:15.467,1.51918,1.51937,1.00,1.00
2015.12.14 13:32:15.742,1.51918,1.51937,1.12,1.00
2015.12.14 13:32:16.048,1.51925,1.51943,1.20,1.87
2015.12.14 13:32:17.257,1.51927,1.51943,1.37,1.00
2015.12.14 13:32:17.605,1.51923,1.51937,1.37,1.00
2015.12.14 13:32:18.138,1.51921,1.51937,1.37,1.00
2015.12.14 13:32:18.650,1.51921,1.5194,1.37,1.37
2015.12.14 13:32:19.056,1.51924,1.51941,1.37,1.50
2015.12.14 13:32:19.158,1.51925,1.51944,1.57,1.37
2015.12.14 13:32:19.209,1.51925,1.51946,1.57,1.37
2015.12.14 13:32:19.260,1.51927,1.51947,1.87,1.75
2015.12.14 13:32:19.564,1.51932,1.51946,1.37,1.00
2015.12.14 13:32:20.071,1.51931,1.51947,1.37,1.00
2015.12.14 13:32:20.325,1.51935,1.51953,1.57,2.25
2015.12.14 13:32:20.478,1.51937,1.51953,1.47,1.12
2015.12.14 13:32:21.004,1.51937,1.51953,1.47,1.00
2015.12.14 13:32:21.931,1.51941,1.51953,1.37,1.00
2015.12.14 13:32:21.983,1.51941,1.51957,1.37,1.00
2015.12.14 13:32:22.696,1.51941,1.51956,1.37,1.00
2015.12.14 13:32:22.748,1.51941,1.51954,1.37,1.00
2015.12.14 13:32:22.850,1.51935,1.51953,1.37,1.87
2015.12.14 13:32:22.960,1.51932,1.51951,1.87,1.50
2015.12.14 13:32:23.012,1.51932,1.51949,1.87,1.00
2015.12.14 13:32:23.317,1.51934,1.51952,1.95,1.00
2015.12.14 13:32:23.572,1.51939,1.51956,1.37,1.00
2015.12.14 13:32:23.623,1.51944,1.51956,1.00,1.00
2015.12.14 13:32:23.776,1.51953,1.51971,1.50,1.50
2015.12.14 13:32:23.884,1.51953,1.51971,1.50,1.87
2015.12.14 13:32:24.393,1.51953,1.51969,2.25,1.37
2015.12.14 13:32:24.749,1.51953,1.51971,1.10,1.37
2015.12.14 13:32:25.275,1.51949,1.5197,1.45,1.37
2015.12.14 13:32:25.735,1.51948,1.51968,1.12,1.00
2015.12.14 13:32:25.786,1.51948,1.51966,1.00,1.87
2015.12.14 13:32:25.990,1.51942,1.51965,3.00,1.37
2015.12.14 13:32:26.205,1.51942,1.5196,2.40,1.00
2015.12.14 13:32:26.511,1.51942,1.51956,1.37,1.87
2015.12.14 13:32:26.562,1.51935,1.51952,1.95,1.12
2015.12.14 13:32:26.615,1.51935,1.51955,1.57,1.75
2015.12.14 13:32:26.921,1.51933,1.51955,1.57,1.12
2015.12.14 13:32:27.396,1.51933,1.51955,1.57,1.12
2015.12.14 13:32:28.107,1.51934,1.51954,1.20,1.00
2015.12.14 13:32:28.209,1.51937,1.51959,1.00,1.20
2015.12.14 13:32:28.326,1.5194,1.5196,1.45,1.37
2015.12.14 13:32:28.639,1.5194,1.51961,1.50,1.37
2015.12.14 13:32:29.147,1.51941,1.51961,1.20,1.37
2015.12.14 13:32:29.793,1.51941,1.51963,1.57,1.50
2015.12.14 13:32:29.895,1.51945,1.51963,1.00,1.12
2015.12.14 13:32:30.303,1.51942,1.51963,2.70,1.50
2015.12.14 13:32:30.405,1.51942,1.51966,3.45,3.07
2015.12.14 13:32:30.730,1.51945,1.51966,1.00,2.32
2015.12.14 13:32:31.035,1.51943,1.51956,1.20,1.00
2015.12.14 13:32:31.137,1.51939,1.51956,1.37,1.87
2015.12.14 13:32:31.189,1.51934,1.51956,2.62,1.87
2015.12.14 13:32:31.650,1.51937,1.51959,1.45,1.50
2015.12.14 13:32:32.157,1.51937,1.51958,1.87,1.37
2015.12.14 13:32:32.666,1.51936,1.51959,3.37,1.50
2015.12.14 13:32:33.675,1.51937,1.51958,1.50,1.37
2015.12.14 13:32:34.215,1.51937,1.51958,1.12,1.37
2015.12.14 13:32:34.729,1.51937,1.51957,1.50,1.37
2015.12.14 13:32:35.237,1.51937,1.51957,1.12,1.12
2015.12.14 13:32:36.113,1.51937,1.51958,1.87,1.87
2015.12.14 13:32:36.671,1.51937,1.51957,1.50,1.12
2015.12.14 13:32:37.520,1.51937,1.51958,1.50,2.25
2015.12.14 13:32:37.622,1.51938,1.5196,1.50,1.37
2015.12.14 13:32:37.724,1.51944,1.51961,1.12,1.37
2015.12.14 13:32:37.775,1.51944,1.51965,2.25,1.37
2015.12.14 13:32:37.827,1.51946,1.51968,1.07,1.50
2015.12.14 13:32:37.943,1.51947,1.51968,1.12,1.00
2015.12.14 13:32:38.705,1.5195,1.51971,1.37,1.87
2015.12.14 13:32:38.807,1.51951,1.51971,1.57,1.12
2015.12.14 13:32:38.859,1.51952,1.51972,1.45,1.50
2015.12.14 13:32:39.170,1.51953,1.51972,1.50,1.12
2015.12.14 13:32:39.698,1.51953,1.51972,1.50,1.50
2015.12.14 13:32:40.235,1.51953,1.51975,1.50,2.25
2015.12.14 13:32:40.541,1.51961,1.51981,1.52,3.00
2015.12.14 13:32:40.592,1.51961,1.51983,1.50,1.75
2015.12.14 13:32:40.694,1.5196,1.51985,2.32,3.00
2015.12.14 13:32:41.051,1.51961,1.51984,1.65,1.00
2015.12.14 13:32:41.181,1.51964,1.51989,1.87,1.75
2015.12.14 13:32:41.283,1.51965,1.51989,1.20,1.00
2015.12.14 13:32:41.690,1.51968,1.5199,1.20,1.87
2015.12.14 13:32:41.995,1.51968,1.51989,1.20,1.37
2015.12.14 13:32:42.046,1.51968,1.51989,1.00,1.37
2015.12.14 13:32:42.476,1.51964,1.51988,2.02,1.37
2015.12.14 13:32:42.781,1.51963,1.51987,1.55,1.20
2015.12.14 13:32:42.832,1.51961,1.51985,1.12,1.50
2015.12.14 13:32:43.139,1.51958,1.51982,3.37,2.25
2015.12.14 13:32:43.481,1.51957,1.51978,1.57,1.00
2015.12.14 13:32:43.634,1.51956,1.51978,1.10,1.87
2015.12.14 13:32:44.143,1.51952,1.51975,1.87,1.12
2015.12.14 13:32:44.422,1.51952,1.51975,1.87,2.62
2015.12.14 13:32:44.524,1.51947,1.51971,1.17,1.75
2015.12.14 13:32:45.050,1.51947,1.51971,1.10,3.52
2015.12.14 13:32:45.203,1.51948,1.51971,1.45,2.62
2015.12.14 13:32:45.718,1.51948,1.51971,1.87,1.87
2015.12.14 13:32:46.124,1.51948,1.5197,1.87,1.75
2015.12.14 13:32:46.650,1.51947,1.51968,2.25,2.25
2015.12.14 13:32:46.905,1.51947,1.5197,3.00,1.87
2015.12.14 13:32:46.957,1.51949,1.5197,1.47,1.50
2015.12.14 13:32:47.263,1.51952,1.51971,1.87,1.00
2015.12.14 13:32:47.799,1.51954,1.51972,1.52,1.00
2015.12.14 13:32:50.485,1.51955,1.51974,1.45,1.37
2015.12.14 13:32:50.994,1.51954,1.51973,1.07,1.37
2015.12.14 13:32:51.510,1.51955,1.51975,1.87,1.00
2015.12.14 13:32:51.561,1.51957,1.51975,1.45,1.00
2015.12.14 13:32:52.069,1.51957,1.51976,1.45,1.00
2015.12.14 13:32:52.460,1.51955,1.51976,1.57,1.00
2015.12.14 13:32:52.901,1.51954,1.51976,2.25,1.37
2015.12.14 13:32:54.408,1.51954,1.51972,2.25,1.00
2015.12.14 13:32:54.561,1.51948,1.51969,1.95,1.12
2015.12.14 13:32:54.613,1.51948,1.51969,1.95,1.50
2015.12.14 13:32:54.664,1.51946,1.51967,1.87,1.87
2015.12.14 13:32:55.125,1.5195,1.5197,1.47,1.12
2015.12.14 13:32:55.340,1.5195,1.51972,1.47,1.75
2015.12.14 13:32:55.443,1.51953,1.51972,1.37,1.87
2015.12.14 13:32:56.055,1.51954,1.51972,1.37,1.75
2015.12.14 13:32:56.360,1.51961,1.51974,1.87,1.00
2015.12.14 13:32:56.411,1.51961,1.5198,2.25,1.00
2015.12.14 13:32:56.510,1.51965,1.51985,1.37,1.50
2015.12.14 13:32:56.562,1.51966,1.51986,1.20,1.12
2015.12.14 13:32:56.665,1.51968,1.51988,1.57,1.37
2015.12.14 13:32:57.224,1.51969,1.51988,1.07,1.37
2015.12.14 13:32:57.275,1.51969,1.51988,1.07,1.37
2015.12.14 13:32:57.429,1.5197,1.51989,1.12,1.50
2015.12.14 13:32:57.530,1.51967,1.51989,2.25,1.50
2015.12.14 13:32:57.669,1.5197,1.51989,1.00,1.37
2015.12.14 13:32:57.772,1.5197,1.51992,1.15,1.37
2015.12.14 13:32:57.975,1.51971,1.51992,1.45,1.37
2015.12.14 13:32:58.281,1.51977,1.51998,1.45,1.75
2015.12.14 13:32:58.599,1.51979,1.51998,1.12,1.00
2015.12.14 13:32:58.948,1.5198,1.51998,1.20,1.00
2015.12.14 13:32:59.050,1.51981,1.52002,1.20,1.37
2015.12.14 13:32:59.356,1.51984,1.52003,1.45,1.12
2015.12.14 13:32:59.458,1.51984,1.52002,1.45,1.37
2015.12.14 13:32:59.561,1.51983,1.52003,1.57,1.12
2015.12.14 13:32:59.984,1.51986,1.52007,2.25,1.37
2015.12.14 13:33:00.342,1.51991,1.5201,1.00,1.92
2015.12.14 13:33:00.444,1.51988,1.52013,1.55,1.75
2015.12.14 13:33:00.496,1.51988,1.52014,1.57,2.40
2015.12.14 13:33:00.598,1.51991,1.5201,1.00,1.10
2015.12.14 13:33:00.928,1.51997,1.52018,1.07,1.12
2015.12.14 13:33:00.982,1.51995,1.5202,1.95,1.37
2015.12.14 13:33:01.490,1.51995,1.5202,1.95,1.12
2015.12.14 13:33:01.593,1.51997,1.52024,1.17,3.15
2015.12.14 13:33:01.695,1.51999,1.52025,1.07,1.27
2015.12.14 13:33:02.107,1.52001,1.52026,1.37,1.27
2015.12.14 13:33:02.261,1.52006,1.5203,1.65,1.37
2015.12.14 13:33:02.364,1.52007,1.5203,1.12,1.00
2015.12.14 13:33:03.173,1.52007,1.5203,1.12,1.37
2015.12.14 13:33:04.009,1.52006,1.5203,1.45,2.25
2015.12.14 13:33:04.060,1.52005,1.5203,2.25,2.25
2015.12.14 13:33:04.282,1.52005,1.52028,1.87,2.25
2015.12.14 13:33:04.386,1.51999,1.52023,2.25,1.87
2015.12.14 13:33:04.437,1.51999,1.52017,2.25,1.37
2015.12.14 13:33:04.539,1.51998,1.52019,1.37,1.75
2015.12.14 13:33:04.591,1.52001,1.52019,1.07,1.75
2015.12.14 13:33:04.744,1.52001,1.52024,1.00,1.75
2015.12.14 13:33:05.150,1.51998,1.52017,1.37,1.37
2015.12.14 13:33:05.437,1.51993,1.52017,1.27,1.57
2015.12.14 13:33:05.948,1.51993,1.52016,1.00,1.55
2015.12.14 13:33:06.674,1.51991,1.52017,1.20,2.40
2015.12.14 13:33:07.489,1.51995,1.52017,1.00,1.27
2015.12.14 13:33:07.853,1.52001,1.52021,1.10,1.95
2015.12.14 13:33:07.906,1.51999,1.52021,1.07,1.37
2015.12.14 13:33:08.162,1.51998,1.52022,2.70,1.00
2015.12.14 13:33:08.213,1.51999,1.52022,1.12,1.00
2015.12.14 13:33:08.670,1.52003,1.52026,2.62,1.50
2015.12.14 13:33:09.006,1.52005,1.52026,1.87,1.50
2015.12.14 13:33:09.261,1.51998,1.52021,1.87,1.12
2015.12.14 13:33:09.464,1.51999,1.52024,1.20,1.50
2015.12.14 13:33:09.516,1.51999,1.52022,1.20,1.00
2015.12.14 13:33:09.567,1.51999,1.52024,1.95,1.50
2015.12.14 13:33:09.875,1.52004,1.52024,1.00,1.00
2015.12.14 13:33:10.196,1.52016,1.52038,1.50,1.50
2015.12.14 13:33:10.298,1.52018,1.52039,1.17,1.00
2015.12.14 13:33:10.806,1.52018,1.52039,1.10,1.00
2015.12.14 13:33:11.040,1.52018,1.52042,1.10,1.87
2015.12.14 13:33:11.553,1.52017,1.52042,1.27,1.00
2015.12.14 13:33:12.061,1.52017,1.52042,2.25,1.00
2015.12.14 13:33:12.597,1.52021,1.52045,1.07,1.50
2015.12.14 13:33:13.112,1.52025,1.52048,1.00,1.20
2015.12.14 13:33:13.273,1.52027,1.52052,1.82,1.00
2015.12.14 13:33:13.324,1.52032,1.52052,1.00,1.00
2015.12.14 13:33:13.629,1.52038,1.52057,1.00,1.47
2015.12.14 13:33:13.935,1.52049,1.52061,1.00,1.37
2015.12.14 13:33:13.986,1.52047,1.52065,1.00,1.12
2015.12.14 13:33:14.110,1.52047,1.5207,1.75,1.00
2015.12.14 13:33:14.213,1.52049,1.52074,1.57,1.57
2015.12.14 13:33:14.265,1.5205,1.52074,1.50,1.00
2015.12.14 13:33:14.583,1.52053,1.52074,1.57,1.00
2015.12.14 13:33:14.952,1.52054,1.52079,1.55,1.00
2015.12.14 13:33:15.003,1.52056,1.5208,1.37,1.37
2015.12.14 13:33:15.212,1.52061,1.52085,1.07,1.85
2015.12.14 13:33:15.264,1.52065,1.52086,1.17,1.87
2015.12.14 13:33:15.316,1.52065,1.52087,1.17,1.87
2015.12.14 13:33:15.419,1.52068,1.52087,1.37,1.50
2015.12.14 13:33:15.470,1.52071,1.52093,1.00,1.85
2015.12.14 13:33:15.521,1.52071,1.52093,1.37,1.47
2015.12.14 13:33:15.573,1.52072,1.52097,1.45,1.10
2015.12.14 13:33:15.797,1.52074,1.52098,1.20,1.00
2015.12.14 13:33:16.308,1.52075,1.52099,1.82,1.37
2015.12.14 13:33:16.615,1.52075,1.52097,1.82,1.37
2015.12.14 13:33:16.667,1.52073,1.52094,1.50,1.37
2015.12.14 13:33:17.172,1.52071,1.52094,1.50,1.37
2015.12.14 13:33:17.376,1.52071,1.5209,1.50,1.00
2015.12.14 13:33:17.706,1.52062,1.52082,1.12,1.00
2015.12.14 13:33:17.816,1.5206,1.52082,1.65,1.00
2015.12.14 13:33:19.821,1.5206,1.5208,1.55,1.00
2015.12.14 13:33:20.140,1.5206,1.52077,1.55,1.00
2015.12.14 13:33:20.343,1.52059,1.5208,1.55,1.12
2015.12.14 13:33:20.395,1.52059,1.5208,1.95,1.12
2015.12.14 13:33:20.701,1.52056,1.52075,1.50,1.37
2015.12.14 13:33:20.855,1.52053,1.52071,1.52,1.12
2015.12.14 13:33:20.906,1.52052,1.52069,1.87,1.00
2015.12.14 13:33:21.167,1.52052,1.52072,1.87,1.37
2015.12.14 13:33:21.270,1.52053,1.52074,1.55,1.12
2015.12.14 13:33:21.321,1.52056,1.52074,1.37,1.12
2015.12.14 13:33:21.729,1.52056,1.52077,1.37,1.87
2015.12.14 13:33:22.034,1.52056,1.52073,1.37,1.00
2015.12.14 13:33:22.424,1.5205,1.52073,1.37,1.00
2015.12.14 13:33:22.526,1.5205,1.5207,1.37,1.00
2015.12.14 13:33:22.732,1.5205,1.52076,1.75,2.02
2015.12.14 13:33:22.783,1.52056,1.52076,1.00,1.27
2015.12.14 13:33:23.103,1.52062,1.52081,1.50,1.37
2015.12.14 13:33:23.157,1.52062,1.52081,1.00,1.37
2015.12.14 13:33:23.210,1.52062,1.52083,1.00,1.00
2015.12.14 13:33:23.363,1.52059,1.52083,1.55,1.37
2015.12.14 13:33:24.242,1.52057,1.52078,1.57,1.37
2015.12.14 13:33:24.497,1.52053,1.52078,1.65,1.00
2015.12.14 13:33:24.549,1.52053,1.52078,1.65,1.37
2015.12.14 13:33:25.233,1.52054,1.52078,1.37,1.37
2015.12.14 13:33:25.285,1.52054,1.52081,1.87,2.02
2015.12.14 13:33:25.388,1.52057,1.52081,1.95,1.12
2015.12.14 13:33:25.847,1.52058,1.52081,2.25,1.00
2015.12.14 13:33:25.999,1.52058,1.52083,2.25,1.00
2015.12.14 13:33:26.152,1.52061,1.52083,1.45,1.00
2015.12.14 13:33:26.474,1.52062,1.52083,1.57,1.00
2015.12.14 13:33:26.983,1.52062,1.52087,1.57,1.37
2015.12.14 13:33:27.085,1.52062,1.52087,1.95,1.12
2015.12.14 13:33:29.071,1.52062,1.52089,2.70,1.45
2015.12.14 13:33:29.173,1.52065,1.52091,1.57,2.32
2015.12.14 13:33:29.224,1.52068,1.52092,2.32,1.12
2015.12.14 13:33:29.326,1.52071,1.52098,1.45,2.32
2015.12.14 13:33:29.854,1.52072,1.521,1.95,2.02
2015.12.14 13:33:30.363,1.52074,1.521,1.20,2.02
2015.12.14 13:33:31.755,1.52073,1.521,1.65,1.55
2015.12.14 13:33:32.263,1.52072,1.52097,1.57,1.37
2015.12.14 13:33:32.533,1.52064,1.5209,1.45,2.32
2015.12.14 13:33:32.686,1.52064,1.52088,1.07,1.47
2015.12.14 13:33:32.839,1.52061,1.52085,1.12,1.37
2015.12.14 13:33:33.367,1.52059,1.52085,3.37,1.47
2015.12.14 13:33:34.027,1.52059,1.5208,3.37,1.00
2015.12.14 13:33:34.230,1.52046,1.5207,1.57,1.00
2015.12.14 13:33:34.332,1.52046,1.5207,1.20,1.07
2015.12.14 13:33:34.459,1.52046,1.52071,1.20,1.82
2015.12.14 13:33:34.765,1.52042,1.52064,1.20,1.00
2015.12.14 13:33:35.075,1.52041,1.52062,1.37,1.27
2015.12.14 13:33:35.126,1.52038,1.52062,1.10,1.27
2015.12.14 13:33:35.177,1.52038,1.52063,1.65,1.57
2015.12.14 13:33:35.295,1.52037,1.52063,1.95,1.65
2015.12.14 13:33:35.804,1.52036,1.52061,1.85,2.32
2015.12.14 13:33:36.210,1.52032,1.52057,1.90,1.37
2015.12.14 13:33:36.262,1.5203,1.52054,3.07,1.37
2015.12.14 13:33:36.391,1.52028,1.52053,1.27,1.75
2015.12.14 13:33:37.893,1.5203,1.52054,1.12,1.50
2015.12.14 13:33:38.903,1.5203,1.52054,1.12,1.50
2015.12.14 13:33:39.412,1.52031,1.52054,1.00,1.50
2015.12.14 13:33:39.464,1.52031,1.52055,1.00,1.92
2015.12.14 13:33:39.566,1.52031,1.52055,1.37,1.27
2015.12.14 13:33:39.974,1.52031,1.52054,1.75,1.12
2015.12.14 13:33:40.600,1.52031,1.52054,1.37,2.25
2015.12.14 13:33:41.107,1.52031,1.52053,1.00,1.57
2015.12.14 13:33:43.285,1.52031,1.52053,1.00,1.57
2015.12.14 13:33:43.337,1.52029,1.52052,1.00,2.02
2015.12.14 13:33:43.389,1.52027,1.52049,1.10,1.12
2015.12.14 13:33:43.492,1.52024,1.52047,1.00,1.50
2015.12.14 13:33:43.593,1.52024,1.52047,1.00,2.20
2015.12.14 13:33:44.237,1.52027,1.52047,1.00,1.95
2015.12.14 13:33:44.816,1.52024,1.52047,1.10,1.85
2015.12.14 13:33:45.355,1.52022,1.52044,1.57,1.37
2015.12.14 13:33:45.710,1.52021,1.52044,1.50,1.12
2015.12.14 13:33:45.812,1.5202,1.52043,1.37,2.25
2015.12.14 13:33:45.864,1.52017,1.52041,1.50,1.37
2015.12.14 13:33:45.915,1.52017,1.52038,1.12,1.37
2015.12.14 13:33:45.967,1.52013,1.52035,1.65,1.00
2015.12.14 13:33:46.018,1.52012,1.52035,2.32,1.37
2015.12.14 13:33:46.187,1.5201,1.52032,1.45,1.12
2015.12.14 13:33:46.289,1.52009,1.52032,1.27,1.12
2015.12.14 13:33:48.229,1.52009,1.52032,1.27,1.12
2015.12.14 13:33:48.987,1.52009,1.52031,1.27,1.12
2015.12.14 13:33:49.624,1.5201,1.52032,1.20,1.37
2015.12.14 13:33:50.324,1.5201,1.52032,1.20,1.37
2015.12.14 13:33:50.577,1.5201,1.52032,1.50,1.37
2015.12.14 13:33:51.553,1.5201,1.52032,1.87,1.00
2015.12.14 13:33:51.858,1.5202,1.52042,1.00,1.95
2015.12.14 13:33:52.119,1.5202,1.52041,1.00,1.07
2015.12.14 13:33:52.778,1.5202,1.52042,1.00,1.37
2015.12.14 13:33:53.106,1.52019,1.52042,1.00,1.82
2015.12.14 13:33:53.412,1.52016,1.52039,1.07,1.87
2015.12.14 13:33:53.922,1.52016,1.52039,1.07,1.75
2015.12.14 13:33:54.248,1.52024,1.52042,1.00,1.00
2015.12.14 13:33:54.401,1.52021,1.52046,1.27,1.50
2015.12.14 13:33:54.453,1.52021,1.52044,1.27,1.37
2015.12.14 13:33:54.606,1.52018,1.52042,1.10,1.85
2015.12.14 13:33:54.912,1.52018,1.52039,1.00,1.75
2015.12.14 13:33:55.433,1.52015,1.52036,1.95,1.37
2015.12.14 13:33:56.346,1.52014,1.52036,1.20,1.12
2015.12.14 13:33:56.474,1.5201,1.52031,1.37,1.00
2015.12.14 13:33:56.525,1.52008,1.52029,1.52,1.37
2015.12.14 13:33:56.732,1.52001,1.52025,1.27,1.87
2015.12.14 13:33:56.937,1.52001,1.52023,2.02,2.25
2015.12.14 13:33:57.915,1.51998,1.52021,2.25,1.12
2015.12.14 13:33:58.423,1.51999,1.52021,1.57,1.37
2015.12.14 13:33:58.577,1.52006,1.52025,1.10,1.75
2015.12.14 13:33:58.687,1.52006,1.52029,2.25,1.37
2015.12.14 13:33:58.789,1.52004,1.52028,1.12,1.50
2015.12.14 13:33:58.840,1.52004,1.52025,1.12,1.12
2015.12.14 13:33:58.942,1.52001,1.52025,1.87,1.12
2015.12.14 13:33:59.095,1.52,1.52025,1.15,1.12
2015.12.14 13:33:59.147,1.52,1.52023,1.15,1.12
2015.12.14 13:33:59.807,1.52002,1.52023,1.00,1.12
2015.12.14 13:33:59.859,1.52002,1.52024,1.50,1.00
2015.12.14 13:33:59.910,1.52005,1.52024,1.20,1.00
2015.12.14 13:33:59.961,1.52005,1.52026,1.27,1.00
2015.12.14 13:34:00.013,1.52006,1.52026,1.87,1.00
2015.12.14 13:34:00.064,1.52006,1.52029,2.25,1.00
2015.12.14 13:34:00.116,1.52009,1.52029,1.57,1.00
2015.12.14 13:34:01.107,1.52008,1.52029,1.07,1.00
2015.12.14 13:34:01.159,1.52008,1.52029,1.07,1.87
2015.12.14 13:34:01.210,1.52004,1.52028,1.27,1.47
2015.12.14 13:34:01.263,1.52004,1.52027,1.27,1.12
2015.12.14 13:34:01.568,1.52,1.52021,1.95,1.00
2015.12.14 13:34:01.670,1.52,1.52021,1.52,1.00
2015.12.14 13:34:01.874,1.52003,1.52021,1.47,1.00
2015.12.14 13:34:01.976,1.52007,1.5203,1.10,1.65
2015.12.14 13:34:02.092,1.52007,1.52032,1.57,1.20
2015.12.14 13:34:02.401,1.52006,1.5202,1.57,1.00
2015.12.14 13:34:02.453,1.52001,1.52019,1.27,1.00
2015.12.14 13:34:02.506,1.52,1.52014,1.27,1.00
2015.12.14 13:34:02.712,1.51988,1.52002,1.00,1.00
2015.12.14 13:34:02.764,1.5198,1.51999,1.57,1.00
2015.12.14 13:34:02.922,1.51975,1.51997,1.20,1.12
2015.12.14 13:34:02.978,1.5197,1.51993,1.95,1.12
2015.12.14 13:34:03.081,1.51967,1.51993,2.32,1.50
2015.12.14 13:34:03.539,1.51969,1.51996,1.87,2.40
2015.12.14 13:34:03.692,1.51976,1.51999,1.00,1.57
2015.12.14 13:34:03.857,1.51976,1.51999,1.52,1.00
2015.12.14 13:34:04.366,1.51976,1.52001,1.57,1.12
2015.12.14 13:34:04.928,1.51976,1.52002,1.57,1.75
2015.12.14 13:34:05.080,1.51976,1.52002,1.20,1.37
2015.12.14 13:34:05.182,1.51978,1.52005,3.00,1.27
2015.12.14 13:34:05.538,1.51982,1.52005,1.45,1.87
2015.12.14 13:34:05.994,1.51982,1.52007,1.82,1.00
2015.12.14 13:34:06.543,1.51982,1.52,1.87,1.00
2015.12.14 13:34:06.645,1.51974,1.52,2.70,1.00
2015.12.14 13:34:06.696,1.51974,1.51997,1.57,1.37
2015.12.14 13:34:06.799,1.51973,1.52,2.02,2.02
2015.12.14 13:34:06.850,1.51973,1.51996,1.55,1.00
2015.12.14 13:34:07.156,1.51965,1.51993,1.57,1.65
2015.12.14 13:34:08.290,1.5196,1.51983,1.75,1.12
2015.12.14 13:34:08.393,1.51955,1.5198,1.07,1.47
2015.12.14 13:34:08.495,1.51953,1.51974,1.52,1.12
2015.12.14 13:34:08.808,1.51949,1.51974,1.95,1.75
2015.12.14 13:34:09.479,1.5195,1.51974,1.07,1.75
2015.12.14 13:34:09.986,1.5195,1.51974,1.95,1.75
2015.12.14 13:34:10.696,1.5195,1.51974,1.57,1.12
2015.12.14 13:34:10.798,1.5195,1.51975,2.32,1.75
2015.12.14 13:34:10.900,1.5195,1.51976,2.70,1.87
2015.12.14 13:34:11.205,1.51958,1.51982,1.20,1.12
2015.12.14 13:34:11.410,1.5196,1.51987,1.92,1.20
2015.12.14 13:34:11.516,1.51961,1.51988,1.57,2.02
2015.12.14 13:34:11.619,1.51965,1.51988,1.37,1.27
2015.12.14 13:34:12.159,1.51965,1.51991,1.87,1.82
2015.12.14 13:34:13.949,1.51965,1.51985,1.37,1.00
2015.12.14 13:34:14.206,1.51953,1.51977,1.95,1.10
2015.12.14 13:34:14.308,1.51955,1.5198,1.47,2.40
2015.12.14 13:34:14.617,1.51951,1.51974,1.57,1.37
2015.12.14 13:34:15.419,1.5195,1.51974,2.25,1.20
2015.12.14 13:34:15.789,1.5195,1.51974,1.20,1.37
2015.12.14 13:34:16.095,1.51951,1.51977,1.57,2.32
2015.12.14 13:34:16.147,1.51952,1.51977,1.57,1.20
2015.12.14 13:34:16.199,1.51953,1.51977,1.12,1.12
2015.12.14 13:34:16.303,1.51958,1.51983,2.25,1.87
2015.12.14 13:34:16.607,1.51959,1.51986,3.82,2.40
2015.12.14 13:34:17.136,1.51963,1.51986,1.10,1.10
2015.12.14 13:34:17.681,1.51963,1.51986,1.15,1.00
2015.12.14 13:34:18.185,1.51963,1.51986,1.10,1.10
2015.12.14 13:34:18.694,1.51962,1.51986,1.55,1.95
2015.12.14 13:34:19.243,1.51962,1.51986,1.65,1.20
2015.12.14 13:34:19.790,1.51962,1.51986,1.65,1.47
2015.12.14 13:34:20.625,1.51962,1.51986,1.65,1.47
2015.12.14 13:34:20.896,1.5196,1.51986,1.55,2.02
2015.12.14 13:34:22.667,1.5196,1.51986,1.17,2.40
2015.12.14 13:34:23.348,1.51959,1.51986,2.02,3.00
2015.12.14 13:34:23.862,1.51959,1.51986,2.02,3.00
2015.12.14 13:34:24.544,1.51959,1.51986,2.02,2.70
2015.12.14 13:34:24.646,1.51959,1.51986,2.02,2.32
2015.12.14 13:34:25.166,1.51959,1.51986,3.15,2.32
2015.12.14 13:34:25.572,1.5196,1.51986,1.82,1.50
2015.12.14 13:34:25.876,1.51964,1.51989,1.17,1.55
2015.12.14 13:34:25.928,1.51964,1.5199,1.27,1.95
2015.12.14 13:34:26.749,1.51965,1.51986,1.82,1.12
2015.12.14 13:34:27.054,1.51957,1.51983,1.65,1.95
2015.12.14 13:34:27.587,1.51956,1.51981,1.95,1.00
2015.12.14 13:34:27.689,1.51957,1.51984,2.02,1.55
2015.12.14 13:34:27.741,1.51961,1.51986,1.50,1.85
2015.12.14 13:34:27.845,1.51962,1.51987,1.50,1.50
2015.12.14 13:34:28.050,1.51961,1.51985,1.65,1.00
2015.12.14 13:34:28.562,1.51961,1.51987,1.57,1.95
2015.12.14 13:34:28.866,1.51961,1.51987,1.10,3.75
2015.12.14 13:34:29.688,1.51961,1.51987,1.10,3.00
2015.12.14 13:34:30.254,1.51957,1.51982,3.37,1.10
2015.12.14 13:34:30.660,1.51957,1.51983,3.07,1.20
2015.12.14 13:34:31.685,1.51957,1.51982,1.95,1.57
2015.12.14 13:34:32.706,1.51957,1.51981,1.45,1.37
2015.12.14 13:34:33.011,1.51957,1.51978,1.50,1.00
2015.12.14 13:34:33.113,1.51956,1.51978,1.95,1.00
2015.12.14 13:34:34.419,1.51956,1.51971,1.95,1.00
2015.12.14 13:34:34.573,1.51947,1.51968,1.00,1.12
2015.12.14 13:34:34.675,1.51943,1.51965,1.50,1.00
2015.12.14 13:34:34.792,1.51942,1.51965,1.52,1.00
2015.12.14 13:34:34.894,1.51941,1.51965,1.95,1.37
2015.12.14 13:34:36.731,1.51944,1.51965,1.00,1.75
2015.12.14 13:34:37.088,1.51941,1.51962,1.57,1.37
2015.12.14 13:34:37.273,1.51938,1.51959,1.20,1.00
2015.12.14 13:34:37.324,1.51937,1.51959,1.85,1.00
2015.12.14 13:34:37.376,1.51937,1.51957,1.85,1.00
2015.12.14 13:34:37.681,1.51937,1.51959,1.20,1.00
2015.12.14 13:34:38.140,1.51935,1.51956,1.82,1.00
2015.12.14 13:34:38.192,1.51935,1.51956,2.32,1.00
2015.12.14 13:34:38.740,1.51935,1.51955,1.45,1.00
2015.12.14 13:34:40.210,1.51934,1.51955,1.92,1.00
2015.12.14 13:34:40.591,1.51938,1.51958,1.45,1.12
2015.12.14 13:34:40.904,1.51939,1.51958,1.45,1.00
2015.12.14 13:34:41.458,1.51939,1.51961,1.45,1.00
2015.12.14 13:34:41.814,1.51942,1.51961,1.75,1.00
2015.12.14 13:34:41.865,1.51943,1.51964,1.57,1.50
2015.12.14 13:34:42.170,1.51945,1.51967,1.10,1.00
2015.12.14 13:34:42.336,1.51949,1.51967,1.00,1.00
2015.12.14 13:34:42.705,1.51951,1.51969,1.00,1.12
2015.12.14 13:34:42.909,1.51957,1.51979,1.07,1.82
2015.12.14 13:34:43.062,1.5196,1.5198,1.00,1.12
2015.12.14 13:34:43.389,1.51964,1.51982,1.00,1.37
2015.12.14 13:34:43.592,1.51964,1.51986,1.57,1.87
2015.12.14 13:34:43.704,1.51962,1.51983,1.12,1.75
2015.12.14 13:34:43.807,1.51961,1.51982,2.32,1.75
2015.12.14 13:34:44.334,1.51961,1.51981,1.57,1.37
2015.12.14 13:34:44.538,1.51961,1.51981,1.20,1.37
2015.12.14 13:34:45.061,1.51961,1.51981,1.12,1.37
2015.12.14 13:34:45.578,1.51961,1.51981,1.00,1.37
2015.12.14 13:34:46.115,1.51961,1.51981,1.00,1.12
2015.12.14 13:34:46.267,1.51959,1.51979,1.55,1.75
2015.12.14 13:34:46.319,1.51958,1.51976,1.15,1.37
2015.12.14 13:34:46.722,1.51958,1.51977,1.10,1.00
2015.12.14 13:34:47.237,1.51958,1.51977,1.65,1.00
2015.12.14 13:34:47.878,1.51956,1.51974,1.37,1.75
2015.12.14 13:34:47.930,1.51954,1.51973,2.02,1.37
2015.12.14 13:34:48.133,1.51955,1.51975,1.57,1.37
2015.12.14 13:34:48.286,1.51958,1.51978,1.37,1.50
2015.12.14 13:34:48.692,1.51956,1.51973,1.75,1.00
2015.12.14 13:34:48.794,1.51953,1.51972,1.57,1.37
2015.12.14 13:34:48.896,1.51954,1.5197,1.55,1.37
2015.12.14 13:34:49.346,1.5195,1.51971,1.65,1.50
2015.12.14 13:34:49.601,1.5195,1.51973,2.02,1.00
2015.12.14 13:34:49.653,1.51955,1.51973,1.00,1.00
2015.12.14 13:34:49.705,1.51955,1.51977,1.00,2.77
2015.12.14 13:34:50.276,1.51957,1.51977,1.00,1.37
2015.12.14 13:34:51.089,1.51957,1.51977,1.00,1.50
2015.12.14 13:34:52.305,1.51953,1.51977,3.07,1.50
2015.12.14 13:34:52.458,1.51953,1.51971,1.57,1.37
2015.12.14 13:34:52.510,1.51947,1.51971,4.50,1.50
2015.12.14 13:34:52.561,1.51947,1.51968,4.12,1.37
2015.12.14 13:34:52.612,1.51947,1.51968,1.57,2.25
2015.12.14 13:34:52.765,1.51944,1.51967,1.57,1.87
2015.12.14 13:34:52.877,1.51939,1.51965,2.32,2.62
2015.12.14 13:34:52.930,1.51938,1.51963,1.50,1.65
2015.12.14 13:34:53.032,1.51938,1.51957,1.50,1.37
2015.12.14 13:34:53.134,1.51932,1.51955,1.50,1.07
2015.12.14 13:34:53.492,1.51937,1.51955,1.00,1.45
2015.12.14 13:34:53.594,1.51939,1.51963,1.00,1.85
2015.12.14 13:34:53.645,1.51939,1.51964,1.87,1.27
2015.12.14 13:34:53.827,1.5194,1.51964,1.57,1.20
2015.12.14 13:34:54.134,1.51942,1.51965,1.07,1.87
2015.12.14 13:34:54.693,1.5194,1.51965,2.62,1.87
2015.12.14 13:34:55.045,1.5194,1.51965,2.62,1.37
2015.12.14 13:34:55.558,1.51944,1.51965,1.10,1.00
2015.12.14 13:34:56.538,1.51944,1.51965,1.00,1.50
2015.12.14 13:34:57.047,1.51941,1.51965,1.57,1.00
2015.12.14 13:34:57.309,1.51941,1.51965,1.12,1.20
2015.12.14 13:34:57.817,1.51941,1.51963,1.00,1.00
2015.12.14 13:34:58.138,1.51941,1.51963,1.00,1.95
2015.12.14 13:34:58.569,1.51938,1.51963,1.65,2.70
2015.12.14 13:34:58.722,1.51935,1.51956,1.12,1.50
2015.12.14 13:34:58.773,1.5193,1.51953,2.25,1.12
2015.12.14 13:34:58.824,1.5193,1.5195,1.50,1.10
2015.12.14 13:34:59.028,1.51928,1.51951,1.00,2.02
2015.12.14 13:34:59.131,1.51927,1.51946,1.10,1.12
2015.12.14 13:34:59.233,1.51921,1.51945,1.12,2.70
2015.12.14 13:34:59.756,1.51921,1.51945,1.57,1.95
2015.12.14 13:34:59.858,1.51921,1.51941,1.12,1.37
2015.12.14 13:35:00.164,1.51917,1.51941,1.50,2.25
2015.12.14 13:35:00.216,1.51917,1.51939,1.00,1.82
2015.12.14 13:35:00.267,1.51917,1.51939,1.00,1.45
2015.12.14 13:35:00.741,1.5192,1.51937,1.00,1.00
2015.12.14 13:35:00.945,1.51928,1.51949,1.12,2.25
2015.12.14 13:35:01.002,1.51928,1.51951,1.50,1.87
2015.12.14 13:35:01.054,1.51928,1.51953,1.12,1.95
2015.12.14 13:35:01.631,1.5193,1.51954,1.00,1.27
2015.12.14 13:35:01.938,1.51926,1.51946,1.37,1.37
2015.12.14 13:35:01.989,1.51926,1.51946,1.00,1.37
2015.12.14 13:35:02.143,1.51923,1.51946,1.17,1.37
2015.12.14 13:35:02.247,1.51921,1.5194,1.87,1.37
2015.12.14 13:35:02.349,1.51914,1.51936,1.95,1.00
2015.12.14 13:35:02.402,1.51914,1.51936,1.00,1.20
2015.12.14 13:35:02.722,1.51909,1.51931,1.00,1.07
2015.12.14 13:35:03.889,1.51907,1.51931,1.00,1.95
2015.12.14 13:35:03.991,1.51907,1.51924,1.50,1.00
2015.12.14 13:35:04.580,1.51906,1.51924,1.87,1.00
2015.12.14 13:35:04.783,1.51906,1.51924,1.00,1.00
2015.12.14 13:35:04.942,1.51902,1.51921,1.12,1.12
2015.12.14 13:35:05.044,1.51896,1.51919,1.12,1.47
2015.12.14 13:35:05.146,1.51892,1.51917,1.57,1.47
2015.12.14 13:35:05.653,1.51892,1.51917,2.70,1.00
2015.12.14 13:35:06.132,1.51892,1.51917,1.95,1.00
2015.12.14 13:35:07.061,1.51896,1.51917,1.00,1.00
2015.12.14 13:35:07.209,1.51897,1.51921,1.50,1.20
2015.12.14 13:35:07.261,1.519,1.51925,1.10,4.12
2015.12.14 13:35:08.277,1.51904,1.51926,1.37,1.85
2015.12.14 13:35:08.390,1.51906,1.51926,1.00,1.37
2015.12.14 13:35:08.442,1.51907,1.51924,1.50,1.00
2015.12.14 13:35:08.951,1.51908,1.51924,1.12,1.00
2015.12.14 13:35:10.105,1.51909,1.51925,1.57,1.00
2015.12.14 13:35:10.883,1.51909,1.51924,2.32,1.00
2015.12.14 13:35:11.393,1.51907,1.51924,2.25,1.00
2015.12.14 13:35:11.550,1.51907,1.51924,1.57,1.00
2015.12.14 13:35:12.054,1.51906,1.51924,1.57,1.00
2015.12.14 13:35:12.562,1.51906,1.51925,1.10,1.37
2015.12.14 13:35:14.305,1.51903,1.51925,1.57,1.37
2015.12.14 13:35:14.407,1.51901,1.51925,1.12,1.12
2015.12.14 13:35:14.459,1.519,1.51922,1.12,2.25
2015.12.14 13:35:14.510,1.51896,1.51922,2.62,2.25
2015.12.14 13:35:14.583,1.51896,1.51922,1.95,2.25
2015.12.14 13:35:14.634,1.51897,1.51916,1.20,1.00
2015.12.14 13:35:14.990,1.51899,1.51922,1.00,2.25
2015.12.14 13:35:15.520,1.51899,1.51921,1.27,1.37
2015.12.14 13:35:16.043,1.51899,1.51921,1.00,1.87
2015.12.14 13:35:16.146,1.51896,1.51921,1.37,1.87
2015.12.14 13:35:16.248,1.51893,1.5192,2.32,1.20
2015.12.14 13:35:17.025,1.51893,1.5192,1.12,1.82
2015.12.14 13:35:17.867,1.51891,1.51917,1.27,1.87
2015.12.14 13:35:18.173,1.5189,1.51916,1.17,1.47
2015.12.14 13:35:18.685,1.5189,1.51916,1.00,2.20
2015.12.14 13:35:19.200,1.5189,1.51912,1.00,1.37
2015.12.14 13:35:19.302,1.5189,1.51915,1.87,1.15
2015.12.14 13:35:19.816,1.51894,1.51915,1.00,1.10
2015.12.14 13:35:20.087,1.51899,1.51922,1.17,1.00
2015.12.14 13:35:20.898,1.51902,1.51922,1.00,1.00
2015.12.14 13:35:21.241,1.51901,1.5192,1.00,1.57
2015.12.14 13:35:21.293,1.51898,1.51918,1.00,2.25
2015.12.14 13:35:21.446,1.51903,1.51919,1.37,1.87
2015.12.14 13:35:21.600,1.51908,1.51926,1.12,1.00
2015.12.14 13:35:21.652,1.51919,1.51924,1.00,1.00
2015.12.14 13:35:21.957,1.51926,1.51931,1.07,1.00
2015.12.14 13:35:22.075,1.51925,1.51939,1.82,1.00
2015.12.14 13:35:22.127,1.51925,1.51935,2.20,1.00
2015.12.14 13:35:22.434,1.51918,1.51924,1.50,1.00
2015.12.14 13:35:22.943,1.51918,1.51923,1.17,1.00
2015.12.14 13:35:23.467,1.51916,1.51924,1.50,1.00
2015.12.14 13:35:23.975,1.51914,1.51924,1.87,1.00
2015.12.14 13:35:24.077,1.51909,1.51925,1.95,1.00
2015.12.14 13:35:24.179,1.51909,1.51925,1.57,1.00
2015.12.14 13:35:24.702,1.51911,1.51924,1.00,1.00
2015.12.14 13:35:24.956,1.51904,1.51925,1.12,1.00
2015.12.14 13:35:25.008,1.51904,1.51925,1.12,1.87
2015.12.14 13:35:25.111,1.51904,1.51926,1.00,1.12
2015.12.14 13:35:25.577,1.51907,1.51926,1.00,1.50
2015.12.14 13:35:25.932,1.51912,1.51926,1.00,1.10
2015.12.14 13:35:26.287,1.51923,1.51934,1.00,1.00
2015.12.14 13:35:26.696,1.51925,1.51934,1.00,1.00
2015.12.14 13:35:26.849,1.51925,1.51941,1.00,1.95
2015.12.14 13:35:26.901,1.5192,1.5194,3.00,1.00
2015.12.14 13:35:26.952,1.5192,1.51935,3.00,1.00
2015.12.14 13:35:27.276,1.51919,1.51923,1.00,1.00
2015.12.14 13:35:27.787,1.51919,1.51926,1.50,1.00
2015.12.14 13:35:28.344,1.51921,1.51925,1.00,1.00
2015.12.14 13:35:28.853,1.5192,1.51924,1.00,1.00
2015.12.14 13:35:29.313,1.51917,1.51924,1.00,1.00
2015.12.14 13:35:29.364,1.51915,1.51923,1.50,1.00
2015.12.14 13:35:29.467,1.51918,1.51926,1.12,1.00
2015.12.14 13:35:29.722,1.51928,1.51937,1.12,1.50
2015.12.14 13:35:30.233,1.51929,1.51938,1.00,1.00
2015.12.14 13:35:30.284,1.51929,1.51933,1.00,1.00
2015.12.14 13:35:30.555,1.51937,1.5195,1.37,1.00
2015.12.14 13:35:30.606,1.51937,1.5195,2.62,1.00
2015.12.14 13:35:30.658,1.51937,1.51958,2.62,1.00
2015.12.14 13:35:30.709,1.5194,1.5196,1.12,1.00
2015.12.14 13:35:30.913,1.51947,1.51966,1.00,1.87
2015.12.14 13:35:31.117,1.51955,1.51976,1.00,1.07
2015.12.14 13:35:31.221,1.51954,1.51974,1.85,1.00
2015.12.14 13:35:31.323,1.51955,1.51974,1.27,1.00
2015.12.14 13:35:31.417,1.51959,1.51974,1.00,1.00
2015.12.14 13:35:31.979,1.51959,1.51974,1.00,1.37
2015.12.14 13:35:32.516,1.51959,1.51968,1.00,1.00
2015.12.14 13:35:32.618,1.51951,1.51961,1.10,1.00
2015.12.14 13:35:32.671,1.51943,1.51961,1.12,1.00
2015.12.14 13:35:32.723,1.5194,1.51958,1.20,1.00
2015.12.14 13:35:33.028,1.5195,1.51961,1.00,1.10
2015.12.14 13:35:33.131,1.51942,1.51961,1.12,1.00
2015.12.14 13:35:33.461,1.51949,1.51961,1.00,1.10
2015.12.14 13:35:33.918,1.5195,1.51959,1.00,1.00
2015.12.14 13:35:34.071,1.51948,1.5196,1.00,1.12
2015.12.14 13:35:34.376,1.51951,1.5196,1.00,1.12
2015.12.14 13:35:34.581,1.51949,1.5196,1.00,1.00
2015.12.14 13:35:35.190,1.51949,1.51962,1.00,1.00
2015.12.14 13:35:35.495,1.51951,1.51963,1.00,1.12
2015.12.14 13:35:35.692,1.51948,1.51961,1.00,1.00
2015.12.14 13:35:36.200,1.51949,1.51962,1.00,1.00
2015.12.14 13:35:36.707,1.5195,1.51962,1.00,1.00
2015.12.14 13:35:36.920,1.51948,1.51961,1.00,1.12
2015.12.14 13:35:37.429,1.51948,1.5196,1.00,1.00
2015.12.14 13:35:37.735,1.51944,1.51959,1.00,1.00
2015.12.14 13:35:37.837,1.51943,1.51954,1.00,1.00
2015.12.14 13:35:37.888,1.51938,1.51953,2.70,1.00
2015.12.14 13:35:37.939,1.51938,1.51953,1.00,1.00
2015.12.14 13:35:38.079,1.51937,1.5195,1.00,1.00
2015.12.14 13:35:38.131,1.51932,1.5195,1.00,1.00
2015.12.14 13:35:38.639,1.51933,1.5195,1.00,1.00
2015.12.14 13:35:39.201,1.51929,1.5195,2.70,1.12
2015.12.14 13:35:39.256,1.51929,1.51947,1.87,1.00
2015.12.14 13:35:39.564,1.51921,1.51938,1.00,1.12
2015.12.14 13:35:39.616,1.51921,1.51935,1.00,1.37
2015.12.14 13:35:39.667,1.51915,1.51934,1.95,1.37
2015.12.14 13:35:39.771,1.51915,1.51934,1.00,1.37
2015.12.14 13:35:39.925,1.51915,1.51931,1.00,1.00
2015.12.14 13:35:40.082,1.5191,1.51931,1.20,1.00
2015.12.14 13:35:40.899,1.5191,1.51933,1.20,1.12
2015.12.14 13:35:41.001,1.51913,1.51934,1.00,1.37
2015.12.14 13:35:41.320,1.51916,1.51935,1.00,1.00
2015.12.14 13:35:41.677,1.51916,1.51933,1.12,1.00
2015.12.14 13:35:41.987,1.51904,1.51926,1.82,1.37
2015.12.14 13:35:42.039,1.51904,1.51926,1.75,1.37
2015.12.14 13:35:42.143,1.51903,1.51923,1.95,1.37
2015.12.14 13:35:42.457,1.519,1.5192,1.20,1.37
2015.12.14 13:35:42.662,1.51903,1.51921,1.65,1.37
2015.12.14 13:35:42.765,1.51901,1.5192,1.65,1.37
2015.12.14 13:35:42.969,1.519,1.51914,1.07,1.00
2015.12.14 13:35:43.065,1.51898,1.51914,1.95,1.00
2015.12.14 13:35:43.118,1.51888,1.51908,1.57,1.12
2015.12.14 13:35:43.172,1.51888,1.51905,1.07,1.37
2015.12.14 13:35:43.325,1.51884,1.51903,1.75,1.12
2015.12.14 13:35:43.376,1.51889,1.51903,1.00,1.00
2015.12.14 13:35:43.886,1.51889,1.51904,1.00,1.00
2015.12.14 13:35:44.500,1.51889,1.51905,1.00,1.00
2015.12.14 13:35:44.653,1.5189,1.51907,1.00,1.00
2015.12.14 13:35:45.791,1.51891,1.5191,1.00,1.65
2015.12.14 13:35:45.944,1.51891,1.5191,1.00,2.32
2015.12.14 13:35:46.350,1.51889,1.51906,1.00,1.00
2015.12.14 13:35:46.451,1.51889,1.51904,1.00,1.00
2015.12.14 13:35:46.820,1.51888,1.51897,1.00,1.00
2015.12.14 13:35:46.923,1.51882,1.51896,1.00,1.37
2015.12.14 13:35:46.974,1.5188,1.51893,1.00,1.00
2015.12.14 13:35:47.026,1.51878,1.51893,1.00,1.00
2015.12.14 13:35:47.077,1.51878,1.51891,1.00,1.00
2015.12.14 13:35:47.129,1.51876,1.5189,1.00,1.00
2015.12.14 13:35:47.693,1.51877,1.51895,1.00,1.50
2015.12.14 13:35:47.796,1.5188,1.51896,1.00,1.12
2015.12.14 13:35:47.848,1.5188,1.51898,1.00,1.10
2015.12.14 13:35:48.001,1.5188,1.51894,1.00,1.00
2015.12.14 13:35:48.052,1.5188,1.51897,1.00,1.37
2015.12.14 13:35:48.155,1.51875,1.51893,1.37,1.12
2015.12.14 13:35:48.308,1.51875,1.51891,1.37,1.00
2015.12.14 13:35:48.637,1.51874,1.51891,1.12,1.47
2015.12.14 13:35:49.055,1.51866,1.51891,1.47,1.47
2015.12.14 13:35:49.157,1.51871,1.51889,1.37,1.00
2015.12.14 13:35:49.665,1.51871,1.51892,1.37,2.40
2015.12.14 13:35:50.140,1.51871,1.51891,1.87,1.00
2015.12.14 13:35:51.054,1.51872,1.51894,1.12,1.45
2015.12.14 13:35:51.156,1.51869,1.51894,1.00,1.87
2015.12.14 13:35:51.365,1.51869,1.51891,3.00,1.10
2015.12.14 13:35:51.872,1.51873,1.51893,1.00,1.15
2015.12.14 13:35:52.280,1.51875,1.51894,1.00,1.82
2015.12.14 13:35:52.585,1.51881,1.51901,1.87,1.20
2015.12.14 13:35:53.000,1.51882,1.51901,1.37,1.00
2015.12.14 13:35:53.522,1.51884,1.51901,1.00,1.00
2015.12.14 13:35:54.039,1.51884,1.51903,1.00,1.27
2015.12.14 13:35:54.802,1.51884,1.519,1.00,1.00
2015.12.14 13:35:54.970,1.51878,1.51902,1.12,1.65
2015.12.14 13:35:55.072,1.51881,1.51902,1.37,1.65
2015.12.14 13:35:55.582,1.51884,1.51902,1.00,1.27
2015.12.14 13:35:56.090,1.51884,1.51902,1.00,1.00
2015.12.14 13:35:56.460,1.51886,1.51902,1.00,1.00
2015.12.14 13:35:57.314,1.51886,1.519,1.00,1.00
2015.12.14 13:35:58.067,1.51886,1.51903,1.00,1.50
2015.12.14 13:35:58.170,1.51889,1.51906,1.75,1.17
2015.12.14 13:35:58.374,1.5189,1.51908,1.50,1.10
2015.12.14 13:35:58.842,1.51889,1.51906,1.37,1.00
2015.12.14 13:35:59.300,1.51888,1.51906,1.00,1.00
2015.12.14 13:35:59.504,1.51881,1.51907,1.95,1.55
2015.12.14 13:35:59.606,1.51884,1.51906,1.37,1.12
2015.12.14 13:35:59.708,1.51884,1.51907,1.37,1.57
2015.12.14 13:35:59.760,1.51889,1.51907,1.00,1.57
2015.12.14 13:36:00.551,1.5189,1.51907,1.00,1.57
2015.12.14 13:36:00.856,1.5189,1.51908,1.37,1.12
2015.12.14 13:36:00.958,1.5189,1.51909,1.37,1.57
2015.12.14 13:36:01.514,1.5189,1.51909,1.37,1.57
2015.12.14 13:36:02.279,1.5189,1.5191,1.37,1.50
2015.12.14 13:36:02.454,1.51891,1.51911,1.12,1.27
2015.12.14 13:36:02.556,1.51893,1.51911,1.00,1.27
2015.12.14 13:36:03.072,1.51892,1.51909,1.00,1.00
2015.12.14 13:36:03.421,1.51888,1.51903,2.25,1.00
2015.12.14 13:36:03.523,1.51881,1.51898,3.07,1.00
2015.12.14 13:36:03.574,1.51881,1.51893,2.25,1.00
2015.12.14 13:36:03.677,1.51873,1.51887,2.25,1.00
2015.12.14 13:36:03.729,1.5187,1.51886,1.00,1.12
2015.12.14 13:36:03.831,1.5187,1.51883,1.00,1.00
2015.12.14 13:36:03.985,1.51859,1.51879,1.00,1.00
2015.12.14 13:36:04.088,1.51862,1.51879,1.00,1.00
2015.12.14 13:36:04.457,1.51862,1.51883,1.12,1.27
2015.12.14 13:36:05.391,1.51863,1.51884,1.37,1.87
2015.12.14 13:36:05.655,1.51868,1.51887,1.00,1.20
2015.12.14 13:36:05.757,1.51868,1.51884,1.00,1.00
2015.12.14 13:36:05.809,1.51866,1.51884,1.12,1.00
2015.12.14 13:36:06.316,1.51864,1.51887,1.87,2.25
2015.12.14 13:36:06.707,1.51869,1.51888,1.00,1.87
2015.12.14 13:36:07.012,1.51871,1.5189,1.00,1.57
2015.12.14 13:36:07.063,1.51871,1.51891,1.00,1.87
2015.12.14 13:36:08.068,1.51871,1.51891,1.00,1.20
2015.12.14 13:36:08.221,1.51872,1.51891,2.25,1.20
2015.12.14 13:36:08.731,1.51874,1.51891,1.00,1.07
2015.12.14 13:36:09.125,1.51872,1.51892,2.62,1.00
2015.12.14 13:36:09.659,1.51872,1.51895,3.37,1.57
2015.12.14 13:36:09.913,1.51872,1.51894,1.12,1.92
2015.12.14 13:36:10.066,1.51872,1.51889,1.00,1.00
2015.12.14 13:36:10.445,1.51867,1.51889,1.95,1.50
2015.12.14 13:36:10.496,1.51867,1.51889,1.95,1.87
2015.12.14 13:36:10.598,1.51867,1.5189,1.20,1.00
2015.12.14 13:36:10.649,1.51866,1.5189,1.90,1.00
2015.12.14 13:36:11.157,1.51868,1.51891,1.37,1.57
2015.12.14 13:36:11.410,1.51868,1.51891,1.37,1.12
2015.12.14 13:36:11.816,1.5187,1.5189,1.00,1.50
2015.12.14 13:36:11.867,1.51864,1.5189,2.25,1.50
2015.12.14 13:36:11.919,1.51864,1.51886,1.45,1.50
2015.12.14 13:36:12.021,1.51859,1.51884,1.57,1.07
2015.12.14 13:36:12.529,1.51858,1.51883,1.27,1.27
2015.12.14 13:36:13.304,1.51856,1.51883,2.25,2.77
2015.12.14 13:36:13.355,1.51854,1.51879,2.25,1.00
2015.12.14 13:36:13.407,1.51854,1.51879,2.25,1.50
2015.12.14 13:36:13.661,1.51854,1.51879,1.07,2.32
2015.12.14 13:36:13.712,1.51852,1.51873,2.32,1.00
2015.12.14 13:36:13.981,1.51852,1.51877,1.20,1.50
2015.12.14 13:36:14.033,1.51853,1.5188,1.55,2.02
2015.12.14 13:36:14.136,1.51856,1.51882,2.32,1.65
2015.12.14 13:36:14.238,1.51858,1.51882,1.50,1.00
2015.12.14 13:36:17.225,1.51857,1.51882,3.45,1.10
2015.12.14 13:36:17.530,1.51859,1.51881,1.10,1.37
2015.12.14 13:36:17.855,1.51855,1.51877,1.87,1.00
2015.12.14 13:36:17.960,1.51855,1.51877,1.07,1.00
2015.12.14 13:36:18.166,1.51855,1.5188,1.07,1.45
2015.12.14 13:36:18.268,1.51855,1.51882,1.87,2.40
2015.12.14 13:36:18.579,1.51863,1.51888,1.27,1.55
2015.12.14 13:36:19.089,1.51864,1.51888,2.25,1.37
2015.12.14 13:36:19.448,1.5187,1.51893,1.50,1.87
2015.12.14 13:36:19.859,1.51867,1.51889,1.45,1.37
2015.12.14 13:36:19.961,1.51862,1.51885,2.70,1.00
2015.12.14 13:36:20.165,1.51859,1.51884,1.20,1.65
2015.12.14 13:36:20.422,1.51856,1.51881,2.25,1.00
2015.12.14 13:36:20.939,1.51856,1.51884,2.25,1.95
2015.12.14 13:36:21.245,1.51862,1.51888,1.50,1.87
2015.12.14 13:36:21.296,1.51862,1.51888,1.57,1.20
2015.12.14 13:36:21.398,1.51864,1.51888,1.20,1.00
2015.12.14 13:36:21.919,1.51865,1.5189,1.87,1.55
2015.12.14 13:36:22.021,1.51865,1.51891,1.95,1.52
2015.12.14 13:36:22.174,1.51866,1.51892,1.57,1.47
2015.12.14 13:36:22.276,1.51868,1.51892,1.20,1.00
2015.12.14 13:36:23.354,1.51869,1.51892,1.47,1.17
2015.12.14 13:36:23.660,1.51867,1.51889,1.20,1.00
2015.12.14 13:36:23.812,1.51865,1.51889,1.95,1.00
2015.12.14 13:36:24.336,1.51864,1.51889,1.20,1.10
2015.12.14 13:36:24.845,1.51863,1.51888,1.55,1.12
2015.12.14 13:36:24.896,1.51863,1.51888,1.55,1.57
2015.12.14 13:36:26.091,1.51863,1.51888,1.95,1.20
2015.12.14 13:36:26.646,1.51863,1.51888,1.95,1.12
2015.12.14 13:36:27.277,1.51862,1.51886,1.50,1.12
2015.12.14 13:36:27.684,1.51861,1.51884,1.57,1.00
2015.12.14 13:36:28.204,1.51858,1.51883,1.27,1.57
2015.12.14 13:36:28.689,1.51858,1.51883,1.27,1.95
2015.12.14 13:36:29.666,1.51858,1.51883,2.02,1.10
2015.12.14 13:36:31.943,1.51858,1.51882,1.65,1.00
2015.12.14 13:36:32.159,1.51862,1.51884,1.00,1.27
2015.12.14 13:36:32.413,1.51863,1.51886,1.00,1.27
2015.12.14 13:36:32.617,1.51865,1.51888,1.10,1.17
2015.12.14 13:36:32.923,1.51865,1.51889,1.47,1.95
2015.12.14 13:36:33.458,1.5187,1.5189,1.00,2.25
2015.12.14 13:36:33.763,1.51887,1.519,1.37,1.00
2015.12.14 13:36:33.815,1.51887,1.51902,1.37,1.00
2015.12.14 13:36:33.918,1.51887,1.51912,1.37,1.12
2015.12.14 13:36:34.021,1.51885,1.51911,1.55,1.57
2015.12.14 13:36:34.073,1.51883,1.51906,1.50,1.00
2015.12.14 13:36:34.124,1.51882,1.51906,2.25,1.00
2015.12.14 13:36:34.292,1.51882,1.51904,1.65,1.00
2015.12.14 13:36:34.598,1.51878,1.51901,1.50,1.00
2015.12.14 13:36:34.650,1.51878,1.51899,1.50,1.12
2015.12.14 13:36:34.703,1.51874,1.51897,1.12,1.00
2015.12.14 13:36:34.805,1.51874,1.51897,1.12,2.32
2015.12.14 13:36:35.112,1.51879,1.51902,1.37,1.00
2015.12.14 13:36:35.163,1.51884,1.51902,1.00,1.00
2015.12.14 13:36:35.331,1.51884,1.51906,1.00,1.10
2015.12.14 13:36:35.788,1.51884,1.51909,1.45,1.20
2015.12.14 13:36:35.992,1.51884,1.51909,1.87,1.20
2015.12.14 13:36:36.313,1.51894,1.51913,1.37,1.00
2015.12.14 13:36:36.365,1.51894,1.51915,1.37,1.00
2015.12.14 13:36:36.467,1.51894,1.51917,1.47,1.20
2015.12.14 13:36:36.873,1.51896,1.5192,1.00,1.20
2015.12.14 13:36:37.514,1.51894,1.51918,1.52,1.50
2015.12.14 13:36:37.824,1.51884,1.51908,1.27,1.12
2015.12.14 13:36:38.496,1.51888,1.5191,1.00,1.57
2015.12.14 13:36:38.548,1.51888,1.51912,1.12,1.65
2015.12.14 13:36:38.599,1.5189,1.51913,1.00,1.20
2015.12.14 13:36:38.904,1.51892,1.51915,1.10,1.82
2015.12.14 13:36:38.956,1.51892,1.51915,1.10,1.07
2015.12.14 13:36:39.464,1.51892,1.51915,1.57,1.00
2015.12.14 13:36:39.515,1.51893,1.51915,1.12,1.00
2015.12.14 13:36:40.355,1.51893,1.51916,1.50,1.00
2015.12.14 13:36:40.795,1.519,1.51919,1.37,1.85
2015.12.14 13:36:41.026,1.51901,1.51927,2.62,1.55
2015.12.14 13:36:41.077,1.51903,1.51927,1.12,1.37
2015.12.14 13:36:41.231,1.51903,1.51929,2.25,1.27
2015.12.14 13:36:41.333,1.51907,1.51931,1.47,1.75
2015.12.14 13:36:41.638,1.51908,1.51933,1.12,1.95
2015.12.14 13:36:42.522,1.51908,1.51933,1.87,1.20
2015.12.14 13:36:42.624,1.51908,1.51934,3.00,1.27
2015.12.14 13:36:42.726,1.51912,1.51936,1.07,1.75
2015.12.14 13:36:42.777,1.51912,1.51936,1.07,1.12
2015.12.14 13:36:43.364,1.51912,1.51936,1.95,1.12
2015.12.14 13:36:43.618,1.51912,1.51936,1.17,1.12
2015.12.14 13:36:44.126,1.51912,1.51936,1.55,1.37
2015.12.14 13:36:44.482,1.51914,1.51936,1.20,1.37
2015.12.14 13:36:44.626,1.51916,1.51941,1.37,1.27
2015.12.14 13:36:44.783,1.51918,1.51943,1.95,1.20
2015.12.14 13:36:44.936,1.5192,1.51943,1.45,1.12
2015.12.14 13:36:45.546,1.51921,1.51946,1.27,1.20
2015.12.14 13:36:46.531,1.5192,1.51947,2.62,1.90
2015.12.14 13:36:47.479,1.5192,1.51947,2.25,1.90
2015.12.14 13:36:48.804,1.51919,1.51947,1.90,2.25
2015.12.14 13:36:49.109,1.51917,1.51942,1.07,1.45
2015.12.14 13:36:49.627,1.51922,1.51944,1.87,1.50
2015.12.14 13:36:49.678,1.51928,1.5195,1.27,1.37
2015.12.14 13:36:49.730,1.5193,1.51954,1.12,1.95
2015.12.14 13:36:49.833,1.51933,1.51956,1.45,1.00
2015.12.14 13:36:50.344,1.51934,1.51959,1.20,1.20
2015.12.14 13:36:50.864,1.51933,1.51959,1.95,2.32
2015.12.14 13:36:51.322,1.51934,1.51963,1.27,1.87
2015.12.14 13:36:51.949,1.51936,1.51964,1.65,1.95
2015.12.14 13:36:52.052,1.51938,1.51964,1.50,1.27
2015.12.14 13:36:52.828,1.51939,1.51967,2.25,2.25
2015.12.14 13:36:52.931,1.51945,1.51968,1.07,1.75
2015.12.14 13:36:52.983,1.51945,1.51971,1.15,3.00
2015.12.14 13:36:53.085,1.51947,1.51971,1.95,1.37
2015.12.14 13:36:53.938,1.51949,1.51975,1.37,2.70
2015.12.14 13:36:54.091,1.51946,1.51971,1.45,1.00
2015.12.14 13:36:54.449,1.51944,1.5197,1.65,2.32
2015.12.14 13:36:55.262,1.51944,1.51971,1.45,2.77
2015.12.14 13:36:55.486,1.51942,1.5197,2.62,1.90
2015.12.14 13:36:55.589,1.51942,1.51966,1.87,1.00
2015.12.14 13:36:56.098,1.51944,1.51968,1.52,1.12
2015.12.14 13:36:56.407,1.51951,1.51978,2.25,1.95
2015.12.14 13:36:56.509,1.51951,1.51978,3.00,1.57
2015.12.14 13:36:56.560,1.51951,1.51975,2.62,1.10
2015.12.14 13:36:56.723,1.51948,1.51973,1.57,1.12
2015.12.14 13:36:57.030,1.51947,1.51973,1.20,2.32
2015.12.14 13:36:57.336,1.51943,1.51965,1.20,1.00
2015.12.14 13:36:57.388,1.51941,1.51962,2.25,1.00
2015.12.14 13:36:57.908,1.5194,1.51962,1.87,1.00
2015.12.14 13:36:58.264,1.51939,1.51962,1.17,1.00
2015.12.14 13:37:00.307,1.51939,1.51962,1.87,1.00
2015.12.14 13:37:01.571,1.51939,1.51959,1.50,1.00
2015.12.14 13:37:01.673,1.51937,1.51959,1.20,1.00
2015.12.14 13:37:01.878,1.51936,1.51957,1.20,1.00
2015.12.14 13:37:02.387,1.51934,1.51957,1.50,1.12
2015.12.14 13:37:02.706,1.51927,1.51946,1.37,1.00
2015.12.14 13:37:02.758,1.51924,1.51944,1.37,1.00
2015.12.14 13:37:02.810,1.51924,1.51942,1.37,1.00
2015.12.14 13:37:02.862,1.5192,1.51942,1.95,1.00
2015.12.14 13:37:03.067,1.51922,1.51943,1.12,1.37
2015.12.14 13:37:03.525,1.51924,1.51946,1.45,1.12
2015.12.14 13:37:04.250,1.51924,1.51947,1.45,1.37
2015.12.14 13:37:04.301,1.51924,1.51947,1.45,1.37
2015.12.14 13:37:04.504,1.51924,1.51947,1.45,1.37
2015.12.14 13:37:05.698,1.5193,1.51949,1.00,1.12
2015.12.14 13:37:05.800,1.51932,1.51953,1.12,1.50
2015.12.14 13:37:05.851,1.51934,1.51954,1.65,1.00
2015.12.14 13:37:05.902,1.51935,1.51959,1.50,1.20
2015.12.14 13:37:06.619,1.51936,1.51961,1.20,1.37
2015.12.14 13:37:08.008,1.51936,1.51961,1.20,1.37
2015.12.14 13:37:08.212,1.51935,1.51958,1.27,1.37
2015.12.14 13:37:08.365,1.51931,1.51957,1.20,1.57
2015.12.14 13:37:08.417,1.5193,1.51957,2.32,1.57
2015.12.14 13:37:08.570,1.51935,1.51958,1.07,1.50
2015.12.14 13:37:09.408,1.51934,1.51959,1.57,1.00
2015.12.14 13:37:10.446,1.51935,1.51959,1.07,1.37
2015.12.14 13:37:10.886,1.51934,1.51959,1.65,1.47
2015.12.14 13:37:12.403,1.51934,1.51958,1.57,1.00
2015.12.14 13:37:12.733,1.51945,1.51966,1.12,1.75
2015.12.14 13:37:12.784,1.51947,1.51969,1.57,1.12
2015.12.14 13:37:12.836,1.51947,1.5197,1.82,1.12
2015.12.14 13:37:13.192,1.51948,1.51973,2.62,2.32
2015.12.14 13:37:13.822,1.51948,1.51971,1.45,1.00
2015.12.14 13:37:13.924,1.51947,1.51971,2.40,1.37
2015.12.14 13:37:14.928,1.51947,1.51971,1.95,1.45
2015.12.14 13:37:15.930,1.51947,1.51973,1.65,1.57
2015.12.14 13:37:16.475,1.51948,1.51974,1.87,2.02
2015.12.14 13:37:16.527,1.51948,1.51973,2.70,1.10
2015.12.14 13:37:19.768,1.5195,1.51974,1.45,1.45
2015.12.14 13:37:20.528,1.51952,1.51976,1.12,1.45
2015.12.14 13:37:20.580,1.51952,1.51977,1.50,1.37
2015.12.14 13:37:20.657,1.51954,1.51977,1.50,1.37
2015.12.14 13:37:20.811,1.51955,1.51981,1.57,1.92
2015.12.14 13:37:21.160,1.51955,1.51978,1.20,1.37
2015.12.14 13:37:21.314,1.5195,1.51974,1.57,1.12
2015.12.14 13:37:21.891,1.51951,1.51974,2.25,1.07
2015.12.14 13:37:21.993,1.51952,1.51976,1.57,1.10
2015.12.14 13:37:22.095,1.51954,1.51981,2.40,1.95
2015.12.14 13:37:22.400,1.51955,1.51981,1.20,1.20
2015.12.14 13:37:22.769,1.51954,1.51978,1.12,2.02
2015.12.14 13:37:22.871,1.51951,1.51976,1.00,1.87
2015.12.14 13:37:23.379,1.51951,1.51974,1.00,1.82
2015.12.14 13:37:23.888,1.51949,1.51974,1.50,1.82
2015.12.14 13:37:24.997,1.51949,1.51974,2.25,1.82
2015.12.14 13:37:25.515,1.51949,1.51975,1.57,1.20
2015.12.14 13:37:26.004,1.5195,1.51976,1.00,1.50
2015.12.14 13:37:26.310,1.51962,1.51977,1.00,1.50
2015.12.14 13:37:26.412,1.51971,1.51986,1.00,1.87
2015.12.14 13:37:26.514,1.51974,1.51993,1.00,1.00
2015.12.14 13:37:27.027,1.51974,1.51997,1.00,1.50
2015.12.14 13:37:27.179,1.51974,1.51997,1.37,1.50
2015.12.14 13:37:27.383,1.51973,1.51995,1.00,1.50
2015.12.14 13:37:27.485,1.51971,1.51993,1.00,1.95
2015.12.14 13:37:28.805,1.51968,1.5199,1.65,1.00
2015.12.14 13:37:29.009,1.51968,1.5199,1.50,1.75
2015.12.14 13:37:30.007,1.51967,1.51988,1.75,2.25
2015.12.14 13:37:30.314,1.51959,1.5198,1.50,1.12
2015.12.14 13:37:30.367,1.51959,1.5198,1.50,1.57
2015.12.14 13:37:30.674,1.51959,1.51975,1.37,1.47
2015.12.14 13:37:31.127,1.51954,1.51976,2.02,1.37
2015.12.14 13:37:31.230,1.51955,1.5198,1.95,2.02
2015.12.14 13:37:31.739,1.51958,1.5198,1.00,1.57
2015.12.14 13:37:32.287,1.51958,1.5198,1.87,1.47
2015.12.14 13:37:32.491,1.51958,1.5198,1.87,1.47
2015.12.14 13:37:33.236,1.51958,1.5198,1.12,1.47
2015.12.14 13:37:33.749,1.51956,1.5198,1.50,1.50
2015.12.14 13:37:34.257,1.51955,1.5198,1.65,2.70
2015.12.14 13:37:34.764,1.51955,1.5198,1.17,1.57
2015.12.14 13:37:35.293,1.51955,1.5198,1.17,2.70
2015.12.14 13:37:36.590,1.51955,1.51978,1.17,1.10
2015.12.14 13:37:37.102,1.51955,1.5198,1.17,2.70
2015.12.14 13:37:38.165,1.51958,1.51982,1.00,1.27
2015.12.14 13:37:38.216,1.51958,1.51982,1.00,1.27
2015.12.14 13:37:38.319,1.51961,1.51982,1.00,1.00
2015.12.14 13:37:38.626,1.5197,1.51993,1.00,2.02
2015.12.14 13:37:38.678,1.51968,1.51993,1.17,2.02
2015.12.14 13:37:39.033,1.51968,1.51993,1.20,1.20
2015.12.14 13:37:39.204,1.5197,1.51996,1.47,1.50
2015.12.14 13:37:39.256,1.51971,1.51997,1.57,1.27
2015.12.14 13:37:39.460,1.51974,1.51998,1.12,1.87
2015.12.14 13:37:39.766,1.51982,1.52001,1.00,1.37
2015.12.14 13:37:40.237,1.51978,1.52001,1.37,1.37
2015.12.14 13:37:40.550,1.51979,1.52003,1.00,1.50
2015.12.14 13:37:41.866,1.51979,1.52,1.00,1.00
2015.12.14 13:37:42.018,1.51975,1.51998,1.00,1.50
2015.12.14 13:37:42.069,1.51974,1.51998,1.37,1.87
2015.12.14 13:37:43.078,1.51973,1.51998,1.00,1.65
2015.12.14 13:37:43.231,1.51973,1.51999,1.37,1.75
2015.12.14 13:37:43.713,1.51972,1.51997,1.75,1.87
2015.12.14 13:37:43.866,1.51969,1.51995,1.87,1.87
2015.12.14 13:37:44.273,1.51969,1.51993,2.62,1.37
2015.12.14 13:37:45.852,1.51969,1.51991,2.25,1.37
2015.12.14 13:37:46.552,1.51968,1.51993,1.87,1.95
2015.12.14 13:37:46.654,1.51969,1.51994,1.20,1.95
2015.12.14 13:37:46.858,1.51969,1.51994,2.25,1.87
2015.12.14 13:37:47.532,1.5197,1.51995,1.20,1.20
2015.12.14 13:37:47.835,1.51976,1.51998,1.55,1.00
2015.12.14 13:37:48.141,1.51978,1.52001,1.57,1.37
2015.12.14 13:37:48.446,1.51979,1.52004,1.10,1.57
2015.12.14 13:37:48.498,1.51979,1.52004,1.20,1.45
2015.12.14 13:37:49.773,1.51978,1.52001,1.95,1.00
2015.12.14 13:37:49.824,1.51978,1.52001,1.20,1.20
2015.12.14 13:37:50.676,1.51978,1.52001,1.12,1.50
2015.12.14 13:37:51.133,1.51975,1.51998,1.12,1.57
2015.12.14 13:37:51.185,1.51972,1.51998,1.07,1.45
2015.12.14 13:37:51.237,1.51971,1.51998,1.57,1.87
2015.12.14 13:37:51.288,1.51971,1.51996,1.10,1.20
2015.12.14 13:37:51.616,1.51968,1.51991,1.00,1.12
2015.12.14 13:37:52.175,1.51968,1.51992,1.00,1.20
2015.12.14 13:37:52.913,1.51968,1.51992,1.20,1.47
2015.12.14 13:37:53.434,1.51968,1.51992,1.57,1.47
2015.12.14 13:37:53.739,1.51968,1.51992,1.20,1.47
2015.12.14 13:37:53.790,1.51968,1.51992,1.10,1.65
2015.12.14 13:37:53.993,1.51966,1.5199,1.87,1.20
2015.12.14 13:37:54.810,1.51966,1.5199,1.12,1.20
2015.12.14 13:37:55.926,1.51967,1.5199,1.50,1.20
2015.12.14 13:37:55.978,1.51967,1.51992,2.02,1.27
2015.12.14 13:37:56.182,1.51969,1.51994,1.00,2.25
2015.12.14 13:37:56.538,1.5197,1.51996,1.17,1.57
2015.12.14 13:37:56.690,1.5197,1.51996,1.27,1.57
2015.12.14 13:37:56.801,1.51969,1.51991,1.57,1.75
2015.12.14 13:37:57.106,1.5197,1.51991,3.37,1.00
2015.12.14 13:37:57.770,1.51974,1.51991,1.27,1.00
2015.12.14 13:37:57.983,1.51974,1.51991,1.20,1.00
2015.12.14 13:37:58.238,1.51974,1.51997,1.10,2.25
2015.12.14 13:37:58.597,1.51974,1.51998,1.07,3.07
2015.12.14 13:37:58.699,1.51977,1.51997,1.10,1.50
2015.12.14 13:37:59.011,1.51982,1.51998,1.37,1.50
2015.12.14 13:37:59.368,1.51981,1.52002,2.32,1.50
2015.12.14 13:37:59.419,1.51981,1.52006,2.32,3.75
2015.12.14 13:37:59.521,1.51984,1.52005,1.37,1.87
2015.12.14 13:37:59.827,1.51987,1.52006,1.20,1.87
2015.12.14 13:38:00.184,1.51991,1.52006,1.00,1.37
2015.12.14 13:38:00.286,1.51987,1.52009,1.57,3.00
2015.12.14 13:38:00.388,1.51989,1.52009,1.20,1.00
2015.12.14 13:38:01.309,1.51989,1.52011,1.20,2.25
2015.12.14 13:38:01.360,1.51989,1.52011,1.00,1.50
2015.12.14 13:38:01.463,1.51989,1.52013,1.87,1.45
2015.12.14 13:38:01.616,1.51993,1.52015,1.00,1.95
2015.12.14 13:38:02.145,1.51993,1.52018,1.17,3.82
2015.12.14 13:38:02.299,1.51993,1.52018,1.92,3.07
2015.12.14 13:38:02.606,1.52004,1.52025,1.12,1.37
2015.12.14 13:38:02.915,1.52002,1.52025,1.87,1.75
2015.12.14 13:38:02.967,1.52002,1.52025,1.50,1.75
2015.12.14 13:38:03.498,1.52001,1.52025,1.87,1.75
2015.12.14 13:38:04.007,1.52,1.52016,1.12,1.00
2015.12.14 13:38:04.059,1.52,1.52016,1.12,1.00
2015.12.14 13:38:04.111,1.51998,1.52023,1.10,2.32
2015.12.14 13:38:04.164,1.52,1.52022,1.00,2.02
2015.12.14 13:38:05.220,1.52,1.52023,1.00,2.40
2015.12.14 13:38:05.531,1.52002,1.52024,1.00,1.20
2015.12.14 13:38:05.778,1.52003,1.52026,1.00,1.50
2015.12.14 13:38:05.832,1.52002,1.52026,1.37,1.50
2015.12.14 13:38:06.137,1.52002,1.52023,1.75,1.12
2015.12.14 13:38:06.645,1.52,1.5202,1.75,1.12
2015.12.14 13:38:06.697,1.52,1.5202,1.37,1.12
2015.12.14 13:38:06.748,1.51998,1.5202,1.37,1.82
2015.12.14 13:38:07.262,1.51999,1.5202,1.50,1.65
2015.12.14 13:38:07.314,1.51999,1.52022,1.50,2.02
2015.12.14 13:38:07.823,1.52,1.52022,1.10,1.87
2015.12.14 13:38:08.166,1.52002,1.52024,1.12,1.17
2015.12.14 13:38:08.473,1.52,1.52024,1.10,1.55
2015.12.14 13:38:08.934,1.51998,1.52021,1.37,1.12
2015.12.14 13:38:09.087,1.51994,1.5202,1.65,1.20
2015.12.14 13:38:09.192,1.51994,1.52019,1.50,1.20
2015.12.14 13:38:10.543,1.51994,1.52017,1.00,1.95
2015.12.14 13:38:10.797,1.51995,1.5202,1.12,1.50
2015.12.14 13:38:10.950,1.51995,1.52018,1.12,1.87
2015.12.14 13:38:11.255,1.51984,1.52007,1.00,2.02
2015.12.14 13:38:11.459,1.51979,1.52004,4.50,1.20
2015.12.14 13:38:11.510,1.51979,1.52002,1.57,1.37
2015.12.14 13:38:11.680,1.51979,1.52002,1.12,1.37
2015.12.14 13:38:12.035,1.51978,1.51996,1.00,1.50
2015.12.14 13:38:12.137,1.51978,1.52,1.00,1.95
2015.12.14 13:38:12.645,1.51975,1.51998,2.32,1.37
2015.12.14 13:38:12.841,1.51975,1.51998,1.00,1.37
2015.12.14 13:38:13.247,1.51975,1.51997,1.00,1.37
2015.12.14 13:38:14.268,1.51975,1.51998,1.00,2.77
2015.12.14 13:38:15.104,1.51972,1.51998,1.20,1.90
2015.12.14 13:38:15.612,1.51971,1.51993,2.02,1.37
2015.12.14 13:38:15.715,1.51969,1.51992,3.75,1.50
2015.12.14 13:38:15.886,1.51969,1.5199,1.57,1.37
2015.12.14 13:38:15.938,1.51968,1.51987,1.50,1.37
2015.12.14 13:38:16.192,1.51964,1.51984,1.37,1.37
2015.12.14 13:38:16.244,1.51962,1.51984,1.17,1.37
2015.12.14 13:38:16.751,1.51963,1.51984,1.95,1.00
2015.12.14 13:38:17.918,1.51962,1.51984,2.40,1.00
2015.12.14 13:38:18.071,1.51962,1.51981,1.95,1.00
2015.12.14 13:38:19.051,1.51962,1.51984,1.12,1.00
2015.12.14 13:38:19.204,1.51962,1.51984,1.57,1.00
2015.12.14 13:38:19.959,1.51963,1.51984,1.45,1.50
2015.12.14 13:38:20.162,1.51963,1.51986,1.82,1.00
2015.12.14 13:38:20.535,1.51963,1.51988,1.82,1.87
2015.12.14 13:38:20.586,1.51963,1.51985,1.82,1.00
2015.12.14 13:38:21.069,1.51964,1.51986,1.87,1.00
2015.12.14 13:38:21.477,1.51964,1.51984,2.25,1.00
2015.12.14 13:38:21.832,1.51964,1.51987,2.62,1.87
2015.12.14 13:38:22.036,1.51968,1.51987,1.47,1.50
2015.12.14 13:38:22.348,1.51972,1.51987,1.37,1.12
2015.12.14 13:38:22.855,1.51972,1.51986,1.37,1.12
2015.12.14 13:38:23.251,1.51968,1.51985,1.37,1.00
2015.12.14 13:38:23.964,1.51969,1.51985,1.37,1.12
2015.12.14 13:38:24.067,1.51968,1.51985,1.37,1.12
2015.12.14 13:38:24.270,1.51966,1.51983,1.37,2.25
2015.12.14 13:38:24.372,1.51964,1.51983,1.37,2.25
2015.12.14 13:38:24.474,1.51961,1.51983,1.47,2.25
2015.12.14 13:38:25.280,1.51961,1.5198,1.47,1.37
2015.12.14 13:38:25.586,1.51958,1.51979,1.37,1.50
2015.12.14 13:38:25.637,1.51957,1.51973,1.57,1.00
2015.12.14 13:38:25.945,1.5196,1.51973,1.47,1.00
2015.12.14 13:38:26.636,1.5196,1.51973,1.50,1.00
2015.12.14 13:38:26.941,1.51958,1.51973,2.62,1.00
2015.12.14 13:38:27.043,1.51958,1.51977,2.62,1.00
2015.12.14 13:38:27.815,1.51958,1.5198,2.62,1.12
2015.12.14 13:38:28.538,1.51959,1.5198,2.62,1.00
2015.12.14 13:38:28.844,1.51962,1.51982,1.45,1.12
2015.12.14 13:38:30.080,1.51963,1.51983,1.15,1.50
2015.12.14 13:38:30.449,1.51964,1.51983,1.87,1.12
2015.12.14 13:38:31.127,1.51964,1.51982,1.57,1.00
2015.12.14 13:38:31.383,1.5196,1.5198,1.87,1.12
2015.12.14 13:38:32.198,1.51961,1.5198,1.52,1.50
2015.12.14 13:38:33.065,1.5196,1.5198,1.52,1.50
2015.12.14 13:38:34.847,1.51959,1.51976,1.87,1.00
2015.12.14 13:38:35.298,1.51965,1.51982,1.37,1.50
2015.12.14 13:38:35.350,1.51966,1.51984,1.12,1.37
2015.12.14 13:38:35.401,1.51966,1.51986,3.07,1.00
2015.12.14 13:38:35.554,1.51969,1.51988,1.00,1.50
2015.12.14 13:38:35.607,1.51969,1.51985,1.00,1.00
2015.12.14 13:38:35.915,1.51959,1.51979,1.75,1.00
2015.12.14 13:38:36.323,1.51957,1.51976,1.37,1.00
2015.12.14 13:38:36.476,1.51956,1.51975,1.10,1.00
2015.12.14 13:38:37.243,1.51955,1.51975,3.00,1.00
2015.12.14 13:38:39.385,1.51955,1.51978,2.62,1.00
2015.12.14 13:38:41.305,1.51958,1.51978,1.52,1.00
2015.12.14 13:38:41.406,1.51957,1.51976,1.87,1.00
2015.12.14 13:38:42.807,1.51957,1.51973,1.57,1.00
2015.12.14 13:38:43.819,1.51957,1.5197,1.55,1.00
2015.12.14 13:38:43.974,1.51942,1.51964,1.57,1.12
2015.12.14 13:38:44.025,1.51942,1.51962,1.10,1.00
2015.12.14 13:38:44.127,1.51939,1.5196,1.54,1.00
2015.12.14 13:38:44.179,1.51939,1.51963,1.84,1.52
2015.12.14 13:38:44.230,1.51939,1.51964,1.87,2.25
2015.12.14 13:38:44.352,1.51942,1.51964,1.20,1.00
2015.12.14 13:38:44.606,1.51945,1.51958,1.10,1.00
2015.12.14 13:38:44.709,1.5194,1.51958,1.57,1.00
2015.12.14 13:38:44.813,1.5194,1.5196,1.57,1.12
2015.12.14 13:38:45.171,1.51944,1.51963,1.12,1.00
2015.12.14 13:38:45.344,1.51944,1.51963,2.32,1.00
2015.12.14 13:38:46.861,1.51944,1.51964,1.57,1.00
2015.12.14 13:38:46.963,1.51944,1.51966,1.57,1.12
2015.12.14 13:38:47.496,1.51947,1.51969,1.00,2.32
2015.12.14 13:38:49.000,1.5195,1.51969,1.00,1.75
2015.12.14 13:38:49.153,1.51947,1.51969,1.20,1.50
2015.12.14 13:38:49.204,1.51948,1.51969,1.37,1.50
2015.12.14 13:38:50.196,1.51949,1.51973,2.02,3.37
2015.12.14 13:38:50.298,1.51952,1.51973,1.37,3.00
2015.12.14 13:38:50.653,1.51955,1.51972,1.00,2.25
2015.12.14 13:38:50.958,1.51955,1.51972,1.95,2.25
2015.12.14 13:38:51.290,1.51957,1.51966,1.00,1.00
2015.12.14 13:38:51.392,1.51956,1.51971,1.27,1.00
2015.12.14 13:38:51.913,1.51956,1.51971,1.57,1.00
2015.12.14 13:38:52.053,1.51956,1.51974,1.57,1.00
2015.12.14 13:38:52.207,1.51959,1.51975,1.37,1.00
2015.12.14 13:38:52.258,1.5196,1.51978,1.37,1.00
2015.12.14 13:38:52.375,1.51962,1.51982,1.00,1.12
2015.12.14 13:38:53.203,1.5196,1.51982,1.00,1.87
2015.12.14 13:38:53.580,1.5196,1.51978,1.00,1.00
2015.12.14 13:38:53.986,1.51957,1.51976,1.95,1.00
2015.12.14 13:38:54.259,1.51958,1.51976,1.00,1.12
2015.12.14 13:38:54.411,1.51952,1.51976,3.37,1.50
2015.12.14 13:38:54.462,1.51952,1.51976,2.62,2.25
2015.12.14 13:38:54.616,1.51952,1.51975,2.62,1.75
2015.12.14 13:38:55.128,1.51955,1.51975,1.37,1.37
2015.12.14 13:38:55.638,1.51955,1.51976,1.55,1.12
2015.12.14 13:38:56.154,1.51955,1.51976,2.40,1.00
2015.12.14 13:38:56.846,1.51955,1.51976,1.55,1.37
2015.12.14 13:38:57.310,1.51954,1.51973,1.20,1.00
2015.12.14 13:38:57.613,1.51953,1.51971,2.62,1.00
2015.12.14 13:38:58.654,1.51961,1.51971,1.00,1.00
2015.12.14 13:38:58.706,1.51961,1.51977,1.00,2.25
2015.12.14 13:38:58.757,1.5196,1.51977,1.75,1.00
2015.12.14 13:38:58.896,1.51965,1.51984,1.20,1.12
2015.12.14 13:38:58.999,1.51965,1.51987,1.20,1.00
2015.12.14 13:38:59.052,1.51967,1.51989,1.45,1.00
2015.12.14 13:38:59.103,1.51967,1.51987,1.87,1.00
2015.12.14 13:38:59.357,1.51966,1.51986,1.57,1.00
2015.12.14 13:38:59.712,1.51964,1.51986,1.07,1.50
2015.12.14 13:39:00.088,1.51964,1.51982,1.57,1.00
2015.12.14 13:39:00.242,1.51962,1.51981,1.57,1.00
2015.12.14 13:39:00.446,1.51959,1.51973,2.25,1.00
2015.12.14 13:39:00.498,1.51959,1.51976,2.25,1.00
2015.12.14 13:39:00.549,1.51958,1.51976,1.37,1.00
2015.12.14 13:39:00.600,1.51958,1.5197,1.37,1.00
2015.12.14 13:39:00.652,1.51953,1.51968,2.25,1.00
2015.12.14 13:39:00.751,1.51951,1.51968,1.20,1.00
2015.12.14 13:39:01.159,1.51948,1.51964,1.57,1.00
2015.12.14 13:39:01.211,1.51946,1.51964,1.07,1.12
2015.12.14 13:39:01.312,1.51945,1.51964,1.65,1.12
2015.12.14 13:39:01.465,1.51942,1.51961,1.12,1.00
2015.12.14 13:39:02.528,1.51939,1.51959,1.95,1.00
2015.12.14 13:39:03.059,1.51938,1.51959,2.70,1.50
2015.12.14 13:39:03.161,1.51939,1.51959,1.95,1.00
2015.12.14 13:39:03.212,1.51942,1.51963,1.00,1.37
2015.12.14 13:39:03.263,1.51942,1.51963,1.12,1.37
2015.12.14 13:39:03.804,1.51942,1.51961,1.87,1.00
2015.12.14 13:39:04.057,1.51942,1.51961,1.00,1.00
2015.12.14 13:39:04.694,1.51942,1.51958,1.00,1.00
2015.12.14 13:39:05.927,1.51942,1.51954,1.00,1.00
2015.12.14 13:39:06.080,1.51935,1.51952,1.75,1.37
2015.12.14 13:39:06.183,1.51935,1.5195,1.00,1.12
2015.12.14 13:39:06.234,1.51931,1.5195,1.10,1.12
2015.12.14 13:39:06.387,1.51931,1.51947,1.50,1.00
2015.12.14 13:39:06.590,1.51931,1.51951,1.00,1.87
2015.12.14 13:39:06.643,1.51934,1.51951,1.00,1.00
2015.12.14 13:39:06.959,1.51952,1.51971,1.95,1.00
2015.12.14 13:39:07.063,1.51953,1.51973,1.45,1.50
2015.12.14 13:39:07.114,1.51953,1.51967,1.45,1.00
2015.12.14 13:39:07.165,1.51951,1.51967,1.57,1.00
2015.12.14 13:39:07.268,1.5195,1.51967,1.00,1.50
2015.12.14 13:39:07.472,1.51947,1.51966,1.52,1.00
2015.12.14 13:39:07.574,1.51946,1.51964,1.57,1.00
2015.12.14 13:39:07.626,1.51946,1.51966,1.20,1.50
2015.12.14 13:39:07.771,1.51946,1.51966,1.10,1.50
2015.12.14 13:39:09.417,1.51947,1.51966,1.00,1.12
2015.12.14 13:39:09.995,1.51947,1.51966,1.07,1.87
2015.12.14 13:39:10.789,1.51946,1.51965,1.20,1.00
2015.12.14 13:39:10.993,1.51945,1.51965,1.27,1.00
2015.12.14 13:39:11.096,1.51946,1.51963,1.00,1.00
2015.12.14 13:39:11.553,1.51945,1.51965,1.50,1.00
2015.12.14 13:39:14.215,1.51945,1.51964,1.45,1.00
2015.12.14 13:39:14.724,1.51945,1.51963,1.45,1.00
2015.12.14 13:39:14.986,1.51945,1.51965,1.45,1.00
2015.12.14 13:39:15.189,1.51948,1.51961,1.07,1.00
2015.12.14 13:39:15.494,1.5189,1.519,1.00,1.00
2015.12.14 13:39:15.546,1.51885,1.51899,1.75,1.00
2015.12.14 13:39:15.597,1.51883,1.51894,1.75,1.00
2015.12.14 13:39:15.699,1.51883,1.51892,1.00,1.00
2015.12.14 13:39:15.814,1.51873,1.51884,1.00,1.00
2015.12.14 13:39:15.916,1.51862,1.51883,1.50,1.00
2015.12.14 13:39:15.968,1.5186,1.51879,1.37,1.00
2015.12.14 13:39:16.019,1.5186,1.51881,1.37,1.00
2015.12.14 13:39:16.070,1.51859,1.51876,1.47,1.00
2015.12.14 13:39:16.122,1.51859,1.51878,1.47,1.00
2015.12.14 13:39:16.174,1.51859,1.51875,1.45,1.00
2015.12.14 13:39:16.276,1.51857,1.51875,1.57,1.00
2015.12.14 13:39:16.328,1.51857,1.51872,1.57,1.00
2015.12.14 13:39:16.546,1.51856,1.51875,1.52,1.00
2015.12.14 13:39:16.700,1.51855,1.51872,2.25,1.00
2015.12.14 13:39:16.853,1.51856,1.51875,1.52,1.00
2015.12.14 13:39:17.260,1.51855,1.51872,2.25,1.00
2015.12.14 13:39:17.592,1.51847,1.51856,1.12,1.00
2015.12.14 13:39:17.694,1.51833,1.51851,1.12,1.00
2015.12.14 13:39:17.746,1.5183,1.51848,1.07,1.00
2015.12.14 13:39:17.798,1.51828,1.51848,1.65,1.00
2015.12.14 13:39:17.850,1.51826,1.51836,1.82,1.00
2015.12.14 13:39:17.984,1.51823,1.51829,1.00,1.00
2015.12.14 13:39:18.038,1.5182,1.51825,1.12,1.00
2015.12.14 13:39:18.090,1.51805,1.51814,1.50,1.00
2015.12.14 13:39:18.141,1.51805,1.51813,1.50,1.00
2015.12.14 13:39:18.192,1.51796,1.51802,1.00,1.00
2015.12.14 13:39:18.244,1.51792,1.51799,1.37,1.00
2015.12.14 13:39:18.348,1.51783,1.51802,1.75,1.37
2015.12.14 13:39:18.454,1.51784,1.51797,1.12,1.00
2015.12.14 13:39:18.506,1.51777,1.51794,2.25,1.00
2015.12.14 13:39:18.558,1.51778,1.51791,1.57,1.12
2015.12.14 13:39:18.711,1.5177,1.51792,1.87,1.12
2015.12.14 13:39:18.763,1.51772,1.51789,1.57,1.37
2015.12.14 13:39:18.866,1.51767,1.51785,1.55,1.12
2015.12.14 13:39:18.918,1.51767,1.51784,2.25,1.00
2015.12.14 13:39:19.249,1.51764,1.51779,2.25,1.00
2015.12.14 13:39:19.404,1.51764,1.51786,2.25,1.00
2015.12.14 13:39:19.455,1.51765,1.51789,1.20,1.37
2015.12.14 13:39:19.760,1.51772,1.51781,1.75,1.00
2015.12.14 13:39:19.812,1.51768,1.51781,1.55,1.00
2015.12.14 13:39:19.914,1.51767,1.51779,1.37,1.00
2015.12.14 13:39:19.965,1.51763,1.51779,1.57,1.00
2015.12.14 13:39:20.273,1.51761,1.5178,2.32,1.00
2015.12.14 13:39:20.426,1.51765,1.51787,1.00,1.00
2015.12.14 13:39:20.478,1.51771,1.51787,1.00,1.00
2015.12.14 13:39:20.785,1.51811,1.51819,1.12,2.92
2015.12.14 13:39:20.837,1.51812,1.51819,1.12,1.00
2015.12.14 13:39:20.962,1.5182,1.51836,1.12,1.87
2015.12.14 13:39:21.014,1.51824,1.51837,1.75,1.37
2015.12.14 13:39:21.065,1.51824,1.5184,1.75,1.50
2015.12.14 13:39:21.117,1.51833,1.51845,1.75,1.87
2015.12.14 13:39:21.168,1.51833,1.51845,1.75,1.00
2015.12.14 13:39:21.270,1.5183,1.51842,1.50,1.00
2015.12.14 13:39:21.372,1.51828,1.51843,1.47,1.00
2015.12.14 13:39:21.424,1.51828,1.5184,1.37,1.00
2015.12.14 13:39:21.475,1.51823,1.5184,1.45,1.00
2015.12.14 13:39:21.577,1.51822,1.5184,1.00,1.00
2015.12.14 13:39:21.679,1.51815,1.51836,1.50,1.00
2015.12.14 13:39:21.791,1.51815,1.51833,1.20,1.00
2015.12.14 13:39:22.097,1.51797,1.51809,1.12,1.00
2015.12.14 13:39:22.148,1.51795,1.51809,1.37,1.00
2015.12.14 13:39:22.200,1.51793,1.51809,1.00,1.00
2015.12.14 13:39:22.251,1.51794,1.51806,1.00,1.00
2015.12.14 13:39:22.302,1.51784,1.51806,1.50,1.00
2015.12.14 13:39:22.353,1.51783,1.51806,1.82,1.00
2015.12.14 13:39:22.405,1.51786,1.51806,1.37,1.00
2015.12.14 13:39:22.721,1.51781,1.51796,1.37,1.00
2015.12.14 13:39:23.026,1.51778,1.51796,1.50,1.37
2015.12.14 13:39:23.078,1.51778,1.51792,1.50,1.00
2015.12.14 13:39:23.282,1.51767,1.51785,1.00,1.57
2015.12.14 13:39:23.333,1.51773,1.51785,1.00,1.37
2015.12.14 13:39:23.385,1.51773,1.51788,1.00,1.00
2015.12.14 13:39:23.495,1.51775,1.51788,1.00,1.00
2015.12.14 13:39:23.547,1.51764,1.51787,1.50,1.00
2015.12.14 13:39:23.650,1.51768,1.51786,1.20,1.00
2015.12.14 13:39:23.805,1.51765,1.51784,1.00,1.00
2015.12.14 13:39:23.856,1.51765,1.51786,1.00,1.00
2015.12.14 13:39:23.908,1.51771,1.51791,1.00,1.15
2015.12.14 13:39:24.265,1.51772,1.51792,1.00,1.00
2015.12.14 13:39:24.735,1.51772,1.51786,1.00,1.00
2015.12.14 13:39:24.837,1.51764,1.51784,1.20,1.00
2015.12.14 13:39:24.889,1.51762,1.51784,1.07,1.12
2015.12.14 13:39:24.992,1.5176,1.51784,1.55,1.00
2015.12.14 13:39:25.043,1.51759,1.51781,1.57,1.00
2015.12.14 13:39:25.349,1.51757,1.51776,1.50,1.00
2015.12.14 13:39:25.400,1.51757,1.51778,1.50,1.00
2015.12.14 13:39:25.528,1.51754,1.51777,1.20,1.00
2015.12.14 13:39:25.681,1.51754,1.51775,1.20,1.00
2015.12.14 13:39:25.783,1.51754,1.51778,1.27,1.00
2015.12.14 13:39:26.088,1.51768,1.51779,1.37,1.00
2015.12.14 13:39:26.139,1.51768,1.51785,1.37,1.00
2015.12.14 13:39:26.190,1.5177,1.51787,1.12,1.00
2015.12.14 13:39:26.242,1.5177,1.5179,1.12,1.00
2015.12.14 13:39:26.294,1.51778,1.51791,1.37,1.00
2015.12.14 13:39:26.398,1.51778,1.51793,1.47,1.00
2015.12.14 13:39:26.602,1.51781,1.51796,1.37,1.50
2015.12.14 13:39:26.907,1.51785,1.51798,1.37,1.00
2015.12.14 13:39:27.575,1.51785,1.51796,1.37,1.00
2015.12.14 13:39:27.836,1.5178,1.51792,1.37,1.00
2015.12.14 13:39:27.938,1.51779,1.5179,1.37,1.00
2015.12.14 13:39:27.989,1.51778,1.51794,1.37,1.00
2015.12.14 13:39:28.040,1.51778,1.51796,1.87,1.00
2015.12.14 13:39:28.092,1.51778,1.51799,1.75,1.00
2015.12.14 13:39:28.143,1.51779,1.51802,1.12,1.00
2015.12.14 13:39:28.502,1.51776,1.51794,1.87,1.00
2015.12.14 13:39:28.554,1.51776,1.51797,2.62,1.00
2015.12.14 13:39:28.707,1.51779,1.51794,1.87,1.37
2015.12.14 13:39:28.810,1.51776,1.51791,1.37,1.00
2015.12.14 13:39:28.913,1.51773,1.5179,1.47,1.37
2015.12.14 13:39:29.117,1.51773,1.51793,1.57,1.12
2015.12.14 13:39:29.461,1.51774,1.5179,1.00,1.37
2015.12.14 13:39:29.770,1.5177,1.51779,1.07,1.00
2015.12.14 13:39:29.821,1.51765,1.51777,1.37,1.00
2015.12.14 13:39:29.873,1.51765,1.5178,1.37,1.30
2015.12.14 13:39:29.925,1.51761,1.5178,1.50,1.30
2015.12.14 13:39:30.129,1.51763,1.51783,1.52,1.00
2015.12.14 13:39:30.231,1.51765,1.51787,1.00,1.00
2015.12.14 13:39:30.411,1.51765,1.5179,1.12,1.15
2015.12.14 13:39:30.718,1.51769,1.51791,1.55,1.00
2015.12.14 13:39:31.025,1.51769,1.51784,1.55,1.00
2015.12.14 13:39:31.230,1.51761,1.51778,1.00,1.00
2015.12.14 13:39:31.328,1.51756,1.51778,1.00,1.00
2015.12.14 13:39:31.381,1.51755,1.51781,2.77,1.12
2015.12.14 13:39:31.432,1.51758,1.51781,1.12,1.00
2015.12.14 13:39:31.738,1.51761,1.51779,1.00,1.00
2015.12.14 13:39:31.841,1.51758,1.5178,1.87,1.00
2015.12.14 13:39:31.943,1.51758,1.5178,1.87,1.00
2015.12.14 13:39:32.045,1.51755,1.5178,1.82,1.00
2015.12.14 13:39:32.197,1.51758,1.5178,1.75,1.00
2015.12.14 13:39:32.341,1.51761,1.51782,1.12,1.00
2015.12.14 13:39:32.392,1.51761,1.51774,1.12,1.00
2015.12.14 13:39:32.545,1.51753,1.51767,1.00,1.00
2015.12.14 13:39:32.647,1.51749,1.51767,1.45,1.00
2015.12.14 13:39:32.800,1.51746,1.51767,1.95,1.00
2015.12.14 13:39:33.107,1.51748,1.51767,1.50,1.00
2015.12.14 13:39:33.363,1.51754,1.51778,1.07,1.00
2015.12.14 13:39:33.516,1.51756,1.51778,1.95,1.00
2015.12.14 13:39:33.823,1.51756,1.51778,1.20,1.00
2015.12.14 13:39:33.875,1.51756,1.51773,1.20,1.00
2015.12.14 13:39:34.028,1.51752,1.5177,2.70,1.00
2015.12.14 13:39:34.342,1.5175,1.5177,1.07,1.00
2015.12.14 13:39:34.445,1.51751,1.51771,1.12,1.00
2015.12.14 13:39:34.902,1.5175,1.51771,1.57,1.00
2015.12.14 13:39:35.308,1.51748,1.51771,1.57,1.00
2015.12.14 13:39:35.681,1.51756,1.5177,1.37,1.00
2015.12.14 13:39:35.936,1.51771,1.51788,1.12,1.00
2015.12.14 13:39:36.038,1.51773,1.51794,1.20,1.75
2015.12.14 13:39:36.141,1.51772,1.51794,1.95,1.87
2015.12.14 13:39:36.193,1.51772,1.51794,1.20,1.37
2015.12.14 13:39:36.774,1.51773,1.51794,1.00,1.37
2015.12.14 13:39:36.978,1.51779,1.51795,1.00,1.12
2015.12.14 13:39:37.029,1.51779,1.51796,1.00,1.37
2015.12.14 13:39:37.182,1.51776,1.51796,1.00,1.37
2015.12.14 13:39:37.546,1.51776,1.51802,1.27,1.47
2015.12.14 13:39:37.648,1.51776,1.51802,1.92,1.10
2015.12.14 13:39:37.903,1.51788,1.51805,1.00,1.57
2015.12.14 13:39:38.056,1.51794,1.51814,1.12,1.10
2015.12.14 13:39:38.158,1.51795,1.51818,1.00,1.45
2015.12.14 13:39:38.326,1.51795,1.51821,1.00,1.37
2015.12.14 13:39:38.377,1.51798,1.51821,1.00,1.37
2015.12.14 13:39:38.428,1.51798,1.51823,1.37,2.02
2015.12.14 13:39:38.939,1.518,1.51823,1.00,1.15
2015.12.14 13:39:39.146,1.51795,1.5182,1.57,1.50
2015.12.14 13:39:39.249,1.5179,1.51816,1.12,1.50
2015.12.14 13:39:39.367,1.51788,1.51814,2.25,1.50
2015.12.14 13:39:39.774,1.51792,1.51814,1.00,1.57
2015.12.14 13:39:40.080,1.51796,1.51812,1.92,1.00
2015.12.14 13:39:40.182,1.51795,1.5181,1.47,1.00
2015.12.14 13:39:40.233,1.51792,1.51808,1.12,1.00
2015.12.14 13:39:40.507,1.51779,1.51797,1.45,1.00
2015.12.14 13:39:40.711,1.51777,1.51794,1.85,1.00
2015.12.14 13:39:40.864,1.51775,1.51794,1.00,1.00
2015.12.14 13:39:41.119,1.51776,1.51794,1.50,1.00
2015.12.14 13:39:41.314,1.51777,1.51796,1.82,1.00
2015.12.14 13:39:42.366,1.51777,1.51798,1.45,1.00
2015.12.14 13:39:42.519,1.51779,1.51802,1.90,1.50
2015.12.14 13:39:42.570,1.51783,1.51804,1.45,1.12
2015.12.14 13:39:42.878,1.51785,1.51802,1.37,1.00
2015.12.14 13:39:42.930,1.51784,1.51801,1.00,1.00
2015.12.14 13:39:43.083,1.51781,1.51801,2.25,1.00
2015.12.14 13:39:43.185,1.51784,1.51803,1.00,1.37
2015.12.14 13:39:43.509,1.51785,1.51804,1.75,1.37
2015.12.14 13:39:43.561,1.51784,1.51806,1.87,1.87
2015.12.14 13:39:43.816,1.51784,1.51801,1.87,1.00
2015.12.14 13:39:43.969,1.51779,1.51795,1.50,1.00
2015.12.14 13:39:44.020,1.51779,1.51794,1.50,1.87
2015.12.14 13:39:44.072,1.51771,1.51792,1.75,1.12
2015.12.14 13:39:44.123,1.51771,1.51789,1.75,1.37
2015.12.14 13:39:44.232,1.51767,1.51789,1.12,1.37
2015.12.14 13:39:44.335,1.51766,1.51789,1.50,1.37
2015.12.14 13:39:44.641,1.51774,1.51789,1.00,1.37
2015.12.14 13:39:44.743,1.51768,1.51787,1.12,1.37
2015.12.14 13:39:44.948,1.51775,1.51787,1.00,1.37
2015.12.14 13:39:45.265,1.51778,1.51786,1.00,1.37
2015.12.14 13:39:45.317,1.51772,1.51788,1.00,1.37
2015.12.14 13:39:45.823,1.51772,1.51789,1.12,1.37
2015.12.14 13:39:46.079,1.51769,1.51789,1.00,1.37
2015.12.14 13:39:46.385,1.51771,1.51789,1.00,1.37
2015.12.14 13:39:46.691,1.51773,1.51789,1.00,1.37
2015.12.14 13:39:46.844,1.51769,1.5179,1.50,1.37
2015.12.14 13:39:47.047,1.51771,1.5179,1.00,1.37
2015.12.14 13:39:47.463,1.51769,1.51783,1.00,1.00
2015.12.14 13:39:47.565,1.51766,1.51783,1.12,1.00
2015.12.14 13:39:47.667,1.51766,1.51785,1.12,1.00
2015.12.14 13:39:47.769,1.51764,1.51782,2.62,1.00
2015.12.14 13:39:47.871,1.51763,1.51782,1.50,1.00
2015.12.14 13:39:47.973,1.51766,1.51782,1.00,1.37
2015.12.14 13:39:48.077,1.51764,1.5178,1.00,1.00
2015.12.14 13:39:48.128,1.51764,1.51778,1.00,1.00
2015.12.14 13:39:48.448,1.5176,1.51781,2.25,1.37
2015.12.14 13:39:48.503,1.51765,1.51781,1.00,1.37
2015.12.14 13:39:48.555,1.51765,1.51784,1.00,1.37
2015.12.14 13:39:48.658,1.51766,1.51786,1.37,1.37
2015.12.14 13:39:48.760,1.51772,1.51787,1.00,1.00
2015.12.14 13:39:49.268,1.51772,1.51786,1.00,1.00
2015.12.14 13:39:49.370,1.51767,1.51785,1.00,1.00
2015.12.14 13:39:49.872,1.51764,1.51785,2.62,1.00
2015.12.14 13:39:50.177,1.51769,1.51786,1.00,1.00
2015.12.14 13:39:50.280,1.51767,1.51786,1.00,1.00
2015.12.14 13:39:50.332,1.51767,1.5178,1.00,1.00
2015.12.14 13:39:50.549,1.5176,1.51782,1.12,1.00
2015.12.14 13:39:50.601,1.5176,1.51779,1.50,1.00
2015.12.14 13:39:50.653,1.5176,1.51777,1.50,1.00
2015.12.14 13:39:50.857,1.51757,1.51777,1.00,1.00
2015.12.14 13:39:51.182,1.5176,1.51777,1.00,1.00
2015.12.14 13:39:51.386,1.51757,1.51777,1.12,1.00
2015.12.14 13:39:51.688,1.5176,1.51777,1.00,1.00
2015.12.14 13:39:51.790,1.51756,1.51777,1.50,1.00
2015.12.14 13:39:52.096,1.51756,1.51774,1.00,1.00
2015.12.14 13:39:52.401,1.5175,1.51768,1.75,1.00
2015.12.14 13:39:52.503,1.51747,1.51768,1.50,1.00
2015.12.14 13:39:52.695,1.51747,1.51763,1.00,1.00
2015.12.14 13:39:52.797,1.51743,1.51762,1.00,1.00
2015.12.14 13:39:52.851,1.51743,1.5176,1.00,1.00
2015.12.14 13:39:52.903,1.5174,1.51758,1.12,1.00
2015.12.14 13:39:53.159,1.51739,1.51756,1.00,1.00
2015.12.14 13:39:53.465,1.51738,1.51752,1.00,1.00
2015.12.14 13:39:53.643,1.51732,1.51748,1.07,1.00
2015.12.14 13:39:53.695,1.51729,1.51748,1.87,1.00
2015.12.14 13:39:54.254,1.51728,1.51748,1.57,1.00
2015.12.14 13:39:54.548,1.51727,1.51748,1.55,1.00
2015.12.14 13:39:55.055,1.51725,1.51748,1.12,1.00
2015.12.14 13:39:55.208,1.51725,1.51745,1.57,1.00
2015.12.14 13:39:55.259,1.51724,1.51745,1.55,1.00
2015.12.14 13:39:55.362,1.51722,1.51743,1.07,1.00
2015.12.14 13:39:56.008,1.51722,1.51745,1.45,1.00
2015.12.14 13:39:56.515,1.51726,1.51745,1.20,1.00
2015.12.14 13:39:57.645,1.51724,1.51744,2.62,1.00
2015.12.14 13:39:58.154,1.51722,1.51744,1.50,1.00
2015.12.14 13:39:58.358,1.5172,1.51737,1.50,1.00
2015.12.14 13:39:58.411,1.51719,1.51737,1.57,1.00
2015.12.14 13:39:58.516,1.51717,1.51737,2.02,1.00
2015.12.14 13:39:58.568,1.51715,1.51735,2.62,1.00
2015.12.14 13:39:59.077,1.51714,1.51735,2.62,1.00
2015.12.14 13:39:59.383,1.51713,1.51733,1.20,1.00
2015.12.14 13:40:00.214,1.51714,1.51736,1.27,1.00
2015.12.14 13:40:00.317,1.51719,1.51736,1.00,1.00
2015.12.14 13:40:00.642,1.51733,1.51747,1.00,1.37
2015.12.14 13:40:00.745,1.5173,1.51746,1.00,1.37
2015.12.14 13:40:00.796,1.5173,1.51746,1.37,1.37
2015.12.14 13:40:01.351,1.51737,1.51746,1.00,1.37
2015.12.14 13:40:01.606,1.51729,1.51747,1.82,1.37
2015.12.14 13:40:01.670,1.51729,1.51747,1.07,1.37
2015.12.14 13:40:01.722,1.51729,1.5175,1.07,1.00
2015.12.14 13:40:01.946,1.51729,1.51744,1.07,1.00
2015.12.14 13:40:02.048,1.51725,1.51742,1.12,1.00
2015.12.14 13:40:02.152,1.51722,1.51742,1.37,1.00
2015.12.14 13:40:02.204,1.51722,1.51745,1.37,1.37
2015.12.14 13:40:02.255,1.51719,1.51745,2.25,2.25
2015.12.14 13:40:02.611,1.51729,1.51748,1.75,1.00
2015.12.14 13:40:02.663,1.51729,1.51752,1.87,1.50
2015.12.14 13:40:02.787,1.51736,1.51752,1.00,1.00
2015.12.14 13:40:02.839,1.51736,1.51755,1.00,1.00
2015.12.14 13:40:03.499,1.51737,1.51755,1.00,1.00
2015.12.14 13:40:03.652,1.51737,1.51758,1.00,1.00
2015.12.14 13:40:03.796,1.51738,1.51763,1.10,2.25
2015.12.14 13:40:03.847,1.51738,1.51765,1.57,2.40
2015.12.14 13:40:04.153,1.51752,1.51766,1.00,1.00
2015.12.14 13:40:04.358,1.51752,1.51769,1.00,1.65
2015.12.14 13:40:04.513,1.51749,1.5177,1.48,1.90
2015.12.14 13:40:05.031,1.51754,1.51769,1.71,1.55
2015.12.14 13:40:05.336,1.51759,1.51771,1.00,2.02
2015.12.14 13:40:05.388,1.51754,1.51771,1.10,2.02
2015.12.14 13:40:05.899,1.51754,1.51772,1.57,1.65
2015.12.14 13:40:06.149,1.51754,1.5177,2.02,1.47
2015.12.14 13:40:06.459,1.5176,1.51775,1.00,1.57
2015.12.14 13:40:06.510,1.51757,1.51775,1.00,1.57
2015.12.14 13:40:06.561,1.51757,1.51775,1.00,1.12
2015.12.14 13:40:06.613,1.51761,1.51775,1.27,1.00
2015.12.14 13:40:06.665,1.51761,1.51779,1.27,1.00
2015.12.14 13:40:07.008,1.5177,1.51782,1.00,1.37
2015.12.14 13:40:07.161,1.51772,1.51786,1.00,1.87
2015.12.14 13:40:07.213,1.51777,1.51786,1.00,1.37
2015.12.14 13:40:07.316,1.51774,1.5179,1.95,2.77
2015.12.14 13:40:07.368,1.51774,1.51792,1.95,1.87
2015.12.14 13:40:07.521,1.51786,1.51796,1.00,1.75
2015.12.14 13:40:07.572,1.51789,1.51798,1.00,1.00
2015.12.14 13:40:07.674,1.51789,1.51804,1.00,1.87
2015.12.14 13:40:07.818,1.51791,1.51804,1.00,2.62
2015.12.14 13:40:08.125,1.5178,1.51802,1.50,1.57
2015.12.14 13:40:08.635,1.51781,1.51799,1.00,1.10
2015.12.14 13:40:09.017,1.51777,1.51798,1.00,1.00
2015.12.14 13:40:09.069,1.51776,1.51794,1.12,1.10
2015.12.14 13:40:09.375,1.51775,1.51789,1.00,1.00
2015.12.14 13:40:10.000,1.51766,1.51787,1.95,1.12
2015.12.14 13:40:10.052,1.51768,1.5179,1.95,1.00
2015.12.14 13:40:10.155,1.51771,1.51794,1.27,1.37
2015.12.14 13:40:10.257,1.51773,1.51794,1.00,1.00
2015.12.14 13:40:10.564,1.51773,1.51787,1.00,1.37
2015.12.14 13:40:11.073,1.51767,1.51784,1.20,1.00
2015.12.14 13:40:11.178,1.51763,1.51784,1.47,1.00
2015.12.14 13:40:11.230,1.51763,1.51786,1.10,1.12
2015.12.14 13:40:11.282,1.51763,1.51786,1.50,1.12
2015.12.14 13:40:11.587,1.51763,1.51784,1.47,1.00
2015.12.14 13:40:11.893,1.51768,1.51785,1.87,1.00
2015.12.14 13:40:12.201,1.5177,1.51786,1.12,1.00
2015.12.14 13:40:12.303,1.5177,1.51789,1.12,1.00
2015.12.14 13:40:12.760,1.51771,1.51793,1.50,1.50
2015.12.14 13:40:12.811,1.51772,1.51793,1.82,1.00
2015.12.14 13:40:12.863,1.51775,1.51795,1.57,1.00
2015.12.14 13:40:12.914,1.51776,1.51795,1.37,1.00
2015.12.14 13:40:13.426,1.51776,1.51794,1.50,1.00
2015.12.14 13:40:13.579,1.51776,1.51798,1.12,1.00
2015.12.14 13:40:13.935,1.51776,1.51793,1.50,1.00
2015.12.14 13:40:13.986,1.51776,1.51795,1.12,1.00
2015.12.14 13:40:14.037,1.51772,1.51795,1.12,1.00
2015.12.14 13:40:14.394,1.51773,1.51792,1.15,1.00
2015.12.14 13:40:14.927,1.5177,1.51792,2.25,1.00
2015.12.14 13:40:15.435,1.5177,1.51791,2.25,1.00
2015.12.14 13:40:15.743,1.5177,1.51789,1.12,1.00
2015.12.14 13:40:16.267,1.51769,1.51789,1.45,1.00
2015.12.14 13:40:16.622,1.51769,1.51777,1.45,1.00
2015.12.14 13:40:16.866,1.51746,1.51762,1.00,1.57
2015.12.14 13:40:16.918,1.51738,1.51761,1.10,1.20
2015.12.14 13:40:16.970,1.51735,1.51757,1.12,1.00
2015.12.14 13:40:17.123,1.5173,1.51753,2.02,1.00
2015.12.14 13:40:17.276,1.51727,1.5175,1.12,1.00
2015.12.14 13:40:17.582,1.5172,1.51747,3.45,1.95
2015.12.14 13:40:17.736,1.51722,1.51738,1.00,1.00
2015.12.14 13:40:17.849,1.51718,1.51741,1.37,2.02
2015.12.14 13:40:17.900,1.51714,1.51736,1.27,1.37
2015.12.14 13:40:18.208,1.51717,1.51736,1.07,1.37
2015.12.14 13:40:18.514,1.51723,1.51743,1.00,1.47
2015.12.14 13:40:18.566,1.51725,1.51743,1.00,1.37
2015.12.14 13:40:18.617,1.51725,1.51749,1.00,1.87
2015.12.14 13:40:18.781,1.51725,1.51751,1.00,1.57
2015.12.14 13:40:18.934,1.51728,1.51751,1.00,2.32
2015.12.14 13:40:19.240,1.51733,1.51755,1.00,1.65
2015.12.14 13:40:19.545,1.5174,1.51755,1.00,1.65
2015.12.14 13:40:19.865,1.51755,1.51764,1.00,1.37
2015.12.14 13:40:19.916,1.51755,1.51773,1.00,1.82
2015.12.14 13:40:20.070,1.51755,1.51777,1.00,1.12
2015.12.14 13:40:20.642,1.51755,1.51777,1.00,1.12
2015.12.14 13:40:20.999,1.51758,1.51777,1.00,1.12
2015.12.14 13:40:21.051,1.51754,1.51776,1.00,1.45
2015.12.14 13:40:21.205,1.51754,1.51778,1.10,1.55
2015.12.14 13:40:21.256,1.51757,1.51778,1.00,1.55
2015.12.14 13:40:21.308,1.51757,1.51781,1.00,1.95
2015.12.14 13:40:21.832,1.51757,1.5178,1.00,1.95
2015.12.14 13:40:21.883,1.5175,1.51774,3.00,1.37
2015.12.14 13:40:21.986,1.51752,1.51776,1.07,1.10
2015.12.14 13:40:22.140,1.51751,1.51773,1.57,1.00
2015.12.14 13:40:22.653,1.51752,1.51776,1.10,1.45
2015.12.14 13:40:23.010,1.51748,1.51763,1.50,1.00
2015.12.14 13:40:23.062,1.51747,1.51763,1.47,1.00
2015.12.14 13:40:23.164,1.51742,1.51762,2.25,1.00
2015.12.14 13:40:23.215,1.51742,1.5176,1.50,1.37
2015.12.14 13:40:23.460,1.51745,1.51763,1.47,1.12
2015.12.14 13:40:23.562,1.51744,1.51765,1.87,1.00
2015.12.14 13:40:24.070,1.51745,1.51764,1.52,1.00
2015.12.14 13:40:24.275,1.51747,1.51764,1.50,1.00
2015.12.14 13:40:24.326,1.51747,1.51766,1.12,1.00
2015.12.14 13:40:24.377,1.51744,1.51766,1.45,1.00
2015.12.14 13:40:24.479,1.51743,1.51764,1.50,1.12
2015.12.14 13:40:24.786,1.5175,1.51765,1.10,1.37
2015.12.14 13:40:25.091,1.51749,1.51765,1.12,1.37
2015.12.14 13:40:25.143,1.51744,1.51765,1.00,1.37
2015.12.14 13:40:25.467,1.51739,1.51765,1.57,1.45
2015.12.14 13:40:25.620,1.51737,1.51764,2.25,1.20
2015.12.14 13:40:25.671,1.51737,1.51761,2.25,1.00
2015.12.14 13:40:25.977,1.51741,1.51761,1.12,1.00
2015.12.14 13:40:26.029,1.51738,1.51761,1.50,1.00
2015.12.14 13:40:26.131,1.51735,1.51759,1.50,1.37
2015.12.14 13:40:26.285,1.51731,1.51757,3.00,1.10
2015.12.14 13:40:26.400,1.51734,1.51754,1.00,1.37
2015.12.14 13:40:26.559,1.51734,1.51758,1.17,2.25
2015.12.14 13:40:26.824,1.51735,1.51755,1.37,1.00
2015.12.14 13:40:26.927,1.51734,1.51757,1.50,1.00
2015.12.14 13:40:26.979,1.51734,1.51757,1.50,1.37
2015.12.14 13:40:27.030,1.51731,1.51753,1.10,1.00
2015.12.14 13:40:27.082,1.51731,1.51753,1.10,1.75
2015.12.14 13:40:27.404,1.51745,1.51761,1.00,1.12
2015.12.14 13:40:27.610,1.51753,1.5177,1.12,1.12
2015.12.14 13:40:27.713,1.51752,1.51773,1.07,2.25
2015.12.14 13:40:27.764,1.51751,1.51773,1.95,1.50
2015.12.14 13:40:28.174,1.51751,1.51775,1.12,1.12
2015.12.14 13:40:28.225,1.51754,1.51775,1.87,1.12
2015.12.14 13:40:28.378,1.51754,1.51776,2.02,1.37
2015.12.14 13:40:28.632,1.51756,1.51782,1.00,2.02
2015.12.14 13:40:28.684,1.5176,1.51782,1.00,1.87
2015.12.14 13:40:28.736,1.51758,1.51782,1.37,1.00
2015.12.14 13:40:28.788,1.51759,1.51782,1.07,1.12
2015.12.14 13:40:28.893,1.51754,1.51774,1.47,1.37
2015.12.14 13:40:29.414,1.51755,1.51774,1.50,1.50
2015.12.14 13:40:29.669,1.5175,1.51769,1.47,2.62
2015.12.14 13:40:30.190,1.5175,1.51769,1.12,1.12
2015.12.14 13:40:30.445,1.5175,1.51771,1.87,1.12
2015.12.14 13:40:30.905,1.51746,1.51771,1.50,1.87
2015.12.14 13:40:31.375,1.51746,1.51768,1.50,1.50
2015.12.14 13:40:31.426,1.5174,1.51764,1.47,1.00
2015.12.14 13:40:31.478,1.5174,1.51765,1.10,2.32
2015.12.14 13:40:31.834,1.51737,1.5176,1.20,1.20
2015.12.14 13:40:32.190,1.51737,1.51757,1.00,1.37
2015.12.14 13:40:32.312,1.51729,1.51753,1.00,1.87
2015.12.14 13:40:32.415,1.51723,1.51751,2.02,1.50
2015.12.14 13:40:32.517,1.51724,1.5175,1.27,1.65
2015.12.14 13:40:32.823,1.51727,1.51752,1.47,1.20
2015.12.14 13:40:32.926,1.51725,1.51752,1.20,1.27
2015.12.14 13:40:33.028,1.51733,1.51749,1.00,1.00
2015.12.14 13:40:33.740,1.5173,1.51752,1.00,1.20
2015.12.14 13:40:33.893,1.5173,1.51751,1.00,1.50
2015.12.14 13:40:34.046,1.51728,1.51751,1.00,1.75
2015.12.14 13:40:34.097,1.51728,1.51748,1.00,1.12
2015.12.14 13:40:34.199,1.51724,1.51743,1.12,1.00
2015.12.14 13:40:34.388,1.51723,1.51743,1.00,1.27
2015.12.14 13:40:34.694,1.51723,1.51742,1.00,1.50
2015.12.14 13:40:34.796,1.51723,1.51742,1.00,1.20
2015.12.14 13:40:34.999,1.51725,1.51741,1.00,1.07
2015.12.14 13:40:35.360,1.5173,1.5175,1.00,1.20
2015.12.14 13:40:35.414,1.51731,1.51751,1.00,1.57
2015.12.14 13:40:35.822,1.51729,1.51754,1.00,2.62
2015.12.14 13:40:36.351,1.51729,1.51753,1.00,2.02
2015.12.14 13:40:36.978,1.51727,1.51752,1.00,2.02
2015.12.14 13:40:37.029,1.51729,1.51752,1.00,2.02
2015.12.14 13:40:37.334,1.51733,1.51754,1.00,1.45
2015.12.14 13:40:37.640,1.51736,1.51756,1.00,1.95
2015.12.14 13:40:37.696,1.51736,1.51758,1.00,2.25
2015.12.14 13:40:40.428,1.51733,1.51758,1.00,1.87
2015.12.14 13:40:40.985,1.51733,1.51758,1.07,1.45
2015.12.14 13:40:41.239,1.51733,1.51756,1.07,1.37
2015.12.14 13:40:41.604,1.51733,1.51755,1.07,1.12
2015.12.14 13:40:42.529,1.51733,1.51754,1.20,1.00
2015.12.14 13:40:43.856,1.51735,1.51757,1.00,1.20
2015.12.14 13:40:44.405,1.51735,1.51758,1.07,1.75
2015.12.14 13:40:44.610,1.51733,1.51758,1.95,1.82
2015.12.14 13:40:44.712,1.5173,1.51756,1.12,1.75
2015.12.14 13:40:44.916,1.51725,1.5175,1.07,1.45
2015.12.14 13:40:44.967,1.51728,1.5175,1.00,1.45
2015.12.14 13:40:45.120,1.51728,1.51753,1.10,1.57
2015.12.14 13:40:45.556,1.5173,1.51755,1.17,1.17
2015.12.14 13:40:45.863,1.51738,1.51761,1.00,1.12
2015.12.14 13:40:46.017,1.51735,1.5176,1.65,1.57
2015.12.14 13:40:47.088,1.51741,1.5176,1.00,1.47
2015.12.14 13:40:47.343,1.51747,1.51771,1.10,1.57
2015.12.14 13:40:47.698,1.51747,1.5177,1.00,1.57
2015.12.14 13:40:48.006,1.51738,1.51755,1.37,1.00
2015.12.14 13:40:48.058,1.51733,1.51755,2.70,1.00
2015.12.14 13:40:48.109,1.51733,1.51752,1.95,1.00
2015.12.14 13:40:48.211,1.51733,1.51752,1.85,1.00
2015.12.14 13:40:48.313,1.51733,1.51752,1.00,1.00
2015.12.14 13:40:48.365,1.51733,1.51743,1.00,1.00
2015.12.14 13:40:48.467,1.51727,1.51743,1.37,1.00
2015.12.14 13:40:48.518,1.51727,1.51742,1.00,1.00
2015.12.14 13:40:48.569,1.51722,1.51738,1.47,1.00
2015.12.14 13:40:49.081,1.51719,1.51738,1.50,1.00
2015.12.14 13:40:49.236,1.51717,1.51738,2.25,1.00
2015.12.14 13:40:50.170,1.5172,1.51743,1.75,1.00
2015.12.14 13:40:50.221,1.51729,1.51746,1.12,1.00
2015.12.14 13:40:50.425,1.51725,1.51746,1.10,1.00
2015.12.14 13:40:50.476,1.51724,1.51746,1.75,1.00
2015.12.14 13:40:50.781,1.51724,1.51743,1.45,1.00
2015.12.14 13:40:51.043,1.51724,1.51747,1.45,1.50
2015.12.14 13:40:51.574,1.51725,1.51747,1.45,1.12
2015.12.14 13:40:51.879,1.51728,1.51749,1.07,1.87
2015.12.14 13:40:52.185,1.51732,1.51754,1.12,2.62
2015.12.14 13:40:52.687,1.51734,1.51756,1.87,1.37
2015.12.14 13:40:53.115,1.51734,1.51752,1.50,1.00
2015.12.14 13:40:53.268,1.51731,1.51749,1.07,1.00
2015.12.14 13:40:53.373,1.51727,1.51749,1.95,1.12
2015.12.14 13:40:53.425,1.51727,1.51749,1.20,1.50
2015.12.14 13:40:53.832,1.51728,1.51753,1.65,1.10
2015.12.14 13:40:53.883,1.51728,1.51753,2.77,1.00
2015.12.14 13:40:54.395,1.51731,1.51755,1.00,1.15
2015.12.14 13:40:54.715,1.51727,1.51753,2.32,1.82
2015.12.14 13:40:54.767,1.51727,1.51753,1.57,1.55
2015.12.14 13:40:54.870,1.51729,1.51755,1.47,1.12
2015.12.14 13:40:55.124,1.51728,1.51755,3.15,2.62
2015.12.14 13:40:55.507,1.51728,1.51752,1.57,1.07
2015.12.14 13:40:55.965,1.51724,1.51749,2.32,1.10
2015.12.14 13:40:56.178,1.51723,1.51748,1.87,1.37
2015.12.14 13:40:56.282,1.51721,1.51746,1.20,1.10
2015.12.14 13:40:56.699,1.51727,1.51746,1.00,1.10
2015.12.14 13:40:56.954,1.51733,1.51756,1.00,1.95
2015.12.14 13:40:57.056,1.51733,1.51756,1.10,1.20
2015.12.14 13:40:57.564,1.51731,1.51756,1.27,2.62
2015.12.14 13:40:58.090,1.51733,1.51754,1.20,1.37
2015.12.14 13:40:58.864,1.51731,1.51755,1.20,1.87
2015.12.14 13:40:59.222,1.51729,1.51752,1.20,1.47
2015.12.14 13:40:59.528,1.51718,1.51731,1.12,1.12
2015.12.14 13:40:59.579,1.51708,1.51731,1.75,1.12
2015.12.14 13:40:59.682,1.51708,1.51729,1.00,1.92
2015.12.14 13:41:00.625,1.51706,1.51728,1.00,1.47
2015.12.14 13:41:00.727,1.51708,1.51728,1.00,1.47
2015.12.14 13:41:01.075,1.51717,1.51736,1.00,1.00
2015.12.14 13:41:01.281,1.51717,1.5174,1.20,1.00
2015.12.14 13:41:01.790,1.51718,1.51742,1.07,1.37
2015.12.14 13:41:02.036,1.51726,1.51741,1.00,1.75
2015.12.14 13:41:02.091,1.51729,1.51748,1.00,1.57
2015.12.14 13:41:02.295,1.51729,1.51753,1.47,1.12
2015.12.14 13:41:02.448,1.51734,1.51753,1.00,1.12
2015.12.14 13:41:02.755,1.51741,1.51762,1.17,1.37
2015.12.14 13:41:03.070,1.51745,1.51762,1.12,1.37
2015.12.14 13:41:04.185,1.51743,1.51762,1.12,1.37
2015.12.14 13:41:04.440,1.5174,1.51763,2.25,1.37
2015.12.14 13:41:04.696,1.51747,1.51765,1.00,1.37
2015.12.14 13:41:04.799,1.51744,1.51766,1.00,1.37
2015.12.14 13:41:05.111,1.51743,1.51768,1.20,1.57
2015.12.14 13:41:05.213,1.51745,1.51768,1.00,1.57
2015.12.14 13:41:05.519,1.51741,1.51764,1.45,1.37
2015.12.14 13:41:05.824,1.51737,1.51756,1.00,1.37
2015.12.14 13:41:06.140,1.51744,1.51756,1.00,1.37
2015.12.14 13:41:06.242,1.51747,1.51759,1.00,1.00
2015.12.14 13:41:06.346,1.51747,1.51765,1.00,1.00
2015.12.14 13:41:06.397,1.51747,1.5177,1.00,1.57
2015.12.14 13:41:06.500,1.51748,1.5177,1.45,1.12
2015.12.14 13:41:06.907,1.51751,1.51773,1.00,1.87
2015.12.14 13:41:07.577,1.51753,1.51773,1.12,1.00
2015.12.14 13:41:07.628,1.51754,1.51777,1.27,1.00
2015.12.14 13:41:07.730,1.51755,1.51778,1.50,1.37
2015.12.14 13:41:08.477,1.51755,1.51777,1.50,1.50
2015.12.14 13:41:08.784,1.51753,1.51773,1.45,1.12
2015.12.14 13:41:09.227,1.51752,1.51773,1.87,1.12
2015.12.14 13:41:09.513,1.51752,1.5177,1.57,1.00
2015.12.14 13:41:09.615,1.51749,1.5177,1.87,1.00
2015.12.14 13:41:09.818,1.5175,1.51774,1.20,1.00
2015.12.14 13:41:09.920,1.51757,1.51777,1.45,1.12
2015.12.14 13:41:10.022,1.51758,1.51778,1.12,1.00
2015.12.14 13:41:10.124,1.51759,1.51776,1.57,1.00
2015.12.14 13:41:10.431,1.51759,1.51775,1.45,1.37
2015.12.14 13:41:10.891,1.51757,1.51775,1.20,2.25
2015.12.14 13:41:10.943,1.5176,1.51775,1.12,1.00
2015.12.14 13:41:11.045,1.51757,1.51775,1.87,1.00
2015.12.14 13:41:11.096,1.51758,1.51775,1.45,1.00
2015.12.14 13:41:11.198,1.51758,1.51778,1.87,1.00
2015.12.14 13:41:11.920,1.51759,1.51778,1.50,1.00
2015.12.14 13:41:12.016,1.51759,1.51782,1.50,1.00
2015.12.14 13:41:13.122,1.51759,1.51778,2.20,1.00
2015.12.14 13:41:13.275,1.51755,1.51775,2.70,1.00
2015.12.14 13:41:13.327,1.51753,1.51773,2.62,1.00
2015.12.14 13:41:13.481,1.51751,1.51775,1.82,1.12
2015.12.14 13:41:13.583,1.51754,1.51776,1.55,1.00
2015.12.14 13:41:14.056,1.51755,1.51773,1.50,1.00
2015.12.14 13:41:14.108,1.51752,1.51773,1.12,1.00
2015.12.14 13:41:14.718,1.51752,1.51776,1.07,1.37
2015.12.14 13:41:14.871,1.51754,1.51776,3.00,1.00
2015.12.14 13:41:14.973,1.51755,1.51776,1.20,1.00
2015.12.14 13:41:15.286,1.51755,1.51776,1.95,1.00
2015.12.14 13:41:15.540,1.51755,1.51778,1.95,1.00
2015.12.14 13:41:16.546,1.51757,1.51778,1.47,1.00
2015.12.14 13:41:17.063,1.51756,1.51778,1.65,1.00
2015.12.14 13:41:17.367,1.51756,1.51774,1.65,1.00
2015.12.14 13:41:17.711,1.51751,1.51765,2.62,1.00
2015.12.14 13:41:17.966,1.5175,1.51765,1.52,1.00
2015.12.14 13:41:18.476,1.51749,1.51765,2.25,1.00
2015.12.14 13:41:19.840,1.51748,1.51765,1.87,1.00
2015.12.14 13:41:20.081,1.51748,1.51762,1.45,1.00
2015.12.14 13:41:20.234,1.51747,1.51762,1.27,1.00
2015.12.14 13:41:20.590,1.51744,1.51762,1.17,1.00
2015.12.14 13:41:22.507,1.51743,1.51759,1.95,1.00
2015.12.14 13:41:22.914,1.51742,1.51763,1.20,1.12
2015.12.14 13:41:22.966,1.51755,1.51767,1.00,1.10
2015.12.14 13:41:23.068,1.51751,1.51769,1.00,1.75
2015.12.14 13:41:23.120,1.51751,1.51775,1.50,2.02
2015.12.14 13:41:23.172,1.51759,1.51776,1.37,1.15
2015.12.14 13:41:23.474,1.5176,1.51778,1.50,1.00
2015.12.14 13:41:23.981,1.5176,1.51784,1.12,1.00
2015.12.14 13:41:24.083,1.51765,1.51784,1.37,1.00
2015.12.14 13:41:24.390,1.51767,1.51785,2.62,1.00
2015.12.14 13:41:26.617,1.51768,1.51789,1.57,1.00
2015.12.14 13:41:26.973,1.51771,1.5179,1.12,1.00
2015.12.14 13:41:28.420,1.51772,1.51786,1.20,1.00
2015.12.14 13:41:28.472,1.51772,1.51788,1.20,1.00
2015.12.14 13:41:28.574,1.51769,1.5179,1.87,1.37
2015.12.14 13:41:28.671,1.51771,1.51792,1.00,1.00
2015.12.14 13:41:28.723,1.51773,1.51795,1.00,1.45
2015.12.14 13:41:28.928,1.5178,1.51801,1.00,1.50
2015.12.14 13:41:29.435,1.51781,1.51801,1.00,1.00
2015.12.14 13:41:29.908,1.51781,1.51798,1.00,1.00
2015.12.14 13:41:30.062,1.51775,1.51795,1.07,1.00
2015.12.14 13:41:30.886,1.51775,1.51795,1.07,1.37
2015.12.14 13:41:31.496,1.51775,1.51795,1.07,1.00
2015.12.14 13:41:32.175,1.51775,1.51797,1.17,1.00
2015.12.14 13:41:32.278,1.51779,1.51802,1.00,1.65
2015.12.14 13:41:32.329,1.51779,1.51802,1.87,1.65
2015.12.14 13:41:32.837,1.51782,1.51802,1.52,1.00
2015.12.14 13:41:32.986,1.51782,1.51804,1.65,1.00
2015.12.14 13:41:33.038,1.51782,1.51804,2.62,1.00
2015.12.14 13:41:33.089,1.51783,1.51807,1.20,1.00
2015.12.14 13:41:33.141,1.51785,1.51807,1.50,1.00
2015.12.14 13:41:34.031,1.51787,1.51809,1.55,1.00
2015.12.14 13:41:34.082,1.5179,1.51809,1.75,1.00
2015.12.14 13:41:34.133,1.5179,1.51815,2.25,1.57
2015.12.14 13:41:34.185,1.51796,1.51817,1.75,2.62
2015.12.14 13:41:34.236,1.518,1.51821,1.50,1.00
2015.12.14 13:41:34.288,1.51801,1.51823,1.95,1.00
2015.12.14 13:41:34.339,1.51804,1.51826,1.37,1.10
2015.12.14 13:41:34.441,1.51805,1.51828,1.00,1.00
2015.12.14 13:41:34.492,1.51805,1.51828,2.62,1.00
2015.12.14 13:41:34.645,1.5181,1.51836,1.57,1.65
2015.12.14 13:41:34.696,1.51818,1.51838,1.50,1.50
2015.12.14 13:41:34.798,1.51822,1.51844,1.12,1.75
2015.12.14 13:41:34.919,1.51831,1.51847,1.37,1.00
2015.12.14 13:41:35.022,1.51831,1.51849,1.37,1.00
2015.12.14 13:41:35.378,1.51831,1.51852,1.50,1.00
2015.12.14 13:41:35.582,1.51831,1.51854,1.57,1.10
2015.12.14 13:41:35.735,1.51832,1.51856,1.37,1.20
2015.12.14 13:41:35.837,1.51837,1.5186,1.50,1.20
2015.12.14 13:41:35.998,1.51839,1.5186,1.20,1.00
2015.12.14 13:41:36.303,1.51839,1.51859,1.20,1.00
2015.12.14 13:41:36.354,1.51841,1.51863,1.20,1.12
2015.12.14 13:41:36.405,1.51841,1.51866,1.50,1.17
2015.12.14 13:41:36.508,1.51842,1.51868,3.82,1.57
2015.12.14 13:41:36.559,1.51845,1.51868,1.57,1.10
2015.12.14 13:41:36.611,1.51845,1.51868,1.57,1.10
2015.12.14 13:41:36.814,1.51842,1.51868,2.62,1.47
2015.12.14 13:41:36.865,1.51842,1.51868,2.25,1.10
2015.12.14 13:41:37.080,1.51845,1.5187,1.95,1.20
2015.12.14 13:41:37.386,1.51856,1.5188,1.37,1.50
2015.12.14 13:41:37.438,1.51859,1.51881,1.12,1.10
2015.12.14 13:41:37.489,1.51859,1.51881,1.50,1.10
2015.12.14 13:41:37.794,1.51858,1.51871,1.20,1.00
2015.12.14 13:41:37.936,1.51852,1.51869,1.12,1.37
2015.12.14 13:41:37.987,1.51849,1.51869,1.00,1.87
2015.12.14 13:41:38.038,1.51844,1.51869,2.25,1.87
2015.12.14 13:41:38.089,1.51844,1.51869,1.27,1.87
2015.12.14 13:41:38.192,1.51844,1.51865,1.10,1.00
2015.12.14 13:41:38.244,1.51844,1.51867,1.10,1.57
2015.12.14 13:41:38.295,1.51844,1.51867,1.57,1.50
2015.12.14 13:41:38.651,1.51844,1.51865,1.57,1.00
2015.12.14 13:41:39.162,1.51843,1.51865,1.87,1.00
2015.12.14 13:41:39.466,1.51843,1.51863,1.87,1.00
2015.12.14 13:41:39.619,1.5184,1.51863,1.45,1.00
2015.12.14 13:41:39.670,1.5184,1.51863,1.20,1.87
2015.12.14 13:41:40.175,1.51838,1.5186,1.50,1.00
2015.12.14 13:41:41.135,1.51838,1.51862,2.25,1.87
2015.12.14 13:41:41.660,1.5184,1.51862,2.25,1.10
2015.12.14 13:41:42.019,1.5184,1.51857,2.25,1.00
2015.12.14 13:41:42.332,1.51829,1.5185,1.12,1.12
2015.12.14 13:41:42.384,1.51829,1.51848,1.12,1.10
2015.12.14 13:41:42.435,1.51828,1.51848,1.75,1.10
2015.12.14 13:41:42.589,1.51828,1.51845,1.75,1.00
2015.12.14 13:41:42.844,1.51824,1.51844,1.00,1.00
2015.12.14 13:41:43.382,1.51824,1.51839,1.00,1.00
2015.12.14 13:41:43.537,1.5182,1.51841,1.37,1.00
2015.12.14 13:41:43.640,1.5182,1.51841,1.12,1.00
2015.12.14 13:41:43.691,1.5182,1.51845,2.40,1.27
2015.12.14 13:41:43.844,1.51824,1.51848,1.75,2.02
2015.12.14 13:41:44.048,1.51832,1.51853,1.12,1.00
2015.12.14 13:41:44.567,1.51831,1.51854,1.20,1.50
2015.12.14 13:41:44.669,1.51831,1.51856,1.20,2.25
2015.12.14 13:41:45.178,1.51831,1.51855,1.20,1.00
2015.12.14 13:41:45.333,1.51831,1.51855,1.20,1.50
2015.12.14 13:41:45.437,1.51831,1.51855,1.20,1.12
2015.12.14 13:41:45.772,1.51831,1.51852,1.20,1.00
2015.12.14 13:41:45.977,1.51828,1.51851,2.25,1.00
2015.12.14 13:41:46.484,1.51828,1.51851,1.57,1.00
2015.12.14 13:41:47.101,1.51828,1.51853,1.20,1.47
2015.12.14 13:41:48.333,1.51826,1.51854,2.77,2.70
2015.12.14 13:41:48.840,1.51826,1.51852,1.65,1.95
2015.12.14 13:41:49.399,1.51828,1.51852,1.45,1.00
2015.12.14 13:41:49.840,1.51826,1.51852,3.45,1.00
2015.12.14 13:41:50.501,1.51826,1.51851,3.07,1.00
2015.12.14 13:41:50.781,1.51823,1.51841,1.00,1.00
2015.12.14 13:41:50.883,1.51817,1.51841,1.65,1.00
2015.12.14 13:41:51.037,1.51818,1.51839,1.00,1.20
2015.12.14 13:41:51.292,1.51811,1.51835,1.37,1.07
2015.12.14 13:41:51.548,1.51811,1.51828,1.37,1.00
2015.12.14 13:41:51.887,1.51805,1.51821,1.37,1.27
2015.12.14 13:41:52.192,1.51805,1.51817,1.37,1.10
2015.12.14 13:41:52.345,1.51794,1.51817,1.00,1.07
2015.12.14 13:41:52.549,1.51795,1.51818,1.37,1.07
2015.12.14 13:41:52.702,1.518,1.51825,1.57,1.75
2015.12.14 13:41:52.848,1.51802,1.51829,1.10,2.70
2015.12.14 13:41:52.950,1.51802,1.51829,1.50,2.40
2015.12.14 13:41:53.458,1.51802,1.51829,3.00,2.02
2015.12.14 13:41:54.025,1.51802,1.51825,1.87,1.00
2015.12.14 13:41:55.338,1.51802,1.51822,1.50,1.00
2015.12.14 13:41:55.491,1.51797,1.51822,1.55,1.00
2015.12.14 13:41:55.593,1.51796,1.51819,1.95,1.00
2015.12.14 13:41:55.897,1.51795,1.5182,1.10,1.07
2015.12.14 13:41:56.000,1.51794,1.51816,1.45,1.00
2015.12.14 13:41:56.323,1.51783,1.51806,1.17,1.12
2015.12.14 13:41:56.834,1.51781,1.51806,2.25,1.12
2015.12.14 13:41:58.434,1.5178,1.51806,2.70,1.07
2015.12.14 13:41:58.850,1.51783,1.51809,1.12,2.25
2015.12.14 13:41:58.901,1.51785,1.51809,1.00,1.87
2015.12.14 13:41:59.206,1.51789,1.51814,1.15,1.87
2015.12.14 13:42:00.415,1.5179,1.51816,3.00,1.20
2015.12.14 13:42:00.720,1.51794,1.51821,1.27,1.92
2015.12.14 13:42:01.243,1.51794,1.5182,1.10,1.82
2015.12.14 13:42:01.547,1.51796,1.5182,1.12,1.82
2015.12.14 13:42:01.853,1.51801,1.51823,1.10,1.00
2015.12.14 13:42:02.149,1.51799,1.51823,1.00,1.10
2015.12.14 13:42:02.201,1.51801,1.51823,1.00,1.85
2015.12.14 13:42:02.252,1.51798,1.51822,1.20,1.75
2015.12.14 13:42:02.303,1.51798,1.51822,1.87,1.15
2015.12.14 13:42:02.405,1.51797,1.51821,1.00,1.27
2015.12.14 13:42:02.659,1.51793,1.51813,1.45,1.75
2015.12.14 13:42:02.711,1.51787,1.51813,2.40,1.85
2015.12.14 13:42:02.813,1.51786,1.51812,2.70,1.20
2015.12.14 13:42:02.965,1.51795,1.51812,1.00,1.20
2015.12.14 13:42:03.188,1.51799,1.51822,1.12,1.00
2015.12.14 13:42:03.291,1.51801,1.51822,1.00,1.00
2015.12.14 13:42:03.799,1.51801,1.51825,1.50,1.20
2015.12.14 13:42:04.125,1.51808,1.51828,1.00,2.62
2015.12.14 13:42:04.228,1.51814,1.51835,1.00,2.62
2015.12.14 13:42:04.381,1.51814,1.51837,1.00,1.95
2015.12.14 13:42:04.484,1.51812,1.51835,1.00,1.50
2015.12.14 13:42:04.788,1.51809,1.51835,1.20,2.25
2015.12.14 13:42:05.180,1.51809,1.51836,2.25,1.87
2015.12.14 13:42:05.587,1.51811,1.51838,1.57,2.70
2015.12.14 13:42:07.033,1.51813,1.51838,1.20,1.00
2015.12.14 13:42:07.540,1.51813,1.51838,1.00,1.15
2015.12.14 13:42:08.551,1.51811,1.51836,1.57,1.00
2015.12.14 13:42:08.653,1.51811,1.51833,1.00,1.55
2015.12.14 13:42:08.705,1.51807,1.51831,1.50,1.87
2015.12.14 13:42:08.867,1.51805,1.51831,1.20,2.62
2015.12.14 13:42:09.884,1.51805,1.51829,1.00,1.95
2015.12.14 13:42:12.589,1.51802,1.51829,1.20,2.70
2015.12.14 13:42:12.793,1.51799,1.51825,1.87,1.87
2015.12.14 13:42:12.946,1.51801,1.51825,1.00,1.87
2015.12.14 13:42:13.723,1.51801,1.51824,1.00,1.12
2015.12.14 13:42:14.491,1.51801,1.51825,1.00,2.25
2015.12.14 13:42:14.998,1.51803,1.51825,1.00,1.50
2015.12.14 13:42:15.490,1.51803,1.51825,1.12,1.10
2015.12.14 13:42:15.997,1.51803,1.51826,1.00,1.20
2015.12.14 13:42:16.257,1.518,1.51826,1.17,1.20
2015.12.14 13:42:16.469,1.518,1.51824,1.10,1.47
2015.12.14 13:42:16.977,1.518,1.51824,1.00,1.87
2015.12.14 13:42:17.466,1.51799,1.51822,1.50,1.87
2015.12.14 13:42:17.790,1.51797,1.51819,1.00,1.82
2015.12.14 13:42:21.504,1.51797,1.51818,1.00,1.50
2015.12.14 13:42:21.607,1.51793,1.51817,1.50,1.57
2015.12.14 13:42:22.115,1.51794,1.51816,1.00,1.87
2015.12.14 13:42:24.282,1.51794,1.51817,1.12,1.12
2015.12.14 13:42:24.384,1.51798,1.51817,1.00,1.12
2015.12.14 13:42:24.740,1.51798,1.51818,1.00,1.07
2015.12.14 13:42:26.157,1.51798,1.51818,1.00,1.12
2015.12.14 13:42:27.039,1.51798,1.51819,1.00,2.25
2015.12.14 13:42:27.193,1.51801,1.51819,1.00,1.12
2015.12.14 13:42:27.244,1.51801,1.51821,1.00,1.20
2015.12.14 13:42:27.759,1.51801,1.51822,1.00,1.95
2015.12.14 13:42:28.647,1.51797,1.51822,1.12,2.32
2015.12.14 13:42:29.679,1.51795,1.51822,1.95,1.57
2015.12.14 13:42:30.215,1.51795,1.51821,1.87,1.20
2015.12.14 13:42:30.734,1.51795,1.5182,1.87,1.45
2015.12.14 13:42:31.090,1.51795,1.51818,1.00,1.47
2015.12.14 13:42:31.228,1.51795,1.51818,1.00,1.20
2015.12.14 13:42:31.586,1.51799,1.5182,1.00,1.12
2015.12.14 13:42:32.098,1.51799,1.51821,1.00,1.20
2015.12.14 13:42:32.427,1.51802,1.51821,1.00,1.20
2015.12.14 13:42:32.934,1.51802,1.51824,1.00,1.50
2015.12.14 13:42:34.047,1.51802,1.51823,1.00,1.45
2015.12.14 13:42:34.301,1.518,1.51823,1.00,1.75
2015.12.14 13:42:36.908,1.518,1.51823,1.00,1.12
2015.12.14 13:42:37.417,1.51797,1.51821,1.12,1.95
2015.12.14 13:42:37.679,1.51797,1.5182,1.12,1.12
2015.12.14 13:42:39.780,1.51797,1.51821,1.12,2.70
2015.12.14 13:42:40.232,1.51797,1.51821,1.12,1.17
2015.12.14 13:42:40.741,1.51797,1.51821,1.12,1.20
2015.12.14 13:42:43.234,1.51797,1.5182,1.12,1.55
2015.12.14 13:42:43.352,1.51797,1.51818,1.12,1.07
2015.12.14 13:42:44.190,1.51799,1.51818,1.00,1.07
2015.12.14 13:42:44.292,1.51799,1.51821,1.00,1.87
2015.12.14 13:42:45.176,1.51799,1.51821,1.00,1.20
2015.12.14 13:42:46.046,1.51799,1.51821,1.00,1.50
2015.12.14 13:42:47.620,1.51799,1.51821,1.00,2.25
2015.12.14 13:42:47.975,1.51802,1.51821,1.00,2.25
2015.12.14 13:42:48.609,1.51801,1.51821,1.00,2.25
2015.12.14 13:42:48.938,1.51801,1.51819,1.00,1.50
2015.12.14 13:42:49.040,1.51801,1.51819,1.00,1.07
2015.12.14 13:42:51.318,1.51798,1.51819,1.00,1.85
2015.12.14 13:42:51.573,1.51802,1.5182,1.00,1.87
2015.12.14 13:42:51.777,1.51804,1.51822,1.00,1.82
2015.12.14 13:42:51.930,1.51808,1.51823,1.00,1.95
2015.12.14 13:42:52.031,1.51808,1.51825,1.00,1.27
2015.12.14 13:42:53.435,1.51805,1.51826,1.00,1.20
2015.12.14 13:42:55.970,1.51805,1.51826,1.00,1.20
2015.12.14 13:42:57.068,1.51805,1.51826,1.00,1.17
2015.12.14 13:42:57.373,1.51808,1.51826,1.00,1.17
2015.12.14 13:43:00.248,1.51808,1.51827,1.00,2.62
2015.12.14 13:43:01.713,1.51802,1.51826,1.00,1.20
2015.12.14 13:43:01.764,1.51802,1.51825,1.00,2.40
2015.12.14 13:43:02.070,1.51802,1.51821,1.00,2.02
2015.12.14 13:43:03.876,1.51804,1.51824,1.00,1.95
2015.12.14 13:43:05.159,1.51804,1.51824,1.00,1.82
2015.12.14 13:43:06.447,1.51801,1.51823,1.00,1.95
2015.12.14 13:43:06.499,1.51801,1.51821,1.00,1.20
2015.12.14 13:43:07.215,1.51796,1.51816,1.00,1.12
2015.12.14 13:43:07.266,1.51796,1.51816,1.00,1.50
2015.12.14 13:43:07.390,1.51793,1.51815,1.00,1.27
2015.12.14 13:43:07.543,1.51793,1.51815,1.00,1.65
2015.12.14 13:43:07.594,1.51793,1.51815,1.00,1.65
2015.12.14 13:43:07.646,1.51791,1.51815,1.00,2.40
2015.12.14 13:43:07.698,1.51788,1.51811,1.95,1.37
2015.12.14 13:43:08.005,1.51771,1.51791,1.37,1.85
2015.12.14 13:43:08.056,1.5177,1.51791,1.00,1.95
2015.12.14 13:43:09.474,1.5177,1.51789,1.00,1.00
2015.12.14 13:43:10.414,1.5177,1.51788,1.00,1.00
2015.12.14 13:43:10.899,1.51766,1.51787,1.00,1.00
2015.12.14 13:43:11.002,1.51766,1.51786,1.00,1.45
2015.12.14 13:43:11.053,1.51764,1.51786,1.00,2.40
2015.12.14 13:43:11.104,1.51761,1.51786,1.50,2.40
2015.12.14 13:43:11.156,1.51761,1.51782,1.00,1.82
2015.12.14 13:43:11.461,1.51758,1.51778,1.00,1.95
2015.12.14 13:43:11.943,1.51753,1.51778,1.00,2.70
2015.12.14 13:43:11.994,1.51757,1.51777,1.00,1.20
2015.12.14 13:43:12.097,1.51754,1.51776,1.00,1.20
2015.12.14 13:43:12.300,1.51754,1.51776,1.00,1.95
2015.12.14 13:43:12.503,1.51751,1.51771,1.00,1.00
2015.12.14 13:43:13.949,1.51754,1.51773,1.00,1.15
2015.12.14 13:43:14.313,1.5175,1.51775,1.00,1.55
2015.12.14 13:43:14.821,1.5175,1.51773,1.00,1.17
2015.12.14 13:43:15.350,1.51746,1.51773,2.02,1.65
2015.12.14 13:43:15.402,1.51746,1.51771,1.92,1.37
2015.12.14 13:43:15.710,1.51743,1.5176,1.00,1.15
2015.12.14 13:43:16.583,1.5174,1.51762,1.50,1.75
2015.12.14 13:43:16.635,1.5174,1.51759,1.00,1.12
2015.12.14 13:43:16.687,1.51737,1.51759,1.12,1.50
2015.12.14 13:43:16.840,1.51734,1.51756,1.00,1.87
2015.12.14 13:43:17.196,1.51729,1.51754,1.00,1.20
2015.12.14 13:43:17.247,1.51727,1.51752,1.37,1.20
2015.12.14 13:43:17.567,1.51731,1.5175,1.00,1.95
2015.12.14 13:43:17.872,1.51733,1.5175,1.00,1.57
2015.12.14 13:43:18.853,1.51734,1.5175,1.00,1.47
2015.12.14 13:43:19.107,1.51732,1.51749,1.00,1.75
2015.12.14 13:43:19.158,1.51732,1.51747,1.00,1.87
2015.12.14 13:43:19.209,1.51726,1.51744,1.00,1.10
2015.12.14 13:43:19.686,1.51726,1.51748,1.50,2.02
2015.12.14 13:43:20.143,1.51725,1.51746,1.00,1.82
2015.12.14 13:43:20.448,1.51724,1.51743,1.00,1.55
2015.12.14 13:43:20.796,1.51704,1.51711,1.45,1.00
2015.12.14 13:43:21.255,1.51704,1.51722,2.32,1.15
2015.12.14 13:43:21.357,1.51704,1.51711,1.95,1.00
2015.12.14 13:43:21.879,1.51707,1.51722,1.57,1.80
2015.12.14 13:43:21.980,1.5171,1.51721,1.37,1.00
2015.12.14 13:43:22.285,1.51715,1.51722,1.00,1.57
2015.12.14 13:43:22.557,1.51715,1.51724,1.00,1.00
2015.12.14 13:43:22.963,1.51712,1.51724,1.52,1.00
2015.12.14 13:43:23.117,1.51713,1.51723,1.85,1.00
2015.12.14 13:43:23.219,1.51713,1.51723,1.52,1.00
2015.12.14 13:43:23.473,1.51713,1.51733,1.55,1.00
2015.12.14 13:43:23.666,1.51718,1.51736,1.00,1.00
2015.12.14 13:43:23.718,1.51721,1.51741,1.00,1.65
2015.12.14 13:43:23.820,1.51718,1.51741,1.00,1.65
2015.12.14 13:43:24.328,1.51718,1.51739,1.12,1.00
2015.12.14 13:43:25.017,1.51717,1.51739,1.20,1.00
2015.12.14 13:43:25.170,1.51714,1.51737,2.40,1.00
2015.12.14 13:43:25.273,1.5171,1.51736,2.70,1.10
2015.12.14 13:43:25.324,1.5171,1.51736,2.32,1.20
2015.12.14 13:43:25.875,1.5171,1.51734,1.10,1.57
2015.12.14 13:43:26.386,1.5171,1.51731,1.10,1.00
2015.12.14 13:43:26.641,1.51707,1.51731,1.57,1.00
2015.12.14 13:43:26.744,1.51704,1.51731,1.95,1.57
2015.12.14 13:43:26.914,1.51704,1.51728,1.52,1.37
2015.12.14 13:43:27.374,1.51702,1.51724,1.87,1.37
2015.12.14 13:43:27.476,1.51697,1.51717,1.20,1.00
2015.12.14 13:43:28.100,1.51697,1.51718,1.00,1.75
2015.12.14 13:43:28.611,1.51694,1.51715,1.52,1.00
2015.12.14 13:43:29.122,1.51695,1.51717,1.00,1.47
2015.12.14 13:43:29.530,1.51691,1.51716,1.17,1.17
2015.12.14 13:43:30.203,1.51691,1.5172,1.52,1.50
2015.12.14 13:43:30.254,1.51691,1.5172,1.52,1.45
2015.12.14 13:43:30.668,1.51691,1.51717,1.65,1.37
2015.12.14 13:43:31.176,1.51691,1.5172,2.02,1.87
2015.12.14 13:43:31.227,1.51694,1.5172,1.37,1.45
2015.12.14 13:43:31.279,1.51694,1.51721,2.25,1.12
2015.12.14 13:43:31.404,1.51701,1.51723,1.00,1.65
2015.12.14 13:43:31.455,1.51701,1.51724,1.00,1.17
2015.12.14 13:43:31.507,1.51706,1.51725,1.37,1.00
2015.12.14 13:43:32.121,1.51706,1.51724,1.55,1.00
2015.12.14 13:43:32.745,1.51705,1.5173,1.95,1.00
2015.12.14 13:43:33.014,1.51708,1.51734,2.32,1.07
2015.12.14 13:43:33.065,1.51708,1.51735,2.32,1.65
2015.12.14 13:43:33.234,1.51707,1.51734,1.47,1.87
2015.12.14 13:43:33.671,1.51708,1.51732,1.37,1.37
2015.12.14 13:43:34.190,1.51712,1.51734,1.10,1.00
2015.12.14 13:43:34.242,1.51713,1.51738,1.12,1.12
2015.12.14 13:43:34.684,1.51715,1.5174,1.95,1.00
2015.12.14 13:43:34.787,1.51715,1.51741,1.00,1.45
2015.12.14 13:43:35.550,1.51714,1.5174,1.00,2.02
2015.12.14 13:43:35.668,1.51714,1.51738,1.00,1.95
2015.12.14 13:43:35.772,1.51708,1.51735,2.70,1.50
2015.12.14 13:43:35.874,1.51708,1.51734,1.27,1.12
2015.12.14 13:43:36.180,1.51707,1.51731,1.45,1.37
2015.12.14 13:43:36.714,1.51706,1.5173,1.57,1.37
2015.12.14 13:43:36.765,1.51706,1.5173,1.20,1.47
2015.12.14 13:43:37.070,1.51706,1.51726,1.12,1.12
2015.12.14 13:43:37.375,1.51701,1.51717,1.00,1.12
2015.12.14 13:43:37.426,1.51701,1.51718,1.00,1.87
2015.12.14 13:43:37.478,1.51691,1.51718,1.37,2.25
2015.12.14 13:43:37.648,1.51691,1.51717,1.37,1.75
2015.12.14 13:43:37.750,1.51691,1.51716,1.00,1.12
2015.12.14 13:43:37.853,1.51691,1.51716,1.00,1.50
2015.12.14 13:43:38.365,1.51688,1.51713,1.85,1.07
2015.12.14 13:43:39.626,1.51695,1.51713,1.00,1.07
2015.12.14 13:43:39.677,1.51693,1.51713,1.00,1.45
2015.12.14 13:43:39.728,1.51696,1.51713,1.00,1.20
2015.12.14 13:43:39.860,1.51696,1.51719,1.12,1.15
2015.12.14 13:43:40.572,1.51694,1.5172,1.12,1.87
2015.12.14 13:43:40.911,1.51691,1.51716,1.95,1.37
2015.12.14 13:43:41.270,1.51688,1.51715,2.02,1.27
2015.12.14 13:43:41.687,1.51688,1.51714,1.12,1.55
2015.12.14 13:43:41.839,1.51688,1.51714,1.50,1.55
2015.12.14 13:43:42.144,1.5169,1.51711,1.00,1.55
2015.12.14 13:43:42.668,1.51689,1.51711,1.00,1.92
2015.12.14 13:43:43.775,1.51689,1.51705,1.00,1.37
2015.12.14 13:43:44.081,1.5167,1.5169,1.75,1.50
2015.12.14 13:43:44.133,1.5167,1.51688,1.75,1.37
2015.12.14 13:43:44.338,1.51665,1.51684,1.00,1.07
2015.12.14 13:43:44.390,1.51669,1.51686,1.00,1.20
2015.12.14 13:43:44.658,1.51655,1.51681,2.77,1.50
2015.12.14 13:43:45.166,1.51659,1.51678,1.00,1.50
2015.12.14 13:43:45.268,1.51657,1.51678,1.00,1.65
2015.12.14 13:43:45.319,1.51657,1.51678,1.00,2.02
2015.12.14 13:43:45.838,1.51659,1.51678,1.00,1.57
2015.12.14 13:43:45.992,1.51663,1.51686,1.20,1.12
2015.12.14 13:43:46.043,1.51669,1.51685,1.00,1.20
2015.12.14 13:43:46.349,1.51672,1.51686,1.00,1.37
2015.12.14 13:43:46.400,1.51669,1.51686,1.00,1.37
2015.12.14 13:43:46.451,1.51669,1.51683,1.00,1.37
2015.12.14 13:43:46.784,1.51672,1.51684,1.00,1.57
2015.12.14 13:43:46.937,1.51656,1.51678,1.50,1.45
2015.12.14 13:43:47.142,1.51655,1.5168,1.07,1.47
2015.12.14 13:43:47.688,1.51654,1.51679,1.95,1.37
2015.12.14 13:43:47.895,1.51654,1.5168,1.12,2.02
2015.12.14 13:43:48.048,1.51652,1.51677,1.20,1.17
2015.12.14 13:43:48.355,1.51652,1.51677,1.57,1.00
2015.12.14 13:43:48.726,1.51652,1.51677,1.20,1.37
2015.12.14 13:43:48.880,1.51652,1.51677,1.20,1.00
2015.12.14 13:43:49.033,1.51652,1.51678,1.00,1.52
2015.12.14 13:43:49.185,1.51651,1.51676,1.65,1.50
2015.12.14 13:43:49.236,1.51649,1.51675,2.40,1.57
2015.12.14 13:43:49.288,1.51649,1.51672,1.65,1.37
2015.12.14 13:43:49.838,1.5165,1.51673,1.00,1.12
2015.12.14 13:43:50.144,1.51659,1.51683,1.10,1.57
2015.12.14 13:43:50.246,1.51662,1.51681,1.00,1.00
2015.12.14 13:43:50.348,1.5166,1.51681,1.10,1.00
2015.12.14 13:43:50.622,1.5166,1.51683,1.47,1.37
2015.12.14 13:43:50.675,1.51658,1.51683,3.07,1.00
2015.12.14 13:43:50.777,1.51662,1.51685,1.37,1.00
2015.12.14 13:43:51.567,1.51662,1.51686,1.37,1.10
2015.12.14 13:43:51.780,1.51664,1.51687,1.37,1.17
2015.12.14 13:43:52.731,1.51667,1.5169,1.00,1.20
2015.12.14 13:43:52.885,1.51673,1.51694,1.50,1.50
2015.12.14 13:43:52.937,1.51672,1.5169,1.20,1.47
2015.12.14 13:43:53.040,1.51666,1.51688,1.50,1.10
2015.12.14 13:43:53.091,1.51665,1.51688,1.50,1.20
2015.12.14 13:43:53.193,1.51664,1.51688,1.12,1.95
2015.12.14 13:43:53.650,1.51666,1.51686,1.00,1.65
2015.12.14 13:43:53.767,1.51664,1.51687,1.12,1.20
2015.12.14 13:43:53.920,1.51659,1.51687,3.37,2.25
2015.12.14 13:43:54.124,1.51659,1.51684,1.37,2.70
2015.12.14 13:43:54.328,1.51659,1.5168,1.37,1.37
2015.12.14 13:43:54.430,1.51655,1.5168,1.95,1.75
2015.12.14 13:43:54.582,1.51654,1.51677,1.12,1.37
2015.12.14 13:43:54.735,1.51652,1.51675,1.10,1.37
2015.12.14 13:43:54.978,1.5165,1.51675,1.10,1.57
2015.12.14 13:43:55.385,1.5165,1.51677,2.62,1.12
2015.12.14 13:43:55.691,1.51653,1.5168,1.95,1.87
2015.12.14 13:43:56.012,1.51655,1.5168,1.12,1.12
2015.12.14 13:43:56.216,1.51655,1.51678,1.12,1.12
2015.12.14 13:43:56.268,1.51654,1.51678,1.20,1.00
2015.12.14 13:43:56.370,1.51656,1.51678,1.00,1.12
2015.12.14 13:43:56.587,1.51653,1.51678,1.55,1.12
2015.12.14 13:43:56.740,1.51661,1.51679,1.00,1.47
2015.12.14 13:43:56.842,1.51659,1.51684,1.00,1.75
2015.12.14 13:43:56.894,1.51659,1.51685,1.87,1.50
2015.12.14 13:43:56.999,1.51662,1.51683,1.50,1.37
2015.12.14 13:43:57.155,1.5166,1.51684,1.47,1.07
2015.12.14 13:43:57.207,1.51658,1.51683,1.95,1.47
2015.12.14 13:43:57.259,1.51656,1.51682,1.47,2.62
2015.12.14 13:43:57.565,1.5165,1.51674,1.20,1.00
2015.12.14 13:43:59.417,1.51649,1.51678,1.65,2.40
2015.12.14 13:43:59.519,1.51651,1.51678,1.12,1.57
2015.12.14 13:43:59.571,1.51654,1.5168,1.65,1.20
2015.12.14 13:43:59.876,1.51658,1.51683,1.20,1.45
2015.12.14 13:43:59.927,1.51658,1.51683,1.27,1.37
2015.12.14 13:44:00.333,1.51661,1.51685,1.20,1.37
2015.12.14 13:44:00.436,1.51661,1.51685,1.07,1.00
2015.12.14 13:44:01.880,1.51661,1.51683,1.95,1.00
2015.12.14 13:44:02.235,1.51659,1.51683,2.02,1.00
2015.12.14 13:44:02.287,1.5166,1.51679,1.00,1.00
2015.12.14 13:44:02.817,1.5166,1.51679,1.17,1.00
2015.12.14 13:44:03.021,1.5166,1.51683,1.17,1.00
2015.12.14 13:44:03.174,1.51661,1.51683,1.47,1.00
2015.12.14 13:44:03.483,1.51662,1.51683,1.12,1.00
2015.12.14 13:44:03.534,1.51662,1.51686,1.12,1.37
2015.12.14 13:44:03.639,1.51664,1.51687,1.50,1.00
2015.12.14 13:44:04.045,1.51667,1.51688,1.07,1.00
2015.12.14 13:44:04.350,1.51668,1.51693,1.15,1.37
2015.12.14 13:44:04.401,1.51669,1.51693,1.12,1.75
2015.12.14 13:44:04.503,1.51672,1.51693,1.45,1.00
2015.12.14 13:44:04.605,1.51673,1.51693,1.07,1.00
2015.12.14 13:44:04.919,1.51673,1.5169,1.50,1.00
2015.12.14 13:44:05.072,1.51673,1.51693,1.12,1.00
2015.12.14 13:44:05.276,1.51673,1.51696,1.50,1.12
2015.12.14 13:44:05.531,1.51676,1.51696,1.07,1.00
2015.12.14 13:44:06.049,1.51676,1.51699,2.25,2.25
2015.12.14 13:44:06.456,1.51676,1.51694,3.00,1.37
2015.12.14 13:44:06.660,1.5166,1.51678,1.37,1.00
2015.12.14 13:44:06.726,1.5166,1.51678,1.00,1.00
2015.12.14 13:44:06.777,1.51658,1.51678,1.00,1.00
2015.12.14 13:44:06.828,1.51654,1.51678,1.65,1.00
2015.12.14 13:44:06.982,1.51664,1.51678,1.37,1.00
2015.12.14 13:44:07.084,1.51658,1.51678,1.87,1.00
2015.12.14 13:44:07.288,1.51654,1.51677,1.12,1.00
2015.12.14 13:44:07.339,1.51654,1.51679,1.12,1.10
2015.12.14 13:44:07.870,1.51652,1.51676,1.92,1.00
2015.12.14 13:44:09.967,1.51652,1.51679,1.65,1.57
2015.12.14 13:44:10.852,1.51654,1.51676,1.00,1.00
2015.12.14 13:44:11.575,1.51654,1.51678,1.00,1.15
2015.12.14 13:44:11.880,1.51654,1.51679,1.90,1.00
2015.12.14 13:44:11.982,1.51654,1.51679,1.65,1.00
2015.12.14 13:44:12.525,1.51654,1.51676,1.65,1.00
2015.12.14 13:44:13.034,1.51652,1.51676,2.25,1.00
2015.12.14 13:44:13.339,1.51653,1.51678,1.87,1.00
2015.12.14 13:44:13.671,1.51668,1.51681,1.00,1.12
2015.12.14 13:44:13.722,1.51668,1.51683,1.00,1.57
2015.12.14 13:44:13.979,1.51668,1.51685,1.00,1.47
2015.12.14 13:44:14.031,1.51669,1.51687,1.00,1.20
2015.12.14 13:44:14.082,1.51669,1.51687,1.75,1.00
2015.12.14 13:44:14.185,1.51665,1.51687,1.95,1.10
2015.12.14 13:44:15.104,1.51669,1.51691,1.00,1.27
2015.12.14 13:44:15.360,1.51668,1.51692,1.12,1.00
2015.12.14 13:44:15.412,1.51667,1.51692,1.65,1.00
2015.12.14 13:44:15.616,1.5167,1.51692,1.87,1.00
2015.12.14 13:44:15.880,1.51671,1.51696,1.15,2.02
2015.12.14 13:44:16.032,1.51671,1.51697,1.95,1.20
2015.12.14 13:44:16.337,1.51677,1.51701,1.57,1.57
2015.12.14 13:44:16.439,1.51679,1.51704,1.27,1.65
2015.12.14 13:44:16.592,1.51682,1.51707,1.00,1.57
2015.12.14 13:44:16.694,1.51682,1.51707,1.00,1.12
2015.12.14 13:44:16.858,1.51684,1.51708,1.37,1.87
2015.12.14 13:44:17.366,1.51684,1.51707,1.37,1.37
2015.12.14 13:44:17.671,1.51689,1.51712,1.00,1.00
2015.12.14 13:44:18.014,1.51689,1.51714,1.07,1.20
2015.12.14 13:44:18.423,1.51693,1.51717,1.00,1.95
2015.12.14 13:44:18.729,1.517,1.51717,1.95,1.37
2015.12.14 13:44:19.041,1.51706,1.51717,1.10,1.37
2015.12.14 13:44:19.447,1.51703,1.51729,1.50,1.27
2015.12.14 13:44:20.839,1.51707,1.5173,1.00,2.32
2015.12.14 13:44:21.044,1.51708,1.51733,1.10,1.87
2015.12.14 13:44:21.182,1.51709,1.51733,1.10,1.00
2015.12.14 13:44:21.692,1.51708,1.51732,2.02,1.00
2015.12.14 13:44:22.201,1.51707,1.51732,1.17,1.17
2015.12.14 13:44:22.728,1.51707,1.51732,1.17,2.40
2015.12.14 13:44:23.236,1.51706,1.51732,2.70,1.55
2015.12.14 13:44:23.715,1.51711,1.51734,1.00,1.87
2015.12.14 13:44:23.970,1.51717,1.51741,1.65,1.10
2015.12.14 13:44:24.122,1.51725,1.51741,1.00,1.10
2015.12.14 13:44:24.971,1.51725,1.5174,1.00,1.00
2015.12.14 13:44:25.023,1.51723,1.51739,1.00,1.00
2015.12.14 13:44:25.074,1.51723,1.51739,1.00,1.20
2015.12.14 13:44:25.125,1.51719,1.51737,1.00,1.85
2015.12.14 13:44:25.228,1.51712,1.51737,1.00,2.70
2015.12.14 13:44:26.321,1.5171,1.51737,1.87,1.65
2015.12.14 13:44:27.300,1.5171,1.51737,1.57,2.25
2015.12.14 13:44:28.821,1.51711,1.51735,1.20,1.12
2015.12.14 13:44:29.017,1.51712,1.51735,1.87,1.12
2015.12.14 13:44:29.170,1.51713,1.51739,1.87,1.37
2015.12.14 13:44:29.272,1.51717,1.51741,1.57,1.37
2015.12.14 13:44:29.324,1.51718,1.51741,1.17,1.00
2015.12.14 13:44:29.732,1.51717,1.5174,1.12,1.07
2015.12.14 13:44:30.318,1.51718,1.51741,1.12,1.45
2015.12.14 13:44:30.622,1.51721,1.51741,1.00,1.45
2015.12.14 13:44:30.725,1.51721,1.51743,1.00,1.87
2015.12.14 13:44:30.979,1.51728,1.51743,1.00,1.87
2015.12.14 13:44:31.294,1.51739,1.51746,1.23,1.50
2015.12.14 13:44:31.346,1.51741,1.51749,1.00,1.27
2015.12.14 13:44:31.854,1.51737,1.51751,1.50,1.45
2015.12.14 13:44:32.299,1.51737,1.51753,2.00,1.95
2015.12.14 13:44:32.820,1.51741,1.51754,1.00,1.07
2015.12.14 13:44:33.023,1.51743,1.51754,1.00,1.07
2015.12.14 13:44:33.125,1.51743,1.51756,1.00,1.20
2015.12.14 13:44:34.825,1.51743,1.5176,1.00,2.25
2015.12.14 13:44:35.782,1.51743,1.5176,1.00,1.17
2015.12.14 13:44:35.884,1.51743,1.51757,1.00,1.37
2015.12.14 13:44:36.406,1.51742,1.51757,1.00,1.50
2015.12.14 13:44:36.686,1.51738,1.51757,1.50,1.50
2015.12.14 13:44:36.737,1.51741,1.51757,1.00,1.50
2015.12.14 13:44:37.042,1.51746,1.51756,1.00,1.12
2015.12.14 13:44:37.093,1.51746,1.51756,1.00,1.00
2015.12.14 13:44:38.031,1.51745,1.51761,1.00,2.25
2015.12.14 13:44:38.184,1.51743,1.51758,1.00,1.50
2015.12.14 13:44:38.488,1.51741,1.51757,1.00,1.20
2015.12.14 13:44:39.187,1.51745,1.51757,1.00,1.20
2015.12.14 13:44:39.291,1.51741,1.51757,1.00,1.20
2015.12.14 13:44:39.343,1.51743,1.51754,1.00,1.00
2015.12.14 13:44:39.499,1.51741,1.51754,1.00,1.00
2015.12.14 13:44:39.550,1.51741,1.51754,1.00,1.37
2015.12.14 13:44:39.873,1.51751,1.51768,1.00,2.25
2015.12.14 13:44:39.924,1.51751,1.51769,1.00,1.45
2015.12.14 13:44:40.434,1.51752,1.51771,1.00,1.95
2015.12.14 13:44:40.790,1.51753,1.51773,1.00,1.95
2015.12.14 13:44:41.831,1.51755,1.51774,1.00,1.50
2015.12.14 13:44:41.932,1.51755,1.51775,1.00,1.57
2015.12.14 13:44:42.237,1.5176,1.51775,1.00,1.57
2015.12.14 13:44:42.389,1.51761,1.51781,1.00,1.55
2015.12.14 13:44:42.905,1.51764,1.51783,1.00,2.32
2015.12.14 13:44:42.957,1.51764,1.51785,1.00,1.12
2015.12.14 13:44:43.008,1.51766,1.51787,1.00,1.27
2015.12.14 13:44:43.060,1.51768,1.51788,1.00,1.57
2015.12.14 13:44:43.264,1.51768,1.51788,1.00,1.10
2015.12.14 13:44:43.671,1.5177,1.51788,1.00,1.50
2015.12.14 13:44:44.178,1.5177,1.51789,1.00,1.37
2015.12.14 13:44:44.689,1.5177,1.51788,1.00,1.37
2015.12.14 13:44:45.211,1.5177,1.51789,1.00,1.37
2015.12.14 13:44:45.721,1.5177,1.51788,1.00,1.37
2015.12.14 13:44:46.697,1.51769,1.51789,1.00,1.47
2015.12.14 13:44:46.952,1.51767,1.51788,1.10,1.37
2015.12.14 13:44:47.054,1.51769,1.51788,1.00,1.37
2015.12.14 13:44:47.563,1.51768,1.51789,1.00,1.47
2015.12.14 13:44:48.082,1.51768,1.51788,1.00,1.37
2015.12.14 13:44:48.788,1.51768,1.51789,1.00,1.47
2015.12.14 13:44:49.320,1.51768,1.51788,1.00,1.37
2015.12.14 13:44:49.643,1.51771,1.51788,1.00,1.37
2015.12.14 13:44:50.680,1.51769,1.51788,1.00,1.37
2015.12.14 13:44:52.875,1.51769,1.51789,1.00,1.37
2015.12.14 13:44:53.381,1.51769,1.51788,1.00,1.37
2015.12.14 13:44:53.890,1.51769,1.51789,1.00,1.47
2015.12.14 13:44:54.558,1.51766,1.51789,1.07,1.47
2015.12.14 13:44:56.529,1.51766,1.51788,1.07,1.37
2015.12.14 13:44:56.871,1.51765,1.51788,1.20,1.37
2015.12.14 13:44:57.095,1.51765,1.51785,1.20,1.37
2015.12.14 13:44:57.350,1.51759,1.51781,1.12,1.82
2015.12.14 13:44:57.504,1.51757,1.51778,1.07,1.12
2015.12.14 13:44:57.606,1.51753,1.51775,1.10,1.85
2015.12.14 13:44:57.657,1.51753,1.51773,1.00,1.45
2015.12.14 13:44:58.199,1.51752,1.51776,1.37,1.57
2015.12.14 13:44:58.912,1.5175,1.51775,1.10,1.00
2015.12.14 13:44:59.015,1.51748,1.51772,1.20,1.50
2015.12.14 13:44:59.129,1.51747,1.51771,1.00,2.20
2015.12.14 13:44:59.383,1.51744,1.51768,1.57,1.27
2015.12.14 13:44:59.435,1.51744,1.51768,1.50,1.95
2015.12.14 13:44:59.790,1.51747,1.51768,1.00,1.95
2015.12.14 13:44:59.943,1.51747,1.51768,1.00,1.20
2015.12.14 13:45:00.197,1.51747,1.51771,1.50,1.27
2015.12.14 13:45:00.251,1.51749,1.51771,1.00,1.27
2015.12.14 13:45:00.761,1.5175,1.51771,1.00,1.27
2015.12.14 13:45:00.863,1.51747,1.51771,1.00,1.27
2015.12.14 13:45:00.914,1.51747,1.51767,1.00,1.50
2015.12.14 13:45:01.440,1.51747,1.51768,1.00,2.32
2015.12.14 13:45:01.948,1.51745,1.51768,1.00,2.32
2015.12.14 13:45:02.050,1.51745,1.51766,1.00,1.20
2015.12.14 13:45:02.515,1.51747,1.51769,1.00,2.62
2015.12.14 13:45:03.177,1.51747,1.51769,1.00,1.95
2015.12.14 13:45:03.382,1.51747,1.5177,1.10,1.17
2015.12.14 13:45:03.952,1.51749,1.5177,1.00,1.17
2015.12.14 13:45:04.257,1.51749,1.5177,1.00,1.87
2015.12.14 13:45:06.060,1.51748,1.5177,1.00,1.50
2015.12.14 13:45:06.474,1.51748,1.51765,1.00,1.00
2015.12.14 13:45:06.526,1.51743,1.51765,1.00,1.07
2015.12.14 13:45:06.630,1.51741,1.51758,1.00,1.87
2015.12.14 13:45:06.939,1.51738,1.51752,1.69,1.50
2015.12.14 13:45:07.494,1.51736,1.51751,1.69,1.20
2015.12.14 13:45:07.850,1.51732,1.51746,1.69,1.37
2015.12.14 13:45:07.951,1.51729,1.51746,1.00,1.37
2015.12.14 13:45:08.104,1.51726,1.51746,1.10,1.37
2015.12.14 13:45:08.730,1.51725,1.51746,1.00,1.47
2015.12.14 13:45:10.184,1.51723,1.51746,1.00,1.65
2015.12.14 13:45:10.236,1.51725,1.51746,1.00,1.65
2015.12.14 13:45:10.746,1.51725,1.51747,1.00,1.45
2015.12.14 13:45:11.263,1.51726,1.51748,1.00,1.37
2015.12.14 13:45:11.314,1.51726,1.51749,1.00,1.55
2015.12.14 13:45:11.822,1.51726,1.51749,1.00,1.92
2015.12.14 13:45:12.026,1.51724,1.5175,1.00,3.07
2015.12.14 13:45:12.077,1.51724,1.51739,1.00,1.00
2015.12.14 13:45:12.647,1.51724,1.51743,1.00,1.00
2015.12.14 13:45:12.699,1.51726,1.51743,1.00,1.00
2015.12.14 13:45:13.156,1.51728,1.51743,1.00,1.00
2015.12.14 13:45:13.359,1.51728,1.51745,1.00,1.00
2015.12.14 13:45:13.563,1.51728,1.51741,1.00,1.00
2015.12.14 13:45:13.766,1.51725,1.51741,1.20,1.00
2015.12.14 13:45:13.965,1.51725,1.51744,1.20,1.00
2015.12.14 13:45:14.067,1.51725,1.51742,1.20,1.00
2015.12.14 13:45:14.575,1.51725,1.51743,1.20,1.00
2015.12.14 13:45:15.573,1.51725,1.51743,1.57,1.00
2015.12.14 13:45:16.073,1.51725,1.51741,1.57,1.00
2015.12.14 13:45:18.060,1.51728,1.51742,1.27,1.00
2015.12.14 13:45:18.379,1.51728,1.5174,1.27,1.00
2015.12.14 13:45:18.685,1.5173,1.51741,1.37,1.00
2015.12.14 13:45:18.888,1.51732,1.51751,1.12,1.42
2015.12.14 13:45:18.991,1.51732,1.51745,1.50,1.00
2015.12.14 13:45:19.094,1.51737,1.51748,1.00,1.00
2015.12.14 13:45:19.197,1.5174,1.51755,1.00,1.37
2015.12.14 13:45:19.248,1.51741,1.51758,1.00,1.50
2015.12.14 13:45:19.366,1.51744,1.51755,1.12,1.00
2015.12.14 13:45:19.519,1.51744,1.51757,1.00,1.00
2015.12.14 13:45:20.027,1.51744,1.51756,1.00,1.00
2015.12.14 13:45:20.231,1.51744,1.51754,1.00,1.00
2015.12.14 13:45:20.575,1.51746,1.51755,1.00,1.00
2015.12.14 13:45:20.677,1.51743,1.51755,1.47,1.00
2015.12.14 13:45:21.821,1.51743,1.51752,1.47,1.00
2015.12.14 13:45:22.329,1.51742,1.51752,1.55,1.00
2015.12.14 13:45:23.040,1.51743,1.51758,1.12,1.50
2015.12.14 13:45:23.909,1.5174,1.51758,1.57,1.00
2015.12.14 13:45:24.328,1.51738,1.51755,1.82,1.00
2015.12.14 13:45:24.690,1.51738,1.51758,1.82,1.00
2015.12.14 13:45:25.204,1.5174,1.51755,1.20,1.00
2015.12.14 13:45:25.256,1.51738,1.51753,1.82,1.00
2015.12.14 13:45:25.768,1.51736,1.51754,1.20,1.00
2015.12.14 13:45:26.201,1.51736,1.51757,1.20,1.00
2015.12.14 13:45:26.355,1.51737,1.51757,1.65,1.12
2015.12.14 13:45:26.611,1.51731,1.51752,1.12,1.00
2015.12.14 13:45:26.765,1.51732,1.51746,2.25,1.00
2015.12.14 13:45:26.929,1.5173,1.51748,1.12,1.00
2015.12.14 13:45:26.980,1.51729,1.5175,1.45,1.00
2015.12.14 13:45:27.184,1.5173,1.51752,1.52,1.00
2015.12.14 13:45:27.236,1.51732,1.51755,1.50,1.50
2015.12.14 13:45:27.746,1.51736,1.51756,1.10,1.00
2015.12.14 13:45:28.124,1.51733,1.51755,1.65,1.00
2015.12.14 13:45:28.175,1.51733,1.51757,1.65,1.00
2015.12.14 13:45:28.329,1.51733,1.51757,2.62,1.00
2015.12.14 13:45:28.887,1.51733,1.51757,1.57,1.10
2015.12.14 13:45:30.214,1.51732,1.51755,1.65,1.00
2015.12.14 13:45:30.564,1.51731,1.51753,1.57,1.00
2015.12.14 13:45:31.074,1.51729,1.51752,1.07,1.00
2015.12.14 13:45:31.176,1.51729,1.51749,1.07,1.00
2015.12.14 13:45:31.472,1.51728,1.51752,1.12,1.50
2015.12.14 13:45:31.524,1.51727,1.51751,1.37,1.20
2015.12.14 13:45:32.032,1.51727,1.51754,2.40,2.32
2015.12.14 13:45:32.235,1.51728,1.51749,1.20,1.00
2015.12.14 13:45:32.287,1.51725,1.51752,4.57,1.65
2015.12.14 13:45:32.789,1.51728,1.51755,1.20,4.12
2015.12.14 13:45:33.297,1.51729,1.51755,1.00,2.25
2015.12.14 13:45:33.399,1.51729,1.51755,1.57,1.57
2015.12.14 13:45:34.798,1.51727,1.51754,1.95,1.57
2015.12.14 13:45:34.919,1.51726,1.51752,1.50,1.57
2015.12.14 13:45:35.426,1.51725,1.5175,1.75,1.00
2015.12.14 13:45:35.832,1.51724,1.5175,2.62,1.20
2015.12.14 13:45:37.148,1.51723,1.5175,2.32,2.62
2015.12.14 13:45:37.453,1.51725,1.5175,1.20,1.17
2015.12.14 13:45:39.311,1.51725,1.51744,1.57,1.00
2015.12.14 13:45:39.919,1.51726,1.51744,1.57,1.00
2015.12.14 13:45:40.461,1.51728,1.51745,1.10,1.00
2015.12.14 13:45:43.615,1.51727,1.51745,1.50,1.00
2015.12.14 13:45:44.446,1.51727,1.51747,1.50,1.12
2015.12.14 13:45:45.183,1.51726,1.51747,1.00,1.17
2015.12.14 13:45:45.234,1.51722,1.51746,1.50,1.47
2015.12.14 13:45:45.285,1.51722,1.51744,1.12,1.50
2015.12.14 13:45:45.805,1.51717,1.51743,1.20,1.57
2015.12.14 13:45:46.785,1.51716,1.51743,2.70,1.57
2015.12.14 13:45:47.245,1.51718,1.51743,1.15,1.20
2015.12.14 13:45:48.469,1.51718,1.51743,1.37,2.25
2015.12.14 13:45:48.520,1.51715,1.5174,1.82,1.12
2015.12.14 13:45:48.572,1.51714,1.5174,1.57,2.32
2015.12.14 13:45:48.826,1.51713,1.5174,1.57,2.70
2015.12.14 13:45:52.017,1.51714,1.5174,1.00,1.95
2015.12.14 13:45:52.436,1.51714,1.5174,1.75,1.20
2015.12.14 13:45:54.128,1.51712,1.51739,2.02,1.27
2015.12.14 13:45:54.656,1.51711,1.51734,3.07,1.00
2015.12.14 13:45:55.179,1.51711,1.51734,1.57,1.00
2015.12.14 13:45:55.687,1.5171,1.51734,1.82,1.07
2015.12.14 13:45:55.739,1.5171,1.51734,1.00,2.25
2015.12.14 13:45:56.226,1.5171,1.51734,1.50,1.27
2015.12.14 13:45:57.127,1.51709,1.51734,1.20,1.27
2015.12.14 13:45:57.697,1.51708,1.51733,1.52,1.00
2015.12.14 13:45:57.850,1.51707,1.51732,1.10,1.57
2015.12.14 13:45:58.397,1.51707,1.5173,1.10,1.12
2015.12.14 13:45:58.652,1.51707,1.51733,1.20,1.20
2015.12.14 13:45:59.001,1.5171,1.51735,1.50,1.57
2015.12.14 13:45:59.307,1.51715,1.51736,1.00,1.00
2015.12.14 13:45:59.612,1.51717,1.51732,1.00,1.57
2015.12.14 13:45:59.926,1.51712,1.51728,1.00,1.55
2015.12.14 13:46:00.444,1.51712,1.5173,1.00,1.50
2015.12.14 13:46:00.749,1.51714,1.5173,1.00,1.50
2015.12.14 13:46:00.801,1.51714,1.51732,1.00,3.37
2015.12.14 13:46:00.852,1.51717,1.51732,1.00,2.62
2015.12.14 13:46:01.371,1.51718,1.51732,1.00,2.25
2015.12.14 13:46:01.685,1.51722,1.51733,1.00,1.50
2015.12.14 13:46:01.736,1.5172,1.51733,1.00,1.12
2015.12.14 13:46:01.787,1.5172,1.51736,1.00,1.87
2015.12.14 13:46:01.838,1.51716,1.51736,1.00,1.87
2015.12.14 13:46:01.889,1.51716,1.51738,1.00,1.55
2015.12.14 13:46:01.940,1.51716,1.5174,1.50,1.12
2015.12.14 13:46:01.992,1.51716,1.51742,1.57,1.45
2015.12.14 13:46:02.513,1.51721,1.51741,1.00,1.07
2015.12.14 13:46:03.124,1.51718,1.51741,1.37,1.95
2015.12.14 13:46:03.176,1.51716,1.51739,1.95,1.47
2015.12.14 13:46:03.417,1.51716,1.51738,1.12,1.50
2015.12.14 13:46:03.978,1.51715,1.51736,1.00,1.57
2015.12.14 13:46:04.232,1.51711,1.51734,1.00,1.00
2015.12.14 13:46:04.335,1.51708,1.51734,1.45,1.00
2015.12.14 13:46:04.387,1.51708,1.51732,1.45,1.00
2015.12.14 13:46:04.708,1.51704,1.51728,1.55,1.00
2015.12.14 13:46:05.539,1.51703,1.51728,1.65,1.00
2015.12.14 13:46:06.059,1.51703,1.51728,4.12,1.37
2015.12.14 13:46:06.365,1.51706,1.51723,1.07,1.00
2015.12.14 13:46:06.670,1.51704,1.51716,1.00,1.00
2015.12.14 13:46:06.986,1.51704,1.51715,1.00,1.37
2015.12.14 13:46:07.343,1.51695,1.51715,1.00,1.37
2015.12.14 13:46:07.445,1.51692,1.51711,1.27,1.00
2015.12.14 13:46:08.077,1.5169,1.51711,1.57,1.00
2015.12.14 13:46:10.604,1.51689,1.51711,2.25,1.37
2015.12.14 13:46:11.130,1.51687,1.51709,1.57,1.00
2015.12.14 13:46:12.797,1.51688,1.51713,1.27,1.17
2015.12.14 13:46:12.848,1.51687,1.51714,2.70,1.95
2015.12.14 13:46:12.899,1.51693,1.51718,1.12,1.12
2015.12.14 13:46:12.951,1.51693,1.51719,1.87,3.00
2015.12.14 13:46:13.003,1.51696,1.5172,1.20,1.37
2015.12.14 13:46:13.105,1.51698,1.51722,1.20,1.12
2015.12.14 13:46:13.157,1.51703,1.51722,1.00,1.12
2015.12.14 13:46:13.461,1.51698,1.51716,1.57,1.00
2015.12.14 13:46:13.625,1.51689,1.51708,1.20,1.37
2015.12.14 13:46:14.082,1.51688,1.51714,1.12,2.25
2015.12.14 13:46:14.718,1.51692,1.51714,1.00,1.50
2015.12.14 13:46:15.178,1.51692,1.51705,1.00,1.37
2015.12.14 13:46:15.230,1.51689,1.51705,1.37,1.37
2015.12.14 13:46:15.484,1.51687,1.5171,1.87,1.37
2015.12.14 13:46:15.747,1.5169,1.51714,1.00,1.57
2015.12.14 13:46:16.259,1.5169,1.51715,2.77,1.37
2015.12.14 13:46:16.361,1.51694,1.51715,1.00,1.37
2015.12.14 13:46:16.514,1.51698,1.51722,1.87,2.25
2015.12.14 13:46:16.921,1.51704,1.51724,1.00,1.57
2015.12.14 13:46:17.081,1.51707,1.51728,1.47,1.50
2015.12.14 13:46:17.132,1.51707,1.51726,1.47,1.00
2015.12.14 13:46:17.389,1.51692,1.51714,1.57,1.37
2015.12.14 13:46:17.493,1.51692,1.51718,1.57,1.55
2015.12.14 13:46:17.928,1.5169,1.51718,1.95,3.75
2015.12.14 13:46:18.437,1.51692,1.51716,1.00,1.87
2015.12.14 13:46:19.001,1.51692,1.51716,1.00,1.20
2015.12.14 13:46:19.127,1.51694,1.51716,1.00,1.20
2015.12.14 13:46:19.687,1.51695,1.5172,1.00,1.47
2015.12.14 13:46:19.741,1.51695,1.51721,1.00,1.57
2015.12.14 13:46:20.003,1.51697,1.51721,1.00,1.57
2015.12.14 13:46:20.155,1.51697,1.51724,1.10,3.07
2015.12.14 13:46:20.698,1.51697,1.51724,1.47,2.70
2015.12.14 13:46:21.366,1.51697,1.51724,1.87,2.40
2015.12.14 13:46:22.814,1.51697,1.51723,1.87,1.37
2015.12.14 13:46:23.222,1.517,1.51723,1.57,1.00
2015.12.14 13:46:23.324,1.517,1.51725,1.65,1.27
2015.12.14 13:46:24.135,1.517,1.51725,1.57,1.20
2015.12.14 13:46:25.382,1.51697,1.51723,1.55,1.10
2015.12.14 13:46:25.434,1.51696,1.51721,2.32,1.10
2015.12.14 13:46:25.567,1.51696,1.51721,1.00,1.27
2015.12.14 13:46:25.619,1.51693,1.51719,2.70,1.07
2015.12.14 13:46:25.721,1.51693,1.51719,1.65,1.65
2015.12.14 13:46:26.230,1.51693,1.51717,1.00,2.02
2015.12.14 13:46:26.535,1.51694,1.51716,1.00,1.27
2015.12.14 13:46:26.823,1.5169,1.51713,1.00,1.10
2015.12.14 13:46:26.875,1.51688,1.51713,1.57,1.10
2015.12.14 13:46:27.332,1.51691,1.51713,1.00,1.10
2015.12.14 13:46:27.841,1.51691,1.51717,1.50,1.87
2015.12.14 13:46:29.205,1.51693,1.51718,1.00,2.62
2015.12.14 13:46:29.556,1.51692,1.51714,1.00,1.37
2015.12.14 13:46:29.659,1.51688,1.51714,2.62,1.50
2015.12.14 13:46:30.166,1.51693,1.51715,1.00,1.85
2015.12.14 13:46:30.933,1.51693,1.51705,1.00,1.37
2015.12.14 13:46:31.240,1.51687,1.51702,1.00,1.37
2015.12.14 13:46:31.445,1.51685,1.51699,1.50,1.37
2015.12.14 13:46:31.598,1.51682,1.51699,1.00,1.37
2015.12.14 13:46:32.020,1.51682,1.51701,1.00,1.37
2015.12.14 13:46:32.680,1.51681,1.51701,1.00,1.47
2015.12.14 13:46:32.782,1.51678,1.51701,1.87,1.55
2015.12.14 13:46:33.106,1.51677,1.517,1.00,1.20
2015.12.14 13:46:33.412,1.51675,1.51696,1.12,2.25
2015.12.14 13:46:33.717,1.51677,1.51696,1.00,1.50
2015.12.14 13:46:33.819,1.51677,1.51698,1.00,1.57
2015.12.14 13:46:34.289,1.51675,1.51699,2.62,1.87
2015.12.14 13:46:34.595,1.51679,1.51698,1.00,1.20
2015.12.14 13:46:34.851,1.51675,1.51699,1.87,1.20
2015.12.14 13:46:36.367,1.51678,1.51699,1.00,1.20
2015.12.14 13:46:36.491,1.51678,1.517,1.00,1.45
2015.12.14 13:46:36.543,1.51676,1.517,1.10,1.45
2015.12.14 13:46:36.849,1.51676,1.51698,1.00,2.02
2015.12.14 13:46:36.900,1.51674,1.51698,1.00,2.32
2015.12.14 13:46:37.256,1.51674,1.51698,1.00,1.20
2015.12.14 13:46:37.778,1.51676,1.51698,1.00,1.20
2015.12.14 13:46:38.286,1.51677,1.51699,1.00,1.52
2015.12.14 13:46:38.338,1.51674,1.51699,2.25,1.52
2015.12.14 13:46:38.440,1.51676,1.51698,1.00,1.20
2015.12.14 13:46:38.745,1.51676,1.51695,1.00,1.92
2015.12.14 13:46:39.001,1.51676,1.51696,1.00,1.00
2015.12.14 13:46:39.205,1.51678,1.517,1.00,1.47
2015.12.14 13:46:39.257,1.5168,1.517,1.00,1.57
2015.12.14 13:46:39.816,1.5168,1.517,1.10,1.00
2015.12.14 13:46:40.585,1.5168,1.517,1.17,1.00
2015.12.14 13:46:40.941,1.51682,1.51701,1.12,1.37
2015.12.14 13:46:41.247,1.51697,1.51717,1.45,1.12
2015.12.14 13:46:41.414,1.51698,1.51718,1.07,1.37
2015.12.14 13:46:41.619,1.51697,1.51718,1.57,3.00
2015.12.14 13:46:41.671,1.51697,1.51716,1.57,1.50
2015.12.14 13:46:41.723,1.51693,1.51718,2.32,2.32
2015.12.14 13:46:41.825,1.51696,1.51715,1.20,1.00
2015.12.14 13:46:41.928,1.51696,1.51718,1.57,1.00
2015.12.14 13:46:42.081,1.51699,1.51722,1.07,2.25
2015.12.14 13:46:42.133,1.51699,1.51723,1.52,1.10
2015.12.14 13:46:42.184,1.51702,1.51723,1.00,1.00
2015.12.14 13:46:42.512,1.51705,1.51727,1.00,2.25
2015.12.14 13:46:42.564,1.51705,1.51727,1.00,1.00
2015.12.14 13:46:42.616,1.51708,1.51727,1.00,1.00
2015.12.14 13:46:42.719,1.51708,1.5173,1.10,1.37
2015.12.14 13:46:42.974,1.51704,1.5173,2.25,1.37
2015.12.14 13:46:43.077,1.51704,1.5173,1.17,3.45
2015.12.14 13:46:43.180,1.51708,1.5173,1.00,3.45
2015.12.14 13:46:43.344,1.51704,1.51729,1.10,2.25
2015.12.14 13:46:43.447,1.51702,1.51726,1.07,1.95
2015.12.14 13:46:43.498,1.51699,1.51726,2.32,3.07
2015.12.14 13:46:43.550,1.51699,1.51722,1.12,1.37
2015.12.14 13:46:43.601,1.51699,1.51722,1.10,1.57
2015.12.14 13:46:44.110,1.51697,1.5172,1.20,1.00
2015.12.14 13:46:44.263,1.51697,1.5172,1.10,1.10
2015.12.14 13:46:44.364,1.51697,1.5172,1.10,1.47
2015.12.14 13:46:44.480,1.51694,1.51719,1.12,1.95
2015.12.14 13:46:44.734,1.51689,1.51713,1.87,1.50
2015.12.14 13:46:45.039,1.51685,1.51704,1.00,1.37
2015.12.14 13:46:45.242,1.51682,1.51704,1.55,1.37
2015.12.14 13:46:45.446,1.51685,1.51704,1.00,1.00
2015.12.14 13:46:45.497,1.51686,1.51708,1.00,1.17
2015.12.14 13:46:45.668,1.51686,1.51711,1.17,1.27
2015.12.14 13:46:46.752,1.51684,1.51708,2.25,1.00
2015.12.14 13:46:47.973,1.51684,1.51704,3.00,1.00
2015.12.14 13:46:48.322,1.51679,1.51701,1.87,1.00
2015.12.14 13:46:48.576,1.51678,1.51701,1.65,1.00
2015.12.14 13:46:49.086,1.51677,1.517,1.20,1.00
2015.12.14 13:46:49.190,1.51675,1.517,1.95,1.10
2015.12.14 13:46:49.604,1.51675,1.517,1.20,1.57
2015.12.14 13:46:50.086,1.51673,1.51693,4.12,1.00
2015.12.14 13:46:50.289,1.5167,1.51693,1.87,1.10
2015.12.14 13:46:50.340,1.51671,1.51693,1.00,1.10
2015.12.14 13:46:51.871,1.5167,1.51693,1.00,1.00
2015.12.14 13:46:52.381,1.5167,1.51695,1.50,1.17
2015.12.14 13:46:53.374,1.5167,1.51696,1.65,2.32
2015.12.14 13:46:53.577,1.51669,1.51693,1.12,1.50
2015.12.14 13:46:53.630,1.51669,1.51692,1.00,1.57
2015.12.14 13:46:53.681,1.51669,1.51688,1.00,1.50
2015.12.14 13:46:53.733,1.51665,1.51688,1.50,2.25
2015.12.14 13:46:53.784,1.51667,1.51688,1.00,1.20
2015.12.14 13:46:53.836,1.51667,1.51689,1.00,2.32
2015.12.14 13:46:54.293,1.51667,1.51691,1.37,1.82
2015.12.14 13:46:55.085,1.51667,1.5169,1.12,1.07
2015.12.14 13:46:56.468,1.51667,1.51691,1.00,1.65
2015.12.14 13:46:56.802,1.51667,1.51691,1.00,1.65
2015.12.14 13:46:57.123,1.51675,1.51693,1.00,1.20
2015.12.14 13:46:57.429,1.51677,1.51697,1.00,1.20
2015.12.14 13:46:57.481,1.51677,1.51697,1.00,1.07
2015.12.14 13:46:57.887,1.51683,1.51697,1.00,1.07
2015.12.14 13:46:57.989,1.51683,1.517,1.00,1.12
2015.12.14 13:46:58.254,1.51683,1.51702,1.00,1.07
2015.12.14 13:46:59.504,1.51683,1.51704,1.00,1.15
2015.12.14 13:47:00.266,1.51685,1.51706,1.00,1.87
2015.12.14 13:47:00.318,1.51685,1.51707,1.12,1.20
2015.12.14 13:47:00.421,1.51685,1.5171,1.65,1.00
2015.12.14 13:47:00.473,1.51689,1.51712,1.00,1.65
2015.12.14 13:47:00.697,1.51689,1.51715,1.00,2.25
2015.12.14 13:47:00.801,1.51689,1.51712,1.00,1.37
2015.12.14 13:47:01.006,1.51686,1.51711,1.87,1.87
2015.12.14 13:47:01.108,1.51686,1.51708,1.50,1.47
2015.12.14 13:47:01.975,1.51688,1.51708,1.00,1.47
2015.12.14 13:47:02.383,1.51686,1.51708,1.00,1.55
2015.12.14 13:47:02.485,1.51684,1.51708,1.00,1.50
2015.12.14 13:47:02.638,1.51686,1.51708,1.00,1.85
2015.12.14 13:47:02.790,1.51686,1.51712,2.25,1.57
2015.12.14 13:47:03.206,1.51684,1.51708,1.95,1.37
2015.12.14 13:47:03.511,1.51684,1.51707,1.17,1.75
2015.12.14 13:47:03.614,1.51683,1.51707,1.27,1.75
2015.12.14 13:47:03.716,1.51685,1.51707,1.45,1.37
2015.12.14 13:47:03.768,1.51687,1.51711,1.50,1.07
2015.12.14 13:47:03.819,1.51687,1.51713,2.32,1.87
2015.12.14 13:47:03.885,1.51687,1.51713,2.32,1.00
2015.12.14 13:47:04.294,1.51688,1.51712,1.20,1.37
2015.12.14 13:47:04.602,1.51685,1.51708,2.32,1.37
2015.12.14 13:47:06.491,1.51684,1.51706,1.45,1.00
2015.12.14 13:47:06.593,1.51683,1.51706,1.55,1.00
2015.12.14 13:47:06.797,1.5168,1.51706,1.87,1.50
2015.12.14 13:47:07.345,1.5168,1.51705,2.62,1.12
2015.12.14 13:47:07.871,1.5168,1.51705,1.17,1.65
2015.12.14 13:47:08.573,1.5168,1.51705,1.95,2.02
2015.12.14 13:47:08.929,1.5168,1.51702,1.20,1.37
2015.12.14 13:47:09.031,1.51678,1.517,1.27,1.00
2015.12.14 13:47:09.235,1.51675,1.517,1.27,1.65
2015.12.14 13:47:09.287,1.51675,1.517,1.27,2.02
2015.12.14 13:47:09.637,1.51673,1.51697,3.00,1.37
2015.12.14 13:47:09.943,1.5167,1.51688,1.20,1.00
2015.12.14 13:47:10.353,1.5167,1.5169,1.00,1.00
2015.12.14 13:47:10.405,1.5167,1.5169,3.37,1.00
2015.12.14 13:47:10.519,1.5167,1.51694,3.37,1.12
2015.12.14 13:47:10.572,1.5167,1.51691,3.75,1.00
2015.12.14 13:47:10.885,1.51672,1.51691,1.50,1.00
2015.12.14 13:47:11.139,1.51673,1.51698,2.25,2.62
2015.12.14 13:47:11.190,1.51677,1.51698,1.12,1.00
2015.12.14 13:47:11.241,1.51677,1.51701,1.50,2.25
2015.12.14 13:47:11.444,1.5168,1.51701,1.87,1.50
2015.12.14 13:47:11.863,1.5168,1.51701,1.47,1.00
2015.12.14 13:47:11.967,1.51679,1.51702,2.25,1.00
2015.12.14 13:47:12.018,1.51679,1.51704,2.25,2.62
2015.12.14 13:47:12.222,1.51682,1.51704,1.50,1.50
2015.12.14 13:47:12.647,1.51685,1.51706,1.52,1.00
2015.12.14 13:47:13.162,1.51684,1.51706,1.87,1.37
2015.12.14 13:47:13.946,1.51684,1.51707,1.87,1.00
2015.12.14 13:47:15.115,1.51684,1.51702,1.87,1.00
2015.12.14 13:47:15.369,1.5168,1.51702,1.75,1.00
2015.12.14 13:47:15.879,1.5168,1.51702,1.20,1.00
2015.12.14 13:47:16.350,1.5168,1.51699,1.20,1.00
2015.12.14 13:47:16.515,1.51677,1.51699,1.12,1.87
2015.12.14 13:47:16.617,1.51677,1.51696,1.12,1.00
2015.12.14 13:47:17.125,1.51677,1.51695,1.87,1.00
2015.12.14 13:47:17.279,1.51683,1.51702,1.00,1.00
2015.12.14 13:47:17.388,1.5168,1.51697,2.02,1.00
2015.12.14 13:47:17.490,1.5168,1.517,1.27,1.00
2015.12.14 13:47:17.541,1.5168,1.51697,2.02,1.37
2015.12.14 13:47:18.740,1.5168,1.51696,1.20,1.00
2015.12.14 13:47:19.497,1.51678,1.51693,1.07,1.00
2015.12.14 13:47:19.700,1.51677,1.51693,1.47,1.00
2015.12.14 13:47:20.055,1.51676,1.51691,2.02,1.00
2015.12.14 13:47:20.157,1.51676,1.51694,2.02,1.00
2015.12.14 13:47:20.267,1.51676,1.5169,1.12,1.00
2015.12.14 13:47:20.369,1.51673,1.5169,2.70,1.00
2015.12.14 13:47:20.878,1.51675,1.51691,1.17,1.00
2015.12.14 13:47:21.506,1.51672,1.51691,1.12,1.12
2015.12.14 13:47:21.660,1.51668,1.51686,1.00,1.12
2015.12.14 13:47:21.712,1.51668,1.51683,1.00,1.00
2015.12.14 13:47:22.220,1.51668,1.51684,1.00,1.00
2015.12.14 13:47:22.792,1.51668,1.51689,1.00,1.00
2015.12.14 13:47:23.340,1.51668,1.51689,1.07,1.00
2015.12.14 13:47:23.857,1.51668,1.51689,1.20,1.00
2015.12.14 13:47:24.179,1.51668,1.51691,1.20,1.00
2015.12.14 13:47:24.230,1.51672,1.51692,1.37,1.00
2015.12.14 13:47:24.535,1.51672,1.51693,2.25,1.00
2015.12.14 13:47:25.090,1.51672,1.51695,2.25,1.00
2015.12.14 13:47:25.294,1.51673,1.51698,1.57,1.00
2015.12.14 13:47:25.600,1.51676,1.51699,1.07,1.12
2015.12.14 13:47:26.014,1.51676,1.51696,2.70,1.00
2015.12.14 13:47:26.167,1.51674,1.51695,1.17,1.87
2015.12.14 13:47:26.320,1.51671,1.51695,3.37,1.87
2015.12.14 13:47:26.372,1.51671,1.51693,2.62,1.37
2015.12.14 13:47:26.879,1.51671,1.51692,1.07,1.37
2015.12.14 13:47:28.052,1.51669,1.51692,1.27,1.37
2015.12.14 13:47:28.570,1.51668,1.51693,2.32,1.95
2015.12.14 13:47:29.180,1.51669,1.51692,1.27,1.37
2015.12.14 13:47:29.552,1.51668,1.51692,1.37,1.95
2015.12.14 13:47:29.603,1.51666,1.51692,1.50,2.62
2015.12.14 13:47:31.685,1.51666,1.5169,1.12,1.52
2015.12.14 13:47:31.889,1.51665,1.51688,1.00,1.95
2015.12.14 13:47:32.473,1.51666,1.51688,1.00,1.95
2015.12.14 13:47:32.879,1.51666,1.51689,1.00,1.55
2015.12.14 13:47:32.981,1.51669,1.51689,1.00,1.55
2015.12.14 13:47:33.282,1.51673,1.51693,1.00,1.00
2015.12.14 13:47:33.436,1.51673,1.51693,1.12,1.00
2015.12.14 13:47:33.741,1.51684,1.51696,1.00,1.37
2015.12.14 13:47:33.792,1.51684,1.51699,1.00,1.17
2015.12.14 13:47:34.307,1.51684,1.51699,1.00,1.00
2015.12.14 13:47:34.359,1.51689,1.51699,1.00,1.00
2015.12.14 13:47:34.515,1.51694,1.51707,1.50,1.00
2015.12.14 13:47:34.567,1.51694,1.51709,1.87,1.00
2015.12.14 13:47:34.618,1.51692,1.51712,1.75,1.50
2015.12.14 13:47:34.884,1.51692,1.51709,1.75,1.37
2015.12.14 13:47:35.694,1.51691,1.51708,2.62,1.37
2015.12.14 13:47:35.899,1.51692,1.51708,1.00,1.37
2015.12.14 13:47:36.407,1.51689,1.51708,1.12,1.37
2015.12.14 13:47:36.770,1.51693,1.51708,1.00,1.37
2015.12.14 13:47:36.873,1.51693,1.51713,1.12,1.37
2015.12.14 13:47:36.924,1.51692,1.51713,2.70,1.37
2015.12.14 13:47:37.077,1.51695,1.51718,1.95,1.37
2015.12.14 13:47:37.230,1.51696,1.51717,1.57,1.37
2015.12.14 13:47:37.719,1.517,1.51721,1.12,1.50
2015.12.14 13:47:37.975,1.51697,1.51717,1.92,1.37
2015.12.14 13:47:38.128,1.51697,1.51717,1.07,1.37
2015.12.14 13:47:38.497,1.51697,1.51721,1.20,2.25
2015.12.14 13:47:39.162,1.51699,1.51721,1.47,1.75
2015.12.14 13:47:39.214,1.51701,1.51722,1.50,1.47
2015.12.14 13:47:39.266,1.51704,1.51722,1.00,1.37
2015.12.14 13:47:39.433,1.51706,1.51726,1.07,1.47
2015.12.14 13:47:39.484,1.51706,1.51729,1.57,1.00
2015.12.14 13:47:39.688,1.5171,1.51731,1.00,1.00
2015.12.14 13:47:39.993,1.51713,1.51736,1.07,1.50
2015.12.14 13:47:40.298,1.51713,1.51736,1.12,1.12
2015.12.14 13:47:40.785,1.51714,1.51736,1.57,1.00
2015.12.14 13:47:40.836,1.51719,1.51739,1.00,1.10
2015.12.14 13:47:40.887,1.5172,1.51742,1.10,1.00
2015.12.14 13:47:40.989,1.51722,1.51743,1.10,1.00
2015.12.14 13:47:41.142,1.51728,1.5175,1.10,1.12
2015.12.14 13:47:41.244,1.51728,1.51753,1.57,1.95
2015.12.14 13:47:41.416,1.51735,1.51755,1.00,1.50
2015.12.14 13:47:41.467,1.51735,1.51757,1.00,1.57
2015.12.14 13:47:41.569,1.51735,1.51761,1.20,1.95
2015.12.14 13:47:42.077,1.51735,1.51758,1.57,1.00
2015.12.14 13:47:42.660,1.51735,1.51759,1.57,1.10
2015.12.14 13:47:42.712,1.51738,1.51759,1.12,1.10
2015.12.14 13:47:42.865,1.51741,1.51765,1.57,1.10
2015.12.14 13:47:43.634,1.51742,1.51766,1.57,1.07
2015.12.14 13:47:44.091,1.51742,1.51767,1.65,1.50
2015.12.14 13:47:44.495,1.51742,1.51762,1.65,1.00
2015.12.14 13:47:44.546,1.51742,1.51765,1.65,1.00
2015.12.14 13:47:44.613,1.51742,1.51765,1.65,1.37
2015.12.14 13:47:44.921,1.51738,1.5176,1.00,1.37
2015.12.14 13:47:45.337,1.51738,1.51759,1.00,1.50
2015.12.14 13:47:46.746,1.51734,1.51756,1.65,1.00
2015.12.14 13:47:47.950,1.51736,1.51759,1.00,1.12
2015.12.14 13:47:48.002,1.51736,1.5176,1.75,2.62
2015.12.14 13:47:48.053,1.51738,1.51763,1.87,1.00
2015.12.14 13:47:48.173,1.51743,1.51768,1.00,1.17
2015.12.14 13:47:48.230,1.51745,1.51769,1.00,1.57
2015.12.14 13:47:48.484,1.51746,1.51769,1.10,1.10
2015.12.14 13:47:49.703,1.51747,1.51771,1.00,1.07
2015.12.14 13:47:49.906,1.51748,1.51774,1.37,1.90
2015.12.14 13:47:49.958,1.51748,1.51775,1.75,2.62
2015.12.14 13:47:50.263,1.51747,1.51772,1.37,1.82
2015.12.14 13:47:51.987,1.51745,1.5177,1.10,1.17
2015.12.14 13:47:52.039,1.51745,1.51765,1.10,1.37
2015.12.14 13:47:52.345,1.51733,1.51756,1.27,1.00
2015.12.14 13:47:52.447,1.51732,1.51756,2.02,1.00
2015.12.14 13:47:52.549,1.51731,1.51756,1.82,1.37
2015.12.14 13:47:53.023,1.5173,1.51756,2.02,1.95
2015.12.14 13:47:53.531,1.5173,1.51756,1.27,1.95
2015.12.14 13:47:54.045,1.5173,1.51756,2.02,1.95
2015.12.14 13:47:54.564,1.51733,1.51756,2.40,1.00
2015.12.14 13:47:54.615,1.51733,1.51758,2.77,1.50
2015.12.14 13:47:55.158,1.51734,1.51758,2.70,1.50
2015.12.14 13:47:55.363,1.51738,1.51764,1.57,1.57
2015.12.14 13:47:55.414,1.51738,1.51764,2.02,1.20
2015.12.14 13:47:55.668,1.51738,1.51764,3.00,1.00
2015.12.14 13:47:55.983,1.51738,1.51758,1.20,1.00
2015.12.14 13:47:56.492,1.51735,1.51758,4.12,1.00
2015.12.14 13:47:56.999,1.51735,1.51758,1.57,1.00
2015.12.14 13:47:57.318,1.51733,1.51754,1.00,1.37
2015.12.14 13:47:57.624,1.51733,1.51749,1.00,1.00
2015.12.14 13:47:57.828,1.51723,1.51748,3.37,2.02
2015.12.14 13:47:57.879,1.51723,1.51748,2.62,2.02
2015.12.14 13:47:57.981,1.51725,1.51748,1.12,1.27
2015.12.14 13:47:58.099,1.51725,1.51751,1.12,2.62
2015.12.14 13:47:58.201,1.51727,1.51753,4.57,1.17
2015.12.14 13:47:58.303,1.5173,1.51755,1.85,1.20
2015.12.14 13:47:58.660,1.51732,1.51758,1.37,1.52
2015.12.14 13:47:59.196,1.51732,1.51758,1.47,1.10
2015.12.14 13:47:59.248,1.51733,1.51759,1.50,1.17
2015.12.14 13:47:59.657,1.51738,1.51759,1.00,1.20
2015.12.14 13:47:59.708,1.51738,1.51761,1.00,1.55
2015.12.14 13:48:00.064,1.51735,1.51762,2.25,1.20
2015.12.14 13:48:00.332,1.51737,1.51763,1.47,3.07
2015.12.14 13:48:00.384,1.51738,1.51763,1.37,2.77
2015.12.14 13:48:00.587,1.51738,1.51763,1.12,2.02
2015.12.14 13:48:02.087,1.51739,1.51764,1.20,1.37
2015.12.14 13:48:02.138,1.51745,1.51764,1.00,1.37
2015.12.14 13:48:02.190,1.51745,1.51767,1.00,1.12
2015.12.14 13:48:02.241,1.51747,1.51771,1.00,1.95
2015.12.14 13:48:02.293,1.51749,1.51772,1.00,2.25
2015.12.14 13:48:02.344,1.51752,1.51777,1.00,1.75
2015.12.14 13:48:02.395,1.51752,1.51778,1.12,2.70
2015.12.14 13:48:02.447,1.51755,1.51776,1.00,1.12
2015.12.14 13:48:02.600,1.51755,1.51778,3.00,1.07
2015.12.14 13:48:02.775,1.51755,1.5178,3.00,1.55
2015.12.14 13:48:03.510,1.51755,1.5178,3.45,1.00
2015.12.14 13:48:03.612,1.51755,1.51777,3.45,1.00
2015.12.14 13:48:03.663,1.51755,1.51782,2.32,1.92
2015.12.14 13:48:03.714,1.51757,1.51781,1.00,1.20
2015.12.14 13:48:03.903,1.51759,1.51787,1.65,2.40
2015.12.14 13:48:04.005,1.51762,1.51788,1.00,2.02
2015.12.14 13:48:04.310,1.51765,1.51782,1.00,1.00
2015.12.14 13:48:04.412,1.51759,1.51782,1.50,1.00
2015.12.14 13:48:04.464,1.51757,1.51782,1.57,1.00
2015.12.14 13:48:05.024,1.51759,1.51783,1.50,1.10
2015.12.14 13:48:05.329,1.51761,1.51785,1.20,1.00
2015.12.14 13:48:05.431,1.5176,1.51786,1.65,1.00
2015.12.14 13:48:05.482,1.5176,1.51786,1.55,1.37
2015.12.14 13:48:05.584,1.5176,1.51786,1.65,1.00
2015.12.14 13:48:05.686,1.51761,1.51786,1.87,1.00
2015.12.14 13:48:06.097,1.51768,1.5179,1.37,1.87
2015.12.14 13:48:06.202,1.51772,1.51793,4.12,1.00
2015.12.14 13:48:06.327,1.51777,1.51795,1.20,1.00
2015.12.14 13:48:06.484,1.51774,1.51797,1.95,1.00
2015.12.14 13:48:06.537,1.51774,1.51797,2.32,1.00
2015.12.14 13:48:06.588,1.51774,1.51799,1.57,1.00
2015.12.14 13:48:06.742,1.51779,1.518,1.45,1.00
2015.12.14 13:48:06.982,1.51775,1.51797,1.95,1.00
2015.12.14 13:48:07.339,1.51775,1.51802,1.57,2.02
2015.12.14 13:48:09.892,1.51775,1.51802,1.95,2.40
2015.12.14 13:48:10.299,1.51774,1.51801,1.57,2.62
2015.12.14 13:48:10.464,1.51775,1.51801,1.37,2.25
2015.12.14 13:48:10.769,1.51782,1.51801,1.00,1.12
2015.12.14 13:48:10.820,1.51783,1.51807,1.00,1.17
2015.12.14 13:48:10.922,1.51783,1.51806,1.75,1.10
2015.12.14 13:48:11.125,1.5178,1.51804,1.57,1.65
2015.12.14 13:48:11.646,1.51777,1.51804,2.02,2.25
2015.12.14 13:48:11.950,1.51777,1.51804,2.77,2.25
2015.12.14 13:48:12.255,1.51782,1.51806,2.62,1.57
2015.12.14 13:48:12.779,1.51782,1.51807,3.37,1.95
2015.12.14 13:48:13.302,1.51782,1.51807,3.75,1.55
2015.12.14 13:48:13.608,1.51786,1.51806,2.25,2.25
2015.12.14 13:48:14.115,1.51785,1.51806,2.25,2.25
2015.12.14 13:48:14.623,1.51786,1.51806,2.25,2.25
2015.12.14 13:48:14.827,1.51784,1.51805,2.25,1.20
2015.12.14 13:48:14.949,1.51778,1.51803,3.37,1.50
2015.12.14 13:48:15.001,1.51778,1.51799,3.37,1.50
2015.12.14 13:48:15.256,1.51772,1.51799,1.55,1.87
2015.12.14 13:48:15.358,1.51772,1.51794,1.37,1.07
2015.12.14 13:48:15.664,1.51771,1.51793,3.00,2.25
2015.12.14 13:48:16.375,1.51772,1.51784,2.25,1.37
2015.12.14 13:48:16.578,1.51768,1.51785,1.00,1.37
2015.12.14 13:48:17.171,1.51767,1.51785,1.00,1.37
2015.12.14 13:48:17.476,1.51771,1.51783,1.00,1.37
2015.12.14 13:48:17.628,1.51768,1.51784,1.00,2.25
2015.12.14 13:48:19.271,1.51767,1.51784,1.50,2.25
2015.12.14 13:48:19.478,1.51765,1.51782,1.50,1.00
2015.12.14 13:48:20.011,1.51766,1.51782,1.50,1.00
2015.12.14 13:48:20.821,1.51766,1.51781,1.50,1.37
2015.12.14 13:48:21.675,1.51765,1.51781,1.50,1.37
2015.12.14 13:48:22.189,1.51766,1.51781,1.50,1.37
2015.12.14 13:48:22.488,1.51756,1.51775,1.12,1.57
2015.12.14 13:48:22.590,1.51751,1.51774,2.25,1.37
2015.12.14 13:48:22.743,1.51751,1.51775,2.25,2.02
2015.12.14 13:48:22.895,1.51753,1.51771,1.50,1.37
2015.12.14 13:48:22.998,1.51751,1.51771,1.00,1.37
2015.12.14 13:48:23.517,1.51751,1.51772,1.00,1.47
2015.12.14 13:48:23.772,1.51751,1.51772,1.50,1.92
2015.12.14 13:48:23.976,1.51752,1.51773,1.00,1.20
2015.12.14 13:48:24.383,1.51752,1.51775,1.00,1.20
2015.12.14 13:48:24.667,1.51754,1.51775,1.50,1.20
2015.12.14 13:48:25.226,1.51754,1.51775,1.50,1.07
2015.12.14 13:48:25.736,1.51753,1.51776,1.57,2.32
2015.12.14 13:48:26.030,1.51747,1.51772,1.37,2.02
2015.12.14 13:48:26.082,1.51747,1.51768,1.37,1.00
2015.12.14 13:48:26.491,1.51748,1.51771,1.12,1.17
2015.12.14 13:48:26.593,1.5175,1.51773,1.00,2.25
2015.12.14 13:48:27.107,1.5175,1.51771,2.70,1.00
2015.12.14 13:48:27.415,1.51753,1.51771,1.00,1.00
2015.12.14 13:48:27.568,1.51753,1.51773,1.00,1.00
2015.12.14 13:48:28.303,1.51754,1.51773,1.00,1.00
2015.12.14 13:48:28.811,1.51755,1.51774,1.00,1.00
2015.12.14 13:48:30.778,1.51755,1.51776,1.50,1.12
2015.12.14 13:48:31.080,1.51758,1.51778,1.00,2.25
2015.12.14 13:48:31.335,1.51762,1.51782,1.00,1.20
2015.12.14 13:48:31.488,1.51765,1.51785,1.00,1.95
2015.12.14 13:48:32.310,1.51765,1.51784,1.00,1.12
2015.12.14 13:48:32.667,1.51769,1.51784,1.00,1.00
2015.12.14 13:48:32.770,1.51769,1.51787,1.00,1.20
2015.12.14 13:48:32.923,1.51769,1.5179,1.57,1.00
2015.12.14 13:48:33.025,1.51771,1.5179,1.50,1.12
2015.12.14 13:48:33.542,1.51771,1.51791,1.50,1.00
2015.12.14 13:48:34.303,1.51773,1.51791,1.00,1.00
2015.12.14 13:48:34.849,1.51772,1.51791,1.50,1.00
2015.12.14 13:48:35.610,1.51772,1.51795,1.50,1.57
2015.12.14 13:48:36.957,1.51772,1.51795,1.50,1.10
2015.12.14 13:48:38.962,1.51772,1.51795,1.50,1.57
2015.12.14 13:48:39.331,1.51769,1.51792,1.65,1.37
2015.12.14 13:48:39.838,1.51771,1.51792,1.50,1.37
2015.12.14 13:48:40.345,1.51772,1.51792,1.00,1.37
2015.12.14 13:48:40.930,1.51772,1.51787,1.00,1.37
2015.12.14 13:48:41.236,1.51772,1.51783,1.00,1.52
2015.12.14 13:48:41.338,1.51764,1.51784,1.00,1.12
2015.12.14 13:48:41.441,1.51762,1.51784,1.00,1.12
2015.12.14 13:48:41.959,1.51762,1.51785,1.37,1.07
2015.12.14 13:48:42.431,1.51765,1.51785,1.00,1.07
2015.12.14 13:48:42.635,1.51769,1.51793,1.37,1.07
2015.12.14 13:48:42.737,1.51772,1.51796,1.00,1.95
2015.12.14 13:48:42.940,1.51772,1.51797,1.12,2.62
2015.12.14 13:48:43.125,1.51772,1.51797,1.95,1.20
2015.12.14 13:48:43.501,1.51772,1.51794,1.20,1.00
2015.12.14 13:48:44.250,1.51771,1.51796,1.27,1.00
2015.12.14 13:48:44.358,1.51771,1.51792,1.57,1.00
2015.12.14 13:48:44.512,1.51769,1.51791,1.52,1.00
2015.12.14 13:48:45.595,1.51768,1.51791,1.87,1.00
2015.12.14 13:48:45.697,1.51771,1.51794,1.55,1.87
2015.12.14 13:48:45.850,1.51771,1.51796,3.00,1.00
2015.12.14 13:48:45.953,1.51776,1.51796,1.00,1.00
2015.12.14 13:48:46.057,1.51774,1.51799,2.25,1.87
2015.12.14 13:48:46.109,1.51776,1.51799,1.07,1.87
2015.12.14 13:48:46.414,1.51778,1.51799,1.87,1.37
2015.12.14 13:48:46.581,1.51778,1.51801,2.62,1.00
2015.12.14 13:48:47.786,1.51779,1.51798,1.37,1.37
2015.12.14 13:48:48.294,1.51777,1.51799,1.17,1.37
2015.12.14 13:48:48.802,1.51775,1.51798,1.50,1.37
2015.12.14 13:48:48.971,1.51773,1.51798,3.37,1.37
2015.12.14 13:48:49.479,1.51773,1.51799,3.37,1.37
2015.12.14 13:48:49.987,1.51772,1.51797,1.95,1.45
2015.12.14 13:48:50.526,1.51771,1.51797,1.75,1.57
2015.12.14 13:48:50.577,1.51771,1.51795,1.75,1.47
2015.12.14 13:48:51.287,1.51771,1.51795,2.40,1.37
2015.12.14 13:48:51.754,1.5177,1.51793,1.87,1.37
2015.12.14 13:48:52.059,1.51769,1.51792,1.87,1.37
2015.12.14 13:48:52.575,1.51769,1.51786,1.00,1.37
2015.12.14 13:48:52.627,1.51764,1.51786,2.25,1.37
2015.12.14 13:48:52.729,1.51764,1.51786,1.65,1.37
2015.12.14 13:48:53.790,1.51763,1.5179,3.00,1.57
2015.12.14 13:48:53.841,1.51764,1.51791,1.27,1.65
2015.12.14 13:48:54.464,1.51767,1.51791,1.00,1.27
2015.12.14 13:48:55.110,1.51766,1.51791,1.20,1.20
2015.12.14 13:48:55.660,1.5177,1.51793,1.45,1.12
2015.12.14 13:48:55.712,1.5177,1.51795,1.95,1.57
2015.12.14 13:48:56.271,1.51768,1.51793,2.32,1.10
2015.12.14 13:48:56.322,1.51768,1.51795,2.32,3.45
2015.12.14 13:48:56.830,1.51768,1.51792,1.07,2.62
2015.12.14 13:48:57.338,1.51768,1.51792,1.27,3.07
2015.12.14 13:48:57.853,1.51768,1.51791,1.00,1.20
2015.12.14 13:48:59.390,1.51766,1.51791,1.20,1.50
2015.12.14 13:48:59.696,1.51764,1.5179,3.82,1.07
2015.12.14 13:48:59.900,1.51764,1.5179,3.82,1.07
2015.12.14 13:49:01.433,1.51764,1.5179,1.95,1.00
2015.12.14 13:49:01.586,1.51767,1.5179,1.37,1.12
2015.12.14 13:49:02.164,1.51767,1.51791,1.57,1.50
2015.12.14 13:49:02.672,1.51766,1.51791,2.62,1.00
2015.12.14 13:49:03.196,1.51768,1.51791,1.45,1.50
2015.12.14 13:49:03.502,1.51768,1.5179,1.45,1.87
2015.12.14 13:49:03.758,1.51764,1.51784,1.57,1.00
2015.12.14 13:49:03.860,1.51763,1.5178,2.02,1.00
2015.12.14 13:49:04.064,1.51759,1.51778,1.47,1.00
2015.12.14 13:49:04.534,1.5176,1.51783,1.57,2.62
2015.12.14 13:49:04.585,1.5176,1.51783,1.87,1.87
2015.12.14 13:49:04.738,1.51765,1.51783,1.45,1.00
2015.12.14 13:49:04.942,1.51761,1.51783,1.87,1.00
2015.12.14 13:49:05.448,1.5176,1.51783,1.87,1.00
2015.12.14 13:49:06.215,1.51761,1.51786,1.57,1.95
2015.12.14 13:49:06.784,1.51764,1.51784,1.37,1.00
2015.12.14 13:49:06.886,1.51766,1.5179,1.37,1.20
2015.12.14 13:49:07.040,1.51769,1.51793,1.00,3.45
2015.12.14 13:49:07.548,1.51768,1.51789,1.00,1.57
2015.12.14 13:49:07.599,1.51765,1.51786,1.00,1.00
2015.12.14 13:49:07.771,1.51762,1.51786,1.45,1.85
2015.12.14 13:49:09.162,1.51765,1.51788,1.00,1.92
2015.12.14 13:49:09.467,1.5177,1.5179,1.00,2.25
2015.12.14 13:49:09.569,1.51772,1.51794,1.00,2.02
2015.12.14 13:49:09.721,1.51772,1.51795,1.37,1.95
2015.12.14 13:49:09.925,1.51774,1.51798,1.37,2.25
2015.12.14 13:49:11.187,1.51774,1.51795,1.00,1.00
2015.12.14 13:49:13.270,1.51775,1.51795,1.00,1.00
2015.12.14 13:49:13.776,1.51775,1.518,1.00,1.82
2015.12.14 13:49:13.827,1.51779,1.518,1.37,1.82
2015.12.14 13:49:14.082,1.51779,1.51803,1.57,1.07
2015.12.14 13:49:14.498,1.51778,1.518,1.12,1.00
2015.12.14 13:49:15.060,1.51776,1.518,1.57,1.00
2015.12.14 13:49:16.072,1.51776,1.518,1.27,1.00
2015.12.14 13:49:16.598,1.51776,1.518,1.27,1.00
2015.12.14 13:49:17.046,1.51775,1.51798,2.62,1.00
2015.12.14 13:49:17.374,1.51774,1.51793,1.52,1.00
2015.12.14 13:49:18.035,1.51773,1.51793,1.55,1.00
2015.12.14 13:49:18.570,1.5177,1.51793,1.50,1.12
2015.12.14 13:49:19.035,1.51769,1.51795,1.95,2.77
2015.12.14 13:49:19.239,1.51772,1.51798,1.12,2.32
2015.12.14 13:49:19.290,1.51774,1.51798,1.00,1.57
2015.12.14 13:49:19.895,1.51774,1.51794,1.00,1.00
2015.12.14 13:49:19.946,1.51771,1.51794,1.57,1.00
2015.12.14 13:49:20.404,1.5177,1.5179,1.17,1.00
2015.12.14 13:49:20.558,1.51763,1.51784,1.37,1.00
2015.12.14 13:49:20.718,1.51761,1.51784,1.57,1.12
2015.12.14 13:49:21.026,1.51764,1.51785,1.00,1.45
2015.12.14 13:49:21.130,1.51762,1.51786,1.00,1.57
2015.12.14 13:49:21.182,1.51762,1.51788,2.62,1.75
2015.12.14 13:49:21.234,1.51766,1.51787,1.50,1.00
2015.12.14 13:49:21.439,1.51762,1.51785,1.57,1.10
2015.12.14 13:49:21.811,1.5176,1.51785,1.37,1.15
2015.12.14 13:49:22.165,1.51759,1.51784,1.95,1.07
2015.12.14 13:49:22.672,1.51759,1.51784,1.87,1.12
2015.12.14 13:49:23.425,1.51759,1.51785,1.95,1.27
2015.12.14 13:49:24.024,1.51759,1.51785,1.95,1.27
2015.12.14 13:49:25.890,1.51759,1.51785,1.95,1.27
2015.12.14 13:49:26.444,1.51765,1.51786,1.00,1.20
2015.12.14 13:49:26.496,1.51765,1.51787,1.37,1.10
2015.12.14 13:49:26.651,1.51768,1.51787,1.12,1.00
2015.12.14 13:49:26.752,1.51767,1.51794,2.40,2.77
2015.12.14 13:49:29.106,1.51768,1.51788,1.50,1.00
2015.12.14 13:49:29.260,1.51762,1.51784,1.37,1.12
2015.12.14 13:49:29.312,1.51759,1.51784,2.62,1.12
2015.12.14 13:49:29.618,1.51758,1.51781,1.57,1.00
2015.12.14 13:49:30.920,1.51763,1.51784,1.00,1.57
2015.12.14 13:49:31.176,1.51774,1.51795,1.00,1.12
2015.12.14 13:49:31.227,1.51778,1.51795,1.12,1.12
2015.12.14 13:49:31.330,1.5178,1.51799,1.20,1.37
2015.12.14 13:49:31.738,1.51783,1.51799,1.07,1.37
2015.12.14 13:49:32.214,1.51784,1.51805,1.57,1.00
2015.12.14 13:49:32.722,1.51783,1.51806,1.12,1.50
2015.12.14 13:49:32.774,1.51782,1.51806,1.20,1.50
2015.12.14 13:49:32.826,1.51782,1.51804,1.20,1.00
2015.12.14 13:49:33.905,1.51781,1.51804,1.57,1.00
2015.12.14 13:49:34.413,1.51781,1.51805,1.57,1.00
2015.12.14 13:49:34.968,1.51781,1.51804,1.57,1.00
2015.12.14 13:49:35.172,1.51782,1.51806,1.17,1.57
2015.12.14 13:49:35.681,1.51781,1.51804,1.57,1.00
2015.12.14 13:49:36.199,1.51781,1.51806,2.32,1.10
2015.12.14 13:49:37.015,1.51781,1.51806,3.07,1.10
2015.12.14 13:49:38.091,1.51782,1.51804,1.17,1.00
2015.12.14 13:49:38.245,1.51779,1.51804,1.45,1.10
2015.12.14 13:49:38.399,1.51778,1.51804,2.40,1.20
2015.12.14 13:49:38.604,1.51776,1.51802,1.57,1.20
2015.12.14 13:49:38.808,1.51775,1.51799,1.07,1.75
2015.12.14 13:49:39.284,1.51776,1.51798,1.12,1.12
2015.12.14 13:49:39.590,1.51774,1.51796,1.65,1.00
2015.12.14 13:49:39.641,1.51774,1.51798,1.65,1.50
2015.12.14 13:49:39.845,1.51775,1.51798,1.57,1.12
2015.12.14 13:49:40.429,1.51777,1.51798,1.55,1.00
2015.12.14 13:49:40.938,1.51778,1.51798,1.55,1.12
2015.12.14 13:49:44.436,1.51778,1.51797,1.55,1.00
2015.12.14 13:49:44.742,1.51775,1.51793,2.25,1.87
2015.12.14 13:49:44.793,1.51769,1.5179,1.87,1.37
2015.12.14 13:49:44.845,1.51767,1.5179,1.12,1.37
2015.12.14 13:49:45.304,1.51764,1.51785,1.45,1.00
2015.12.14 13:49:45.844,1.51763,1.51785,1.27,1.12
2015.12.14 13:49:46.558,1.51764,1.51785,1.12,1.00
2015.12.14 13:49:47.614,1.51764,1.51787,1.12,1.00
2015.12.14 13:49:47.665,1.51766,1.51787,1.00,1.00
2015.12.14 13:49:48.183,1.51767,1.51787,1.00,1.12
2015.12.14 13:49:49.001,1.51768,1.51789,1.00,1.57
2015.12.14 13:49:49.508,1.51767,1.5179,1.00,1.52
2015.12.14 13:49:49.654,1.51762,1.51788,2.40,1.87
2015.12.14 13:49:49.706,1.51762,1.51784,1.85,1.12
2015.12.14 13:49:49.757,1.5176,1.51784,1.20,1.12
2015.12.14 13:49:49.860,1.5176,1.51782,1.00,1.00
2015.12.14 13:49:50.173,1.51759,1.51782,1.12,1.20
2015.12.14 13:49:50.481,1.51767,1.51783,1.00,1.00
2015.12.14 13:49:50.533,1.51769,1.51789,1.00,1.87
2015.12.14 13:49:50.649,1.51769,1.51791,1.00,1.20
2015.12.14 13:49:50.806,1.51772,1.51792,1.00,2.62
2015.12.14 13:49:51.114,1.51779,1.51794,1.00,1.00
2015.12.14 13:49:51.216,1.51778,1.51801,1.12,1.12
2015.12.14 13:49:51.267,1.51775,1.51801,3.82,2.25
2015.12.14 13:49:51.533,1.51776,1.51798,1.10,1.00
2015.12.14 13:49:51.584,1.51782,1.51801,1.00,1.45
2015.12.14 13:49:51.686,1.51784,1.51803,1.00,1.00
2015.12.14 13:49:51.788,1.51784,1.51805,1.00,1.10
2015.12.14 13:49:52.194,1.51786,1.51805,1.00,1.00
2015.12.14 13:49:52.695,1.51786,1.51807,1.00,1.07
2015.12.14 13:49:54.344,1.51789,1.51807,1.00,1.07
2015.12.14 13:49:54.396,1.51787,1.51807,1.00,1.07
2015.12.14 13:49:54.447,1.51789,1.51805,1.00,1.00
2015.12.14 13:49:54.498,1.51787,1.51805,1.00,1.00
2015.12.14 13:49:55.006,1.51787,1.51806,1.00,1.10
2015.12.14 13:49:55.774,1.51787,1.51805,1.00,1.00
2015.12.14 13:49:56.946,1.5179,1.51805,1.00,1.00
2015.12.14 13:49:57.302,1.51796,1.51805,1.00,1.00
2015.12.14 13:49:57.502,1.51798,1.5181,1.12,1.00
2015.12.14 13:49:57.555,1.51799,1.51819,1.00,1.00
2015.12.14 13:49:57.658,1.51799,1.51823,1.07,1.20
2015.12.14 13:49:57.763,1.51799,1.51823,1.00,1.57
2015.12.14 13:49:58.221,1.51799,1.51821,1.00,1.57
2015.12.14 13:49:58.523,1.51797,1.51821,1.00,2.32
2015.12.14 13:49:58.779,1.51795,1.51819,1.00,1.65
2015.12.14 13:49:59.503,1.51795,1.51818,1.00,1.45
2015.12.14 13:50:00.258,1.51798,1.51819,1.12,1.87
2015.12.14 13:50:00.522,1.518,1.51822,1.00,2.62
2015.12.14 13:50:00.624,1.51798,1.51822,1.00,1.87
2015.12.14 13:50:00.944,1.51798,1.51822,1.00,1.10
2015.12.14 13:50:01.147,1.51798,1.51823,1.00,1.75
2015.12.14 13:50:02.585,1.51798,1.51821,1.50,1.57
2015.12.14 13:50:04.298,1.51801,1.51821,1.00,1.95
2015.12.14 13:50:04.349,1.51801,1.51823,1.00,1.55
2015.12.14 13:50:04.502,1.51798,1.51823,1.57,1.27
2015.12.14 13:50:04.604,1.51798,1.51823,1.00,3.37
2015.12.14 13:50:05.084,1.51796,1.5182,1.10,1.57
2015.12.14 13:50:05.591,1.51799,1.5182,1.00,1.57
2015.12.14 13:50:05.846,1.51799,1.51822,1.10,1.07
2015.12.14 13:50:06.349,1.518,1.51822,1.00,1.00
2015.12.14 13:50:07.413,1.518,1.51822,1.07,1.00
2015.12.14 13:50:07.499,1.518,1.51822,1.57,1.00
2015.12.14 13:50:07.804,1.51803,1.51824,1.10,1.00
2015.12.14 13:50:08.565,1.51803,1.51822,1.10,1.00
2015.12.14 13:50:09.088,1.51798,1.51821,2.62,1.37
2015.12.14 13:50:09.191,1.51795,1.51816,1.20,1.00
2015.12.14 13:50:09.294,1.51792,1.51816,1.27,1.50
2015.12.14 13:50:09.447,1.51791,1.51814,1.95,1.00
2015.12.14 13:50:09.762,1.51791,1.51811,1.07,1.00
2015.12.14 13:50:10.565,1.51789,1.5181,1.45,1.00
2015.12.14 13:50:11.873,1.5179,1.51811,1.20,1.50
2015.12.14 13:50:12.380,1.51789,1.5181,1.45,1.00
2015.12.14 13:50:12.594,1.51788,1.5181,1.07,1.50
2015.12.14 13:50:13.510,1.51787,1.5181,1.17,1.50
2015.12.14 13:50:15.670,1.51787,1.5181,1.57,1.00
2015.12.14 13:50:16.473,1.51794,1.51813,1.00,1.10
2015.12.14 13:50:16.706,1.518,1.51822,1.37,1.57
2015.12.14 13:50:16.808,1.51798,1.51816,1.57,1.00
2015.12.14 13:50:16.911,1.51801,1.51819,1.12,1.00
2015.12.14 13:50:17.167,1.51801,1.51816,1.20,1.00
2015.12.14 13:50:17.962,1.51799,1.51818,1.95,1.00
2015.12.14 13:50:18.571,1.51798,1.5182,1.20,1.00
2015.12.14 13:50:18.774,1.51801,1.51825,1.37,3.07
2015.12.14 13:50:18.847,1.51804,1.51825,1.87,1.95
2015.12.14 13:50:19.153,1.51815,1.5183,1.07,1.37
2015.12.14 13:50:19.204,1.51818,1.51834,1.12,1.00
2015.12.14 13:50:19.627,1.51815,1.51835,3.00,1.00
2015.12.14 13:50:20.170,1.51815,1.51835,1.45,1.00
2015.12.14 13:50:20.222,1.51815,1.51837,1.45,1.00
2015.12.14 13:50:20.652,1.51815,1.51835,1.07,1.00
2015.12.14 13:50:20.958,1.5181,1.51831,1.47,1.00
2015.12.14 13:50:21.358,1.51807,1.51828,1.27,1.00
2015.12.14 13:50:21.460,1.51806,1.51828,1.57,1.00
2015.12.14 13:50:22.531,1.51804,1.51828,1.95,1.00
2015.12.14 13:50:23.765,1.51805,1.5183,1.17,1.17
2015.12.14 13:50:24.120,1.51808,1.51831,1.00,1.95
2015.12.14 13:50:24.464,1.51811,1.51831,1.00,1.95
2015.12.14 13:50:25.003,1.51809,1.51831,1.00,1.20
2015.12.14 13:50:25.359,1.51804,1.5183,2.32,1.27
2015.12.14 13:50:28.026,1.51804,1.51827,1.20,1.00
2015.12.14 13:50:28.157,1.51804,1.51827,1.00,1.50
2015.12.14 13:50:28.799,1.51803,1.51827,1.57,1.37
2015.12.14 13:50:29.241,1.51803,1.51827,1.20,1.00
2015.12.14 13:50:29.990,1.51803,1.51827,1.20,1.65
2015.12.14 13:50:30.244,1.51804,1.51828,1.00,1.20
2015.12.14 13:50:30.854,1.51804,1.51829,1.20,1.47
2015.12.14 13:50:31.398,1.51807,1.51831,1.87,1.57
2015.12.14 13:50:31.551,1.51808,1.51831,1.12,1.00
2015.12.14 13:50:32.399,1.51805,1.5183,2.62,1.00
2015.12.14 13:50:33.111,1.51807,1.51831,1.20,2.25
2015.12.14 13:50:35.481,1.51805,1.51829,3.00,1.12
2015.12.14 13:50:35.822,1.51804,1.51828,1.17,1.47
2015.12.14 13:50:35.873,1.51804,1.51828,1.17,1.10
2015.12.14 13:50:36.698,1.51804,1.51829,1.00,1.52
2015.12.14 13:50:37.798,1.51806,1.5183,1.00,2.20
2015.12.14 13:50:38.943,1.51804,1.5183,1.00,3.37
2015.12.14 13:50:39.096,1.51809,1.5183,1.00,2.62
2015.12.14 13:50:39.403,1.5182,1.5184,1.00,1.50
2015.12.14 13:50:39.557,1.51821,1.5184,1.00,1.00
2015.12.14 13:50:39.659,1.51821,1.51842,1.00,1.50
2015.12.14 13:50:40.203,1.51822,1.51844,1.00,1.55
2015.12.14 13:50:40.508,1.51822,1.51844,1.00,1.55
2015.12.14 13:50:40.610,1.5182,1.51844,1.00,1.92
2015.12.14 13:50:41.713,1.5182,1.51842,1.00,1.12
2015.12.14 13:50:42.242,1.51819,1.51842,1.00,1.12
2015.12.14 13:50:43.016,1.51821,1.51842,1.00,1.12
2015.12.14 13:50:43.321,1.51825,1.51846,1.87,1.12
2015.12.14 13:50:44.355,1.51826,1.51845,1.45,1.50
2015.12.14 13:50:44.406,1.51826,1.5184,1.45,1.50
2015.12.14 13:50:44.559,1.51826,1.51845,1.45,1.50
2015.12.14 13:50:45.189,1.51825,1.51845,1.55,1.50
2015.12.14 13:50:46.698,1.51825,1.51847,1.87,1.75
2015.12.14 13:50:46.749,1.51825,1.51848,1.87,1.87
2015.12.14 13:50:46.851,1.51829,1.51849,1.00,1.87
2015.12.14 13:50:47.185,1.51838,1.51858,1.57,1.50
2015.12.14 13:50:47.237,1.51838,1.51858,1.57,1.12
2015.12.14 13:50:47.897,1.51837,1.51863,1.95,1.37
2015.12.14 13:50:48.405,1.51837,1.51863,1.95,1.37
2015.12.14 13:50:48.914,1.51839,1.51863,1.47,1.87
2015.12.14 13:50:49.016,1.51838,1.51857,1.55,1.00
2015.12.14 13:50:50.380,1.51837,1.51857,1.57,1.00
2015.12.14 13:50:50.887,1.51835,1.51856,1.37,1.00
2015.12.14 13:50:50.938,1.51835,1.51859,1.37,2.02
2015.12.14 13:50:50.990,1.51836,1.51859,1.87,1.50
2015.12.14 13:50:51.295,1.51843,1.51866,2.70,1.10
2015.12.14 13:50:51.499,1.51845,1.5187,1.95,1.50
2015.12.14 13:50:51.550,1.51846,1.51871,1.27,1.00
2015.12.14 13:50:51.653,1.51851,1.51871,1.57,1.00
2015.12.14 13:50:52.233,1.51851,1.51869,2.62,1.00
2015.12.14 13:50:52.589,1.51853,1.51864,1.45,1.00
2015.12.14 13:50:52.805,1.51841,1.51862,1.20,1.87
2015.12.14 13:50:52.858,1.51839,1.5186,1.00,1.50
2015.12.14 13:50:52.961,1.51835,1.5186,1.12,2.77
2015.12.14 13:50:53.253,1.51833,1.51855,2.02,1.12
2015.12.14 13:50:53.355,1.51831,1.51855,1.20,1.87
2015.12.14 13:50:53.761,1.5183,1.51851,1.45,1.37
2015.12.14 13:50:54.447,1.5183,1.51851,1.45,1.37
2015.12.14 13:50:54.954,1.51828,1.51845,1.45,1.00
2015.12.14 13:50:55.056,1.51825,1.51845,1.47,1.37
2015.12.14 13:50:55.260,1.51827,1.51845,1.87,1.37
2015.12.14 13:50:55.362,1.51829,1.51847,2.25,1.50
2015.12.14 13:50:55.464,1.51831,1.51851,1.45,2.62
2015.12.14 13:50:55.533,1.51831,1.51851,1.45,2.25
2015.12.14 13:50:55.584,1.51831,1.5185,1.12,1.00
2015.12.14 13:50:55.737,1.5183,1.5185,1.57,1.00
2015.12.14 13:50:56.092,1.51831,1.51847,1.12,1.00
2015.12.14 13:50:56.245,1.51831,1.51849,1.12,1.00
2015.12.14 13:50:56.347,1.51832,1.51849,1.45,1.00
2015.12.14 13:50:56.398,1.51833,1.51851,2.25,1.12
2015.12.14 13:50:56.500,1.51833,1.51848,2.25,1.00
2015.12.14 13:50:58.049,1.51832,1.51848,1.55,1.00
2015.12.14 13:50:58.253,1.5183,1.51844,2.25,1.00
2015.12.14 13:50:58.458,1.51828,1.51841,1.37,1.00
2015.12.14 13:50:58.509,1.51825,1.51841,1.45,1.00
2015.12.14 13:50:58.560,1.51825,1.51839,1.57,1.00
2015.12.14 13:50:58.662,1.51823,1.51839,1.87,1.00
2015.12.14 13:50:58.916,1.51821,1.51835,1.50,1.00
2015.12.14 13:50:59.237,1.51819,1.51837,1.57,1.00
2015.12.14 13:50:59.289,1.51819,1.51839,1.57,1.50
2015.12.14 13:50:59.391,1.51829,1.5184,1.37,1.37
2015.12.14 13:50:59.759,1.51829,1.5184,2.25,1.00
2015.12.14 13:51:00.083,1.51833,1.5184,1.47,1.00
2015.12.14 13:51:00.185,1.5183,1.51847,1.50,1.00
2015.12.14 13:51:00.389,1.5183,1.51849,1.12,1.00
2015.12.14 13:51:00.441,1.51826,1.51848,2.32,1.00
2015.12.14 13:51:00.543,1.51826,1.51841,1.45,1.00
2015.12.14 13:51:00.748,1.51818,1.51837,1.07,1.00
2015.12.14 13:51:00.851,1.51818,1.5184,1.37,1.00
2015.12.14 13:51:00.902,1.51816,1.51841,4.20,1.00
2015.12.14 13:51:01.004,1.51818,1.51841,1.45,1.00
2015.12.14 13:51:01.120,1.51818,1.51843,1.45,1.50
2015.12.14 13:51:01.222,1.51823,1.51843,1.00,1.00
2015.12.14 13:51:01.374,1.51828,1.51851,1.37,1.12
2015.12.14 13:51:01.426,1.51828,1.51848,1.52,1.00
2015.12.14 13:51:01.936,1.51828,1.51843,1.50,1.00
2015.12.14 13:51:02.151,1.51826,1.5184,1.47,1.00
2015.12.14 13:51:02.203,1.51825,1.5184,1.37,1.00
2015.12.14 13:51:02.305,1.51822,1.5184,1.57,1.00
2015.12.14 13:51:02.815,1.51826,1.51839,1.37,1.00
2015.12.14 13:51:03.140,1.51819,1.51823,1.12,1.00
2015.12.14 13:51:03.193,1.51813,1.51823,1.37,1.00
2015.12.14 13:51:03.296,1.51811,1.51826,1.37,1.00
2015.12.14 13:51:04.007,1.5181,1.51826,1.37,1.00
2015.12.14 13:51:04.211,1.5181,1.51828,1.37,1.00
2015.12.14 13:51:05.165,1.51815,1.51834,1.00,1.00
2015.12.14 13:51:05.217,1.5182,1.51836,1.37,1.00
2015.12.14 13:51:05.268,1.5182,1.51842,2.62,1.87
2015.12.14 13:51:05.370,1.51821,1.51842,1.50,1.12
2015.12.14 13:51:05.472,1.51825,1.51848,2.25,1.87
2015.12.14 13:51:05.574,1.51827,1.51847,1.07,1.00
2015.12.14 13:51:05.625,1.5183,1.51847,1.37,1.00
2015.12.14 13:51:05.778,1.51827,1.51847,1.55,1.12
2015.12.14 13:51:06.288,1.51828,1.51848,1.47,1.12
2015.12.14 13:51:06.796,1.51827,1.51847,1.55,1.00
2015.12.14 13:51:06.898,1.51828,1.51848,1.47,1.12
2015.12.14 13:51:07.426,1.5183,1.51851,1.20,1.12
2015.12.14 13:51:07.477,1.5183,1.51852,2.25,1.50
2015.12.14 13:51:07.580,1.51832,1.51857,1.82,2.62
2015.12.14 13:51:07.631,1.51837,1.51857,1.52,1.37
2015.12.14 13:51:07.784,1.51839,1.5186,1.07,1.87
2015.12.14 13:51:08.298,1.5184,1.5186,1.57,1.50
2015.12.14 13:51:08.806,1.5184,1.51861,1.87,1.00
2015.12.14 13:51:09.010,1.51845,1.51865,1.47,1.87
2015.12.14 13:51:09.265,1.51844,1.51865,2.25,1.87
2015.12.14 13:51:09.586,1.51848,1.5187,1.00,1.12
2015.12.14 13:51:09.637,1.51848,1.51871,1.87,1.50
2015.12.14 13:51:09.688,1.51851,1.51873,1.12,1.87
2015.12.14 13:51:09.842,1.51853,1.51873,1.57,1.12
2015.12.14 13:51:10.375,1.51854,1.51874,1.45,1.37
2015.12.14 13:51:10.882,1.51854,1.51874,1.45,1.00
2015.12.14 13:51:11.389,1.51855,1.51874,1.57,1.00
2015.12.14 13:51:11.667,1.51863,1.51878,1.00,1.37
2015.12.14 13:51:11.719,1.51868,1.51881,1.00,1.00
2015.12.14 13:51:11.871,1.51871,1.51881,1.00,1.00
2015.12.14 13:51:11.973,1.51873,1.51892,1.37,1.37
2015.12.14 13:51:12.126,1.51873,1.51894,1.37,1.00
2015.12.14 13:51:12.279,1.51879,1.51893,1.00,1.00
2015.12.14 13:51:12.522,1.51887,1.51906,2.02,1.00
2015.12.14 13:51:12.574,1.5189,1.51906,1.00,1.00
2015.12.14 13:51:12.778,1.51883,1.51902,1.57,1.00
2015.12.14 13:51:12.983,1.51884,1.519,1.37,1.37
2015.12.14 13:51:13.034,1.5188,1.51899,1.37,1.75
2015.12.14 13:51:13.136,1.5188,1.51897,1.37,3.00
2015.12.14 13:51:13.238,1.51876,1.51896,1.37,1.37
2015.12.14 13:51:13.505,1.51876,1.51896,1.37,1.50
2015.12.14 13:51:13.911,1.51876,1.51896,1.37,1.87
2015.12.14 13:51:14.217,1.51873,1.51887,1.37,1.00
2015.12.14 13:51:14.521,1.51864,1.51885,1.75,1.87
2015.12.14 13:51:14.573,1.51865,1.51889,1.00,1.50
2015.12.14 13:51:14.624,1.51873,1.51889,1.37,1.00
2015.12.14 13:51:14.726,1.51873,1.51892,1.37,1.37
2015.12.14 13:51:15.541,1.51873,1.51891,2.25,1.00
2015.12.14 13:51:16.584,1.51873,1.51888,2.25,1.00
2015.12.14 13:51:16.686,1.51873,1.5189,2.25,1.00
2015.12.14 13:51:17.398,1.51873,1.51887,1.47,1.00
2015.12.14 13:51:17.652,1.51872,1.51887,1.47,1.37
2015.12.14 13:51:17.768,1.51873,1.51889,1.07,1.37
2015.12.14 13:51:17.821,1.51876,1.5189,1.57,1.00
2015.12.14 13:51:18.024,1.51876,1.51896,1.20,1.87
2015.12.14 13:51:18.127,1.51881,1.51897,1.45,1.12
2015.12.14 13:51:18.539,1.51881,1.519,1.57,1.12
2015.12.14 13:51:18.692,1.5188,1.51902,2.25,1.00
2015.12.14 13:51:19.208,1.51883,1.51902,1.52,1.00
2015.12.14 13:51:19.905,1.51883,1.51904,1.52,1.00
2015.12.14 13:51:20.020,1.51884,1.51904,1.47,1.00
2015.12.14 13:51:20.680,1.51883,1.51904,1.55,1.00
2015.12.14 13:51:20.985,1.51883,1.51897,1.45,1.00
2015.12.14 13:51:21.313,1.51874,1.51883,1.37,1.00
2015.12.14 13:51:21.619,1.51873,1.51881,1.37,1.00
2015.12.14 13:51:21.721,1.51873,1.51884,1.37,1.12
2015.12.14 13:51:21.975,1.51873,1.5188,1.37,1.00
2015.12.14 13:51:22.164,1.51856,1.51874,1.52,1.00
2015.12.14 13:51:22.317,1.51855,1.51877,1.87,1.37
2015.12.14 13:51:22.824,1.51855,1.51876,1.37,1.12
2015.12.14 13:51:23.744,1.51853,1.51876,1.37,1.12
2015.12.14 13:51:25.432,1.51854,1.51878,1.47,1.75
2015.12.14 13:51:25.534,1.51856,1.51879,1.37,1.75
2015.12.14 13:51:25.788,1.51857,1.51882,2.70,1.12
2015.12.14 13:51:25.839,1.51862,1.51885,1.87,1.87
2015.12.14 13:51:26.209,1.51862,1.51883,1.57,1.75
2015.12.14 13:51:26.974,1.51859,1.51882,1.57,1.37
2015.12.14 13:51:27.292,1.51858,1.51882,1.37,1.37
2015.12.14 13:51:28.350,1.51859,1.51883,1.37,1.75
2015.12.14 13:51:28.401,1.51859,1.51883,2.25,1.75
2015.12.14 13:51:29.061,1.51862,1.51883,1.47,1.75
2015.12.14 13:51:29.112,1.51862,1.51883,1.47,1.50
2015.12.14 13:51:29.650,1.51862,1.51883,1.55,1.12
2015.12.14 13:51:29.803,1.51861,1.51879,1.57,1.00
2015.12.14 13:51:30.161,1.5186,1.51879,1.55,1.00
2015.12.14 13:51:30.727,1.5186,1.51878,1.55,1.00
2015.12.14 13:51:31.608,1.51859,1.51875,1.57,1.00
2015.12.14 13:51:31.914,1.51859,1.5187,1.37,1.00
2015.12.14 13:51:32.219,1.51852,1.51858,2.62,1.00
2015.12.14 13:51:32.680,1.51837,1.51858,1.57,1.00
2015.12.14 13:51:32.999,1.51837,1.51858,1.50,1.00
2015.12.14 13:51:33.306,1.51838,1.51855,1.45,1.00
2015.12.14 13:51:33.358,1.51837,1.51855,1.55,1.00
2015.12.14 13:51:34.359,1.51837,1.51853,1.55,1.00
2015.12.14 13:51:34.909,1.51834,1.51853,2.25,1.00
2015.12.14 13:51:35.256,1.51834,1.51855,2.25,1.00
2015.12.14 13:51:35.758,1.51835,1.51855,1.50,1.00
2015.12.14 13:51:36.224,1.51835,1.51857,1.50,1.12
2015.12.14 13:51:38.683,1.51835,1.51855,2.25,1.00
2015.12.14 13:51:38.734,1.51835,1.51857,2.25,1.00
2015.12.14 13:51:38.837,1.51837,1.51859,1.17,1.00
2015.12.14 13:51:38.889,1.51838,1.51862,1.47,1.50
2015.12.14 13:51:39.055,1.51839,1.51858,1.52,1.00
2015.12.14 13:51:39.106,1.51838,1.5186,1.87,1.00
2015.12.14 13:51:39.157,1.5184,1.51862,1.20,1.00
2015.12.14 13:51:39.208,1.51843,1.51862,1.00,1.00
2015.12.14 13:51:39.361,1.51847,1.51871,1.50,1.12
2015.12.14 13:51:39.514,1.51852,1.51871,1.07,1.00
2015.12.14 13:51:39.616,1.51852,1.51873,1.57,1.87
2015.12.14 13:51:39.718,1.51852,1.51875,1.57,1.00
2015.12.14 13:51:39.871,1.51853,1.51878,1.12,1.75
2015.12.14 13:51:41.240,1.51853,1.51874,1.50,1.37
2015.12.14 13:51:41.394,1.5185,1.51872,1.87,1.12
2015.12.14 13:51:41.651,1.51849,1.51872,2.25,1.37
2015.12.14 13:51:42.719,1.51848,1.51872,1.45,2.62
2015.12.14 13:51:45.107,1.51853,1.51872,1.00,1.37
2015.12.14 13:51:45.322,1.51853,1.51874,1.20,1.00
2015.12.14 13:51:46.159,1.51852,1.51872,1.55,1.12
2015.12.14 13:51:50.265,1.51852,1.51872,1.57,1.12
2015.12.14 13:51:50.802,1.51852,1.51872,2.25,1.12
2015.12.14 13:51:51.233,1.51852,1.51875,2.25,1.50
2015.12.14 13:51:51.284,1.51852,1.51875,2.25,1.87
2015.12.14 13:51:51.437,1.51852,1.51873,1.37,1.50
2015.12.14 13:51:51.944,1.51853,1.51876,1.12,1.50
2015.12.14 13:51:52.249,1.51861,1.51876,1.00,1.00
2015.12.14 13:51:52.426,1.51863,1.51884,1.37,1.50
2015.12.14 13:51:52.934,1.51862,1.51884,1.87,1.50
2015.12.14 13:51:53.705,1.51863,1.51884,1.37,1.87
2015.12.14 13:51:53.807,1.51862,1.51882,1.87,1.50
2015.12.14 13:51:54.282,1.51862,1.51876,1.37,1.00
2015.12.14 13:51:54.333,1.51856,1.51876,1.87,1.37
2015.12.14 13:51:54.385,1.51856,1.51876,1.37,1.87
2015.12.14 13:51:54.691,1.51856,1.5187,1.37,1.00
2015.12.14 13:51:56.725,1.51853,1.5187,1.37,1.00
2015.12.14 13:51:57.244,1.51852,1.5187,1.37,1.00
2015.12.14 13:51:57.345,1.5185,1.5187,1.37,1.00
2015.12.14 13:51:59.860,1.5185,1.51868,1.37,1.00
2015.12.14 13:52:00.811,1.5185,1.5187,1.37,1.00
2015.12.14 13:52:01.136,1.5185,1.51874,1.37,1.12
2015.12.14 13:52:01.187,1.51854,1.51875,1.00,1.12
2015.12.14 13:52:01.391,1.5186,1.51884,1.37,1.87
2015.12.14 13:52:02.772,1.51859,1.51882,1.12,1.87
2015.12.14 13:52:02.875,1.51857,1.51877,1.37,1.12
2015.12.14 13:52:03.078,1.51848,1.51872,1.87,1.37
2015.12.14 13:52:03.129,1.51848,1.51869,1.75,1.37
2015.12.14 13:52:03.181,1.51846,1.51866,1.12,1.47
2015.12.14 13:52:03.232,1.51846,1.51863,1.12,1.50
2015.12.14 13:52:03.283,1.51842,1.51863,1.50,1.65
2015.12.14 13:52:03.438,1.51838,1.51863,1.12,1.65
2015.12.14 13:52:04.070,1.51836,1.51861,2.77,1.00
2015.12.14 13:52:04.614,1.51837,1.5186,1.47,1.00
2015.12.14 13:52:05.124,1.51838,1.5186,1.00,1.65
2015.12.14 13:52:05.786,1.51838,1.5186,1.00,1.92
2015.12.14 13:52:06.339,1.51834,1.5186,1.27,2.40
2015.12.14 13:52:06.391,1.51833,1.51857,1.57,1.87
2015.12.14 13:52:06.494,1.51831,1.51853,1.87,1.27
2015.12.14 13:52:06.546,1.51829,1.51853,1.00,1.20
2015.12.14 13:52:06.903,1.51828,1.51848,1.00,1.00
2015.12.14 13:52:07.065,1.51825,1.51848,1.00,1.00
2015.12.14 13:52:07.167,1.51825,1.51848,1.00,1.47
2015.12.14 13:52:08.397,1.51825,1.5185,1.00,1.95
2015.12.14 13:52:09.057,1.51823,1.51847,1.12,1.12
2015.12.14 13:52:09.109,1.51823,1.51847,1.17,1.87
2015.12.14 13:52:09.225,1.51821,1.51846,1.27,2.02
2015.12.14 13:52:09.479,1.51827,1.51843,1.00,1.00
2015.12.14 13:52:09.530,1.51824,1.51846,1.00,1.37
2015.12.14 13:52:09.581,1.51826,1.51849,1.00,3.15
2015.12.14 13:52:09.683,1.51823,1.51847,1.57,1.50
2015.12.14 13:52:09.785,1.51823,1.51847,1.20,2.32
2015.12.14 13:52:11.565,1.51823,1.51847,1.20,1.57
2015.12.14 13:52:12.087,1.51827,1.51848,1.00,1.55
2015.12.14 13:52:12.189,1.51829,1.5185,1.00,1.65
2015.12.14 13:52:12.849,1.51833,1.51855,1.00,3.75
2015.12.14 13:52:13.001,1.51833,1.51855,1.00,1.10
2015.12.14 13:52:13.319,1.51831,1.51852,1.27,1.50
2015.12.14 13:52:13.624,1.5182,1.5184,1.50,1.12
2015.12.14 13:52:13.996,1.5182,1.51836,1.00,1.20
2015.12.14 13:52:14.301,1.5182,1.51838,1.00,1.57
2015.12.14 13:52:14.555,1.51818,1.51839,1.00,1.50
2015.12.14 13:52:14.759,1.51815,1.51839,1.12,1.12
2015.12.14 13:52:15.504,1.51815,1.51838,1.12,1.45
2015.12.14 13:52:15.874,1.51818,1.51838,1.00,1.20
2015.12.14 13:52:16.026,1.51818,1.51842,1.00,1.95
2015.12.14 13:52:16.433,1.51821,1.51843,1.00,2.40
2015.12.14 13:52:16.531,1.51821,1.51845,1.00,2.02
2015.12.14 13:52:17.039,1.51823,1.51846,1.00,1.65
2015.12.14 13:52:17.445,1.51823,1.51848,1.65,1.87
2015.12.14 13:52:17.598,1.51822,1.51847,1.37,1.20
2015.12.14 13:52:17.958,1.51821,1.51842,1.57,1.00
2015.12.14 13:52:18.009,1.51819,1.51842,2.70,1.00
2015.12.14 13:52:18.466,1.51824,1.51843,1.00,1.00
2015.12.14 13:52:18.771,1.5183,1.51848,1.37,1.00
2015.12.14 13:52:19.100,1.5184,1.51858,1.37,1.00
2015.12.14 13:52:19.203,1.5184,1.5186,1.47,1.00
2015.12.14 13:52:19.254,1.5184,1.51865,1.55,1.10
2015.12.14 13:52:19.407,1.51841,1.51867,1.57,1.57
2015.12.14 13:52:19.841,1.51843,1.51864,1.95,1.00
2015.12.14 13:52:20.148,1.51842,1.51862,1.00,1.00
2015.12.14 13:52:20.199,1.51842,1.51864,1.00,1.87
2015.12.14 13:52:20.352,1.51842,1.51862,1.00,1.00
2015.12.14 13:52:20.860,1.51837,1.51862,3.07,1.00
2015.12.14 13:52:21.130,1.51837,1.51862,1.57,1.50
2015.12.14 13:52:21.233,1.51836,1.51857,2.62,1.00
2015.12.14 13:52:21.336,1.51836,1.51857,1.37,1.10
2015.12.14 13:52:21.387,1.51835,1.51856,1.00,1.00
2015.12.14 13:52:21.439,1.51835,1.51855,1.00,1.47
2015.12.14 13:52:21.490,1.51831,1.51854,1.10,1.12
2015.12.14 13:52:21.948,1.5183,1.5185,1.12,1.00
2015.12.14 13:52:22.217,1.51826,1.5185,1.10,1.10
2015.12.14 13:52:22.319,1.51824,1.51847,3.45,1.00
2015.12.14 13:52:22.929,1.51824,1.51849,3.07,1.00
2015.12.14 13:52:23.032,1.51829,1.51852,1.37,1.95
2015.12.14 13:52:23.173,1.51832,1.51857,1.65,2.32
2015.12.14 13:52:23.479,1.51835,1.51854,1.50,1.00
2015.12.14 13:52:23.785,1.51832,1.5185,2.62,1.00
2015.12.14 13:52:23.939,1.51832,1.5185,1.55,1.00
2015.12.14 13:52:24.517,1.5183,1.51848,1.55,1.00
2015.12.14 13:52:24.620,1.51828,1.51848,1.37,1.00
2015.12.14 13:52:24.773,1.51828,1.51846,1.37,1.00
2015.12.14 13:52:25.086,1.5182,1.51837,2.25,1.00
2015.12.14 13:52:25.290,1.51816,1.51834,1.12,1.00
2015.12.14 13:52:25.848,1.51816,1.51836,1.12,1.00
2015.12.14 13:52:26.001,1.51815,1.51835,2.02,1.00
2015.12.14 13:52:26.539,1.51813,1.51835,1.95,1.00
2015.12.14 13:52:26.894,1.51813,1.51835,1.10,1.00
2015.12.14 13:52:28.062,1.51811,1.51836,2.32,1.10
2015.12.14 13:52:28.866,1.51814,1.51838,1.00,1.20
2015.12.14 13:52:28.970,1.51814,1.51838,1.37,1.20
2015.12.14 13:52:29.021,1.51814,1.51838,2.32,1.00
2015.12.14 13:52:29.431,1.51816,1.51841,1.45,1.10
2015.12.14 13:52:29.554,1.51815,1.51838,3.07,1.00
2015.12.14 13:52:30.062,1.51815,1.51837,1.10,1.12
2015.12.14 13:52:30.114,1.51815,1.51834,1.10,1.00
2015.12.14 13:52:30.267,1.51813,1.51836,2.32,1.12
2015.12.14 13:52:30.832,1.51813,1.51835,1.95,1.00
2015.12.14 13:52:31.348,1.51813,1.51835,2.32,1.00
2015.12.14 13:52:31.754,1.51811,1.51834,1.55,1.50
2015.12.14 13:52:31.805,1.5181,1.51831,1.95,1.00
2015.12.14 13:52:31.988,1.5181,1.51831,1.00,1.00
2015.12.14 13:52:32.039,1.51807,1.51831,2.70,1.00
2015.12.14 13:52:33.062,1.51806,1.51829,1.50,1.00
2015.12.14 13:52:33.184,1.51805,1.51829,1.00,2.25
2015.12.14 13:52:33.236,1.51802,1.51826,2.62,1.00
2015.12.14 13:52:33.440,1.51802,1.51825,1.00,1.10
2015.12.14 13:52:33.948,1.51799,1.51824,2.02,1.10
2015.12.14 13:52:34.485,1.51799,1.51822,1.27,1.00
2015.12.14 13:52:34.790,1.51796,1.51819,1.57,1.00
2015.12.14 13:52:35.248,1.51796,1.51818,1.20,1.00
2015.12.14 13:52:35.360,1.51794,1.51816,1.47,1.00
2015.12.14 13:52:35.665,1.51794,1.51815,1.00,1.50
2015.12.14 13:52:35.717,1.51791,1.51815,1.20,1.50
2015.12.14 13:52:35.972,1.51788,1.51813,1.57,1.07
2015.12.14 13:52:36.277,1.51791,1.51816,1.00,1.92
2015.12.14 13:52:36.628,1.51795,1.51816,1.00,1.55
2015.12.14 13:52:36.679,1.51791,1.51816,1.00,1.55
2015.12.14 13:52:37.453,1.51794,1.51816,1.00,1.47
2015.12.14 13:52:37.719,1.51796,1.5182,1.00,1.57
2015.12.14 13:52:37.872,1.51799,1.51821,1.00,1.57
2015.12.14 13:52:38.280,1.51799,1.51823,1.00,1.65
2015.12.14 13:52:38.432,1.51801,1.51824,1.00,2.40
2015.12.14 13:52:38.687,1.51801,1.51825,1.00,1.95
2015.12.14 13:52:39.079,1.51802,1.51827,1.00,1.65
2015.12.14 13:52:39.435,1.51805,1.51827,1.00,1.12
2015.12.14 13:52:40.006,1.51805,1.51829,1.00,1.17
2015.12.14 13:52:40.515,1.51804,1.51829,1.00,1.65
2015.12.14 13:52:41.023,1.51804,1.51829,1.00,2.20
2015.12.14 13:52:41.568,1.51805,1.51829,1.00,2.20
2015.12.14 13:52:42.077,1.51805,1.5183,1.00,3.45
2015.12.14 13:52:42.682,1.51805,1.51828,1.00,1.07
2015.12.14 13:52:43.189,1.51805,1.51827,1.00,1.12
2015.12.14 13:52:43.342,1.51803,1.51827,1.00,1.12
2015.12.14 13:52:43.882,1.51803,1.51827,1.00,2.25
2015.12.14 13:52:44.821,1.51803,1.51827,1.00,2.25
2015.12.14 13:52:46.449,1.518,1.51825,1.00,1.12
2015.12.14 13:52:47.308,1.51797,1.51825,2.02,1.50
2015.12.14 13:52:47.968,1.51797,1.51824,2.40,1.52
2015.12.14 13:52:48.910,1.51797,1.51824,1.65,1.52
2015.12.14 13:52:51.029,1.51797,1.51824,1.50,1.87
2015.12.14 13:52:51.796,1.51797,1.51824,1.50,1.87
2015.12.14 13:52:52.302,1.51798,1.51823,1.87,1.95
2015.12.14 13:52:52.353,1.51802,1.51823,1.37,1.57
2015.12.14 13:52:52.455,1.51802,1.51825,1.00,1.10
2015.12.14 13:52:52.607,1.51802,1.51825,1.00,1.47
2015.12.14 13:52:53.061,1.51799,1.51825,1.87,3.00
2015.12.14 13:52:53.163,1.51796,1.51824,2.62,2.02
2015.12.14 13:52:53.315,1.51799,1.51823,1.20,1.87
2015.12.14 13:52:53.620,1.51801,1.51825,1.47,1.10
2015.12.14 13:52:53.672,1.51803,1.51827,1.20,1.20
2015.12.14 13:52:53.893,1.51805,1.51829,1.00,1.57
2015.12.14 13:52:54.402,1.51805,1.51831,1.20,1.12
2015.12.14 13:52:54.709,1.51808,1.51833,1.00,2.32
2015.12.14 13:52:55.155,1.51805,1.5183,1.95,1.37
2015.12.14 13:52:55.206,1.51805,1.5183,1.12,1.47
2015.12.14 13:52:55.258,1.51803,1.5183,2.02,1.85
2015.12.14 13:52:55.309,1.51803,1.51828,1.10,1.55
2015.12.14 13:52:56.085,1.51801,1.51828,1.87,1.57
2015.12.14 13:52:56.300,1.51801,1.51824,1.00,1.00
2015.12.14 13:52:56.605,1.51796,1.51823,2.77,1.27
2015.12.14 13:52:56.657,1.51797,1.51824,1.12,3.37
2015.12.14 13:52:57.268,1.51801,1.51824,1.00,2.62
2015.12.14 13:52:57.546,1.51803,1.51827,1.10,1.17
2015.12.14 13:52:57.597,1.51801,1.51827,1.20,1.95
2015.12.14 13:52:57.750,1.51799,1.51825,2.32,1.95
2015.12.14 13:52:58.462,1.51802,1.51825,1.00,1.20
2015.12.14 13:52:58.565,1.51802,1.51824,1.00,1.37
2015.12.14 13:52:58.719,1.518,1.51827,1.20,2.32
2015.12.14 13:52:59.228,1.518,1.51825,1.12,1.65
2015.12.14 13:52:59.482,1.51798,1.51824,1.65,1.57
2015.12.14 13:52:59.787,1.51797,1.51821,2.02,1.12
2015.12.14 13:53:00.322,1.51795,1.51821,3.00,1.87
2015.12.14 13:53:00.374,1.51796,1.51821,1.15,1.87
2015.12.14 13:53:01.578,1.51795,1.51819,1.20,1.57
2015.12.14 13:53:02.506,1.51795,1.51819,1.47,1.57
2015.12.14 13:53:02.557,1.51795,1.51819,1.37,1.95
2015.12.14 13:53:03.090,1.51795,1.51817,1.00,1.27
2015.12.14 13:53:03.600,1.51796,1.51818,1.00,1.12
2015.12.14 13:53:05.189,1.51796,1.51818,1.00,1.75
2015.12.14 13:53:07.499,1.51796,1.51818,1.00,1.12
2015.12.14 13:53:08.561,1.51795,1.51818,1.00,1.45
2015.12.14 13:53:09.343,1.51797,1.51818,1.00,1.12
2015.12.14 13:53:09.648,1.51801,1.51819,1.00,1.75
2015.12.14 13:53:09.852,1.51799,1.5182,1.00,1.12
2015.12.14 13:53:09.954,1.51799,1.51819,1.00,1.75
2015.12.14 13:53:10.832,1.51798,1.51818,1.00,1.12
2015.12.14 13:53:11.136,1.51801,1.51819,1.00,1.20
2015.12.14 13:53:11.492,1.51801,1.51821,1.00,1.45
2015.12.14 13:53:11.864,1.51805,1.51822,1.00,1.95
2015.12.14 13:53:12.017,1.51805,1.51825,1.00,1.07
2015.12.14 13:53:12.068,1.51807,1.51825,1.00,1.07
2015.12.14 13:53:12.376,1.5181,1.51828,1.00,1.07
2015.12.14 13:53:12.898,1.51808,1.51828,1.00,1.07
2015.12.14 13:53:12.950,1.51805,1.51828,1.00,1.07
2015.12.14 13:53:13.105,1.51805,1.51825,1.00,1.57
2015.12.14 13:53:13.308,1.51803,1.51824,1.00,1.82
2015.12.14 13:53:14.227,1.51808,1.51824,1.00,1.82
2015.12.14 13:53:14.329,1.51808,1.51826,1.00,1.20
2015.12.14 13:53:14.380,1.5181,1.51826,1.00,1.20
2015.12.14 13:53:14.533,1.5181,1.5183,1.00,1.87
2015.12.14 13:53:14.903,1.5181,1.51832,1.00,2.62
2015.12.14 13:53:15.157,1.51814,1.51832,1.00,2.62
2015.12.14 13:53:15.462,1.51824,1.51841,1.00,1.00
2015.12.14 13:53:15.665,1.51824,1.51845,1.00,1.17
2015.12.14 13:53:15.818,1.51821,1.51846,1.00,1.95
2015.12.14 13:53:15.869,1.5182,1.51843,1.00,2.02
2015.12.14 13:53:16.176,1.51816,1.51836,1.12,1.57
2015.12.14 13:53:18.629,1.51813,1.51836,1.87,2.25
2015.12.14 13:53:18.750,1.51809,1.51829,1.00,1.37
2015.12.14 13:53:18.904,1.5181,1.51831,1.00,1.57
2015.12.14 13:53:18.956,1.5181,1.51831,1.00,1.57
2015.12.14 13:53:19.464,1.51811,1.51831,1.00,1.20
2015.12.14 13:53:19.617,1.51811,1.51831,1.00,1.87
2015.12.14 13:53:20.884,1.5181,1.51829,1.00,1.07
2015.12.14 13:53:22.432,1.51813,1.51829,1.00,1.20
2015.12.14 13:53:22.585,1.51817,1.51832,1.00,1.10
2015.12.14 13:53:22.637,1.51811,1.51829,1.00,1.37
2015.12.14 13:53:22.761,1.51809,1.51828,1.50,1.12
2015.12.14 13:53:22.812,1.51809,1.51827,1.50,1.12
2015.12.14 13:53:23.326,1.51807,1.51825,1.50,1.20
2015.12.14 13:53:23.631,1.51809,1.51825,1.00,1.20
2015.12.14 13:53:23.733,1.51807,1.51825,1.00,1.20
2015.12.14 13:53:23.858,1.51806,1.51824,1.00,1.50
2015.12.14 13:53:24.166,1.51808,1.51824,1.00,2.62
2015.12.14 13:53:24.674,1.51809,1.51824,1.50,1.12
2015.12.14 13:53:25.245,1.51808,1.51824,1.00,1.12
2015.12.14 13:53:25.448,1.51806,1.51824,1.00,1.12
2015.12.14 13:53:25.956,1.51805,1.51823,1.00,1.45
2015.12.14 13:53:26.167,1.51806,1.51824,1.00,1.87
2015.12.14 13:53:26.525,1.51808,1.51824,1.00,1.12
2015.12.14 13:53:27.033,1.51807,1.51824,1.00,1.12
2015.12.14 13:53:27.870,1.51807,1.51823,1.50,1.10
2015.12.14 13:53:28.175,1.51807,1.51822,1.50,1.57
2015.12.14 13:53:29.375,1.51805,1.51824,1.50,1.75
2015.12.14 13:53:29.883,1.51805,1.51823,1.50,1.87
2015.12.14 13:53:30.377,1.51803,1.51823,1.00,1.20
2015.12.14 13:53:31.476,1.51801,1.51822,2.25,1.17
2015.12.14 13:53:31.577,1.51803,1.51822,1.00,1.17
2015.12.14 13:53:32.096,1.51803,1.51822,1.00,1.10
2015.12.14 13:53:32.608,1.51803,1.51822,1.00,1.17
2015.12.14 13:53:33.138,1.51802,1.51822,1.00,1.17
2015.12.14 13:53:33.646,1.51801,1.51821,1.00,1.10
2015.12.14 13:53:34.001,1.51799,1.51822,1.00,1.65
2015.12.14 13:53:34.446,1.51802,1.51821,1.00,1.10
2015.12.14 13:53:35.762,1.51804,1.51822,1.00,1.17
2015.12.14 13:53:36.006,1.51804,1.51825,1.37,1.95
2015.12.14 13:53:36.626,1.51806,1.51825,1.00,1.20
2015.12.14 13:53:38.267,1.51805,1.51826,1.50,1.12
2015.12.14 13:53:38.479,1.51801,1.5182,1.00,1.50
2015.12.14 13:53:38.938,1.51795,1.51817,1.12,1.10
2015.12.14 13:53:38.990,1.5179,1.51813,3.00,1.57
2015.12.14 13:53:39.092,1.5179,1.5181,1.00,1.47
2015.12.14 13:53:39.245,1.5179,1.51806,1.00,1.00
2015.12.14 13:53:39.549,1.51788,1.51804,1.00,1.87
2015.12.14 13:53:39.651,1.51784,1.51804,1.12,1.87
2015.12.14 13:53:39.703,1.51784,1.51801,1.00,1.47
2015.12.14 13:53:40.028,1.51786,1.51801,1.00,1.87
2015.12.14 13:53:40.184,1.51786,1.51804,1.00,1.75
2015.12.14 13:53:40.235,1.51786,1.51805,1.00,1.20
2015.12.14 13:53:40.540,1.51785,1.51807,1.00,2.25
2015.12.14 13:53:40.592,1.51783,1.51806,1.00,1.50
2015.12.14 13:53:41.083,1.51781,1.51804,1.00,1.12
2015.12.14 13:53:41.796,1.51783,1.51803,1.00,1.57
2015.12.14 13:53:41.999,1.51781,1.51803,1.00,1.57
2015.12.14 13:53:42.221,1.51778,1.51802,1.00,1.55
2015.12.14 13:53:42.272,1.51776,1.51799,1.00,1.12
2015.12.14 13:53:42.324,1.51774,1.51796,1.00,1.55
2015.12.14 13:53:42.427,1.51771,1.51791,1.00,2.25
2015.12.14 13:53:42.530,1.51769,1.5179,1.00,1.50
2015.12.14 13:53:42.582,1.51767,1.5179,1.00,1.87
2015.12.14 13:53:42.837,1.51764,1.51787,1.12,1.20
2015.12.14 13:53:42.939,1.51764,1.51786,1.00,1.20
2015.12.14 13:53:42.991,1.51762,1.51786,1.12,1.95
2015.12.14 13:53:43.044,1.51762,1.51784,1.12,1.07
2015.12.14 13:53:43.668,1.51759,1.51784,1.00,1.57
2015.12.14 13:53:43.821,1.51759,1.51782,1.00,1.20
2015.12.14 13:53:44.126,1.51751,1.51775,1.12,1.55
2015.12.14 13:53:44.380,1.51747,1.51771,1.00,2.32
2015.12.14 13:53:44.509,1.51749,1.51771,1.37,1.45
2015.12.14 13:53:44.815,1.51754,1.51775,1.12,1.12
2015.12.14 13:53:45.018,1.51755,1.51775,1.37,1.87
2015.12.14 13:53:45.729,1.51753,1.51775,1.00,1.82
2015.12.14 13:53:45.927,1.51753,1.51774,1.00,2.25
2015.12.14 13:53:46.029,1.51753,1.51774,1.00,1.55
2015.12.14 13:53:46.385,1.51755,1.51774,1.00,1.27
2015.12.14 13:53:46.895,1.51755,1.51774,1.00,1.00
2015.12.14 13:53:47.442,1.51756,1.51774,1.00,1.00
2015.12.14 13:53:47.748,1.5176,1.5178,1.00,1.47
2015.12.14 13:53:47.799,1.5176,1.5178,1.00,1.10
2015.12.14 13:53:48.155,1.51762,1.51781,1.00,1.10
2015.12.14 13:53:48.669,1.51762,1.51782,1.00,1.00
2015.12.14 13:53:49.126,1.51757,1.51782,3.75,1.00
2015.12.14 13:53:49.178,1.51757,1.51781,1.87,1.12
2015.12.14 13:53:49.229,1.51755,1.51779,1.00,1.55
2015.12.14 13:53:49.281,1.51753,1.5178,1.00,2.32
2015.12.14 13:53:49.332,1.51752,1.51777,1.50,1.15
2015.12.14 13:53:49.735,1.51752,1.51777,1.00,2.25
2015.12.14 13:53:51.059,1.51751,1.51776,1.00,1.50
2015.12.14 13:53:51.368,1.51748,1.51774,1.00,1.65
2015.12.14 13:53:51.420,1.51747,1.51773,1.37,1.12
2015.12.14 13:53:51.573,1.51743,1.5177,2.02,1.95
2015.12.14 13:53:51.625,1.51742,1.51766,1.37,1.12
2015.12.14 13:53:52.146,1.51744,1.51766,1.00,1.82
2015.12.14 13:53:52.197,1.51741,1.51766,1.00,1.82
2015.12.14 13:53:52.248,1.51741,1.51763,1.00,1.37
2015.12.14 13:53:52.452,1.51739,1.51764,1.12,1.45
2015.12.14 13:53:52.708,1.5174,1.51762,1.00,1.87
2015.12.14 13:53:53.018,1.51738,1.51754,1.37,1.12
2015.12.14 13:53:53.128,1.51738,1.51755,1.37,1.57
2015.12.14 13:53:53.181,1.51738,1.51753,1.37,1.07
2015.12.14 13:53:53.587,1.51738,1.51755,1.37,1.52
2015.12.14 13:53:53.740,1.51736,1.51756,1.00,1.50
2015.12.14 13:53:54.494,1.5173,1.51756,1.87,1.87
2015.12.14 13:53:55.836,1.5173,1.51755,1.87,1.27
2015.12.14 13:53:56.244,1.51728,1.51755,2.25,3.00
2015.12.14 13:53:56.752,1.51727,1.51751,1.37,1.00
2015.12.14 13:53:57.882,1.51726,1.5175,1.57,1.00
2015.12.14 13:53:58.606,1.51726,1.51751,2.32,1.00
2015.12.14 13:53:58.760,1.51728,1.51753,1.45,1.20
2015.12.14 13:53:59.320,1.51728,1.51751,1.45,1.00
2015.12.14 13:54:00.139,1.51726,1.51751,1.45,1.37
2015.12.14 13:54:00.647,1.51725,1.51749,2.25,1.00
2015.12.14 13:54:01.349,1.51729,1.51751,1.37,1.12
2015.12.14 13:54:02.437,1.51729,1.51751,1.47,1.00
2015.12.14 13:54:02.743,1.51729,1.51742,1.47,1.00
2015.12.14 13:54:02.907,1.51724,1.51739,1.00,1.00
2015.12.14 13:54:03.010,1.51716,1.51739,1.00,1.00
2015.12.14 13:54:03.112,1.51714,1.51737,1.00,1.00
2015.12.14 13:54:03.419,1.51708,1.51731,1.37,1.20
2015.12.14 13:54:03.520,1.51708,1.51732,1.37,1.27
2015.12.14 13:54:03.622,1.51711,1.51735,1.65,1.75
2015.12.14 13:54:03.724,1.51711,1.51737,2.02,1.27
2015.12.14 13:54:03.819,1.51711,1.51737,3.45,1.00
2015.12.14 13:54:04.327,1.51712,1.51736,1.95,1.00
2015.12.14 13:54:04.633,1.51712,1.51733,1.37,1.55
2015.12.14 13:54:04.685,1.51708,1.51733,1.85,1.57
2015.12.14 13:54:04.787,1.51708,1.5173,1.75,1.37
2015.12.14 13:54:06.669,1.51706,1.51731,1.00,3.37
2015.12.14 13:54:06.720,1.5171,1.51729,1.00,1.50
2015.12.14 13:54:07.026,1.51708,1.51726,1.37,1.37
2015.12.14 13:54:07.282,1.51708,1.51729,1.37,2.25
2015.12.14 13:54:07.452,1.51701,1.51723,1.00,1.37
2015.12.14 13:54:07.656,1.51698,1.51721,1.37,1.15
2015.12.14 13:54:07.960,1.51702,1.51722,1.37,2.62
2015.12.14 13:54:08.164,1.51699,1.51721,1.00,1.15
2015.12.14 13:54:08.316,1.51698,1.51721,1.87,1.95
2015.12.14 13:54:09.177,1.51701,1.5172,1.37,1.45
2015.12.14 13:54:09.532,1.517,1.51717,1.37,1.07
2015.12.14 13:54:09.583,1.51698,1.51717,1.00,1.07
2015.12.14 13:54:09.685,1.51695,1.51713,1.00,1.37
2015.12.14 13:54:10.024,1.51695,1.51713,1.87,1.37
2015.12.14 13:54:10.482,1.51698,1.51714,1.37,1.37
2015.12.14 13:54:10.990,1.51699,1.51715,1.37,1.47
2015.12.14 13:54:11.265,1.51679,1.51702,1.50,1.87
2015.12.14 13:54:11.418,1.51681,1.51701,1.00,1.87
2015.12.14 13:54:11.470,1.51678,1.51699,2.25,1.07
2015.12.14 13:54:11.624,1.51674,1.51695,1.75,1.50
2015.12.14 13:54:11.677,1.5167,1.51689,1.75,1.00
2015.12.14 13:54:11.729,1.51668,1.51693,1.87,1.20
2015.12.14 13:54:11.781,1.51668,1.51695,1.12,2.25
2015.12.14 13:54:11.884,1.51669,1.51692,1.00,1.52
2015.12.14 13:54:12.193,1.51671,1.51693,1.00,1.12
2015.12.14 13:54:12.853,1.51671,1.51694,1.00,1.55
2015.12.14 13:54:13.433,1.51671,1.51695,1.00,1.57
2015.12.14 13:54:13.967,1.51677,1.51696,1.87,1.87
2015.12.14 13:54:14.273,1.51686,1.51702,1.37,1.00
2015.12.14 13:54:14.780,1.51685,1.51701,1.37,1.00
2015.12.14 13:54:14.957,1.51685,1.51704,1.37,1.00
2015.12.14 13:54:15.010,1.51682,1.51702,1.37,1.12
2015.12.14 13:54:15.061,1.51679,1.51702,1.00,1.27
2015.12.14 13:54:15.165,1.51684,1.51704,1.37,1.20
2015.12.14 13:54:15.471,1.5168,1.51698,1.00,1.50
2015.12.14 13:54:15.572,1.51674,1.51698,1.87,1.87
2015.12.14 13:54:15.826,1.51674,1.51698,1.12,1.15
2015.12.14 13:54:16.150,1.51677,1.51699,1.00,1.07
2015.12.14 13:54:16.457,1.51679,1.51701,1.37,1.45
2015.12.14 13:54:17.380,1.51685,1.51704,1.37,3.00
2015.12.14 13:54:17.483,1.51685,1.51705,1.37,1.37
2015.12.14 13:54:17.585,1.51688,1.51709,1.37,1.87
2015.12.14 13:54:18.196,1.51685,1.51709,1.12,1.87
2015.12.14 13:54:18.727,1.51685,1.5171,1.50,1.82
2015.12.14 13:54:18.982,1.51688,1.5171,1.00,1.82
2015.12.14 13:54:19.238,1.5169,1.51712,1.00,1.57
2015.12.14 13:54:19.290,1.5169,1.51712,1.37,1.57
2015.12.14 13:54:20.223,1.51692,1.51712,1.50,1.37
2015.12.14 13:54:20.325,1.51692,1.51714,1.37,1.00
2015.12.14 13:54:20.427,1.51688,1.51712,2.40,1.00
2015.12.14 13:54:20.901,1.51689,1.51716,1.85,1.27
2015.12.14 13:54:21.105,1.51697,1.5172,1.00,1.12
2015.12.14 13:54:21.207,1.517,1.51724,1.17,1.87
2015.12.14 13:54:21.311,1.51701,1.51727,1.17,1.50
2015.12.14 13:54:21.414,1.51704,1.51723,1.00,1.00
2015.12.14 13:54:21.618,1.51694,1.51717,1.00,1.12
2015.12.14 13:54:21.729,1.51696,1.51719,1.37,1.45
2015.12.14 13:54:21.780,1.51697,1.51721,1.37,1.20
2015.12.14 13:54:21.883,1.51697,1.51722,1.37,1.17
2015.12.14 13:54:21.986,1.51694,1.51718,2.40,1.00
2015.12.14 13:54:22.038,1.51695,1.51718,1.10,1.00
2015.12.14 13:54:22.445,1.51697,1.51722,1.00,2.02
2015.12.14 13:54:22.785,1.517,1.51724,1.95,1.00
2015.12.14 13:54:23.090,1.51703,1.51727,1.37,1.47
2015.12.14 13:54:23.801,1.51703,1.51729,1.37,1.95
2015.12.14 13:54:24.375,1.51707,1.51731,1.00,1.75
2015.12.14 13:54:24.529,1.51707,1.51733,2.70,1.07
2015.12.14 13:54:24.683,1.51709,1.51735,1.57,1.57
2015.12.14 13:54:24.887,1.51712,1.51733,1.37,1.00
2015.12.14 13:54:25.192,1.51709,1.5173,3.00,1.00
2015.12.14 13:54:25.424,1.51703,1.5173,4.50,1.37
2015.12.14 13:54:25.729,1.51709,1.51732,1.37,1.57
2015.12.14 13:54:26.296,1.5171,1.51732,1.37,1.00
2015.12.14 13:54:26.840,1.51709,1.51736,1.45,2.70
2015.12.14 13:54:27.043,1.5171,1.51735,1.37,1.87
2015.12.14 13:54:27.500,1.51711,1.51736,1.12,3.45
2015.12.14 13:54:27.704,1.51711,1.51736,1.20,1.00
2015.12.14 13:54:27.806,1.51713,1.51738,1.37,1.17
2015.12.14 13:54:28.925,1.51713,1.51739,1.47,2.40
2015.12.14 13:54:29.418,1.51717,1.5174,1.00,1.20
2015.12.14 13:54:29.504,1.51717,1.51742,1.45,1.20
2015.12.14 13:54:29.860,1.51722,1.51742,1.00,1.20
2015.12.14 13:54:30.013,1.51727,1.51752,1.37,1.45
2015.12.14 13:54:30.217,1.51729,1.51754,1.10,1.00
2015.12.14 13:54:30.783,1.51729,1.51751,1.10,1.00
2015.12.14 13:54:31.088,1.51728,1.51748,1.07,1.00
2015.12.14 13:54:31.597,1.51727,1.51748,1.20,1.00
2015.12.14 13:54:31.954,1.51728,1.51745,1.20,1.00
2015.12.14 13:54:32.056,1.51725,1.51747,1.20,1.12
2015.12.14 13:54:32.108,1.51726,1.51747,1.37,1.12
2015.12.14 13:54:32.314,1.51728,1.51749,1.20,1.00
2015.12.14 13:54:32.520,1.51728,1.51752,1.57,1.00
2015.12.14 13:54:33.042,1.51729,1.51752,1.52,1.00
2015.12.14 13:54:33.144,1.51732,1.51754,1.37,1.00
2015.12.14 13:54:34.120,1.51731,1.51754,1.37,1.00
2015.12.14 13:54:34.678,1.51732,1.51753,1.50,1.00
2015.12.14 13:54:35.288,1.51731,1.51751,1.20,1.00
2015.12.14 13:54:35.775,1.51731,1.51753,1.20,1.00
2015.12.14 13:54:36.284,1.51731,1.51753,1.47,1.00
2015.12.14 13:54:39.335,1.51729,1.51753,2.70,1.00
2015.12.14 13:54:39.386,1.51729,1.51749,2.70,1.00
2015.12.14 13:54:40.147,1.51727,1.51747,1.95,1.00
2015.12.14 13:54:40.351,1.51724,1.51745,2.40,1.00
2015.12.14 13:54:42.597,1.51725,1.51748,1.27,1.12
2015.12.14 13:54:42.649,1.51725,1.51748,1.57,1.12
2015.12.14 13:54:44.134,1.51726,1.51746,1.20,1.00
2015.12.14 13:54:44.624,1.51726,1.51738,1.20,1.00
2015.12.14 13:54:44.777,1.51717,1.51734,1.00,1.12
2015.12.14 13:54:44.941,1.51715,1.51731,1.37,1.12
2015.12.14 13:54:44.993,1.51712,1.51731,1.37,1.20
2015.12.14 13:54:45.095,1.5171,1.51729,1.37,1.00
2015.12.14 13:54:45.298,1.51707,1.51726,1.87,1.00
2015.12.14 13:54:46.565,1.51705,1.51726,1.75,1.00
2015.12.14 13:54:46.718,1.51707,1.51728,1.95,1.00
2015.12.14 13:54:46.770,1.51708,1.5173,1.27,1.00
2015.12.14 13:54:46.872,1.51711,1.51732,1.00,1.00
2015.12.14 13:54:47.696,1.51711,1.51734,2.25,1.00
2015.12.14 13:54:48.000,1.51716,1.51734,1.12,1.00
2015.12.14 13:54:48.507,1.51716,1.51734,1.87,1.00
2015.12.14 13:54:48.695,1.51716,1.51736,1.12,1.00
2015.12.14 13:54:48.746,1.5172,1.51736,1.37,1.00
2015.12.14 13:54:49.262,1.51721,1.51736,1.37,1.00
2015.12.14 13:54:52.065,1.5172,1.51736,1.37,1.00
2015.12.14 13:54:52.269,1.51717,1.51736,1.37,1.00
2015.12.14 13:54:52.524,1.51717,1.51733,1.50,1.00
2015.12.14 13:54:52.575,1.51715,1.51733,1.87,1.00
2015.12.14 13:54:52.890,1.51717,1.51733,1.37,1.50
2015.12.14 13:54:53.658,1.51717,1.5173,1.37,1.00
2015.12.14 13:54:54.293,1.51717,1.51729,1.37,1.00
2015.12.14 13:54:54.600,1.51717,1.51726,1.37,1.00
2015.12.14 13:54:54.652,1.51713,1.51723,1.37,1.00
2015.12.14 13:54:54.958,1.51709,1.51724,1.00,1.00
2015.12.14 13:54:55.477,1.51708,1.51723,1.37,1.00
2015.12.14 13:54:57.555,1.51716,1.51729,1.00,2.25
2015.12.14 13:54:57.657,1.51715,1.51734,1.50,1.12
2015.12.14 13:54:57.764,1.51719,1.51734,1.00,1.00
2015.12.14 13:54:57.819,1.51719,1.51739,1.00,1.20
2015.12.14 13:54:57.921,1.51715,1.51739,1.50,1.20
2015.12.14 13:54:57.973,1.51717,1.51735,1.00,1.12
2015.12.14 13:54:58.075,1.51715,1.51735,1.00,1.12
2015.12.14 13:54:58.228,1.5172,1.51736,1.00,1.87
2015.12.14 13:54:58.279,1.51717,1.51738,1.00,1.37
2015.12.14 13:54:58.330,1.51719,1.51738,1.00,1.37
2015.12.14 13:54:58.382,1.51719,1.51741,1.50,2.62
2015.12.14 13:54:58.636,1.51721,1.51741,1.00,1.87
2015.12.14 13:54:59.155,1.51721,1.51744,1.12,1.50
2015.12.14 13:55:00.360,1.51721,1.51745,1.37,3.07
2015.12.14 13:55:00.664,1.51724,1.51746,1.00,1.50
2015.12.14 13:55:00.716,1.51724,1.51747,1.50,1.95
2015.12.14 13:55:01.049,1.51724,1.5175,1.07,1.95
2015.12.14 13:55:01.100,1.51724,1.51749,1.07,1.45
2015.12.14 13:55:01.354,1.51722,1.51747,1.57,1.47
2015.12.14 13:55:01.507,1.51721,1.51743,1.95,1.00
2015.12.14 13:55:01.967,1.51719,1.51743,1.17,1.00
2015.12.14 13:55:02.441,1.51718,1.51742,1.45,1.37
2015.12.14 13:55:02.746,1.51718,1.51733,1.45,1.00
2015.12.14 13:55:02.898,1.51707,1.51729,1.12,1.00
2015.12.14 13:55:02.950,1.51707,1.51725,1.87,1.00
2015.12.14 13:55:03.001,1.51704,1.51725,1.75,1.00
2015.12.14 13:55:03.052,1.51703,1.51723,1.37,1.00
2015.12.14 13:55:03.183,1.51697,1.51723,1.57,1.20
2015.12.14 13:55:03.691,1.51696,1.51723,1.65,2.40
2015.12.14 13:55:03.793,1.51696,1.51723,2.25,2.32
2015.12.14 13:55:04.655,1.51697,1.51721,1.45,1.00
2015.12.14 13:55:06.048,1.51696,1.51725,3.45,3.07
2015.12.14 13:55:06.151,1.51701,1.51725,1.37,1.95
2015.12.14 13:55:06.306,1.51702,1.51725,1.45,1.00
2015.12.14 13:55:06.837,1.51703,1.51728,1.20,1.95
2015.12.14 13:55:07.557,1.51702,1.51728,1.20,1.95
2015.12.14 13:55:07.734,1.51702,1.5172,1.37,1.00
2015.12.14 13:55:07.887,1.51697,1.51717,3.07,1.00
2015.12.14 13:55:08.040,1.51693,1.51714,1.95,1.00
2015.12.14 13:55:08.347,1.51693,1.51716,1.20,1.00
2015.12.14 13:55:08.501,1.51694,1.51716,1.57,1.12
2015.12.14 13:55:08.829,1.51702,1.51725,1.37,1.87
2015.12.14 13:55:09.340,1.51701,1.51723,1.37,1.00
2015.12.14 13:55:09.677,1.51701,1.5172,1.87,1.00
2015.12.14 13:55:09.728,1.51698,1.5172,1.95,1.00
2015.12.14 13:55:10.199,1.51698,1.51723,1.87,1.57
2015.12.14 13:55:10.352,1.517,1.51724,1.50,1.27
2015.12.14 13:55:11.239,1.51702,1.51723,2.25,1.27
2015.12.14 13:55:11.291,1.51702,1.51721,1.87,1.00
2015.12.14 13:55:11.342,1.51702,1.51724,1.50,1.52
2015.12.14 13:55:11.394,1.51702,1.51721,1.37,1.00
2015.12.14 13:55:11.445,1.517,1.51721,1.00,1.50
2015.12.14 13:55:11.596,1.51704,1.51723,1.37,1.10
2015.12.14 13:55:11.903,1.51704,1.51723,1.37,1.57
2015.12.14 13:55:11.955,1.517,1.51723,2.25,1.57
2015.12.14 13:55:12.362,1.517,1.51722,2.25,1.12
2015.12.14 13:55:12.464,1.517,1.51722,1.87,1.55
2015.12.14 13:55:12.762,1.517,1.51719,1.50,1.00
2015.12.14 13:55:12.864,1.51696,1.51717,1.12,1.50
2015.12.14 13:55:12.916,1.51694,1.51716,1.12,1.57
2015.12.14 13:55:13.426,1.51692,1.51713,1.87,1.20
2015.12.14 13:55:13.958,1.51693,1.51715,1.37,2.62
2015.12.14 13:55:14.163,1.51697,1.51715,1.37,1.47
2015.12.14 13:55:14.316,1.51696,1.51718,1.37,3.75
2015.12.14 13:55:14.823,1.51696,1.51714,1.37,1.00
2015.12.14 13:55:15.326,1.51697,1.51714,1.37,1.00
2015.12.14 13:55:15.853,1.51696,1.51714,1.37,1.00
2015.12.14 13:55:17.913,1.51696,1.51716,1.37,1.20
2015.12.14 13:55:19.474,1.51701,1.51719,1.37,3.00
2015.12.14 13:55:19.525,1.51701,1.51719,1.47,1.00
2015.12.14 13:55:19.788,1.51701,1.51722,1.90,1.00
2015.12.14 13:55:19.840,1.51703,1.51722,2.25,1.00
2015.12.14 13:55:19.942,1.51703,1.51722,1.10,1.00
2015.12.14 13:55:20.349,1.517,1.51722,1.00,1.12
2015.12.14 13:55:20.603,1.51701,1.51724,1.12,1.57
2015.12.14 13:55:21.012,1.51698,1.51723,2.62,1.20
2015.12.14 13:55:21.067,1.51698,1.5172,1.87,1.00
2015.12.14 13:55:21.372,1.51694,1.51719,2.32,1.55
2015.12.14 13:55:22.264,1.51693,1.51717,2.02,1.00
2015.12.14 13:55:22.570,1.51693,1.51715,2.02,1.00
2015.12.14 13:55:22.723,1.51693,1.51715,2.02,1.00
2015.12.14 13:55:22.825,1.51693,1.51711,2.02,1.00
2015.12.14 13:55:23.142,1.51688,1.51704,1.12,1.00
2015.12.14 13:55:23.246,1.51684,1.51703,1.95,1.00
2015.12.14 13:55:23.450,1.51683,1.51703,1.57,1.00
2015.12.14 13:55:23.654,1.51681,1.51703,1.57,1.00
2015.12.14 13:55:24.132,1.51681,1.51698,1.50,1.00
2015.12.14 13:55:24.234,1.51678,1.51698,3.75,1.00
2015.12.14 13:55:24.286,1.51678,1.51698,1.50,1.12
2015.12.14 13:55:24.795,1.51678,1.51698,1.27,1.00
2015.12.14 13:55:25.073,1.51679,1.51698,1.37,1.00
2015.12.14 13:55:25.125,1.51679,1.517,1.37,1.50
2015.12.14 13:55:25.277,1.5168,1.51698,1.37,1.00
2015.12.14 13:55:26.625,1.5168,1.51696,1.87,1.00
2015.12.14 13:55:26.881,1.51681,1.51698,1.00,1.10
2015.12.14 13:55:27.384,1.51681,1.51699,1.00,1.00
2015.12.14 13:55:27.992,1.5168,1.51699,2.70,1.00
2015.12.14 13:55:28.094,1.51682,1.51699,1.47,1.00
2015.12.14 13:55:28.348,1.5168,1.51699,1.57,1.00
2015.12.14 13:55:28.451,1.5168,1.51701,1.57,1.00
2015.12.14 13:55:29.628,1.51682,1.51703,1.20,1.00
2015.12.14 13:55:29.936,1.51687,1.51707,1.47,1.00
2015.12.14 13:55:30.291,1.51685,1.51707,1.12,1.10
2015.12.14 13:55:30.393,1.51683,1.51702,1.87,1.37
2015.12.14 13:55:31.513,1.51682,1.51699,1.37,1.00
2015.12.14 13:55:31.565,1.51681,1.51699,1.00,1.37
2015.12.14 13:55:31.667,1.51677,1.51699,1.87,1.37
2015.12.14 13:55:31.856,1.51678,1.51691,1.37,1.37
2015.12.14 13:55:31.959,1.5168,1.51694,1.12,1.37
2015.12.14 13:55:32.163,1.5168,1.51696,1.00,1.37
2015.12.14 13:55:32.366,1.5168,1.51698,1.00,1.37
2015.12.14 13:55:32.874,1.5168,1.51699,1.12,1.37
2015.12.14 13:55:33.408,1.5168,1.517,1.00,1.47
2015.12.14 13:55:33.787,1.51679,1.51701,1.12,1.55
2015.12.14 13:55:34.094,1.51681,1.51701,1.37,2.02
2015.12.14 13:55:34.363,1.5168,1.51701,1.12,2.02
2015.12.14 13:55:34.887,1.51678,1.517,1.50,1.47
2015.12.14 13:55:34.939,1.51678,1.51697,1.50,1.00
2015.12.14 13:55:35.462,1.51677,1.51695,1.12,1.00
2015.12.14 13:55:35.565,1.51677,1.51697,1.12,1.00
2015.12.14 13:55:35.617,1.51677,1.51699,1.12,1.12
2015.12.14 13:55:35.668,1.51677,1.51697,1.12,1.37
2015.12.14 13:55:36.180,1.51677,1.51693,1.12,1.00
2015.12.14 13:55:36.829,1.51677,1.51694,1.12,1.00
2015.12.14 13:55:36.983,1.51677,1.51697,1.12,1.50
2015.12.14 13:55:37.186,1.51677,1.51694,1.12,1.00
2015.12.14 13:55:37.710,1.51677,1.51693,1.12,1.00
2015.12.14 13:55:38.236,1.51677,1.51694,1.12,1.00
2015.12.14 13:55:38.578,1.51675,1.51691,1.50,1.00
2015.12.14 13:55:38.629,1.51675,1.51694,1.12,1.00
2015.12.14 13:55:40.113,1.51675,1.51694,1.37,1.00
2015.12.14 13:55:41.062,1.51676,1.51692,1.12,1.00
2015.12.14 13:55:41.623,1.51675,1.51694,2.62,1.00
2015.12.14 13:55:41.827,1.51676,1.51697,1.00,1.00
2015.12.14 13:55:41.987,1.51679,1.51699,1.87,1.07
2015.12.14 13:55:42.393,1.5168,1.51699,1.45,1.00
2015.12.14 13:55:42.546,1.51681,1.51702,1.52,1.00
2015.12.14 13:55:42.800,1.51683,1.51704,1.17,1.00
2015.12.14 13:55:43.027,1.51683,1.51704,2.62,1.00
2015.12.14 13:55:43.435,1.51684,1.51707,2.25,1.00
2015.12.14 13:55:43.486,1.51687,1.51707,1.75,1.37
2015.12.14 13:55:43.642,1.51689,1.51708,1.87,1.00
2015.12.14 13:55:43.936,1.51689,1.51708,1.75,1.00
2015.12.14 13:55:44.249,1.51687,1.51705,2.02,1.00
2015.12.14 13:55:44.301,1.51686,1.51706,1.17,1.12
2015.12.14 13:55:44.505,1.51682,1.51702,3.37,1.00
2015.12.14 13:55:44.607,1.51682,1.517,1.50,1.00
2015.12.14 13:55:44.709,1.51682,1.51702,1.00,1.00
2015.12.14 13:55:44.760,1.51681,1.517,1.12,1.00
2015.12.14 13:55:45.684,1.51679,1.517,1.50,1.00
2015.12.14 13:55:46.017,1.51678,1.51697,3.00,1.00
2015.12.14 13:55:46.119,1.51678,1.51697,1.12,1.00
2015.12.14 13:55:46.324,1.51676,1.51697,1.00,1.00
2015.12.14 13:55:46.426,1.51676,1.51694,1.00,1.00
2015.12.14 13:55:47.274,1.51676,1.51693,1.00,1.00
2015.12.14 13:55:47.326,1.51673,1.51693,1.50,1.00
2015.12.14 13:55:47.631,1.51672,1.5169,1.12,1.00
2015.12.14 13:55:48.037,1.51668,1.51687,2.62,1.00
2015.12.14 13:55:48.195,1.51668,1.5169,1.12,1.00
2015.12.14 13:55:48.247,1.5167,1.5169,1.00,1.87
2015.12.14 13:55:48.350,1.51671,1.51692,1.50,1.87
2015.12.14 13:55:48.452,1.51671,1.51692,1.50,1.00
2015.12.14 13:55:48.554,1.51671,1.51692,2.62,1.00
2015.12.14 13:55:48.859,1.51672,1.51691,1.37,1.37
2015.12.14 13:55:49.199,1.51667,1.51688,3.75,1.00
2015.12.14 13:55:49.251,1.51667,1.51685,1.37,1.00
2015.12.14 13:55:49.558,1.51668,1.51688,1.37,1.55
2015.12.14 13:55:49.914,1.51666,1.5168,2.62,1.37
2015.12.14 13:55:50.235,1.51666,1.51681,1.12,1.37
2015.12.14 13:55:50.337,1.51664,1.51681,3.00,1.37
2015.12.14 13:55:50.847,1.51664,1.5168,1.00,1.37
2015.12.14 13:55:50.898,1.51669,1.5168,1.00,1.37
2015.12.14 13:55:51.205,1.51668,1.51682,1.00,1.37
2015.12.14 13:55:51.715,1.51668,1.51681,1.00,1.37
2015.12.14 13:55:52.223,1.51669,1.51682,1.00,1.87
2015.12.14 13:55:52.335,1.51671,1.51677,1.00,1.00
2015.12.14 13:55:52.387,1.5166,1.51676,3.75,1.00
2015.12.14 13:55:52.489,1.5166,1.51669,1.37,1.00
2015.12.14 13:55:52.643,1.51651,1.51663,2.55,2.25
2015.12.14 13:55:52.752,1.51651,1.51658,1.20,1.00
2015.12.14 13:55:52.804,1.51646,1.51659,1.00,1.00
2015.12.14 13:55:52.856,1.51641,1.51658,1.00,1.12
2015.12.14 13:55:52.958,1.51641,1.51653,1.00,1.00
2015.12.14 13:55:53.283,1.51631,1.51646,1.12,1.00
2015.12.14 13:55:53.386,1.51627,1.51641,2.25,1.00
2015.12.14 13:55:53.437,1.51627,1.51644,1.50,1.00
2015.12.14 13:55:53.744,1.51624,1.51645,1.87,1.00
2015.12.14 13:55:53.966,1.51623,1.51643,2.70,1.00
2015.12.14 13:55:54.017,1.51625,1.51647,1.12,1.00
2015.12.14 13:55:54.220,1.51627,1.51649,1.00,1.00
2015.12.14 13:55:54.525,1.51629,1.51649,1.00,1.00
2015.12.14 13:55:54.880,1.51626,1.51649,1.50,1.00
2015.12.14 13:55:55.298,1.51626,1.51649,1.00,2.25
2015.12.14 13:55:55.604,1.51629,1.51649,1.00,3.00
2015.12.14 13:55:56.125,1.51629,1.51648,1.00,1.87
2015.12.14 13:55:56.633,1.51628,1.51648,1.00,1.50
2015.12.14 13:55:57.143,1.51628,1.51649,1.00,2.62
2015.12.14 13:55:57.346,1.51624,1.51647,1.00,1.17
2015.12.14 13:55:57.397,1.51623,1.51645,1.10,1.87
2015.12.14 13:55:57.734,1.51618,1.51636,1.00,1.55
2015.12.14 13:55:58.550,1.51618,1.51637,1.00,1.57
2015.12.14 13:55:58.702,1.51618,1.51639,1.00,1.12
2015.12.14 13:55:58.841,1.51613,1.51639,1.37,1.12
2015.12.14 13:55:58.892,1.51613,1.51633,1.37,1.00
2015.12.14 13:55:59.197,1.51609,1.51629,1.47,1.00
2015.12.14 13:55:59.502,1.51609,1.51633,1.37,1.95
2015.12.14 13:55:59.757,1.51609,1.51633,1.00,1.07
2015.12.14 13:55:59.971,1.51608,1.51631,1.12,2.62
2015.12.14 13:56:00.174,1.51605,1.5163,1.00,1.87
2015.12.14 13:56:00.327,1.51601,1.51624,2.40,1.00
2015.12.14 13:56:00.632,1.51599,1.51622,1.87,1.75
2015.12.14 13:56:00.973,1.51612,1.51629,1.57,1.37
2015.12.14 13:56:01.075,1.51613,1.51631,1.55,1.00
2015.12.14 13:56:01.329,1.51613,1.51633,2.25,1.37
2015.12.14 13:56:01.381,1.51615,1.51639,1.55,1.50
2015.12.14 13:56:01.483,1.51619,1.5164,1.37,1.00
2015.12.14 13:56:01.815,1.51622,1.51639,1.00,1.37
2015.12.14 13:56:01.970,1.51622,1.5164,1.00,1.37
2015.12.14 13:56:02.072,1.51618,1.51639,1.00,1.50
2015.12.14 13:56:02.174,1.51618,1.51639,1.00,1.87
2015.12.14 13:56:02.225,1.51616,1.51639,1.00,1.50
2015.12.14 13:56:02.480,1.51619,1.51642,1.87,1.17
2015.12.14 13:56:02.531,1.51619,1.51644,1.87,1.10
2015.12.14 13:56:02.849,1.51622,1.51648,2.32,1.57
2015.12.14 13:56:03.077,1.51625,1.5165,1.00,1.87
2015.12.14 13:56:03.382,1.51626,1.5165,1.45,1.20
2015.12.14 13:56:03.753,1.51625,1.5165,1.00,2.40
2015.12.14 13:56:03.854,1.51627,1.5165,1.00,1.17
2015.12.14 13:56:04.362,1.51626,1.51651,1.65,2.40
2015.12.14 13:56:04.668,1.51626,1.51649,1.00,1.45
2015.12.14 13:56:04.969,1.51628,1.51651,1.00,1.50
2015.12.14 13:56:05.275,1.51628,1.51652,1.00,1.17
2015.12.14 13:56:05.797,1.51629,1.51653,1.00,1.50
2015.12.14 13:56:06.000,1.51627,1.51652,1.95,1.20
2015.12.14 13:56:06.408,1.51627,1.51651,1.00,2.25
2015.12.14 13:56:06.460,1.51625,1.51649,1.27,1.57
2015.12.14 13:56:06.562,1.51625,1.51651,2.32,1.57
2015.12.14 13:56:06.867,1.51621,1.51634,1.00,1.57
2015.12.14 13:56:06.979,1.51613,1.51634,1.37,1.57
2015.12.14 13:56:07.032,1.5161,1.51631,1.00,1.85
2015.12.14 13:56:07.491,1.51608,1.5163,1.50,1.45
2015.12.14 13:56:07.593,1.51606,1.51629,1.37,1.57
2015.12.14 13:56:07.797,1.51604,1.51629,1.10,1.95
2015.12.14 13:56:08.278,1.51604,1.51629,1.10,1.95
2015.12.14 13:56:08.482,1.51602,1.51627,1.87,1.95
2015.12.14 13:56:08.685,1.51602,1.51627,1.00,1.65
2015.12.14 13:56:09.212,1.516,1.51623,1.15,1.37
2015.12.14 13:56:09.516,1.51598,1.51622,1.57,1.37
2015.12.14 13:56:09.822,1.51603,1.51626,1.00,1.55
2015.12.14 13:56:10.393,1.51603,1.51626,1.00,1.55
2015.12.14 13:56:11.263,1.51599,1.51626,1.17,1.55
2015.12.14 13:56:11.415,1.51599,1.51626,1.17,1.27
2015.12.14 13:56:11.974,1.51597,1.51625,1.95,2.25
2015.12.14 13:56:12.373,1.51594,1.51622,1.65,1.75
2015.12.14 13:56:12.424,1.51594,1.51622,1.65,1.75
2015.12.14 13:56:12.780,1.51596,1.51623,1.00,1.50
2015.12.14 13:56:12.831,1.51599,1.51625,1.00,2.77
2015.12.14 13:56:12.883,1.51599,1.51625,1.00,1.95
2015.12.14 13:56:13.340,1.51603,1.51625,1.00,1.95
2015.12.14 13:56:13.391,1.51603,1.51623,1.10,1.00
2015.12.14 13:56:13.783,1.51604,1.51627,1.00,1.75
2015.12.14 13:56:13.987,1.51604,1.51625,1.00,1.00
2015.12.14 13:56:14.558,1.51604,1.51628,1.00,1.50
2015.12.14 13:56:15.020,1.51606,1.51628,1.00,1.07
2015.12.14 13:56:15.071,1.51606,1.51629,1.00,1.37
2015.12.14 13:56:15.275,1.51603,1.51629,1.10,1.75
2015.12.14 13:56:15.428,1.51603,1.51628,1.10,1.20
2015.12.14 13:56:15.779,1.51608,1.51628,1.00,1.20
2015.12.14 13:56:16.138,1.51608,1.51629,1.00,1.50
2015.12.14 13:56:16.291,1.51609,1.51635,1.00,1.65
2015.12.14 13:56:16.444,1.51612,1.51635,1.00,1.17
2015.12.14 13:56:16.793,1.51615,1.51637,1.50,1.50
2015.12.14 13:56:17.226,1.51624,1.5164,1.00,1.82
2015.12.14 13:56:17.379,1.51629,1.51643,1.00,1.37
2015.12.14 13:56:17.430,1.51629,1.51647,1.00,1.00
2015.12.14 13:56:17.481,1.51629,1.51653,1.00,1.87
2015.12.14 13:56:17.641,1.51631,1.51653,1.00,1.50
2015.12.14 13:56:17.947,1.51633,1.51657,1.17,1.47
2015.12.14 13:56:18.320,1.51632,1.51657,1.20,1.47
2015.12.14 13:56:18.473,1.51631,1.51655,1.00,2.25
2015.12.14 13:56:18.723,1.51628,1.51654,1.10,1.50
2015.12.14 13:56:19.398,1.51628,1.51652,1.00,1.20
2015.12.14 13:56:19.924,1.51627,1.51652,1.10,1.20
2015.12.14 13:56:20.561,1.51627,1.51652,1.65,1.92
2015.12.14 13:56:21.412,1.51627,1.5165,1.17,1.37
2015.12.14 13:56:21.617,1.51627,1.5165,1.17,1.37
2015.12.14 13:56:22.306,1.51625,1.5165,2.25,1.37
2015.12.14 13:56:22.612,1.51625,1.51645,1.12,1.37
2015.12.14 13:56:22.664,1.5162,1.5164,1.87,1.37
2015.12.14 13:56:22.766,1.51619,1.5164,1.65,1.37
2015.12.14 13:56:22.868,1.51614,1.51637,2.70,1.12
2015.12.14 13:56:22.970,1.51615,1.51636,1.20,1.00
2015.12.14 13:56:23.123,1.5161,1.51629,2.32,1.00
2015.12.14 13:56:23.354,1.51602,1.51626,3.45,1.12
2015.12.14 13:56:23.407,1.51602,1.51623,1.95,1.45
2015.12.14 13:56:23.713,1.51597,1.51621,3.07,1.00
2015.12.14 13:56:23.866,1.516,1.51621,1.07,1.00
2015.12.14 13:56:24.438,1.51598,1.51623,2.02,1.65
2015.12.14 13:56:24.995,1.51598,1.51619,1.27,1.00
2015.12.14 13:56:25.249,1.51595,1.51619,1.87,1.20
2015.12.14 13:56:25.300,1.51592,1.51619,3.75,1.87
2015.12.14 13:56:25.548,1.51592,1.51616,2.25,1.00
2015.12.14 13:56:25.651,1.51592,1.51616,1.65,1.15
2015.12.14 13:56:26.089,1.51588,1.51613,1.75,1.50
2015.12.14 13:56:26.141,1.51587,1.51613,1.65,2.62
2015.12.14 13:56:26.243,1.51587,1.51613,2.02,2.62
2015.12.14 13:56:26.345,1.51588,1.51611,1.00,2.25
2015.12.14 13:56:26.396,1.51588,1.51609,1.00,1.50
2015.12.14 13:56:26.531,1.51588,1.51612,1.00,2.25
2015.12.14 13:56:26.785,1.51585,1.51609,1.17,1.10
2015.12.14 13:56:26.938,1.51583,1.51609,1.95,2.25
2015.12.14 13:56:27.041,1.51583,1.51607,1.10,1.57
2015.12.14 13:56:27.562,1.51584,1.51607,1.00,1.52
2015.12.14 13:56:28.072,1.51583,1.51606,1.00,1.57
2015.12.14 13:56:28.428,1.51581,1.51604,1.00,1.12
2015.12.14 13:56:28.581,1.51581,1.51604,1.37,1.50
2015.12.14 13:56:28.793,1.51579,1.51604,1.27,2.25
2015.12.14 13:56:31.329,1.51581,1.51603,1.00,1.20
2015.12.14 13:56:31.837,1.51579,1.51603,1.27,1.20
2015.12.14 13:56:32.367,1.51578,1.51603,1.57,1.57
2015.12.14 13:56:32.571,1.51575,1.51602,1.95,1.50
2015.12.14 13:56:32.775,1.51575,1.51599,1.20,1.57
2015.12.14 13:56:33.975,1.51577,1.51601,1.10,1.57
2015.12.14 13:56:34.529,1.51573,1.516,2.32,2.70
2015.12.14 13:56:36.285,1.51573,1.51598,3.00,1.17
2015.12.14 13:56:36.793,1.51576,1.51598,1.12,1.20
2015.12.14 13:56:36.844,1.51576,1.51599,1.50,1.50
2015.12.14 13:56:37.031,1.51579,1.51601,1.37,1.12
2015.12.14 13:56:37.189,1.51579,1.51603,1.37,2.25
2015.12.14 13:56:37.342,1.51576,1.516,1.52,1.75
2015.12.14 13:56:37.647,1.51575,1.51596,1.50,1.00
2015.12.14 13:56:38.015,1.51575,1.51599,1.45,2.25
2015.12.14 13:56:38.067,1.51575,1.51594,1.50,1.37
2015.12.14 13:56:38.575,1.51574,1.51595,2.25,1.87
2015.12.14 13:56:38.830,1.51573,1.51594,1.82,1.87
2015.12.14 13:56:39.950,1.51574,1.51593,1.45,1.12
2015.12.14 13:56:40.477,1.51573,1.51595,1.87,1.87
2015.12.14 13:56:41.464,1.51575,1.51595,1.52,1.00
2015.12.14 13:56:41.617,1.51575,1.51596,1.50,1.12
2015.12.14 13:56:43.330,1.5158,1.51599,1.00,1.00
2015.12.14 13:56:43.507,1.5158,1.51602,1.20,1.37
2015.12.14 13:56:43.558,1.51583,1.51603,1.20,1.00
2015.12.14 13:56:43.864,1.51597,1.51619,1.27,1.00
2015.12.14 13:56:43.915,1.51598,1.51623,1.65,1.57
2015.12.14 13:56:45.368,1.516,1.51624,1.50,1.12
2015.12.14 13:56:45.470,1.516,1.51624,1.50,1.50
2015.12.14 13:56:46.001,1.51602,1.51624,1.00,1.87
2015.12.14 13:56:46.752,1.516,1.51624,1.00,1.87
2015.12.14 13:56:47.047,1.51602,1.51624,1.00,1.87
2015.12.14 13:56:47.392,1.51607,1.51628,1.07,1.50
2015.12.14 13:56:47.545,1.51606,1.51625,1.52,1.00
2015.12.14 13:56:48.054,1.51604,1.51625,1.12,1.00
2015.12.14 13:56:48.177,1.51604,1.51623,1.12,1.00
2015.12.14 13:56:48.533,1.51602,1.51623,1.95,1.00
2015.12.14 13:56:49.042,1.51599,1.51623,1.12,1.50
2015.12.14 13:56:49.093,1.51598,1.51623,2.32,1.57
2015.12.14 13:56:49.559,1.51599,1.51619,1.20,1.00
2015.12.14 13:56:50.312,1.51598,1.51619,1.47,1.00
2015.12.14 13:56:50.739,1.516,1.51622,1.12,1.10
2015.12.14 13:56:50.790,1.516,1.51624,1.50,1.95
2015.12.14 13:56:50.942,1.51602,1.51626,1.50,1.00
2015.12.14 13:56:51.044,1.51604,1.51626,1.87,1.00
2015.12.14 13:56:51.405,1.51604,1.51628,1.87,1.10
2015.12.14 13:56:52.309,1.51604,1.51626,2.25,1.00
2015.12.14 13:56:52.631,1.51603,1.51622,1.27,1.00
2015.12.14 13:56:53.012,1.51602,1.51622,1.95,1.37
2015.12.14 13:56:53.317,1.516,1.51621,1.20,1.37
2015.12.14 13:56:54.170,1.51599,1.51616,1.27,1.00
2015.12.14 13:56:54.222,1.51598,1.51616,1.20,1.12
2015.12.14 13:56:54.324,1.51595,1.51613,1.20,1.12
2015.12.14 13:56:54.376,1.51593,1.51613,2.62,1.12
2015.12.14 13:56:54.681,1.51595,1.51613,1.50,1.12
2015.12.14 13:56:55.144,1.51597,1.5162,1.55,1.50
2015.12.14 13:56:55.195,1.51603,1.51617,1.00,1.00
2015.12.14 13:56:55.348,1.51593,1.51612,1.27,1.00
2015.12.14 13:56:55.451,1.51592,1.51612,1.20,1.00
2015.12.14 13:56:59.434,1.51593,1.51615,1.65,1.12
2015.12.14 13:56:59.537,1.51596,1.51615,1.12,1.12
2015.12.14 13:56:59.877,1.51598,1.51617,2.25,1.37
2015.12.14 13:56:59.929,1.51598,1.51619,2.62,1.12
2015.12.14 13:57:00.031,1.516,1.51623,1.27,1.65
2015.12.14 13:57:00.133,1.51605,1.51625,1.87,1.07
2015.12.14 13:57:00.235,1.5161,1.51625,1.12,1.00
2015.12.14 13:57:00.337,1.5161,1.5163,2.25,1.87
2015.12.14 13:57:00.439,1.51612,1.51631,1.12,1.37
2015.12.14 13:57:00.949,1.51613,1.51631,1.07,1.37
2015.12.14 13:57:01.356,1.51613,1.51631,1.07,1.37
2015.12.14 13:57:02.044,1.51611,1.51631,1.82,1.37
2015.12.14 13:57:03.326,1.51614,1.51634,1.00,1.87
2015.12.14 13:57:03.377,1.51614,1.51634,1.87,1.87
2015.12.14 13:57:03.733,1.51617,1.51636,1.45,1.37
2015.12.14 13:57:04.288,1.51617,1.51637,1.95,1.37
2015.12.14 13:57:04.826,1.51617,1.51636,1.20,1.37
2015.12.14 13:57:05.463,1.51615,1.51635,1.20,1.37
2015.12.14 13:57:05.566,1.51612,1.51634,1.45,1.37
2015.12.14 13:57:06.379,1.51611,1.51633,1.95,1.37
2015.12.14 13:57:06.548,1.51611,1.51635,1.95,1.37
2015.12.14 13:57:06.653,1.51612,1.51633,1.92,1.37
2015.12.14 13:57:07.268,1.51614,1.51636,3.00,1.47
2015.12.14 13:57:07.752,1.51621,1.51636,1.37,1.37
2015.12.14 13:57:07.905,1.51619,1.51634,1.00,1.37
2015.12.14 13:57:08.263,1.51618,1.51634,1.12,1.37
2015.12.14 13:57:08.805,1.51614,1.51634,1.27,1.37
2015.12.14 13:57:09.012,1.51613,1.51634,1.27,1.37
2015.12.14 13:57:09.368,1.51615,1.51638,3.00,1.50
2015.12.14 13:57:09.471,1.51619,1.51638,1.00,1.45
2015.12.14 13:57:09.522,1.51621,1.51641,1.00,1.00
2015.12.14 13:57:09.574,1.51621,1.51641,1.75,1.00
2015.12.14 13:57:09.892,1.51626,1.51644,1.00,1.17
2015.12.14 13:57:10.198,1.5163,1.51652,1.12,1.12
2015.12.14 13:57:10.299,1.5163,1.51652,1.12,1.37
2015.12.14 13:57:10.452,1.51629,1.51652,1.10,1.95
2015.12.14 13:57:12.716,1.51629,1.5165,1.10,1.47
2015.12.14 13:57:13.224,1.51627,1.5165,1.20,1.47
2015.12.14 13:57:13.593,1.51625,1.5165,1.57,1.57
2015.12.14 13:57:14.328,1.51625,1.51645,1.20,1.37
2015.12.14 13:57:14.645,1.51629,1.51646,1.00,1.37
2015.12.14 13:57:15.113,1.51627,1.51645,1.00,1.37
2015.12.14 13:57:15.620,1.51627,1.51646,1.00,1.45
2015.12.14 13:57:16.144,1.51628,1.51645,1.00,1.00
2015.12.14 13:57:16.651,1.51625,1.51645,1.10,1.50
2015.12.14 13:57:16.754,1.51622,1.51641,1.87,1.37
2015.12.14 13:57:16.805,1.51622,1.51641,1.17,2.25
2015.12.14 13:57:16.869,1.51625,1.51641,1.00,2.25
2015.12.14 13:57:17.175,1.5164,1.51652,1.20,1.00
2015.12.14 13:57:17.330,1.51645,1.51659,1.20,1.00
2015.12.14 13:57:17.433,1.51646,1.51661,1.27,1.00
2015.12.14 13:57:17.637,1.51651,1.51674,1.17,1.12
2015.12.14 13:57:17.910,1.51649,1.51674,1.17,1.95
2015.12.14 13:57:18.368,1.51648,1.51668,1.20,1.00
2015.12.14 13:57:18.419,1.51648,1.5167,1.20,1.12
2015.12.14 13:57:18.776,1.51649,1.51672,1.17,1.00
2015.12.14 13:57:19.559,1.51649,1.51673,1.17,1.00
2015.12.14 13:57:20.109,1.51649,1.51677,1.65,3.75
2015.12.14 13:57:21.203,1.5165,1.51676,1.45,1.07
2015.12.14 13:57:21.405,1.51649,1.51673,1.17,1.10
2015.12.14 13:57:21.456,1.51647,1.5167,1.12,1.00
2015.12.14 13:57:21.507,1.51645,1.5167,2.62,1.00
2015.12.14 13:57:21.559,1.51645,1.51666,1.50,1.00
2015.12.14 13:57:21.611,1.51643,1.51666,1.87,1.00
2015.12.14 13:57:21.866,1.51641,1.51666,2.62,1.50
2015.12.14 13:57:22.070,1.5164,1.51666,2.25,1.15
2015.12.14 13:57:22.584,1.5164,1.51663,1.12,1.00
2015.12.14 13:57:22.872,1.5164,1.51666,1.12,1.65
2015.12.14 13:57:23.126,1.51646,1.51667,1.00,2.25
2015.12.14 13:57:23.372,1.5165,1.51676,1.95,1.87
2015.12.14 13:57:23.474,1.51653,1.51678,1.75,1.12
2015.12.14 13:57:24.807,1.51653,1.51678,1.12,1.57
2015.12.14 13:57:25.130,1.51652,1.51674,1.20,1.00
2015.12.14 13:57:28.106,1.5165,1.51674,1.20,1.07
2015.12.14 13:57:28.158,1.51651,1.51671,1.10,1.00
2015.12.14 13:57:28.209,1.51651,1.51675,1.10,1.07
2015.12.14 13:57:28.375,1.51649,1.51675,1.10,1.55
2015.12.14 13:57:30.257,1.51647,1.5167,1.20,1.50
2015.12.14 13:57:30.564,1.51651,1.51676,1.12,1.87
2015.12.14 13:57:30.892,1.51655,1.51676,1.50,1.87
2015.12.14 13:57:30.995,1.51656,1.5168,1.50,2.25
2015.12.14 13:57:31.097,1.51656,1.51682,2.40,1.10
2015.12.14 13:57:31.613,1.51657,1.51685,2.62,1.95
2015.12.14 13:57:32.129,1.51656,1.51683,1.27,1.27
2015.12.14 13:57:32.637,1.51656,1.51681,1.27,1.00
2015.12.14 13:57:32.689,1.51655,1.5168,1.87,1.37
2015.12.14 13:57:32.841,1.51653,1.51678,1.10,1.45
2015.12.14 13:57:32.968,1.51652,1.51679,2.32,1.45
2015.12.14 13:57:33.071,1.51655,1.51679,1.95,1.00
2015.12.14 13:57:33.123,1.51655,1.51681,1.95,1.12
2015.12.14 13:57:33.581,1.51655,1.51681,1.12,2.62
2015.12.14 13:57:33.785,1.51653,1.51679,1.27,2.62
2015.12.14 13:57:34.115,1.51651,1.51677,1.20,1.00
2015.12.14 13:57:34.268,1.51653,1.51679,3.45,1.12
2015.12.14 13:57:34.372,1.51655,1.51679,1.00,1.12
2015.12.14 13:57:34.678,1.51657,1.51679,1.07,1.00
2015.12.14 13:57:34.983,1.51655,1.51669,1.87,1.37
2015.12.14 13:57:35.103,1.51649,1.51669,3.00,1.37
2015.12.14 13:57:35.155,1.51646,1.51669,1.50,1.52
2015.12.14 13:57:35.206,1.51646,1.51665,1.50,1.37
2015.12.14 13:57:35.511,1.51643,1.51665,1.37,1.37
2015.12.14 13:57:35.816,1.51643,1.51668,1.50,1.82
2015.12.14 13:57:35.868,1.51646,1.51668,1.00,1.82
2015.12.14 13:57:36.189,1.51651,1.51671,1.00,1.12
2015.12.14 13:57:36.850,1.51649,1.51671,1.50,1.00
2015.12.14 13:57:37.178,1.51649,1.5167,1.50,1.50
2015.12.14 13:57:37.687,1.51648,1.5167,1.00,3.00
2015.12.14 13:57:37.993,1.51645,1.51663,1.37,1.37
2015.12.14 13:57:38.044,1.51645,1.51663,1.00,1.37
2015.12.14 13:57:38.238,1.5165,1.51664,1.00,2.62
2015.12.14 13:57:38.291,1.5165,1.51667,1.00,1.47
2015.12.14 13:57:38.395,1.51651,1.51669,1.00,1.20
2015.12.14 13:57:38.446,1.51649,1.5167,1.12,1.37
2015.12.14 13:57:38.954,1.51648,1.5167,1.00,1.52
2015.12.14 13:57:39.107,1.5165,1.5167,1.00,1.37
2015.12.14 13:57:39.699,1.5165,1.51669,1.00,1.12
2015.12.14 13:57:40.206,1.51649,1.51666,1.00,1.00
2015.12.14 13:57:40.257,1.51649,1.51669,1.00,1.37
2015.12.14 13:57:40.471,1.51649,1.51672,1.00,1.75
2015.12.14 13:57:40.726,1.51651,1.5167,1.00,1.12
2015.12.14 13:57:41.686,1.51652,1.51673,1.00,2.25
2015.12.14 13:57:43.098,1.51652,1.51672,1.00,1.00
2015.12.14 13:57:43.833,1.5165,1.51672,1.00,1.00
2015.12.14 13:57:44.036,1.5165,1.51671,1.00,1.37
2015.12.14 13:57:44.580,1.51648,1.51671,1.00,1.37
2015.12.14 13:57:44.632,1.51647,1.51671,1.00,2.32
2015.12.14 13:57:45.041,1.51646,1.51665,1.00,1.20
2015.12.14 13:57:45.521,1.51642,1.51664,1.12,1.55
2015.12.14 13:57:45.572,1.5165,1.51664,1.00,1.55
2015.12.14 13:57:45.623,1.51645,1.51664,1.87,1.50
2015.12.14 13:57:45.674,1.51651,1.51665,1.00,1.87
2015.12.14 13:57:45.726,1.51651,1.5167,1.00,1.20
2015.12.14 13:57:45.778,1.51651,1.51671,1.00,1.12
2015.12.14 13:57:45.829,1.51649,1.51674,2.02,1.27
2015.12.14 13:57:45.880,1.51649,1.51674,2.40,1.27
2015.12.14 13:57:46.235,1.5165,1.51672,1.75,1.37
2015.12.14 13:57:46.942,1.5165,1.51676,1.85,3.00
2015.12.14 13:57:48.224,1.51649,1.51676,1.65,2.62
2015.12.14 13:57:48.376,1.51649,1.51673,1.57,1.20
2015.12.14 13:57:53.448,1.51646,1.51669,1.65,1.17
2015.12.14 13:57:53.768,1.51639,1.51663,2.32,1.00
2015.12.14 13:57:54.279,1.5164,1.51666,1.65,2.32
2015.12.14 13:57:56.637,1.5164,1.51664,1.37,1.07
2015.12.14 13:57:58.009,1.51638,1.51663,1.20,1.20
2015.12.14 13:57:59.070,1.5164,1.51664,1.00,1.20
2015.12.14 13:57:59.781,1.51638,1.51662,1.20,1.47
2015.12.14 13:57:59.935,1.51635,1.51659,1.00,2.25
2015.12.14 13:58:00.557,1.51645,1.51659,1.00,1.45
2015.12.14 13:58:00.661,1.51648,1.51669,2.25,1.57
2015.12.14 13:58:00.714,1.51652,1.5167,1.00,1.20
2015.12.14 13:58:00.816,1.51652,1.51673,1.37,1.12
2015.12.14 13:58:00.991,1.51654,1.51677,1.00,3.37
2015.12.14 13:58:01.219,1.51654,1.51679,1.37,1.87
2015.12.14 13:58:01.373,1.51654,1.51681,1.87,1.65
2015.12.14 13:58:01.881,1.51655,1.51681,1.00,1.65
2015.12.14 13:58:01.983,1.51662,1.51681,1.00,1.65
2015.12.14 13:58:02.524,1.51662,1.51685,1.00,1.50
2015.12.14 13:58:03.042,1.51662,1.51685,1.37,1.45
2015.12.14 13:58:03.513,1.51665,1.51686,1.00,1.87
2015.12.14 13:58:03.769,1.51668,1.51692,1.10,1.57
2015.12.14 13:58:03.820,1.5167,1.51692,1.00,1.45
2015.12.14 13:58:03.872,1.5167,1.51694,1.20,1.57
2015.12.14 13:58:03.975,1.5167,1.51696,1.65,2.25
2015.12.14 13:58:04.026,1.51674,1.51696,1.00,2.25
2015.12.14 13:58:04.582,1.51674,1.51698,1.00,2.62
2015.12.14 13:58:05.724,1.51673,1.51697,1.00,1.75
2015.12.14 13:58:06.028,1.51669,1.51695,3.37,1.15
2015.12.14 13:58:06.080,1.5167,1.51693,1.82,1.37
2015.12.14 13:58:06.386,1.51672,1.51695,1.50,1.50
2015.12.14 13:58:06.753,1.5167,1.51695,2.25,1.65
2015.12.14 13:58:07.274,1.51671,1.51693,1.20,1.50
2015.12.14 13:58:07.527,1.51671,1.51692,1.10,1.10
2015.12.14 13:58:08.034,1.51671,1.51692,1.00,3.15
2015.12.14 13:58:08.227,1.51671,1.51689,1.00,1.37
2015.12.14 13:58:08.785,1.51671,1.51688,1.00,1.37
2015.12.14 13:58:08.888,1.51671,1.51692,1.00,1.50
2015.12.14 13:58:08.990,1.51669,1.51694,2.25,1.57
2015.12.14 13:58:09.871,1.5167,1.51694,1.82,1.00
2015.12.14 13:58:09.922,1.5167,1.51696,1.82,1.27
2015.12.14 13:58:10.278,1.51674,1.51696,1.12,1.27
2015.12.14 13:58:10.655,1.51676,1.51696,1.00,1.27
2015.12.14 13:58:11.164,1.51676,1.51695,1.00,1.37
2015.12.14 13:58:11.470,1.51674,1.51694,1.50,1.12
2015.12.14 13:58:11.798,1.51672,1.51692,1.00,1.55
2015.12.14 13:58:12.306,1.51672,1.51691,1.00,1.87
2015.12.14 13:58:12.560,1.51672,1.51687,1.00,1.37
2015.12.14 13:58:13.280,1.51675,1.51687,1.00,1.37
2015.12.14 13:58:13.382,1.51676,1.51691,1.00,1.12
2015.12.14 13:58:13.485,1.51679,1.51696,1.00,1.75
2015.12.14 13:58:13.536,1.51679,1.51698,1.00,1.55
2015.12.14 13:58:14.470,1.51679,1.51699,1.00,1.47
2015.12.14 13:58:15.368,1.51676,1.51699,1.87,1.47
2015.12.14 13:58:15.624,1.51679,1.51697,1.00,1.07
2015.12.14 13:58:15.929,1.51679,1.51699,1.75,1.65
2015.12.14 13:58:16.282,1.51684,1.517,1.00,1.57
2015.12.14 13:58:16.587,1.51684,1.51702,1.12,1.55
2015.12.14 13:58:16.740,1.51692,1.51702,1.12,1.55
2015.12.14 13:58:16.893,1.51696,1.51713,1.87,1.75
2015.12.14 13:58:16.944,1.51696,1.51713,1.87,1.00
2015.12.14 13:58:17.243,1.51698,1.51717,1.75,1.57
2015.12.14 13:58:17.497,1.517,1.51717,1.12,1.00
2015.12.14 13:58:18.006,1.517,1.51718,1.12,1.00
2015.12.14 13:58:18.343,1.517,1.51715,1.12,1.00
2015.12.14 13:58:19.038,1.517,1.51717,1.00,1.10
2015.12.14 13:58:20.033,1.51696,1.51717,1.37,1.00
2015.12.14 13:58:20.288,1.51695,1.51715,1.95,1.00
2015.12.14 13:58:20.601,1.51695,1.51715,2.70,1.00
2015.12.14 13:58:20.704,1.51696,1.51715,1.50,1.00
2015.12.14 13:58:21.678,1.51695,1.51714,2.32,1.00
2015.12.14 13:58:22.149,1.51698,1.51717,1.12,1.10
2015.12.14 13:58:22.201,1.517,1.51717,1.00,1.10
2015.12.14 13:58:22.354,1.517,1.51723,1.50,1.87
2015.12.14 13:58:22.405,1.51704,1.51723,1.00,1.12
2015.12.14 13:58:22.913,1.51704,1.51726,1.00,2.25
2015.12.14 13:58:23.142,1.51707,1.51726,1.00,1.87
2015.12.14 13:58:23.448,1.5171,1.51727,1.00,1.12
2015.12.14 13:58:23.551,1.51718,1.51739,1.00,1.57
2015.12.14 13:58:23.602,1.51721,1.5174,1.00,1.12
2015.12.14 13:58:23.914,1.51727,1.51746,1.50,1.12
2015.12.14 13:58:23.965,1.51726,1.51747,1.75,1.07
2015.12.14 13:58:24.119,1.51726,1.5175,1.75,1.95
2015.12.14 13:58:24.221,1.51726,1.5175,1.00,1.95
2015.12.14 13:58:24.388,1.51728,1.5175,1.00,1.95
2015.12.14 13:58:24.695,1.51729,1.51752,1.37,1.87
2015.12.14 13:58:25.213,1.51729,1.51752,1.75,1.87
2015.12.14 13:58:25.570,1.51726,1.51752,1.65,1.87
2015.12.14 13:58:26.265,1.51726,1.51752,2.77,1.87
2015.12.14 13:58:26.317,1.51727,1.51752,1.20,1.87
2015.12.14 13:58:28.297,1.51729,1.51754,1.37,1.87
2015.12.14 13:58:28.623,1.51735,1.51754,1.00,1.12
2015.12.14 13:58:28.827,1.51741,1.5176,1.12,1.20
2015.12.14 13:58:28.878,1.51745,1.51762,1.00,1.12
2015.12.14 13:58:28.930,1.51745,1.51767,1.00,1.12
2015.12.14 13:58:29.083,1.51748,1.51768,1.00,1.12
2015.12.14 13:58:29.391,1.5175,1.51772,1.37,1.45
2015.12.14 13:58:29.495,1.51755,1.51774,1.12,1.87
2015.12.14 13:58:29.598,1.51755,1.51777,1.12,1.50
2015.12.14 13:58:30.005,1.51756,1.51778,1.75,1.50
2015.12.14 13:58:30.555,1.51756,1.51779,1.75,1.87
2015.12.14 13:58:31.911,1.51755,1.51778,1.50,1.57
2015.12.14 13:58:32.013,1.51754,1.51777,1.47,1.27
2015.12.14 13:58:32.115,1.51751,1.51771,1.50,1.37
2015.12.14 13:58:32.167,1.51746,1.51771,3.45,1.37
2015.12.14 13:58:32.269,1.51744,1.51772,2.62,3.75
2015.12.14 13:58:32.370,1.51744,1.51771,1.45,1.87
2015.12.14 13:58:32.772,1.51749,1.51771,1.00,1.87
2015.12.14 13:58:33.609,1.51745,1.51769,1.10,2.32
2015.12.14 13:58:33.987,1.51743,1.51767,1.00,1.47
2015.12.14 13:58:34.089,1.51741,1.51766,1.00,1.57
2015.12.14 13:58:34.243,1.51738,1.51764,1.87,1.20
2015.12.14 13:58:34.294,1.51738,1.51764,1.50,1.20
2015.12.14 13:58:34.346,1.51738,1.51762,1.50,1.87
2015.12.14 13:58:34.752,1.51734,1.51757,1.50,1.75
2015.12.14 13:58:34.804,1.51731,1.51755,1.07,1.10
2015.12.14 13:58:34.855,1.51728,1.51753,1.50,2.25
2015.12.14 13:58:34.956,1.51726,1.51752,1.10,2.62
2015.12.14 13:58:35.010,1.51723,1.51745,1.12,1.00
2015.12.14 13:58:35.113,1.5172,1.51745,1.10,1.12
2015.12.14 13:58:35.215,1.5172,1.51742,1.10,1.00
2015.12.14 13:58:35.369,1.51715,1.5174,1.50,2.02
2015.12.14 13:58:35.840,1.51717,1.51742,1.87,1.15
2015.12.14 13:58:36.145,1.51731,1.51753,1.50,1.12
2015.12.14 13:58:36.248,1.51731,1.51756,1.57,1.57
2015.12.14 13:58:38.737,1.51734,1.51756,1.00,1.07
2015.12.14 13:58:38.941,1.51736,1.5176,1.00,1.95
2015.12.14 13:58:39.671,1.51736,1.51758,1.00,1.37
2015.12.14 13:58:41.681,1.51736,1.5175,1.00,1.00
2015.12.14 13:58:41.847,1.51726,1.51747,1.65,1.00
2015.12.14 13:58:41.901,1.51726,1.51748,1.57,1.00
2015.12.14 13:58:41.952,1.51726,1.51748,1.50,1.00
2015.12.14 13:58:42.106,1.51723,1.51748,2.70,1.00
2015.12.14 13:58:43.207,1.51723,1.51744,1.87,1.00
2015.12.14 13:58:43.309,1.5172,1.51742,1.20,1.00
2015.12.14 13:58:43.363,1.51721,1.51742,1.10,1.12
2015.12.14 13:58:44.138,1.51717,1.51739,1.57,1.00
2015.12.14 13:58:44.701,1.51716,1.51742,1.57,2.77
2015.12.14 13:58:45.219,1.51722,1.51743,1.00,1.20
2015.12.14 13:58:45.321,1.51722,1.51743,1.00,1.10
2015.12.14 13:58:45.524,1.51722,1.51746,1.87,1.07
2015.12.14 13:58:45.778,1.51724,1.51748,1.45,1.00
2015.12.14 13:58:47.857,1.51725,1.51751,1.12,2.02
2015.12.14 13:58:48.631,1.51726,1.51751,1.75,2.02
2015.12.14 13:58:49.189,1.51724,1.51748,1.27,1.12
2015.12.14 13:58:49.341,1.51723,1.51748,2.62,1.12
2015.12.14 13:58:49.494,1.51723,1.5175,3.37,1.65
2015.12.14 13:58:50.026,1.51725,1.5175,1.95,1.20
2015.12.14 13:58:50.331,1.51728,1.5175,1.37,1.20
2015.12.14 13:58:50.686,1.51728,1.51753,1.95,1.27
2015.12.14 13:58:50.882,1.51729,1.51753,1.95,1.20
2015.12.14 13:58:51.088,1.51737,1.51762,2.25,1.12
2015.12.14 13:58:51.140,1.51741,1.51764,1.50,1.20
2015.12.14 13:58:51.547,1.51741,1.51767,2.32,1.57
2015.12.14 13:58:51.866,1.51747,1.51772,1.82,1.87
2015.12.14 13:58:52.287,1.51747,1.51772,1.95,1.20
2015.12.14 13:58:52.339,1.51747,1.51772,2.25,1.10
2015.12.14 13:58:52.848,1.51747,1.51772,1.95,1.15
2015.12.14 13:58:53.349,1.51751,1.51774,1.12,1.27
2015.12.14 13:58:53.859,1.51751,1.51774,1.20,1.10
2015.12.14 13:58:54.851,1.51751,1.51774,1.12,1.12
2015.12.14 13:58:55.427,1.51752,1.51774,1.00,1.20
2015.12.14 13:58:56.393,1.51752,1.51772,1.00,1.95
2015.12.14 13:58:56.914,1.51752,1.51772,1.00,1.47
2015.12.14 13:58:57.425,1.51749,1.51772,1.27,1.95
2015.12.14 13:58:57.727,1.5175,1.51768,1.20,1.00
2015.12.14 13:58:57.808,1.5175,1.51772,1.87,2.25
2015.12.14 13:58:57.861,1.51754,1.51772,1.12,1.95
2015.12.14 13:58:58.013,1.51761,1.51778,1.00,1.15
2015.12.14 13:58:58.117,1.51761,1.51778,1.37,1.00
2015.12.14 13:58:58.423,1.51761,1.51777,1.12,1.37
2015.12.14 13:58:59.165,1.51761,1.51778,1.12,1.37
2015.12.14 13:58:59.788,1.51761,1.51777,1.12,1.37
2015.12.14 13:58:59.941,1.51759,1.51777,1.12,1.37
2015.12.14 13:59:01.164,1.51759,1.51778,1.12,1.12
2015.12.14 13:59:02.368,1.51765,1.51782,1.12,1.37
2015.12.14 13:59:02.423,1.51767,1.51788,1.12,1.10
2015.12.14 13:59:02.474,1.51768,1.51787,1.20,1.00
2015.12.14 13:59:02.678,1.51768,1.51788,1.85,1.87
2015.12.14 13:59:02.882,1.51768,1.51788,1.20,1.87
2015.12.14 13:59:03.521,1.51769,1.5179,1.95,1.00
2015.12.14 13:59:04.504,1.51767,1.51788,2.32,1.37
2015.12.14 13:59:04.708,1.51765,1.51786,2.32,1.00
2015.12.14 13:59:05.218,1.51768,1.51786,1.00,1.00
2015.12.14 13:59:06.901,1.51764,1.51784,2.25,1.00
2015.12.14 13:59:07.105,1.51764,1.51784,1.17,1.00
2015.12.14 13:59:07.637,1.51764,1.51784,1.10,1.00
2015.12.14 13:59:09.294,1.51764,1.51784,1.10,1.37
2015.12.14 13:59:09.803,1.51761,1.51783,2.62,1.37
2015.12.14 13:59:10.341,1.51761,1.51783,1.50,1.12
2015.12.14 13:59:10.664,1.5176,1.51783,1.55,1.50
2015.12.14 13:59:10.716,1.51759,1.51779,1.20,1.87
2015.12.14 13:59:10.869,1.51757,1.51779,1.20,2.25
2015.12.14 13:59:11.377,1.51756,1.51778,1.20,1.37
2015.12.14 13:59:12.398,1.51755,1.51778,1.87,1.87
2015.12.14 13:59:13.400,1.51755,1.51778,1.50,1.37
2015.12.14 13:59:13.908,1.51755,1.51778,1.87,1.87
2015.12.14 13:59:14.417,1.51755,1.51778,1.50,1.37
2015.12.14 13:59:14.925,1.51755,1.51778,1.87,1.87
2015.12.14 13:59:15.459,1.51753,1.51775,1.95,1.00
2015.12.14 13:59:16.514,1.51752,1.51775,1.87,1.00
2015.12.14 13:59:18.265,1.51752,1.51775,1.87,1.00
2015.12.14 13:59:18.777,1.51751,1.51775,1.82,1.10
2015.12.14 13:59:19.284,1.5175,1.51775,2.32,1.12
2015.12.14 13:59:20.331,1.51753,1.51775,1.00,1.00
2015.12.14 13:59:20.483,1.51753,1.51775,1.50,1.00
2015.12.14 13:59:21.054,1.51756,1.51775,1.00,1.00
2015.12.14 13:59:22.288,1.51754,1.51775,1.17,1.00
2015.12.14 13:59:23.648,1.51752,1.51775,1.50,1.00
2015.12.14 13:59:23.992,1.51752,1.51775,1.95,1.00
2015.12.14 13:59:24.297,1.51755,1.51775,1.45,1.00
2015.12.14 13:59:25.540,1.51756,1.51776,1.07,1.00
2015.12.14 13:59:29.023,1.51756,1.51779,1.07,1.50
2015.12.14 13:59:32.314,1.51755,1.51774,1.57,1.37
2015.12.14 13:59:36.206,1.51755,1.51774,1.52,1.37
2015.12.14 13:59:36.874,1.51761,1.51782,1.37,1.50
2015.12.14 13:59:36.926,1.51761,1.51782,1.37,1.12
2015.12.14 13:59:37.028,1.51762,1.51785,1.07,1.12
2015.12.14 13:59:37.080,1.51765,1.51785,1.45,1.00
2015.12.14 13:59:37.384,1.51763,1.51784,1.65,1.00
2015.12.14 13:59:38.089,1.51761,1.51778,1.87,1.00
2015.12.14 13:59:38.243,1.51755,1.51776,1.47,1.12
2015.12.14 13:59:38.295,1.51754,1.51774,1.20,1.37
2015.12.14 13:59:38.602,1.51763,1.51783,1.37,1.00
2015.12.14 13:59:38.654,1.51764,1.51783,1.12,1.00
2015.12.14 13:59:38.706,1.51765,1.51787,1.07,1.00
2015.12.14 13:59:38.758,1.51765,1.51787,1.50,1.00
2015.12.14 13:59:38.809,1.51765,1.51789,1.57,1.00
2015.12.14 13:59:39.327,1.51766,1.51789,1.45,1.00
2015.12.14 13:59:40.231,1.51764,1.51789,2.25,1.10
2015.12.14 13:59:41.865,1.51768,1.51792,1.00,1.12
2015.12.14 13:59:41.967,1.51768,1.51794,1.27,1.27
2015.12.14 13:59:42.483,1.51769,1.51794,1.20,1.12
2015.12.14 13:59:42.688,1.51771,1.51794,1.50,1.00
2015.12.14 13:59:43.007,1.51772,1.51796,1.20,1.87
2015.12.14 13:59:43.109,1.51774,1.51799,1.57,2.02
2015.12.14 13:59:43.617,1.51775,1.51799,1.50,1.12
2015.12.14 13:59:43.821,1.5178,1.51801,1.37,1.47
2015.12.14 13:59:44.017,1.51781,1.51805,1.50,1.12
2015.12.14 13:59:45.686,1.51784,1.51805,1.87,1.00
2015.12.14 13:59:46.042,1.51785,1.51807,1.57,1.37
2015.12.14 13:59:46.093,1.51785,1.5181,2.32,1.12
2015.12.14 13:59:46.246,1.51787,1.51811,1.75,1.87
2015.12.14 13:59:46.551,1.51788,1.51811,1.95,1.37
2015.12.14 13:59:47.213,1.51792,1.51817,2.25,1.87
2015.12.14 13:59:47.315,1.51797,1.5182,1.12,1.50
2015.12.14 13:59:48.765,1.51798,1.51822,1.15,1.50
2015.12.14 13:59:48.919,1.51801,1.51823,1.37,1.50
2015.12.14 13:59:49.125,1.51797,1.5182,1.55,1.37
2015.12.14 13:59:49.228,1.51797,1.51816,1.17,1.00
2015.12.14 13:59:49.381,1.51795,1.5182,3.00,1.00
2015.12.14 13:59:50.003,1.51795,1.5182,3.00,1.37
2015.12.14 13:59:51.117,1.51795,1.5182,1.50,1.12
2015.12.14 13:59:51.219,1.51794,1.5182,1.52,1.27
2015.12.14 13:59:52.111,1.51793,1.51817,1.87,1.12
2015.12.14 13:59:52.212,1.51792,1.51817,1.65,1.20
2015.12.14 13:59:52.479,1.51792,1.51817,2.02,1.20
2015.12.14 13:59:52.988,1.51791,1.5181,2.02,1.00
2015.12.14 13:59:53.294,1.51782,1.51804,1.12,1.57
2015.12.14 13:59:53.420,1.51782,1.51804,1.00,2.25
2015.12.14 13:59:53.776,1.51782,1.51805,1.00,2.25
2015.12.14 13:59:54.334,1.51781,1.51803,1.37,1.65
2015.12.14 13:59:54.865,1.51781,1.51803,1.37,1.27
2015.12.14 13:59:55.408,1.51781,1.51801,1.37,1.00
2015.12.14 13:59:55.992,1.51778,1.51801,1.95,1.07
2015.12.14 13:59:56.095,1.51776,1.51796,1.07,1.00
2015.12.14 13:59:56.197,1.51772,1.51796,2.62,1.12
2015.12.14 13:59:56.704,1.51772,1.51796,1.87,1.12
2015.12.14 13:59:58.147,1.51772,1.51796,1.37,1.00
2015.12.14 13:59:58.817,1.51772,1.51796,1.37,1.37
2015.12.14 13:59:58.868,1.51772,1.51796,1.37,1.75
2015.12.14 13:59:59.868,1.51772,1.51796,1.00,1.87
2015.12.14 13:59:59.919,1.51768,1.51793,1.85,1.47
