2011.03.07 09:00:00.074,1.37876,1.37894,1.47,2.40
2011.03.07 09:00:00.192,1.37871,1.37894,1.66,2.40
2011.03.07 09:00:00.311,1.37872,1.37894,1.66,2.40
2011.03.07 09:00:00.532,1.37871,1.37897,2.22,1.50
2011.03.07 09:00:00.979,1.37873,1.37899,1.47,1.50
2011.03.07 09:00:01.529,1.37873,1.37901,1.47,3.15
2011.03.07 09:00:01.858,1.37873,1.37901,1.47,3.15
2011.03.07 09:00:02.408,1.37873,1.37901,1.47,3.15
2011.03.07 09:00:03.512,1.37877,1.37904,1.47,2.40
2011.03.07 09:00:03.740,1.37877,1.37906,3.12,2.40
2011.03.07 09:00:03.851,1.3788,1.37908,1.47,3.34
2011.03.07 09:00:04.180,1.37882,1.37908,1.47,1.50
2011.03.07 09:00:04.377,1.37882,1.37908,1.47,1.50
2011.03.07 09:00:04.483,1.37882,1.37907,1.47,2.40
2011.03.07 09:00:04.931,1.37877,1.37903,1.47,2.40
2011.03.07 09:00:05.040,1.37877,1.37905,3.12,1.50
2011.03.07 09:00:05.700,1.37878,1.37905,2.37,1.50
2011.03.07 09:00:05.814,1.37883,1.37909,1.47,2.40
2011.03.07 09:00:07.692,1.37883,1.37909,1.47,2.59
2011.03.07 09:00:08.140,1.37883,1.37905,1.47,2.40
2011.03.07 09:00:08.642,1.37883,1.37904,1.47,2.40
2011.03.07 09:00:09.090,1.37883,1.37901,1.47,2.40
2011.03.07 09:00:09.542,1.37892,1.3791,1.65,1.50
2011.03.07 09:00:09.989,1.37892,1.3791,1.65,1.50
2011.03.07 09:00:10.101,1.37888,1.3791,1.65,1.50
2011.03.07 09:00:10.321,1.37893,1.3791,1.65,1.50
2011.03.07 09:00:10.540,1.37888,1.3791,1.65,1.50
2011.03.07 09:00:10.652,1.3789,1.3791,1.65,1.50
2011.03.07 09:00:10.762,1.3789,1.3791,1.65,1.50
2011.03.07 09:00:11.321,1.3789,1.3791,1.65,1.50
2011.03.07 09:00:11.432,1.37893,1.37911,1.65,1.50
2011.03.07 09:00:11.658,1.3789,1.37912,1.65,1.50
2011.03.07 09:00:11.770,1.37892,1.37912,1.65,1.50
2011.03.07 09:00:12.103,1.3789,1.37912,1.65,1.50
2011.03.07 09:00:12.220,1.37893,1.37912,1.65,1.50
2011.03.07 09:00:12.592,1.37893,1.37912,1.65,1.50
2011.03.07 09:00:12.710,1.37891,1.37912,1.65,1.50
2011.03.07 09:00:12.823,1.37893,1.37912,1.65,1.50
2011.03.07 09:00:12.940,1.37891,1.37912,1.65,1.50
2011.03.07 09:00:13.379,1.37893,1.37912,1.65,1.50
2011.03.07 09:00:13.598,1.37894,1.37917,1.65,1.50
2011.03.07 09:00:14.149,1.37892,1.37917,2.37,1.50
2011.03.07 09:00:14.261,1.37892,1.37917,2.37,1.50
2011.03.07 09:00:14.810,1.37894,1.37917,1.65,1.50
2011.03.07 09:00:15.360,1.37894,1.37917,1.65,1.50
2011.03.07 09:00:15.579,1.37894,1.3792,1.47,1.50
2011.03.07 09:00:15.689,1.37894,1.3792,1.47,1.50
2011.03.07 09:00:16.020,1.37894,1.3792,2.22,1.50
2011.03.07 09:00:16.239,1.37894,1.3792,3.87,1.50
2011.03.07 09:00:16.909,1.37894,1.3792,1.47,1.50
2011.03.07 09:00:17.025,1.37895,1.3792,1.47,1.50
2011.03.07 09:00:17.820,1.37895,1.37922,1.47,1.50
2011.03.07 09:00:18.149,1.37906,1.37927,1.47,2.25
2011.03.07 09:00:18.373,1.37906,1.37927,1.47,1.50
2011.03.07 09:00:18.601,1.37911,1.37927,1.47,1.50
2011.03.07 09:00:19.150,1.37914,1.37927,1.47,1.50
2011.03.07 09:00:19.479,1.37915,1.37927,1.47,1.50
2011.03.07 09:00:20.428,1.37915,1.37927,1.47,2.25
2011.03.07 09:00:20.758,1.37912,1.37927,1.47,2.25
2011.03.07 09:00:21.529,1.37912,1.37927,1.47,2.25
2011.03.07 09:00:22.046,1.37912,1.37939,1.47,1.50
2011.03.07 09:00:22.381,1.37912,1.37939,1.47,1.50
2011.03.07 09:00:22.600,1.37913,1.37935,2.56,2.25
2011.03.07 09:00:22.821,1.37915,1.37939,3.31,3.00
2011.03.07 09:00:23.369,1.37919,1.3794,1.47,2.25
2011.03.07 09:00:23.919,1.37919,1.37945,1.47,2.25
2011.03.07 09:00:24.471,1.37921,1.37949,1.47,1.50
2011.03.07 09:00:25.019,1.37921,1.37952,1.47,1.50
2011.03.07 09:00:25.639,1.37921,1.37952,1.47,1.50
2011.03.07 09:00:25.758,1.37928,1.37956,2.22,1.50
2011.03.07 09:00:25.983,1.37926,1.37956,1.47,1.50
2011.03.07 09:00:26.214,1.37926,1.3795,1.47,2.40
2011.03.07 09:00:26.332,1.3793,1.3795,1.47,2.40
2011.03.07 09:00:26.890,1.37929,1.37955,1.47,1.50
2011.03.07 09:00:27.001,1.37929,1.37955,1.47,1.50
2011.03.07 09:00:27.550,1.3793,1.37959,1.47,1.50
2011.03.07 09:00:27.992,1.37931,1.37959,1.47,1.50
2011.03.07 09:00:28.331,1.37935,1.37963,1.47,1.50
2011.03.07 09:00:28.913,1.37935,1.37962,1.47,2.40
2011.03.07 09:00:29.468,1.37935,1.37962,1.47,2.40
2011.03.07 09:00:30.136,1.37937,1.37956,1.47,2.40
2011.03.07 09:00:30.250,1.37937,1.37956,1.47,2.40
2011.03.07 09:00:30.693,1.37934,1.37953,1.47,2.40
2011.03.07 09:00:30.921,1.37931,1.37952,1.47,2.40
2011.03.07 09:00:31.474,1.37931,1.37951,1.47,2.40
2011.03.07 09:00:32.029,1.37929,1.37956,1.47,3.15
2011.03.07 09:00:32.139,1.37929,1.37956,1.47,2.40
2011.03.07 09:00:32.581,1.37932,1.37956,1.47,2.40
2011.03.07 09:00:32.896,1.37936,1.37957,1.47,2.40
2011.03.07 09:00:33.231,1.37936,1.37958,1.47,2.40
2011.03.07 09:00:33.559,1.37939,1.37964,1.47,2.40
2011.03.07 09:00:34.220,1.37939,1.37965,1.47,2.40
2011.03.07 09:00:34.880,1.37939,1.37957,1.47,2.40
2011.03.07 09:00:35.099,1.37939,1.37957,1.47,2.40
2011.03.07 09:00:35.542,1.37936,1.37959,1.09,2.40
2011.03.07 09:00:35.771,1.37934,1.3796,1.47,1.50
2011.03.07 09:00:35.991,1.37934,1.37962,2.97,2.40
2011.03.07 09:00:36.211,1.37935,1.37956,2.22,2.40
2011.03.07 09:00:36.452,1.37938,1.37956,1.47,2.40
2011.03.07 09:00:36.566,1.37937,1.37962,2.22,2.40
2011.03.07 09:00:36.679,1.37941,1.37962,1.47,2.40
2011.03.07 09:00:37.789,1.37941,1.37962,1.47,2.40
2011.03.07 09:00:38.339,1.37941,1.37962,1.47,2.40
2011.03.07 09:00:39.109,1.37941,1.37965,1.47,1.50
2011.03.07 09:00:39.659,1.37945,1.37969,1.47,1.50
2011.03.07 09:00:39.769,1.37945,1.37969,1.47,1.50
2011.03.07 09:00:40.319,1.37945,1.37969,1.47,1.50
2011.03.07 09:00:40.649,1.37945,1.37969,1.47,1.50
2011.03.07 09:00:41.431,1.37945,1.37969,1.47,1.50
2011.03.07 09:00:42.031,1.37944,1.37973,1.47,1.50
2011.03.07 09:00:42.472,1.37944,1.37973,1.47,1.50
2011.03.07 09:00:42.809,1.37944,1.37968,1.47,1.50
2011.03.07 09:00:43.361,1.37944,1.37968,1.47,1.50
2011.03.07 09:00:43.690,1.37941,1.37964,1.65,1.50
2011.03.07 09:00:44.130,1.37938,1.37964,1.47,1.50
2011.03.07 09:00:44.349,1.37938,1.37964,1.47,1.50
2011.03.07 09:00:45.449,1.37938,1.37963,1.47,2.40
2011.03.07 09:00:45.779,1.3794,1.37963,1.47,2.40
2011.03.07 09:00:46.338,1.3794,1.37963,1.47,2.40
2011.03.07 09:00:47.028,1.3794,1.37963,1.47,2.40
2011.03.07 09:00:47.452,1.3794,1.37963,2.22,2.40
2011.03.07 09:00:47.680,1.3794,1.37963,1.47,2.40
2011.03.07 09:00:48.011,1.3794,1.37967,1.47,1.50
2011.03.07 09:00:48.340,1.37945,1.37966,1.47,2.40
2011.03.07 09:00:49.000,1.37945,1.37966,1.47,2.40
2011.03.07 09:00:49.329,1.37945,1.37965,1.47,2.40
2011.03.07 09:00:49.550,1.37945,1.37965,1.47,2.40
2011.03.07 09:00:49.770,1.37945,1.37964,1.47,2.40
2011.03.07 09:00:50.101,1.37945,1.37963,1.47,2.40
2011.03.07 09:00:50.429,1.37947,1.3797,1.47,2.40
2011.03.07 09:00:50.780,1.37947,1.37967,1.47,2.40
2011.03.07 09:00:51.001,1.37945,1.37966,1.47,2.40
2011.03.07 09:00:51.550,1.37945,1.37969,1.47,2.40
2011.03.07 09:00:53.444,1.37945,1.37966,1.47,2.40
2011.03.07 09:00:53.566,1.3794,1.37964,1.47,2.40
2011.03.07 09:00:53.680,1.3794,1.37958,1.47,2.40
2011.03.07 09:00:54.009,1.37936,1.37959,1.47,2.40
2011.03.07 09:00:54.558,1.37936,1.37959,2.22,2.40
2011.03.07 09:00:55.990,1.37937,1.37959,1.47,2.40
2011.03.07 09:00:56.101,1.37939,1.37959,1.09,2.40
2011.03.07 09:00:56.429,1.37937,1.37962,1.47,1.50
2011.03.07 09:00:56.760,1.37943,1.37962,1.13,1.50
2011.03.07 09:00:56.869,1.37945,1.37962,1.65,1.50
2011.03.07 09:00:57.088,1.37945,1.37973,2.40,3.15
2011.03.07 09:00:57.198,1.37945,1.37973,3.12,3.15
2011.03.07 09:00:57.528,1.37946,1.37973,1.47,3.15
2011.03.07 09:00:57.958,1.37938,1.37965,1.47,2.40
2011.03.07 09:00:58.072,1.37938,1.37965,1.47,3.15
2011.03.07 09:00:58.512,1.37936,1.37963,1.47,1.50
2011.03.07 09:00:58.630,1.37936,1.37963,1.47,1.50
2011.03.07 09:00:59.213,1.37935,1.37963,2.41,1.50
2011.03.07 09:01:00.079,1.37935,1.37963,2.41,1.50
2011.03.07 09:01:01.088,1.37935,1.37956,2.22,2.40
2011.03.07 09:01:01.309,1.37935,1.37956,2.22,2.40
2011.03.07 09:01:03.751,1.37936,1.37963,1.47,1.50
2011.03.07 09:01:04.081,1.37936,1.37963,1.47,1.50
2011.03.07 09:01:05.071,1.37932,1.37957,1.06,1.50
2011.03.07 09:01:05.289,1.3793,1.37957,3.16,3.15
2011.03.07 09:01:05.509,1.3793,1.37957,2.37,1.50
2011.03.07 09:01:05.839,1.3793,1.37957,1.62,1.50
2011.03.07 09:01:06.609,1.3793,1.37957,1.62,1.50
2011.03.07 09:01:06.719,1.37931,1.37957,1.62,1.50
2011.03.07 09:01:07.270,1.37932,1.37957,1.47,1.50
2011.03.07 09:01:08.039,1.37931,1.37957,2.37,1.50
2011.03.07 09:01:08.149,1.37931,1.37957,2.37,1.50
2011.03.07 09:01:08.781,1.37931,1.37957,2.37,1.50
2011.03.07 09:01:09.549,1.37931,1.37957,2.37,1.50
2011.03.07 09:01:10.099,1.37931,1.37957,2.37,1.50
2011.03.07 09:01:10.540,1.3793,1.37955,1.65,1.50
2011.03.07 09:01:11.200,1.3793,1.37955,1.73,1.50
2011.03.07 09:01:11.420,1.37929,1.37955,2.37,1.50
2011.03.07 09:01:11.749,1.37931,1.37955,1.80,1.50
2011.03.07 09:01:11.859,1.3793,1.37955,2.40,1.50
2011.03.07 09:01:11.970,1.3793,1.37955,1.65,1.50
2011.03.07 09:01:12.189,1.37928,1.37955,3.94,1.50
2011.03.07 09:01:12.302,1.37929,1.37955,2.37,1.50
2011.03.07 09:01:12.411,1.37931,1.37955,1.65,1.50
2011.03.07 09:01:13.070,1.37928,1.37955,1.54,1.50
2011.03.07 09:01:13.508,1.37931,1.37955,2.40,1.50
2011.03.07 09:01:14.785,1.37931,1.37948,2.40,1.50
2011.03.07 09:01:15.122,1.37919,1.3794,1.65,1.50
2011.03.07 09:01:15.350,1.37922,1.37946,1.47,1.50
2011.03.07 09:01:15.901,1.37923,1.3795,1.47,1.50
2011.03.07 09:01:16.451,1.37922,1.3795,1.47,1.50
2011.03.07 09:01:16.670,1.37922,1.3795,1.47,1.50
2011.03.07 09:01:17.530,1.37923,1.3795,1.47,1.50
2011.03.07 09:01:18.081,1.37924,1.37951,1.47,1.50
2011.03.07 09:01:18.456,1.37928,1.37948,1.47,2.40
2011.03.07 09:01:18.789,1.37928,1.37951,1.47,2.40
2011.03.07 09:01:18.900,1.37926,1.37951,2.22,2.40
2011.03.07 09:01:19.450,1.37931,1.37952,1.47,2.40
2011.03.07 09:01:21.070,1.37931,1.37952,1.47,2.40
2011.03.07 09:01:21.289,1.37934,1.37957,1.47,2.40
2011.03.07 09:01:21.890,1.37934,1.37957,1.47,2.40
2011.03.07 09:01:22.109,1.37934,1.3796,1.47,3.15
2011.03.07 09:01:22.438,1.37934,1.3796,1.47,1.50
2011.03.07 09:01:22.770,1.37931,1.37957,1.47,1.50
2011.03.07 09:01:22.879,1.37931,1.37957,1.47,1.50
2011.03.07 09:01:26.569,1.37931,1.37957,1.47,1.50
2011.03.07 09:01:27.838,1.37932,1.37957,2.37,1.50
2011.03.07 09:01:28.930,1.37932,1.37957,2.37,1.50
2011.03.07 09:01:29.040,1.37934,1.37957,3.00,1.50
2011.03.07 09:01:29.153,1.37936,1.37963,1.47,1.50
2011.03.07 09:01:29.381,1.37942,1.37964,2.22,1.65
2011.03.07 09:01:29.938,1.37946,1.37969,1.65,1.50
2011.03.07 09:01:30.050,1.37946,1.37969,1.65,1.50
2011.03.07 09:01:31.509,1.37946,1.37969,1.65,1.50
2011.03.07 09:01:31.729,1.37943,1.37969,2.37,1.50
2011.03.07 09:01:31.951,1.37938,1.37964,1.47,3.15
2011.03.07 09:01:32.492,1.37938,1.37964,1.47,3.15
2011.03.07 09:01:32.610,1.37938,1.37964,1.47,3.15
2011.03.07 09:01:32.722,1.37938,1.37964,1.47,1.50
2011.03.07 09:01:33.285,1.37935,1.37963,1.47,1.50
2011.03.07 09:01:33.399,1.37935,1.37957,1.47,2.40
2011.03.07 09:01:33.510,1.37936,1.37957,1.47,2.40
2011.03.07 09:01:35.520,1.37936,1.37961,1.47,2.40
2011.03.07 09:01:35.849,1.37933,1.37957,3.12,1.50
2011.03.07 09:01:35.961,1.37933,1.37957,3.12,3.00
2011.03.07 09:01:36.619,1.3793,1.37954,1.47,2.40
2011.03.07 09:01:36.730,1.37929,1.37954,2.22,2.40
2011.03.07 09:01:37.750,1.37929,1.37952,1.47,3.90
2011.03.07 09:01:37.859,1.37929,1.37952,1.47,3.90
2011.03.07 09:01:38.960,1.37929,1.37952,1.47,2.25
2011.03.07 09:01:39.181,1.37928,1.37951,1.50,2.40
2011.03.07 09:01:39.510,1.37926,1.37952,1.47,3.00
2011.03.07 09:01:39.840,1.37929,1.37952,1.65,3.00
2011.03.07 09:01:39.950,1.37929,1.37952,2.40,3.00
2011.03.07 09:01:40.390,1.3793,1.37952,2.40,1.50
2011.03.07 09:01:41.049,1.37929,1.37952,2.40,1.50
2011.03.07 09:01:41.599,1.37927,1.37952,2.40,1.50
2011.03.07 09:01:41.930,1.37935,1.37952,2.40,1.50
2011.03.07 09:01:42.295,1.3793,1.37954,1.47,3.15
2011.03.07 09:01:42.414,1.3793,1.37954,1.47,3.15
2011.03.07 09:01:42.752,1.3793,1.37954,1.47,3.15
2011.03.07 09:01:42.980,1.3793,1.37952,1.47,2.40
2011.03.07 09:01:43.310,1.3793,1.37952,1.47,2.40
2011.03.07 09:01:43.420,1.3793,1.37954,1.47,1.50
2011.03.07 09:01:45.658,1.37931,1.37956,1.47,2.40
2011.03.07 09:01:45.989,1.3792,1.37944,2.70,2.40
2011.03.07 09:01:46.542,1.37919,1.37937,1.47,1.65
2011.03.07 09:01:46.661,1.37921,1.37946,2.40,1.50
2011.03.07 09:01:46.768,1.37921,1.37947,1.65,1.50
2011.03.07 09:01:47.511,1.37925,1.37951,1.47,2.40
2011.03.07 09:01:47.619,1.37927,1.37952,3.12,1.50
2011.03.07 09:01:48.719,1.37927,1.37952,2.37,1.50
2011.03.07 09:01:49.050,1.37921,1.37948,1.47,1.50
2011.03.07 09:01:49.629,1.37921,1.37948,2.22,1.50
2011.03.07 09:01:50.958,1.37922,1.37948,1.47,1.50
2011.03.07 09:01:51.670,1.37924,1.3795,4.17,1.50
2011.03.07 09:01:51.780,1.37927,1.37951,1.47,3.15
2011.03.07 09:01:51.890,1.37928,1.37953,2.40,1.50
2011.03.07 09:01:52.219,1.37928,1.37953,2.40,1.50
2011.03.07 09:01:52.330,1.37927,1.37948,1.47,1.65
2011.03.07 09:01:52.660,1.37923,1.37948,1.54,1.50
2011.03.07 09:01:53.319,1.37924,1.37948,1.47,1.50
2011.03.07 09:01:53.540,1.37924,1.37948,1.47,1.50
2011.03.07 09:01:54.270,1.37924,1.37949,1.47,1.50
2011.03.07 09:01:54.819,1.37922,1.37948,3.12,1.50
2011.03.07 09:01:55.358,1.37924,1.37949,1.47,1.50
2011.03.07 09:01:55.868,1.37923,1.37948,2.22,1.50
2011.03.07 09:01:56.850,1.37923,1.37948,2.22,1.50
2011.03.07 09:01:57.183,1.37928,1.37953,2.37,1.50
2011.03.07 09:01:57.521,1.37927,1.37953,1.47,1.50
2011.03.07 09:01:58.179,1.37927,1.37953,1.47,3.15
2011.03.07 09:01:58.681,1.37927,1.3795,1.47,2.40
2011.03.07 09:01:58.898,1.37924,1.3795,2.22,3.15
2011.03.07 09:01:59.118,1.37924,1.3795,1.47,3.15
2011.03.07 09:01:59.529,1.37924,1.3795,1.47,3.15
2011.03.07 09:01:59.855,1.37925,1.3795,1.50,3.15
2011.03.07 09:02:00.378,1.37923,1.37949,2.22,2.40
2011.03.07 09:02:00.709,1.37925,1.37949,2.25,1.65
2011.03.07 09:02:01.038,1.37925,1.37949,2.25,2.40
2011.03.07 09:02:01.261,1.37926,1.37949,1.50,2.40
2011.03.07 09:02:01.701,1.37925,1.37951,2.25,1.50
2011.03.07 09:02:01.919,1.37929,1.37955,1.47,3.15
2011.03.07 09:02:03.458,1.37929,1.37955,2.97,1.50
2011.03.07 09:02:04.369,1.37929,1.37955,2.97,1.50
2011.03.07 09:02:05.572,1.37929,1.37955,2.97,1.50
2011.03.07 09:02:06.949,1.37929,1.37955,2.22,1.50
2011.03.07 09:02:07.280,1.3793,1.37954,2.25,1.65
2011.03.07 09:02:07.611,1.37929,1.37955,1.47,1.50
2011.03.07 09:02:09.039,1.37929,1.37954,1.47,3.15
2011.03.07 09:02:09.370,1.37925,1.3795,1.47,2.40
2011.03.07 09:02:09.848,1.37925,1.3795,1.47,2.40
2011.03.07 09:02:09.959,1.37925,1.3795,1.47,2.40
2011.03.07 09:02:10.631,1.37925,1.3795,1.47,2.40
2011.03.07 09:02:11.651,1.37925,1.37948,1.47,2.40
2011.03.07 09:02:11.978,1.37925,1.37948,1.47,2.40
2011.03.07 09:02:12.312,1.37922,1.37935,1.47,1.69
2011.03.07 09:02:12.422,1.37914,1.37927,3.45,1.65
2011.03.07 09:02:12.652,1.37914,1.37933,3.45,1.65
2011.03.07 09:02:12.879,1.37917,1.37939,2.40,1.50
2011.03.07 09:02:12.989,1.37917,1.37944,2.40,2.25
2011.03.07 09:02:13.759,1.37919,1.37943,1.47,1.50
2011.03.07 09:02:14.900,1.37919,1.37942,1.47,1.50
2011.03.07 09:02:15.232,1.37918,1.37945,1.47,1.50
2011.03.07 09:02:15.451,1.37918,1.37946,1.47,1.50
2011.03.07 09:02:16.452,1.37918,1.37945,1.47,1.50
2011.03.07 09:02:16.793,1.37922,1.37948,1.47,3.15
2011.03.07 09:02:17.129,1.37922,1.37947,1.47,2.40
2011.03.07 09:02:17.680,1.37922,1.37948,1.47,3.15
2011.03.07 09:02:17.792,1.37922,1.37946,1.47,1.65
2011.03.07 09:02:18.240,1.37922,1.37944,1.47,2.40
2011.03.07 09:02:18.570,1.37917,1.37942,1.47,2.40
2011.03.07 09:02:19.235,1.37917,1.37941,1.47,1.65
2011.03.07 09:02:19.569,1.37917,1.37944,1.47,1.50
2011.03.07 09:02:20.183,1.37917,1.37943,1.47,1.50
2011.03.07 09:02:20.523,1.37917,1.37941,1.47,2.40
2011.03.07 09:02:20.645,1.37917,1.37941,1.47,2.40
2011.03.07 09:02:21.200,1.37917,1.37943,1.47,1.50
2011.03.07 09:02:21.751,1.37921,1.37945,1.47,2.40
2011.03.07 09:02:22.431,1.37921,1.37945,1.47,2.40
2011.03.07 09:02:23.090,1.37921,1.37947,1.47,1.50
2011.03.07 09:02:23.420,1.37926,1.37951,1.65,1.50
2011.03.07 09:02:23.860,1.37921,1.37948,2.22,1.50
2011.03.07 09:02:23.971,1.37921,1.37946,5.67,1.50
2011.03.07 09:02:24.082,1.37924,1.37946,1.65,1.50
2011.03.07 09:02:24.313,1.3792,1.37946,1.47,1.50
2011.03.07 09:02:24.833,1.37919,1.37943,4.62,1.50
2011.03.07 09:02:24.958,1.37927,1.37945,1.65,1.50
2011.03.07 09:02:25.290,1.37929,1.37948,1.65,1.50
2011.03.07 09:02:25.839,1.37929,1.37948,1.65,1.50
2011.03.07 09:02:26.389,1.37927,1.37951,1.65,1.50
2011.03.07 09:02:26.940,1.37926,1.37951,1.65,1.50
2011.03.07 09:02:27.050,1.37929,1.37951,1.65,1.50
2011.03.07 09:02:27.601,1.37925,1.37951,3.12,1.50
2011.03.07 09:02:27.934,1.3792,1.37948,1.47,3.15
2011.03.07 09:02:28.051,1.3792,1.37943,1.47,2.40
2011.03.07 09:02:28.599,1.3792,1.37943,1.47,2.40
2011.03.07 09:02:29.521,1.3792,1.37947,3.12,3.15
2011.03.07 09:02:30.070,1.3792,1.3794,1.47,2.40
2011.03.07 09:02:30.511,1.37921,1.37947,2.37,1.50
2011.03.07 09:02:30.730,1.3792,1.37943,1.47,2.40
2011.03.07 09:02:31.059,1.3792,1.37941,1.47,2.40
2011.03.07 09:02:31.280,1.37919,1.37942,1.65,1.50
2011.03.07 09:02:31.391,1.37919,1.37942,2.40,1.50
2011.03.07 09:02:31.722,1.37922,1.3795,2.22,3.15
2011.03.07 09:02:32.278,1.37922,1.3795,1.47,3.15
2011.03.07 09:02:36.052,1.37922,1.37949,1.47,2.40
2011.03.07 09:02:36.491,1.37922,1.37945,1.47,2.40
2011.03.07 09:02:37.039,1.37922,1.37945,1.47,2.40
2011.03.07 09:02:37.259,1.37922,1.37945,2.22,2.40
2011.03.07 09:02:37.809,1.37924,1.37945,1.47,2.40
2011.03.07 09:02:38.356,1.37928,1.37956,1.47,1.50
2011.03.07 09:02:38.691,1.37935,1.37959,1.47,1.50
2011.03.07 09:02:39.130,1.37935,1.37959,1.47,1.50
2011.03.07 09:02:39.459,1.37935,1.37951,1.47,1.65
2011.03.07 09:02:39.790,1.37935,1.37951,1.47,2.40
2011.03.07 09:02:40.670,1.37935,1.37951,1.47,2.40
2011.03.07 09:02:40.890,1.37935,1.37951,1.47,2.40
2011.03.07 09:02:41.440,1.37935,1.37953,1.47,2.40
2011.03.07 09:02:41.879,1.37935,1.37957,1.47,2.40
2011.03.07 09:02:42.610,1.37939,1.37957,1.47,2.40
2011.03.07 09:02:43.818,1.37939,1.37959,1.47,2.40
2011.03.07 09:02:44.149,1.37939,1.37952,1.47,2.40
2011.03.07 09:02:44.259,1.37931,1.37952,1.47,2.40
2011.03.07 09:02:44.849,1.37931,1.37952,1.47,2.40
2011.03.07 09:02:46.728,1.37931,1.37952,1.47,2.40
2011.03.07 09:02:47.832,1.37931,1.37952,1.47,2.59
2011.03.07 09:02:48.224,1.37931,1.37948,1.47,2.40
2011.03.07 09:02:48.344,1.3793,1.3795,1.47,2.40
2011.03.07 09:02:48.791,1.37928,1.37946,1.47,2.40
2011.03.07 09:02:50.002,1.37928,1.37946,1.47,2.40
2011.03.07 09:02:50.450,1.37928,1.37949,1.47,2.40
2011.03.07 09:02:50.782,1.37928,1.37947,1.47,2.40
2011.03.07 09:02:51.339,1.37924,1.37942,1.47,2.40
2011.03.07 09:02:51.669,1.37924,1.37944,1.47,2.40
2011.03.07 09:02:52.390,1.37924,1.37949,2.22,2.40
2011.03.07 09:02:52.500,1.37928,1.37949,1.47,2.40
2011.03.07 09:02:52.609,1.37928,1.37955,1.47,1.50
2011.03.07 09:02:53.155,1.3793,1.37958,2.41,1.50
2011.03.07 09:02:53.601,1.37935,1.37956,1.47,2.40
2011.03.07 09:02:54.150,1.37935,1.37955,1.47,2.40
2011.03.07 09:02:54.370,1.37935,1.37954,1.47,2.40
2011.03.07 09:02:57.671,1.37935,1.37956,1.47,2.40
2011.03.07 09:02:57.891,1.37935,1.37955,2.22,2.40
2011.03.07 09:02:58.642,1.37935,1.37961,1.47,1.50
2011.03.07 09:02:58.859,1.37936,1.37961,1.47,1.50
2011.03.07 09:02:59.191,1.37935,1.37957,1.47,2.40
2011.03.07 09:02:59.629,1.37937,1.37961,2.37,1.50
2011.03.07 09:03:00.180,1.37937,1.37961,2.37,1.50
2011.03.07 09:03:00.510,1.37936,1.37961,2.37,1.50
2011.03.07 09:03:01.059,1.37936,1.37961,2.37,1.50
2011.03.07 09:03:01.610,1.37938,1.37961,1.65,1.50
2011.03.07 09:03:02.159,1.37939,1.37961,1.65,1.50
2011.03.07 09:03:02.380,1.37935,1.37958,2.22,2.40
2011.03.07 09:03:02.490,1.37931,1.37958,1.47,2.40
2011.03.07 09:03:02.710,1.37932,1.37959,2.37,1.50
2011.03.07 09:03:03.552,1.37931,1.37959,1.47,1.50
2011.03.07 09:03:04.329,1.37931,1.37959,1.47,1.50
2011.03.07 09:03:04.550,1.37931,1.37959,1.47,1.50
2011.03.07 09:03:04.990,1.37931,1.37959,1.47,1.50
2011.03.07 09:03:05.430,1.37931,1.37959,1.47,1.50
2011.03.07 09:03:05.759,1.37931,1.37959,1.47,1.50
2011.03.07 09:03:06.089,1.37931,1.37959,1.47,1.50
2011.03.07 09:03:06.530,1.37931,1.37959,1.47,1.50
2011.03.07 09:03:06.970,1.37931,1.37959,1.47,1.50
2011.03.07 09:03:07.079,1.37931,1.37959,1.47,1.50
2011.03.07 09:03:07.740,1.37931,1.37959,1.47,1.50
2011.03.07 09:03:08.108,1.37927,1.37957,1.47,1.50
2011.03.07 09:03:08.222,1.37927,1.37954,1.47,1.50
2011.03.07 09:03:09.001,1.37927,1.37954,1.47,1.50
2011.03.07 09:03:11.189,1.37927,1.37954,2.22,1.50
2011.03.07 09:03:12.638,1.37927,1.37954,1.47,1.50
2011.03.07 09:03:20.951,1.37927,1.37954,1.47,1.50
2011.03.07 09:03:21.169,1.37927,1.37954,1.47,1.50
2011.03.07 09:03:21.391,1.37928,1.37954,1.47,1.50
2011.03.07 09:03:22.050,1.37927,1.37954,2.22,1.50
2011.03.07 09:03:22.158,1.37927,1.37954,2.22,1.50
2011.03.07 09:03:22.958,1.37928,1.37954,1.47,1.50
2011.03.07 09:03:23.398,1.37928,1.37954,1.47,1.50
2011.03.07 09:03:23.940,1.37928,1.37954,1.47,1.50
2011.03.07 09:03:24.602,1.37927,1.37954,1.47,1.50
2011.03.07 09:03:24.819,1.37927,1.37954,1.47,1.50
2011.03.07 09:03:26.272,1.3793,1.37954,1.47,1.50
2011.03.07 09:03:26.493,1.37934,1.37961,1.47,1.50
2011.03.07 09:03:26.722,1.37934,1.37961,1.47,1.50
2011.03.07 09:03:26.939,1.37932,1.37961,2.37,1.50
2011.03.07 09:03:28.118,1.37932,1.37958,2.37,1.50
2011.03.07 09:03:30.869,1.37932,1.37958,2.37,1.50
2011.03.07 09:03:31.198,1.37932,1.37958,2.37,1.50
2011.03.07 09:03:32.019,1.37931,1.37958,1.47,1.50
2011.03.07 09:03:32.360,1.37925,1.3795,1.47,2.40
2011.03.07 09:03:32.469,1.37925,1.3795,1.47,3.15
2011.03.07 09:03:34.240,1.37923,1.37949,1.47,2.40
2011.03.07 09:03:34.569,1.37922,1.37946,1.09,1.50
2011.03.07 09:03:35.008,1.37922,1.37946,1.09,1.50
2011.03.07 09:03:35.341,1.37925,1.37946,2.40,1.50
2011.03.07 09:03:35.558,1.37924,1.37946,2.40,1.50
2011.03.07 09:03:36.182,1.37924,1.37946,1.65,1.50
2011.03.07 09:03:36.763,1.37923,1.37946,2.78,1.50
2011.03.07 09:03:37.040,1.37923,1.37946,2.03,1.50
2011.03.07 09:03:37.899,1.37922,1.37946,2.74,1.50
2011.03.07 09:03:38.231,1.37924,1.37946,2.40,1.50
2011.03.07 09:03:38.559,1.37923,1.37946,2.40,1.50
2011.03.07 09:03:38.891,1.37923,1.37944,1.65,1.69
2011.03.07 09:03:39.001,1.37916,1.37944,3.12,1.50
2011.03.07 09:03:39.879,1.37916,1.37938,1.47,2.40
2011.03.07 09:03:40.649,1.37916,1.37938,1.47,2.40
2011.03.07 09:03:40.980,1.37916,1.37939,1.47,2.40
2011.03.07 09:03:41.529,1.37916,1.37939,1.47,2.40
2011.03.07 09:03:42.072,1.37918,1.37939,1.47,2.40
2011.03.07 09:03:42.196,1.37925,1.37952,2.40,1.50
2011.03.07 09:03:42.312,1.37929,1.37951,1.47,2.40
2011.03.07 09:03:42.649,1.37929,1.37953,1.47,2.40
2011.03.07 09:03:44.191,1.37929,1.37952,1.47,2.40
2011.03.07 09:03:44.300,1.37929,1.37952,1.47,2.40
2011.03.07 09:03:44.522,1.37925,1.37952,3.87,1.50
2011.03.07 09:03:45.082,1.37922,1.37948,1.47,3.23
2011.03.07 09:03:45.629,1.37922,1.37943,1.47,2.40
2011.03.07 09:03:45.740,1.37917,1.37943,2.59,2.40
2011.03.07 09:03:50.001,1.3792,1.37943,1.47,2.40
2011.03.07 09:03:50.112,1.37921,1.37944,2.40,1.50
2011.03.07 09:03:50.440,1.37921,1.37944,1.47,2.40
2011.03.07 09:03:50.990,1.37921,1.37944,1.47,2.40
2011.03.07 09:03:51.432,1.37921,1.37943,1.47,2.40
2011.03.07 09:03:51.650,1.37921,1.37941,1.47,2.40
2011.03.07 09:03:52.251,1.37921,1.37944,1.47,2.40
2011.03.07 09:03:52.580,1.37921,1.37943,1.47,2.40
2011.03.07 09:03:53.350,1.37921,1.37944,1.47,2.40
2011.03.07 09:03:53.791,1.37921,1.37943,1.47,2.40
2011.03.07 09:03:54.340,1.37921,1.37943,1.47,2.40
2011.03.07 09:03:54.559,1.37916,1.37941,3.12,2.40
2011.03.07 09:03:55.441,1.37918,1.37942,1.47,2.40
2011.03.07 09:03:55.991,1.37919,1.37944,1.65,3.15
2011.03.07 09:03:56.319,1.3792,1.37945,2.37,2.40
2011.03.07 09:03:58.160,1.37919,1.37946,3.12,3.15
2011.03.07 09:03:58.709,1.37919,1.37946,3.87,3.15
2011.03.07 09:03:59.482,1.3792,1.37946,2.37,1.50
2011.03.07 09:03:59.709,1.37919,1.37944,3.12,2.40
2011.03.07 09:04:00.039,1.37921,1.37944,1.47,2.40
2011.03.07 09:04:00.260,1.37921,1.37946,2.37,3.15
2011.03.07 09:04:00.699,1.37921,1.37946,1.47,1.50
2011.03.07 09:04:01.331,1.3792,1.37946,3.12,1.50
2011.03.07 09:04:01.662,1.37921,1.37946,2.37,3.15
2011.03.07 09:04:02.773,1.37924,1.37946,1.65,1.58
2011.03.07 09:04:03.003,1.37918,1.37943,1.65,1.50
2011.03.07 09:04:03.561,1.37917,1.37943,3.12,1.50
2011.03.07 09:04:04.108,1.37916,1.37942,2.22,2.40
2011.03.07 09:04:04.879,1.37917,1.37942,1.47,2.40
2011.03.07 09:04:05.210,1.37916,1.37939,2.22,2.40
2011.03.07 09:04:05.702,1.37917,1.37942,3.12,2.40
2011.03.07 09:04:05.923,1.37916,1.37941,3.12,2.40
2011.03.07 09:04:06.151,1.37917,1.37941,1.47,2.40
2011.03.07 09:04:06.921,1.37916,1.37941,3.87,2.40
2011.03.07 09:04:07.469,1.37917,1.37942,3.12,2.40
2011.03.07 09:04:07.693,1.37916,1.37941,3.12,2.40
2011.03.07 09:04:07.814,1.37912,1.37936,1.84,2.40
2011.03.07 09:04:07.931,1.37912,1.37936,1.84,2.40
2011.03.07 09:04:08.922,1.37911,1.37936,2.22,2.40
2011.03.07 09:04:09.457,1.37912,1.37935,1.47,2.40
2011.03.07 09:04:11.990,1.37911,1.37936,2.22,2.40
2011.03.07 09:04:12.744,1.37909,1.37933,1.47,1.50
2011.03.07 09:04:13.078,1.37909,1.37933,1.47,1.50
2011.03.07 09:04:13.959,1.37909,1.37933,1.47,1.50
2011.03.07 09:04:16.908,1.37909,1.37933,1.47,1.50
2011.03.07 09:04:18.390,1.37909,1.37933,1.47,1.50
2011.03.07 09:04:18.612,1.37909,1.37933,1.47,1.50
2011.03.07 09:04:19.007,1.3791,1.37936,1.47,3.15
2011.03.07 09:04:20.319,1.3791,1.37936,1.47,2.40
2011.03.07 09:04:20.542,1.37912,1.37927,1.47,1.65
2011.03.07 09:04:20.879,1.3791,1.37932,2.22,2.40
2011.03.07 09:04:21.320,1.37913,1.37932,1.47,1.65
2011.03.07 09:04:21.430,1.37913,1.37937,1.47,3.90
2011.03.07 09:04:21.543,1.3791,1.37932,2.22,2.40
2011.03.07 09:04:21.773,1.37913,1.37931,1.47,1.65
2011.03.07 09:04:22.002,1.3791,1.37935,1.47,2.40
2011.03.07 09:04:25.139,1.3791,1.37935,1.47,2.40
2011.03.07 09:04:25.497,1.3791,1.37931,1.47,1.50
2011.03.07 09:04:25.726,1.37904,1.37928,2.37,2.40
2011.03.07 09:04:25.843,1.37905,1.37927,1.47,1.65
2011.03.07 09:04:26.519,1.37909,1.37934,1.47,2.40
2011.03.07 09:04:27.069,1.37908,1.37936,3.87,2.40
2011.03.07 09:04:27.618,1.37909,1.37936,1.47,2.40
2011.03.07 09:04:27.951,1.37909,1.37935,1.47,2.40
2011.03.07 09:04:28.724,1.37909,1.37935,3.12,2.40
2011.03.07 09:04:29.279,1.3791,1.37935,1.47,2.40
2011.03.07 09:04:30.159,1.37909,1.37935,3.12,2.40
2011.03.07 09:04:30.709,1.37909,1.37934,1.47,2.40
2011.03.07 09:04:31.400,1.37908,1.37934,2.22,2.40
2011.03.07 09:04:33.228,1.37908,1.37934,2.22,2.40
2011.03.07 09:04:34.218,1.37908,1.37934,1.47,2.40
2011.03.07 09:04:34.438,1.37909,1.37934,1.47,2.40
2011.03.07 09:04:34.978,1.37908,1.37934,2.22,2.40
2011.03.07 09:04:35.529,1.37909,1.37933,1.47,2.40
2011.03.07 09:04:36.079,1.37908,1.37935,2.22,3.15
2011.03.07 09:04:36.869,1.37908,1.37935,2.22,3.15
2011.03.07 09:04:38.269,1.37909,1.37935,1.47,3.15
2011.03.07 09:04:38.489,1.37908,1.37934,1.47,2.40
2011.03.07 09:04:38.992,1.37909,1.37935,1.47,3.15
2011.03.07 09:04:39.440,1.37912,1.37936,1.47,2.40
2011.03.07 09:04:39.730,1.37916,1.37939,1.65,1.50
2011.03.07 09:04:40.280,1.37916,1.37942,1.47,3.15
2011.03.07 09:04:41.049,1.37918,1.37942,1.47,1.50
2011.03.07 09:04:41.710,1.37919,1.37942,1.65,1.50
2011.03.07 09:04:42.149,1.37916,1.37942,1.47,3.15
2011.03.07 09:04:42.700,1.37915,1.37939,1.47,2.40
2011.03.07 09:04:42.810,1.37915,1.37939,2.22,2.40
2011.03.07 09:04:43.250,1.37915,1.3794,3.12,2.40
2011.03.07 09:04:44.240,1.37916,1.37939,1.47,2.40
2011.03.07 09:04:44.460,1.37915,1.37938,1.47,2.40
2011.03.07 09:04:45.009,1.37915,1.37939,1.47,2.40
2011.03.07 09:04:45.413,1.37916,1.37942,1.47,3.15
2011.03.07 09:04:45.531,1.37916,1.37942,1.47,3.15
2011.03.07 09:04:46.251,1.37918,1.37942,1.47,1.50
2011.03.07 09:04:46.470,1.37918,1.37944,1.47,2.40
2011.03.07 09:04:47.349,1.37918,1.37944,1.47,2.40
2011.03.07 09:04:47.900,1.3792,1.37944,1.47,2.40
2011.03.07 09:04:48.450,1.37921,1.37946,1.65,1.50
2011.03.07 09:04:48.780,1.37918,1.37943,3.87,2.40
2011.03.07 09:04:48.890,1.37919,1.37945,1.47,2.40
2011.03.07 09:04:49.440,1.37921,1.37946,2.40,3.30
2011.03.07 09:04:49.990,1.3792,1.37945,2.37,2.40
2011.03.07 09:04:50.538,1.37918,1.37945,3.87,2.40
2011.03.07 09:04:50.870,1.37918,1.37942,1.47,2.40
2011.03.07 09:04:51.089,1.37918,1.37942,2.22,2.40
2011.03.07 09:04:51.501,1.37919,1.37944,2.37,2.40
2011.03.07 09:04:51.780,1.3792,1.37944,1.47,2.40
2011.03.07 09:04:52.000,1.3792,1.37946,2.37,1.50
2011.03.07 09:04:52.550,1.37919,1.37944,3.12,2.40
2011.03.07 09:04:52.879,1.37918,1.37945,3.12,2.40
2011.03.07 09:04:52.989,1.37917,1.37942,3.87,2.40
2011.03.07 09:04:53.318,1.37917,1.37942,3.12,2.40
2011.03.07 09:04:53.540,1.37917,1.37943,3.12,1.50
2011.03.07 09:04:53.760,1.37917,1.37942,3.12,2.40
2011.03.07 09:04:54.199,1.37919,1.37944,3.12,2.40
2011.03.07 09:04:54.640,1.37919,1.37943,2.22,2.40
2011.03.07 09:04:54.969,1.37919,1.37942,2.22,2.40
2011.03.07 09:04:55.299,1.37917,1.37942,3.12,2.40
2011.03.07 09:04:55.849,1.37917,1.37942,3.12,2.40
2011.03.07 09:04:56.401,1.37917,1.37941,1.47,2.40
2011.03.07 09:04:57.082,1.37918,1.37943,2.40,3.15
2011.03.07 09:04:57.749,1.37918,1.37943,2.40,3.15
2011.03.07 09:04:57.970,1.37918,1.37943,2.40,3.15
2011.03.07 09:04:58.659,1.37918,1.37943,2.40,3.15
2011.03.07 09:04:59.253,1.37918,1.37943,2.40,3.15
2011.03.07 09:04:59.371,1.37918,1.37943,2.40,3.15
2011.03.07 09:05:00.319,1.37918,1.37943,2.40,3.15
2011.03.07 09:05:00.909,1.3792,1.37943,2.22,2.40
2011.03.07 09:05:01.240,1.3792,1.37945,2.22,2.40
2011.03.07 09:05:01.900,1.3792,1.37942,1.47,2.40
2011.03.07 09:05:03.540,1.3792,1.37942,1.47,2.40
2011.03.07 09:05:03.980,1.3792,1.37943,1.47,2.40
2011.03.07 09:05:04.529,1.3792,1.37943,2.22,2.40
2011.03.07 09:05:05.078,1.3792,1.37942,1.47,2.40
2011.03.07 09:05:05.560,1.3792,1.37943,1.47,2.40
2011.03.07 09:05:08.650,1.37921,1.37944,1.47,2.40
2011.03.07 09:05:09.082,1.37921,1.37944,1.47,2.40
2011.03.07 09:05:09.420,1.3792,1.37944,1.47,2.40
2011.03.07 09:05:09.750,1.37921,1.37946,1.47,2.40
2011.03.07 09:05:10.301,1.3792,1.37945,3.87,2.40
2011.03.07 09:05:10.631,1.3792,1.37945,2.22,2.40
2011.03.07 09:05:11.178,1.3792,1.37944,1.47,2.40
2011.03.07 09:05:12.830,1.3792,1.37945,3.12,2.40
2011.03.07 09:05:13.380,1.3792,1.37943,1.47,2.40
2011.03.07 09:05:13.931,1.37921,1.37943,1.47,2.40
2011.03.07 09:05:14.153,1.37921,1.37944,1.47,2.40
2011.03.07 09:05:14.543,1.3792,1.37945,2.22,2.40
2011.03.07 09:05:15.209,1.37921,1.37946,3.12,2.40
2011.03.07 09:05:18.457,1.37921,1.37946,3.12,2.40
2011.03.07 09:05:20.509,1.37921,1.37946,2.37,2.40
2011.03.07 09:05:21.308,1.37921,1.37946,2.37,2.40
2011.03.07 09:05:21.531,1.3792,1.37945,1.47,2.40
2011.03.07 09:05:23.459,1.37921,1.37945,1.47,2.40
2011.03.07 09:05:24.551,1.37921,1.37945,1.47,2.40
2011.03.07 09:05:24.880,1.37921,1.37947,1.47,3.15
2011.03.07 09:05:25.104,1.37928,1.37951,1.47,2.40
2011.03.07 09:05:25.439,1.37928,1.37953,1.47,2.40
2011.03.07 09:05:31.402,1.3793,1.37953,1.47,2.40
2011.03.07 09:05:32.720,1.37932,1.37956,1.47,2.40
2011.03.07 09:05:33.819,1.37932,1.37956,1.47,2.40
2011.03.07 09:05:34.469,1.37932,1.37956,1.47,2.40
2011.03.07 09:05:35.131,1.37931,1.37954,1.47,2.40
2011.03.07 09:05:35.350,1.37932,1.37954,1.47,2.40
2011.03.07 09:05:35.900,1.3793,1.37954,2.22,2.40
2011.03.07 09:05:36.119,1.37932,1.37956,1.47,2.40
2011.03.07 09:05:36.340,1.37932,1.37955,1.47,2.40
2011.03.07 09:05:36.781,1.3793,1.37955,2.22,2.40
2011.03.07 09:05:37.001,1.3793,1.37957,2.22,2.40
2011.03.07 09:05:37.442,1.37932,1.37954,1.47,2.40
2011.03.07 09:05:37.560,1.37931,1.37954,1.47,2.40
2011.03.07 09:05:37.891,1.37932,1.37956,1.47,2.40
2011.03.07 09:05:38.443,1.3793,1.37955,1.47,2.40
2011.03.07 09:05:39.163,1.3793,1.37955,2.22,2.40
2011.03.07 09:05:39.281,1.37932,1.37955,1.47,2.40
2011.03.07 09:05:39.501,1.37932,1.37955,1.47,2.40
2011.03.07 09:05:40.054,1.3793,1.37956,3.12,2.40
2011.03.07 09:05:40.280,1.37932,1.37957,1.47,2.40
2011.03.07 09:05:40.720,1.37932,1.37956,1.47,2.40
2011.03.07 09:05:41.830,1.37939,1.37962,1.65,1.50
2011.03.07 09:05:42.980,1.37937,1.37962,3.12,1.50
2011.03.07 09:05:43.860,1.37939,1.37962,1.65,1.50
2011.03.07 09:05:44.419,1.37938,1.37962,3.12,1.50
2011.03.07 09:05:45.189,1.37938,1.37962,3.12,1.50
2011.03.07 09:05:45.493,1.37941,1.37965,2.37,1.50
2011.03.07 09:05:46.050,1.37941,1.37965,1.47,1.50
2011.03.07 09:05:46.380,1.37945,1.37965,1.65,1.50
2011.03.07 09:05:46.711,1.3794,1.37969,1.47,3.15
2011.03.07 09:05:47.151,1.37941,1.37965,1.47,1.50
2011.03.07 09:05:47.480,1.37939,1.3796,1.47,2.40
2011.03.07 09:05:47.812,1.37938,1.3796,1.47,2.40
2011.03.07 09:05:48.259,1.37936,1.37961,3.12,2.40
2011.03.07 09:05:48.885,1.37936,1.37961,3.12,2.40
2011.03.07 09:05:50.039,1.37936,1.37961,3.12,2.40
2011.03.07 09:05:53.819,1.37939,1.37961,1.50,2.40
2011.03.07 09:05:54.369,1.37939,1.37965,3.12,1.50
2011.03.07 09:05:54.919,1.37939,1.37965,3.12,1.50
2011.03.07 09:05:55.580,1.37941,1.37965,1.47,1.50
2011.03.07 09:05:55.690,1.37943,1.37965,2.40,1.50
2011.03.07 09:05:56.020,1.37944,1.3797,2.22,1.50
2011.03.07 09:05:56.350,1.37945,1.3797,2.37,1.50
2011.03.07 09:05:56.899,1.37944,1.3797,3.12,1.50
2011.03.07 09:05:59.523,1.37944,1.3797,1.47,1.50
2011.03.07 09:06:02.430,1.37944,1.3797,1.47,3.15
2011.03.07 09:06:03.200,1.37943,1.37967,1.47,1.50
2011.03.07 09:06:03.420,1.37945,1.37972,2.40,1.50
2011.03.07 09:06:03.860,1.37947,1.37972,1.65,1.50
2011.03.07 09:06:04.241,1.37949,1.37972,1.65,1.50
2011.03.07 09:06:04.355,1.37947,1.37972,1.65,1.50
2011.03.07 09:06:04.909,1.37945,1.37971,2.37,2.40
2011.03.07 09:06:05.719,1.37945,1.37972,3.12,1.50
2011.03.07 09:06:06.929,1.37947,1.37972,1.65,1.50
2011.03.07 09:06:07.480,1.37946,1.37972,2.37,1.50
2011.03.07 09:06:08.139,1.37946,1.37972,3.12,1.50
2011.03.07 09:06:08.925,1.37946,1.37972,3.12,3.15
2011.03.07 09:06:09.261,1.37946,1.37972,3.12,3.15
2011.03.07 09:06:09.591,1.37948,1.37972,1.65,1.50
2011.03.07 09:06:10.150,1.37942,1.37968,1.47,1.50
2011.03.07 09:06:12.839,1.37941,1.37968,1.47,1.50
2011.03.07 09:06:13.279,1.37941,1.37968,1.47,1.50
2011.03.07 09:06:13.831,1.37941,1.37967,1.47,2.40
2011.03.07 09:06:14.381,1.37945,1.37968,1.65,1.50
2011.03.07 09:06:14.929,1.37945,1.37968,1.65,1.50
2011.03.07 09:06:15.809,1.37945,1.37968,1.65,1.50
2011.03.07 09:06:16.030,1.37946,1.37968,1.65,1.50
2011.03.07 09:06:16.735,1.37946,1.37968,1.65,1.50
2011.03.07 09:06:17.740,1.37946,1.37968,1.65,1.50
2011.03.07 09:06:18.070,1.37944,1.37968,2.37,1.50
2011.03.07 09:06:20.181,1.37944,1.37968,3.12,1.50
2011.03.07 09:06:20.512,1.37946,1.37968,1.65,1.50
2011.03.07 09:06:23.471,1.37946,1.37968,1.65,1.50
2011.03.07 09:06:23.692,1.37944,1.37968,2.37,1.50
2011.03.07 09:06:23.911,1.37945,1.37965,1.65,1.50
2011.03.07 09:06:24.242,1.3794,1.37965,1.65,1.50
2011.03.07 09:06:24.461,1.37939,1.37965,3.12,3.15
2011.03.07 09:06:24.852,1.37948,1.37967,1.65,1.50
2011.03.07 09:06:24.961,1.37944,1.37967,1.65,1.50
2011.03.07 09:06:25.512,1.37939,1.37962,2.40,1.50
2011.03.07 09:06:25.621,1.37937,1.37962,1.65,1.50
2011.03.07 09:06:27.070,1.37936,1.37958,1.47,2.40
2011.03.07 09:06:29.100,1.37936,1.37959,1.47,2.40
2011.03.07 09:06:29.320,1.37936,1.37959,1.47,2.40
2011.03.07 09:06:29.762,1.37937,1.37961,1.65,1.50
2011.03.07 09:06:30.310,1.37936,1.37959,1.47,2.40
2011.03.07 09:06:30.902,1.37935,1.3796,3.12,2.40
2011.03.07 09:06:32.460,1.37935,1.3796,3.12,2.40
2011.03.07 09:06:32.571,1.37939,1.37964,2.37,1.50
2011.03.07 09:06:33.010,1.37939,1.37962,1.47,2.40
2011.03.07 09:06:33.339,1.37938,1.37964,2.37,1.50
2011.03.07 09:06:33.559,1.37937,1.37961,2.37,1.50
2011.03.07 09:06:33.779,1.37937,1.37961,2.37,1.50
2011.03.07 09:06:34.550,1.37937,1.37961,3.12,1.50
2011.03.07 09:06:35.170,1.37938,1.37961,1.65,1.50
2011.03.07 09:06:35.280,1.37938,1.37961,2.40,1.50
2011.03.07 09:06:35.499,1.37938,1.37962,2.40,1.50
2011.03.07 09:06:36.069,1.37938,1.37963,2.40,2.25
2011.03.07 09:06:36.586,1.37938,1.37961,2.40,1.50
2011.03.07 09:06:38.359,1.37938,1.37961,2.40,1.50
2011.03.07 09:06:38.472,1.37938,1.37961,2.40,1.50
2011.03.07 09:06:38.910,1.37937,1.3796,1.47,2.40
2011.03.07 09:06:39.362,1.37937,1.3796,1.47,1.65
2011.03.07 09:06:39.471,1.37937,1.37958,1.47,2.40
2011.03.07 09:06:40.023,1.37937,1.37961,1.47,1.50
2011.03.07 09:06:40.860,1.37938,1.37963,2.40,3.90
2011.03.07 09:06:41.191,1.37937,1.37957,1.47,1.65
2011.03.07 09:06:41.299,1.37937,1.37959,1.47,1.65
2011.03.07 09:06:41.522,1.37937,1.3796,2.41,1.65
2011.03.07 09:06:41.741,1.37942,1.37968,2.40,3.15
2011.03.07 09:06:42.291,1.37944,1.37967,2.40,1.50
2011.03.07 09:06:42.621,1.37945,1.37971,1.47,3.15
2011.03.07 09:06:43.060,1.37945,1.37969,1.47,1.50
2011.03.07 09:06:43.392,1.3794,1.37961,1.47,1.65
2011.03.07 09:06:43.613,1.37941,1.37966,2.40,1.50
2011.03.07 09:06:44.006,1.3794,1.37963,1.47,2.40
2011.03.07 09:06:44.121,1.3794,1.37963,1.47,2.40
2011.03.07 09:06:45.004,1.3794,1.37962,1.47,1.65
2011.03.07 09:06:45.120,1.3794,1.37965,1.47,2.40
2011.03.07 09:06:45.230,1.3794,1.37964,1.47,2.40
2011.03.07 09:06:45.449,1.3794,1.37964,1.47,1.65
2011.03.07 09:06:45.561,1.3794,1.37962,1.47,1.65
2011.03.07 09:06:45.780,1.3794,1.37965,1.47,1.65
2011.03.07 09:06:45.890,1.3794,1.37964,1.47,2.40
2011.03.07 09:06:46.443,1.3794,1.37963,1.47,2.40
2011.03.07 09:06:47.001,1.37938,1.37963,2.40,3.90
2011.03.07 09:06:47.440,1.37937,1.37961,1.47,2.40
2011.03.07 09:06:47.880,1.3794,1.37963,1.47,2.40
2011.03.07 09:06:49.051,1.3794,1.3796,1.47,1.65
2011.03.07 09:06:49.494,1.3794,1.3796,1.47,1.65
2011.03.07 09:06:49.612,1.3794,1.3796,1.47,1.65
2011.03.07 09:06:50.051,1.3794,1.3796,1.47,1.65
2011.03.07 09:06:50.269,1.3794,1.37958,1.47,1.65
2011.03.07 09:06:50.818,1.37936,1.37958,1.47,1.65
2011.03.07 09:06:51.429,1.37936,1.37958,1.47,1.65
2011.03.07 09:06:51.979,1.37936,1.37959,1.47,1.65
2011.03.07 09:06:55.439,1.37936,1.37959,1.47,1.65
2011.03.07 09:06:55.774,1.37936,1.37957,1.47,1.65
2011.03.07 09:06:55.890,1.37936,1.37962,1.47,3.15
2011.03.07 09:06:56.441,1.37944,1.37968,1.47,1.50
2011.03.07 09:06:56.550,1.37944,1.37968,1.47,1.50
2011.03.07 09:06:57.100,1.37942,1.37961,2.22,2.40
2011.03.07 09:06:57.557,1.37944,1.37969,1.47,2.40
2011.03.07 09:06:57.671,1.37944,1.37962,1.47,2.40
2011.03.07 09:06:58.110,1.3794,1.3796,1.47,1.65
2011.03.07 09:06:59.209,1.3794,1.37961,1.47,2.40
2011.03.07 09:06:59.579,1.3794,1.37961,1.47,2.40
2011.03.07 09:06:59.689,1.3794,1.37961,1.47,2.40
2011.03.07 09:07:00.211,1.37938,1.3796,2.22,2.40
2011.03.07 09:07:00.980,1.37938,1.37958,1.50,2.40
2011.03.07 09:07:03.290,1.37937,1.37958,1.47,2.40
2011.03.07 09:07:04.590,1.37937,1.37958,1.47,2.40
2011.03.07 09:07:05.142,1.37938,1.37957,1.47,2.40
2011.03.07 09:07:05.454,1.37941,1.37959,1.47,2.40
2011.03.07 09:07:05.681,1.37941,1.37965,1.47,1.50
2011.03.07 09:07:06.011,1.37941,1.37958,1.47,1.65
2011.03.07 09:07:06.231,1.37941,1.37965,1.47,1.50
2011.03.07 09:07:06.889,1.37941,1.37965,1.47,1.50
2011.03.07 09:07:07.509,1.37941,1.37965,1.47,1.50
2011.03.07 09:07:10.530,1.37941,1.37968,1.47,2.40
2011.03.07 09:07:10.750,1.37943,1.37968,1.47,2.40
2011.03.07 09:07:11.299,1.37942,1.37967,1.47,2.40
2011.03.07 09:07:11.985,1.37943,1.37966,1.47,1.65
2011.03.07 09:07:12.101,1.37943,1.37966,1.47,2.40
2011.03.07 09:07:12.649,1.3794,1.37966,1.47,3.15
2011.03.07 09:07:14.311,1.3794,1.37966,1.47,1.50
2011.03.07 09:07:14.640,1.37943,1.37968,1.47,3.15
2011.03.07 09:07:15.630,1.37944,1.37967,1.47,3.90
2011.03.07 09:07:15.964,1.37942,1.37961,1.47,2.40
2011.03.07 09:07:16.300,1.37943,1.37968,1.47,3.15
2011.03.07 09:07:16.630,1.37943,1.37967,1.47,1.65
2011.03.07 09:07:17.152,1.37943,1.37968,1.47,3.90
2011.03.07 09:07:17.264,1.37943,1.37959,1.47,1.65
2011.03.07 09:07:17.494,1.3794,1.37959,1.47,2.40
2011.03.07 09:07:17.610,1.3794,1.37959,1.47,2.40
2011.03.07 09:07:17.939,1.3794,1.37959,1.47,2.40
2011.03.07 09:07:18.600,1.37941,1.3796,1.47,2.40
2011.03.07 09:07:18.819,1.37939,1.3796,1.47,2.40
2011.03.07 09:07:19.040,1.37941,1.3796,1.47,2.40
2011.03.07 09:07:19.150,1.37941,1.37956,1.47,1.65
2011.03.07 09:07:19.260,1.37936,1.37957,1.47,1.65
2011.03.07 09:07:19.808,1.37936,1.37959,1.47,2.40
2011.03.07 09:07:21.510,1.37936,1.3796,1.47,2.40
2011.03.07 09:07:23.901,1.37936,1.3796,1.47,2.40
2011.03.07 09:07:24.293,1.37941,1.37967,3.12,2.97
2011.03.07 09:07:24.630,1.37941,1.37963,1.47,2.40
2011.03.07 09:07:24.959,1.3794,1.37962,1.47,2.40
2011.03.07 09:07:27.579,1.3794,1.37962,1.47,2.40
2011.03.07 09:07:28.529,1.3794,1.37962,1.47,2.40
2011.03.07 09:07:29.082,1.3794,1.37959,1.47,1.65
2011.03.07 09:07:29.191,1.3794,1.37963,1.47,2.40
2011.03.07 09:07:29.410,1.3794,1.37963,1.47,2.40
2011.03.07 09:07:29.738,1.3794,1.37963,1.47,2.40
2011.03.07 09:07:30.589,1.3794,1.37963,1.47,2.40
2011.03.07 09:07:30.811,1.3794,1.37963,1.47,2.40
2011.03.07 09:07:31.031,1.37939,1.37963,1.47,2.40
2011.03.07 09:07:31.890,1.3794,1.37961,1.47,2.40
2011.03.07 09:07:33.231,1.37941,1.37961,1.13,1.65
2011.03.07 09:07:33.561,1.37952,1.3797,1.47,1.69
2011.03.07 09:07:33.673,1.37953,1.37976,1.50,2.40
2011.03.07 09:07:33.793,1.37953,1.37981,1.66,2.25
2011.03.07 09:07:33.917,1.37958,1.37983,1.65,1.50
2011.03.07 09:07:34.036,1.37954,1.3798,2.40,1.69
2011.03.07 09:07:34.371,1.37954,1.37983,1.47,3.00
2011.03.07 09:07:34.703,1.37954,1.37974,2.22,2.40
2011.03.07 09:07:35.042,1.37954,1.37974,1.47,2.40
2011.03.07 09:07:35.150,1.37951,1.37974,2.22,2.40
2011.03.07 09:07:35.471,1.37954,1.37974,1.47,1.65
2011.03.07 09:07:35.690,1.37954,1.37978,1.47,3.34
2011.03.07 09:07:36.021,1.37951,1.37974,2.22,2.40
2011.03.07 09:07:36.670,1.37953,1.37974,1.47,2.40
2011.03.07 09:07:37.120,1.37954,1.37974,1.47,2.40
2011.03.07 09:07:37.400,1.3795,1.37974,2.22,2.40
2011.03.07 09:07:37.949,1.3795,1.37974,1.47,2.40
2011.03.07 09:07:39.074,1.3795,1.37974,1.47,2.40
2011.03.07 09:07:39.410,1.37951,1.37976,2.40,1.50
2011.03.07 09:07:39.740,1.37951,1.37976,1.65,1.50
2011.03.07 09:07:39.850,1.3795,1.37975,1.47,2.40
2011.03.07 09:07:40.398,1.3795,1.37975,1.47,2.40
2011.03.07 09:07:40.899,1.3795,1.37975,1.47,2.40
2011.03.07 09:07:41.282,1.37949,1.37975,1.47,2.59
2011.03.07 09:07:41.397,1.37947,1.3797,1.65,1.50
2011.03.07 09:07:41.623,1.37945,1.3797,1.65,1.50
2011.03.07 09:07:41.960,1.37944,1.37967,1.47,2.40
2011.03.07 09:07:42.182,1.37944,1.37967,1.47,2.40
2011.03.07 09:07:42.512,1.37947,1.37969,1.47,2.40
2011.03.07 09:07:42.839,1.37947,1.37972,1.47,2.40
2011.03.07 09:07:44.921,1.37947,1.3797,1.47,2.40
2011.03.07 09:07:45.580,1.37947,1.3797,1.47,2.40
2011.03.07 09:07:46.479,1.37946,1.3797,1.47,2.40
2011.03.07 09:07:46.809,1.37945,1.37965,1.47,2.40
2011.03.07 09:07:46.920,1.37943,1.37965,1.47,2.40
2011.03.07 09:07:47.469,1.37943,1.37965,1.47,2.40
2011.03.07 09:07:47.691,1.37941,1.37965,1.47,1.50
2011.03.07 09:07:48.239,1.37941,1.37965,1.47,3.15
2011.03.07 09:07:48.571,1.37939,1.37958,1.47,2.40
2011.03.07 09:07:48.680,1.37939,1.37959,1.47,2.40
2011.03.07 09:07:49.560,1.37941,1.37958,1.47,1.65
2011.03.07 09:07:50.110,1.37941,1.37957,1.47,1.65
2011.03.07 09:07:50.220,1.37941,1.37959,1.47,1.65
2011.03.07 09:07:50.329,1.37941,1.37957,1.47,1.65
2011.03.07 09:07:50.882,1.37941,1.37958,1.47,1.65
2011.03.07 09:07:51.210,1.37939,1.37957,1.47,2.40
2011.03.07 09:07:51.539,1.37939,1.37958,1.47,2.40
2011.03.07 09:07:51.825,1.37939,1.37962,1.47,2.40
2011.03.07 09:07:51.932,1.37939,1.37962,1.47,2.40
2011.03.07 09:07:52.269,1.37939,1.37962,1.47,2.40
2011.03.07 09:07:52.489,1.37939,1.37962,1.47,2.40
2011.03.07 09:07:53.003,1.37939,1.37962,1.47,2.40
2011.03.07 09:07:53.120,1.37942,1.37965,1.65,1.50
2011.03.07 09:07:53.342,1.37945,1.37968,1.47,2.40
2011.03.07 09:07:53.450,1.37945,1.37968,1.47,2.40
2011.03.07 09:07:55.761,1.37945,1.37966,1.47,2.40
2011.03.07 09:07:56.090,1.37945,1.37966,1.47,2.40
2011.03.07 09:07:56.639,1.37945,1.37966,1.47,2.40
2011.03.07 09:07:56.970,1.37945,1.37966,1.47,2.40
2011.03.07 09:07:58.780,1.37945,1.37969,1.47,2.40
2011.03.07 09:08:00.321,1.37945,1.37969,1.47,2.40
2011.03.07 09:08:00.540,1.3794,1.37966,3.87,2.40
2011.03.07 09:08:06.160,1.3794,1.37966,3.12,2.40
2011.03.07 09:08:06.672,1.3794,1.37964,1.47,2.40
2011.03.07 09:08:07.000,1.3794,1.37963,1.47,2.40
2011.03.07 09:08:07.110,1.3794,1.37961,1.47,2.40
2011.03.07 09:08:07.439,1.3794,1.37962,1.47,2.40
2011.03.07 09:08:07.770,1.3794,1.37963,1.47,2.40
2011.03.07 09:08:08.321,1.3794,1.37964,1.47,2.40
2011.03.07 09:08:08.870,1.3794,1.37964,1.47,2.40
2011.03.07 09:08:09.421,1.3794,1.37967,1.47,3.15
2011.03.07 09:08:10.131,1.3794,1.37967,1.47,3.15
2011.03.07 09:08:11.262,1.3794,1.37966,1.47,2.40
2011.03.07 09:08:11.809,1.3794,1.37967,1.47,3.15
2011.03.07 09:08:12.142,1.3794,1.37966,3.12,2.40
2011.03.07 09:08:12.469,1.3794,1.37966,3.12,2.40
2011.03.07 09:08:12.660,1.3794,1.37966,3.87,2.40
2011.03.07 09:08:15.534,1.3794,1.37962,2.22,2.40
2011.03.07 09:08:16.530,1.37941,1.37963,1.47,2.40
2011.03.07 09:08:17.190,1.3794,1.37962,2.22,2.40
2011.03.07 09:08:17.740,1.3794,1.37962,1.47,2.40
2011.03.07 09:08:18.072,1.3794,1.37963,1.47,2.40
2011.03.07 09:08:18.410,1.37936,1.37958,1.47,2.40
2011.03.07 09:08:18.744,1.37935,1.37956,1.47,2.40
2011.03.07 09:08:18.973,1.37933,1.37951,1.47,2.40
2011.03.07 09:08:19.311,1.37933,1.37951,1.47,2.40
2011.03.07 09:08:19.419,1.37933,1.37951,1.47,2.40
2011.03.07 09:08:19.860,1.37931,1.3795,1.50,2.40
2011.03.07 09:08:19.972,1.3793,1.3795,1.47,2.40
2011.03.07 09:08:20.602,1.37931,1.3795,1.47,2.40
2011.03.07 09:08:21.039,1.37931,1.37952,1.47,2.40
2011.03.07 09:08:23.435,1.3793,1.37952,1.47,2.40
2011.03.07 09:08:24.100,1.37931,1.37954,1.47,2.40
2011.03.07 09:08:24.319,1.3793,1.37952,1.47,2.40
2011.03.07 09:08:24.430,1.37931,1.37952,1.47,2.40
2011.03.07 09:08:25.839,1.3793,1.37952,1.47,2.40
2011.03.07 09:08:26.781,1.37931,1.37952,1.47,2.40
2011.03.07 09:08:27.584,1.37931,1.37952,1.47,2.40
2011.03.07 09:08:27.810,1.37931,1.37952,1.47,2.40
2011.03.07 09:08:28.054,1.37931,1.37952,1.47,2.40
2011.03.07 09:08:28.631,1.3793,1.37952,1.47,2.40
2011.03.07 09:08:28.960,1.37931,1.37952,1.47,2.40
2011.03.07 09:08:29.580,1.37931,1.37952,1.47,2.40
2011.03.07 09:08:30.139,1.37931,1.37952,1.47,2.40
2011.03.07 09:08:31.190,1.37931,1.37955,1.47,3.15
2011.03.07 09:08:31.652,1.37935,1.37956,1.47,2.40
2011.03.07 09:08:38.269,1.37933,1.37952,1.47,2.40
2011.03.07 09:08:38.379,1.37932,1.37952,2.22,2.40
2011.03.07 09:08:39.861,1.37932,1.37952,1.47,2.40
2011.03.07 09:08:40.301,1.37932,1.37952,1.47,2.40
2011.03.07 09:08:40.799,1.37932,1.37947,1.47,2.40
2011.03.07 09:08:41.432,1.37932,1.37947,1.47,2.40
2011.03.07 09:08:41.540,1.37933,1.37955,1.47,2.40
2011.03.07 09:08:41.763,1.37932,1.37955,1.47,2.40
2011.03.07 09:08:42.321,1.37932,1.3795,1.47,2.40
2011.03.07 09:08:42.650,1.37932,1.37946,1.47,2.40
2011.03.07 09:08:42.762,1.37932,1.37946,1.47,2.40
2011.03.07 09:08:43.091,1.37932,1.37947,1.47,2.40
2011.03.07 09:08:43.310,1.37929,1.37952,1.47,2.40
2011.03.07 09:08:43.530,1.37929,1.37954,1.47,2.40
2011.03.07 09:08:43.640,1.3793,1.37954,1.47,2.40
2011.03.07 09:08:44.190,1.37933,1.37953,1.47,2.40
2011.03.07 09:08:44.300,1.37933,1.37953,1.47,2.40
2011.03.07 09:08:44.520,1.37933,1.37953,1.47,2.40
2011.03.07 09:08:44.824,1.37928,1.37953,1.47,2.55
2011.03.07 09:08:45.060,1.37926,1.37947,2.22,2.40
2011.03.07 09:08:45.173,1.37924,1.37947,1.47,2.40
2011.03.07 09:08:45.780,1.37924,1.37947,2.22,2.40
2011.03.07 09:08:45.889,1.37926,1.37947,1.47,1.65
2011.03.07 09:08:46.110,1.37927,1.37947,1.47,2.40
2011.03.07 09:08:46.332,1.37928,1.37953,1.47,2.40
2011.03.07 09:08:46.443,1.37937,1.37961,1.47,2.40
2011.03.07 09:08:46.890,1.37937,1.37961,1.47,2.48
2011.03.07 09:08:47.621,1.37937,1.37957,1.47,2.40
2011.03.07 09:08:48.240,1.37937,1.37956,1.47,2.40
2011.03.07 09:08:48.787,1.37937,1.37956,1.47,2.40
2011.03.07 09:08:49.141,1.37937,1.37964,3.87,1.65
2011.03.07 09:08:49.365,1.37941,1.37965,1.47,2.55
2011.03.07 09:08:49.702,1.3794,1.37964,1.47,2.40
2011.03.07 09:08:49.813,1.37938,1.3796,1.47,2.40
2011.03.07 09:08:50.922,1.37937,1.3796,1.47,2.40
2011.03.07 09:08:51.469,1.37938,1.37958,1.47,2.40
2011.03.07 09:08:52.630,1.37936,1.37958,1.47,2.40
2011.03.07 09:08:53.170,1.37936,1.37958,1.47,2.40
2011.03.07 09:08:53.721,1.37936,1.3796,1.47,2.55
2011.03.07 09:08:54.042,1.37934,1.37958,1.47,3.30
2011.03.07 09:08:54.152,1.37932,1.37958,2.22,3.30
2011.03.07 09:08:57.321,1.37932,1.37955,2.22,2.40
2011.03.07 09:08:57.430,1.37932,1.37954,1.50,1.50
2011.03.07 09:08:57.649,1.3793,1.37954,1.47,1.50
2011.03.07 09:08:58.031,1.3793,1.37954,1.47,1.58
2011.03.07 09:08:58.358,1.3793,1.37954,1.47,3.23
2011.03.07 09:09:00.379,1.3793,1.37954,1.47,3.23
2011.03.07 09:09:01.193,1.3793,1.37954,1.47,3.23
2011.03.07 09:09:01.556,1.3793,1.37954,1.47,1.58
2011.03.07 09:09:02.181,1.3793,1.37953,1.47,2.40
2011.03.07 09:09:02.510,1.3793,1.37946,1.47,1.65
2011.03.07 09:09:02.620,1.3793,1.37954,1.47,3.23
2011.03.07 09:09:02.730,1.3793,1.37954,1.47,3.23
2011.03.07 09:09:04.841,1.3793,1.37954,1.47,3.30
2011.03.07 09:09:05.170,1.3793,1.37954,1.47,3.15
2011.03.07 09:09:05.830,1.37934,1.37959,1.47,2.55
2011.03.07 09:09:06.159,1.3793,1.37953,1.47,2.40
2011.03.07 09:09:06.491,1.3793,1.37953,1.47,2.40
2011.03.07 09:09:06.994,1.3793,1.37954,1.47,2.40
2011.03.07 09:09:08.281,1.3793,1.37953,1.47,2.40
2011.03.07 09:09:10.470,1.37928,1.37954,1.47,2.40
2011.03.07 09:09:10.689,1.3793,1.37946,1.47,1.65
2011.03.07 09:09:11.239,1.3793,1.37945,1.47,1.65
2011.03.07 09:09:11.842,1.37928,1.37942,1.47,1.65
2011.03.07 09:09:11.950,1.37928,1.37942,1.47,1.65
2011.03.07 09:09:12.411,1.37928,1.37942,1.47,1.65
2011.03.07 09:09:12.520,1.37928,1.37947,1.47,1.65
2011.03.07 09:09:13.230,1.37932,1.37947,1.47,1.65
2011.03.07 09:09:13.344,1.37932,1.37956,1.47,1.50
2011.03.07 09:09:13.932,1.37932,1.37956,1.47,1.50
2011.03.07 09:09:14.701,1.37935,1.37958,1.47,2.40
2011.03.07 09:09:15.253,1.37934,1.37954,1.47,1.50
2011.03.07 09:09:15.591,1.37923,1.37944,1.47,2.40
2011.03.07 09:09:16.142,1.37923,1.37946,1.47,2.40
2011.03.07 09:09:16.363,1.37936,1.37947,2.70,2.40
2011.03.07 09:09:16.702,1.3794,1.37948,2.70,1.65
2011.03.07 09:09:17.140,1.37937,1.37948,2.70,2.40
2011.03.07 09:09:17.361,1.37925,1.37948,2.22,2.40
2011.03.07 09:09:17.472,1.37926,1.37948,1.47,2.40
2011.03.07 09:09:17.666,1.37928,1.37948,1.47,2.40
2011.03.07 09:09:18.002,1.37928,1.37943,1.47,2.40
2011.03.07 09:09:18.585,1.37928,1.37945,1.47,2.40
2011.03.07 09:09:19.121,1.37928,1.37945,1.47,2.40
2011.03.07 09:09:22.335,1.3793,1.37945,1.47,1.65
2011.03.07 09:09:22.564,1.37933,1.37959,2.22,2.40
2011.03.07 09:09:22.903,1.37933,1.37959,2.22,2.40
2011.03.07 09:09:23.130,1.37934,1.37959,1.47,2.40
2011.03.07 09:09:25.801,1.37934,1.37959,1.47,2.40
2011.03.07 09:09:26.130,1.37934,1.3796,1.47,1.65
2011.03.07 09:09:26.635,1.37934,1.3796,1.47,1.50
2011.03.07 09:09:26.977,1.37933,1.37954,1.47,2.40
2011.03.07 09:09:27.205,1.37929,1.37955,3.12,2.40
2011.03.07 09:09:27.649,1.37929,1.37953,2.22,2.40
2011.03.07 09:09:28.420,1.37929,1.37952,1.47,2.40
2011.03.07 09:09:28.642,1.37927,1.37947,1.47,2.40
2011.03.07 09:09:28.754,1.37924,1.37945,1.47,2.40
2011.03.07 09:09:28.984,1.3792,1.3794,1.47,2.40
2011.03.07 09:09:29.102,1.37918,1.3794,1.47,2.40
2011.03.07 09:09:29.211,1.37916,1.37939,2.22,2.40
2011.03.07 09:09:29.651,1.37915,1.37935,1.47,2.40
2011.03.07 09:09:29.764,1.37914,1.37936,1.47,2.40
2011.03.07 09:09:30.500,1.37919,1.37945,1.47,1.50
2011.03.07 09:09:32.020,1.3792,1.37945,1.47,1.50
2011.03.07 09:09:32.340,1.3792,1.37945,1.47,1.50
2011.03.07 09:09:32.672,1.3792,1.37946,1.47,3.15
2011.03.07 09:09:32.890,1.3792,1.37945,1.47,3.15
2011.03.07 09:09:33.439,1.3792,1.3794,1.47,2.40
2011.03.07 09:09:34.143,1.37919,1.3794,1.47,2.40
2011.03.07 09:09:34.701,1.37915,1.37937,1.47,1.65
2011.03.07 09:09:35.198,1.37915,1.37937,1.47,1.65
2011.03.07 09:09:36.251,1.37915,1.37937,1.47,1.65
2011.03.07 09:09:37.068,1.37915,1.37937,1.47,1.65
2011.03.07 09:09:37.711,1.37915,1.37937,1.47,2.40
2011.03.07 09:09:37.930,1.37915,1.37928,1.47,1.65
2011.03.07 09:09:38.151,1.37918,1.37936,2.44,2.40
2011.03.07 09:09:38.263,1.37923,1.37936,3.45,1.65
2011.03.07 09:09:38.384,1.37928,1.3794,1.47,1.50
2011.03.07 09:09:38.504,1.37927,1.37954,1.47,3.00
2011.03.07 09:09:38.730,1.37926,1.37954,1.65,3.00
2011.03.07 09:09:38.841,1.37923,1.37948,3.42,1.50
2011.03.07 09:09:39.172,1.37934,1.37949,1.50,2.40
2011.03.07 09:09:39.565,1.3794,1.37961,2.40,1.69
2011.03.07 09:09:39.685,1.37937,1.37953,1.47,1.65
2011.03.07 09:09:39.803,1.37928,1.37953,2.22,2.40
2011.03.07 09:09:40.029,1.37931,1.37949,1.47,2.40
2011.03.07 09:09:41.050,1.37931,1.37947,1.47,1.65
2011.03.07 09:09:41.270,1.3793,1.37945,1.47,1.65
2011.03.07 09:09:41.380,1.37931,1.37948,1.47,1.65
2011.03.07 09:09:41.929,1.37931,1.37949,1.47,1.65
2011.03.07 09:09:42.481,1.37929,1.37946,1.47,1.65
2011.03.07 09:09:42.590,1.37929,1.37949,1.47,2.40
2011.03.07 09:09:42.701,1.37927,1.37949,1.47,2.40
2011.03.07 09:09:43.030,1.37927,1.37949,1.47,2.40
2011.03.07 09:09:43.362,1.37927,1.37949,1.47,2.40
2011.03.07 09:09:43.693,1.37924,1.37945,1.47,2.40
2011.03.07 09:09:44.032,1.37924,1.37946,1.47,2.40
2011.03.07 09:09:45.170,1.37921,1.37946,1.47,2.40
2011.03.07 09:09:45.963,1.37921,1.37938,1.47,1.65
2011.03.07 09:09:46.472,1.37921,1.37939,1.47,2.40
2011.03.07 09:09:46.700,1.3792,1.37938,1.47,2.40
2011.03.07 09:09:47.141,1.37918,1.37939,2.22,2.40
2011.03.07 09:09:48.131,1.37914,1.37937,1.47,2.40
2011.03.07 09:09:48.792,1.3791,1.37929,1.47,1.65
2011.03.07 09:09:49.121,1.3791,1.37933,1.47,2.40
2011.03.07 09:09:49.451,1.3791,1.37928,1.47,1.65
2011.03.07 09:09:49.944,1.3791,1.37927,1.47,2.40
2011.03.07 09:09:50.067,1.3791,1.37934,1.47,3.15
2011.03.07 09:09:50.513,1.37912,1.37938,3.12,1.69
2011.03.07 09:09:50.850,1.37916,1.37938,1.47,2.59
2011.03.07 09:09:53.070,1.37916,1.37938,1.47,1.65
2011.03.07 09:09:53.182,1.37922,1.37946,1.47,2.40
2011.03.07 09:09:53.730,1.37927,1.37952,2.22,1.50
2011.03.07 09:09:53.949,1.37928,1.37952,1.47,1.50
2011.03.07 09:09:54.721,1.37927,1.37952,2.22,1.50
2011.03.07 09:09:55.830,1.37928,1.37952,1.47,1.50
2011.03.07 09:09:56.271,1.37929,1.37953,1.47,2.40
2011.03.07 09:09:57.450,1.37927,1.37953,3.12,2.40
2011.03.07 09:09:59.760,1.37927,1.37952,2.22,2.40
2011.03.07 09:10:00.093,1.37923,1.37945,1.47,2.40
2011.03.07 09:10:00.215,1.37922,1.37939,1.47,2.40
2011.03.07 09:10:00.331,1.3792,1.37939,1.47,2.40
2011.03.07 09:10:00.443,1.37914,1.37937,1.47,2.40
2011.03.07 09:10:01.099,1.37914,1.37933,1.47,1.65
2011.03.07 09:10:01.542,1.37914,1.37933,1.47,2.40
2011.03.07 09:10:01.953,1.37914,1.37932,1.47,1.65
2011.03.07 09:10:02.072,1.37914,1.37932,1.47,2.40
2011.03.07 09:10:02.731,1.37912,1.37932,1.47,1.65
2011.03.07 09:10:03.172,1.37914,1.37938,3.15,1.50
2011.03.07 09:10:03.720,1.37915,1.37938,1.47,3.15
2011.03.07 09:10:04.052,1.37916,1.3794,1.47,2.25
2011.03.07 09:10:04.271,1.37919,1.37943,1.47,2.40
2011.03.07 09:10:04.381,1.37919,1.37945,3.12,3.15
2011.03.07 09:10:04.601,1.37919,1.37944,1.47,2.40
2011.03.07 09:10:04.933,1.37919,1.37944,1.47,2.40
2011.03.07 09:10:05.270,1.37919,1.37945,1.47,1.50
2011.03.07 09:10:05.599,1.37919,1.37945,3.12,3.15
2011.03.07 09:10:05.931,1.37919,1.37945,3.12,3.15
2011.03.07 09:10:06.151,1.37919,1.37944,1.47,2.40
2011.03.07 09:10:06.480,1.37919,1.37945,1.47,1.50
2011.03.07 09:10:06.700,1.37919,1.37943,1.47,2.40
2011.03.07 09:10:07.030,1.37919,1.37944,1.47,2.40
2011.03.07 09:10:07.250,1.37918,1.37944,1.47,2.40
2011.03.07 09:10:07.831,1.37919,1.37944,1.47,2.40
2011.03.07 09:10:08.423,1.37917,1.37944,1.47,2.40
2011.03.07 09:10:08.532,1.37916,1.3794,3.87,1.50
2011.03.07 09:10:08.641,1.37916,1.3794,1.47,1.50
2011.03.07 09:10:09.079,1.37915,1.3794,1.47,3.15
2011.03.07 09:10:09.411,1.3792,1.37942,1.47,1.50
2011.03.07 09:10:09.962,1.37919,1.37941,1.47,2.40
2011.03.07 09:10:10.291,1.37919,1.37941,1.47,2.40
2011.03.07 09:10:10.874,1.37918,1.37941,1.47,2.40
2011.03.07 09:10:13.334,1.37917,1.37941,1.47,2.40
2011.03.07 09:10:13.810,1.37917,1.37938,1.47,2.40
2011.03.07 09:10:14.731,1.37917,1.37942,1.47,2.40
2011.03.07 09:10:14.949,1.37918,1.37943,1.47,3.15
2011.03.07 09:10:15.693,1.37917,1.37943,1.47,3.15
2011.03.07 09:10:17.080,1.37917,1.37943,1.47,3.15
2011.03.07 09:10:17.519,1.37918,1.37935,1.47,2.40
2011.03.07 09:10:18.070,1.37917,1.37935,1.47,2.40
2011.03.07 09:10:18.840,1.37917,1.37934,1.47,2.40
2011.03.07 09:10:19.519,1.37917,1.37936,1.47,2.40
2011.03.07 09:10:19.914,1.37917,1.37935,2.22,2.40
2011.03.07 09:10:21.498,1.37919,1.37937,1.47,2.40
2011.03.07 09:10:21.610,1.37919,1.37937,1.47,2.40
2011.03.07 09:10:22.159,1.37921,1.37941,1.47,2.40
2011.03.07 09:10:23.191,1.37921,1.37941,1.47,1.65
2011.03.07 09:10:23.301,1.37921,1.37947,1.47,1.50
2011.03.07 09:10:23.740,1.37921,1.37947,1.47,1.50
2011.03.07 09:10:24.180,1.3792,1.37947,2.22,1.50
2011.03.07 09:10:24.620,1.37917,1.37944,1.47,1.50
2011.03.07 09:10:25.169,1.37918,1.37944,1.47,1.50
2011.03.07 09:10:25.389,1.37918,1.37944,1.47,1.50
2011.03.07 09:10:25.721,1.37918,1.37944,1.47,1.50
2011.03.07 09:10:26.039,1.37921,1.37947,2.25,1.50
2011.03.07 09:10:26.152,1.37922,1.37948,1.47,1.50
2011.03.07 09:10:26.261,1.37922,1.37948,1.47,1.50
2011.03.07 09:10:26.810,1.37927,1.37952,1.47,1.50
2011.03.07 09:10:28.311,1.37926,1.37952,1.47,1.50
2011.03.07 09:10:28.530,1.37926,1.37949,1.47,1.50
2011.03.07 09:10:29.080,1.37926,1.37949,1.47,1.50
2011.03.07 09:10:29.191,1.37923,1.37949,1.47,1.50
2011.03.07 09:10:29.740,1.37924,1.37949,1.47,1.50
2011.03.07 09:10:30.923,1.37924,1.37949,1.47,1.50
2011.03.07 09:10:31.480,1.37923,1.37949,1.47,1.50
2011.03.07 09:10:32.141,1.37922,1.37949,1.47,1.50
2011.03.07 09:10:33.244,1.37924,1.37949,1.47,1.50
2011.03.07 09:10:33.361,1.37924,1.37949,1.47,1.50
2011.03.07 09:10:34.099,1.37924,1.37949,1.47,1.50
2011.03.07 09:10:34.429,1.37924,1.37949,1.47,1.50
2011.03.07 09:10:34.669,1.37923,1.37949,1.47,1.50
2011.03.07 09:10:34.889,1.37924,1.37949,1.47,1.50
2011.03.07 09:10:35.259,1.37923,1.37949,1.47,1.50
2011.03.07 09:10:35.700,1.37925,1.37951,1.50,1.50
2011.03.07 09:10:35.921,1.37931,1.37952,2.40,1.50
2011.03.07 09:10:36.338,1.37928,1.3795,1.47,1.50
2011.03.07 09:10:36.780,1.37924,1.3795,1.47,1.50
2011.03.07 09:10:37.223,1.37923,1.3795,1.47,1.50
2011.03.07 09:10:37.560,1.37925,1.3795,1.47,1.50
2011.03.07 09:10:38.111,1.37924,1.3795,1.47,1.50
2011.03.07 09:10:38.334,1.37924,1.3795,1.47,1.50
2011.03.07 09:10:38.779,1.37924,1.3795,1.47,1.50
2011.03.07 09:10:39.971,1.37925,1.3795,1.47,1.50
2011.03.07 09:10:41.060,1.37928,1.3795,1.65,1.50
2011.03.07 09:10:41.901,1.37928,1.3795,2.40,1.50
2011.03.07 09:10:42.120,1.37931,1.3795,1.65,1.50
2011.03.07 09:10:42.467,1.37931,1.37953,1.65,1.50
2011.03.07 09:10:42.692,1.3793,1.37953,1.65,1.50
2011.03.07 09:10:43.473,1.3793,1.37953,1.65,1.50
2011.03.07 09:10:43.830,1.3793,1.37953,1.65,1.50
2011.03.07 09:10:44.380,1.3793,1.37953,1.65,1.50
2011.03.07 09:10:44.950,1.3793,1.37953,1.65,1.50
2011.03.07 09:10:45.499,1.37931,1.37953,1.65,1.50
2011.03.07 09:10:48.659,1.37931,1.37953,1.65,1.50
2011.03.07 09:10:48.991,1.37931,1.37953,1.65,1.50
2011.03.07 09:10:49.101,1.37929,1.37953,1.47,1.50
2011.03.07 09:10:49.602,1.3793,1.37953,1.65,1.50
2011.03.07 09:10:49.714,1.3793,1.37953,3.15,1.50
2011.03.07 09:10:49.943,1.37938,1.37953,1.65,1.50
2011.03.07 09:10:50.170,1.3793,1.37953,1.65,1.50
2011.03.07 09:10:50.612,1.3793,1.37953,3.15,1.50
2011.03.07 09:10:50.939,1.37934,1.37959,1.47,1.50
2011.03.07 09:10:52.422,1.37935,1.37959,3.12,1.50
2011.03.07 09:10:52.530,1.37937,1.37964,1.47,1.50
2011.03.07 09:10:52.973,1.37938,1.37964,2.22,1.50
2011.03.07 09:10:53.532,1.37942,1.37964,1.65,1.50
2011.03.07 09:10:53.860,1.37942,1.37968,2.37,1.50
2011.03.07 09:10:55.991,1.37942,1.37968,2.37,1.50
2011.03.07 09:10:56.323,1.3795,1.37968,1.65,1.50
2011.03.07 09:10:56.441,1.3795,1.37968,1.65,1.50
2011.03.07 09:10:56.662,1.37953,1.37973,1.65,1.50
2011.03.07 09:10:56.881,1.37953,1.37973,1.65,1.50
2011.03.07 09:10:57.322,1.37952,1.37976,2.37,1.50
2011.03.07 09:10:57.761,1.37948,1.37975,2.40,1.50
2011.03.07 09:10:57.872,1.37948,1.37975,1.65,1.50
2011.03.07 09:10:58.421,1.37949,1.37975,1.65,1.50
2011.03.07 09:10:58.966,1.3795,1.37975,1.65,1.50
2011.03.07 09:10:59.191,1.37953,1.37975,1.65,1.50
2011.03.07 09:10:59.300,1.37953,1.37975,1.65,1.50
2011.03.07 09:10:59.850,1.37952,1.37975,1.65,1.50
2011.03.07 09:11:00.401,1.37948,1.37975,1.47,1.50
2011.03.07 09:11:00.512,1.37947,1.37975,3.12,1.50
2011.03.07 09:11:00.840,1.37947,1.37975,1.47,3.15
2011.03.07 09:11:01.282,1.37947,1.37975,1.47,3.15
2011.03.07 09:11:01.500,1.37947,1.37975,2.22,3.15
2011.03.07 09:11:01.722,1.37952,1.37975,1.65,1.50
2011.03.07 09:11:02.271,1.37955,1.37975,1.65,1.50
2011.03.07 09:11:02.821,1.37955,1.37978,1.65,1.50
2011.03.07 09:11:02.930,1.37953,1.37978,1.65,1.50
2011.03.07 09:11:03.474,1.37954,1.37978,1.65,1.50
2011.03.07 09:11:04.142,1.37956,1.37978,1.65,1.50
2011.03.07 09:11:04.913,1.37957,1.37979,1.47,1.50
2011.03.07 09:11:05.140,1.37955,1.37982,3.12,1.50
2011.03.07 09:11:05.361,1.37957,1.37982,1.47,1.50
2011.03.07 09:11:05.691,1.37957,1.37982,2.37,1.50
2011.03.07 09:11:05.801,1.37955,1.3798,2.40,1.50
2011.03.07 09:11:05.912,1.37956,1.3798,1.32,1.50
2011.03.07 09:11:06.025,1.37961,1.37981,1.65,1.50
2011.03.07 09:11:06.580,1.37962,1.37986,1.65,1.50
2011.03.07 09:11:06.690,1.37962,1.37986,1.65,1.50
2011.03.07 09:11:06.800,1.37958,1.37986,3.12,3.15
2011.03.07 09:11:06.911,1.37958,1.37986,2.37,3.15
2011.03.07 09:11:07.493,1.37956,1.37979,1.47,2.40
2011.03.07 09:11:08.051,1.37956,1.37979,1.47,2.40
2011.03.07 09:11:08.495,1.37956,1.37981,1.47,2.40
2011.03.07 09:11:08.721,1.3796,1.37987,1.47,2.40
2011.03.07 09:11:08.940,1.37959,1.37985,1.47,2.40
2011.03.07 09:11:09.163,1.37956,1.37984,1.47,1.50
2011.03.07 09:11:09.721,1.37957,1.37982,1.47,2.40
2011.03.07 09:11:10.271,1.37957,1.37984,1.47,1.58
2011.03.07 09:11:10.382,1.37957,1.37983,1.47,2.40
2011.03.07 09:11:10.711,1.37957,1.37975,1.47,2.40
2011.03.07 09:11:11.261,1.37957,1.37976,1.47,2.40
2011.03.07 09:11:12.261,1.37957,1.37982,1.47,2.40
2011.03.07 09:11:12.810,1.37957,1.37982,1.47,2.55
2011.03.07 09:11:13.361,1.3796,1.37982,1.47,2.40
2011.03.07 09:11:13.911,1.3796,1.37984,1.47,2.40
2011.03.07 09:11:14.900,1.3796,1.37982,1.47,2.48
2011.03.07 09:11:15.230,1.37955,1.37982,1.47,2.55
2011.03.07 09:11:15.561,1.37953,1.37977,1.47,2.40
2011.03.07 09:11:15.672,1.37954,1.3798,2.37,1.58
2011.03.07 09:11:16.111,1.37953,1.37973,1.47,2.40
2011.03.07 09:11:16.397,1.37953,1.37972,1.47,2.40
2011.03.07 09:11:16.512,1.37949,1.37975,2.37,1.50
2011.03.07 09:11:16.622,1.37949,1.37973,2.37,1.50
2011.03.07 09:11:17.172,1.37947,1.37973,1.47,1.50
2011.03.07 09:11:17.281,1.37949,1.37973,2.37,1.50
2011.03.07 09:11:17.392,1.37949,1.37973,3.12,1.50
2011.03.07 09:11:17.721,1.37951,1.37978,3.12,1.50
2011.03.07 09:11:18.381,1.37951,1.37977,1.47,2.40
2011.03.07 09:11:18.932,1.37951,1.37976,1.47,2.40
2011.03.07 09:11:19.371,1.37951,1.37976,1.47,2.40
2011.03.07 09:11:19.591,1.37947,1.37973,1.47,2.40
2011.03.07 09:11:19.921,1.37947,1.37972,1.47,2.40
2011.03.07 09:11:20.140,1.37947,1.37972,1.47,2.40
2011.03.07 09:11:20.560,1.37947,1.37972,1.47,2.40
2011.03.07 09:11:20.782,1.37947,1.37972,1.47,2.40
2011.03.07 09:11:21.361,1.37947,1.37972,1.47,2.40
2011.03.07 09:11:22.713,1.37947,1.3797,1.47,2.40
2011.03.07 09:11:22.830,1.37947,1.37973,1.47,2.40
2011.03.07 09:11:23.380,1.37942,1.3797,1.47,3.15
2011.03.07 09:11:23.600,1.37942,1.37965,1.47,2.40
2011.03.07 09:11:23.711,1.37938,1.37963,3.42,3.15
2011.03.07 09:11:23.931,1.37935,1.37961,1.47,2.40
2011.03.07 09:11:24.040,1.37939,1.37963,1.65,1.50
2011.03.07 09:11:24.606,1.37937,1.37963,1.65,1.50
2011.03.07 09:11:25.049,1.37937,1.3796,1.65,1.50
2011.03.07 09:11:25.271,1.37937,1.3796,1.65,1.50
2011.03.07 09:11:25.821,1.37936,1.3796,2.40,1.50
2011.03.07 09:11:26.041,1.37937,1.3796,2.40,1.50
2011.03.07 09:11:26.480,1.3794,1.37965,2.37,1.50
2011.03.07 09:11:27.170,1.37941,1.37965,2.37,1.50
2011.03.07 09:11:27.969,1.37942,1.37965,1.65,1.50
2011.03.07 09:11:28.429,1.37942,1.37965,1.65,1.50
2011.03.07 09:11:28.981,1.37942,1.37965,2.40,1.50
2011.03.07 09:11:29.201,1.37942,1.37965,2.40,1.50
2011.03.07 09:11:29.640,1.37944,1.37965,2.40,1.50
2011.03.07 09:11:30.215,1.37942,1.37965,2.40,1.50
2011.03.07 09:11:30.551,1.37944,1.37965,1.65,1.50
2011.03.07 09:11:30.882,1.37944,1.37965,1.65,1.50
2011.03.07 09:11:31.103,1.37942,1.37965,1.65,1.50
2011.03.07 09:11:31.651,1.3794,1.37963,1.47,2.40
2011.03.07 09:11:31.869,1.37941,1.37965,3.12,1.50
2011.03.07 09:11:32.533,1.37942,1.37965,2.40,1.50
2011.03.07 09:11:33.200,1.37942,1.37965,1.65,1.50
2011.03.07 09:11:33.640,1.37942,1.37965,2.40,1.50
2011.03.07 09:11:34.191,1.37941,1.37965,1.47,1.50
2011.03.07 09:11:35.170,1.3794,1.37965,1.47,1.50
2011.03.07 09:11:36.050,1.3794,1.37965,3.12,1.50
2011.03.07 09:11:37.039,1.3794,1.37965,2.37,1.50
2011.03.07 09:11:38.273,1.37935,1.3796,1.65,1.50
2011.03.07 09:11:38.493,1.37929,1.37956,1.54,2.40
2011.03.07 09:11:38.941,1.37931,1.37955,3.12,1.50
2011.03.07 09:11:39.490,1.3793,1.37955,1.47,3.15
2011.03.07 09:11:39.797,1.37931,1.37952,1.47,2.40
2011.03.07 09:11:40.024,1.3793,1.37956,2.40,3.15
2011.03.07 09:11:40.255,1.37933,1.37959,1.65,1.50
2011.03.07 09:11:40.482,1.37936,1.37959,1.65,1.50
2011.03.07 09:11:40.812,1.37939,1.37963,1.65,1.50
2011.03.07 09:11:40.920,1.37937,1.37963,1.47,1.50
2011.03.07 09:11:41.033,1.37939,1.37967,1.65,1.50
2011.03.07 09:11:41.141,1.37936,1.37967,3.87,1.50
2011.03.07 09:11:41.251,1.3794,1.37966,1.47,1.50
2011.03.07 09:11:41.361,1.3794,1.37966,1.47,1.50
2011.03.07 09:11:41.800,1.3794,1.37966,1.47,1.50
2011.03.07 09:11:42.024,1.37942,1.37966,1.09,1.50
2011.03.07 09:11:42.143,1.37945,1.37972,2.03,2.25
2011.03.07 09:11:42.250,1.37945,1.37972,2.37,2.25
2011.03.07 09:11:42.470,1.37945,1.37971,2.37,1.50
2011.03.07 09:11:42.801,1.37945,1.37971,3.12,1.50
2011.03.07 09:11:43.301,1.37943,1.37971,3.12,2.25
2011.03.07 09:11:43.416,1.37943,1.37968,1.47,2.40
2011.03.07 09:11:43.531,1.37943,1.37968,1.47,2.40
2011.03.07 09:11:43.973,1.37944,1.37966,1.47,1.65
2011.03.07 09:11:44.203,1.3794,1.37966,1.47,1.50
2011.03.07 09:11:44.762,1.37941,1.37966,2.37,1.50
2011.03.07 09:11:45.312,1.37942,1.3797,3.87,1.50
2011.03.07 09:11:45.641,1.37944,1.3797,2.37,1.50
2011.03.07 09:11:45.754,1.37947,1.3797,1.50,1.50
2011.03.07 09:11:45.982,1.37957,1.37975,1.47,1.50
2011.03.07 09:11:46.636,1.37958,1.37977,1.47,2.40
2011.03.07 09:11:47.412,1.37958,1.37982,1.47,3.15
2011.03.07 09:11:47.959,1.37958,1.37982,1.47,3.15
2011.03.07 09:11:48.629,1.37958,1.37982,1.47,3.15
2011.03.07 09:11:50.760,1.37958,1.37982,1.47,1.50
2011.03.07 09:11:50.983,1.37958,1.37975,1.47,1.65
2011.03.07 09:11:51.200,1.37958,1.37982,1.47,3.15
2011.03.07 09:11:51.891,1.37958,1.37982,2.41,3.15
2011.03.07 09:11:52.001,1.37965,1.37982,1.47,1.65
2011.03.07 09:11:52.222,1.37974,1.37992,1.65,1.50
2011.03.07 09:11:52.332,1.37972,1.37995,1.65,1.50
2011.03.07 09:11:52.723,1.37972,1.37995,1.47,2.40
2011.03.07 09:11:53.060,1.37973,1.37998,2.40,1.50
2011.03.07 09:11:53.611,1.37973,1.37998,2.40,1.50
2011.03.07 09:11:53.942,1.37966,1.37993,2.22,2.40
2011.03.07 09:11:54.270,1.37966,1.37993,1.47,2.40
2011.03.07 09:11:54.490,1.37964,1.3799,1.47,1.50
2011.03.07 09:11:55.589,1.37962,1.37986,1.66,1.50
2011.03.07 09:11:55.812,1.37962,1.37986,1.47,1.50
2011.03.07 09:11:56.030,1.37962,1.37986,3.87,1.50
2011.03.07 09:11:56.799,1.37964,1.3799,1.47,1.50
2011.03.07 09:11:57.880,1.37964,1.3799,1.47,1.50
2011.03.07 09:11:58.374,1.37966,1.37993,2.22,3.15
2011.03.07 09:11:58.490,1.37966,1.37993,2.22,3.15
2011.03.07 09:12:01.992,1.37968,1.37993,1.47,1.50
2011.03.07 09:12:02.653,1.37965,1.37989,3.12,1.50
2011.03.07 09:12:02.760,1.37965,1.37989,3.12,1.50
2011.03.07 09:12:03.529,1.37959,1.37985,3.12,1.50
2011.03.07 09:12:03.991,1.37959,1.37985,3.12,1.50
2011.03.07 09:12:04.211,1.37959,1.37984,1.47,2.40
2011.03.07 09:12:04.429,1.37962,1.37982,1.65,1.50
2011.03.07 09:12:04.760,1.37962,1.37986,2.40,1.50
2011.03.07 09:12:05.311,1.37961,1.37986,3.12,1.50
2011.03.07 09:12:05.422,1.37961,1.37983,1.47,2.40
2011.03.07 09:12:06.804,1.37958,1.37981,1.47,3.15
2011.03.07 09:12:07.359,1.37959,1.37981,1.47,1.50
2011.03.07 09:12:08.120,1.37959,1.37981,1.47,1.50
2011.03.07 09:12:08.779,1.37958,1.37982,1.47,3.15
2011.03.07 09:12:09.330,1.37959,1.37981,1.47,2.40
2011.03.07 09:12:09.550,1.37958,1.37982,1.47,3.15
2011.03.07 09:12:10.099,1.37959,1.37981,1.47,2.25
2011.03.07 09:12:10.650,1.37958,1.37979,1.47,2.25
2011.03.07 09:12:10.980,1.37959,1.37979,1.47,2.25
2011.03.07 09:12:11.531,1.37959,1.37979,1.47,2.25
2011.03.07 09:12:12.697,1.37959,1.37979,1.47,2.25
2011.03.07 09:12:12.985,1.37955,1.37978,2.40,2.25
2011.03.07 09:12:13.542,1.37954,1.3798,1.47,2.25
2011.03.07 09:12:14.421,1.37958,1.3798,3.12,2.25
2011.03.07 09:12:14.640,1.3796,1.3798,2.40,1.50
2011.03.07 09:12:15.082,1.37957,1.3798,2.37,2.25
2011.03.07 09:12:16.481,1.37958,1.3798,1.47,2.25
2011.03.07 09:12:16.920,1.37958,1.3798,1.47,1.50
2011.03.07 09:12:17.690,1.37958,1.37981,3.12,2.25
2011.03.07 09:12:18.129,1.37958,1.37981,1.47,2.25
2011.03.07 09:12:18.684,1.37959,1.37981,1.50,1.50
2011.03.07 09:12:18.913,1.37966,1.37986,2.40,1.50
2011.03.07 09:12:19.855,1.37966,1.37987,3.12,2.25
2011.03.07 09:12:20.192,1.37968,1.3799,1.47,2.25
2011.03.07 09:12:20.300,1.37968,1.37988,1.47,1.50
2011.03.07 09:12:20.411,1.37969,1.37991,1.47,2.40
2011.03.07 09:12:20.631,1.37972,1.37993,1.47,2.40
2011.03.07 09:12:24.122,1.37974,1.37999,2.22,2.40
2011.03.07 09:12:25.001,1.37974,1.37999,2.22,2.40
2011.03.07 09:12:25.950,1.37975,1.37999,1.47,2.40
2011.03.07 09:12:26.391,1.37974,1.37999,1.47,2.48
2011.03.07 09:12:26.721,1.37971,1.37996,1.47,2.40
2011.03.07 09:12:29.490,1.37971,1.37996,1.47,2.40
2011.03.07 09:12:30.040,1.37967,1.37994,3.12,1.50
2011.03.07 09:12:30.151,1.37967,1.37994,3.12,1.50
2011.03.07 09:12:30.701,1.37967,1.37994,1.47,1.50
2011.03.07 09:12:31.031,1.3797,1.37995,1.47,3.15
2011.03.07 09:12:36.860,1.37969,1.37994,2.37,1.50
2011.03.07 09:12:37.299,1.3797,1.3799,1.47,2.40
2011.03.07 09:12:38.460,1.37967,1.3799,2.22,2.40
2011.03.07 09:12:39.072,1.37968,1.37989,1.47,2.40
2011.03.07 09:12:39.701,1.37967,1.37989,2.22,2.40
2011.03.07 09:12:41.011,1.37969,1.37989,1.47,2.40
2011.03.07 09:12:41.590,1.37969,1.37989,1.47,2.40
2011.03.07 09:12:41.919,1.37967,1.37989,2.22,2.40
2011.03.07 09:12:42.983,1.37967,1.37989,1.47,2.40
2011.03.07 09:12:43.090,1.37967,1.37989,1.47,2.40
2011.03.07 09:12:44.370,1.37967,1.37988,1.47,2.40
2011.03.07 09:12:45.049,1.37967,1.37988,2.22,2.40
2011.03.07 09:12:45.600,1.37967,1.3799,1.47,2.40
2011.03.07 09:12:45.711,1.37968,1.3799,1.47,2.40
2011.03.07 09:12:46.152,1.37967,1.37993,1.47,2.40
2011.03.07 09:12:46.481,1.37965,1.3799,2.37,1.58
2011.03.07 09:12:46.702,1.37968,1.3799,1.65,1.50
2011.03.07 09:12:46.811,1.37964,1.37988,1.47,2.40
2011.03.07 09:12:46.923,1.37964,1.37988,2.22,2.40
2011.03.07 09:12:47.440,1.37964,1.3799,1.47,3.15
2011.03.07 09:12:48.325,1.37964,1.3799,1.47,3.15
2011.03.07 09:12:53.001,1.37966,1.3799,1.47,1.50
2011.03.07 09:12:53.220,1.37964,1.37989,1.47,2.40
2011.03.07 09:12:55.900,1.37964,1.37989,1.47,2.40
2011.03.07 09:12:56.231,1.37964,1.3799,1.47,3.15
2011.03.07 09:12:57.100,1.37961,1.37987,1.47,1.50
2011.03.07 09:12:57.981,1.37961,1.37987,1.47,3.15
2011.03.07 09:12:58.640,1.3796,1.37987,1.47,1.50
2011.03.07 09:12:58.860,1.37961,1.37987,1.47,3.15
2011.03.07 09:12:59.300,1.3796,1.37987,1.47,3.15
2011.03.07 09:12:59.851,1.3796,1.37987,1.47,3.15
2011.03.07 09:13:00.401,1.37961,1.37987,1.47,1.50
2011.03.07 09:13:00.950,1.3796,1.37987,3.12,1.50
2011.03.07 09:13:01.280,1.37961,1.37987,1.47,1.50
2011.03.07 09:13:01.830,1.37961,1.37987,1.47,1.50
2011.03.07 09:13:02.050,1.3796,1.37987,1.47,1.50
2011.03.07 09:13:02.271,1.3796,1.37987,1.47,1.50
2011.03.07 09:13:02.917,1.37961,1.37987,1.47,1.50
2011.03.07 09:13:03.251,1.37959,1.37987,2.22,1.50
2011.03.07 09:13:03.800,1.3796,1.37987,1.47,1.50
2011.03.07 09:13:04.461,1.3796,1.37987,1.47,1.50
2011.03.07 09:13:04.684,1.37959,1.37987,3.87,1.50
2011.03.07 09:13:05.130,1.37961,1.37987,1.47,1.50
2011.03.07 09:13:05.682,1.37959,1.37987,3.87,1.50
2011.03.07 09:13:06.010,1.3796,1.37987,1.47,1.50
2011.03.07 09:13:07.662,1.37959,1.37987,2.22,3.15
2011.03.07 09:13:07.991,1.37959,1.37987,2.22,3.15
2011.03.07 09:13:08.210,1.37961,1.37987,1.47,1.50
2011.03.07 09:13:08.342,1.37959,1.37987,3.87,1.50
2011.03.07 09:13:08.911,1.37959,1.37987,2.22,3.15
2011.03.07 09:13:09.461,1.3796,1.37987,1.47,1.50
2011.03.07 09:13:10.010,1.3796,1.37987,1.47,1.50
2011.03.07 09:13:10.449,1.3796,1.37986,1.47,2.40
2011.03.07 09:13:10.670,1.37961,1.37986,1.47,2.40
2011.03.07 09:13:11.219,1.37959,1.37987,2.22,3.15
2011.03.07 09:13:12.411,1.3796,1.37987,1.47,3.15
2011.03.07 09:13:13.032,1.37961,1.37987,1.47,3.15
2011.03.07 09:13:15.381,1.37961,1.37987,1.47,3.15
2011.03.07 09:13:15.922,1.3796,1.37987,1.47,1.50
2011.03.07 09:13:16.558,1.37961,1.37987,1.47,1.50
2011.03.07 09:13:20.381,1.37959,1.37979,2.22,2.40
2011.03.07 09:13:20.929,1.37957,1.37979,1.47,2.40
2011.03.07 09:13:28.352,1.37956,1.37979,2.22,2.40
2011.03.07 09:13:28.680,1.37955,1.37973,1.47,1.65
2011.03.07 09:13:29.290,1.37955,1.37973,1.47,1.65
2011.03.07 09:13:31.363,1.37955,1.37973,1.47,1.65
2011.03.07 09:13:31.690,1.37955,1.37971,1.47,1.50
2011.03.07 09:13:32.203,1.37955,1.37972,1.47,1.50
2011.03.07 09:13:32.750,1.37955,1.37973,1.47,2.40
2011.03.07 09:13:33.740,1.37955,1.37973,1.47,1.65
2011.03.07 09:13:34.324,1.37955,1.37979,1.47,3.15
2011.03.07 09:13:34.882,1.37955,1.37979,1.47,3.15
2011.03.07 09:13:35.431,1.37958,1.37982,1.47,1.50
2011.03.07 09:13:35.984,1.37958,1.37982,1.47,1.50
2011.03.07 09:13:36.542,1.37958,1.37982,1.47,1.50
2011.03.07 09:13:36.870,1.37958,1.37978,1.47,2.40
2011.03.07 09:13:37.202,1.37956,1.37978,1.47,2.40
2011.03.07 09:13:37.530,1.37954,1.37976,1.47,2.40
2011.03.07 09:13:38.042,1.37954,1.37977,1.47,2.40
2011.03.07 09:13:38.701,1.37954,1.37977,1.47,2.40
2011.03.07 09:13:39.031,1.37954,1.37977,1.47,2.40
2011.03.07 09:13:39.580,1.37954,1.37976,1.47,2.40
2011.03.07 09:13:39.912,1.37954,1.37971,1.47,1.65
2011.03.07 09:13:40.131,1.37954,1.37978,1.47,2.40
2011.03.07 09:13:40.791,1.37954,1.37972,1.47,1.65
2011.03.07 09:13:41.012,1.37954,1.37974,1.47,1.65
2011.03.07 09:13:41.122,1.37954,1.37971,1.47,1.65
2011.03.07 09:13:41.561,1.37952,1.37977,1.47,1.50
2011.03.07 09:13:41.670,1.37952,1.37976,1.47,1.50
2011.03.07 09:13:42.110,1.37952,1.37971,1.47,1.65
2011.03.07 09:13:42.661,1.37952,1.37971,1.47,1.65
2011.03.07 09:13:43.068,1.37952,1.37971,1.47,1.65
2011.03.07 09:13:43.623,1.37952,1.37976,1.47,1.50
2011.03.07 09:13:43.841,1.37952,1.37976,1.47,1.50
2011.03.07 09:13:44.990,1.37951,1.37973,1.47,2.40
2011.03.07 09:13:46.100,1.37951,1.37973,1.47,2.40
2011.03.07 09:13:46.650,1.37952,1.37973,1.47,2.40
2011.03.07 09:13:54.007,1.37947,1.37969,1.47,1.65
2011.03.07 09:13:54.232,1.37947,1.37969,1.47,2.40
2011.03.07 09:13:54.341,1.37947,1.37967,1.47,1.65
2011.03.07 09:13:54.891,1.37947,1.37967,1.47,1.65
2011.03.07 09:13:55.002,1.37947,1.37964,1.47,1.65
2011.03.07 09:13:55.678,1.37947,1.37967,1.47,1.65
2011.03.07 09:13:58.090,1.37947,1.3797,1.47,2.40
2011.03.07 09:13:58.861,1.37947,1.37972,1.47,2.40
2011.03.07 09:13:59.410,1.37947,1.37967,1.47,1.65
2011.03.07 09:14:01.270,1.37947,1.37967,1.47,1.65
2011.03.07 09:14:03.841,1.37947,1.37967,1.47,1.65
2011.03.07 09:14:03.950,1.37947,1.37971,1.47,2.40
2011.03.07 09:14:04.061,1.37947,1.37971,1.47,1.65
2011.03.07 09:14:04.614,1.37947,1.37973,1.47,3.15
2011.03.07 09:14:05.172,1.37947,1.37973,1.47,3.15
2011.03.07 09:14:05.941,1.37947,1.37973,1.47,1.50
2011.03.07 09:14:06.381,1.37947,1.37973,1.47,1.50
2011.03.07 09:14:06.601,1.37952,1.37976,1.47,1.50
2011.03.07 09:14:07.079,1.37954,1.37975,1.47,2.40
2011.03.07 09:14:07.193,1.37954,1.37975,1.47,2.40
2011.03.07 09:14:07.421,1.37952,1.37974,1.47,2.40
2011.03.07 09:14:08.194,1.37947,1.37971,1.47,1.65
2011.03.07 09:14:08.531,1.37947,1.37972,1.47,2.40
2011.03.07 09:14:08.751,1.37947,1.37972,1.47,2.40
2011.03.07 09:14:09.081,1.37947,1.37971,1.47,1.65
2011.03.07 09:14:10.081,1.37954,1.37975,1.47,2.40
2011.03.07 09:14:10.190,1.37954,1.37975,1.47,2.40
2011.03.07 09:14:10.411,1.37954,1.37976,1.47,2.40
2011.03.07 09:14:10.631,1.37954,1.37978,1.47,3.15
2011.03.07 09:14:11.157,1.37954,1.37977,1.47,2.40
2011.03.07 09:14:11.273,1.37954,1.37977,1.47,2.40
2011.03.07 09:14:11.611,1.37954,1.37978,1.47,3.15
2011.03.07 09:14:12.712,1.37954,1.37977,1.47,2.40
2011.03.07 09:14:13.042,1.37954,1.37975,1.47,2.40
2011.03.07 09:14:13.921,1.3795,1.37973,1.47,1.65
2011.03.07 09:14:14.030,1.3795,1.37973,1.47,2.40
2011.03.07 09:14:16.383,1.37948,1.37971,1.47,1.65
2011.03.07 09:14:16.742,1.37948,1.37972,1.47,3.15
2011.03.07 09:14:17.181,1.37948,1.37972,1.47,3.15
2011.03.07 09:14:17.510,1.37948,1.37972,1.47,3.15
2011.03.07 09:14:17.840,1.37948,1.37972,1.47,3.15
2011.03.07 09:14:18.861,1.37948,1.37972,1.47,3.15
2011.03.07 09:14:19.190,1.37948,1.37971,1.47,2.40
2011.03.07 09:14:19.740,1.37948,1.37971,1.47,2.40
2011.03.07 09:14:20.072,1.37943,1.37969,1.47,1.50
2011.03.07 09:14:20.184,1.37937,1.37963,1.47,1.50
2011.03.07 09:14:20.302,1.37937,1.37963,1.47,1.50
2011.03.07 09:14:20.521,1.37935,1.37961,1.47,1.50
2011.03.07 09:14:20.961,1.3794,1.37962,2.40,1.50
2011.03.07 09:14:22.663,1.37941,1.37962,2.40,1.50
2011.03.07 09:14:23.004,1.37939,1.37962,3.12,1.50
2011.03.07 09:14:23.562,1.37941,1.37962,2.40,1.50
2011.03.07 09:14:23.890,1.37939,1.37962,3.12,1.50
2011.03.07 09:14:24.223,1.37939,1.37962,3.12,1.50
2011.03.07 09:14:24.779,1.37939,1.37962,3.12,1.50
2011.03.07 09:14:25.332,1.37939,1.37962,2.37,1.50
2011.03.07 09:14:25.553,1.37936,1.37962,2.40,2.40
2011.03.07 09:14:25.660,1.37935,1.37963,3.12,3.15
2011.03.07 09:14:26.209,1.37935,1.37963,3.12,3.15
2011.03.07 09:14:26.673,1.37938,1.37963,2.40,1.50
2011.03.07 09:14:26.894,1.37938,1.37963,2.40,1.50
2011.03.07 09:14:27.342,1.37941,1.37963,2.40,1.50
2011.03.07 09:14:28.286,1.37937,1.3796,2.40,1.50
2011.03.07 09:14:28.404,1.37937,1.3796,2.40,1.50
2011.03.07 09:14:28.961,1.37937,1.3796,2.40,1.50
2011.03.07 09:14:29.672,1.37935,1.3796,2.40,1.50
2011.03.07 09:14:29.891,1.37935,1.37957,2.40,2.25
2011.03.07 09:14:30.331,1.37935,1.37957,2.40,2.25
2011.03.07 09:14:30.882,1.37935,1.37957,2.40,1.50
2011.03.07 09:14:30.990,1.37937,1.37957,2.40,2.25
2011.03.07 09:14:31.321,1.37937,1.37957,2.40,2.25
2011.03.07 09:14:31.762,1.37936,1.37957,2.40,1.50
2011.03.07 09:14:35.072,1.37935,1.37956,2.40,1.50
2011.03.07 09:14:35.292,1.37936,1.37957,2.40,1.50
2011.03.07 09:14:35.841,1.37935,1.37957,2.40,1.50
2011.03.07 09:14:36.282,1.37935,1.37957,2.40,1.50
2011.03.07 09:14:36.392,1.37935,1.37957,2.40,1.50
2011.03.07 09:14:36.722,1.37935,1.37957,2.40,1.50
2011.03.07 09:14:37.661,1.37936,1.37957,2.40,1.50
2011.03.07 09:14:38.872,1.37936,1.37957,2.40,1.50
2011.03.07 09:14:38.982,1.37935,1.37957,2.40,1.50
2011.03.07 09:14:40.301,1.37932,1.37957,2.40,1.50
2011.03.07 09:14:40.850,1.37932,1.37957,2.40,1.50
2011.03.07 09:14:41.527,1.37932,1.37957,2.40,1.50
2011.03.07 09:14:41.751,1.37936,1.37957,2.40,1.50
2011.03.07 09:14:42.852,1.37935,1.37957,2.40,1.50
2011.03.07 09:14:43.621,1.37935,1.37957,2.40,1.50
2011.03.07 09:14:44.944,1.37935,1.37957,2.40,1.50
2011.03.07 09:14:45.899,1.37935,1.37957,2.40,1.50
2011.03.07 09:14:47.559,1.37935,1.37957,2.40,1.50
2011.03.07 09:14:48.093,1.37935,1.37957,2.40,1.50
2011.03.07 09:14:48.471,1.37935,1.37957,2.40,1.50
2011.03.07 09:14:49.600,1.37931,1.37957,2.59,1.50
2011.03.07 09:14:49.822,1.37931,1.37957,2.40,2.25
2011.03.07 09:14:50.041,1.3793,1.37955,1.47,3.15
2011.03.07 09:14:50.812,1.3793,1.37954,1.47,2.40
2011.03.07 09:14:51.592,1.3793,1.37954,1.47,2.40
2011.03.07 09:14:52.080,1.3793,1.37954,1.47,3.15
2011.03.07 09:14:52.303,1.3793,1.37954,1.47,3.15
2011.03.07 09:14:52.522,1.3793,1.3795,1.47,1.65
2011.03.07 09:14:52.742,1.3793,1.37957,1.47,1.50
2011.03.07 09:14:52.962,1.3793,1.3795,1.47,1.65
2011.03.07 09:14:53.510,1.3793,1.3795,1.47,1.65
2011.03.07 09:14:53.840,1.3793,1.3795,1.47,1.65
2011.03.07 09:14:54.390,1.3793,1.3795,1.47,1.65
2011.03.07 09:14:55.131,1.3793,1.37949,1.47,1.65
2011.03.07 09:14:55.464,1.37935,1.37956,1.47,1.65
2011.03.07 09:14:55.690,1.37935,1.37958,1.47,1.65
2011.03.07 09:14:56.130,1.37935,1.37959,1.47,2.40
2011.03.07 09:14:56.351,1.37935,1.37959,1.47,2.40
2011.03.07 09:14:57.760,1.37935,1.37959,1.47,2.40
2011.03.07 09:14:57.982,1.37932,1.37958,1.50,2.48
2011.03.07 09:14:58.312,1.3793,1.37957,1.47,3.15
2011.03.07 09:14:58.531,1.3793,1.37953,1.47,1.65
2011.03.07 09:14:59.080,1.3793,1.37952,1.47,1.65
2011.03.07 09:14:59.771,1.3793,1.37952,1.47,1.65
2011.03.07 09:14:59.991,1.3793,1.37957,1.47,3.30
2011.03.07 09:15:00.759,1.3793,1.37956,1.47,3.15
2011.03.07 09:15:01.300,1.3793,1.37957,1.47,2.25
2011.03.07 09:15:01.416,1.37929,1.37952,1.47,1.65
2011.03.07 09:15:01.971,1.37929,1.37951,1.47,1.65
2011.03.07 09:15:03.251,1.37929,1.37949,2.22,1.65
2011.03.07 09:15:06.840,1.37929,1.37949,1.47,2.40
2011.03.07 09:15:07.169,1.37927,1.37943,1.47,1.65
2011.03.07 09:15:08.351,1.37922,1.37944,1.47,1.65
2011.03.07 09:15:09.181,1.37923,1.37944,1.47,1.65
2011.03.07 09:15:09.660,1.37923,1.37944,1.47,1.65
2011.03.07 09:15:10.580,1.37923,1.37944,1.47,1.65
2011.03.07 09:15:10.691,1.37923,1.37952,3.12,2.40
2011.03.07 09:15:11.272,1.37926,1.37952,1.47,3.15
2011.03.07 09:15:11.712,1.37926,1.37952,1.47,1.50
2011.03.07 09:15:12.150,1.37926,1.37952,1.47,1.50
2011.03.07 09:15:13.832,1.37926,1.37951,1.47,2.40
2011.03.07 09:15:13.939,1.37926,1.37951,1.47,2.40
2011.03.07 09:15:14.971,1.37926,1.37952,1.47,3.90
2011.03.07 09:15:17.324,1.37926,1.37952,1.66,3.15
2011.03.07 09:15:17.554,1.37926,1.37952,1.66,3.15
2011.03.07 09:15:17.780,1.37926,1.37952,1.66,1.50
2011.03.07 09:15:19.800,1.37926,1.37951,1.66,1.50
2011.03.07 09:15:25.809,1.37926,1.37951,1.47,1.50
2011.03.07 09:15:26.140,1.37926,1.37952,1.47,1.50
2011.03.07 09:15:27.571,1.37926,1.37952,1.47,1.50
2011.03.07 09:15:31.761,1.37926,1.37952,1.47,3.15
2011.03.07 09:15:31.981,1.37922,1.37948,1.47,1.50
2011.03.07 09:15:32.390,1.37922,1.37948,1.47,1.50
2011.03.07 09:15:32.611,1.37922,1.37948,3.12,1.50
2011.03.07 09:15:32.831,1.37922,1.37948,3.12,1.50
2011.03.07 09:15:33.162,1.37932,1.37948,2.40,1.50
2011.03.07 09:15:33.274,1.37932,1.37951,2.40,1.50
2011.03.07 09:15:33.831,1.37931,1.37951,2.40,1.50
2011.03.07 09:15:34.274,1.37924,1.37951,1.47,3.00
2011.03.07 09:15:34.392,1.37924,1.3795,1.47,1.13
2011.03.07 09:15:34.501,1.37923,1.3795,1.47,1.50
2011.03.07 09:15:34.611,1.37916,1.37943,1.47,1.50
2011.03.07 09:15:34.940,1.37916,1.37943,1.47,1.50
2011.03.07 09:15:35.164,1.37916,1.37943,1.47,2.25
2011.03.07 09:15:35.720,1.37916,1.37943,1.47,2.25
2011.03.07 09:15:36.300,1.37916,1.37943,1.47,1.50
2011.03.07 09:15:36.410,1.37916,1.37943,1.47,1.50
2011.03.07 09:15:36.870,1.37916,1.37943,1.47,1.50
2011.03.07 09:15:37.420,1.37916,1.37943,1.47,1.50
2011.03.07 09:15:40.501,1.37916,1.37941,1.47,3.15
2011.03.07 09:15:41.050,1.37916,1.3794,1.47,1.50
2011.03.07 09:15:41.381,1.37916,1.37942,1.47,1.50
2011.03.07 09:15:41.961,1.37916,1.37942,1.47,1.50
2011.03.07 09:15:42.815,1.37916,1.37942,1.47,3.15
2011.03.07 09:15:43.301,1.37916,1.37942,1.47,1.50
2011.03.07 09:15:43.564,1.37911,1.37938,3.12,1.50
2011.03.07 09:15:43.793,1.37912,1.37942,3.12,1.50
2011.03.07 09:15:44.782,1.37916,1.37942,1.47,1.50
2011.03.07 09:15:45.330,1.37916,1.37942,1.47,2.25
2011.03.07 09:15:45.443,1.37916,1.37942,1.47,2.25
2011.03.07 09:15:45.881,1.37916,1.37942,1.47,1.50
2011.03.07 09:15:46.431,1.37916,1.37942,1.47,1.50
2011.03.07 09:15:46.762,1.37916,1.37942,3.12,1.50
2011.03.07 09:15:46.874,1.37917,1.37944,2.40,1.50
2011.03.07 09:15:47.381,1.37919,1.37945,1.47,1.50
2011.03.07 09:15:47.600,1.37925,1.37951,1.47,1.69
2011.03.07 09:15:47.931,1.37924,1.37952,1.47,1.50
2011.03.07 09:15:48.470,1.37924,1.37952,1.47,1.50
2011.03.07 09:15:50.034,1.37923,1.37951,2.37,1.69
2011.03.07 09:15:50.371,1.37916,1.37944,2.40,1.50
2011.03.07 09:15:50.705,1.37914,1.37943,1.47,1.50
2011.03.07 09:15:50.825,1.37914,1.3794,1.47,1.50
2011.03.07 09:15:51.051,1.37914,1.37941,1.47,3.15
2011.03.07 09:15:51.602,1.37918,1.37942,1.47,1.50
2011.03.07 09:15:52.120,1.37918,1.37944,1.47,1.50
2011.03.07 09:15:53.124,1.37918,1.37944,1.47,1.50
2011.03.07 09:15:53.860,1.37918,1.37944,1.47,1.50
2011.03.07 09:15:57.562,1.37918,1.37944,1.47,1.50
2011.03.07 09:15:58.112,1.37918,1.37944,1.47,1.50
2011.03.07 09:15:58.660,1.37918,1.37944,1.47,1.50
2011.03.07 09:15:59.210,1.37918,1.37944,1.47,1.50
2011.03.07 09:16:01.133,1.37918,1.37942,1.47,2.40
2011.03.07 09:16:01.692,1.37918,1.37942,1.47,2.40
2011.03.07 09:16:02.131,1.37914,1.37941,1.47,1.50
2011.03.07 09:16:03.059,1.37914,1.37941,1.47,1.50
2011.03.07 09:16:03.932,1.37914,1.37941,1.47,1.50
2011.03.07 09:16:04.700,1.37917,1.37941,2.40,1.50
2011.03.07 09:16:06.403,1.37917,1.37945,3.15,3.15
2011.03.07 09:16:06.634,1.3792,1.37944,1.47,2.40
2011.03.07 09:16:06.861,1.3792,1.37946,1.47,2.40
2011.03.07 09:16:07.521,1.3792,1.37944,1.47,1.50
2011.03.07 09:16:08.069,1.3792,1.37945,1.47,2.40
2011.03.07 09:16:09.143,1.3792,1.37945,4.17,2.40
2011.03.07 09:16:09.471,1.37925,1.37951,1.47,3.15
2011.03.07 09:16:10.181,1.37925,1.37951,1.47,3.15
2011.03.07 09:16:10.511,1.37925,1.37949,1.47,2.40
2011.03.07 09:16:11.686,1.37922,1.37946,1.47,3.15
2011.03.07 09:16:12.132,1.37922,1.37946,1.47,3.15
2011.03.07 09:16:12.462,1.37922,1.37946,1.47,1.50
2011.03.07 09:16:12.682,1.37922,1.37946,1.47,1.50
2011.03.07 09:16:13.011,1.37922,1.37946,1.47,1.50
2011.03.07 09:16:13.231,1.37922,1.37946,1.47,1.50
2011.03.07 09:16:13.564,1.37922,1.37949,2.22,1.50
2011.03.07 09:16:13.683,1.37924,1.3795,1.47,3.15
2011.03.07 09:16:13.902,1.37924,1.3795,1.47,3.15
2011.03.07 09:16:14.562,1.37924,1.3795,1.47,2.40
2011.03.07 09:16:15.272,1.37924,1.3795,1.47,2.40
2011.03.07 09:16:15.602,1.37923,1.3795,1.47,1.50
2011.03.07 09:16:15.712,1.37923,1.37946,1.47,1.65
2011.03.07 09:16:16.043,1.37922,1.37947,1.47,2.40
2011.03.07 09:16:16.601,1.37922,1.37946,1.47,1.50
2011.03.07 09:16:17.150,1.37922,1.37946,1.47,1.50
2011.03.07 09:16:18.460,1.37922,1.37946,1.47,1.50
2011.03.07 09:16:19.060,1.37922,1.37945,1.47,2.40
2011.03.07 09:16:19.722,1.37922,1.37946,1.47,2.40
2011.03.07 09:16:20.379,1.37925,1.37946,2.40,1.50
2011.03.07 09:16:21.272,1.37925,1.37946,2.40,1.50
2011.03.07 09:16:24.662,1.37922,1.37946,1.47,1.50
2011.03.07 09:16:24.990,1.37921,1.37946,1.47,1.50
2011.03.07 09:16:27.152,1.37922,1.37948,1.47,2.25
2011.03.07 09:16:27.701,1.37924,1.37948,1.65,2.25
2011.03.07 09:16:28.031,1.37932,1.37946,1.65,1.50
2011.03.07 09:16:28.142,1.37924,1.37948,2.37,1.50
2011.03.07 09:16:30.232,1.37925,1.37946,1.65,2.25
2011.03.07 09:16:30.783,1.37924,1.37948,2.37,2.25
2011.03.07 09:16:31.110,1.37924,1.37948,2.37,2.25
2011.03.07 09:16:31.332,1.37924,1.37948,3.31,1.50
2011.03.07 09:16:31.443,1.37928,1.37951,1.50,2.25
2011.03.07 09:16:31.772,1.37925,1.37957,3.12,1.50
2011.03.07 09:16:32.304,1.37928,1.37953,2.37,1.50
2011.03.07 09:16:32.633,1.37926,1.37953,2.37,1.50
2011.03.07 09:16:32.853,1.37929,1.37953,1.65,1.50
2011.03.07 09:16:33.403,1.37927,1.37953,2.37,1.50
2011.03.07 09:16:33.732,1.37927,1.37953,2.37,1.50
2011.03.07 09:16:34.282,1.37929,1.37951,1.65,1.50
2011.03.07 09:16:34.392,1.37927,1.37948,3.12,3.45
2011.03.07 09:16:34.503,1.37924,1.37948,1.47,3.45
2011.03.07 09:16:34.830,1.37923,1.37949,3.12,1.50
2011.03.07 09:16:35.162,1.37923,1.37949,1.47,4.20
2011.03.07 09:16:35.273,1.37921,1.37947,3.12,1.50
2011.03.07 09:16:35.494,1.37924,1.37945,1.65,1.50
2011.03.07 09:16:35.721,1.37919,1.37944,3.12,2.40
2011.03.07 09:16:35.832,1.37919,1.37944,3.12,2.40
2011.03.07 09:16:35.941,1.37921,1.37945,1.47,2.40
2011.03.07 09:16:36.269,1.37921,1.37944,1.47,2.40
2011.03.07 09:16:40.301,1.37919,1.37944,3.12,2.40
2011.03.07 09:16:40.632,1.37917,1.37942,3.12,2.40
2011.03.07 09:16:41.423,1.37914,1.37939,1.47,3.15
2011.03.07 09:16:41.641,1.37912,1.37939,3.87,3.15
2011.03.07 09:16:42.231,1.37913,1.37939,1.47,3.15
2011.03.07 09:16:42.560,1.37913,1.37939,1.47,3.15
2011.03.07 09:16:45.680,1.37912,1.37939,3.87,3.15
2011.03.07 09:16:46.371,1.37913,1.37939,1.47,3.15
2011.03.07 09:16:47.061,1.37912,1.37936,3.12,1.50
2011.03.07 09:16:47.612,1.37913,1.37938,2.40,2.40
2011.03.07 09:16:51.911,1.37912,1.37939,1.47,2.40
2011.03.07 09:16:52.511,1.37911,1.37937,3.12,1.50
2011.03.07 09:16:52.953,1.37911,1.37934,2.37,2.25
2011.03.07 09:16:53.284,1.37904,1.37932,3.87,1.50
2011.03.07 09:16:53.402,1.37904,1.37931,3.87,1.50
2011.03.07 09:16:54.361,1.37904,1.37927,1.65,1.50
2011.03.07 09:16:55.152,1.37904,1.37928,2.40,1.50
2011.03.07 09:16:55.482,1.37908,1.37931,1.65,1.50
2011.03.07 09:16:55.702,1.37909,1.37931,1.65,1.50
2011.03.07 09:16:56.407,1.37909,1.37931,1.65,1.50
2011.03.07 09:16:57.411,1.37909,1.37931,1.65,1.50
2011.03.07 09:16:57.631,1.37904,1.3793,3.12,1.50
2011.03.07 09:16:57.741,1.37904,1.37929,1.65,1.50
2011.03.07 09:16:58.541,1.37904,1.37929,1.65,1.50
2011.03.07 09:17:00.652,1.37904,1.37929,1.65,1.50
2011.03.07 09:17:00.762,1.37904,1.37926,1.65,1.88
2011.03.07 09:17:01.091,1.3789,1.37918,1.47,1.50
2011.03.07 09:17:01.311,1.37897,1.37918,1.65,1.50
2011.03.07 09:17:01.420,1.37897,1.37918,1.65,1.50
2011.03.07 09:17:01.862,1.37897,1.37918,1.65,1.50
2011.03.07 09:17:02.083,1.37889,1.37918,3.12,3.15
2011.03.07 09:17:02.520,1.3789,1.37918,1.47,3.15
2011.03.07 09:17:03.382,1.3789,1.37918,1.47,3.15
2011.03.07 09:17:03.713,1.37895,1.37922,1.47,1.50
2011.03.07 09:17:04.261,1.37895,1.37922,2.22,1.50
2011.03.07 09:17:04.591,1.37895,1.37922,3.12,1.50
2011.03.07 09:17:05.396,1.37895,1.37922,3.12,1.50
2011.03.07 09:17:05.512,1.37895,1.37917,1.47,2.40
2011.03.07 09:17:06.394,1.37892,1.37918,1.47,1.50
2011.03.07 09:17:06.511,1.37892,1.37918,1.47,1.50
2011.03.07 09:17:07.020,1.37892,1.37918,1.47,1.50
2011.03.07 09:17:07.463,1.37892,1.37919,1.47,1.50
2011.03.07 09:17:08.011,1.37895,1.37921,1.47,1.50
2011.03.07 09:17:08.822,1.37895,1.37921,1.47,1.50
2011.03.07 09:17:09.262,1.37895,1.37921,1.47,1.50
2011.03.07 09:17:10.021,1.37895,1.37921,3.12,1.50
2011.03.07 09:17:10.712,1.37895,1.37921,3.12,1.50
2011.03.07 09:17:11.045,1.37891,1.37916,2.40,1.50
2011.03.07 09:17:11.383,1.3789,1.37916,3.12,1.50
2011.03.07 09:17:11.494,1.3789,1.37916,3.12,1.50
2011.03.07 09:17:11.722,1.3789,1.37916,3.12,1.50
2011.03.07 09:17:12.161,1.3789,1.37916,1.47,1.50
2011.03.07 09:17:12.603,1.3789,1.37916,3.12,1.50
2011.03.07 09:17:12.820,1.3789,1.37916,1.47,1.50
2011.03.07 09:17:14.312,1.37893,1.37916,1.50,1.50
2011.03.07 09:17:14.532,1.37896,1.37921,2.40,1.50
2011.03.07 09:17:14.751,1.37896,1.37921,2.40,1.50
2011.03.07 09:17:17.831,1.37895,1.37921,1.47,1.50
2011.03.07 09:17:18.051,1.37895,1.37921,1.47,1.50
2011.03.07 09:17:18.550,1.37895,1.37921,1.47,1.50
2011.03.07 09:17:24.040,1.37895,1.37921,3.12,1.50
2011.03.07 09:17:24.700,1.37895,1.37921,3.12,1.50
2011.03.07 09:17:29.191,1.37895,1.37921,3.12,1.50
2011.03.07 09:17:30.772,1.37895,1.37921,1.47,1.50
2011.03.07 09:17:31.100,1.37895,1.37921,3.12,1.50
2011.03.07 09:17:31.671,1.37896,1.37921,2.40,1.50
2011.03.07 09:17:32.880,1.37899,1.37924,1.47,1.50
2011.03.07 09:17:35.190,1.37899,1.37918,1.47,2.40
2011.03.07 09:17:36.570,1.379,1.3792,1.47,2.40
2011.03.07 09:17:36.791,1.379,1.3792,1.47,2.40
2011.03.07 09:17:39.249,1.379,1.37919,1.47,1.65
2011.03.07 09:17:40.020,1.379,1.37919,1.47,1.65
2011.03.07 09:17:43.821,1.379,1.37919,1.47,2.40
2011.03.07 09:17:45.146,1.379,1.37918,1.47,2.40
2011.03.07 09:17:47.660,1.379,1.37918,1.47,2.40
2011.03.07 09:17:51.281,1.379,1.37918,1.47,2.40
2011.03.07 09:17:51.831,1.37895,1.37918,1.47,1.65
2011.03.07 09:17:51.941,1.37895,1.37919,1.47,3.15
2011.03.07 09:17:54.539,1.37895,1.37919,1.47,3.15
2011.03.07 09:17:54.870,1.37895,1.37919,1.47,3.15
2011.03.07 09:17:55.812,1.37895,1.37919,1.47,3.15
2011.03.07 09:17:58.350,1.37895,1.37915,1.47,2.40
2011.03.07 09:17:58.461,1.37894,1.37915,1.47,2.40
2011.03.07 09:17:58.899,1.37895,1.37915,1.47,2.40
2011.03.07 09:18:07.000,1.37895,1.37918,1.47,2.40
2011.03.07 09:18:07.330,1.37895,1.37919,1.47,1.50
2011.03.07 09:18:07.940,1.37895,1.37919,1.47,1.50
2011.03.07 09:18:10.474,1.37898,1.3792,1.47,2.40
2011.03.07 09:18:10.812,1.37897,1.37924,2.22,1.50
2011.03.07 09:18:11.032,1.37898,1.37921,1.47,2.40
2011.03.07 09:18:11.473,1.37898,1.37921,1.47,2.40
2011.03.07 09:18:12.791,1.37898,1.37924,1.47,3.15
2011.03.07 09:18:13.701,1.37898,1.3792,1.47,1.13
2011.03.07 09:18:14.032,1.37898,1.37917,1.47,2.40
2011.03.07 09:18:14.470,1.37898,1.37918,1.47,2.40
2011.03.07 09:18:15.033,1.37898,1.37918,1.47,2.40
2011.03.07 09:18:15.580,1.37898,1.37918,1.47,2.40
2011.03.07 09:18:16.283,1.37898,1.37918,1.47,2.40
2011.03.07 09:18:17.330,1.37897,1.37918,2.22,2.40
2011.03.07 09:18:17.880,1.37898,1.37918,1.47,2.40
2011.03.07 09:18:19.529,1.37897,1.37918,2.22,2.40
2011.03.07 09:18:20.374,1.37898,1.37918,1.47,2.40
2011.03.07 09:18:21.070,1.37898,1.37918,1.47,2.40
2011.03.07 09:18:22.003,1.37898,1.37918,1.47,2.40
2011.03.07 09:18:22.332,1.37898,1.37924,1.47,1.50
2011.03.07 09:18:22.881,1.37898,1.37924,1.47,3.15
2011.03.07 09:18:23.160,1.37898,1.37924,1.47,3.15
2011.03.07 09:18:23.511,1.37898,1.37924,1.47,3.15
2011.03.07 09:18:23.842,1.37902,1.37924,1.47,2.40
2011.03.07 09:18:25.883,1.37902,1.37927,1.47,2.55
2011.03.07 09:18:26.435,1.37902,1.37926,1.84,1.65
2011.03.07 09:18:26.555,1.37909,1.37928,1.50,1.50
2011.03.07 09:18:26.677,1.37911,1.37935,1.47,1.50
2011.03.07 09:18:27.231,1.37911,1.37935,3.12,1.50
2011.03.07 09:18:28.550,1.37909,1.37935,2.22,1.50
2011.03.07 09:18:28.660,1.37907,1.37931,3.12,1.50
2011.03.07 09:18:29.170,1.37907,1.37931,3.12,1.50
2011.03.07 09:18:30.574,1.37907,1.37931,1.47,1.50
2011.03.07 09:18:30.694,1.37907,1.37931,1.47,1.50
2011.03.07 09:18:31.140,1.37907,1.37931,1.47,1.50
2011.03.07 09:18:32.771,1.37907,1.37932,1.47,1.50
2011.03.07 09:18:33.780,1.37909,1.37934,1.47,1.50
2011.03.07 09:18:35.510,1.37909,1.37935,1.47,1.50
2011.03.07 09:18:35.841,1.37909,1.37935,1.47,1.50
2011.03.07 09:18:38.280,1.37907,1.37932,2.40,1.50
2011.03.07 09:18:38.780,1.37907,1.37932,2.40,1.50
2011.03.07 09:18:39.526,1.37903,1.37927,1.47,1.50
2011.03.07 09:18:39.861,1.37903,1.37927,1.47,1.50
2011.03.07 09:18:41.211,1.37903,1.37928,2.41,1.50
2011.03.07 09:18:41.432,1.37905,1.37931,1.47,1.50
2011.03.07 09:18:41.982,1.37907,1.37931,2.40,1.50
2011.03.07 09:18:43.131,1.37907,1.37931,2.40,1.50
2011.03.07 09:18:43.462,1.37898,1.3792,2.25,1.50
2011.03.07 09:18:43.793,1.37892,1.3792,1.66,1.50
2011.03.07 09:18:44.193,1.37901,1.3792,1.65,1.50
2011.03.07 09:18:45.072,1.37901,1.3792,1.65,1.50
2011.03.07 09:18:45.295,1.37897,1.3792,1.65,1.50
2011.03.07 09:18:45.851,1.37894,1.3792,2.40,1.50
2011.03.07 09:18:46.182,1.37894,1.3792,2.40,3.15
2011.03.07 09:18:46.733,1.37894,1.3792,2.40,3.15
2011.03.07 09:18:47.283,1.37898,1.3792,2.40,1.50
2011.03.07 09:18:53.331,1.37894,1.3792,2.40,1.50
2011.03.07 09:18:56.231,1.37894,1.37918,2.40,1.50
2011.03.07 09:19:02.121,1.37893,1.37915,1.47,2.40
2011.03.07 09:19:06.191,1.37893,1.37915,1.47,2.40
2011.03.07 09:19:07.291,1.37893,1.37916,1.47,2.40
2011.03.07 09:19:07.402,1.37893,1.37914,1.47,1.65
2011.03.07 09:19:07.950,1.37893,1.37915,1.47,2.40
2011.03.07 09:19:08.492,1.37893,1.37914,1.47,1.65
2011.03.07 09:19:09.131,1.37893,1.37916,1.47,3.15
2011.03.07 09:19:09.461,1.37893,1.37914,1.47,2.40
2011.03.07 09:19:10.012,1.37893,1.37914,1.47,2.40
2011.03.07 09:19:10.561,1.37893,1.37916,1.47,3.15
2011.03.07 09:19:11.392,1.37893,1.37914,1.47,2.40
2011.03.07 09:19:11.722,1.37893,1.37914,1.47,1.65
2011.03.07 09:19:11.831,1.37893,1.37917,1.47,3.15
2011.03.07 09:19:13.442,1.37893,1.37918,1.47,2.40
2011.03.07 09:19:13.992,1.37894,1.37921,1.50,1.65
2011.03.07 09:19:14.101,1.37895,1.37921,1.47,1.65
2011.03.07 09:19:14.211,1.37895,1.37922,1.47,1.65
2011.03.07 09:19:14.327,1.37895,1.37921,1.47,1.65
2011.03.07 09:19:14.744,1.37895,1.37921,1.47,1.50
2011.03.07 09:19:15.082,1.379,1.37923,1.47,1.50
2011.03.07 09:19:15.591,1.379,1.37924,1.47,1.50
2011.03.07 09:19:16.140,1.379,1.37924,1.47,1.50
2011.03.07 09:19:16.802,1.379,1.37924,1.47,1.50
2011.03.07 09:19:17.132,1.37904,1.37927,1.47,2.40
2011.03.07 09:19:17.355,1.37903,1.37927,1.47,2.40
2011.03.07 09:19:17.804,1.37901,1.37921,2.40,1.50
2011.03.07 09:19:17.922,1.37897,1.37921,1.47,3.15
2011.03.07 09:19:18.637,1.37897,1.37921,1.47,1.50
2011.03.07 09:19:19.461,1.37897,1.37921,1.47,1.50
2011.03.07 09:19:19.792,1.37897,1.37918,1.47,2.40
2011.03.07 09:19:20.231,1.37893,1.37918,1.47,1.50
2011.03.07 09:19:20.781,1.37896,1.3792,1.47,1.58
2011.03.07 09:19:21.114,1.37899,1.37924,2.22,2.48
2011.03.07 09:19:21.451,1.37901,1.37925,1.47,3.34
2011.03.07 09:19:21.671,1.37901,1.37924,1.47,2.40
2011.03.07 09:19:21.894,1.37901,1.37925,1.47,1.50
2011.03.07 09:19:22.230,1.37901,1.37925,1.47,3.15
2011.03.07 09:19:22.450,1.37901,1.37925,1.47,3.15
2011.03.07 09:19:22.901,1.37907,1.37933,1.47,1.80
2011.03.07 09:19:23.018,1.37907,1.37933,1.47,1.50
2011.03.07 09:19:23.517,1.37904,1.37931,1.47,1.50
2011.03.07 09:19:23.636,1.37902,1.3793,1.47,1.50
2011.03.07 09:19:23.754,1.37902,1.3793,1.47,1.50
2011.03.07 09:19:23.876,1.37899,1.37925,3.45,1.50
2011.03.07 09:19:24.103,1.37898,1.37923,1.47,1.50
2011.03.07 09:19:24.653,1.37898,1.37924,1.47,1.50
2011.03.07 09:19:24.984,1.37898,1.37924,1.47,1.50
2011.03.07 09:19:25.322,1.37902,1.37926,1.47,1.50
2011.03.07 09:19:25.433,1.37902,1.37926,1.47,1.50
2011.03.07 09:19:25.875,1.37898,1.37926,1.47,1.50
2011.03.07 09:19:25.991,1.37898,1.37928,1.47,2.25
2011.03.07 09:19:26.601,1.37902,1.37928,1.47,1.50
2011.03.07 09:19:27.461,1.37902,1.3793,1.47,1.50
2011.03.07 09:19:27.682,1.37907,1.37932,1.47,1.50
2011.03.07 09:19:27.791,1.37907,1.37934,1.47,1.50
2011.03.07 09:19:27.905,1.37907,1.37935,1.47,1.50
2011.03.07 09:19:28.241,1.37912,1.37936,1.47,1.50
2011.03.07 09:19:28.494,1.37911,1.37936,2.22,1.50
2011.03.07 09:19:29.054,1.37909,1.37937,1.47,1.50
2011.03.07 09:19:29.283,1.37909,1.37935,2.41,1.50
2011.03.07 09:19:29.591,1.37916,1.37939,1.47,1.50
2011.03.07 09:19:29.704,1.37916,1.37943,1.47,1.50
2011.03.07 09:19:30.044,1.37914,1.37943,2.22,1.50
2011.03.07 09:19:30.261,1.37916,1.37943,1.47,1.50
2011.03.07 09:19:30.608,1.37914,1.37938,1.47,1.50
2011.03.07 09:19:30.943,1.37923,1.37938,1.50,1.50
2011.03.07 09:19:31.052,1.37923,1.37943,1.50,1.50
2011.03.07 09:19:31.161,1.37923,1.37943,1.50,1.50
2011.03.07 09:19:31.272,1.37921,1.37943,1.50,1.50
2011.03.07 09:19:31.711,1.37921,1.37943,3.15,1.50
2011.03.07 09:19:31.822,1.37926,1.37943,1.65,1.50
2011.03.07 09:19:32.264,1.37923,1.37946,1.65,1.50
2011.03.07 09:19:32.482,1.37924,1.37943,1.65,1.50
2011.03.07 09:19:32.592,1.37922,1.37943,2.40,1.50
2011.03.07 09:19:32.936,1.37922,1.37943,2.40,1.50
2011.03.07 09:19:33.495,1.37921,1.37943,1.65,1.50
2011.03.07 09:19:33.721,1.37919,1.37943,3.12,1.50
2011.03.07 09:19:34.051,1.37919,1.37941,2.40,1.50
2011.03.07 09:19:34.604,1.37923,1.37943,2.78,2.25
2011.03.07 09:19:34.832,1.37923,1.37943,1.13,1.50
2011.03.07 09:19:34.944,1.37922,1.37943,1.13,1.50
2011.03.07 09:19:35.062,1.37919,1.37943,1.47,1.50
2011.03.07 09:19:35.282,1.37917,1.37943,2.37,1.50
2011.03.07 09:19:35.504,1.37917,1.37939,1.65,1.69
2011.03.07 09:19:35.615,1.37917,1.37939,1.65,1.69
2011.03.07 09:19:35.732,1.37907,1.37933,1.47,1.50
2011.03.07 09:19:35.842,1.37905,1.37933,1.47,1.50
2011.03.07 09:19:36.174,1.37898,1.37923,1.47,2.40
2011.03.07 09:19:36.833,1.379,1.37925,1.47,1.50
2011.03.07 09:19:37.163,1.37899,1.37925,2.37,1.50
2011.03.07 09:19:37.608,1.37902,1.3793,2.22,3.15
2011.03.07 09:19:37.942,1.37904,1.3793,1.47,3.15
2011.03.07 09:19:38.164,1.37902,1.37927,1.66,2.40
2011.03.07 09:19:38.393,1.37904,1.3793,1.66,1.50
2011.03.07 09:19:38.940,1.37902,1.37928,2.22,2.40
2011.03.07 09:19:39.492,1.37904,1.3793,1.47,3.15
2011.03.07 09:19:39.823,1.37902,1.3793,1.47,3.15
2011.03.07 09:19:39.932,1.37903,1.37929,1.47,2.40
2011.03.07 09:19:40.232,1.37904,1.37929,1.47,2.40
2011.03.07 09:19:40.561,1.37903,1.37929,1.47,2.40
2011.03.07 09:19:40.672,1.37904,1.37929,1.47,2.40
2011.03.07 09:19:40.783,1.37904,1.37929,2.22,2.40
2011.03.07 09:19:41.112,1.37906,1.3793,1.47,2.40
2011.03.07 09:19:41.882,1.37906,1.3793,1.47,2.40
2011.03.07 09:19:41.992,1.37904,1.37928,1.47,1.50
2011.03.07 09:19:42.432,1.37901,1.37926,1.47,2.40
2011.03.07 09:19:42.651,1.37904,1.37926,1.47,2.40
2011.03.07 09:19:42.872,1.37901,1.37928,1.47,3.15
2011.03.07 09:19:43.092,1.37903,1.37926,1.47,2.48
2011.03.07 09:19:43.422,1.37899,1.37925,1.66,1.50
2011.03.07 09:19:43.825,1.37898,1.37922,2.22,1.65
2011.03.07 09:19:44.382,1.37904,1.37928,1.47,1.50
2011.03.07 09:19:44.931,1.37903,1.37928,1.47,1.50
2011.03.07 09:19:45.481,1.37904,1.37928,1.47,1.50
2011.03.07 09:19:46.030,1.37905,1.3793,1.47,1.50
2011.03.07 09:19:46.474,1.37903,1.3793,1.47,3.15
2011.03.07 09:19:46.703,1.37901,1.37924,1.50,2.40
2011.03.07 09:19:46.923,1.37899,1.37924,1.47,2.40
2011.03.07 09:19:47.522,1.37898,1.37921,1.47,2.40
2011.03.07 09:19:48.207,1.37895,1.3792,1.47,2.40
2011.03.07 09:19:48.435,1.37891,1.3792,1.47,2.40
2011.03.07 09:19:48.554,1.37894,1.3792,2.44,2.40
2011.03.07 09:19:48.784,1.37898,1.37925,1.47,1.50
2011.03.07 09:19:49.662,1.37901,1.37928,1.47,1.50
2011.03.07 09:19:49.773,1.37905,1.37928,1.69,1.50
2011.03.07 09:19:50.102,1.37904,1.37925,1.47,2.40
2011.03.07 09:19:50.213,1.37901,1.37925,1.47,2.40
2011.03.07 09:19:50.706,1.37897,1.37925,1.88,2.40
2011.03.07 09:19:50.828,1.37897,1.3792,1.47,1.50
2011.03.07 09:19:51.057,1.37899,1.37921,1.50,1.50
2011.03.07 09:19:51.287,1.37903,1.37927,1.47,3.15
2011.03.07 09:19:51.513,1.37899,1.37926,1.47,2.40
2011.03.07 09:19:51.843,1.379,1.37926,1.47,2.25
2011.03.07 09:19:52.393,1.37902,1.37926,1.50,1.50
2011.03.07 09:19:52.721,1.37906,1.37931,2.40,1.50
2011.03.07 09:19:53.053,1.37904,1.37927,2.40,1.50
2011.03.07 09:19:53.164,1.37902,1.37925,1.47,1.50
2011.03.07 09:19:53.394,1.37897,1.37924,1.47,3.15
2011.03.07 09:19:53.504,1.37896,1.37918,2.40,1.50
2011.03.07 09:19:53.953,1.37893,1.37917,1.47,1.50
2011.03.07 09:19:54.501,1.37893,1.37917,1.47,1.50
2011.03.07 09:19:55.054,1.37889,1.37907,2.22,2.40
2011.03.07 09:19:55.394,1.37888,1.37913,3.90,1.50
2011.03.07 09:19:55.625,1.37888,1.37913,2.40,1.50
2011.03.07 09:19:55.744,1.37886,1.3791,2.25,1.65
2011.03.07 09:19:56.401,1.37885,1.3791,2.97,1.65
2011.03.07 09:19:56.950,1.37885,1.3791,1.47,1.65
2011.03.07 09:19:58.231,1.37885,1.3791,2.97,2.40
2011.03.07 09:19:58.347,1.37882,1.37906,6.15,1.50
2011.03.07 09:19:58.681,1.37881,1.37907,2.97,3.15
2011.03.07 09:19:59.014,1.37881,1.37907,1.47,3.15
2011.03.07 09:19:59.121,1.37885,1.37909,1.47,2.40
2011.03.07 09:19:59.673,1.37885,1.37906,1.47,1.65
2011.03.07 09:19:59.784,1.37883,1.37903,2.25,1.65
2011.03.07 09:20:00.122,1.37885,1.3791,2.25,2.40
2011.03.07 09:20:00.675,1.37887,1.3791,2.25,2.40
2011.03.07 09:20:00.794,1.37889,1.37912,1.47,1.65
2011.03.07 09:20:01.131,1.37889,1.37912,1.47,1.65
2011.03.07 09:20:01.714,1.37889,1.37912,1.47,1.65
2011.03.07 09:20:02.273,1.37889,1.37911,1.47,1.65
2011.03.07 09:20:02.381,1.37889,1.37913,1.47,2.40
2011.03.07 09:20:02.604,1.3789,1.37913,2.25,2.40
2011.03.07 09:20:02.933,1.37891,1.37917,2.25,2.40
2011.03.07 09:20:03.042,1.37892,1.37917,1.47,1.65
2011.03.07 09:20:03.483,1.37892,1.37916,1.47,1.65
2011.03.07 09:20:03.592,1.37892,1.37916,1.47,1.65
2011.03.07 09:20:03.700,1.37892,1.37919,1.47,2.40
2011.03.07 09:20:04.250,1.37892,1.3792,1.47,3.15
2011.03.07 09:20:04.912,1.37897,1.3792,1.47,1.65
2011.03.07 09:20:05.701,1.37897,1.3792,1.47,1.65
2011.03.07 09:20:06.034,1.37897,1.37921,1.47,1.50
2011.03.07 09:20:06.314,1.37896,1.37921,1.47,1.50
2011.03.07 09:20:06.654,1.37902,1.3792,1.47,2.40
2011.03.07 09:20:07.642,1.37902,1.3792,1.47,1.65
2011.03.07 09:20:07.753,1.37902,1.37924,1.47,2.40
2011.03.07 09:20:07.861,1.37902,1.37924,1.47,2.40
2011.03.07 09:20:08.962,1.37906,1.37927,1.47,1.65
2011.03.07 09:20:09.292,1.37906,1.37931,1.47,2.40
2011.03.07 09:20:09.796,1.37911,1.37934,1.47,2.40
2011.03.07 09:20:10.242,1.37911,1.37933,1.47,2.40
2011.03.07 09:20:10.571,1.37911,1.37933,1.47,2.40
2011.03.07 09:20:10.792,1.37911,1.37934,1.47,2.40
2011.03.07 09:20:11.232,1.37911,1.37935,1.47,3.15
2011.03.07 09:20:11.342,1.37911,1.37935,1.47,1.50
2011.03.07 09:20:12.115,1.37911,1.37932,2.22,2.40
2011.03.07 09:20:12.345,1.37914,1.3794,1.47,2.40
2011.03.07 09:20:12.733,1.37917,1.3794,1.47,2.40
2011.03.07 09:20:13.063,1.37917,1.37943,1.47,1.50
2011.03.07 09:20:13.174,1.37917,1.3794,2.22,2.40
2011.03.07 09:20:13.733,1.37917,1.37941,2.22,2.40
2011.03.07 09:20:14.285,1.37918,1.37939,1.47,1.65
2011.03.07 09:20:14.404,1.37918,1.37943,1.47,1.50
2011.03.07 09:20:14.732,1.37917,1.37944,2.22,2.25
2011.03.07 09:20:14.950,1.3792,1.37946,1.47,5.10
2011.03.07 09:20:15.281,1.3792,1.37946,1.47,2.40
2011.03.07 09:20:15.393,1.3792,1.37946,1.47,2.40
2011.03.07 09:20:15.503,1.37925,1.37949,1.47,2.25
2011.03.07 09:20:15.722,1.37925,1.37949,1.47,2.40
2011.03.07 09:20:16.262,1.37925,1.37951,2.22,1.50
2011.03.07 09:20:16.483,1.37925,1.37951,1.47,1.50
2011.03.07 09:20:16.703,1.37926,1.37951,1.47,1.50
2011.03.07 09:20:17.363,1.37927,1.37954,1.47,2.40
2011.03.07 09:20:17.912,1.37931,1.37958,1.47,3.15
2011.03.07 09:20:18.133,1.37931,1.37958,2.22,1.50
2011.03.07 09:20:19.013,1.37932,1.37958,1.66,1.50
2011.03.07 09:20:19.340,1.37938,1.37962,2.40,1.50
2011.03.07 09:20:19.698,1.37938,1.37962,2.40,1.50
2011.03.07 09:20:19.925,1.37939,1.37962,2.40,1.50
2011.03.07 09:20:20.156,1.3794,1.37962,1.47,1.65
2011.03.07 09:20:20.386,1.37939,1.37965,1.47,1.65
2011.03.07 09:20:20.505,1.37944,1.37965,1.47,1.65
2011.03.07 09:20:21.284,1.37944,1.37969,1.47,3.15
2011.03.07 09:20:21.623,1.37945,1.3797,1.47,2.40
2011.03.07 09:20:21.847,1.3795,1.37972,1.66,2.40
2011.03.07 09:20:21.966,1.37955,1.37982,1.47,1.50
2011.03.07 09:20:22.193,1.37952,1.3798,1.47,2.40
2011.03.07 09:20:22.467,1.3795,1.37977,1.47,2.40
2011.03.07 09:20:22.703,1.37949,1.37976,1.47,3.15
2011.03.07 09:20:22.923,1.37948,1.37972,1.47,1.50
2011.03.07 09:20:23.363,1.37946,1.37972,2.22,1.50
2011.03.07 09:20:23.472,1.37945,1.37972,1.66,1.50
2011.03.07 09:20:24.136,1.37942,1.37968,2.22,1.50
2011.03.07 09:20:24.582,1.37939,1.37968,2.22,1.50
2011.03.07 09:20:25.130,1.37938,1.37964,2.22,1.50
2011.03.07 09:20:25.571,1.37944,1.37964,2.40,1.50
2011.03.07 09:20:25.792,1.37944,1.37964,1.65,1.50
2011.03.07 09:20:26.012,1.37944,1.37969,5.59,1.50
2011.03.07 09:20:26.363,1.37953,1.37975,1.47,1.50
2011.03.07 09:20:26.478,1.37954,1.37977,1.50,1.50
2011.03.07 09:20:26.932,1.37955,1.37977,2.40,1.50
2011.03.07 09:20:27.481,1.37954,1.37977,2.40,1.50
2011.03.07 09:20:27.590,1.37954,1.37977,2.40,1.50
2011.03.07 09:20:27.921,1.37954,1.37977,2.40,1.50
2011.03.07 09:20:28.250,1.37953,1.37977,2.41,1.50
2011.03.07 09:20:28.471,1.37957,1.37981,1.47,1.50
2011.03.07 09:20:29.241,1.37953,1.37982,3.34,1.50
2011.03.07 09:20:29.572,1.37953,1.37982,2.59,1.50
2011.03.07 09:20:29.902,1.37952,1.37968,1.47,2.40
2011.03.07 09:20:30.014,1.3795,1.37968,1.47,2.40
2011.03.07 09:20:30.450,1.37951,1.37973,1.47,2.40
2011.03.07 09:20:30.713,1.37952,1.37973,1.47,2.40
2011.03.07 09:20:31.263,1.3795,1.37971,1.47,2.40
2011.03.07 09:20:32.255,1.37952,1.3797,1.47,1.65
2011.03.07 09:20:32.483,1.37955,1.37973,1.47,2.40
2011.03.07 09:20:33.252,1.37964,1.37979,1.50,2.40
2011.03.07 09:20:33.582,1.37969,1.37982,1.50,2.40
2011.03.07 09:20:34.981,1.37969,1.37981,1.50,2.40
2011.03.07 09:20:35.203,1.3797,1.37983,1.50,2.40
2011.03.07 09:20:35.504,1.3797,1.37983,1.50,2.40
2011.03.07 09:20:35.943,1.37956,1.3798,2.22,2.40
2011.03.07 09:20:36.162,1.37965,1.37978,1.50,2.40
2011.03.07 09:20:36.494,1.37965,1.37979,1.50,2.40
2011.03.07 09:20:36.823,1.3796,1.3798,1.50,2.40
2011.03.07 09:20:37.371,1.3796,1.3798,1.50,2.40
2011.03.07 09:20:38.692,1.37961,1.37979,1.50,2.40
2011.03.07 09:20:38.802,1.37961,1.37979,1.50,2.40
2011.03.07 09:20:39.242,1.37959,1.37976,1.50,2.40
2011.03.07 09:20:39.462,1.37957,1.37977,1.50,2.40
2011.03.07 09:20:40.232,1.37957,1.37976,1.50,2.40
2011.03.07 09:20:40.762,1.37956,1.37978,2.97,2.40
2011.03.07 09:20:41.313,1.37955,1.37978,1.47,2.40
2011.03.07 09:20:41.753,1.37952,1.37973,1.47,2.40
2011.03.07 09:20:41.863,1.3795,1.37973,1.47,2.40
2011.03.07 09:20:41.977,1.37948,1.3797,1.47,2.40
2011.03.07 09:20:42.811,1.37948,1.37968,1.47,2.40
2011.03.07 09:20:43.032,1.37949,1.37968,1.47,2.40
2011.03.07 09:20:43.253,1.37952,1.37973,1.47,2.40
2011.03.07 09:20:43.581,1.37954,1.37974,2.25,1.65
2011.03.07 09:20:43.941,1.37966,1.37979,1.50,1.13
2011.03.07 09:20:44.285,1.37968,1.3798,1.50,1.13
2011.03.07 09:20:45.134,1.37969,1.37979,1.50,1.13
2011.03.07 09:20:45.570,1.37966,1.37979,1.50,1.13
2011.03.07 09:20:45.681,1.37965,1.37979,1.50,1.13
2011.03.07 09:20:46.012,1.37965,1.37979,1.50,1.13
2011.03.07 09:20:46.454,1.37961,1.37978,1.50,2.40
2011.03.07 09:20:46.562,1.37958,1.37973,1.47,2.40
2011.03.07 09:20:46.671,1.37956,1.37975,2.22,2.40
2011.03.07 09:20:46.893,1.37958,1.37975,3.00,2.40
2011.03.07 09:20:47.224,1.37965,1.37987,2.22,2.40
2011.03.07 09:20:47.673,1.37966,1.37988,2.22,2.40
2011.03.07 09:20:48.039,1.37965,1.37986,2.22,2.40
2011.03.07 09:20:48.481,1.37965,1.37986,1.47,2.40
2011.03.07 09:20:48.702,1.37965,1.37988,1.47,2.40
2011.03.07 09:20:49.141,1.37967,1.37988,2.25,2.40
2011.03.07 09:20:49.250,1.37967,1.37988,1.50,2.40
2011.03.07 09:20:50.141,1.37967,1.37987,1.50,2.40
2011.03.07 09:20:50.691,1.37967,1.37986,1.50,2.40
2011.03.07 09:20:51.423,1.37972,1.37988,1.50,2.40
2011.03.07 09:20:51.861,1.37972,1.37988,1.50,2.40
2011.03.07 09:20:52.118,1.37968,1.37988,2.97,2.40
2011.03.07 09:20:52.343,1.37971,1.37989,1.50,2.40
2011.03.07 09:20:53.003,1.37968,1.37986,2.22,2.40
2011.03.07 09:20:53.333,1.37962,1.37984,2.22,3.90
2011.03.07 09:20:53.772,1.37962,1.37984,1.47,3.90
2011.03.07 09:20:53.994,1.37962,1.37981,1.47,2.40
2011.03.07 09:20:54.551,1.37962,1.37982,1.47,2.25
2011.03.07 09:20:55.104,1.37962,1.3798,1.47,2.40
2011.03.07 09:20:55.324,1.37959,1.3798,1.47,2.40
2011.03.07 09:20:55.552,1.37959,1.37982,1.47,2.40
2011.03.07 09:20:56.119,1.37965,1.37989,1.47,2.40
2011.03.07 09:20:56.454,1.37964,1.37988,1.47,2.40
2011.03.07 09:20:56.673,1.37963,1.37984,1.47,2.40
2011.03.07 09:20:57.112,1.37963,1.37982,1.47,2.40
2011.03.07 09:20:57.333,1.37963,1.37983,1.47,2.40
2011.03.07 09:20:57.552,1.37963,1.37983,1.47,2.40
2011.03.07 09:20:58.431,1.37964,1.37987,1.47,2.40
2011.03.07 09:20:58.542,1.37964,1.37987,1.47,2.40
2011.03.07 09:21:00.281,1.37964,1.37987,1.47,2.40
2011.03.07 09:21:01.433,1.37963,1.37987,2.22,2.40
2011.03.07 09:21:01.982,1.37964,1.37985,1.47,2.40
2011.03.07 09:21:02.424,1.37963,1.37977,1.47,2.40
2011.03.07 09:21:02.654,1.37954,1.3798,1.47,1.50
2011.03.07 09:21:02.774,1.37958,1.3798,2.25,1.50
2011.03.07 09:21:03.118,1.37962,1.37985,1.47,1.50
2011.03.07 09:21:03.452,1.37964,1.37989,1.47,1.50
2011.03.07 09:21:03.924,1.37965,1.37989,1.47,3.15
2011.03.07 09:21:04.142,1.37966,1.37989,1.47,1.65
2011.03.07 09:21:04.583,1.37965,1.37991,1.47,2.40
2011.03.07 09:21:05.132,1.37963,1.37988,2.22,3.15
2011.03.07 09:21:05.242,1.37963,1.37986,2.22,1.50
2011.03.07 09:21:05.353,1.37963,1.37986,1.50,1.50
2011.03.07 09:21:05.570,1.37962,1.37986,1.47,2.25
2011.03.07 09:21:05.900,1.37959,1.37986,1.50,2.25
2011.03.07 09:21:06.451,1.37958,1.37986,2.22,2.25
2011.03.07 09:21:06.780,1.37958,1.37986,2.22,2.25
2011.03.07 09:21:07.068,1.37958,1.37984,1.47,2.25
2011.03.07 09:21:07.623,1.37957,1.37982,1.47,2.40
2011.03.07 09:21:07.845,1.37958,1.37981,1.47,2.25
2011.03.07 09:21:08.207,1.37958,1.3798,1.47,1.65
2011.03.07 09:21:08.326,1.37958,1.37979,1.47,2.40
2011.03.07 09:21:09.341,1.37958,1.37979,1.47,2.40
2011.03.07 09:21:09.672,1.37958,1.37978,1.47,2.40
2011.03.07 09:21:09.893,1.37957,1.37978,1.47,2.40
2011.03.07 09:21:10.441,1.37957,1.37974,1.47,1.50
2011.03.07 09:21:10.551,1.37956,1.37974,1.50,1.50
2011.03.07 09:21:10.664,1.37954,1.37972,1.47,1.50
2011.03.07 09:21:10.992,1.37954,1.37974,1.47,1.50
2011.03.07 09:21:11.323,1.37954,1.37977,1.47,2.25
2011.03.07 09:21:11.871,1.37954,1.37976,1.47,1.50
2011.03.07 09:21:12.485,1.37955,1.37966,1.47,1.50
2011.03.07 09:21:12.607,1.37952,1.37966,1.47,3.15
2011.03.07 09:21:12.723,1.37946,1.37963,1.47,1.50
2011.03.07 09:21:12.832,1.37946,1.37963,1.47,1.50
2011.03.07 09:21:13.056,1.37946,1.37966,1.47,1.65
2011.03.07 09:21:13.504,1.37954,1.37977,1.47,1.50
2011.03.07 09:21:13.953,1.37956,1.37976,1.69,2.40
2011.03.07 09:21:14.174,1.37958,1.37986,2.41,1.50
2011.03.07 09:21:14.292,1.37958,1.37986,2.41,1.50
2011.03.07 09:21:15.613,1.37959,1.37986,2.40,1.50
2011.03.07 09:21:15.943,1.37958,1.37986,2.41,1.50
2011.03.07 09:21:16.293,1.37958,1.37983,1.47,2.40
2011.03.07 09:21:16.403,1.37958,1.37983,1.47,2.40
2011.03.07 09:21:16.515,1.37958,1.37982,1.47,2.40
2011.03.07 09:21:17.073,1.37958,1.3798,1.47,2.40
2011.03.07 09:21:17.402,1.37958,1.37981,1.47,2.40
2011.03.07 09:21:17.513,1.37958,1.3798,1.47,2.40
2011.03.07 09:21:17.734,1.37958,1.3798,1.47,2.40
2011.03.07 09:21:18.064,1.37958,1.37979,1.47,1.65
2011.03.07 09:21:18.283,1.37954,1.3798,1.47,2.40
2011.03.07 09:21:18.503,1.37954,1.37977,1.47,2.40
2011.03.07 09:21:18.833,1.37954,1.37977,1.47,2.40
2011.03.07 09:21:19.494,1.3795,1.37976,1.47,2.40
2011.03.07 09:21:19.602,1.3795,1.37973,1.47,2.40
2011.03.07 09:21:20.152,1.3795,1.37975,1.47,2.40
2011.03.07 09:21:20.261,1.3795,1.37974,1.47,2.40
2011.03.07 09:21:20.590,1.3795,1.37974,1.47,2.40
2011.03.07 09:21:21.610,1.3795,1.37974,1.47,2.40
2011.03.07 09:21:22.151,1.3795,1.37974,1.47,2.40
2011.03.07 09:21:22.593,1.37946,1.37968,1.47,2.40
2011.03.07 09:21:22.924,1.37942,1.37965,1.47,3.15
2011.03.07 09:21:23.470,1.37942,1.37965,1.47,1.50
2011.03.07 09:21:24.021,1.37942,1.37964,1.47,1.65
2011.03.07 09:21:24.351,1.37944,1.37969,1.47,1.50
2011.03.07 09:21:24.571,1.37944,1.3797,1.47,1.50
2011.03.07 09:21:25.451,1.37949,1.37971,1.47,1.50
2011.03.07 09:21:26.006,1.37949,1.37973,1.47,3.15
2011.03.07 09:21:26.233,1.37949,1.37973,1.47,1.50
2011.03.07 09:21:26.780,1.37949,1.37973,1.47,1.50
2011.03.07 09:21:28.951,1.37953,1.37975,1.47,2.40
2011.03.07 09:21:29.172,1.37957,1.37975,1.47,1.65
2011.03.07 09:21:29.721,1.37957,1.3798,1.47,2.40
2011.03.07 09:21:30.050,1.37957,1.3798,1.47,2.40
2011.03.07 09:21:30.965,1.37957,1.37982,1.47,2.78
2011.03.07 09:21:31.302,1.37957,1.37977,1.47,2.40
2011.03.07 09:21:31.634,1.3795,1.37976,2.22,3.15
2011.03.07 09:21:31.741,1.3795,1.37976,1.47,3.15
2011.03.07 09:21:32.072,1.3795,1.37976,2.22,3.15
2011.03.07 09:21:33.136,1.37952,1.37978,2.22,2.40
2011.03.07 09:21:33.476,1.37954,1.37979,1.47,2.40
2011.03.07 09:21:33.813,1.37954,1.37979,1.47,1.65
2011.03.07 09:21:33.927,1.37953,1.37978,1.47,2.40
2011.03.07 09:21:34.373,1.37954,1.37979,1.47,2.40
2011.03.07 09:21:34.701,1.37954,1.37979,1.47,2.40
2011.03.07 09:21:35.251,1.37952,1.37978,2.22,2.40
2011.03.07 09:21:35.801,1.37952,1.37977,1.47,2.40
2011.03.07 09:21:37.165,1.37954,1.37978,1.47,2.40
2011.03.07 09:21:37.503,1.37952,1.3797,1.47,2.40
2011.03.07 09:21:37.612,1.37954,1.37978,1.47,2.40
2011.03.07 09:21:37.831,1.37953,1.37977,1.47,2.40
2011.03.07 09:21:38.651,1.37952,1.37976,1.47,2.40
2011.03.07 09:21:38.983,1.37954,1.3798,1.47,3.15
2011.03.07 09:21:39.702,1.37954,1.3798,1.47,1.50
2011.03.07 09:21:40.692,1.37954,1.3798,1.47,3.15
2011.03.07 09:21:41.022,1.37954,1.3798,1.47,3.15
2011.03.07 09:21:41.354,1.3796,1.37983,1.50,2.40
2011.03.07 09:21:41.750,1.37962,1.37986,1.50,2.40
2011.03.07 09:21:41.974,1.37963,1.37982,1.47,1.65
2011.03.07 09:21:42.300,1.37962,1.37983,1.47,2.40
2011.03.07 09:21:43.512,1.37963,1.37984,1.47,1.65
2011.03.07 09:21:43.843,1.37963,1.3799,1.47,2.40
2011.03.07 09:21:43.953,1.37963,1.3799,2.22,2.40
2011.03.07 09:21:44.284,1.37968,1.37992,1.47,1.50
2011.03.07 09:21:44.401,1.3797,1.37994,3.12,1.50
2011.03.07 09:21:44.734,1.37973,1.37999,1.47,1.50
2011.03.07 09:21:46.744,1.37973,1.37999,1.47,1.50
2011.03.07 09:21:47.401,1.37975,1.37999,1.47,1.50
2011.03.07 09:21:47.844,1.37975,1.38001,3.87,2.40
2011.03.07 09:21:48.174,1.37975,1.38003,3.12,3.15
2011.03.07 09:21:48.282,1.37977,1.38003,2.37,3.15
2011.03.07 09:21:48.611,1.37976,1.38003,2.37,1.50
2011.03.07 09:21:48.943,1.37977,1.38003,1.47,3.15
2011.03.07 09:21:50.042,1.37975,1.38001,3.12,2.40
2011.03.07 09:21:50.661,1.37977,1.38003,2.37,1.50
2011.03.07 09:21:50.775,1.37979,1.38003,1.65,1.50
2011.03.07 09:21:51.112,1.37979,1.38005,3.12,1.50
2011.03.07 09:21:51.551,1.37979,1.38005,1.47,1.50
2011.03.07 09:21:51.992,1.37979,1.38005,1.47,1.50
2011.03.07 09:21:52.542,1.3798,1.38005,1.47,1.50
2011.03.07 09:21:54.786,1.37976,1.38006,3.87,1.50
2011.03.07 09:21:55.016,1.37985,1.38006,1.47,1.50
2011.03.07 09:21:55.244,1.37988,1.38011,1.65,1.50
2011.03.07 09:21:55.481,1.37985,1.38011,2.40,1.50
2011.03.07 09:21:55.703,1.37987,1.38006,1.65,1.97
2011.03.07 09:21:56.581,1.37986,1.38006,1.65,1.97
2011.03.07 09:21:57.130,1.37987,1.38006,2.37,1.97
2011.03.07 09:21:58.571,1.37989,1.38006,1.65,1.97
2011.03.07 09:21:58.901,1.37991,1.38006,2.37,1.97
2011.03.07 09:21:59.450,1.37992,1.38006,1.47,1.97
2011.03.07 09:21:59.562,1.37992,1.38006,1.47,1.97
2011.03.07 09:21:59.673,1.37992,1.38006,1.47,1.97
2011.03.07 09:21:59.891,1.37992,1.38006,1.47,1.97
2011.03.07 09:22:01.593,1.37992,1.38006,1.47,1.97
2011.03.07 09:22:02.141,1.37992,1.38006,1.47,1.97
2011.03.07 09:22:02.473,1.37989,1.38006,1.47,1.97
2011.03.07 09:22:02.692,1.37984,1.38006,1.47,1.97
2011.03.07 09:22:02.911,1.37984,1.38006,1.47,1.97
2011.03.07 09:22:03.164,1.37984,1.38006,1.47,1.97
2011.03.07 09:22:05.253,1.37984,1.38001,1.47,2.40
2011.03.07 09:22:05.819,1.37984,1.38006,1.47,1.97
2011.03.07 09:22:07.292,1.37984,1.38001,1.47,1.13
2011.03.07 09:22:07.403,1.3798,1.37995,1.50,3.90
2011.03.07 09:22:07.512,1.37974,1.37995,1.47,2.25
2011.03.07 09:22:07.842,1.37969,1.37986,1.47,2.25
2011.03.07 09:22:07.953,1.37969,1.37986,1.47,2.25
2011.03.07 09:22:08.281,1.37969,1.3799,1.47,3.90
2011.03.07 09:22:08.871,1.37969,1.37989,1.47,2.25
2011.03.07 09:22:09.357,1.37969,1.37989,1.47,2.25
2011.03.07 09:22:09.692,1.37972,1.37991,1.47,2.25
2011.03.07 09:22:10.025,1.37968,1.37993,5.67,2.44
2011.03.07 09:22:10.361,1.37963,1.37981,1.47,2.25
2011.03.07 09:22:10.806,1.37963,1.37984,1.47,2.40
2011.03.07 09:22:11.220,1.3797,1.37991,1.84,2.25
2011.03.07 09:22:11.662,1.37969,1.37992,1.66,2.25
2011.03.07 09:22:11.992,1.37967,1.37995,4.62,1.50
2011.03.07 09:22:12.213,1.37971,1.37993,1.47,2.40
2011.03.07 09:22:12.653,1.37973,1.37998,1.66,1.65
2011.03.07 09:22:12.984,1.37984,1.38007,1.66,1.97
2011.03.07 09:22:14.020,1.37983,1.38007,1.47,1.97
2011.03.07 09:22:14.576,1.37977,1.38,1.47,2.40
2011.03.07 09:22:14.802,1.37977,1.38,1.47,2.25
2011.03.07 09:22:14.915,1.37979,1.38004,1.47,2.40
2011.03.07 09:22:15.143,1.37986,1.38006,1.47,1.97
2011.03.07 09:22:15.692,1.37986,1.38006,1.47,1.97
2011.03.07 09:22:16.243,1.37986,1.38006,1.47,1.97
2011.03.07 09:22:16.574,1.37986,1.38006,1.47,1.97
2011.03.07 09:22:16.796,1.37981,1.38006,1.47,1.97
2011.03.07 09:22:17.416,1.37982,1.38006,1.47,1.97
2011.03.07 09:22:17.544,1.37972,1.37997,1.47,2.40
2011.03.07 09:22:17.665,1.37972,1.37996,1.47,2.40
2011.03.07 09:22:18.005,1.37973,1.37997,1.47,2.40
2011.03.07 09:22:18.562,1.37973,1.37998,1.47,2.40
2011.03.07 09:22:18.782,1.3797,1.37996,1.47,1.50
2011.03.07 09:22:19.885,1.37969,1.37996,1.47,1.50
2011.03.07 09:22:20.113,1.37971,1.37993,1.47,2.40
2011.03.07 09:22:20.333,1.37973,1.37994,1.47,1.13
2011.03.07 09:22:20.665,1.37973,1.37994,1.47,2.40
2011.03.07 09:22:20.783,1.37968,1.37994,2.22,2.40
2011.03.07 09:22:21.224,1.37966,1.37992,1.66,3.90
2011.03.07 09:22:21.581,1.37967,1.3799,1.47,1.50
2011.03.07 09:22:21.805,1.37967,1.3799,1.47,3.00
2011.03.07 09:22:22.034,1.37965,1.37988,1.47,2.25
2011.03.07 09:22:22.486,1.37964,1.37985,1.50,2.40
2011.03.07 09:22:22.714,1.37965,1.3799,1.65,1.50
2011.03.07 09:22:23.042,1.37966,1.37991,1.47,4.65
2011.03.07 09:22:23.374,1.37966,1.37991,1.47,4.65
2011.03.07 09:22:23.595,1.37962,1.37988,1.66,2.25
2011.03.07 09:22:23.936,1.37962,1.37984,1.47,2.40
2011.03.07 09:22:24.053,1.37956,1.37983,1.47,3.15
2011.03.07 09:22:24.272,1.37952,1.37982,3.23,2.25
2011.03.07 09:22:24.494,1.37953,1.3798,2.48,1.50
2011.03.07 09:22:24.603,1.37953,1.3798,2.56,1.50
2011.03.07 09:22:24.960,1.37957,1.37975,1.09,1.65
2011.03.07 09:22:25.077,1.3796,1.3798,1.47,2.40
2011.03.07 09:22:25.963,1.37959,1.37981,1.47,2.40
2011.03.07 09:22:26.511,1.37961,1.37982,1.47,2.40
2011.03.07 09:22:27.061,1.3796,1.37981,1.62,2.40
2011.03.07 09:22:29.291,1.37958,1.3798,1.47,2.40
2011.03.07 09:22:29.402,1.37957,1.37977,1.50,2.40
2011.03.07 09:22:29.513,1.37954,1.37977,2.41,2.40
2011.03.07 09:22:29.733,1.37958,1.37981,2.70,1.50
2011.03.07 09:22:30.140,1.37961,1.37981,2.70,3.15
2011.03.07 09:22:30.253,1.37955,1.37981,4.36,3.15
2011.03.07 09:22:30.801,1.37956,1.37981,3.64,1.50
2011.03.07 09:22:33.921,1.37958,1.37976,2.25,1.50
2011.03.07 09:22:34.033,1.37958,1.37976,1.50,2.25
2011.03.07 09:22:34.362,1.37955,1.37976,1.47,2.25
2011.03.07 09:22:34.471,1.37954,1.37974,2.22,2.25
2011.03.07 09:22:34.803,1.37954,1.37974,1.47,2.25
2011.03.07 09:22:36.505,1.37951,1.37975,1.47,1.50
2011.03.07 09:22:36.842,1.37951,1.37979,1.47,2.40
2011.03.07 09:22:37.412,1.37952,1.3798,1.47,3.15
2011.03.07 09:22:37.963,1.37952,1.37972,1.47,2.40
2011.03.07 09:22:38.514,1.37953,1.37979,3.42,3.90
2011.03.07 09:22:38.733,1.37952,1.37979,4.92,3.90
2011.03.07 09:22:39.813,1.37952,1.37979,1.47,2.25
2011.03.07 09:22:40.594,1.37952,1.37975,1.47,2.40
2011.03.07 09:22:40.921,1.37949,1.37975,1.81,2.40
2011.03.07 09:22:41.504,1.37949,1.37975,1.62,2.40
2011.03.07 09:22:41.845,1.37946,1.37964,1.47,2.40
2011.03.07 09:22:42.073,1.37942,1.37964,1.47,2.40
2011.03.07 09:22:42.512,1.37948,1.3797,1.47,2.40
2011.03.07 09:22:42.954,1.37949,1.37971,1.47,1.13
2011.03.07 09:22:43.072,1.37949,1.37968,1.47,2.40
2011.03.07 09:22:43.402,1.37947,1.37971,1.47,2.40
2011.03.07 09:22:43.622,1.37946,1.37967,1.47,2.40
2011.03.07 09:22:45.131,1.37946,1.37965,1.47,2.40
2011.03.07 09:22:45.464,1.37942,1.37959,1.47,2.40
2011.03.07 09:22:45.683,1.37942,1.37959,1.47,2.40
2011.03.07 09:22:46.120,1.37941,1.37959,1.47,2.40
2011.03.07 09:22:46.673,1.37939,1.37959,1.47,2.40
2011.03.07 09:22:47.224,1.37939,1.37962,2.22,1.13
2011.03.07 09:22:47.532,1.37941,1.37962,1.47,1.13
2011.03.07 09:22:47.650,1.37937,1.37961,2.22,2.40
2011.03.07 09:22:47.766,1.37935,1.3796,2.22,2.40
2011.03.07 09:22:48.432,1.37935,1.3796,1.47,3.90
2011.03.07 09:22:49.753,1.37936,1.37962,1.47,2.25
2011.03.07 09:22:50.631,1.37935,1.37956,1.47,2.25
2011.03.07 09:22:51.379,1.37935,1.37955,1.47,2.25
2011.03.07 09:22:51.934,1.37931,1.37955,1.66,2.25
2011.03.07 09:22:52.266,1.37931,1.37956,1.66,1.50
2011.03.07 09:22:52.603,1.37931,1.37956,1.47,1.50
2011.03.07 09:22:53.812,1.3793,1.37953,1.47,2.25
2011.03.07 09:22:54.034,1.3793,1.37953,1.47,2.25
2011.03.07 09:22:54.253,1.37924,1.37948,3.12,1.50
2011.03.07 09:22:54.472,1.37924,1.37948,3.12,1.50
2011.03.07 09:22:54.957,1.37923,1.37947,1.47,2.40
2011.03.07 09:22:55.521,1.37923,1.37946,1.47,3.15
2011.03.07 09:22:55.965,1.37923,1.37946,1.47,1.88
2011.03.07 09:22:56.523,1.3792,1.37945,1.66,1.50
2011.03.07 09:22:57.845,1.3792,1.37945,3.31,1.50
2011.03.07 09:22:58.511,1.37923,1.37947,3.12,1.13
2011.03.07 09:22:58.841,1.37923,1.37947,3.12,1.13
2011.03.07 09:22:59.942,1.37923,1.37946,3.12,1.13
2011.03.07 09:23:00.350,1.37926,1.37949,1.50,1.50
2011.03.07 09:23:00.466,1.37928,1.37951,1.47,2.25
2011.03.07 09:23:00.583,1.3793,1.37951,1.65,2.25
2011.03.07 09:23:00.806,1.3793,1.37952,2.40,1.50
2011.03.07 09:23:00.932,1.3793,1.37953,1.65,2.25
2011.03.07 09:23:01.483,1.37926,1.37952,1.66,1.50
2011.03.07 09:23:01.812,1.37928,1.37953,1.66,1.50
2011.03.07 09:23:04.741,1.37929,1.37953,1.66,1.50
2011.03.07 09:23:05.841,1.37929,1.37953,1.66,3.15
2011.03.07 09:23:06.390,1.37929,1.37953,1.66,3.15
2011.03.07 09:23:06.723,1.37929,1.37953,1.47,3.15
2011.03.07 09:23:06.944,1.37926,1.37948,1.47,2.40
2011.03.07 09:23:07.272,1.37926,1.37952,1.47,1.50
2011.03.07 09:23:07.821,1.37928,1.37953,1.47,3.15
2011.03.07 09:23:08.971,1.37929,1.37954,1.47,1.13
2011.03.07 09:23:09.701,1.37929,1.37954,1.47,1.13
2011.03.07 09:23:10.722,1.37925,1.37953,1.47,1.50
2011.03.07 09:23:11.271,1.37925,1.37949,1.47,1.50
2011.03.07 09:23:11.490,1.37925,1.37949,1.47,1.50
2011.03.07 09:23:13.445,1.37928,1.37949,1.50,1.50
2011.03.07 09:23:13.563,1.3793,1.37954,2.70,1.50
2011.03.07 09:23:13.672,1.37934,1.37955,1.47,1.13
2011.03.07 09:23:14.177,1.37934,1.37955,1.47,1.13
2011.03.07 09:23:14.510,1.37934,1.37955,1.47,1.13
2011.03.07 09:23:15.026,1.37933,1.37955,1.47,1.13
2011.03.07 09:23:15.256,1.37933,1.37948,1.47,1.65
2011.03.07 09:23:15.487,1.37933,1.37955,1.47,1.13
2011.03.07 09:23:16.042,1.37935,1.37955,1.47,1.13
2011.03.07 09:23:16.375,1.37936,1.37957,1.47,1.13
2011.03.07 09:23:16.494,1.37936,1.37956,1.47,1.13
2011.03.07 09:23:17.151,1.37936,1.37955,1.47,2.78
2011.03.07 09:23:17.741,1.37936,1.37956,1.47,1.13
2011.03.07 09:23:18.283,1.37936,1.37957,1.47,1.13
2011.03.07 09:23:18.723,1.37935,1.37957,4.17,1.13
2011.03.07 09:23:18.942,1.37935,1.37958,1.47,1.13
2011.03.07 09:23:19.271,1.37935,1.37957,1.47,1.13
2011.03.07 09:23:19.833,1.37935,1.37956,1.47,1.13
2011.03.07 09:23:20.283,1.37934,1.37955,1.47,1.13
2011.03.07 09:23:20.612,1.3793,1.37956,2.22,1.13
2011.03.07 09:23:21.272,1.3793,1.37955,2.22,2.78
2011.03.07 09:23:21.501,1.3793,1.37955,1.47,1.13
2011.03.07 09:23:21.611,1.3793,1.37955,1.47,1.13
2011.03.07 09:23:21.832,1.3793,1.37955,2.22,1.13
2011.03.07 09:23:22.383,1.37929,1.37953,1.50,1.50
2011.03.07 09:23:22.823,1.37927,1.37952,1.47,2.40
2011.03.07 09:23:23.151,1.37927,1.37949,1.47,2.40
2011.03.07 09:23:23.482,1.37927,1.37953,1.47,3.15
2011.03.07 09:23:23.811,1.37927,1.37953,1.47,1.50
2011.03.07 09:23:25.713,1.37931,1.37954,4.06,1.13
2011.03.07 09:23:26.262,1.37934,1.37957,2.40,1.50
2011.03.07 09:23:26.372,1.37935,1.37961,1.47,3.00
2011.03.07 09:23:26.593,1.37936,1.37961,2.40,1.50
2011.03.07 09:23:27.034,1.37936,1.37953,1.65,1.13
2011.03.07 09:23:27.261,1.37933,1.37952,1.47,2.78
2011.03.07 09:23:27.371,1.37932,1.37952,1.47,2.78
2011.03.07 09:23:27.812,1.37932,1.37952,1.47,2.78
2011.03.07 09:23:28.031,1.37932,1.37952,1.47,2.78
2011.03.07 09:23:28.362,1.37932,1.37951,1.47,2.40
2011.03.07 09:23:28.942,1.37932,1.37953,1.47,1.13
2011.03.07 09:23:29.995,1.37932,1.37953,1.47,1.13
2011.03.07 09:23:30.335,1.37932,1.37953,1.47,1.13
2011.03.07 09:23:30.671,1.37932,1.37953,1.47,1.13
2011.03.07 09:23:31.002,1.37932,1.3795,1.47,1.65
2011.03.07 09:23:31.111,1.37932,1.37948,1.47,1.65
2011.03.07 09:23:31.550,1.37932,1.37948,1.47,1.65
2011.03.07 09:23:31.773,1.37936,1.37954,1.47,1.13
2011.03.07 09:23:31.993,1.37929,1.37951,1.47,1.50
2011.03.07 09:23:32.102,1.37927,1.37942,1.47,1.65
2011.03.07 09:23:32.322,1.37926,1.37944,2.22,1.65
2011.03.07 09:23:32.432,1.37929,1.37952,1.47,1.13
2011.03.07 09:23:33.157,1.3793,1.37953,1.50,3.53
2011.03.07 09:23:33.602,1.37931,1.37953,1.47,2.40
2011.03.07 09:23:33.932,1.37931,1.37954,1.47,1.13
2011.03.07 09:23:34.481,1.37931,1.37954,1.47,1.13
2011.03.07 09:23:34.812,1.37931,1.37953,1.47,1.65
2011.03.07 09:23:35.363,1.37931,1.37954,1.47,2.78
2011.03.07 09:23:35.581,1.37931,1.37953,1.47,2.40
2011.03.07 09:23:36.973,1.37931,1.37953,1.47,1.65
2011.03.07 09:23:37.520,1.37936,1.37955,1.47,1.13
2011.03.07 09:23:37.742,1.37936,1.37955,1.47,1.13
2011.03.07 09:23:38.293,1.37936,1.37953,1.47,1.65
2011.03.07 09:23:38.684,1.37934,1.3795,2.22,1.65
2011.03.07 09:23:39.123,1.37935,1.37953,1.47,1.65
2011.03.07 09:23:39.232,1.37934,1.3795,2.22,1.65
2011.03.07 09:23:39.343,1.37934,1.37952,2.22,1.65
2011.03.07 09:23:39.781,1.37934,1.3795,2.22,1.65
2011.03.07 09:23:40.343,1.37934,1.37951,2.22,1.65
2011.03.07 09:23:41.530,1.37932,1.37951,1.47,1.65
2011.03.07 09:23:41.643,1.3793,1.37951,1.47,2.40
2011.03.07 09:23:42.941,1.3793,1.37951,1.47,2.40
2011.03.07 09:23:44.121,1.3793,1.37951,1.47,2.40
2011.03.07 09:23:45.743,1.3794,1.37951,1.69,1.65
2011.03.07 09:23:46.183,1.37937,1.37961,1.47,1.13
2011.03.07 09:23:46.292,1.37937,1.37961,1.47,1.13
2011.03.07 09:23:46.621,1.3794,1.3796,1.47,1.13
2011.03.07 09:23:47.612,1.3794,1.3796,1.47,1.13
2011.03.07 09:23:47.834,1.37935,1.37961,1.47,1.50
2011.03.07 09:23:48.687,1.37935,1.3796,2.22,1.13
2011.03.07 09:23:49.020,1.37935,1.3796,1.47,1.13
2011.03.07 09:23:49.461,1.37932,1.37958,2.22,1.50
2011.03.07 09:23:50.052,1.37932,1.37957,1.47,2.40
2011.03.07 09:23:50.162,1.37932,1.37949,1.47,1.65
2011.03.07 09:23:50.535,1.37928,1.37949,1.47,2.40
2011.03.07 09:23:50.762,1.37929,1.37949,1.47,2.40
2011.03.07 09:23:51.425,1.37928,1.37948,1.47,2.40
2011.03.07 09:23:51.651,1.37929,1.37948,1.47,2.40
2011.03.07 09:23:51.875,1.37929,1.37955,1.47,1.50
2011.03.07 09:23:52.105,1.37929,1.37952,1.47,1.65
2011.03.07 09:23:52.225,1.37927,1.37952,2.22,2.40
2011.03.07 09:23:52.671,1.37925,1.37951,2.22,1.50
2011.03.07 09:23:53.871,1.37926,1.37951,1.47,1.50
2011.03.07 09:23:54.091,1.37927,1.37951,1.47,1.50
2011.03.07 09:23:54.315,1.3793,1.37952,1.47,2.40
2011.03.07 09:23:55.455,1.3793,1.3795,1.47,2.40
2011.03.07 09:23:56.012,1.3793,1.37952,1.47,2.40
2011.03.07 09:23:57.602,1.37928,1.37952,1.47,2.40
2011.03.07 09:23:58.043,1.37927,1.37952,1.50,3.15
2011.03.07 09:23:58.593,1.3793,1.37952,1.47,2.78
2011.03.07 09:23:58.704,1.3793,1.37952,1.47,1.13
2011.03.07 09:23:59.032,1.37932,1.37954,1.47,1.13
2011.03.07 09:23:59.363,1.37932,1.37948,1.47,1.65
2011.03.07 09:23:59.472,1.3793,1.37948,1.47,2.40
2011.03.07 09:23:59.581,1.37929,1.37948,1.47,2.40
2011.03.07 09:23:59.801,1.37929,1.37948,1.47,2.40
2011.03.07 09:24:00.022,1.37924,1.3794,2.22,1.65
2011.03.07 09:24:00.206,1.37924,1.3794,1.47,1.65
2011.03.07 09:24:00.447,1.37922,1.37939,1.47,2.40
2011.03.07 09:24:01.004,1.3792,1.37938,1.47,2.25
2011.03.07 09:24:01.555,1.3792,1.37938,1.47,2.25
2011.03.07 09:24:01.783,1.37917,1.37938,1.47,2.40
2011.03.07 09:24:01.894,1.37916,1.37933,2.22,1.65
2011.03.07 09:24:02.441,1.37916,1.37934,2.22,1.65
2011.03.07 09:24:02.992,1.37916,1.37935,1.47,2.40
2011.03.07 09:24:04.965,1.37913,1.37931,1.47,1.65
2011.03.07 09:24:05.192,1.37914,1.37931,1.47,1.65
2011.03.07 09:24:06.012,1.37914,1.37932,1.47,1.65
2011.03.07 09:24:06.121,1.37914,1.3793,1.47,1.65
2011.03.07 09:24:06.452,1.37912,1.3793,1.50,1.65
2011.03.07 09:24:06.563,1.3791,1.3793,1.47,2.40
2011.03.07 09:24:06.785,1.3791,1.37927,1.47,1.65
2011.03.07 09:24:06.902,1.3791,1.37934,1.47,1.50
2011.03.07 09:24:07.015,1.37909,1.37926,1.47,1.65
2011.03.07 09:24:07.132,1.37909,1.37929,1.47,2.40
2011.03.07 09:24:07.571,1.37909,1.37926,1.47,1.65
2011.03.07 09:24:07.904,1.37898,1.37917,1.47,1.50
2011.03.07 09:24:08.122,1.37889,1.37906,1.47,1.88
2011.03.07 09:24:08.233,1.37889,1.37901,1.47,2.03
2011.03.07 09:24:08.644,1.37889,1.37915,1.47,2.78
2011.03.07 09:24:08.872,1.37889,1.37912,1.47,1.65
2011.03.07 09:24:08.983,1.37889,1.37912,1.47,1.65
2011.03.07 09:24:09.092,1.37889,1.37912,1.47,2.40
2011.03.07 09:24:09.202,1.37889,1.37912,1.47,1.65
2011.03.07 09:24:09.540,1.37889,1.37906,1.47,1.65
2011.03.07 09:24:09.873,1.37889,1.37915,1.47,1.13
2011.03.07 09:24:10.093,1.37894,1.37913,1.47,4.84
2011.03.07 09:24:10.205,1.37886,1.3791,1.47,1.69
2011.03.07 09:24:10.552,1.37888,1.37904,1.50,1.65
2011.03.07 09:24:10.662,1.37889,1.37912,1.47,1.13
2011.03.07 09:24:10.995,1.37888,1.37908,1.47,1.50
2011.03.07 09:24:11.332,1.37881,1.37903,1.47,2.40
2011.03.07 09:24:11.994,1.37881,1.37891,1.47,1.50
2011.03.07 09:24:12.118,1.37859,1.3788,1.47,1.65
2011.03.07 09:24:12.291,1.37859,1.3788,1.47,1.65
2011.03.07 09:24:12.407,1.37866,1.37893,1.47,5.85
2011.03.07 09:24:12.744,1.37866,1.37889,1.47,1.65
2011.03.07 09:24:12.862,1.37866,1.37893,1.47,1.50
2011.03.07 09:24:12.974,1.37866,1.37893,1.47,1.50
2011.03.07 09:24:13.355,1.37866,1.37893,3.12,1.50
2011.03.07 09:24:13.694,1.37865,1.37889,2.40,1.50
2011.03.07 09:24:14.035,1.37866,1.3789,1.47,1.50
2011.03.07 09:24:14.372,1.37866,1.37885,1.47,2.03
2011.03.07 09:24:14.705,1.37856,1.37863,3.45,1.65
2011.03.07 09:24:15.170,1.3785,1.37861,1.50,1.65
2011.03.07 09:24:15.291,1.3785,1.37878,2.40,3.00
2011.03.07 09:24:15.403,1.3785,1.37876,2.40,1.50
2011.03.07 09:24:15.735,1.37852,1.37877,1.47,1.65
2011.03.07 09:24:16.291,1.37852,1.37876,1.47,1.65
2011.03.07 09:24:16.843,1.37852,1.37879,1.47,3.90
2011.03.07 09:24:17.172,1.37853,1.37879,2.40,3.90
2011.03.07 09:24:17.615,1.37852,1.37868,1.47,1.65
2011.03.07 09:24:18.172,1.37852,1.37869,1.69,1.65
2011.03.07 09:24:18.505,1.37862,1.37876,2.40,1.50
2011.03.07 09:24:18.747,1.37853,1.37883,2.59,1.50
2011.03.07 09:24:18.865,1.37853,1.37884,2.59,1.88
2011.03.07 09:24:19.421,1.37857,1.37883,1.47,2.40
2011.03.07 09:24:19.531,1.37857,1.37881,1.47,2.25
2011.03.07 09:24:19.752,1.37853,1.37878,3.31,1.50
2011.03.07 09:24:20.081,1.37853,1.37873,2.40,1.88
2011.03.07 09:24:20.411,1.37849,1.37873,2.40,1.88
2011.03.07 09:24:21.183,1.37847,1.37873,2.41,2.78
2011.03.07 09:24:21.622,1.3785,1.37873,2.40,1.13
2011.03.07 09:24:21.842,1.37847,1.37873,3.31,1.13
2011.03.07 09:24:22.392,1.37847,1.37872,1.66,2.03
2011.03.07 09:24:22.804,1.37847,1.37872,1.47,1.65
2011.03.07 09:24:23.024,1.37851,1.37872,1.47,2.03
2011.03.07 09:24:23.255,1.37847,1.3787,1.47,1.65
2011.03.07 09:24:23.375,1.37847,1.37876,1.47,1.50
2011.03.07 09:24:23.496,1.37847,1.37876,1.47,3.15
2011.03.07 09:24:23.984,1.37855,1.37881,1.47,1.13
2011.03.07 09:24:24.203,1.37855,1.37879,1.47,1.13
2011.03.07 09:24:24.533,1.37851,1.37876,1.47,1.65
2011.03.07 09:24:25.131,1.37851,1.37875,1.47,1.65
2011.03.07 09:24:25.463,1.37859,1.37879,2.40,1.50
2011.03.07 09:24:25.572,1.37859,1.37877,2.40,1.50
2011.03.07 09:24:26.234,1.37851,1.37877,1.66,1.50
2011.03.07 09:24:26.782,1.37851,1.37877,1.66,1.50
2011.03.07 09:24:27.114,1.37851,1.37874,1.47,1.65
2011.03.07 09:24:27.673,1.37851,1.37874,1.47,1.65
2011.03.07 09:24:28.665,1.37848,1.37874,1.47,3.15
2011.03.07 09:24:28.784,1.37848,1.37868,1.47,1.65
2011.03.07 09:24:29.002,1.37848,1.37868,1.47,1.65
2011.03.07 09:24:29.556,1.37841,1.37867,1.47,2.40
2011.03.07 09:24:29.782,1.37841,1.37866,1.47,1.50
2011.03.07 09:24:30.004,1.37841,1.37864,1.47,1.50
2011.03.07 09:24:30.111,1.37841,1.37859,1.47,1.65
2011.03.07 09:24:30.333,1.37841,1.37859,1.47,1.65
2011.03.07 09:24:30.551,1.37834,1.37859,1.47,1.65
2011.03.07 09:24:31.104,1.37839,1.3786,1.47,1.65
2011.03.07 09:24:32.092,1.37835,1.3786,1.47,2.40
2011.03.07 09:24:32.312,1.37836,1.37859,1.47,1.65
2011.03.07 09:24:32.752,1.37839,1.37863,1.47,1.13
2011.03.07 09:24:33.303,1.37842,1.37866,1.50,1.50
2011.03.07 09:24:33.413,1.37845,1.3787,2.40,1.50
2011.03.07 09:24:33.633,1.37841,1.37868,1.47,3.15
2011.03.07 09:24:34.011,1.37842,1.37865,1.69,1.50
2011.03.07 09:24:34.571,1.37838,1.37866,1.47,2.40
2011.03.07 09:24:35.122,1.37838,1.37864,1.47,1.50
2011.03.07 09:24:35.234,1.37838,1.37859,1.47,1.65
2011.03.07 09:24:35.562,1.37838,1.37859,1.47,1.65
2011.03.07 09:24:36.223,1.37838,1.3786,1.47,1.65
2011.03.07 09:24:36.335,1.37838,1.3786,1.47,2.40
2011.03.07 09:24:36.452,1.37838,1.37856,1.47,1.65
2011.03.07 09:24:36.781,1.37834,1.37856,1.47,1.65
2011.03.07 09:24:36.892,1.37834,1.37856,1.47,1.65
2011.03.07 09:24:37.331,1.37831,1.37856,1.47,1.65
2011.03.07 09:24:37.902,1.37831,1.37856,1.47,2.40
2011.03.07 09:24:38.124,1.37831,1.37854,1.47,1.65
2011.03.07 09:24:38.452,1.37829,1.3785,1.47,1.65
2011.03.07 09:24:38.891,1.37829,1.3785,1.47,1.65
2011.03.07 09:24:39.851,1.37829,1.3785,1.47,1.65
2011.03.07 09:24:41.002,1.37829,1.3785,1.47,2.40
2011.03.07 09:24:41.443,1.37825,1.37845,1.47,1.65
2011.03.07 09:24:41.993,1.37825,1.37843,1.47,1.65
2011.03.07 09:24:42.103,1.37825,1.37847,1.47,1.65
2011.03.07 09:24:42.213,1.37825,1.37848,1.47,1.65
2011.03.07 09:24:42.546,1.37829,1.37855,1.47,1.50
2011.03.07 09:24:43.102,1.37829,1.37855,1.47,1.50
2011.03.07 09:24:43.212,1.37829,1.37855,1.47,2.25
2011.03.07 09:24:43.762,1.37829,1.37854,1.47,2.40
2011.03.07 09:24:44.273,1.37829,1.37852,1.47,1.65
2011.03.07 09:24:44.822,1.37829,1.37855,1.47,3.15
2011.03.07 09:24:45.151,1.37833,1.37855,1.47,1.65
2011.03.07 09:24:45.593,1.37833,1.37853,1.47,1.65
2011.03.07 09:24:46.137,1.37833,1.37854,1.47,1.65
2011.03.07 09:24:47.242,1.37828,1.37854,1.47,3.15
2011.03.07 09:24:47.881,1.37828,1.37854,1.47,1.50
2011.03.07 09:24:49.773,1.37828,1.37854,1.47,1.50
2011.03.07 09:24:50.325,1.37828,1.37849,3.12,1.50
2011.03.07 09:24:50.554,1.37828,1.37847,2.40,1.50
2011.03.07 09:24:50.670,1.3782,1.37848,1.47,1.65
2011.03.07 09:24:50.784,1.3782,1.37846,1.47,1.65
2011.03.07 09:24:52.802,1.37819,1.37846,1.62,3.15
2011.03.07 09:24:53.133,1.37819,1.37842,1.47,1.65
2011.03.07 09:24:53.463,1.37819,1.37843,1.47,1.65
2011.03.07 09:24:54.051,1.37819,1.37842,1.47,1.65
2011.03.07 09:24:54.626,1.37819,1.37842,1.47,1.65
2011.03.07 09:24:54.962,1.37816,1.37842,1.54,2.40
2011.03.07 09:24:55.295,1.37816,1.37838,1.47,1.65
2011.03.07 09:24:55.411,1.37816,1.37843,1.47,1.65
2011.03.07 09:24:55.522,1.37815,1.37841,1.47,1.50
2011.03.07 09:24:55.961,1.37815,1.37841,1.47,1.50
2011.03.07 09:24:56.395,1.37815,1.37841,1.54,3.15
2011.03.07 09:24:56.622,1.37815,1.37841,1.54,1.50
2011.03.07 09:24:57.286,1.37815,1.37841,3.12,1.50
2011.03.07 09:24:57.954,1.37815,1.37841,1.54,3.15
2011.03.07 09:24:58.392,1.3782,1.37842,1.47,1.65
2011.03.07 09:24:58.722,1.3782,1.37844,1.47,2.40
2011.03.07 09:24:58.942,1.3782,1.37841,1.47,1.65
2011.03.07 09:24:59.931,1.37823,1.37841,1.47,1.65
2011.03.07 09:25:00.592,1.37823,1.37841,1.47,1.65
2011.03.07 09:25:00.704,1.37823,1.37848,1.47,1.65
2011.03.07 09:25:01.217,1.37823,1.3785,1.47,1.50
2011.03.07 09:25:02.523,1.37824,1.3785,2.40,1.50
2011.03.07 09:25:02.962,1.37824,1.3785,2.40,1.50
2011.03.07 09:25:03.514,1.37824,1.3785,2.40,1.50
2011.03.07 09:25:03.954,1.37826,1.3785,2.40,1.50
2011.03.07 09:25:04.942,1.37823,1.3785,1.62,1.50
2011.03.07 09:25:05.496,1.37831,1.37852,1.47,1.65
2011.03.07 09:25:05.612,1.37831,1.37855,1.47,2.40
2011.03.07 09:25:05.914,1.37831,1.37856,1.47,2.40
2011.03.07 09:25:07.532,1.37831,1.37856,1.47,2.40
2011.03.07 09:25:07.860,1.37828,1.37854,2.22,2.40
2011.03.07 09:25:07.975,1.37831,1.37854,1.47,1.65
2011.03.07 09:25:08.551,1.37831,1.37854,1.47,1.65
2011.03.07 09:25:09.102,1.37831,1.37855,1.47,1.50
2011.03.07 09:25:09.541,1.37831,1.37855,1.47,1.50
2011.03.07 09:25:10.984,1.37831,1.37858,1.47,1.50
2011.03.07 09:25:11.204,1.37839,1.37864,2.40,1.50
2011.03.07 09:25:11.755,1.37839,1.37864,2.59,1.50
2011.03.07 09:25:11.874,1.37853,1.37871,1.65,2.25
2011.03.07 09:25:12.095,1.37849,1.37868,2.40,1.50
2011.03.07 09:25:12.214,1.37841,1.3787,1.47,1.50
2011.03.07 09:25:12.433,1.3784,1.37865,1.47,1.50
2011.03.07 09:25:12.765,1.37836,1.37863,1.47,1.88
2011.03.07 09:25:12.883,1.37835,1.37859,2.40,1.50
2011.03.07 09:25:13.214,1.37832,1.37858,3.31,2.40
2011.03.07 09:25:13.433,1.37832,1.37858,3.12,2.40
2011.03.07 09:25:13.881,1.37829,1.37853,1.47,2.40
2011.03.07 09:25:14.103,1.37829,1.37853,1.47,2.40
2011.03.07 09:25:14.213,1.37829,1.37853,1.47,2.40
2011.03.07 09:25:15.315,1.37821,1.37846,1.47,1.65
2011.03.07 09:25:15.434,1.37815,1.3784,2.40,1.50
2011.03.07 09:25:15.991,1.37813,1.3784,1.47,3.15
2011.03.07 09:25:16.704,1.37824,1.37849,1.47,1.69
2011.03.07 09:25:16.812,1.37824,1.3785,1.47,1.50
2011.03.07 09:25:16.921,1.37824,1.37853,3.12,2.40
2011.03.07 09:25:17.824,1.37827,1.37846,1.47,1.65
2011.03.07 09:25:17.931,1.37827,1.37846,1.47,1.65
2011.03.07 09:25:18.042,1.37827,1.3785,1.47,1.65
2011.03.07 09:25:18.380,1.37827,1.37849,1.47,1.65
2011.03.07 09:25:18.495,1.37827,1.37854,1.47,3.15
2011.03.07 09:25:18.614,1.37826,1.37854,1.50,3.15
2011.03.07 09:25:18.953,1.37825,1.37852,1.47,1.50
2011.03.07 09:25:19.284,1.37828,1.37854,3.12,2.40
2011.03.07 09:25:19.502,1.37833,1.37855,2.40,1.50
2011.03.07 09:25:19.945,1.37828,1.37853,1.47,3.15
2011.03.07 09:25:20.522,1.37829,1.37855,2.40,3.15
2011.03.07 09:25:20.851,1.37832,1.37858,3.12,2.25
2011.03.07 09:25:20.963,1.37832,1.37858,3.12,1.50
2011.03.07 09:25:21.072,1.37832,1.37855,1.47,1.65
2011.03.07 09:25:21.294,1.37832,1.37855,1.47,1.65
2011.03.07 09:25:21.561,1.37832,1.37855,1.47,1.65
2011.03.07 09:25:21.781,1.37832,1.37857,1.47,2.40
2011.03.07 09:25:22.652,1.37832,1.37857,1.47,2.40
2011.03.07 09:25:23.221,1.37832,1.37859,3.12,1.50
2011.03.07 09:25:23.445,1.37832,1.37857,1.47,1.65
2011.03.07 09:25:23.672,1.37837,1.37859,1.47,2.40
2011.03.07 09:25:24.884,1.37844,1.37863,1.65,1.50
2011.03.07 09:25:24.997,1.37846,1.37869,1.47,2.40
2011.03.07 09:25:25.222,1.37843,1.37869,3.12,2.40
2011.03.07 09:25:25.445,1.37842,1.3786,1.50,1.65
2011.03.07 09:25:25.882,1.37836,1.37859,1.47,3.15
2011.03.07 09:25:26.433,1.37836,1.37858,1.47,1.50
2011.03.07 09:25:26.763,1.37839,1.37862,1.47,1.65
2011.03.07 09:25:26.962,1.3784,1.37865,1.47,2.40
2011.03.07 09:25:27.663,1.37842,1.37866,2.40,1.50
2011.03.07 09:25:28.231,1.37844,1.37866,2.40,1.50
2011.03.07 09:25:28.454,1.37844,1.37866,2.40,1.50
2011.03.07 09:25:28.891,1.37846,1.37866,2.40,1.50
2011.03.07 09:25:29.001,1.37846,1.37869,2.40,1.50
2011.03.07 09:25:29.442,1.37846,1.37868,2.40,1.50
2011.03.07 09:25:29.771,1.37842,1.37867,1.47,1.65
2011.03.07 09:25:29.883,1.37838,1.37865,1.47,1.50
2011.03.07 09:25:30.103,1.37838,1.37865,1.47,1.50
2011.03.07 09:25:30.652,1.37838,1.37863,1.47,1.65
2011.03.07 09:25:31.091,1.37838,1.37863,1.47,1.65
2011.03.07 09:25:32.473,1.37838,1.37865,1.47,3.15
2011.03.07 09:25:33.026,1.37838,1.37865,1.47,1.50
2011.03.07 09:25:33.361,1.37841,1.37868,1.47,2.25
2011.03.07 09:25:33.914,1.37841,1.37867,3.12,1.50
2011.03.07 09:25:34.025,1.37841,1.37868,1.47,2.25
2011.03.07 09:25:34.137,1.37846,1.37868,1.65,2.25
2011.03.07 09:25:34.473,1.37846,1.37868,2.40,1.50
2011.03.07 09:25:35.023,1.37843,1.37862,1.84,3.45
2011.03.07 09:25:35.243,1.37838,1.37857,1.50,1.50
2011.03.07 09:25:35.355,1.37833,1.37856,2.40,1.50
2011.03.07 09:25:35.474,1.37831,1.37856,2.40,1.50
2011.03.07 09:25:35.858,1.37829,1.37856,3.12,1.50
2011.03.07 09:25:36.310,1.37827,1.37852,1.47,1.50
2011.03.07 09:25:36.428,1.37822,1.37846,1.66,1.50
2011.03.07 09:25:36.547,1.37828,1.37848,2.40,1.50
2011.03.07 09:25:36.885,1.37822,1.37846,1.47,1.50
2011.03.07 09:25:37.114,1.37822,1.37846,1.47,1.50
2011.03.07 09:25:37.664,1.3782,1.37843,1.13,1.50
2011.03.07 09:25:37.993,1.37825,1.37845,2.40,1.50
2011.03.07 09:25:38.212,1.37825,1.37845,2.40,1.50
2011.03.07 09:25:38.542,1.37819,1.37845,1.47,1.50
2011.03.07 09:25:39.137,1.37822,1.37846,2.22,1.50
2011.03.07 09:25:39.255,1.37822,1.37846,2.22,1.50
2011.03.07 09:25:39.482,1.37822,1.37845,1.47,1.65
2011.03.07 09:25:39.705,1.37822,1.3784,1.47,1.65
2011.03.07 09:25:39.823,1.37822,1.3784,1.47,1.65
2011.03.07 09:25:40.703,1.37818,1.3784,1.47,1.65
2011.03.07 09:25:40.921,1.37818,1.37845,1.47,1.50
2011.03.07 09:25:41.471,1.37821,1.37844,2.40,1.50
2011.03.07 09:25:42.795,1.37823,1.37847,1.47,1.50
2011.03.07 09:25:43.658,1.37823,1.37847,1.47,3.15
2011.03.07 09:25:44.543,1.37823,1.37847,1.47,2.40
2011.03.07 09:25:44.763,1.37828,1.37854,3.12,3.90
2011.03.07 09:25:44.872,1.37828,1.37854,3.12,2.40
2011.03.07 09:25:44.984,1.37832,1.37858,2.40,1.69
2011.03.07 09:25:45.323,1.37833,1.37857,1.47,2.40
2011.03.07 09:25:45.762,1.37833,1.37856,1.47,1.50
2011.03.07 09:25:46.311,1.37833,1.37856,1.47,2.40
2011.03.07 09:25:46.533,1.37842,1.37856,1.47,1.65
2011.03.07 09:25:46.643,1.37842,1.37867,3.12,1.50
2011.03.07 09:25:47.256,1.37842,1.37867,3.12,1.50
2011.03.07 09:25:47.814,1.3784,1.37864,2.40,1.50
2011.03.07 09:25:47.932,1.37841,1.37864,2.40,1.50
2011.03.07 09:25:48.261,1.37842,1.37859,1.65,1.50
2011.03.07 09:25:48.372,1.37835,1.37859,1.47,1.50
2011.03.07 09:25:48.487,1.37834,1.3786,1.50,1.50
2011.03.07 09:25:48.824,1.37833,1.3786,2.40,1.50
2011.03.07 09:25:48.932,1.37834,1.37856,2.40,1.50
2011.03.07 09:25:49.481,1.37833,1.37856,2.40,1.50
2011.03.07 09:25:49.704,1.37832,1.37856,2.40,1.50
2011.03.07 09:25:50.252,1.37833,1.37856,2.40,1.50
2011.03.07 09:25:54.001,1.37833,1.37856,2.40,1.50
2011.03.07 09:25:54.880,1.37833,1.37856,2.40,1.50
2011.03.07 09:25:55.431,1.37833,1.37856,2.40,1.50
2011.03.07 09:25:55.801,1.37833,1.37856,2.40,1.50
2011.03.07 09:25:56.304,1.37833,1.37856,1.65,1.50
2011.03.07 09:25:56.526,1.37831,1.37856,3.12,1.50
2011.03.07 09:25:56.754,1.37832,1.37853,2.40,1.50
2011.03.07 09:25:57.311,1.37833,1.37854,2.40,1.50
2011.03.07 09:25:57.861,1.37831,1.37853,2.40,1.50
2011.03.07 09:25:58.192,1.37831,1.37847,1.65,1.50
2011.03.07 09:25:58.587,1.37821,1.3784,1.47,1.65
2011.03.07 09:25:58.711,1.37821,1.37847,1.47,1.50
2011.03.07 09:25:58.826,1.37821,1.37849,1.47,3.15
2011.03.07 09:25:58.943,1.37821,1.37849,1.47,1.50
2011.03.07 09:25:59.492,1.37821,1.37848,1.47,2.40
2011.03.07 09:25:59.712,1.37818,1.37843,1.47,1.50
2011.03.07 09:26:00.151,1.37817,1.37841,2.40,1.50
2011.03.07 09:26:00.482,1.37817,1.37841,2.40,1.50
2011.03.07 09:26:00.812,1.37817,1.37841,2.40,1.50
2011.03.07 09:26:01.380,1.37817,1.37841,2.40,1.50
2011.03.07 09:26:02.155,1.37814,1.3784,3.12,2.40
2011.03.07 09:26:03.255,1.37813,1.37835,2.22,2.40
2011.03.07 09:26:03.485,1.37809,1.37834,1.47,1.50
2011.03.07 09:26:03.605,1.37802,1.37828,1.47,1.50
2011.03.07 09:26:04.161,1.37803,1.3783,1.47,2.25
2011.03.07 09:26:04.824,1.37802,1.37829,1.47,1.50
2011.03.07 09:26:05.043,1.37799,1.37825,1.47,1.50
2011.03.07 09:26:05.594,1.37799,1.37822,1.47,1.65
2011.03.07 09:26:06.141,1.37799,1.37822,1.47,1.65
2011.03.07 09:26:07.574,1.37798,1.37822,1.47,2.40
2011.03.07 09:26:07.911,1.37799,1.37813,1.47,1.65
2011.03.07 09:26:08.352,1.37795,1.37805,1.47,1.65
2011.03.07 09:26:08.774,1.37796,1.37815,1.47,1.65
2011.03.07 09:26:09.321,1.37796,1.37815,1.47,1.65
2011.03.07 09:26:09.762,1.37796,1.37815,1.47,1.65
2011.03.07 09:26:09.873,1.37798,1.37822,3.45,2.40
2011.03.07 09:26:09.982,1.37801,1.37822,1.47,1.65
2011.03.07 09:26:10.531,1.37801,1.37822,1.47,1.65
2011.03.07 09:26:11.543,1.37806,1.3782,1.69,1.65
2011.03.07 09:26:11.654,1.3781,1.37834,1.47,2.40
2011.03.07 09:26:11.762,1.3781,1.37834,1.47,2.40
2011.03.07 09:26:11.982,1.37806,1.37828,1.47,2.40
2011.03.07 09:26:12.754,1.37806,1.3782,1.47,1.65
2011.03.07 09:26:13.302,1.37804,1.37819,1.47,1.65
2011.03.07 09:26:13.851,1.37804,1.3782,1.47,1.65
2011.03.07 09:26:14.171,1.37804,1.3782,1.47,1.65
2011.03.07 09:26:14.813,1.37804,1.37821,1.47,1.65
2011.03.07 09:26:15.141,1.37804,1.3782,1.47,1.65
2011.03.07 09:26:15.745,1.37804,1.37819,1.47,1.65
2011.03.07 09:26:16.191,1.37804,1.37821,1.47,1.65
2011.03.07 09:26:16.743,1.37804,1.37821,1.47,1.65
2011.03.07 09:26:17.182,1.37804,1.37821,1.47,1.65
2011.03.07 09:26:17.732,1.37804,1.37822,1.47,1.65
2011.03.07 09:26:17.953,1.37804,1.3782,1.47,1.65
2011.03.07 09:26:18.391,1.37804,1.37822,1.47,1.65
2011.03.07 09:26:18.832,1.37804,1.3782,1.47,1.65
2011.03.07 09:26:19.493,1.37802,1.3782,1.47,1.65
2011.03.07 09:26:19.601,1.378,1.37819,1.47,1.65
2011.03.07 09:26:19.712,1.378,1.37819,1.47,1.65
2011.03.07 09:26:20.304,1.378,1.37819,1.47,1.65
2011.03.07 09:26:21.567,1.378,1.37819,1.47,1.65
2011.03.07 09:26:22.015,1.378,1.37815,1.47,1.65
2011.03.07 09:26:22.133,1.37801,1.37817,1.47,1.65
2011.03.07 09:26:22.245,1.37801,1.37813,1.47,1.65
2011.03.07 09:26:22.363,1.37801,1.37821,1.47,1.65
2011.03.07 09:26:22.584,1.37801,1.37812,1.47,1.65
2011.03.07 09:26:22.692,1.37801,1.37812,1.47,1.65
2011.03.07 09:26:24.461,1.37798,1.37812,1.47,1.65
2011.03.07 09:26:24.681,1.37798,1.37812,1.47,1.65
2011.03.07 09:26:24.905,1.37798,1.37812,1.47,1.65
2011.03.07 09:26:25.022,1.37798,1.37809,1.47,1.65
2011.03.07 09:26:25.244,1.37793,1.37809,1.47,1.65
2011.03.07 09:26:25.355,1.37793,1.37821,3.91,1.50
2011.03.07 09:26:25.475,1.37799,1.37821,1.47,1.65
2011.03.07 09:26:25.702,1.37807,1.3782,1.47,1.65
2011.03.07 09:26:26.252,1.37807,1.3782,1.47,1.65
2011.03.07 09:26:27.091,1.37807,1.3782,1.47,1.65
2011.03.07 09:26:27.531,1.37807,1.37819,1.47,1.65
2011.03.07 09:26:27.752,1.37807,1.37819,1.47,1.65
2011.03.07 09:26:28.081,1.37807,1.3782,1.47,1.65
2011.03.07 09:26:28.302,1.37807,1.3782,1.47,1.65
2011.03.07 09:26:28.633,1.37795,1.37824,1.47,1.69
2011.03.07 09:26:28.743,1.37795,1.37805,1.47,1.65
2011.03.07 09:26:28.853,1.37794,1.37813,1.50,1.65
2011.03.07 09:26:29.402,1.37792,1.37813,1.47,1.65
2011.03.07 09:26:29.622,1.37792,1.37813,1.47,1.65
2011.03.07 09:26:29.732,1.37792,1.37802,1.47,1.65
2011.03.07 09:26:30.300,1.37793,1.37802,1.47,1.65
2011.03.07 09:26:30.972,1.37793,1.37801,1.47,1.65
2011.03.07 09:26:31.603,1.37788,1.378,1.47,1.65
2011.03.07 09:26:32.922,1.37789,1.37813,1.47,1.50
2011.03.07 09:26:33.034,1.37789,1.37815,1.66,3.15
2011.03.07 09:26:33.583,1.37795,1.37816,1.47,1.65
2011.03.07 09:26:35.472,1.378,1.37816,1.47,1.65
2011.03.07 09:26:36.024,1.378,1.37817,1.47,1.65
2011.03.07 09:26:36.464,1.378,1.37817,1.47,1.65
2011.03.07 09:26:36.683,1.378,1.37821,1.47,2.40
2011.03.07 09:26:36.792,1.378,1.37816,1.47,1.65
2011.03.07 09:26:37.013,1.378,1.37819,1.47,1.65
2011.03.07 09:26:37.123,1.37802,1.37819,1.47,1.65
2011.03.07 09:26:37.452,1.37803,1.37819,1.47,1.65
2011.03.07 09:26:37.972,1.37803,1.37818,1.47,1.65
2011.03.07 09:26:38.523,1.37803,1.3782,1.47,1.65
2011.03.07 09:26:38.633,1.37803,1.37818,1.47,1.65
2011.03.07 09:26:39.191,1.37803,1.37819,1.47,1.65
2011.03.07 09:26:39.631,1.378,1.37819,1.47,1.65
2011.03.07 09:26:40.072,1.378,1.37827,4.81,1.50
2011.03.07 09:26:40.292,1.378,1.37824,3.12,1.50
2011.03.07 09:26:40.402,1.378,1.37824,1.47,1.50
2011.03.07 09:26:40.733,1.378,1.3782,1.47,1.65
2011.03.07 09:26:41.243,1.378,1.37819,1.47,1.65
2011.03.07 09:26:41.791,1.378,1.3782,1.47,1.65
2011.03.07 09:26:42.341,1.37796,1.37819,1.47,1.65
2011.03.07 09:26:43.001,1.37796,1.3782,1.47,1.65
2011.03.07 09:26:43.551,1.37796,1.3782,1.47,1.65
2011.03.07 09:26:44.354,1.37796,1.37821,1.47,2.40
2011.03.07 09:26:44.724,1.37796,1.37821,1.47,1.65
2011.03.07 09:26:45.655,1.37796,1.37821,1.47,1.65
2011.03.07 09:26:46.212,1.37801,1.37821,1.47,1.65
2011.03.07 09:26:46.431,1.37801,1.37821,1.47,1.65
2011.03.07 09:26:46.764,1.37801,1.3782,1.47,1.65
2011.03.07 09:26:46.874,1.37801,1.37823,1.47,1.65
2011.03.07 09:26:47.095,1.37804,1.37828,1.69,1.50
2011.03.07 09:26:47.315,1.37807,1.37829,1.47,2.40
2011.03.07 09:26:47.542,1.37803,1.37829,1.47,2.40
2011.03.07 09:26:47.781,1.37803,1.37829,1.47,2.40
2011.03.07 09:26:48.006,1.37803,1.37827,1.47,1.50
2011.03.07 09:26:48.563,1.37801,1.37821,1.47,1.65
2011.03.07 09:26:49.003,1.37801,1.37823,1.47,1.50
2011.03.07 09:26:49.397,1.37797,1.3782,1.47,1.65
2011.03.07 09:26:49.744,1.37789,1.37815,1.66,1.50
2011.03.07 09:26:49.857,1.37789,1.37811,1.47,1.65
2011.03.07 09:26:50.084,1.37792,1.37815,2.40,1.50
2011.03.07 09:26:50.632,1.37792,1.37815,2.40,1.50
2011.03.07 09:26:52.244,1.37802,1.37815,1.32,1.50
2011.03.07 09:26:52.468,1.37806,1.37826,2.40,1.50
2011.03.07 09:26:52.692,1.378,1.37826,1.47,2.25
2011.03.07 09:26:52.913,1.37804,1.37823,1.13,1.50
2011.03.07 09:26:53.244,1.37807,1.37827,2.40,1.50
2011.03.07 09:26:53.351,1.37801,1.37827,2.25,1.50
2011.03.07 09:26:53.465,1.37803,1.37825,1.69,1.50
2011.03.07 09:26:53.817,1.37804,1.37826,1.13,1.50
2011.03.07 09:26:53.946,1.37805,1.37829,1.84,1.50
2011.03.07 09:26:54.064,1.37805,1.37829,3.49,1.50
2011.03.07 09:26:54.393,1.37805,1.37831,3.49,1.50
2011.03.07 09:26:54.948,1.3781,1.37833,1.13,1.50
2011.03.07 09:26:55.174,1.37813,1.37835,2.40,1.50
2011.03.07 09:26:55.506,1.37809,1.37835,1.09,1.50
2011.03.07 09:26:55.732,1.3781,1.37835,1.47,1.50
2011.03.07 09:26:56.063,1.37801,1.3783,1.47,2.40
2011.03.07 09:26:56.283,1.37801,1.37825,1.47,1.50
2011.03.07 09:26:56.723,1.37802,1.37828,1.47,1.50
2011.03.07 09:26:57.055,1.37803,1.3783,3.72,2.25
2011.03.07 09:26:57.281,1.37804,1.37829,1.66,2.25
2011.03.07 09:27:00.060,1.37804,1.37829,1.66,1.50
2011.03.07 09:27:00.723,1.37804,1.37828,1.66,1.50
2011.03.07 09:27:01.052,1.37804,1.37828,1.66,3.15
2011.03.07 09:27:02.024,1.37804,1.37828,1.47,3.15
2011.03.07 09:27:02.575,1.37804,1.37827,1.47,1.65
2011.03.07 09:27:03.134,1.37804,1.37828,1.47,3.15
2011.03.07 09:27:04.135,1.37804,1.37828,1.47,1.50
2011.03.07 09:27:04.461,1.37804,1.37828,1.47,1.50
2011.03.07 09:27:05.016,1.37804,1.37829,1.47,2.25
2011.03.07 09:27:05.355,1.37804,1.37828,1.47,1.50
2011.03.07 09:27:06.271,1.37804,1.37829,1.54,2.25
2011.03.07 09:27:06.823,1.37804,1.37828,1.47,1.50
2011.03.07 09:27:07.994,1.37804,1.37828,1.47,1.50
2011.03.07 09:27:08.637,1.37804,1.37828,1.47,3.15
2011.03.07 09:27:08.752,1.37804,1.37828,1.47,3.15
2011.03.07 09:27:09.801,1.37804,1.37828,3.68,1.50
2011.03.07 09:27:10.191,1.37804,1.37828,3.68,1.50
2011.03.07 09:27:10.562,1.37804,1.37828,3.68,1.50
2011.03.07 09:27:11.002,1.37802,1.37827,1.47,1.50
2011.03.07 09:27:11.441,1.37802,1.37824,1.47,1.50
2011.03.07 09:27:15.213,1.378,1.37822,1.47,1.50
2011.03.07 09:27:15.322,1.37795,1.37821,1.47,1.50
2011.03.07 09:27:15.932,1.37795,1.37821,1.47,1.50
2011.03.07 09:27:16.482,1.37795,1.37821,1.47,1.50
2011.03.07 09:27:17.036,1.37797,1.37822,1.69,1.50
2011.03.07 09:27:17.264,1.37801,1.37825,2.40,1.50
2011.03.07 09:27:17.605,1.37799,1.37825,1.47,3.15
2011.03.07 09:27:17.936,1.37803,1.37828,1.47,1.50
2011.03.07 09:27:18.052,1.37803,1.37829,1.47,1.50
2011.03.07 09:27:18.162,1.37803,1.37829,1.47,1.50
2011.03.07 09:27:18.724,1.37809,1.37831,2.40,1.50
2011.03.07 09:27:18.942,1.37808,1.37832,1.47,3.15
2011.03.07 09:27:19.492,1.37805,1.37829,1.47,1.50
2011.03.07 09:27:19.823,1.3781,1.37833,2.40,1.50
2011.03.07 09:27:20.204,1.37807,1.37827,1.47,2.40
2011.03.07 09:27:20.316,1.37804,1.37827,1.47,2.40
2011.03.07 09:27:20.651,1.37804,1.37828,1.47,1.50
2011.03.07 09:27:20.982,1.37804,1.37828,1.47,1.50
2011.03.07 09:27:21.313,1.37804,1.37828,1.47,1.50
2011.03.07 09:27:21.533,1.37804,1.37828,1.47,1.50
2011.03.07 09:27:22.082,1.37804,1.37829,1.47,1.50
2011.03.07 09:27:22.304,1.37804,1.37828,1.47,1.50
2011.03.07 09:27:23.521,1.37804,1.37829,1.47,1.50
2011.03.07 09:27:24.183,1.37807,1.37829,1.50,1.50
2011.03.07 09:27:24.512,1.37812,1.37835,2.40,1.50
2011.03.07 09:27:24.833,1.37809,1.37833,1.47,1.50
2011.03.07 09:27:25.064,1.37809,1.37833,1.47,1.50
2011.03.07 09:27:25.613,1.37809,1.37833,1.47,3.15
2011.03.07 09:27:26.383,1.37809,1.37833,1.47,1.50
2011.03.07 09:27:26.714,1.37809,1.37833,1.47,3.15
2011.03.07 09:27:26.822,1.37809,1.37833,1.47,1.50
2011.03.07 09:27:27.152,1.37809,1.37833,1.47,1.50
2011.03.07 09:27:27.482,1.37807,1.37833,1.47,3.15
2011.03.07 09:27:27.595,1.37801,1.37825,1.47,1.50
2011.03.07 09:27:27.825,1.37797,1.37825,1.47,1.50
2011.03.07 09:27:28.382,1.37797,1.37825,1.47,2.25
2011.03.07 09:27:29.011,1.37796,1.37823,3.31,1.50
2011.03.07 09:27:29.564,1.37799,1.37823,2.40,1.50
2011.03.07 09:27:29.901,1.37799,1.37826,1.47,1.50
2011.03.07 09:27:30.564,1.37799,1.37826,1.62,1.50
2011.03.07 09:27:31.113,1.37803,1.37828,1.47,1.50
2011.03.07 09:27:31.223,1.37803,1.37829,1.47,1.50
2011.03.07 09:27:31.771,1.37803,1.37829,1.47,1.50
2011.03.07 09:27:31.992,1.37803,1.37829,1.47,1.50
2011.03.07 09:27:32.702,1.37803,1.37829,1.47,1.50
2011.03.07 09:27:33.473,1.37797,1.37825,1.47,2.25
2011.03.07 09:27:33.754,1.37797,1.3782,1.47,2.40
2011.03.07 09:27:33.876,1.37804,1.37823,1.50,1.50
2011.03.07 09:27:34.217,1.37809,1.37839,3.87,1.50
2011.03.07 09:27:34.664,1.37814,1.3784,1.47,1.50
2011.03.07 09:27:34.991,1.37814,1.3784,1.47,1.50
2011.03.07 09:27:35.983,1.37814,1.37838,1.47,2.40
2011.03.07 09:27:36.203,1.37813,1.37836,1.47,1.50
2011.03.07 09:27:36.531,1.37813,1.37839,1.47,1.50
2011.03.07 09:27:36.863,1.37813,1.37839,1.47,3.15
2011.03.07 09:27:37.304,1.3781,1.37836,1.47,1.50
2011.03.07 09:27:37.688,1.37814,1.3784,1.47,1.50
2011.03.07 09:27:38.371,1.37814,1.3784,1.47,1.50
2011.03.07 09:27:38.704,1.37816,1.3784,1.13,1.50
2011.03.07 09:27:39.434,1.37816,1.3784,1.13,1.50
2011.03.07 09:27:43.271,1.37817,1.37843,1.47,1.50
2011.03.07 09:27:43.534,1.37817,1.37843,1.47,1.50
2011.03.07 09:27:43.753,1.37817,1.37843,1.47,1.50
2011.03.07 09:27:44.194,1.37821,1.37847,2.41,3.15
2011.03.07 09:27:44.522,1.37822,1.37847,2.40,1.50
2011.03.07 09:27:44.633,1.3782,1.37847,2.22,1.50
2011.03.07 09:27:44.854,1.37821,1.37841,1.47,2.40
2011.03.07 09:27:45.144,1.3782,1.37842,1.50,1.50
2011.03.07 09:27:45.806,1.37818,1.37842,1.47,3.15
2011.03.07 09:27:45.925,1.37818,1.37842,1.47,1.50
2011.03.07 09:27:46.373,1.37821,1.37844,1.47,2.40
2011.03.07 09:27:46.592,1.37821,1.37845,1.47,2.40
2011.03.07 09:27:46.922,1.37821,1.37843,1.47,2.40
2011.03.07 09:27:47.366,1.37827,1.37845,2.22,2.40
2011.03.07 09:27:47.704,1.37828,1.37854,1.47,3.15
2011.03.07 09:27:47.922,1.37828,1.37855,1.47,2.40
2011.03.07 09:27:48.473,1.37832,1.37856,1.47,1.50
2011.03.07 09:27:48.692,1.3783,1.37851,1.47,2.40
2011.03.07 09:27:49.825,1.37832,1.37856,1.47,1.50
2011.03.07 09:27:50.055,1.37831,1.37856,1.47,3.15
2011.03.07 09:27:50.394,1.37832,1.37856,1.47,1.50
2011.03.07 09:27:50.943,1.37831,1.37856,1.47,1.50
2011.03.07 09:27:51.166,1.37832,1.37856,1.47,1.50
2011.03.07 09:27:51.507,1.37832,1.37856,1.47,1.50
2011.03.07 09:27:51.623,1.37831,1.37856,1.47,1.50
2011.03.07 09:27:52.175,1.37839,1.37856,2.07,1.50
2011.03.07 09:27:52.513,1.37847,1.37871,3.12,1.50
2011.03.07 09:27:52.624,1.37843,1.37871,1.47,1.50
2011.03.07 09:27:52.733,1.37842,1.37867,1.47,1.50
2011.03.07 09:27:52.955,1.37841,1.37864,1.47,1.50
2011.03.07 09:27:53.173,1.37836,1.37864,1.47,1.50
2011.03.07 09:27:53.393,1.37835,1.37857,1.47,1.65
2011.03.07 09:27:53.923,1.37835,1.37857,1.47,1.65
2011.03.07 09:27:54.035,1.37834,1.37863,1.47,3.15
2011.03.07 09:27:54.314,1.37839,1.37862,1.47,1.50
2011.03.07 09:27:54.753,1.37839,1.37862,1.47,1.50
2011.03.07 09:27:55.303,1.37839,1.37862,1.47,1.50
2011.03.07 09:27:55.853,1.37837,1.37858,1.47,2.40
2011.03.07 09:27:56.182,1.37837,1.37856,1.47,2.40
2011.03.07 09:27:58.273,1.37839,1.37856,1.47,1.65
2011.03.07 09:27:58.492,1.37838,1.37862,1.47,1.50
2011.03.07 09:27:59.902,1.37839,1.37862,1.47,1.50
2011.03.07 09:28:00.342,1.37838,1.37866,1.47,2.40
2011.03.07 09:28:00.452,1.37838,1.37867,3.12,1.50
2011.03.07 09:28:00.792,1.37845,1.37874,1.47,2.40
2011.03.07 09:28:01.235,1.37845,1.37873,1.47,2.40
2011.03.07 09:28:01.591,1.37845,1.37873,1.47,2.40
2011.03.07 09:28:03.142,1.37846,1.37871,1.47,1.50
2011.03.07 09:28:03.584,1.37846,1.37871,1.47,1.50
2011.03.07 09:28:03.693,1.37846,1.37873,1.47,2.40
2011.03.07 09:28:03.805,1.3785,1.37874,1.47,1.50
2011.03.07 09:28:04.144,1.3785,1.37874,1.47,1.50
2011.03.07 09:28:04.473,1.37853,1.37878,1.47,2.40
2011.03.07 09:28:04.803,1.37852,1.37876,1.47,2.40
2011.03.07 09:28:06.073,1.37851,1.37876,1.47,1.50
2011.03.07 09:28:06.442,1.37851,1.37876,1.47,1.50
2011.03.07 09:28:06.782,1.37852,1.37876,1.47,1.50
2011.03.07 09:28:07.114,1.3785,1.37876,1.47,1.50
2011.03.07 09:28:07.222,1.37849,1.37876,1.47,2.40
2011.03.07 09:28:07.332,1.37849,1.37875,1.47,1.50
2011.03.07 09:28:07.772,1.37845,1.37874,1.66,1.50
2011.03.07 09:28:08.325,1.37845,1.37874,1.66,1.50
2011.03.07 09:28:08.882,1.37845,1.3787,1.47,2.40
2011.03.07 09:28:09.103,1.37845,1.37869,1.47,1.65
2011.03.07 09:28:09.211,1.37845,1.37874,1.47,1.50
2011.03.07 09:28:09.652,1.37845,1.37874,3.12,1.50
2011.03.07 09:28:10.252,1.37845,1.37874,3.12,1.50
2011.03.07 09:28:10.363,1.37845,1.37874,3.12,1.50
2011.03.07 09:28:10.692,1.37845,1.37874,1.47,1.50
2011.03.07 09:28:11.242,1.37845,1.37874,1.47,1.50
2011.03.07 09:28:11.463,1.37845,1.37874,1.47,1.50
2011.03.07 09:28:11.902,1.37845,1.37874,1.47,1.50
2011.03.07 09:28:12.672,1.37851,1.37877,1.47,1.50
2011.03.07 09:28:13.002,1.37851,1.37877,1.47,1.50
2011.03.07 09:28:13.221,1.37851,1.37877,1.47,1.50
2011.03.07 09:28:13.442,1.37851,1.37877,1.47,1.50
2011.03.07 09:28:13.993,1.37851,1.37877,1.47,1.50
2011.03.07 09:28:14.533,1.3785,1.37874,1.47,1.50
2011.03.07 09:28:14.753,1.3785,1.37874,1.47,1.50
2011.03.07 09:28:15.524,1.3785,1.37878,1.47,1.50
2011.03.07 09:28:16.185,1.3785,1.37878,1.47,1.50
2011.03.07 09:28:16.522,1.37856,1.3788,1.47,1.50
2011.03.07 09:28:17.232,1.37856,1.3788,1.47,1.50
2011.03.07 09:28:17.674,1.37857,1.3788,1.50,1.50
2011.03.07 09:28:17.782,1.37858,1.37884,3.12,1.50
2011.03.07 09:28:18.112,1.37859,1.37884,1.47,1.50
2011.03.07 09:28:18.438,1.37858,1.37884,2.22,1.50
2011.03.07 09:28:18.558,1.37858,1.37884,2.22,1.50
2011.03.07 09:28:19.004,1.37858,1.37882,1.47,2.40
2011.03.07 09:28:19.551,1.37858,1.37882,1.47,2.40
2011.03.07 09:28:24.435,1.37858,1.37882,2.22,2.40
2011.03.07 09:28:25.005,1.3786,1.37884,1.47,1.50
2011.03.07 09:28:26.681,1.3786,1.37884,1.47,1.50
2011.03.07 09:28:26.792,1.3786,1.37884,1.84,1.50
2011.03.07 09:28:27.015,1.37863,1.37884,1.13,1.50
2011.03.07 09:28:27.133,1.37863,1.37886,1.13,2.40
2011.03.07 09:28:27.794,1.37863,1.37888,1.13,1.50
2011.03.07 09:28:28.235,1.37863,1.37888,2.40,1.50
2011.03.07 09:28:28.573,1.37861,1.37891,1.84,1.50
2011.03.07 09:28:29.015,1.37862,1.37888,1.84,1.50
2011.03.07 09:28:29.417,1.37861,1.37885,1.47,2.40
2011.03.07 09:28:29.771,1.37861,1.37885,1.47,2.40
2011.03.07 09:28:29.992,1.37862,1.37885,1.47,2.40
2011.03.07 09:28:30.216,1.37862,1.37888,2.37,1.50
2011.03.07 09:28:30.552,1.37861,1.37876,1.47,1.99
2011.03.07 09:28:30.881,1.37861,1.37876,1.47,1.99
2011.03.07 09:28:34.083,1.37861,1.37876,1.47,1.99
2011.03.07 09:28:34.631,1.37861,1.37876,1.47,1.99
2011.03.07 09:28:35.275,1.37855,1.37876,1.47,1.99
2011.03.07 09:28:35.399,1.37855,1.37876,1.47,1.99
2011.03.07 09:28:35.844,1.37855,1.37876,1.47,1.99
2011.03.07 09:28:35.954,1.37858,1.37876,1.47,1.24
2011.03.07 09:28:36.283,1.37869,1.37892,1.47,1.50
2011.03.07 09:28:36.725,1.37863,1.37889,2.22,1.50
2011.03.07 09:28:37.062,1.37861,1.37889,2.37,1.50
2011.03.07 09:28:37.614,1.37861,1.37889,3.12,1.50
2011.03.07 09:28:37.942,1.3786,1.37889,1.47,3.15
2011.03.07 09:28:38.382,1.37861,1.37889,1.47,1.50
2011.03.07 09:28:39.482,1.3786,1.37889,2.22,1.50
2011.03.07 09:28:39.922,1.3786,1.37889,2.22,3.15
2011.03.07 09:28:40.214,1.3786,1.37889,1.47,3.15
2011.03.07 09:28:40.654,1.37862,1.37888,1.47,3.15
2011.03.07 09:28:41.204,1.37862,1.37888,1.62,1.50
2011.03.07 09:28:41.426,1.37865,1.37888,1.47,1.50
2011.03.07 09:28:41.545,1.37868,1.37895,1.47,1.50
2011.03.07 09:28:41.777,1.37864,1.37893,1.47,2.40
2011.03.07 09:28:41.896,1.37862,1.3789,1.47,3.15
2011.03.07 09:28:42.452,1.37862,1.37889,1.47,1.50
2011.03.07 09:28:42.782,1.37862,1.37889,2.22,1.50
2011.03.07 09:28:45.183,1.37863,1.37892,1.47,3.15
2011.03.07 09:28:47.503,1.37863,1.37892,2.41,3.15
2011.03.07 09:28:47.616,1.37868,1.37892,3.15,1.50
2011.03.07 09:28:47.732,1.37872,1.37892,1.65,1.50
2011.03.07 09:28:47.845,1.37863,1.37892,3.31,1.50
2011.03.07 09:28:48.401,1.37863,1.37891,1.47,2.40
2011.03.07 09:28:48.511,1.37862,1.37891,1.47,2.40
2011.03.07 09:28:49.344,1.37863,1.37891,1.47,2.40
2011.03.07 09:28:50.552,1.37862,1.37888,2.22,1.50
2011.03.07 09:28:51.935,1.37862,1.37888,2.22,1.50
2011.03.07 09:28:52.054,1.37862,1.37888,1.47,1.50
2011.03.07 09:28:52.382,1.37862,1.37888,2.22,1.50
2011.03.07 09:28:53.237,1.37862,1.37888,1.47,1.50
2011.03.07 09:28:53.791,1.37862,1.37881,1.47,2.40
2011.03.07 09:28:54.123,1.37859,1.37881,2.22,2.40
2011.03.07 09:28:54.561,1.37858,1.37881,1.47,2.40
2011.03.07 09:28:55.142,1.37858,1.37881,1.47,2.40
2011.03.07 09:29:00.841,1.37857,1.37881,1.47,3.15
2011.03.07 09:29:01.412,1.37858,1.37881,2.40,1.50
2011.03.07 09:29:05.543,1.37858,1.37881,2.40,1.50
2011.03.07 09:29:05.984,1.37858,1.37881,2.40,1.50
2011.03.07 09:29:06.202,1.37858,1.37881,2.40,1.50
2011.03.07 09:29:06.532,1.37858,1.37881,2.40,1.50
2011.03.07 09:29:06.752,1.37861,1.37885,1.47,1.50
2011.03.07 09:29:06.972,1.37861,1.37885,3.12,1.50
2011.03.07 09:29:08.182,1.37861,1.37885,2.37,1.50
2011.03.07 09:29:08.892,1.37859,1.37884,1.47,2.40
2011.03.07 09:29:11.519,1.37859,1.37884,1.47,2.40
2011.03.07 09:29:11.863,1.37857,1.37881,1.47,1.50
2011.03.07 09:29:23.633,1.37858,1.37881,2.40,1.50
2011.03.07 09:29:23.743,1.37865,1.37885,1.65,1.50
2011.03.07 09:29:23.965,1.37865,1.37889,2.40,1.50
2011.03.07 09:29:24.193,1.3787,1.37894,1.65,1.50
2011.03.07 09:29:25.073,1.3787,1.37889,1.65,1.50
2011.03.07 09:29:25.183,1.37862,1.37889,1.65,1.50
2011.03.07 09:29:25.511,1.37862,1.37883,1.65,1.50
2011.03.07 09:29:30.381,1.37859,1.37883,2.22,1.50
2011.03.07 09:29:30.931,1.3786,1.37883,1.47,1.50
2011.03.07 09:29:31.372,1.3786,1.37883,1.47,1.50
2011.03.07 09:29:31.701,1.3786,1.37883,1.47,1.50
2011.03.07 09:29:32.582,1.37859,1.37883,1.47,1.50
2011.03.07 09:29:33.132,1.3786,1.37883,1.47,1.50
2011.03.07 09:29:33.681,1.37858,1.37882,1.47,1.50
2011.03.07 09:29:33.792,1.37858,1.37882,1.47,1.50
2011.03.07 09:29:33.902,1.37858,1.37885,1.47,2.25
2011.03.07 09:29:34.452,1.37865,1.37892,1.47,2.40
2011.03.07 09:29:34.760,1.37865,1.37892,1.47,2.40
2011.03.07 09:29:35.342,1.37869,1.37887,1.47,2.40
2011.03.07 09:29:35.452,1.37866,1.37887,1.47,2.40
2011.03.07 09:29:35.561,1.37858,1.37887,1.47,2.40
2011.03.07 09:29:35.842,1.37858,1.37887,1.47,2.40
2011.03.07 09:29:38.754,1.37859,1.37885,1.09,1.50
2011.03.07 09:29:38.862,1.37863,1.37885,2.40,1.50
2011.03.07 09:29:38.974,1.37867,1.37885,1.13,1.50
2011.03.07 09:29:39.194,1.37867,1.37892,1.13,1.50
2011.03.07 09:29:39.522,1.37866,1.37892,2.37,1.50
2011.03.07 09:29:39.743,1.37866,1.37891,1.47,2.40
2011.03.07 09:29:42.311,1.37866,1.37891,1.47,2.40
2011.03.07 09:29:43.211,1.37866,1.37891,1.47,2.40
2011.03.07 09:29:44.202,1.37866,1.37891,1.47,2.40
2011.03.07 09:29:44.531,1.37865,1.37891,2.22,2.40
2011.03.07 09:29:45.533,1.37866,1.37891,1.47,2.40
2011.03.07 09:29:46.081,1.37865,1.37891,2.22,2.40
2011.03.07 09:29:46.473,1.37866,1.37891,1.47,2.40
2011.03.07 09:29:46.805,1.37869,1.37892,1.88,1.50
2011.03.07 09:29:46.915,1.3787,1.37895,2.37,1.50
2011.03.07 09:29:47.034,1.37871,1.37895,3.12,1.50
2011.03.07 09:29:47.624,1.37872,1.37895,1.65,1.50
2011.03.07 09:29:48.241,1.37872,1.37895,2.40,1.50
2011.03.07 09:29:50.423,1.37872,1.37895,2.40,1.50
2011.03.07 09:29:50.862,1.37873,1.37899,3.12,1.50
2011.03.07 09:29:51.411,1.37875,1.37899,1.65,1.50
2011.03.07 09:29:52.074,1.37875,1.37899,2.40,1.50
2011.03.07 09:29:52.665,1.37876,1.37902,2.22,1.50
2011.03.07 09:29:53.362,1.37882,1.37903,1.47,2.40
2011.03.07 09:29:53.499,1.37884,1.37911,2.40,1.50
2011.03.07 09:29:54.055,1.37886,1.3791,1.47,1.50
2011.03.07 09:29:54.493,1.37886,1.3791,1.47,1.50
2011.03.07 09:29:54.714,1.37883,1.37911,3.12,1.50
2011.03.07 09:29:55.397,1.37883,1.37907,3.12,1.50
2011.03.07 09:29:56.074,1.37882,1.37907,1.47,1.50
2011.03.07 09:29:57.462,1.37881,1.37907,1.47,1.50
2011.03.07 09:29:57.792,1.37879,1.37908,1.47,3.15
2011.03.07 09:29:58.722,1.3788,1.37908,2.40,3.15
2011.03.07 09:29:59.272,1.37882,1.37908,3.12,1.50
2011.03.07 09:29:59.602,1.37882,1.37908,3.12,1.50
2011.03.07 09:30:00.152,1.37882,1.37908,3.12,1.50
2011.03.07 09:30:00.648,1.37882,1.37908,3.12,1.50
2011.03.07 09:30:00.984,1.37882,1.37908,3.12,1.50
2011.03.07 09:30:01.093,1.37882,1.37908,3.12,1.50
2011.03.07 09:30:01.313,1.37882,1.37908,2.37,1.50
2011.03.07 09:30:01.643,1.37882,1.37908,2.37,1.50
2011.03.07 09:30:01.973,1.37882,1.37908,2.37,1.50
2011.03.07 09:30:02.522,1.37883,1.37908,1.65,1.50
2011.03.07 09:30:02.633,1.37882,1.37908,2.37,1.50
2011.03.07 09:30:03.183,1.3788,1.37908,3.12,1.50
2011.03.07 09:30:03.731,1.3788,1.37908,3.12,1.50
2011.03.07 09:30:04.242,1.3788,1.37908,3.12,1.50
2011.03.07 09:30:04.683,1.37881,1.37908,2.37,1.50
2011.03.07 09:30:05.623,1.37881,1.37908,2.37,1.50
2011.03.07 09:30:06.514,1.37881,1.37908,2.37,1.50
2011.03.07 09:30:07.061,1.37882,1.37908,1.47,1.50
2011.03.07 09:30:08.033,1.37884,1.3791,1.47,2.40
2011.03.07 09:30:08.143,1.37884,1.37911,1.47,2.40
2011.03.07 09:30:08.473,1.37886,1.37912,2.37,1.50
2011.03.07 09:30:08.692,1.37884,1.37912,3.87,3.15
2011.03.07 09:30:09.242,1.37886,1.37912,1.47,1.50
2011.03.07 09:30:09.794,1.37885,1.37912,2.37,1.50
2011.03.07 09:30:10.341,1.37884,1.37912,3.12,1.50
2011.03.07 09:30:10.563,1.37884,1.37909,1.47,2.40
2011.03.07 09:30:10.785,1.37884,1.37909,2.22,2.40
2011.03.07 09:30:11.352,1.37885,1.37912,3.12,1.50
2011.03.07 09:30:12.071,1.37885,1.37912,2.37,1.50
2011.03.07 09:30:13.453,1.37885,1.37912,2.37,1.50
2011.03.07 09:30:13.782,1.37885,1.37912,2.37,1.50
2011.03.07 09:30:14.004,1.37885,1.37912,2.37,1.50
2011.03.07 09:30:14.114,1.37883,1.37907,1.47,1.50
2011.03.07 09:30:14.334,1.37881,1.37907,3.12,1.50
2011.03.07 09:30:14.871,1.37881,1.37907,3.12,1.50
2011.03.07 09:30:15.503,1.37881,1.37907,3.12,1.50
2011.03.07 09:30:15.724,1.37884,1.37909,1.65,1.50
2011.03.07 09:30:15.942,1.37887,1.37909,1.65,1.50
2011.03.07 09:30:16.491,1.37888,1.37909,1.65,1.50
2011.03.07 09:30:17.673,1.37888,1.37909,1.65,1.50
2011.03.07 09:30:17.785,1.37882,1.37909,3.12,1.50
2011.03.07 09:30:18.333,1.37882,1.37909,3.12,1.50
2011.03.07 09:30:18.774,1.37882,1.37909,1.47,1.50
2011.03.07 09:30:18.993,1.37882,1.37909,1.47,1.50
2011.03.07 09:30:19.322,1.37883,1.37909,1.47,1.50
2011.03.07 09:30:19.764,1.37882,1.37909,1.47,1.50
2011.03.07 09:30:20.202,1.37882,1.37905,1.47,2.40
2011.03.07 09:30:20.863,1.37883,1.37906,1.47,2.40
2011.03.07 09:30:21.412,1.37883,1.3791,1.47,2.40
2011.03.07 09:30:22.116,1.3789,1.3791,2.07,1.65
2011.03.07 09:30:22.518,1.37897,1.3791,1.47,1.65
2011.03.07 09:30:24.252,1.37898,1.37923,1.47,2.40
2011.03.07 09:30:24.802,1.37899,1.37925,3.12,1.50
2011.03.07 09:30:26.014,1.37902,1.37927,1.66,2.40
2011.03.07 09:30:26.893,1.37902,1.37928,1.47,3.15
2011.03.07 09:30:27.223,1.37902,1.37926,1.47,2.40
2011.03.07 09:30:27.332,1.37898,1.37925,1.47,1.50
2011.03.07 09:30:27.553,1.37899,1.37925,1.47,1.50
2011.03.07 09:30:28.443,1.37895,1.37921,1.47,1.50
2011.03.07 09:30:28.772,1.37894,1.37921,2.22,1.50
2011.03.07 09:30:28.882,1.37894,1.37921,2.22,1.50
2011.03.07 09:30:29.874,1.37895,1.37921,1.47,3.15
2011.03.07 09:30:31.475,1.37898,1.37921,1.47,2.40
2011.03.07 09:30:31.584,1.37899,1.37924,1.47,2.40
2011.03.07 09:30:31.913,1.379,1.37928,1.47,1.50
2011.03.07 09:30:33.875,1.37904,1.37929,1.47,1.50
2011.03.07 09:30:34.097,1.3791,1.37936,1.47,1.50
2011.03.07 09:30:34.436,1.3791,1.37936,1.47,1.50
2011.03.07 09:30:34.883,1.37909,1.37936,1.47,1.50
2011.03.07 09:30:35.763,1.37909,1.37936,1.47,1.50
2011.03.07 09:30:36.312,1.37909,1.37936,2.22,1.50
2011.03.07 09:30:36.643,1.3791,1.37936,1.47,1.50
2011.03.07 09:30:36.862,1.37913,1.37939,1.47,3.15
2011.03.07 09:30:36.972,1.37913,1.37939,2.22,3.15
2011.03.07 09:30:37.409,1.37913,1.37939,1.47,1.50
2011.03.07 09:30:37.963,1.37915,1.37939,1.47,1.50
2011.03.07 09:30:38.184,1.37915,1.37939,2.37,1.50
2011.03.07 09:30:38.512,1.37917,1.37939,1.65,1.50
2011.03.07 09:30:39.612,1.37917,1.37939,1.65,1.50
2011.03.07 09:30:40.764,1.37915,1.37939,3.12,1.50
2011.03.07 09:30:41.311,1.37917,1.37939,1.65,1.50
2011.03.07 09:30:42.982,1.37917,1.37939,2.40,1.50
2011.03.07 09:30:43.202,1.37918,1.37939,1.65,1.50
2011.03.07 09:30:43.533,1.37918,1.37939,1.65,1.50
2011.03.07 09:30:43.644,1.37913,1.37939,1.66,1.50
2011.03.07 09:30:43.752,1.37913,1.37939,1.66,1.50
2011.03.07 09:30:45.392,1.37913,1.37939,1.47,1.50
2011.03.07 09:30:45.723,1.37913,1.37932,1.47,2.40
2011.03.07 09:30:46.385,1.37913,1.37929,1.47,2.40
2011.03.07 09:30:46.496,1.37904,1.37929,2.22,2.59
2011.03.07 09:30:46.617,1.37904,1.37928,1.47,1.69
2011.03.07 09:30:46.845,1.37899,1.37922,1.47,2.40
2011.03.07 09:30:47.210,1.37905,1.37926,1.65,1.50
2011.03.07 09:30:47.433,1.37911,1.37931,1.65,1.50
2011.03.07 09:30:47.816,1.3792,1.37935,1.65,1.50
2011.03.07 09:30:47.933,1.3792,1.37937,1.65,1.50
2011.03.07 09:30:48.157,1.37919,1.37937,1.65,1.50
2011.03.07 09:30:48.278,1.37912,1.37937,1.50,1.50
2011.03.07 09:30:48.395,1.37911,1.37937,1.65,1.50
2011.03.07 09:30:48.613,1.37912,1.37937,1.47,1.50
2011.03.07 09:30:48.833,1.37912,1.37941,1.47,1.50
2011.03.07 09:30:49.052,1.37916,1.37942,1.47,1.65
2011.03.07 09:30:50.212,1.37916,1.37942,1.47,1.50
2011.03.07 09:30:50.433,1.37912,1.37937,1.47,1.50
2011.03.07 09:30:50.653,1.37908,1.37936,2.41,1.50
2011.03.07 09:30:50.764,1.3791,1.37941,3.87,1.50
2011.03.07 09:30:50.876,1.37915,1.37942,1.09,3.15
2011.03.07 09:30:51.229,1.37916,1.37944,1.47,1.50
2011.03.07 09:30:51.457,1.37911,1.37939,1.47,3.15
2011.03.07 09:30:52.015,1.37911,1.37939,1.47,1.50
2011.03.07 09:30:52.668,1.37911,1.37939,1.47,1.50
2011.03.07 09:30:53.583,1.37911,1.37939,1.47,1.50
2011.03.07 09:30:53.912,1.37911,1.37939,1.47,1.50
2011.03.07 09:30:54.422,1.37911,1.37939,1.47,1.50
2011.03.07 09:30:58.382,1.37911,1.37939,1.47,1.50
2011.03.07 09:30:58.713,1.37909,1.37937,2.56,1.50
2011.03.07 09:30:58.823,1.37909,1.37937,2.37,1.50
2011.03.07 09:30:59.154,1.37912,1.37939,1.13,1.50
2011.03.07 09:30:59.263,1.37912,1.37939,1.13,1.50
2011.03.07 09:30:59.374,1.37916,1.37938,1.69,1.50
2011.03.07 09:30:59.484,1.37919,1.37938,1.69,1.50
2011.03.07 09:30:59.705,1.37922,1.37951,1.65,1.50
2011.03.07 09:31:00.033,1.37924,1.3795,1.47,1.50
2011.03.07 09:31:00.612,1.37924,1.3795,1.47,1.50
2011.03.07 09:31:00.832,1.37924,1.3795,1.47,3.15
2011.03.07 09:31:01.713,1.37924,1.3795,1.84,1.50
2011.03.07 09:31:02.914,1.37924,1.3795,1.84,1.50
2011.03.07 09:31:03.134,1.37918,1.37943,1.47,2.40
2011.03.07 09:31:03.353,1.37918,1.37943,1.47,2.40
2011.03.07 09:31:04.562,1.37918,1.37943,1.47,2.40
2011.03.07 09:31:05.806,1.37918,1.37943,1.47,2.40
2011.03.07 09:31:06.874,1.37918,1.37944,1.47,2.40
2011.03.07 09:31:07.533,1.37917,1.37941,1.47,1.50
2011.03.07 09:31:07.863,1.37915,1.37941,2.37,1.50
2011.03.07 09:31:08.195,1.37913,1.37936,2.40,1.50
2011.03.07 09:31:08.304,1.3791,1.37936,1.84,3.15
2011.03.07 09:31:09.074,1.3791,1.37936,1.47,3.15
2011.03.07 09:31:09.404,1.37906,1.37932,1.09,1.50
2011.03.07 09:31:10.014,1.37907,1.37932,1.50,1.50
2011.03.07 09:31:10.234,1.37911,1.37932,1.65,1.50
2011.03.07 09:31:10.453,1.37906,1.37932,1.09,1.50
2011.03.07 09:31:10.673,1.37905,1.37932,1.47,1.50
2011.03.07 09:31:11.003,1.37905,1.37927,1.47,2.40
2011.03.07 09:31:11.222,1.37902,1.37927,1.47,2.40
2011.03.07 09:31:11.603,1.37902,1.37927,1.47,2.40
2011.03.07 09:31:11.824,1.37902,1.37924,1.47,2.40
2011.03.07 09:31:12.160,1.37898,1.37924,1.47,1.50
2011.03.07 09:31:12.712,1.37898,1.37924,1.47,1.50
2011.03.07 09:31:13.043,1.37898,1.37924,1.47,1.50
2011.03.07 09:31:13.712,1.37898,1.37924,1.47,1.50
2011.03.07 09:31:14.463,1.37897,1.37924,1.47,1.50
2011.03.07 09:31:15.012,1.37897,1.37922,3.12,2.40
2011.03.07 09:31:15.631,1.37897,1.37922,3.12,2.40
2011.03.07 09:31:16.352,1.37897,1.37922,3.12,2.40
2011.03.07 09:31:16.902,1.37897,1.37923,1.47,2.40
2011.03.07 09:31:17.452,1.37897,1.37924,3.12,3.15
2011.03.07 09:31:19.057,1.37898,1.37924,2.37,1.50
2011.03.07 09:31:19.174,1.37898,1.37924,2.37,1.50
2011.03.07 09:31:19.433,1.37897,1.37924,3.12,3.15
2011.03.07 09:31:19.765,1.37897,1.37924,3.12,3.15
2011.03.07 09:31:20.206,1.37897,1.3792,1.47,2.40
2011.03.07 09:31:20.984,1.37897,1.37922,1.47,2.40
2011.03.07 09:31:21.314,1.37899,1.37924,1.65,1.50
2011.03.07 09:31:21.532,1.37897,1.37924,3.12,1.50
2011.03.07 09:31:23.064,1.37897,1.37924,3.12,1.50
2011.03.07 09:31:23.395,1.37899,1.37924,2.78,1.50
2011.03.07 09:31:23.725,1.379,1.37924,1.65,1.50
2011.03.07 09:31:24.359,1.37901,1.37923,1.65,1.50
2011.03.07 09:31:24.587,1.37898,1.37919,1.65,1.50
2011.03.07 09:31:25.146,1.37899,1.37923,1.65,1.50
2011.03.07 09:31:25.484,1.37899,1.37923,1.65,1.50
2011.03.07 09:31:25.702,1.379,1.37923,1.65,1.50
2011.03.07 09:31:26.782,1.379,1.37923,1.65,1.50
2011.03.07 09:31:27.115,1.379,1.37923,1.65,1.50
2011.03.07 09:31:27.333,1.37899,1.37923,1.65,1.50
2011.03.07 09:31:27.555,1.379,1.37923,1.65,1.50
2011.03.07 09:31:27.773,1.37902,1.37923,1.65,1.50
2011.03.07 09:31:28.102,1.37901,1.37923,1.65,1.50
2011.03.07 09:31:28.213,1.37898,1.37923,2.74,1.50
2011.03.07 09:31:28.763,1.37901,1.37923,1.65,1.50
2011.03.07 09:31:28.873,1.37899,1.37923,1.65,1.50
2011.03.07 09:31:28.984,1.379,1.37923,1.65,1.50
2011.03.07 09:31:29.313,1.37898,1.37923,2.74,1.50
2011.03.07 09:31:29.424,1.379,1.37923,1.65,1.50
2011.03.07 09:31:29.934,1.379,1.37923,1.65,1.50
2011.03.07 09:31:30.483,1.37909,1.37923,1.65,1.50
2011.03.07 09:31:30.924,1.379,1.37923,1.65,1.50
2011.03.07 09:31:31.036,1.379,1.37923,1.65,1.50
2011.03.07 09:31:31.373,1.37902,1.37923,1.65,1.50
2011.03.07 09:31:32.365,1.37903,1.37923,1.65,1.50
2011.03.07 09:31:32.912,1.37904,1.37923,1.65,1.50
2011.03.07 09:31:33.244,1.37904,1.37926,2.40,1.50
2011.03.07 09:31:33.686,1.37907,1.37928,2.03,1.50
2011.03.07 09:31:33.805,1.3791,1.3793,1.65,1.50
2011.03.07 09:31:34.025,1.3791,1.3793,2.03,1.50
2011.03.07 09:31:34.438,1.3791,1.37934,2.37,1.50
2011.03.07 09:31:34.777,1.37903,1.37926,1.50,2.40
2011.03.07 09:31:34.896,1.37901,1.37926,1.47,2.40
2011.03.07 09:31:35.014,1.37899,1.37925,1.47,2.40
2011.03.07 09:31:35.344,1.37904,1.37923,1.65,1.50
2011.03.07 09:31:35.456,1.37899,1.37923,2.37,1.50
2011.03.07 09:31:35.685,1.37899,1.37923,2.37,1.50
2011.03.07 09:31:36.234,1.379,1.37923,2.37,1.50
2011.03.07 09:31:36.346,1.37903,1.37923,1.65,1.50
2011.03.07 09:31:36.463,1.37899,1.37923,2.37,1.50
2011.03.07 09:31:36.573,1.37902,1.37923,1.65,1.50
2011.03.07 09:31:37.723,1.37902,1.37923,2.59,1.50
2011.03.07 09:31:38.052,1.37911,1.37927,1.65,1.50
2011.03.07 09:31:38.915,1.37901,1.37927,2.59,1.50
2011.03.07 09:31:39.245,1.37899,1.37927,1.47,1.50
2011.03.07 09:31:39.352,1.37899,1.37927,2.22,1.50
2011.03.07 09:31:40.054,1.37899,1.37927,1.47,1.50
2011.03.07 09:31:40.382,1.37899,1.37927,1.47,1.50
2011.03.07 09:31:40.723,1.37899,1.37927,1.47,1.50
2011.03.07 09:31:41.743,1.37905,1.37927,1.65,1.50
2011.03.07 09:31:41.853,1.37905,1.37927,1.65,1.50
2011.03.07 09:31:43.402,1.37905,1.37927,1.65,1.50
2011.03.07 09:31:43.513,1.379,1.37927,1.66,1.50
2011.03.07 09:31:43.625,1.37899,1.37927,1.47,3.15
2011.03.07 09:31:44.173,1.37899,1.37927,1.47,1.50
2011.03.07 09:31:45.353,1.37899,1.37927,1.47,1.50
2011.03.07 09:31:45.903,1.37899,1.37927,2.41,3.15
2011.03.07 09:31:46.012,1.37905,1.37927,1.65,1.50
2011.03.07 09:31:46.794,1.37906,1.37927,1.65,1.50
2011.03.07 09:31:47.131,1.37906,1.37927,1.65,1.50
2011.03.07 09:31:47.243,1.37904,1.37927,1.65,1.50
2011.03.07 09:31:47.354,1.37906,1.37927,1.65,1.50
2011.03.07 09:31:47.794,1.37904,1.37927,1.65,1.50
2011.03.07 09:31:48.345,1.37905,1.37927,1.65,1.50
2011.03.07 09:31:48.903,1.37906,1.37927,1.65,1.50
2011.03.07 09:31:49.562,1.37905,1.37927,1.65,1.50
2011.03.07 09:31:50.142,1.37906,1.37927,1.65,1.50
2011.03.07 09:31:50.362,1.37904,1.37927,1.65,1.50
2011.03.07 09:31:50.913,1.37905,1.37927,1.65,1.50
2011.03.07 09:31:51.136,1.37908,1.37927,1.65,1.50
2011.03.07 09:31:51.472,1.37911,1.37931,1.65,1.50
2011.03.07 09:31:53.403,1.37911,1.37931,1.65,1.50
2011.03.07 09:31:53.623,1.37911,1.37931,1.65,1.50
2011.03.07 09:31:54.173,1.3791,1.37931,1.65,1.50
2011.03.07 09:31:54.722,1.3791,1.37934,1.65,1.50
2011.03.07 09:31:55.173,1.37913,1.37934,3.75,1.50
2011.03.07 09:31:55.283,1.37914,1.37935,1.69,1.50
2011.03.07 09:31:55.395,1.37923,1.37935,1.65,1.50
2011.03.07 09:31:55.726,1.37917,1.37943,3.45,2.40
2011.03.07 09:31:55.844,1.37919,1.37945,1.50,3.15
2011.03.07 09:31:56.174,1.37922,1.37948,1.65,1.50
2011.03.07 09:31:56.502,1.37922,1.37948,1.65,1.50
2011.03.07 09:31:57.052,1.37919,1.37948,3.87,1.50
2011.03.07 09:31:57.162,1.37919,1.37948,3.12,1.50
2011.03.07 09:31:57.714,1.37919,1.37945,1.47,1.50
2011.03.07 09:31:59.366,1.37917,1.37944,2.37,1.50
2011.03.07 09:31:59.486,1.37922,1.37944,1.65,1.50
2011.03.07 09:31:59.608,1.37923,1.37947,2.40,1.50
2011.03.07 09:31:59.726,1.37928,1.37947,1.65,1.50
2011.03.07 09:32:00.064,1.37926,1.37951,1.47,2.40
2011.03.07 09:32:00.286,1.37922,1.37951,1.47,2.40
2011.03.07 09:32:00.893,1.37923,1.37948,1.47,1.50
2011.03.07 09:32:01.442,1.37928,1.37952,1.65,1.50
2011.03.07 09:32:02.374,1.37931,1.37952,1.50,1.50
2011.03.07 09:32:02.594,1.37935,1.37957,1.65,1.50
2011.03.07 09:32:02.703,1.37935,1.37957,1.65,1.50
2011.03.07 09:32:03.814,1.37935,1.37957,1.65,1.50
2011.03.07 09:32:04.373,1.37935,1.37957,1.65,1.50
2011.03.07 09:32:04.733,1.37935,1.37957,1.65,1.50
2011.03.07 09:32:04.953,1.37932,1.37957,1.65,1.50
2011.03.07 09:32:05.872,1.37932,1.37957,1.65,1.50
2011.03.07 09:32:06.313,1.3793,1.37957,3.87,1.50
2011.03.07 09:32:06.533,1.37936,1.37957,1.65,1.50
2011.03.07 09:32:07.085,1.3793,1.37957,2.22,1.50
2011.03.07 09:32:07.413,1.37931,1.37957,2.37,1.50
2011.03.07 09:32:07.742,1.37931,1.37957,2.37,1.50
2011.03.07 09:32:08.773,1.37931,1.37957,2.37,1.50
2011.03.07 09:32:10.469,1.37931,1.37957,2.37,1.65
2011.03.07 09:32:10.697,1.37925,1.37952,1.47,1.50
2011.03.07 09:32:10.926,1.37923,1.37952,2.37,1.50
2011.03.07 09:32:11.045,1.37923,1.37952,2.37,1.50
2011.03.07 09:32:11.266,1.37922,1.37948,1.47,1.50
2011.03.07 09:32:12.452,1.37922,1.37948,1.47,1.50
2011.03.07 09:32:12.843,1.37924,1.37948,1.47,1.50
2011.03.07 09:32:13.173,1.37932,1.37948,1.65,1.50
2011.03.07 09:32:13.506,1.37926,1.37948,1.65,1.50
2011.03.07 09:32:13.626,1.3792,1.37944,1.47,1.50
2011.03.07 09:32:13.746,1.37917,1.37944,3.12,1.50
2011.03.07 09:32:13.864,1.37915,1.37945,1.47,1.50
2011.03.07 09:32:14.196,1.37916,1.37944,2.37,1.50
2011.03.07 09:32:14.702,1.37915,1.37941,2.37,1.50
2011.03.07 09:32:15.035,1.37914,1.37941,1.47,1.50
2011.03.07 09:32:15.472,1.37914,1.37941,1.47,1.50
2011.03.07 09:32:15.692,1.37914,1.37941,1.47,1.50
2011.03.07 09:32:16.022,1.37914,1.37941,1.47,1.50
2011.03.07 09:32:18.065,1.37921,1.37941,2.40,1.50
2011.03.07 09:32:20.115,1.37921,1.37941,1.65,1.50
2011.03.07 09:32:20.444,1.37913,1.37934,1.47,2.40
2011.03.07 09:32:20.772,1.37914,1.37934,1.47,2.40
2011.03.07 09:32:20.994,1.37914,1.37934,1.47,2.40
2011.03.07 09:32:21.523,1.37914,1.3794,1.47,1.50
2011.03.07 09:32:21.964,1.37915,1.3794,1.47,1.50
2011.03.07 09:32:22.183,1.37915,1.37931,1.47,1.69
2011.03.07 09:32:22.513,1.37907,1.3792,2.22,1.65
2011.03.07 09:32:22.958,1.37908,1.3792,1.47,1.65
2011.03.07 09:32:23.183,1.37908,1.37929,1.47,1.65
2011.03.07 09:32:23.403,1.37912,1.37938,1.47,1.50
2011.03.07 09:32:23.516,1.37911,1.37935,1.47,2.40
2011.03.07 09:32:23.745,1.37908,1.37931,1.47,2.40
2011.03.07 09:32:24.195,1.37905,1.37931,1.47,3.15
2011.03.07 09:32:25.945,1.37908,1.37931,2.40,1.50
2011.03.07 09:32:26.054,1.37908,1.37931,2.40,1.50
2011.03.07 09:32:27.675,1.37904,1.37929,1.47,1.50
2011.03.07 09:32:27.893,1.37905,1.3793,1.47,3.15
2011.03.07 09:32:28.224,1.37903,1.3793,1.50,3.15
2011.03.07 09:32:28.335,1.37898,1.37924,1.47,1.50
2011.03.07 09:32:28.453,1.37898,1.3792,1.47,1.65
2011.03.07 09:32:28.783,1.37898,1.3792,1.47,1.65
2011.03.07 09:32:29.114,1.37897,1.3792,1.47,1.65
2011.03.07 09:32:30.004,1.37893,1.3792,1.47,3.15
2011.03.07 09:32:30.113,1.37893,1.37919,1.47,1.50
2011.03.07 09:32:30.334,1.37893,1.37918,1.47,2.40
2011.03.07 09:32:30.664,1.37893,1.37919,1.47,1.50
2011.03.07 09:32:31.173,1.3789,1.37914,2.22,1.65
2011.03.07 09:32:31.506,1.37887,1.37908,1.62,1.65
2011.03.07 09:32:31.622,1.37886,1.37918,1.54,3.15
2011.03.07 09:32:31.847,1.37892,1.37919,1.47,1.50
2011.03.07 09:32:32.185,1.37892,1.37921,1.47,3.15
2011.03.07 09:32:32.524,1.37896,1.37919,1.47,2.40
2011.03.07 09:32:32.744,1.37896,1.37922,3.12,1.50
2011.03.07 09:32:32.963,1.37896,1.37921,3.12,1.50
2011.03.07 09:32:33.077,1.37896,1.37919,3.12,1.50
2011.03.07 09:32:33.305,1.37896,1.3792,1.47,3.45
2011.03.07 09:32:33.415,1.37893,1.37916,2.40,1.50
2011.03.07 09:32:33.744,1.37892,1.37913,1.47,2.40
2011.03.07 09:32:34.174,1.37884,1.37909,1.47,2.40
2011.03.07 09:32:34.503,1.37884,1.37909,1.47,2.40
2011.03.07 09:32:34.945,1.37884,1.37909,1.47,2.40
2011.03.07 09:32:35.273,1.37886,1.37912,1.47,2.40
2011.03.07 09:32:35.495,1.37886,1.37913,1.47,3.15
2011.03.07 09:32:36.044,1.37891,1.37915,1.47,1.50
2011.03.07 09:32:36.156,1.37897,1.37916,1.50,1.50
2011.03.07 09:32:36.278,1.37899,1.37914,2.41,1.65
2011.03.07 09:32:36.395,1.37902,1.37923,1.84,1.50
2011.03.07 09:32:36.506,1.37902,1.37925,2.40,2.25
2011.03.07 09:32:36.733,1.37899,1.37923,1.47,1.50
2011.03.07 09:32:37.285,1.37899,1.37922,1.47,1.50
2011.03.07 09:32:37.613,1.37892,1.3792,1.66,3.15
2011.03.07 09:32:37.946,1.37897,1.37923,2.40,1.50
2011.03.07 09:32:38.176,1.37898,1.3792,1.47,1.65
2011.03.07 09:32:38.801,1.37898,1.3792,1.47,1.65
2011.03.07 09:32:39.354,1.37899,1.3792,1.50,1.65
2011.03.07 09:32:39.798,1.37905,1.37921,1.50,1.65
2011.03.07 09:32:39.918,1.37907,1.37931,1.50,1.50
2011.03.07 09:32:40.111,1.37907,1.37931,2.40,1.50
2011.03.07 09:32:40.553,1.3791,1.37934,1.47,2.40
2011.03.07 09:32:41.102,1.37911,1.37934,1.47,2.40
2011.03.07 09:32:41.212,1.37911,1.37934,1.47,2.40
2011.03.07 09:32:41.545,1.37911,1.37934,1.47,2.40
2011.03.07 09:32:41.874,1.37902,1.37925,1.47,2.40
2011.03.07 09:32:42.532,1.37898,1.37924,1.47,2.40
2011.03.07 09:32:42.864,1.37894,1.3792,1.47,1.50
2011.03.07 09:32:42.976,1.37894,1.37919,1.47,2.40
2011.03.07 09:32:44.884,1.37897,1.37919,1.69,1.65
2011.03.07 09:32:45.214,1.37905,1.37931,1.47,1.50
2011.03.07 09:32:45.545,1.37904,1.37929,1.47,2.40
2011.03.07 09:32:46.424,1.37904,1.37928,1.47,2.40
2011.03.07 09:32:46.753,1.37904,1.37928,1.47,2.40
2011.03.07 09:32:47.303,1.37904,1.37928,1.47,2.40
2011.03.07 09:32:47.795,1.37904,1.37928,1.47,1.65
2011.03.07 09:32:48.135,1.37908,1.37928,1.47,2.40
2011.03.07 09:32:48.683,1.37908,1.37926,1.47,2.40
2011.03.07 09:32:49.344,1.37908,1.37929,1.47,2.40
2011.03.07 09:32:49.674,1.37908,1.37933,1.47,1.50
2011.03.07 09:32:49.895,1.37907,1.3793,1.47,1.65
2011.03.07 09:32:50.005,1.37907,1.37933,1.47,2.40
2011.03.07 09:32:50.333,1.37908,1.37933,1.47,2.40
2011.03.07 09:32:50.555,1.37908,1.37934,1.47,3.15
2011.03.07 09:32:50.883,1.37908,1.37931,1.47,2.40
2011.03.07 09:32:51.213,1.37908,1.37931,1.47,1.65
2011.03.07 09:32:51.544,1.37905,1.3793,1.47,2.40
2011.03.07 09:32:51.654,1.37903,1.37923,1.47,2.40
2011.03.07 09:32:51.764,1.37904,1.37923,1.47,1.65
2011.03.07 09:32:52.157,1.37904,1.37923,1.47,2.40
2011.03.07 09:32:52.274,1.37904,1.37923,1.47,2.40
2011.03.07 09:32:52.934,1.37903,1.37923,1.47,2.40
2011.03.07 09:32:53.693,1.37904,1.37923,1.47,2.40
2011.03.07 09:32:54.245,1.37904,1.37923,1.47,2.40
2011.03.07 09:32:54.584,1.37899,1.37914,2.22,1.65
2011.03.07 09:32:54.804,1.37897,1.37914,1.47,1.65
2011.03.07 09:32:55.024,1.37897,1.37921,1.47,1.50
2011.03.07 09:32:55.134,1.37897,1.37921,1.47,1.50
2011.03.07 09:32:55.462,1.37897,1.37921,1.47,1.50
2011.03.07 09:32:55.903,1.37897,1.37921,1.47,1.50
2011.03.07 09:32:56.462,1.37897,1.37922,1.47,1.50
2011.03.07 09:32:56.793,1.37899,1.37925,1.47,2.25
2011.03.07 09:32:57.463,1.37899,1.37925,1.47,1.50
2011.03.07 09:32:58.513,1.37899,1.37919,1.47,1.65
2011.03.07 09:32:58.624,1.37899,1.37919,1.47,1.65
2011.03.07 09:32:59.225,1.37897,1.37919,1.47,2.40
2011.03.07 09:32:59.932,1.37896,1.37919,1.47,2.40
2011.03.07 09:33:00.872,1.37896,1.37919,1.47,2.40
2011.03.07 09:33:01.315,1.379,1.37921,1.65,1.50
2011.03.07 09:33:01.532,1.379,1.37924,2.40,2.25
2011.03.07 09:33:02.762,1.379,1.37924,2.40,1.50
2011.03.07 09:33:03.313,1.379,1.37927,2.40,2.25
2011.03.07 09:33:03.423,1.379,1.37926,2.40,1.50
2011.03.07 09:33:03.643,1.37904,1.37928,1.50,1.50
2011.03.07 09:33:03.757,1.37904,1.37928,2.22,1.50
2011.03.07 09:33:04.376,1.37906,1.37933,1.47,1.50
2011.03.07 09:33:04.713,1.37907,1.37933,2.40,1.50
2011.03.07 09:33:05.044,1.37907,1.37933,1.65,1.50
2011.03.07 09:33:05.593,1.37906,1.37929,1.47,1.50
2011.03.07 09:33:09.334,1.37907,1.37928,1.65,1.50
2011.03.07 09:33:09.883,1.37907,1.37928,1.65,1.50
2011.03.07 09:33:10.694,1.37906,1.37928,2.40,1.50
2011.03.07 09:33:13.736,1.37906,1.37928,2.40,1.50
2011.03.07 09:33:14.075,1.37913,1.37934,1.65,1.50
2011.03.07 09:33:14.293,1.3791,1.37934,1.65,1.50
2011.03.07 09:33:14.405,1.37908,1.37934,2.37,1.50
2011.03.07 09:33:14.514,1.37905,1.3793,2.40,1.50
2011.03.07 09:33:14.622,1.37907,1.3793,2.40,1.50
2011.03.07 09:33:15.283,1.37909,1.3793,1.65,1.50
2011.03.07 09:33:15.613,1.37907,1.3793,2.40,1.50
2011.03.07 09:33:16.763,1.37915,1.37931,2.40,1.50
2011.03.07 09:33:17.203,1.3791,1.3793,2.40,1.50
2011.03.07 09:33:17.755,1.37907,1.3793,2.40,1.50
2011.03.07 09:33:18.702,1.37909,1.3793,2.40,1.50
2011.03.07 09:33:19.244,1.37909,1.3793,2.40,1.50
2011.03.07 09:33:20.163,1.3791,1.3793,2.40,1.50
2011.03.07 09:33:20.713,1.3791,1.37931,2.40,1.50
2011.03.07 09:33:21.263,1.37918,1.37931,1.65,1.50
2011.03.07 09:33:22.173,1.37919,1.37931,1.65,1.50
2011.03.07 09:33:22.506,1.3792,1.37935,1.65,1.50
2011.03.07 09:33:22.843,1.37917,1.37932,1.65,1.50
2011.03.07 09:33:22.952,1.37914,1.37932,1.65,1.50
2011.03.07 09:33:23.503,1.37913,1.37931,1.65,1.50
2011.03.07 09:33:24.683,1.37913,1.37931,1.65,1.50
2011.03.07 09:33:24.903,1.37914,1.37931,1.65,1.50
2011.03.07 09:33:25.012,1.37916,1.37931,1.65,1.50
2011.03.07 09:33:25.575,1.37915,1.37931,1.65,1.50
2011.03.07 09:33:25.683,1.37912,1.37931,2.40,1.50
2011.03.07 09:33:26.013,1.37909,1.37931,2.40,1.50
2011.03.07 09:33:26.843,1.37909,1.37931,2.40,1.50
2011.03.07 09:33:26.955,1.37909,1.37934,2.40,1.50
2011.03.07 09:33:27.064,1.37918,1.37933,1.65,1.50
2011.03.07 09:33:27.743,1.37919,1.37934,1.65,1.50
2011.03.07 09:33:29.203,1.37919,1.37933,1.65,1.50
2011.03.07 09:33:29.424,1.37912,1.37933,1.65,1.50
2011.03.07 09:33:30.005,1.3791,1.3793,2.40,1.50
2011.03.07 09:33:31.262,1.3791,1.3793,1.65,1.50
2011.03.07 09:33:31.663,1.3791,1.37931,2.40,1.50
2011.03.07 09:33:31.991,1.3791,1.37932,2.40,1.50
2011.03.07 09:33:32.563,1.3791,1.37931,2.40,1.50
2011.03.07 09:33:33.147,1.37909,1.37933,3.12,1.50
2011.03.07 09:33:33.266,1.37913,1.37933,2.40,1.50
2011.03.07 09:33:33.824,1.37911,1.37934,2.40,1.50
2011.03.07 09:33:35.583,1.37911,1.37934,2.40,1.50
2011.03.07 09:33:36.143,1.37918,1.37936,1.65,2.25
2011.03.07 09:33:36.474,1.37915,1.37933,1.65,1.50
2011.03.07 09:33:36.695,1.37913,1.37933,2.40,1.50
2011.03.07 09:33:37.134,1.37922,1.37933,1.65,1.50
2011.03.07 09:33:37.246,1.37916,1.37933,1.65,1.50
2011.03.07 09:33:37.364,1.37906,1.37933,1.47,1.50
2011.03.07 09:33:37.586,1.37911,1.37929,1.65,1.50
2011.03.07 09:33:37.814,1.37909,1.37929,1.65,1.50
2011.03.07 09:33:38.362,1.3791,1.37929,1.65,1.50
2011.03.07 09:33:38.813,1.37908,1.37929,1.65,1.50
2011.03.07 09:33:38.924,1.3791,1.37929,1.65,1.50
2011.03.07 09:33:39.033,1.37908,1.37929,1.65,1.50
2011.03.07 09:33:39.643,1.37909,1.37929,1.65,1.50
2011.03.07 09:33:39.752,1.37909,1.37929,1.65,1.50
2011.03.07 09:33:40.412,1.37905,1.37929,2.40,1.50
2011.03.07 09:33:40.522,1.37905,1.37929,2.40,1.50
2011.03.07 09:33:40.743,1.37906,1.37929,2.40,1.50
2011.03.07 09:33:41.073,1.37908,1.37922,1.65,1.50
2011.03.07 09:33:41.187,1.37901,1.37922,1.65,1.50
2011.03.07 09:33:41.304,1.37897,1.37916,2.40,1.50
2011.03.07 09:33:41.415,1.37897,1.37915,1.65,1.50
2011.03.07 09:33:41.525,1.37895,1.37915,1.65,1.50
2011.03.07 09:33:41.633,1.37891,1.37915,1.65,1.50
2011.03.07 09:33:42.183,1.37888,1.3791,2.40,1.50
2011.03.07 09:33:42.403,1.37888,1.37908,2.40,2.25
2011.03.07 09:33:42.515,1.37888,1.37905,1.65,1.50
2011.03.07 09:33:42.624,1.37884,1.37905,2.40,1.50
2011.03.07 09:33:42.844,1.37889,1.37908,2.40,2.25
2011.03.07 09:33:43.168,1.37887,1.3791,2.40,1.50
2011.03.07 09:33:43.396,1.37893,1.3791,1.65,1.50
2011.03.07 09:33:44.013,1.37888,1.3791,2.40,1.50
2011.03.07 09:33:44.454,1.37888,1.37897,2.40,1.32
2011.03.07 09:33:44.565,1.37881,1.37894,1.47,2.40
2011.03.07 09:33:44.785,1.37874,1.37892,1.47,2.40
2011.03.07 09:33:45.002,1.37874,1.37898,1.47,3.34
2011.03.07 09:33:46.322,1.37874,1.37898,1.62,3.34
2011.03.07 09:33:46.553,1.37874,1.37898,1.62,3.34
2011.03.07 09:33:46.885,1.37878,1.37897,1.05,2.40
2011.03.07 09:33:47.377,1.37876,1.37898,1.05,1.50
2011.03.07 09:33:47.935,1.37874,1.37898,1.69,1.50
2011.03.07 09:33:48.263,1.37878,1.37895,1.05,1.13
2011.03.07 09:33:48.812,1.37877,1.37895,1.05,1.13
2011.03.07 09:33:49.036,1.37873,1.37893,1.05,1.13
2011.03.07 09:33:49.157,1.3787,1.37892,1.62,2.25
2011.03.07 09:33:49.276,1.3787,1.37891,1.62,1.50
2011.03.07 09:33:49.504,1.37867,1.37891,2.63,1.13
2011.03.07 09:33:49.614,1.37866,1.37891,3.42,1.13
2011.03.07 09:33:49.725,1.37866,1.37894,3.42,3.90
2011.03.07 09:33:49.945,1.3787,1.37894,1.69,1.88
2011.03.07 09:33:50.274,1.37873,1.37893,1.05,1.13
2011.03.07 09:33:50.713,1.3787,1.37893,1.69,1.13
2011.03.07 09:33:51.572,1.3787,1.37894,1.77,1.88
2011.03.07 09:33:52.023,1.37871,1.37894,1.05,1.13
2011.03.07 09:33:52.350,1.37874,1.37899,3.27,1.50
2011.03.07 09:33:53.140,1.37874,1.37898,3.27,1.50
2011.03.07 09:33:53.817,1.37876,1.37898,1.05,1.50
2011.03.07 09:33:54.262,1.37876,1.37898,1.05,3.15
2011.03.07 09:33:54.813,1.37876,1.37898,1.05,3.15
2011.03.07 09:33:55.364,1.37876,1.37898,1.05,3.15
2011.03.07 09:33:55.922,1.37877,1.37898,1.05,1.50
2011.03.07 09:33:56.305,1.37877,1.37898,1.05,1.50
2011.03.07 09:33:56.633,1.37878,1.37898,1.05,1.50
2011.03.07 09:33:56.743,1.37879,1.37898,1.05,1.50
2011.03.07 09:33:56.962,1.3788,1.379,1.05,2.25
2011.03.07 09:33:57.292,1.37881,1.37898,1.05,1.50
2011.03.07 09:33:58.058,1.37874,1.37898,1.62,1.50
2011.03.07 09:33:58.954,1.37876,1.37896,1.05,3.15
2011.03.07 09:33:59.285,1.3787,1.37896,1.77,1.50
2011.03.07 09:33:59.394,1.37877,1.37896,1.05,1.50
2011.03.07 09:34:00.534,1.3787,1.37897,1.62,3.15
2011.03.07 09:34:00.865,1.37875,1.37901,3.19,1.50
2011.03.07 09:34:00.972,1.37875,1.37902,3.19,1.50
2011.03.07 09:34:01.193,1.37875,1.37902,3.19,1.50
2011.03.07 09:34:01.742,1.37881,1.37902,2.40,1.50
2011.03.07 09:34:02.183,1.37881,1.37906,2.40,1.50
2011.03.07 09:34:02.901,1.37881,1.37906,2.40,1.50
2011.03.07 09:34:03.022,1.37881,1.37906,2.48,1.50
2011.03.07 09:34:03.135,1.37884,1.37908,1.47,1.50
2011.03.07 09:34:03.244,1.37884,1.3791,1.47,2.25
2011.03.07 09:34:03.575,1.37884,1.37908,1.62,1.50
2011.03.07 09:34:04.804,1.37886,1.3791,1.47,1.50
2011.03.07 09:34:05.682,1.37887,1.37911,1.47,1.50
2011.03.07 09:34:06.125,1.37886,1.37912,1.47,1.50
2011.03.07 09:34:06.234,1.37886,1.37911,1.47,1.50
2011.03.07 09:34:08.802,1.37887,1.37911,1.47,1.50
2011.03.07 09:34:08.912,1.37885,1.37911,2.22,1.50
2011.03.07 09:34:09.353,1.37887,1.37913,1.47,1.50
2011.03.07 09:34:10.076,1.3789,1.37911,2.40,1.50
2011.03.07 09:34:10.195,1.3789,1.37911,1.65,1.50
2011.03.07 09:34:10.413,1.37883,1.37909,1.47,2.25
2011.03.07 09:34:10.522,1.37883,1.37909,1.47,1.50
2011.03.07 09:34:10.852,1.37883,1.37909,1.47,1.50
2011.03.07 09:34:11.184,1.37887,1.37913,1.47,1.88
2011.03.07 09:34:11.852,1.37883,1.3791,1.47,1.50
2011.03.07 09:34:12.354,1.37883,1.3791,1.47,1.50
2011.03.07 09:34:14.252,1.37883,1.3791,1.47,1.50
2011.03.07 09:34:16.953,1.37883,1.3791,3.12,1.50
2011.03.07 09:34:18.403,1.37883,1.3791,3.12,1.50
2011.03.07 09:34:22.235,1.37892,1.3791,1.50,1.50
2011.03.07 09:34:22.456,1.37903,1.37915,1.65,1.50
2011.03.07 09:34:22.785,1.37887,1.37915,1.47,1.50
2011.03.07 09:34:23.112,1.37887,1.37915,1.47,1.50
2011.03.07 09:34:23.554,1.37887,1.37915,1.47,1.50
2011.03.07 09:34:23.774,1.37887,1.37914,1.47,1.50
2011.03.07 09:34:24.603,1.37891,1.37914,1.50,1.50
2011.03.07 09:34:24.936,1.37903,1.37918,1.65,1.50
2011.03.07 09:34:25.273,1.3789,1.37917,1.47,1.50
2011.03.07 09:34:26.376,1.3789,1.37917,1.47,1.50
2011.03.07 09:34:26.497,1.37897,1.37917,2.40,1.50
2011.03.07 09:34:27.246,1.37897,1.37916,1.65,1.50
2011.03.07 09:34:27.694,1.37892,1.37917,2.40,1.50
2011.03.07 09:34:28.353,1.37896,1.3792,2.40,1.50
2011.03.07 09:34:31.084,1.37896,1.37919,1.65,3.45
2011.03.07 09:34:31.416,1.37888,1.37906,1.47,2.40
2011.03.07 09:34:31.782,1.37888,1.37915,1.47,2.25
2011.03.07 09:34:32.337,1.37889,1.37915,1.47,1.50
2011.03.07 09:34:33.003,1.37886,1.37912,2.40,1.50
2011.03.07 09:34:33.116,1.37886,1.37912,2.40,1.50
2011.03.07 09:34:33.734,1.37886,1.37912,2.40,1.50
2011.03.07 09:34:34.285,1.37886,1.37912,2.40,1.50
2011.03.07 09:34:34.394,1.37889,1.37916,3.12,1.50
2011.03.07 09:34:34.726,1.3789,1.37915,2.40,1.50
2011.03.07 09:34:34.834,1.3789,1.37913,2.40,1.50
2011.03.07 09:34:34.942,1.37886,1.37913,3.12,1.50
2011.03.07 09:34:38.715,1.37886,1.37913,3.12,1.50
2011.03.07 09:34:40.034,1.3789,1.37913,2.40,1.50
2011.03.07 09:34:40.585,1.37886,1.37913,3.12,1.50
2011.03.07 09:34:41.570,1.37886,1.3791,1.47,1.50
2011.03.07 09:34:41.684,1.37884,1.37909,2.40,1.50
2011.03.07 09:34:45.083,1.37883,1.37909,2.40,1.50
2011.03.07 09:34:45.633,1.37885,1.37909,2.40,1.50
2011.03.07 09:34:45.963,1.37884,1.37909,2.40,1.50
2011.03.07 09:34:48.393,1.37884,1.37909,2.40,1.50
2011.03.07 09:34:50.973,1.37881,1.37909,3.12,1.50
2011.03.07 09:34:51.685,1.37881,1.37909,3.12,1.50
2011.03.07 09:34:52.017,1.37883,1.37903,2.40,1.69
2011.03.07 09:34:52.135,1.37881,1.37901,1.47,1.69
2011.03.07 09:34:52.465,1.37873,1.379,1.47,1.50
2011.03.07 09:34:52.795,1.37873,1.379,1.47,1.50
2011.03.07 09:34:53.675,1.37877,1.37903,2.40,1.50
2011.03.07 09:34:54.005,1.37876,1.37903,3.12,1.50
2011.03.07 09:34:55.162,1.37881,1.37903,4.50,1.50
2011.03.07 09:34:55.495,1.37897,1.37908,1.65,1.50
2011.03.07 09:34:55.604,1.37881,1.37908,1.84,1.50
2011.03.07 09:34:55.822,1.37881,1.37909,1.47,1.50
2011.03.07 09:34:56.483,1.37877,1.37904,1.47,1.50
2011.03.07 09:34:56.924,1.37877,1.37904,1.47,1.50
2011.03.07 09:34:57.472,1.37877,1.37904,1.47,1.50
2011.03.07 09:34:58.023,1.37877,1.37904,1.47,1.50
2011.03.07 09:34:58.462,1.37877,1.37904,1.47,1.50
2011.03.07 09:34:59.014,1.37877,1.37904,1.47,1.50
2011.03.07 09:34:59.782,1.37877,1.37904,1.47,1.50
2011.03.07 09:35:00.333,1.37877,1.37904,1.47,2.25
2011.03.07 09:35:01.130,1.37877,1.37904,1.47,2.25
2011.03.07 09:35:01.356,1.37877,1.37901,1.47,1.50
2011.03.07 09:35:01.914,1.37877,1.37904,1.47,1.50
2011.03.07 09:35:02.744,1.37877,1.37902,1.47,1.50
2011.03.07 09:35:03.292,1.37877,1.37902,1.47,1.50
2011.03.07 09:35:05.403,1.37876,1.37898,1.47,1.50
2011.03.07 09:35:05.624,1.37877,1.379,1.47,1.65
2011.03.07 09:35:06.173,1.37877,1.37902,1.47,1.50
2011.03.07 09:35:09.573,1.37876,1.37901,1.47,1.50
2011.03.07 09:35:09.686,1.37874,1.37896,3.15,1.50
2011.03.07 09:35:10.026,1.37866,1.37896,3.12,1.50
2011.03.07 09:35:10.247,1.37869,1.37897,2.40,1.50
2011.03.07 09:35:10.803,1.37872,1.37897,2.40,1.50
2011.03.07 09:35:11.025,1.37872,1.379,3.12,1.50
2011.03.07 09:35:11.573,1.37874,1.37901,3.12,1.50
2011.03.07 09:35:14.513,1.37874,1.37901,3.12,1.50
2011.03.07 09:35:14.623,1.37875,1.37902,1.47,2.25
2011.03.07 09:35:14.733,1.37875,1.37902,1.47,1.50
2011.03.07 09:35:16.125,1.37882,1.37905,1.65,2.25
2011.03.07 09:35:16.454,1.37879,1.37905,1.47,1.50
2011.03.07 09:35:16.565,1.37882,1.37905,2.40,1.50
2011.03.07 09:35:16.783,1.37879,1.37905,1.47,1.50
2011.03.07 09:35:17.445,1.37879,1.37905,1.47,1.50
2011.03.07 09:35:17.993,1.37879,1.37905,1.47,1.50
2011.03.07 09:35:18.104,1.37879,1.37905,1.47,1.50
2011.03.07 09:35:18.488,1.37879,1.37905,1.47,2.25
2011.03.07 09:35:20.403,1.37876,1.37895,1.47,2.25
2011.03.07 09:35:20.733,1.37867,1.37886,1.47,1.65
2011.03.07 09:35:20.953,1.37867,1.37886,1.47,1.65
2011.03.07 09:35:21.394,1.37863,1.3789,3.12,1.50
2011.03.07 09:35:21.614,1.37871,1.37892,2.40,1.50
2011.03.07 09:35:21.726,1.37871,1.37894,2.40,1.50
2011.03.07 09:35:21.844,1.37868,1.37896,2.40,1.50
2011.03.07 09:35:22.063,1.37873,1.37898,1.47,1.50
2011.03.07 09:35:22.285,1.37874,1.379,2.40,1.50
2011.03.07 09:35:22.393,1.37878,1.37901,2.40,1.50
2011.03.07 09:35:22.724,1.37877,1.37903,2.40,2.25
2011.03.07 09:35:23.256,1.37876,1.37902,1.47,1.50
2011.03.07 09:35:23.813,1.37878,1.37904,2.40,2.25
2011.03.07 09:35:24.364,1.37876,1.37903,1.47,1.50
2011.03.07 09:35:24.804,1.37876,1.37904,3.12,1.50
2011.03.07 09:35:25.025,1.37881,1.37907,2.40,2.25
2011.03.07 09:35:25.245,1.37881,1.37907,2.40,1.50
2011.03.07 09:35:25.684,1.3788,1.37906,1.47,2.25
2011.03.07 09:35:25.905,1.3788,1.37905,1.47,1.50
2011.03.07 09:35:26.453,1.3788,1.37906,1.47,2.25
2011.03.07 09:35:27.769,1.37883,1.37906,1.50,2.25
2011.03.07 09:35:28.104,1.37883,1.37904,1.50,1.50
2011.03.07 09:35:28.215,1.37881,1.37904,1.50,1.50
2011.03.07 09:35:28.763,1.37881,1.37902,2.25,1.50
2011.03.07 09:35:29.313,1.37879,1.37901,2.25,1.50
2011.03.07 09:35:29.643,1.37879,1.37902,2.25,1.50
2011.03.07 09:35:29.976,1.37889,1.37907,2.40,1.50
2011.03.07 09:35:30.203,1.37889,1.37907,2.40,1.50
2011.03.07 09:35:30.646,1.37884,1.37907,2.25,1.50
2011.03.07 09:35:31.205,1.37884,1.37905,2.25,1.50
2011.03.07 09:35:31.772,1.37884,1.37906,2.25,1.50
2011.03.07 09:35:32.325,1.37884,1.37905,2.25,1.50
2011.03.07 09:35:35.733,1.37884,1.37905,1.50,1.50
2011.03.07 09:35:35.954,1.37884,1.37905,1.50,1.50
2011.03.07 09:35:36.063,1.37882,1.37905,2.25,1.50
2011.03.07 09:35:36.943,1.37882,1.37905,2.25,1.50
2011.03.07 09:35:37.272,1.37882,1.37905,2.25,1.50
2011.03.07 09:35:38.574,1.37882,1.37905,2.25,1.50
2011.03.07 09:35:39.016,1.37881,1.37905,2.25,1.50
2011.03.07 09:35:48.942,1.37881,1.37907,2.25,2.25
2011.03.07 09:35:49.492,1.3789,1.37905,1.50,1.50
2011.03.07 09:35:59.153,1.3789,1.37905,1.50,1.50
2011.03.07 09:35:59.267,1.37888,1.37905,1.50,1.50
2011.03.07 09:35:59.384,1.37888,1.37907,1.50,2.25
2011.03.07 09:35:59.605,1.3789,1.37907,1.50,2.25
2011.03.07 09:36:00.773,1.3789,1.37905,1.50,1.50
2011.03.07 09:36:01.103,1.37887,1.37905,1.50,1.50
2011.03.07 09:36:01.215,1.37887,1.37905,1.50,1.50
2011.03.07 09:36:01.790,1.37887,1.379,1.50,1.50
2011.03.07 09:36:03.773,1.37887,1.37904,1.50,1.50
2011.03.07 09:36:04.325,1.37887,1.37904,1.50,1.50
2011.03.07 09:36:04.545,1.37887,1.37904,1.50,1.50
2011.03.07 09:36:04.877,1.3789,1.37905,1.50,1.50
2011.03.07 09:36:05.434,1.3789,1.37904,1.50,1.50
2011.03.07 09:36:05.763,1.37889,1.37904,1.50,1.50
2011.03.07 09:36:05.874,1.37889,1.37904,1.50,1.50
2011.03.07 09:36:06.280,1.37887,1.37902,1.50,1.50
2011.03.07 09:36:06.508,1.37884,1.37901,1.50,1.50
2011.03.07 09:36:07.647,1.37884,1.37901,1.50,1.50
2011.03.07 09:36:07.787,1.37881,1.37901,1.50,1.50
2011.03.07 09:36:08.232,1.37884,1.37901,1.50,1.50
2011.03.07 09:36:08.893,1.37884,1.37901,1.50,1.50
2011.03.07 09:36:09.005,1.37884,1.37901,1.50,1.50
2011.03.07 09:36:09.335,1.37886,1.37901,1.50,1.50
2011.03.07 09:36:09.447,1.3789,1.37905,1.50,1.50
2011.03.07 09:36:09.566,1.37894,1.37908,1.50,1.50
2011.03.07 09:36:09.786,1.37891,1.37908,1.50,1.50
2011.03.07 09:36:10.114,1.37891,1.37903,1.50,1.50
2011.03.07 09:36:10.663,1.37891,1.37903,1.50,1.50
2011.03.07 09:36:11.583,1.37891,1.37903,1.50,1.50
2011.03.07 09:36:12.134,1.37891,1.37903,1.50,1.50
2011.03.07 09:36:12.464,1.37891,1.37903,1.50,1.50
2011.03.07 09:36:12.573,1.37892,1.37904,1.50,1.50
2011.03.07 09:36:12.683,1.37889,1.37904,1.50,1.50
2011.03.07 09:36:16.264,1.37888,1.37904,1.50,1.50
2011.03.07 09:36:29.402,1.37887,1.37905,1.50,1.50
2011.03.07 09:36:35.254,1.37887,1.37903,1.50,1.50
2011.03.07 09:36:35.585,1.3787,1.3789,1.47,2.40
2011.03.07 09:36:35.802,1.37869,1.3789,2.97,2.40
2011.03.07 09:36:36.024,1.37869,1.3789,2.97,1.65
2011.03.07 09:36:36.243,1.37873,1.37894,1.50,1.50
2011.03.07 09:36:38.663,1.37869,1.37892,2.97,1.50
2011.03.07 09:36:40.444,1.37869,1.37892,2.22,1.50
2011.03.07 09:36:40.554,1.37867,1.37892,3.90,1.50
2011.03.07 09:36:50.255,1.37867,1.37887,1.50,1.50
2011.03.07 09:36:50.946,1.37865,1.37889,1.47,1.50
2011.03.07 09:36:51.293,1.37862,1.37874,1.50,1.50
2011.03.07 09:36:51.404,1.37853,1.37874,2.25,1.50
2011.03.07 09:36:51.955,1.37855,1.37876,2.25,1.50
2011.03.07 09:36:52.834,1.37853,1.37876,2.25,1.50
2011.03.07 09:36:52.944,1.37853,1.37879,2.25,2.40
2011.03.07 09:36:53.164,1.37856,1.37881,3.90,1.50
2011.03.07 09:36:53.385,1.37856,1.37881,2.40,1.50
2011.03.07 09:36:53.934,1.37856,1.37881,2.40,1.50
2011.03.07 09:36:54.044,1.37856,1.37878,2.40,1.50
2011.03.07 09:36:54.593,1.37859,1.37878,2.25,1.50
2011.03.07 09:36:55.144,1.37859,1.37875,2.25,1.50
2011.03.07 09:36:55.472,1.37859,1.37875,2.25,1.50
2011.03.07 09:36:55.593,1.37859,1.37875,2.25,1.50
2011.03.07 09:36:56.508,1.37862,1.37881,2.25,1.50
2011.03.07 09:36:56.846,1.37862,1.37884,2.25,1.50
2011.03.07 09:36:56.965,1.37862,1.37884,2.25,1.50
2011.03.07 09:36:57.074,1.37866,1.37888,2.25,2.25
2011.03.07 09:37:01.275,1.37867,1.37887,2.25,1.50
2011.03.07 09:37:02.566,1.37864,1.37888,2.40,2.25
2011.03.07 09:37:03.112,1.37864,1.37887,2.40,1.50
2011.03.07 09:37:04.254,1.37865,1.37888,2.55,1.50
2011.03.07 09:37:04.803,1.37864,1.37887,3.90,1.50
2011.03.07 09:37:05.353,1.37867,1.37888,2.40,2.25
2011.03.07 09:37:07.113,1.37867,1.37888,2.25,1.50
2011.03.07 09:37:07.663,1.37867,1.37888,2.25,1.50
2011.03.07 09:37:08.213,1.37867,1.37888,2.25,1.50
2011.03.07 09:37:08.915,1.37869,1.37893,2.40,2.25
2011.03.07 09:37:09.245,1.37876,1.37893,1.65,1.50
2011.03.07 09:37:09.356,1.37876,1.37897,2.40,1.50
2011.03.07 09:37:09.913,1.37874,1.37897,2.40,1.50
2011.03.07 09:37:10.353,1.37874,1.37897,2.40,1.50
2011.03.07 09:37:10.902,1.37874,1.37898,2.40,1.50
2011.03.07 09:37:11.234,1.37876,1.37898,2.40,1.50
2011.03.07 09:37:12.443,1.37876,1.379,2.40,2.25
2011.03.07 09:37:13.974,1.37878,1.379,2.40,1.50
2011.03.07 09:37:14.276,1.37878,1.379,2.40,1.50
2011.03.07 09:37:14.914,1.37875,1.379,2.25,1.50
2011.03.07 09:37:15.244,1.37875,1.379,2.25,1.50
2011.03.07 09:37:15.463,1.37875,1.379,2.25,1.50
2011.03.07 09:37:16.563,1.37873,1.379,1.47,1.50
2011.03.07 09:37:17.002,1.37873,1.379,1.47,1.50
2011.03.07 09:37:17.554,1.37873,1.379,1.47,1.50
2011.03.07 09:37:18.103,1.37873,1.37899,1.47,1.50
2011.03.07 09:37:18.985,1.37873,1.379,1.47,1.50
2011.03.07 09:37:19.314,1.37877,1.37904,1.47,1.50
2011.03.07 09:37:20.083,1.37877,1.37904,1.47,1.50
2011.03.07 09:37:20.435,1.37877,1.37904,1.47,1.50
2011.03.07 09:37:20.545,1.37879,1.37907,1.47,1.50
2011.03.07 09:37:21.130,1.37885,1.37907,2.40,1.50
2011.03.07 09:37:21.684,1.37885,1.37908,2.40,1.50
2011.03.07 09:37:22.233,1.37889,1.3791,2.40,1.50
2011.03.07 09:37:22.565,1.37892,1.3791,2.40,1.50
2011.03.07 09:37:22.896,1.37889,1.37914,2.40,2.25
2011.03.07 09:37:23.003,1.37889,1.37913,2.40,1.50
2011.03.07 09:37:23.225,1.37889,1.37913,2.40,1.50
2011.03.07 09:37:23.775,1.37884,1.37909,2.40,3.34
2011.03.07 09:37:24.213,1.3788,1.37905,1.47,3.15
2011.03.07 09:37:25.562,1.3788,1.37905,1.47,3.15
2011.03.07 09:37:26.113,1.3788,1.37906,1.47,1.50
2011.03.07 09:37:26.493,1.37884,1.37908,1.47,1.69
2011.03.07 09:37:26.844,1.37882,1.37907,1.47,1.50
2011.03.07 09:37:27.245,1.37875,1.37899,1.47,1.65
2011.03.07 09:37:27.357,1.37875,1.37902,1.47,1.69
2011.03.07 09:37:27.913,1.3788,1.37905,1.47,2.40
2011.03.07 09:37:28.133,1.3788,1.37905,1.47,3.15
2011.03.07 09:37:28.683,1.3788,1.37902,1.47,2.40
2011.03.07 09:37:29.233,1.3788,1.37902,1.47,2.40
2011.03.07 09:37:30.443,1.37876,1.37901,1.47,1.65
2011.03.07 09:37:30.883,1.37876,1.37902,1.47,1.50
2011.03.07 09:37:31.216,1.37876,1.37902,1.47,1.50
2011.03.07 09:37:31.444,1.3788,1.37904,1.47,2.40
2011.03.07 09:37:31.553,1.3788,1.37904,1.47,2.40
2011.03.07 09:37:31.994,1.37878,1.37902,1.47,1.50
2011.03.07 09:37:33.316,1.37878,1.37901,1.47,2.40
2011.03.07 09:37:33.535,1.37878,1.37902,1.47,1.50
2011.03.07 09:37:34.084,1.37878,1.37902,1.47,1.50
2011.03.07 09:37:34.414,1.37878,1.37902,1.47,3.15
2011.03.07 09:37:35.184,1.37878,1.37901,1.47,1.65
2011.03.07 09:37:35.735,1.37878,1.37901,1.47,2.40
2011.03.07 09:37:35.954,1.37878,1.37902,1.47,1.50
2011.03.07 09:37:36.286,1.37878,1.37903,1.47,3.15
2011.03.07 09:37:37.053,1.37879,1.37902,2.40,1.50
2011.03.07 09:37:38.639,1.37879,1.37902,1.65,1.50
2011.03.07 09:37:38.972,1.37879,1.37892,1.65,1.50
2011.03.07 09:37:39.858,1.37873,1.37889,1.47,1.50
2011.03.07 09:37:40.193,1.37869,1.37887,1.47,1.50
2011.03.07 09:37:40.414,1.37868,1.37887,1.47,1.50
2011.03.07 09:37:40.963,1.37868,1.37887,1.47,1.50
2011.03.07 09:37:42.254,1.37868,1.37887,1.47,1.50
2011.03.07 09:37:43.025,1.37864,1.37887,1.47,1.50
2011.03.07 09:37:43.576,1.37864,1.37887,1.47,1.50
2011.03.07 09:37:43.913,1.37862,1.37887,1.47,2.25
2011.03.07 09:37:44.634,1.3786,1.37887,3.12,2.25
2011.03.07 09:37:45.234,1.3786,1.37887,3.87,2.25
2011.03.07 09:37:46.734,1.3786,1.37887,3.12,2.63
2011.03.07 09:37:47.283,1.3786,1.37885,1.47,2.40
2011.03.07 09:37:47.799,1.3786,1.37885,1.47,2.40
2011.03.07 09:37:48.245,1.37861,1.37885,1.47,2.40
2011.03.07 09:37:49.568,1.37859,1.37881,1.47,2.40
2011.03.07 09:37:49.684,1.37859,1.37883,1.47,2.40
2011.03.07 09:37:50.013,1.37859,1.37884,1.47,2.40
2011.03.07 09:37:51.998,1.37864,1.37885,1.47,2.40
2011.03.07 09:37:52.116,1.37864,1.37887,1.47,1.50
2011.03.07 09:37:57.244,1.37864,1.37887,1.62,1.50
2011.03.07 09:37:57.685,1.37867,1.37887,1.47,1.50
2011.03.07 09:37:58.013,1.37868,1.37887,1.47,1.50
2011.03.07 09:37:58.563,1.37868,1.37886,1.47,1.50
2011.03.07 09:37:58.887,1.37867,1.37886,1.47,1.50
2011.03.07 09:37:59.007,1.37864,1.37884,1.47,2.40
2011.03.07 09:38:00.446,1.37865,1.37886,3.12,1.50
2011.03.07 09:38:00.558,1.37871,1.37886,1.65,1.50
2011.03.07 09:38:00.894,1.3787,1.37886,2.37,1.50
2011.03.07 09:38:01.593,1.3787,1.37886,2.37,1.50
2011.03.07 09:38:01.814,1.37865,1.37886,1.47,1.50
2011.03.07 09:38:02.653,1.37869,1.37886,1.65,1.50
2011.03.07 09:38:02.984,1.37869,1.37886,2.40,1.50
2011.03.07 09:38:03.536,1.37871,1.37886,1.47,1.50
2011.03.07 09:38:03.973,1.37866,1.37886,1.47,1.50
2011.03.07 09:38:05.006,1.37872,1.37886,1.65,1.50
2011.03.07 09:38:05.114,1.37866,1.37886,3.12,1.50
2011.03.07 09:38:09.973,1.37866,1.37886,3.12,1.50
2011.03.07 09:38:10.302,1.37862,1.37886,1.47,2.25
2011.03.07 09:38:12.484,1.37862,1.37886,1.47,2.25
2011.03.07 09:38:13.089,1.37862,1.37886,1.47,1.50
2011.03.07 09:38:13.973,1.37862,1.37886,1.47,1.50
2011.03.07 09:38:14.854,1.37862,1.37886,1.47,1.50
2011.03.07 09:38:15.619,1.37862,1.37886,1.47,1.50
2011.03.07 09:38:16.225,1.37862,1.37886,1.47,1.50
2011.03.07 09:38:18.643,1.37862,1.37886,1.47,1.50
2011.03.07 09:38:22.923,1.37862,1.37886,1.47,1.50
2011.03.07 09:38:25.525,1.37862,1.37886,1.47,1.50
2011.03.07 09:38:26.385,1.37862,1.37884,1.47,1.50
2011.03.07 09:38:26.994,1.37857,1.37881,1.47,1.50
2011.03.07 09:38:27.323,1.37863,1.37881,1.65,1.50
2011.03.07 09:38:27.764,1.37857,1.37876,1.47,2.18
2011.03.07 09:38:28.612,1.37856,1.37866,2.37,1.50
2011.03.07 09:38:31.294,1.37856,1.37866,2.37,1.50
2011.03.07 09:38:31.953,1.37856,1.37866,2.37,1.50
2011.03.07 09:38:32.063,1.37856,1.37866,2.37,1.50
2011.03.07 09:38:32.772,1.37856,1.37866,2.37,1.50
2011.03.07 09:38:33.383,1.37856,1.37866,2.37,1.50
2011.03.07 09:38:33.823,1.37857,1.37881,1.47,1.50
2011.03.07 09:38:35.103,1.37856,1.37878,1.65,1.50
2011.03.07 09:38:35.370,1.37856,1.37878,1.65,1.50
2011.03.07 09:38:35.594,1.37851,1.37878,1.47,1.50
2011.03.07 09:38:35.706,1.37851,1.37878,1.47,1.50
2011.03.07 09:38:35.933,1.37855,1.37878,1.65,1.50
2011.03.07 09:38:37.646,1.37855,1.37873,1.65,1.13
2011.03.07 09:38:37.976,1.37837,1.37861,1.65,1.50
2011.03.07 09:38:38.193,1.37837,1.37858,1.65,1.50
2011.03.07 09:38:38.303,1.37837,1.37858,2.40,1.50
2011.03.07 09:38:38.853,1.37837,1.37858,2.40,2.25
2011.03.07 09:38:40.954,1.37833,1.37858,2.40,1.50
2011.03.07 09:38:41.834,1.37833,1.37858,2.78,1.50
2011.03.07 09:38:41.944,1.37837,1.37861,1.47,2.40
2011.03.07 09:38:42.164,1.37839,1.37868,2.78,1.50
2011.03.07 09:38:42.548,1.37844,1.37867,1.47,1.50
2011.03.07 09:38:42.775,1.37843,1.3787,1.47,3.90
2011.03.07 09:38:43.394,1.37843,1.3787,1.47,3.90
2011.03.07 09:38:43.724,1.37846,1.3787,1.13,1.50
2011.03.07 09:38:43.835,1.37846,1.37875,1.84,1.50
2011.03.07 09:38:43.944,1.37851,1.37876,2.40,1.50
2011.03.07 09:38:44.273,1.37853,1.37878,2.40,1.50
2011.03.07 09:38:44.433,1.37853,1.37877,1.65,1.50
2011.03.07 09:38:45.063,1.37852,1.37878,3.12,1.50
2011.03.07 09:38:45.553,1.37852,1.37878,2.37,1.50
2011.03.07 09:38:45.666,1.37852,1.37878,2.37,1.50
2011.03.07 09:38:45.773,1.37847,1.37869,2.40,1.50
2011.03.07 09:38:45.993,1.37848,1.37868,2.40,1.50
2011.03.07 09:38:46.216,1.37848,1.37867,2.40,1.50
2011.03.07 09:38:46.324,1.37847,1.37865,1.65,1.50
2011.03.07 09:38:46.434,1.37841,1.37866,2.40,2.25
2011.03.07 09:38:46.982,1.37841,1.37866,2.40,1.50
2011.03.07 09:38:48.947,1.3784,1.37866,3.12,1.50
2011.03.07 09:38:49.393,1.3784,1.37866,3.12,1.50
2011.03.07 09:38:49.613,1.3784,1.37866,1.47,1.50
2011.03.07 09:38:58.634,1.37841,1.37866,2.40,1.50
2011.03.07 09:38:58.963,1.37844,1.3787,2.40,1.50
2011.03.07 09:39:01.623,1.37843,1.37869,1.47,1.50
2011.03.07 09:39:02.825,1.3785,1.37869,2.40,1.50
2011.03.07 09:39:02.934,1.3785,1.37869,2.40,1.50
2011.03.07 09:39:03.483,1.3785,1.37869,2.40,2.25
2011.03.07 09:39:05.023,1.37848,1.37869,2.40,1.50
2011.03.07 09:39:05.545,1.37849,1.37869,2.40,1.50
2011.03.07 09:39:06.095,1.37849,1.37869,2.40,1.50
2011.03.07 09:39:06.314,1.3785,1.37869,2.40,1.50
2011.03.07 09:39:06.424,1.3785,1.37872,2.40,1.50
2011.03.07 09:39:07.105,1.3785,1.37872,2.40,1.50
2011.03.07 09:39:07.434,1.37849,1.37867,2.40,1.58
2011.03.07 09:39:08.006,1.37849,1.37867,1.65,2.33
2011.03.07 09:39:09.992,1.37849,1.37867,1.65,1.58
2011.03.07 09:39:10.103,1.37849,1.37867,2.40,1.58
2011.03.07 09:39:10.325,1.37854,1.37876,1.32,2.40
2011.03.07 09:39:10.546,1.37856,1.37883,2.37,3.19
2011.03.07 09:39:10.653,1.37855,1.37875,1.47,2.40
2011.03.07 09:39:10.764,1.37855,1.37875,2.22,1.65
2011.03.07 09:39:10.875,1.37855,1.37883,2.22,1.69
2011.03.07 09:39:11.093,1.37855,1.37883,1.47,1.50
2011.03.07 09:39:11.754,1.37851,1.37879,1.47,1.50
2011.03.07 09:39:12.357,1.37853,1.37879,2.37,1.50
2011.03.07 09:39:12.473,1.37853,1.37879,2.37,1.50
2011.03.07 09:39:14.834,1.37851,1.37874,1.47,2.40
2011.03.07 09:39:15.704,1.37849,1.37874,3.87,2.40
2011.03.07 09:39:17.168,1.3785,1.37874,1.47,2.40
2011.03.07 09:39:18.815,1.37849,1.37874,3.12,2.40
2011.03.07 09:39:18.925,1.37849,1.37874,3.87,2.40
2011.03.07 09:39:19.254,1.37849,1.37873,1.47,2.40
2011.03.07 09:39:19.472,1.37849,1.37873,1.47,2.40
2011.03.07 09:39:20.912,1.37849,1.37873,1.47,2.40
2011.03.07 09:39:22.604,1.3785,1.37873,1.47,2.40
2011.03.07 09:39:23.263,1.37849,1.37875,1.47,2.40
2011.03.07 09:39:23.484,1.37846,1.37871,1.47,2.40
2011.03.07 09:39:23.593,1.37844,1.37871,1.47,2.40
2011.03.07 09:39:24.254,1.37844,1.37871,1.47,2.40
2011.03.07 09:39:24.473,1.37841,1.37867,1.47,1.50
2011.03.07 09:39:25.504,1.37841,1.37867,1.47,1.50
2011.03.07 09:39:26.104,1.37842,1.37867,1.65,1.50
2011.03.07 09:39:27.313,1.37842,1.37867,1.65,1.50
2011.03.07 09:39:27.943,1.37841,1.37867,3.12,1.50
2011.03.07 09:39:28.273,1.37841,1.37867,3.12,1.50
2011.03.07 09:39:28.862,1.37841,1.37867,3.12,1.50
2011.03.07 09:39:30.582,1.37842,1.37867,2.40,1.50
2011.03.07 09:39:31.185,1.37842,1.37864,2.40,1.50
2011.03.07 09:39:31.513,1.37834,1.37857,1.47,2.40
2011.03.07 09:39:33.167,1.37834,1.37857,1.47,2.40
2011.03.07 09:39:33.284,1.37834,1.37857,1.47,2.40
2011.03.07 09:39:34.966,1.37837,1.37861,1.47,2.40
2011.03.07 09:39:35.371,1.3784,1.37862,1.65,1.50
2011.03.07 09:39:35.488,1.37837,1.37862,1.47,3.15
2011.03.07 09:39:37.173,1.37837,1.37862,1.47,3.15
2011.03.07 09:39:37.723,1.37836,1.37862,1.47,3.15
2011.03.07 09:39:38.237,1.37834,1.37862,3.12,3.15
2011.03.07 09:39:38.659,1.37834,1.37862,3.12,3.15
2011.03.07 09:39:39.388,1.37834,1.37862,3.12,3.15
2011.03.07 09:39:41.433,1.37834,1.37856,2.40,1.50
2011.03.07 09:39:41.982,1.37831,1.37856,2.40,1.50
2011.03.07 09:39:43.635,1.3783,1.37855,1.47,1.65
2011.03.07 09:39:43.963,1.3783,1.37856,1.47,1.50
2011.03.07 09:39:44.073,1.3783,1.37856,1.47,1.50
2011.03.07 09:39:44.523,1.3783,1.37856,1.47,1.50
2011.03.07 09:39:46.681,1.37829,1.37856,1.47,3.15
2011.03.07 09:39:47.016,1.37828,1.37848,2.40,1.13
2011.03.07 09:39:47.235,1.37817,1.37842,1.47,2.40
2011.03.07 09:39:47.563,1.37821,1.37843,2.40,1.50
2011.03.07 09:39:48.913,1.37817,1.37841,1.47,2.40
2011.03.07 09:39:49.242,1.37817,1.37841,1.47,2.40
2011.03.07 09:39:49.618,1.37817,1.37841,1.47,2.40
2011.03.07 09:39:53.006,1.37817,1.37841,1.47,2.40
2011.03.07 09:39:53.996,1.37821,1.37843,1.65,1.50
2011.03.07 09:39:54.515,1.37817,1.37842,1.47,2.40
2011.03.07 09:39:54.632,1.37815,1.3784,1.47,2.25
2011.03.07 09:39:54.854,1.37809,1.37835,2.40,1.50
2011.03.07 09:39:54.965,1.37809,1.37834,1.65,1.50
2011.03.07 09:39:55.513,1.37805,1.37828,3.12,1.50
2011.03.07 09:39:56.063,1.37805,1.37828,1.47,1.50
2011.03.07 09:39:57.504,1.37802,1.37828,1.47,1.50
2011.03.07 09:39:57.833,1.37805,1.37828,2.40,1.50
2011.03.07 09:39:58.823,1.37802,1.37825,1.47,2.25
2011.03.07 09:39:59.265,1.37802,1.37825,1.47,2.25
2011.03.07 09:39:59.860,1.37802,1.37825,1.47,1.50
2011.03.07 09:40:00.515,1.37802,1.37825,1.47,1.50
2011.03.07 09:40:01.168,1.37804,1.37824,2.40,1.50
2011.03.07 09:40:01.396,1.37798,1.37814,1.65,1.50
2011.03.07 09:40:01.506,1.37792,1.37814,2.40,1.50
2011.03.07 09:40:01.945,1.3779,1.37816,1.47,3.53
2011.03.07 09:40:02.274,1.37788,1.37812,2.40,1.50
2011.03.07 09:40:02.383,1.37785,1.37811,1.47,2.40
2011.03.07 09:40:02.713,1.37785,1.37812,1.47,1.50
2011.03.07 09:40:03.975,1.37785,1.37812,1.47,1.50
2011.03.07 09:40:05.588,1.37791,1.37812,2.40,1.50
2011.03.07 09:40:07.183,1.37791,1.37812,2.40,1.50
2011.03.07 09:40:08.975,1.37791,1.37812,2.40,1.50
2011.03.07 09:40:09.435,1.37797,1.37815,2.40,1.50
2011.03.07 09:40:10.644,1.37796,1.37817,2.40,1.50
2011.03.07 09:40:14.144,1.37798,1.37818,2.40,1.50
2011.03.07 09:40:14.256,1.378,1.3782,2.40,1.50
2011.03.07 09:40:14.474,1.378,1.37821,2.40,2.63
2011.03.07 09:40:14.586,1.37804,1.37821,1.65,1.88
2011.03.07 09:40:14.916,1.37807,1.37825,2.40,1.88
2011.03.07 09:40:15.465,1.37808,1.37825,1.65,2.25
2011.03.07 09:40:15.981,1.37808,1.37825,2.40,1.88
2011.03.07 09:40:16.535,1.37808,1.37825,2.40,1.50
2011.03.07 09:40:17.494,1.37806,1.37826,2.40,1.50
2011.03.07 09:40:17.825,1.37807,1.37826,2.40,1.50
2011.03.07 09:40:18.373,1.37807,1.37825,2.40,1.13
2011.03.07 09:40:18.953,1.37807,1.37825,2.40,1.50
2011.03.07 09:40:21.174,1.37807,1.37824,2.40,1.13
2011.03.07 09:40:21.722,1.37808,1.37825,2.40,1.50
2011.03.07 09:40:22.163,1.37808,1.37829,2.40,2.25
2011.03.07 09:40:22.274,1.37806,1.37829,2.40,1.88
2011.03.07 09:40:22.824,1.37807,1.37829,2.40,1.13
2011.03.07 09:40:26.214,1.37807,1.37829,2.40,1.88
2011.03.07 09:40:26.434,1.37804,1.37829,2.40,1.13
2011.03.07 09:40:26.873,1.37806,1.37829,2.40,1.13
2011.03.07 09:40:27.313,1.37815,1.37832,2.40,1.13
2011.03.07 09:40:27.755,1.37816,1.37834,2.40,2.25
2011.03.07 09:40:28.304,1.37814,1.37834,2.40,1.50
2011.03.07 09:40:29.833,1.37815,1.37834,2.40,1.50
2011.03.07 09:40:30.163,1.37815,1.37834,2.40,1.50
2011.03.07 09:40:30.494,1.37816,1.3784,1.47,1.50
2011.03.07 09:40:30.786,1.37819,1.37841,2.40,1.50
2011.03.07 09:40:30.899,1.37822,1.37845,1.47,1.13
2011.03.07 09:40:31.349,1.37823,1.37846,2.40,1.13
2011.03.07 09:40:31.904,1.37826,1.3785,2.40,1.50
2011.03.07 09:40:33.114,1.37831,1.37854,1.47,1.32
2011.03.07 09:40:33.225,1.37833,1.37857,1.47,1.88
2011.03.07 09:40:33.773,1.37833,1.37857,1.47,1.13
2011.03.07 09:40:33.994,1.37833,1.37857,1.47,1.13
2011.03.07 09:40:34.215,1.37839,1.3786,2.40,1.50
2011.03.07 09:40:35.004,1.37841,1.37862,1.47,1.50
2011.03.07 09:40:35.445,1.37844,1.37866,1.47,1.50
2011.03.07 09:40:35.554,1.37844,1.37867,1.47,1.13
2011.03.07 09:40:35.993,1.37845,1.37868,2.40,1.88
2011.03.07 09:40:36.481,1.37851,1.3787,1.47,1.88
2011.03.07 09:40:37.034,1.37851,1.37869,3.12,1.13
2011.03.07 09:40:37.553,1.37851,1.37867,2.37,1.13
2011.03.07 09:40:38.103,1.37848,1.37868,2.40,1.13
2011.03.07 09:40:38.438,1.37845,1.37867,3.12,1.13
2011.03.07 09:40:38.555,1.37842,1.37867,3.15,1.88
2011.03.07 09:40:38.884,1.37846,1.3787,2.40,1.13
2011.03.07 09:40:39.105,1.37847,1.37868,2.40,1.13
2011.03.07 09:40:39.655,1.37846,1.37867,2.40,1.13
2011.03.07 09:40:40.314,1.37843,1.37866,2.40,1.50
2011.03.07 09:40:40.644,1.37844,1.37863,2.40,1.13
2011.03.07 09:40:40.998,1.37847,1.37864,1.65,1.13
2011.03.07 09:40:41.554,1.37846,1.37864,1.65,1.13
2011.03.07 09:40:42.622,1.37848,1.37864,1.65,1.13
2011.03.07 09:40:43.173,1.37846,1.37864,1.65,1.13
2011.03.07 09:40:43.724,1.37848,1.37863,1.65,1.13
2011.03.07 09:40:44.523,1.37844,1.3786,2.37,1.13
2011.03.07 09:40:47.137,1.37848,1.37862,1.65,1.13
2011.03.07 09:40:47.934,1.3785,1.37865,1.65,1.13
2011.03.07 09:40:48.265,1.37852,1.37865,1.65,1.13
2011.03.07 09:40:48.771,1.37848,1.3786,1.65,1.13
2011.03.07 09:40:48.890,1.37844,1.3786,1.47,1.13
2011.03.07 09:40:49.005,1.3784,1.37857,2.37,1.13
2011.03.07 09:40:51.954,1.3784,1.37863,3.31,1.88
2011.03.07 09:40:52.286,1.37848,1.37856,1.65,1.13
2011.03.07 09:40:52.395,1.3784,1.37856,2.37,1.13
2011.03.07 09:40:52.943,1.3784,1.37857,3.12,1.13
2011.03.07 09:40:54.504,1.3784,1.37863,3.31,1.13
2011.03.07 09:40:54.835,1.3784,1.37856,2.37,1.13
2011.03.07 09:40:55.422,1.3784,1.37858,2.37,1.13
2011.03.07 09:40:58.594,1.3784,1.3786,1.47,1.13
2011.03.07 09:40:59.294,1.37839,1.37856,2.37,1.13
2011.03.07 09:41:00.176,1.37838,1.37856,1.47,1.13
2011.03.07 09:41:00.506,1.37835,1.37856,2.37,1.13
2011.03.07 09:41:00.810,1.37834,1.37856,1.47,1.13
2011.03.07 09:41:00.924,1.37842,1.37856,1.65,1.13
2011.03.07 09:41:01.144,1.37839,1.37856,1.65,1.13
2011.03.07 09:41:01.365,1.37836,1.37856,1.65,1.13
2011.03.07 09:41:02.704,1.37836,1.37856,1.65,1.13
2011.03.07 09:41:03.252,1.37836,1.37856,1.65,1.13
2011.03.07 09:41:04.525,1.37836,1.37856,1.65,1.13
2011.03.07 09:41:04.635,1.37833,1.37856,1.65,1.88
2011.03.07 09:41:04.964,1.37831,1.37856,1.65,1.88
2011.03.07 09:41:05.294,1.37834,1.37856,1.65,1.88
2011.03.07 09:41:05.404,1.37831,1.37856,1.65,1.88
2011.03.07 09:41:05.717,1.37831,1.37856,1.65,1.88
2011.03.07 09:41:05.838,1.37831,1.37856,1.65,1.88
2011.03.07 09:41:05.955,1.37834,1.37856,1.65,1.88
2011.03.07 09:41:06.394,1.37832,1.37856,2.40,1.88
2011.03.07 09:41:06.616,1.37834,1.37856,1.65,1.88
2011.03.07 09:41:06.845,1.37834,1.37856,1.65,1.88
2011.03.07 09:41:07.393,1.37832,1.37856,2.40,1.88
2011.03.07 09:41:09.038,1.37832,1.37856,2.40,1.88
2011.03.07 09:41:09.262,1.37834,1.37856,1.65,1.88
2011.03.07 09:41:09.592,1.37832,1.37856,2.40,1.88
2011.03.07 09:41:10.313,1.37832,1.37856,2.40,1.88
2011.03.07 09:41:10.893,1.37841,1.37856,1.65,1.88
2011.03.07 09:41:11.005,1.37841,1.37856,1.65,1.88
2011.03.07 09:41:11.223,1.37841,1.37856,1.65,1.88
2011.03.07 09:41:12.812,1.37841,1.37856,1.65,1.88
2011.03.07 09:41:13.416,1.3784,1.37856,1.65,1.13
2011.03.07 09:41:13.634,1.37842,1.37856,1.65,1.13
2011.03.07 09:41:15.206,1.37846,1.37859,1.65,1.88
2011.03.07 09:41:15.315,1.37842,1.37859,1.65,1.88
2011.03.07 09:41:15.426,1.37844,1.37859,1.65,1.13
2011.03.07 09:41:15.534,1.37842,1.37859,1.65,1.13
2011.03.07 09:41:15.646,1.37844,1.37859,1.65,1.13
2011.03.07 09:41:15.868,1.37835,1.37856,2.40,1.13
2011.03.07 09:41:15.986,1.37832,1.37856,4.21,1.13
2011.03.07 09:41:16.096,1.37832,1.37856,3.49,1.13
2011.03.07 09:41:16.214,1.37832,1.37856,3.49,1.13
2011.03.07 09:41:19.544,1.37842,1.37857,1.65,1.13
2011.03.07 09:41:20.174,1.37841,1.37857,1.65,1.13
2011.03.07 09:41:20.724,1.37839,1.37857,2.40,1.13
2011.03.07 09:41:21.166,1.37842,1.37858,1.65,1.13
2011.03.07 09:41:21.385,1.37839,1.37858,2.40,1.88
2011.03.07 09:41:21.605,1.37841,1.37858,1.65,1.13
2011.03.07 09:41:21.935,1.37843,1.37857,1.65,1.13
2011.03.07 09:41:22.153,1.37841,1.37857,1.65,1.13
2011.03.07 09:41:22.814,1.37839,1.37857,2.40,1.88
2011.03.07 09:41:23.364,1.37839,1.37856,2.40,1.13
2011.03.07 09:41:23.803,1.37841,1.37857,1.65,1.88
2011.03.07 09:41:24.915,1.37843,1.37857,1.65,1.13
2011.03.07 09:41:25.134,1.3784,1.37857,2.40,1.13
2011.03.07 09:41:25.357,1.37841,1.37861,2.40,1.13
2011.03.07 09:41:25.694,1.37847,1.37862,1.65,1.88
2011.03.07 09:41:26.313,1.37845,1.37862,2.37,1.13
2011.03.07 09:41:26.657,1.37846,1.37865,1.47,1.13
2011.03.07 09:41:26.995,1.37856,1.37875,1.47,1.13
2011.03.07 09:41:27.215,1.37856,1.37876,1.66,1.13
2011.03.07 09:41:27.544,1.37861,1.37875,1.47,1.13
2011.03.07 09:41:28.534,1.37857,1.37873,1.47,1.13
2011.03.07 09:41:28.863,1.37861,1.37875,1.65,1.13
2011.03.07 09:41:31.063,1.37861,1.37881,2.40,2.20
2011.03.07 09:41:31.394,1.37875,1.37885,1.65,1.72
2011.03.07 09:41:31.507,1.37875,1.37893,1.65,1.50
2011.03.07 09:41:31.625,1.37869,1.37893,1.47,1.50
2011.03.07 09:41:32.594,1.37869,1.37891,1.47,2.40
2011.03.07 09:41:32.925,1.37863,1.3788,1.47,1.65
2011.03.07 09:41:33.034,1.37863,1.37889,1.47,1.50
2011.03.07 09:41:33.144,1.37865,1.37889,1.47,1.50
2011.03.07 09:41:33.472,1.37865,1.37889,1.47,1.50
2011.03.07 09:41:34.036,1.37868,1.3789,1.47,2.40
2011.03.07 09:41:34.635,1.37868,1.37889,1.47,2.40
2011.03.07 09:41:34.854,1.37868,1.3789,1.47,2.40
2011.03.07 09:41:35.187,1.37868,1.37888,1.47,1.65
2011.03.07 09:41:35.421,1.37864,1.37886,1.47,2.40
2011.03.07 09:41:35.534,1.37864,1.37883,1.47,1.65
2011.03.07 09:41:35.644,1.37864,1.37887,1.47,2.40
2011.03.07 09:41:36.964,1.37862,1.37886,1.47,2.40
2011.03.07 09:41:37.403,1.37864,1.37882,1.47,2.40
2011.03.07 09:41:40.170,1.37861,1.37885,1.47,2.40
2011.03.07 09:41:40.406,1.37864,1.37883,1.47,1.65
2011.03.07 09:41:40.734,1.37862,1.37887,1.47,2.40
2011.03.07 09:41:41.066,1.3786,1.37884,1.47,1.50
2011.03.07 09:41:41.286,1.37855,1.37879,1.47,2.40
2011.03.07 09:41:41.395,1.37855,1.3788,1.47,2.40
2011.03.07 09:41:41.945,1.37856,1.37875,1.47,2.40
2011.03.07 09:41:43.645,1.37856,1.37875,1.47,2.40
2011.03.07 09:41:44.195,1.37856,1.37878,1.47,2.40
2011.03.07 09:41:44.533,1.37859,1.37878,1.69,2.40
2011.03.07 09:41:44.767,1.37862,1.37888,3.12,1.50
2011.03.07 09:41:44.995,1.37862,1.37888,3.12,1.50
2011.03.07 09:41:45.215,1.37862,1.37888,3.12,1.50
2011.03.07 09:41:45.765,1.37859,1.37885,1.47,1.50
2011.03.07 09:41:45.874,1.37861,1.37885,2.40,1.50
2011.03.07 09:41:46.205,1.3786,1.37885,2.40,1.50
2011.03.07 09:41:46.754,1.3786,1.37885,2.40,1.50
2011.03.07 09:41:47.085,1.37861,1.37885,2.40,1.50
2011.03.07 09:41:47.634,1.37859,1.37885,1.47,1.50
2011.03.07 09:41:47.744,1.37861,1.37885,2.40,1.50
2011.03.07 09:41:52.994,1.37862,1.37885,2.40,1.50
2011.03.07 09:41:53.214,1.3786,1.37885,2.40,1.50
2011.03.07 09:41:55.306,1.37859,1.37885,3.12,1.50
2011.03.07 09:41:55.524,1.3786,1.37885,2.40,1.50
2011.03.07 09:41:56.075,1.37862,1.37885,1.65,1.50
2011.03.07 09:41:56.623,1.3786,1.37885,2.40,1.50
2011.03.07 09:41:58.224,1.37859,1.37885,1.47,1.50
2011.03.07 09:41:58.776,1.37857,1.37883,2.40,2.25
2011.03.07 09:41:58.885,1.37858,1.37883,2.40,1.50
2011.03.07 09:41:59.434,1.37859,1.37884,1.47,1.50
2011.03.07 09:42:00.094,1.3786,1.37884,2.40,1.50
2011.03.07 09:42:00.317,1.37859,1.37884,3.12,1.50
2011.03.07 09:42:00.543,1.37859,1.37884,3.12,1.50
2011.03.07 09:42:01.095,1.3786,1.37884,2.40,1.50
2011.03.07 09:42:01.423,1.3786,1.37884,2.40,1.50
2011.03.07 09:42:02.085,1.3786,1.37884,2.40,1.50
2011.03.07 09:42:04.479,1.3786,1.37884,2.40,1.50
2011.03.07 09:42:05.037,1.37861,1.37884,2.40,1.50
2011.03.07 09:42:05.594,1.37861,1.37884,2.40,1.50
2011.03.07 09:42:08.124,1.3786,1.37884,2.40,1.50
2011.03.07 09:42:08.675,1.37861,1.37884,1.65,1.50
2011.03.07 09:42:09.224,1.3786,1.37884,2.40,1.50
2011.03.07 09:42:10.983,1.37861,1.37884,1.65,1.50
2011.03.07 09:42:11.095,1.37861,1.37884,2.40,1.50
2011.03.07 09:42:17.036,1.37859,1.37884,3.12,1.50
2011.03.07 09:42:17.256,1.37859,1.37884,3.12,1.50
2011.03.07 09:42:22.420,1.37867,1.37885,1.65,1.50
2011.03.07 09:42:23.975,1.37867,1.37884,1.65,1.50
2011.03.07 09:42:24.195,1.37859,1.37884,3.12,1.50
2011.03.07 09:42:24.305,1.37859,1.37884,3.12,1.50
2011.03.07 09:42:25.074,1.3786,1.37884,2.40,1.50
2011.03.07 09:42:25.293,1.37859,1.37884,1.47,1.50
2011.03.07 09:42:27.843,1.37859,1.37886,2.22,2.63
2011.03.07 09:42:27.954,1.37866,1.37884,2.40,1.50
2011.03.07 09:42:28.945,1.37866,1.37886,2.40,1.50
2011.03.07 09:42:30.764,1.37867,1.37887,1.50,2.03
2011.03.07 09:42:31.095,1.37868,1.37878,1.47,1.65
2011.03.07 09:42:31.314,1.37868,1.37887,1.47,2.03
2011.03.07 09:42:31.863,1.37868,1.37887,1.47,2.03
2011.03.07 09:42:32.084,1.37867,1.37878,1.47,1.65
2011.03.07 09:42:32.304,1.37868,1.37888,1.47,2.78
2011.03.07 09:42:32.743,1.37868,1.37888,1.47,2.78
2011.03.07 09:42:33.208,1.37865,1.37886,1.47,1.13
2011.03.07 09:42:33.543,1.37865,1.37886,1.47,1.13
2011.03.07 09:42:34.150,1.37865,1.37886,1.47,1.13
2011.03.07 09:42:39.933,1.37865,1.37887,1.47,1.13
2011.03.07 09:42:41.017,1.37865,1.37886,1.47,1.13
2011.03.07 09:42:41.614,1.37865,1.37886,1.47,1.13
2011.03.07 09:42:42.174,1.37865,1.37886,1.47,1.13
2011.03.07 09:42:46.103,1.37865,1.37879,1.47,1.65
2011.03.07 09:42:46.325,1.37857,1.37879,1.47,1.65
2011.03.07 09:42:46.435,1.37857,1.37883,1.47,1.50
2011.03.07 09:42:46.983,1.37857,1.37883,1.47,1.50
2011.03.07 09:42:47.423,1.37857,1.37883,1.47,1.50
2011.03.07 09:42:48.195,1.37857,1.37883,1.47,1.50
2011.03.07 09:42:48.524,1.37857,1.37883,1.47,1.50
2011.03.07 09:42:48.764,1.37857,1.37883,1.47,1.50
2011.03.07 09:42:48.988,1.37857,1.37883,1.47,1.50
2011.03.07 09:42:50.653,1.37857,1.37883,1.47,1.50
2011.03.07 09:42:52.244,1.37857,1.37883,1.47,1.50
2011.03.07 09:42:55.354,1.37857,1.37883,1.47,1.50
2011.03.07 09:42:57.984,1.37857,1.37883,1.47,1.50
2011.03.07 09:42:58.314,1.37854,1.37882,2.40,1.50
2011.03.07 09:42:58.423,1.37854,1.37877,2.40,1.50
2011.03.07 09:42:59.966,1.37854,1.37872,1.65,1.13
2011.03.07 09:43:00.076,1.37853,1.37873,1.47,1.13
2011.03.07 09:43:00.516,1.37846,1.37871,1.47,1.69
2011.03.07 09:43:00.624,1.37846,1.37869,1.47,1.69
2011.03.07 09:43:00.846,1.37839,1.37869,1.47,2.44
2011.03.07 09:43:01.063,1.37839,1.37867,1.47,2.40
2011.03.07 09:43:01.624,1.37839,1.37864,1.47,1.50
2011.03.07 09:43:02.914,1.37839,1.37865,1.47,1.50
2011.03.07 09:43:03.135,1.37839,1.37864,1.47,1.50
2011.03.07 09:43:06.044,1.37839,1.37864,1.47,1.50
2011.03.07 09:43:07.074,1.37839,1.37864,1.47,1.50
2011.03.07 09:43:07.293,1.37834,1.37861,1.47,1.50
2011.03.07 09:43:11.184,1.37834,1.37861,1.47,1.50
2011.03.07 09:43:11.295,1.37836,1.37864,1.47,1.50
2011.03.07 09:43:16.045,1.37836,1.37863,1.47,1.13
2011.03.07 09:43:17.743,1.3784,1.37866,1.47,1.13
2011.03.07 09:43:18.708,1.37844,1.37869,2.37,1.50
2011.03.07 09:43:23.933,1.37846,1.3787,1.47,2.25
2011.03.07 09:43:24.154,1.37846,1.3787,1.47,1.13
2011.03.07 09:43:24.703,1.37847,1.3787,2.40,1.13
2011.03.07 09:43:25.254,1.37847,1.37871,2.40,1.13
2011.03.07 09:43:25.695,1.37854,1.37877,2.40,1.50
2011.03.07 09:43:25.805,1.37855,1.37879,1.47,1.50
2011.03.07 09:43:25.915,1.3786,1.3788,2.40,1.50
2011.03.07 09:43:26.310,1.37859,1.37881,1.47,1.13
2011.03.07 09:43:26.427,1.3786,1.37882,1.47,1.13
2011.03.07 09:43:26.986,1.37862,1.37882,1.65,1.13
2011.03.07 09:43:27.095,1.37857,1.37882,3.12,1.13
2011.03.07 09:43:27.207,1.37857,1.37882,3.12,1.13
2011.03.07 09:43:29.648,1.37857,1.37882,3.12,1.13
2011.03.07 09:43:29.984,1.37862,1.37883,1.47,1.13
2011.03.07 09:43:31.204,1.37862,1.37882,3.12,1.13
2011.03.07 09:43:31.426,1.37862,1.37882,1.47,1.13
2011.03.07 09:43:31.789,1.37863,1.37884,2.40,1.13
2011.03.07 09:43:32.014,1.37866,1.37886,2.40,1.50
2011.03.07 09:43:32.456,1.37869,1.37886,1.65,1.50
2011.03.07 09:43:32.678,1.37869,1.37886,1.65,1.50
2011.03.07 09:43:33.124,1.37867,1.37886,1.65,1.50
2011.03.07 09:43:33.675,1.37869,1.37886,1.65,1.50
2011.03.07 09:43:34.223,1.37868,1.37887,1.65,1.13
2011.03.07 09:43:35.365,1.37867,1.37887,1.65,1.88
2011.03.07 09:43:35.913,1.37864,1.37886,2.40,1.50
2011.03.07 09:43:37.375,1.37872,1.37887,1.65,2.63
2011.03.07 09:43:38.293,1.37872,1.37887,1.65,1.13
2011.03.07 09:43:38.926,1.37872,1.37887,1.65,1.13
2011.03.07 09:43:39.253,1.37875,1.37887,1.65,1.13
2011.03.07 09:43:39.694,1.37872,1.37886,1.65,1.13
2011.03.07 09:43:39.805,1.37862,1.37884,1.47,2.40
2011.03.07 09:43:39.915,1.37863,1.37885,1.47,2.40
2011.03.07 09:43:40.247,1.37865,1.37885,1.47,2.40
2011.03.07 09:43:40.806,1.37865,1.37884,1.47,1.65
2011.03.07 09:43:41.675,1.37865,1.37885,1.47,2.40
2011.03.07 09:43:42.223,1.37865,1.37884,1.47,2.40
2011.03.07 09:43:44.804,1.37861,1.37884,1.47,2.40
2011.03.07 09:43:46.406,1.37861,1.37883,1.47,1.65
2011.03.07 09:43:46.734,1.37861,1.37884,1.47,2.40
2011.03.07 09:43:49.093,1.37861,1.37884,1.47,2.40
2011.03.07 09:43:52.404,1.37861,1.37884,1.47,2.40
2011.03.07 09:43:53.283,1.37857,1.3788,2.40,1.50
2011.03.07 09:43:53.614,1.37856,1.37879,1.47,2.40
2011.03.07 09:43:54.276,1.37852,1.37878,1.47,1.50
2011.03.07 09:43:55.174,1.37849,1.37876,1.47,2.40
2011.03.07 09:43:55.726,1.37849,1.37876,1.47,3.15
2011.03.07 09:43:56.233,1.37849,1.37875,1.47,1.50
2011.03.07 09:44:01.223,1.37849,1.37876,1.47,3.15
2011.03.07 09:44:02.893,1.37849,1.37876,1.47,3.15
2011.03.07 09:44:03.424,1.37849,1.37875,1.47,1.50
2011.03.07 09:44:05.078,1.37849,1.37876,1.47,2.40
2011.03.07 09:44:05.415,1.37855,1.37876,1.47,1.65
2011.03.07 09:44:05.854,1.37855,1.37878,1.47,2.40
2011.03.07 09:44:06.073,1.37855,1.37877,1.47,2.40
2011.03.07 09:44:06.409,1.37877,1.37882,1.65,1.50
2011.03.07 09:44:06.643,1.37877,1.37887,3.12,1.13
2011.03.07 09:44:06.759,1.37877,1.37887,1.65,1.13
2011.03.07 09:44:06.878,1.3787,1.37887,2.70,1.13
2011.03.07 09:44:07.335,1.3787,1.37885,2.70,1.13
2011.03.07 09:44:07.554,1.37858,1.37885,2.22,3.53
2011.03.07 09:44:08.406,1.37859,1.37885,1.47,3.53
2011.03.07 09:44:08.520,1.37864,1.37885,1.47,1.13
2011.03.07 09:44:08.964,1.37866,1.37886,3.12,1.13
2011.03.07 09:44:10.014,1.37869,1.37886,1.65,1.13
2011.03.07 09:44:10.574,1.37869,1.37886,1.65,1.13
2011.03.07 09:44:11.018,1.37874,1.37891,2.40,1.13
2011.03.07 09:44:11.244,1.3787,1.37887,2.22,1.13
2011.03.07 09:44:11.465,1.37871,1.37887,1.47,1.13
2011.03.07 09:44:12.015,1.37871,1.37888,1.47,1.13
2011.03.07 09:44:12.286,1.37872,1.37887,2.37,1.13
2011.03.07 09:44:12.506,1.3787,1.37887,1.47,1.13
2011.03.07 09:44:13.014,1.37868,1.37887,1.47,1.13
2011.03.07 09:44:13.343,1.37868,1.37887,1.47,1.13
2011.03.07 09:44:13.563,1.3787,1.37887,1.47,1.13
2011.03.07 09:44:13.785,1.37875,1.37886,2.37,1.13
2011.03.07 09:44:13.896,1.37876,1.37889,1.47,1.13
2011.03.07 09:44:14.775,1.3788,1.37896,1.50,1.24
2011.03.07 09:44:14.885,1.37881,1.37908,1.47,2.40
2011.03.07 09:44:14.995,1.37889,1.37908,1.47,2.40
2011.03.07 09:44:15.106,1.37888,1.37915,3.15,1.65
2011.03.07 09:44:15.355,1.37891,1.37915,1.65,1.65
2011.03.07 09:44:15.684,1.37891,1.37912,2.40,1.50
2011.03.07 09:44:15.798,1.37893,1.37912,1.65,1.50
2011.03.07 09:44:16.140,1.37895,1.37915,1.65,1.50
2011.03.07 09:44:16.644,1.37899,1.37919,1.65,1.50
2011.03.07 09:44:16.757,1.379,1.37921,1.65,1.50
2011.03.07 09:44:16.986,1.379,1.37922,1.65,1.28
2011.03.07 09:44:17.866,1.379,1.37923,1.65,1.65
2011.03.07 09:44:17.974,1.37902,1.37923,1.65,1.65
2011.03.07 09:44:18.526,1.37902,1.37923,1.65,1.65
2011.03.07 09:44:18.965,1.379,1.37923,1.65,1.65
2011.03.07 09:44:19.514,1.37894,1.37922,2.37,1.65
2011.03.07 09:44:19.625,1.37894,1.37922,2.37,1.65
2011.03.07 09:44:19.954,1.37894,1.37922,2.37,1.58
2011.03.07 09:44:20.723,1.37894,1.37922,2.37,1.50
2011.03.07 09:44:21.146,1.37893,1.37922,3.12,3.15
2011.03.07 09:44:21.256,1.37893,1.37922,3.12,3.15
2011.03.07 09:44:21.475,1.37893,1.37918,3.12,1.50
2011.03.07 09:44:21.694,1.37893,1.37918,3.12,1.50
2011.03.07 09:44:22.024,1.37893,1.37919,1.65,1.50
2011.03.07 09:44:22.355,1.37891,1.37919,3.12,1.50
2011.03.07 09:44:22.904,1.37891,1.37919,3.12,1.50
2011.03.07 09:44:23.344,1.37891,1.37919,3.12,1.50
2011.03.07 09:44:23.565,1.37891,1.37919,1.47,3.15
2011.03.07 09:44:24.114,1.37891,1.37915,3.12,1.50
2011.03.07 09:44:24.886,1.37892,1.37915,1.47,1.50
2011.03.07 09:44:25.106,1.37895,1.37919,1.65,1.50
2011.03.07 09:44:25.435,1.37894,1.37919,1.47,1.50
2011.03.07 09:44:25.545,1.37891,1.37919,1.47,1.50
2011.03.07 09:44:25.981,1.37891,1.37917,1.47,2.40
2011.03.07 09:44:26.315,1.37892,1.37919,1.47,1.50
2011.03.07 09:44:26.644,1.37896,1.37921,1.47,2.40
2011.03.07 09:44:26.864,1.37896,1.37921,1.47,2.40
2011.03.07 09:44:27.084,1.37896,1.37921,1.47,2.40
2011.03.07 09:44:27.414,1.37896,1.37922,3.12,1.50
2011.03.07 09:44:27.854,1.37896,1.37922,1.47,3.15
2011.03.07 09:44:28.814,1.37896,1.3792,1.47,2.40
2011.03.07 09:44:29.146,1.37896,1.37919,1.47,2.40
2011.03.07 09:44:29.846,1.37896,1.37921,1.47,2.40
2011.03.07 09:44:31.603,1.37892,1.37919,2.22,1.50
2011.03.07 09:44:31.934,1.37892,1.37919,1.47,1.50
2011.03.07 09:44:33.156,1.37893,1.37919,1.47,1.50
2011.03.07 09:44:34.104,1.37892,1.37919,2.22,1.50
2011.03.07 09:44:35.315,1.37893,1.37919,1.47,1.50
2011.03.07 09:44:35.644,1.37893,1.37919,1.47,1.50
2011.03.07 09:44:36.006,1.37893,1.37919,1.47,1.50
2011.03.07 09:44:36.335,1.37899,1.37925,1.47,1.50
2011.03.07 09:44:39.814,1.37898,1.37925,2.22,1.50
2011.03.07 09:44:40.145,1.37895,1.37921,1.47,1.50
2011.03.07 09:44:40.803,1.37895,1.37921,1.47,1.50
2011.03.07 09:44:42.116,1.37897,1.37921,1.47,1.50
2011.03.07 09:44:42.579,1.37895,1.37921,1.47,1.50
2011.03.07 09:44:43.134,1.37895,1.37921,1.47,1.50
2011.03.07 09:44:43.796,1.37896,1.37921,1.47,1.50
2011.03.07 09:44:44.343,1.37895,1.37921,1.47,1.50
2011.03.07 09:44:44.895,1.37897,1.37921,1.47,1.50
2011.03.07 09:44:45.005,1.37894,1.37921,2.22,1.50
2011.03.07 09:44:45.553,1.37895,1.37921,1.47,1.50
2011.03.07 09:44:45.775,1.37897,1.37921,1.47,1.50
2011.03.07 09:44:46.325,1.37897,1.37921,1.47,1.50
2011.03.07 09:44:46.709,1.37896,1.37921,2.37,1.50
2011.03.07 09:44:47.266,1.37897,1.37921,1.47,2.40
2011.03.07 09:44:47.705,1.37898,1.37925,2.22,1.50
2011.03.07 09:44:48.037,1.37894,1.37921,1.47,1.50
2011.03.07 09:44:48.257,1.37893,1.3792,1.47,2.40
2011.03.07 09:44:49.757,1.37893,1.37917,1.47,2.40
2011.03.07 09:44:50.095,1.37888,1.37915,2.37,1.50
2011.03.07 09:44:51.159,1.37889,1.37917,1.47,3.90
2011.03.07 09:44:51.484,1.37895,1.37919,2.40,1.50
2011.03.07 09:44:51.598,1.37896,1.37921,2.40,1.50
2011.03.07 09:44:51.718,1.37896,1.37921,2.78,1.50
2011.03.07 09:44:52.274,1.37897,1.37922,1.50,1.50
2011.03.07 09:44:52.714,1.37895,1.37916,2.40,1.13
2011.03.07 09:44:53.264,1.37894,1.37916,1.47,1.13
2011.03.07 09:44:53.596,1.37894,1.37914,1.47,1.65
2011.03.07 09:44:53.710,1.37888,1.37914,1.47,2.40
2011.03.07 09:44:53.937,1.37889,1.37917,1.47,3.53
2011.03.07 09:44:54.158,1.37896,1.37917,1.47,2.03
2011.03.07 09:44:54.716,1.37896,1.37917,1.47,1.13
2011.03.07 09:44:55.265,1.37895,1.37916,1.47,1.13
2011.03.07 09:44:55.861,1.37894,1.37919,2.22,2.40
2011.03.07 09:44:55.977,1.37894,1.37919,2.22,2.40
2011.03.07 09:44:57.373,1.37894,1.37919,1.47,2.40
2011.03.07 09:44:58.716,1.37896,1.37919,1.47,1.65
2011.03.07 09:44:58.826,1.37897,1.37919,1.47,1.65
2011.03.07 09:44:59.047,1.37899,1.37924,1.47,1.13
2011.03.07 09:44:59.593,1.37899,1.37924,2.37,1.13
2011.03.07 09:45:00.536,1.37899,1.37923,2.37,1.13
2011.03.07 09:45:01.085,1.37899,1.37923,2.37,1.13
2011.03.07 09:45:01.634,1.37899,1.37923,2.37,1.13
2011.03.07 09:45:02.439,1.379,1.37924,1.65,1.13
2011.03.07 09:45:02.997,1.37899,1.37923,3.12,1.13
2011.03.07 09:45:03.336,1.379,1.37924,1.65,1.13
2011.03.07 09:45:03.664,1.379,1.37924,1.65,1.13
2011.03.07 09:45:03.885,1.37897,1.37921,3.87,1.50
2011.03.07 09:45:05.317,1.37896,1.37917,1.65,1.50
2011.03.07 09:45:05.547,1.37896,1.37917,1.65,1.50
2011.03.07 09:45:05.776,1.37893,1.37917,1.65,1.50
2011.03.07 09:45:06.326,1.37893,1.37917,1.65,1.50
2011.03.07 09:45:06.435,1.37891,1.37917,1.47,1.50
2011.03.07 09:45:07.574,1.37895,1.37917,2.40,1.50
2011.03.07 09:45:08.266,1.37896,1.37917,1.65,1.50
2011.03.07 09:45:08.873,1.37896,1.37917,2.40,1.50
2011.03.07 09:45:09.569,1.37896,1.37917,1.65,1.50
2011.03.07 09:45:11.773,1.37897,1.37917,1.65,1.50
2011.03.07 09:45:12.384,1.37896,1.37917,1.65,1.50
2011.03.07 09:45:13.606,1.37894,1.37917,2.40,1.50
2011.03.07 09:45:13.717,1.37895,1.37917,2.40,1.50
2011.03.07 09:45:14.045,1.37894,1.37917,2.40,1.50
2011.03.07 09:45:14.377,1.37891,1.37917,3.12,1.50
2011.03.07 09:45:15.022,1.37893,1.37917,1.65,1.50
2011.03.07 09:45:16.597,1.37892,1.37917,1.65,1.50
2011.03.07 09:45:22.894,1.37892,1.37917,1.65,1.50
2011.03.07 09:45:23.334,1.37891,1.37917,3.12,1.88
2011.03.07 09:45:25.833,1.37891,1.37917,3.12,1.88
2011.03.07 09:45:26.164,1.3789,1.37917,2.22,1.88
2011.03.07 09:45:26.742,1.37888,1.37914,3.12,1.50
2011.03.07 09:45:28.064,1.37888,1.37914,1.47,1.50
2011.03.07 09:45:28.394,1.37886,1.37909,2.40,1.50
2011.03.07 09:45:29.014,1.37886,1.37909,2.40,1.50
2011.03.07 09:45:29.453,1.37886,1.37909,2.40,1.50
2011.03.07 09:45:30.484,1.37887,1.37909,2.40,1.50
2011.03.07 09:45:30.703,1.37887,1.37909,2.40,1.50
2011.03.07 09:45:35.686,1.37886,1.37909,2.40,1.50
2011.03.07 09:45:36.017,1.37887,1.37909,1.65,1.50
2011.03.07 09:45:36.454,1.37884,1.37909,1.47,1.50
2011.03.07 09:45:36.675,1.37883,1.37909,2.37,1.50
2011.03.07 09:45:37.005,1.37885,1.37912,1.47,3.15
2011.03.07 09:45:37.116,1.37891,1.37914,2.40,1.50
2011.03.07 09:45:37.223,1.37891,1.37914,2.40,1.50
2011.03.07 09:45:37.674,1.37891,1.37914,1.65,1.50
2011.03.07 09:45:38.224,1.37888,1.37914,3.12,1.50
2011.03.07 09:45:38.556,1.37889,1.37916,1.13,3.90
2011.03.07 09:45:38.664,1.37892,1.37919,1.47,1.50
2011.03.07 09:45:39.214,1.37892,1.37919,1.47,1.50
2011.03.07 09:45:40.345,1.37892,1.37919,1.47,3.00
2011.03.07 09:45:40.459,1.37888,1.37913,2.40,1.50
2011.03.07 09:45:41.256,1.37888,1.37913,3.15,1.50
2011.03.07 09:45:41.476,1.37893,1.37919,1.84,1.50
2011.03.07 09:45:41.914,1.37896,1.3792,2.37,1.50
2011.03.07 09:45:42.245,1.37896,1.3792,2.37,1.50
2011.03.07 09:45:42.576,1.37891,1.37918,1.47,1.50
2011.03.07 09:45:42.794,1.37892,1.37918,2.37,1.50
2011.03.07 09:45:43.125,1.37892,1.37918,3.87,1.50
2011.03.07 09:45:43.455,1.379,1.37923,1.65,1.50
2011.03.07 09:45:44.064,1.37901,1.37923,1.65,1.50
2011.03.07 09:45:44.723,1.37901,1.37921,1.65,1.50
2011.03.07 09:45:45.404,1.37901,1.37922,1.65,2.25
2011.03.07 09:45:46.435,1.37902,1.37921,1.65,1.50
2011.03.07 09:45:46.730,1.37893,1.37917,1.65,1.50
2011.03.07 09:45:47.067,1.37891,1.37917,1.84,1.50
2011.03.07 09:45:47.295,1.37894,1.37917,1.65,1.50
2011.03.07 09:45:47.624,1.37894,1.3792,2.37,1.50
2011.03.07 09:45:48.204,1.37894,1.3792,2.37,1.50
2011.03.07 09:45:49.014,1.37894,1.3792,2.37,1.50
2011.03.07 09:45:49.583,1.37895,1.3792,1.47,1.50
2011.03.07 09:45:49.915,1.37894,1.3792,2.37,1.50
2011.03.07 09:45:52.594,1.37895,1.3792,1.09,1.50
2011.03.07 09:45:53.037,1.37896,1.3792,1.47,1.50
2011.03.07 09:45:53.428,1.37902,1.37923,1.65,1.50
2011.03.07 09:45:53.548,1.37903,1.37924,1.65,1.50
2011.03.07 09:45:54.464,1.37903,1.37924,1.65,1.50
2011.03.07 09:45:54.686,1.37898,1.37924,1.47,1.50
2011.03.07 09:45:54.794,1.37898,1.37924,1.47,1.50
2011.03.07 09:45:55.484,1.37897,1.37921,2.37,1.50
2011.03.07 09:45:56.143,1.37897,1.37921,2.37,1.50
2011.03.07 09:45:59.284,1.37897,1.37921,2.37,1.50
2011.03.07 09:45:59.394,1.37897,1.37921,2.37,1.50
2011.03.07 09:46:00.675,1.37895,1.37919,2.37,1.50
2011.03.07 09:46:00.787,1.37895,1.37917,1.65,1.50
2011.03.07 09:46:01.109,1.37898,1.37917,1.65,1.50
2011.03.07 09:46:01.576,1.37898,1.37921,1.65,1.50
2011.03.07 09:46:01.685,1.37901,1.37921,1.65,1.50
2011.03.07 09:46:02.014,1.37901,1.37921,1.65,1.50
2011.03.07 09:46:02.344,1.37901,1.37921,1.65,1.50
2011.03.07 09:46:03.294,1.37901,1.37921,1.65,1.50
2011.03.07 09:46:03.517,1.37894,1.37921,3.12,1.50
2011.03.07 09:46:03.627,1.37902,1.37921,1.65,1.50
2011.03.07 09:46:03.846,1.37905,1.37925,1.65,1.50
2011.03.07 09:46:03.957,1.37908,1.37925,1.65,1.50
2011.03.07 09:46:04.285,1.37903,1.37925,1.65,1.50
2011.03.07 09:46:04.802,1.37904,1.37925,1.65,1.50
2011.03.07 09:46:04.918,1.37907,1.37929,1.65,1.50
2011.03.07 09:46:05.364,1.37906,1.37929,1.65,1.50
2011.03.07 09:46:06.204,1.37906,1.37929,1.65,1.50
2011.03.07 09:46:06.314,1.37906,1.37929,1.65,1.50
2011.03.07 09:46:06.864,1.37905,1.37929,1.65,1.50
2011.03.07 09:46:06.975,1.37905,1.37929,1.65,1.50
2011.03.07 09:46:07.087,1.37907,1.37933,1.92,1.50
2011.03.07 09:46:07.443,1.3793,1.37944,1.65,1.50
2011.03.07 09:46:07.668,1.37926,1.37945,2.03,1.13
2011.03.07 09:46:08.225,1.37927,1.37943,1.65,1.50
2011.03.07 09:46:08.339,1.37916,1.37943,2.37,1.50
2011.03.07 09:46:08.460,1.37921,1.37945,1.84,1.13
2011.03.07 09:46:09.041,1.37926,1.37945,1.47,1.13
2011.03.07 09:46:09.376,1.37926,1.37945,1.47,1.13
2011.03.07 09:46:09.597,1.37926,1.37945,2.97,1.13
2011.03.07 09:46:09.827,1.37926,1.37946,2.97,1.13
2011.03.07 09:46:10.055,1.37926,1.37946,2.97,1.13
2011.03.07 09:46:10.278,1.37928,1.37946,1.50,1.13
2011.03.07 09:46:10.615,1.37928,1.37946,2.25,1.13
2011.03.07 09:46:10.726,1.37929,1.37946,1.47,1.13
2011.03.07 09:46:11.556,1.37929,1.37946,1.47,1.13
2011.03.07 09:46:11.778,1.37928,1.37946,2.25,1.13
2011.03.07 09:46:11.897,1.37928,1.37946,1.50,1.13
2011.03.07 09:46:12.116,1.37926,1.37946,2.22,1.13
2011.03.07 09:46:12.224,1.37926,1.37946,2.22,1.13
2011.03.07 09:46:12.556,1.37926,1.37945,2.22,1.13
2011.03.07 09:46:12.667,1.3793,1.37945,1.13,1.13
2011.03.07 09:46:13.006,1.37932,1.37945,2.37,1.13
2011.03.07 09:46:13.776,1.37926,1.37946,1.47,1.13
2011.03.07 09:46:14.106,1.37918,1.37946,1.47,2.03
2011.03.07 09:46:14.217,1.37918,1.37936,1.47,1.13
2011.03.07 09:46:14.334,1.37919,1.3794,1.47,1.13
2011.03.07 09:46:14.844,1.37919,1.37938,1.47,1.13
2011.03.07 09:46:14.956,1.37919,1.37938,1.47,1.13
2011.03.07 09:46:15.286,1.37925,1.37942,1.65,1.50
2011.03.07 09:46:15.614,1.37925,1.37944,2.40,1.50
2011.03.07 09:46:15.944,1.37923,1.3794,1.47,1.13
2011.03.07 09:46:16.275,1.37923,1.37936,1.47,1.13
2011.03.07 09:46:16.384,1.3792,1.37936,1.47,1.13
2011.03.07 09:46:16.606,1.37922,1.37938,1.47,1.13
2011.03.07 09:46:16.935,1.37925,1.37945,1.65,1.69
2011.03.07 09:46:17.267,1.37913,1.37932,1.47,1.13
2011.03.07 09:46:17.376,1.37914,1.37935,1.47,1.13
2011.03.07 09:46:17.595,1.37914,1.37934,1.47,1.13
2011.03.07 09:46:18.113,1.37907,1.37931,5.82,1.50
2011.03.07 09:46:18.231,1.37907,1.37931,1.47,1.50
2011.03.07 09:46:18.564,1.37913,1.37931,1.65,1.50
2011.03.07 09:46:19.935,1.37913,1.3793,1.65,1.50
2011.03.07 09:46:20.156,1.37908,1.3793,1.65,1.50
2011.03.07 09:46:20.375,1.37905,1.3793,2.37,1.50
2011.03.07 09:46:20.595,1.37907,1.37927,1.65,1.50
2011.03.07 09:46:21.035,1.37909,1.37927,1.65,1.50
2011.03.07 09:46:21.147,1.37907,1.37927,1.65,1.50
2011.03.07 09:46:22.781,1.37906,1.37927,1.65,1.50
2011.03.07 09:46:22.898,1.37906,1.37927,1.65,1.50
2011.03.07 09:46:23.504,1.37905,1.37927,2.37,1.50
2011.03.07 09:46:24.078,1.37906,1.37927,1.65,1.50
2011.03.07 09:46:24.635,1.37907,1.37927,1.65,1.50
2011.03.07 09:46:25.075,1.37911,1.3793,1.65,1.50
2011.03.07 09:46:25.187,1.37908,1.3793,1.65,1.50
2011.03.07 09:46:25.405,1.37911,1.3793,1.65,1.50
2011.03.07 09:46:25.516,1.37908,1.37926,1.65,1.50
2011.03.07 09:46:25.627,1.37901,1.37926,1.65,1.50
2011.03.07 09:46:25.845,1.37897,1.37919,2.40,1.50
2011.03.07 09:46:25.954,1.37897,1.37918,1.65,1.50
2011.03.07 09:46:26.284,1.37896,1.37918,1.65,1.50
2011.03.07 09:46:26.505,1.37893,1.37916,1.65,1.50
2011.03.07 09:46:26.726,1.37895,1.37916,1.65,1.50
2011.03.07 09:46:26.965,1.37891,1.37916,1.65,1.50
2011.03.07 09:46:27.185,1.37893,1.37915,1.65,1.50
2011.03.07 09:46:27.515,1.37898,1.37918,1.65,1.50
2011.03.07 09:46:27.625,1.37898,1.37921,1.65,1.50
2011.03.07 09:46:28.175,1.37898,1.3792,1.65,1.50
2011.03.07 09:46:29.387,1.37898,1.3792,1.65,1.50
2011.03.07 09:46:29.508,1.37898,1.37924,3.12,1.50
2011.03.07 09:46:29.626,1.37903,1.37924,1.65,1.50
2011.03.07 09:46:29.737,1.37908,1.37924,1.65,1.50
2011.03.07 09:46:30.066,1.37903,1.37931,1.47,1.50
2011.03.07 09:46:31.825,1.37903,1.37931,1.47,1.50
2011.03.07 09:46:32.375,1.37904,1.37931,1.47,1.50
2011.03.07 09:46:32.595,1.37905,1.37931,3.12,1.50
2011.03.07 09:46:32.816,1.37904,1.37931,3.12,1.50
2011.03.07 09:46:33.146,1.37903,1.37931,2.22,1.50
2011.03.07 09:46:33.477,1.37905,1.37931,1.47,1.50
2011.03.07 09:46:33.595,1.37908,1.37935,3.12,1.84
2011.03.07 09:46:34.474,1.37909,1.37935,2.37,1.50
2011.03.07 09:46:34.696,1.37911,1.37935,1.65,1.50
2011.03.07 09:46:35.024,1.37911,1.37939,3.12,1.69
2011.03.07 09:46:35.796,1.37911,1.37939,3.12,1.69
2011.03.07 09:46:36.018,1.37913,1.37939,1.47,1.50
2011.03.07 09:46:36.251,1.37912,1.37939,1.47,1.50
2011.03.07 09:46:36.589,1.37914,1.37939,2.40,1.65
2011.03.07 09:46:36.925,1.37912,1.37939,2.37,1.65
2011.03.07 09:46:37.815,1.37913,1.37939,2.37,1.65
2011.03.07 09:46:38.365,1.37913,1.37939,2.37,1.65
2011.03.07 09:46:38.696,1.37903,1.3793,2.37,1.50
2011.03.07 09:46:38.806,1.37901,1.37927,3.87,1.50
2011.03.07 09:46:39.464,1.37903,1.37927,1.47,1.50
2011.03.07 09:46:40.119,1.37901,1.37927,1.47,1.50
2011.03.07 09:46:40.675,1.37901,1.37927,2.22,1.50
2011.03.07 09:46:41.005,1.37904,1.37927,1.47,1.50
2011.03.07 09:46:41.553,1.37902,1.37927,1.47,1.50
2011.03.07 09:46:42.615,1.37904,1.37927,1.47,1.50
2011.03.07 09:46:42.835,1.37904,1.3793,1.47,1.50
2011.03.07 09:46:44.699,1.37904,1.3793,1.47,1.50
2011.03.07 09:46:44.929,1.37904,1.37931,3.12,1.50
2011.03.07 09:46:45.376,1.37906,1.37931,1.47,1.50
2011.03.07 09:46:45.709,1.37909,1.37935,2.37,1.50
2011.03.07 09:46:45.825,1.37908,1.37935,1.47,1.50
2011.03.07 09:46:46.374,1.3791,1.37935,2.37,1.50
2011.03.07 09:46:46.923,1.3791,1.37935,2.37,1.50
2011.03.07 09:46:47.473,1.37909,1.37935,2.37,1.50
2011.03.07 09:46:47.824,1.37909,1.37935,2.37,1.50
2011.03.07 09:46:48.486,1.37911,1.37935,1.47,1.50
2011.03.07 09:46:48.596,1.37913,1.37939,1.47,1.50
2011.03.07 09:46:48.815,1.37919,1.37943,1.65,1.50
2011.03.07 09:46:49.204,1.37919,1.37943,1.65,1.50
2011.03.07 09:46:49.813,1.37919,1.37943,1.65,1.50
2011.03.07 09:46:50.366,1.37927,1.37943,1.65,1.50
2011.03.07 09:46:50.694,1.37918,1.37943,2.37,1.50
2011.03.07 09:46:51.025,1.37921,1.37943,1.65,1.50
2011.03.07 09:46:51.135,1.37921,1.37943,1.65,1.50
2011.03.07 09:46:51.904,1.3792,1.37943,1.65,1.50
2011.03.07 09:46:52.124,1.37918,1.37943,2.37,1.50
2011.03.07 09:46:52.235,1.37919,1.37943,1.65,1.50
2011.03.07 09:46:52.564,1.37919,1.37943,1.65,1.50
2011.03.07 09:46:52.674,1.37919,1.37943,1.65,1.50
2011.03.07 09:46:53.004,1.37918,1.37943,2.37,1.50
2011.03.07 09:46:53.554,1.3792,1.37943,1.65,1.50
2011.03.07 09:46:54.516,1.37919,1.37943,1.65,1.50
2011.03.07 09:46:55.070,1.3792,1.37943,1.65,1.50
2011.03.07 09:46:55.405,1.37927,1.37943,1.65,1.50
2011.03.07 09:46:55.516,1.3792,1.37943,3.12,1.50
2011.03.07 09:46:56.065,1.3792,1.37943,1.47,1.50
2011.03.07 09:46:56.614,1.3792,1.37943,1.47,1.50
2011.03.07 09:46:56.837,1.3792,1.37943,1.47,1.50
2011.03.07 09:46:57.714,1.3792,1.37943,1.47,1.50
2011.03.07 09:46:58.154,1.37919,1.37944,1.50,1.50
2011.03.07 09:46:58.268,1.3792,1.37943,2.40,1.69
2011.03.07 09:46:58.385,1.37915,1.37941,2.22,3.15
2011.03.07 09:46:58.866,1.37917,1.37941,1.47,1.50
2011.03.07 09:46:59.305,1.37917,1.37941,1.47,1.50
2011.03.07 09:46:59.854,1.37916,1.37941,2.22,1.50
2011.03.07 09:47:00.294,1.37917,1.37941,1.47,1.50
2011.03.07 09:47:00.514,1.37916,1.37941,3.87,1.50
2011.03.07 09:47:00.844,1.37917,1.37941,3.12,1.50
2011.03.07 09:47:03.843,1.37917,1.37941,3.12,1.50
2011.03.07 09:47:04.068,1.37916,1.37941,1.47,1.50
2011.03.07 09:47:04.702,1.37916,1.37941,1.47,1.50
2011.03.07 09:47:05.255,1.37916,1.37941,1.47,1.50
2011.03.07 09:47:05.805,1.37916,1.37941,1.47,1.50
2011.03.07 09:47:08.554,1.37916,1.37941,2.22,3.15
2011.03.07 09:47:08.997,1.37917,1.37941,1.47,1.50
2011.03.07 09:47:09.326,1.37917,1.37941,1.47,1.50
2011.03.07 09:47:09.654,1.37916,1.37941,1.47,1.50
2011.03.07 09:47:09.925,1.37912,1.37935,1.47,1.50
2011.03.07 09:47:10.267,1.37911,1.37936,2.40,1.50
2011.03.07 09:47:10.497,1.37914,1.37938,1.47,1.50
2011.03.07 09:47:10.827,1.37914,1.37938,1.47,1.50
2011.03.07 09:47:10.946,1.37911,1.37938,1.47,1.50
2011.03.07 09:47:13.095,1.37914,1.37937,1.13,1.50
2011.03.07 09:47:13.207,1.37917,1.3794,1.47,2.40
2011.03.07 09:47:13.318,1.37916,1.37943,1.54,3.15
2011.03.07 09:47:14.315,1.37916,1.37943,1.47,3.34
2011.03.07 09:47:14.534,1.37916,1.37939,1.47,2.40
2011.03.07 09:47:15.174,1.37916,1.37937,1.47,2.40
2011.03.07 09:47:16.005,1.37916,1.37937,1.47,2.40
2011.03.07 09:47:16.224,1.37912,1.37936,1.47,2.40
2011.03.07 09:47:17.884,1.37912,1.37936,1.47,2.40
2011.03.07 09:47:18.436,1.37912,1.37936,1.47,2.40
2011.03.07 09:47:18.547,1.37915,1.37936,1.47,2.40
2011.03.07 09:47:19.326,1.37914,1.37938,1.47,2.40
2011.03.07 09:47:19.545,1.37914,1.37938,2.22,2.40
2011.03.07 09:47:19.875,1.37917,1.37941,1.47,1.50
2011.03.07 09:47:20.097,1.37919,1.37942,1.47,1.13
2011.03.07 09:47:20.326,1.37915,1.37938,2.22,2.40
2011.03.07 09:47:20.764,1.37915,1.37938,2.22,2.40
2011.03.07 09:47:22.414,1.37917,1.37939,1.47,1.50
2011.03.07 09:47:23.524,1.37917,1.37939,1.47,1.50
2011.03.07 09:47:23.964,1.3792,1.37943,1.47,1.13
2011.03.07 09:47:24.514,1.37918,1.37943,3.87,1.13
2011.03.07 09:47:25.066,1.37919,1.37943,1.47,1.13
2011.03.07 09:47:25.284,1.37921,1.37943,2.40,1.13
2011.03.07 09:47:25.504,1.37921,1.37943,2.40,1.13
2011.03.07 09:47:26.086,1.37921,1.37943,2.40,1.13
2011.03.07 09:47:26.635,1.3792,1.37944,1.47,1.50
2011.03.07 09:47:27.418,1.37924,1.37944,1.65,1.50
2011.03.07 09:47:28.754,1.37924,1.37944,2.40,1.50
2011.03.07 09:47:28.864,1.37927,1.37944,1.65,1.50
2011.03.07 09:47:30.286,1.37926,1.37947,3.12,1.13
2011.03.07 09:47:30.506,1.37927,1.37946,1.65,1.13
2011.03.07 09:47:31.166,1.37938,1.37952,1.65,1.50
2011.03.07 09:47:31.278,1.37938,1.37959,1.65,1.50
2011.03.07 09:47:31.508,1.37938,1.37959,1.65,1.50
2011.03.07 09:47:32.103,1.37937,1.37959,1.65,1.50
2011.03.07 09:47:32.875,1.37938,1.37959,1.65,1.50
2011.03.07 09:47:32.985,1.37938,1.37959,1.65,1.50
2011.03.07 09:47:33.315,1.37942,1.37959,1.65,1.50
2011.03.07 09:47:33.536,1.37942,1.37962,1.65,1.50
2011.03.07 09:47:33.754,1.3794,1.37962,1.65,1.50
2011.03.07 09:47:33.865,1.37944,1.37962,1.65,1.50
2011.03.07 09:47:34.304,1.37945,1.37965,1.65,1.50
2011.03.07 09:47:34.527,1.3794,1.37965,2.37,1.50
2011.03.07 09:47:34.635,1.37943,1.37965,1.65,1.50
2011.03.07 09:47:35.074,1.37941,1.37965,2.37,1.50
2011.03.07 09:47:35.463,1.37944,1.37965,1.65,1.50
2011.03.07 09:47:36.014,1.37945,1.37965,1.65,1.50
2011.03.07 09:47:36.456,1.37947,1.37965,1.65,1.50
2011.03.07 09:47:36.785,1.37949,1.37965,1.65,1.50
2011.03.07 09:47:37.116,1.37949,1.37965,1.65,1.50
2011.03.07 09:47:37.994,1.37949,1.37965,1.65,1.50
2011.03.07 09:47:39.123,1.37949,1.37969,1.65,1.50
2011.03.07 09:47:39.785,1.37946,1.37969,1.65,1.50
2011.03.07 09:47:40.334,1.37947,1.37964,1.65,1.50
2011.03.07 09:47:41.086,1.37947,1.37964,1.65,1.50
2011.03.07 09:47:41.306,1.37944,1.37964,1.65,1.50
2011.03.07 09:47:41.637,1.37949,1.37964,1.65,1.50
2011.03.07 09:47:41.965,1.37949,1.37964,1.65,1.50
2011.03.07 09:47:42.186,1.37943,1.37964,1.65,1.50
2011.03.07 09:47:42.297,1.37949,1.37964,1.65,1.50
2011.03.07 09:47:42.517,1.37942,1.37964,1.65,1.50
2011.03.07 09:47:42.626,1.37946,1.37964,1.65,1.50
2011.03.07 09:47:42.735,1.37946,1.37964,1.65,1.50
2011.03.07 09:47:42.955,1.37944,1.37964,1.65,1.50
2011.03.07 09:47:43.284,1.37947,1.37964,1.65,1.50
2011.03.07 09:47:44.495,1.37947,1.37964,1.65,1.50
2011.03.07 09:47:44.934,1.37947,1.37964,1.65,1.50
2011.03.07 09:47:45.866,1.3795,1.37964,1.65,1.50
2011.03.07 09:47:45.978,1.3795,1.37964,1.65,1.50
2011.03.07 09:47:46.338,1.37946,1.37964,1.65,1.50
2011.03.07 09:47:46.457,1.3795,1.37964,1.65,1.50
2011.03.07 09:47:47.144,1.37951,1.37964,1.65,1.50
2011.03.07 09:47:47.474,1.37949,1.37964,1.65,1.50
2011.03.07 09:47:47.584,1.37951,1.37964,1.65,1.50
2011.03.07 09:47:47.695,1.37949,1.37964,1.65,1.50
2011.03.07 09:47:48.244,1.37949,1.37964,1.65,1.50
2011.03.07 09:47:48.814,1.3795,1.37965,1.65,1.50
2011.03.07 09:47:49.036,1.37952,1.37971,1.65,1.50
2011.03.07 09:47:49.473,1.3795,1.37971,1.65,1.50
2011.03.07 09:47:50.249,1.37953,1.37971,1.65,1.50
2011.03.07 09:47:50.367,1.37953,1.37971,1.65,1.50
2011.03.07 09:47:50.476,1.37953,1.37971,1.65,1.50
2011.03.07 09:47:51.085,1.37952,1.37971,1.65,1.50
2011.03.07 09:47:51.746,1.37951,1.37971,1.65,1.50
2011.03.07 09:47:52.295,1.3795,1.37971,1.65,1.50
2011.03.07 09:47:52.517,1.37951,1.37971,1.65,1.50
2011.03.07 09:47:53.074,1.3795,1.37971,1.65,1.50
2011.03.07 09:47:53.624,1.37949,1.37971,1.65,1.50
2011.03.07 09:47:53.958,1.37953,1.37971,1.65,1.50
2011.03.07 09:47:54.076,1.37947,1.37967,1.65,1.50
2011.03.07 09:47:54.186,1.37952,1.37967,1.65,1.50
2011.03.07 09:47:54.406,1.37955,1.3797,1.65,1.50
2011.03.07 09:47:54.514,1.37957,1.37975,1.65,1.50
2011.03.07 09:47:54.625,1.37955,1.37975,1.65,1.50
2011.03.07 09:47:54.735,1.37959,1.37975,1.65,1.50
2011.03.07 09:47:55.251,1.37961,1.37975,1.65,1.50
2011.03.07 09:47:55.805,1.37962,1.37979,1.65,1.50
2011.03.07 09:47:56.135,1.37962,1.37979,1.65,1.50
2011.03.07 09:47:56.465,1.37962,1.37979,1.65,1.50
2011.03.07 09:47:56.908,1.37962,1.37975,1.65,1.50
2011.03.07 09:47:57.356,1.37964,1.37978,1.65,1.50
2011.03.07 09:47:57.576,1.37964,1.37979,1.65,1.50
2011.03.07 09:47:57.795,1.37964,1.3798,1.65,1.50
2011.03.07 09:47:58.015,1.37964,1.37979,1.65,1.50
2011.03.07 09:47:58.236,1.37962,1.37979,1.65,1.50
2011.03.07 09:47:58.346,1.37959,1.37977,1.65,1.50
2011.03.07 09:47:58.567,1.37957,1.37977,1.65,1.50
2011.03.07 09:47:58.797,1.37957,1.37977,1.65,1.50
2011.03.07 09:47:59.015,1.37958,1.37977,1.65,1.50
2011.03.07 09:47:59.125,1.37956,1.37977,1.65,1.50
2011.03.07 09:47:59.439,1.37954,1.37977,1.65,1.50
2011.03.07 09:47:59.774,1.37958,1.37977,1.65,1.50
2011.03.07 09:47:59.887,1.37958,1.37977,1.65,1.50
2011.03.07 09:48:00.009,1.37957,1.37972,1.65,1.69
2011.03.07 09:48:00.349,1.37943,1.37966,1.50,3.15
2011.03.07 09:48:00.468,1.37942,1.37966,2.37,1.50
2011.03.07 09:48:00.697,1.37942,1.37965,1.47,2.59
2011.03.07 09:48:01.036,1.37955,1.37976,1.47,2.89
2011.03.07 09:48:01.147,1.37955,1.3798,1.47,1.50
2011.03.07 09:48:01.259,1.37955,1.37974,1.47,1.65
2011.03.07 09:48:01.596,1.37953,1.37977,1.47,2.40
2011.03.07 09:48:01.707,1.37952,1.37975,1.50,1.50
2011.03.07 09:48:02.039,1.37949,1.37966,1.65,2.25
2011.03.07 09:48:02.336,1.37946,1.37968,2.25,2.40
2011.03.07 09:48:02.451,1.37944,1.37968,1.47,2.40
2011.03.07 09:48:02.676,1.37945,1.37971,1.47,2.59
2011.03.07 09:48:03.009,1.37949,1.37972,1.65,1.50
2011.03.07 09:48:03.237,1.37948,1.37971,1.47,1.65
2011.03.07 09:48:03.795,1.3795,1.37975,1.47,1.50
2011.03.07 09:48:04.345,1.37949,1.37977,2.22,1.50
2011.03.07 09:48:04.564,1.37949,1.37977,1.47,1.50
2011.03.07 09:48:04.785,1.37951,1.37977,1.47,1.50
2011.03.07 09:48:05.007,1.37949,1.37977,1.47,1.50
2011.03.07 09:48:05.336,1.37951,1.37979,3.12,1.50
2011.03.07 09:48:05.445,1.37954,1.37981,1.47,1.50
2011.03.07 09:48:05.556,1.37953,1.37981,1.47,1.50
2011.03.07 09:48:06.099,1.37953,1.37979,1.47,1.50
2011.03.07 09:48:06.438,1.37951,1.37969,1.47,2.40
2011.03.07 09:48:07.009,1.37944,1.37969,1.47,1.65
2011.03.07 09:48:07.345,1.37945,1.37971,2.40,2.40
2011.03.07 09:48:07.895,1.37948,1.37971,1.47,2.40
2011.03.07 09:48:08.560,1.37957,1.37972,2.40,2.70
2011.03.07 09:48:08.677,1.37953,1.37974,2.40,2.70
2011.03.07 09:48:08.797,1.37955,1.37974,2.40,2.70
2011.03.07 09:48:09.019,1.37951,1.37977,1.47,3.45
2011.03.07 09:48:09.593,1.3795,1.37971,1.47,2.70
2011.03.07 09:48:09.708,1.3795,1.37971,1.47,3.45
2011.03.07 09:48:10.264,1.37949,1.37969,2.59,1.50
2011.03.07 09:48:10.595,1.37949,1.37971,2.59,2.25
2011.03.07 09:48:10.817,1.37949,1.37969,2.59,1.50
2011.03.07 09:48:11.036,1.37947,1.37969,2.40,1.50
2011.03.07 09:48:11.585,1.37943,1.37968,2.40,2.25
2011.03.07 09:48:12.496,1.37943,1.37968,2.40,2.25
2011.03.07 09:48:13.408,1.37948,1.37967,1.65,1.50
2011.03.07 09:48:13.625,1.37947,1.37973,3.12,1.50
2011.03.07 09:48:14.646,1.37947,1.37969,1.47,1.65
2011.03.07 09:48:14.756,1.37945,1.37969,1.50,2.40
2011.03.07 09:48:15.306,1.37943,1.3797,1.47,2.25
2011.03.07 09:48:15.525,1.37943,1.37969,1.47,1.50
2011.03.07 09:48:15.636,1.37943,1.3797,1.47,2.25
2011.03.07 09:48:16.186,1.37943,1.37969,1.47,1.50
2011.03.07 09:48:16.517,1.37943,1.37969,1.47,1.50
2011.03.07 09:48:17.066,1.37943,1.3797,1.47,1.50
2011.03.07 09:48:17.617,1.37943,1.3797,1.47,1.50
2011.03.07 09:48:17.946,1.37943,1.37969,1.47,3.15
2011.03.07 09:48:19.285,1.37943,1.37967,1.47,1.50
2011.03.07 09:48:19.835,1.37943,1.37967,1.47,1.50
2011.03.07 09:48:20.058,1.37943,1.37967,1.47,1.50
2011.03.07 09:48:20.607,1.37939,1.37965,1.47,3.15
2011.03.07 09:48:22.357,1.37939,1.37965,1.47,2.25
2011.03.07 09:48:22.827,1.37939,1.37963,1.47,2.40
2011.03.07 09:48:23.313,1.37947,1.37975,2.97,1.50
2011.03.07 09:48:23.538,1.37944,1.37972,1.47,3.15
2011.03.07 09:48:23.877,1.37944,1.3797,1.47,3.15
2011.03.07 09:48:24.425,1.37944,1.37969,1.47,2.40
2011.03.07 09:48:24.865,1.37944,1.37967,1.47,2.40
2011.03.07 09:48:25.417,1.37941,1.37965,1.50,3.15
2011.03.07 09:48:25.745,1.37939,1.37965,1.47,3.15
2011.03.07 09:48:25.857,1.37939,1.37965,1.47,3.15
2011.03.07 09:48:26.296,1.37939,1.37963,1.47,2.40
2011.03.07 09:48:26.734,1.37939,1.37964,1.47,1.65
2011.03.07 09:48:26.955,1.37939,1.37964,1.47,2.40
2011.03.07 09:48:27.286,1.37939,1.37966,1.47,1.50
2011.03.07 09:48:27.588,1.37939,1.37964,1.47,1.65
2011.03.07 09:48:27.709,1.37944,1.37967,1.47,1.65
2011.03.07 09:48:28.045,1.37944,1.37968,1.47,2.40
2011.03.07 09:48:28.605,1.37944,1.37968,1.47,2.40
2011.03.07 09:48:28.716,1.37947,1.37972,1.47,2.40
2011.03.07 09:48:28.826,1.37947,1.37972,1.47,2.40
2011.03.07 09:48:29.154,1.37947,1.37968,1.47,1.65
2011.03.07 09:48:29.966,1.37947,1.37968,1.47,2.40
2011.03.07 09:48:30.495,1.37947,1.37968,1.47,1.65
2011.03.07 09:48:30.905,1.37947,1.37968,1.47,2.40
2011.03.07 09:48:31.235,1.37947,1.3797,1.47,2.40
2011.03.07 09:48:31.566,1.37947,1.37971,1.47,2.40
2011.03.07 09:48:31.676,1.37947,1.37968,1.47,1.65
2011.03.07 09:48:32.317,1.37945,1.37967,1.47,2.40
2011.03.07 09:48:32.864,1.37945,1.37967,1.47,1.65
2011.03.07 09:48:34.818,1.37945,1.37967,1.47,1.65
2011.03.07 09:48:35.045,1.37945,1.37971,1.47,2.40
2011.03.07 09:48:35.596,1.37949,1.37971,1.47,1.65
2011.03.07 09:48:35.814,1.37949,1.37972,1.47,1.65
2011.03.07 09:48:36.914,1.37949,1.37973,1.47,2.40
2011.03.07 09:48:37.795,1.37949,1.37974,1.47,2.40
2011.03.07 09:48:38.150,1.37949,1.37973,1.47,2.40
2011.03.07 09:48:38.490,1.37949,1.37969,1.47,1.65
2011.03.07 09:48:38.606,1.37949,1.37973,1.47,3.15
2011.03.07 09:48:38.717,1.37949,1.37969,1.47,1.65
2011.03.07 09:48:38.829,1.37949,1.37972,1.47,2.40
2011.03.07 09:48:38.947,1.37949,1.3797,1.47,1.65
2011.03.07 09:48:39.058,1.37949,1.37973,1.47,3.15
2011.03.07 09:48:39.496,1.37953,1.37977,1.47,2.25
2011.03.07 09:48:39.718,1.37953,1.37979,1.66,1.50
2011.03.07 09:48:40.159,1.37948,1.37974,2.22,1.50
2011.03.07 09:48:40.278,1.37948,1.37974,1.47,1.50
2011.03.07 09:48:40.506,1.37947,1.37973,1.65,3.00
2011.03.07 09:48:40.616,1.37943,1.37961,1.47,1.65
2011.03.07 09:48:40.726,1.37945,1.37961,1.47,1.65
2011.03.07 09:48:40.836,1.37945,1.37964,1.47,1.65
2011.03.07 09:48:41.277,1.37943,1.37964,2.22,2.40
2011.03.07 09:48:41.716,1.37946,1.37966,1.50,1.65
2011.03.07 09:48:41.835,1.37948,1.37968,1.47,2.40
2011.03.07 09:48:41.949,1.37948,1.37966,1.47,1.65
2011.03.07 09:48:42.069,1.37948,1.37973,1.47,1.50
2011.03.07 09:48:42.186,1.37948,1.37973,1.47,1.50
2011.03.07 09:48:42.738,1.37946,1.3797,2.03,1.50
2011.03.07 09:48:43.078,1.37957,1.37977,1.47,1.50
2011.03.07 09:48:43.308,1.37957,1.37981,1.47,1.50
2011.03.07 09:48:43.535,1.37957,1.37981,1.47,1.50
2011.03.07 09:48:43.866,1.37957,1.37981,1.47,1.50
2011.03.07 09:48:44.708,1.37957,1.37981,1.47,1.50
2011.03.07 09:48:45.315,1.37957,1.37981,1.47,1.50
2011.03.07 09:48:46.358,1.37957,1.37981,1.47,1.50
2011.03.07 09:48:46.695,1.37957,1.37981,1.47,1.50
2011.03.07 09:48:47.245,1.37957,1.37981,1.47,1.50
2011.03.07 09:48:48.696,1.37957,1.37981,1.47,1.50
2011.03.07 09:48:49.245,1.37957,1.37981,1.47,1.50
2011.03.07 09:48:49.794,1.37956,1.37981,1.47,1.50
2011.03.07 09:48:50.016,1.37957,1.37981,1.47,1.50
2011.03.07 09:48:50.235,1.37957,1.37981,1.47,1.50
2011.03.07 09:48:50.784,1.37957,1.37981,1.47,1.50
2011.03.07 09:48:51.595,1.37957,1.37981,1.47,1.50
2011.03.07 09:48:52.526,1.37955,1.37981,1.47,1.50
2011.03.07 09:48:53.298,1.37955,1.37977,1.47,2.40
2011.03.07 09:48:53.419,1.3795,1.37975,1.47,1.50
2011.03.07 09:48:53.977,1.37947,1.37973,1.47,1.50
2011.03.07 09:48:54.525,1.37947,1.37973,1.47,1.50
2011.03.07 09:48:54.636,1.37947,1.37973,1.47,1.50
2011.03.07 09:48:55.187,1.3795,1.37978,1.47,1.50
2011.03.07 09:48:55.627,1.37956,1.3798,1.47,1.13
2011.03.07 09:48:55.735,1.37956,1.3798,1.47,1.13
2011.03.07 09:48:56.145,1.37954,1.3798,2.22,1.13
2011.03.07 09:48:56.262,1.37955,1.37981,1.47,1.88
2011.03.07 09:48:56.595,1.37956,1.37981,1.47,1.88
2011.03.07 09:48:56.925,1.37956,1.37981,1.47,1.88
2011.03.07 09:48:58.635,1.37954,1.3798,1.65,1.88
2011.03.07 09:48:59.235,1.37953,1.37976,1.47,1.50
2011.03.07 09:49:00.360,1.37953,1.37976,1.47,1.50
2011.03.07 09:49:00.477,1.37953,1.37976,1.47,1.50
2011.03.07 09:49:00.916,1.37953,1.37976,3.12,1.50
2011.03.07 09:49:01.437,1.37953,1.37976,1.47,1.50
2011.03.07 09:49:02.017,1.37954,1.37976,1.65,1.50
2011.03.07 09:49:02.238,1.37953,1.37976,1.47,1.50
2011.03.07 09:49:02.466,1.37953,1.37976,1.47,1.50
2011.03.07 09:49:03.205,1.37951,1.37976,1.47,1.50
2011.03.07 09:49:03.755,1.37953,1.37976,1.47,1.50
2011.03.07 09:49:04.235,1.37951,1.37976,1.47,1.50
2011.03.07 09:49:04.786,1.37952,1.37976,1.47,1.50
2011.03.07 09:49:04.896,1.37953,1.37976,1.47,1.50
2011.03.07 09:49:05.005,1.37953,1.37976,1.47,1.50
2011.03.07 09:49:05.694,1.37953,1.37976,1.47,1.50
2011.03.07 09:49:08.636,1.3795,1.37976,2.22,1.50
2011.03.07 09:49:09.184,1.37952,1.37976,1.47,1.50
2011.03.07 09:49:09.758,1.3795,1.37976,1.47,1.50
2011.03.07 09:49:09.875,1.37949,1.37977,2.22,1.50
2011.03.07 09:49:10.445,1.37949,1.37976,1.47,2.40
2011.03.07 09:49:12.376,1.37949,1.37968,1.47,2.40
2011.03.07 09:49:13.772,1.37952,1.3797,2.22,1.65
2011.03.07 09:49:14.217,1.37952,1.3797,1.47,1.13
2011.03.07 09:49:16.035,1.37952,1.37969,1.47,2.40
2011.03.07 09:49:18.455,1.37953,1.37971,1.47,1.13
2011.03.07 09:49:20.557,1.37953,1.3797,1.47,1.13
2011.03.07 09:49:21.988,1.3795,1.37971,1.47,2.78
2011.03.07 09:49:23.305,1.3795,1.3797,1.47,2.40
2011.03.07 09:49:23.855,1.37948,1.37968,1.47,2.40
2011.03.07 09:49:24.444,1.37945,1.37969,1.47,2.40
2011.03.07 09:49:24.557,1.37945,1.37967,1.47,2.40
2011.03.07 09:49:26.236,1.37945,1.37967,1.47,2.40
2011.03.07 09:49:26.915,1.37945,1.3797,1.47,2.40
2011.03.07 09:49:28.776,1.37945,1.37968,4.17,1.65
2011.03.07 09:49:28.998,1.37953,1.37976,1.47,2.40
2011.03.07 09:49:29.110,1.37953,1.37976,1.47,2.40
2011.03.07 09:49:29.650,1.37955,1.37976,1.47,2.40
2011.03.07 09:49:30.244,1.37955,1.37976,1.47,2.40
2011.03.07 09:49:30.636,1.37955,1.37976,1.47,2.40
2011.03.07 09:49:31.086,1.37955,1.37976,1.47,2.40
2011.03.07 09:49:31.419,1.37955,1.37976,1.47,2.40
2011.03.07 09:49:32.306,1.37953,1.3797,1.47,2.40
2011.03.07 09:49:33.876,1.37953,1.37976,1.47,1.13
2011.03.07 09:49:34.427,1.37955,1.37975,1.47,1.13
2011.03.07 09:49:34.809,1.37957,1.37981,1.65,1.50
2011.03.07 09:49:35.606,1.37957,1.37981,2.40,1.50
2011.03.07 09:49:35.715,1.37958,1.37981,1.50,1.50
2011.03.07 09:49:35.827,1.37965,1.37981,1.65,1.50
2011.03.07 09:49:36.046,1.37963,1.37986,1.65,1.50
2011.03.07 09:49:36.269,1.37965,1.37987,2.40,2.63
2011.03.07 09:49:36.612,1.37972,1.37992,1.65,1.50
2011.03.07 09:49:36.728,1.37972,1.37992,1.65,1.50
2011.03.07 09:49:36.947,1.37973,1.37992,1.65,1.50
2011.03.07 09:49:37.055,1.37967,1.37992,2.40,1.50
2011.03.07 09:49:37.275,1.37967,1.37992,2.40,1.50
2011.03.07 09:49:37.607,1.37962,1.37986,1.47,2.40
2011.03.07 09:49:37.717,1.37961,1.37985,1.47,1.50
2011.03.07 09:49:38.267,1.37964,1.37988,1.47,1.50
2011.03.07 09:49:38.619,1.37969,1.37988,1.65,1.50
2011.03.07 09:49:38.846,1.37969,1.37988,2.40,1.50
2011.03.07 09:49:39.070,1.37969,1.3799,2.40,1.50
2011.03.07 09:49:39.188,1.37975,1.37992,1.65,1.50
2011.03.07 09:49:39.308,1.3798,1.37998,1.65,1.50
2011.03.07 09:49:39.646,1.37972,1.37998,2.56,1.50
2011.03.07 09:49:39.755,1.37972,1.37998,2.56,1.50
2011.03.07 09:49:39.974,1.37972,1.37998,2.56,1.50
2011.03.07 09:49:40.415,1.37972,1.37998,2.56,1.50
2011.03.07 09:49:40.746,1.37967,1.37994,1.47,1.50
2011.03.07 09:49:41.186,1.37966,1.37992,1.47,1.50
2011.03.07 09:49:42.506,1.37968,1.37993,1.50,2.25
2011.03.07 09:49:42.618,1.37978,1.37996,1.65,1.50
2011.03.07 09:49:42.945,1.37975,1.37996,1.65,1.50
2011.03.07 09:49:43.621,1.37975,1.37992,1.65,1.50
2011.03.07 09:49:44.717,1.37975,1.37992,1.65,1.50
2011.03.07 09:49:44.938,1.37966,1.37992,3.12,1.50
2011.03.07 09:49:45.156,1.37966,1.37989,2.40,1.50
2011.03.07 09:49:45.486,1.37961,1.37988,2.22,1.50
2011.03.07 09:49:46.365,1.37961,1.37988,1.47,1.88
2011.03.07 09:49:46.915,1.37959,1.37985,2.22,1.50
2011.03.07 09:49:47.465,1.3796,1.37986,1.47,1.50
2011.03.07 09:49:47.906,1.37963,1.37986,2.40,1.50
2011.03.07 09:49:48.465,1.37963,1.37985,2.40,1.50
2011.03.07 09:49:49.261,1.37962,1.37985,2.40,1.50
2011.03.07 09:49:49.611,1.37971,1.37992,2.40,1.50
2011.03.07 09:49:49.947,1.37976,1.37998,2.40,1.50
2011.03.07 09:49:50.277,1.37979,1.38002,1.65,1.50
2011.03.07 09:49:50.388,1.37975,1.38002,3.87,1.50
2011.03.07 09:49:50.607,1.37978,1.38002,2.40,1.50
2011.03.07 09:49:50.937,1.37978,1.38002,1.65,1.50
2011.03.07 09:49:51.160,1.37979,1.38002,2.40,1.50
2011.03.07 09:49:51.277,1.37979,1.38002,1.65,1.50
2011.03.07 09:49:51.828,1.37979,1.38004,1.65,1.13
2011.03.07 09:49:51.947,1.37977,1.38004,3.12,1.13
2011.03.07 09:49:52.056,1.37977,1.38004,3.12,1.13
2011.03.07 09:49:52.386,1.37977,1.38004,2.37,1.13
2011.03.07 09:49:52.772,1.37979,1.38004,1.65,1.13
2011.03.07 09:49:53.109,1.37979,1.38004,1.65,1.13
2011.03.07 09:49:53.226,1.37975,1.38003,3.87,1.13
2011.03.07 09:49:53.449,1.37974,1.38001,1.47,2.40
2011.03.07 09:49:53.568,1.37977,1.38002,1.65,1.50
2011.03.07 09:49:53.789,1.37977,1.38001,2.37,1.50
2011.03.07 09:49:54.127,1.37975,1.38,1.47,1.13
2011.03.07 09:49:54.346,1.37977,1.38,2.37,1.13
2011.03.07 09:49:54.566,1.3798,1.38006,1.65,1.50
2011.03.07 09:49:54.675,1.37978,1.38006,1.65,1.50
2011.03.07 09:49:54.787,1.37981,1.38006,1.65,1.50
2011.03.07 09:49:54.895,1.37979,1.38006,2.40,1.50
2011.03.07 09:49:55.116,1.37982,1.38006,1.65,1.50
2011.03.07 09:49:55.336,1.37979,1.38006,1.65,1.50
2011.03.07 09:49:55.666,1.37977,1.38006,2.37,1.50
2011.03.07 09:49:55.887,1.37977,1.38002,1.47,1.50
2011.03.07 09:49:55.996,1.37976,1.38002,1.47,1.50
2011.03.07 09:49:56.562,1.37976,1.38002,2.37,1.50
2011.03.07 09:49:56.901,1.37979,1.38007,2.22,1.50
2011.03.07 09:49:57.019,1.37985,1.38007,1.65,1.50
2011.03.07 09:49:57.245,1.37983,1.38007,1.65,1.50
2011.03.07 09:49:57.355,1.37983,1.38007,1.65,1.50
2011.03.07 09:49:57.468,1.37979,1.38007,1.47,1.65
2011.03.07 09:49:57.588,1.37979,1.38007,1.47,1.50
2011.03.07 09:49:57.700,1.37978,1.38004,1.47,1.50
2011.03.07 09:49:58.256,1.37978,1.38004,2.37,1.50
2011.03.07 09:49:58.805,1.37977,1.38001,1.65,1.50
2011.03.07 09:49:58.916,1.37975,1.38001,2.37,1.50
2011.03.07 09:49:59.136,1.37975,1.38001,2.37,1.50
2011.03.07 09:50:00.328,1.37974,1.38001,3.12,1.50
2011.03.07 09:50:00.668,1.37974,1.38001,3.12,1.50
2011.03.07 09:50:01.217,1.37974,1.38001,3.12,1.50
2011.03.07 09:50:02.977,1.37974,1.38001,3.12,1.50
2011.03.07 09:50:03.196,1.37977,1.38001,1.65,1.50
2011.03.07 09:50:03.427,1.37974,1.38001,1.47,1.50
2011.03.07 09:50:03.977,1.37974,1.38001,1.47,3.15
2011.03.07 09:50:04.482,1.37974,1.37997,1.47,2.40
2011.03.07 09:50:05.256,1.37974,1.37999,1.47,2.40
2011.03.07 09:50:06.048,1.37973,1.37996,1.47,1.50
2011.03.07 09:50:06.167,1.37967,1.37993,1.47,2.40
2011.03.07 09:50:06.385,1.3797,1.37995,1.65,1.50
2011.03.07 09:50:07.715,1.3797,1.37995,1.65,1.50
2011.03.07 09:50:08.267,1.37967,1.37995,1.47,1.50
2011.03.07 09:50:08.851,1.37968,1.37995,2.37,1.50
2011.03.07 09:50:09.187,1.37968,1.37992,1.65,1.50
2011.03.07 09:50:10.157,1.37968,1.37992,1.65,1.50
2011.03.07 09:50:10.265,1.37968,1.37992,1.65,1.50
2011.03.07 09:50:11.526,1.37968,1.37992,1.65,1.50
2011.03.07 09:50:11.636,1.37966,1.37992,2.37,1.50
2011.03.07 09:50:11.747,1.37968,1.37992,1.65,1.50
2011.03.07 09:50:12.633,1.37968,1.37992,1.65,1.50
2011.03.07 09:50:13.988,1.37971,1.37992,2.40,1.50
2011.03.07 09:50:14.316,1.37973,1.37996,1.65,1.50
2011.03.07 09:50:14.646,1.37968,1.37995,1.47,2.40
2011.03.07 09:50:15.197,1.3797,1.37996,1.47,1.50
2011.03.07 09:50:15.307,1.37974,1.37996,1.65,1.50
2011.03.07 09:50:15.416,1.37968,1.37996,1.47,3.15
2011.03.07 09:50:15.965,1.37969,1.37996,2.37,1.50
2011.03.07 09:50:16.295,1.37969,1.37996,2.37,2.25
2011.03.07 09:50:16.407,1.37968,1.3799,2.40,1.50
2011.03.07 09:50:16.515,1.37965,1.3799,2.37,1.50
2011.03.07 09:50:17.177,1.37964,1.3799,3.12,1.50
2011.03.07 09:50:17.616,1.37966,1.3799,2.37,1.50
2011.03.07 09:50:18.164,1.37964,1.3799,1.47,3.15
2011.03.07 09:50:18.714,1.37964,1.3799,3.12,1.50
2011.03.07 09:50:19.866,1.37964,1.3799,1.47,1.50
2011.03.07 09:50:20.647,1.37965,1.3799,1.47,1.50
2011.03.07 09:50:22.023,1.37966,1.3799,1.47,1.50
2011.03.07 09:50:22.144,1.37969,1.3799,1.65,1.50
2011.03.07 09:50:22.477,1.37968,1.3799,2.40,1.50
2011.03.07 09:50:23.226,1.37968,1.3799,2.40,1.50
2011.03.07 09:50:23.777,1.37975,1.3799,1.65,1.50
2011.03.07 09:50:23.886,1.37975,1.37998,1.65,1.50
2011.03.07 09:50:24.106,1.37969,1.37997,1.47,3.45
2011.03.07 09:50:27.838,1.37968,1.37993,1.47,1.50
2011.03.07 09:50:28.827,1.37976,1.37994,2.40,2.25
2011.03.07 09:50:29.374,1.37976,1.37998,2.40,1.50
2011.03.07 09:50:30.757,1.37976,1.37998,2.40,1.50
2011.03.07 09:50:31.486,1.37975,1.37998,2.40,1.50
2011.03.07 09:50:31.708,1.37975,1.38,2.40,3.15
2011.03.07 09:50:31.817,1.37978,1.38,1.47,2.40
2011.03.07 09:50:31.926,1.37978,1.38002,3.12,1.50
2011.03.07 09:50:32.275,1.37978,1.38007,2.40,1.50
2011.03.07 09:50:33.864,1.3798,1.38007,2.22,1.50
2011.03.07 09:50:34.365,1.3798,1.38007,1.47,1.50
2011.03.07 09:50:35.576,1.37979,1.38002,2.40,1.50
2011.03.07 09:50:35.686,1.37978,1.38002,3.12,1.50
2011.03.07 09:50:36.235,1.37978,1.38002,4.06,1.50
2011.03.07 09:50:36.346,1.37987,1.38003,1.65,1.50
2011.03.07 09:50:36.457,1.37987,1.38002,1.65,1.50
2011.03.07 09:50:36.895,1.37979,1.38002,1.65,1.50
2011.03.07 09:50:37.453,1.37979,1.38002,1.65,1.50
2011.03.07 09:50:37.786,1.37976,1.38002,3.12,1.50
2011.03.07 09:50:38.007,1.37976,1.38002,3.12,1.50
2011.03.07 09:50:38.727,1.37978,1.38002,2.22,1.50
2011.03.07 09:50:38.946,1.37984,1.38002,1.65,1.50
2011.03.07 09:50:39.056,1.37976,1.38002,3.12,1.50
2011.03.07 09:50:39.276,1.37976,1.38002,3.12,1.50
2011.03.07 09:50:39.495,1.37976,1.38001,1.47,2.40
2011.03.07 09:50:39.606,1.3797,1.37996,2.37,1.50
2011.03.07 09:50:40.155,1.37969,1.37996,2.37,1.50
2011.03.07 09:50:40.787,1.3797,1.37996,1.66,1.50
2011.03.07 09:50:41.116,1.37969,1.37996,1.47,1.50
2011.03.07 09:50:41.665,1.3797,1.37996,1.47,1.50
2011.03.07 09:50:41.948,1.3797,1.37996,1.47,1.50
2011.03.07 09:50:42.885,1.3797,1.37996,1.47,1.50
2011.03.07 09:50:43.766,1.37967,1.37991,2.40,1.50
2011.03.07 09:50:43.986,1.37965,1.37991,1.47,1.50
2011.03.07 09:50:44.426,1.37965,1.37991,1.47,1.50
2011.03.07 09:50:44.536,1.37969,1.37991,1.65,1.50
2011.03.07 09:50:44.758,1.37978,1.37993,1.65,1.50
2011.03.07 09:50:45.089,1.37976,1.37993,1.65,2.25
2011.03.07 09:50:45.208,1.37968,1.37991,1.69,1.50
2011.03.07 09:50:45.316,1.37967,1.37991,1.65,1.50
2011.03.07 09:50:45.426,1.37967,1.37991,1.65,1.50
2011.03.07 09:50:46.005,1.37967,1.37991,1.65,1.50
2011.03.07 09:50:46.225,1.37969,1.37991,1.65,1.50
2011.03.07 09:50:46.770,1.37969,1.37991,1.65,1.50
2011.03.07 09:50:46.998,1.37967,1.37991,1.65,1.50
2011.03.07 09:50:47.227,1.37967,1.37991,1.65,1.50
2011.03.07 09:50:48.097,1.37968,1.37991,1.65,1.50
2011.03.07 09:50:48.745,1.37968,1.37991,1.65,1.50
2011.03.07 09:50:49.204,1.37967,1.37991,1.65,1.50
2011.03.07 09:50:49.758,1.37968,1.37991,1.65,1.50
2011.03.07 09:50:52.134,1.37968,1.37991,2.40,1.50
2011.03.07 09:50:54.506,1.37967,1.37991,2.40,1.50
2011.03.07 09:50:55.316,1.37967,1.37991,2.40,1.50
2011.03.07 09:50:58.346,1.37967,1.37991,2.40,1.50
2011.03.07 09:50:58.676,1.37969,1.37991,1.65,1.50
2011.03.07 09:50:58.786,1.37969,1.37991,1.65,1.50
2011.03.07 09:50:58.895,1.37969,1.37991,1.65,1.50
2011.03.07 09:51:00.446,1.37969,1.37991,2.40,1.50
2011.03.07 09:51:01.059,1.3797,1.37991,2.40,1.50
2011.03.07 09:51:01.615,1.3797,1.37991,2.40,1.50
2011.03.07 09:51:02.337,1.37971,1.37991,1.09,1.50
2011.03.07 09:51:02.668,1.37977,1.37999,1.65,1.50
2011.03.07 09:51:02.997,1.37975,1.37998,2.37,1.50
2011.03.07 09:51:03.106,1.37975,1.37998,2.37,1.50
2011.03.07 09:51:03.325,1.37975,1.37998,3.12,1.50
2011.03.07 09:51:03.544,1.37975,1.37998,2.37,1.50
2011.03.07 09:51:03.736,1.37975,1.37998,3.12,1.50
2011.03.07 09:51:04.066,1.37978,1.37998,1.65,1.50
2011.03.07 09:51:04.864,1.37978,1.37998,1.65,1.50
2011.03.07 09:51:06.433,1.37978,1.38002,1.65,1.50
2011.03.07 09:51:06.865,1.37978,1.38002,1.65,1.50
2011.03.07 09:51:08.357,1.37974,1.37999,1.47,1.50
2011.03.07 09:51:08.466,1.37971,1.37997,1.47,1.50
2011.03.07 09:51:08.685,1.37969,1.37995,2.40,1.50
2011.03.07 09:51:09.664,1.37969,1.37993,2.40,1.50
2011.03.07 09:51:09.885,1.37969,1.37994,2.40,1.50
2011.03.07 09:51:10.216,1.37973,1.37996,2.40,1.50
2011.03.07 09:51:10.435,1.3797,1.37996,3.94,1.50
2011.03.07 09:51:10.764,1.37974,1.37996,1.65,1.50
2011.03.07 09:51:10.874,1.3797,1.37996,1.54,1.50
2011.03.07 09:51:11.479,1.3797,1.37996,2.29,1.50
2011.03.07 09:51:13.239,1.3797,1.37996,1.47,1.50
2011.03.07 09:51:13.471,1.37961,1.37987,3.27,1.50
2011.03.07 09:51:13.697,1.37965,1.37987,2.40,1.50
2011.03.07 09:51:14.029,1.37965,1.37991,1.62,1.50
2011.03.07 09:51:14.586,1.37969,1.37991,2.40,1.50
2011.03.07 09:51:15.136,1.37969,1.37994,2.40,1.50
2011.03.07 09:51:15.700,1.37963,1.37987,2.55,1.50
2011.03.07 09:51:15.821,1.37963,1.37987,2.55,1.50
2011.03.07 09:51:16.048,1.37963,1.37987,2.40,1.50
2011.03.07 09:51:16.376,1.37966,1.37987,1.65,1.50
2011.03.07 09:51:16.487,1.37966,1.37987,2.40,1.50
2011.03.07 09:51:16.820,1.37966,1.37987,2.40,1.50
2011.03.07 09:51:17.156,1.37971,1.37993,1.65,1.50
2011.03.07 09:51:17.267,1.37969,1.37993,1.65,1.50
2011.03.07 09:51:17.597,1.37966,1.37994,3.12,1.50
2011.03.07 09:51:18.145,1.37967,1.37991,3.12,1.50
2011.03.07 09:51:19.075,1.37967,1.37991,3.12,1.50
2011.03.07 09:51:21.865,1.37967,1.37991,3.12,1.50
2011.03.07 09:51:22.307,1.37961,1.37985,3.87,1.50
2011.03.07 09:51:22.528,1.37957,1.37986,1.47,1.50
2011.03.07 09:51:24.885,1.37956,1.37982,1.47,1.50
2011.03.07 09:51:26.480,1.37956,1.37981,1.47,1.50
2011.03.07 09:51:26.815,1.37954,1.37982,2.22,1.50
2011.03.07 09:51:27.776,1.37954,1.37982,1.47,1.50
2011.03.07 09:51:28.397,1.37954,1.37982,1.47,1.50
2011.03.07 09:51:28.730,1.37955,1.3798,1.47,1.50
2011.03.07 09:51:29.066,1.37962,1.37978,1.65,1.50
2011.03.07 09:51:29.617,1.37963,1.37978,1.65,1.50
2011.03.07 09:51:29.947,1.37962,1.37978,1.65,1.50
2011.03.07 09:51:30.057,1.3796,1.37978,1.65,1.50
2011.03.07 09:51:30.431,1.37959,1.37982,1.65,1.50
2011.03.07 09:51:30.547,1.37963,1.37982,1.65,1.50
2011.03.07 09:51:30.658,1.37959,1.37982,2.40,1.50
2011.03.07 09:51:30.996,1.3796,1.37982,1.65,1.50
2011.03.07 09:51:32.205,1.3796,1.37982,1.65,1.50
2011.03.07 09:51:34.395,1.3796,1.37982,1.65,1.50
2011.03.07 09:51:35.980,1.37956,1.37977,1.65,1.50
2011.03.07 09:51:36.526,1.37956,1.37977,1.65,1.50
2011.03.07 09:51:36.968,1.37957,1.37977,1.65,1.50
2011.03.07 09:51:37.187,1.37957,1.37977,1.65,1.50
2011.03.07 09:51:37.736,1.37957,1.37977,1.65,1.50
2011.03.07 09:51:37.957,1.37958,1.37977,1.65,1.50
2011.03.07 09:51:39.138,1.37958,1.37977,2.40,1.50
2011.03.07 09:51:39.695,1.3796,1.37977,1.65,1.50
2011.03.07 09:51:39.805,1.37956,1.37977,1.65,1.50
2011.03.07 09:51:40.332,1.37957,1.37977,1.65,1.50
2011.03.07 09:51:40.886,1.37957,1.37977,2.40,1.50
2011.03.07 09:51:41.438,1.37956,1.37977,1.65,1.50
2011.03.07 09:51:41.766,1.37958,1.37977,1.65,1.50
2011.03.07 09:51:42.315,1.37957,1.37977,1.65,1.50
2011.03.07 09:51:42.864,1.37957,1.37977,1.65,1.50
2011.03.07 09:51:43.746,1.37957,1.37977,2.40,1.50
2011.03.07 09:51:44.210,1.37959,1.37977,1.65,1.50
2011.03.07 09:51:46.088,1.37959,1.37982,2.40,2.25
2011.03.07 09:51:46.210,1.37959,1.37982,2.59,2.25
2011.03.07 09:51:46.327,1.3796,1.37986,1.47,1.50
2011.03.07 09:51:46.550,1.37964,1.37985,2.40,1.50
2011.03.07 09:51:46.775,1.3796,1.37985,1.47,1.50
2011.03.07 09:51:47.008,1.3796,1.37986,1.47,1.50
2011.03.07 09:51:47.615,1.37969,1.37985,1.65,1.50
2011.03.07 09:51:49.376,1.37966,1.37989,2.40,1.50
2011.03.07 09:51:51.017,1.37963,1.37988,1.47,2.40
2011.03.07 09:51:52.107,1.37963,1.37984,1.47,2.40
2011.03.07 09:51:52.333,1.37963,1.37989,1.47,1.50
2011.03.07 09:51:53.566,1.37963,1.37989,3.12,1.50
2011.03.07 09:51:53.676,1.37964,1.37989,2.40,1.50
2011.03.07 09:51:54.005,1.37964,1.37989,2.40,1.50
2011.03.07 09:51:54.556,1.37963,1.37989,3.12,1.50
2011.03.07 09:51:55.104,1.37965,1.37989,2.40,1.50
2011.03.07 09:51:55.436,1.37962,1.37989,3.12,1.50
2011.03.07 09:51:55.837,1.37964,1.37989,2.40,1.50
2011.03.07 09:51:56.497,1.37963,1.37989,1.47,1.50
2011.03.07 09:51:56.715,1.37964,1.37989,2.40,1.50
2011.03.07 09:51:57.155,1.37964,1.37989,2.40,1.50
2011.03.07 09:51:57.375,1.37964,1.37989,2.40,1.50
2011.03.07 09:51:58.206,1.37964,1.37989,2.40,1.50
2011.03.07 09:52:00.725,1.37964,1.37989,2.40,1.50
2011.03.07 09:52:00.836,1.37966,1.3799,1.47,1.50
2011.03.07 09:52:01.867,1.37968,1.37993,1.47,1.50
2011.03.07 09:52:02.415,1.37968,1.37993,1.47,1.50
2011.03.07 09:52:03.005,1.37969,1.37993,1.47,1.50
2011.03.07 09:52:03.557,1.37968,1.37993,1.47,1.50
2011.03.07 09:52:04.435,1.37968,1.37993,1.47,1.50
2011.03.07 09:52:04.987,1.37969,1.37993,1.47,1.50
2011.03.07 09:52:05.097,1.37969,1.37996,1.47,1.50
2011.03.07 09:52:05.897,1.3797,1.37996,1.47,1.50
2011.03.07 09:52:06.119,1.3797,1.37996,2.37,1.50
2011.03.07 09:52:06.678,1.37971,1.37996,1.66,1.50
2011.03.07 09:52:07.008,1.37978,1.37996,1.65,1.50
2011.03.07 09:52:07.115,1.37972,1.37996,1.47,1.50
2011.03.07 09:52:07.335,1.37972,1.37996,1.47,1.50
2011.03.07 09:52:07.558,1.37978,1.37996,1.65,1.50
2011.03.07 09:52:07.888,1.37979,1.37996,1.65,1.50
2011.03.07 09:52:07.997,1.37973,1.37996,1.65,1.50
2011.03.07 09:52:08.216,1.37973,1.37996,1.65,1.50
2011.03.07 09:52:08.437,1.37966,1.37994,1.47,2.44
2011.03.07 09:52:08.656,1.37964,1.37987,3.45,1.50
2011.03.07 09:52:09.160,1.37961,1.37987,2.70,1.50
2011.03.07 09:52:09.705,1.3796,1.37987,4.17,1.50
2011.03.07 09:52:09.925,1.37961,1.37987,3.45,1.50
2011.03.07 09:52:10.475,1.37959,1.37987,5.67,1.50
2011.03.07 09:52:11.025,1.37961,1.37987,2.70,1.50
2011.03.07 09:52:11.575,1.3796,1.37987,4.17,1.50
2011.03.07 09:52:12.125,1.3796,1.37987,4.17,1.50
2011.03.07 09:52:12.676,1.37961,1.37987,2.70,1.50
2011.03.07 09:52:13.006,1.3796,1.37983,2.70,1.50
2011.03.07 09:52:13.665,1.37957,1.37983,3.42,1.50
2011.03.07 09:52:14.215,1.37958,1.37983,2.70,1.50
2011.03.07 09:52:14.807,1.37959,1.37983,2.70,1.50
2011.03.07 09:52:15.246,1.37957,1.37983,3.42,1.50
2011.03.07 09:52:15.467,1.37957,1.37983,4.17,1.50
2011.03.07 09:52:15.906,1.37958,1.37983,3.45,1.50
2011.03.07 09:52:16.126,1.37957,1.37983,4.17,1.50
2011.03.07 09:52:16.455,1.37957,1.37983,4.17,1.50
2011.03.07 09:52:16.675,1.37957,1.37983,4.17,1.50
2011.03.07 09:52:19.149,1.37957,1.37983,1.47,1.50
2011.03.07 09:52:20.146,1.37957,1.37983,1.47,1.50
2011.03.07 09:52:20.995,1.37957,1.37983,1.47,1.50
2011.03.07 09:52:22.777,1.37957,1.37983,1.47,1.50
2011.03.07 09:52:22.996,1.37957,1.37983,1.47,1.50
2011.03.07 09:52:23.766,1.37957,1.37983,1.47,1.50
2011.03.07 09:52:24.096,1.37957,1.37983,1.47,1.50
2011.03.07 09:52:27.908,1.3796,1.37983,2.40,1.50
2011.03.07 09:52:29.195,1.3796,1.37983,2.40,1.50
2011.03.07 09:52:29.858,1.37959,1.37983,2.40,1.50
2011.03.07 09:52:30.186,1.37959,1.37983,2.40,1.50
2011.03.07 09:52:30.406,1.37959,1.37983,2.40,1.50
2011.03.07 09:52:30.625,1.37959,1.37983,2.40,1.50
2011.03.07 09:52:30.955,1.37964,1.37983,2.40,1.50
2011.03.07 09:52:31.506,1.37964,1.37986,2.40,1.50
2011.03.07 09:52:32.178,1.37964,1.37986,1.65,1.50
2011.03.07 09:52:32.726,1.37964,1.37986,2.40,1.50
2011.03.07 09:52:33.276,1.37965,1.37989,3.12,1.50
2011.03.07 09:52:33.606,1.37965,1.37989,3.12,1.50
2011.03.07 09:52:33.934,1.37965,1.37989,1.47,1.50
2011.03.07 09:52:35.675,1.37965,1.37989,1.47,1.50
2011.03.07 09:52:36.277,1.37965,1.37989,1.47,1.50
2011.03.07 09:52:36.716,1.37965,1.37989,1.47,1.50
2011.03.07 09:52:36.825,1.37965,1.37989,3.12,1.50
2011.03.07 09:52:37.426,1.37967,1.37989,2.40,1.50
2011.03.07 09:52:37.976,1.3797,1.37993,2.40,1.50
2011.03.07 09:52:40.357,1.37972,1.37993,1.65,1.50
2011.03.07 09:52:40.686,1.3797,1.37993,2.40,1.50
2011.03.07 09:52:41.279,1.37969,1.37993,3.12,1.50
2011.03.07 09:52:41.896,1.37969,1.37993,2.37,1.50
2011.03.07 09:52:42.226,1.37965,1.37991,1.47,1.50
2011.03.07 09:52:42.816,1.37965,1.37991,1.47,3.15
2011.03.07 09:52:43.256,1.37965,1.37991,1.47,1.50
2011.03.07 09:52:44.206,1.37965,1.37991,1.47,1.50
2011.03.07 09:52:49.705,1.37964,1.37991,1.47,3.15
2011.03.07 09:52:50.687,1.37964,1.37991,2.37,1.50
2011.03.07 09:52:50.908,1.37965,1.37991,2.37,1.50
2011.03.07 09:52:51.247,1.37962,1.37988,3.12,1.50
2011.03.07 09:52:53.765,1.37962,1.37988,3.12,1.50
2011.03.07 09:52:54.435,1.37962,1.37988,3.12,1.50
2011.03.07 09:53:00.405,1.37962,1.37988,3.12,1.50
2011.03.07 09:53:01.176,1.37968,1.37988,2.40,1.50
2011.03.07 09:53:01.618,1.37975,1.37991,1.65,1.50
2011.03.07 09:53:01.837,1.37967,1.37991,3.12,1.50
2011.03.07 09:53:01.945,1.37967,1.37991,3.12,1.50
2011.03.07 09:53:03.359,1.37967,1.37991,3.12,1.50
2011.03.07 09:53:03.805,1.37967,1.37991,3.12,1.50
2011.03.07 09:53:04.266,1.37967,1.37988,1.65,1.50
2011.03.07 09:53:04.380,1.37964,1.37988,1.47,1.50
2011.03.07 09:53:04.606,1.37964,1.37988,1.47,1.50
2011.03.07 09:53:05.155,1.37964,1.37988,1.47,1.50
2011.03.07 09:53:06.279,1.37966,1.3799,1.47,1.50
2011.03.07 09:53:06.619,1.37969,1.37993,2.40,1.50
2011.03.07 09:53:06.958,1.37966,1.37991,2.22,2.40
2011.03.07 09:53:07.507,1.37966,1.37992,1.47,2.40
2011.03.07 09:53:08.105,1.37966,1.37993,2.22,3.15
2011.03.07 09:53:11.038,1.37967,1.37993,1.47,3.15
2011.03.07 09:53:11.257,1.37967,1.37993,1.47,3.15
2011.03.07 09:53:11.648,1.37967,1.37993,1.47,3.15
2011.03.07 09:53:12.305,1.3797,1.37993,1.65,1.50
2011.03.07 09:53:13.319,1.37967,1.37993,1.47,1.50
2011.03.07 09:53:13.865,1.37967,1.37993,1.47,3.15
2011.03.07 09:53:14.986,1.37966,1.37993,2.22,3.15
2011.03.07 09:53:15.205,1.37967,1.37993,1.47,3.15
2011.03.07 09:53:15.535,1.37967,1.37993,1.47,3.15
2011.03.07 09:53:15.865,1.37967,1.37993,1.66,2.40
2011.03.07 09:53:16.196,1.37977,1.37993,1.65,1.50
2011.03.07 09:53:16.420,1.37968,1.37993,2.40,1.50
2011.03.07 09:53:16.865,1.37968,1.37993,2.40,1.50
2011.03.07 09:53:17.862,1.37968,1.37994,2.40,1.50
2011.03.07 09:53:17.983,1.37976,1.37993,1.65,1.50
2011.03.07 09:53:18.538,1.37975,1.37993,1.65,1.50
2011.03.07 09:53:19.085,1.37975,1.37993,1.65,1.50
2011.03.07 09:53:19.306,1.37973,1.37993,1.65,1.50
2011.03.07 09:53:19.967,1.37974,1.37993,2.40,1.50
2011.03.07 09:53:20.076,1.37976,1.37993,1.65,1.50
2011.03.07 09:53:20.515,1.37974,1.37993,2.40,1.50
2011.03.07 09:53:23.855,1.37976,1.37993,1.65,1.50
2011.03.07 09:53:24.185,1.37976,1.37993,1.65,1.50
2011.03.07 09:53:24.295,1.37976,1.37993,1.65,1.50
2011.03.07 09:53:34.996,1.37976,1.37993,1.65,1.50
2011.03.07 09:53:35.107,1.37968,1.37993,2.40,1.50
2011.03.07 09:53:35.654,1.37969,1.37993,1.65,1.50
2011.03.07 09:53:35.766,1.37969,1.37993,2.40,1.50
2011.03.07 09:53:36.098,1.37977,1.37994,2.40,1.50
2011.03.07 09:53:36.317,1.37973,1.37999,1.47,1.50
2011.03.07 09:53:36.539,1.3798,1.37999,1.65,1.50
2011.03.07 09:53:37.095,1.37978,1.37999,2.40,1.50
2011.03.07 09:53:39.176,1.37976,1.37999,2.40,1.50
2011.03.07 09:53:39.729,1.3798,1.38001,1.65,1.50
2011.03.07 09:53:40.065,1.3798,1.38001,2.40,1.50
2011.03.07 09:53:40.287,1.37978,1.38001,2.40,1.50
2011.03.07 09:53:43.086,1.37978,1.38001,2.40,1.50
2011.03.07 09:53:43.416,1.3798,1.38001,1.65,1.50
2011.03.07 09:53:43.636,1.37978,1.38001,2.40,1.50
2011.03.07 09:53:45.551,1.37977,1.38001,1.47,1.50
2011.03.07 09:53:46.106,1.37977,1.38001,1.47,1.50
2011.03.07 09:53:47.644,1.37977,1.38001,1.47,1.50
2011.03.07 09:53:48.475,1.37977,1.38001,1.47,1.50
2011.03.07 09:53:51.361,1.37977,1.38001,1.47,1.50
2011.03.07 09:53:51.805,1.37977,1.38001,1.47,1.50
2011.03.07 09:53:52.230,1.3798,1.38001,1.65,1.50
2011.03.07 09:53:52.458,1.37978,1.38001,1.65,1.50
2011.03.07 09:53:52.567,1.37981,1.38001,1.65,1.50
2011.03.07 09:53:52.899,1.37977,1.38001,2.37,1.50
2011.03.07 09:53:53.237,1.37979,1.37997,1.65,1.50
2011.03.07 09:53:53.676,1.37977,1.37997,2.40,1.50
2011.03.07 09:53:54.116,1.3798,1.37997,1.65,1.50
2011.03.07 09:53:54.227,1.37979,1.37997,1.65,1.50
2011.03.07 09:53:54.447,1.37979,1.37997,1.65,1.50
2011.03.07 09:53:54.556,1.37972,1.37997,3.12,1.50
2011.03.07 09:53:54.775,1.37972,1.37997,2.37,1.50
2011.03.07 09:53:56.057,1.37973,1.37997,1.47,1.50
2011.03.07 09:53:56.449,1.37977,1.38,1.65,2.25
2011.03.07 09:53:56.676,1.37977,1.38002,1.65,1.50
2011.03.07 09:53:57.522,1.37977,1.38002,1.65,1.50
2011.03.07 09:53:58.076,1.37976,1.38002,2.37,1.50
2011.03.07 09:53:58.188,1.37977,1.38002,1.65,1.50
2011.03.07 09:54:00.125,1.37978,1.38002,1.65,1.50
2011.03.07 09:54:00.676,1.37977,1.38002,2.40,1.50
2011.03.07 09:54:01.226,1.37977,1.38002,2.40,1.50
2011.03.07 09:54:01.449,1.37978,1.38002,2.40,1.50
2011.03.07 09:54:01.678,1.37977,1.38002,2.40,1.50
2011.03.07 09:54:02.225,1.37977,1.38002,1.65,1.50
2011.03.07 09:54:02.556,1.37977,1.38002,1.65,1.50
2011.03.07 09:54:02.666,1.37978,1.38002,1.65,1.50
2011.03.07 09:54:02.776,1.37976,1.38002,3.12,1.50
2011.03.07 09:54:02.886,1.37978,1.38002,1.65,1.50
2011.03.07 09:54:02.996,1.37976,1.38002,2.37,1.50
2011.03.07 09:54:03.272,1.37974,1.38002,3.87,1.58
2011.03.07 09:54:04.757,1.37976,1.38002,1.47,1.50
2011.03.07 09:54:05.086,1.37982,1.38002,1.65,1.50
2011.03.07 09:54:05.457,1.37988,1.38002,1.65,1.50
2011.03.07 09:54:05.789,1.37988,1.38006,1.65,1.50
2011.03.07 09:54:06.016,1.37983,1.38006,1.65,1.50
2011.03.07 09:54:06.457,1.37985,1.38006,1.65,1.50
2011.03.07 09:54:06.788,1.37984,1.38006,1.65,1.50
2011.03.07 09:54:06.897,1.37984,1.38006,1.65,1.50
2011.03.07 09:54:07.118,1.37985,1.38,1.65,1.50
2011.03.07 09:54:07.226,1.37974,1.38,1.47,1.50
2011.03.07 09:54:07.847,1.37973,1.38,1.47,1.50
2011.03.07 09:54:07.963,1.37972,1.38,1.47,1.50
2011.03.07 09:54:08.299,1.37977,1.38,1.65,1.50
2011.03.07 09:54:08.856,1.37976,1.38,1.65,1.50
2011.03.07 09:54:09.189,1.37977,1.38,1.65,1.50
2011.03.07 09:54:09.748,1.37976,1.38,2.40,1.50
2011.03.07 09:54:09.970,1.37976,1.38,2.40,1.50
2011.03.07 09:54:10.525,1.37976,1.38,2.40,1.50
2011.03.07 09:54:11.736,1.37977,1.38004,1.47,1.50
2011.03.07 09:54:12.177,1.37977,1.38004,1.47,1.50
2011.03.07 09:54:12.685,1.37977,1.37999,1.65,1.50
2011.03.07 09:54:12.799,1.37974,1.37999,3.12,1.50
2011.03.07 09:54:13.955,1.37975,1.37999,3.12,1.50
2011.03.07 09:54:14.066,1.37975,1.38002,3.12,2.25
2011.03.07 09:54:14.176,1.37976,1.38002,3.12,1.50
2011.03.07 09:54:19.036,1.37976,1.38002,1.47,1.50
2011.03.07 09:54:19.421,1.37975,1.38001,2.37,2.25
2011.03.07 09:54:19.544,1.37968,1.37998,1.47,2.40
2011.03.07 09:54:20.099,1.37968,1.37994,1.47,1.50
2011.03.07 09:54:20.437,1.3797,1.37998,1.47,1.50
2011.03.07 09:54:20.546,1.37972,1.37998,1.47,1.50
2011.03.07 09:54:20.657,1.3798,1.37998,1.65,1.50
2011.03.07 09:54:20.985,1.3798,1.37998,1.65,1.50
2011.03.07 09:54:21.095,1.3798,1.37998,1.65,1.50
2011.03.07 09:54:21.654,1.3798,1.37998,1.65,1.50
2011.03.07 09:54:24.346,1.37973,1.37998,2.40,1.50
2011.03.07 09:54:26.496,1.37975,1.37998,1.65,1.50
2011.03.07 09:54:27.046,1.37975,1.37998,2.40,1.50
2011.03.07 09:54:28.505,1.37973,1.37998,2.40,1.50
2011.03.07 09:54:30.017,1.37975,1.38001,3.12,2.44
2011.03.07 09:54:30.237,1.3797,1.37996,1.47,1.50
2011.03.07 09:54:32.266,1.37971,1.37996,1.47,1.50
2011.03.07 09:54:32.706,1.37971,1.37996,1.47,1.50
2011.03.07 09:54:33.256,1.37972,1.37996,1.47,1.50
2011.03.07 09:54:34.356,1.37972,1.37996,1.47,1.50
2011.03.07 09:54:34.995,1.37972,1.37996,3.12,1.50
2011.03.07 09:54:36.206,1.37974,1.38,1.47,1.69
2011.03.07 09:54:36.784,1.37973,1.38,1.47,1.69
2011.03.07 09:54:38.467,1.37972,1.37999,3.87,1.69
2011.03.07 09:54:38.797,1.37969,1.37993,2.22,2.40
2011.03.07 09:54:38.909,1.3797,1.37996,3.12,1.50
2011.03.07 09:54:39.250,1.37973,1.38,2.22,1.50
2011.03.07 09:54:39.585,1.37974,1.38,1.47,1.50
2011.03.07 09:54:40.107,1.37974,1.38,1.47,1.50
2011.03.07 09:54:40.329,1.37974,1.38,3.12,1.50
2011.03.07 09:54:42.887,1.37974,1.38,1.47,1.50
2011.03.07 09:54:43.239,1.37974,1.38,1.47,1.50
2011.03.07 09:54:43.687,1.37974,1.38,1.47,1.50
2011.03.07 09:54:44.257,1.37974,1.38,1.47,1.50
2011.03.07 09:54:44.477,1.37974,1.38,3.12,1.50
2011.03.07 09:54:44.695,1.37974,1.38,1.47,1.50
2011.03.07 09:54:45.246,1.37974,1.38,1.47,1.50
2011.03.07 09:54:45.575,1.37974,1.38,1.47,1.50
2011.03.07 09:54:46.126,1.37974,1.38,1.47,1.50
2011.03.07 09:54:46.236,1.37974,1.38,1.47,1.50
2011.03.07 09:54:46.516,1.37974,1.38,1.47,1.50
2011.03.07 09:54:46.978,1.37974,1.38,1.47,1.50
2011.03.07 09:54:47.085,1.37974,1.38,1.47,1.50
2011.03.07 09:54:48.555,1.37974,1.38,1.47,1.50
2011.03.07 09:54:48.775,1.37974,1.38,1.47,1.50
2011.03.07 09:54:49.325,1.37974,1.38,1.47,1.50
2011.03.07 09:54:49.546,1.37974,1.38,2.37,1.69
2011.03.07 09:54:49.769,1.3797,1.37996,1.47,1.50
2011.03.07 09:54:49.887,1.3797,1.37996,1.47,1.50
2011.03.07 09:54:51.562,1.37975,1.37996,1.65,1.50
2011.03.07 09:54:51.679,1.37975,1.37996,1.65,1.50
2011.03.07 09:54:51.797,1.37974,1.37996,1.65,1.50
2011.03.07 09:54:53.151,1.37974,1.37996,1.65,1.50
2011.03.07 09:54:53.673,1.37974,1.37996,1.65,1.50
2011.03.07 09:54:53.789,1.37974,1.37996,2.40,1.50
2011.03.07 09:54:54.017,1.37978,1.37996,1.65,1.50
2011.03.07 09:54:54.345,1.37975,1.37996,1.65,1.50
2011.03.07 09:54:54.895,1.37974,1.37996,1.65,1.50
2011.03.07 09:54:55.006,1.37974,1.37996,2.40,1.50
2011.03.07 09:54:55.337,1.37983,1.37996,1.65,1.50
2011.03.07 09:54:55.447,1.37975,1.37996,1.65,1.50
2011.03.07 09:54:56.447,1.37973,1.37996,2.40,1.50
2011.03.07 09:54:56.666,1.37973,1.37998,2.40,2.25
2011.03.07 09:54:57.216,1.37973,1.37998,1.65,2.25
2011.03.07 09:54:57.875,1.37982,1.37998,2.40,1.50
2011.03.07 09:54:57.985,1.37982,1.38001,2.40,1.50
2011.03.07 09:55:01.236,1.37982,1.38001,2.40,1.50
2011.03.07 09:55:02.455,1.37983,1.38005,2.40,1.50
2011.03.07 09:55:03.306,1.37984,1.38005,2.40,1.50
2011.03.07 09:55:03.966,1.37984,1.38005,2.40,1.50
2011.03.07 09:55:06.496,1.37984,1.38005,2.40,1.50
2011.03.07 09:55:07.047,1.37985,1.38005,1.65,1.50
2011.03.07 09:55:07.156,1.37985,1.38005,2.40,1.50
2011.03.07 09:55:07.725,1.37985,1.38005,2.40,1.50
2011.03.07 09:55:10.316,1.37985,1.38005,1.65,1.50
2011.03.07 09:55:10.645,1.37985,1.38005,1.65,1.50
2011.03.07 09:55:11.198,1.37986,1.38005,1.65,1.50
2011.03.07 09:55:11.773,1.37985,1.38005,1.65,1.50
2011.03.07 09:55:11.999,1.37985,1.38005,1.65,1.50
2011.03.07 09:55:12.335,1.37985,1.38005,1.65,1.50
2011.03.07 09:55:12.855,1.37985,1.38005,1.65,1.50
2011.03.07 09:55:13.878,1.37985,1.38005,1.65,1.50
2011.03.07 09:55:14.098,1.3799,1.38005,1.65,1.50
2011.03.07 09:55:14.537,1.3799,1.38008,1.65,1.50
2011.03.07 09:55:14.646,1.37994,1.38008,1.65,1.50
2011.03.07 09:55:17.956,1.37994,1.38011,1.65,1.50
2011.03.07 09:55:18.505,1.37995,1.38011,1.65,1.50
2011.03.07 09:55:18.616,1.37995,1.38011,1.65,1.50
2011.03.07 09:55:19.448,1.37994,1.38011,1.65,1.50
2011.03.07 09:55:20.031,1.37994,1.38011,1.65,1.50
2011.03.07 09:55:24.266,1.37994,1.38011,1.65,1.50
2011.03.07 09:55:24.925,1.37995,1.38011,1.65,1.50
2011.03.07 09:55:25.585,1.37996,1.38011,1.65,1.50
2011.03.07 09:55:26.467,1.37987,1.38011,3.12,1.50
2011.03.07 09:55:26.579,1.37987,1.38011,2.37,1.50
2011.03.07 09:55:27.136,1.37988,1.38011,1.65,1.50
2011.03.07 09:55:30.526,1.37987,1.38011,2.37,1.50
2011.03.07 09:55:30.636,1.37989,1.38011,1.65,1.50
2011.03.07 09:55:30.965,1.37993,1.38011,1.65,1.50
2011.03.07 09:55:31.079,1.37993,1.38013,1.65,1.50
2011.03.07 09:55:31.186,1.37993,1.38014,1.65,1.50
2011.03.07 09:55:31.296,1.37991,1.38014,1.65,1.50
2011.03.07 09:55:31.406,1.37993,1.38014,1.65,1.50
2011.03.07 09:55:31.627,1.37988,1.38014,2.22,1.50
2011.03.07 09:55:31.846,1.37989,1.38014,2.37,1.58
2011.03.07 09:55:32.177,1.37989,1.38014,2.37,1.50
2011.03.07 09:55:32.287,1.37993,1.38014,1.65,1.50
2011.03.07 09:55:35.225,1.37993,1.38015,1.65,1.50
2011.03.07 09:55:36.651,1.37999,1.38017,1.65,1.50
2011.03.07 09:55:36.996,1.37999,1.38017,1.65,1.50
2011.03.07 09:55:37.656,1.38001,1.38017,1.65,1.50
2011.03.07 09:55:38.787,1.38001,1.38017,1.65,1.50
2011.03.07 09:55:39.118,1.37995,1.38017,1.65,1.50
2011.03.07 09:55:39.227,1.38001,1.38017,1.65,1.50
2011.03.07 09:55:39.335,1.37995,1.38017,1.65,1.50
2011.03.07 09:55:39.887,1.38001,1.38017,1.65,1.50
2011.03.07 09:55:39.996,1.37998,1.38017,1.65,1.50
2011.03.07 09:55:40.215,1.37996,1.38017,1.65,1.50
2011.03.07 09:55:40.766,1.37996,1.38017,1.65,1.50
2011.03.07 09:55:42.137,1.37996,1.38017,1.65,1.50
2011.03.07 09:55:42.356,1.37997,1.38017,1.65,1.50
2011.03.07 09:55:42.687,1.37999,1.38017,1.65,1.50
2011.03.07 09:55:42.796,1.37998,1.38017,1.65,1.50
2011.03.07 09:55:42.906,1.37996,1.38017,1.65,1.50
2011.03.07 09:55:43.016,1.37998,1.38017,1.65,1.50
2011.03.07 09:55:43.542,1.37997,1.38017,1.65,1.50
2011.03.07 09:55:43.878,1.37996,1.38017,1.65,1.50
2011.03.07 09:55:44.317,1.37998,1.38017,1.65,1.50
2011.03.07 09:55:44.537,1.37995,1.38017,2.40,1.50
2011.03.07 09:55:44.646,1.37999,1.38017,1.65,1.50
2011.03.07 09:55:44.978,1.37997,1.38017,1.65,1.50
2011.03.07 09:55:45.089,1.37991,1.38017,1.47,1.50
2011.03.07 09:55:45.208,1.37991,1.38017,1.47,1.50
2011.03.07 09:55:46.197,1.37992,1.38017,1.47,1.50
2011.03.07 09:55:46.527,1.37996,1.38017,1.65,1.50
2011.03.07 09:55:46.746,1.37996,1.38017,1.65,1.50
2011.03.07 09:55:47.076,1.37999,1.38017,1.65,1.50
2011.03.07 09:55:47.187,1.37997,1.38017,1.65,1.50
2011.03.07 09:55:47.298,1.37998,1.38017,1.65,1.50
2011.03.07 09:55:47.848,1.37995,1.38017,1.65,1.50
2011.03.07 09:55:47.956,1.37995,1.38017,1.65,1.50
2011.03.07 09:55:48.932,1.37994,1.38017,1.65,1.50
2011.03.07 09:55:49.052,1.37999,1.38017,1.65,1.50
2011.03.07 09:55:49.278,1.37997,1.38015,1.65,1.50
2011.03.07 09:55:49.388,1.37999,1.38015,1.65,1.50
2011.03.07 09:55:49.937,1.38001,1.38015,1.65,1.50
2011.03.07 09:55:50.047,1.37998,1.38015,1.65,1.50
2011.03.07 09:55:50.267,1.37999,1.38015,1.65,1.50
2011.03.07 09:55:50.706,1.38,1.38015,1.65,1.50
2011.03.07 09:55:50.926,1.38002,1.38015,1.65,1.50
2011.03.07 09:55:51.035,1.38,1.38015,1.65,1.50
2011.03.07 09:55:51.255,1.38002,1.38015,1.65,1.50
2011.03.07 09:55:51.696,1.38,1.38015,1.65,1.50
2011.03.07 09:55:52.246,1.38,1.38015,1.65,1.50
2011.03.07 09:55:52.795,1.38001,1.38018,1.65,1.50
2011.03.07 09:55:53.146,1.38001,1.38018,1.65,1.50
2011.03.07 09:55:53.368,1.37994,1.38018,2.40,1.50
2011.03.07 09:55:53.476,1.37997,1.38018,1.65,1.50
2011.03.07 09:55:53.705,1.37995,1.38018,2.40,1.50
2011.03.07 09:55:53.929,1.37993,1.38015,1.65,1.50
2011.03.07 09:55:54.488,1.37995,1.38015,1.65,1.50
2011.03.07 09:55:54.596,1.37995,1.38015,1.65,1.50
2011.03.07 09:55:54.818,1.37993,1.38015,1.65,1.50
2011.03.07 09:55:54.927,1.37994,1.38015,1.65,1.50
2011.03.07 09:55:55.038,1.37992,1.38015,1.65,1.50
2011.03.07 09:55:55.366,1.37995,1.38015,1.65,1.50
2011.03.07 09:55:55.478,1.37992,1.38015,1.65,1.50
2011.03.07 09:55:55.696,1.37992,1.38015,2.40,1.50
2011.03.07 09:55:57.637,1.37992,1.38015,1.65,1.58
2011.03.07 09:55:57.858,1.3799,1.3801,1.65,1.50
2011.03.07 09:55:58.406,1.37989,1.3801,2.40,1.50
2011.03.07 09:56:00.807,1.37989,1.3801,1.65,1.50
2011.03.07 09:56:01.308,1.37988,1.3801,2.40,1.50
2011.03.07 09:56:01.636,1.37986,1.3801,3.12,1.50
2011.03.07 09:56:02.351,1.37986,1.3801,2.37,1.50
2011.03.07 09:56:02.689,1.37984,1.3801,2.37,3.08
2011.03.07 09:56:02.808,1.37984,1.38003,1.65,1.50
2011.03.07 09:56:02.922,1.37978,1.38003,3.12,1.50
2011.03.07 09:56:03.257,1.37972,1.37991,1.47,2.40
2011.03.07 09:56:03.369,1.37971,1.37986,1.47,1.65
2011.03.07 09:56:03.490,1.37972,1.37998,1.47,1.50
2011.03.07 09:56:03.607,1.37977,1.38,1.50,1.50
2011.03.07 09:56:03.717,1.37978,1.38002,1.47,2.25
2011.03.07 09:56:04.046,1.37978,1.38002,1.47,2.25
2011.03.07 09:56:04.487,1.37978,1.38002,1.47,2.25
2011.03.07 09:56:05.875,1.37978,1.38002,1.47,2.25
2011.03.07 09:56:06.427,1.37982,1.38004,1.47,2.25
2011.03.07 09:56:06.976,1.37982,1.38006,1.47,1.50
2011.03.07 09:56:07.417,1.37982,1.38006,1.47,1.50
2011.03.07 09:56:07.746,1.37984,1.38006,1.50,1.50
2011.03.07 09:56:08.688,1.37985,1.38007,1.47,2.25
2011.03.07 09:56:09.017,1.37987,1.38009,2.22,2.25
2011.03.07 09:56:09.425,1.37997,1.38009,1.50,1.50
2011.03.07 09:56:10.229,1.37997,1.3801,2.25,3.15
2011.03.07 09:56:10.495,1.37988,1.3801,1.47,2.40
2011.03.07 09:56:11.928,1.37988,1.3801,1.47,3.90
2011.03.07 09:56:12.039,1.37989,1.38008,1.47,2.25
2011.03.07 09:56:12.259,1.37996,1.3801,1.50,1.65
2011.03.07 09:56:12.488,1.37996,1.38015,1.50,3.00
2011.03.07 09:56:12.705,1.37996,1.38015,1.50,3.00
2011.03.07 09:56:14.721,1.37996,1.38015,1.50,3.00
2011.03.07 09:56:15.616,1.3799,1.38013,1.50,1.50
2011.03.07 09:56:15.725,1.37989,1.38013,3.12,1.50
2011.03.07 09:56:16.307,1.37989,1.38013,3.12,1.50
2011.03.07 09:56:17.727,1.37989,1.38013,2.37,1.50
2011.03.07 09:56:18.237,1.37989,1.38011,1.47,2.25
2011.03.07 09:56:20.006,1.37989,1.38011,1.47,2.25
2011.03.07 09:56:25.815,1.37987,1.38012,2.22,2.25
2011.03.07 09:56:26.147,1.37988,1.38012,1.47,2.25
2011.03.07 09:56:26.917,1.37989,1.38012,1.47,2.25
2011.03.07 09:56:27.140,1.37989,1.38012,1.47,2.25
2011.03.07 09:56:27.366,1.37989,1.38012,1.47,2.25
2011.03.07 09:56:28.136,1.37989,1.38012,1.47,2.25
2011.03.07 09:56:31.767,1.37985,1.38009,1.47,1.50
2011.03.07 09:56:32.161,1.37981,1.38006,2.40,1.50
2011.03.07 09:56:32.278,1.37981,1.38006,2.40,1.50
2011.03.07 09:56:32.499,1.37982,1.38006,2.40,1.50
2011.03.07 09:56:33.136,1.37984,1.38006,2.40,3.00
2011.03.07 09:56:33.466,1.37984,1.38006,1.65,3.00
2011.03.07 09:56:36.316,1.37984,1.38006,2.40,1.50
2011.03.07 09:56:37.216,1.37984,1.38008,2.40,2.25
2011.03.07 09:56:38.575,1.37983,1.38006,2.40,1.50
2011.03.07 09:56:38.983,1.37983,1.38008,2.40,2.25
2011.03.07 09:56:39.535,1.37983,1.38006,2.40,1.50
2011.03.07 09:56:40.447,1.37983,1.38008,2.40,1.50
2011.03.07 09:56:41.436,1.37983,1.38006,2.40,1.50
2011.03.07 09:56:42.427,1.37982,1.38008,2.40,3.75
2011.03.07 09:56:42.978,1.37983,1.38007,2.40,1.50
2011.03.07 09:56:43.525,1.37983,1.38008,2.40,3.00
2011.03.07 09:56:44.076,1.37984,1.38008,2.40,3.00
2011.03.07 09:56:44.679,1.37983,1.38008,2.40,3.75
2011.03.07 09:56:44.906,1.37985,1.3801,2.40,1.50
2011.03.07 09:56:45.469,1.37984,1.38011,1.47,1.50
2011.03.07 09:56:45.798,1.37984,1.3801,3.12,1.50
2011.03.07 09:56:46.015,1.37984,1.3801,3.12,1.50
2011.03.07 09:56:46.507,1.37984,1.3801,3.12,1.50
2011.03.07 09:56:47.200,1.37984,1.3801,3.12,1.50
2011.03.07 09:56:47.696,1.37984,1.38007,2.40,1.50
2011.03.07 09:56:50.496,1.37984,1.38009,2.40,2.25
2011.03.07 09:56:51.055,1.37984,1.38008,2.40,1.50
2011.03.07 09:56:51.276,1.37984,1.38009,2.40,2.25
2011.03.07 09:56:51.986,1.37986,1.38007,2.40,1.50
2011.03.07 09:56:52.846,1.37986,1.38006,2.40,1.50
2011.03.07 09:56:53.396,1.37982,1.38009,3.12,1.50
2011.03.07 09:56:53.617,1.37988,1.38012,2.40,1.50
2011.03.07 09:56:55.120,1.37988,1.38012,2.40,1.50
2011.03.07 09:56:55.585,1.37988,1.38012,2.40,1.50
2011.03.07 09:56:57.178,1.37988,1.38006,1.65,1.50
2011.03.07 09:56:57.408,1.37985,1.38009,2.40,1.50
2011.03.07 09:56:57.637,1.37985,1.38009,2.40,1.50
2011.03.07 09:56:58.188,1.37987,1.38009,2.40,1.50
2011.03.07 09:56:58.959,1.3799,1.3801,1.65,1.50
2011.03.07 09:56:59.505,1.3799,1.38012,1.65,1.50
2011.03.07 09:57:00.086,1.37989,1.38012,2.40,1.50
2011.03.07 09:57:00.197,1.37989,1.38012,2.40,1.50
2011.03.07 09:57:00.418,1.37989,1.38012,2.40,1.50
2011.03.07 09:57:00.856,1.3799,1.38012,1.65,1.50
2011.03.07 09:57:00.966,1.3799,1.38012,2.40,1.50
2011.03.07 09:57:01.479,1.37993,1.38012,1.69,1.50
2011.03.07 09:57:01.708,1.37995,1.38018,3.15,1.50
2011.03.07 09:57:01.816,1.37993,1.38018,3.87,1.50
2011.03.07 09:57:02.146,1.37993,1.38018,3.12,1.50
2011.03.07 09:57:02.365,1.37993,1.38018,3.12,1.50
2011.03.07 09:57:03.458,1.37993,1.38017,1.65,1.50
2011.03.07 09:57:03.678,1.37991,1.38014,1.47,2.40
2011.03.07 09:57:04.273,1.37994,1.38013,1.65,1.50
2011.03.07 09:57:06.229,1.37991,1.38013,3.12,1.50
2011.03.07 09:57:06.447,1.37991,1.38013,2.40,1.50
2011.03.07 09:57:06.722,1.3799,1.38013,2.40,1.50
2011.03.07 09:57:06.948,1.37986,1.38013,3.12,1.50
2011.03.07 09:57:07.729,1.37984,1.38008,2.40,1.50
2011.03.07 09:57:08.289,1.37987,1.38011,3.12,1.50
2011.03.07 09:57:09.068,1.37987,1.38011,1.47,1.50
2011.03.07 09:57:09.287,1.37987,1.38011,3.12,1.50
2011.03.07 09:57:09.726,1.37987,1.38011,3.12,1.50
2011.03.07 09:57:10.056,1.37987,1.38011,3.12,1.50
2011.03.07 09:57:10.276,1.37987,1.38011,3.12,1.50
2011.03.07 09:57:10.497,1.37987,1.38011,1.47,1.50
2011.03.07 09:57:11.276,1.37987,1.38011,3.12,1.50
2011.03.07 09:57:11.576,1.37987,1.38011,3.12,1.50
2011.03.07 09:57:12.239,1.37987,1.38011,3.12,1.50
2011.03.07 09:57:12.567,1.37987,1.38011,3.12,1.50
2011.03.07 09:57:13.117,1.37987,1.38011,3.12,1.50
2011.03.07 09:57:13.667,1.37987,1.38011,1.47,1.50
2011.03.07 09:57:14.217,1.37988,1.38011,2.40,1.50
2011.03.07 09:57:18.526,1.37987,1.38011,1.47,1.50
2011.03.07 09:57:25.687,1.37984,1.38008,2.40,1.50
2011.03.07 09:57:31.676,1.37985,1.38008,1.47,2.40
2011.03.07 09:57:32.226,1.37985,1.38007,1.47,2.40
2011.03.07 09:57:32.668,1.37985,1.38007,1.47,1.65
2011.03.07 09:57:32.776,1.37986,1.38011,2.40,1.50
2011.03.07 09:57:33.105,1.37986,1.38011,2.40,1.50
2011.03.07 09:57:33.216,1.37986,1.38011,2.40,1.50
2011.03.07 09:57:33.545,1.37986,1.38011,2.40,1.50
2011.03.07 09:57:37.118,1.37986,1.38012,2.40,1.50
2011.03.07 09:57:37.278,1.37986,1.38011,2.40,1.50
2011.03.07 09:57:40.678,1.37986,1.38011,2.40,1.50
2011.03.07 09:57:41.007,1.37987,1.38011,2.40,1.50
2011.03.07 09:57:41.888,1.37988,1.38011,2.40,1.50
2011.03.07 09:57:42.386,1.37988,1.38011,2.40,1.50
2011.03.07 09:57:42.717,1.37987,1.38011,2.40,1.50
2011.03.07 09:57:43.237,1.37992,1.38016,1.65,1.50
2011.03.07 09:57:43.346,1.3799,1.38016,1.47,1.50
2011.03.07 09:57:43.677,1.37991,1.38016,2.40,1.50
2011.03.07 09:57:44.227,1.3799,1.38016,1.47,1.50
2011.03.07 09:57:44.449,1.37991,1.38016,2.40,1.50
2011.03.07 09:57:44.888,1.37989,1.38009,2.22,2.40
2011.03.07 09:57:45.435,1.37987,1.38012,2.40,1.50
2011.03.07 09:57:45.766,1.37987,1.38012,2.40,1.50
2011.03.07 09:57:46.206,1.37987,1.38012,2.40,1.50
2011.03.07 09:57:46.647,1.37988,1.38012,2.40,1.50
2011.03.07 09:57:47.307,1.37988,1.38012,2.40,1.50
2011.03.07 09:57:48.375,1.37988,1.38012,2.40,1.50
2011.03.07 09:57:49.466,1.37988,1.38012,2.40,1.50
2011.03.07 09:57:49.796,1.37988,1.38012,2.40,1.50
2011.03.07 09:57:50.367,1.37989,1.38012,2.40,1.50
2011.03.07 09:57:51.633,1.37989,1.38012,2.40,1.50
2011.03.07 09:57:51.966,1.37989,1.38012,2.40,1.50
2011.03.07 09:57:52.187,1.37987,1.38012,2.40,1.50
2011.03.07 09:57:53.476,1.37987,1.38012,2.40,1.50
2011.03.07 09:57:55.008,1.37987,1.38013,2.59,1.50
2011.03.07 09:57:55.362,1.37988,1.38012,2.40,1.50
2011.03.07 09:57:56.685,1.37988,1.38012,2.40,1.50
2011.03.07 09:57:57.236,1.37988,1.38012,2.40,1.50
2011.03.07 09:57:57.566,1.37988,1.38012,2.40,1.50
2011.03.07 09:57:58.267,1.37988,1.38012,2.40,1.50
2011.03.07 09:58:05.240,1.37989,1.38013,1.50,1.50
2011.03.07 09:58:05.797,1.37997,1.38018,1.65,1.50
2011.03.07 09:58:05.906,1.37997,1.38019,2.40,1.50
2011.03.07 09:58:07.188,1.37997,1.38019,2.40,1.50
2011.03.07 09:58:08.345,1.37994,1.38019,1.47,1.50
2011.03.07 09:58:10.187,1.37992,1.38019,2.40,1.50
2011.03.07 09:58:10.955,1.37991,1.38013,1.47,1.50
2011.03.07 09:58:12.445,1.37991,1.38013,1.47,1.50
2011.03.07 09:58:13.039,1.37991,1.38013,1.47,1.50
2011.03.07 09:58:13.379,1.37993,1.38014,2.40,1.50
2011.03.07 09:58:13.606,1.37993,1.38013,2.40,1.50
2011.03.07 09:58:14.047,1.37992,1.38013,2.40,1.50
2011.03.07 09:58:14.377,1.37995,1.38014,2.40,1.50
2011.03.07 09:58:14.488,1.37995,1.38017,2.40,1.50
2011.03.07 09:58:14.945,1.37995,1.38017,1.65,1.50
2011.03.07 09:58:15.057,1.37991,1.38017,3.12,1.50
2011.03.07 09:58:15.667,1.37994,1.38017,2.40,1.50
2011.03.07 09:58:16.799,1.37993,1.38017,2.40,1.50
2011.03.07 09:58:17.426,1.37995,1.38017,2.40,1.50
2011.03.07 09:58:17.646,1.37996,1.38017,2.40,1.50
2011.03.07 09:58:18.815,1.37995,1.38017,2.40,1.50
2011.03.07 09:58:19.476,1.37996,1.38017,2.40,1.50
2011.03.07 09:58:20.716,1.37996,1.38017,1.65,1.50
2011.03.07 09:58:20.828,1.37991,1.38017,1.47,1.50
2011.03.07 09:58:22.876,1.37991,1.38015,1.47,2.40
2011.03.07 09:58:22.989,1.37991,1.38013,1.47,1.50
2011.03.07 09:58:24.955,1.37991,1.38013,1.47,1.50
2011.03.07 09:58:27.467,1.37991,1.38013,1.47,1.50
2011.03.07 09:58:27.796,1.37991,1.38013,1.47,1.50
2011.03.07 09:58:28.330,1.37987,1.38013,3.12,2.40
2011.03.07 09:58:28.671,1.37988,1.38014,2.40,3.15
2011.03.07 09:58:28.898,1.37987,1.38014,3.12,1.50
2011.03.07 09:58:29.447,1.37989,1.38014,2.40,1.50
2011.03.07 09:58:29.776,1.37988,1.38014,2.40,1.50
2011.03.07 09:58:30.326,1.37988,1.38014,2.40,1.50
2011.03.07 09:58:32.236,1.37992,1.38013,1.47,1.50
2011.03.07 09:58:32.567,1.37996,1.38015,2.40,1.50
2011.03.07 09:58:32.679,1.37992,1.38015,1.47,2.40
2011.03.07 09:58:33.570,1.37992,1.38015,1.47,2.40
2011.03.07 09:58:34.911,1.37992,1.38016,1.47,3.15
2011.03.07 09:58:35.467,1.37992,1.38016,1.47,1.50
2011.03.07 09:58:36.021,1.37992,1.38015,1.47,2.40
2011.03.07 09:58:36.686,1.37992,1.38015,1.47,2.40
2011.03.07 09:58:37.016,1.37992,1.38013,1.47,1.50
2011.03.07 09:58:37.897,1.37992,1.38013,1.47,1.50
2011.03.07 09:58:38.687,1.37989,1.38013,2.22,1.50
2011.03.07 09:58:39.127,1.37987,1.38011,1.47,2.40
2011.03.07 09:58:39.347,1.37989,1.38014,2.40,1.50
2011.03.07 09:58:48.587,1.3799,1.38014,1.47,3.15
2011.03.07 09:58:49.135,1.3799,1.38014,1.47,3.15
2011.03.07 09:58:49.435,1.3799,1.38014,1.47,3.15
2011.03.07 09:58:49.766,1.37987,1.38013,1.47,1.50
2011.03.07 09:58:49.986,1.37987,1.38013,1.47,1.50
2011.03.07 09:58:50.316,1.37987,1.38013,1.47,3.15
2011.03.07 09:58:50.645,1.37987,1.38013,3.12,3.15
2011.03.07 09:58:50.755,1.37987,1.38013,3.12,3.15
2011.03.07 09:58:51.040,1.37987,1.38013,3.12,1.50
2011.03.07 09:58:51.486,1.37992,1.38014,2.40,1.50
2011.03.07 09:58:51.596,1.37992,1.38013,2.40,1.50
2011.03.07 09:58:52.219,1.37992,1.38013,2.40,1.50
2011.03.07 09:58:53.456,1.37992,1.38013,2.40,1.50
2011.03.07 09:58:53.896,1.37993,1.38013,2.40,1.50
2011.03.07 09:58:54.665,1.37994,1.38013,1.65,1.50
2011.03.07 09:58:54.997,1.37994,1.38013,2.40,1.50
2011.03.07 09:58:56.458,1.37994,1.38013,1.65,1.50
2011.03.07 09:58:56.787,1.37992,1.38013,1.65,1.50
2011.03.07 09:58:57.168,1.37994,1.38013,2.40,1.50
2011.03.07 09:58:57.659,1.37993,1.38013,2.40,1.50
2011.03.07 09:58:58.328,1.37992,1.38013,2.40,1.50
2011.03.07 09:58:58.547,1.37993,1.38013,2.40,1.50
2011.03.07 09:59:00.396,1.38001,1.38013,1.65,1.50
2011.03.07 09:59:00.947,1.38,1.38015,1.65,1.50
2011.03.07 09:59:01.606,1.38001,1.38015,1.65,1.50
2011.03.07 09:59:01.826,1.37999,1.38015,1.65,1.50
2011.03.07 09:59:01.937,1.38001,1.38015,1.65,1.50
2011.03.07 09:59:02.706,1.38,1.38015,2.40,1.50
2011.03.07 09:59:03.477,1.38001,1.38015,1.65,1.50
2011.03.07 09:59:03.990,1.38003,1.38015,1.65,1.50
2011.03.07 09:59:04.110,1.37995,1.38018,2.40,1.50
2011.03.07 09:59:04.229,1.37995,1.38016,2.40,1.50
2011.03.07 09:59:07.317,1.38002,1.38016,1.65,1.50
2011.03.07 09:59:07.428,1.38002,1.38018,2.40,1.50
2011.03.07 09:59:07.976,1.38003,1.38018,1.65,1.50
2011.03.07 09:59:08.087,1.38001,1.38018,1.65,1.50
2011.03.07 09:59:08.196,1.38003,1.38018,1.65,1.50
2011.03.07 09:59:08.417,1.38001,1.38017,1.65,1.50
2011.03.07 09:59:08.966,1.38002,1.38018,1.65,2.25
2011.03.07 09:59:09.516,1.38001,1.38016,1.65,1.50
2011.03.07 09:59:10.096,1.38002,1.38017,1.65,1.50
2011.03.07 09:59:10.318,1.38004,1.38017,1.65,1.50
2011.03.07 09:59:10.427,1.38002,1.38017,1.65,1.50
2011.03.07 09:59:10.536,1.38004,1.38017,1.65,1.50
2011.03.07 09:59:10.646,1.38002,1.38017,1.65,1.50
2011.03.07 09:59:13.216,1.38001,1.38017,1.65,1.50
2011.03.07 09:59:14.666,1.38003,1.38018,1.65,1.50
2011.03.07 09:59:15.266,1.38004,1.38018,1.65,1.50
2011.03.07 09:59:15.816,1.38003,1.38018,1.65,2.25
2011.03.07 09:59:21.857,1.38005,1.38017,1.65,1.50
2011.03.07 09:59:22.406,1.38006,1.38018,1.65,2.25
2011.03.07 09:59:22.517,1.38006,1.38021,1.65,1.50
2011.03.07 09:59:23.369,1.38006,1.38021,1.65,1.50
2011.03.07 09:59:23.588,1.38004,1.38021,1.65,1.50
2011.03.07 09:59:23.807,1.38006,1.38021,1.65,1.50
2011.03.07 09:59:27.576,1.38006,1.38021,1.65,1.50
2011.03.07 09:59:31.467,1.38006,1.38021,1.65,1.50
2011.03.07 09:59:32.125,1.38005,1.38021,1.65,1.50
2011.03.07 09:59:33.326,1.38005,1.38021,1.65,1.50
2011.03.07 09:59:33.866,1.38006,1.38021,1.65,1.50
2011.03.07 09:59:34.466,1.38006,1.38021,1.65,1.50
2011.03.07 09:59:37.886,1.38006,1.38021,1.65,1.50
2011.03.07 09:59:38.218,1.38004,1.38021,1.65,1.50
2011.03.07 09:59:38.437,1.38005,1.38021,1.65,1.50
2011.03.07 09:59:39.407,1.38003,1.38018,1.65,1.50
2011.03.07 09:59:39.736,1.38007,1.38018,1.65,1.50
2011.03.07 09:59:39.957,1.38005,1.38018,1.65,1.50
2011.03.07 09:59:40.176,1.38007,1.38018,1.65,1.50
2011.03.07 09:59:40.286,1.38005,1.38018,1.65,1.50
2011.03.07 09:59:40.506,1.38007,1.38018,1.65,1.50
2011.03.07 09:59:41.166,1.38005,1.38018,1.65,1.50
2011.03.07 09:59:41.716,1.38006,1.38019,1.65,1.50
2011.03.07 09:59:42.156,1.38004,1.38017,1.65,1.50
2011.03.07 09:59:42.706,1.38003,1.38017,1.65,1.50
2011.03.07 09:59:42.926,1.38005,1.38017,1.65,1.50
2011.03.07 09:59:43.258,1.38,1.38017,1.65,1.50
2011.03.07 09:59:43.807,1.37998,1.38014,1.65,1.50
2011.03.07 09:59:44.902,1.37997,1.38012,1.65,1.50
2011.03.07 09:59:45.567,1.37994,1.38011,2.40,1.50
2011.03.07 09:59:46.118,1.37995,1.38012,1.65,2.25
2011.03.07 09:59:48.726,1.37997,1.38012,1.65,2.25
2011.03.07 09:59:50.047,1.37985,1.38012,1.47,2.25
2011.03.07 09:59:50.267,1.37984,1.38011,1.47,1.50
2011.03.07 09:59:50.376,1.37988,1.38011,2.40,1.50
2011.03.07 09:59:50.596,1.37988,1.38008,1.65,1.50
2011.03.07 09:59:51.145,1.37983,1.38007,2.40,1.50
2011.03.07 09:59:51.829,1.37983,1.38007,2.40,1.50
2011.03.07 09:59:54.397,1.37983,1.38006,2.40,1.69
2011.03.07 09:59:54.728,1.37981,1.37996,1.47,1.65
2011.03.07 09:59:54.838,1.37978,1.37999,1.47,2.40
2011.03.07 09:59:55.277,1.37978,1.37997,1.47,1.65
2011.03.07 09:59:56.297,1.37978,1.37997,1.47,1.65
2011.03.07 09:59:56.627,1.37978,1.37997,1.47,1.65
2011.03.07 09:59:56.847,1.37978,1.38002,1.47,2.44
2011.03.07 09:59:57.287,1.37976,1.38,1.47,2.40
2011.03.07 09:59:57.507,1.37985,1.38007,2.40,1.50
2011.03.07 09:59:57.801,1.37983,1.38007,3.12,1.50
2011.03.07 09:59:58.139,1.37986,1.38012,1.47,2.40
2011.03.07 09:59:58.468,1.37994,1.38017,2.40,1.50
2011.03.07 09:59:59.006,1.37994,1.38017,2.40,1.50
2011.03.07 09:59:59.336,1.37994,1.38019,2.40,2.25
2011.03.07 09:59:59.668,1.38006,1.38019,1.65,2.25
2011.03.07 09:59:59.778,1.38006,1.38023,1.65,1.50
