2011.03.25 03:00:03.557,1.38898,1.38921,1.45,2.25
2011.03.25 03:00:20.353,1.38898,1.38919,1.45,1.50
2011.03.25 03:00:20.855,1.38893,1.38917,2.20,1.50
2011.03.25 03:00:21.339,1.38893,1.38915,1.50,1.50
2011.03.25 03:00:21.887,1.38893,1.38913,1.50,1.50
2011.03.25 03:00:22.948,1.38893,1.38912,1.50,1.50
2011.03.25 03:00:23.496,1.38893,1.38912,1.50,1.50
2011.03.25 03:00:25.938,1.38893,1.38909,1.50,1.50
2011.03.25 03:00:26.857,1.38893,1.38913,1.50,1.50
2011.03.25 03:00:28.467,1.38893,1.38913,1.50,1.50
2011.03.25 03:00:30.408,1.38893,1.38913,1.50,1.50
2011.03.25 03:00:32.779,1.38886,1.38912,1.45,1.50
2011.03.25 03:00:32.997,1.38886,1.38912,1.45,1.50
2011.03.25 03:00:36.438,1.38886,1.38912,1.45,1.50
2011.03.25 03:00:36.551,1.38887,1.38913,1.13,1.50
2011.03.25 03:00:37.106,1.38886,1.38912,1.83,1.50
2011.03.25 03:00:37.608,1.38886,1.38912,1.08,1.50
2011.03.25 03:00:37.828,1.38885,1.38912,1.45,1.50
2011.03.25 03:00:38.379,1.38883,1.38913,1.28,2.25
2011.03.25 03:00:38.487,1.38883,1.38911,1.28,1.50
2011.03.25 03:00:39.566,1.38881,1.38907,1.45,1.50
2011.03.25 03:00:39.898,1.38883,1.38907,1.13,1.50
2011.03.25 03:00:40.012,1.38883,1.38909,1.13,1.50
2011.03.25 03:00:40.130,1.38886,1.38911,1.08,1.50
2011.03.25 03:00:40.687,1.38886,1.38913,1.08,2.25
2011.03.25 03:00:41.151,1.38886,1.3891,1.08,1.50
2011.03.25 03:00:41.271,1.38883,1.3891,1.45,1.50
2011.03.25 03:00:41.500,1.38881,1.38907,2.05,1.50
2011.03.25 03:00:43.987,1.38879,1.38903,1.13,1.50
2011.03.25 03:00:44.210,1.38876,1.38901,1.45,1.50
2011.03.25 03:00:44.746,1.38877,1.38901,1.45,1.50
2011.03.25 03:00:45.189,1.38877,1.38901,1.45,1.50
2011.03.25 03:00:45.561,1.38875,1.38901,1.83,1.50
2011.03.25 03:00:45.975,1.38873,1.38896,1.73,1.50
2011.03.25 03:00:46.482,1.38875,1.38896,1.13,1.50
2011.03.25 03:00:47.828,1.38872,1.38896,1.08,1.50
2011.03.25 03:00:47.938,1.38871,1.38896,1.45,1.50
2011.03.25 03:00:48.268,1.38872,1.38896,1.45,1.50
2011.03.25 03:00:48.597,1.38868,1.38891,1.13,1.50
2011.03.25 03:00:48.817,1.38868,1.38889,1.13,1.50
2011.03.25 03:00:49.147,1.38861,1.38884,1.13,1.50
2011.03.25 03:00:49.366,1.38861,1.38885,1.28,1.50
2011.03.25 03:00:49.918,1.38861,1.38884,1.13,1.50
2011.03.25 03:00:55.916,1.38861,1.38884,1.13,1.50
2011.03.25 03:00:58.327,1.38862,1.38888,1.45,1.50
2011.03.25 03:00:59.676,1.38866,1.38891,1.83,1.50
2011.03.25 03:01:00.006,1.38867,1.38891,1.45,1.50
2011.03.25 03:01:04.529,1.38869,1.38891,1.35,1.50
2011.03.25 03:01:04.858,1.38876,1.38904,1.83,1.50
2011.03.25 03:01:05.079,1.38881,1.38904,1.45,1.50
2011.03.25 03:01:05.516,1.38881,1.38905,1.45,1.50
2011.03.25 03:01:06.109,1.38881,1.38905,1.45,1.50
2011.03.25 03:01:06.437,1.38881,1.38905,1.45,1.50
2011.03.25 03:01:07.048,1.38888,1.38912,1.13,2.40
2011.03.25 03:01:07.382,1.38887,1.38911,1.45,1.50
2011.03.25 03:01:07.728,1.38885,1.38909,1.45,2.40
2011.03.25 03:01:11.238,1.38887,1.38909,1.45,1.65
2011.03.25 03:01:11.457,1.38887,1.38909,1.45,1.65
2011.03.25 03:01:11.567,1.38887,1.38912,1.45,1.50
2011.03.25 03:01:11.787,1.38887,1.38913,1.45,1.50
2011.03.25 03:01:11.897,1.3889,1.38913,1.13,1.50
2011.03.25 03:01:12.566,1.38887,1.38913,1.08,1.50
2011.03.25 03:01:12.677,1.38885,1.38911,1.45,1.50
2011.03.25 03:01:13.007,1.38885,1.38909,1.45,2.40
2011.03.25 03:01:13.777,1.38883,1.38909,1.45,3.15
2011.03.25 03:01:13.887,1.38882,1.38909,1.45,3.15
2011.03.25 03:01:14.438,1.38877,1.38904,1.45,1.50
2011.03.25 03:01:14.546,1.38874,1.38904,1.83,1.50
2011.03.25 03:01:21.040,1.38877,1.38904,1.45,1.50
2011.03.25 03:01:21.257,1.3888,1.38904,1.13,1.50
2011.03.25 03:01:25.438,1.38881,1.38906,1.45,1.50
2011.03.25 03:01:25.549,1.38881,1.38907,1.45,1.50
2011.03.25 03:01:27.577,1.38881,1.38909,1.45,2.25
2011.03.25 03:01:28.070,1.38885,1.38909,1.45,1.50
2011.03.25 03:01:28.637,1.38891,1.38915,1.45,1.50
2011.03.25 03:01:28.971,1.3889,1.38915,1.08,1.50
2011.03.25 03:01:29.198,1.38889,1.38915,1.45,3.15
2011.03.25 03:01:29.309,1.38883,1.3891,1.45,1.50
2011.03.25 03:01:29.637,1.38877,1.38907,1.45,2.10
2011.03.25 03:01:29.857,1.38875,1.38902,2.20,3.15
2011.03.25 03:01:30.406,1.38875,1.38902,1.45,3.90
2011.03.25 03:01:30.627,1.38873,1.38898,1.45,1.50
2011.03.25 03:01:31.066,1.38872,1.38898,2.20,1.50
2011.03.25 03:01:31.397,1.38872,1.38896,1.45,2.40
2011.03.25 03:01:31.507,1.38868,1.38894,1.45,1.50
2011.03.25 03:01:31.617,1.38868,1.38894,1.45,1.50
2011.03.25 03:01:32.287,1.38868,1.38895,1.45,1.50
2011.03.25 03:01:32.727,1.38872,1.38899,1.45,1.50
2011.03.25 03:01:33.390,1.38877,1.38904,1.45,1.50
2011.03.25 03:01:34.268,1.3888,1.38904,1.13,1.50
2011.03.25 03:01:34.488,1.38881,1.38908,1.13,1.50
2011.03.25 03:01:34.599,1.38881,1.38908,1.13,1.50
2011.03.25 03:01:36.018,1.38881,1.38906,1.13,1.50
2011.03.25 03:01:36.127,1.38882,1.38906,1.13,1.50
2011.03.25 03:01:36.348,1.38886,1.38911,1.45,1.50
2011.03.25 03:01:36.896,1.38884,1.38911,1.83,1.50
2011.03.25 03:01:37.756,1.38884,1.38909,1.13,1.50
2011.03.25 03:01:39.700,1.38886,1.38911,1.45,1.50
2011.03.25 03:01:41.847,1.38885,1.38911,1.45,1.50
2011.03.25 03:01:42.970,1.38885,1.38911,1.45,1.50
2011.03.25 03:01:43.088,1.38883,1.38907,1.45,1.50
2011.03.25 03:01:43.197,1.38883,1.38908,1.45,1.50
2011.03.25 03:01:43.746,1.38885,1.38912,2.20,1.50
2011.03.25 03:01:50.083,1.38886,1.38913,1.45,1.50
2011.03.25 03:02:03.408,1.38886,1.38912,1.45,1.88
2011.03.25 03:02:03.630,1.38883,1.38904,1.50,1.50
2011.03.25 03:02:04.178,1.38884,1.38904,1.50,1.50
2011.03.25 03:02:04.838,1.38884,1.38904,1.50,1.50
2011.03.25 03:02:05.057,1.38884,1.38907,1.50,1.50
2011.03.25 03:02:06.485,1.38883,1.38899,1.50,1.50
2011.03.25 03:02:09.850,1.38882,1.38894,1.50,1.50
2011.03.25 03:02:10.398,1.38884,1.38895,1.50,1.50
2011.03.25 03:02:10.947,1.38884,1.38895,1.50,1.50
2011.03.25 03:02:11.658,1.38883,1.3889,1.50,1.65
2011.03.25 03:02:11.776,1.38863,1.38891,1.45,1.50
2011.03.25 03:02:14.348,1.38863,1.38891,1.45,1.50
2011.03.25 03:02:14.788,1.38867,1.38893,1.45,1.50
2011.03.25 03:02:17.317,1.38867,1.38893,1.45,1.50
2011.03.25 03:02:17.867,1.38867,1.38893,1.45,1.50
2011.03.25 03:02:18.748,1.38867,1.38893,1.45,1.50
2011.03.25 03:02:18.967,1.3887,1.38896,1.45,1.50
2011.03.25 03:02:19.079,1.3887,1.38898,1.45,2.25
2011.03.25 03:02:19.187,1.3887,1.38899,1.45,1.50
2011.03.25 03:02:19.516,1.38875,1.38904,1.45,1.50
2011.03.25 03:02:19.627,1.38875,1.38905,1.45,1.50
2011.03.25 03:02:20.279,1.3888,1.38905,1.45,1.50
2011.03.25 03:02:23.735,1.38876,1.38902,1.45,1.50
2011.03.25 03:02:23.959,1.38875,1.38905,1.45,1.50
2011.03.25 03:02:24.669,1.38879,1.38906,1.45,1.50
2011.03.25 03:02:27.618,1.38875,1.38901,1.45,1.50
2011.03.25 03:02:27.946,1.38875,1.38901,1.45,1.50
2011.03.25 03:02:28.308,1.38875,1.38901,1.45,1.50
2011.03.25 03:02:30.218,1.38875,1.38901,1.45,1.50
2011.03.25 03:02:30.440,1.38875,1.38901,1.45,1.50
2011.03.25 03:02:30.781,1.38875,1.38901,1.45,1.50
2011.03.25 03:02:30.888,1.38875,1.38901,1.45,1.50
2011.03.25 03:02:33.478,1.38875,1.38901,1.45,1.50
2011.03.25 03:02:42.179,1.38875,1.38901,1.45,1.50
2011.03.25 03:02:42.292,1.38879,1.38905,1.45,1.50
2011.03.25 03:02:42.410,1.38885,1.38907,1.45,1.65
2011.03.25 03:02:42.521,1.38885,1.38911,1.45,1.50
2011.03.25 03:02:42.970,1.38889,1.38916,1.45,1.50
2011.03.25 03:02:43.518,1.38886,1.38916,1.45,2.25
2011.03.25 03:02:43.847,1.38886,1.38912,1.45,1.50
2011.03.25 03:02:45.606,1.38886,1.38912,1.45,1.50
2011.03.25 03:02:46.047,1.38886,1.3891,1.45,1.50
2011.03.25 03:02:46.590,1.38886,1.38912,1.45,3.15
2011.03.25 03:02:47.178,1.38886,1.38912,1.45,1.50
2011.03.25 03:02:47.746,1.38886,1.3891,1.45,1.50
2011.03.25 03:02:48.299,1.38886,1.38912,1.45,2.25
2011.03.25 03:02:48.627,1.38883,1.38909,1.45,2.25
2011.03.25 03:02:48.958,1.38885,1.38912,1.45,1.50
2011.03.25 03:02:49.290,1.38885,1.38911,1.45,1.50
2011.03.25 03:02:49.509,1.38882,1.38909,1.45,1.50
2011.03.25 03:02:49.948,1.38878,1.38908,1.45,1.50
2011.03.25 03:02:50.277,1.38878,1.38906,1.45,1.50
2011.03.25 03:02:50.827,1.38878,1.38906,1.45,1.50
2011.03.25 03:02:51.487,1.38878,1.38906,1.45,1.50
2011.03.25 03:02:56.166,1.38878,1.38906,1.45,2.25
2011.03.25 03:02:57.928,1.38878,1.38906,1.45,1.50
2011.03.25 03:02:58.147,1.38878,1.38906,1.45,1.50
2011.03.25 03:02:58.698,1.38878,1.38906,1.45,1.50
2011.03.25 03:02:59.246,1.38878,1.38906,1.45,1.50
2011.03.25 03:03:01.739,1.38878,1.38906,1.45,1.50
2011.03.25 03:03:06.643,1.38882,1.38906,1.50,1.50
2011.03.25 03:03:06.760,1.38881,1.38909,1.50,1.50
2011.03.25 03:03:06.870,1.38883,1.38909,1.45,1.50
2011.03.25 03:03:06.989,1.38883,1.38913,1.45,1.50
2011.03.25 03:03:10.736,1.38887,1.38913,1.45,1.50
2011.03.25 03:03:12.727,1.38887,1.38913,1.45,1.50
2011.03.25 03:03:18.030,1.38887,1.3891,1.45,1.50
2011.03.25 03:03:18.723,1.38884,1.38911,1.50,1.50
2011.03.25 03:03:19.278,1.38878,1.38907,1.45,1.50
2011.03.25 03:03:19.607,1.38878,1.38903,1.45,1.50
2011.03.25 03:03:20.839,1.38877,1.38903,1.45,1.50
2011.03.25 03:03:20.948,1.38875,1.38904,1.45,1.50
2011.03.25 03:03:28.728,1.38875,1.38904,1.45,1.50
2011.03.25 03:03:34.027,1.38875,1.38904,1.45,1.50
2011.03.25 03:03:34.507,1.38878,1.38907,1.45,1.50
2011.03.25 03:03:47.149,1.38881,1.38905,1.45,1.50
2011.03.25 03:03:47.478,1.38876,1.38901,1.45,1.50
2011.03.25 03:03:48.028,1.38876,1.38901,1.45,1.50
2011.03.25 03:03:54.896,1.38873,1.38902,1.60,1.50
2011.03.25 03:03:55.710,1.38873,1.38901,1.60,1.50
2011.03.25 03:04:10.917,1.38879,1.38905,1.45,1.50
2011.03.25 03:04:11.578,1.38879,1.38907,1.45,1.50
2011.03.25 03:04:11.691,1.38883,1.38911,1.45,1.50
2011.03.25 03:04:11.908,1.38884,1.38912,1.45,1.50
2011.03.25 03:04:12.578,1.38884,1.38912,1.45,1.50
2011.03.25 03:04:15.361,1.38887,1.38913,1.45,1.50
2011.03.25 03:04:15.966,1.38887,1.38913,1.45,1.50
2011.03.25 03:04:20.533,1.38887,1.38913,1.45,1.50
2011.03.25 03:04:23.507,1.38887,1.38913,1.45,1.50
2011.03.25 03:04:36.460,1.38887,1.38913,1.45,1.50
2011.03.25 03:04:37.080,1.38887,1.38913,1.45,1.50
2011.03.25 03:04:55.497,1.3889,1.38914,1.45,1.50
2011.03.25 03:04:58.159,1.38886,1.38912,1.45,1.50
2011.03.25 03:04:58.546,1.38886,1.38912,1.45,1.50
2011.03.25 03:05:00.009,1.38887,1.38914,1.35,1.50
2011.03.25 03:05:00.339,1.38887,1.38912,1.35,1.50
2011.03.25 03:05:00.667,1.38891,1.38917,1.45,1.50
2011.03.25 03:05:00.777,1.38891,1.38918,1.45,1.50
2011.03.25 03:05:02.419,1.38891,1.38918,1.45,1.50
2011.03.25 03:05:02.968,1.38893,1.38921,2.20,1.50
2011.03.25 03:05:03.297,1.38892,1.3892,1.45,1.50
2011.03.25 03:05:09.354,1.38894,1.38919,1.35,1.50
2011.03.25 03:05:09.578,1.38895,1.38921,1.45,1.50
2011.03.25 03:05:09.690,1.38895,1.38923,1.45,1.50
2011.03.25 03:05:10.017,1.38899,1.38923,1.45,1.50
2011.03.25 03:05:10.459,1.38897,1.38923,1.45,1.50
2011.03.25 03:05:12.538,1.38899,1.38923,1.45,1.50
2011.03.25 03:05:13.163,1.38897,1.38923,1.45,1.50
2011.03.25 03:05:13.276,1.38897,1.38923,2.20,1.50
2011.03.25 03:05:13.858,1.38899,1.38924,1.45,1.50
2011.03.25 03:05:14.078,1.38903,1.38929,1.45,1.50
2011.03.25 03:05:14.519,1.38903,1.38929,1.45,1.50
2011.03.25 03:05:17.357,1.38907,1.38933,1.45,1.50
2011.03.25 03:05:17.579,1.38915,1.38936,1.45,2.40
2011.03.25 03:05:18.127,1.38915,1.38941,1.45,1.50
2011.03.25 03:05:20.477,1.38913,1.38939,1.45,1.50
2011.03.25 03:05:20.587,1.38912,1.38939,2.20,1.50
2011.03.25 03:05:24.531,1.38912,1.38939,1.45,1.50
2011.03.25 03:05:30.476,1.38912,1.38939,1.45,1.50
2011.03.25 03:05:40.868,1.38913,1.38939,1.45,1.50
2011.03.25 03:05:41.837,1.38913,1.38939,1.45,1.50
2011.03.25 03:05:42.168,1.38913,1.3894,1.45,2.25
2011.03.25 03:05:42.739,1.38913,1.38939,1.45,1.50
2011.03.25 03:05:42.959,1.38913,1.38939,1.45,1.50
2011.03.25 03:05:43.508,1.38913,1.38939,1.45,1.50
2011.03.25 03:05:43.619,1.38912,1.38939,3.10,1.50
2011.03.25 03:05:43.948,1.38906,1.38934,1.45,1.50
2011.03.25 03:05:44.057,1.38906,1.38932,1.45,1.50
2011.03.25 03:05:46.256,1.38905,1.38932,1.45,1.50
2011.03.25 03:05:47.157,1.38906,1.38932,1.45,1.50
2011.03.25 03:05:47.919,1.38904,1.38932,2.20,1.50
2011.03.25 03:05:48.357,1.38905,1.38932,1.45,1.50
2011.03.25 03:05:54.717,1.38906,1.38932,1.45,1.50
2011.03.25 03:05:58.518,1.38907,1.38932,1.88,1.50
2011.03.25 03:05:58.628,1.3891,1.38933,2.40,1.50
2011.03.25 03:05:58.959,1.38906,1.38932,1.45,1.50
2011.03.25 03:05:59.177,1.38906,1.38932,1.45,1.50
2011.03.25 03:06:01.767,1.38906,1.38932,1.45,1.50
2011.03.25 03:06:02.098,1.38904,1.38932,1.45,1.50
2011.03.25 03:06:02.428,1.38906,1.38932,1.45,1.50
2011.03.25 03:06:03.251,1.38906,1.38932,1.45,1.50
2011.03.25 03:06:05.358,1.38906,1.38932,2.20,1.50
2011.03.25 03:06:05.578,1.3891,1.38933,2.40,1.50
2011.03.25 03:06:05.688,1.3891,1.38932,1.65,1.50
2011.03.25 03:06:05.798,1.38906,1.38932,1.45,1.50
2011.03.25 03:06:06.399,1.38905,1.38932,1.45,1.50
2011.03.25 03:06:09.197,1.38904,1.38932,3.85,1.50
2011.03.25 03:06:15.729,1.38904,1.38932,1.45,1.50
2011.03.25 03:06:15.947,1.38903,1.38929,1.45,1.50
2011.03.25 03:06:16.789,1.38903,1.38929,1.45,1.50
2011.03.25 03:06:17.008,1.38901,1.38926,1.35,1.50
2011.03.25 03:06:17.119,1.389,1.38926,2.05,1.50
2011.03.25 03:06:17.667,1.38899,1.38927,1.45,1.50
2011.03.25 03:06:24.877,1.38902,1.38929,2.20,1.50
2011.03.25 03:06:25.207,1.38903,1.3893,1.45,1.50
2011.03.25 03:06:25.967,1.38903,1.38929,1.45,1.50
2011.03.25 03:06:27.078,1.38903,1.3893,1.45,1.50
2011.03.25 03:06:27.299,1.38903,1.38929,1.45,1.50
2011.03.25 03:06:36.598,1.38902,1.38929,1.45,3.15
2011.03.25 03:06:36.818,1.38903,1.3893,1.45,1.50
2011.03.25 03:06:37.039,1.38899,1.38927,3.10,2.25
2011.03.25 03:06:40.788,1.38899,1.38925,3.10,1.50
2011.03.25 03:06:41.118,1.38899,1.38925,1.45,1.50
2011.03.25 03:06:41.227,1.38899,1.38925,1.45,1.50
2011.03.25 03:06:50.498,1.38895,1.38922,1.45,1.50
2011.03.25 03:06:51.158,1.38893,1.38918,1.45,1.50
2011.03.25 03:06:51.268,1.38892,1.38916,1.45,1.50
2011.03.25 03:06:51.487,1.38892,1.38916,1.45,1.50
2011.03.25 03:06:51.708,1.38892,1.38917,1.45,2.40
2011.03.25 03:06:53.549,1.38892,1.38916,1.45,1.50
2011.03.25 03:06:54.878,1.38891,1.38916,1.45,1.50
2011.03.25 03:06:56.858,1.38892,1.38916,1.45,1.50
2011.03.25 03:06:57.408,1.38895,1.38921,1.45,1.50
2011.03.25 03:06:57.738,1.38896,1.38922,2.40,1.50
2011.03.25 03:06:58.286,1.38896,1.38923,2.40,2.25
2011.03.25 03:07:00.008,1.38901,1.38923,1.50,1.50
2011.03.25 03:07:00.501,1.38903,1.38928,2.40,1.50
2011.03.25 03:07:09.187,1.38904,1.38928,2.40,1.50
2011.03.25 03:07:09.627,1.38902,1.38927,1.65,1.50
2011.03.25 03:07:10.359,1.389,1.38927,1.45,1.50
2011.03.25 03:07:12.137,1.38901,1.38927,1.45,1.50
2011.03.25 03:07:12.358,1.38902,1.38928,1.50,1.50
2011.03.25 03:07:12.469,1.38906,1.38928,2.40,1.50
2011.03.25 03:07:12.799,1.38906,1.38933,1.45,1.50
2011.03.25 03:07:13.017,1.38906,1.38931,1.45,1.50
2011.03.25 03:07:13.689,1.38904,1.38931,2.20,1.50
2011.03.25 03:07:14.570,1.38905,1.38931,1.45,1.50
2011.03.25 03:07:15.008,1.38904,1.38931,2.20,1.50
2011.03.25 03:07:15.666,1.38903,1.38927,1.45,1.50
2011.03.25 03:07:16.559,1.38903,1.38929,1.45,1.50
2011.03.25 03:07:16.778,1.38903,1.38928,1.45,1.50
2011.03.25 03:07:17.108,1.38904,1.38929,2.40,1.50
2011.03.25 03:07:17.218,1.38904,1.38927,2.40,1.50
2011.03.25 03:07:20.960,1.38903,1.38927,3.10,1.50
2011.03.25 03:07:21.618,1.38903,1.38927,1.45,1.50
2011.03.25 03:07:21.837,1.38899,1.38926,1.45,2.25
2011.03.25 03:07:31.117,1.38896,1.38925,3.10,2.25
2011.03.25 03:07:52.588,1.38899,1.38926,1.45,1.50
2011.03.25 03:07:53.136,1.38899,1.38923,1.45,1.50
2011.03.25 03:07:58.268,1.38896,1.38925,3.10,1.50
2011.03.25 03:08:05.517,1.38899,1.38926,1.45,1.50
2011.03.25 03:08:06.128,1.38898,1.38926,1.45,1.50
2011.03.25 03:08:07.219,1.38899,1.38926,1.45,1.50
2011.03.25 03:08:08.357,1.38897,1.38926,1.45,1.50
2011.03.25 03:08:08.907,1.38899,1.38926,1.45,1.50
2011.03.25 03:08:09.347,1.38902,1.38928,1.45,1.50
2011.03.25 03:08:13.128,1.38902,1.38928,1.45,1.50
2011.03.25 03:08:13.568,1.38901,1.38928,1.45,1.50
2011.03.25 03:08:43.969,1.389,1.38928,1.45,1.50
2011.03.25 03:08:44.298,1.38896,1.38922,1.45,1.50
2011.03.25 03:08:44.828,1.38896,1.38922,1.45,1.50
2011.03.25 03:08:45.490,1.38896,1.38923,1.45,2.25
2011.03.25 03:08:53.927,1.38896,1.38922,3.10,1.50
2011.03.25 03:08:56.168,1.38896,1.38922,3.10,1.50
2011.03.25 03:08:56.728,1.38896,1.38922,3.10,1.50
2011.03.25 03:08:56.947,1.38896,1.38922,3.10,1.50
2011.03.25 03:08:57.277,1.38896,1.38922,1.45,1.50
2011.03.25 03:08:57.912,1.38896,1.38922,1.45,1.50
2011.03.25 03:09:05.128,1.389,1.38923,2.40,2.25
2011.03.25 03:09:05.460,1.389,1.38926,2.40,1.50
2011.03.25 03:09:06.007,1.38899,1.38925,1.45,1.50
2011.03.25 03:09:06.337,1.38899,1.38926,1.45,1.50
2011.03.25 03:09:08.949,1.38899,1.38926,2.20,1.50
2011.03.25 03:09:09.168,1.38899,1.38926,2.20,1.50
2011.03.25 03:09:09.388,1.38903,1.3893,1.45,1.50
2011.03.25 03:09:11.078,1.38903,1.3893,1.45,1.50
2011.03.25 03:09:22.511,1.38905,1.3893,3.00,1.50
2011.03.25 03:09:22.848,1.38909,1.3893,1.65,1.50
2011.03.25 03:09:23.480,1.3891,1.3893,1.65,1.50
2011.03.25 03:09:38.629,1.38905,1.3893,1.35,1.50
2011.03.25 03:09:38.739,1.38905,1.3893,1.35,1.50
2011.03.25 03:09:38.849,1.38911,1.38935,1.45,1.50
2011.03.25 03:09:39.379,1.38911,1.38936,1.45,1.50
2011.03.25 03:09:42.579,1.38912,1.38938,1.50,1.50
2011.03.25 03:09:42.690,1.38923,1.38941,1.65,1.50
2011.03.25 03:09:42.910,1.38915,1.38941,2.40,1.50
2011.03.25 03:09:43.131,1.38915,1.3894,1.65,1.50
2011.03.25 03:09:43.457,1.38916,1.38941,2.40,2.25
2011.03.25 03:09:45.167,1.38916,1.38941,1.65,2.25
2011.03.25 03:09:46.069,1.38916,1.3894,1.65,1.50
2011.03.25 03:09:46.179,1.38913,1.3894,3.10,1.50
2011.03.25 03:09:46.288,1.38913,1.38941,3.85,2.25
2011.03.25 03:09:46.728,1.38915,1.3894,1.65,1.50
2011.03.25 03:09:47.279,1.38913,1.3894,3.85,1.50
2011.03.25 03:09:47.608,1.38914,1.38936,1.65,1.50
2011.03.25 03:09:48.387,1.38911,1.38936,1.65,1.50
2011.03.25 03:09:48.718,1.38911,1.38937,2.40,1.50
2011.03.25 03:09:49.379,1.38913,1.38937,2.40,2.25
2011.03.25 03:09:50.009,1.38913,1.38936,1.65,1.50
2011.03.25 03:09:50.124,1.38909,1.38936,1.45,1.50
2011.03.25 03:09:50.567,1.38907,1.38933,1.45,1.50
2011.03.25 03:09:53.948,1.38913,1.38933,1.65,1.50
2011.03.25 03:09:54.278,1.38907,1.38933,1.45,1.50
2011.03.25 03:09:54.389,1.38911,1.38938,1.45,1.50
2011.03.25 03:09:54.828,1.38911,1.38936,2.40,1.50
2011.03.25 03:09:55.158,1.38925,1.38943,2.40,1.50
2011.03.25 03:09:55.268,1.38926,1.38947,2.40,2.25
2011.03.25 03:09:55.927,1.38926,1.38947,2.40,1.50
2011.03.25 03:09:56.039,1.38926,1.38952,2.40,2.25
2011.03.25 03:09:56.149,1.38927,1.38949,2.40,1.50
2011.03.25 03:09:56.609,1.38926,1.38949,1.65,1.50
2011.03.25 03:09:57.158,1.38926,1.38949,1.65,1.50
2011.03.25 03:09:57.707,1.38927,1.38949,1.65,1.50
2011.03.25 03:09:57.818,1.38925,1.38949,2.35,1.50
2011.03.25 03:09:58.368,1.38926,1.38949,1.65,1.50
2011.03.25 03:09:58.479,1.38926,1.38949,1.65,1.50
2011.03.25 03:09:58.809,1.38922,1.3895,1.45,3.15
2011.03.25 03:10:00.959,1.38922,1.38949,1.45,1.50
2011.03.25 03:10:02.168,1.38921,1.38945,1.45,1.50
2011.03.25 03:10:02.390,1.38919,1.38945,2.20,1.50
2011.03.25 03:10:02.719,1.38919,1.38945,1.45,1.50
2011.03.25 03:10:02.830,1.38917,1.38942,1.50,3.15
2011.03.25 03:10:02.938,1.38915,1.38942,1.45,3.15
2011.03.25 03:10:03.489,1.38915,1.38943,1.45,3.15
2011.03.25 03:10:04.038,1.38916,1.38943,1.45,1.50
2011.03.25 03:10:04.479,1.3892,1.38942,1.65,1.50
2011.03.25 03:10:05.028,1.38919,1.38943,1.65,1.50
2011.03.25 03:10:05.908,1.38918,1.38943,1.65,1.50
2011.03.25 03:10:06.237,1.3892,1.38943,1.65,1.50
2011.03.25 03:10:06.818,1.38918,1.38943,1.65,1.50
2011.03.25 03:10:07.367,1.38919,1.38943,1.65,1.50
2011.03.25 03:10:07.918,1.3892,1.38943,1.65,1.50
2011.03.25 03:10:08.629,1.38919,1.38943,1.65,1.50
2011.03.25 03:10:09.178,1.3892,1.38943,1.65,1.50
2011.03.25 03:10:09.618,1.38918,1.38943,1.65,1.50
2011.03.25 03:10:10.061,1.38923,1.38943,1.65,1.50
2011.03.25 03:10:10.282,1.38923,1.38947,2.35,1.50
2011.03.25 03:10:10.512,1.3892,1.38947,1.45,1.50
2011.03.25 03:10:10.630,1.3892,1.38944,1.45,1.65
2011.03.25 03:10:11.177,1.3892,1.38947,1.45,1.50
2011.03.25 03:10:13.267,1.38923,1.38948,1.45,1.50
2011.03.25 03:10:13.598,1.38923,1.38949,1.45,1.50
2011.03.25 03:10:15.357,1.38923,1.38948,1.45,1.50
2011.03.25 03:10:15.578,1.38926,1.3895,1.45,1.50
2011.03.25 03:10:16.240,1.38926,1.3895,1.45,3.15
2011.03.25 03:10:16.570,1.38926,1.3895,1.45,1.50
2011.03.25 03:10:19.828,1.38926,1.3895,1.45,1.50
2011.03.25 03:10:22.708,1.38926,1.3895,1.45,1.50
2011.03.25 03:10:23.037,1.38926,1.3895,1.45,1.50
2011.03.25 03:10:23.919,1.38926,1.3895,1.45,1.50
2011.03.25 03:10:24.468,1.38926,1.3895,1.45,1.50
2011.03.25 03:10:28.539,1.38926,1.3895,1.45,1.50
2011.03.25 03:10:28.758,1.38926,1.3895,1.45,1.50
2011.03.25 03:10:30.879,1.3893,1.3895,1.50,1.50
2011.03.25 03:10:30.988,1.3893,1.38955,2.10,2.25
2011.03.25 03:10:31.099,1.38938,1.38955,1.65,2.25
2011.03.25 03:10:31.318,1.38927,1.38956,1.45,2.40
2011.03.25 03:10:31.430,1.38928,1.38957,1.45,2.40
2011.03.25 03:10:31.650,1.38931,1.38957,1.65,1.50
2011.03.25 03:10:31.868,1.38929,1.38957,1.65,1.50
2011.03.25 03:10:32.086,1.3893,1.38957,2.40,1.50
2011.03.25 03:10:32.638,1.38931,1.38957,1.65,1.50
2011.03.25 03:10:33.187,1.3893,1.38957,2.40,1.50
2011.03.25 03:10:38.328,1.3893,1.38957,1.65,1.50
2011.03.25 03:10:38.549,1.38927,1.38957,1.45,3.15
2011.03.25 03:10:38.658,1.38928,1.38957,1.45,3.15
2011.03.25 03:10:39.208,1.38928,1.38957,1.45,3.15
2011.03.25 03:10:39.318,1.38928,1.38956,1.45,2.40
2011.03.25 03:10:39.648,1.38928,1.38956,1.45,2.40
2011.03.25 03:10:44.358,1.38928,1.38957,1.45,3.15
2011.03.25 03:10:44.577,1.38928,1.38956,1.45,2.40
2011.03.25 03:10:56.438,1.38928,1.38956,1.45,2.40
2011.03.25 03:11:00.328,1.38928,1.38956,1.45,1.65
2011.03.25 03:11:01.020,1.38931,1.38957,1.65,1.50
2011.03.25 03:11:01.739,1.38934,1.38961,1.45,1.50
2011.03.25 03:11:02.178,1.38934,1.38961,3.10,1.50
2011.03.25 03:11:08.928,1.38937,1.38961,1.65,1.50
2011.03.25 03:11:12.249,1.38935,1.38961,2.35,1.50
2011.03.25 03:11:13.498,1.38935,1.38961,3.10,1.50
2011.03.25 03:11:13.608,1.38938,1.38961,1.65,1.50
2011.03.25 03:11:23.417,1.38938,1.38964,2.35,1.50
2011.03.25 03:11:31.752,1.38938,1.38965,2.35,1.50
2011.03.25 03:11:31.980,1.38941,1.38967,1.45,1.50
2011.03.25 03:11:34.259,1.38945,1.38967,1.65,1.50
2011.03.25 03:11:34.369,1.38945,1.38967,2.40,1.50
2011.03.25 03:11:34.588,1.38945,1.38967,1.65,1.50
2011.03.25 03:11:36.858,1.38941,1.38967,1.45,1.50
2011.03.25 03:11:36.968,1.38938,1.38964,2.20,1.50
2011.03.25 03:11:43.807,1.38938,1.38964,2.20,1.50
2011.03.25 03:11:44.400,1.38938,1.38964,1.45,1.50
2011.03.25 03:11:45.887,1.38938,1.38964,2.20,1.50
2011.03.25 03:11:54.267,1.38938,1.38964,1.45,1.50
2011.03.25 03:11:56.408,1.38938,1.38964,1.45,1.50
2011.03.25 03:11:57.458,1.38938,1.38964,2.20,1.50
2011.03.25 03:11:59.329,1.38938,1.38964,1.45,1.50
2011.03.25 03:11:59.439,1.38937,1.3896,1.50,1.50
2011.03.25 03:12:14.949,1.38936,1.38963,3.10,1.50
2011.03.25 03:12:15.059,1.3894,1.38966,1.45,1.50
2011.03.25 03:12:15.718,1.3894,1.38968,1.45,1.50
2011.03.25 03:12:18.769,1.3894,1.38967,1.45,1.50
2011.03.25 03:12:30.291,1.3894,1.38968,1.45,1.50
2011.03.25 03:12:30.519,1.38945,1.38971,2.40,2.25
2011.03.25 03:12:33.767,1.38945,1.38971,2.40,2.25
2011.03.25 03:12:35.122,1.38941,1.38968,2.20,1.50
2011.03.25 03:12:35.459,1.38944,1.38966,1.65,1.50
2011.03.25 03:12:35.787,1.38944,1.38967,2.40,1.50
2011.03.25 03:12:45.138,1.38944,1.38967,2.40,1.50
2011.03.25 03:12:59.042,1.38946,1.38968,2.40,1.50
2011.03.25 03:12:59.648,1.38946,1.38969,2.40,1.50
2011.03.25 03:12:59.979,1.38946,1.38972,3.10,1.50
2011.03.25 03:13:01.841,1.38946,1.38972,1.45,3.15
2011.03.25 03:13:03.287,1.38943,1.38967,1.45,1.50
2011.03.25 03:13:03.618,1.3894,1.38965,2.40,1.50
2011.03.25 03:13:03.838,1.3894,1.38965,2.40,1.50
2011.03.25 03:13:04.388,1.38938,1.38961,2.40,1.50
2011.03.25 03:13:04.918,1.38938,1.38962,2.40,1.50
2011.03.25 03:13:05.249,1.38943,1.38962,2.40,1.50
2011.03.25 03:13:05.360,1.3894,1.38962,2.40,2.25
2011.03.25 03:13:05.907,1.3894,1.38961,2.40,1.50
2011.03.25 03:13:08.859,1.3894,1.38959,2.40,1.50
2011.03.25 03:13:11.967,1.3894,1.38959,2.40,1.50
2011.03.25 03:13:22.078,1.38932,1.38958,1.45,3.15
2011.03.25 03:13:22.191,1.38932,1.38958,1.45,3.15
2011.03.25 03:13:22.518,1.38932,1.38958,1.45,2.40
2011.03.25 03:13:22.738,1.38933,1.38959,2.40,1.50
2011.03.25 03:13:26.899,1.38933,1.38958,2.40,1.50
2011.03.25 03:13:27.448,1.38932,1.38959,3.10,1.50
2011.03.25 03:13:28.447,1.38932,1.38959,3.10,1.50
2011.03.25 03:13:28.559,1.38936,1.38963,1.45,1.50
2011.03.25 03:13:56.047,1.38936,1.38964,1.45,2.25
2011.03.25 03:14:11.897,1.38936,1.38962,1.45,1.50
2011.03.25 03:14:12.007,1.38936,1.38962,1.45,1.50
2011.03.25 03:14:15.040,1.38936,1.38962,1.45,1.50
2011.03.25 03:14:15.587,1.38936,1.38962,1.45,1.50
2011.03.25 03:14:17.307,1.38936,1.38962,1.45,1.50
2011.03.25 03:14:35.820,1.38937,1.38961,1.45,2.25
2011.03.25 03:14:35.927,1.38934,1.3896,1.45,1.50
2011.03.25 03:14:57.557,1.38934,1.3896,1.45,1.50
2011.03.25 03:14:58.078,1.38934,1.38957,1.45,2.40
2011.03.25 03:14:58.190,1.38934,1.38957,1.45,2.40
2011.03.25 03:15:00.928,1.38934,1.38957,1.45,3.15
2011.03.25 03:15:01.038,1.38929,1.38955,1.45,1.50
2011.03.25 03:15:01.637,1.38929,1.38955,1.45,1.50
2011.03.25 03:15:01.969,1.38926,1.3895,2.40,1.50
2011.03.25 03:15:02.299,1.38923,1.3895,1.45,1.50
2011.03.25 03:15:10.279,1.38926,1.38954,1.45,1.50
2011.03.25 03:15:10.718,1.38926,1.38954,1.45,1.50
2011.03.25 03:15:11.269,1.3893,1.38957,1.45,1.50
2011.03.25 03:15:12.957,1.38927,1.38952,1.45,1.50
2011.03.25 03:15:14.001,1.38927,1.38954,1.45,1.50
2011.03.25 03:15:15.470,1.38927,1.38954,1.45,2.25
2011.03.25 03:15:16.020,1.38927,1.38954,1.45,1.50
2011.03.25 03:15:16.618,1.38927,1.38954,3.10,3.90
2011.03.25 03:15:17.167,1.38927,1.38954,3.10,3.15
2011.03.25 03:15:17.829,1.38927,1.38954,1.45,2.25
2011.03.25 03:15:18.378,1.38927,1.38953,1.45,2.40
2011.03.25 03:15:19.180,1.38927,1.38952,1.45,2.40
2011.03.25 03:15:19.729,1.38927,1.38954,1.45,1.50
2011.03.25 03:15:19.949,1.38927,1.38954,1.45,1.50
2011.03.25 03:15:20.169,1.38927,1.38953,1.45,2.40
2011.03.25 03:15:20.390,1.38927,1.38952,1.45,2.40
2011.03.25 03:15:21.379,1.38927,1.38954,1.45,1.50
2011.03.25 03:15:21.928,1.38927,1.38952,1.45,2.40
2011.03.25 03:15:23.138,1.38927,1.38954,1.45,2.25
2011.03.25 03:15:24.018,1.38927,1.38954,1.45,1.50
2011.03.25 03:15:24.128,1.38931,1.38954,1.45,1.65
2011.03.25 03:15:24.458,1.38931,1.38957,1.45,1.50
2011.03.25 03:15:24.788,1.38934,1.38959,1.45,2.40
2011.03.25 03:15:25.009,1.38941,1.38961,1.45,1.65
2011.03.25 03:15:28.180,1.38937,1.3896,1.45,2.40
2011.03.25 03:15:28.729,1.38937,1.38962,1.45,3.90
2011.03.25 03:15:29.169,1.38937,1.38959,1.45,1.50
2011.03.25 03:15:29.392,1.3893,1.38952,1.45,1.65
2011.03.25 03:15:29.509,1.3893,1.38952,1.45,1.65
2011.03.25 03:15:29.621,1.38926,1.3895,1.45,1.65
2011.03.25 03:15:29.729,1.38926,1.38949,1.45,1.65
2011.03.25 03:15:30.278,1.38927,1.38948,1.45,2.40
2011.03.25 03:15:32.689,1.38927,1.3895,1.45,1.50
2011.03.25 03:15:33.238,1.38923,1.38951,1.45,3.90
2011.03.25 03:15:33.900,1.38915,1.38946,1.45,1.50
2011.03.25 03:15:34.011,1.38915,1.38946,1.45,2.25
2011.03.25 03:15:34.118,1.38916,1.38946,1.45,2.25
2011.03.25 03:15:34.502,1.38911,1.3894,1.45,1.50
2011.03.25 03:15:34.949,1.38907,1.38933,1.45,1.65
2011.03.25 03:15:35.503,1.38907,1.38935,1.45,1.50
2011.03.25 03:15:35.731,1.38912,1.38942,1.45,3.15
2011.03.25 03:15:36.170,1.38913,1.38941,1.45,1.50
2011.03.25 03:15:36.278,1.38913,1.38942,1.45,3.15
2011.03.25 03:15:38.208,1.38915,1.38942,1.45,1.50
2011.03.25 03:15:43.169,1.38915,1.38942,1.45,1.50
2011.03.25 03:15:43.758,1.38915,1.38942,1.45,1.50
2011.03.25 03:15:47.769,1.3892,1.38947,1.45,1.50
2011.03.25 03:15:48.091,1.3892,1.38949,1.45,1.50
2011.03.25 03:15:48.201,1.38924,1.38952,1.45,1.50
2011.03.25 03:15:48.308,1.38924,1.38952,1.45,1.50
2011.03.25 03:15:51.399,1.38924,1.3895,1.45,1.50
2011.03.25 03:15:51.509,1.38922,1.38949,1.45,1.50
2011.03.25 03:15:52.160,1.38922,1.38949,1.45,2.25
2011.03.25 03:15:56.319,1.38922,1.38949,1.45,1.50
2011.03.25 03:16:02.219,1.38922,1.38949,1.45,2.25
2011.03.25 03:16:02.730,1.38922,1.38949,1.45,3.90
2011.03.25 03:16:02.842,1.38919,1.38944,2.40,1.50
2011.03.25 03:16:03.073,1.38914,1.38945,1.45,1.50
2011.03.25 03:16:03.519,1.38914,1.38941,1.45,1.50
2011.03.25 03:16:04.702,1.38914,1.38941,1.45,1.50
2011.03.25 03:16:04.929,1.38919,1.38941,2.40,1.50
2011.03.25 03:16:05.148,1.38919,1.38944,2.40,1.50
2011.03.25 03:16:05.368,1.38919,1.38944,2.40,1.50
2011.03.25 03:16:09.648,1.38919,1.38944,2.40,1.50
2011.03.25 03:16:09.759,1.38923,1.3895,1.45,1.50
2011.03.25 03:16:10.087,1.38923,1.3895,1.45,1.50
2011.03.25 03:16:10.308,1.38923,1.3895,1.45,1.50
2011.03.25 03:16:25.019,1.38923,1.3895,1.45,1.50
2011.03.25 03:16:25.569,1.38923,1.38949,1.45,2.40
2011.03.25 03:16:25.791,1.38925,1.38949,1.35,1.65
2011.03.25 03:16:26.009,1.38933,1.38957,2.40,1.50
2011.03.25 03:16:26.229,1.38933,1.38961,2.40,2.40
2011.03.25 03:16:26.889,1.38933,1.38961,2.40,3.15
2011.03.25 03:16:28.588,1.38933,1.38961,3.10,3.90
2011.03.25 03:16:32.209,1.38933,1.38959,1.45,1.50
2011.03.25 03:16:32.431,1.38931,1.38956,2.40,1.50
2011.03.25 03:16:32.761,1.38945,1.38956,1.65,1.50
2011.03.25 03:16:32.873,1.38945,1.38963,2.40,1.50
2011.03.25 03:16:32.992,1.38945,1.38968,2.40,2.25
2011.03.25 03:16:33.219,1.38945,1.38968,2.40,1.50
2011.03.25 03:16:33.440,1.38945,1.38967,2.40,1.50
2011.03.25 03:16:35.338,1.38945,1.38968,2.40,2.25
2011.03.25 03:16:35.888,1.38945,1.38968,2.40,1.50
2011.03.25 03:16:39.031,1.38945,1.38964,2.40,1.50
2011.03.25 03:16:39.581,1.3894,1.38964,2.40,2.25
2011.03.25 03:16:45.370,1.3894,1.38964,2.40,1.50
2011.03.25 03:16:45.700,1.38932,1.38959,1.45,1.50
2011.03.25 03:16:47.578,1.38936,1.38959,2.40,1.50
2011.03.25 03:16:47.909,1.38936,1.38959,2.40,2.25
2011.03.25 03:16:48.128,1.38935,1.38959,2.40,1.50
2011.03.25 03:16:49.608,1.38932,1.38959,1.45,1.50
2011.03.25 03:16:49.828,1.38932,1.38958,1.45,1.50
2011.03.25 03:16:50.157,1.38932,1.38958,3.10,1.50
2011.03.25 03:16:50.489,1.38931,1.38956,2.40,2.25
2011.03.25 03:16:55.339,1.38931,1.38956,2.40,1.50
2011.03.25 03:17:06.297,1.38931,1.38956,2.40,1.50
2011.03.25 03:17:09.749,1.38934,1.38956,2.40,1.50
2011.03.25 03:17:10.299,1.38931,1.38956,2.40,1.50
2011.03.25 03:17:10.629,1.38935,1.38956,2.40,1.50
2011.03.25 03:17:12.038,1.38931,1.38956,2.40,1.50
2011.03.25 03:17:25.529,1.38934,1.38956,2.40,1.50
2011.03.25 03:17:26.630,1.38936,1.38956,2.40,1.50
2011.03.25 03:17:27.179,1.38936,1.38956,2.40,1.50
2011.03.25 03:17:27.288,1.38931,1.38956,2.40,1.50
2011.03.25 03:17:27.619,1.38935,1.38956,2.40,1.50
2011.03.25 03:17:27.969,1.38935,1.38956,2.40,1.50
2011.03.25 03:17:28.518,1.38936,1.38956,2.40,1.50
2011.03.25 03:17:28.738,1.38932,1.38956,2.40,1.50
2011.03.25 03:17:41.409,1.38932,1.38956,2.40,2.25
2011.03.25 03:17:41.629,1.38929,1.38954,2.40,1.50
2011.03.25 03:17:42.411,1.38929,1.38952,2.40,1.50
2011.03.25 03:17:42.924,1.38931,1.38952,2.40,1.50
2011.03.25 03:17:43.149,1.38925,1.38952,1.45,1.50
2011.03.25 03:17:43.369,1.38926,1.38952,2.40,1.50
2011.03.25 03:17:43.698,1.38925,1.38952,1.45,1.50
2011.03.25 03:17:50.339,1.38925,1.38951,1.45,1.50
2011.03.25 03:17:50.669,1.38929,1.38951,1.45,1.65
2011.03.25 03:17:50.778,1.38929,1.38956,1.45,3.15
2011.03.25 03:17:52.189,1.38929,1.38956,1.45,1.50
2011.03.25 03:17:54.089,1.38929,1.38956,1.45,1.50
2011.03.25 03:18:31.894,1.38929,1.38956,1.45,1.50
2011.03.25 03:18:34.549,1.38929,1.38948,1.45,1.65
2011.03.25 03:18:34.878,1.38929,1.38956,1.45,1.50
2011.03.25 03:18:38.496,1.38924,1.38951,3.10,1.50
2011.03.25 03:18:38.718,1.38924,1.38951,3.10,1.50
2011.03.25 03:18:39.379,1.38924,1.38951,3.10,1.50
2011.03.25 03:18:40.148,1.38927,1.38951,2.40,1.50
2011.03.25 03:18:40.918,1.38927,1.38951,2.40,1.50
2011.03.25 03:18:41.134,1.38927,1.38951,2.40,1.50
2011.03.25 03:18:46.379,1.38929,1.38955,1.45,1.50
2011.03.25 03:18:46.928,1.38928,1.38953,3.10,1.50
2011.03.25 03:18:49.621,1.38925,1.38951,1.45,3.15
2011.03.25 03:18:49.949,1.38925,1.38951,1.45,3.15
2011.03.25 03:18:51.539,1.38923,1.38951,1.45,3.90
2011.03.25 03:18:52.088,1.38923,1.38945,2.20,2.40
2011.03.25 03:18:53.912,1.38923,1.38951,1.45,1.50
2011.03.25 03:18:54.420,1.38925,1.38953,3.48,1.50
2011.03.25 03:18:54.638,1.38931,1.38956,1.45,1.50
2011.03.25 03:18:55.079,1.38927,1.38954,1.45,1.50
2011.03.25 03:18:55.522,1.38927,1.38954,1.45,1.50
2011.03.25 03:18:55.851,1.38932,1.38957,2.40,1.50
2011.03.25 03:18:56.070,1.3893,1.38956,1.45,1.50
2011.03.25 03:18:56.180,1.3893,1.38956,1.45,1.50
2011.03.25 03:18:57.368,1.38926,1.38952,1.45,1.50
2011.03.25 03:18:57.479,1.38926,1.38952,1.45,1.50
2011.03.25 03:18:57.699,1.38926,1.38952,1.45,1.50
2011.03.25 03:18:58.030,1.38931,1.38954,1.45,1.50
2011.03.25 03:18:58.249,1.3893,1.38957,1.45,1.50
2011.03.25 03:18:58.468,1.3893,1.38957,1.45,1.50
2011.03.25 03:18:59.338,1.3893,1.38957,1.45,1.50
2011.03.25 03:18:59.558,1.38933,1.38961,1.45,1.50
2011.03.25 03:18:59.888,1.38938,1.38961,2.40,1.50
2011.03.25 03:19:04.164,1.38935,1.38961,1.08,1.50
2011.03.25 03:19:04.830,1.38938,1.38961,1.65,1.50
2011.03.25 03:19:05.378,1.38935,1.38961,1.83,1.50
2011.03.25 03:19:06.380,1.38935,1.38961,1.45,1.50
2011.03.25 03:19:06.602,1.38936,1.38957,2.40,1.50
2011.03.25 03:19:07.039,1.38931,1.3896,1.45,1.50
2011.03.25 03:19:07.596,1.38931,1.3896,3.10,1.50
2011.03.25 03:19:10.570,1.38936,1.38961,2.40,1.50
2011.03.25 03:19:11.669,1.38936,1.38961,2.40,1.50
2011.03.25 03:19:14.749,1.38935,1.38961,1.45,1.50
2011.03.25 03:19:15.078,1.38936,1.38961,2.40,1.50
2011.03.25 03:19:15.685,1.38938,1.38961,1.65,1.50
2011.03.25 03:19:19.222,1.38939,1.38961,1.65,1.50
2011.03.25 03:19:19.334,1.38939,1.38962,1.65,2.25
2011.03.25 03:19:19.449,1.38938,1.38965,3.48,1.50
2011.03.25 03:19:19.560,1.38938,1.38966,2.78,1.50
2011.03.25 03:19:20.250,1.38939,1.38967,2.40,1.50
2011.03.25 03:19:21.690,1.38939,1.38967,2.40,1.50
2011.03.25 03:19:22.020,1.38947,1.38967,1.65,1.50
2011.03.25 03:19:22.132,1.38936,1.38967,1.45,1.50
2011.03.25 03:19:22.350,1.38938,1.38968,1.45,1.50
2011.03.25 03:19:22.458,1.38936,1.38965,1.45,1.50
2011.03.25 03:19:27.632,1.38934,1.38963,1.45,1.50
2011.03.25 03:19:28.184,1.38937,1.38963,3.10,1.50
2011.03.25 03:19:28.300,1.38937,1.38965,3.10,2.25
2011.03.25 03:19:28.410,1.38937,1.38964,3.10,1.50
2011.03.25 03:19:28.739,1.38937,1.38965,3.10,2.25
2011.03.25 03:19:28.960,1.38938,1.38965,1.65,2.25
2011.03.25 03:19:29.178,1.38937,1.38965,3.10,2.25
2011.03.25 03:19:29.511,1.38937,1.38962,1.65,1.50
2011.03.25 03:19:30.090,1.38934,1.38961,1.45,1.50
2011.03.25 03:19:35.668,1.38934,1.38961,1.45,1.50
2011.03.25 03:19:36.001,1.38938,1.38964,1.45,1.50
2011.03.25 03:19:36.328,1.38939,1.38969,2.40,1.50
2011.03.25 03:19:38.070,1.38939,1.38967,2.40,1.50
2011.03.25 03:19:38.401,1.38937,1.38963,3.10,1.50
2011.03.25 03:19:38.891,1.38938,1.38965,1.45,1.50
2011.03.25 03:19:41.078,1.38942,1.38965,1.45,1.50
2011.03.25 03:19:43.719,1.38941,1.38965,1.45,1.50
2011.03.25 03:19:44.049,1.38941,1.38962,1.45,2.40
2011.03.25 03:19:44.158,1.38939,1.38962,1.45,2.40
2011.03.25 03:19:44.489,1.38939,1.38962,1.45,2.40
2011.03.25 03:19:44.709,1.38938,1.38962,1.45,3.15
2011.03.25 03:19:45.039,1.38933,1.38959,1.45,2.40
2011.03.25 03:19:45.258,1.38933,1.38959,1.45,2.40
2011.03.25 03:19:45.481,1.38933,1.38959,1.45,1.65
2011.03.25 03:19:45.590,1.38933,1.38956,1.45,1.65
2011.03.25 03:19:45.701,1.38933,1.38961,2.20,2.10
2011.03.25 03:19:46.251,1.38937,1.38965,1.45,1.50
2011.03.25 03:19:46.799,1.38938,1.38967,1.45,1.50
2011.03.25 03:19:49.596,1.38937,1.38965,1.45,1.50
2011.03.25 03:19:52.468,1.38936,1.38962,1.45,1.50
2011.03.25 03:19:53.070,1.38937,1.38963,2.10,1.50
2011.03.25 03:19:53.331,1.38942,1.38962,1.65,1.50
2011.03.25 03:19:53.443,1.38936,1.38962,1.45,1.50
2011.03.25 03:19:53.559,1.38936,1.38963,1.45,1.50
2011.03.25 03:19:53.888,1.38936,1.38963,1.45,1.50
2011.03.25 03:19:54.440,1.38939,1.38963,2.40,1.50
2011.03.25 03:20:07.609,1.38936,1.38962,1.45,1.50
2011.03.25 03:20:08.159,1.38936,1.38962,1.45,1.50
2011.03.25 03:20:08.490,1.38932,1.38958,1.45,1.50
2011.03.25 03:20:08.987,1.38939,1.38967,3.10,1.50
2011.03.25 03:20:09.540,1.38939,1.38968,1.45,1.50
2011.03.25 03:20:09.759,1.38938,1.38967,1.45,2.25
2011.03.25 03:20:19.579,1.38938,1.38965,1.45,1.50
2011.03.25 03:20:19.689,1.38939,1.38965,1.45,1.50
2011.03.25 03:20:19.908,1.38939,1.38965,1.45,1.50
2011.03.25 03:20:22.879,1.38938,1.38965,1.45,1.50
2011.03.25 03:20:24.229,1.38938,1.38966,1.45,2.40
2011.03.25 03:20:43.028,1.38936,1.38963,1.45,1.50
2011.03.25 03:20:45.720,1.38939,1.38967,2.35,2.25
2011.03.25 03:20:45.941,1.38944,1.38968,1.65,1.50
2011.03.25 03:20:46.489,1.38945,1.38969,1.45,1.50
2011.03.25 03:20:46.819,1.38941,1.38969,1.83,1.50
2011.03.25 03:20:52.819,1.38947,1.38969,2.40,1.50
2011.03.25 03:20:52.930,1.38947,1.38969,2.78,1.50
2011.03.25 03:20:53.260,1.38947,1.38968,2.78,1.50
2011.03.25 03:20:53.718,1.38947,1.38973,2.40,1.50
2011.03.25 03:20:54.269,1.38945,1.38973,2.40,1.50
2011.03.25 03:20:54.599,1.38945,1.3897,2.40,2.25
2011.03.25 03:20:55.151,1.38943,1.3897,1.45,1.50
2011.03.25 03:20:55.369,1.38951,1.3897,1.65,1.50
2011.03.25 03:21:00.828,1.38951,1.38972,1.65,1.50
2011.03.25 03:21:05.670,1.38947,1.38972,1.13,1.50
2011.03.25 03:21:05.888,1.38946,1.38972,1.08,1.50
2011.03.25 03:21:06.681,1.38949,1.38972,1.65,1.50
2011.03.25 03:21:07.071,1.38946,1.3897,1.45,1.50
2011.03.25 03:21:08.618,1.38949,1.3897,1.13,1.50
2011.03.25 03:21:08.839,1.38949,1.38972,2.03,1.50
2011.03.25 03:21:13.601,1.38949,1.3897,2.03,1.50
2011.03.25 03:21:13.710,1.3895,1.38972,1.13,1.50
2011.03.25 03:21:14.270,1.38949,1.38972,2.03,1.50
2011.03.25 03:21:24.479,1.38949,1.38972,2.03,1.50
2011.03.25 03:21:43.951,1.38954,1.38972,1.13,1.50
2011.03.25 03:21:44.172,1.38956,1.38976,1.65,1.50
2011.03.25 03:21:44.280,1.38951,1.38976,1.13,1.50
2011.03.25 03:21:44.500,1.38952,1.38976,1.65,1.50
2011.03.25 03:21:45.048,1.3895,1.38976,2.43,2.25
2011.03.25 03:22:03.908,1.3895,1.38976,2.05,1.50
2011.03.25 03:22:12.668,1.3895,1.38976,3.70,1.50
2011.03.25 03:22:13.250,1.3895,1.38976,3.10,2.25
2011.03.25 03:22:13.471,1.3895,1.38976,1.45,2.25
2011.03.25 03:22:13.689,1.38951,1.38977,1.45,1.50
2011.03.25 03:22:13.911,1.3895,1.38977,1.45,1.50
2011.03.25 03:22:14.019,1.38949,1.38976,1.45,1.50
2011.03.25 03:22:15.378,1.38949,1.38975,1.45,1.50
2011.03.25 03:22:20.350,1.3895,1.38976,1.45,1.50
2011.03.25 03:22:20.574,1.38953,1.38978,1.45,1.50
2011.03.25 03:22:24.532,1.38953,1.38977,1.45,1.50
2011.03.25 03:22:25.669,1.38953,1.38977,1.45,1.50
2011.03.25 03:22:41.664,1.38953,1.38981,1.45,3.15
2011.03.25 03:22:42.257,1.38957,1.38981,1.45,1.50
2011.03.25 03:22:49.411,1.38957,1.38981,1.45,1.50
2011.03.25 03:22:50.491,1.38955,1.38979,2.20,1.50
2011.03.25 03:22:50.711,1.38957,1.3898,1.45,2.40
2011.03.25 03:22:52.568,1.38953,1.38979,1.45,1.50
2011.03.25 03:22:53.380,1.38953,1.38979,1.45,1.50
2011.03.25 03:22:56.440,1.38952,1.38978,1.45,1.50
2011.03.25 03:23:10.022,1.38955,1.38978,2.40,1.50
2011.03.25 03:23:10.241,1.38955,1.3898,3.10,1.50
2011.03.25 03:23:10.569,1.38957,1.38983,1.13,1.50
2011.03.25 03:23:10.679,1.38958,1.38986,1.08,1.50
2011.03.25 03:23:11.880,1.38959,1.38985,1.45,1.50
2011.03.25 03:23:12.838,1.38959,1.38987,1.45,1.50
2011.03.25 03:23:13.388,1.38957,1.38987,1.83,2.25
2011.03.25 03:23:13.950,1.38957,1.38985,1.83,1.50
2011.03.25 03:23:15.400,1.38957,1.38978,1.45,2.40
2011.03.25 03:23:15.510,1.38958,1.38978,1.45,2.40
2011.03.25 03:23:17.318,1.38957,1.38978,1.45,2.40
2011.03.25 03:23:17.429,1.38956,1.38983,1.45,1.50
2011.03.25 03:23:17.870,1.38955,1.38978,1.45,1.50
2011.03.25 03:23:17.982,1.38952,1.38977,3.10,1.50
2011.03.25 03:23:18.528,1.3895,1.38979,1.35,2.25
2011.03.25 03:23:27.619,1.3895,1.38979,1.35,1.50
2011.03.25 03:23:27.840,1.38957,1.38975,1.65,1.50
2011.03.25 03:23:28.061,1.38952,1.38978,2.40,1.50
2011.03.25 03:23:28.610,1.38952,1.38978,2.40,2.25
2011.03.25 03:23:38.270,1.38955,1.3898,3.10,1.50
2011.03.25 03:23:52.570,1.38957,1.38985,1.45,1.50
2011.03.25 03:24:00.930,1.38957,1.38983,1.45,1.50
2011.03.25 03:24:01.040,1.38955,1.38978,1.50,1.50
2011.03.25 03:24:01.150,1.38954,1.38978,1.45,1.50
2011.03.25 03:24:01.369,1.38954,1.38981,1.45,1.50
2011.03.25 03:24:01.479,1.38954,1.38984,1.45,1.50
2011.03.25 03:24:01.809,1.38955,1.38984,1.45,1.50
2011.03.25 03:24:06.359,1.38955,1.38983,2.20,1.50
2011.03.25 03:24:06.470,1.38953,1.3898,1.45,2.25
2011.03.25 03:24:10.400,1.38955,1.38983,2.20,1.50
2011.03.25 03:24:10.729,1.38957,1.38982,1.45,1.50
2011.03.25 03:24:11.278,1.3895,1.3898,1.45,1.50
2011.03.25 03:24:15.809,1.3895,1.38972,1.45,1.50
2011.03.25 03:24:15.919,1.38945,1.38973,1.45,1.50
2011.03.25 03:24:16.669,1.38945,1.38974,1.45,1.50
2011.03.25 03:24:17.110,1.38952,1.3898,1.45,3.15
2011.03.25 03:24:17.439,1.38957,1.38981,1.45,3.15
2011.03.25 03:24:23.930,1.38957,1.38981,1.45,1.50
2011.03.25 03:24:24.259,1.38956,1.38981,1.45,1.50
2011.03.25 03:24:24.479,1.38957,1.38981,1.45,1.50
2011.03.25 03:24:33.639,1.38957,1.38981,1.45,1.50
2011.03.25 03:24:44.578,1.38957,1.38982,1.45,2.40
2011.03.25 03:24:44.908,1.38957,1.38981,1.45,1.50
2011.03.25 03:24:49.979,1.38957,1.38983,1.45,2.25
2011.03.25 03:25:06.089,1.38957,1.38981,1.45,1.50
2011.03.25 03:25:08.179,1.38957,1.38983,1.45,2.25
2011.03.25 03:25:08.288,1.38957,1.38982,1.45,1.50
2011.03.25 03:25:11.938,1.38957,1.38982,1.45,1.50
2011.03.25 03:25:22.482,1.38959,1.38982,1.35,2.25
2011.03.25 03:25:22.590,1.38959,1.38987,2.10,2.25
2011.03.25 03:25:22.810,1.38959,1.38985,2.10,1.50
2011.03.25 03:25:23.542,1.38961,1.38985,1.45,1.50
2011.03.25 03:25:24.083,1.38961,1.38987,1.45,1.50
2011.03.25 03:25:27.669,1.38961,1.38989,1.45,1.50
2011.03.25 03:25:28.351,1.38964,1.38991,1.45,1.50
2011.03.25 03:25:35.880,1.38964,1.38991,1.45,1.50
2011.03.25 03:25:49.350,1.38962,1.38987,1.45,1.50
2011.03.25 03:26:02.690,1.38963,1.38987,1.45,1.50
2011.03.25 03:26:03.239,1.38963,1.38989,1.45,1.50
2011.03.25 03:26:07.380,1.38963,1.38989,1.45,1.50
2011.03.25 03:26:07.709,1.38966,1.38992,1.45,1.50
2011.03.25 03:26:10.051,1.38966,1.38992,1.45,1.50
2011.03.25 03:26:10.380,1.38966,1.38993,1.45,1.50
2011.03.25 03:26:10.710,1.38962,1.3899,1.45,1.50
2011.03.25 03:26:13.431,1.38958,1.38984,1.45,1.50
2011.03.25 03:26:16.590,1.38958,1.38982,1.45,1.50
2011.03.25 03:26:18.379,1.38958,1.38982,1.45,1.50
2011.03.25 03:26:19.214,1.38954,1.38981,1.45,1.50
2011.03.25 03:26:19.331,1.38954,1.38979,1.45,1.50
2011.03.25 03:26:19.440,1.38955,1.38979,1.45,1.50
2011.03.25 03:26:19.661,1.38955,1.3898,1.45,1.50
2011.03.25 03:26:28.300,1.38955,1.38981,1.45,2.25
2011.03.25 03:26:28.520,1.38954,1.3898,1.45,1.50
2011.03.25 03:26:40.990,1.38955,1.38981,1.45,1.50
2011.03.25 03:26:41.211,1.38959,1.38984,1.45,1.50
2011.03.25 03:26:41.758,1.38959,1.38986,1.45,1.50
2011.03.25 03:26:45.780,1.38963,1.3899,1.45,1.50
2011.03.25 03:26:49.251,1.38961,1.38989,2.20,1.50
2011.03.25 03:26:54.012,1.38962,1.3899,1.45,1.50
2011.03.25 03:27:01.300,1.38961,1.38989,2.20,1.50
2011.03.25 03:27:01.630,1.38963,1.38989,1.45,1.50
2011.03.25 03:27:01.851,1.38963,1.3899,1.45,1.50
2011.03.25 03:27:02.182,1.38958,1.38988,1.45,1.50
2011.03.25 03:27:02.755,1.38953,1.38981,1.45,1.50
2011.03.25 03:27:04.558,1.38953,1.3898,1.45,1.50
2011.03.25 03:27:04.889,1.38952,1.38978,1.45,1.50
2011.03.25 03:27:08.901,1.3895,1.38976,1.45,1.50
2011.03.25 03:27:09.294,1.38944,1.38972,2.20,1.50
2011.03.25 03:27:14.612,1.38944,1.38969,1.50,1.50
2011.03.25 03:27:17.260,1.38944,1.38969,1.50,1.50
2011.03.25 03:27:17.590,1.38944,1.38969,1.50,1.50
2011.03.25 03:27:19.090,1.38944,1.38969,1.50,2.25
2011.03.25 03:27:27.399,1.38944,1.38968,1.50,1.50
2011.03.25 03:27:31.559,1.38944,1.38967,1.50,1.50
2011.03.25 03:27:43.520,1.38944,1.38959,1.50,1.50
2011.03.25 03:27:43.849,1.38944,1.38959,1.50,1.50
2011.03.25 03:27:46.409,1.38941,1.38959,1.45,1.50
2011.03.25 03:27:46.519,1.3894,1.38959,1.45,1.50
2011.03.25 03:27:57.570,1.38941,1.38959,1.60,1.50
2011.03.25 03:27:57.680,1.38941,1.38961,1.60,1.50
2011.03.25 03:27:57.789,1.38941,1.38961,1.60,1.50
2011.03.25 03:27:57.900,1.38944,1.38959,1.45,1.50
2011.03.25 03:28:05.111,1.38942,1.38956,1.45,1.50
2011.03.25 03:28:05.222,1.3894,1.38956,1.45,1.50
2011.03.25 03:28:05.332,1.3894,1.38954,1.45,1.50
2011.03.25 03:28:05.660,1.38934,1.38954,1.45,1.50
2011.03.25 03:28:06.430,1.38932,1.38953,1.45,1.50
2011.03.25 03:28:09.359,1.38932,1.38953,1.60,1.50
2011.03.25 03:28:15.320,1.38932,1.38948,1.45,1.50
2011.03.25 03:28:15.869,1.38927,1.38948,3.25,1.50
2011.03.25 03:28:30.821,1.38934,1.38948,1.45,1.50
2011.03.25 03:28:30.932,1.38934,1.3895,1.60,1.50
2011.03.25 03:28:31.042,1.38936,1.3895,1.45,1.50
2011.03.25 03:28:31.370,1.38941,1.38954,1.45,1.50
2011.03.25 03:28:31.480,1.38941,1.38964,1.45,1.50
2011.03.25 03:28:31.591,1.38941,1.3896,1.45,1.50
2011.03.25 03:28:31.921,1.38931,1.3896,1.45,2.25
2011.03.25 03:28:32.033,1.38934,1.3896,2.40,3.00
2011.03.25 03:28:32.263,1.38931,1.38956,1.45,2.25
2011.03.25 03:28:35.880,1.3893,1.38955,1.45,1.50
2011.03.25 03:28:36.402,1.38931,1.38956,1.45,1.50
2011.03.25 03:28:37.630,1.38931,1.38958,1.45,1.50
2011.03.25 03:28:37.961,1.38931,1.38958,1.45,1.50
2011.03.25 03:28:38.182,1.38935,1.38962,1.45,1.50
2011.03.25 03:28:38.290,1.38935,1.38965,1.45,1.50
2011.03.25 03:28:38.511,1.38939,1.38965,1.50,1.50
2011.03.25 03:28:38.839,1.38942,1.38967,1.45,1.50
2011.03.25 03:28:41.691,1.3894,1.38971,1.45,1.50
2011.03.25 03:28:43.781,1.38943,1.38971,1.45,1.50
2011.03.25 03:28:51.900,1.38943,1.38971,1.45,1.50
2011.03.25 03:28:52.339,1.38947,1.38973,2.40,1.50
2011.03.25 03:28:52.801,1.38947,1.38973,1.65,1.50
2011.03.25 03:28:53.020,1.38944,1.38973,1.50,1.50
2011.03.25 03:28:53.242,1.38938,1.38967,1.45,1.50
2011.03.25 03:28:53.462,1.38937,1.38962,1.45,1.50
2011.03.25 03:28:53.680,1.38931,1.38961,1.45,1.50
2011.03.25 03:28:54.236,1.38934,1.38962,2.20,1.50
2011.03.25 03:29:10.273,1.38932,1.38961,1.45,1.50
2011.03.25 03:29:27.260,1.38931,1.38961,1.45,1.50
2011.03.25 03:29:32.810,1.38927,1.38954,1.45,1.50
2011.03.25 03:29:35.692,1.38927,1.38954,1.45,1.50
2011.03.25 03:29:46.629,1.38927,1.38954,3.10,1.50
2011.03.25 03:29:47.069,1.38935,1.38957,2.40,1.50
2011.03.25 03:29:49.502,1.38935,1.38957,1.65,1.50
2011.03.25 03:29:49.832,1.38938,1.38958,1.35,1.50
2011.03.25 03:29:49.942,1.38946,1.38963,2.40,1.50
2011.03.25 03:29:50.162,1.38943,1.38966,1.45,2.25
2011.03.25 03:29:50.270,1.38942,1.38966,1.45,2.25
2011.03.25 03:29:51.041,1.38942,1.38967,1.45,1.50
2011.03.25 03:29:54.867,1.38945,1.38973,1.45,1.50
2011.03.25 03:29:56.269,1.38945,1.38973,1.45,1.50
2011.03.25 03:29:59.199,1.38945,1.38973,1.45,1.50
2011.03.25 03:29:59.530,1.38945,1.38971,1.45,1.50
2011.03.25 03:29:59.642,1.38943,1.38967,2.20,1.50
2011.03.25 03:29:59.751,1.38943,1.38964,1.50,1.50
2011.03.25 03:29:59.970,1.38938,1.38961,1.45,1.50
2011.03.25 03:30:00.081,1.38936,1.38959,2.20,1.65
2011.03.25 03:30:00.192,1.38934,1.38959,1.45,2.40
2011.03.25 03:30:00.411,1.38934,1.3896,1.45,1.50
2011.03.25 03:30:02.850,1.38934,1.38959,1.45,1.50
2011.03.25 03:30:03.261,1.38934,1.38959,1.45,1.50
2011.03.25 03:30:04.529,1.38934,1.38959,1.45,1.50
2011.03.25 03:30:05.079,1.38932,1.38958,1.45,1.50
2011.03.25 03:30:06.439,1.38931,1.38958,1.45,1.50
2011.03.25 03:30:06.769,1.38932,1.38958,1.45,1.50
2011.03.25 03:30:08.130,1.38932,1.38959,1.45,1.50
2011.03.25 03:30:08.699,1.38935,1.38961,1.45,1.50
2011.03.25 03:30:14.531,1.38933,1.38959,1.45,1.50
2011.03.25 03:30:14.861,1.38932,1.38955,1.45,2.40
2011.03.25 03:30:15.631,1.38931,1.38955,1.45,2.40
2011.03.25 03:30:22.331,1.38932,1.38959,1.45,1.50
2011.03.25 03:30:22.442,1.38932,1.38959,1.45,1.50
2011.03.25 03:30:22.771,1.38936,1.38959,2.40,1.50
2011.03.25 03:30:23.209,1.38938,1.38965,2.40,1.50
2011.03.25 03:30:25.890,1.38941,1.38965,1.45,1.50
2011.03.25 03:30:26.375,1.38941,1.38965,1.45,1.50
2011.03.25 03:30:31.267,1.3894,1.38965,1.45,1.50
2011.03.25 03:30:33.137,1.38941,1.38965,1.45,1.50
2011.03.25 03:30:43.693,1.38943,1.38967,1.35,1.50
2011.03.25 03:30:44.021,1.38951,1.38972,2.40,2.25
2011.03.25 03:30:44.240,1.38951,1.38973,2.40,1.50
2011.03.25 03:30:48.427,1.3895,1.38974,2.40,1.50
2011.03.25 03:30:53.377,1.3895,1.38974,2.40,1.50
2011.03.25 03:30:56.570,1.3895,1.38974,2.40,1.50
2011.03.25 03:30:56.900,1.3895,1.38971,2.40,2.25
2011.03.25 03:31:00.181,1.38949,1.3897,2.40,1.50
2011.03.25 03:31:00.510,1.38951,1.38974,2.40,1.50
2011.03.25 03:31:00.620,1.38951,1.38974,2.40,1.50
2011.03.25 03:31:00.949,1.3895,1.38974,2.40,1.50
2011.03.25 03:31:06.130,1.3895,1.38974,1.65,1.50
2011.03.25 03:31:06.680,1.38943,1.38969,1.50,1.50
2011.03.25 03:31:06.789,1.38942,1.38969,1.45,1.50
2011.03.25 03:31:07.243,1.38942,1.38965,1.45,1.50
2011.03.25 03:31:08.069,1.38939,1.38965,1.45,1.50
2011.03.25 03:31:08.179,1.38937,1.38966,3.70,1.50
2011.03.25 03:31:08.403,1.38937,1.38966,1.45,2.25
2011.03.25 03:31:08.950,1.38936,1.38961,1.35,1.50
2011.03.25 03:31:12.347,1.38936,1.38961,3.00,1.50
2011.03.25 03:31:17.600,1.38936,1.38961,3.00,1.50
2011.03.25 03:31:18.159,1.38936,1.38961,3.00,1.50
2011.03.25 03:31:18.621,1.38936,1.38963,3.00,1.50
2011.03.25 03:31:18.951,1.38937,1.38968,2.40,1.50
2011.03.25 03:31:19.171,1.38941,1.38968,1.65,1.50
2011.03.25 03:31:19.281,1.38941,1.38968,2.40,2.25
2011.03.25 03:31:19.500,1.38941,1.38967,3.10,1.50
2011.03.25 03:31:20.073,1.38941,1.38967,3.10,1.50
2011.03.25 03:31:26.099,1.38942,1.3897,1.45,1.50
2011.03.25 03:31:48.860,1.38942,1.38968,1.45,1.50
2011.03.25 03:31:49.599,1.38942,1.38968,1.45,1.50
2011.03.25 03:32:02.559,1.38942,1.38965,1.45,1.50
2011.03.25 03:32:03.810,1.38942,1.38965,1.45,1.50
2011.03.25 03:32:04.738,1.38942,1.38965,1.45,1.50
2011.03.25 03:32:20.410,1.38941,1.38966,3.10,1.50
2011.03.25 03:32:21.346,1.38941,1.38966,2.35,1.50
2011.03.25 03:32:21.679,1.38946,1.38966,1.65,1.50
2011.03.25 03:32:21.789,1.38946,1.3897,2.35,1.50
2011.03.25 03:32:22.340,1.38944,1.3897,1.45,1.50
2011.03.25 03:32:22.451,1.38942,1.38968,2.40,1.50
2011.03.25 03:32:23.063,1.38943,1.3897,1.45,1.50
2011.03.25 03:32:23.720,1.38947,1.38973,1.45,1.50
2011.03.25 03:32:32.819,1.38947,1.38973,1.45,1.50
2011.03.25 03:32:36.856,1.38947,1.38973,2.20,1.50
2011.03.25 03:32:39.810,1.38947,1.38973,1.45,1.50
2011.03.25 03:32:43.016,1.38947,1.38973,2.20,1.50
2011.03.25 03:32:46.819,1.38947,1.38973,1.45,1.50
2011.03.25 03:32:47.612,1.38947,1.38973,2.20,1.50
2011.03.25 03:32:48.186,1.38949,1.38975,1.45,2.25
2011.03.25 03:32:48.632,1.38956,1.38977,2.40,1.50
2011.03.25 03:32:49.358,1.38956,1.38978,2.40,1.50
2011.03.25 03:32:49.698,1.38958,1.38981,1.35,1.50
2011.03.25 03:32:49.813,1.38961,1.38987,1.50,2.40
2011.03.25 03:32:49.924,1.38962,1.3899,1.45,1.50
2011.03.25 03:33:01.061,1.38963,1.3899,1.45,1.50
2011.03.25 03:33:01.861,1.38965,1.38993,2.20,1.50
2011.03.25 03:33:06.752,1.38965,1.38993,1.45,1.50
2011.03.25 03:33:07.081,1.38965,1.38992,2.20,2.40
2011.03.25 03:33:07.300,1.38966,1.38993,1.45,1.50
2011.03.25 03:33:13.335,1.38965,1.38994,2.20,1.50
2011.03.25 03:33:16.549,1.38965,1.38993,1.45,1.50
2011.03.25 03:33:17.100,1.38967,1.38993,1.45,1.50
2011.03.25 03:33:18.809,1.38965,1.38993,1.45,1.50
2011.03.25 03:33:19.141,1.38965,1.38989,1.65,1.50
2011.03.25 03:33:19.670,1.38967,1.38989,1.65,1.50
2011.03.25 03:33:20.484,1.38968,1.38989,1.65,1.50
2011.03.25 03:33:20.606,1.38964,1.38989,2.40,1.50
2011.03.25 03:33:23.235,1.38964,1.38989,1.65,1.50
2011.03.25 03:33:24.710,1.38967,1.38989,1.35,1.50
2011.03.25 03:33:25.041,1.38974,1.38991,2.40,1.50
2011.03.25 03:33:25.151,1.38969,1.38993,1.45,1.50
2011.03.25 03:33:25.261,1.38968,1.38993,1.45,1.50
2011.03.25 03:33:27.200,1.38969,1.38994,1.45,1.50
2011.03.25 03:33:27.641,1.38973,1.38993,1.65,1.50
2011.03.25 03:33:28.311,1.38969,1.38993,3.10,1.50
2011.03.25 03:33:32.700,1.38969,1.38993,2.35,1.50
2011.03.25 03:33:35.070,1.38966,1.38993,1.45,1.50
2011.03.25 03:33:35.181,1.38966,1.38993,1.45,3.15
2011.03.25 03:33:47.707,1.38969,1.38992,1.45,2.40
2011.03.25 03:34:00.549,1.38969,1.38992,1.45,2.40
2011.03.25 03:34:00.769,1.38968,1.38992,1.45,2.40
2011.03.25 03:34:01.549,1.38966,1.3899,1.45,1.50
2011.03.25 03:34:03.349,1.38966,1.38991,1.45,1.50
2011.03.25 03:34:18.070,1.38964,1.38988,2.40,1.50
2011.03.25 03:34:18.620,1.38964,1.38987,2.40,1.50
2011.03.25 03:34:27.820,1.38964,1.38988,2.40,1.50
2011.03.25 03:34:31.769,1.38964,1.38988,2.40,1.50
2011.03.25 03:34:32.443,1.38964,1.38987,2.40,1.50
2011.03.25 03:34:33.022,1.38961,1.38986,1.45,1.50
2011.03.25 03:34:33.240,1.38959,1.38984,2.40,1.50
2011.03.25 03:34:33.460,1.38959,1.38988,2.40,2.25
2011.03.25 03:34:33.681,1.38959,1.38988,2.40,1.50
2011.03.25 03:34:34.011,1.38962,1.38989,1.45,1.50
2011.03.25 03:34:34.121,1.38962,1.3899,1.45,2.25
2011.03.25 03:34:34.341,1.38962,1.3899,1.45,1.50
2011.03.25 03:34:34.780,1.38973,1.38995,1.65,2.25
2011.03.25 03:34:35.005,1.38973,1.38995,2.40,1.50
2011.03.25 03:34:37.490,1.38973,1.38992,1.65,1.50
2011.03.25 03:34:38.039,1.38968,1.38992,2.40,1.50
2011.03.25 03:34:40.240,1.38968,1.38995,2.40,1.50
2011.03.25 03:34:40.789,1.38973,1.38995,1.65,2.25
2011.03.25 03:35:03.720,1.38973,1.38995,1.65,2.25
2011.03.25 03:35:04.379,1.38973,1.38995,2.40,1.50
2011.03.25 03:35:06.784,1.38973,1.38995,2.40,2.25
2011.03.25 03:35:07.330,1.38973,1.38993,1.65,1.50
2011.03.25 03:35:07.842,1.38969,1.38993,1.45,1.50
2011.03.25 03:35:09.089,1.38969,1.38993,1.45,1.50
2011.03.25 03:35:11.540,1.3897,1.38995,1.45,1.50
2011.03.25 03:35:11.980,1.38973,1.38996,1.45,1.50
2011.03.25 03:35:13.531,1.38973,1.38996,1.45,1.50
2011.03.25 03:35:15.509,1.38973,1.38996,1.45,1.50
2011.03.25 03:35:16.060,1.38973,1.38996,1.45,1.50
2011.03.25 03:35:19.689,1.38973,1.38996,1.45,1.50
2011.03.25 03:35:20.021,1.38973,1.38996,3.10,1.50
2011.03.25 03:35:20.793,1.38973,1.39,1.45,1.50
2011.03.25 03:35:21.010,1.38976,1.39,2.40,1.50
2011.03.25 03:35:21.231,1.38974,1.39,2.40,1.50
2011.03.25 03:35:21.561,1.38977,1.39,2.40,1.50
2011.03.25 03:35:22.680,1.38978,1.39,1.65,1.50
2011.03.25 03:35:22.793,1.38974,1.39,2.40,1.50
2011.03.25 03:35:23.120,1.38977,1.39,1.65,1.50
2011.03.25 03:35:23.232,1.38974,1.39,2.40,1.50
2011.03.25 03:35:23.342,1.38978,1.39,1.65,1.50
2011.03.25 03:35:23.451,1.38972,1.38997,1.45,1.50
2011.03.25 03:35:23.782,1.38969,1.38996,1.45,1.50
2011.03.25 03:35:24.441,1.38968,1.38992,1.45,1.50
2011.03.25 03:35:24.991,1.38968,1.38992,2.20,1.50
2011.03.25 03:35:25.541,1.3897,1.38996,1.45,1.50
2011.03.25 03:35:25.650,1.38972,1.38996,1.65,1.50
2011.03.25 03:35:26.195,1.38973,1.38998,2.35,1.50
2011.03.25 03:35:26.424,1.38974,1.38999,1.45,1.50
2011.03.25 03:35:26.870,1.38975,1.38999,1.65,1.50
2011.03.25 03:35:29.210,1.38972,1.38999,3.10,1.50
2011.03.25 03:35:33.221,1.38972,1.38998,3.10,1.50
2011.03.25 03:35:48.301,1.38972,1.38995,1.65,1.50
2011.03.25 03:35:48.411,1.3897,1.38995,1.45,1.50
2011.03.25 03:35:54.411,1.3897,1.38995,1.45,1.50
2011.03.25 03:35:59.530,1.38968,1.38992,3.10,1.50
2011.03.25 03:35:59.860,1.38964,1.38989,1.45,1.50
2011.03.25 03:36:01.374,1.38964,1.38989,1.45,1.50
2011.03.25 03:36:01.712,1.38961,1.38987,1.45,1.50
2011.03.25 03:36:01.821,1.38963,1.38988,1.45,1.50
2011.03.25 03:36:02.041,1.38961,1.38986,1.45,2.25
2011.03.25 03:36:02.590,1.3896,1.38985,1.45,1.50
2011.03.25 03:36:04.289,1.38959,1.38982,1.45,1.50
2011.03.25 03:36:06.120,1.38969,1.38982,1.65,1.50
2011.03.25 03:36:06.451,1.38969,1.38985,2.40,1.50
2011.03.25 03:36:06.564,1.38969,1.3899,2.40,1.50
2011.03.25 03:36:06.681,1.38964,1.38991,1.45,1.50
2011.03.25 03:36:06.902,1.38966,1.38991,2.20,1.50
2011.03.25 03:36:07.231,1.38969,1.38993,2.40,2.25
2011.03.25 03:36:07.341,1.38973,1.38993,1.65,1.50
2011.03.25 03:36:09.590,1.38968,1.38991,3.10,1.50
2011.03.25 03:36:10.117,1.38968,1.38991,3.10,1.50
2011.03.25 03:36:11.431,1.38968,1.38991,3.10,1.50
2011.03.25 03:36:12.721,1.38966,1.38991,1.45,1.50
2011.03.25 03:36:13.381,1.38967,1.38991,1.45,1.50
2011.03.25 03:36:13.930,1.38966,1.38991,2.20,1.50
2011.03.25 03:36:18.851,1.3897,1.38993,2.40,2.25
2011.03.25 03:36:21.071,1.3897,1.38995,2.40,1.50
2011.03.25 03:36:28.920,1.38975,1.38996,1.65,1.50
2011.03.25 03:36:29.591,1.38975,1.38995,1.65,1.50
2011.03.25 03:36:30.140,1.38972,1.38995,1.45,1.50
2011.03.25 03:36:35.983,1.38969,1.38996,1.45,2.25
2011.03.25 03:36:36.203,1.38964,1.38992,1.45,1.50
2011.03.25 03:36:36.316,1.38961,1.38989,1.45,1.50
2011.03.25 03:36:36.434,1.38958,1.38982,2.35,1.50
2011.03.25 03:36:36.663,1.38953,1.38983,2.40,1.50
2011.03.25 03:36:37.101,1.38953,1.38983,2.40,1.50
2011.03.25 03:36:38.096,1.3895,1.38978,2.40,1.50
2011.03.25 03:36:38.431,1.38952,1.38977,1.45,1.50
2011.03.25 03:36:39.092,1.38964,1.38979,2.40,1.50
2011.03.25 03:36:39.313,1.38953,1.38978,1.65,1.50
2011.03.25 03:36:39.750,1.3895,1.38976,2.40,1.50
2011.03.25 03:36:40.080,1.3895,1.38976,2.40,1.50
2011.03.25 03:36:42.090,1.3895,1.38976,2.40,1.50
2011.03.25 03:36:42.200,1.3896,1.38976,2.40,1.50
2011.03.25 03:36:42.420,1.3896,1.38976,1.65,1.50
2011.03.25 03:36:42.530,1.3896,1.38978,1.65,2.25
2011.03.25 03:36:42.750,1.38952,1.38978,1.45,1.50
2011.03.25 03:36:42.969,1.38952,1.38978,1.45,1.50
2011.03.25 03:36:55.314,1.38952,1.38978,1.45,1.50
2011.03.25 03:37:00.080,1.38952,1.38976,1.45,1.50
2011.03.25 03:37:00.410,1.38952,1.38976,1.45,1.50
2011.03.25 03:37:00.522,1.38952,1.38978,1.45,1.50
2011.03.25 03:37:00.739,1.38951,1.38974,2.40,1.50
2011.03.25 03:37:00.849,1.38951,1.38974,1.65,1.50
2011.03.25 03:37:24.760,1.38951,1.38973,1.65,1.50
2011.03.25 03:37:24.870,1.38947,1.38973,1.45,1.50
2011.03.25 03:37:24.979,1.38947,1.38973,1.45,1.50
2011.03.25 03:37:26.591,1.38948,1.38973,2.40,1.50
2011.03.25 03:37:26.813,1.3895,1.38973,1.50,1.50
2011.03.25 03:37:27.141,1.38952,1.38976,1.45,1.50
2011.03.25 03:37:27.359,1.38952,1.38976,1.45,1.50
2011.03.25 03:37:29.259,1.38952,1.38976,1.45,1.50
2011.03.25 03:37:30.829,1.38952,1.38976,1.45,1.50
2011.03.25 03:37:36.409,1.38952,1.38976,1.45,1.50
2011.03.25 03:37:49.870,1.38952,1.38976,1.45,1.50
2011.03.25 03:37:52.740,1.38952,1.38979,3.10,1.50
2011.03.25 03:37:52.851,1.38952,1.38979,1.45,1.50
2011.03.25 03:37:52.961,1.38947,1.38977,1.45,1.50
2011.03.25 03:37:53.182,1.38944,1.38971,2.40,1.50
2011.03.25 03:37:54.240,1.38944,1.38971,2.40,1.50
2011.03.25 03:37:54.460,1.38946,1.38971,1.65,2.25
2011.03.25 03:37:54.570,1.38944,1.38971,2.40,2.25
2011.03.25 03:37:55.261,1.38944,1.38971,2.40,1.50
2011.03.25 03:37:55.482,1.38952,1.38971,2.40,1.50
2011.03.25 03:37:55.813,1.38941,1.3897,2.20,1.50
2011.03.25 03:37:55.921,1.38941,1.3897,1.50,2.10
2011.03.25 03:37:56.252,1.38936,1.3896,1.45,1.50
2011.03.25 03:37:56.580,1.38933,1.38959,1.45,1.50
2011.03.25 03:37:57.130,1.38933,1.38958,1.45,1.50
2011.03.25 03:37:58.780,1.38933,1.38958,1.45,1.50
2011.03.25 03:38:00.320,1.38944,1.38959,2.40,1.50
2011.03.25 03:38:00.432,1.38944,1.38959,2.40,1.50
2011.03.25 03:38:00.545,1.38944,1.38963,2.40,1.50
2011.03.25 03:38:00.663,1.38936,1.38966,1.45,1.50
2011.03.25 03:38:00.771,1.38937,1.38966,1.45,1.50
2011.03.25 03:38:05.540,1.3894,1.38962,1.65,1.50
2011.03.25 03:38:05.653,1.3894,1.38966,2.35,1.50
2011.03.25 03:38:05.771,1.3894,1.38967,3.10,2.25
2011.03.25 03:38:05.880,1.3894,1.38967,3.10,2.25
2011.03.25 03:38:10.769,1.3894,1.38967,3.10,1.50
2011.03.25 03:38:12.129,1.3894,1.38967,3.10,1.50
2011.03.25 03:38:14.571,1.3894,1.38965,3.10,1.50
2011.03.25 03:38:16.120,1.3894,1.38966,1.45,1.50
2011.03.25 03:38:19.751,1.3894,1.38967,1.45,2.25
2011.03.25 03:38:20.191,1.38937,1.38963,1.45,1.50
2011.03.25 03:38:20.302,1.38937,1.38963,1.45,1.50
2011.03.25 03:38:20.413,1.38942,1.38971,1.45,1.50
2011.03.25 03:38:20.631,1.38944,1.38971,1.45,1.50
2011.03.25 03:38:21.072,1.38944,1.38971,1.45,1.50
2011.03.25 03:38:21.619,1.38941,1.38971,2.20,1.50
2011.03.25 03:38:22.942,1.38946,1.38974,1.45,1.50
2011.03.25 03:38:23.632,1.38949,1.38977,1.45,1.50
2011.03.25 03:38:30.671,1.38951,1.38977,1.45,1.50
2011.03.25 03:38:30.891,1.38953,1.38981,2.20,1.50
2011.03.25 03:38:31.114,1.38954,1.3898,1.45,2.25
2011.03.25 03:38:31.450,1.38953,1.38979,1.45,1.50
2011.03.25 03:38:31.780,1.38951,1.38978,1.45,1.50
2011.03.25 03:38:32.660,1.38951,1.38977,1.45,1.50
2011.03.25 03:38:33.252,1.38951,1.38978,1.45,1.50
2011.03.25 03:38:33.940,1.3895,1.38978,1.45,1.50
2011.03.25 03:38:34.051,1.38951,1.38978,1.45,1.50
2011.03.25 03:38:34.380,1.3895,1.38978,1.45,1.50
2011.03.25 03:38:34.931,1.38947,1.38975,1.45,1.50
2011.03.25 03:38:36.163,1.38947,1.38973,1.45,1.50
2011.03.25 03:38:36.709,1.38944,1.38971,1.45,1.50
2011.03.25 03:38:37.521,1.38944,1.38972,1.45,1.50
2011.03.25 03:38:41.541,1.38944,1.38972,1.45,1.50
2011.03.25 03:38:41.983,1.38949,1.38976,1.45,1.50
2011.03.25 03:38:44.771,1.38949,1.38973,1.45,1.50
2011.03.25 03:38:45.771,1.38946,1.38973,1.45,1.50
2011.03.25 03:38:48.579,1.38946,1.38973,1.45,1.50
2011.03.25 03:38:48.691,1.38942,1.3897,1.45,1.50
2011.03.25 03:38:49.130,1.38942,1.3897,1.45,1.50
2011.03.25 03:38:53.652,1.38942,1.3897,1.45,1.50
2011.03.25 03:39:01.379,1.38942,1.3897,1.45,1.50
2011.03.25 03:39:13.250,1.38945,1.38973,1.45,1.50
2011.03.25 03:39:16.451,1.38945,1.38971,1.45,1.50
2011.03.25 03:39:17.001,1.38942,1.38968,1.45,1.50
2011.03.25 03:39:17.669,1.38944,1.38971,1.45,1.50
2011.03.25 03:39:33.222,1.38944,1.38971,1.45,1.50
2011.03.25 03:39:33.892,1.38944,1.38971,1.45,1.50
2011.03.25 03:39:48.221,1.38948,1.38971,1.13,1.50
2011.03.25 03:39:48.332,1.38949,1.38971,1.13,1.50
2011.03.25 03:39:48.443,1.38944,1.38971,1.83,1.50
2011.03.25 03:39:48.550,1.38948,1.38975,1.45,1.50
2011.03.25 03:39:48.771,1.38948,1.38975,1.45,1.50
2011.03.25 03:40:04.280,1.38948,1.38975,1.45,1.50
2011.03.25 03:40:07.302,1.38941,1.38968,1.45,1.50
2011.03.25 03:40:07.960,1.38945,1.38972,1.45,1.50
2011.03.25 03:40:18.611,1.38945,1.38972,1.45,1.50
2011.03.25 03:40:28.443,1.38945,1.38971,1.45,1.50
2011.03.25 03:40:28.552,1.3894,1.38967,1.45,1.50
2011.03.25 03:40:28.881,1.3894,1.38967,1.45,1.50
2011.03.25 03:40:28.990,1.38938,1.38963,1.13,1.50
2011.03.25 03:40:31.745,1.38936,1.38963,1.45,1.50
2011.03.25 03:40:32.301,1.38933,1.38959,1.45,1.50
2011.03.25 03:40:33.531,1.38933,1.38959,1.45,1.50
2011.03.25 03:40:34.080,1.38933,1.38959,1.60,1.50
2011.03.25 03:40:34.600,1.38936,1.38963,1.45,1.50
2011.03.25 03:40:36.515,1.38928,1.38955,1.45,1.50
2011.03.25 03:40:36.742,1.38928,1.38959,2.20,1.50
2011.03.25 03:40:37.291,1.38934,1.38959,1.45,1.50
2011.03.25 03:40:37.514,1.3893,1.38959,1.45,2.25
2011.03.25 03:40:37.851,1.3893,1.38958,1.45,1.50
2011.03.25 03:40:37.960,1.38929,1.38958,1.45,1.50
2011.03.25 03:40:38.071,1.38929,1.38954,1.45,1.50
2011.03.25 03:40:38.400,1.38929,1.38954,1.45,1.50
2011.03.25 03:40:39.071,1.38929,1.38954,1.45,1.50
2011.03.25 03:40:39.512,1.38929,1.38954,1.45,1.50
2011.03.25 03:40:40.061,1.38929,1.38954,1.45,1.50
2011.03.25 03:40:42.171,1.3893,1.38959,1.45,1.50
2011.03.25 03:40:42.756,1.38929,1.38959,1.45,1.50
2011.03.25 03:40:43.893,1.3893,1.38959,1.45,1.50
2011.03.25 03:40:44.441,1.38934,1.38962,2.20,1.50
2011.03.25 03:40:45.870,1.38936,1.38962,1.45,1.50
2011.03.25 03:40:46.203,1.3895,1.38981,3.10,1.50
2011.03.25 03:40:46.422,1.38953,1.38984,1.45,1.50
2011.03.25 03:40:46.533,1.38953,1.38984,1.45,2.25
2011.03.25 03:40:46.751,1.38953,1.38982,1.45,1.50
2011.03.25 03:40:47.300,1.38957,1.38982,1.45,2.25
2011.03.25 03:40:48.071,1.38955,1.38982,1.45,1.50
2011.03.25 03:40:51.374,1.38957,1.38982,1.45,1.50
2011.03.25 03:40:51.490,1.38957,1.38982,1.45,1.50
2011.03.25 03:40:51.711,1.38957,1.38985,1.45,1.50
2011.03.25 03:40:52.260,1.3896,1.38985,1.45,1.50
2011.03.25 03:40:52.371,1.3896,1.38985,1.45,1.50
2011.03.25 03:40:53.029,1.3896,1.38985,1.45,1.50
2011.03.25 03:40:53.360,1.3896,1.38988,1.45,1.50
2011.03.25 03:40:53.472,1.3896,1.38988,1.45,1.50
2011.03.25 03:40:54.620,1.3896,1.38988,1.45,1.50
2011.03.25 03:40:54.951,1.3896,1.38988,1.45,1.50
2011.03.25 03:41:00.760,1.3896,1.38988,1.45,1.50
2011.03.25 03:41:00.871,1.3896,1.38988,1.45,1.50
2011.03.25 03:41:10.772,1.3896,1.38988,1.45,1.50
2011.03.25 03:41:10.991,1.3896,1.38988,1.45,1.50
2011.03.25 03:41:14.850,1.3896,1.38987,1.45,1.50
2011.03.25 03:41:15.179,1.3896,1.38984,1.45,1.50
2011.03.25 03:41:17.821,1.38958,1.38983,1.45,1.50
2011.03.25 03:41:18.281,1.38958,1.38983,1.45,1.50
2011.03.25 03:41:18.829,1.38958,1.38983,1.45,1.50
2011.03.25 03:41:20.452,1.38954,1.3898,1.45,1.50
2011.03.25 03:41:21.772,1.38952,1.38979,1.45,1.50
2011.03.25 03:41:22.210,1.38954,1.38979,1.45,1.50
2011.03.25 03:41:23.531,1.3895,1.38978,1.45,1.50
2011.03.25 03:41:25.292,1.3895,1.38977,1.45,1.50
2011.03.25 03:41:25.400,1.3895,1.38977,1.45,1.50
2011.03.25 03:41:28.920,1.3895,1.38977,1.45,1.50
2011.03.25 03:41:29.801,1.3895,1.38977,1.45,1.50
2011.03.25 03:41:30.461,1.3895,1.38977,1.45,1.50
2011.03.25 03:41:32.320,1.3895,1.38977,1.45,1.50
2011.03.25 03:41:37.360,1.38946,1.38972,1.45,1.50
2011.03.25 03:41:37.800,1.38946,1.38972,1.45,1.50
2011.03.25 03:41:39.890,1.38946,1.38972,1.45,1.50
2011.03.25 03:41:41.201,1.38942,1.38968,1.45,2.25
2011.03.25 03:41:41.312,1.38941,1.38968,1.45,1.50
2011.03.25 03:41:41.423,1.38936,1.38963,1.45,1.50
2011.03.25 03:41:41.533,1.38935,1.38963,1.45,1.50
2011.03.25 03:41:41.861,1.38931,1.38958,1.45,1.50
2011.03.25 03:41:43.586,1.38931,1.38956,1.45,1.50
2011.03.25 03:41:44.037,1.38931,1.38956,1.45,3.15
2011.03.25 03:41:44.151,1.38931,1.38958,1.45,1.50
2011.03.25 03:41:45.121,1.38931,1.38958,1.45,1.50
2011.03.25 03:41:46.671,1.38936,1.38958,2.25,1.50
2011.03.25 03:41:46.892,1.38943,1.38966,2.40,1.50
2011.03.25 03:41:47.003,1.38943,1.38968,2.40,1.50
2011.03.25 03:41:47.222,1.38938,1.38968,1.45,2.85
2011.03.25 03:41:47.331,1.38938,1.38964,1.45,1.65
2011.03.25 03:41:48.211,1.38938,1.38964,1.45,1.65
2011.03.25 03:41:49.271,1.38938,1.38964,1.45,1.65
2011.03.25 03:41:49.381,1.38938,1.38966,1.45,1.50
2011.03.25 03:41:49.932,1.38942,1.38968,1.45,2.25
2011.03.25 03:41:50.480,1.38942,1.38966,1.45,1.50
2011.03.25 03:41:50.810,1.38942,1.38969,1.45,1.50
2011.03.25 03:41:51.030,1.38942,1.38971,1.45,1.50
2011.03.25 03:41:56.684,1.38942,1.38971,1.45,1.50
2011.03.25 03:41:56.790,1.3894,1.38969,1.45,1.50
2011.03.25 03:41:57.120,1.38942,1.38969,1.45,1.50
2011.03.25 03:41:57.450,1.38946,1.38974,1.45,2.25
2011.03.25 03:41:57.561,1.38948,1.38974,1.45,2.25
2011.03.25 03:41:57.890,1.38949,1.38973,1.45,1.50
2011.03.25 03:41:58.329,1.3895,1.38975,1.45,1.50
2011.03.25 03:42:00.430,1.38948,1.38975,1.45,1.50
2011.03.25 03:42:00.760,1.38947,1.38975,1.45,1.50
2011.03.25 03:42:01.310,1.38947,1.38975,1.45,1.50
2011.03.25 03:42:08.851,1.38947,1.38975,1.45,1.50
2011.03.25 03:42:14.138,1.38948,1.38972,1.45,1.50
2011.03.25 03:42:14.257,1.38952,1.38977,1.45,1.50
2011.03.25 03:42:14.700,1.38952,1.38981,1.45,1.50
2011.03.25 03:42:24.351,1.38952,1.38981,1.45,1.50
2011.03.25 03:42:29.802,1.38952,1.3898,1.45,2.40
2011.03.25 03:42:34.460,1.38953,1.38977,1.45,1.50
2011.03.25 03:42:34.570,1.38953,1.38977,1.45,1.50
2011.03.25 03:42:36.252,1.38954,1.38977,1.45,1.50
2011.03.25 03:42:36.471,1.38953,1.38977,1.45,1.50
2011.03.25 03:42:39.340,1.38952,1.3898,1.45,1.50
2011.03.25 03:42:45.410,1.38953,1.3898,1.45,1.50
2011.03.25 03:42:57.791,1.38952,1.3898,1.45,1.50
2011.03.25 03:42:58.121,1.38952,1.3898,1.45,1.50
2011.03.25 03:42:58.675,1.38952,1.3898,2.20,1.50
2011.03.25 03:42:58.790,1.38952,1.38982,2.95,1.50
2011.03.25 03:43:00.441,1.38959,1.38986,1.45,1.50
2011.03.25 03:43:01.760,1.38959,1.38986,1.45,1.50
2011.03.25 03:43:01.980,1.38959,1.38986,1.45,1.50
2011.03.25 03:43:03.032,1.38959,1.38986,1.45,1.50
2011.03.25 03:43:03.581,1.38959,1.38987,1.45,1.50
2011.03.25 03:43:06.054,1.38959,1.38986,1.45,1.50
2011.03.25 03:43:06.163,1.38959,1.38986,1.45,1.50
2011.03.25 03:43:06.491,1.38955,1.38985,1.45,1.50
2011.03.25 03:43:06.711,1.38955,1.38982,1.45,1.50
2011.03.25 03:43:07.613,1.38952,1.38982,1.45,2.25
2011.03.25 03:43:07.721,1.38952,1.3898,1.45,1.50
2011.03.25 03:43:08.390,1.38952,1.3898,1.45,1.50
2011.03.25 03:43:10.922,1.38954,1.3898,1.45,1.50
2011.03.25 03:43:11.375,1.38955,1.38982,1.45,2.25
2011.03.25 03:43:11.712,1.3896,1.38987,1.45,1.50
2011.03.25 03:43:29.213,1.38955,1.38982,1.45,1.50
2011.03.25 03:43:33.942,1.38955,1.38982,1.45,1.50
2011.03.25 03:43:34.271,1.38953,1.38979,1.45,1.50
2011.03.25 03:43:42.961,1.38957,1.38984,1.45,1.50
2011.03.25 03:43:45.232,1.38958,1.38984,1.30,1.50
2011.03.25 03:43:45.452,1.38961,1.38987,1.30,1.50
2011.03.25 03:43:48.993,1.38961,1.38987,2.05,1.50
2011.03.25 03:43:49.101,1.38964,1.38989,2.20,1.50
2011.03.25 03:43:50.011,1.38965,1.38989,2.80,1.50
2011.03.25 03:43:50.488,1.38965,1.38989,1.30,1.50
2011.03.25 03:43:51.041,1.38965,1.38989,2.05,1.50
2011.03.25 03:43:51.152,1.3897,1.38989,1.65,1.50
2011.03.25 03:43:51.480,1.38965,1.38989,1.30,1.50
2011.03.25 03:43:55.111,1.38965,1.38989,2.80,1.50
2011.03.25 03:43:55.221,1.38969,1.38989,2.40,1.50
2011.03.25 03:43:55.440,1.38965,1.38989,2.80,1.50
2011.03.25 03:43:55.550,1.38965,1.38989,2.05,1.50
2011.03.25 03:43:57.121,1.38965,1.38989,2.05,1.50
2011.03.25 03:43:57.344,1.38969,1.38989,1.65,1.50
2011.03.25 03:43:57.561,1.38965,1.38989,1.30,1.50
2011.03.25 03:43:58.920,1.38963,1.38989,1.45,1.50
2011.03.25 03:43:59.251,1.38963,1.38989,1.45,1.50
2011.03.25 03:44:00.613,1.3896,1.38986,1.45,1.50
2011.03.25 03:44:00.723,1.3896,1.38986,1.45,1.50
2011.03.25 03:44:01.053,1.3896,1.38986,1.45,1.50
2011.03.25 03:44:01.461,1.38956,1.38983,1.45,1.50
2011.03.25 03:44:05.735,1.38956,1.38983,1.45,1.50
2011.03.25 03:44:08.381,1.38956,1.38983,1.45,1.50
2011.03.25 03:44:08.992,1.38956,1.38983,1.45,1.50
2011.03.25 03:44:18.240,1.38954,1.3898,1.45,1.50
2011.03.25 03:44:18.351,1.38952,1.3898,1.45,1.50
2011.03.25 03:44:23.771,1.38952,1.3898,1.45,1.50
2011.03.25 03:44:24.554,1.38952,1.3898,1.45,1.50
2011.03.25 03:44:25.320,1.38949,1.38975,1.45,1.50
2011.03.25 03:44:29.632,1.3895,1.38975,1.45,1.50
2011.03.25 03:44:30.181,1.38949,1.38975,2.20,1.50
2011.03.25 03:44:30.400,1.38949,1.38975,1.45,1.50
2011.03.25 03:44:38.531,1.38949,1.38975,1.45,1.50
2011.03.25 03:44:38.863,1.38949,1.38975,1.45,1.50
2011.03.25 03:44:41.363,1.38949,1.38975,1.45,1.50
2011.03.25 03:44:42.572,1.38949,1.38975,1.45,1.50
2011.03.25 03:44:42.682,1.38949,1.38975,1.45,1.50
2011.03.25 03:44:42.790,1.38946,1.38972,2.20,1.50
2011.03.25 03:44:45.521,1.38945,1.38969,1.45,1.50
2011.03.25 03:44:45.741,1.38944,1.38967,1.45,2.40
2011.03.25 03:44:46.081,1.38938,1.38967,1.45,2.40
2011.03.25 03:44:46.193,1.38938,1.38967,1.45,2.40
2011.03.25 03:44:46.301,1.38938,1.38965,1.45,1.50
2011.03.25 03:44:46.521,1.38938,1.38965,1.45,1.50
2011.03.25 03:44:46.741,1.38943,1.38969,1.45,1.50
2011.03.25 03:45:00.440,1.38943,1.38969,1.45,1.50
2011.03.25 03:45:01.321,1.38943,1.38969,1.45,1.50
2011.03.25 03:45:01.650,1.38943,1.38969,1.45,1.50
2011.03.25 03:45:10.251,1.38939,1.38965,1.45,1.50
2011.03.25 03:45:14.382,1.38939,1.38965,1.45,1.50
2011.03.25 03:45:14.710,1.38936,1.38963,1.45,1.50
2011.03.25 03:45:17.443,1.38937,1.38963,1.45,1.50
2011.03.25 03:45:17.662,1.38937,1.38964,1.45,2.25
2011.03.25 03:45:17.772,1.3894,1.38966,1.45,1.50
2011.03.25 03:45:17.992,1.3894,1.38966,1.45,1.50
2011.03.25 03:45:19.271,1.38943,1.3897,1.45,1.50
2011.03.25 03:45:26.111,1.38943,1.3897,1.45,1.50
2011.03.25 03:45:26.221,1.38943,1.3897,1.45,1.50
2011.03.25 03:45:26.551,1.38943,1.3897,2.20,1.50
2011.03.25 03:45:26.771,1.38943,1.3897,1.45,1.50
2011.03.25 03:45:29.820,1.38943,1.3897,1.45,1.50
2011.03.25 03:45:32.012,1.38947,1.3897,1.13,1.50
2011.03.25 03:45:32.121,1.38948,1.38974,1.08,1.50
2011.03.25 03:45:32.671,1.38947,1.38978,1.45,1.50
2011.03.25 03:45:32.890,1.38947,1.38978,1.45,1.50
2011.03.25 03:45:35.032,1.38947,1.38975,1.45,1.50
2011.03.25 03:45:35.590,1.38947,1.38973,1.45,1.50
2011.03.25 03:45:44.101,1.38947,1.38973,1.45,1.50
2011.03.25 03:45:44.211,1.38945,1.38971,1.45,1.50
2011.03.25 03:45:44.321,1.38943,1.38971,1.45,1.50
2011.03.25 03:45:49.971,1.38945,1.38971,1.45,1.50
2011.03.25 03:45:50.302,1.38946,1.38971,1.88,1.50
2011.03.25 03:45:50.742,1.38948,1.38979,1.83,1.50
2011.03.25 03:45:51.071,1.38955,1.38981,1.08,1.50
2011.03.25 03:45:51.401,1.38954,1.38983,1.45,1.50
2011.03.25 03:45:55.953,1.38954,1.38983,1.45,1.50
2011.03.25 03:45:56.281,1.38954,1.38979,1.45,1.35
2011.03.25 03:45:56.722,1.38948,1.38972,1.45,2.40
2011.03.25 03:45:56.940,1.38946,1.38972,1.45,3.15
2011.03.25 03:45:57.050,1.38944,1.38972,1.45,3.15
2011.03.25 03:46:00.481,1.38944,1.38972,1.45,3.15
2011.03.25 03:46:00.811,1.38942,1.38966,1.45,3.75
2011.03.25 03:46:00.921,1.3894,1.38966,1.45,3.75
2011.03.25 03:46:01.589,1.3894,1.38966,1.45,3.75
2011.03.25 03:46:02.140,1.3894,1.38966,1.45,2.10
2011.03.25 03:46:02.691,1.3894,1.38966,1.45,2.10
2011.03.25 03:46:02.801,1.3894,1.38966,1.45,2.10
2011.03.25 03:46:04.241,1.38936,1.38963,1.45,1.50
2011.03.25 03:46:05.102,1.38936,1.38963,1.45,1.50
2011.03.25 03:46:05.824,1.38941,1.38966,1.45,1.35
2011.03.25 03:46:06.493,1.38941,1.38968,1.45,1.50
2011.03.25 03:46:07.041,1.38941,1.38968,1.45,1.50
2011.03.25 03:46:08.352,1.38936,1.38964,1.45,1.50
2011.03.25 03:46:08.461,1.38936,1.38964,1.45,1.50
2011.03.25 03:46:12.380,1.38936,1.38964,2.20,1.50
2011.03.25 03:46:13.603,1.38938,1.38964,1.45,1.50
2011.03.25 03:46:13.822,1.38941,1.38964,1.13,1.50
2011.03.25 03:46:13.932,1.38941,1.38964,1.13,1.50
2011.03.25 03:46:14.261,1.38943,1.38969,1.45,1.50
2011.03.25 03:46:14.786,1.38943,1.38969,1.45,1.50
2011.03.25 03:46:17.482,1.38942,1.38969,1.45,1.50
2011.03.25 03:46:17.702,1.38942,1.38969,1.45,1.50
2011.03.25 03:46:22.012,1.38942,1.38966,1.45,1.35
2011.03.25 03:46:22.341,1.38942,1.38966,1.45,1.35
2011.03.25 03:46:22.452,1.38937,1.38964,1.45,1.50
2011.03.25 03:46:22.832,1.38937,1.38964,1.45,1.50
2011.03.25 03:46:43.332,1.38938,1.38964,1.08,1.50
2011.03.25 03:46:43.662,1.38943,1.38965,1.50,1.50
2011.03.25 03:46:43.772,1.38945,1.38971,2.20,1.50
2011.03.25 03:46:43.882,1.38947,1.38971,1.45,1.50
2011.03.25 03:46:44.101,1.38947,1.38976,1.45,1.50
2011.03.25 03:46:44.212,1.3895,1.38976,1.45,1.50
2011.03.25 03:46:44.991,1.3895,1.38979,1.45,1.50
2011.03.25 03:46:45.760,1.38955,1.38981,1.45,1.50
2011.03.25 03:46:46.961,1.38955,1.38981,1.45,1.50
2011.03.25 03:46:56.292,1.38955,1.38981,1.45,1.50
2011.03.25 03:46:56.731,1.38955,1.38981,1.45,1.50
2011.03.25 03:47:01.181,1.38951,1.38978,1.45,1.50
2011.03.25 03:47:01.401,1.38946,1.38977,1.45,1.50
2011.03.25 03:47:01.510,1.38945,1.38977,1.45,1.50
2011.03.25 03:47:02.432,1.38946,1.38972,1.45,1.50
2011.03.25 03:47:04.540,1.38946,1.38972,1.45,1.50
2011.03.25 03:47:04.762,1.38944,1.38971,1.45,1.50
2011.03.25 03:47:05.297,1.38942,1.38971,1.45,3.15
2011.03.25 03:47:09.720,1.38944,1.38971,1.45,3.15
2011.03.25 03:47:18.550,1.38942,1.38971,1.45,3.15
2011.03.25 03:47:18.990,1.38942,1.38971,1.45,3.15
2011.03.25 03:47:19.542,1.38942,1.38969,1.45,1.35
2011.03.25 03:47:20.090,1.38942,1.38968,1.45,1.50
2011.03.25 03:47:23.860,1.38942,1.38968,1.45,1.50
2011.03.25 03:47:24.520,1.38942,1.38968,1.45,1.50
2011.03.25 03:47:25.072,1.38942,1.38968,1.45,1.50
2011.03.25 03:47:25.291,1.3894,1.38969,1.45,3.75
2011.03.25 03:47:25.401,1.38938,1.38969,1.45,3.75
2011.03.25 03:47:25.623,1.38938,1.38964,1.45,2.40
2011.03.25 03:47:25.952,1.38933,1.38959,2.20,1.35
2011.03.25 03:47:26.282,1.38933,1.38956,2.20,1.50
2011.03.25 03:47:26.610,1.38933,1.38959,1.45,1.50
2011.03.25 03:47:27.172,1.38936,1.38963,1.45,1.50
2011.03.25 03:47:31.560,1.38936,1.38963,1.45,1.50
2011.03.25 03:47:33.417,1.38937,1.38963,1.45,1.50
2011.03.25 03:47:33.862,1.38936,1.38963,1.45,1.50
2011.03.25 03:47:58.060,1.38937,1.38963,1.45,1.50
2011.03.25 03:47:58.391,1.3894,1.38966,1.45,1.50
2011.03.25 03:48:00.951,1.38948,1.38966,2.40,1.50
2011.03.25 03:48:01.173,1.38948,1.38968,1.65,1.50
2011.03.25 03:48:01.285,1.38948,1.38975,2.40,1.50
2011.03.25 03:48:01.401,1.38948,1.38975,1.65,1.50
2011.03.25 03:48:01.622,1.38946,1.38975,1.45,1.50
2011.03.25 03:48:01.731,1.3895,1.38975,1.45,1.50
2011.03.25 03:48:11.822,1.38952,1.38976,1.45,1.50
2011.03.25 03:48:12.263,1.38956,1.38979,2.20,1.50
2011.03.25 03:48:12.482,1.38954,1.38983,2.20,1.50
2011.03.25 03:48:12.810,1.38955,1.38983,1.45,1.50
2011.03.25 03:48:13.361,1.38955,1.38983,1.45,1.50
2011.03.25 03:48:14.003,1.38955,1.38983,1.45,1.50
2011.03.25 03:48:19.524,1.3896,1.38983,1.50,1.50
2011.03.25 03:48:19.853,1.38959,1.38992,1.45,1.50
2011.03.25 03:48:20.075,1.38961,1.38992,1.45,1.50
2011.03.25 03:48:20.411,1.38965,1.3899,1.45,1.50
2011.03.25 03:48:21.442,1.38965,1.38989,1.45,1.65
2011.03.25 03:48:21.827,1.38965,1.38993,1.45,1.50
2011.03.25 03:48:21.947,1.38965,1.38991,1.45,1.50
2011.03.25 03:48:23.442,1.38965,1.38992,1.45,2.40
2011.03.25 03:48:23.661,1.38965,1.38991,1.45,1.50
2011.03.25 03:48:25.432,1.38965,1.38991,1.45,2.40
2011.03.25 03:48:27.700,1.38973,1.38994,8.25,2.10
2011.03.25 03:48:28.242,1.38973,1.38996,8.25,1.50
2011.03.25 03:48:33.251,1.38973,1.38996,8.25,1.50
2011.03.25 03:48:33.582,1.38973,1.38999,8.25,1.50
2011.03.25 03:48:33.692,1.38973,1.39001,8.25,3.00
2011.03.25 03:48:33.801,1.38973,1.39,8.25,1.50
2011.03.25 03:48:37.101,1.38973,1.38999,8.25,1.50
2011.03.25 03:48:39.962,1.38973,1.38999,8.25,1.50
2011.03.25 03:48:40.456,1.38993,1.39,3.00,3.15
2011.03.25 03:48:40.686,1.38994,1.39001,2.32,1.50
2011.03.25 03:48:41.022,1.38994,1.39004,1.57,1.35
2011.03.25 03:48:41.792,1.38993,1.39005,1.48,1.35
2011.03.25 03:48:42.342,1.38993,1.39004,1.48,3.15
2011.03.25 03:48:42.891,1.38994,1.39003,1.48,1.50
2011.03.25 03:48:43.331,1.38994,1.39006,1.48,1.50
2011.03.25 03:48:43.551,1.38994,1.3901,1.48,2.85
2011.03.25 03:48:44.343,1.38994,1.39014,2.23,1.50
2011.03.25 03:48:45.053,1.38994,1.39015,2.23,2.25
2011.03.25 03:48:46.961,1.38994,1.39013,2.23,1.50
2011.03.25 03:48:47.511,1.38994,1.39015,2.23,2.25
2011.03.25 03:48:47.732,1.38994,1.39013,2.23,1.50
2011.03.25 03:48:47.952,1.38993,1.3901,2.23,1.50
2011.03.25 03:48:48.572,1.38993,1.3901,1.48,1.50
2011.03.25 03:48:49.121,1.38993,1.3901,2.23,1.50
2011.03.25 03:48:53.121,1.38993,1.3901,2.23,1.50
2011.03.25 03:49:07.971,1.38993,1.39013,2.23,1.50
2011.03.25 03:49:09.481,1.38993,1.39011,2.23,1.50
2011.03.25 03:49:09.811,1.38993,1.39009,2.23,1.50
2011.03.25 03:49:32.530,1.38993,1.39009,2.23,1.50
2011.03.25 03:49:32.860,1.38993,1.39013,2.23,1.50
2011.03.25 03:49:39.621,1.38993,1.39009,2.23,1.50
2011.03.25 03:49:40.281,1.38993,1.39005,2.23,1.50
2011.03.25 03:49:41.021,1.38993,1.39005,2.23,1.50
2011.03.25 03:49:50.377,1.38993,1.38999,1.48,1.50
2011.03.25 03:49:50.712,1.38993,1.38999,1.48,1.50
2011.03.25 03:49:53.172,1.38992,1.38999,1.48,1.50
2011.03.25 03:49:56.601,1.3897,1.38998,1.83,1.50
2011.03.25 03:49:58.641,1.38972,1.38998,1.13,1.50
2011.03.25 03:49:58.750,1.38972,1.38998,1.13,1.50
2011.03.25 03:50:02.052,1.38972,1.38998,1.13,1.50
2011.03.25 03:50:02.272,1.38974,1.39001,1.45,1.50
2011.03.25 03:50:06.573,1.38974,1.39001,1.45,1.50
2011.03.25 03:50:08.474,1.38973,1.39,2.20,1.50
2011.03.25 03:50:08.801,1.38974,1.39,1.45,1.50
2011.03.25 03:50:08.911,1.38974,1.39,1.45,1.50
2011.03.25 03:50:12.963,1.38973,1.39,1.45,1.50
2011.03.25 03:50:13.182,1.3897,1.38996,1.83,1.50
2011.03.25 03:50:13.291,1.3897,1.38996,1.45,1.50
2011.03.25 03:50:15.212,1.3897,1.38993,1.45,3.00
2011.03.25 03:50:15.543,1.3897,1.38993,1.45,2.40
2011.03.25 03:50:17.432,1.3897,1.38996,1.45,1.50
2011.03.25 03:50:18.081,1.38966,1.38992,1.45,3.15
2011.03.25 03:50:18.411,1.38966,1.38992,1.45,3.15
2011.03.25 03:50:18.753,1.38966,1.38992,1.45,1.50
2011.03.25 03:50:18.970,1.38966,1.38992,1.45,1.50
2011.03.25 03:50:19.410,1.38966,1.38992,1.45,1.50
2011.03.25 03:50:20.331,1.38965,1.38992,1.83,1.50
2011.03.25 03:50:21.101,1.38966,1.38992,1.08,2.25
2011.03.25 03:50:21.651,1.38963,1.38989,1.45,1.50
2011.03.25 03:50:22.381,1.38962,1.38989,2.20,1.50
2011.03.25 03:50:22.492,1.38962,1.38989,1.45,1.50
2011.03.25 03:50:22.711,1.38962,1.38989,2.20,1.50
2011.03.25 03:50:23.223,1.38963,1.38989,1.45,1.50
2011.03.25 03:50:32.642,1.38963,1.38989,1.45,1.50
2011.03.25 03:50:32.861,1.38963,1.3899,1.45,1.50
2011.03.25 03:50:32.971,1.38967,1.38993,1.45,1.50
2011.03.25 03:50:38.072,1.38969,1.38993,1.45,1.50
2011.03.25 03:50:44.891,1.38975,1.38999,1.45,1.50
2011.03.25 03:50:45.222,1.38978,1.39006,1.45,2.25
2011.03.25 03:50:45.551,1.38978,1.39004,1.08,1.50
2011.03.25 03:50:45.661,1.38978,1.39004,1.83,1.50
2011.03.25 03:50:47.230,1.38978,1.39004,1.83,1.50
2011.03.25 03:50:47.451,1.38978,1.39004,1.83,1.50
2011.03.25 03:50:49.133,1.38978,1.39004,1.83,1.50
2011.03.25 03:50:51.201,1.38982,1.39008,1.45,1.50
2011.03.25 03:50:52.351,1.38982,1.39008,1.45,1.50
2011.03.25 03:50:52.680,1.38982,1.39008,1.45,1.50
2011.03.25 03:50:52.900,1.38982,1.39008,1.45,1.50
2011.03.25 03:50:53.450,1.38982,1.39008,1.45,1.50
2011.03.25 03:50:54.330,1.38982,1.39008,1.45,1.50
2011.03.25 03:51:00.181,1.38982,1.39008,1.45,1.50
2011.03.25 03:51:00.621,1.38982,1.39008,1.45,1.50
2011.03.25 03:51:01.740,1.38976,1.38999,1.45,1.50
2011.03.25 03:51:02.393,1.38976,1.39,1.45,2.25
2011.03.25 03:51:03.608,1.38972,1.38995,1.45,1.50
2011.03.25 03:51:03.943,1.38972,1.38997,1.45,1.50
2011.03.25 03:51:04.424,1.38972,1.38995,1.45,1.50
2011.03.25 03:51:04.972,1.38968,1.38995,1.83,1.50
2011.03.25 03:51:05.081,1.38968,1.38995,1.83,1.50
2011.03.25 03:51:06.442,1.38968,1.38995,1.45,1.50
2011.03.25 03:51:10.924,1.38971,1.38998,1.45,1.50
2011.03.25 03:51:11.144,1.38971,1.38999,1.45,1.50
2011.03.25 03:51:11.365,1.38972,1.39003,1.45,3.00
2011.03.25 03:51:11.705,1.38975,1.39001,1.45,2.40
2011.03.25 03:51:11.924,1.38975,1.39003,1.45,1.50
2011.03.25 03:51:12.034,1.3898,1.39007,1.45,2.10
2011.03.25 03:51:18.344,1.38981,1.39007,1.45,1.50
2011.03.25 03:51:18.468,1.38987,1.39014,1.45,1.50
2011.03.25 03:51:19.024,1.38985,1.39012,1.45,1.50
2011.03.25 03:51:19.132,1.38983,1.39011,1.45,1.50
2011.03.25 03:51:19.243,1.38983,1.39009,1.45,1.50
2011.03.25 03:51:20.431,1.38983,1.39009,1.45,1.50
2011.03.25 03:51:23.281,1.38983,1.39009,1.45,1.50
2011.03.25 03:51:23.722,1.38986,1.39014,1.45,1.50
2011.03.25 03:51:23.833,1.38985,1.39014,1.08,1.50
2011.03.25 03:51:23.942,1.38984,1.39014,1.45,1.88
2011.03.25 03:51:24.052,1.3898,1.39007,1.50,1.50
2011.03.25 03:51:24.274,1.38976,1.39002,1.45,2.25
2011.03.25 03:51:24.384,1.3897,1.39002,2.95,2.25
2011.03.25 03:51:24.601,1.3897,1.38999,1.45,2.40
2011.03.25 03:51:24.822,1.38966,1.38994,1.45,1.50
2011.03.25 03:51:25.752,1.38968,1.38994,1.45,1.50
2011.03.25 03:51:26.120,1.38968,1.38994,1.45,1.50
2011.03.25 03:51:26.234,1.38966,1.38994,1.45,1.50
2011.03.25 03:51:29.042,1.38968,1.38994,1.45,1.50
2011.03.25 03:51:29.372,1.38968,1.38994,1.45,1.50
2011.03.25 03:51:29.482,1.38968,1.38994,1.45,1.50
2011.03.25 03:51:29.812,1.38966,1.38994,2.20,1.50
2011.03.25 03:51:30.031,1.38964,1.38988,1.45,1.50
2011.03.25 03:51:30.582,1.38958,1.38986,1.83,1.50
2011.03.25 03:51:31.083,1.38959,1.38984,1.45,1.50
2011.03.25 03:51:33.736,1.38965,1.38984,1.35,1.50
2011.03.25 03:51:33.852,1.38966,1.38986,1.35,1.50
2011.03.25 03:51:33.966,1.38972,1.38995,1.73,1.50
2011.03.25 03:51:34.083,1.38977,1.38998,1.13,1.50
2011.03.25 03:51:34.588,1.38972,1.39,1.13,1.50
2011.03.25 03:51:40.412,1.38967,1.38993,1.45,1.50
2011.03.25 03:51:40.632,1.38963,1.38993,1.08,1.50
2011.03.25 03:51:40.961,1.38964,1.38993,1.13,1.50
2011.03.25 03:51:41.291,1.38964,1.38993,1.13,1.50
2011.03.25 03:51:44.823,1.38964,1.3899,1.13,1.50
2011.03.25 03:51:44.933,1.38964,1.3899,1.83,2.25
2011.03.25 03:51:45.262,1.38959,1.38988,1.13,1.50
2011.03.25 03:51:45.373,1.38959,1.38986,1.13,1.50
2011.03.25 03:51:52.674,1.38958,1.38984,1.45,1.50
2011.03.25 03:51:53.003,1.38958,1.38984,1.45,1.50
2011.03.25 03:51:53.491,1.38958,1.38984,1.45,1.50
2011.03.25 03:51:54.042,1.38958,1.38984,1.83,1.50
2011.03.25 03:51:54.373,1.38956,1.38986,1.45,1.50
2011.03.25 03:51:54.595,1.38958,1.38986,1.45,1.50
2011.03.25 03:52:01.613,1.38969,1.38986,1.13,1.50
2011.03.25 03:52:01.833,1.38964,1.38989,1.13,2.25
2011.03.25 03:52:01.943,1.38965,1.38989,1.13,2.25
2011.03.25 03:52:02.161,1.38966,1.3899,1.13,1.50
2011.03.25 03:52:05.023,1.38963,1.38991,2.20,1.50
2011.03.25 03:52:05.243,1.38965,1.38991,1.83,1.50
2011.03.25 03:52:09.343,1.38963,1.38991,2.20,1.50
2011.03.25 03:52:09.892,1.38965,1.38991,1.45,1.50
2011.03.25 03:52:16.591,1.38965,1.38991,1.83,1.50
2011.03.25 03:52:17.722,1.38965,1.38991,1.45,1.50
2011.03.25 03:52:20.701,1.38965,1.38991,1.45,1.50
2011.03.25 03:52:21.035,1.38968,1.38996,1.83,1.50
2011.03.25 03:52:23.684,1.3897,1.38996,1.45,1.50
2011.03.25 03:52:24.014,1.38968,1.38996,1.83,1.50
2011.03.25 03:52:29.973,1.38966,1.38994,1.83,1.50
2011.03.25 03:52:30.302,1.38962,1.3899,1.13,1.65
2011.03.25 03:52:30.412,1.38962,1.38994,1.13,1.50
2011.03.25 03:52:31.327,1.38966,1.38994,1.45,1.50
2011.03.25 03:52:35.173,1.38967,1.38994,1.45,1.50
2011.03.25 03:52:35.502,1.3897,1.38998,1.83,1.50
2011.03.25 03:52:35.834,1.3897,1.38996,1.45,1.50
2011.03.25 03:52:36.161,1.38963,1.38989,1.08,2.40
2011.03.25 03:52:36.272,1.38962,1.38989,1.08,2.40
2011.03.25 03:52:36.820,1.38959,1.38986,2.20,1.50
2011.03.25 03:52:38.341,1.3896,1.38988,1.45,1.50
2011.03.25 03:52:39.812,1.38965,1.38989,1.45,2.40
2011.03.25 03:52:44.951,1.38969,1.38997,1.45,2.25
2011.03.25 03:52:45.394,1.38969,1.38995,1.45,3.15
2011.03.25 03:52:46.483,1.38969,1.38995,1.45,1.50
2011.03.25 03:52:47.852,1.38971,1.38996,2.20,2.40
2011.03.25 03:52:48.181,1.38973,1.38996,1.45,2.40
2011.03.25 03:52:49.452,1.38973,1.38996,1.45,2.40
2011.03.25 03:52:50.004,1.38972,1.38996,1.45,2.40
2011.03.25 03:52:51.563,1.38973,1.38999,1.45,1.50
2011.03.25 03:52:51.782,1.38972,1.38996,1.45,2.40
2011.03.25 03:52:52.381,1.38973,1.38996,1.45,2.40
2011.03.25 03:52:53.511,1.38973,1.38996,1.45,2.40
2011.03.25 03:52:54.061,1.38973,1.38999,1.45,1.50
2011.03.25 03:52:54.501,1.38973,1.38999,1.45,1.50
2011.03.25 03:52:56.623,1.38973,1.39001,1.45,2.25
2011.03.25 03:52:56.734,1.38977,1.39001,1.45,1.50
2011.03.25 03:52:56.842,1.38977,1.39001,1.45,1.50
2011.03.25 03:52:57.774,1.38983,1.39004,1.50,1.50
2011.03.25 03:52:57.994,1.38986,1.39008,1.13,1.50
2011.03.25 03:52:58.213,1.38984,1.39011,1.13,1.50
2011.03.25 03:52:58.432,1.38986,1.39011,1.45,1.50
2011.03.25 03:52:58.872,1.38987,1.39013,1.45,2.25
2011.03.25 03:53:01.102,1.38987,1.39013,1.45,1.50
2011.03.25 03:53:01.432,1.38987,1.39013,1.83,1.50
2011.03.25 03:53:06.094,1.38986,1.39013,1.45,1.50
2011.03.25 03:53:06.641,1.38986,1.3901,1.45,3.15
2011.03.25 03:53:07.242,1.38986,1.3901,1.45,3.15
2011.03.25 03:53:07.464,1.38986,1.3901,1.45,3.15
2011.03.25 03:53:17.234,1.38984,1.3901,1.45,1.13
2011.03.25 03:53:17.731,1.38969,1.39001,1.08,1.50
2011.03.25 03:53:18.172,1.38967,1.38993,1.45,1.50
2011.03.25 03:53:19.922,1.38967,1.38993,1.45,1.50
2011.03.25 03:53:20.581,1.38967,1.38995,1.45,1.50
2011.03.25 03:53:21.912,1.38969,1.38997,1.45,1.50
2011.03.25 03:53:22.242,1.38972,1.38998,1.45,1.50
2011.03.25 03:53:22.574,1.38976,1.39001,1.83,1.50
2011.03.25 03:53:22.681,1.38976,1.39004,1.83,1.50
2011.03.25 03:53:23.491,1.38976,1.39003,1.08,1.50
2011.03.25 03:53:31.741,1.38976,1.39004,1.83,1.50
2011.03.25 03:53:40.133,1.38976,1.39001,1.45,1.50
2011.03.25 03:53:42.392,1.38976,1.39,1.83,1.50
2011.03.25 03:53:44.882,1.38975,1.38998,1.45,1.50
2011.03.25 03:53:44.993,1.38976,1.38998,1.45,1.50
2011.03.25 03:53:59.303,1.38976,1.39,2.20,1.50
2011.03.25 03:53:59.525,1.38984,1.39007,1.13,1.50
2011.03.25 03:53:59.752,1.38984,1.39008,1.13,1.50
2011.03.25 03:54:00.554,1.38985,1.39009,1.45,1.50
2011.03.25 03:54:03.592,1.38984,1.39009,1.08,1.50
2011.03.25 03:54:04.031,1.38983,1.39009,1.45,1.50
2011.03.25 03:54:04.581,1.38981,1.39008,1.83,1.50
2011.03.25 03:54:04.912,1.38977,1.39006,1.83,1.50
2011.03.25 03:54:05.572,1.38978,1.39006,1.45,1.50
2011.03.25 03:54:05.902,1.38984,1.3901,1.13,1.50
2011.03.25 03:54:06.711,1.38984,1.3901,1.13,1.50
2011.03.25 03:54:08.292,1.38981,1.3901,1.08,1.50
2011.03.25 03:54:08.401,1.38979,1.39001,1.45,2.40
2011.03.25 03:54:08.514,1.38979,1.39001,1.45,2.40
2011.03.25 03:54:08.732,1.38978,1.39001,1.45,2.40
2011.03.25 03:54:08.841,1.38978,1.39001,1.45,2.40
2011.03.25 03:54:10.833,1.38978,1.39005,1.45,2.25
2011.03.25 03:54:11.162,1.38984,1.39008,1.13,1.50
2011.03.25 03:54:11.272,1.38984,1.39009,1.13,2.25
2011.03.25 03:54:14.692,1.38987,1.39013,1.45,1.50
2011.03.25 03:54:22.502,1.3899,1.39015,1.50,3.15
2011.03.25 03:54:22.723,1.38997,1.39015,1.13,1.65
2011.03.25 03:54:22.941,1.38997,1.39019,1.13,1.50
2011.03.25 03:54:23.161,1.38997,1.39019,1.13,1.50
2011.03.25 03:54:23.996,1.38997,1.39019,1.13,1.50
2011.03.25 03:54:24.113,1.38995,1.39019,1.08,1.50
2011.03.25 03:54:24.222,1.38993,1.39019,1.45,1.50
2011.03.25 03:54:24.332,1.3899,1.39017,1.08,1.50
2011.03.25 03:54:28.333,1.38985,1.39011,1.45,1.50
2011.03.25 03:54:31.212,1.38985,1.3901,1.45,2.40
2011.03.25 03:54:31.432,1.38981,1.39007,1.83,1.50
2011.03.25 03:54:32.312,1.38981,1.39007,1.83,1.50
2011.03.25 03:54:32.422,1.38981,1.39007,1.45,1.50
2011.03.25 03:54:32.643,1.3898,1.39001,1.50,3.15
2011.03.25 03:54:32.753,1.38977,1.39001,1.45,3.15
2011.03.25 03:54:34.212,1.38977,1.39001,1.45,3.15
2011.03.25 03:54:34.541,1.38977,1.39003,1.08,1.50
2011.03.25 03:54:35.102,1.38977,1.39003,1.83,1.50
2011.03.25 03:54:35.651,1.38977,1.39003,1.83,1.50
2011.03.25 03:54:42.842,1.38977,1.39003,1.83,1.50
2011.03.25 03:54:51.921,1.38977,1.39003,1.83,1.50
2011.03.25 03:54:55.291,1.3898,1.39008,1.83,1.50
2011.03.25 03:54:59.002,1.38981,1.39008,1.45,1.50
2011.03.25 03:55:00.103,1.38981,1.39008,1.45,2.25
2011.03.25 03:55:00.726,1.38981,1.39008,1.45,1.50
2011.03.25 03:55:01.452,1.38981,1.39008,1.45,1.50
2011.03.25 03:55:02.167,1.38981,1.39007,1.45,1.50
2011.03.25 03:55:03.431,1.38979,1.39007,1.45,1.50
2011.03.25 03:55:03.543,1.38978,1.39004,1.83,1.50
2011.03.25 03:55:03.903,1.38978,1.39004,1.45,1.50
2011.03.25 03:55:04.951,1.38978,1.39004,1.45,1.50
2011.03.25 03:55:06.831,1.38978,1.39004,1.45,1.50
2011.03.25 03:55:08.532,1.38978,1.39002,1.45,3.15
2011.03.25 03:55:09.081,1.38978,1.39002,1.45,3.15
2011.03.25 03:55:11.922,1.38978,1.39002,1.45,3.15
2011.03.25 03:55:13.181,1.38978,1.39002,1.45,3.15
2011.03.25 03:55:19.371,1.38978,1.39002,1.45,1.50
2011.03.25 03:55:26.312,1.38978,1.39002,1.45,1.50
2011.03.25 03:55:29.661,1.38978,1.39002,1.45,1.50
2011.03.25 03:55:33.052,1.38976,1.38998,2.58,1.65
2011.03.25 03:55:33.382,1.38974,1.38998,1.45,2.40
2011.03.25 03:55:33.931,1.3897,1.38997,1.83,2.25
2011.03.25 03:55:34.093,1.3897,1.38997,1.83,2.25
2011.03.25 03:55:34.312,1.3897,1.38997,1.83,3.90
2011.03.25 03:55:34.752,1.3897,1.38997,1.83,3.90
2011.03.25 03:55:34.863,1.3897,1.38995,1.83,1.65
2011.03.25 03:55:36.441,1.3897,1.38995,1.45,2.40
2011.03.25 03:55:40.632,1.38968,1.38995,1.13,2.40
2011.03.25 03:55:50.662,1.38967,1.38993,1.83,1.50
2011.03.25 03:55:51.354,1.38967,1.38993,1.83,2.25
2011.03.25 03:55:53.291,1.38967,1.38992,1.08,1.50
2011.03.25 03:55:53.682,1.38967,1.38992,1.08,1.50
2011.03.25 03:56:02.562,1.38967,1.38992,1.08,1.50
2011.03.25 03:56:08.103,1.38968,1.3899,1.13,1.50
2011.03.25 03:56:08.322,1.38968,1.3899,1.13,2.25
2011.03.25 03:56:08.432,1.38968,1.38992,1.08,1.50
2011.03.25 03:56:08.542,1.38967,1.38992,1.13,1.50
2011.03.25 03:56:16.343,1.38966,1.3899,1.13,1.50
2011.03.25 03:56:35.781,1.38963,1.3899,2.58,1.50
2011.03.25 03:56:35.891,1.38963,1.3899,1.13,1.50
2011.03.25 03:56:42.811,1.38963,1.3899,2.63,1.50
2011.03.25 03:56:42.923,1.38972,1.3899,1.13,1.50
2011.03.25 03:56:43.252,1.38967,1.38992,1.13,1.50
2011.03.25 03:56:43.362,1.38964,1.38992,1.83,1.50
2011.03.25 03:56:47.311,1.38964,1.38992,1.83,1.50
2011.03.25 03:56:47.422,1.38964,1.3899,1.83,1.50
2011.03.25 03:56:47.971,1.38964,1.3899,1.83,1.50
2011.03.25 03:56:49.055,1.38964,1.3899,1.83,1.50
2011.03.25 03:56:49.562,1.38964,1.3899,1.83,1.50
2011.03.25 03:56:50.993,1.38964,1.3899,1.83,1.50
2011.03.25 03:56:51.872,1.38964,1.3899,1.83,1.50
2011.03.25 03:56:52.423,1.38964,1.3899,1.83,1.50
2011.03.25 03:56:52.971,1.38964,1.3899,1.83,1.50
2011.03.25 03:56:53.522,1.38964,1.3899,1.83,1.50
2011.03.25 03:56:54.732,1.38964,1.3899,1.83,1.50
2011.03.25 03:56:55.612,1.38965,1.3899,1.13,1.50
2011.03.25 03:56:57.051,1.38964,1.3899,1.83,1.50
2011.03.25 03:56:57.623,1.38964,1.38988,1.45,1.50
2011.03.25 03:56:57.952,1.38965,1.3899,1.13,1.50
2011.03.25 03:57:01.422,1.38965,1.3899,1.13,1.50
2011.03.25 03:57:03.882,1.38964,1.3899,1.08,1.50
2011.03.25 03:57:04.432,1.38964,1.3899,1.08,1.50
2011.03.25 03:57:05.972,1.38964,1.3899,1.08,1.50
2011.03.25 03:57:07.624,1.38964,1.3899,1.08,1.50
2011.03.25 03:57:08.172,1.38964,1.3899,1.08,1.50
2011.03.25 03:57:08.722,1.38964,1.3899,1.08,1.50
2011.03.25 03:57:09.272,1.38964,1.3899,1.08,1.50
2011.03.25 03:57:09.822,1.38964,1.3899,1.08,1.50
2011.03.25 03:57:10.371,1.38964,1.3899,1.08,1.50
2011.03.25 03:57:10.922,1.38964,1.3899,1.08,1.50
2011.03.25 03:57:17.112,1.38964,1.3899,1.08,1.50
2011.03.25 03:57:17.882,1.38964,1.3899,1.08,1.50
2011.03.25 03:57:19.201,1.38964,1.3899,1.08,1.50
2011.03.25 03:57:20.082,1.38964,1.3899,1.08,1.50
2011.03.25 03:57:20.631,1.38964,1.3899,1.08,1.50
2011.03.25 03:57:21.181,1.38964,1.3899,1.08,1.50
2011.03.25 03:57:21.732,1.38964,1.3899,1.08,1.50
2011.03.25 03:57:22.392,1.38964,1.3899,1.08,1.50
2011.03.25 03:57:23.381,1.38964,1.3899,1.08,1.50
2011.03.25 03:57:24.593,1.38964,1.3899,1.08,1.50
2011.03.25 03:57:25.252,1.38962,1.3899,1.13,1.50
2011.03.25 03:57:30.322,1.38962,1.3899,1.13,1.50
2011.03.25 03:57:30.873,1.38962,1.3899,1.13,1.50
2011.03.25 03:57:32.522,1.38962,1.3899,1.13,1.50
2011.03.25 03:57:33.183,1.38962,1.3899,1.13,1.50
2011.03.25 03:57:33.732,1.38962,1.3899,1.13,1.50
2011.03.25 03:57:33.842,1.38962,1.3899,1.13,1.50
2011.03.25 03:57:34.502,1.38962,1.3899,1.13,1.50
2011.03.25 03:57:35.492,1.38962,1.3899,1.13,1.50
2011.03.25 03:57:36.592,1.38962,1.3899,1.13,1.50
2011.03.25 03:57:37.142,1.38962,1.3899,1.13,1.50
2011.03.25 03:57:37.692,1.38962,1.3899,1.13,1.50
2011.03.25 03:57:38.462,1.38962,1.3899,1.13,1.50
2011.03.25 03:57:39.012,1.38962,1.3899,1.13,1.50
2011.03.25 03:57:39.562,1.38961,1.3899,1.50,2.25
2011.03.25 03:57:40.331,1.38961,1.3899,1.13,2.25
2011.03.25 03:57:41.211,1.38961,1.3899,1.50,2.25
2011.03.25 03:57:41.871,1.38961,1.3899,1.13,2.25
2011.03.25 03:57:42.862,1.38961,1.38989,1.50,1.50
2011.03.25 03:57:43.962,1.38961,1.38989,1.13,1.50
2011.03.25 03:57:44.512,1.38961,1.38989,1.50,1.50
2011.03.25 03:57:45.482,1.38961,1.38989,1.13,1.50
2011.03.25 03:57:46.912,1.38961,1.38989,1.50,1.50
2011.03.25 03:57:47.572,1.38962,1.38989,1.13,1.50
2011.03.25 03:57:48.123,1.38962,1.38989,1.13,1.50
2011.03.25 03:57:49.452,1.38962,1.38989,1.13,1.50
2011.03.25 03:57:50.002,1.38962,1.38989,1.13,1.50
2011.03.25 03:57:50.662,1.38962,1.38989,1.13,1.50
2011.03.25 03:57:51.322,1.38962,1.38989,1.13,1.50
2011.03.25 03:57:52.094,1.38962,1.38989,1.13,1.50
2011.03.25 03:57:52.423,1.38972,1.38989,1.13,1.50
2011.03.25 03:57:52.533,1.38972,1.38989,1.13,1.50
2011.03.25 03:57:52.863,1.38972,1.38992,1.13,1.50
2011.03.25 03:57:52.972,1.38972,1.38993,1.13,2.25
2011.03.25 03:57:53.742,1.38971,1.38992,1.13,1.50
2011.03.25 03:57:54.292,1.38972,1.38992,1.13,1.50
2011.03.25 03:57:55.172,1.38972,1.38994,1.13,1.50
2011.03.25 03:57:57.154,1.38973,1.38994,1.13,2.25
2011.03.25 03:57:57.595,1.38969,1.38992,1.08,1.50
2011.03.25 03:57:57.923,1.38965,1.38992,1.13,1.50
2011.03.25 03:57:58.142,1.38965,1.38992,1.13,1.50
2011.03.25 03:58:01.993,1.38965,1.38992,1.13,1.50
2011.03.25 03:58:03.355,1.38965,1.38992,1.13,1.50
2011.03.25 03:58:03.683,1.38968,1.38993,1.13,1.50
2011.03.25 03:58:03.792,1.38966,1.38992,1.45,1.50
2011.03.25 03:58:04.012,1.38966,1.38994,1.45,2.25
2011.03.25 03:58:04.341,1.38966,1.38992,1.45,1.50
2011.03.25 03:58:04.891,1.38966,1.38993,1.45,1.50
2011.03.25 03:58:05.002,1.38965,1.38992,1.83,1.50
2011.03.25 03:58:05.553,1.38965,1.38992,1.13,1.50
2011.03.25 03:58:25.612,1.38965,1.38993,1.13,1.50
2011.03.25 03:58:28.583,1.38966,1.38992,1.13,1.50
2011.03.25 03:58:34.123,1.38967,1.38994,1.13,2.25
2011.03.25 03:58:34.824,1.38975,1.38993,1.13,2.25
2011.03.25 03:58:40.782,1.38972,1.38993,1.13,2.25
2011.03.25 03:58:41.332,1.38971,1.38993,1.13,2.25
2011.03.25 03:58:44.413,1.38969,1.38991,1.13,1.50
2011.03.25 03:58:44.963,1.38967,1.38991,1.45,1.50
2011.03.25 03:58:52.062,1.38963,1.38988,1.13,1.50
2011.03.25 03:58:52.394,1.38966,1.3899,1.73,1.50
2011.03.25 03:58:55.715,1.38962,1.38988,1.83,1.50
2011.03.25 03:58:58.984,1.38967,1.38991,1.45,1.50
2011.03.25 03:59:28.032,1.38967,1.38992,1.45,1.50
2011.03.25 03:59:28.252,1.38969,1.38995,1.45,1.50
2011.03.25 03:59:32.303,1.38969,1.38995,1.45,1.50
2011.03.25 03:59:32.413,1.38969,1.38995,1.45,1.50
2011.03.25 03:59:34.833,1.38969,1.38995,1.45,1.50
