2017.01.26 02:00:00.244,1.42042,1.42062,1.00,1.69
2017.01.26 02:00:00.395,1.42041,1.42063,1.00,1.69
2017.01.26 02:00:00.446,1.4204,1.42064,1.50,2.06
2017.01.26 02:00:00.902,1.4204,1.42061,1.50,1.31
2017.01.26 02:00:01.054,1.4204,1.4206,1.00,1.00
2017.01.26 02:00:01.156,1.42041,1.4206,1.50,1.00
2017.01.26 02:00:01.680,1.42041,1.42061,1.87,1.69
2017.01.26 02:00:02.063,1.42041,1.42061,2.06,1.69
2017.01.26 02:00:02.367,1.42052,1.42069,1.00,1.50
2017.01.26 02:00:02.621,1.42052,1.42072,1.00,1.00
2017.01.26 02:00:02.722,1.42054,1.42072,1.00,1.00
2017.01.26 02:00:02.926,1.42054,1.42074,1.00,1.50
2017.01.26 02:00:03.027,1.42055,1.42074,1.37,1.00
2017.01.26 02:00:03.269,1.42056,1.42076,1.19,1.50
2017.01.26 02:00:04.152,1.42056,1.42076,1.25,1.00
2017.01.26 02:00:04.461,1.42056,1.42076,1.62,1.00
2017.01.26 02:00:04.512,1.42056,1.42076,1.25,1.00
2017.01.26 02:00:04.765,1.42054,1.42074,1.87,1.00
2017.01.26 02:00:05.152,1.42054,1.42073,1.50,1.00
2017.01.26 02:00:05.659,1.42053,1.42074,1.00,2.25
2017.01.26 02:00:05.875,1.42051,1.42073,1.12,1.50
2017.01.26 02:00:06.331,1.4205,1.42067,1.37,1.00
2017.01.26 02:00:06.545,1.4205,1.42072,1.50,1.00
2017.01.26 02:00:06.646,1.4205,1.42066,1.12,1.00
2017.01.26 02:00:06.849,1.42055,1.42071,1.00,1.00
2017.01.26 02:00:07.052,1.42055,1.42069,1.50,1.00
2017.01.26 02:00:07.561,1.42057,1.42069,1.00,1.00
2017.01.26 02:00:08.712,1.42057,1.42071,1.00,1.00
2017.01.26 02:00:09.217,1.42057,1.42072,1.00,1.00
2017.01.26 02:00:09.470,1.42054,1.42072,1.56,1.00
2017.01.26 02:00:10.936,1.42056,1.42072,1.00,1.00
2017.01.26 02:00:11.226,1.42056,1.42074,1.00,1.50
2017.01.26 02:00:13.557,1.42056,1.42075,1.00,1.50
2017.01.26 02:00:13.832,1.42058,1.42075,1.00,1.50
2017.01.26 02:00:15.811,1.42058,1.42077,2.62,2.25
2017.01.26 02:00:15.862,1.42058,1.42077,1.00,1.87
2017.01.26 02:00:15.914,1.42061,1.42078,2.62,1.12
2017.01.26 02:00:16.067,1.42065,1.42084,2.25,1.50
2017.01.26 02:00:16.179,1.4207,1.42084,1.00,1.12
2017.01.26 02:00:16.231,1.4207,1.42086,1.00,1.00
2017.01.26 02:00:16.637,1.42069,1.42088,2.62,1.50
2017.01.26 02:00:16.821,1.42071,1.42092,1.31,1.00
2017.01.26 02:00:16.974,1.42071,1.42093,1.00,3.37
2017.01.26 02:00:17.077,1.42069,1.42091,1.50,2.62
2017.01.26 02:00:17.229,1.42069,1.4209,1.00,1.87
2017.01.26 02:00:17.361,1.42074,1.42091,1.87,1.50
2017.01.26 02:00:17.666,1.42068,1.42086,1.87,1.00
2017.01.26 02:00:18.174,1.42067,1.42086,1.00,1.50
2017.01.26 02:00:18.275,1.42064,1.42086,1.19,1.50
2017.01.26 02:00:22.871,1.42065,1.42087,1.25,1.50
2017.01.26 02:00:23.023,1.42065,1.42083,1.00,1.00
2017.01.26 02:00:23.542,1.42062,1.42082,1.19,1.00
2017.01.26 02:00:24.070,1.42064,1.42084,1.19,1.00
2017.01.26 02:00:24.172,1.42064,1.42084,1.37,1.00
2017.01.26 02:00:24.223,1.42065,1.42084,1.37,1.00
2017.01.26 02:00:24.558,1.42065,1.42081,1.37,1.00
2017.01.26 02:00:24.961,1.42065,1.42084,1.37,1.50
2017.01.26 02:00:25.164,1.42064,1.42082,1.19,1.00
2017.01.26 02:00:26.414,1.42064,1.42084,1.19,1.00
2017.01.26 02:00:26.566,1.42064,1.42087,2.44,2.25
2017.01.26 02:00:26.770,1.42064,1.42087,1.00,2.25
2017.01.26 02:00:27.117,1.42063,1.42086,1.87,1.12
2017.01.26 02:00:27.220,1.42063,1.42085,1.00,1.37
2017.01.26 02:00:27.306,1.42063,1.42085,1.00,1.50
2017.01.26 02:00:27.560,1.42063,1.42084,1.00,1.87
2017.01.26 02:00:27.865,1.42065,1.42081,1.12,1.00
2017.01.26 02:00:27.917,1.42065,1.42085,1.50,1.69
2017.01.26 02:00:27.968,1.42066,1.42085,1.37,1.50
2017.01.26 02:00:28.172,1.42066,1.42087,2.06,1.00
2017.01.26 02:00:28.223,1.4207,1.42088,1.00,1.00
2017.01.26 02:00:28.416,1.4207,1.42091,1.00,1.87
2017.01.26 02:00:28.629,1.42068,1.42088,1.00,1.00
2017.01.26 02:00:29.059,1.42068,1.4209,1.31,1.87
2017.01.26 02:00:29.364,1.42069,1.42092,2.25,1.50
2017.01.26 02:00:29.415,1.42069,1.42091,1.75,1.00
2017.01.26 02:00:29.516,1.42069,1.42089,1.12,1.00
2017.01.26 02:00:29.567,1.42069,1.42087,1.00,1.00
2017.01.26 02:00:29.618,1.42066,1.42087,1.12,1.00
2017.01.26 02:00:29.770,1.42066,1.42086,1.50,2.62
2017.01.26 02:00:29.821,1.42066,1.42087,1.00,1.37
2017.01.26 02:00:29.872,1.42067,1.42088,1.00,2.25
2017.01.26 02:00:29.974,1.42067,1.42088,1.69,2.62
2017.01.26 02:00:30.245,1.4207,1.4209,1.25,1.50
2017.01.26 02:00:30.316,1.4207,1.42088,1.25,1.00
2017.01.26 02:00:30.846,1.42069,1.42089,1.19,1.00
2017.01.26 02:00:31.688,1.4207,1.42091,2.06,1.12
2017.01.26 02:00:31.873,1.42069,1.4209,1.12,1.12
2017.01.26 02:00:32.076,1.42069,1.42088,1.12,1.00
2017.01.26 02:00:32.384,1.42069,1.4209,1.50,1.50
2017.01.26 02:00:32.986,1.42069,1.4209,1.69,1.00
2017.01.26 02:00:33.507,1.4207,1.42089,1.12,1.50
2017.01.26 02:00:33.609,1.42069,1.42089,1.00,1.00
2017.01.26 02:00:35.297,1.42069,1.42091,2.06,2.62
2017.01.26 02:00:35.614,1.42071,1.42092,1.56,1.00
2017.01.26 02:00:35.665,1.42073,1.42092,1.00,1.12
2017.01.26 02:00:35.834,1.42071,1.42091,1.00,2.25
2017.01.26 02:00:36.443,1.42068,1.42088,1.69,1.12
2017.01.26 02:00:36.960,1.42068,1.42088,1.87,1.12
2017.01.26 02:00:38.468,1.42068,1.4209,2.06,2.62
2017.01.26 02:00:39.002,1.42068,1.42089,1.12,3.19
2017.01.26 02:00:39.421,1.42069,1.42086,1.25,1.12
2017.01.26 02:00:39.676,1.42065,1.42086,1.87,1.50
2017.01.26 02:00:40.961,1.42065,1.42086,1.87,1.00
2017.01.26 02:00:41.266,1.42069,1.4209,2.06,1.12
2017.01.26 02:00:41.317,1.42069,1.42092,1.69,1.87
2017.01.26 02:00:41.469,1.42069,1.42091,1.69,2.62
2017.01.26 02:00:41.570,1.42069,1.4209,1.19,1.00
2017.01.26 02:00:41.723,1.42067,1.42089,1.19,1.37
2017.01.26 02:00:42.066,1.42068,1.42088,1.19,1.87
2017.01.26 02:00:42.168,1.42069,1.42088,1.19,1.87
2017.01.26 02:00:42.270,1.42069,1.42087,1.19,1.00
2017.01.26 02:00:42.372,1.42072,1.4209,1.25,1.12
2017.01.26 02:00:42.475,1.42069,1.42091,1.31,2.25
2017.01.26 02:00:43.089,1.4207,1.42088,1.19,1.25
2017.01.26 02:00:43.191,1.4207,1.42088,1.19,1.25
2017.01.26 02:00:43.293,1.4207,1.42091,1.19,1.50
2017.01.26 02:00:43.394,1.42071,1.4209,1.19,1.00
2017.01.26 02:00:43.496,1.42071,1.4209,1.00,1.00
2017.01.26 02:00:43.800,1.42071,1.4209,2.62,1.00
2017.01.26 02:00:43.851,1.42071,1.42091,1.00,1.00
2017.01.26 02:00:43.902,1.42071,1.42092,1.19,2.81
2017.01.26 02:00:44.409,1.42072,1.42091,1.19,1.00
2017.01.26 02:00:44.511,1.42072,1.42091,1.25,1.00
2017.01.26 02:00:45.017,1.4207,1.4209,1.25,1.50
2017.01.26 02:00:45.568,1.42068,1.42088,1.19,1.00
2017.01.26 02:00:45.914,1.4207,1.4209,1.19,1.50
2017.01.26 02:00:46.218,1.42072,1.4209,1.31,1.00
2017.01.26 02:00:46.768,1.42072,1.42091,1.31,1.00
2017.01.26 02:00:47.284,1.42072,1.42092,1.31,1.00
2017.01.26 02:00:49.776,1.42072,1.42093,2.06,1.12
2017.01.26 02:00:50.029,1.42078,1.42096,1.00,1.00
2017.01.26 02:00:50.131,1.42078,1.42097,1.87,1.00
2017.01.26 02:00:50.221,1.42082,1.42101,1.00,1.00
2017.01.26 02:00:50.474,1.42084,1.42102,1.00,1.50
2017.01.26 02:00:50.882,1.42086,1.42102,1.00,1.00
2017.01.26 02:00:51.144,1.42086,1.42104,1.00,2.81
2017.01.26 02:00:51.753,1.42086,1.42105,1.37,1.25
2017.01.26 02:00:51.857,1.42086,1.42107,1.31,1.37
2017.01.26 02:00:52.060,1.42086,1.42105,1.00,1.50
2017.01.26 02:00:52.162,1.42084,1.42105,1.00,2.06
2017.01.26 02:00:52.567,1.42086,1.42104,1.00,1.00
2017.01.26 02:00:53.202,1.42087,1.42104,1.00,1.00
2017.01.26 02:00:53.934,1.42087,1.42102,1.00,1.00
2017.01.26 02:00:53.985,1.42082,1.42099,1.12,1.00
2017.01.26 02:00:54.037,1.42082,1.42097,1.00,1.31
2017.01.26 02:00:54.088,1.4208,1.42097,1.25,1.31
2017.01.26 02:00:54.139,1.4208,1.42094,1.00,1.12
2017.01.26 02:00:54.190,1.42078,1.42094,1.00,1.12
2017.01.26 02:00:54.595,1.42075,1.42096,1.25,1.87
2017.01.26 02:00:55.304,1.42075,1.42095,1.25,1.00
2017.01.26 02:00:55.516,1.42075,1.42095,1.19,1.00
2017.01.26 02:00:55.617,1.42075,1.42095,1.00,1.50
2017.01.26 02:00:56.164,1.42074,1.42095,1.25,2.25
2017.01.26 02:00:57.135,1.42074,1.42094,1.25,1.25
2017.01.26 02:00:57.658,1.42072,1.42094,1.69,1.25
2017.01.26 02:00:58.383,1.42072,1.42094,1.19,1.31
2017.01.26 02:00:58.908,1.42072,1.42093,1.00,1.00
2017.01.26 02:00:59.060,1.42073,1.4209,1.00,1.00
2017.01.26 02:00:59.162,1.42073,1.42093,1.00,1.00
2017.01.26 02:00:59.717,1.42073,1.42093,1.19,1.00
2017.01.26 02:01:01.238,1.42073,1.42093,1.25,1.00
2017.01.26 02:01:02.227,1.42073,1.42094,1.25,1.69
2017.01.26 02:01:05.860,1.42073,1.42091,1.00,1.00
2017.01.26 02:01:06.612,1.42073,1.42093,1.00,1.00
2017.01.26 02:01:06.815,1.42073,1.42095,1.69,1.00
2017.01.26 02:01:10.747,1.42075,1.42096,1.00,1.37
2017.01.26 02:01:11.000,1.42074,1.42091,1.00,1.00
2017.01.26 02:01:11.365,1.42074,1.42091,1.37,1.00
2017.01.26 02:01:11.669,1.42074,1.42091,1.00,1.00
2017.01.26 02:01:11.796,1.42074,1.42096,1.69,1.87
2017.01.26 02:01:12.116,1.42076,1.42095,1.56,1.50
2017.01.26 02:01:12.615,1.42076,1.42096,1.19,1.87
2017.01.26 02:01:12.769,1.42078,1.42097,1.25,1.37
2017.01.26 02:01:13.325,1.42078,1.42097,1.25,1.12
2017.01.26 02:01:14.003,1.4208,1.42097,1.87,1.87
2017.01.26 02:01:14.054,1.42078,1.42096,2.62,1.50
2017.01.26 02:01:14.105,1.42081,1.42101,1.00,1.00
2017.01.26 02:01:14.309,1.42082,1.421,1.50,1.19
2017.01.26 02:01:14.814,1.42082,1.42099,1.62,1.19
2017.01.26 02:01:15.289,1.42083,1.42101,1.00,1.25
2017.01.26 02:01:15.926,1.42083,1.42102,1.62,1.69
2017.01.26 02:01:16.230,1.42084,1.42104,2.25,1.00
2017.01.26 02:01:16.737,1.42085,1.42104,1.12,1.00
2017.01.26 02:01:17.282,1.42085,1.42103,1.00,1.00
2017.01.26 02:01:17.362,1.42085,1.42106,1.00,1.00
2017.01.26 02:01:17.521,1.42083,1.42105,1.00,1.25
2017.01.26 02:01:17.665,1.42081,1.42098,1.87,1.00
2017.01.26 02:01:19.255,1.42082,1.42101,1.87,1.00
2017.01.26 02:01:19.306,1.4208,1.42101,3.37,1.00
2017.01.26 02:01:19.358,1.42083,1.42101,1.31,1.00
2017.01.26 02:01:19.875,1.42082,1.42102,3.37,1.19
2017.01.26 02:01:20.027,1.42085,1.42106,1.12,1.00
2017.01.26 02:01:20.130,1.42085,1.42106,1.00,1.00
2017.01.26 02:01:20.339,1.42086,1.42104,1.00,1.00
2017.01.26 02:01:20.597,1.42086,1.42106,1.00,1.25
2017.01.26 02:01:21.143,1.42086,1.42106,1.00,1.19
2017.01.26 02:01:21.894,1.42087,1.42106,1.00,1.19
2017.01.26 02:01:24.103,1.42086,1.42104,1.00,1.69
2017.01.26 02:01:24.205,1.42084,1.42104,1.00,1.25
2017.01.26 02:01:26.025,1.42086,1.42104,1.00,1.69
2017.01.26 02:01:26.502,1.42084,1.42104,1.00,2.44
2017.01.26 02:01:27.133,1.42084,1.42102,1.00,1.00
2017.01.26 02:01:27.458,1.42086,1.42104,1.87,1.69
2017.01.26 02:01:27.509,1.4209,1.42107,1.12,1.00
2017.01.26 02:01:27.560,1.42094,1.42107,1.87,1.00
2017.01.26 02:01:27.662,1.42095,1.42108,1.50,1.00
2017.01.26 02:01:27.814,1.42095,1.42111,1.50,1.00
2017.01.26 02:01:28.240,1.42096,1.42115,1.12,2.44
2017.01.26 02:01:28.291,1.42098,1.42115,1.00,1.69
2017.01.26 02:01:28.443,1.42097,1.42117,1.50,1.69
2017.01.26 02:01:28.494,1.42099,1.42117,1.87,1.25
2017.01.26 02:01:28.646,1.42099,1.42117,1.00,1.31
2017.01.26 02:01:28.748,1.421,1.42115,1.00,1.00
2017.01.26 02:01:28.799,1.42097,1.42115,1.00,1.00
2017.01.26 02:01:28.901,1.42099,1.42116,1.00,1.00
2017.01.26 02:01:29.103,1.42095,1.42118,1.87,1.50
2017.01.26 02:01:29.154,1.42095,1.42112,1.87,1.25
2017.01.26 02:01:29.205,1.42095,1.42116,1.87,1.62
2017.01.26 02:01:29.306,1.42097,1.42118,1.12,1.12
2017.01.26 02:01:29.503,1.42095,1.42117,1.37,1.87
2017.01.26 02:01:29.808,1.42098,1.42116,1.00,1.00
2017.01.26 02:01:30.137,1.42098,1.42114,1.00,1.00
2017.01.26 02:01:30.240,1.42098,1.42116,1.00,1.31
2017.01.26 02:01:30.291,1.42096,1.42115,1.50,1.37
2017.01.26 02:01:30.495,1.4209,1.4211,1.50,1.00
2017.01.26 02:01:30.546,1.4209,1.42112,1.50,1.12
2017.01.26 02:01:30.597,1.42092,1.42114,1.37,1.50
2017.01.26 02:01:30.974,1.42098,1.42117,1.00,1.69
2017.01.26 02:01:31.279,1.42099,1.42115,1.00,1.69
2017.01.26 02:01:31.381,1.42096,1.42114,1.00,1.19
2017.01.26 02:01:31.432,1.42093,1.4211,1.12,1.00
2017.01.26 02:01:31.635,1.4209,1.4211,1.37,1.00
2017.01.26 02:01:31.737,1.42093,1.4211,1.00,1.00
2017.01.26 02:01:31.810,1.4209,1.4211,1.37,1.00
2017.01.26 02:01:31.912,1.4209,1.42112,1.37,2.81
2017.01.26 02:01:31.963,1.4209,1.42112,3.00,2.81
2017.01.26 02:01:32.267,1.42103,1.42121,1.12,1.50
2017.01.26 02:01:32.367,1.42101,1.42119,1.00,1.00
2017.01.26 02:01:32.885,1.42101,1.42118,1.00,1.00
2017.01.26 02:01:32.936,1.42098,1.42114,1.12,1.00
2017.01.26 02:01:33.240,1.42099,1.42119,2.81,1.50
2017.01.26 02:01:33.443,1.421,1.42122,3.37,2.62
2017.01.26 02:01:33.545,1.421,1.42119,1.50,1.00
2017.01.26 02:01:33.697,1.421,1.42121,1.00,1.50
2017.01.26 02:01:33.799,1.42098,1.4212,1.00,1.50
2017.01.26 02:01:34.306,1.42095,1.42117,1.87,1.87
2017.01.26 02:01:34.610,1.42095,1.42114,1.12,1.00
2017.01.26 02:01:34.661,1.42095,1.42116,1.50,1.12
2017.01.26 02:01:34.916,1.42096,1.42115,1.87,1.12
2017.01.26 02:01:35.017,1.42094,1.42117,1.37,2.44
2017.01.26 02:01:35.068,1.42095,1.42117,1.87,2.44
2017.01.26 02:01:35.222,1.42098,1.42121,1.00,3.00
2017.01.26 02:01:35.274,1.42098,1.42117,1.00,1.00
2017.01.26 02:01:35.426,1.42097,1.42119,2.62,1.12
2017.01.26 02:01:35.720,1.42096,1.42117,1.12,1.00
2017.01.26 02:01:35.924,1.42096,1.42117,1.87,1.12
2017.01.26 02:01:36.117,1.42097,1.42117,1.00,1.12
2017.01.26 02:01:36.168,1.421,1.42119,1.87,2.25
2017.01.26 02:01:36.219,1.42098,1.4212,3.37,1.12
2017.01.26 02:01:36.321,1.42098,1.4212,3.37,1.00
2017.01.26 02:01:36.372,1.421,1.4212,2.62,1.00
2017.01.26 02:01:36.677,1.42103,1.42124,1.50,2.06
2017.01.26 02:01:37.227,1.42103,1.42124,4.12,1.25
2017.01.26 02:01:37.385,1.42103,1.42126,3.00,1.37
2017.01.26 02:01:37.907,1.42104,1.42126,1.12,1.25
2017.01.26 02:01:38.437,1.42104,1.42125,1.00,1.00
2017.01.26 02:01:38.639,1.42105,1.42125,2.25,1.50
2017.01.26 02:01:39.268,1.42107,1.42126,1.37,1.25
2017.01.26 02:01:39.537,1.42107,1.42126,1.00,1.25
2017.01.26 02:01:39.639,1.42107,1.42126,1.37,1.25
2017.01.26 02:01:39.948,1.42107,1.42126,1.12,2.06
2017.01.26 02:01:40.150,1.42105,1.42126,1.87,2.81
2017.01.26 02:01:40.821,1.42105,1.42125,1.00,1.00
2017.01.26 02:01:41.148,1.42105,1.42123,1.12,1.00
2017.01.26 02:01:41.199,1.42105,1.42126,1.00,1.50
2017.01.26 02:01:41.504,1.42107,1.42126,1.87,1.12
2017.01.26 02:01:41.656,1.42106,1.42126,1.50,1.00
2017.01.26 02:01:42.224,1.42107,1.42127,1.50,1.69
2017.01.26 02:01:42.361,1.42107,1.42125,1.37,1.00
2017.01.26 02:01:43.059,1.42105,1.42126,1.37,1.00
2017.01.26 02:01:43.364,1.42103,1.42123,1.75,1.25
2017.01.26 02:01:44.367,1.42102,1.42123,1.37,1.69
2017.01.26 02:01:45.821,1.42113,1.42126,1.87,1.37
2017.01.26 02:01:45.921,1.42117,1.42135,1.00,3.75
2017.01.26 02:01:46.023,1.42116,1.42137,1.87,1.50
2017.01.26 02:01:46.277,1.42118,1.42141,1.37,1.50
2017.01.26 02:01:46.430,1.42117,1.42137,2.44,1.00
2017.01.26 02:01:46.482,1.42117,1.42139,2.44,1.00
2017.01.26 02:01:46.983,1.42118,1.4214,1.69,1.00
2017.01.26 02:01:47.488,1.42118,1.42139,2.44,1.00
2017.01.26 02:01:48.848,1.42118,1.42141,3.00,1.12
2017.01.26 02:01:49.443,1.42118,1.42139,2.44,1.00
2017.01.26 02:01:49.890,1.42121,1.42141,1.87,1.12
2017.01.26 02:01:50.304,1.42122,1.42144,3.19,1.50
2017.01.26 02:01:50.838,1.42124,1.42142,1.00,1.00
2017.01.26 02:01:51.111,1.42125,1.4214,1.00,1.00
2017.01.26 02:01:51.315,1.42119,1.42141,1.37,1.87
2017.01.26 02:01:51.417,1.42117,1.42138,2.62,1.00
2017.01.26 02:01:51.696,1.42114,1.42137,1.69,1.50
2017.01.26 02:01:51.952,1.42121,1.4214,2.06,2.06
2017.01.26 02:01:52.155,1.42119,1.4214,1.69,1.12
2017.01.26 02:01:52.360,1.42117,1.4214,2.06,1.50
2017.01.26 02:01:55.377,1.42116,1.4214,3.19,3.00
2017.01.26 02:01:55.953,1.42116,1.4214,3.19,3.00
2017.01.26 02:01:58.614,1.42119,1.42141,1.62,1.87
2017.01.26 02:01:58.766,1.42121,1.42142,1.00,1.87
2017.01.26 02:01:59.075,1.42121,1.42142,1.94,1.00
2017.01.26 02:02:02.643,1.4212,1.4214,1.94,1.00
2017.01.26 02:02:02.695,1.42121,1.4214,1.25,1.00
2017.01.26 02:02:02.847,1.42117,1.42137,1.56,1.00
2017.01.26 02:02:03.214,1.42118,1.42138,1.31,1.00
2017.01.26 02:02:03.749,1.42118,1.42139,2.81,1.12
2017.01.26 02:02:04.184,1.42118,1.42139,2.44,1.12
2017.01.26 02:02:05.056,1.42118,1.42139,2.44,1.12
2017.01.26 02:02:05.107,1.4212,1.42139,1.87,1.12
2017.01.26 02:02:05.373,1.42122,1.42144,2.06,1.87
2017.01.26 02:02:05.880,1.42125,1.42144,1.00,1.87
2017.01.26 02:02:06.043,1.42123,1.42144,1.19,1.12
2017.01.26 02:02:06.587,1.42123,1.42144,1.19,1.12
2017.01.26 02:02:07.562,1.42124,1.42144,1.19,2.25
2017.01.26 02:02:07.766,1.42124,1.42147,1.50,1.37
2017.01.26 02:02:07.817,1.42126,1.42149,1.87,1.87
2017.01.26 02:02:08.124,1.42122,1.42136,1.00,1.00
2017.01.26 02:02:08.175,1.42119,1.42136,1.19,1.00
2017.01.26 02:02:08.226,1.42119,1.4214,1.19,2.25
2017.01.26 02:02:08.328,1.42117,1.4214,1.50,1.87
2017.01.26 02:02:08.581,1.42116,1.42135,1.12,1.00
2017.01.26 02:02:08.682,1.42115,1.42136,1.50,1.00
2017.01.26 02:02:08.784,1.42113,1.4213,2.62,1.00
2017.01.26 02:02:09.499,1.42113,1.42131,1.87,1.00
2017.01.26 02:02:10.075,1.42113,1.42135,1.87,1.00
2017.01.26 02:02:10.572,1.42114,1.42134,3.37,1.00
2017.01.26 02:02:10.725,1.42114,1.42137,2.06,1.50
2017.01.26 02:02:11.132,1.42114,1.42134,1.87,1.00
2017.01.26 02:02:12.383,1.42113,1.42134,1.56,1.00
2017.01.26 02:02:12.485,1.42113,1.42134,1.00,1.12
2017.01.26 02:02:12.536,1.42115,1.42132,1.00,1.00
2017.01.26 02:02:12.638,1.4211,1.42132,1.94,1.00
2017.01.26 02:02:12.790,1.42111,1.42129,1.69,1.00
2017.01.26 02:02:12.942,1.42113,1.42134,2.44,1.87
2017.01.26 02:02:13.045,1.42113,1.42135,1.87,3.00
2017.01.26 02:02:13.096,1.42111,1.42135,1.00,2.25
2017.01.26 02:02:13.339,1.42117,1.42135,1.50,1.00
2017.01.26 02:02:13.491,1.4212,1.42137,1.00,1.00
2017.01.26 02:02:13.542,1.4212,1.42141,2.25,1.00
2017.01.26 02:02:13.727,1.42121,1.42142,1.37,1.87
2017.01.26 02:02:13.981,1.42119,1.42138,1.50,1.00
2017.01.26 02:02:14.032,1.4212,1.4214,1.12,1.00
2017.01.26 02:02:14.083,1.4212,1.42142,1.12,1.12
2017.01.26 02:02:14.185,1.4212,1.42138,1.12,1.00
2017.01.26 02:02:14.489,1.42118,1.42137,1.87,1.00
2017.01.26 02:02:14.591,1.42119,1.42136,1.37,1.00
2017.01.26 02:02:14.808,1.42118,1.42134,1.00,1.00
2017.01.26 02:02:14.910,1.4212,1.42134,1.00,1.00
2017.01.26 02:02:15.021,1.4212,1.42138,1.00,1.00
2017.01.26 02:02:15.189,1.4212,1.4214,1.87,1.00
2017.01.26 02:02:15.524,1.42121,1.42138,1.37,1.00
2017.01.26 02:02:15.576,1.42119,1.42138,2.62,1.00
2017.01.26 02:02:15.677,1.42119,1.42138,1.87,1.00
2017.01.26 02:02:15.982,1.42119,1.42139,1.87,2.62
2017.01.26 02:02:16.033,1.42119,1.42139,1.00,2.25
2017.01.26 02:02:16.134,1.42116,1.42134,2.25,1.00
2017.01.26 02:02:16.185,1.42116,1.42136,2.25,1.00
2017.01.26 02:02:16.726,1.42115,1.42135,2.62,1.00
2017.01.26 02:02:17.078,1.42115,1.42138,3.00,2.62
2017.01.26 02:02:17.180,1.42116,1.42136,1.87,1.00
2017.01.26 02:02:17.484,1.42114,1.42131,1.00,1.00
2017.01.26 02:02:17.873,1.42115,1.42133,1.37,1.00
2017.01.26 02:02:18.025,1.42113,1.42135,1.50,1.69
2017.01.26 02:02:18.531,1.42113,1.42135,2.25,1.50
2017.01.26 02:02:18.726,1.42113,1.42132,2.25,1.00
2017.01.26 02:02:18.827,1.42113,1.42135,1.87,1.00
2017.01.26 02:02:18.879,1.42114,1.42135,1.87,1.19
2017.01.26 02:02:18.981,1.42109,1.42131,3.00,1.00
2017.01.26 02:02:19.034,1.42109,1.42129,2.25,1.00
2017.01.26 02:02:19.339,1.4211,1.42131,1.37,1.00
2017.01.26 02:02:19.722,1.42114,1.4213,1.87,1.00
2017.01.26 02:02:19.774,1.42114,1.42136,1.37,1.19
2017.01.26 02:02:19.977,1.42113,1.42133,1.12,1.00
2017.01.26 02:02:20.249,1.42111,1.42128,1.37,1.00
2017.01.26 02:02:20.554,1.42108,1.42129,1.37,1.12
2017.01.26 02:02:20.858,1.42106,1.4213,2.62,1.31
2017.01.26 02:02:20.998,1.42111,1.42129,1.00,1.00
2017.01.26 02:02:21.050,1.42111,1.42134,1.00,3.56
2017.01.26 02:02:21.101,1.4211,1.42134,1.87,2.44
2017.01.26 02:02:21.420,1.42111,1.4213,1.50,1.12
2017.01.26 02:02:21.471,1.42107,1.42129,2.25,1.00
2017.01.26 02:02:21.522,1.42107,1.42131,1.12,1.12
2017.01.26 02:02:21.776,1.42106,1.42125,2.25,1.00
2017.01.26 02:02:22.243,1.42106,1.42127,1.50,1.00
2017.01.26 02:02:22.402,1.42107,1.42127,1.75,1.00
2017.01.26 02:02:22.554,1.42109,1.4213,1.12,1.00
2017.01.26 02:02:22.656,1.42111,1.42131,1.87,1.00
2017.01.26 02:02:22.707,1.42109,1.42131,2.25,1.00
2017.01.26 02:02:22.758,1.4211,1.42128,1.12,1.00
2017.01.26 02:02:22.860,1.4211,1.42133,1.50,2.25
2017.01.26 02:02:22.961,1.42109,1.42132,2.62,1.50
2017.01.26 02:02:23.298,1.42107,1.42128,1.00,1.12
2017.01.26 02:02:23.602,1.42107,1.42128,1.50,1.00
2017.01.26 02:02:23.704,1.42108,1.4213,1.87,1.12
2017.01.26 02:02:24.221,1.4211,1.42128,1.00,1.00
2017.01.26 02:02:24.322,1.4211,1.42132,1.12,1.00
2017.01.26 02:02:24.829,1.4211,1.42131,1.00,1.00
2017.01.26 02:02:25.302,1.4211,1.42128,1.00,1.00
2017.01.26 02:02:25.951,1.42108,1.42131,2.25,1.12
2017.01.26 02:02:26.466,1.4211,1.4213,1.00,1.00
2017.01.26 02:02:26.772,1.42108,1.42128,1.50,1.00
2017.01.26 02:02:27.316,1.42109,1.42128,1.37,1.00
2017.01.26 02:02:27.519,1.42109,1.42131,1.50,1.00
2017.01.26 02:02:29.403,1.42108,1.4213,2.62,1.00
2017.01.26 02:02:29.915,1.4211,1.42129,1.12,1.00
2017.01.26 02:02:31.096,1.42109,1.42129,2.25,1.00
2017.01.26 02:02:31.683,1.4211,1.42131,1.37,1.50
2017.01.26 02:02:32.212,1.4211,1.4213,1.37,1.00
2017.01.26 02:02:32.412,1.4211,1.42128,1.37,1.00
2017.01.26 02:02:32.909,1.42109,1.42128,1.12,1.19
2017.01.26 02:02:33.062,1.42107,1.42128,1.12,1.19
2017.01.26 02:02:33.602,1.42106,1.42125,1.37,1.00
2017.01.26 02:02:33.830,1.42107,1.42129,1.12,2.44
2017.01.26 02:02:33.881,1.42107,1.42129,1.12,2.25
2017.01.26 02:02:34.135,1.42109,1.42125,1.12,1.00
2017.01.26 02:02:34.557,1.4211,1.42125,1.37,1.00
2017.01.26 02:02:34.811,1.42111,1.4213,2.62,1.00
2017.01.26 02:02:34.913,1.42111,1.4213,1.12,1.56
2017.01.26 02:02:35.421,1.4211,1.42127,1.37,1.00
2017.01.26 02:02:36.241,1.42109,1.42127,1.12,1.00
2017.01.26 02:02:37.005,1.42109,1.42127,1.75,1.19
2017.01.26 02:02:37.700,1.42108,1.42127,1.12,1.19
2017.01.26 02:02:37.903,1.42106,1.42125,1.75,1.00
2017.01.26 02:02:38.206,1.42106,1.42122,1.75,1.00
2017.01.26 02:02:38.257,1.42106,1.42125,1.75,1.00
2017.01.26 02:02:38.743,1.42106,1.42125,1.12,1.00
2017.01.26 02:02:38.794,1.42106,1.42125,1.69,1.00
2017.01.26 02:02:38.845,1.42106,1.42127,1.69,1.12
2017.01.26 02:02:38.896,1.42108,1.42128,2.62,1.87
2017.01.26 02:02:39.048,1.42112,1.42132,1.37,1.50
2017.01.26 02:02:39.151,1.42111,1.4213,1.12,1.00
2017.01.26 02:02:39.707,1.4211,1.4213,1.12,2.25
2017.01.26 02:02:40.416,1.4211,1.42128,1.37,1.00
2017.01.26 02:02:40.467,1.4211,1.42128,1.00,1.00
2017.01.26 02:02:42.200,1.42108,1.42129,1.37,1.00
2017.01.26 02:02:42.353,1.42108,1.42125,1.75,1.00
2017.01.26 02:02:44.433,1.42106,1.42125,1.37,1.00
2017.01.26 02:02:44.535,1.42105,1.42123,1.12,1.00
2017.01.26 02:02:44.636,1.42105,1.42126,1.12,1.00
2017.01.26 02:02:44.839,1.42105,1.42124,1.12,1.00
2017.01.26 02:02:45.152,1.42104,1.42124,1.37,1.00
2017.01.26 02:02:45.643,1.42106,1.42126,1.50,1.00
2017.01.26 02:02:45.947,1.42108,1.42128,1.37,1.00
2017.01.26 02:02:46.448,1.42108,1.42129,1.12,2.25
2017.01.26 02:02:47.112,1.42108,1.42126,1.12,1.00
2017.01.26 02:02:51.558,1.4211,1.42129,1.12,1.00
2017.01.26 02:02:52.132,1.4211,1.42129,1.37,1.00
2017.01.26 02:02:53.314,1.42108,1.42128,2.62,1.00
2017.01.26 02:02:53.365,1.42111,1.42128,1.87,1.00
2017.01.26 02:02:53.416,1.42108,1.42129,1.50,1.00
2017.01.26 02:02:53.670,1.42108,1.42128,1.12,1.00
2017.01.26 02:02:54.646,1.42108,1.42128,1.37,1.00
2017.01.26 02:02:55.188,1.42108,1.42128,1.00,1.00
2017.01.26 02:02:56.551,1.42108,1.42127,1.00,1.00
2017.01.26 02:02:56.602,1.42106,1.42127,1.00,1.00
2017.01.26 02:02:56.830,1.42105,1.42122,1.87,1.00
2017.01.26 02:02:57.464,1.42105,1.42123,1.37,1.00
2017.01.26 02:02:57.515,1.42105,1.42126,1.75,1.50
2017.01.26 02:02:58.616,1.42105,1.42124,1.37,1.25
2017.01.26 02:02:59.560,1.42108,1.42126,1.37,1.19
2017.01.26 02:02:59.611,1.42108,1.4213,4.12,1.69
2017.01.26 02:02:59.662,1.42111,1.42127,1.50,1.00
2017.01.26 02:03:00.009,1.42112,1.42128,1.37,1.00
2017.01.26 02:03:02.006,1.42112,1.42131,1.37,1.19
2017.01.26 02:03:02.223,1.42111,1.4213,1.00,1.19
2017.01.26 02:03:02.292,1.42111,1.4213,1.37,1.25
2017.01.26 02:03:02.517,1.42111,1.42131,1.00,1.19
2017.01.26 02:03:02.568,1.42111,1.42131,1.37,1.19
2017.01.26 02:03:03.138,1.42111,1.42131,1.12,1.00
2017.01.26 02:03:03.493,1.42111,1.42129,1.12,1.00
2017.01.26 02:03:03.798,1.42108,1.42126,1.87,1.31
2017.01.26 02:03:09.199,1.42108,1.42126,1.37,1.19
2017.01.26 02:03:10.340,1.42108,1.42124,1.37,1.00
2017.01.26 02:03:10.923,1.42108,1.42126,1.75,1.19
2017.01.26 02:03:11.432,1.42108,1.42126,1.75,1.00
2017.01.26 02:03:11.981,1.42107,1.42126,3.37,1.00
2017.01.26 02:03:12.693,1.42107,1.42126,1.87,1.19
2017.01.26 02:03:12.998,1.42109,1.42128,3.00,1.00
2017.01.26 02:03:13.316,1.42107,1.42127,1.37,1.19
2017.01.26 02:03:13.563,1.42107,1.42126,1.00,1.19
2017.01.26 02:03:13.784,1.42106,1.42126,1.75,1.19
2017.01.26 02:03:14.337,1.42106,1.42126,3.19,1.00
2017.01.26 02:03:14.559,1.4211,1.42128,1.00,1.25
2017.01.26 02:03:14.612,1.4211,1.42133,1.37,3.56
2017.01.26 02:03:14.934,1.42116,1.42133,1.50,1.00
2017.01.26 02:03:15.137,1.42115,1.42132,1.50,1.19
2017.01.26 02:03:15.639,1.42113,1.42132,1.37,1.19
2017.01.26 02:03:15.812,1.42113,1.42135,1.37,1.19
2017.01.26 02:03:16.560,1.42113,1.42133,1.37,1.69
2017.01.26 02:03:16.882,1.42113,1.42133,1.37,2.06
2017.01.26 02:03:18.424,1.42113,1.42133,1.50,1.19
2017.01.26 02:03:18.526,1.42113,1.42133,1.50,1.56
2017.01.26 02:03:18.627,1.42113,1.42132,1.50,1.19
2017.01.26 02:03:19.171,1.42113,1.42132,1.50,1.25
2017.01.26 02:03:19.831,1.42113,1.42132,1.50,1.19
2017.01.26 02:03:20.954,1.42115,1.42132,1.00,1.19
2017.01.26 02:03:21.055,1.42113,1.42134,1.37,1.19
2017.01.26 02:03:21.157,1.42113,1.42134,1.37,1.69
2017.01.26 02:03:21.482,1.42113,1.42134,1.37,2.06
2017.01.26 02:03:21.718,1.42113,1.42134,1.50,1.69
2017.01.26 02:03:21.858,1.42113,1.42134,1.37,2.06
2017.01.26 02:03:22.165,1.42118,1.42135,1.87,1.19
2017.01.26 02:03:22.587,1.42115,1.42135,1.00,1.56
2017.01.26 02:03:22.638,1.42114,1.42135,1.50,1.19
2017.01.26 02:03:23.209,1.42113,1.42135,1.87,1.19
2017.01.26 02:03:24.849,1.42114,1.42133,2.25,1.19
2017.01.26 02:03:25.001,1.42114,1.42133,1.50,1.19
2017.01.26 02:03:25.052,1.42114,1.42133,1.75,1.00
2017.01.26 02:03:29.457,1.42117,1.42133,1.00,1.19
2017.01.26 02:03:29.610,1.42115,1.42134,1.00,1.19
2017.01.26 02:03:29.762,1.42115,1.42133,1.00,1.31
2017.01.26 02:03:30.944,1.42113,1.42133,1.12,1.69
2017.01.26 02:03:31.165,1.42112,1.4213,1.00,1.19
2017.01.26 02:03:31.811,1.42109,1.4213,2.44,1.19
2017.01.26 02:03:33.024,1.42111,1.42129,1.50,1.19
2017.01.26 02:03:33.177,1.42111,1.4213,1.12,1.19
2017.01.26 02:03:33.646,1.42108,1.4213,2.25,1.56
2017.01.26 02:03:33.751,1.42106,1.42127,1.12,1.00
2017.01.26 02:03:34.257,1.42105,1.42127,1.50,1.50
2017.01.26 02:03:34.591,1.42103,1.42125,3.00,1.69
2017.01.26 02:03:35.310,1.42105,1.42127,1.50,2.06
2017.01.26 02:03:35.361,1.42105,1.42127,2.06,1.12
2017.01.26 02:03:36.005,1.42106,1.42127,1.12,2.25
2017.01.26 02:03:36.236,1.42106,1.42124,1.12,1.00
2017.01.26 02:03:36.549,1.42106,1.42124,1.00,1.19
2017.01.26 02:03:36.834,1.42104,1.42124,3.00,1.25
2017.01.26 02:03:37.074,1.42106,1.42126,1.00,1.00
2017.01.26 02:03:37.612,1.42104,1.42127,3.19,2.25
2017.01.26 02:03:37.842,1.42105,1.42127,1.31,2.25
2017.01.26 02:03:38.346,1.42108,1.42129,2.06,1.37
2017.01.26 02:03:39.221,1.42106,1.42127,1.94,1.12
2017.01.26 02:03:39.272,1.42106,1.42127,1.37,1.00
2017.01.26 02:03:39.475,1.42105,1.42128,3.56,1.87
2017.01.26 02:03:39.779,1.42109,1.42126,1.00,1.00
2017.01.26 02:03:39.880,1.42108,1.42129,1.50,1.50
2017.01.26 02:03:41.118,1.42105,1.42127,2.00,1.50
2017.01.26 02:03:41.270,1.42108,1.42127,1.62,1.00
2017.01.26 02:03:41.680,1.4211,1.4213,2.62,1.00
2017.01.26 02:03:41.990,1.42112,1.42133,3.37,1.19
2017.01.26 02:03:42.142,1.42113,1.42135,3.37,1.00
2017.01.26 02:03:42.244,1.42113,1.42132,1.12,1.00
2017.01.26 02:03:42.562,1.42113,1.42129,1.87,1.00
2017.01.26 02:03:42.924,1.42112,1.42129,1.37,1.00
2017.01.26 02:03:44.600,1.42112,1.4213,1.37,1.00
2017.01.26 02:03:44.702,1.4211,1.42127,5.44,1.00
2017.01.26 02:03:45.010,1.42115,1.42127,1.87,1.00
2017.01.26 02:03:45.061,1.42113,1.42129,1.12,1.00
2017.01.26 02:03:46.019,1.42113,1.42131,1.00,1.00
2017.01.26 02:03:46.619,1.42113,1.42132,1.37,1.00
2017.01.26 02:03:46.873,1.42115,1.4213,1.12,1.00
2017.01.26 02:03:46.924,1.42115,1.42132,1.37,1.00
2017.01.26 02:03:46.975,1.42116,1.42132,1.37,1.00
2017.01.26 02:03:47.027,1.42116,1.42137,1.37,1.37
2017.01.26 02:03:47.143,1.4212,1.42139,3.19,1.37
2017.01.26 02:03:47.245,1.42124,1.42145,1.87,1.25
2017.01.26 02:03:47.364,1.42128,1.42145,2.81,1.00
2017.01.26 02:03:47.415,1.42127,1.42145,2.06,1.00
2017.01.26 02:03:47.719,1.42125,1.42147,1.31,1.87
2017.01.26 02:03:47.922,1.42128,1.42146,1.87,1.56
2017.01.26 02:03:48.091,1.42126,1.42145,1.62,1.00
2017.01.26 02:03:48.192,1.42125,1.42145,1.25,1.87
2017.01.26 02:03:48.243,1.42125,1.42142,1.25,1.00
2017.01.26 02:03:48.861,1.42122,1.4214,3.94,1.00
2017.01.26 02:03:48.912,1.42122,1.42143,3.94,1.00
2017.01.26 02:03:48.964,1.42124,1.42143,1.31,1.00
2017.01.26 02:03:49.015,1.42128,1.42146,1.00,1.50
2017.01.26 02:03:49.117,1.42127,1.42145,3.94,1.00
2017.01.26 02:03:49.522,1.42131,1.42145,1.37,1.00
2017.01.26 02:03:50.047,1.42133,1.42147,1.50,1.00
2017.01.26 02:03:50.099,1.42133,1.42147,1.37,1.00
2017.01.26 02:03:50.194,1.42131,1.42147,2.81,1.00
2017.01.26 02:03:50.246,1.42131,1.42151,2.06,1.37
2017.01.26 02:03:50.297,1.42127,1.42147,1.50,1.19
2017.01.26 02:03:50.625,1.42131,1.42147,1.00,1.00
2017.01.26 02:03:51.022,1.42131,1.42145,1.00,1.00
2017.01.26 02:03:51.174,1.42127,1.42146,2.00,1.00
2017.01.26 02:03:51.610,1.42127,1.42142,1.62,1.00
2017.01.26 02:03:52.841,1.42128,1.42144,1.25,1.00
2017.01.26 02:03:53.434,1.42128,1.42145,1.00,1.00
2017.01.26 02:03:53.941,1.42128,1.42142,1.00,1.00
2017.01.26 02:03:54.318,1.42127,1.42144,1.37,1.00
2017.01.26 02:03:54.420,1.42129,1.42144,2.06,1.00
2017.01.26 02:03:54.727,1.42131,1.42143,1.12,1.00
2017.01.26 02:03:54.930,1.42129,1.4215,1.37,1.00
2017.01.26 02:03:55.189,1.42129,1.42142,1.37,1.00
2017.01.26 02:03:56.344,1.42127,1.42144,1.12,1.00
2017.01.26 02:03:56.533,1.42127,1.42141,1.87,1.00
2017.01.26 02:03:56.584,1.42127,1.42143,1.87,1.00
2017.01.26 02:03:56.686,1.42124,1.42143,1.12,1.00
2017.01.26 02:03:56.809,1.42124,1.42145,1.12,1.00
2017.01.26 02:03:57.042,1.42124,1.42142,1.12,1.00
2017.01.26 02:03:57.853,1.42125,1.42145,1.12,1.00
2017.01.26 02:03:58.355,1.42125,1.42144,1.37,1.00
2017.01.26 02:04:01.918,1.42125,1.42146,1.37,1.00
2017.01.26 02:04:01.969,1.42123,1.42146,1.37,1.56
2017.01.26 02:04:02.020,1.42122,1.42146,1.50,2.44
2017.01.26 02:04:02.121,1.42122,1.42145,1.62,1.00
2017.01.26 02:04:02.173,1.42122,1.42139,1.62,1.00
2017.01.26 02:04:02.274,1.42117,1.42134,1.00,1.00
2017.01.26 02:04:02.374,1.42113,1.42134,1.00,1.69
2017.01.26 02:04:02.477,1.42109,1.42133,2.25,2.06
2017.01.26 02:04:02.571,1.42109,1.42126,1.50,1.00
2017.01.26 02:04:02.723,1.42108,1.42131,1.12,1.69
2017.01.26 02:04:02.919,1.42105,1.4212,1.50,1.12
2017.01.26 02:04:02.970,1.42099,1.4211,1.00,1.37
2017.01.26 02:04:03.122,1.42098,1.42114,2.44,1.50
2017.01.26 02:04:03.476,1.42097,1.42111,1.31,1.12
2017.01.26 02:04:03.527,1.42097,1.42111,1.19,1.50
2017.01.26 02:04:03.831,1.42095,1.42109,1.50,1.00
2017.01.26 02:04:03.882,1.42095,1.42106,1.50,1.37
2017.01.26 02:04:04.186,1.42094,1.42105,1.69,1.50
2017.01.26 02:04:04.558,1.42094,1.42106,1.50,1.75
2017.01.26 02:04:04.863,1.42093,1.42101,1.12,1.00
2017.01.26 02:04:04.965,1.42091,1.42101,1.00,1.50
2017.01.26 02:04:05.724,1.42089,1.42101,1.50,1.00
2017.01.26 02:04:05.826,1.4209,1.42101,1.12,1.00
2017.01.26 02:04:05.978,1.42091,1.42101,1.87,1.00
2017.01.26 02:04:06.426,1.42091,1.42103,1.87,1.12
2017.01.26 02:04:06.477,1.42089,1.42103,2.25,1.12
2017.01.26 02:04:06.528,1.42089,1.42099,1.50,1.00
2017.01.26 02:04:06.579,1.42087,1.42099,1.00,1.00
2017.01.26 02:04:06.630,1.42087,1.42097,1.00,1.00
2017.01.26 02:04:06.732,1.42084,1.42097,2.25,1.00
2017.01.26 02:04:06.809,1.42085,1.421,1.75,1.12
2017.01.26 02:04:07.331,1.42087,1.42102,1.87,1.50
2017.01.26 02:04:07.835,1.4209,1.42103,1.00,1.75
2017.01.26 02:04:08.523,1.4209,1.42103,1.00,1.50
2017.01.26 02:04:09.562,1.42087,1.42103,1.50,1.50
2017.01.26 02:04:09.716,1.42084,1.42104,1.12,1.75
2017.01.26 02:04:10.137,1.42084,1.421,1.12,1.50
2017.01.26 02:04:10.361,1.42084,1.42101,1.12,1.50
2017.01.26 02:04:12.899,1.42084,1.42098,1.69,1.00
2017.01.26 02:04:13.000,1.42081,1.42098,1.12,1.12
2017.01.26 02:04:13.134,1.4208,1.42098,1.37,1.50
2017.01.26 02:04:13.185,1.42078,1.42095,1.12,1.00
2017.01.26 02:04:13.236,1.42074,1.42091,1.87,1.37
2017.01.26 02:04:13.744,1.42075,1.42092,1.00,1.50
2017.01.26 02:04:16.994,1.4208,1.42092,1.00,1.50
2017.01.26 02:04:17.045,1.42075,1.42092,1.00,1.50
2017.01.26 02:04:19.405,1.42073,1.42092,1.12,1.75
2017.01.26 02:04:19.507,1.42071,1.42088,1.37,1.12
2017.01.26 02:04:20.073,1.4207,1.42088,1.87,1.87
2017.01.26 02:04:20.879,1.42071,1.4209,1.00,1.00
2017.01.26 02:04:20.930,1.4207,1.42092,2.06,2.25
2017.01.26 02:04:21.046,1.42068,1.4209,1.00,1.00
2017.01.26 02:04:21.147,1.4207,1.4209,1.75,1.50
2017.01.26 02:04:21.720,1.4207,1.42089,1.37,1.00
2017.01.26 02:04:25.188,1.4207,1.42085,1.12,1.00
2017.01.26 02:04:25.830,1.4207,1.42085,1.00,1.00
2017.01.26 02:04:25.983,1.42068,1.42085,1.37,1.75
2017.01.26 02:04:26.085,1.42068,1.42085,1.00,1.75
2017.01.26 02:04:26.612,1.42066,1.42082,1.12,1.00
2017.01.26 02:04:27.272,1.42066,1.42083,1.12,1.12
2017.01.26 02:04:28.585,1.42066,1.42082,1.12,1.00
2017.01.26 02:04:29.139,1.42066,1.42085,1.12,1.75
2017.01.26 02:04:31.039,1.42067,1.42085,1.00,1.75
2017.01.26 02:04:33.203,1.42066,1.42086,1.75,2.25
2017.01.26 02:04:33.458,1.42071,1.42092,1.12,1.00
2017.01.26 02:04:33.661,1.42073,1.42089,1.00,1.12
2017.01.26 02:04:33.863,1.42069,1.42089,1.37,1.50
2017.01.26 02:04:34.509,1.42069,1.42089,1.37,2.62
2017.01.26 02:04:36.246,1.42069,1.42086,1.37,1.00
2017.01.26 02:04:36.297,1.42067,1.42086,1.12,1.00
2017.01.26 02:04:36.348,1.42066,1.42084,1.37,1.12
2017.01.26 02:04:36.859,1.42065,1.42084,1.12,1.00
2017.01.26 02:04:37.121,1.42069,1.42087,1.00,1.00
2017.01.26 02:04:37.172,1.42069,1.42084,1.00,1.00
2017.01.26 02:04:37.693,1.42066,1.42083,1.12,1.00
2017.01.26 02:04:38.237,1.42066,1.42082,1.12,1.00
2017.01.26 02:04:38.490,1.42066,1.42085,1.12,1.00
2017.01.26 02:04:38.992,1.42069,1.42085,1.00,1.00
2017.01.26 02:04:39.475,1.42068,1.42087,1.87,1.00
2017.01.26 02:04:40.741,1.42068,1.42085,1.87,1.00
2017.01.26 02:04:41.279,1.42068,1.42086,1.87,1.00
2017.01.26 02:04:41.536,1.42069,1.42089,1.12,1.50
2017.01.26 02:04:41.587,1.42071,1.42086,1.50,1.00
2017.01.26 02:04:41.638,1.42073,1.4209,1.00,1.00
2017.01.26 02:04:41.891,1.4207,1.42088,1.75,1.00
2017.01.26 02:04:43.616,1.42071,1.42092,2.62,1.50
2017.01.26 02:04:43.668,1.4207,1.42092,3.00,1.00
2017.01.26 02:04:43.771,1.42071,1.42092,1.12,1.00
2017.01.26 02:04:44.293,1.42072,1.42091,1.12,1.00
2017.01.26 02:04:44.395,1.42069,1.42091,1.12,1.50
2017.01.26 02:04:44.496,1.42068,1.42091,1.50,1.50
2017.01.26 02:04:44.547,1.42068,1.42088,1.50,1.00
2017.01.26 02:04:44.851,1.42068,1.42091,1.50,1.50
2017.01.26 02:04:45.420,1.42072,1.42091,2.62,1.00
2017.01.26 02:04:45.783,1.42073,1.42093,1.37,1.00
2017.01.26 02:04:47.025,1.42081,1.4209,1.00,1.00
2017.01.26 02:04:47.076,1.42073,1.4209,1.37,1.00
2017.01.26 02:04:49.107,1.42071,1.42086,1.12,1.00
2017.01.26 02:04:49.158,1.42069,1.42088,2.25,1.00
2017.01.26 02:04:49.209,1.42069,1.42088,1.31,1.00
2017.01.26 02:04:49.587,1.42067,1.42086,1.12,1.00
2017.01.26 02:04:49.841,1.42066,1.42085,1.00,1.31
2017.01.26 02:04:49.894,1.42066,1.42082,1.00,1.25
2017.01.26 02:04:50.047,1.42069,1.42086,1.00,1.12
2017.01.26 02:04:50.203,1.42074,1.4209,1.12,1.87
2017.01.26 02:04:50.302,1.42076,1.42094,1.00,1.00
2017.01.26 02:04:50.353,1.42076,1.42091,1.00,1.25
2017.01.26 02:04:50.404,1.42072,1.42091,1.00,1.25
2017.01.26 02:04:50.455,1.42068,1.42091,2.62,1.25
2017.01.26 02:04:50.609,1.42068,1.42087,1.00,1.00
2017.01.26 02:04:50.710,1.42065,1.42087,1.87,1.00
2017.01.26 02:04:50.862,1.42064,1.42086,1.50,1.75
2017.01.26 02:04:51.116,1.42068,1.4209,1.12,1.50
2017.01.26 02:04:51.218,1.4207,1.42074,1.12,1.25
2017.01.26 02:04:51.344,1.42062,1.42069,1.87,1.25
2017.01.26 02:04:51.395,1.42051,1.42069,2.25,1.25
2017.01.26 02:04:51.496,1.42055,1.42072,1.75,1.00
2017.01.26 02:04:51.547,1.42057,1.42077,2.25,1.00
2017.01.26 02:04:51.919,1.4206,1.42081,1.00,1.87
2017.01.26 02:04:52.431,1.4206,1.42078,1.00,1.00
2017.01.26 02:04:52.583,1.42054,1.42075,1.50,1.31
2017.01.26 02:04:52.634,1.42053,1.42075,1.87,2.06
2017.01.26 02:04:53.055,1.42054,1.42075,2.25,2.44
2017.01.26 02:04:53.360,1.42057,1.42075,1.12,1.25
2017.01.26 02:04:53.913,1.42056,1.42074,1.37,1.00
2017.01.26 02:04:54.014,1.42054,1.42074,2.25,1.00
2017.01.26 02:04:54.219,1.42058,1.42076,1.87,1.00
2017.01.26 02:04:54.270,1.42054,1.42074,4.50,1.00
2017.01.26 02:04:54.371,1.42051,1.42073,2.06,1.37
2017.01.26 02:04:54.524,1.42052,1.42075,1.62,2.25
2017.01.26 02:04:54.575,1.42053,1.42075,1.50,1.87
2017.01.26 02:04:54.626,1.42054,1.42075,1.87,1.37
2017.01.26 02:04:54.728,1.42055,1.42077,1.37,1.50
2017.01.26 02:04:54.780,1.42054,1.42077,1.87,2.25
2017.01.26 02:04:54.831,1.42053,1.42075,1.00,1.37
2017.01.26 02:04:54.882,1.42052,1.42073,2.44,1.69
2017.01.26 02:04:54.985,1.4205,1.42073,2.25,2.44
2017.01.26 02:04:55.087,1.4205,1.42071,1.12,1.37
2017.01.26 02:04:55.494,1.42048,1.42069,1.12,1.87
2017.01.26 02:04:55.697,1.42044,1.42065,1.87,1.00
2017.01.26 02:04:55.899,1.42044,1.42067,1.87,2.25
2017.01.26 02:04:56.943,1.42044,1.42067,1.87,1.50
2017.01.26 02:04:59.324,1.42044,1.42067,1.87,1.12
2017.01.26 02:04:59.857,1.42044,1.42066,1.87,1.00
2017.01.26 02:05:00.273,1.42044,1.4206,1.00,1.19
2017.01.26 02:05:00.425,1.4204,1.4206,2.62,1.19
2017.01.26 02:05:00.832,1.42046,1.4206,1.87,1.19
2017.01.26 02:05:00.883,1.42043,1.42064,1.87,1.87
2017.01.26 02:05:00.935,1.42044,1.42065,2.44,1.62
2017.01.26 02:05:01.036,1.42043,1.42066,1.94,1.31
2017.01.26 02:05:01.356,1.42045,1.42066,2.06,1.69
2017.01.26 02:05:02.118,1.42047,1.42066,3.00,1.19
2017.01.26 02:05:02.653,1.42048,1.42066,1.37,1.19
2017.01.26 02:05:04.111,1.4205,1.42066,1.00,1.19
2017.01.26 02:05:04.552,1.42048,1.42069,2.25,1.19
2017.01.26 02:05:05.091,1.42049,1.42069,1.00,1.19
2017.01.26 02:05:05.660,1.42046,1.42069,2.81,2.44
2017.01.26 02:05:05.813,1.42035,1.42055,1.87,1.31
2017.01.26 02:05:06.332,1.42035,1.42055,1.37,1.19
2017.01.26 02:05:07.631,1.42037,1.42056,2.44,1.25
2017.01.26 02:05:07.938,1.42039,1.42056,1.37,1.25
2017.01.26 02:05:08.233,1.42039,1.42059,1.69,1.69
2017.01.26 02:05:08.335,1.42039,1.42059,1.50,1.25
2017.01.26 02:05:08.538,1.42041,1.42059,2.25,1.25
2017.01.26 02:05:08.639,1.4204,1.42059,1.75,1.25
2017.01.26 02:05:11.257,1.42047,1.42062,1.87,1.00
2017.01.26 02:05:11.426,1.42051,1.4207,1.12,1.25
2017.01.26 02:05:11.528,1.4205,1.42066,1.87,1.25
2017.01.26 02:05:11.833,1.42038,1.42056,1.50,1.25
2017.01.26 02:05:12.007,1.42046,1.42061,1.50,1.00
2017.01.26 02:05:12.311,1.42044,1.42062,1.12,1.25
2017.01.26 02:05:12.479,1.42042,1.42062,1.00,2.06
2017.01.26 02:05:12.732,1.42042,1.42062,1.87,2.06
2017.01.26 02:05:13.036,1.4204,1.42061,1.50,1.12
2017.01.26 02:05:13.540,1.4204,1.42061,1.37,1.00
2017.01.26 02:05:14.351,1.42051,1.42062,1.00,1.31
2017.01.26 02:05:14.606,1.4205,1.42067,1.00,1.62
2017.01.26 02:05:14.708,1.4205,1.42069,1.00,1.37
2017.01.26 02:05:14.759,1.42048,1.42069,1.00,2.25
2017.01.26 02:05:15.013,1.42051,1.42068,1.00,1.00
2017.01.26 02:05:15.199,1.42052,1.4207,1.00,1.00
2017.01.26 02:05:15.343,1.42052,1.4207,1.12,1.00
2017.01.26 02:05:15.597,1.4205,1.4207,1.37,1.00
2017.01.26 02:05:15.698,1.4205,1.4207,1.75,1.00
2017.01.26 02:05:16.206,1.42051,1.42071,1.87,1.25
2017.01.26 02:05:16.467,1.4205,1.42071,1.00,1.69
2017.01.26 02:05:16.569,1.4205,1.42071,1.87,1.87
2017.01.26 02:05:16.873,1.42054,1.42071,1.87,1.25
2017.01.26 02:05:17.077,1.42054,1.42077,1.87,2.06
2017.01.26 02:05:17.330,1.42054,1.42076,1.12,1.87
2017.01.26 02:05:17.837,1.42055,1.42076,1.87,1.69
2017.01.26 02:05:18.317,1.42057,1.42076,1.00,4.31
2017.01.26 02:05:18.521,1.42048,1.42065,1.00,1.00
2017.01.26 02:05:18.572,1.42044,1.42065,1.75,1.50
2017.01.26 02:05:18.674,1.42043,1.42063,1.00,1.00
2017.01.26 02:05:18.725,1.42041,1.42063,1.00,1.00
2017.01.26 02:05:18.827,1.42041,1.42064,1.56,1.50
2017.01.26 02:05:19.131,1.42054,1.42072,1.00,1.00
2017.01.26 02:05:19.436,1.42048,1.42068,1.00,1.69
2017.01.26 02:05:19.537,1.42046,1.42068,2.81,2.06
2017.01.26 02:05:19.639,1.42046,1.42068,3.94,1.25
2017.01.26 02:05:19.741,1.42047,1.4207,2.06,1.00
2017.01.26 02:05:19.842,1.42048,1.42068,2.06,1.00
2017.01.26 02:05:19.893,1.42048,1.4207,1.69,1.00
2017.01.26 02:05:19.945,1.42048,1.4207,1.50,1.00
2017.01.26 02:05:20.080,1.42048,1.4207,1.00,1.87
2017.01.26 02:05:20.439,1.42048,1.42072,2.44,1.75
2017.01.26 02:05:21.549,1.42049,1.4207,1.00,1.00
2017.01.26 02:05:24.854,1.42048,1.42069,1.37,1.00
2017.01.26 02:05:25.006,1.42046,1.42069,2.25,1.37
2017.01.26 02:05:25.057,1.42046,1.42069,2.06,1.37
2017.01.26 02:05:25.158,1.42047,1.4207,1.12,1.12
2017.01.26 02:05:25.282,1.42047,1.4207,3.00,1.12
2017.01.26 02:05:25.586,1.42049,1.42072,1.69,1.87
2017.01.26 02:05:25.747,1.42049,1.42072,2.44,1.87
2017.01.26 02:05:26.292,1.42049,1.4207,2.25,1.00
2017.01.26 02:05:26.646,1.42049,1.4207,1.69,1.00
2017.01.26 02:05:26.748,1.42049,1.42069,1.50,1.00
2017.01.26 02:05:32.169,1.42062,1.42069,1.00,1.00
2017.01.26 02:05:32.220,1.4205,1.42072,1.87,1.87
2017.01.26 02:05:32.271,1.4205,1.42072,3.19,1.50
2017.01.26 02:05:32.382,1.4205,1.42072,1.12,1.50
2017.01.26 02:05:32.433,1.4205,1.42069,1.00,1.00
2017.01.26 02:05:32.850,1.4205,1.42067,1.00,1.00
2017.01.26 02:05:33.447,1.4205,1.42069,1.00,1.00
2017.01.26 02:05:33.953,1.42051,1.42069,1.00,1.00
2017.01.26 02:05:34.318,1.42052,1.42071,1.87,1.00
2017.01.26 02:05:34.456,1.42052,1.42071,1.37,1.00
2017.01.26 02:05:34.964,1.42052,1.4207,1.00,1.00
2017.01.26 02:05:36.650,1.42052,1.42073,1.25,1.00
2017.01.26 02:05:36.701,1.42052,1.42073,1.69,1.00
2017.01.26 02:05:37.211,1.42052,1.4207,2.06,1.00
2017.01.26 02:05:37.262,1.42051,1.42072,1.31,1.00
2017.01.26 02:05:37.374,1.4205,1.42069,1.31,1.00
2017.01.26 02:05:37.476,1.4205,1.42069,1.00,1.00
2017.01.26 02:05:37.527,1.4205,1.42066,1.00,1.25
2017.01.26 02:05:37.578,1.42048,1.42069,1.37,1.31
2017.01.26 02:05:37.933,1.42048,1.42069,1.00,2.06
2017.01.26 02:05:37.984,1.42048,1.42069,1.37,1.69
2017.01.26 02:05:38.136,1.42049,1.42069,1.50,1.69
2017.01.26 02:05:38.496,1.42051,1.42066,1.19,1.00
2017.01.26 02:05:38.631,1.42048,1.42064,1.50,1.00
2017.01.26 02:05:38.682,1.4205,1.42064,1.00,1.00
2017.01.26 02:05:38.783,1.42048,1.42064,2.25,1.00
2017.01.26 02:05:39.261,1.42048,1.42067,2.25,1.00
2017.01.26 02:05:39.525,1.42048,1.4207,2.44,1.00
2017.01.26 02:05:39.627,1.42048,1.42067,2.81,1.00
2017.01.26 02:05:39.780,1.42051,1.4207,1.31,1.00
2017.01.26 02:05:39.932,1.42048,1.42067,2.44,1.00
2017.01.26 02:05:40.471,1.42049,1.42068,1.69,1.00
2017.01.26 02:05:41.150,1.4205,1.42068,1.19,1.00
2017.01.26 02:05:41.656,1.42051,1.42068,1.19,1.00
2017.01.26 02:05:44.128,1.4205,1.42071,3.94,1.37
2017.01.26 02:05:44.202,1.42053,1.42073,2.06,2.06
2017.01.26 02:05:44.326,1.42053,1.42073,1.69,1.69
2017.01.26 02:05:44.428,1.42052,1.42073,1.31,1.25
2017.01.26 02:05:44.758,1.42057,1.42075,1.75,1.37
2017.01.26 02:05:44.860,1.42059,1.42081,2.62,1.37
2017.01.26 02:05:44.911,1.4206,1.42082,1.37,1.25
2017.01.26 02:05:44.962,1.42059,1.4208,2.62,1.00
2017.01.26 02:05:45.202,1.42056,1.42078,1.37,1.12
2017.01.26 02:05:45.710,1.42056,1.42077,1.12,1.00
2017.01.26 02:05:45.913,1.42055,1.42075,2.62,1.00
2017.01.26 02:05:46.166,1.42057,1.42077,1.00,1.00
2017.01.26 02:05:46.803,1.42056,1.42077,1.37,1.37
2017.01.26 02:05:46.955,1.42056,1.42078,2.62,1.12
2017.01.26 02:05:47.456,1.42058,1.42078,1.00,1.12
2017.01.26 02:05:47.911,1.42058,1.42079,2.06,1.00
2017.01.26 02:05:48.174,1.42059,1.42079,1.87,1.00
2017.01.26 02:05:48.276,1.42064,1.42084,1.12,1.00
2017.01.26 02:05:48.327,1.42064,1.42086,1.00,4.31
2017.01.26 02:05:48.428,1.42062,1.42085,1.12,2.62
2017.01.26 02:05:48.530,1.42059,1.42081,1.50,1.12
2017.01.26 02:05:48.581,1.42059,1.42079,1.50,1.00
2017.01.26 02:05:49.173,1.42058,1.42079,1.31,1.00
2017.01.26 02:05:49.522,1.42058,1.42077,1.31,1.00
2017.01.26 02:05:50.031,1.42058,1.42076,1.31,1.00
2017.01.26 02:05:50.591,1.42058,1.42077,1.12,1.00
2017.01.26 02:05:50.931,1.42057,1.42074,1.31,1.00
2017.01.26 02:05:51.042,1.42054,1.42073,1.87,1.25
2017.01.26 02:05:51.246,1.42051,1.42073,1.31,1.62
2017.01.26 02:05:51.550,1.42048,1.42066,1.87,1.00
2017.01.26 02:05:51.939,1.42047,1.42066,1.50,1.00
2017.01.26 02:05:52.243,1.42049,1.42068,1.00,1.12
2017.01.26 02:05:52.527,1.42049,1.42068,1.37,1.00
2017.01.26 02:05:52.680,1.42053,1.42074,1.87,1.12
2017.01.26 02:05:52.731,1.42052,1.42073,1.50,1.00
2017.01.26 02:05:52.783,1.42052,1.42073,1.56,1.00
2017.01.26 02:05:52.885,1.4205,1.42072,1.00,1.00
2017.01.26 02:05:53.401,1.42048,1.42071,1.87,1.12
2017.01.26 02:05:54.285,1.42048,1.4207,2.06,1.00
2017.01.26 02:05:54.336,1.4205,1.42071,1.37,1.12
2017.01.26 02:05:54.641,1.42058,1.42079,1.19,1.12
2017.01.26 02:05:54.794,1.42052,1.42074,1.87,1.00
2017.01.26 02:05:54.845,1.42052,1.42071,1.87,1.00
2017.01.26 02:05:54.947,1.42056,1.42075,1.00,1.69
2017.01.26 02:05:54.998,1.42055,1.42075,1.31,1.25
2017.01.26 02:05:55.409,1.42055,1.42077,1.69,1.00
2017.01.26 02:05:55.510,1.42058,1.42079,1.69,1.00
2017.01.26 02:05:55.561,1.42057,1.42079,1.94,1.00
2017.01.26 02:05:56.073,1.42057,1.42078,2.44,1.00
2017.01.26 02:05:56.276,1.42057,1.42079,1.56,1.00
2017.01.26 02:05:56.365,1.42057,1.42076,1.37,1.00
2017.01.26 02:05:56.472,1.42054,1.42076,1.56,1.50
2017.01.26 02:05:56.574,1.42053,1.42073,1.00,1.25
2017.01.26 02:05:56.697,1.42052,1.42073,3.19,2.44
2017.01.26 02:05:56.911,1.42052,1.42074,2.06,1.00
2017.01.26 02:05:57.164,1.42052,1.42074,2.06,1.50
2017.01.26 02:05:57.266,1.42054,1.42074,1.19,1.12
2017.01.26 02:05:57.687,1.42054,1.42074,1.56,1.00
2017.01.26 02:05:57.789,1.42057,1.42076,1.05,1.87
2017.01.26 02:05:57.840,1.42057,1.42072,1.05,1.00
2017.01.26 02:05:59.923,1.42053,1.42072,2.62,1.00
2017.01.26 02:06:00.467,1.42053,1.42068,1.87,1.00
2017.01.26 02:06:00.568,1.42053,1.42073,1.12,1.00
2017.01.26 02:06:00.671,1.42054,1.42075,1.05,1.12
2017.01.26 02:06:00.773,1.42053,1.42077,1.87,3.56
2017.01.26 02:06:01.128,1.42053,1.42073,1.00,1.00
2017.01.26 02:06:01.645,1.42053,1.42069,1.00,1.12
2017.01.26 02:06:01.855,1.42049,1.4207,1.00,1.50
2017.01.26 02:06:02.195,1.42058,1.4207,1.00,1.00
2017.01.26 02:06:02.297,1.42055,1.42073,1.12,1.00
2017.01.26 02:06:02.777,1.42056,1.42076,2.17,2.25
2017.01.26 02:06:02.886,1.4206,1.42078,2.62,1.12
2017.01.26 02:06:02.937,1.42068,1.42081,1.87,1.12
2017.01.26 02:06:02.988,1.42067,1.42082,2.25,1.00
2017.01.26 02:06:03.039,1.42067,1.42089,1.50,2.44
2017.01.26 02:06:03.090,1.42067,1.42087,1.12,3.00
2017.01.26 02:06:03.191,1.42065,1.42083,1.12,1.50
2017.01.26 02:06:03.309,1.42061,1.42078,1.12,1.00
2017.01.26 02:06:03.360,1.42061,1.42081,1.12,1.00
2017.01.26 02:06:03.513,1.42061,1.42081,1.87,1.00
2017.01.26 02:06:04.041,1.42062,1.4208,1.50,1.00
2017.01.26 02:06:04.143,1.42064,1.42084,1.00,1.00
2017.01.26 02:06:04.194,1.42064,1.42084,1.50,1.00
2017.01.26 02:06:04.296,1.42064,1.42084,1.12,1.00
2017.01.26 02:06:04.549,1.42065,1.42082,1.00,1.00
2017.01.26 02:06:05.096,1.42062,1.42082,1.87,1.00
2017.01.26 02:06:06.424,1.42063,1.42083,1.75,1.00
2017.01.26 02:06:06.958,1.42065,1.42083,1.87,1.00
2017.01.26 02:06:09.579,1.42065,1.42084,1.87,1.00
2017.01.26 02:06:09.630,1.42065,1.42086,1.87,1.50
2017.01.26 02:06:09.731,1.42066,1.42086,2.62,1.00
2017.01.26 02:06:10.137,1.42066,1.42085,1.00,1.00
2017.01.26 02:06:10.325,1.42067,1.42082,1.00,1.00
2017.01.26 02:06:10.427,1.42065,1.42082,1.87,1.00
2017.01.26 02:06:10.528,1.42065,1.42085,1.50,1.50
2017.01.26 02:06:10.744,1.42065,1.42086,1.37,1.87
2017.01.26 02:06:10.896,1.42059,1.42079,1.50,1.12
2017.01.26 02:06:11.053,1.42058,1.42077,1.12,1.50
2017.01.26 02:06:11.206,1.42058,1.42078,1.00,1.00
2017.01.26 02:06:11.688,1.42058,1.42078,1.37,1.00
2017.01.26 02:06:12.900,1.42062,1.42078,1.87,1.00
2017.01.26 02:06:13.002,1.4206,1.42078,2.25,1.00
2017.01.26 02:06:13.139,1.42062,1.42082,1.87,1.69
2017.01.26 02:06:13.965,1.42061,1.42082,2.62,1.69
2017.01.26 02:06:14.016,1.42061,1.42079,1.87,1.00
2017.01.26 02:06:14.544,1.42058,1.42079,1.87,1.37
2017.01.26 02:06:15.113,1.42058,1.42079,1.12,1.37
2017.01.26 02:06:15.215,1.42061,1.42081,1.87,2.25
2017.01.26 02:06:15.419,1.42065,1.42082,1.37,1.00
2017.01.26 02:06:15.886,1.42064,1.42082,1.87,1.00
2017.01.26 02:06:15.989,1.42068,1.42085,1.87,1.12
2017.01.26 02:06:16.040,1.42067,1.42085,1.00,1.12
2017.01.26 02:06:16.228,1.42064,1.42084,1.87,1.00
2017.01.26 02:06:16.430,1.42063,1.42082,1.50,1.00
2017.01.26 02:06:16.936,1.42063,1.42082,1.12,1.50
2017.01.26 02:06:17.268,1.42065,1.42081,1.00,1.00
2017.01.26 02:06:17.373,1.42065,1.42085,1.50,1.00
2017.01.26 02:06:17.882,1.42064,1.42084,2.25,1.00
2017.01.26 02:06:18.033,1.42064,1.42086,2.62,1.00
2017.01.26 02:06:18.185,1.42064,1.42083,1.87,1.00
2017.01.26 02:06:18.439,1.42062,1.42081,1.37,1.00
2017.01.26 02:06:18.490,1.4206,1.42081,1.00,1.00
2017.01.26 02:06:18.642,1.42061,1.42083,1.00,1.00
2017.01.26 02:06:18.693,1.42062,1.42083,1.87,1.00
2017.01.26 02:06:19.226,1.42064,1.42083,2.25,1.00
2017.01.26 02:06:19.729,1.42064,1.42078,1.37,1.00
2017.01.26 02:06:19.830,1.42062,1.42083,1.37,1.37
2017.01.26 02:06:20.001,1.42064,1.42084,1.00,1.00
2017.01.26 02:06:20.103,1.42064,1.42076,1.00,1.00
2017.01.26 02:06:20.524,1.4206,1.42076,1.87,1.00
2017.01.26 02:06:20.727,1.4206,1.42076,1.12,1.00
2017.01.26 02:06:20.930,1.42058,1.42073,3.37,1.00
2017.01.26 02:06:21.537,1.42056,1.42077,1.12,1.12
2017.01.26 02:06:21.588,1.42055,1.42077,1.12,1.12
2017.01.26 02:06:21.689,1.42055,1.42075,1.12,1.00
2017.01.26 02:06:22.037,1.42055,1.42072,1.12,1.00
2017.01.26 02:06:22.292,1.42054,1.42072,1.00,1.00
2017.01.26 02:06:22.782,1.42054,1.4207,1.00,1.00
2017.01.26 02:06:22.985,1.42047,1.42064,1.00,1.00
2017.01.26 02:06:23.137,1.42045,1.42067,1.87,1.37
2017.01.26 02:06:23.772,1.42047,1.42066,1.00,1.00
2017.01.26 02:06:23.823,1.42048,1.42068,1.87,2.25
2017.01.26 02:06:24.232,1.42052,1.42065,1.12,1.00
2017.01.26 02:06:24.284,1.42046,1.42065,2.25,1.00
2017.01.26 02:06:24.387,1.42046,1.42064,1.50,1.00
2017.01.26 02:06:24.894,1.42047,1.42064,1.00,1.00
2017.01.26 02:06:25.251,1.42046,1.42066,1.37,1.00
2017.01.26 02:06:25.353,1.42047,1.42065,2.25,1.00
2017.01.26 02:06:25.505,1.42046,1.42064,1.87,1.00
2017.01.26 02:06:26.072,1.42047,1.42064,1.12,1.00
2017.01.26 02:06:26.758,1.42047,1.42066,1.12,1.00
2017.01.26 02:06:28.482,1.42047,1.42068,1.00,2.06
2017.01.26 02:06:28.633,1.42046,1.42065,1.00,1.00
2017.01.26 02:06:29.045,1.42045,1.42062,1.00,1.00
2017.01.26 02:06:29.961,1.42042,1.42062,2.25,1.00
2017.01.26 02:06:30.113,1.42042,1.42063,3.00,1.00
2017.01.26 02:06:30.214,1.42041,1.42062,2.25,1.00
2017.01.26 02:06:30.496,1.42039,1.4206,1.87,1.00
2017.01.26 02:06:30.817,1.42039,1.42052,1.37,1.00
2017.01.26 02:06:30.911,1.42039,1.42055,1.37,1.00
2017.01.26 02:06:31.126,1.42041,1.42061,2.25,1.00
2017.01.26 02:06:31.177,1.42043,1.42061,1.87,1.00
2017.01.26 02:06:31.228,1.42042,1.42061,2.25,1.00
2017.01.26 02:06:31.279,1.42045,1.42061,1.00,1.00
2017.01.26 02:06:31.481,1.42043,1.42062,1.00,1.00
2017.01.26 02:06:31.684,1.42041,1.42062,1.50,1.00
2017.01.26 02:06:32.063,1.42041,1.42062,1.87,1.00
2017.01.26 02:06:32.115,1.42041,1.42064,1.87,2.25
2017.01.26 02:06:32.216,1.42044,1.42064,1.87,1.00
2017.01.26 02:06:32.267,1.42045,1.42064,1.50,1.00
2017.01.26 02:06:32.369,1.42047,1.42065,1.37,1.50
2017.01.26 02:06:32.420,1.42047,1.42065,1.00,1.50
2017.01.26 02:06:33.339,1.42047,1.42064,1.00,1.00
2017.01.26 02:06:35.589,1.42045,1.42061,1.00,1.00
2017.01.26 02:06:35.690,1.42042,1.42061,1.00,1.62
2017.01.26 02:06:35.857,1.4204,1.42061,1.12,1.31
2017.01.26 02:06:35.908,1.4204,1.42052,1.12,1.00
2017.01.26 02:06:36.060,1.42038,1.42054,1.75,1.00
2017.01.26 02:06:36.582,1.42039,1.42054,3.00,1.00
2017.01.26 02:06:37.604,1.42039,1.42058,2.62,1.00
2017.01.26 02:06:37.655,1.42039,1.42061,2.62,1.00
2017.01.26 02:06:37.959,1.4204,1.42061,1.50,1.31
2017.01.26 02:06:38.290,1.42038,1.42051,1.50,1.00
2017.01.26 02:06:41.305,1.42035,1.42053,1.75,1.00
2017.01.26 02:06:41.406,1.42034,1.42052,1.00,1.00
2017.01.26 02:06:42.166,1.42035,1.42052,1.87,1.00
2017.01.26 02:06:42.217,1.42035,1.42054,3.37,1.00
2017.01.26 02:06:42.370,1.42036,1.42053,1.00,1.00
2017.01.26 02:06:42.471,1.42033,1.42054,1.37,1.50
2017.01.26 02:06:43.550,1.42033,1.42054,1.00,1.50
2017.01.26 02:06:43.602,1.42033,1.42055,3.00,1.87
2017.01.26 02:06:43.906,1.42038,1.42053,1.50,1.00
2017.01.26 02:06:44.008,1.42036,1.42053,1.12,1.00
2017.01.26 02:06:44.211,1.42037,1.42055,1.00,1.12
2017.01.26 02:06:44.363,1.42036,1.42053,1.50,1.00
2017.01.26 02:06:44.698,1.42037,1.42051,1.12,1.00
2017.01.26 02:06:47.990,1.42036,1.42051,2.25,1.00
2017.01.26 02:06:48.518,1.42036,1.42051,1.87,1.00
2017.01.26 02:06:50.668,1.42036,1.4205,1.50,1.00
2017.01.26 02:06:50.872,1.42036,1.42054,2.25,1.00
2017.01.26 02:06:50.923,1.42037,1.42054,1.50,1.00
2017.01.26 02:06:51.279,1.42035,1.42054,1.87,1.00
2017.01.26 02:06:51.432,1.42035,1.42053,1.50,1.00
2017.01.26 02:06:51.640,1.42037,1.4205,1.37,1.00
2017.01.26 02:06:51.913,1.42036,1.42055,1.37,1.00
2017.01.26 02:06:52.065,1.42036,1.42052,1.87,1.00
2017.01.26 02:06:52.319,1.42036,1.42055,2.62,1.12
2017.01.26 02:06:52.431,1.42039,1.42058,1.87,1.19
2017.01.26 02:06:52.483,1.42039,1.4206,1.00,2.44
2017.01.26 02:06:52.604,1.42042,1.42061,1.00,1.56
2017.01.26 02:06:52.706,1.42039,1.42059,1.00,2.06
2017.01.26 02:06:52.758,1.42039,1.42059,1.00,1.69
2017.01.26 02:06:53.012,1.42037,1.42056,1.00,1.19
2017.01.26 02:06:53.113,1.42035,1.42058,1.12,2.06
2017.01.26 02:06:53.165,1.42035,1.42058,3.37,2.81
2017.01.26 02:06:53.216,1.42035,1.42057,1.50,2.06
2017.01.26 02:06:53.510,1.42032,1.42054,2.62,1.19
2017.01.26 02:06:53.663,1.42033,1.42055,2.25,1.19
2017.01.26 02:06:54.068,1.42032,1.42055,2.62,1.69
2017.01.26 02:06:54.169,1.42036,1.42057,1.87,1.69
2017.01.26 02:06:54.271,1.42038,1.42057,1.87,1.00
2017.01.26 02:06:54.322,1.42038,1.4206,1.87,1.56
2017.01.26 02:06:54.373,1.42038,1.4206,2.25,1.56
2017.01.26 02:06:54.475,1.42041,1.42061,1.37,1.56
2017.01.26 02:06:54.526,1.4204,1.4206,1.12,1.69
2017.01.26 02:06:54.729,1.42038,1.42059,1.12,1.31
2017.01.26 02:06:54.780,1.42036,1.42059,1.50,2.06
2017.01.26 02:06:54.831,1.42036,1.42057,1.00,1.00
2017.01.26 02:06:54.882,1.42036,1.42056,1.50,1.00
2017.01.26 02:06:55.543,1.42038,1.42056,1.37,1.25
2017.01.26 02:06:55.848,1.42036,1.42055,1.00,1.19
2017.01.26 02:06:56.203,1.42033,1.42053,1.87,1.31
2017.01.26 02:06:56.457,1.42034,1.42054,1.37,1.00
2017.01.26 02:06:57.134,1.42036,1.42054,1.50,1.00
2017.01.26 02:06:57.441,1.42036,1.42053,3.00,1.00
2017.01.26 02:06:57.542,1.42035,1.42053,1.87,1.00
2017.01.26 02:06:57.753,1.42033,1.42053,1.87,1.25
2017.01.26 02:06:58.122,1.42036,1.42057,1.87,1.31
2017.01.26 02:06:58.173,1.42035,1.42057,2.25,1.19
2017.01.26 02:06:58.225,1.42037,1.42058,1.37,1.69
2017.01.26 02:06:58.327,1.42038,1.42059,1.12,2.25
2017.01.26 02:06:58.378,1.42036,1.42059,1.87,2.62
2017.01.26 02:06:58.429,1.42037,1.42053,1.00,1.19
2017.01.26 02:06:58.480,1.42037,1.42053,1.00,1.00
2017.01.26 02:06:58.532,1.42034,1.42053,1.12,1.00
2017.01.26 02:06:58.635,1.42034,1.42053,3.37,1.00
2017.01.26 02:06:58.838,1.42034,1.42052,1.37,1.00
2017.01.26 02:06:58.890,1.42037,1.42052,1.00,1.00
2017.01.26 02:06:58.941,1.42037,1.42055,1.37,1.00
2017.01.26 02:06:59.044,1.42038,1.42056,1.00,1.19
2017.01.26 02:06:59.386,1.42033,1.4205,1.12,1.00
2017.01.26 02:07:00.142,1.42033,1.42049,1.12,1.00
2017.01.26 02:07:00.266,1.42031,1.42049,1.12,1.00
2017.01.26 02:07:00.536,1.42032,1.42047,1.00,1.00
2017.01.26 02:07:00.739,1.42033,1.4205,1.00,1.00
2017.01.26 02:07:00.840,1.42034,1.42053,2.62,1.19
2017.01.26 02:07:01.146,1.42035,1.42051,1.50,1.00
2017.01.26 02:07:01.197,1.42037,1.42051,1.00,1.00
2017.01.26 02:07:01.298,1.42034,1.42049,1.12,1.00
2017.01.26 02:07:01.526,1.42033,1.42046,1.37,1.00
2017.01.26 02:07:01.627,1.42032,1.42048,2.62,1.00
2017.01.26 02:07:01.780,1.42032,1.42048,2.62,1.00
2017.01.26 02:07:01.932,1.42033,1.42045,1.00,1.00
2017.01.26 02:07:02.289,1.42032,1.42048,1.12,1.00
2017.01.26 02:07:02.815,1.42033,1.42048,1.00,1.00
2017.01.26 02:07:02.917,1.42033,1.4205,1.00,1.00
2017.01.26 02:07:04.291,1.42033,1.42051,1.00,1.00
2017.01.26 02:07:04.342,1.42033,1.42051,1.50,1.00
2017.01.26 02:07:05.716,1.42033,1.42052,1.87,1.50
2017.01.26 02:07:05.920,1.42035,1.42055,1.00,1.00
2017.01.26 02:07:05.972,1.42035,1.42055,2.25,1.00
2017.01.26 02:07:06.023,1.42035,1.42053,1.12,1.00
2017.01.26 02:07:06.445,1.42035,1.42049,2.62,1.00
2017.01.26 02:07:06.557,1.42035,1.42051,2.25,1.00
2017.01.26 02:07:06.659,1.42036,1.42055,1.12,1.00
2017.01.26 02:07:06.861,1.42038,1.42055,1.00,1.00
2017.01.26 02:07:07.165,1.42044,1.42056,1.00,1.00
2017.01.26 02:07:07.519,1.42044,1.42059,1.00,1.00
2017.01.26 02:07:08.128,1.42041,1.42059,2.25,1.25
2017.01.26 02:07:08.882,1.42043,1.42059,1.37,1.25
2017.01.26 02:07:12.566,1.42042,1.42059,1.87,1.19
2017.01.26 02:07:12.668,1.42042,1.42055,1.87,1.00
2017.01.26 02:07:13.174,1.42042,1.42056,1.87,1.00
2017.01.26 02:07:14.612,1.42042,1.42055,1.87,1.00
2017.01.26 02:07:14.877,1.42042,1.42055,1.12,1.00
2017.01.26 02:07:15.880,1.42042,1.42055,1.37,1.00
2017.01.26 02:07:16.033,1.42042,1.42057,1.87,1.25
2017.01.26 02:07:16.135,1.42042,1.42053,1.12,1.00
2017.01.26 02:07:16.641,1.42043,1.42053,1.00,1.00
2017.01.26 02:07:17.159,1.42043,1.42057,1.00,1.25
2017.01.26 02:07:18.357,1.42042,1.42056,1.37,1.00
2017.01.26 02:07:18.862,1.42042,1.42056,1.50,1.00
2017.01.26 02:07:18.913,1.42042,1.42057,3.37,1.25
2017.01.26 02:07:18.965,1.42042,1.42062,1.00,1.50
2017.01.26 02:07:19.068,1.42039,1.4206,1.75,1.19
2017.01.26 02:07:19.221,1.4204,1.42059,1.00,1.00
2017.01.26 02:07:19.374,1.4204,1.42059,1.12,1.19
2017.01.26 02:07:19.678,1.42038,1.42054,1.12,1.00
2017.01.26 02:07:19.839,1.42038,1.42057,1.12,1.25
2017.01.26 02:07:19.890,1.42038,1.42053,1.12,1.00
2017.01.26 02:07:21.694,1.42039,1.42054,1.87,1.00
2017.01.26 02:07:21.998,1.42043,1.42057,1.12,1.00
2017.01.26 02:07:22.332,1.42036,1.42051,1.87,1.00
2017.01.26 02:07:22.642,1.42036,1.42051,1.12,1.19
2017.01.26 02:07:22.794,1.42036,1.42051,1.12,1.00
2017.01.26 02:07:23.822,1.42036,1.42053,1.37,1.19
2017.01.26 02:07:23.873,1.42036,1.42053,1.37,1.19
2017.01.26 02:07:24.077,1.42037,1.42051,1.00,1.00
2017.01.26 02:07:24.229,1.42037,1.42049,1.00,1.00
2017.01.26 02:07:24.431,1.42036,1.42052,1.00,1.00
2017.01.26 02:07:24.483,1.42036,1.42051,1.50,1.19
2017.01.26 02:07:24.646,1.42036,1.42058,1.37,1.56
2017.01.26 02:07:24.698,1.42036,1.42056,1.12,1.56
2017.01.26 02:07:25.327,1.42034,1.42051,1.50,1.19
2017.01.26 02:07:25.378,1.42034,1.42051,2.25,1.19
2017.01.26 02:07:25.924,1.42034,1.42049,1.87,1.00
2017.01.26 02:07:26.054,1.42034,1.42049,4.50,1.00
2017.01.26 02:07:26.562,1.42036,1.42051,1.50,1.19
2017.01.26 02:07:27.406,1.42036,1.42051,1.50,1.19
2017.01.26 02:07:27.927,1.42036,1.42048,1.50,1.00
2017.01.26 02:07:28.397,1.42036,1.42051,1.50,1.00
2017.01.26 02:07:28.915,1.42036,1.42051,1.50,1.19
2017.01.26 02:07:29.356,1.42031,1.42047,1.00,1.00
2017.01.26 02:07:29.660,1.4203,1.42045,1.00,1.00
2017.01.26 02:07:29.711,1.4203,1.42047,1.00,1.00
2017.01.26 02:07:30.262,1.42029,1.42048,1.87,1.00
2017.01.26 02:07:30.313,1.42029,1.4205,3.75,1.25
2017.01.26 02:07:30.364,1.42031,1.4205,1.12,1.25
2017.01.26 02:07:30.465,1.42033,1.4205,1.00,1.25
2017.01.26 02:07:31.384,1.42033,1.4205,1.12,1.19
2017.01.26 02:07:31.909,1.42033,1.42051,1.12,1.00
2017.01.26 02:07:32.011,1.42033,1.42049,1.12,1.00
2017.01.26 02:07:33.017,1.42033,1.4205,1.00,1.00
2017.01.26 02:07:35.409,1.42033,1.4205,1.00,1.19
2017.01.26 02:07:36.025,1.42033,1.4205,1.00,1.00
2017.01.26 02:07:37.176,1.42033,1.4205,1.50,1.19
2017.01.26 02:07:39.597,1.42033,1.4205,1.00,1.19
2017.01.26 02:07:39.756,1.42031,1.4205,1.00,1.19
2017.01.26 02:07:39.807,1.42031,1.4205,1.00,1.25
2017.01.26 02:07:40.695,1.42031,1.42049,1.00,1.00
2017.01.26 02:07:40.747,1.42035,1.4205,1.87,1.19
2017.01.26 02:07:40.798,1.42033,1.42051,1.37,1.00
2017.01.26 02:07:40.951,1.42035,1.42053,1.50,1.25
2017.01.26 02:07:41.323,1.42033,1.42049,1.00,1.00
2017.01.26 02:07:41.632,1.42033,1.42055,1.00,2.81
2017.01.26 02:07:41.683,1.42033,1.42052,1.00,1.19
2017.01.26 02:07:42.011,1.42032,1.42046,1.00,1.00
2017.01.26 02:07:42.530,1.42033,1.42047,1.00,1.00
2017.01.26 02:07:45.141,1.42031,1.42047,1.37,1.00
2017.01.26 02:07:46.240,1.42031,1.42047,1.87,1.00
2017.01.26 02:07:46.761,1.42032,1.42047,1.37,1.00
2017.01.26 02:07:47.065,1.42034,1.42047,1.75,1.00
2017.01.26 02:07:47.412,1.42033,1.42045,1.00,1.00
2017.01.26 02:07:47.464,1.42031,1.42045,1.12,1.00
2017.01.26 02:07:48.148,1.42033,1.42045,1.00,1.00
2017.01.26 02:07:48.200,1.42033,1.42049,1.37,1.00
2017.01.26 02:07:48.453,1.42033,1.42046,3.37,1.00
2017.01.26 02:07:48.656,1.42035,1.42048,1.00,1.00
2017.01.26 02:07:49.065,1.42035,1.4205,1.00,1.00
2017.01.26 02:07:49.646,1.42034,1.4205,1.87,1.00
2017.01.26 02:07:50.039,1.42034,1.42046,1.12,1.00
2017.01.26 02:07:50.547,1.42035,1.42049,1.00,1.00
2017.01.26 02:07:52.326,1.42033,1.42045,1.50,1.00
2017.01.26 02:07:52.380,1.42033,1.42045,1.00,1.00
2017.01.26 02:07:52.533,1.4203,1.42043,1.00,1.00
2017.01.26 02:07:52.584,1.42028,1.42043,1.00,1.00
2017.01.26 02:07:53.123,1.42028,1.42044,1.00,1.00
2017.01.26 02:07:53.211,1.42028,1.42047,1.00,1.00
2017.01.26 02:07:53.780,1.42028,1.42049,1.12,1.12
2017.01.26 02:07:53.831,1.42028,1.42048,1.12,1.37
2017.01.26 02:07:54.545,1.42028,1.42045,1.31,1.00
2017.01.26 02:07:55.047,1.42029,1.42045,1.12,1.00
2017.01.26 02:07:55.150,1.42029,1.42051,2.81,1.87
2017.01.26 02:07:55.285,1.42029,1.42044,1.31,1.00
2017.01.26 02:07:55.811,1.42029,1.42046,2.06,1.00
2017.01.26 02:07:56.518,1.42029,1.42046,2.06,1.00
2017.01.26 02:07:57.778,1.42029,1.42043,2.06,1.00
2017.01.26 02:07:57.829,1.42029,1.42045,2.44,1.00
2017.01.26 02:07:58.109,1.4203,1.42043,1.19,1.00
2017.01.26 02:07:58.210,1.42029,1.42043,1.31,1.00
2017.01.26 02:07:58.823,1.42029,1.4205,1.31,1.12
2017.01.26 02:07:58.924,1.4203,1.42049,3.19,1.00
2017.01.26 02:07:59.437,1.42031,1.42052,1.31,1.87
2017.01.26 02:07:59.926,1.42035,1.42054,1.37,1.37
2017.01.26 02:08:00.180,1.42033,1.42052,1.87,1.00
2017.01.26 02:08:00.435,1.42034,1.42055,1.37,1.50
2017.01.26 02:08:00.486,1.42033,1.42055,1.69,1.12
2017.01.26 02:08:00.537,1.42033,1.42052,1.69,1.00
2017.01.26 02:08:00.858,1.42034,1.42054,1.50,1.50
2017.01.26 02:08:01.362,1.42035,1.42054,1.37,1.00
2017.01.26 02:08:01.464,1.42036,1.42052,1.00,1.00
2017.01.26 02:08:01.973,1.42031,1.42053,2.44,1.00
2017.01.26 02:08:02.401,1.42031,1.42051,2.44,1.00
2017.01.26 02:08:02.917,1.42031,1.42051,3.19,1.00
2017.01.26 02:08:03.322,1.42033,1.42053,2.81,1.00
2017.01.26 02:08:03.426,1.42035,1.42057,2.06,1.37
2017.01.26 02:08:03.935,1.42038,1.42057,2.25,1.00
2017.01.26 02:08:05.148,1.42038,1.42055,1.37,1.00
2017.01.26 02:08:06.516,1.42037,1.42056,1.56,1.00
2017.01.26 02:08:06.993,1.42036,1.42056,1.00,1.87
2017.01.26 02:08:07.096,1.42035,1.42052,1.25,1.00
2017.01.26 02:08:07.350,1.42033,1.42054,2.06,1.12
2017.01.26 02:08:07.942,1.42034,1.42055,1.69,2.25
2017.01.26 02:08:09.312,1.42034,1.42055,2.06,1.50
2017.01.26 02:08:09.974,1.42036,1.42059,2.06,4.12
2017.01.26 02:08:10.127,1.42038,1.42059,1.50,1.00
2017.01.26 02:08:10.228,1.42038,1.42057,1.50,1.00
2017.01.26 02:08:11.066,1.42036,1.42055,1.62,1.12
2017.01.26 02:08:11.168,1.42034,1.42055,2.06,1.50
2017.01.26 02:08:11.751,1.42033,1.42054,1.56,1.00
2017.01.26 02:08:13.069,1.42032,1.42055,1.69,2.25
2017.01.26 02:08:13.222,1.42032,1.42055,1.31,2.62
2017.01.26 02:08:13.456,1.42032,1.42054,1.56,1.50
2017.01.26 02:08:17.047,1.42032,1.42054,1.56,1.12
2017.01.26 02:08:17.582,1.4204,1.42056,1.87,1.87
2017.01.26 02:08:17.684,1.42043,1.42061,1.12,2.44
2017.01.26 02:08:17.836,1.42043,1.42058,1.37,1.00
2017.01.26 02:08:17.887,1.4204,1.42058,1.50,1.00
2017.01.26 02:08:18.090,1.42042,1.42061,1.87,1.25
2017.01.26 02:08:18.243,1.42042,1.42061,3.37,1.25
2017.01.26 02:08:18.294,1.42042,1.42061,3.75,1.25
2017.01.26 02:08:18.533,1.42042,1.42061,2.62,1.00
2017.01.26 02:08:19.207,1.4204,1.42061,1.00,1.00
2017.01.26 02:08:19.258,1.4204,1.42057,1.00,1.00
2017.01.26 02:08:19.562,1.42042,1.42056,1.00,1.00
2017.01.26 02:08:19.665,1.42039,1.42059,1.19,1.12
2017.01.26 02:08:19.790,1.42039,1.42057,1.19,1.00
2017.01.26 02:08:19.841,1.42036,1.42058,2.06,1.87
2017.01.26 02:08:19.943,1.42036,1.42055,1.31,1.12
2017.01.26 02:08:20.045,1.42034,1.42055,2.44,1.00
2017.01.26 02:08:20.578,1.42036,1.42055,1.37,1.00
2017.01.26 02:08:21.818,1.42037,1.42059,2.25,1.37
2017.01.26 02:08:21.921,1.42038,1.42059,2.62,1.00
2017.01.26 02:08:21.972,1.4204,1.42059,1.12,1.12
2017.01.26 02:08:22.277,1.42043,1.4206,1.00,1.00
2017.01.26 02:08:22.825,1.42041,1.4206,2.25,1.00
2017.01.26 02:08:23.141,1.42041,1.42058,2.25,1.00
2017.01.26 02:08:23.668,1.4204,1.42056,1.87,1.00
2017.01.26 02:08:23.720,1.4204,1.42056,1.00,1.00
2017.01.26 02:08:23.923,1.42041,1.42059,1.87,1.50
2017.01.26 02:08:24.177,1.42043,1.42063,1.87,1.00
2017.01.26 02:08:24.229,1.42043,1.42064,1.00,1.00
2017.01.26 02:08:24.382,1.42043,1.42063,1.00,1.31
2017.01.26 02:08:24.687,1.42043,1.42064,1.37,1.31
2017.01.26 02:08:24.872,1.42042,1.42064,2.62,1.69
2017.01.26 02:08:24.923,1.42043,1.42064,1.37,1.69
2017.01.26 02:08:25.403,1.42042,1.42064,1.12,2.06
2017.01.26 02:08:25.808,1.4204,1.42058,1.00,1.00
2017.01.26 02:08:26.314,1.42038,1.42059,3.37,1.00
2017.01.26 02:08:26.935,1.42039,1.42059,1.50,1.00
2017.01.26 02:08:27.168,1.42038,1.42059,1.87,1.87
2017.01.26 02:08:27.472,1.42038,1.42059,1.12,1.00
2017.01.26 02:08:27.893,1.42038,1.42057,1.00,1.00
2017.01.26 02:08:28.398,1.42038,1.42059,4.12,1.37
2017.01.26 02:08:28.652,1.42042,1.42064,1.12,1.56
2017.01.26 02:08:29.210,1.42041,1.42063,1.50,1.62
2017.01.26 02:08:30.660,1.4204,1.42062,1.87,1.69
2017.01.26 02:08:30.863,1.42038,1.42061,1.12,2.44
2017.01.26 02:08:31.370,1.42039,1.4206,2.25,1.12
2017.01.26 02:08:31.724,1.42041,1.4206,1.87,1.12
2017.01.26 02:08:31.782,1.42039,1.42059,1.50,1.00
2017.01.26 02:08:31.991,1.42037,1.42058,1.87,1.12
2017.01.26 02:08:32.177,1.4204,1.42058,1.87,1.00
2017.01.26 02:08:32.363,1.42042,1.42063,2.25,1.94
2017.01.26 02:08:32.414,1.42041,1.42064,1.87,1.31
2017.01.26 02:08:32.566,1.4204,1.42064,2.25,1.69
2017.01.26 02:08:33.072,1.42042,1.42063,1.00,1.69
2017.01.26 02:08:33.682,1.42043,1.42063,1.12,1.19
2017.01.26 02:08:34.071,1.42044,1.42064,1.50,1.87
2017.01.26 02:08:34.411,1.42043,1.4206,1.37,1.31
2017.01.26 02:08:39.637,1.42043,1.42061,1.37,1.19
2017.01.26 02:08:40.749,1.42044,1.42063,1.12,1.50
2017.01.26 02:08:40.800,1.42046,1.42067,1.12,1.87
2017.01.26 02:08:40.851,1.42049,1.42067,1.12,1.25
2017.01.26 02:08:41.155,1.42047,1.42063,1.37,1.00
2017.01.26 02:08:41.883,1.42047,1.42063,1.50,1.00
2017.01.26 02:08:42.383,1.42045,1.42063,1.87,1.00
2017.01.26 02:08:42.942,1.42046,1.42063,1.00,1.00
2017.01.26 02:08:43.341,1.42046,1.4206,1.00,1.00
2017.01.26 02:08:43.941,1.42045,1.42061,1.50,1.00
2017.01.26 02:08:44.646,1.42046,1.42061,1.00,1.00
2017.01.26 02:08:45.193,1.42046,1.42062,1.00,1.00
2017.01.26 02:08:45.529,1.42045,1.4206,1.00,1.00
2017.01.26 02:08:46.055,1.42043,1.42058,1.00,1.00
2017.01.26 02:08:46.320,1.42043,1.42061,1.00,1.00
2017.01.26 02:08:46.870,1.42042,1.42061,1.12,1.00
2017.01.26 02:08:47.412,1.42043,1.42061,1.00,1.00
2017.01.26 02:08:48.011,1.42041,1.42061,2.25,1.00
2017.01.26 02:08:49.646,1.42041,1.42061,2.62,1.00
2017.01.26 02:08:50.100,1.42042,1.42058,1.37,1.00
2017.01.26 02:08:51.066,1.42043,1.42062,1.62,1.00
2017.01.26 02:08:52.341,1.42043,1.42061,2.06,1.00
2017.01.26 02:08:52.645,1.42043,1.42059,1.25,1.00
2017.01.26 02:08:53.121,1.42043,1.42063,1.25,1.00
2017.01.26 02:08:53.324,1.42044,1.42065,2.06,1.87
2017.01.26 02:08:53.627,1.42047,1.42065,1.00,1.00
2017.01.26 02:08:54.184,1.42046,1.42066,1.75,1.00
2017.01.26 02:08:54.642,1.42048,1.42064,1.00,1.00
2017.01.26 02:08:54.744,1.42046,1.42065,1.25,1.00
2017.01.26 02:08:54.897,1.42045,1.42067,2.25,1.00
2017.01.26 02:08:55.209,1.42048,1.42062,1.87,1.00
2017.01.26 02:08:55.278,1.42046,1.42062,1.12,1.00
2017.01.26 02:08:55.683,1.42046,1.42064,1.00,1.00
2017.01.26 02:08:56.294,1.42045,1.42063,1.37,1.00
2017.01.26 02:08:57.288,1.42047,1.42063,1.87,1.00
2017.01.26 02:08:57.431,1.42044,1.42063,3.75,1.00
2017.01.26 02:08:58.215,1.42045,1.42063,1.50,1.00
2017.01.26 02:08:58.723,1.42044,1.42062,1.87,1.00
2017.01.26 02:08:58.976,1.42044,1.42064,1.50,1.00
2017.01.26 02:08:59.129,1.4204,1.42064,2.25,2.62
2017.01.26 02:08:59.180,1.4204,1.42062,3.00,1.12
2017.01.26 02:08:59.485,1.42042,1.42059,1.37,1.00
2017.01.26 02:09:00.116,1.42042,1.42059,1.12,1.00
2017.01.26 02:09:00.651,1.4204,1.4206,1.75,1.00
2017.01.26 02:09:01.343,1.42045,1.4206,1.87,1.00
2017.01.26 02:09:01.495,1.42042,1.4206,1.37,1.00
2017.01.26 02:09:01.951,1.42043,1.42057,1.37,1.00
2017.01.26 02:09:02.305,1.42043,1.4206,1.50,1.00
2017.01.26 02:09:02.578,1.42042,1.42063,1.87,2.25
2017.01.26 02:09:02.629,1.42044,1.42063,2.25,2.25
2017.01.26 02:09:02.975,1.42042,1.42063,2.25,1.50
2017.01.26 02:09:03.199,1.42042,1.42061,1.50,1.00
2017.01.26 02:09:03.912,1.42042,1.42062,1.50,1.00
2017.01.26 02:09:04.172,1.42042,1.42061,1.00,1.00
2017.01.26 02:09:04.426,1.42042,1.42059,1.00,1.00
2017.01.26 02:09:04.730,1.42041,1.42057,1.00,1.00
2017.01.26 02:09:04.831,1.42041,1.42059,1.00,1.00
2017.01.26 02:09:05.034,1.42038,1.42059,1.50,1.00
2017.01.26 02:09:05.544,1.42039,1.42059,1.00,1.50
2017.01.26 02:09:06.375,1.42039,1.42059,1.12,1.19
2017.01.26 02:09:06.558,1.42039,1.42059,1.12,1.25
2017.01.26 02:09:08.410,1.42039,1.42056,1.12,1.00
2017.01.26 02:09:09.381,1.42039,1.42056,1.87,1.00
2017.01.26 02:09:09.503,1.4204,1.42056,2.25,1.00
2017.01.26 02:09:09.554,1.42043,1.42061,1.87,1.19
2017.01.26 02:09:09.656,1.42048,1.42064,1.12,1.00
2017.01.26 02:09:09.707,1.42052,1.42067,1.87,1.00
2017.01.26 02:09:09.758,1.42052,1.42071,1.00,2.00
2017.01.26 02:09:09.809,1.42053,1.42072,1.87,2.44
2017.01.26 02:09:10.113,1.42059,1.42077,1.87,1.00
2017.01.26 02:09:10.165,1.42057,1.42077,1.12,1.00
2017.01.26 02:09:10.689,1.42056,1.42078,1.37,1.00
2017.01.26 02:09:11.298,1.42055,1.42077,2.81,1.00
2017.01.26 02:09:15.795,1.42056,1.42079,1.50,1.12
2017.01.26 02:09:15.858,1.42056,1.42076,1.69,1.12
2017.01.26 02:09:16.162,1.42053,1.42073,1.87,1.00
2017.01.26 02:09:16.494,1.42053,1.4207,1.12,1.00
2017.01.26 02:09:17.110,1.42053,1.42072,1.00,1.00
2017.01.26 02:09:17.657,1.42052,1.4207,1.87,1.00
2017.01.26 02:09:19.245,1.42057,1.42073,1.87,1.00
2017.01.26 02:09:19.296,1.42058,1.42075,1.87,1.12
2017.01.26 02:09:19.458,1.42057,1.42076,1.25,2.25
2017.01.26 02:09:19.611,1.42052,1.42075,1.12,2.25
2017.01.26 02:09:19.712,1.42052,1.42074,2.62,1.12
2017.01.26 02:09:20.017,1.42057,1.42076,2.06,1.00
2017.01.26 02:09:20.528,1.42055,1.42075,1.62,1.87
2017.01.26 02:09:20.630,1.42052,1.42075,1.00,3.56
2017.01.26 02:09:20.833,1.42057,1.42075,1.87,1.87
2017.01.26 02:09:20.936,1.42058,1.42076,1.87,1.00
2017.01.26 02:09:20.987,1.42058,1.42076,1.12,1.00
2017.01.26 02:09:21.240,1.42058,1.42078,1.50,1.00
2017.01.26 02:09:21.884,1.42057,1.42077,1.31,1.00
2017.01.26 02:09:22.884,1.42058,1.42079,3.37,1.12
2017.01.26 02:09:23.137,1.42061,1.42085,3.37,1.12
2017.01.26 02:09:23.188,1.42061,1.42082,3.56,1.00
2017.01.26 02:09:23.492,1.42065,1.42085,1.00,1.87
2017.01.26 02:09:23.637,1.42065,1.42085,1.00,2.00
2017.01.26 02:09:23.688,1.42061,1.42083,1.37,1.37
2017.01.26 02:09:23.791,1.42061,1.42081,1.12,1.19
2017.01.26 02:09:23.993,1.4206,1.4208,1.12,1.25
2017.01.26 02:09:24.095,1.4206,1.4208,1.75,1.25
2017.01.26 02:09:24.399,1.4206,1.42077,1.00,1.00
2017.01.26 02:09:24.451,1.4206,1.4208,1.12,2.25
2017.01.26 02:09:24.654,1.4206,1.42079,1.00,1.00
2017.01.26 02:09:24.755,1.42058,1.42079,1.00,1.50
2017.01.26 02:09:25.009,1.42058,1.42081,1.50,2.25
2017.01.26 02:09:25.562,1.42059,1.42079,1.00,1.12
2017.01.26 02:09:25.866,1.42056,1.42076,1.12,1.00
2017.01.26 02:09:26.170,1.4206,1.42079,1.00,1.00
2017.01.26 02:09:26.575,1.42058,1.42077,1.12,1.00
2017.01.26 02:09:26.626,1.42058,1.42077,1.00,1.00
2017.01.26 02:09:27.131,1.42058,1.42078,1.00,2.25
2017.01.26 02:09:28.521,1.42055,1.42078,3.00,2.62
2017.01.26 02:09:29.120,1.42055,1.42077,3.00,1.00
2017.01.26 02:09:30.439,1.42057,1.42078,1.00,1.00
2017.01.26 02:09:30.490,1.42056,1.42078,1.50,1.50
2017.01.26 02:09:30.794,1.42054,1.42074,1.12,1.00
2017.01.26 02:09:30.947,1.42052,1.42074,2.25,1.00
2017.01.26 02:09:31.551,1.42053,1.42074,1.00,1.00
2017.01.26 02:09:31.985,1.42049,1.42072,1.94,1.50
2017.01.26 02:09:32.239,1.42051,1.42073,3.19,1.00
2017.01.26 02:09:32.716,1.42056,1.42073,1.87,1.00
2017.01.26 02:09:32.768,1.42059,1.42075,1.00,1.00
2017.01.26 02:09:32.869,1.42059,1.42077,1.87,2.25
2017.01.26 02:09:32.921,1.42056,1.42075,1.87,1.37
2017.01.26 02:09:33.124,1.42053,1.42073,1.00,1.12
2017.01.26 02:09:33.728,1.42052,1.42074,2.25,1.87
2017.01.26 02:09:34.438,1.42052,1.42074,3.75,1.87
2017.01.26 02:09:34.642,1.42055,1.42074,1.12,1.12
2017.01.26 02:09:34.732,1.42055,1.42073,1.00,1.50
2017.01.26 02:09:35.140,1.42055,1.42073,1.87,1.87
2017.01.26 02:09:35.214,1.42055,1.42073,1.87,1.50
2017.01.26 02:09:35.327,1.42055,1.42075,2.06,1.12
2017.01.26 02:09:35.428,1.42053,1.42075,2.06,1.12
2017.01.26 02:09:35.995,1.42053,1.42074,1.56,1.00
2017.01.26 02:09:36.594,1.42054,1.42074,1.12,1.00
2017.01.26 02:09:37.981,1.42055,1.42075,1.87,1.87
2017.01.26 02:09:38.185,1.42056,1.42076,1.00,1.50
2017.01.26 02:09:38.451,1.42054,1.42076,1.50,1.25
2017.01.26 02:09:38.502,1.42054,1.42074,1.00,1.19
2017.01.26 02:09:38.603,1.42053,1.42074,1.00,1.00
2017.01.26 02:09:39.125,1.42053,1.42073,1.00,1.00
2017.01.26 02:09:39.914,1.42053,1.42074,1.00,1.00
2017.01.26 02:09:40.386,1.42053,1.42075,1.37,1.50
2017.01.26 02:09:40.723,1.42051,1.4207,1.50,1.00
2017.01.26 02:09:41.028,1.42055,1.42077,1.37,2.25
2017.01.26 02:09:41.332,1.42054,1.42076,1.87,1.31
2017.01.26 02:09:42.008,1.42055,1.42075,1.00,1.00
2017.01.26 02:09:42.598,1.42055,1.42077,1.00,2.44
2017.01.26 02:09:43.154,1.42055,1.42075,1.87,1.00
2017.01.26 02:09:43.205,1.42055,1.42077,1.87,1.25
2017.01.26 02:09:43.820,1.42057,1.42076,1.00,1.00
2017.01.26 02:09:45.770,1.42055,1.42075,1.12,1.00
2017.01.26 02:09:46.400,1.42054,1.42074,1.00,1.50
2017.01.26 02:09:46.781,1.42054,1.42072,1.00,1.00
2017.01.26 02:09:47.199,1.42052,1.42071,1.31,1.00
2017.01.26 02:09:47.352,1.42049,1.42072,1.31,1.37
2017.01.26 02:09:47.403,1.4205,1.42073,1.31,3.37
2017.01.26 02:09:47.454,1.4205,1.42072,1.50,1.31
2017.01.26 02:09:47.506,1.4205,1.42069,1.50,1.00
2017.01.26 02:09:47.810,1.42051,1.4207,2.62,1.00
2017.01.26 02:09:48.014,1.42052,1.42072,1.37,1.00
2017.01.26 02:09:48.561,1.42052,1.42073,1.87,1.00
2017.01.26 02:09:49.062,1.42052,1.42072,1.37,1.12
2017.01.26 02:09:50.614,1.42053,1.42072,1.19,1.12
2017.01.26 02:09:51.315,1.42052,1.42073,1.62,1.37
2017.01.26 02:09:51.467,1.42051,1.4207,3.19,1.00
2017.01.26 02:09:52.342,1.42053,1.4207,1.87,1.00
2017.01.26 02:09:52.393,1.42051,1.4207,2.25,1.00
2017.01.26 02:09:53.773,1.4205,1.4207,3.94,1.00
2017.01.26 02:09:54.510,1.4205,1.42069,3.94,1.00
2017.01.26 02:09:54.693,1.4205,1.42069,2.44,1.00
2017.01.26 02:09:54.745,1.4205,1.42067,1.69,1.00
2017.01.26 02:09:55.250,1.42051,1.42072,1.31,1.12
2017.01.26 02:09:55.821,1.42052,1.42073,1.19,1.50
2017.01.26 02:09:55.872,1.42052,1.42071,1.19,1.00
2017.01.26 02:09:58.289,1.42052,1.42072,1.19,1.00
2017.01.26 02:09:58.850,1.42052,1.42073,1.19,2.25
2017.01.26 02:10:01.334,1.42054,1.42074,2.06,1.37
2017.01.26 02:10:01.385,1.42053,1.42074,1.19,1.12
2017.01.26 02:10:02.367,1.42052,1.42073,2.25,1.00
2017.01.26 02:10:02.469,1.42053,1.42073,1.87,1.00
2017.01.26 02:10:02.738,1.42053,1.42073,2.06,1.00
2017.01.26 02:10:04.119,1.42053,1.42073,2.06,1.00
2017.01.26 02:10:04.563,1.42054,1.42074,1.75,1.00
2017.01.26 02:10:05.570,1.42055,1.42076,1.50,1.00
2017.01.26 02:10:06.118,1.42055,1.42077,2.25,2.06
2017.01.26 02:10:06.763,1.42055,1.42078,2.06,2.62
2017.01.26 02:10:07.481,1.42055,1.42077,2.44,2.25
2017.01.26 02:10:07.633,1.42056,1.42078,1.87,1.50
2017.01.26 02:10:08.424,1.42056,1.42077,1.12,1.31
2017.01.26 02:10:08.871,1.42054,1.42075,1.00,1.50
2017.01.26 02:10:09.415,1.42052,1.42074,2.06,1.50
2017.01.26 02:10:09.937,1.42052,1.42073,1.62,1.00
2017.01.26 02:10:10.632,1.4205,1.42071,2.81,1.00
2017.01.26 02:10:10.886,1.42048,1.42069,1.12,1.31
2017.01.26 02:10:10.988,1.42048,1.42066,1.12,1.00
2017.01.26 02:10:11.117,1.42048,1.42069,1.12,1.69
2017.01.26 02:10:11.168,1.42049,1.42069,1.12,1.00
2017.01.26 02:10:11.724,1.42049,1.4207,1.50,1.12
2017.01.26 02:10:12.026,1.42051,1.4207,1.62,1.00
2017.01.26 02:10:12.531,1.4205,1.4207,1.37,1.00
2017.01.26 02:10:15.316,1.42049,1.4207,2.06,1.00
2017.01.26 02:10:15.772,1.42049,1.42068,1.31,1.00
2017.01.26 02:10:16.733,1.42049,1.42069,1.25,1.69
2017.01.26 02:10:18.887,1.42047,1.42068,1.37,1.00
2017.01.26 02:10:19.191,1.42048,1.42066,1.12,1.00
2017.01.26 02:10:19.354,1.42048,1.42069,1.00,1.50
2017.01.26 02:10:19.405,1.42048,1.42067,1.00,1.00
2017.01.26 02:10:19.937,1.42046,1.42068,2.44,1.50
2017.01.26 02:10:20.426,1.42046,1.42066,2.06,1.00
2017.01.26 02:10:20.629,1.42046,1.42066,1.00,1.00
2017.01.26 02:10:21.598,1.42046,1.42066,1.37,1.00
2017.01.26 02:10:22.560,1.42046,1.42067,1.75,1.00
2017.01.26 02:10:23.811,1.42046,1.42065,1.75,1.00
2017.01.26 02:10:25.663,1.42048,1.42066,2.25,1.00
2017.01.26 02:10:25.714,1.42048,1.42066,1.00,1.00
2017.01.26 02:10:25.816,1.42048,1.42066,2.25,1.00
2017.01.26 02:10:26.962,1.42048,1.42066,1.37,1.00
2017.01.26 02:10:29.194,1.42048,1.42066,1.00,1.50
2017.01.26 02:10:29.397,1.42046,1.42064,1.69,1.00
2017.01.26 02:10:33.702,1.42044,1.42064,1.87,1.00
2017.01.26 02:10:34.213,1.42044,1.42064,1.50,1.00
2017.01.26 02:10:34.504,1.42045,1.42066,3.19,1.00
2017.01.26 02:10:34.606,1.42045,1.42066,2.06,1.00
2017.01.26 02:10:35.018,1.42045,1.42066,3.19,1.00
2017.01.26 02:10:35.397,1.42045,1.42066,2.06,1.00
2017.01.26 02:10:35.933,1.42045,1.42065,2.06,1.00
2017.01.26 02:10:37.249,1.42044,1.42065,2.19,1.00
2017.01.26 02:10:37.542,1.42045,1.42066,1.31,1.00
2017.01.26 02:10:37.644,1.42044,1.42065,2.62,1.00
2017.01.26 02:10:38.198,1.42046,1.42065,1.00,1.00
2017.01.26 02:10:39.898,1.42046,1.42064,1.00,1.00
2017.01.26 02:10:40.452,1.42046,1.42064,1.19,1.00
2017.01.26 02:10:41.349,1.42046,1.42064,1.25,1.00
2017.01.26 02:10:42.428,1.42046,1.42066,1.25,1.50
2017.01.26 02:10:42.580,1.42046,1.42067,1.44,1.00
2017.01.26 02:10:42.889,1.42046,1.42065,1.50,1.00
2017.01.26 02:10:44.188,1.42046,1.42065,1.25,1.00
2017.01.26 02:10:53.102,1.42046,1.42066,2.62,1.00
2017.01.26 02:10:53.356,1.42047,1.4207,2.44,1.87
2017.01.26 02:10:53.730,1.42049,1.4207,1.87,1.87
2017.01.26 02:10:54.284,1.42049,1.4207,1.31,1.87
2017.01.26 02:10:56.111,1.42049,1.42068,1.56,1.00
2017.01.26 02:10:56.302,1.42049,1.42068,1.25,1.00
2017.01.26 02:10:56.873,1.42049,1.42069,1.25,1.25
2017.01.26 02:10:57.934,1.42047,1.42068,2.06,1.00
2017.01.26 02:10:57.987,1.42047,1.4207,2.06,2.81
2017.01.26 02:10:58.088,1.42047,1.42067,2.06,1.00
2017.01.26 02:10:58.139,1.42051,1.42067,1.00,1.00
2017.01.26 02:10:58.190,1.42049,1.42067,1.31,1.00
2017.01.26 02:10:58.697,1.4205,1.42067,1.00,1.00
2017.01.26 02:10:59.203,1.42049,1.42067,1.25,1.00
2017.01.26 02:11:00.079,1.42048,1.42067,2.06,1.00
2017.01.26 02:11:00.420,1.42048,1.42065,1.69,1.00
2017.01.26 02:11:01.841,1.42047,1.42063,1.94,1.00
2017.01.26 02:11:02.688,1.42047,1.42063,1.94,1.00
2017.01.26 02:11:03.876,1.42046,1.42064,2.06,1.00
2017.01.26 02:11:04.302,1.42048,1.42065,1.56,1.00
2017.01.26 02:11:04.850,1.42048,1.42064,1.69,1.00
2017.01.26 02:11:05.390,1.42047,1.42064,2.06,1.00
2017.01.26 02:11:05.491,1.42047,1.42063,1.87,1.00
2017.01.26 02:11:05.542,1.42047,1.42065,1.87,1.00
2017.01.26 02:11:06.628,1.42047,1.42064,1.87,1.00
2017.01.26 02:11:06.730,1.42048,1.42068,1.37,1.25
2017.01.26 02:11:07.044,1.42047,1.42066,1.12,1.00
2017.01.26 02:11:07.350,1.42047,1.42068,1.12,1.00
2017.01.26 02:11:07.925,1.42047,1.42065,1.12,1.00
2017.01.26 02:11:08.812,1.42047,1.42065,1.37,1.69
2017.01.26 02:11:08.914,1.42047,1.42063,1.00,1.00
2017.01.26 02:11:11.266,1.42045,1.42065,1.87,1.19
2017.01.26 02:11:11.579,1.42044,1.42063,1.87,1.00
2017.01.26 02:11:11.630,1.42044,1.42063,1.37,1.19
2017.01.26 02:11:11.884,1.42047,1.42064,1.00,1.00
2017.01.26 02:11:12.834,1.42047,1.42067,1.00,1.19
2017.01.26 02:11:13.375,1.42047,1.42067,1.00,1.50
2017.01.26 02:11:14.538,1.42045,1.42061,1.50,1.00
2017.01.26 02:11:14.640,1.42038,1.42055,1.00,1.00
2017.01.26 02:11:14.742,1.42034,1.42053,1.00,1.00
2017.01.26 02:11:14.945,1.42032,1.42053,2.62,1.00
2017.01.26 02:11:20.049,1.42032,1.42053,1.00,1.50
2017.01.26 02:11:21.416,1.42032,1.42053,1.37,1.50
2017.01.26 02:11:21.621,1.42032,1.42054,1.50,1.50
2017.01.26 02:11:22.129,1.42033,1.42053,1.00,1.12
2017.01.26 02:11:24.191,1.42033,1.42053,1.00,1.50
2017.01.26 02:11:24.343,1.4203,1.42052,2.25,1.69
2017.01.26 02:11:24.394,1.42029,1.42052,1.87,1.87
2017.01.26 02:11:24.711,1.42029,1.42047,1.87,1.00
2017.01.26 02:11:25.146,1.42029,1.42049,1.87,1.25
2017.01.26 02:11:25.294,1.4203,1.42051,2.62,1.00
2017.01.26 02:11:25.395,1.4203,1.42051,1.50,1.00
2017.01.26 02:11:25.901,1.42029,1.42052,2.62,2.44
2017.01.26 02:11:26.057,1.42029,1.4205,2.62,1.00
2017.01.26 02:11:26.211,1.42029,1.42052,2.62,2.44
2017.01.26 02:11:26.313,1.4203,1.42052,1.12,2.62
2017.01.26 02:11:26.414,1.42029,1.4205,1.87,1.19
2017.01.26 02:11:26.567,1.42029,1.42046,1.12,1.00
2017.01.26 02:11:26.904,1.42028,1.42044,1.00,1.00
2017.01.26 02:11:28.223,1.42028,1.42042,1.00,1.00
2017.01.26 02:11:28.614,1.42028,1.42044,1.00,1.25
2017.01.26 02:11:34.378,1.42028,1.42046,1.00,1.25
2017.01.26 02:11:34.556,1.42025,1.42045,1.12,1.12
2017.01.26 02:11:34.759,1.42025,1.42042,2.06,1.00
2017.01.26 02:11:34.860,1.42023,1.42042,2.62,1.00
2017.01.26 02:11:35.380,1.42023,1.42042,1.87,1.00
2017.01.26 02:11:36.106,1.42023,1.42043,3.19,1.00
2017.01.26 02:11:36.487,1.42023,1.42041,2.44,1.00
2017.01.26 02:11:36.689,1.42022,1.42043,1.37,1.50
2017.01.26 02:11:36.965,1.42027,1.42046,1.00,1.00
2017.01.26 02:11:37.486,1.42025,1.42047,1.87,1.00
2017.01.26 02:11:38.307,1.42026,1.42046,1.37,1.00
2017.01.26 02:11:38.812,1.42025,1.42046,1.37,1.50
2017.01.26 02:11:38.914,1.42023,1.42046,2.06,1.12
2017.01.26 02:11:39.294,1.42021,1.42044,3.19,1.00
2017.01.26 02:11:39.932,1.42021,1.42044,1.31,1.50
2017.01.26 02:11:43.102,1.42023,1.42045,1.00,1.87
2017.01.26 02:11:43.728,1.42022,1.42045,1.25,1.87
2017.01.26 02:11:46.064,1.42023,1.42045,1.00,1.87
2017.01.26 02:11:46.611,1.42022,1.42044,1.00,1.37
2017.01.26 02:11:49.464,1.42021,1.42044,1.00,1.37
2017.01.26 02:11:49.515,1.42021,1.42045,1.12,2.44
2017.01.26 02:11:49.718,1.42023,1.42045,1.00,2.44
2017.01.26 02:11:52.368,1.42023,1.42043,1.00,1.12
2017.01.26 02:11:52.419,1.42021,1.42043,1.00,1.12
2017.01.26 02:11:52.961,1.42022,1.42043,1.12,2.25
2017.01.26 02:11:54.264,1.42021,1.42044,1.87,2.62
2017.01.26 02:11:58.276,1.42023,1.42043,1.87,1.12
2017.01.26 02:11:58.327,1.42022,1.42043,1.87,1.00
2017.01.26 02:11:59.670,1.42022,1.42044,1.87,1.50
2017.01.26 02:12:01.017,1.42023,1.42044,2.62,1.25
2017.01.26 02:12:01.540,1.42025,1.42045,1.75,1.25
2017.01.26 02:12:02.010,1.42026,1.42047,1.00,3.00
2017.01.26 02:12:02.140,1.42028,1.42047,1.00,1.19
2017.01.26 02:12:03.575,1.42028,1.42047,1.00,1.50
2017.01.26 02:12:03.879,1.42029,1.42049,1.12,1.00
2017.01.26 02:12:04.132,1.4203,1.42051,1.87,1.50
2017.01.26 02:12:04.184,1.42034,1.42051,1.87,1.00
2017.01.26 02:12:04.407,1.42038,1.42056,1.12,1.25
2017.01.26 02:12:04.459,1.42035,1.42054,1.00,1.00
2017.01.26 02:12:04.560,1.42032,1.42053,1.50,1.25
2017.01.26 02:12:04.613,1.42034,1.42053,1.37,1.25
2017.01.26 02:12:05.119,1.42033,1.42053,1.12,1.25
2017.01.26 02:12:05.526,1.42032,1.4205,1.00,1.25
2017.01.26 02:12:06.042,1.42029,1.4205,1.37,1.50
2017.01.26 02:12:06.447,1.42028,1.4205,3.37,1.37
2017.01.26 02:12:06.498,1.42028,1.42049,1.12,1.37
2017.01.26 02:12:06.651,1.42027,1.42046,1.87,1.00
2017.01.26 02:12:06.788,1.42026,1.42046,1.50,1.00
2017.01.26 02:12:07.295,1.42025,1.42046,1.00,1.00
2017.01.26 02:12:07.461,1.42026,1.42045,2.62,1.00
2017.01.26 02:12:07.512,1.42028,1.42049,1.00,2.62
2017.01.26 02:12:07.563,1.42028,1.42049,1.12,1.87
2017.01.26 02:12:07.614,1.42026,1.42047,1.87,1.00
2017.01.26 02:12:07.969,1.42026,1.42046,1.00,1.00
2017.01.26 02:12:08.323,1.42024,1.42046,2.62,1.00
2017.01.26 02:12:08.929,1.42025,1.42046,1.00,1.00
2017.01.26 02:12:09.458,1.42025,1.42047,1.12,1.00
2017.01.26 02:12:09.580,1.42025,1.42047,2.62,1.50
2017.01.26 02:12:10.087,1.42025,1.42046,1.87,1.00
2017.01.26 02:12:11.061,1.42025,1.42046,1.50,1.00
2017.01.26 02:12:11.315,1.42026,1.42047,3.37,1.00
2017.01.26 02:12:11.719,1.42027,1.42046,1.12,1.00
2017.01.26 02:12:12.257,1.42025,1.42047,1.50,1.12
2017.01.26 02:12:12.397,1.42025,1.42044,1.12,1.00
2017.01.26 02:12:12.922,1.42028,1.42044,1.00,1.00
2017.01.26 02:12:12.972,1.42027,1.42047,2.25,1.00
2017.01.26 02:12:13.024,1.42027,1.42047,1.37,1.00
2017.01.26 02:12:13.075,1.42027,1.42049,1.37,1.87
2017.01.26 02:12:13.176,1.4203,1.42049,1.00,1.00
2017.01.26 02:12:13.379,1.42025,1.42046,2.25,1.00
2017.01.26 02:12:13.480,1.42025,1.42044,2.25,1.00
2017.01.26 02:12:14.462,1.42025,1.42045,1.50,1.00
2017.01.26 02:12:15.024,1.42025,1.42046,1.50,1.00
2017.01.26 02:12:16.301,1.42024,1.42044,1.87,1.00
2017.01.26 02:12:16.352,1.42024,1.42044,1.00,1.00
2017.01.26 02:12:16.453,1.42024,1.42046,1.87,1.12
2017.01.26 02:12:16.757,1.42028,1.42047,1.00,1.12
2017.01.26 02:12:16.831,1.42028,1.42048,1.50,1.31
2017.01.26 02:12:16.883,1.42028,1.42048,2.25,1.25
2017.01.26 02:12:17.187,1.42031,1.42048,1.50,1.25
2017.01.26 02:12:17.491,1.42032,1.42048,1.12,1.25
2017.01.26 02:12:18.011,1.42034,1.42053,1.37,1.00
2017.01.26 02:12:18.113,1.42034,1.42055,1.00,2.44
2017.01.26 02:12:18.618,1.42033,1.42053,1.87,1.00
2017.01.26 02:12:19.962,1.42033,1.42054,1.87,1.00
2017.01.26 02:12:20.263,1.42033,1.42052,1.87,1.00
2017.01.26 02:12:20.416,1.4203,1.42051,1.37,1.00
2017.01.26 02:12:20.687,1.4203,1.42051,1.69,1.00
2017.01.26 02:12:20.991,1.42032,1.42053,1.31,1.37
2017.01.26 02:12:22.268,1.42033,1.42053,1.87,1.12
2017.01.26 02:12:22.393,1.42033,1.42055,2.25,1.50
2017.01.26 02:12:22.676,1.4203,1.42053,1.31,1.37
2017.01.26 02:12:22.778,1.42029,1.42052,2.81,2.25
2017.01.26 02:12:22.830,1.42029,1.42049,1.69,1.00
2017.01.26 02:12:23.147,1.42029,1.42049,1.19,1.00
2017.01.26 02:12:23.299,1.42028,1.42052,2.06,3.00
2017.01.26 02:12:23.420,1.42028,1.42049,1.31,1.00
2017.01.26 02:12:23.471,1.42028,1.42049,1.12,1.00
2017.01.26 02:12:23.522,1.42027,1.42047,2.25,1.00
2017.01.26 02:12:24.036,1.42027,1.42047,1.87,1.00
2017.01.26 02:12:24.339,1.42025,1.42044,2.62,1.00
2017.01.26 02:12:24.844,1.42025,1.42044,1.50,1.00
2017.01.26 02:12:27.468,1.42025,1.42044,1.37,1.00
2017.01.26 02:12:29.199,1.42025,1.42045,1.37,1.00
2017.01.26 02:12:31.327,1.42025,1.42044,1.37,1.00
2017.01.26 02:12:31.429,1.42023,1.42043,1.69,1.00
2017.01.26 02:12:31.937,1.42023,1.42043,1.50,1.00
2017.01.26 02:12:32.451,1.42023,1.42043,1.00,1.87
2017.01.26 02:12:32.552,1.42019,1.42041,2.62,1.00
2017.01.26 02:12:32.757,1.42019,1.42037,1.37,1.00
2017.01.26 02:12:32.959,1.42016,1.42037,1.19,1.12
2017.01.26 02:12:33.212,1.42016,1.42035,1.31,1.00
2017.01.26 02:12:33.523,1.42015,1.42032,1.56,1.00
2017.01.26 02:12:33.625,1.42014,1.42036,2.06,1.50
2017.01.26 02:12:33.676,1.42014,1.42036,2.06,1.50
2017.01.26 02:12:33.902,1.42014,1.4203,1.56,1.00
2017.01.26 02:12:34.105,1.42014,1.42032,2.06,1.00
2017.01.26 02:12:34.157,1.42014,1.42034,2.06,1.00
2017.01.26 02:12:34.258,1.42014,1.42035,1.69,1.12
2017.01.26 02:12:34.766,1.42014,1.42034,1.69,1.00
2017.01.26 02:12:35.882,1.42016,1.42034,1.19,1.00
2017.01.26 02:12:36.105,1.42013,1.42033,1.69,1.00
2017.01.26 02:12:36.307,1.42011,1.42031,2.44,1.00
2017.01.26 02:12:36.662,1.42014,1.42034,1.87,1.00
2017.01.26 02:12:36.713,1.42013,1.42034,1.69,1.00
2017.01.26 02:12:37.226,1.42013,1.42033,1.69,1.00
2017.01.26 02:12:37.730,1.42013,1.42034,1.69,1.00
2017.01.26 02:12:37.832,1.42014,1.42036,1.75,1.12
2017.01.26 02:12:38.034,1.42018,1.42039,1.00,1.00
2017.01.26 02:12:38.588,1.42017,1.42038,1.25,1.00
2017.01.26 02:12:42.557,1.42022,1.4204,2.25,1.00
2017.01.26 02:12:42.659,1.42022,1.42043,1.50,1.00
2017.01.26 02:12:42.760,1.42023,1.42043,1.87,1.00
2017.01.26 02:12:43.347,1.42023,1.42043,1.87,1.00
2017.01.26 02:12:43.703,1.42023,1.42044,1.87,1.19
2017.01.26 02:12:46.842,1.42028,1.42045,1.00,1.31
2017.01.26 02:12:47.616,1.42024,1.42043,1.12,1.19
2017.01.26 02:12:48.568,1.42026,1.42043,1.12,1.19
2017.01.26 02:12:51.515,1.42025,1.42046,1.87,1.25
2017.01.26 02:12:51.820,1.42026,1.42045,1.50,1.19
2017.01.26 02:12:52.125,1.42022,1.42043,2.25,1.19
2017.01.26 02:12:52.525,1.42023,1.42042,1.37,1.69
2017.01.26 02:12:54.420,1.42023,1.42042,1.37,1.31
2017.01.26 02:12:54.523,1.42023,1.42042,1.37,1.19
2017.01.26 02:12:56.884,1.42022,1.42044,1.50,1.19
2017.01.26 02:12:57.138,1.42023,1.42044,1.12,1.69
2017.01.26 02:12:57.298,1.42021,1.42042,1.12,1.19
2017.01.26 02:12:58.033,1.42022,1.42043,1.87,2.81
2017.01.26 02:12:58.136,1.42024,1.42043,1.00,1.69
2017.01.26 02:12:58.680,1.42023,1.42044,1.87,2.81
2017.01.26 02:12:58.731,1.42023,1.42044,1.50,2.06
2017.01.26 02:12:58.782,1.42023,1.42044,1.50,1.69
2017.01.26 02:12:58.833,1.42022,1.42039,1.12,1.00
2017.01.26 02:12:58.936,1.42019,1.42041,1.50,2.81
2017.01.26 02:12:59.050,1.42018,1.42037,1.87,1.00
2017.01.26 02:12:59.457,1.42017,1.42035,1.87,1.00
2017.01.26 02:12:59.508,1.42017,1.42035,1.50,1.00
2017.01.26 02:12:59.926,1.42016,1.42038,1.00,3.19
2017.01.26 02:13:00.079,1.42017,1.42035,1.00,1.00
2017.01.26 02:13:00.130,1.42017,1.42037,1.00,1.50
2017.01.26 02:13:00.282,1.42019,1.42037,1.87,1.00
2017.01.26 02:13:00.333,1.42022,1.4204,1.00,1.12
2017.01.26 02:13:00.384,1.42023,1.42042,1.87,1.50
2017.01.26 02:13:00.435,1.42023,1.42042,2.06,1.00
2017.01.26 02:13:00.537,1.42026,1.42045,1.00,1.50
2017.01.26 02:13:00.928,1.42026,1.42043,1.00,1.00
2017.01.26 02:13:01.182,1.42025,1.42046,1.00,1.00
2017.01.26 02:13:01.233,1.42024,1.42044,1.12,1.00
2017.01.26 02:13:01.538,1.42024,1.42044,2.06,1.00
2017.01.26 02:13:02.045,1.42026,1.42045,1.12,1.00
2017.01.26 02:13:02.559,1.42027,1.42048,1.12,1.87
2017.01.26 02:13:02.661,1.42027,1.42046,2.25,1.00
2017.01.26 02:13:02.712,1.42027,1.4205,3.00,1.12
2017.01.26 02:13:02.895,1.42026,1.4205,3.00,1.87
2017.01.26 02:13:02.997,1.42026,1.42046,3.00,1.00
2017.01.26 02:13:03.546,1.42026,1.42047,1.50,1.00
2017.01.26 02:13:03.877,1.42026,1.42044,1.50,1.00
2017.01.26 02:13:04.712,1.42026,1.42046,1.50,1.00
2017.01.26 02:13:04.896,1.42027,1.42048,1.37,1.00
2017.01.26 02:13:04.947,1.42027,1.42048,1.00,1.00
2017.01.26 02:13:05.238,1.42028,1.42049,1.37,1.00
2017.01.26 02:13:05.300,1.42027,1.42051,1.87,3.56
2017.01.26 02:13:05.350,1.42027,1.42049,1.50,1.00
2017.01.26 02:13:05.661,1.42027,1.42046,1.12,1.00
2017.01.26 02:13:05.921,1.42028,1.42049,1.00,1.50
2017.01.26 02:13:06.022,1.42027,1.42046,1.87,1.00
2017.01.26 02:13:06.230,1.42027,1.42048,1.87,1.00
2017.01.26 02:13:06.640,1.42026,1.42044,1.87,1.00
2017.01.26 02:13:06.792,1.42025,1.42046,2.62,1.00
2017.01.26 02:13:06.944,1.42025,1.42044,1.12,1.00
2017.01.26 02:13:08.089,1.42025,1.42044,1.00,1.00
2017.01.26 02:13:08.588,1.42022,1.42041,1.87,1.00
2017.01.26 02:13:10.530,1.42022,1.42042,1.12,1.00
2017.01.26 02:13:11.571,1.42022,1.42044,1.12,1.00
2017.01.26 02:13:11.724,1.42022,1.42042,1.12,1.00
2017.01.26 02:13:12.074,1.42021,1.42039,1.12,1.00
2017.01.26 02:13:12.179,1.42021,1.42042,1.12,1.00
2017.01.26 02:13:12.283,1.42025,1.42042,1.00,1.00
2017.01.26 02:13:12.614,1.42028,1.42045,1.25,1.00
2017.01.26 02:13:12.716,1.42026,1.42049,1.12,2.62
2017.01.26 02:13:12.818,1.42024,1.42046,1.00,1.37
2017.01.26 02:13:12.971,1.42022,1.42042,1.87,1.00
2017.01.26 02:13:13.283,1.42025,1.42045,1.12,1.00
2017.01.26 02:13:14.913,1.42027,1.42046,2.25,1.00
2017.01.26 02:13:14.965,1.42027,1.42048,2.44,1.12
2017.01.26 02:13:15.016,1.42029,1.42048,3.00,1.00
2017.01.26 02:13:15.118,1.42028,1.42048,1.37,1.00
2017.01.26 02:13:15.284,1.42028,1.42045,1.50,1.00
2017.01.26 02:13:15.396,1.42027,1.42048,2.25,1.00
2017.01.26 02:13:15.548,1.42028,1.42045,1.12,1.00
2017.01.26 02:13:15.751,1.42025,1.42045,1.25,1.00
2017.01.26 02:13:15.802,1.42025,1.4204,1.25,1.00
2017.01.26 02:13:15.853,1.42024,1.42045,1.87,1.50
2017.01.26 02:13:15.904,1.42024,1.42045,1.87,1.50
2017.01.26 02:13:16.056,1.42026,1.42047,1.50,1.50
2017.01.26 02:13:16.107,1.42027,1.42047,1.37,1.00
2017.01.26 02:13:16.411,1.42024,1.42044,1.87,1.00
2017.01.26 02:13:16.665,1.42021,1.42042,3.19,1.00
2017.01.26 02:13:16.817,1.42021,1.42044,1.50,1.50
2017.01.26 02:13:17.023,1.4202,1.4204,3.75,1.00
2017.01.26 02:13:18.202,1.42023,1.42042,1.87,1.00
2017.01.26 02:13:18.708,1.42024,1.42043,1.75,1.00
2017.01.26 02:13:18.759,1.42024,1.42042,1.12,1.00
2017.01.26 02:13:19.283,1.42023,1.42043,1.50,1.00
2017.01.26 02:13:19.931,1.42023,1.42044,1.50,1.00
2017.01.26 02:13:20.606,1.42022,1.42043,1.37,1.00
2017.01.26 02:13:21.140,1.42024,1.42043,2.62,1.00
2017.01.26 02:13:21.344,1.42025,1.42045,1.37,1.00
2017.01.26 02:13:21.395,1.42024,1.42045,1.00,1.00
2017.01.26 02:13:21.708,1.42025,1.42042,1.00,1.00
2017.01.26 02:13:22.240,1.42025,1.42043,1.00,1.00
2017.01.26 02:13:22.530,1.42025,1.42046,1.00,1.00
2017.01.26 02:13:22.682,1.42025,1.42043,1.87,1.00
2017.01.26 02:13:22.987,1.42026,1.42045,2.06,1.00
2017.01.26 02:13:23.190,1.42027,1.42045,1.00,1.00
2017.01.26 02:13:23.523,1.42025,1.42042,1.12,1.00
2017.01.26 02:13:27.114,1.42023,1.42045,2.25,1.00
2017.01.26 02:13:27.377,1.42024,1.42041,1.37,1.00
2017.01.26 02:13:31.482,1.42021,1.4204,1.75,3.19
2017.01.26 02:13:31.534,1.42021,1.42036,1.00,1.12
2017.01.26 02:13:31.622,1.42016,1.42033,1.00,1.19
2017.01.26 02:13:31.729,1.42013,1.42034,1.00,1.19
2017.01.26 02:13:31.836,1.42013,1.42037,1.87,2.62
2017.01.26 02:13:31.887,1.42013,1.4203,2.62,1.00
2017.01.26 02:13:32.141,1.42011,1.42033,2.44,2.44
2017.01.26 02:13:32.192,1.42011,1.42033,1.00,1.87
2017.01.26 02:13:32.366,1.42012,1.42032,1.00,1.00
2017.01.26 02:13:32.586,1.42014,1.42032,1.12,1.00
2017.01.26 02:13:34.348,1.42012,1.42032,1.87,1.00
2017.01.26 02:13:34.602,1.42013,1.42035,2.44,1.50
2017.01.26 02:13:34.760,1.42014,1.42035,2.25,1.00
2017.01.26 02:13:35.266,1.42013,1.42035,1.87,1.00
2017.01.26 02:13:35.662,1.42013,1.42033,1.87,1.19
2017.01.26 02:13:37.433,1.42013,1.42033,1.50,1.19
2017.01.26 02:13:40.729,1.42012,1.42032,1.00,1.19
2017.01.26 02:13:41.213,1.42012,1.42029,1.00,1.00
2017.01.26 02:13:41.731,1.42012,1.4203,1.00,1.00
2017.01.26 02:13:42.373,1.42012,1.42029,1.00,1.00
2017.01.26 02:13:44.011,1.42012,1.42031,1.00,1.25
2017.01.26 02:13:47.453,1.42009,1.42031,1.87,1.12
2017.01.26 02:13:47.708,1.42009,1.42031,2.44,1.00
2017.01.26 02:13:47.809,1.42009,1.42031,2.06,1.00
2017.01.26 02:13:48.657,1.42011,1.42031,1.56,1.00
2017.01.26 02:13:48.809,1.42011,1.42028,1.37,2.44
2017.01.26 02:13:48.911,1.42001,1.42024,2.44,1.12
2017.01.26 02:13:49.013,1.42001,1.42025,2.44,1.12
2017.01.26 02:13:49.228,1.42006,1.42025,1.00,1.00
2017.01.26 02:13:49.279,1.42004,1.42027,2.06,1.31
2017.01.26 02:13:49.431,1.42004,1.42027,1.25,1.31
2017.01.26 02:13:51.117,1.42004,1.42025,1.62,1.12
2017.01.26 02:13:51.219,1.42006,1.42027,1.25,1.87
2017.01.26 02:13:51.321,1.42005,1.42025,1.31,1.00
2017.01.26 02:13:51.423,1.42001,1.42025,1.31,1.37
2017.01.26 02:13:51.524,1.42002,1.42026,1.37,4.16
2017.01.26 02:13:51.575,1.42002,1.42026,1.12,4.16
2017.01.26 02:13:52.094,1.42004,1.42026,1.94,1.00
2017.01.26 02:13:52.611,1.42004,1.42027,1.94,1.31
2017.01.26 02:13:53.373,1.42006,1.42027,2.44,1.31
2017.01.26 02:13:53.425,1.42005,1.42027,1.69,1.25
2017.01.26 02:13:53.628,1.42005,1.42025,1.19,1.12
2017.01.26 02:13:54.174,1.42005,1.42026,1.31,1.12
2017.01.26 02:13:55.159,1.42006,1.42027,1.19,1.69
2017.01.26 02:13:55.284,1.42006,1.42025,1.19,1.00
2017.01.26 02:13:57.144,1.42003,1.42025,3.19,1.50
2017.01.26 02:13:58.218,1.42004,1.42026,2.44,1.00
2017.01.26 02:13:58.735,1.42007,1.42029,1.56,3.56
2017.01.26 02:13:58.786,1.42007,1.42029,1.56,2.25
2017.01.26 02:13:58.939,1.42015,1.42029,1.37,1.00
2017.01.26 02:13:58.990,1.42017,1.42032,1.37,1.12
2017.01.26 02:13:59.041,1.42016,1.42037,1.12,1.87
2017.01.26 02:13:59.143,1.42014,1.42032,3.56,1.00
2017.01.26 02:13:59.356,1.42017,1.42035,1.00,1.00
2017.01.26 02:13:59.766,1.42017,1.42037,2.62,1.00
2017.01.26 02:13:59.817,1.42017,1.42039,1.87,1.50
2017.01.26 02:13:59.869,1.42018,1.42041,1.37,1.35
2017.01.26 02:14:00.351,1.42018,1.42037,1.56,1.00
2017.01.26 02:14:00.846,1.42016,1.42037,2.44,1.00
2017.01.26 02:14:01.522,1.42016,1.42039,1.94,1.50
2017.01.26 02:14:02.864,1.42017,1.42036,1.69,1.00
2017.01.26 02:14:03.212,1.42014,1.42035,1.00,1.00
2017.01.26 02:14:03.263,1.42012,1.42035,2.44,1.19
2017.01.26 02:14:03.314,1.42012,1.42035,3.56,1.19
2017.01.26 02:14:03.618,1.42016,1.42035,1.31,1.00
2017.01.26 02:14:06.034,1.42015,1.42035,2.06,1.00
2017.01.26 02:14:06.392,1.42015,1.42031,1.69,1.00
2017.01.26 02:14:06.623,1.42014,1.42031,1.94,1.00
2017.01.26 02:14:08.042,1.42013,1.42031,1.50,1.00
2017.01.26 02:14:08.167,1.42013,1.42033,1.69,1.00
2017.01.26 02:14:08.615,1.42012,1.4203,1.12,1.00
2017.01.26 02:14:08.920,1.4201,1.42028,1.31,1.00
2017.01.26 02:14:09.442,1.42012,1.42029,1.25,1.00
2017.01.26 02:14:11.726,1.4201,1.42026,1.94,1.00
2017.01.26 02:14:12.573,1.4201,1.42028,1.31,1.00
2017.01.26 02:14:12.624,1.4201,1.4203,2.44,1.00
2017.01.26 02:14:12.757,1.42021,1.42037,3.00,1.94
2017.01.26 02:14:12.859,1.42019,1.42039,1.50,1.37
2017.01.26 02:14:12.910,1.42019,1.42039,2.25,1.00
2017.01.26 02:14:12.961,1.42021,1.42037,1.00,1.00
2017.01.26 02:14:13.707,1.42019,1.42036,1.12,1.00
2017.01.26 02:14:13.758,1.42018,1.42039,1.12,1.19
2017.01.26 02:14:13.860,1.42015,1.42038,1.12,1.31
2017.01.26 02:14:13.962,1.42011,1.42033,2.81,1.12
2017.01.26 02:14:14.064,1.42011,1.42033,1.00,1.31
2017.01.26 02:14:14.246,1.42008,1.4203,2.62,1.00
2017.01.26 02:14:14.501,1.42011,1.42034,1.50,1.50
2017.01.26 02:14:14.654,1.42011,1.42034,3.00,2.81
2017.01.26 02:14:14.756,1.42011,1.42034,3.00,2.81
2017.01.26 02:14:14.864,1.42011,1.42034,1.37,2.44
2017.01.26 02:14:14.915,1.4201,1.42034,1.12,4.87
2017.01.26 02:14:15.068,1.42008,1.42029,2.25,1.25
2017.01.26 02:14:15.221,1.42008,1.4203,2.81,1.87
2017.01.26 02:14:15.290,1.42012,1.42032,1.12,1.25
2017.01.26 02:14:15.544,1.42012,1.42033,1.00,2.25
2017.01.26 02:14:15.747,1.42011,1.4203,1.37,1.69
2017.01.26 02:14:16.159,1.42013,1.42034,1.00,1.69
2017.01.26 02:14:16.261,1.42013,1.42031,1.00,1.19
2017.01.26 02:14:16.616,1.42013,1.42033,1.00,1.19
2017.01.26 02:14:16.718,1.42013,1.42034,1.12,1.12
2017.01.26 02:14:16.835,1.42016,1.42037,2.62,1.87
2017.01.26 02:14:16.888,1.42017,1.42037,1.00,1.12
2017.01.26 02:14:16.939,1.42017,1.42037,2.62,1.00
2017.01.26 02:14:17.344,1.42024,1.42036,1.00,1.00
2017.01.26 02:14:17.401,1.42024,1.42041,1.00,3.56
2017.01.26 02:14:17.453,1.42018,1.42041,1.56,3.56
2017.01.26 02:14:17.554,1.4202,1.42041,1.62,2.06
2017.01.26 02:14:17.657,1.4202,1.42041,1.25,1.12
2017.01.26 02:14:17.965,1.42019,1.42038,1.37,1.00
2017.01.26 02:14:18.016,1.42018,1.42038,1.87,1.00
2017.01.26 02:14:18.067,1.42016,1.42036,1.87,1.00
2017.01.26 02:14:18.371,1.42018,1.42036,1.87,1.00
2017.01.26 02:14:18.422,1.42019,1.42041,1.00,1.00
2017.01.26 02:14:18.940,1.42019,1.4204,1.12,1.50
2017.01.26 02:14:19.267,1.4202,1.42042,2.25,1.31
2017.01.26 02:14:19.379,1.4202,1.42039,1.50,1.12
2017.01.26 02:14:19.819,1.42023,1.4204,1.00,1.00
2017.01.26 02:14:19.971,1.42023,1.42042,1.00,1.50
2017.01.26 02:14:20.123,1.42022,1.42044,1.12,1.00
2017.01.26 02:14:20.225,1.42021,1.42045,3.75,2.25
2017.01.26 02:14:20.553,1.42021,1.42039,1.12,1.00
2017.01.26 02:14:21.054,1.42021,1.42037,1.12,1.00
2017.01.26 02:14:22.811,1.42021,1.42039,1.12,1.00
2017.01.26 02:14:22.912,1.42021,1.42041,1.50,1.00
2017.01.26 02:14:23.014,1.42022,1.42044,2.06,1.00
2017.01.26 02:14:23.065,1.42022,1.42044,3.56,1.00
2017.01.26 02:14:23.558,1.42024,1.42045,3.00,1.00
2017.01.26 02:14:23.609,1.4203,1.42045,1.00,1.00
2017.01.26 02:14:23.660,1.4203,1.42047,1.00,1.12
2017.01.26 02:14:23.762,1.4203,1.42045,1.00,1.00
2017.01.26 02:14:25.473,1.4203,1.42045,1.00,1.31
2017.01.26 02:14:26.143,1.4203,1.42044,1.00,1.31
2017.01.26 02:14:27.584,1.4203,1.42045,1.00,1.19
2017.01.26 02:14:27.635,1.4203,1.42046,1.37,1.12
2017.01.26 02:14:27.686,1.42028,1.42038,1.25,1.00
2017.01.26 02:14:27.941,1.42023,1.42034,1.50,1.00
2017.01.26 02:14:28.093,1.42019,1.42034,2.06,1.00
2017.01.26 02:14:28.144,1.42017,1.42039,2.25,1.12
2017.01.26 02:14:28.195,1.42017,1.42038,1.12,1.19
2017.01.26 02:14:28.500,1.42011,1.42029,1.56,1.00
2017.01.26 02:14:28.804,1.42011,1.42029,2.06,1.00
2017.01.26 02:14:28.855,1.42011,1.42029,2.06,1.00
2017.01.26 02:14:28.956,1.42011,1.4203,2.06,1.00
2017.01.26 02:14:29.171,1.42011,1.4203,2.06,1.00
2017.01.26 02:14:29.223,1.42013,1.42033,1.94,1.50
2017.01.26 02:14:29.274,1.42016,1.42035,2.44,2.62
2017.01.26 02:14:29.326,1.42016,1.42035,2.44,1.12
2017.01.26 02:14:29.377,1.42017,1.42038,1.12,1.31
2017.01.26 02:14:29.428,1.42017,1.42035,3.00,1.00
2017.01.26 02:14:29.480,1.42017,1.42035,1.37,1.12
2017.01.26 02:14:29.632,1.42022,1.42035,1.87,1.12
2017.01.26 02:14:29.733,1.42018,1.42034,1.37,1.00
2017.01.26 02:14:29.885,1.42018,1.42033,1.00,1.00
2017.01.26 02:14:30.424,1.42017,1.42033,1.50,1.00
2017.01.26 02:14:30.912,1.42017,1.42036,1.50,1.00
2017.01.26 02:14:31.019,1.42017,1.42036,1.50,1.00
2017.01.26 02:14:31.221,1.42017,1.42036,1.87,1.00
2017.01.26 02:14:32.066,1.42017,1.42034,1.37,1.00
2017.01.26 02:14:32.471,1.42018,1.42034,3.37,1.00
2017.01.26 02:14:32.522,1.42018,1.42039,1.87,1.69
2017.01.26 02:14:32.623,1.42022,1.42037,1.87,1.00
2017.01.26 02:14:32.876,1.42021,1.42037,1.12,1.00
2017.01.26 02:14:33.461,1.42019,1.42037,4.12,1.00
2017.01.26 02:14:37.464,1.42019,1.42037,1.12,1.00
2017.01.26 02:14:37.914,1.42017,1.42035,3.37,1.00
2017.01.26 02:14:38.585,1.42018,1.42035,1.00,1.00
2017.01.26 02:14:39.124,1.42018,1.42036,1.00,1.00
2017.01.26 02:14:39.333,1.4202,1.42041,1.00,1.12
2017.01.26 02:14:39.435,1.42021,1.42037,1.00,1.69
2017.01.26 02:14:39.756,1.42009,1.42029,1.37,1.19
2017.01.26 02:14:39.808,1.4201,1.4203,1.87,1.19
2017.01.26 02:14:40.112,1.42014,1.42032,1.00,1.25
2017.01.26 02:14:40.229,1.42013,1.42032,1.12,1.19
2017.01.26 02:14:40.361,1.42013,1.42032,1.00,1.00
2017.01.26 02:14:40.462,1.42015,1.42032,1.87,1.00
2017.01.26 02:14:40.982,1.42014,1.42032,1.87,1.00
2017.01.26 02:14:42.896,1.42016,1.42033,1.00,1.25
2017.01.26 02:14:43.151,1.42007,1.42026,1.25,1.00
2017.01.26 02:14:43.452,1.42007,1.42028,1.25,1.50
2017.01.26 02:14:43.554,1.42007,1.42028,1.62,1.50
2017.01.26 02:14:43.859,1.42007,1.42028,1.25,1.00
2017.01.26 02:14:44.141,1.42008,1.42028,1.37,1.00
2017.01.26 02:14:44.454,1.42008,1.4203,1.37,1.87
2017.01.26 02:14:44.505,1.42012,1.42032,1.37,2.25
2017.01.26 02:14:44.556,1.42013,1.42032,1.87,1.00
2017.01.26 02:14:44.609,1.42015,1.42032,1.37,1.00
2017.01.26 02:14:44.913,1.42019,1.42032,1.00,1.00
2017.01.26 02:14:45.116,1.42014,1.42032,1.12,1.00
2017.01.26 02:14:45.667,1.42015,1.42032,1.00,1.00
2017.01.26 02:14:45.718,1.42015,1.42034,1.00,1.00
2017.01.26 02:14:46.768,1.42016,1.42037,3.75,1.00
2017.01.26 02:14:46.970,1.42013,1.42032,1.12,1.00
2017.01.26 02:14:47.123,1.42014,1.42035,1.37,1.87
2017.01.26 02:14:47.174,1.42015,1.42035,1.37,1.12
2017.01.26 02:14:47.461,1.42014,1.42035,1.87,1.12
2017.01.26 02:14:47.669,1.42015,1.42037,2.62,1.12
2017.01.26 02:14:47.923,1.42025,1.42042,1.00,1.25
2017.01.26 02:14:47.974,1.42024,1.4204,1.12,1.00
2017.01.26 02:14:48.228,1.42021,1.4204,2.62,1.00
2017.01.26 02:14:49.238,1.42021,1.42037,1.87,1.00
2017.01.26 02:14:50.314,1.42021,1.42042,1.12,2.44
2017.01.26 02:14:50.466,1.4202,1.42042,2.25,2.44
2017.01.26 02:14:51.376,1.42021,1.42042,1.75,2.44
2017.01.26 02:14:51.941,1.42022,1.42039,1.12,1.00
2017.01.26 02:14:51.993,1.42024,1.42042,1.00,1.69
2017.01.26 02:14:52.044,1.42023,1.42038,1.00,1.00
2017.01.26 02:14:52.145,1.42018,1.42041,1.50,1.87
2017.01.26 02:14:52.196,1.42018,1.42038,1.50,1.00
2017.01.26 02:14:52.298,1.42015,1.42038,1.12,1.87
2017.01.26 02:14:52.349,1.42013,1.42037,3.37,1.37
2017.01.26 02:14:52.439,1.42013,1.4203,2.62,1.00
2017.01.26 02:14:52.866,1.42013,1.42033,1.87,1.00
2017.01.26 02:14:53.806,1.42013,1.4203,1.50,1.00
2017.01.26 02:14:54.580,1.42012,1.42033,1.50,1.00
2017.01.26 02:14:54.974,1.42011,1.4203,2.25,1.00
2017.01.26 02:14:55.577,1.42013,1.42031,1.00,1.00
2017.01.26 02:14:55.927,1.42011,1.42029,1.50,1.00
2017.01.26 02:14:56.241,1.4201,1.42027,1.87,1.00
2017.01.26 02:14:59.142,1.42011,1.42031,1.00,1.00
2017.01.26 02:14:59.244,1.42011,1.42029,1.00,1.00
2017.01.26 02:14:59.621,1.42009,1.42027,1.37,1.00
2017.01.26 02:15:00.803,1.42012,1.42027,1.00,1.00
2017.01.26 02:15:00.854,1.42012,1.4203,1.12,1.00
2017.01.26 02:15:01.149,1.42013,1.4203,1.37,1.00
2017.01.26 02:15:01.200,1.42013,1.42032,1.37,1.00
2017.01.26 02:15:01.252,1.42014,1.42034,1.12,1.00
2017.01.26 02:15:02.242,1.42014,1.42034,1.00,1.00
2017.01.26 02:15:02.663,1.42012,1.42032,1.12,1.00
2017.01.26 02:15:02.816,1.4201,1.42032,1.37,1.37
2017.01.26 02:15:03.046,1.42009,1.42026,1.00,1.00
2017.01.26 02:15:03.592,1.42009,1.42027,1.00,1.00
2017.01.26 02:15:03.963,1.42009,1.42025,1.12,1.00
2017.01.26 02:15:04.216,1.42009,1.42028,1.12,1.00
2017.01.26 02:15:04.756,1.42012,1.42027,1.00,1.00
2017.01.26 02:15:04.807,1.42012,1.42027,1.87,1.00
2017.01.26 02:15:04.858,1.42012,1.42032,1.87,1.69
2017.01.26 02:15:05.226,1.42012,1.42032,1.50,1.00
2017.01.26 02:15:05.310,1.4201,1.4203,1.37,1.25
2017.01.26 02:15:05.361,1.42009,1.4203,2.25,1.25
2017.01.26 02:15:05.463,1.42008,1.4203,1.12,2.44
2017.01.26 02:15:05.565,1.42008,1.42027,1.12,1.00
2017.01.26 02:15:06.820,1.42007,1.42029,2.62,1.12
2017.01.26 02:15:07.421,1.42009,1.42029,1.00,1.00
2017.01.26 02:15:08.139,1.42007,1.42028,1.87,1.00
2017.01.26 02:15:09.196,1.42007,1.42029,1.87,1.00
2017.01.26 02:15:09.975,1.42007,1.42029,2.06,1.00
2017.01.26 02:15:10.905,1.42007,1.4203,2.81,2.81
2017.01.26 02:15:11.440,1.42009,1.42029,1.19,1.00
2017.01.26 02:15:11.748,1.42009,1.4203,2.44,1.12
2017.01.26 02:15:12.095,1.42011,1.42032,1.56,1.00
2017.01.26 02:15:12.606,1.4201,1.42031,1.69,1.00
2017.01.26 02:15:12.708,1.42009,1.42032,3.00,1.12
2017.01.26 02:15:12.911,1.42009,1.42026,1.12,1.00
2017.01.26 02:15:13.436,1.42009,1.42027,2.06,1.00
2017.01.26 02:15:14.790,1.42009,1.42025,1.12,1.00
2017.01.26 02:15:14.993,1.42006,1.42026,1.50,1.00
2017.01.26 02:15:15.095,1.42005,1.42028,3.75,1.00
2017.01.26 02:15:15.197,1.42005,1.42026,3.75,1.00
2017.01.26 02:15:15.526,1.42016,1.42034,1.87,1.37
2017.01.26 02:15:15.709,1.42016,1.42037,1.12,1.12
2017.01.26 02:15:15.863,1.42014,1.42036,1.87,1.50
2017.01.26 02:15:15.914,1.42014,1.42033,1.00,1.50
2017.01.26 02:15:16.068,1.42012,1.42033,2.25,1.87
2017.01.26 02:15:16.170,1.42014,1.42033,1.75,1.50
2017.01.26 02:15:16.222,1.42017,1.42033,1.00,1.00
2017.01.26 02:15:16.476,1.42014,1.42033,1.87,1.00
2017.01.26 02:15:17.698,1.42014,1.42034,1.50,1.00
2017.01.26 02:15:18.114,1.42014,1.42034,1.87,1.00
2017.01.26 02:15:18.216,1.42012,1.42031,1.50,1.00
2017.01.26 02:15:18.991,1.42011,1.42031,1.87,1.00
2017.01.26 02:15:19.664,1.42011,1.42033,1.87,1.87
2017.01.26 02:15:20.287,1.42011,1.42031,1.12,1.00
2017.01.26 02:15:20.995,1.42011,1.4203,1.00,1.00
2017.01.26 02:15:21.568,1.4201,1.4203,1.87,1.00
2017.01.26 02:15:21.619,1.42013,1.4203,1.37,1.25
2017.01.26 02:15:21.670,1.42014,1.42033,1.37,1.50
2017.01.26 02:15:21.721,1.42016,1.42035,1.37,1.00
2017.01.26 02:15:21.845,1.42014,1.42033,2.25,1.00
2017.01.26 02:15:22.048,1.42012,1.42032,2.25,1.00
2017.01.26 02:15:22.201,1.42011,1.42029,2.25,1.19
2017.01.26 02:15:22.475,1.42009,1.42028,1.87,1.19
2017.01.26 02:15:22.583,1.42013,1.42031,1.00,1.00
2017.01.26 02:15:22.837,1.42012,1.42034,1.87,1.00
2017.01.26 02:15:23.039,1.42013,1.42033,1.00,1.19
2017.01.26 02:15:23.343,1.42009,1.42025,1.00,1.00
2017.01.26 02:15:23.798,1.42008,1.42025,1.00,1.19
2017.01.26 02:15:23.900,1.42008,1.42025,1.00,1.00
2017.01.26 02:15:24.052,1.42005,1.42027,1.00,1.69
2017.01.26 02:15:24.357,1.42006,1.42026,1.37,1.00
2017.01.26 02:15:24.913,1.42006,1.42027,1.00,1.00
2017.01.26 02:15:25.420,1.42007,1.42027,1.12,1.00
2017.01.26 02:15:25.725,1.42009,1.42027,1.37,1.00
2017.01.26 02:15:26.030,1.42013,1.42029,1.87,1.00
2017.01.26 02:15:26.184,1.42013,1.42029,1.12,1.00
2017.01.26 02:15:26.452,1.42018,1.42033,1.00,1.25
2017.01.26 02:15:26.503,1.42018,1.42033,3.00,1.00
2017.01.26 02:15:26.657,1.42017,1.42033,1.37,1.00
2017.01.26 02:15:26.882,1.42014,1.42037,1.12,1.69
2017.01.26 02:15:27.271,1.42012,1.42032,1.87,1.00
2017.01.26 02:15:27.508,1.42013,1.42035,1.37,1.50
2017.01.26 02:15:27.885,1.42014,1.42035,1.87,1.00
2017.01.26 02:15:28.141,1.42017,1.42038,1.12,1.12
2017.01.26 02:15:28.242,1.42015,1.42035,1.87,1.00
2017.01.26 02:15:30.619,1.42014,1.42034,1.37,1.00
2017.01.26 02:15:30.822,1.42013,1.42034,1.87,1.00
2017.01.26 02:15:31.329,1.42013,1.42033,1.12,1.00
2017.01.26 02:15:34.619,1.42012,1.42033,1.87,1.00
2017.01.26 02:15:34.670,1.42012,1.4203,1.12,1.00
2017.01.26 02:15:34.822,1.4201,1.42032,1.37,1.00
2017.01.26 02:15:34.948,1.4201,1.4203,1.37,1.00
2017.01.26 02:15:35.295,1.4201,1.42027,1.37,1.00
2017.01.26 02:15:35.562,1.42009,1.4203,1.87,2.06
2017.01.26 02:15:35.613,1.42007,1.4203,1.87,2.44
2017.01.26 02:15:35.665,1.42006,1.4203,2.62,2.44
2017.01.26 02:15:35.717,1.42006,1.42028,2.62,1.00
2017.01.26 02:15:35.920,1.42006,1.4203,4.12,3.19
2017.01.26 02:15:36.472,1.42008,1.42029,1.50,1.00
2017.01.26 02:15:37.880,1.42009,1.4203,1.00,2.06
2017.01.26 02:15:39.785,1.42009,1.4203,1.12,1.69
2017.01.26 02:15:39.887,1.42009,1.42026,1.00,1.25
2017.01.26 02:15:40.718,1.42006,1.42026,3.19,1.25
2017.01.26 02:15:40.908,1.42006,1.42026,3.19,1.25
2017.01.26 02:15:43.669,1.42007,1.42026,1.12,1.25
2017.01.26 02:15:43.772,1.42015,1.42025,1.50,1.00
2017.01.26 02:15:43.823,1.42014,1.4203,1.12,1.12
2017.01.26 02:15:43.924,1.42015,1.42034,1.37,2.25
2017.01.26 02:15:44.431,1.42014,1.42031,1.87,1.69
2017.01.26 02:15:44.532,1.42014,1.4203,1.37,1.19
2017.01.26 02:15:44.634,1.42014,1.4203,1.00,1.19
2017.01.26 02:15:45.046,1.42014,1.42032,1.12,1.25
2017.01.26 02:15:45.308,1.42012,1.42031,1.87,1.19
2017.01.26 02:15:45.420,1.42011,1.4203,1.00,1.44
2017.01.26 02:15:45.725,1.42011,1.4203,1.12,1.44
2017.01.26 02:15:46.030,1.42009,1.42027,3.00,1.00
2017.01.26 02:15:46.081,1.42009,1.42027,1.00,1.00
2017.01.26 02:15:46.133,1.42006,1.42026,3.56,1.00
2017.01.26 02:15:46.234,1.42004,1.42026,1.87,2.25
2017.01.26 02:15:46.336,1.42004,1.42024,1.37,1.00
2017.01.26 02:15:47.103,1.42003,1.42024,2.06,1.00
2017.01.26 02:15:47.619,1.42002,1.42023,2.06,1.00
2017.01.26 02:15:48.153,1.42002,1.42024,2.06,1.12
2017.01.26 02:15:49.045,1.42002,1.42024,2.06,1.12
2017.01.26 02:15:49.503,1.42005,1.42027,2.81,1.12
2017.01.26 02:15:49.655,1.42008,1.42028,1.12,1.00
2017.01.26 02:15:49.706,1.42009,1.42028,1.12,1.00
2017.01.26 02:15:50.010,1.42009,1.42027,1.00,1.87
2017.01.26 02:15:50.062,1.42005,1.42026,1.31,1.00
2017.01.26 02:15:50.236,1.4201,1.4203,1.87,1.87
2017.01.26 02:15:50.435,1.42011,1.42031,1.12,1.00
2017.01.26 02:15:50.965,1.42011,1.4203,1.37,1.00
2017.01.26 02:15:51.218,1.42009,1.4203,2.62,1.00
2017.01.26 02:15:51.871,1.42009,1.4203,2.62,1.00
2017.01.26 02:15:52.175,1.4201,1.42028,1.00,1.00
2017.01.26 02:15:52.658,1.42012,1.42031,1.00,1.50
2017.01.26 02:15:52.814,1.42014,1.42031,1.87,1.50
2017.01.26 02:15:53.018,1.42017,1.42038,1.87,1.69
2017.01.26 02:15:53.221,1.42017,1.42036,1.12,1.00
2017.01.26 02:15:53.764,1.42015,1.42034,1.37,1.00
2017.01.26 02:15:54.349,1.42015,1.42034,1.12,1.00
2017.01.26 02:15:54.734,1.42016,1.42037,2.62,1.87
2017.01.26 02:15:54.887,1.42019,1.42039,2.62,1.00
2017.01.26 02:15:54.938,1.42019,1.42039,1.00,1.00
2017.01.26 02:15:55.494,1.42018,1.42039,1.12,1.00
2017.01.26 02:15:56.119,1.4202,1.4204,1.00,1.00
2017.01.26 02:15:57.176,1.4202,1.42042,1.12,1.87
2017.01.26 02:15:57.480,1.42029,1.42049,1.00,1.00
2017.01.26 02:15:57.864,1.42028,1.42047,1.37,1.00
2017.01.26 02:15:58.145,1.42027,1.42049,1.00,2.25
2017.01.26 02:15:58.679,1.42025,1.42046,1.37,1.37
2017.01.26 02:15:59.116,1.42025,1.42046,1.00,1.50
2017.01.26 02:15:59.795,1.42025,1.42045,1.00,1.12
2017.01.26 02:16:00.052,1.42025,1.42038,1.00,1.00
2017.01.26 02:16:02.168,1.42025,1.4204,1.00,1.00
2017.01.26 02:16:02.320,1.42025,1.42038,1.00,1.00
2017.01.26 02:16:03.225,1.42025,1.4204,1.00,1.00
2017.01.26 02:16:04.257,1.42023,1.42042,1.37,3.60
2017.01.26 02:16:04.308,1.42021,1.42036,2.25,1.25
2017.01.26 02:16:04.359,1.42021,1.42037,1.00,1.31
2017.01.26 02:16:04.489,1.42013,1.42025,3.00,1.00
2017.01.26 02:16:04.540,1.42013,1.42027,1.00,1.00
2017.01.26 02:16:05.154,1.42012,1.42028,1.50,1.00
2017.01.26 02:16:06.205,1.42013,1.42033,1.12,1.00
2017.01.26 02:16:06.460,1.42015,1.42039,2.25,2.62
2017.01.26 02:16:06.512,1.42018,1.42038,1.37,1.12
2017.01.26 02:16:06.817,1.42021,1.42038,1.87,1.00
2017.01.26 02:16:06.919,1.42021,1.4204,1.87,1.00
2017.01.26 02:16:07.489,1.42022,1.4204,1.00,1.00
2017.01.26 02:16:08.565,1.42022,1.42039,1.00,1.00
2017.01.26 02:16:11.835,1.42022,1.42041,1.50,1.00
2017.01.26 02:16:12.414,1.42022,1.42044,1.50,1.00
2017.01.26 02:16:12.465,1.42024,1.42044,1.00,1.00
2017.01.26 02:16:12.869,1.42023,1.42046,1.50,1.87
2017.01.26 02:16:12.971,1.42023,1.42044,1.87,1.00
2017.01.26 02:16:13.676,1.42027,1.42044,1.00,1.00
2017.01.26 02:16:13.727,1.42028,1.42047,1.00,1.50
2017.01.26 02:16:13.778,1.42034,1.42047,1.00,1.37
2017.01.26 02:16:14.032,1.42034,1.42048,1.00,1.12
2017.01.26 02:16:14.538,1.42027,1.4205,1.35,1.87
2017.01.26 02:16:14.959,1.42028,1.42048,1.22,1.00
2017.01.26 02:16:15.082,1.42026,1.42045,1.35,1.00
2017.01.26 02:16:15.184,1.42023,1.42046,1.72,1.87
2017.01.26 02:16:15.313,1.42026,1.42046,1.22,2.06
2017.01.26 02:16:15.415,1.42027,1.42048,1.60,2.81
2017.01.26 02:16:15.466,1.42027,1.42048,1.22,2.81
2017.01.26 02:16:15.569,1.42026,1.42048,1.60,2.44
2017.01.26 02:16:15.671,1.42031,1.4205,2.10,1.75
2017.01.26 02:16:15.773,1.42031,1.42052,1.97,1.00
2017.01.26 02:16:15.876,1.42031,1.42051,1.30,1.00
2017.01.26 02:16:16.382,1.42028,1.4205,1.22,1.12
2017.01.26 02:16:18.049,1.42028,1.42051,1.22,2.62
2017.01.26 02:16:18.151,1.42026,1.42047,2.47,1.37
2017.01.26 02:16:18.713,1.42027,1.42047,1.30,1.00
2017.01.26 02:16:20.791,1.42024,1.42048,2.25,1.37
2017.01.26 02:16:20.893,1.42024,1.42048,1.37,3.75
2017.01.26 02:16:21.354,1.42024,1.42042,1.12,1.00
2017.01.26 02:16:21.658,1.42025,1.42048,1.72,2.62
2017.01.26 02:16:25.358,1.42027,1.42048,1.22,2.25
2017.01.26 02:16:25.409,1.42025,1.42047,1.72,1.12
2017.01.26 02:16:26.072,1.42023,1.42046,2.10,1.37
2017.01.26 02:16:26.175,1.42023,1.42046,2.10,1.00
2017.01.26 02:16:26.885,1.42024,1.42047,1.22,1.87
2017.01.26 02:16:26.936,1.42026,1.42047,2.85,1.87
2017.01.26 02:16:27.038,1.42028,1.42051,1.22,1.12
2017.01.26 02:16:27.089,1.42028,1.42051,1.50,1.50
2017.01.26 02:16:27.141,1.42028,1.42046,1.37,1.00
2017.01.26 02:16:27.527,1.42026,1.42044,2.10,1.00
2017.01.26 02:16:27.665,1.42026,1.42046,1.60,1.00
2017.01.26 02:16:28.158,1.42027,1.42044,1.35,1.00
2017.01.26 02:16:29.860,1.42027,1.42044,1.22,1.00
2017.01.26 02:16:31.394,1.42027,1.42044,1.22,1.00
2017.01.26 02:16:32.561,1.42027,1.42046,1.35,1.00
2017.01.26 02:16:32.663,1.42027,1.42046,1.35,1.00
2017.01.26 02:16:33.896,1.42027,1.42046,1.35,1.00
2017.01.26 02:16:34.700,1.42027,1.42046,1.35,1.00
2017.01.26 02:16:34.975,1.42032,1.4205,1.30,1.37
2017.01.26 02:16:35.507,1.4203,1.42052,1.22,1.12
2017.01.26 02:16:37.134,1.4203,1.42052,1.00,1.12
2017.01.26 02:16:37.523,1.42029,1.4205,1.12,2.62
2017.01.26 02:16:37.574,1.42027,1.42048,1.50,1.37
2017.01.26 02:16:37.727,1.42025,1.42045,1.00,1.75
2017.01.26 02:16:37.931,1.42026,1.42047,1.87,1.87
2017.01.26 02:16:38.033,1.42028,1.42047,1.12,1.37
2017.01.26 02:16:38.388,1.42027,1.4205,1.87,1.87
2017.01.26 02:16:38.439,1.42026,1.42049,1.87,3.00
2017.01.26 02:16:38.953,1.42028,1.42048,1.00,1.12
2017.01.26 02:16:39.004,1.42026,1.42048,1.00,1.12
2017.01.26 02:16:39.266,1.42026,1.42048,1.22,1.12
2017.01.26 02:16:39.808,1.42027,1.42047,1.00,1.12
2017.01.26 02:16:39.911,1.42025,1.42046,1.50,1.00
2017.01.26 02:16:40.065,1.42025,1.42044,1.12,1.00
2017.01.26 02:16:40.741,1.42028,1.42047,1.00,1.87
2017.01.26 02:16:40.842,1.42024,1.42047,1.87,1.87
2017.01.26 02:16:40.894,1.42026,1.42046,1.87,1.00
2017.01.26 02:16:41.339,1.42026,1.42048,1.00,1.50
2017.01.26 02:16:41.903,1.42028,1.42048,1.00,1.87
2017.01.26 02:16:42.156,1.42028,1.4205,2.62,1.00
2017.01.26 02:16:42.207,1.42031,1.42051,1.87,1.50
2017.01.26 02:16:42.359,1.42032,1.42055,1.12,1.37
2017.01.26 02:16:42.485,1.42032,1.42055,1.37,1.50
2017.01.26 02:16:42.586,1.42032,1.42054,1.87,1.87
2017.01.26 02:16:42.704,1.42029,1.42049,1.50,1.50
2017.01.26 02:16:43.257,1.42028,1.42049,1.00,1.12
2017.01.26 02:16:43.727,1.42026,1.42036,1.00,1.25
2017.01.26 02:16:43.831,1.42019,1.42035,1.00,1.00
2017.01.26 02:16:43.933,1.42018,1.42038,1.50,1.25
2017.01.26 02:16:43.984,1.42018,1.42038,1.00,1.81
2017.01.26 02:16:44.086,1.42018,1.4204,1.87,1.19
2017.01.26 02:16:44.391,1.4202,1.42042,1.00,2.06
2017.01.26 02:16:44.493,1.42019,1.42042,1.87,1.69
2017.01.26 02:16:44.594,1.42019,1.42041,1.12,1.62
2017.01.26 02:16:44.695,1.42019,1.42041,1.87,1.25
2017.01.26 02:16:45.149,1.42019,1.42042,1.12,1.62
2017.01.26 02:16:45.200,1.4202,1.42042,1.37,1.19
2017.01.26 02:16:45.504,1.42023,1.42044,1.00,2.06
2017.01.26 02:16:45.811,1.42021,1.42043,1.00,1.94
2017.01.26 02:16:45.912,1.42019,1.42041,1.12,2.44
2017.01.26 02:16:46.014,1.42019,1.42041,1.12,2.06
2017.01.26 02:16:46.217,1.42019,1.42041,1.00,3.19
2017.01.26 02:16:46.521,1.4202,1.42036,1.37,1.56
2017.01.26 02:16:46.637,1.42018,1.42036,1.87,1.56
2017.01.26 02:16:46.692,1.42017,1.42036,1.50,1.56
2017.01.26 02:16:46.895,1.4202,1.42037,1.00,1.00
2017.01.26 02:16:47.199,1.42021,1.42041,1.00,1.50
2017.01.26 02:16:47.454,1.42023,1.42042,1.37,1.00
2017.01.26 02:16:48.076,1.42023,1.42042,1.37,1.19
2017.01.26 02:16:48.325,1.42023,1.42042,1.00,1.19
2017.01.26 02:16:49.685,1.42023,1.42044,1.00,2.06
2017.01.26 02:16:49.796,1.42025,1.42044,1.00,2.06
2017.01.26 02:16:50.101,1.42019,1.42039,1.50,1.56
2017.01.26 02:16:50.610,1.42019,1.42037,1.00,1.31
2017.01.26 02:16:50.915,1.4202,1.42039,1.87,1.19
2017.01.26 02:16:51.168,1.4202,1.42042,1.50,3.19
2017.01.26 02:16:51.220,1.4202,1.42043,1.00,3.37
2017.01.26 02:16:52.183,1.4202,1.42036,1.87,1.56
2017.01.26 02:16:52.286,1.4202,1.42041,1.37,1.56
2017.01.26 02:16:52.467,1.42021,1.42041,1.00,1.19
2017.01.26 02:16:52.570,1.42019,1.42039,1.12,1.00
2017.01.26 02:16:52.621,1.42019,1.4204,1.12,2.44
2017.01.26 02:16:52.922,1.42019,1.42034,1.00,1.31
2017.01.26 02:16:53.024,1.42017,1.42037,1.37,1.31
2017.01.26 02:16:53.277,1.42021,1.42039,1.37,1.56
2017.01.26 02:16:53.379,1.42021,1.42041,1.12,1.56
2017.01.26 02:16:53.430,1.42021,1.42041,1.50,1.25
2017.01.26 02:16:53.633,1.42021,1.42041,1.00,1.94
2017.01.26 02:16:53.937,1.42018,1.42034,1.00,1.31
2017.01.26 02:16:54.109,1.42019,1.42036,1.00,1.19
2017.01.26 02:16:54.186,1.42018,1.42042,1.75,2.81
2017.01.26 02:16:54.237,1.42018,1.4204,1.37,1.69
2017.01.26 02:16:54.288,1.42017,1.42041,2.62,2.62
2017.01.26 02:16:54.834,1.42018,1.42037,1.00,1.69
2017.01.26 02:16:55.192,1.42018,1.42037,1.00,1.69
2017.01.26 02:16:55.294,1.42018,1.42037,1.50,1.19
2017.01.26 02:16:55.446,1.42018,1.42037,1.87,1.19
2017.01.26 02:16:55.598,1.4202,1.42042,1.12,3.56
2017.01.26 02:16:55.700,1.4202,1.42042,1.12,3.19
2017.01.26 02:16:56.040,1.42018,1.42037,1.37,1.69
2017.01.26 02:16:56.367,1.42017,1.42035,1.12,1.56
2017.01.26 02:16:56.418,1.42017,1.42037,1.12,1.00
2017.01.26 02:16:56.471,1.42016,1.42037,1.87,1.00
2017.01.26 02:16:56.522,1.42017,1.4204,1.87,1.50
2017.01.26 02:16:56.624,1.42019,1.4204,1.12,1.56
2017.01.26 02:16:56.928,1.4202,1.42036,1.12,1.31
2017.01.26 02:16:57.265,1.4202,1.42036,1.12,1.56
2017.01.26 02:16:57.316,1.4202,1.42036,1.12,1.31
2017.01.26 02:16:58.040,1.4202,1.42036,1.12,1.56
2017.01.26 02:16:58.621,1.4202,1.42036,1.12,1.19
2017.01.26 02:16:58.672,1.42019,1.42036,1.12,1.19
2017.01.26 02:16:59.248,1.42019,1.42036,1.12,1.25
2017.01.26 02:17:02.113,1.42019,1.42039,1.12,1.31
2017.01.26 02:17:03.216,1.42019,1.42036,1.12,1.56
2017.01.26 02:17:03.755,1.42018,1.42036,1.50,1.31
2017.01.26 02:17:04.147,1.42018,1.42036,1.87,1.31
2017.01.26 02:17:04.348,1.42019,1.42036,1.12,1.00
2017.01.26 02:17:05.358,1.4202,1.42035,1.50,1.19
2017.01.26 02:17:06.104,1.42018,1.42035,1.87,1.19
2017.01.26 02:17:07.423,1.42019,1.42035,1.87,1.19
2017.01.26 02:17:07.929,1.4202,1.42035,1.12,1.19
2017.01.26 02:17:08.920,1.4202,1.42035,1.12,1.19
2017.01.26 02:17:09.404,1.42018,1.42033,1.12,1.00
2017.01.26 02:17:09.732,1.42018,1.42031,1.12,1.00
2017.01.26 02:17:09.935,1.42017,1.42034,1.00,1.25
2017.01.26 02:17:10.460,1.42016,1.42034,1.12,1.00
2017.01.26 02:17:10.613,1.42016,1.42032,1.12,1.00
2017.01.26 02:17:10.959,1.42016,1.42038,1.12,3.19
2017.01.26 02:17:11.061,1.42015,1.42038,1.50,2.81
2017.01.26 02:17:11.111,1.42015,1.4203,1.50,1.00
2017.01.26 02:17:11.213,1.42014,1.42033,1.50,1.19
2017.01.26 02:17:11.732,1.42014,1.42032,1.12,1.00
2017.01.26 02:17:12.532,1.42015,1.42032,1.00,1.00
2017.01.26 02:17:12.637,1.42015,1.42036,1.00,1.87
2017.01.26 02:17:12.809,1.42015,1.42032,1.00,1.00
2017.01.26 02:17:13.114,1.42014,1.4203,1.00,1.19
2017.01.26 02:17:13.165,1.42012,1.4203,1.50,1.56
2017.01.26 02:17:14.156,1.42013,1.4203,1.00,1.56
2017.01.26 02:17:15.068,1.42013,1.4203,1.00,1.00
2017.01.26 02:17:15.372,1.42014,1.42032,1.00,1.00
2017.01.26 02:17:15.658,1.42014,1.4203,1.00,1.00
2017.01.26 02:17:16.060,1.42014,1.42035,1.00,1.12
2017.01.26 02:17:16.668,1.42013,1.42033,1.87,1.56
2017.01.26 02:17:19.539,1.42014,1.42033,1.87,1.56
2017.01.26 02:17:20.671,1.42014,1.42033,1.87,1.56
2017.01.26 02:17:21.344,1.42014,1.4203,1.37,1.00
2017.01.26 02:17:21.522,1.42016,1.42033,1.12,1.31
2017.01.26 02:17:22.078,1.42016,1.42037,1.50,1.56
2017.01.26 02:17:22.767,1.42017,1.42037,1.00,1.00
2017.01.26 02:17:22.869,1.42019,1.42035,1.00,1.25
2017.01.26 02:17:23.290,1.42016,1.42033,1.37,1.00
2017.01.26 02:17:23.949,1.42016,1.42034,1.87,1.00
2017.01.26 02:17:24.101,1.42018,1.42036,1.00,1.00
2017.01.26 02:17:24.161,1.42019,1.42035,1.00,1.56
2017.01.26 02:17:24.539,1.42016,1.42035,1.37,1.56
2017.01.26 02:17:26.263,1.42016,1.42035,1.37,1.00
2017.01.26 02:17:26.365,1.42017,1.42037,1.12,1.12
2017.01.26 02:17:26.517,1.42017,1.42037,1.00,1.62
2017.01.26 02:17:26.821,1.42014,1.42031,1.87,1.00
2017.01.26 02:17:27.151,1.42017,1.42034,1.00,1.00
2017.01.26 02:17:27.674,1.42017,1.42034,1.37,1.00
2017.01.26 02:17:28.562,1.42018,1.42035,1.12,1.00
2017.01.26 02:17:29.145,1.42018,1.42036,1.12,1.00
2017.01.26 02:17:30.599,1.42016,1.42035,1.87,1.00
2017.01.26 02:17:33.533,1.42019,1.4204,1.37,2.81
2017.01.26 02:17:33.837,1.42036,1.42055,1.37,1.12
2017.01.26 02:17:33.888,1.42036,1.42055,1.00,1.12
2017.01.26 02:17:34.410,1.42036,1.42058,1.37,1.50
2017.01.26 02:17:34.663,1.42038,1.42055,1.00,1.00
2017.01.26 02:17:35.203,1.42035,1.42056,1.87,1.87
2017.01.26 02:17:36.320,1.42035,1.42056,1.69,1.50
2017.01.26 02:17:36.523,1.42037,1.42059,1.37,1.50
2017.01.26 02:17:36.574,1.42037,1.42057,1.37,1.37
2017.01.26 02:17:36.676,1.42035,1.42057,1.12,1.00
2017.01.26 02:17:36.727,1.42034,1.42057,2.62,1.00
2017.01.26 02:17:36.867,1.42035,1.42054,2.62,1.00
2017.01.26 02:17:36.918,1.42035,1.42057,1.50,1.12
2017.01.26 02:17:37.363,1.42034,1.42055,1.12,1.00
2017.01.26 02:17:37.740,1.42041,1.42056,1.00,1.00
2017.01.26 02:17:38.437,1.42041,1.42055,1.00,1.00
2017.01.26 02:17:38.642,1.42039,1.42057,1.00,1.12
2017.01.26 02:17:38.693,1.42037,1.42057,1.00,1.00
2017.01.26 02:17:38.897,1.42039,1.42058,1.00,1.87
2017.01.26 02:17:38.998,1.42037,1.42056,1.00,1.12
2017.01.26 02:17:39.049,1.42039,1.42056,1.00,1.12
2017.01.26 02:17:39.587,1.42038,1.42056,1.00,1.12
2017.01.26 02:17:41.213,1.42037,1.42056,1.00,1.12
2017.01.26 02:17:41.803,1.42039,1.42056,1.00,1.00
2017.01.26 02:17:42.170,1.42039,1.42053,1.00,1.00
2017.01.26 02:17:42.336,1.42031,1.42053,3.75,1.00
2017.01.26 02:17:42.445,1.42036,1.42055,2.06,1.00
2017.01.26 02:17:42.598,1.42042,1.4206,1.00,1.37
2017.01.26 02:17:42.700,1.42041,1.42061,1.50,1.12
2017.01.26 02:17:42.825,1.42041,1.42058,1.69,1.00
2017.01.26 02:17:42.927,1.42041,1.4206,1.69,1.00
2017.01.26 02:17:43.454,1.42041,1.4206,1.25,1.00
2017.01.26 02:17:44.293,1.42039,1.42059,1.69,1.37
2017.01.26 02:17:44.395,1.42041,1.42059,1.12,1.69
2017.01.26 02:17:44.507,1.42043,1.42059,1.00,2.06
2017.01.26 02:17:44.560,1.42036,1.42058,1.31,1.00
2017.01.26 02:17:44.611,1.4204,1.42057,1.00,1.31
2017.01.26 02:17:44.663,1.42034,1.42056,1.50,1.00
2017.01.26 02:17:44.766,1.42032,1.42054,1.37,2.25
2017.01.26 02:17:44.867,1.42032,1.4205,1.00,1.00
2017.01.26 02:17:44.919,1.42028,1.42049,1.87,1.37
2017.01.26 02:17:44.970,1.42028,1.42047,1.12,2.62
2017.01.26 02:17:45.021,1.42028,1.42046,1.12,1.12
2017.01.26 02:17:45.326,1.42024,1.42046,1.50,1.00
2017.01.26 02:17:45.499,1.42025,1.42044,1.00,1.37
2017.01.26 02:17:45.652,1.42021,1.4204,1.00,1.00
2017.01.26 02:17:46.158,1.42022,1.42041,1.00,1.50
2017.01.26 02:17:46.363,1.42025,1.4204,1.00,1.00
2017.01.26 02:17:46.414,1.42019,1.4204,1.69,1.00
2017.01.26 02:17:46.516,1.42019,1.4204,1.00,1.00
2017.01.26 02:17:46.618,1.42022,1.42039,1.00,1.00
2017.01.26 02:17:46.770,1.42018,1.4204,1.12,1.50
2017.01.26 02:17:46.875,1.42018,1.42037,1.00,1.00
2017.01.26 02:17:47.426,1.42019,1.42037,1.00,1.00
2017.01.26 02:17:47.966,1.42018,1.42037,1.00,1.00
2017.01.26 02:17:48.825,1.42016,1.42037,1.12,2.06
2017.01.26 02:17:48.977,1.42014,1.42034,1.12,1.25
2017.01.26 02:17:49.078,1.42019,1.42038,1.12,1.12
2017.01.26 02:17:49.180,1.42014,1.42037,3.00,1.00
2017.01.26 02:17:49.231,1.42016,1.42037,1.37,1.00
2017.01.26 02:17:49.333,1.42016,1.42037,1.00,1.12
2017.01.26 02:17:49.855,1.42014,1.42036,1.50,1.50
2017.01.26 02:17:51.659,1.42013,1.42033,1.37,1.69
2017.01.26 02:17:51.811,1.42009,1.42033,1.00,3.19
2017.01.26 02:17:51.942,1.42009,1.42029,1.12,1.00
2017.01.26 02:17:52.562,1.42009,1.4203,1.00,1.12
2017.01.26 02:17:52.866,1.42014,1.42033,1.12,1.91
2017.01.26 02:17:53.171,1.42033,1.42047,1.00,1.12
2017.01.26 02:17:53.324,1.42031,1.4205,1.50,1.00
2017.01.26 02:17:53.426,1.42033,1.42054,1.37,1.50
2017.01.26 02:17:53.477,1.42036,1.42057,1.50,1.12
2017.01.26 02:17:53.528,1.42039,1.42058,1.00,1.50
2017.01.26 02:17:53.629,1.4204,1.4206,1.87,2.25
2017.01.26 02:17:53.801,1.4204,1.42059,1.00,1.00
2017.01.26 02:17:53.853,1.42036,1.42057,1.37,2.25
2017.01.26 02:17:53.904,1.42036,1.42056,1.00,1.00
2017.01.26 02:17:54.005,1.42036,1.42056,1.37,1.50
2017.01.26 02:17:54.208,1.42037,1.42058,1.50,1.12
2017.01.26 02:17:54.613,1.42039,1.42057,1.00,1.00
2017.01.26 02:17:54.835,1.42037,1.42057,1.00,1.00
2017.01.26 02:17:54.886,1.42037,1.42054,1.00,2.62
2017.01.26 02:17:55.090,1.42031,1.42046,1.00,1.00
2017.01.26 02:17:55.293,1.42031,1.42049,1.00,1.00
2017.01.26 02:17:55.344,1.42036,1.42051,1.00,1.87
2017.01.26 02:17:55.523,1.42039,1.42062,1.37,1.75
2017.01.26 02:17:55.574,1.42043,1.42063,1.00,1.50
2017.01.26 02:17:55.625,1.4204,1.42063,1.50,1.87
2017.01.26 02:17:55.726,1.42038,1.4206,3.37,1.87
2017.01.26 02:17:55.828,1.42038,1.4206,3.00,1.37
2017.01.26 02:17:55.929,1.4204,1.4206,1.00,1.37
2017.01.26 02:17:56.273,1.4204,1.42059,1.50,1.00
2017.01.26 02:17:56.380,1.42043,1.42065,1.37,2.25
2017.01.26 02:17:56.432,1.42043,1.42065,1.12,2.62
2017.01.26 02:17:56.754,1.42046,1.42063,1.00,1.50
2017.01.26 02:17:57.132,1.42043,1.42063,1.00,1.50
2017.01.26 02:17:57.759,1.42043,1.42061,1.00,1.12
2017.01.26 02:17:58.868,1.42043,1.4206,1.00,1.00
2017.01.26 02:17:59.524,1.42043,1.42061,1.00,1.12
2017.01.26 02:18:00.432,1.42039,1.42061,1.12,1.12
2017.01.26 02:18:00.483,1.42039,1.42061,1.12,2.62
2017.01.26 02:18:01.007,1.42038,1.42059,1.87,1.00
2017.01.26 02:18:01.109,1.42038,1.42059,1.50,1.00
2017.01.26 02:18:01.311,1.42041,1.42059,1.00,1.00
2017.01.26 02:18:01.993,1.42039,1.42059,1.00,1.00
2017.01.26 02:18:02.776,1.42039,1.4206,1.00,1.12
2017.01.26 02:18:03.314,1.42039,1.42059,1.00,1.00
2017.01.26 02:18:06.388,1.42042,1.42059,1.00,1.00
2017.01.26 02:18:07.896,1.42042,1.42058,1.00,1.00
2017.01.26 02:18:08.619,1.42042,1.42059,1.00,1.00
2017.01.26 02:18:09.151,1.42042,1.4206,1.00,1.50
2017.01.26 02:18:13.089,1.42042,1.42061,1.00,1.12
2017.01.26 02:18:15.795,1.4204,1.42062,1.69,1.62
2017.01.26 02:18:15.896,1.42041,1.42062,1.00,1.25
2017.01.26 02:18:15.947,1.42039,1.42053,2.25,1.00
2017.01.26 02:18:16.216,1.42034,1.42057,1.87,1.31
2017.01.26 02:18:16.405,1.42034,1.42055,1.87,1.37
2017.01.26 02:18:16.782,1.42037,1.42055,1.00,1.37
2017.01.26 02:18:17.493,1.42034,1.42054,1.00,1.31
2017.01.26 02:18:18.018,1.42033,1.42055,1.50,1.37
2017.01.26 02:18:18.172,1.42035,1.42056,2.62,1.00
2017.01.26 02:18:18.376,1.42035,1.42059,2.44,2.25
2017.01.26 02:18:18.783,1.42037,1.42057,1.12,1.00
2017.01.26 02:18:20.253,1.42038,1.42059,1.00,1.37
2017.01.26 02:18:20.407,1.42041,1.42063,1.00,2.44
2017.01.26 02:18:20.509,1.42041,1.42062,1.00,1.12
2017.01.26 02:18:20.661,1.42039,1.42063,1.12,2.62
2017.01.26 02:18:20.712,1.42037,1.42059,3.37,1.37
2017.01.26 02:18:20.865,1.42036,1.42059,1.00,2.62
2017.01.26 02:18:21.235,1.42035,1.42056,1.00,1.37
2017.01.26 02:18:21.540,1.42045,1.42062,1.00,1.00
2017.01.26 02:18:22.302,1.4204,1.4206,1.50,1.19
2017.01.26 02:18:22.375,1.4204,1.42056,1.00,1.19
2017.01.26 02:18:22.527,1.42038,1.42056,1.12,1.19
2017.01.26 02:18:22.730,1.42042,1.42056,1.00,1.19
2017.01.26 02:18:23.443,1.42037,1.42056,1.50,1.19
2017.01.26 02:18:23.848,1.42035,1.42056,1.12,2.06
2017.01.26 02:18:26.185,1.42035,1.42053,1.00,1.19
2017.01.26 02:18:26.542,1.42034,1.42056,1.37,1.19
2017.01.26 02:18:26.643,1.42033,1.42055,1.12,1.62
2017.01.26 02:18:26.851,1.42033,1.42051,1.12,1.19
2017.01.26 02:18:27.179,1.42035,1.42055,1.87,1.00
2017.01.26 02:18:27.331,1.42035,1.42057,1.87,1.31
2017.01.26 02:18:28.413,1.42036,1.42056,1.75,1.25
2017.01.26 02:18:28.929,1.42036,1.42056,1.87,1.25
2017.01.26 02:18:31.611,1.42036,1.42055,1.12,1.00
2017.01.26 02:18:31.713,1.42035,1.42055,1.12,1.00
2017.01.26 02:18:31.847,1.42035,1.42051,1.00,1.19
2017.01.26 02:18:32.218,1.42033,1.42051,1.12,1.19
2017.01.26 02:18:32.741,1.42032,1.42051,1.69,1.69
2017.01.26 02:18:33.327,1.42032,1.42051,1.19,1.00
2017.01.26 02:18:33.378,1.42031,1.42051,1.00,1.12
2017.01.26 02:18:33.631,1.42033,1.4205,1.00,1.00
2017.01.26 02:18:33.687,1.42029,1.4205,2.25,1.00
2017.01.26 02:18:33.942,1.42036,1.4205,1.00,1.00
2017.01.26 02:18:34.485,1.42035,1.4205,1.00,1.00
2017.01.26 02:18:35.611,1.42033,1.42051,1.25,1.00
2017.01.26 02:18:35.714,1.42035,1.42052,1.00,1.00
2017.01.26 02:18:35.918,1.42039,1.42059,1.25,1.19
2017.01.26 02:18:36.223,1.42037,1.42058,1.31,1.25
2017.01.26 02:18:36.325,1.42038,1.42057,1.37,1.00
2017.01.26 02:18:36.427,1.42037,1.42057,1.62,1.00
2017.01.26 02:18:37.006,1.42037,1.42058,3.00,1.25
2017.01.26 02:18:37.312,1.42038,1.4206,1.31,1.69
2017.01.26 02:18:37.995,1.42039,1.42059,1.00,1.19
2017.01.26 02:18:38.179,1.42039,1.42059,1.50,1.19
2017.01.26 02:18:38.590,1.42047,1.4206,1.00,1.19
2017.01.26 02:18:38.774,1.42045,1.4206,1.00,1.69
2017.01.26 02:18:38.825,1.42039,1.4206,1.31,1.69
2017.01.26 02:18:38.926,1.42038,1.42059,1.12,1.31
2017.01.26 02:18:39.028,1.42038,1.42056,1.00,1.00
2017.01.26 02:18:39.596,1.42037,1.42057,1.00,1.12
2017.01.26 02:18:40.094,1.42038,1.42055,1.00,1.12
2017.01.26 02:18:40.195,1.42036,1.42055,1.00,1.50
2017.01.26 02:18:40.711,1.42035,1.42055,1.00,1.00
2017.01.26 02:18:41.269,1.42035,1.42056,1.00,1.00
2017.01.26 02:18:44.651,1.42036,1.42056,1.00,1.00
2017.01.26 02:18:47.353,1.42036,1.42053,1.00,1.37
2017.01.26 02:18:47.404,1.42034,1.42053,1.00,1.62
2017.01.26 02:18:47.455,1.42033,1.42049,1.50,1.19
2017.01.26 02:18:47.622,1.42029,1.42049,1.37,1.19
2017.01.26 02:18:47.673,1.42029,1.42049,1.00,1.69
2017.01.26 02:18:47.725,1.42031,1.42049,1.00,1.69
2017.01.26 02:18:48.726,1.42031,1.42046,1.00,1.00
2017.01.26 02:18:48.827,1.42029,1.42045,1.00,1.00
2017.01.26 02:18:49.370,1.42029,1.42044,1.00,1.50
2017.01.26 02:18:49.878,1.42028,1.42045,1.00,1.00
2017.01.26 02:18:50.082,1.42032,1.42045,1.00,1.00
2017.01.26 02:18:50.234,1.42029,1.42047,1.00,1.19
2017.01.26 02:18:51.032,1.42032,1.42047,1.00,1.19
2017.01.26 02:18:51.324,1.42029,1.42047,1.00,1.19
2017.01.26 02:18:51.594,1.42033,1.42047,1.00,1.31
2017.01.26 02:18:52.000,1.42031,1.42046,1.00,1.25
2017.01.26 02:18:52.152,1.42029,1.42046,1.00,1.25
2017.01.26 02:18:53.528,1.42029,1.42045,1.00,1.00
2017.01.26 02:18:54.232,1.42027,1.42045,1.12,1.00
2017.01.26 02:18:54.945,1.42028,1.42045,1.00,1.00
2017.01.26 02:18:56.528,1.42029,1.42045,1.00,1.00
2017.01.26 02:19:00.019,1.42029,1.42045,1.00,1.69
2017.01.26 02:19:00.540,1.42028,1.42045,1.00,1.00
2017.01.26 02:19:02.092,1.42028,1.42044,1.00,1.00
2017.01.26 02:19:02.627,1.42028,1.42046,1.00,1.00
2017.01.26 02:19:02.857,1.42026,1.42046,1.00,1.00
2017.01.26 02:19:03.637,1.42033,1.42046,1.00,1.00
2017.01.26 02:19:04.171,1.42032,1.42046,1.00,1.00
2017.01.26 02:19:04.797,1.42032,1.42044,1.00,1.00
2017.01.26 02:19:08.259,1.4203,1.42046,1.00,1.00
2017.01.26 02:19:08.310,1.42028,1.42046,1.00,1.00
2017.01.26 02:19:08.882,1.42028,1.42045,1.00,1.00
2017.01.26 02:19:09.392,1.42027,1.4204,1.00,1.00
2017.01.26 02:19:09.697,1.42009,1.42026,1.00,1.31
2017.01.26 02:19:09.849,1.42007,1.42024,1.37,1.19
2017.01.26 02:19:10.061,1.42006,1.42024,1.00,1.19
2017.01.26 02:19:10.570,1.42007,1.42024,1.00,1.19
2017.01.26 02:19:11.235,1.42009,1.42024,1.00,1.19
2017.01.26 02:19:11.346,1.42003,1.42024,1.37,1.00
2017.01.26 02:19:11.434,1.42005,1.42025,1.31,1.12
2017.01.26 02:19:11.941,1.42005,1.42025,1.00,1.25
2017.01.26 02:19:12.245,1.42005,1.42022,1.00,1.00
2017.01.26 02:19:12.570,1.42009,1.42024,1.00,1.00
2017.01.26 02:19:12.672,1.42007,1.42025,1.00,1.25
2017.01.26 02:19:12.824,1.42011,1.42025,1.00,1.00
2017.01.26 02:19:12.875,1.42011,1.42027,1.00,1.12
2017.01.26 02:19:13.660,1.42009,1.42026,1.00,1.12
2017.01.26 02:19:13.711,1.42009,1.42026,1.00,2.81
2017.01.26 02:19:13.762,1.42005,1.42025,1.50,1.62
2017.01.26 02:19:13.864,1.42005,1.42021,1.00,1.00
2017.01.26 02:19:14.016,1.42003,1.42023,1.00,1.12
2017.01.26 02:19:14.459,1.42005,1.42024,1.00,1.37
2017.01.26 02:19:14.814,1.42005,1.42026,1.50,1.12
2017.01.26 02:19:14.916,1.42005,1.42028,1.87,1.12
2017.01.26 02:19:15.017,1.42008,1.42028,1.00,1.69
2017.01.26 02:19:15.322,1.42012,1.4203,3.00,1.00
2017.01.26 02:19:15.829,1.42012,1.42031,1.37,1.00
2017.01.26 02:19:16.232,1.4201,1.42032,2.62,1.19
2017.01.26 02:19:16.646,1.42012,1.4203,1.37,1.69
2017.01.26 02:19:16.698,1.42009,1.42029,1.00,1.19
2017.01.26 02:19:16.749,1.42009,1.42029,1.37,1.00
2017.01.26 02:19:16.908,1.42007,1.42029,1.62,1.50
2017.01.26 02:19:17.011,1.42012,1.42029,1.00,1.00
2017.01.26 02:19:17.542,1.42013,1.4203,1.00,1.37
2017.01.26 02:19:17.647,1.42011,1.42031,1.00,1.56
2017.01.26 02:19:17.863,1.42012,1.42033,1.00,1.25
2017.01.26 02:19:17.915,1.42012,1.42031,1.00,1.00
2017.01.26 02:19:18.427,1.42009,1.42031,2.62,1.00
2017.01.26 02:19:18.998,1.42012,1.42031,1.00,1.19
2017.01.26 02:19:19.598,1.4201,1.42031,1.50,1.19
2017.01.26 02:19:20.366,1.4201,1.42032,1.50,1.19
2017.01.26 02:19:20.686,1.42013,1.4203,1.00,1.19
2017.01.26 02:19:22.986,1.42014,1.4203,1.00,1.19
2017.01.26 02:19:23.767,1.42014,1.4203,1.00,1.25
2017.01.26 02:19:25.646,1.42011,1.42033,1.12,1.00
2017.01.26 02:19:25.697,1.42012,1.42033,2.25,1.00
2017.01.26 02:19:26.001,1.42022,1.42036,1.00,1.31
2017.01.26 02:19:26.513,1.42017,1.42034,1.00,1.00
2017.01.26 02:19:26.802,1.4202,1.42034,1.00,1.12
2017.01.26 02:19:26.905,1.42017,1.42034,1.12,1.37
2017.01.26 02:19:27.232,1.42019,1.42036,1.00,1.19
2017.01.26 02:19:27.334,1.42016,1.42035,1.50,1.31
2017.01.26 02:19:27.453,1.42014,1.42034,1.50,2.06
2017.01.26 02:19:27.758,1.42021,1.4204,2.62,2.81
2017.01.26 02:19:27.962,1.42019,1.42041,1.87,1.94
2017.01.26 02:19:28.028,1.42016,1.42035,1.37,1.56
2017.01.26 02:19:28.080,1.42016,1.42034,1.00,1.94
2017.01.26 02:19:28.131,1.42014,1.42032,1.00,1.87
2017.01.26 02:19:28.657,1.42013,1.42031,1.00,2.25
2017.01.26 02:19:30.206,1.42013,1.42029,1.37,1.25
2017.01.26 02:19:30.510,1.42016,1.42022,1.00,1.25
2017.01.26 02:19:30.763,1.42012,1.42022,1.00,1.25
2017.01.26 02:19:31.017,1.42007,1.42022,1.87,1.25
2017.01.26 02:19:31.272,1.42017,1.42022,1.00,1.25
2017.01.26 02:19:31.374,1.4201,1.42022,1.37,1.25
2017.01.26 02:19:31.663,1.42007,1.42022,3.75,1.25
2017.01.26 02:19:32.186,1.4201,1.42022,1.00,1.25
2017.01.26 02:19:36.860,1.42011,1.42022,1.00,1.25
2017.01.26 02:19:40.030,1.42009,1.42022,1.00,1.25
2017.01.26 02:19:40.547,1.4201,1.42022,1.00,1.25
2017.01.26 02:19:41.555,1.4201,1.4202,1.00,1.25
2017.01.26 02:19:45.847,1.42011,1.4202,1.00,1.25
2017.01.26 02:19:52.898,1.42012,1.4202,1.00,1.25
2017.01.26 02:19:53.923,1.4201,1.4202,1.00,1.25
2017.01.26 02:19:58.214,1.42008,1.4202,1.00,1.25
2017.01.26 02:19:58.316,1.4201,1.4202,1.00,1.25
2017.01.26 02:19:58.622,1.42014,1.4202,1.00,1.25
2017.01.26 02:19:59.148,1.42013,1.4202,1.00,1.25
2017.01.26 02:20:00.996,1.42012,1.4202,1.00,1.25
2017.01.26 02:20:01.148,1.42009,1.42022,1.00,1.19
2017.01.26 02:20:01.518,1.42007,1.42022,1.50,1.19
2017.01.26 02:20:01.672,1.42012,1.42022,1.00,1.19
2017.01.26 02:20:03.816,1.42014,1.42022,1.00,1.19
2017.01.26 02:20:04.753,1.4201,1.42022,1.00,1.19
2017.01.26 02:20:04.855,1.42013,1.42022,1.00,1.19
2017.01.26 02:20:05.168,1.4201,1.42022,1.00,1.19
2017.01.26 02:20:05.219,1.4201,1.42019,1.00,1.25
2017.01.26 02:20:05.752,1.42011,1.42019,1.00,1.25
2017.01.26 02:20:07.479,1.42011,1.42018,1.00,1.19
2017.01.26 02:20:09.251,1.42009,1.42018,1.00,1.19
2017.01.26 02:20:09.860,1.42008,1.42018,1.00,1.19
2017.01.26 02:20:10.992,1.42011,1.42018,1.00,1.19
2017.01.26 02:20:12.848,1.42006,1.42018,1.00,1.19
2017.01.26 02:20:12.950,1.42008,1.42018,1.00,1.19
2017.01.26 02:20:13.456,1.42007,1.42018,1.00,1.19
2017.01.26 02:20:14.426,1.4201,1.4202,1.00,1.00
2017.01.26 02:20:14.528,1.42006,1.42021,1.00,1.69
2017.01.26 02:20:14.579,1.42003,1.42021,1.00,1.69
2017.01.26 02:20:14.731,1.42007,1.42021,1.00,1.19
2017.01.26 02:20:18.688,1.42004,1.42015,1.00,1.19
2017.01.26 02:20:18.992,1.42002,1.42015,1.00,1.19
2017.01.26 02:20:19.503,1.42003,1.42015,1.00,1.19
2017.01.26 02:20:23.423,1.42,1.42015,1.00,1.19
2017.01.26 02:20:23.575,1.42004,1.42015,1.00,1.19
2017.01.26 02:20:32.093,1.42003,1.42015,1.00,1.19
2017.01.26 02:20:35.121,1.42002,1.42015,1.00,1.19
2017.01.26 02:20:35.508,1.42004,1.42015,1.00,1.19
2017.01.26 02:20:35.660,1.42005,1.42017,1.00,1.00
2017.01.26 02:20:35.813,1.42009,1.42019,1.00,1.19
2017.01.26 02:20:36.269,1.42009,1.42016,1.00,1.19
2017.01.26 02:20:36.572,1.42009,1.42013,1.00,1.25
2017.01.26 02:20:36.624,1.42007,1.42013,1.00,1.25
2017.01.26 02:20:37.138,1.42006,1.42013,1.00,1.25
2017.01.26 02:20:37.341,1.42004,1.42013,1.00,1.25
2017.01.26 02:20:40.990,1.42002,1.42009,1.00,1.25
2017.01.26 02:20:41.495,1.42001,1.42009,1.00,1.25
2017.01.26 02:20:43.647,1.42001,1.42012,1.00,1.19
2017.01.26 02:20:45.596,1.42001,1.42015,1.00,1.25
2017.01.26 02:20:47.306,1.42003,1.42015,1.00,1.25
2017.01.26 02:20:51.444,1.42003,1.42018,1.00,1.00
2017.01.26 02:20:51.546,1.42,1.42018,1.00,1.00
2017.01.26 02:20:51.647,1.42004,1.42019,1.00,1.00
2017.01.26 02:20:51.749,1.42002,1.42019,1.00,1.00
2017.01.26 02:20:51.855,1.42006,1.42019,1.00,1.00
2017.01.26 02:20:52.404,1.42006,1.4202,1.00,1.69
2017.01.26 02:20:52.907,1.42005,1.4202,1.00,1.69
2017.01.26 02:20:55.037,1.42006,1.4202,1.00,1.69
2017.01.26 02:20:55.291,1.42003,1.4202,1.00,1.62
2017.01.26 02:20:55.342,1.42007,1.4202,1.00,2.44
2017.01.26 02:20:55.544,1.42003,1.4202,1.00,1.31
2017.01.26 02:20:55.646,1.42005,1.4202,1.00,1.25
2017.01.26 02:20:57.036,1.42003,1.42019,1.00,1.00
2017.01.26 02:20:57.137,1.42006,1.42019,1.00,1.00
2017.01.26 02:20:57.239,1.42001,1.42019,1.00,2.06
2017.01.26 02:20:57.443,1.42002,1.4202,1.87,1.00
2017.01.26 02:20:57.494,1.42001,1.4202,1.50,1.56
2017.01.26 02:20:57.546,1.42009,1.4202,1.00,1.56
2017.01.26 02:20:57.597,1.42005,1.42021,1.00,1.56
2017.01.26 02:20:57.648,1.42003,1.42022,1.12,1.69
2017.01.26 02:20:57.699,1.4201,1.42022,1.00,1.50
2017.01.26 02:20:58.163,1.42008,1.42024,1.00,2.44
2017.01.26 02:20:58.246,1.42005,1.42024,1.00,2.44
2017.01.26 02:20:58.530,1.42001,1.42021,1.87,1.37
2017.01.26 02:20:58.784,1.41999,1.42017,1.00,1.56
2017.01.26 02:21:01.375,1.41997,1.42019,1.87,1.69
2017.01.26 02:21:01.578,1.42001,1.42019,1.00,1.25
2017.01.26 02:21:02.335,1.42,1.42019,1.00,1.25
2017.01.26 02:21:03.890,1.42001,1.42019,1.00,1.25
2017.01.26 02:21:03.941,1.42,1.42021,2.62,1.25
2017.01.26 02:21:04.195,1.42,1.4202,1.12,1.00
2017.01.26 02:21:04.600,1.41999,1.42018,1.50,1.00
2017.01.26 02:21:04.703,1.41996,1.42016,1.50,1.31
2017.01.26 02:21:05.274,1.41997,1.42016,1.00,1.25
2017.01.26 02:21:06.526,1.41997,1.42015,1.00,1.00
2017.01.26 02:21:06.980,1.41996,1.42014,1.00,1.19
2017.01.26 02:21:07.031,1.41994,1.42014,1.12,1.19
2017.01.26 02:21:07.083,1.41994,1.42014,1.00,1.50
2017.01.26 02:21:07.134,1.41992,1.42014,1.50,1.87
2017.01.26 02:21:08.561,1.41991,1.42011,1.00,1.19
2017.01.26 02:21:08.612,1.41995,1.42014,1.50,1.69
2017.01.26 02:21:08.713,1.41998,1.42018,2.62,1.00
2017.01.26 02:21:08.797,1.41999,1.42019,1.12,1.25
2017.01.26 02:21:09.303,1.42,1.42018,1.00,1.12
2017.01.26 02:21:09.455,1.42001,1.42015,1.00,1.19
2017.01.26 02:21:09.671,1.42001,1.42016,1.00,1.00
2017.01.26 02:21:10.214,1.42,1.42016,1.00,1.00
2017.01.26 02:21:10.357,1.41996,1.42016,1.00,1.00
2017.01.26 02:21:10.409,1.41996,1.42015,1.37,1.19
2017.01.26 02:21:11.015,1.41997,1.42013,1.00,1.00
2017.01.26 02:21:11.530,1.41998,1.42014,1.00,1.00
2017.01.26 02:21:12.320,1.41995,1.42014,1.00,1.00
2017.01.26 02:21:12.870,1.41996,1.42014,1.00,1.00
2017.01.26 02:21:12.922,1.41991,1.42014,3.00,1.00
2017.01.26 02:21:13.023,1.41994,1.42014,3.00,1.00
2017.01.26 02:21:13.125,1.41997,1.42017,1.00,1.87
2017.01.26 02:21:13.238,1.41999,1.42017,1.00,1.44
2017.01.26 02:21:14.367,1.41997,1.42016,1.50,1.25
2017.01.26 02:21:14.968,1.41997,1.42016,1.12,1.25
2017.01.26 02:21:15.273,1.41993,1.42011,1.00,2.44
2017.01.26 02:21:15.577,1.41996,1.42011,1.00,1.69
2017.01.26 02:21:16.111,1.41994,1.42011,1.00,1.69
2017.01.26 02:21:18.092,1.41994,1.42011,1.00,2.62
2017.01.26 02:21:19.198,1.41995,1.42011,1.00,2.44
2017.01.26 02:21:19.657,1.41993,1.42011,1.00,2.44
2017.01.26 02:21:20.199,1.41994,1.4201,1.00,1.00
2017.01.26 02:21:20.881,1.41994,1.42009,1.00,1.00
2017.01.26 02:21:20.986,1.41991,1.42009,1.00,1.00
2017.01.26 02:21:21.189,1.41992,1.4201,1.00,1.19
2017.01.26 02:21:21.291,1.41992,1.4201,1.00,1.12
2017.01.26 02:21:21.822,1.41991,1.42009,1.00,1.37
2017.01.26 02:21:22.132,1.41993,1.42009,1.00,1.50
2017.01.26 02:21:22.436,1.41992,1.42006,1.00,1.00
2017.01.26 02:21:22.992,1.41992,1.42007,1.00,1.50
2017.01.26 02:21:24.367,1.41994,1.42007,1.00,1.00
2017.01.26 02:21:24.570,1.41989,1.42009,1.12,1.00
2017.01.26 02:21:24.722,1.41994,1.42009,1.00,1.00
2017.01.26 02:21:25.039,1.41987,1.42006,1.12,1.19
2017.01.26 02:21:25.091,1.41986,1.42003,1.50,1.44
2017.01.26 02:21:25.143,1.41982,1.41997,1.00,2.06
2017.01.26 02:21:25.195,1.41977,1.41992,1.87,1.19
2017.01.26 02:21:25.246,1.41977,1.41992,1.00,1.31
2017.01.26 02:21:25.297,1.41972,1.4199,1.75,1.00
2017.01.26 02:21:25.439,1.41969,1.41988,1.50,1.25
2017.01.26 02:21:25.490,1.41968,1.41988,1.12,1.25
2017.01.26 02:21:25.541,1.41971,1.41989,1.87,1.00
2017.01.26 02:21:25.592,1.41969,1.41992,1.50,2.81
2017.01.26 02:21:25.694,1.41971,1.41992,1.37,1.25
2017.01.26 02:21:25.998,1.41975,1.41992,1.00,1.25
2017.01.26 02:21:32.539,1.41974,1.41992,1.12,1.25
2017.01.26 02:21:32.860,1.41977,1.41992,1.00,1.25
2017.01.26 02:21:34.044,1.41976,1.41989,1.00,1.19
2017.01.26 02:21:34.146,1.41974,1.41988,1.00,1.25
2017.01.26 02:21:34.197,1.41971,1.41988,1.87,1.25
2017.01.26 02:21:34.298,1.41974,1.41988,1.00,1.25
2017.01.26 02:21:35.045,1.41975,1.4199,1.00,1.19
2017.01.26 02:21:35.146,1.41974,1.41992,1.00,1.25
2017.01.26 02:21:35.198,1.41976,1.41992,1.00,1.25
2017.01.26 02:21:35.401,1.41973,1.41992,1.00,1.25
2017.01.26 02:21:35.908,1.41973,1.41991,1.00,1.00
2017.01.26 02:21:36.795,1.41973,1.41992,1.00,1.25
2017.01.26 02:21:43.464,1.41973,1.41993,1.00,2.81
2017.01.26 02:21:44.019,1.41973,1.41993,1.00,4.69
2017.01.26 02:21:44.303,1.41971,1.41991,1.00,1.37
2017.01.26 02:21:46.003,1.41971,1.41988,1.00,1.00
2017.01.26 02:21:47.087,1.41971,1.41989,1.00,1.00
2017.01.26 02:21:48.292,1.41972,1.41989,1.00,1.00
2017.01.26 02:21:51.170,1.41972,1.4199,1.00,1.31
2017.01.26 02:21:52.075,1.41971,1.41991,1.50,2.06
2017.01.26 02:21:52.391,1.41976,1.41996,1.12,2.06
2017.01.26 02:21:52.698,1.41981,1.41999,1.00,1.75
2017.01.26 02:21:53.175,1.41979,1.41998,1.50,1.81
2017.01.26 02:21:57.942,1.41979,1.41997,1.50,1.25
2017.01.26 02:22:00.224,1.41979,1.41997,1.50,1.62
2017.01.26 02:22:00.759,1.41979,1.41997,1.50,1.69
2017.01.26 02:22:01.264,1.41979,1.41997,1.50,1.19
2017.01.26 02:22:01.744,1.41979,1.41997,2.62,1.19
2017.01.26 02:22:01.795,1.4198,1.41998,2.25,1.25
2017.01.26 02:22:01.856,1.41981,1.41999,1.00,1.19
2017.01.26 02:22:01.957,1.41981,1.41999,4.12,1.19
2017.01.26 02:22:02.008,1.41988,1.42004,1.00,1.50
2017.01.26 02:22:02.952,1.41988,1.42003,1.00,1.00
2017.01.26 02:22:03.575,1.41988,1.42002,1.00,1.00
2017.01.26 02:22:04.507,1.41988,1.42003,1.00,1.00
2017.01.26 02:22:05.013,1.41988,1.42004,1.00,1.50
2017.01.26 02:22:05.766,1.41986,1.42004,1.00,1.50
2017.01.26 02:22:06.945,1.41986,1.42003,1.00,1.00
2017.01.26 02:22:08.270,1.41986,1.42003,1.37,1.00
2017.01.26 02:22:08.361,1.41984,1.42008,4.50,2.66
2017.01.26 02:22:08.513,1.41989,1.42007,1.00,1.12
2017.01.26 02:22:08.823,1.41986,1.42007,1.12,1.12
2017.01.26 02:22:09.365,1.41986,1.42006,1.00,1.00
2017.01.26 02:22:09.940,1.41988,1.42006,1.00,1.00
2017.01.26 02:22:16.847,1.41988,1.42005,1.00,1.00
2017.01.26 02:22:17.486,1.41987,1.42004,1.00,1.00
2017.01.26 02:22:17.590,1.41984,1.42004,1.00,1.00
2017.01.26 02:22:17.692,1.41986,1.42003,1.00,1.00
2017.01.26 02:22:18.231,1.41986,1.42002,1.00,1.00
2017.01.26 02:22:18.758,1.41984,1.42001,1.00,1.00
2017.01.26 02:22:19.287,1.41985,1.42001,1.00,1.00
2017.01.26 02:22:19.338,1.41988,1.42001,1.00,1.00
2017.01.26 02:22:22.307,1.41988,1.42002,1.00,1.00
2017.01.26 02:22:23.498,1.41988,1.42003,1.00,1.00
2017.01.26 02:22:23.703,1.41988,1.42006,1.37,1.69
2017.01.26 02:22:23.795,1.41994,1.42006,1.00,1.19
2017.01.26 02:22:23.846,1.41994,1.42007,1.00,1.00
2017.01.26 02:22:23.948,1.41995,1.42007,1.37,1.00
2017.01.26 02:22:24.050,1.42,1.42016,1.00,1.37
2017.01.26 02:22:24.101,1.42001,1.42019,1.62,2.62
2017.01.26 02:22:24.203,1.42003,1.42025,2.25,2.62
2017.01.26 02:22:24.254,1.4201,1.42028,1.50,2.81
2017.01.26 02:22:24.305,1.42012,1.42028,1.00,1.69
2017.01.26 02:22:24.645,1.42014,1.4203,1.00,1.00
2017.01.26 02:22:24.859,1.42012,1.4203,1.25,1.00
2017.01.26 02:22:25.013,1.42011,1.42028,1.12,1.00
2017.01.26 02:22:25.217,1.42009,1.42028,1.00,1.25
2017.01.26 02:22:25.318,1.42006,1.4203,3.19,1.69
2017.01.26 02:22:27.151,1.4201,1.42028,1.56,1.00
2017.01.26 02:22:27.463,1.4201,1.42028,1.31,1.00
2017.01.26 02:22:28.121,1.4201,1.4203,1.31,2.06
2017.01.26 02:22:28.718,1.4201,1.42028,1.31,1.00
2017.01.26 02:22:29.282,1.4201,1.42028,1.00,1.00
2017.01.26 02:22:29.744,1.42014,1.42029,1.00,1.00
2017.01.26 02:22:30.252,1.42012,1.4203,1.19,1.00
2017.01.26 02:22:30.302,1.42012,1.42031,1.00,1.00
2017.01.26 02:22:30.404,1.42012,1.42029,1.00,1.00
2017.01.26 02:22:30.977,1.42012,1.42028,1.25,1.00
2017.01.26 02:22:31.280,1.42015,1.42027,1.00,1.00
2017.01.26 02:22:32.398,1.42015,1.42028,1.00,1.00
2017.01.26 02:22:33.358,1.42007,1.42023,2.06,1.25
2017.01.26 02:22:33.409,1.42007,1.42023,1.87,1.25
2017.01.26 02:22:33.512,1.42007,1.42018,1.00,1.19
2017.01.26 02:22:33.563,1.41997,1.42018,2.25,1.19
2017.01.26 02:22:33.615,1.41997,1.42018,1.87,1.87
2017.01.26 02:22:33.768,1.41995,1.42018,1.50,2.25
2017.01.26 02:22:33.968,1.41996,1.42016,1.37,1.19
2017.01.26 02:22:34.020,1.41996,1.42016,1.37,1.00
2017.01.26 02:22:34.172,1.41999,1.42016,1.00,1.00
2017.01.26 02:22:34.679,1.41999,1.42016,1.50,1.00
2017.01.26 02:22:36.688,1.41999,1.42016,1.50,1.25
2017.01.26 02:22:37.194,1.41999,1.42017,1.12,1.25
2017.01.26 02:22:38.899,1.41999,1.42016,1.12,1.00
2017.01.26 02:22:39.001,1.41998,1.42018,1.37,1.00
2017.01.26 02:22:39.052,1.42002,1.42022,1.87,1.81
2017.01.26 02:22:39.103,1.42002,1.42024,3.00,1.69
2017.01.26 02:22:39.205,1.42008,1.42024,1.00,1.19
2017.01.26 02:22:39.357,1.42006,1.42023,1.00,1.19
2017.01.26 02:22:39.756,1.42004,1.42021,1.00,1.00
2017.01.26 02:22:39.857,1.42007,1.42021,1.00,1.69
2017.01.26 02:22:40.161,1.42005,1.42021,1.00,1.25
2017.01.26 02:22:40.212,1.42005,1.42021,1.00,1.19
2017.01.26 02:22:40.911,1.42005,1.4202,1.00,1.00
2017.01.26 02:22:40.962,1.42005,1.42023,1.00,1.87
2017.01.26 02:22:41.491,1.42005,1.42021,1.00,1.00
2017.01.26 02:22:42.003,1.42005,1.4202,1.00,1.00
2017.01.26 02:22:45.482,1.42005,1.42022,1.00,1.25
2017.01.26 02:22:45.634,1.42005,1.42021,1.00,1.19
2017.01.26 02:22:46.172,1.42006,1.42022,1.00,1.19
2017.01.26 02:22:46.960,1.42006,1.42022,1.00,1.00
2017.01.26 02:22:47.478,1.42006,1.42023,1.00,1.25
2017.01.26 02:22:49.318,1.42006,1.42024,1.00,1.25
2017.01.26 02:22:49.682,1.42006,1.42022,1.00,1.00
2017.01.26 02:22:50.642,1.42006,1.42024,1.00,1.19
2017.01.26 02:22:51.325,1.42006,1.42025,1.00,2.06
2017.01.26 02:22:51.842,1.42006,1.42023,1.00,1.00
2017.01.26 02:22:52.431,1.42007,1.42024,1.00,1.00
2017.01.26 02:22:53.040,1.42007,1.42023,1.00,1.00
2017.01.26 02:22:54.551,1.42006,1.42023,1.00,1.37
2017.01.26 02:22:54.602,1.42003,1.42022,1.12,2.06
2017.01.26 02:22:55.052,1.42002,1.4202,1.12,2.06
2017.01.26 02:22:55.560,1.42003,1.42017,1.00,1.19
2017.01.26 02:22:56.069,1.42004,1.42018,1.00,1.19
2017.01.26 02:22:56.679,1.42004,1.42018,1.00,1.25
2017.01.26 02:22:56.730,1.42,1.42019,1.12,1.19
2017.01.26 02:22:56.855,1.42002,1.42019,1.00,1.19
2017.01.26 02:23:00.558,1.42001,1.42022,1.50,1.12
2017.01.26 02:23:00.761,1.42,1.42023,1.12,3.19
2017.01.26 02:23:01.229,1.42001,1.42022,1.00,2.81
2017.01.26 02:23:01.533,1.42003,1.4202,1.00,1.19
2017.01.26 02:23:01.875,1.42001,1.42018,1.00,1.31
2017.01.26 02:23:02.027,1.42003,1.42018,1.00,1.19
2017.01.26 02:23:02.129,1.42002,1.42017,1.00,1.00
2017.01.26 02:23:02.331,1.42001,1.42019,1.00,1.00
2017.01.26 02:23:02.868,1.42001,1.4202,1.00,1.00
2017.01.26 02:23:04.354,1.42001,1.42019,1.00,1.00
2017.01.26 02:23:06.015,1.42001,1.4202,1.00,1.00
2017.01.26 02:23:06.421,1.42003,1.4202,1.00,1.00
2017.01.26 02:23:07.150,1.42002,1.4202,1.00,1.00
2017.01.26 02:23:10.971,1.42002,1.42019,1.00,1.00
2017.01.26 02:23:13.165,1.42002,1.42018,1.00,1.00
2017.01.26 02:23:13.875,1.42002,1.42018,1.00,1.19
2017.01.26 02:23:13.926,1.41999,1.42018,1.12,1.19
2017.01.26 02:23:14.435,1.41999,1.42018,1.00,1.37
2017.01.26 02:23:15.057,1.41999,1.42018,1.00,1.19
2017.01.26 02:23:15.837,1.41998,1.42017,1.00,1.25
2017.01.26 02:23:16.414,1.41999,1.42017,1.00,1.25
2017.01.26 02:23:23.715,1.41998,1.42017,1.00,1.25
2017.01.26 02:23:24.585,1.42,1.42016,1.00,1.00
2017.01.26 02:23:24.687,1.41995,1.42016,1.00,3.56
2017.01.26 02:23:24.865,1.41996,1.42015,1.87,1.31
2017.01.26 02:23:25.017,1.41994,1.42013,1.12,1.00
2017.01.26 02:23:25.119,1.41993,1.42016,1.00,1.62
2017.01.26 02:23:25.170,1.41992,1.42016,1.56,1.37
2017.01.26 02:23:25.514,1.41996,1.42013,1.25,1.00
2017.01.26 02:23:26.241,1.41996,1.42015,1.19,1.87
2017.01.26 02:23:26.777,1.41999,1.42015,1.00,1.87
2017.01.26 02:23:31.655,1.41998,1.42015,1.00,1.37
2017.01.26 02:23:32.754,1.41995,1.42014,1.00,1.37
2017.01.26 02:23:33.058,1.41993,1.42013,1.00,1.25
2017.01.26 02:23:33.159,1.41995,1.42013,1.00,1.25
2017.01.26 02:23:34.738,1.41995,1.42012,1.00,1.00
2017.01.26 02:23:38.255,1.41995,1.42014,1.00,2.44
2017.01.26 02:23:38.406,1.41993,1.42016,1.50,1.50
2017.01.26 02:23:38.518,1.41999,1.42017,1.00,2.62
2017.01.26 02:23:38.823,1.41999,1.42015,1.00,1.00
2017.01.26 02:23:39.385,1.41999,1.42014,1.00,1.00
2017.01.26 02:23:47.596,1.41999,1.42015,1.00,1.00
2017.01.26 02:23:48.552,1.42001,1.42015,1.00,1.00
2017.01.26 02:23:48.653,1.41995,1.42015,2.44,1.00
2017.01.26 02:23:48.704,1.41995,1.42017,3.19,1.00
2017.01.26 02:23:48.755,1.42002,1.42016,1.00,1.00
2017.01.26 02:23:48.958,1.42002,1.42018,1.00,1.25
2017.01.26 02:23:49.500,1.42003,1.42018,1.00,1.25
2017.01.26 02:23:49.551,1.41998,1.42018,1.19,1.25
2017.01.26 02:23:49.804,1.42003,1.42019,1.00,1.31
2017.01.26 02:23:51.364,1.42,1.42019,1.00,1.31
2017.01.26 02:23:51.567,1.42002,1.42018,1.00,1.25
2017.01.26 02:23:51.840,1.41995,1.42018,1.12,1.31
2017.01.26 02:23:51.891,1.41996,1.42018,2.44,2.06
2017.01.26 02:23:52.195,1.42004,1.42021,1.00,1.00
2017.01.26 02:23:52.246,1.42002,1.42021,1.00,1.00
2017.01.26 02:23:52.297,1.42004,1.42023,1.00,2.44
2017.01.26 02:23:52.549,1.42001,1.42021,1.50,1.00
2017.01.26 02:23:53.097,1.42001,1.4202,1.50,1.00
2017.01.26 02:23:54.686,1.42001,1.42019,1.12,1.00
2017.01.26 02:23:55.205,1.42,1.42019,1.00,1.69
2017.01.26 02:23:58.436,1.42,1.42019,1.12,1.50
2017.01.26 02:24:03.370,1.42003,1.42018,1.00,1.00
2017.01.26 02:24:03.624,1.42001,1.4202,1.00,1.69
2017.01.26 02:24:04.146,1.42,1.42019,1.00,1.31
2017.01.26 02:24:04.681,1.42,1.42019,1.00,1.62
2017.01.26 02:24:08.414,1.42,1.42018,1.00,1.31
2017.01.26 02:24:08.619,1.42,1.42019,1.00,1.69
2017.01.26 02:24:09.168,1.41998,1.42017,1.00,1.00
2017.01.26 02:24:09.219,1.41998,1.42016,1.37,1.31
2017.01.26 02:24:09.270,1.41998,1.42016,1.00,1.31
2017.01.26 02:24:09.321,1.41994,1.42016,1.37,1.50
2017.01.26 02:24:09.838,1.41995,1.42015,1.00,1.87
2017.01.26 02:24:10.426,1.41995,1.42013,1.00,1.00
2017.01.26 02:24:11.237,1.41992,1.42013,1.56,1.00
2017.01.26 02:24:11.542,1.42,1.42018,1.00,1.31
2017.01.26 02:24:11.846,1.41998,1.42017,1.00,1.19
2017.01.26 02:24:12.418,1.41998,1.42017,1.00,2.81
2017.01.26 02:24:14.889,1.41999,1.42017,1.00,1.31
2017.01.26 02:24:15.211,1.42001,1.42016,1.00,1.19
2017.01.26 02:24:15.414,1.41998,1.42014,1.00,1.19
2017.01.26 02:24:15.711,1.41999,1.42016,1.00,1.19
2017.01.26 02:24:16.258,1.41998,1.42014,1.00,1.00
2017.01.26 02:24:18.445,1.41998,1.42013,1.00,1.12
2017.01.26 02:24:19.086,1.41999,1.42015,1.00,2.25
2017.01.26 02:24:19.137,1.41997,1.42015,1.00,1.25
2017.01.26 02:24:19.239,1.41994,1.42014,1.12,1.37
2017.01.26 02:24:19.543,1.41993,1.42008,1.00,1.00
2017.01.26 02:24:20.485,1.41993,1.42009,1.00,1.12
2017.01.26 02:24:21.768,1.41994,1.42009,1.00,1.00
2017.01.26 02:24:21.820,1.41994,1.42011,1.00,1.87
2017.01.26 02:24:21.972,1.41994,1.42013,1.00,1.50
2017.01.26 02:24:24.657,1.41994,1.42014,1.19,1.50
2017.01.26 02:24:25.954,1.41994,1.42014,1.00,1.50
2017.01.26 02:24:33.352,1.41996,1.42014,1.00,1.50
2017.01.26 02:24:33.748,1.41998,1.42014,1.00,1.00
2017.01.26 02:24:34.102,1.41995,1.42019,1.94,1.87
2017.01.26 02:24:34.167,1.42001,1.4202,1.00,2.81
2017.01.26 02:24:34.420,1.41999,1.42018,1.00,1.12
2017.01.26 02:24:34.966,1.41998,1.42018,1.00,1.12
2017.01.26 02:24:35.017,1.41998,1.42016,1.00,1.00
2017.01.26 02:24:37.562,1.41998,1.42018,2.81,1.37
2017.01.26 02:24:37.613,1.41998,1.42019,3.19,1.12
2017.01.26 02:24:37.664,1.42003,1.42021,1.00,2.06
2017.01.26 02:24:38.138,1.41999,1.42019,1.00,1.12
2017.01.26 02:24:39.252,1.41999,1.42018,1.00,1.00
2017.01.26 02:24:39.354,1.41997,1.42017,1.19,1.75
2017.01.26 02:24:39.734,1.42,1.42016,1.00,1.12
2017.01.26 02:24:42.460,1.41997,1.42017,1.00,1.87
2017.01.26 02:24:43.055,1.41997,1.42015,1.00,1.12
2017.01.26 02:24:43.317,1.41992,1.42016,2.44,1.37
2017.01.26 02:24:43.368,1.41992,1.42015,1.69,1.50
2017.01.26 02:24:43.521,1.41993,1.42014,1.31,1.50
2017.01.26 02:24:43.572,1.42,1.42015,1.00,2.06
2017.01.26 02:24:44.183,1.41999,1.42013,1.00,1.25
2017.01.26 02:24:44.822,1.41999,1.42012,1.00,1.00
2017.01.26 02:24:45.264,1.41997,1.42012,1.00,1.00
2017.01.26 02:24:47.698,1.41997,1.42014,1.00,1.19
2017.01.26 02:24:47.851,1.41995,1.42013,1.00,1.62
2017.01.26 02:24:48.053,1.41996,1.42013,1.00,1.31
2017.01.26 02:24:48.155,1.41999,1.42013,1.00,1.31
2017.01.26 02:24:55.407,1.42,1.42015,1.00,1.19
2017.01.26 02:24:55.509,1.42,1.42016,1.12,1.00
2017.01.26 02:24:55.560,1.42005,1.42016,1.00,1.00
2017.01.26 02:24:56.062,1.42005,1.42017,1.00,1.00
2017.01.26 02:24:56.114,1.42,1.42017,1.00,1.00
2017.01.26 02:24:56.250,1.42,1.42017,1.00,1.37
2017.01.26 02:24:56.352,1.41998,1.42016,1.00,1.50
2017.01.26 02:24:57.724,1.41995,1.42014,1.87,2.44
2017.01.26 02:24:57.877,1.41992,1.42014,1.00,2.81
2017.01.26 02:24:58.029,1.41997,1.42011,1.00,1.12
2017.01.26 02:24:58.535,1.4199,1.42012,1.31,1.00
2017.01.26 02:24:58.587,1.4199,1.42012,2.06,1.00
2017.01.26 02:24:58.895,1.41997,1.42013,1.00,1.31
2017.01.26 02:24:59.246,1.41999,1.42013,1.00,1.25
2017.01.26 02:24:59.552,1.42,1.42015,1.00,1.00
2017.01.26 02:25:00.074,1.42,1.42016,1.00,1.00
2017.01.26 02:25:05.427,1.41999,1.4202,1.00,2.06
2017.01.26 02:25:05.529,1.42001,1.4202,1.00,2.25
2017.01.26 02:25:06.073,1.42001,1.42018,1.00,1.00
2017.01.26 02:25:06.314,1.41999,1.42018,1.25,1.00
2017.01.26 02:25:08.758,1.42001,1.42018,1.00,1.00
2017.01.26 02:25:08.961,1.41996,1.42018,1.19,1.00
2017.01.26 02:25:09.012,1.41999,1.42019,1.19,1.31
2017.01.26 02:25:09.114,1.42001,1.42019,1.12,1.31
2017.01.26 02:25:09.266,1.42003,1.4202,1.00,1.31
2017.01.26 02:25:09.612,1.42005,1.42019,1.00,1.25
2017.01.26 02:25:09.764,1.42002,1.42019,1.00,1.25
2017.01.26 02:25:10.300,1.42002,1.42018,1.00,1.00
2017.01.26 02:25:13.244,1.42002,1.42019,1.00,1.31
2017.01.26 02:25:14.612,1.42002,1.42018,1.00,1.00
2017.01.26 02:25:16.514,1.41999,1.42018,1.00,1.00
2017.01.26 02:25:16.978,1.41999,1.42016,1.00,1.00
2017.01.26 02:25:19.598,1.41999,1.42015,1.00,1.00
2017.01.26 02:25:20.357,1.41999,1.42014,1.00,1.00
2017.01.26 02:25:20.735,1.41999,1.42016,1.00,1.00
2017.01.26 02:25:21.419,1.41999,1.42015,1.00,1.00
2017.01.26 02:25:22.700,1.42,1.42017,1.00,1.00
2017.01.26 02:25:22.853,1.42003,1.42019,1.00,1.00
2017.01.26 02:25:23.158,1.42006,1.42019,1.00,1.00
2017.01.26 02:25:23.628,1.42006,1.42021,1.00,1.00
2017.01.26 02:25:26.190,1.42006,1.4202,1.00,1.00
2017.01.26 02:25:27.068,1.42005,1.42019,1.00,1.12
2017.01.26 02:25:27.323,1.42003,1.42018,1.00,1.00
2017.01.26 02:25:29.266,1.42,1.42018,1.19,1.00
2017.01.26 02:25:29.418,1.42004,1.4202,1.00,1.00
2017.01.26 02:25:29.570,1.42002,1.42019,1.00,1.00
2017.01.26 02:25:30.016,1.42002,1.42018,1.00,1.37
2017.01.26 02:25:30.536,1.42002,1.42016,1.00,1.00
2017.01.26 02:25:31.491,1.42003,1.42018,1.00,1.00
2017.01.26 02:25:33.662,1.41997,1.42013,1.19,1.16
2017.01.26 02:25:34.011,1.41985,1.42003,1.00,1.50
2017.01.26 02:25:34.112,1.41983,1.41999,1.00,1.19
2017.01.26 02:25:34.652,1.41982,1.41998,1.00,1.19
2017.01.26 02:25:36.711,1.4198,1.41998,1.12,1.31
2017.01.26 02:25:36.813,1.4198,1.41998,1.12,1.19
2017.01.26 02:25:36.915,1.41977,1.41996,1.37,1.25
2017.01.26 02:25:37.016,1.4198,1.41998,1.00,1.19
2017.01.26 02:25:42.544,1.4198,1.41998,1.00,1.19
2017.01.26 02:25:46.135,1.41982,1.41998,1.00,1.19
2017.01.26 02:25:47.238,1.41984,1.41999,1.00,1.19
2017.01.26 02:25:47.339,1.41984,1.42001,1.00,1.31
2017.01.26 02:25:47.462,1.41986,1.42001,1.00,1.19
2017.01.26 02:25:47.996,1.41986,1.41999,1.00,1.00
2017.01.26 02:25:48.231,1.41984,1.41999,1.00,1.00
2017.01.26 02:25:48.864,1.41987,1.41999,1.00,1.00
2017.01.26 02:25:49.969,1.41987,1.42,1.00,1.25
2017.01.26 02:25:50.694,1.41987,1.42001,1.00,1.25
2017.01.26 02:25:51.405,1.41987,1.42001,1.00,1.62
2017.01.26 02:25:54.174,1.41987,1.42001,1.00,1.31
2017.01.26 02:25:59.255,1.41988,1.42001,1.00,1.31
2017.01.26 02:25:59.863,1.41988,1.42,1.00,1.31
2017.01.26 02:25:59.914,1.4198,1.42,1.00,1.31
2017.01.26 02:25:59.965,1.4198,1.42,1.00,1.56
2017.01.26 02:26:00.319,1.41978,1.41995,1.00,1.19
2017.01.26 02:26:00.827,1.41979,1.41995,1.00,1.19
2017.01.26 02:26:03.925,1.41977,1.41995,1.00,1.19
2017.01.26 02:26:06.030,1.41976,1.41995,1.00,1.19
2017.01.26 02:26:06.081,1.41976,1.41997,1.00,1.19
2017.01.26 02:26:06.283,1.41982,1.41997,1.00,1.19
2017.01.26 02:26:08.158,1.41984,1.41998,1.00,1.19
2017.01.26 02:26:08.310,1.41982,1.41997,1.00,1.25
2017.01.26 02:26:08.361,1.41982,1.41997,1.00,1.19
2017.01.26 02:26:08.463,1.41981,1.41997,1.00,1.31
2017.01.26 02:26:10.434,1.41984,1.41997,1.00,1.31
2017.01.26 02:26:10.486,1.41982,1.41997,1.00,1.31
2017.01.26 02:26:11.029,1.41981,1.41997,1.00,1.25
2017.01.26 02:26:11.545,1.41981,1.41997,1.00,1.19
2017.01.26 02:26:14.988,1.41983,1.41996,1.00,1.25
2017.01.26 02:26:15.518,1.41982,1.41995,1.00,1.00
2017.01.26 02:26:16.025,1.41982,1.41995,1.00,1.19
2017.01.26 02:26:16.358,1.41979,1.41995,1.00,1.00
2017.01.26 02:26:17.056,1.41982,1.41995,1.00,1.00
2017.01.26 02:26:17.695,1.41983,1.41995,1.00,1.50
2017.01.26 02:26:18.065,1.41983,1.41993,1.00,1.00
2017.01.26 02:26:18.116,1.41981,1.41993,1.00,1.00
2017.01.26 02:26:19.767,1.41981,1.41994,1.00,1.31
2017.01.26 02:26:24.180,1.41981,1.41995,1.00,1.25
2017.01.26 02:26:25.451,1.41981,1.41995,1.00,1.19
2017.01.26 02:26:26.273,1.41981,1.41994,1.00,1.19
2017.01.26 02:26:27.478,1.41979,1.41993,1.00,1.00
2017.01.26 02:26:27.529,1.41981,1.41995,1.00,1.19
2017.01.26 02:26:27.833,1.41985,1.41999,1.00,1.31
2017.01.26 02:26:28.089,1.41983,1.41998,1.00,2.81
2017.01.26 02:26:28.354,1.4198,1.41996,1.00,1.81
2017.01.26 02:26:28.456,1.4198,1.41994,1.00,1.31
2017.01.26 02:26:28.659,1.41979,1.41996,1.37,1.00
2017.01.26 02:26:28.710,1.41985,1.41996,1.87,1.00
2017.01.26 02:26:28.761,1.41986,1.42002,1.00,1.75
2017.01.26 02:26:28.866,1.41981,1.42001,1.87,1.75
2017.01.26 02:26:29.220,1.41982,1.41997,1.50,1.19
2017.01.26 02:26:29.787,1.41982,1.41998,1.00,1.19
2017.01.26 02:26:33.165,1.41982,1.41998,1.00,1.19
2017.01.26 02:26:33.266,1.41982,1.41998,1.00,1.25
2017.01.26 02:26:37.108,1.41982,1.41999,1.37,1.25
2017.01.26 02:26:37.159,1.41982,1.41999,1.00,1.25
2017.01.26 02:26:37.311,1.41982,1.41998,1.00,1.87
2017.01.26 02:26:37.362,1.41978,1.41996,1.12,1.00
2017.01.26 02:26:37.980,1.41977,1.41995,1.00,1.00
2017.01.26 02:26:38.082,1.41977,1.41993,1.00,1.00
2017.01.26 02:26:38.388,1.41974,1.4199,1.00,1.37
2017.01.26 02:26:38.439,1.41971,1.4199,1.00,1.12
2017.01.26 02:26:38.490,1.41971,1.41987,1.00,1.00
2017.01.26 02:26:39.039,1.41971,1.41988,1.00,1.00
2017.01.26 02:26:39.444,1.41967,1.41987,1.31,1.00
2017.01.26 02:26:40.152,1.41967,1.41988,1.31,1.00
2017.01.26 02:26:41.585,1.41967,1.41988,1.12,1.69
2017.01.26 02:26:43.313,1.41967,1.41986,1.00,1.00
2017.01.26 02:26:43.414,1.41967,1.41986,1.00,1.19
2017.01.26 02:26:45.071,1.41967,1.41986,1.00,1.19
2017.01.26 02:26:45.604,1.41967,1.41986,1.00,1.00
2017.01.26 02:26:48.471,1.41967,1.41986,1.37,1.00
2017.01.26 02:26:48.683,1.41968,1.41988,1.12,1.25
2017.01.26 02:26:48.795,1.41971,1.4199,2.25,1.25
2017.01.26 02:26:48.856,1.4197,1.4199,1.75,1.25
2017.01.26 02:26:49.008,1.4197,1.41992,1.12,2.06
2017.01.26 02:26:49.160,1.41968,1.4199,2.62,1.31
2017.01.26 02:26:50.137,1.41969,1.4199,1.12,1.19
2017.01.26 02:26:50.638,1.41969,1.41988,1.12,1.00
2017.01.26 02:26:51.173,1.41969,1.41991,1.12,1.69
2017.01.26 02:26:51.623,1.41971,1.41994,1.00,3.75
2017.01.26 02:26:52.137,1.41971,1.41993,1.50,1.00
2017.01.26 02:26:54.479,1.41971,1.41992,1.50,1.00
2017.01.26 02:26:56.019,1.4197,1.41993,2.62,1.69
2017.01.26 02:26:56.513,1.41973,1.41994,1.12,1.00
2017.01.26 02:26:57.175,1.41974,1.41994,1.12,1.25
2017.01.26 02:26:57.654,1.41977,1.41995,1.87,1.19
2017.01.26 02:26:57.705,1.41974,1.41997,1.87,1.87
2017.01.26 02:26:58.060,1.41977,1.41999,1.00,1.12
2017.01.26 02:26:58.111,1.4198,1.41999,1.87,1.12
2017.01.26 02:26:58.162,1.41976,1.42,2.81,1.12
2017.01.26 02:26:58.364,1.41978,1.41997,1.00,1.00
2017.01.26 02:27:00.126,1.41978,1.41998,1.12,1.00
2017.01.26 02:27:00.692,1.41978,1.41999,1.00,1.00
2017.01.26 02:27:01.813,1.41977,1.41997,1.50,1.31
2017.01.26 02:27:02.116,1.41975,1.41996,1.37,1.19
2017.01.26 02:27:06.945,1.41973,1.41994,1.87,1.31
2017.01.26 02:27:07.047,1.41975,1.41994,1.87,1.50
2017.01.26 02:27:07.099,1.41973,1.41994,1.31,1.12
2017.01.26 02:27:07.201,1.41976,1.41995,1.87,1.37
2017.01.26 02:27:07.303,1.41976,1.41996,1.87,1.12
2017.01.26 02:27:07.455,1.41973,1.41995,1.31,1.00
2017.01.26 02:27:07.559,1.41975,1.41995,1.00,1.87
2017.01.26 02:27:07.610,1.41973,1.41994,1.00,1.62
2017.01.26 02:27:07.712,1.41973,1.41994,1.37,1.37
2017.01.26 02:27:07.763,1.41973,1.41995,1.87,1.00
2017.01.26 02:27:08.289,1.41975,1.41995,1.31,1.00
2017.01.26 02:27:09.406,1.41974,1.41995,1.87,1.19
2017.01.26 02:27:09.956,1.41973,1.41994,1.37,1.00
2017.01.26 02:27:13.699,1.41973,1.41994,1.37,1.19
2017.01.26 02:27:14.402,1.41973,1.41994,1.37,1.00
2017.01.26 02:27:15.633,1.41973,1.41993,1.37,1.00
2017.01.26 02:27:17.378,1.41973,1.41994,1.94,1.00
2017.01.26 02:27:22.803,1.41973,1.41993,1.37,1.00
2017.01.26 02:27:22.854,1.41972,1.41993,2.25,1.25
2017.01.26 02:27:23.817,1.41972,1.41992,2.25,1.00
2017.01.26 02:27:25.655,1.41972,1.41991,2.25,1.00
2017.01.26 02:27:26.073,1.41972,1.41993,1.50,1.00
2017.01.26 02:27:26.465,1.41971,1.41993,1.00,1.00
2017.01.26 02:27:26.793,1.41971,1.41991,1.00,1.00
2017.01.26 02:27:27.324,1.41972,1.41991,1.37,1.00
2017.01.26 02:27:28.644,1.41972,1.41991,1.00,1.00
2017.01.26 02:27:28.987,1.41971,1.41991,2.62,1.00
2017.01.26 02:27:29.139,1.41973,1.41994,1.87,1.50
2017.01.26 02:27:29.595,1.41973,1.41992,1.50,1.00
2017.01.26 02:27:30.316,1.41973,1.41994,1.87,1.19
2017.01.26 02:27:30.861,1.41973,1.41992,1.87,1.00
2017.01.26 02:27:31.816,1.41973,1.41991,1.50,1.00
2017.01.26 02:27:32.120,1.41973,1.41992,3.37,1.00
2017.01.26 02:27:32.248,1.41973,1.41992,1.87,1.00
2017.01.26 02:27:33.533,1.41973,1.41994,2.81,1.00
2017.01.26 02:27:34.924,1.41975,1.41995,1.25,1.00
2017.01.26 02:27:36.025,1.41973,1.41995,4.69,1.00
2017.01.26 02:27:41.123,1.41973,1.41994,3.19,1.00
2017.01.26 02:27:43.174,1.41973,1.41994,1.50,1.00
2017.01.26 02:27:43.276,1.41973,1.41993,1.00,1.19
2017.01.26 02:27:43.582,1.41972,1.41988,1.00,1.00
2017.01.26 02:27:44.743,1.41972,1.41991,1.00,1.00
2017.01.26 02:27:44.795,1.41974,1.41991,1.00,1.00
2017.01.26 02:27:44.947,1.41973,1.41994,1.37,1.19
2017.01.26 02:27:45.150,1.41969,1.41989,2.44,1.00
2017.01.26 02:27:45.353,1.41969,1.41987,1.00,1.00
2017.01.26 02:27:45.973,1.41967,1.41987,1.81,1.00
2017.01.26 02:27:46.553,1.41968,1.41986,1.25,1.00
2017.01.26 02:27:48.513,1.41971,1.4199,2.62,1.37
2017.01.26 02:27:48.564,1.41972,1.41991,2.62,1.00
2017.01.26 02:27:48.615,1.41972,1.41994,2.62,1.69
2017.01.26 02:27:48.821,1.41973,1.41994,1.50,1.31
2017.01.26 02:27:49.126,1.41973,1.41993,1.00,2.06
2017.01.26 02:27:50.354,1.41971,1.4199,1.87,1.31
2017.01.26 02:27:51.555,1.41971,1.4199,1.12,1.56
2017.01.26 02:27:51.758,1.4197,1.4199,1.50,1.56
2017.01.26 02:27:52.327,1.41969,1.4199,1.87,1.31
2017.01.26 02:27:52.784,1.41969,1.4199,1.87,1.25
2017.01.26 02:27:52.886,1.41969,1.41992,4.31,1.00
2017.01.26 02:27:53.189,1.41973,1.41994,1.12,1.00
2017.01.26 02:27:53.512,1.41973,1.41992,1.75,1.19
2017.01.26 02:27:53.614,1.41971,1.4199,1.87,1.00
2017.01.26 02:27:54.037,1.41971,1.41992,1.50,1.69
2017.01.26 02:27:54.189,1.41975,1.41992,1.37,1.00
2017.01.26 02:27:54.291,1.41975,1.41995,1.31,1.00
2017.01.26 02:27:54.494,1.41975,1.41993,1.00,1.00
2017.01.26 02:27:54.748,1.41973,1.41992,1.00,1.00
2017.01.26 02:27:55.275,1.41971,1.41992,1.87,1.00
2017.01.26 02:27:56.385,1.41971,1.41992,1.87,1.00
2017.01.26 02:27:56.925,1.41973,1.41992,1.50,1.00
2017.01.26 02:27:57.900,1.41974,1.41993,1.00,1.00
2017.01.26 02:27:57.951,1.41976,1.41996,1.87,1.56
2017.01.26 02:27:58.002,1.41974,1.41996,1.50,1.56
2017.01.26 02:28:01.830,1.41975,1.41996,1.00,1.25
2017.01.26 02:28:02.106,1.41976,1.41997,1.31,1.00
2017.01.26 02:28:02.208,1.41976,1.41999,1.69,2.62
2017.01.26 02:28:02.432,1.41976,1.41996,3.56,1.00
2017.01.26 02:28:02.547,1.41976,1.41997,1.25,1.37
2017.01.26 02:28:02.648,1.41975,1.41996,1.00,3.00
2017.01.26 02:28:02.750,1.41972,1.41995,2.25,2.06
2017.01.26 02:28:02.851,1.41972,1.41993,1.50,1.19
2017.01.26 02:28:03.404,1.41972,1.41991,1.00,1.00
2017.01.26 02:28:03.953,1.41972,1.41992,2.62,1.00
2017.01.26 02:28:05.241,1.41972,1.41993,1.87,1.00
2017.01.26 02:28:05.545,1.41973,1.41993,1.75,1.00
2017.01.26 02:28:05.596,1.41973,1.41996,1.87,2.25
2017.01.26 02:28:05.748,1.41979,1.41998,1.00,2.06
2017.01.26 02:28:05.799,1.41977,1.41998,1.00,1.62
2017.01.26 02:28:06.313,1.41976,1.41998,1.37,1.69
2017.01.26 02:28:06.415,1.41976,1.41998,1.37,1.69
2017.01.26 02:28:06.970,1.41976,1.41998,1.12,2.06
2017.01.26 02:28:07.793,1.41976,1.41998,1.12,1.62
2017.01.26 02:28:12.191,1.41977,1.41998,1.00,1.62
2017.01.26 02:28:14.691,1.41976,1.41997,1.31,1.12
2017.01.26 02:28:14.995,1.41978,1.41997,1.25,1.00
2017.01.26 02:28:15.945,1.41978,1.41998,1.00,1.00
2017.01.26 02:28:18.941,1.41977,1.41998,1.00,1.00
2017.01.26 02:28:19.282,1.41975,1.41996,1.25,1.62
2017.01.26 02:28:19.586,1.41973,1.41993,1.00,1.19
2017.01.26 02:28:20.136,1.41972,1.41992,1.12,1.31
2017.01.26 02:28:34.103,1.41974,1.41993,1.00,1.41
2017.01.26 02:28:34.205,1.41972,1.41994,1.12,1.37
2017.01.26 02:28:35.094,1.41972,1.41994,1.12,1.37
2017.01.26 02:28:39.854,1.41974,1.41994,1.00,1.37
2017.01.26 02:28:41.010,1.41972,1.41994,1.12,1.37
2017.01.26 02:28:41.772,1.41973,1.41994,1.00,1.12
2017.01.26 02:28:42.143,1.41973,1.41995,1.50,1.12
2017.01.26 02:28:42.687,1.41974,1.41996,2.25,1.00
2017.01.26 02:28:46.372,1.41975,1.41996,1.87,1.50
2017.01.26 02:28:46.912,1.41974,1.41994,1.12,1.05
2017.01.26 02:28:47.826,1.41973,1.41994,2.25,1.31
2017.01.26 02:28:50.052,1.41973,1.41993,1.00,1.75
2017.01.26 02:28:50.153,1.41967,1.41989,1.12,1.69
2017.01.26 02:28:50.351,1.41966,1.41988,1.12,1.75
2017.01.26 02:28:50.655,1.41967,1.41988,1.12,1.19
2017.01.26 02:28:51.010,1.41968,1.41988,1.00,2.06
2017.01.26 02:28:51.314,1.41966,1.41987,1.50,1.31
2017.01.26 02:28:51.851,1.41968,1.41986,1.00,1.00
2017.01.26 02:28:53.219,1.41968,1.41989,1.00,1.50
2017.01.26 02:28:53.371,1.4197,1.41989,2.25,1.37
2017.01.26 02:28:53.422,1.41971,1.41992,1.00,1.87
2017.01.26 02:28:53.523,1.41968,1.4199,1.50,1.87
2017.01.26 02:28:53.574,1.41967,1.4199,1.37,2.25
2017.01.26 02:28:54.083,1.41969,1.41989,1.00,1.50
2017.01.26 02:28:54.575,1.4197,1.41989,1.00,1.12
2017.01.26 02:28:54.908,1.41973,1.41991,1.00,1.75
2017.01.26 02:28:55.112,1.41973,1.41993,1.00,1.12
2017.01.26 02:28:55.213,1.41971,1.41993,1.12,2.06
2017.01.26 02:28:55.725,1.41969,1.41991,1.50,2.44
2017.01.26 02:28:56.697,1.4197,1.41991,1.12,2.44
2017.01.26 02:28:57.328,1.41971,1.41992,1.12,1.12
2017.01.26 02:28:57.668,1.41974,1.41997,1.87,2.62
2017.01.26 02:28:58.216,1.41973,1.41991,1.00,1.00
2017.01.26 02:28:58.755,1.4197,1.41991,1.75,1.00
2017.01.26 02:28:59.278,1.41972,1.41992,1.00,1.00
2017.01.26 02:29:01.309,1.4197,1.4199,1.12,1.00
2017.01.26 02:29:01.786,1.41967,1.41989,2.25,1.00
2017.01.26 02:29:04.292,1.41969,1.41987,1.00,1.00
2017.01.26 02:29:05.946,1.41969,1.41989,1.00,1.00
2017.01.26 02:29:06.149,1.41969,1.41987,1.00,1.00
2017.01.26 02:29:07.007,1.41968,1.41986,1.37,1.00
2017.01.26 02:29:07.159,1.41968,1.4199,2.62,1.87
2017.01.26 02:29:07.210,1.41967,1.4199,1.12,1.87
2017.01.26 02:29:07.363,1.41968,1.41987,1.50,1.00
2017.01.26 02:29:07.843,1.41967,1.41985,1.12,1.00
2017.01.26 02:29:08.328,1.41966,1.41985,1.37,1.19
2017.01.26 02:29:08.379,1.41964,1.41984,2.62,1.19
2017.01.26 02:29:08.430,1.41963,1.41984,2.06,2.06
2017.01.26 02:29:08.481,1.41963,1.41984,1.31,1.56
2017.01.26 02:29:08.531,1.41962,1.41983,1.50,1.56
2017.01.26 02:29:08.988,1.41958,1.41979,1.87,1.00
2017.01.26 02:29:09.039,1.41958,1.41977,1.12,1.00
2017.01.26 02:29:09.384,1.41964,1.41983,1.87,1.19
2017.01.26 02:29:09.537,1.41963,1.41981,1.37,1.19
2017.01.26 02:29:09.891,1.41963,1.41981,2.25,1.00
2017.01.26 02:29:10.348,1.41964,1.41985,1.87,1.56
2017.01.26 02:29:15.151,1.41963,1.41984,2.62,1.31
2017.01.26 02:29:16.034,1.41963,1.41984,2.25,1.19
2017.01.26 02:29:19.855,1.41963,1.41983,1.87,1.19
2017.01.26 02:29:20.218,1.41963,1.41983,1.12,1.56
2017.01.26 02:29:20.573,1.41961,1.41981,1.12,1.00
2017.01.26 02:29:20.626,1.4196,1.41981,1.37,1.12
2017.01.26 02:29:20.728,1.41958,1.41979,2.25,1.00
2017.01.26 02:29:21.185,1.41959,1.4198,2.25,1.19
2017.01.26 02:29:21.236,1.4196,1.4198,1.12,1.00
2017.01.26 02:29:21.287,1.4196,1.41979,3.00,1.00
2017.01.26 02:29:21.541,1.41962,1.41983,1.12,1.00
2017.01.26 02:29:21.865,1.41962,1.41981,2.62,1.00
2017.01.26 02:29:25.955,1.41962,1.41982,2.62,1.00
2017.01.26 02:29:29.780,1.41962,1.41983,2.62,1.00
2017.01.26 02:29:33.547,1.41962,1.41982,1.87,1.00
2017.01.26 02:29:36.052,1.41962,1.41983,1.50,1.00
2017.01.26 02:29:41.333,1.41962,1.41981,1.50,1.00
2017.01.26 02:29:53.175,1.41961,1.4198,2.25,1.00
2017.01.26 02:29:54.311,1.41961,1.41978,2.25,1.00
2017.01.26 02:29:59.636,1.41961,1.41976,2.25,1.00
2017.01.26 02:30:00.317,1.41961,1.41978,2.25,1.00
2017.01.26 02:30:01.080,1.41961,1.4198,1.75,1.50
2017.01.26 02:30:01.232,1.41961,1.41979,1.00,1.00
2017.01.26 02:30:01.384,1.41958,1.41977,1.37,1.00
2017.01.26 02:30:01.435,1.41958,1.41977,1.00,1.00
2017.01.26 02:30:02.078,1.41956,1.41976,1.12,1.00
2017.01.26 02:30:03.076,1.41956,1.41976,1.12,1.19
2017.01.26 02:30:04.001,1.41956,1.41974,1.37,1.19
2017.01.26 02:30:04.306,1.41956,1.41974,1.37,1.56
2017.01.26 02:30:04.645,1.41958,1.41975,1.12,1.05
2017.01.26 02:30:04.696,1.41966,1.41975,1.00,1.00
2017.01.26 02:30:04.748,1.41961,1.41978,1.00,1.00
2017.01.26 02:30:04.900,1.41958,1.41979,1.50,1.69
2017.01.26 02:30:05.414,1.41958,1.41978,1.50,1.00
2017.01.26 02:30:07.393,1.41958,1.41979,1.50,2.44
2017.01.26 02:30:07.894,1.41958,1.41978,1.50,1.00
2017.01.26 02:30:08.511,1.4196,1.41978,1.00,1.00
2017.01.26 02:30:14.271,1.4196,1.41976,1.00,1.00
2017.01.26 02:30:15.282,1.41958,1.41978,1.50,1.12
2017.01.26 02:30:15.484,1.41958,1.41976,1.00,1.00
2017.01.26 02:30:16.046,1.41958,1.41977,1.00,1.12
2017.01.26 02:30:18.320,1.4196,1.41978,1.00,1.12
2017.01.26 02:30:18.764,1.41962,1.41978,1.00,1.00
2017.01.26 02:30:19.016,1.41959,1.41978,1.00,1.63
2017.01.26 02:30:19.067,1.41956,1.41972,1.75,1.62
2017.01.26 02:30:19.119,1.41956,1.41972,1.00,1.28
2017.01.26 02:30:19.170,1.41953,1.41973,1.00,1.16
2017.01.26 02:30:19.221,1.41949,1.41972,1.00,1.78
2017.01.26 02:30:19.334,1.41948,1.41967,1.12,1.00
2017.01.26 02:30:19.668,1.41948,1.41969,1.12,1.12
2017.01.26 02:30:24.334,1.41948,1.41967,1.00,1.00
2017.01.26 02:30:24.858,1.41948,1.41968,1.00,1.50
2017.01.26 02:30:25.503,1.41946,1.41968,1.50,1.50
2017.01.26 02:30:28.098,1.41949,1.41968,1.87,1.50
2017.01.26 02:30:30.353,1.41946,1.41968,1.50,1.00
2017.01.26 02:30:31.826,1.41949,1.41968,1.87,1.00
2017.01.26 02:30:33.361,1.41951,1.41968,1.87,1.00
2017.01.26 02:30:33.682,1.41953,1.41968,1.87,1.00
2017.01.26 02:30:33.733,1.4195,1.41968,2.62,1.00
2017.01.26 02:30:34.093,1.4195,1.41968,1.37,1.00
2017.01.26 02:30:34.607,1.41949,1.41967,1.37,1.00
2017.01.26 02:30:35.114,1.41949,1.41967,1.37,1.00
2017.01.26 02:30:35.165,1.41956,1.41967,1.87,1.00
2017.01.26 02:30:35.469,1.4196,1.41969,1.87,1.00
2017.01.26 02:30:35.621,1.41959,1.41969,1.87,1.00
2017.01.26 02:30:35.723,1.41962,1.41979,1.00,1.19
2017.01.26 02:30:35.775,1.41961,1.41979,1.75,1.19
2017.01.26 02:30:35.827,1.41964,1.41982,1.37,1.00
2017.01.26 02:30:35.928,1.41966,1.41984,2.25,1.00
2017.01.26 02:30:36.131,1.41963,1.41984,3.37,1.00
2017.01.26 02:30:36.335,1.41963,1.41982,1.50,1.00
2017.01.26 02:30:36.588,1.41962,1.41982,1.12,1.25
2017.01.26 02:30:36.639,1.41962,1.4198,1.12,1.25
2017.01.26 02:30:37.858,1.41961,1.4198,1.50,1.25
2017.01.26 02:30:38.309,1.41962,1.41982,1.00,1.12
2017.01.26 02:30:39.184,1.4196,1.41981,1.87,1.00
2017.01.26 02:30:44.141,1.4196,1.4198,2.25,1.00
2017.01.26 02:30:45.260,1.41959,1.41981,1.12,1.25
2017.01.26 02:30:45.361,1.41959,1.41981,1.00,1.25
2017.01.26 02:30:45.543,1.41958,1.41978,1.37,1.00
2017.01.26 02:30:50.401,1.41958,1.41979,1.37,1.00
2017.01.26 02:30:57.233,1.41958,1.41978,1.37,1.00
2017.01.26 02:30:59.782,1.41958,1.41977,1.37,1.00
2017.01.26 02:31:02.688,1.41958,1.41978,1.37,1.25
2017.01.26 02:31:03.097,1.41958,1.41976,1.37,1.19
2017.01.26 02:31:03.654,1.41958,1.41978,1.87,1.25
2017.01.26 02:31:04.448,1.41958,1.41978,1.87,1.25
2017.01.26 02:31:04.538,1.41958,1.41978,1.12,1.25
2017.01.26 02:31:05.740,1.41957,1.41979,1.87,1.00
2017.01.26 02:31:06.607,1.41959,1.41979,1.12,1.00
2017.01.26 02:31:06.658,1.41957,1.41979,2.62,1.56
2017.01.26 02:31:06.811,1.41958,1.41978,1.50,1.31
2017.01.26 02:31:07.004,1.41958,1.41978,1.37,1.00
2017.01.26 02:31:07.057,1.4196,1.41978,1.87,1.00
2017.01.26 02:31:08.028,1.41963,1.41979,1.12,1.44
2017.01.26 02:31:08.508,1.41958,1.41977,1.12,1.00
2017.01.26 02:31:08.559,1.41957,1.41977,1.37,1.19
2017.01.26 02:31:08.610,1.41956,1.41977,1.50,1.19
2017.01.26 02:31:09.491,1.41957,1.41978,1.00,1.25
2017.01.26 02:31:09.643,1.41956,1.41978,1.75,1.25
2017.01.26 02:31:10.018,1.41959,1.41976,1.00,1.00
2017.01.26 02:31:10.632,1.41959,1.41976,1.00,1.19
2017.01.26 02:31:11.119,1.41956,1.41975,1.00,1.25
2017.01.26 02:31:11.246,1.41956,1.41975,1.00,1.19
2017.01.26 02:31:12.088,1.41956,1.41975,1.00,1.00
2017.01.26 02:31:12.728,1.41956,1.41977,1.00,1.19
2017.01.26 02:31:13.357,1.41956,1.41977,1.00,1.00
2017.01.26 02:31:15.191,1.41954,1.41977,3.94,1.00
2017.01.26 02:31:15.343,1.41957,1.41975,1.12,1.00
2017.01.26 02:31:15.647,1.41957,1.41975,1.87,1.50
2017.01.26 02:31:15.698,1.41959,1.41978,1.87,1.12
2017.01.26 02:31:15.749,1.41964,1.41983,1.37,1.12
2017.01.26 02:31:15.948,1.41968,1.41987,3.00,1.00
2017.01.26 02:31:15.999,1.41968,1.41991,1.69,1.31
2017.01.26 02:31:16.100,1.41972,1.41991,1.00,2.06
2017.01.26 02:31:16.636,1.41971,1.41992,1.00,1.12
2017.01.26 02:31:17.141,1.41971,1.41993,1.37,1.12
2017.01.26 02:31:17.445,1.41967,1.41988,1.12,3.00
2017.01.26 02:31:17.895,1.41968,1.41988,1.19,1.12
2017.01.26 02:31:18.149,1.41968,1.41989,2.06,1.25
2017.01.26 02:31:19.349,1.41968,1.41989,1.12,1.25
2017.01.26 02:31:23.009,1.41969,1.41991,1.12,2.06
2017.01.26 02:31:23.060,1.41969,1.41991,1.19,1.31
2017.01.26 02:31:23.299,1.41969,1.41993,1.37,2.25
2017.01.26 02:31:23.350,1.4197,1.41991,1.00,1.00
2017.01.26 02:31:23.654,1.41968,1.41988,1.37,1.00
2017.01.26 02:31:23.831,1.41966,1.41988,2.00,1.00
2017.01.26 02:31:24.378,1.41966,1.41988,1.37,1.00
2017.01.26 02:31:24.833,1.41966,1.41985,1.37,1.00
2017.01.26 02:31:29.207,1.41966,1.41984,1.37,1.00
2017.01.26 02:31:32.773,1.41965,1.41983,1.87,1.00
2017.01.26 02:31:34.004,1.41965,1.41985,1.12,1.00
2017.01.26 02:31:34.210,1.41963,1.41982,1.12,1.00
2017.01.26 02:31:34.814,1.41962,1.41981,1.12,1.00
2017.01.26 02:31:35.347,1.41963,1.41982,1.62,1.00
2017.01.26 02:31:35.931,1.41963,1.41982,2.00,1.00
2017.01.26 02:31:36.332,1.41963,1.41984,2.00,1.00
2017.01.26 02:31:38.246,1.41963,1.41982,2.00,1.00
2017.01.26 02:31:38.813,1.41963,1.41983,1.12,1.00
2017.01.26 02:31:38.864,1.41965,1.41986,1.19,1.12
2017.01.26 02:31:39.067,1.41964,1.41983,1.31,1.00
2017.01.26 02:31:39.488,1.41963,1.41981,1.37,1.00
2017.01.26 02:31:40.135,1.41963,1.41982,1.37,1.50
2017.01.26 02:31:40.440,1.41964,1.41984,2.06,1.00
2017.01.26 02:31:40.491,1.41966,1.41984,1.12,1.00
2017.01.26 02:31:41.048,1.41963,1.41983,1.37,1.50
2017.01.26 02:31:41.200,1.41962,1.41981,1.12,1.00
2017.01.26 02:31:41.781,1.41963,1.41981,1.37,1.00
2017.01.26 02:31:42.218,1.41963,1.41983,1.69,1.00
2017.01.26 02:31:49.122,1.41963,1.41984,1.19,1.00
2017.01.26 02:31:49.224,1.41964,1.41983,1.12,1.00
2017.01.26 02:31:49.275,1.41965,1.41984,1.37,1.00
2017.01.26 02:31:49.597,1.41965,1.41981,1.00,1.00
2017.01.26 02:31:50.014,1.41965,1.41983,1.00,1.00
2017.01.26 02:31:51.367,1.41965,1.41983,1.12,1.00
2017.01.26 02:31:52.428,1.41965,1.41983,2.06,1.00
2017.01.26 02:31:52.530,1.41963,1.41985,2.06,1.00
2017.01.26 02:31:52.783,1.41966,1.41983,1.00,1.00
2017.01.26 02:31:55.561,1.41964,1.41984,2.06,1.00
2017.01.26 02:31:55.662,1.41964,1.41986,1.69,1.12
2017.01.26 02:31:56.528,1.41964,1.41986,1.25,1.50
2017.01.26 02:31:56.579,1.41964,1.41986,1.62,1.50
2017.01.26 02:31:56.935,1.41965,1.41981,1.00,1.00
2017.01.26 02:31:57.910,1.41965,1.41985,1.31,1.12
2017.01.26 02:31:58.457,1.41965,1.41984,1.31,1.00
2017.01.26 02:31:58.559,1.41962,1.41981,1.31,1.00
2017.01.26 02:31:58.609,1.41961,1.41981,1.56,1.50
2017.01.26 02:31:58.913,1.41961,1.41981,2.44,1.00
2017.01.26 02:31:59.289,1.41962,1.41981,1.00,1.00
2017.01.26 02:31:59.390,1.41961,1.41979,1.12,1.00
2017.01.26 02:32:03.168,1.41961,1.4198,1.37,1.00
2017.01.26 02:32:03.471,1.41971,1.41984,1.00,1.12
2017.01.26 02:32:03.522,1.41963,1.41986,1.37,2.44
2017.01.26 02:32:03.573,1.41966,1.41986,1.25,1.12
2017.01.26 02:32:03.826,1.41967,1.41989,1.00,1.87
2017.01.26 02:32:03.877,1.41965,1.41985,1.37,1.00
2017.01.26 02:32:04.055,1.41964,1.41984,1.62,1.00
2017.01.26 02:32:04.258,1.41963,1.41983,1.50,1.00
2017.01.26 02:32:04.360,1.41963,1.41983,2.06,1.00
2017.01.26 02:32:04.462,1.41963,1.41983,1.50,1.00
2017.01.26 02:32:05.296,1.41963,1.41982,1.00,1.00
2017.01.26 02:32:05.843,1.41963,1.41981,1.00,1.00
2017.01.26 02:32:06.273,1.41963,1.41981,1.56,1.00
2017.01.26 02:32:07.405,1.41963,1.41983,1.56,1.00
2017.01.26 02:32:10.894,1.41963,1.41982,1.56,1.00
2017.01.26 02:32:11.046,1.41964,1.41984,1.12,1.19
2017.01.26 02:32:11.199,1.41963,1.41984,1.37,1.69
2017.01.26 02:32:11.352,1.41963,1.41984,1.31,1.00
2017.01.26 02:32:11.453,1.41962,1.41984,2.81,1.00
2017.01.26 02:32:11.555,1.41963,1.41984,1.31,2.62
2017.01.26 02:32:11.658,1.41964,1.41981,1.00,1.50
2017.01.26 02:32:11.759,1.41958,1.4198,2.06,1.00
2017.01.26 02:32:11.874,1.41958,1.41975,2.00,1.00
2017.01.26 02:32:12.196,1.41956,1.41973,1.31,1.00
2017.01.26 02:32:12.514,1.41956,1.41974,2.44,1.00
2017.01.26 02:32:12.667,1.41955,1.41973,1.31,1.00
2017.01.26 02:32:12.819,1.41951,1.41969,2.44,1.00
2017.01.26 02:32:13.174,1.41949,1.41969,1.94,1.00
2017.01.26 02:32:13.512,1.41949,1.41967,1.94,1.00
2017.01.26 02:32:13.763,1.41949,1.41968,1.31,1.00
2017.01.26 02:32:13.865,1.41949,1.41966,1.31,1.00
2017.01.26 02:32:14.090,1.41946,1.41965,1.87,1.00
2017.01.26 02:32:14.141,1.41945,1.41965,2.81,1.00
2017.01.26 02:32:14.192,1.41948,1.41965,1.25,1.00
2017.01.26 02:32:14.517,1.41947,1.41963,1.56,1.00
2017.01.26 02:32:16.772,1.41947,1.41963,1.31,1.00
2017.01.26 02:32:17.966,1.41947,1.41963,1.62,1.00
2017.01.26 02:32:19.849,1.41947,1.41963,1.31,1.00
2017.01.26 02:32:19.951,1.41946,1.41963,2.44,1.00
2017.01.26 02:32:20.555,1.41949,1.41963,1.00,1.00
2017.01.26 02:32:22.480,1.41947,1.41963,1.50,1.00
2017.01.26 02:32:25.370,1.41947,1.41965,2.06,1.00
2017.01.26 02:32:25.522,1.41953,1.41967,1.87,1.00
2017.01.26 02:32:25.573,1.41951,1.41968,1.62,1.00
2017.01.26 02:32:25.675,1.41951,1.41969,1.56,1.25
2017.01.26 02:32:25.880,1.41953,1.4197,1.25,1.19
2017.01.26 02:32:26.064,1.41949,1.41967,1.69,1.00
2017.01.26 02:32:26.367,1.41945,1.41964,2.81,1.00
2017.01.26 02:32:27.574,1.41945,1.41964,2.06,1.00
2017.01.26 02:32:27.676,1.41945,1.41964,2.25,1.00
2017.01.26 02:32:28.296,1.41945,1.41963,2.25,1.50
2017.01.26 02:32:30.854,1.41946,1.41963,1.12,1.00
2017.01.26 02:32:31.215,1.41948,1.41965,1.12,1.00
2017.01.26 02:32:32.222,1.41946,1.41966,3.56,1.69
2017.01.26 02:32:35.635,1.4195,1.41966,1.00,1.69
2017.01.26 02:32:35.968,1.41949,1.41965,1.00,1.69
2017.01.26 02:32:36.273,1.41948,1.41962,1.00,1.00
2017.01.26 02:32:36.425,1.41946,1.41963,1.12,1.00
2017.01.26 02:32:36.476,1.41943,1.41963,1.50,1.00
2017.01.26 02:32:37.004,1.41943,1.41963,2.81,1.00
2017.01.26 02:32:37.507,1.41946,1.41963,1.00,1.00
2017.01.26 02:32:39.316,1.41946,1.41962,1.00,1.00
2017.01.26 02:32:39.367,1.4195,1.41962,1.00,1.00
2017.01.26 02:32:41.262,1.41947,1.41962,1.00,1.00
2017.01.26 02:32:44.362,1.41946,1.41962,1.05,1.00
2017.01.26 02:32:44.881,1.41945,1.41962,1.00,1.00
2017.01.26 02:32:46.659,1.41948,1.41962,1.00,1.00
2017.01.26 02:32:46.761,1.41944,1.41962,1.12,1.00
2017.01.26 02:32:47.442,1.41945,1.41962,3.00,1.00
2017.01.26 02:32:47.750,1.41953,1.41966,1.05,1.00
2017.01.26 02:32:47.953,1.41949,1.41966,1.50,1.00
2017.01.26 02:32:48.256,1.41946,1.41965,1.87,1.00
2017.01.26 02:32:48.409,1.41945,1.41962,1.87,1.00
2017.01.26 02:32:49.303,1.41943,1.41962,1.00,1.00
2017.01.26 02:32:49.507,1.41941,1.41958,1.87,1.00
2017.01.26 02:32:49.632,1.41939,1.41958,1.87,1.00
2017.01.26 02:32:49.733,1.41939,1.41956,1.87,1.00
2017.01.26 02:32:50.261,1.41939,1.41958,1.91,1.00
2017.01.26 02:32:50.777,1.41942,1.41958,1.00,1.00
2017.01.26 02:32:51.328,1.41941,1.41958,1.12,1.00
2017.01.26 02:32:51.957,1.41941,1.41957,1.12,1.00
2017.01.26 02:32:52.521,1.41941,1.41958,1.12,1.00
2017.01.26 02:32:53.029,1.41941,1.41959,1.12,1.00
2017.01.26 02:32:53.236,1.4194,1.41961,2.62,1.00
2017.01.26 02:32:53.408,1.41942,1.41961,1.37,1.00
2017.01.26 02:32:53.510,1.41942,1.4196,1.00,1.25
2017.01.26 02:32:54.532,1.41942,1.41959,1.00,1.00
2017.01.26 02:32:55.038,1.41938,1.41953,1.75,1.31
2017.01.26 02:32:55.090,1.41939,1.41952,1.00,1.69
2017.01.26 02:32:55.192,1.4193,1.41949,1.12,1.56
2017.01.26 02:32:55.244,1.41934,1.41949,1.00,1.00
2017.01.26 02:32:55.666,1.41932,1.41951,1.12,1.00
2017.01.26 02:32:56.105,1.41938,1.41954,1.12,1.00
2017.01.26 02:32:56.311,1.4194,1.41959,1.50,1.00
2017.01.26 02:32:56.362,1.4194,1.41959,1.00,2.44
2017.01.26 02:32:56.413,1.41937,1.41957,1.50,1.00
2017.01.26 02:32:56.957,1.41937,1.41956,1.50,1.00
2017.01.26 02:32:58.264,1.41937,1.41957,1.12,1.00
2017.01.26 02:32:58.315,1.41938,1.41957,3.00,1.50
2017.01.26 02:32:58.518,1.41941,1.4196,1.37,1.31
2017.01.26 02:32:58.569,1.41941,1.4196,1.37,1.56
2017.01.26 02:32:58.721,1.41936,1.41956,1.00,1.12
2017.01.26 02:32:58.772,1.41935,1.41956,1.00,2.06
2017.01.26 02:32:58.924,1.41933,1.41955,1.50,1.56
2017.01.26 02:32:58.975,1.41933,1.41955,1.50,1.00
2017.01.26 02:32:59.076,1.41933,1.41952,1.50,1.00
2017.01.26 02:32:59.616,1.41934,1.41952,1.00,1.00
2017.01.26 02:33:00.090,1.41934,1.41952,1.50,1.00
2017.01.26 02:33:02.218,1.41935,1.41953,1.37,1.00
2017.01.26 02:33:02.731,1.41935,1.41954,1.37,1.00
2017.01.26 02:33:03.799,1.41936,1.41955,2.25,1.00
2017.01.26 02:33:04.000,1.41936,1.41955,1.00,1.00
2017.01.26 02:33:04.153,1.41935,1.41955,1.00,1.94
2017.01.26 02:33:04.254,1.41931,1.41951,1.87,1.56
2017.01.26 02:33:04.407,1.41933,1.41952,1.12,1.00
2017.01.26 02:33:04.914,1.41931,1.41952,1.50,1.00
2017.01.26 02:33:05.854,1.41948,1.41953,1.00,1.00
2017.01.26 02:33:05.905,1.41933,1.41954,1.12,1.87
2017.01.26 02:33:06.001,1.41932,1.41952,1.50,1.00
2017.01.26 02:33:06.204,1.41931,1.41952,2.62,1.19
2017.01.26 02:33:06.356,1.41931,1.41952,1.87,1.56
2017.01.26 02:33:06.761,1.4193,1.41949,1.37,1.56
2017.01.26 02:33:07.308,1.41928,1.41947,1.12,1.56
2017.01.26 02:33:07.841,1.41929,1.41947,1.37,1.56
2017.01.26 02:33:08.365,1.41929,1.41947,1.37,1.00
2017.01.26 02:33:11.990,1.41928,1.41947,1.00,1.56
2017.01.26 02:33:12.041,1.41928,1.41947,1.25,1.00
2017.01.26 02:33:12.548,1.41927,1.41945,1.50,1.00
2017.01.26 02:33:13.087,1.41926,1.41946,2.81,1.00
2017.01.26 02:33:14.977,1.41926,1.41945,1.87,1.00
2017.01.26 02:33:15.079,1.41926,1.41944,1.00,1.50
2017.01.26 02:33:15.130,1.41926,1.41943,1.00,1.37
2017.01.26 02:33:15.496,1.41925,1.41945,1.37,1.50
2017.01.26 02:33:15.547,1.41925,1.41945,2.44,1.00
2017.01.26 02:33:15.773,1.41927,1.41945,1.25,1.00
2017.01.26 02:33:16.806,1.41927,1.41946,1.00,1.00
2017.01.26 02:33:17.343,1.41926,1.41946,2.06,1.00
2017.01.26 02:33:17.976,1.41926,1.41945,2.06,1.00
2017.01.26 02:33:19.868,1.41926,1.41945,2.06,1.00
2017.01.26 02:33:20.753,1.41939,1.41947,1.00,1.50
2017.01.26 02:33:21.331,1.4194,1.41946,1.00,1.00
2017.01.26 02:33:21.656,1.4194,1.41946,1.00,1.00
2017.01.26 02:33:21.757,1.41934,1.41951,1.87,2.00
2017.01.26 02:33:21.882,1.41935,1.41953,1.00,1.19
2017.01.26 02:33:21.933,1.41938,1.41954,1.87,1.31
2017.01.26 02:33:21.984,1.4194,1.41958,1.87,2.00
2017.01.26 02:33:22.035,1.4194,1.41958,2.62,1.25
2017.01.26 02:33:22.087,1.4194,1.4196,1.50,1.00
2017.01.26 02:33:22.189,1.41946,1.4196,1.00,1.00
2017.01.26 02:33:22.342,1.41943,1.41963,1.12,1.69
2017.01.26 02:33:22.435,1.41946,1.41964,1.00,1.87
2017.01.26 02:33:22.979,1.41946,1.41964,1.00,1.50
2017.01.26 02:33:23.539,1.41945,1.41964,1.00,2.25
2017.01.26 02:33:24.081,1.41946,1.41965,1.00,1.00
2017.01.26 02:33:24.132,1.41944,1.41965,1.87,1.00
2017.01.26 02:33:24.233,1.41947,1.41965,1.00,1.00
2017.01.26 02:33:24.537,1.41945,1.41965,1.00,1.00
2017.01.26 02:33:24.588,1.41945,1.41963,1.00,1.00
2017.01.26 02:33:24.896,1.41944,1.41961,1.00,1.00
2017.01.26 02:33:25.216,1.41944,1.4196,1.00,1.19
2017.01.26 02:33:27.394,1.41946,1.4196,1.00,1.19
2017.01.26 02:33:27.497,1.41946,1.4196,1.00,1.00
2017.01.26 02:33:28.844,1.41946,1.41961,1.00,1.00
2017.01.26 02:33:29.102,1.41946,1.41963,1.00,1.00
2017.01.26 02:33:29.670,1.41946,1.41962,1.00,1.00
2017.01.26 02:33:31.428,1.41946,1.41963,1.00,1.00
2017.01.26 02:33:31.707,1.41946,1.41961,1.00,1.00
2017.01.26 02:33:31.758,1.41947,1.41963,1.00,1.00
2017.01.26 02:33:31.885,1.41944,1.41963,1.12,1.00
2017.01.26 02:33:32.386,1.41944,1.41964,1.00,2.06
2017.01.26 02:33:33.006,1.41944,1.41962,1.00,1.12
2017.01.26 02:33:33.417,1.41944,1.41962,1.00,1.31
2017.01.26 02:33:36.076,1.41944,1.4196,1.00,1.19
2017.01.26 02:33:36.616,1.41943,1.4196,1.00,1.19
2017.01.26 02:33:37.533,1.41945,1.4196,1.00,1.19
2017.01.26 02:33:38.063,1.41945,1.4196,1.00,1.25
2017.01.26 02:33:38.783,1.41946,1.4196,1.00,1.25
2017.01.26 02:33:40.647,1.41946,1.41962,1.00,1.31
2017.01.26 02:33:40.748,1.41943,1.41962,1.12,1.12
2017.01.26 02:33:41.286,1.41943,1.41963,1.50,1.12
2017.01.26 02:33:41.540,1.41945,1.41964,1.00,1.00
2017.01.26 02:33:42.052,1.41944,1.41964,1.50,1.25
2017.01.26 02:33:43.572,1.41945,1.41964,1.50,1.25
2017.01.26 02:33:43.909,1.41945,1.41966,1.37,1.00
2017.01.26 02:33:43.961,1.41945,1.41966,1.12,1.00
2017.01.26 02:33:44.519,1.41945,1.41965,1.12,1.00
2017.01.26 02:33:44.874,1.41943,1.41966,3.00,1.69
2017.01.26 02:33:44.926,1.41943,1.41966,2.55,1.12
2017.01.26 02:33:45.428,1.41946,1.41965,1.00,1.00
2017.01.26 02:33:45.683,1.41943,1.41963,1.00,1.00
2017.01.26 02:33:45.935,1.41945,1.41963,1.00,1.00
2017.01.26 02:33:46.503,1.41944,1.41963,1.00,1.00
2017.01.26 02:33:47.012,1.41945,1.41963,1.00,1.00
2017.01.26 02:33:48.023,1.41945,1.41964,1.00,1.12
2017.01.26 02:33:48.074,1.41943,1.41965,3.00,1.37
2017.01.26 02:33:49.953,1.41945,1.41964,1.00,1.25
2017.01.26 02:33:50.489,1.41945,1.41965,1.50,1.50
2017.01.26 02:33:51.275,1.41945,1.41965,2.25,1.12
2017.01.26 02:33:51.577,1.41949,1.41969,2.25,1.00
2017.01.26 02:33:51.678,1.41949,1.41969,1.12,1.00
2017.01.26 02:33:51.932,1.41949,1.41968,1.12,1.19
2017.01.26 02:33:53.692,1.41947,1.41966,2.62,1.00
2017.01.26 02:33:54.301,1.41947,1.41967,2.62,1.25
2017.01.26 02:33:54.847,1.41947,1.41969,2.62,1.50
2017.01.26 02:33:54.898,1.41947,1.41967,1.12,1.19
2017.01.26 02:33:55.985,1.41947,1.41967,1.12,1.19
2017.01.26 02:34:00.538,1.41947,1.41968,1.12,1.31
2017.01.26 02:34:01.231,1.41947,1.41968,2.62,1.19
2017.01.26 02:34:01.740,1.41947,1.41968,2.81,1.00
2017.01.26 02:34:02.001,1.41947,1.41968,1.87,1.69
2017.01.26 02:34:02.102,1.41947,1.41967,1.87,1.00
2017.01.26 02:34:03.542,1.41947,1.41968,1.87,1.25
2017.01.26 02:34:04.129,1.41947,1.41969,3.00,1.00
2017.01.26 02:34:05.016,1.41947,1.41968,2.25,1.19
2017.01.26 02:34:05.397,1.41947,1.41968,1.50,1.31
2017.01.26 02:34:08.344,1.41947,1.41968,1.50,1.19
2017.01.26 02:34:08.870,1.41947,1.41968,1.50,1.19
2017.01.26 02:34:09.419,1.41947,1.41968,2.25,1.19
2017.01.26 02:34:10.199,1.41947,1.41968,2.25,1.25
2017.01.26 02:34:10.719,1.41947,1.41969,2.25,1.50
2017.01.26 02:34:13.933,1.41947,1.41969,3.37,1.19
2017.01.26 02:34:14.434,1.41949,1.41969,1.00,1.00
2017.01.26 02:34:16.110,1.41949,1.41969,1.87,1.00
2017.01.26 02:34:17.078,1.41949,1.41969,1.50,1.00
2017.01.26 02:34:17.230,1.41949,1.41969,1.00,1.19
2017.01.26 02:34:18.434,1.41949,1.41968,1.00,1.31
2017.01.26 02:34:19.435,1.41949,1.41968,1.00,1.00
2017.01.26 02:34:19.738,1.41948,1.41969,2.25,1.00
2017.01.26 02:34:19.789,1.41947,1.41969,1.12,1.00
2017.01.26 02:34:19.840,1.41949,1.41971,1.50,1.12
2017.01.26 02:34:19.891,1.4195,1.41971,1.50,1.12
2017.01.26 02:34:20.251,1.4195,1.41969,2.06,1.00
2017.01.26 02:34:21.479,1.41949,1.41969,2.06,1.00
2017.01.26 02:34:22.088,1.4195,1.41969,1.00,1.00
2017.01.26 02:34:26.613,1.4195,1.4197,1.00,1.00
2017.01.26 02:34:26.714,1.4195,1.41972,1.19,1.50
2017.01.26 02:34:26.921,1.4195,1.41969,1.00,1.00
2017.01.26 02:34:29.650,1.4195,1.41969,1.19,1.00
2017.01.26 02:34:29.803,1.41953,1.41974,2.62,1.00
2017.01.26 02:34:29.904,1.41953,1.41975,1.12,1.50
2017.01.26 02:34:30.106,1.41954,1.41976,1.50,1.00
2017.01.26 02:34:30.310,1.41954,1.41974,1.50,1.00
2017.01.26 02:34:32.476,1.41952,1.41973,2.62,1.00
2017.01.26 02:34:32.628,1.41952,1.41974,1.87,1.12
2017.01.26 02:34:32.730,1.41954,1.41974,1.00,1.00
2017.01.26 02:34:33.255,1.41954,1.41973,1.00,1.00
2017.01.26 02:34:38.669,1.41952,1.41973,1.16,1.00
2017.01.26 02:34:39.612,1.41952,1.41971,1.50,1.00
2017.01.26 02:34:40.168,1.41951,1.41971,1.50,1.00
2017.01.26 02:34:40.716,1.41953,1.41971,1.00,1.00
2017.01.26 02:34:42.290,1.4195,1.41971,2.25,1.00
2017.01.26 02:34:43.460,1.41951,1.41971,2.62,1.00
2017.01.26 02:34:43.562,1.41951,1.41972,1.50,1.00
2017.01.26 02:34:43.613,1.41951,1.41972,1.87,1.00
2017.01.26 02:34:44.220,1.41951,1.41971,1.12,1.00
2017.01.26 02:34:51.718,1.41951,1.41969,1.12,1.00
2017.01.26 02:34:55.707,1.41951,1.41971,1.69,1.00
2017.01.26 02:34:56.145,1.41951,1.41971,1.80,1.00
2017.01.26 02:34:56.196,1.41951,1.41974,2.17,1.50
2017.01.26 02:34:56.247,1.41951,1.41974,3.00,1.50
2017.01.26 02:34:56.674,1.41951,1.41972,2.62,1.00
2017.01.26 02:34:57.233,1.41951,1.41971,2.62,1.00
2017.01.26 02:35:01.866,1.41952,1.41973,2.25,1.00
2017.01.26 02:35:01.917,1.41951,1.41973,1.87,1.00
2017.01.26 02:35:02.120,1.41956,1.41972,1.87,1.50
2017.01.26 02:35:02.272,1.41957,1.41979,1.50,2.62
2017.01.26 02:35:02.818,1.41954,1.41976,1.87,1.25
2017.01.26 02:35:04.310,1.41957,1.41977,1.00,1.31
2017.01.26 02:35:04.361,1.41961,1.41979,1.87,1.12
2017.01.26 02:35:04.412,1.41961,1.41981,2.62,1.31
2017.01.26 02:35:04.463,1.4196,1.41983,1.12,1.31
2017.01.26 02:35:04.662,1.41959,1.41977,1.00,1.00
2017.01.26 02:35:05.168,1.41958,1.41976,1.19,1.00
2017.01.26 02:35:05.390,1.41958,1.41978,1.56,1.00
2017.01.26 02:35:05.804,1.41958,1.41976,1.31,1.00
2017.01.26 02:35:07.540,1.41958,1.41975,1.19,1.00
2017.01.26 02:35:08.449,1.41958,1.41976,1.19,1.25
2017.01.26 02:35:08.988,1.41958,1.41977,1.19,1.00
2017.01.26 02:35:09.912,1.4196,1.41979,2.06,1.87
2017.01.26 02:35:10.117,1.41961,1.41981,1.00,1.87
2017.01.26 02:35:10.628,1.41958,1.41979,2.44,1.19
2017.01.26 02:35:10.679,1.4196,1.41979,1.19,1.19
2017.01.26 02:35:11.504,1.4196,1.41979,1.19,1.19
2017.01.26 02:35:12.039,1.4196,1.41979,1.19,1.19
2017.01.26 02:35:16.062,1.4196,1.41979,1.19,1.19
2017.01.26 02:35:17.764,1.4196,1.41979,1.19,1.00
2017.01.26 02:35:21.305,1.4196,1.41979,1.19,1.19
2017.01.26 02:35:22.969,1.4196,1.41979,1.19,1.00
2017.01.26 02:35:23.705,1.4196,1.4198,2.25,1.00
2017.01.26 02:35:24.217,1.41961,1.41979,1.00,1.00
2017.01.26 02:35:24.673,1.4196,1.41979,1.00,1.37
2017.01.26 02:35:25.207,1.41958,1.41977,1.69,1.37
2017.01.26 02:35:29.150,1.41958,1.41978,1.00,1.12
2017.01.26 02:35:29.252,1.41956,1.41977,4.31,1.00
2017.01.26 02:35:29.404,1.41957,1.41977,1.00,1.12
2017.01.26 02:35:29.455,1.4196,1.41977,1.00,1.50
2017.01.26 02:35:29.506,1.41956,1.41977,2.25,1.87
2017.01.26 02:35:30.076,1.41955,1.41976,1.19,1.87
2017.01.26 02:35:31.109,1.41956,1.41974,1.25,1.12
2017.01.26 02:35:31.709,1.41957,1.41976,1.87,1.50
2017.01.26 02:35:31.760,1.41957,1.41976,1.00,1.50
2017.01.26 02:35:31.893,1.41958,1.41976,1.19,1.00
2017.01.26 02:35:32.146,1.41958,1.41978,1.19,1.50
2017.01.26 02:35:32.197,1.41958,1.41976,1.19,1.00
2017.01.26 02:35:32.515,1.41957,1.41977,1.50,1.00
2017.01.26 02:35:32.667,1.41957,1.41975,1.50,1.00
2017.01.26 02:35:33.327,1.41958,1.41975,1.00,1.00
2017.01.26 02:35:33.852,1.41957,1.41977,1.00,1.00
2017.01.26 02:35:34.410,1.41957,1.41976,1.00,1.00
2017.01.26 02:35:34.991,1.41957,1.41974,1.00,1.00
2017.01.26 02:35:35.234,1.41955,1.41974,1.25,1.00
2017.01.26 02:35:35.387,1.41953,1.4197,1.69,1.00
2017.01.26 02:35:35.488,1.41953,1.41972,1.69,1.12
2017.01.26 02:35:35.989,1.41953,1.41971,2.44,1.00
2017.01.26 02:35:36.504,1.41953,1.4197,1.19,1.00
2017.01.26 02:35:36.611,1.41952,1.4197,1.19,1.00
2017.01.26 02:35:36.712,1.4195,1.41969,1.19,1.37
2017.01.26 02:35:36.849,1.41947,1.41968,1.69,1.12
2017.01.26 02:35:36.900,1.41949,1.41968,2.62,1.12
2017.01.26 02:35:36.951,1.41949,1.4197,3.00,1.12
2017.01.26 02:35:37.103,1.41954,1.41971,1.00,1.12
2017.01.26 02:35:37.525,1.41951,1.4197,1.19,1.00
2017.01.26 02:35:38.038,1.41949,1.41971,2.44,1.37
2017.01.26 02:35:38.191,1.4195,1.41972,2.81,1.00
2017.01.26 02:35:38.730,1.41951,1.41972,1.31,1.00
2017.01.26 02:35:39.237,1.41951,1.41971,1.31,1.00
2017.01.26 02:35:41.910,1.41951,1.4197,1.31,1.00
2017.01.26 02:35:42.113,1.41949,1.41967,1.69,1.00
2017.01.26 02:35:42.521,1.41949,1.41969,1.19,1.12
2017.01.26 02:35:45.039,1.41949,1.41968,1.19,1.00
2017.01.26 02:35:45.576,1.41949,1.4197,1.19,3.00
2017.01.26 02:35:48.378,1.41949,1.41968,1.19,1.00
2017.01.26 02:35:48.429,1.41949,1.41969,1.19,1.19
2017.01.26 02:35:49.318,1.41949,1.41969,1.19,1.69
2017.01.26 02:35:50.028,1.41951,1.41969,1.19,1.00
2017.01.26 02:35:50.281,1.41954,1.41973,1.31,1.31
2017.01.26 02:35:50.484,1.41953,1.4197,1.00,1.19
2017.01.26 02:35:50.535,1.41951,1.4197,1.69,1.56
2017.01.26 02:35:51.417,1.41951,1.4197,1.69,1.69
2017.01.26 02:35:52.417,1.41951,1.41972,2.06,1.00
2017.01.26 02:35:52.570,1.41953,1.41974,1.50,1.00
2017.01.26 02:35:52.671,1.41955,1.41976,1.00,1.12
2017.01.26 02:35:53.192,1.41959,1.41976,1.00,1.12
2017.01.26 02:35:53.704,1.4196,1.41976,1.00,1.00
2017.01.26 02:35:54.817,1.41963,1.41976,1.00,1.00
2017.01.26 02:35:55.026,1.41963,1.41978,1.00,1.00
2017.01.26 02:35:55.531,1.41963,1.41979,1.00,2.25
2017.01.26 02:35:56.045,1.41962,1.41979,1.00,1.50
2017.01.26 02:35:56.219,1.41964,1.41979,1.00,1.50
2017.01.26 02:35:58.221,1.41961,1.4198,1.00,1.87
2017.01.26 02:35:59.946,1.41963,1.41978,1.00,1.00
2017.01.26 02:36:00.563,1.41963,1.41979,1.00,1.50
2017.01.26 02:36:01.404,1.41963,1.41977,1.00,1.00
2017.01.26 02:36:03.253,1.4196,1.41977,1.00,1.00
2017.01.26 02:36:03.427,1.41962,1.41977,1.00,1.00
2017.01.26 02:36:07.092,1.41962,1.41979,1.00,1.50
2017.01.26 02:36:07.686,1.41962,1.41978,1.00,1.00
2017.01.26 02:36:09.145,1.41965,1.41978,1.00,1.00
2017.01.26 02:36:09.941,1.41964,1.41979,1.00,1.00
2017.01.26 02:36:10.385,1.41964,1.41982,1.00,1.50
2017.01.26 02:36:10.487,1.41964,1.41979,1.00,1.00
2017.01.26 02:36:15.950,1.41966,1.41983,1.00,1.12
2017.01.26 02:36:16.153,1.4197,1.41988,1.37,1.87
2017.01.26 02:36:16.306,1.4197,1.41989,1.00,1.25
2017.01.26 02:36:16.357,1.4197,1.41989,1.00,1.19
2017.01.26 02:36:16.687,1.4197,1.41986,1.00,1.19
2017.01.26 02:36:17.040,1.4197,1.41987,1.00,1.31
2017.01.26 02:36:17.227,1.41974,1.4199,1.00,2.06
2017.01.26 02:36:17.279,1.41974,1.41991,1.00,1.00
2017.01.26 02:36:17.330,1.41974,1.41989,1.00,1.25
2017.01.26 02:36:17.648,1.41967,1.41988,1.12,1.69
2017.01.26 02:36:20.055,1.41967,1.41987,1.00,1.50
2017.01.26 02:36:23.715,1.41967,1.41986,1.00,1.75
2017.01.26 02:36:23.918,1.41965,1.41985,1.00,2.81
2017.01.26 02:36:23.972,1.41965,1.41981,1.00,1.00
2017.01.26 02:36:24.501,1.41964,1.41981,1.00,1.50
2017.01.26 02:36:27.640,1.41966,1.41981,1.00,1.50
2017.01.26 02:36:27.929,1.41964,1.41981,1.00,1.00
2017.01.26 02:36:27.980,1.41964,1.41983,1.00,1.00
2017.01.26 02:36:28.032,1.41967,1.41984,1.37,1.12
2017.01.26 02:36:28.260,1.41969,1.41987,1.00,1.25
2017.01.26 02:36:28.781,1.41969,1.41986,1.00,1.00
2017.01.26 02:36:31.457,1.4197,1.41986,1.00,1.19
2017.01.26 02:36:31.660,1.41968,1.41987,1.00,1.69
2017.01.26 02:36:31.762,1.41969,1.41987,1.00,1.19
2017.01.26 02:36:31.880,1.41969,1.41986,1.00,1.31
2017.01.26 02:36:32.184,1.4197,1.41989,1.37,2.06
2017.01.26 02:36:32.336,1.41971,1.4199,1.00,1.25
2017.01.26 02:36:32.640,1.41974,1.4199,1.00,1.50
2017.01.26 02:36:32.943,1.41972,1.41989,1.00,1.19
2017.01.26 02:36:33.236,1.4197,1.41987,1.00,1.00
2017.01.26 02:36:33.338,1.4197,1.41987,1.00,1.19
2017.01.26 02:36:33.865,1.41969,1.41988,1.00,2.06
2017.01.26 02:36:34.454,1.41969,1.41987,1.00,1.00
2017.01.26 02:36:35.012,1.41968,1.41988,1.00,1.19
2017.01.26 02:36:35.063,1.41971,1.41988,1.00,1.19
2017.01.26 02:36:35.412,1.41971,1.41988,1.00,1.31
2017.01.26 02:36:35.682,1.41971,1.41989,1.00,1.69
2017.01.26 02:36:36.234,1.41972,1.41989,1.00,1.69
2017.01.26 02:36:36.757,1.41971,1.4199,1.00,1.31
2017.01.26 02:36:37.367,1.41971,1.41988,1.00,1.19
2017.01.26 02:36:39.876,1.41971,1.41988,1.19,1.00
2017.01.26 02:36:39.927,1.41971,1.4199,3.19,1.00
2017.01.26 02:36:40.130,1.41978,1.41995,1.00,1.00
2017.01.26 02:36:40.282,1.41978,1.41997,1.12,1.25
2017.01.26 02:36:40.586,1.41977,1.41994,1.00,1.00
2017.01.26 02:36:40.889,1.41977,1.41995,1.00,1.19
2017.01.26 02:36:40.940,1.41974,1.41995,1.19,1.19
2017.01.26 02:36:41.094,1.41974,1.41996,1.31,1.69
2017.01.26 02:36:41.704,1.41974,1.41996,1.31,1.69
2017.01.26 02:36:41.859,1.41973,1.41995,2.44,3.19
2017.01.26 02:36:44.449,1.41975,1.41992,1.25,1.00
2017.01.26 02:36:45.540,1.41975,1.41994,1.25,1.69
2017.01.26 02:36:46.061,1.41975,1.41992,1.25,1.00
2017.01.26 02:36:46.367,1.41984,1.42004,1.00,1.19
2017.01.26 02:36:46.468,1.41984,1.42004,1.00,1.69
2017.01.26 02:36:46.772,1.41981,1.41999,1.00,1.19
2017.01.26 02:36:46.975,1.41981,1.41999,1.00,1.25
2017.01.26 02:36:47.077,1.41981,1.41999,1.00,2.06
2017.01.26 02:36:47.583,1.4198,1.41998,1.00,1.69
2017.01.26 02:36:48.894,1.4198,1.41997,1.00,1.00
2017.01.26 02:36:49.046,1.41981,1.42001,1.87,2.81
2017.01.26 02:36:49.148,1.41984,1.42003,2.62,1.12
2017.01.26 02:36:49.351,1.41985,1.42004,1.00,1.31
2017.01.26 02:36:49.453,1.41983,1.42002,1.12,1.00
2017.01.26 02:36:49.503,1.41983,1.42002,1.12,1.19
2017.01.26 02:36:49.807,1.41979,1.41998,1.00,1.69
2017.01.26 02:36:53.058,1.41979,1.41999,1.00,2.06
2017.01.26 02:36:53.464,1.41979,1.41999,1.00,2.44
2017.01.26 02:36:53.667,1.41979,1.41999,2.81,1.00
2017.01.26 02:36:53.718,1.41981,1.42001,2.25,1.00
2017.01.26 02:36:53.820,1.41984,1.42003,1.00,1.25
2017.01.26 02:36:53.871,1.41984,1.42003,1.00,1.19
2017.01.26 02:36:53.973,1.41984,1.42002,1.00,1.00
2017.01.26 02:36:54.075,1.41984,1.42002,1.00,1.19
2017.01.26 02:36:54.177,1.41981,1.42001,1.50,1.19
2017.01.26 02:36:54.633,1.41982,1.42001,1.37,1.19
2017.01.26 02:36:55.362,1.41982,1.42002,1.37,1.19
2017.01.26 02:36:56.614,1.41982,1.42002,1.00,1.19
2017.01.26 02:36:57.815,1.41981,1.41998,1.00,1.25
2017.01.26 02:36:57.866,1.41981,1.41998,1.00,1.56
2017.01.26 02:36:58.395,1.4198,1.41998,1.00,1.56
2017.01.26 02:36:58.699,1.41981,1.42001,1.00,1.19
2017.01.26 02:36:59.104,1.41981,1.41999,1.00,1.69
2017.01.26 02:36:59.414,1.41978,1.41997,1.50,1.00
2017.01.26 02:36:59.566,1.41978,1.41997,1.87,1.19
2017.01.26 02:37:00.077,1.41978,1.41997,1.87,1.25
2017.01.26 02:37:01.195,1.41978,1.42,1.87,1.19
2017.01.26 02:37:01.246,1.41983,1.42002,1.19,1.56
2017.01.26 02:37:01.347,1.41987,1.42006,1.87,1.69
2017.01.26 02:37:01.398,1.41991,1.42006,1.00,1.00
2017.01.26 02:37:01.449,1.41991,1.42007,1.00,1.12
2017.01.26 02:37:01.500,1.41986,1.42004,1.69,1.50
2017.01.26 02:37:01.602,1.41982,1.42002,2.25,2.81
2017.01.26 02:37:01.653,1.41981,1.42,1.00,1.00
2017.01.26 02:37:01.755,1.41981,1.41998,1.00,1.00
2017.01.26 02:37:01.883,1.41978,1.41998,1.25,1.50
2017.01.26 02:37:02.086,1.4198,1.41999,1.00,1.69
2017.01.26 02:37:03.669,1.4198,1.41999,1.00,1.50
2017.01.26 02:37:04.375,1.4198,1.41997,1.00,1.00
2017.01.26 02:37:04.578,1.4198,1.41999,1.00,1.00
2017.01.26 02:37:04.681,1.4198,1.41997,1.00,1.00
2017.01.26 02:37:04.833,1.4198,1.41999,1.00,1.50
2017.01.26 02:37:05.334,1.4198,1.41999,1.00,1.19
2017.01.26 02:37:05.602,1.41982,1.41999,1.00,1.00
2017.01.26 02:37:07.181,1.41982,1.41999,1.00,1.62
2017.01.26 02:37:07.283,1.4198,1.41997,1.00,1.00
2017.01.26 02:37:11.497,1.4198,1.41999,1.00,1.25
2017.01.26 02:37:18.714,1.4198,1.41998,1.00,1.00
2017.01.26 02:37:19.590,1.41981,1.41998,1.00,1.00
2017.01.26 02:37:22.249,1.41981,1.42,1.00,2.06
2017.01.26 02:37:22.763,1.41982,1.42,1.00,1.69
2017.01.26 02:37:23.617,1.41981,1.42,1.00,1.69
2017.01.26 02:37:24.192,1.4198,1.42,1.50,1.69
2017.01.26 02:37:24.449,1.41978,1.42,1.50,2.06
2017.01.26 02:37:24.703,1.41979,1.41999,2.81,1.00
2017.01.26 02:37:24.754,1.41979,1.42001,1.69,1.00
2017.01.26 02:37:25.086,1.4198,1.41998,1.69,1.00
2017.01.26 02:37:25.138,1.41979,1.41998,1.50,1.00
2017.01.26 02:37:25.290,1.41978,1.41998,1.31,1.00
2017.01.26 02:37:26.134,1.4198,1.41997,1.25,1.37
2017.01.26 02:37:26.235,1.41977,1.41996,1.69,1.00
2017.01.26 02:37:26.846,1.41977,1.41995,1.00,1.00
2017.01.26 02:37:27.252,1.4198,1.41998,1.00,1.87
2017.01.26 02:37:27.409,1.4198,1.41999,1.00,2.44
2017.01.26 02:37:27.501,1.41977,1.41997,1.00,1.31
2017.01.26 02:37:27.755,1.41975,1.41995,1.50,1.69
2017.01.26 02:37:27.858,1.41977,1.41996,1.00,1.56
2017.01.26 02:37:28.239,1.41979,1.41995,1.00,1.00
2017.01.26 02:37:29.335,1.41979,1.41996,1.00,1.19
2017.01.26 02:37:30.209,1.41979,1.41996,1.00,1.00
2017.01.26 02:37:32.035,1.41979,1.41996,1.00,1.31
2017.01.26 02:37:32.136,1.41976,1.41996,1.12,1.19
2017.01.26 02:37:32.288,1.41976,1.41997,1.87,2.44
2017.01.26 02:37:32.440,1.41979,1.41999,1.62,1.12
2017.01.26 02:37:32.967,1.41981,1.42001,1.50,1.50
2017.01.26 02:37:33.069,1.41983,1.42001,1.00,1.50
2017.01.26 02:37:33.721,1.41981,1.42001,1.50,1.31
2017.01.26 02:37:34.229,1.41981,1.42001,1.50,1.56
2017.01.26 02:37:34.389,1.41982,1.42001,1.37,1.19
2017.01.26 02:37:34.440,1.41985,1.42004,1.00,1.50
2017.01.26 02:37:34.554,1.41988,1.42007,1.00,1.31
2017.01.26 02:37:34.606,1.41988,1.42008,1.00,1.69
2017.01.26 02:37:34.657,1.41988,1.42008,1.00,2.06
2017.01.26 02:37:35.165,1.41988,1.42007,1.00,1.19
2017.01.26 02:37:36.228,1.41988,1.42008,2.25,1.00
2017.01.26 02:37:36.734,1.41991,1.4201,1.00,1.31
2017.01.26 02:37:37.038,1.41988,1.42008,1.00,1.56
2017.01.26 02:37:37.533,1.41987,1.42007,1.00,2.44
2017.01.26 02:37:39.827,1.41987,1.42009,1.50,1.50
2017.01.26 02:37:40.056,1.41992,1.42012,1.00,1.69
2017.01.26 02:37:40.318,1.41992,1.42012,1.00,2.44
2017.01.26 02:37:43.027,1.41992,1.42012,1.00,2.81
2017.01.26 02:37:43.331,1.41989,1.42009,1.50,2.06
2017.01.26 02:37:44.359,1.41989,1.42006,1.00,1.19
2017.01.26 02:37:45.480,1.4199,1.42003,1.00,1.25
2017.01.26 02:37:45.835,1.41991,1.42007,1.00,1.62
2017.01.26 02:37:46.394,1.41991,1.42006,1.00,1.37
2017.01.26 02:37:46.648,1.41985,1.42002,1.00,1.25
2017.01.26 02:37:46.779,1.41987,1.42002,1.00,1.69
2017.01.26 02:37:47.060,1.41985,1.42001,1.00,1.00
2017.01.26 02:37:47.852,1.41984,1.42002,1.00,1.37
2017.01.26 02:37:48.381,1.41986,1.42002,1.00,1.00
2017.01.26 02:37:52.205,1.41986,1.42004,1.00,1.37
2017.01.26 02:37:59.217,1.41986,1.42006,1.50,1.50
2017.01.26 02:37:59.323,1.41986,1.42004,1.75,1.12
2017.01.26 02:37:59.793,1.4199,1.42008,1.50,1.00
2017.01.26 02:38:00.301,1.41991,1.42008,1.00,1.00
2017.01.26 02:38:01.480,1.41993,1.42008,1.00,1.00
2017.01.26 02:38:01.907,1.41985,1.42005,3.00,1.12
2017.01.26 02:38:02.009,1.41982,1.42002,1.00,1.00
2017.01.26 02:38:02.584,1.41983,1.42001,1.00,1.00
2017.01.26 02:38:03.160,1.41982,1.42001,1.00,1.12
2017.01.26 02:38:03.363,1.41981,1.41998,1.00,1.00
2017.01.26 02:38:03.986,1.41982,1.41997,1.00,1.00
2017.01.26 02:38:04.038,1.41982,1.41999,1.00,1.00
2017.01.26 02:38:04.190,1.41981,1.41996,1.00,1.00
2017.01.26 02:38:04.241,1.41981,1.41998,1.00,1.00
2017.01.26 02:38:04.748,1.41982,1.42001,1.00,1.50
2017.01.26 02:38:04.910,1.41982,1.42,1.87,1.37
2017.01.26 02:38:05.063,1.41986,1.42007,1.00,1.75
2017.01.26 02:38:05.165,1.41987,1.42006,1.00,1.37
2017.01.26 02:38:05.419,1.41987,1.42005,1.00,3.56
2017.01.26 02:38:05.471,1.41983,1.42,1.00,1.00
2017.01.26 02:38:05.573,1.41981,1.42,1.00,1.50
2017.01.26 02:38:05.624,1.41981,1.41998,1.00,1.00
2017.01.26 02:38:06.197,1.41979,1.41998,1.50,1.00
2017.01.26 02:38:07.679,1.41981,1.41998,1.00,1.00
2017.01.26 02:38:08.166,1.41981,1.41995,1.50,1.00
2017.01.26 02:38:08.343,1.41981,1.41997,1.00,1.00
2017.01.26 02:38:08.984,1.4198,1.41997,1.00,1.00
2017.01.26 02:38:12.877,1.41979,1.41997,1.50,1.00
2017.01.26 02:38:12.979,1.41984,1.41997,1.00,1.00
2017.01.26 02:38:13.081,1.41984,1.41999,1.00,1.25
2017.01.26 02:38:13.284,1.41981,1.41999,1.00,1.87
2017.01.26 02:38:13.385,1.41981,1.41998,1.00,1.62
2017.01.26 02:38:13.689,1.41978,1.41996,2.25,1.00
2017.01.26 02:38:13.840,1.41979,1.42,3.37,2.62
2017.01.26 02:38:14.095,1.41987,1.42005,1.25,1.00
2017.01.26 02:38:14.364,1.41987,1.42003,1.00,1.00
2017.01.26 02:38:14.618,1.41983,1.42001,1.50,1.00
2017.01.26 02:38:15.023,1.41981,1.42002,1.50,1.87
2017.01.26 02:38:15.073,1.41981,1.41998,1.00,1.00
2017.01.26 02:38:15.327,1.41983,1.42002,1.00,1.50
2017.01.26 02:38:15.429,1.41985,1.42002,1.00,1.50
2017.01.26 02:38:16.164,1.41985,1.42,1.00,1.00
2017.01.26 02:38:16.519,1.41983,1.42,1.00,1.00
2017.01.26 02:38:16.722,1.41984,1.42003,1.25,1.50
2017.01.26 02:38:16.975,1.41986,1.42005,1.00,1.87
2017.01.26 02:38:17.077,1.41984,1.42005,1.69,2.25
2017.01.26 02:38:17.128,1.41987,1.42003,1.00,1.00
2017.01.26 02:38:17.230,1.41987,1.42007,1.00,1.87
2017.01.26 02:38:17.332,1.41991,1.42008,1.00,1.50
2017.01.26 02:38:18.360,1.41991,1.42009,1.00,1.50
2017.01.26 02:38:18.411,1.41994,1.42009,1.00,1.50
2017.01.26 02:38:19.451,1.41994,1.42007,1.00,1.00
2017.01.26 02:38:19.552,1.41994,1.42009,1.00,1.00
2017.01.26 02:38:19.654,1.41994,1.42012,1.00,1.00
2017.01.26 02:38:19.705,1.4199,1.42012,1.50,1.91
2017.01.26 02:38:19.907,1.41991,1.42006,1.00,1.00
2017.01.26 02:38:20.858,1.41991,1.4201,1.00,1.87
2017.01.26 02:38:20.909,1.41992,1.4201,1.00,1.50
2017.01.26 02:38:20.960,1.41992,1.42007,1.00,1.00
2017.01.26 02:38:21.213,1.41993,1.42011,1.00,1.00
2017.01.26 02:38:21.315,1.41991,1.42009,1.50,1.37
2017.01.26 02:38:21.631,1.41989,1.42006,1.00,1.12
2017.01.26 02:38:22.143,1.41989,1.42009,2.25,1.42
2017.01.26 02:38:22.195,1.41991,1.42011,1.50,2.62
2017.01.26 02:38:22.246,1.41991,1.42012,2.25,1.80
2017.01.26 02:38:22.367,1.41991,1.42012,1.50,1.80
2017.01.26 02:38:22.419,1.41994,1.42011,1.00,1.12
2017.01.26 02:38:22.936,1.41995,1.42012,1.00,1.37
2017.01.26 02:38:24.928,1.41995,1.42009,1.00,1.00
2017.01.26 02:38:25.107,1.41994,1.42013,1.50,2.62
2017.01.26 02:38:25.514,1.41993,1.4201,1.00,1.37
2017.01.26 02:38:26.033,1.41992,1.4201,1.50,1.37
2017.01.26 02:38:26.997,1.41993,1.4201,1.00,1.37
2017.01.26 02:38:27.534,1.41992,1.4201,1.50,1.37
2017.01.26 02:38:28.909,1.41994,1.42011,1.00,1.87
2017.01.26 02:38:29.112,1.41991,1.4201,1.50,1.12
2017.01.26 02:38:29.424,1.41993,1.42011,1.00,1.50
2017.01.26 02:38:29.577,1.41995,1.42013,1.00,1.37
2017.01.26 02:38:29.628,1.41997,1.42013,1.00,1.37
2017.01.26 02:38:29.933,1.41997,1.4201,1.00,1.00
2017.01.26 02:38:30.255,1.41996,1.42014,1.00,1.87
2017.01.26 02:38:30.306,1.41994,1.42014,1.00,1.41
2017.01.26 02:38:30.811,1.41995,1.42011,1.50,1.00
2017.01.26 02:38:31.014,1.41995,1.42011,1.00,1.03
2017.01.26 02:38:31.117,1.41994,1.42011,1.00,1.00
2017.01.26 02:38:31.621,1.41994,1.4201,1.00,1.00
2017.01.26 02:38:35.067,1.41993,1.4201,1.50,1.00
2017.01.26 02:38:35.119,1.41993,1.42012,1.50,1.00
2017.01.26 02:38:35.362,1.41993,1.42008,1.50,1.00
2017.01.26 02:38:35.514,1.41993,1.4201,1.00,1.00
2017.01.26 02:38:35.729,1.41993,1.42012,1.00,1.00
2017.01.26 02:38:35.830,1.41993,1.42013,1.00,1.91
2017.01.26 02:38:36.161,1.41993,1.42008,1.00,1.00
2017.01.26 02:38:36.693,1.41992,1.42008,1.50,1.00
2017.01.26 02:38:39.006,1.41992,1.4201,1.00,1.00
2017.01.26 02:38:39.264,1.41992,1.42008,1.00,1.00
2017.01.26 02:38:39.416,1.4199,1.42008,1.12,1.00
2017.01.26 02:38:40.057,1.41991,1.42008,1.00,1.00
2017.01.26 02:38:41.226,1.4199,1.42008,1.00,1.00
2017.01.26 02:38:41.277,1.41989,1.42006,1.00,2.62
2017.01.26 02:38:41.536,1.41985,1.42004,1.00,2.25
2017.01.26 02:38:41.691,1.41985,1.41999,1.00,1.87
2017.01.26 02:38:41.742,1.41982,1.41999,1.37,3.00
2017.01.26 02:38:41.843,1.41977,1.41997,1.87,1.12
2017.01.26 02:38:41.895,1.41978,1.42,1.37,1.87
2017.01.26 02:38:41.946,1.41978,1.42,3.37,1.12
2017.01.26 02:38:42.048,1.41982,1.42002,1.00,1.12
2017.01.26 02:38:42.352,1.41984,1.42004,1.00,2.81
2017.01.26 02:38:42.693,1.41985,1.42003,1.00,1.75
2017.01.26 02:38:42.744,1.41982,1.42002,1.50,1.12
2017.01.26 02:38:42.846,1.41982,1.42004,1.50,1.87
2017.01.26 02:38:42.948,1.41984,1.42004,1.00,1.37
2017.01.26 02:38:43.491,1.41984,1.42005,1.50,1.37
2017.01.26 02:38:44.514,1.41985,1.42007,2.62,2.25
2017.01.26 02:38:44.717,1.41994,1.42014,1.12,1.87
2017.01.26 02:38:44.869,1.41994,1.42014,1.00,1.87
2017.01.26 02:38:44.921,1.41992,1.42013,1.12,1.87
2017.01.26 02:38:45.427,1.41992,1.42011,1.00,2.25
2017.01.26 02:38:45.579,1.41992,1.4201,1.00,1.12
2017.01.26 02:38:45.731,1.4199,1.4201,1.00,3.00
2017.01.26 02:38:46.334,1.41989,1.4201,1.00,1.50
2017.01.26 02:38:47.284,1.41991,1.4201,1.00,1.12
2017.01.26 02:38:47.813,1.41991,1.42011,1.00,1.50
2017.01.26 02:38:48.528,1.4199,1.42011,1.00,1.50
2017.01.26 02:38:48.871,1.41999,1.42017,1.00,1.87
2017.01.26 02:38:49.159,1.41996,1.42015,1.00,1.50
2017.01.26 02:38:49.622,1.41996,1.42016,1.00,1.87
2017.01.26 02:38:50.128,1.41993,1.42013,1.87,1.00
2017.01.26 02:38:52.282,1.41993,1.42014,1.37,1.12
2017.01.26 02:38:52.788,1.41996,1.42014,1.00,1.37
2017.01.26 02:38:53.459,1.41993,1.42015,1.00,1.00
2017.01.26 02:38:53.510,1.41992,1.42015,2.06,2.25
2017.01.26 02:38:53.866,1.41993,1.42013,1.00,2.62
2017.01.26 02:38:53.967,1.41991,1.42011,1.25,1.12
2017.01.26 02:38:54.197,1.41993,1.42011,1.00,1.12
2017.01.26 02:39:01.601,1.41992,1.42013,1.50,2.06
2017.01.26 02:39:01.703,1.4199,1.42013,1.50,2.06
2017.01.26 02:39:03.224,1.4199,1.42012,1.00,2.06
2017.01.26 02:39:03.325,1.4199,1.4201,1.00,1.19
2017.01.26 02:39:03.427,1.41989,1.42012,1.87,2.06
2017.01.26 02:39:03.529,1.41989,1.42012,2.25,2.62
2017.01.26 02:39:03.684,1.41991,1.42012,1.00,1.50
2017.01.26 02:39:04.207,1.4199,1.42012,1.00,1.25
2017.01.26 02:39:06.711,1.41992,1.42012,1.00,1.00
2017.01.26 02:39:07.667,1.41991,1.42012,1.00,1.00
2017.01.26 02:39:09.013,1.41991,1.4201,1.00,1.00
2017.01.26 02:39:10.341,1.41989,1.4201,1.50,1.00
2017.01.26 02:39:10.544,1.41991,1.4201,1.00,1.00
2017.01.26 02:39:11.628,1.41989,1.4201,1.69,1.00
2017.01.26 02:39:12.205,1.41989,1.4201,1.69,1.00
2017.01.26 02:39:13.246,1.4199,1.4201,1.00,1.00
2017.01.26 02:39:17.155,1.4199,1.42012,1.00,1.00
2017.01.26 02:39:18.508,1.41991,1.42012,1.00,1.87
2017.01.26 02:39:18.813,1.41988,1.42008,1.19,1.87
2017.01.26 02:39:19.784,1.41987,1.42008,1.50,1.12
2017.01.26 02:39:20.215,1.41987,1.42007,2.06,1.50
2017.01.26 02:39:20.267,1.41989,1.42008,1.31,1.00
2017.01.26 02:39:20.372,1.4199,1.42011,1.87,2.44
2017.01.26 02:39:20.473,1.41996,1.42015,1.00,1.00
2017.01.26 02:39:20.626,1.41996,1.42015,1.00,1.56
2017.01.26 02:39:20.677,1.41992,1.42015,1.87,1.31
2017.01.26 02:39:21.520,1.41991,1.42012,2.25,1.62
2017.01.26 02:39:21.571,1.41991,1.42012,2.25,1.31
2017.01.26 02:39:21.622,1.41991,1.4201,2.25,1.00
2017.01.26 02:39:21.724,1.4199,1.42009,1.00,1.50
2017.01.26 02:39:21.977,1.41992,1.42009,1.37,1.12
2017.01.26 02:39:22.079,1.41993,1.42015,1.19,1.87
2017.01.26 02:39:22.131,1.41993,1.42015,1.00,2.81
2017.01.26 02:39:23.612,1.41992,1.42013,1.12,1.69
2017.01.26 02:39:24.154,1.41992,1.42013,1.19,1.12
2017.01.26 02:39:24.256,1.41992,1.42014,1.00,3.37
2017.01.26 02:39:24.459,1.4199,1.42011,1.12,1.00
2017.01.26 02:39:24.661,1.4199,1.42009,1.12,1.00
2017.01.26 02:39:24.966,1.41991,1.42011,1.00,1.12
2017.01.26 02:39:25.176,1.41991,1.42012,1.31,1.50
2017.01.26 02:39:25.467,1.41994,1.42015,1.00,1.87
2017.01.26 02:39:25.518,1.41992,1.42014,1.12,1.37
2017.01.26 02:39:25.821,1.41989,1.4201,1.69,1.87
2017.01.26 02:39:25.923,1.4199,1.42012,1.37,3.75
2017.01.26 02:39:26.227,1.41992,1.4201,1.00,1.50
2017.01.26 02:39:26.330,1.4199,1.4201,1.00,2.62
2017.01.26 02:39:26.432,1.41989,1.4201,1.25,1.12
2017.01.26 02:39:26.483,1.41991,1.4201,1.00,1.12
2017.01.26 02:39:26.686,1.41991,1.42012,1.00,2.25
2017.01.26 02:39:26.736,1.41991,1.42012,1.19,2.25
2017.01.26 02:39:27.301,1.41992,1.42011,1.19,1.00
2017.01.26 02:39:27.902,1.41992,1.42012,1.19,1.50
2017.01.26 02:39:27.953,1.41989,1.42012,2.06,1.50
2017.01.26 02:39:28.469,1.41988,1.4201,1.31,1.37
2017.01.26 02:39:30.504,1.4199,1.4201,2.06,1.00
2017.01.26 02:39:30.707,1.41991,1.42013,1.62,1.12
2017.01.26 02:39:30.758,1.4199,1.42011,1.87,1.25
2017.01.26 02:39:30.961,1.4199,1.42011,1.50,1.31
2017.01.26 02:39:31.113,1.41989,1.42007,1.00,1.37
2017.01.26 02:39:31.165,1.41987,1.42007,1.00,1.87
2017.01.26 02:39:31.266,1.41987,1.42007,1.50,1.12
2017.01.26 02:39:31.317,1.41987,1.42007,1.12,1.12
2017.01.26 02:39:31.448,1.41987,1.42007,1.50,1.00
2017.01.26 02:39:31.499,1.41987,1.4201,1.00,2.62
2017.01.26 02:39:32.015,1.41988,1.4201,1.00,3.37
2017.01.26 02:39:32.234,1.41988,1.4201,1.00,3.37
2017.01.26 02:39:32.740,1.41989,1.42011,1.00,5.62
2017.01.26 02:39:33.392,1.41989,1.4201,1.37,1.37
2017.01.26 02:39:33.443,1.41989,1.42011,1.56,2.25
2017.01.26 02:39:33.595,1.41989,1.42012,2.44,1.87
2017.01.26 02:39:33.646,1.41989,1.42012,2.25,1.37
2017.01.26 02:39:33.697,1.41992,1.42011,1.12,1.00
2017.01.26 02:39:33.798,1.41987,1.42008,1.00,1.50
2017.01.26 02:39:33.849,1.41985,1.42005,1.69,1.00
2017.01.26 02:39:33.951,1.41985,1.42005,2.06,1.12
2017.01.26 02:39:34.002,1.41986,1.42007,1.62,1.12
2017.01.26 02:39:34.053,1.41989,1.42007,1.00,1.00
2017.01.26 02:39:34.104,1.41989,1.42009,1.12,1.50
2017.01.26 02:39:34.615,1.41989,1.42009,1.50,1.50
2017.01.26 02:39:35.678,1.41989,1.42009,1.00,1.50
2017.01.26 02:39:36.184,1.41988,1.42009,1.50,1.69
2017.01.26 02:39:37.458,1.41986,1.42007,1.37,1.69
2017.01.26 02:39:38.525,1.41985,1.42007,2.25,2.06
2017.01.26 02:39:39.378,1.41985,1.42005,1.50,1.31
2017.01.26 02:39:39.428,1.41983,1.42005,1.12,4.31
2017.01.26 02:39:40.152,1.41983,1.42002,1.00,1.00
2017.01.26 02:39:40.662,1.41985,1.42006,3.75,1.56
2017.01.26 02:39:40.764,1.41985,1.42008,2.62,1.50
2017.01.26 02:39:40.866,1.41986,1.4201,1.37,2.81
2017.01.26 02:39:41.069,1.41986,1.42006,1.00,1.00
2017.01.26 02:39:41.120,1.41984,1.42006,1.25,1.50
2017.01.26 02:39:41.627,1.41984,1.42005,1.00,1.62
2017.01.26 02:39:41.932,1.41982,1.42001,1.50,1.19
2017.01.26 02:39:48.675,1.41982,1.42005,1.87,3.19
2017.01.26 02:39:48.777,1.41984,1.42005,1.00,1.69
2017.01.26 02:39:49.081,1.41986,1.42005,1.12,1.19
2017.01.26 02:39:49.458,1.41984,1.42007,1.31,1.87
2017.01.26 02:39:49.796,1.41988,1.42007,1.00,1.87
2017.01.26 02:39:49.949,1.41986,1.42007,1.25,1.12
2017.01.26 02:39:50.050,1.41988,1.42007,1.00,1.12
2017.01.26 02:39:50.354,1.41988,1.42008,1.00,2.81
2017.01.26 02:39:50.467,1.41983,1.42005,1.50,1.56
2017.01.26 02:39:50.873,1.41983,1.42004,1.12,1.19
2017.01.26 02:39:50.975,1.41984,1.42005,1.37,1.31
2017.01.26 02:39:52.373,1.41985,1.42005,1.12,1.19
2017.01.26 02:39:54.351,1.41986,1.42005,1.00,1.19
2017.01.26 02:39:54.674,1.41986,1.42005,1.37,1.25
2017.01.26 02:39:55.324,1.41987,1.42006,1.12,1.19
2017.01.26 02:39:55.476,1.41987,1.42008,1.12,2.81
2017.01.26 02:39:55.680,1.41987,1.42008,1.87,2.81
2017.01.26 02:39:55.832,1.41987,1.42007,1.00,1.19
2017.01.26 02:39:56.375,1.41988,1.42007,1.00,1.31
2017.01.26 02:39:59.512,1.41987,1.42007,1.00,1.31
2017.01.26 02:39:59.665,1.41985,1.42006,1.87,2.44
2017.01.26 02:40:02.074,1.41984,1.42006,1.37,2.06
2017.01.26 02:40:02.372,1.41984,1.42006,1.37,1.94
2017.01.26 02:40:02.545,1.41985,1.42007,3.00,1.56
2017.01.26 02:40:02.715,1.41984,1.42007,1.75,3.19
2017.01.26 02:40:02.766,1.41986,1.42007,1.00,3.19
2017.01.26 02:40:02.970,1.41986,1.42005,1.50,1.56
2017.01.26 02:40:03.172,1.41984,1.42007,1.50,2.81
2017.01.26 02:40:03.376,1.41984,1.42005,1.50,1.19
2017.01.26 02:40:03.921,1.41984,1.42005,1.37,1.19
2017.01.26 02:40:07.257,1.41983,1.42005,3.37,1.69
2017.01.26 02:40:09.345,1.41986,1.42007,1.12,1.69
2017.01.26 02:40:09.446,1.41986,1.42007,1.00,1.31
2017.01.26 02:40:09.497,1.41985,1.42007,1.37,1.12
2017.01.26 02:40:09.700,1.41985,1.42007,1.12,1.69
2017.01.26 02:40:10.028,1.41987,1.42006,1.00,1.19
2017.01.26 02:40:13.011,1.41987,1.42006,1.00,1.19
2017.01.26 02:40:14.475,1.41986,1.42006,1.00,1.19
2017.01.26 02:40:14.961,1.41986,1.42006,1.00,1.56
2017.01.26 02:40:15.640,1.41987,1.42007,1.00,1.56
2017.01.26 02:40:15.844,1.41985,1.42006,1.12,1.19
2017.01.26 02:40:16.157,1.41985,1.42007,2.62,1.56
2017.01.26 02:40:16.258,1.41985,1.42007,1.87,1.69
2017.01.26 02:40:16.311,1.41985,1.42007,1.87,2.06
2017.01.26 02:40:16.957,1.41985,1.42007,1.37,2.06
2017.01.26 02:40:17.481,1.41985,1.42007,1.37,1.69
2017.01.26 02:40:21.727,1.41986,1.42007,2.25,1.31
2017.01.26 02:40:21.829,1.41986,1.42009,3.19,2.25
2017.01.26 02:40:22.180,1.41991,1.42009,1.00,1.00
2017.01.26 02:40:22.754,1.41991,1.4201,1.00,1.69
2017.01.26 02:40:22.805,1.41988,1.42009,1.00,1.19
2017.01.26 02:40:22.907,1.41986,1.42008,1.00,2.44
2017.01.26 02:40:22.958,1.41986,1.42008,1.00,2.81
2017.01.26 02:40:23.212,1.41984,1.42006,1.12,1.31
2017.01.26 02:40:24.141,1.41985,1.42006,1.00,1.31
2017.01.26 02:40:24.242,1.41986,1.42008,1.00,3.94
2017.01.26 02:40:24.344,1.41986,1.42008,1.00,3.19
2017.01.26 02:40:24.664,1.41988,1.42007,1.12,1.31
2017.01.26 02:40:25.176,1.41989,1.42007,1.50,1.00
2017.01.26 02:40:25.695,1.41989,1.4201,1.50,1.87
2017.01.26 02:40:26.796,1.4199,1.42011,1.50,2.81
2017.01.26 02:40:27.302,1.4199,1.42009,1.00,1.25
2017.01.26 02:40:28.626,1.41989,1.42009,1.12,1.69
2017.01.26 02:40:29.163,1.41988,1.42009,1.00,2.44
2017.01.26 02:40:30.203,1.41989,1.42009,1.12,2.81
2017.01.26 02:40:30.709,1.41989,1.42009,1.00,1.31
2017.01.26 02:40:32.396,1.41991,1.42009,1.00,1.69
2017.01.26 02:40:33.302,1.4199,1.42009,1.00,1.69
2017.01.26 02:40:33.873,1.41989,1.42009,2.25,3.00
2017.01.26 02:40:34.403,1.4199,1.42009,1.00,3.00
2017.01.26 02:40:36.431,1.41991,1.42009,1.00,1.50
2017.01.26 02:40:36.927,1.4199,1.42007,1.00,1.00
2017.01.26 02:40:38.418,1.41989,1.42007,1.00,1.00
2017.01.26 02:40:38.934,1.41988,1.42007,1.50,1.00
2017.01.26 02:40:39.694,1.41989,1.42007,1.00,1.00
2017.01.26 02:40:40.294,1.41988,1.42007,1.50,1.00
2017.01.26 02:40:45.887,1.41988,1.42008,1.50,1.12
2017.01.26 02:40:46.191,1.4199,1.42009,1.50,1.50
2017.01.26 02:40:46.755,1.4199,1.42009,1.00,1.00
2017.01.26 02:40:48.525,1.41989,1.42009,1.50,1.00
2017.01.26 02:40:52.414,1.41994,1.42011,1.00,1.12
2017.01.26 02:40:52.539,1.41995,1.42015,1.87,1.00
2017.01.26 02:40:52.643,1.41999,1.42017,1.00,1.05
2017.01.26 02:40:52.795,1.42,1.42019,1.50,1.00
2017.01.26 02:40:53.016,1.42,1.42022,2.25,2.17
2017.01.26 02:40:53.559,1.42002,1.42023,1.50,1.00
2017.01.26 02:40:54.094,1.42002,1.42023,2.25,1.00
2017.01.26 02:40:55.201,1.42002,1.42023,1.00,1.37
2017.01.26 02:40:55.507,1.42002,1.42022,1.00,1.12
2017.01.26 02:40:56.009,1.42003,1.42021,1.00,1.12
2017.01.26 02:40:56.985,1.42002,1.42021,1.50,1.12
2017.01.26 02:40:57.496,1.42002,1.42021,1.69,1.12
2017.01.26 02:40:57.800,1.42005,1.42021,2.81,1.37
2017.01.26 02:40:58.249,1.42005,1.4202,1.50,1.37
2017.01.26 02:40:58.760,1.42008,1.4202,1.87,1.37
2017.01.26 02:40:58.862,1.42007,1.42027,4.69,3.37
2017.01.26 02:40:58.913,1.42007,1.42025,1.69,1.87
2017.01.26 02:40:58.964,1.42006,1.42023,2.25,1.37
2017.01.26 02:40:59.078,1.42007,1.42023,1.31,1.00
2017.01.26 02:40:59.180,1.42007,1.42023,1.69,1.00
2017.01.26 02:40:59.281,1.42008,1.42023,1.00,1.00
2017.01.26 02:40:59.484,1.42008,1.42025,1.00,1.00
2017.01.26 02:40:59.636,1.42007,1.42025,1.00,1.12
2017.01.26 02:41:00.173,1.42006,1.42022,1.00,1.00
2017.01.26 02:41:01.465,1.42005,1.42022,1.00,1.00
2017.01.26 02:41:01.967,1.42006,1.42022,1.00,1.00
2017.01.26 02:41:02.643,1.42005,1.42022,1.00,1.00
2017.01.26 02:41:03.285,1.42005,1.42021,1.00,1.00
2017.01.26 02:41:03.743,1.42002,1.42021,1.00,1.00
2017.01.26 02:41:04.355,1.42,1.42021,1.05,1.00
2017.01.26 02:41:06.144,1.42,1.42022,1.60,1.12
2017.01.26 02:41:06.246,1.42004,1.42027,3.00,2.62
2017.01.26 02:41:06.297,1.42005,1.42028,1.12,1.37
2017.01.26 02:41:06.348,1.42007,1.42025,1.00,1.00
2017.01.26 02:41:06.720,1.42005,1.42024,1.00,1.50
2017.01.26 02:41:06.822,1.42007,1.42024,1.12,1.00
2017.01.26 02:41:06.894,1.42007,1.42027,1.00,1.00
2017.01.26 02:41:06.945,1.42007,1.42029,1.50,1.12
2017.01.26 02:41:07.046,1.42011,1.42029,1.00,1.12
2017.01.26 02:41:07.573,1.42012,1.42031,1.00,1.12
2017.01.26 02:41:09.287,1.42012,1.42033,1.37,1.00
2017.01.26 02:41:09.338,1.42014,1.42034,1.37,1.50
2017.01.26 02:41:09.642,1.42013,1.42034,1.00,1.87
2017.01.26 02:41:09.845,1.42013,1.42032,1.00,1.12
2017.01.26 02:41:09.951,1.42011,1.42032,1.87,1.12
2017.01.26 02:41:10.153,1.42012,1.42034,1.37,1.37
2017.01.26 02:41:10.660,1.42012,1.42034,1.50,1.37
2017.01.26 02:41:10.711,1.42012,1.42032,1.50,1.37
2017.01.26 02:41:11.251,1.42013,1.42032,1.00,1.37
2017.01.26 02:41:13.085,1.42012,1.42032,1.87,1.37
2017.01.26 02:41:13.137,1.42012,1.42032,1.12,1.00
2017.01.26 02:41:13.703,1.42013,1.42033,1.00,1.12
2017.01.26 02:41:14.410,1.42013,1.42033,1.19,1.31
2017.01.26 02:41:14.765,1.42011,1.4203,2.44,1.00
2017.01.26 02:41:14.816,1.42011,1.42033,2.44,1.31
2017.01.26 02:41:15.353,1.42011,1.42032,1.69,1.00
2017.01.26 02:41:21.937,1.42011,1.42031,1.00,1.00
2017.01.26 02:41:23.031,1.42013,1.42031,1.00,1.00
2017.01.26 02:41:24.109,1.42011,1.42031,1.00,1.12
2017.01.26 02:41:24.160,1.42011,1.42031,1.37,1.50
2017.01.26 02:41:24.413,1.42015,1.42036,1.00,1.87
2017.01.26 02:41:24.988,1.42014,1.42036,1.00,1.12
2017.01.26 02:41:27.020,1.42014,1.42034,2.62,1.12
2017.01.26 02:41:27.326,1.42012,1.42032,3.19,1.37
2017.01.26 02:41:32.797,1.42012,1.42031,1.69,1.12
2017.01.26 02:41:32.950,1.4201,1.42029,1.00,1.00
2017.01.26 02:41:33.103,1.42012,1.42029,1.00,1.00
2017.01.26 02:41:37.450,1.42012,1.42031,1.00,1.00
2017.01.26 02:41:42.727,1.42012,1.42033,2.06,1.12
2017.01.26 02:41:43.231,1.42012,1.42032,2.06,1.00
2017.01.26 02:41:44.843,1.42012,1.42032,1.87,1.00
2017.01.26 02:41:45.259,1.42014,1.42038,3.00,1.12
2017.01.26 02:41:45.311,1.42014,1.42038,5.62,1.31
2017.01.26 02:41:45.616,1.42018,1.42039,1.00,1.00
2017.01.26 02:41:46.162,1.42018,1.4204,1.00,1.12
2017.01.26 02:41:47.918,1.42019,1.42041,1.00,2.25
2017.01.26 02:41:50.675,1.42018,1.4204,1.00,1.50
2017.01.26 02:41:53.079,1.42019,1.4204,1.00,1.12
2017.01.26 02:41:53.281,1.42019,1.4204,1.00,3.00
2017.01.26 02:41:53.383,1.42017,1.42037,1.00,1.00
2017.01.26 02:41:53.485,1.42015,1.42037,1.00,1.50
2017.01.26 02:41:53.997,1.42015,1.42036,1.00,1.50
2017.01.26 02:41:54.385,1.42014,1.42032,1.00,1.12
2017.01.26 02:41:54.436,1.42012,1.42032,1.00,1.12
2017.01.26 02:41:54.689,1.4201,1.42032,1.00,1.87
2017.01.26 02:41:56.749,1.42012,1.42032,1.37,1.87
2017.01.26 02:41:56.963,1.42014,1.42035,1.00,1.62
2017.01.26 02:41:57.129,1.42013,1.42036,1.12,2.06
2017.01.26 02:41:57.782,1.42014,1.42036,1.00,2.81
2017.01.26 02:41:59.534,1.42014,1.42036,1.00,2.44
2017.01.26 02:41:59.635,1.42015,1.42036,1.37,2.44
2017.01.26 02:41:59.788,1.42014,1.42037,4.12,2.06
2017.01.26 02:42:00.050,1.42013,1.42036,1.87,1.94
2017.01.26 02:42:00.555,1.42015,1.42034,1.00,1.00
2017.01.26 02:42:01.091,1.42014,1.42036,1.05,1.37
2017.01.26 02:42:02.818,1.42013,1.42036,1.12,1.62
2017.01.26 02:42:03.319,1.42014,1.42036,1.00,2.44
2017.01.26 02:42:03.370,1.42014,1.42036,1.37,1.62
2017.01.26 02:42:03.677,1.42014,1.42034,1.00,1.19
2017.01.26 02:42:04.327,1.42013,1.42034,1.00,1.19
2017.01.26 02:42:05.508,1.42012,1.42032,1.00,1.19
2017.01.26 02:42:05.660,1.42009,1.42032,1.00,2.06
2017.01.26 02:42:06.138,1.42011,1.42031,1.00,2.06
2017.01.26 02:42:06.668,1.4201,1.42032,1.87,1.37
2017.01.26 02:42:07.614,1.42011,1.42032,1.00,1.37
2017.01.26 02:42:09.822,1.42011,1.42032,1.00,1.56
2017.01.26 02:42:10.324,1.42012,1.42032,1.00,1.37
2017.01.26 02:42:12.188,1.42011,1.42032,1.00,1.12
2017.01.26 02:42:12.289,1.42009,1.42031,1.50,1.50
2017.01.26 02:42:20.864,1.42009,1.42032,1.87,3.56
2017.01.26 02:42:21.863,1.42011,1.42032,1.00,2.81
2017.01.26 02:42:22.407,1.42011,1.42032,1.69,1.12
2017.01.26 02:42:23.012,1.42011,1.42032,1.50,1.31
2017.01.26 02:42:24.071,1.42011,1.42029,1.00,1.00
2017.01.26 02:42:24.744,1.4201,1.42029,1.50,1.00
2017.01.26 02:42:28.116,1.4201,1.42029,1.37,1.00
2017.01.26 02:42:28.358,1.42011,1.42032,1.00,1.69
2017.01.26 02:42:28.661,1.42008,1.42031,1.50,2.44
2017.01.26 02:42:29.190,1.42007,1.42031,2.25,3.19
2017.01.26 02:42:32.010,1.42008,1.42029,1.00,1.87
2017.01.26 02:42:32.133,1.42006,1.42026,1.12,1.19
2017.01.26 02:42:32.235,1.42004,1.42026,1.00,1.69
2017.01.26 02:42:32.807,1.42003,1.42025,1.12,1.56
2017.01.26 02:42:33.793,1.42004,1.42025,1.12,1.19
2017.01.26 02:42:33.894,1.42004,1.42025,2.25,1.19
2017.01.26 02:42:34.294,1.42004,1.42026,2.25,1.25
2017.01.26 02:42:34.854,1.42006,1.42026,1.50,1.25
2017.01.26 02:42:35.185,1.42003,1.42026,2.25,1.31
2017.01.26 02:42:35.728,1.42003,1.42027,1.87,1.69
2017.01.26 02:42:37.686,1.42004,1.42027,1.50,1.69
2017.01.26 02:42:38.459,1.42004,1.42027,1.50,1.69
2017.01.26 02:42:38.962,1.42003,1.42023,1.50,1.00
2017.01.26 02:42:40.157,1.42,1.42021,1.37,1.75
2017.01.26 02:42:40.259,1.41997,1.42016,1.37,1.12
2017.01.26 02:42:40.412,1.41997,1.42017,1.00,1.31
2017.01.26 02:42:40.540,1.41996,1.42017,1.12,1.50
2017.01.26 02:42:40.591,1.41996,1.42016,1.12,1.12
2017.01.26 02:42:41.220,1.41998,1.42016,1.56,1.37
2017.01.26 02:42:41.271,1.41998,1.42016,1.56,1.00
2017.01.26 02:42:41.625,1.41999,1.4202,1.31,1.37
2017.01.26 02:42:48.772,1.42004,1.4202,1.87,1.37
2017.01.26 02:42:48.823,1.42002,1.42021,1.12,1.75
2017.01.26 02:42:49.127,1.42,1.4202,1.31,1.37
2017.01.26 02:42:49.462,1.42002,1.4202,1.00,1.37
2017.01.26 02:42:49.513,1.42002,1.4202,1.00,1.00
2017.01.26 02:42:50.151,1.42,1.4202,1.25,1.00
2017.01.26 02:42:51.059,1.41999,1.4202,1.50,1.25
2017.01.26 02:42:51.481,1.42001,1.4202,1.00,1.25
2017.01.26 02:42:51.634,1.42,1.42022,1.00,1.00
2017.01.26 02:42:51.684,1.42003,1.42022,1.12,1.37
2017.01.26 02:42:52.216,1.42002,1.42021,1.00,1.56
2017.01.26 02:42:52.727,1.42001,1.42021,1.00,1.56
2017.01.26 02:42:57.580,1.42002,1.42021,1.00,1.56
2017.01.26 02:42:57.686,1.42001,1.42024,1.37,1.69
2017.01.26 02:42:57.737,1.42004,1.42023,1.00,1.31
2017.01.26 02:42:57.788,1.42002,1.42023,1.00,1.31
2017.01.26 02:42:57.838,1.42,1.42022,2.62,1.56
2017.01.26 02:42:58.144,1.41993,1.42014,1.00,1.12
2017.01.26 02:42:58.397,1.41995,1.42014,1.00,1.12
2017.01.26 02:42:58.790,1.41995,1.42014,3.37,1.12
2017.01.26 02:42:58.943,1.42,1.42024,3.56,1.87
2017.01.26 02:42:59.019,1.42006,1.42024,2.62,1.37
2017.01.26 02:42:59.070,1.42006,1.42024,1.19,1.12
2017.01.26 02:42:59.172,1.42005,1.42026,1.00,1.12
2017.01.26 02:42:59.324,1.42008,1.42028,1.00,2.06
2017.01.26 02:42:59.730,1.4201,1.42031,1.00,1.94
2017.01.26 02:42:59.832,1.42008,1.4203,2.62,1.94
2017.01.26 02:43:00.469,1.42008,1.42029,1.00,2.44
2017.01.26 02:43:00.989,1.42007,1.42029,1.00,3.19
2017.01.26 02:43:01.141,1.42006,1.42027,1.50,1.50
2017.01.26 02:43:01.243,1.42007,1.42027,1.37,1.50
2017.01.26 02:43:01.294,1.42006,1.42026,1.37,1.00
2017.01.26 02:43:01.345,1.42006,1.42028,1.12,1.69
2017.01.26 02:43:01.446,1.42005,1.42028,1.69,1.50
2017.01.26 02:43:01.497,1.42006,1.42027,1.25,1.37
2017.01.26 02:43:01.983,1.42006,1.42029,1.00,1.62
2017.01.26 02:43:02.137,1.42008,1.42028,1.00,1.25
2017.01.26 02:43:03.152,1.42008,1.42028,1.00,1.19
2017.01.26 02:43:03.669,1.42006,1.42028,1.37,3.19
2017.01.26 02:43:03.833,1.42004,1.42028,1.12,2.81
2017.01.26 02:43:05.537,1.42003,1.42027,1.87,1.50
2017.01.26 02:43:09.168,1.42003,1.42027,1.12,1.50
2017.01.26 02:43:11.032,1.42003,1.42025,1.12,1.19
2017.01.26 02:43:11.951,1.42003,1.42025,1.00,2.62
2017.01.26 02:43:12.053,1.42003,1.42026,1.00,1.69
2017.01.26 02:43:12.283,1.42003,1.42023,1.00,1.12
2017.01.26 02:43:12.335,1.42,1.42023,1.12,1.12
2017.01.26 02:43:12.386,1.42,1.42024,1.87,2.25
2017.01.26 02:43:12.639,1.42003,1.42025,2.81,1.00
2017.01.26 02:43:12.842,1.42005,1.42029,2.25,1.00
2017.01.26 02:43:12.945,1.42006,1.42029,1.50,1.87
2017.01.26 02:43:13.147,1.42009,1.42031,1.00,1.69
2017.01.26 02:43:13.400,1.42007,1.4203,1.00,1.87
2017.01.26 02:43:13.823,1.42006,1.42028,1.12,1.37
2017.01.26 02:43:14.077,1.41999,1.42022,1.69,1.12
2017.01.26 02:43:14.333,1.42,1.42023,1.37,1.50
2017.01.26 02:43:14.384,1.42002,1.42025,1.50,1.50
2017.01.26 02:43:14.435,1.42003,1.42025,1.37,1.50
2017.01.26 02:43:14.739,1.42004,1.42027,1.12,1.50
2017.01.26 02:43:14.942,1.42004,1.42027,1.12,1.87
2017.01.26 02:43:15.444,1.42004,1.42026,1.00,1.75
2017.01.26 02:43:16.157,1.42001,1.42026,1.87,3.37
2017.01.26 02:43:16.208,1.42001,1.42022,1.87,2.06
2017.01.26 02:43:16.259,1.41998,1.42018,1.50,1.00
2017.01.26 02:43:16.361,1.41995,1.42017,1.19,1.50
2017.01.26 02:43:16.462,1.41994,1.42017,1.00,2.25
2017.01.26 02:43:17.226,1.41994,1.42017,1.87,1.75
2017.01.26 02:43:17.681,1.41994,1.42017,3.37,1.37
2017.01.26 02:43:17.885,1.41999,1.4202,1.00,1.00
2017.01.26 02:43:18.146,1.41997,1.42019,1.12,1.37
2017.01.26 02:43:18.655,1.41996,1.42019,1.12,1.37
2017.01.26 02:43:19.303,1.41998,1.4202,1.12,1.75
2017.01.26 02:43:19.354,1.42,1.42023,1.12,2.25
2017.01.26 02:43:19.455,1.42004,1.42024,1.87,1.37
2017.01.26 02:43:19.506,1.42002,1.42024,1.87,1.37
2017.01.26 02:43:19.557,1.42002,1.42022,1.12,1.12
2017.01.26 02:43:19.659,1.42002,1.42023,1.12,1.00
2017.01.26 02:43:19.760,1.41998,1.42022,1.87,1.62
2017.01.26 02:43:20.064,1.42001,1.42024,1.25,1.12
2017.01.26 02:43:20.374,1.42001,1.42025,3.37,1.62
2017.01.26 02:43:20.425,1.42001,1.42025,1.87,1.69
2017.01.26 02:43:20.475,1.42001,1.42025,1.87,1.62
2017.01.26 02:43:20.526,1.42002,1.42024,1.12,1.37
2017.01.26 02:43:21.114,1.42001,1.42024,1.00,1.12
2017.01.26 02:43:21.216,1.42003,1.42024,1.00,1.12
2017.01.26 02:43:21.816,1.42003,1.42025,1.50,1.37
2017.01.26 02:43:21.994,1.42003,1.42025,1.25,1.37
2017.01.26 02:43:22.045,1.42001,1.42024,1.87,1.00
2017.01.26 02:43:22.096,1.42001,1.42023,2.25,1.12
2017.01.26 02:43:22.198,1.42003,1.42027,1.31,1.69
2017.01.26 02:43:22.621,1.42002,1.42025,1.12,2.06
2017.01.26 02:43:22.723,1.42,1.42021,1.12,1.00
2017.01.26 02:43:22.875,1.42,1.42022,2.44,1.00
2017.01.26 02:43:22.977,1.42,1.42022,1.69,1.00
2017.01.26 02:43:23.164,1.42005,1.42022,1.00,1.00
2017.01.26 02:43:23.215,1.42005,1.42026,1.00,1.87
2017.01.26 02:43:23.834,1.42003,1.42024,1.12,1.00
2017.01.26 02:43:24.218,1.42003,1.42024,1.50,1.00
2017.01.26 02:43:24.525,1.42003,1.42028,2.81,2.25
2017.01.26 02:43:24.576,1.42003,1.42026,2.25,1.12
2017.01.26 02:43:25.101,1.42004,1.42025,1.00,1.37
2017.01.26 02:43:25.509,1.42004,1.42025,1.00,1.00
2017.01.26 02:43:26.719,1.42003,1.42025,1.00,1.31
2017.01.26 02:43:26.923,1.42003,1.42023,1.25,1.12
2017.01.26 02:43:27.868,1.41999,1.42023,3.19,1.75
2017.01.26 02:43:28.959,1.42,1.42023,1.12,2.62
2017.01.26 02:43:29.010,1.41999,1.4202,1.69,1.37
2017.01.26 02:43:29.481,1.41997,1.42021,1.37,1.37
2017.01.26 02:43:30.046,1.41997,1.42021,1.50,1.00
2017.01.26 02:43:30.199,1.41998,1.42022,2.44,4.87
2017.01.26 02:43:30.300,1.41997,1.42021,1.19,1.12
2017.01.26 02:43:30.816,1.41999,1.42021,1.19,1.87
2017.01.26 02:43:33.517,1.41998,1.42021,1.37,1.56
2017.01.26 02:43:33.770,1.41998,1.42021,1.37,1.94
2017.01.26 02:43:33.899,1.41998,1.42021,1.37,2.81
2017.01.26 02:43:34.076,1.41998,1.42019,1.00,1.37
2017.01.26 02:43:35.059,1.41998,1.4202,1.19,1.87
2017.01.26 02:43:35.262,1.41996,1.4202,1.50,1.56
2017.01.26 02:43:35.364,1.41996,1.42018,1.37,1.56
2017.01.26 02:43:35.915,1.41996,1.42017,1.12,1.69
2017.01.26 02:43:36.761,1.41997,1.42018,1.00,2.44
2017.01.26 02:43:37.138,1.41993,1.42017,3.00,1.69
2017.01.26 02:43:37.239,1.41996,1.42018,1.50,1.87
2017.01.26 02:43:37.493,1.41995,1.42019,1.62,2.06
2017.01.26 02:43:38.157,1.41995,1.42019,3.37,1.69
2017.01.26 02:43:38.686,1.41997,1.42018,1.00,1.31
2017.01.26 02:43:39.089,1.41997,1.42018,1.00,1.56
2017.01.26 02:43:41.275,1.41997,1.42019,1.00,2.44
2017.01.26 02:43:41.326,1.41995,1.42018,1.50,1.25
2017.01.26 02:43:41.879,1.41996,1.42018,1.00,1.25
2017.01.26 02:43:42.360,1.41996,1.42018,1.00,1.56
2017.01.26 02:43:42.664,1.41995,1.42016,1.00,1.37
2017.01.26 02:43:42.867,1.41996,1.42018,1.87,1.62
2017.01.26 02:43:42.918,1.41997,1.42019,1.12,3.19
2017.01.26 02:43:42.969,1.41997,1.42019,1.69,1.50
2017.01.26 02:43:43.171,1.41999,1.42021,1.00,1.50
2017.01.26 02:43:43.222,1.41999,1.4202,1.00,1.37
2017.01.26 02:43:43.860,1.41999,1.42021,1.00,1.00
2017.01.26 02:43:43.911,1.41999,1.42021,1.00,1.19
2017.01.26 02:43:47.233,1.42,1.42021,1.12,1.19
2017.01.26 02:43:47.284,1.42,1.42021,1.12,1.00
2017.01.26 02:43:48.769,1.42,1.42021,1.00,1.19
2017.01.26 02:43:49.273,1.41999,1.42022,1.00,1.56
2017.01.26 02:43:50.386,1.41999,1.42023,1.00,2.81
2017.01.26 02:43:52.798,1.42,1.42023,1.00,1.56
2017.01.26 02:43:53.178,1.42001,1.42021,1.00,1.56
2017.01.26 02:43:53.482,1.41998,1.4202,1.00,1.69
2017.01.26 02:43:53.654,1.41999,1.42023,1.50,1.56
2017.01.26 02:43:54.211,1.42001,1.42023,1.12,1.37
2017.01.26 02:43:54.313,1.41999,1.42023,1.87,2.06
2017.01.26 02:43:54.972,1.42001,1.42023,1.37,2.06
2017.01.26 02:43:55.074,1.42002,1.42024,1.00,3.56
2017.01.26 02:43:55.501,1.42,1.42024,1.75,1.56
2017.01.26 02:43:55.669,1.42,1.42024,1.37,2.06
2017.01.26 02:43:58.259,1.41999,1.42022,1.50,2.44
2017.01.26 02:43:58.310,1.41999,1.42022,1.50,2.06
2017.01.26 02:43:58.361,1.42,1.42022,1.00,1.25
2017.01.26 02:43:59.176,1.42,1.42022,1.00,1.56
2017.01.26 02:44:01.438,1.41999,1.42022,3.37,1.56
2017.01.26 02:44:01.489,1.42,1.42022,1.87,1.25
2017.01.26 02:44:01.999,1.42,1.42025,1.87,2.06
2017.01.26 02:44:02.101,1.42,1.42024,1.87,2.06
2017.01.26 02:44:02.529,1.42,1.42025,1.50,2.06
2017.01.26 02:44:03.403,1.42001,1.42024,1.50,2.06
2017.01.26 02:44:03.973,1.42002,1.42019,1.00,1.19
2017.01.26 02:44:04.338,1.42002,1.42022,1.00,1.31
2017.01.26 02:44:04.390,1.42,1.42022,1.00,1.31
2017.01.26 02:44:04.542,1.42,1.42024,1.12,2.81
2017.01.26 02:44:04.987,1.42,1.42021,1.12,1.19
2017.01.26 02:44:06.272,1.41998,1.4202,1.37,1.19
2017.01.26 02:44:06.681,1.41999,1.42018,1.19,1.19
2017.01.26 02:44:08.002,1.41999,1.42018,1.00,1.19
2017.01.26 02:44:10.311,1.41998,1.42018,1.50,1.37
2017.01.26 02:44:11.119,1.41999,1.42019,1.37,1.37
2017.01.26 02:44:11.689,1.42002,1.42021,1.00,1.44
2017.01.26 02:44:11.741,1.42002,1.42021,1.00,1.12
2017.01.26 02:44:12.347,1.42003,1.42021,1.00,1.25
2017.01.26 02:44:13.109,1.42002,1.4202,1.00,1.25
2017.01.26 02:44:13.627,1.42003,1.4202,1.00,1.12
2017.01.26 02:44:14.793,1.42002,1.4202,1.19,1.25
2017.01.26 02:44:16.631,1.42001,1.4202,1.50,1.25
2017.01.26 02:44:16.683,1.42001,1.4202,1.50,1.25
2017.01.26 02:44:16.784,1.42003,1.42025,1.19,1.69
2017.01.26 02:44:16.894,1.42008,1.42025,1.12,1.19
2017.01.26 02:44:17.048,1.42005,1.42024,1.87,1.00
2017.01.26 02:44:17.566,1.42006,1.42026,1.12,1.81
2017.01.26 02:44:18.469,1.42005,1.42027,1.87,1.25
2017.01.26 02:44:19.330,1.42005,1.42029,1.87,1.94
2017.01.26 02:44:19.515,1.42006,1.42029,1.12,1.94
2017.01.26 02:44:22.438,1.42007,1.42029,1.00,1.69
2017.01.26 02:44:25.433,1.4201,1.4203,1.94,1.31
2017.01.26 02:44:25.536,1.42013,1.42034,1.12,1.25
2017.01.26 02:44:25.689,1.42015,1.42035,1.50,1.19
2017.01.26 02:44:26.006,1.42013,1.42029,1.00,2.06
2017.01.26 02:44:26.152,1.42009,1.42027,1.25,1.00
2017.01.26 02:44:28.752,1.42009,1.42029,1.25,1.69
2017.01.26 02:44:29.497,1.42009,1.42029,1.25,1.25
2017.01.26 02:44:29.592,1.42011,1.42032,1.87,2.06
2017.01.26 02:44:29.796,1.4201,1.4203,1.00,1.00
2017.01.26 02:44:29.847,1.4201,1.4203,1.00,1.56
2017.01.26 02:44:29.898,1.42008,1.4203,1.50,1.94
2017.01.26 02:44:29.949,1.42007,1.4203,2.25,1.56
2017.01.26 02:44:30.203,1.42005,1.42029,1.00,2.06
2017.01.26 02:44:30.803,1.42005,1.42028,1.00,2.44
2017.01.26 02:44:31.314,1.42005,1.42026,1.00,1.56
2017.01.26 02:44:32.140,1.42006,1.42028,1.37,1.69
2017.01.26 02:44:32.241,1.42007,1.42029,1.31,1.00
2017.01.26 02:44:34.026,1.42008,1.42029,1.50,1.56
2017.01.26 02:44:35.026,1.42009,1.42029,1.12,1.25
2017.01.26 02:44:40.247,1.42009,1.42029,1.12,1.56
2017.01.26 02:44:42.597,1.42009,1.42031,1.12,2.81
2017.01.26 02:44:43.392,1.42009,1.42024,1.12,1.19
2017.01.26 02:44:43.898,1.42007,1.42024,1.37,1.19
2017.01.26 02:44:44.051,1.42006,1.42024,1.50,1.19
2017.01.26 02:44:44.152,1.42005,1.42021,2.25,1.19
2017.01.26 02:44:44.433,1.42005,1.42023,1.37,1.25
2017.01.26 02:44:45.245,1.42006,1.42023,1.50,1.81
2017.01.26 02:44:45.296,1.42006,1.42023,1.12,1.81
2017.01.26 02:44:45.347,1.42008,1.42028,1.50,2.25
2017.01.26 02:44:45.449,1.4201,1.42028,1.87,1.50
2017.01.26 02:44:45.500,1.42008,1.42028,3.37,1.50
2017.01.26 02:44:45.614,1.42011,1.42028,1.00,1.50
2017.01.26 02:44:46.175,1.4201,1.42028,1.00,1.50
2017.01.26 02:44:46.787,1.42011,1.42029,1.00,1.75
2017.01.26 02:44:49.435,1.42009,1.42029,1.50,1.75
2017.01.26 02:44:49.740,1.42007,1.42026,1.87,1.19
2017.01.26 02:44:50.478,1.42007,1.42026,1.12,1.19
2017.01.26 02:44:50.984,1.42008,1.42026,1.00,1.19
2017.01.26 02:44:51.509,1.42006,1.42026,1.87,1.19
2017.01.26 02:44:51.712,1.42008,1.4203,1.87,2.06
2017.01.26 02:44:51.865,1.42009,1.42027,1.50,1.00
2017.01.26 02:44:52.169,1.42009,1.4203,1.50,1.31
2017.01.26 02:44:52.220,1.42009,1.4203,1.50,1.12
2017.01.26 02:44:52.271,1.42009,1.4203,2.06,1.12
2017.01.26 02:44:52.373,1.42009,1.4203,1.25,1.50
2017.01.26 02:44:52.736,1.42007,1.42029,1.00,1.12
2017.01.26 02:44:53.312,1.42008,1.42029,1.00,1.87
2017.01.26 02:44:55.324,1.42007,1.42029,2.06,1.12
2017.01.26 02:44:55.375,1.42007,1.42029,2.06,1.12
2017.01.26 02:44:55.933,1.42007,1.4203,2.44,1.12
2017.01.26 02:44:56.859,1.42008,1.4203,1.00,1.87
2017.01.26 02:44:57.378,1.42006,1.42028,2.81,1.00
2017.01.26 02:44:58.555,1.42006,1.42028,1.12,2.06
2017.01.26 02:44:59.040,1.42007,1.42027,1.00,1.31
2017.01.26 02:44:59.698,1.42005,1.42027,1.12,1.31
2017.01.26 02:44:59.799,1.42005,1.42027,1.50,1.31
2017.01.26 02:45:00.364,1.42005,1.42027,1.12,2.06
2017.01.26 02:45:01.059,1.42005,1.42024,1.00,2.00
2017.01.26 02:45:03.382,1.42003,1.42024,1.00,1.12
2017.01.26 02:45:04.333,1.42002,1.42024,1.50,2.06
2017.01.26 02:45:04.872,1.42001,1.42021,1.00,1.00
2017.01.26 02:45:05.978,1.42002,1.42021,1.87,1.00
2017.01.26 02:45:06.085,1.42003,1.42024,1.00,1.50
2017.01.26 02:45:06.136,1.42003,1.42026,1.50,2.44
2017.01.26 02:45:06.390,1.42003,1.42025,1.50,1.19
2017.01.26 02:45:07.081,1.42003,1.42025,1.00,1.69
2017.01.26 02:45:08.129,1.42004,1.42025,1.00,1.69
2017.01.26 02:45:09.066,1.42005,1.42025,1.00,1.69
2017.01.26 02:45:13.094,1.42005,1.42026,1.00,1.69
2017.01.26 02:45:13.391,1.42002,1.42023,1.87,1.00
2017.01.26 02:45:13.557,1.42002,1.42023,1.12,2.06
2017.01.26 02:45:13.658,1.42,1.42023,1.50,1.69
2017.01.26 02:45:15.897,1.42002,1.42023,1.00,1.69
2017.01.26 02:45:16.174,1.42003,1.42024,1.87,1.69
2017.01.26 02:45:17.125,1.42004,1.42024,1.00,1.69
2017.01.26 02:45:17.709,1.42002,1.42022,1.19,1.00
2017.01.26 02:45:17.861,1.42001,1.42022,1.00,1.69
2017.01.26 02:45:17.912,1.42,1.4202,1.25,1.19
2017.01.26 02:45:18.323,1.42004,1.42016,1.00,1.19
2017.01.26 02:45:23.179,1.42003,1.42016,1.00,1.19
2017.01.26 02:45:23.706,1.42003,1.42022,1.00,1.50
2017.01.26 02:45:23.859,1.42003,1.42023,1.00,1.31
2017.01.26 02:45:28.888,1.42003,1.42023,1.00,1.69
2017.01.26 02:45:28.990,1.42002,1.42023,1.00,1.87
2017.01.26 02:45:29.041,1.42,1.42023,1.50,3.75
2017.01.26 02:45:29.746,1.41999,1.42021,1.00,1.69
2017.01.26 02:45:30.709,1.42,1.42021,1.00,1.37
2017.01.26 02:45:32.520,1.41999,1.42021,1.00,1.37
2017.01.26 02:45:33.044,1.41998,1.42019,1.12,1.00
2017.01.26 02:45:33.604,1.41996,1.42019,3.00,1.37
2017.01.26 02:45:34.120,1.41996,1.42019,3.00,1.12
2017.01.26 02:45:36.816,1.41999,1.42016,1.00,1.19
2017.01.26 02:45:37.034,1.41999,1.42018,1.00,1.00
2017.01.26 02:45:37.629,1.42,1.42018,1.00,1.00
2017.01.26 02:45:38.130,1.41999,1.42019,1.00,1.56
2017.01.26 02:45:42.849,1.42002,1.42019,1.00,1.56
2017.01.26 02:45:43.051,1.42,1.42019,1.00,1.56
2017.01.26 02:45:43.943,1.41999,1.42019,1.00,1.56
2017.01.26 02:45:49.729,1.42001,1.42019,1.00,1.56
2017.01.26 02:45:50.234,1.42,1.42019,1.25,1.19
2017.01.26 02:45:53.473,1.41998,1.42022,2.81,1.87
2017.01.26 02:45:53.574,1.41998,1.42022,2.44,1.87
2017.01.26 02:45:53.878,1.42003,1.42023,1.31,1.12
2017.01.26 02:45:53.980,1.42004,1.42027,1.31,2.81
2017.01.26 02:45:54.031,1.42008,1.42027,1.00,1.12
2017.01.26 02:45:54.542,1.42007,1.42027,1.00,1.12
2017.01.26 02:45:54.796,1.42003,1.42026,3.56,2.06
2017.01.26 02:45:54.847,1.42003,1.42024,1.50,1.37
2017.01.26 02:45:54.898,1.42001,1.42022,2.25,1.25
2017.01.26 02:45:55.320,1.42002,1.42021,1.37,1.00
2017.01.26 02:45:55.472,1.42002,1.42024,1.00,1.50
2017.01.26 02:45:56.439,1.42001,1.42024,1.87,1.50
2017.01.26 02:45:56.981,1.42,1.42022,1.69,1.31
2017.01.26 02:45:57.849,1.42002,1.42022,1.00,1.31
2017.01.26 02:45:59.519,1.42001,1.42023,1.00,1.50
2017.01.26 02:45:59.621,1.42001,1.42022,1.00,1.75
2017.01.26 02:46:01.552,1.42,1.42021,1.00,1.50
2017.01.26 02:46:02.058,1.42001,1.42022,1.00,1.75
2017.01.26 02:46:03.799,1.42001,1.4202,1.00,1.37
2017.01.26 02:46:04.161,1.42001,1.42021,1.19,1.87
2017.01.26 02:46:04.315,1.42005,1.42027,1.12,1.87
2017.01.26 02:46:04.671,1.42005,1.42024,1.12,2.25
2017.01.26 02:46:04.722,1.42003,1.42023,1.00,1.50
2017.01.26 02:46:04.823,1.42001,1.42023,1.50,1.87
2017.01.26 02:46:05.122,1.42001,1.42022,2.25,1.00
2017.01.26 02:46:05.324,1.42004,1.42027,2.06,1.12
2017.01.26 02:46:05.426,1.42008,1.42027,1.00,1.19
2017.01.26 02:46:05.679,1.42007,1.42027,1.00,1.00
2017.01.26 02:46:06.123,1.42009,1.42027,1.37,1.00
2017.01.26 02:46:06.426,1.42004,1.42015,1.50,1.00
2017.01.26 02:46:06.529,1.42002,1.42015,1.00,1.00
2017.01.26 02:46:06.894,1.42001,1.42006,1.00,1.00
2017.01.26 02:46:07.027,1.4199,1.42006,2.81,1.00
2017.01.26 02:46:07.414,1.41991,1.42006,3.19,1.00
2017.01.26 02:46:07.492,1.41991,1.42006,1.31,1.00
2017.01.26 02:46:08.465,1.41989,1.42006,1.87,1.00
2017.01.26 02:46:11.805,1.41989,1.42005,1.87,1.00
2017.01.26 02:46:13.517,1.4199,1.42004,1.87,1.00
2017.01.26 02:46:13.619,1.4199,1.42004,1.00,1.00
2017.01.26 02:46:13.671,1.41992,1.42004,1.00,1.00
2017.01.26 02:46:13.824,1.41992,1.42007,1.00,1.00
2017.01.26 02:46:13.875,1.4199,1.42004,1.56,1.00
2017.01.26 02:46:14.897,1.4199,1.42004,1.00,1.00
2017.01.26 02:46:15.412,1.41989,1.42004,1.12,1.00
2017.01.26 02:46:18.678,1.4199,1.42004,1.00,1.00
2017.01.26 02:46:19.345,1.4199,1.42005,1.00,1.00
2017.01.26 02:46:20.233,1.4199,1.42007,1.00,1.00
2017.01.26 02:46:20.536,1.41992,1.42007,1.00,1.00
2017.01.26 02:46:20.637,1.4199,1.42007,1.00,1.00
2017.01.26 02:46:21.280,1.41989,1.42007,1.12,1.00
2017.01.26 02:46:22.334,1.4199,1.42007,1.00,1.00
2017.01.26 02:46:24.732,1.4199,1.42006,1.00,1.00
2017.01.26 02:46:27.562,1.41988,1.42006,1.69,1.00
2017.01.26 02:46:28.096,1.41989,1.42006,1.25,1.00
2017.01.26 02:46:28.755,1.41991,1.42011,1.00,1.12
2017.01.26 02:46:28.807,1.41987,1.42005,2.25,1.00
2017.01.26 02:46:28.971,1.41982,1.42,1.25,1.00
2017.01.26 02:46:29.022,1.41981,1.42,1.12,1.19
2017.01.26 02:46:29.327,1.41983,1.41997,1.12,1.00
2017.01.26 02:46:29.428,1.41983,1.42,1.50,1.00
2017.01.26 02:46:39.243,1.41982,1.41997,1.37,1.00
2017.01.26 02:46:39.344,1.41981,1.41997,1.50,1.00
2017.01.26 02:46:39.497,1.41979,1.41997,2.25,1.00
2017.01.26 02:46:40.205,1.41979,1.41997,1.37,1.00
2017.01.26 02:46:47.679,1.41981,1.41998,1.00,1.00
2017.01.26 02:46:47.730,1.41981,1.41996,1.00,1.00
2017.01.26 02:46:47.781,1.41981,1.41998,1.00,1.00
2017.01.26 02:46:47.940,1.41984,1.42001,1.00,1.00
2017.01.26 02:46:48.295,1.41986,1.42005,1.00,1.19
2017.01.26 02:46:48.803,1.41987,1.42001,1.00,1.00
2017.01.26 02:46:49.006,1.41987,1.42004,1.00,1.00
2017.01.26 02:46:49.599,1.41986,1.42004,1.12,1.00
2017.01.26 02:46:51.945,1.41988,1.42004,1.00,1.00
2017.01.26 02:46:52.470,1.41987,1.42004,1.00,1.00
2017.01.26 02:46:52.783,1.41977,1.42,2.62,1.69
2017.01.26 02:46:52.880,1.41977,1.41993,1.12,1.00
2017.01.26 02:46:53.133,1.41976,1.41991,1.00,1.00
2017.01.26 02:46:53.336,1.41974,1.41991,1.50,1.25
2017.01.26 02:46:53.387,1.41976,1.41991,1.00,1.25
2017.01.26 02:46:54.490,1.41977,1.41991,1.00,1.00
2017.01.26 02:46:55.160,1.41977,1.41994,1.00,1.19
2017.01.26 02:46:55.702,1.41976,1.41997,1.00,1.56
2017.01.26 02:46:55.754,1.41976,1.41997,1.87,1.19
2017.01.26 02:46:55.907,1.41983,1.42005,1.37,2.25
2017.01.26 02:46:56.009,1.41984,1.42003,1.87,1.19
2017.01.26 02:46:56.111,1.41984,1.42005,1.69,1.00
2017.01.26 02:46:56.162,1.41985,1.42006,1.00,2.62
2017.01.26 02:46:56.415,1.41983,1.42005,1.00,1.19
2017.01.26 02:46:56.517,1.41983,1.42005,1.00,2.06
2017.01.26 02:46:56.618,1.41984,1.42005,1.00,2.06
2017.01.26 02:46:56.995,1.41987,1.42004,1.00,1.31
2017.01.26 02:46:57.147,1.41988,1.42009,1.87,1.44
2017.01.26 02:46:57.654,1.41988,1.42009,2.25,1.87
2017.01.26 02:46:57.806,1.41988,1.42006,1.00,1.44
2017.01.26 02:46:58.101,1.41985,1.42006,1.12,1.44
2017.01.26 02:46:58.203,1.41986,1.42006,1.00,1.50
2017.01.26 02:46:58.305,1.41986,1.42006,1.00,1.87
2017.01.26 02:46:58.828,1.41986,1.42008,2.62,1.12
2017.01.26 02:46:59.132,1.41987,1.42006,1.00,1.12
2017.01.26 02:46:59.539,1.41988,1.42008,1.00,1.50
2017.01.26 02:47:00.063,1.41988,1.42009,1.37,4.50
2017.01.26 02:47:01.015,1.41987,1.42009,1.37,4.12
2017.01.26 02:47:05.961,1.41986,1.42007,1.50,1.50
2017.01.26 02:47:06.113,1.41987,1.42007,1.00,2.62
2017.01.26 02:47:06.893,1.41985,1.42005,1.50,1.19
2017.01.26 02:47:06.977,1.41987,1.42005,1.00,1.31
2017.01.26 02:47:07.514,1.41986,1.42005,1.00,2.06
2017.01.26 02:47:08.032,1.41985,1.42005,1.00,1.31
2017.01.26 02:47:08.134,1.41985,1.42005,1.00,1.31
2017.01.26 02:47:08.236,1.41985,1.42005,1.00,1.31
2017.01.26 02:47:08.867,1.41986,1.42006,1.00,1.87
2017.01.26 02:47:09.377,1.41984,1.42006,1.50,1.87
2017.01.26 02:47:09.798,1.41986,1.42006,1.00,1.87
2017.01.26 02:47:10.102,1.41989,1.42007,1.50,1.19
2017.01.26 02:47:10.406,1.41989,1.42007,3.75,1.19
2017.01.26 02:47:10.457,1.41989,1.42007,3.37,1.19
2017.01.26 02:47:13.278,1.4199,1.42007,1.00,1.19
2017.01.26 02:47:13.328,1.41992,1.42007,1.00,1.19
2017.01.26 02:47:13.838,1.41991,1.42007,1.00,1.19
2017.01.26 02:47:14.509,1.41992,1.42007,1.00,1.19
2017.01.26 02:47:15.005,1.41993,1.42013,1.00,2.44
2017.01.26 02:47:15.157,1.41993,1.42013,1.00,1.50
2017.01.26 02:47:15.360,1.41991,1.42012,1.00,1.50
2017.01.26 02:47:15.646,1.41989,1.42011,1.00,1.81
2017.01.26 02:47:16.542,1.41989,1.42011,1.00,3.75
2017.01.26 02:47:16.593,1.41989,1.42011,1.37,2.62
2017.01.26 02:47:16.644,1.41989,1.4201,1.50,1.00
2017.01.26 02:47:16.695,1.41989,1.42008,2.25,1.00
2017.01.26 02:47:16.746,1.41991,1.42011,1.00,1.31
2017.01.26 02:47:16.798,1.41994,1.42011,1.00,1.19
2017.01.26 02:47:17.339,1.41994,1.42011,1.00,1.00
2017.01.26 02:47:17.856,1.41993,1.42011,1.00,1.00
2017.01.26 02:47:22.541,1.41993,1.42014,1.00,2.62
2017.01.26 02:47:23.115,1.41993,1.42012,1.00,1.00
2017.01.26 02:47:23.862,1.41992,1.42012,1.00,1.19
2017.01.26 02:47:27.814,1.4199,1.4201,1.87,1.19
2017.01.26 02:47:28.044,1.41989,1.42009,1.00,1.31
2017.01.26 02:47:28.145,1.41991,1.42009,1.37,1.37
2017.01.26 02:47:28.196,1.41992,1.42009,1.00,1.12
2017.01.26 02:47:28.247,1.41998,1.42006,1.75,1.00
2017.01.26 02:47:28.349,1.41998,1.42012,1.37,1.00
2017.01.26 02:47:28.451,1.42,1.42014,1.37,1.00
2017.01.26 02:47:28.502,1.42002,1.42016,1.00,1.00
2017.01.26 02:47:28.553,1.42002,1.42016,1.00,1.19
2017.01.26 02:47:28.604,1.41996,1.42013,1.00,1.25
2017.01.26 02:47:28.655,1.41995,1.42011,1.00,1.19
2017.01.26 02:47:28.858,1.41986,1.42005,1.12,1.37
2017.01.26 02:47:28.959,1.41985,1.42005,1.12,1.87
2017.01.26 02:47:29.061,1.41985,1.42005,2.25,1.69
2017.01.26 02:47:29.112,1.41985,1.41995,1.87,1.00
2017.01.26 02:47:29.557,1.41984,1.41997,1.50,1.00
2017.01.26 02:47:29.658,1.41985,1.41997,1.37,1.00
2017.01.26 02:47:33.285,1.41986,1.42,1.00,1.00
2017.01.26 02:47:40.226,1.41984,1.42,1.50,1.00
2017.01.26 02:47:40.852,1.41982,1.41998,1.50,1.00
2017.01.26 02:47:41.360,1.41981,1.41998,1.50,1.00
2017.01.26 02:47:41.411,1.41982,1.42003,1.12,1.50
2017.01.26 02:47:41.462,1.41982,1.42003,1.12,1.31
2017.01.26 02:47:41.615,1.41984,1.42001,1.00,1.00
2017.01.26 02:47:42.385,1.41985,1.42003,1.00,2.06
2017.01.26 02:47:42.698,1.4199,1.42005,1.00,1.00
2017.01.26 02:47:42.901,1.41988,1.42009,2.62,1.19
2017.01.26 02:47:42.952,1.41989,1.42009,1.00,1.19
2017.01.26 02:47:43.155,1.41992,1.42009,1.00,1.19
2017.01.26 02:47:59.666,1.41992,1.4201,1.00,1.56
2017.01.26 02:47:59.768,1.41994,1.42012,1.00,3.19
2017.01.26 02:47:59.870,1.41994,1.42012,1.37,1.12
2017.01.26 02:47:59.972,1.41998,1.42014,1.00,1.69
2017.01.26 02:48:00.023,1.41996,1.42013,1.00,1.25
2017.01.26 02:48:00.377,1.41994,1.42012,1.00,1.00
2017.01.26 02:48:00.919,1.41995,1.42014,1.00,1.37
2017.01.26 02:48:01.422,1.41996,1.42014,1.00,1.37
2017.01.26 02:48:01.902,1.41997,1.42015,1.37,1.87
2017.01.26 02:48:02.055,1.41998,1.42018,1.87,1.00
2017.01.26 02:48:02.106,1.42003,1.42018,1.00,1.00
2017.01.26 02:48:02.647,1.42002,1.42018,1.00,1.00
2017.01.26 02:48:06.620,1.42,1.42018,1.00,1.25
2017.01.26 02:48:09.665,1.42002,1.42018,1.00,1.25
2017.01.26 02:48:09.817,1.42002,1.42021,1.00,1.31
2017.01.26 02:48:10.423,1.42001,1.42021,1.00,1.00
2017.01.26 02:48:11.757,1.42001,1.4202,1.00,1.00
2017.01.26 02:48:11.858,1.42,1.42018,1.00,1.12
2017.01.26 02:48:12.162,1.41999,1.42017,1.00,1.19
2017.01.26 02:48:12.813,1.42,1.42017,1.00,1.19
2017.01.26 02:48:15.592,1.41999,1.42017,1.00,1.19
2017.01.26 02:48:16.097,1.41999,1.42017,1.00,1.00
2017.01.26 02:48:16.401,1.42008,1.42027,1.00,2.81
2017.01.26 02:48:16.731,1.42007,1.42024,1.00,1.69
2017.01.26 02:48:17.275,1.42005,1.42022,1.00,1.69
2017.01.26 02:48:17.326,1.42005,1.42023,1.00,1.87
2017.01.26 02:48:17.479,1.42007,1.42025,1.00,1.87
2017.01.26 02:48:17.819,1.42013,1.4203,1.37,1.12
2017.01.26 02:48:17.922,1.42014,1.42033,1.00,1.44
2017.01.26 02:48:18.024,1.42014,1.42034,1.00,1.69
2017.01.26 02:48:18.126,1.42015,1.42034,1.00,1.75
2017.01.26 02:48:18.330,1.42013,1.42033,1.00,1.81
2017.01.26 02:48:18.993,1.42012,1.42029,1.00,1.75
2017.01.26 02:48:19.095,1.42012,1.42029,1.00,1.69
2017.01.26 02:48:19.530,1.4201,1.42029,1.00,1.69
2017.01.26 02:48:20.028,1.42012,1.4203,1.00,2.25
2017.01.26 02:48:20.189,1.42012,1.42031,1.00,1.12
2017.01.26 02:48:20.391,1.42013,1.42034,1.00,1.69
2017.01.26 02:48:20.442,1.42016,1.42034,1.00,2.06
2017.01.26 02:48:20.966,1.42015,1.42035,1.00,3.00
2017.01.26 02:48:21.916,1.42014,1.42033,1.00,1.12
2017.01.26 02:48:22.222,1.42011,1.42026,1.00,1.19
2017.01.26 02:48:22.843,1.42009,1.42028,1.00,2.06
2017.01.26 02:48:24.021,1.4201,1.42026,1.00,1.19
2017.01.26 02:48:24.557,1.42008,1.42026,1.00,1.19
2017.01.26 02:48:25.484,1.42007,1.42026,1.00,1.19
2017.01.26 02:48:28.125,1.42007,1.42026,1.00,1.00
2017.01.26 02:48:28.887,1.42007,1.42026,1.00,1.50
2017.01.26 02:48:29.948,1.42008,1.42027,1.00,1.87
2017.01.26 02:48:30.402,1.42008,1.42029,1.00,2.36
2017.01.26 02:48:30.554,1.4201,1.4203,1.00,1.50
2017.01.26 02:48:30.869,1.42008,1.4203,1.00,2.17
2017.01.26 02:48:31.700,1.4201,1.42028,1.00,1.31
2017.01.26 02:48:32.335,1.42009,1.42028,1.00,1.31
2017.01.26 02:48:34.966,1.4201,1.42031,2.25,3.56
2017.01.26 02:48:35.068,1.42018,1.42035,1.00,1.19
2017.01.26 02:48:35.584,1.42019,1.42036,1.00,1.56
2017.01.26 02:48:36.015,1.42017,1.42037,1.00,1.31
2017.01.26 02:48:36.601,1.42016,1.42035,1.00,1.19
2017.01.26 02:48:39.493,1.42015,1.42035,1.00,3.19
2017.01.26 02:48:39.544,1.42015,1.42034,1.00,1.99
2017.01.26 02:48:39.696,1.42013,1.42032,1.00,1.67
2017.01.26 02:48:39.848,1.42013,1.42032,1.00,2.36
2017.01.26 02:48:40.382,1.42014,1.42032,1.00,2.36
2017.01.26 02:48:40.596,1.42012,1.42032,1.00,2.36
2017.01.26 02:48:42.105,1.42011,1.4203,1.00,1.19
2017.01.26 02:48:43.256,1.42011,1.4203,1.00,1.00
2017.01.26 02:48:45.015,1.42012,1.42032,1.00,1.87
2017.01.26 02:48:45.067,1.42013,1.42033,1.94,1.37
2017.01.26 02:48:45.118,1.42016,1.42035,1.25,1.50
2017.01.26 02:48:45.169,1.42016,1.42037,1.25,1.87
2017.01.26 02:48:45.675,1.42017,1.42036,1.00,1.80
2017.01.26 02:48:45.777,1.42015,1.42035,1.00,1.12
2017.01.26 02:48:46.143,1.42016,1.42037,1.37,1.50
2017.01.26 02:48:46.195,1.42017,1.42037,1.50,1.00
2017.01.26 02:48:46.296,1.42018,1.42037,1.12,1.50
2017.01.26 02:48:46.449,1.42015,1.42036,1.12,1.87
2017.01.26 02:48:46.633,1.42013,1.42034,1.00,1.50
2017.01.26 02:48:48.847,1.42015,1.42035,1.00,2.62
2017.01.26 02:48:49.365,1.42016,1.42035,1.00,1.50
2017.01.26 02:48:49.568,1.42016,1.42037,1.00,2.25
2017.01.26 02:48:50.074,1.42014,1.42036,1.00,1.87
2017.01.26 02:48:50.378,1.42018,1.42034,1.37,1.12
2017.01.26 02:48:50.545,1.42018,1.42037,1.37,1.00
2017.01.26 02:48:50.899,1.42017,1.42037,1.25,1.12
2017.01.26 02:48:51.545,1.42016,1.42037,1.00,2.62
2017.01.26 02:48:51.849,1.42017,1.42038,1.37,1.50
2017.01.26 02:48:52.363,1.42019,1.42038,1.00,1.00
2017.01.26 02:48:53.466,1.42018,1.42038,1.00,1.00
2017.01.26 02:48:53.984,1.42019,1.42038,1.00,1.50
2017.01.26 02:48:54.292,1.42019,1.42036,1.00,1.12
2017.01.26 02:48:54.948,1.42017,1.42037,1.00,1.50
2017.01.26 02:48:55.049,1.42017,1.42037,1.00,1.12
2017.01.26 02:48:55.151,1.42017,1.42037,1.00,1.50
2017.01.26 02:48:55.668,1.42017,1.42036,1.00,1.12
2017.01.26 02:48:56.700,1.42016,1.42036,1.00,1.12
2017.01.26 02:48:57.004,1.42018,1.42039,1.00,2.62
2017.01.26 02:48:57.190,1.42018,1.42039,1.00,2.62
2017.01.26 02:48:57.734,1.42018,1.42036,1.00,1.37
2017.01.26 02:48:57.852,1.42016,1.42036,1.00,1.37
2017.01.26 02:48:58.097,1.42019,1.42036,1.00,1.37
2017.01.26 02:49:01.658,1.42018,1.42036,1.00,1.37
2017.01.26 02:49:04.090,1.42017,1.42036,1.00,1.37
2017.01.26 02:49:04.444,1.4202,1.42037,1.00,1.12
2017.01.26 02:49:04.596,1.42019,1.42039,1.00,2.62
2017.01.26 02:49:04.648,1.42021,1.42039,1.00,1.69
2017.01.26 02:49:04.750,1.42019,1.42038,1.00,1.19
2017.01.26 02:49:05.260,1.42019,1.42038,1.00,2.06
2017.01.26 02:49:05.787,1.42019,1.42037,1.00,1.56
2017.01.26 02:49:06.423,1.42018,1.42037,1.00,2.06
2017.01.26 02:49:07.604,1.42016,1.42037,1.00,2.06
2017.01.26 02:49:07.655,1.42016,1.42035,1.00,1.69
2017.01.26 02:49:08.341,1.42015,1.42035,1.00,1.69
2017.01.26 02:49:08.870,1.42016,1.42035,1.00,1.69
2017.01.26 02:49:09.774,1.42016,1.42035,1.00,1.00
2017.01.26 02:49:10.535,1.42014,1.42035,1.12,1.00
2017.01.26 02:49:11.086,1.42015,1.42035,1.00,1.56
2017.01.26 02:49:11.598,1.42014,1.42035,1.12,1.56
2017.01.26 02:49:12.223,1.42015,1.42035,1.00,1.56
2017.01.26 02:49:15.585,1.42015,1.42035,1.00,1.00
2017.01.26 02:49:18.177,1.42016,1.42035,1.00,1.00
2017.01.26 02:49:18.602,1.42017,1.42037,1.00,1.12
2017.01.26 02:49:20.049,1.42019,1.42037,1.00,1.12
2017.01.26 02:49:21.065,1.42017,1.42037,1.00,1.12
2017.01.26 02:49:31.049,1.42016,1.42037,1.25,1.12
2017.01.26 02:49:34.072,1.42016,1.42037,1.19,1.12
2017.01.26 02:49:35.633,1.42017,1.42037,1.00,1.69
2017.01.26 02:49:35.785,1.42015,1.42036,1.00,1.31
2017.01.26 02:49:35.987,1.42018,1.42035,1.00,1.00
2017.01.26 02:49:36.242,1.42016,1.42037,1.00,2.06
2017.01.26 02:49:36.411,1.42019,1.42038,1.00,2.62
2017.01.26 02:49:36.970,1.42018,1.42036,1.00,1.25
2017.01.26 02:49:38.397,1.42019,1.42037,1.00,2.06
2017.01.26 02:49:38.550,1.42019,1.42039,1.00,2.81
2017.01.26 02:49:38.653,1.42021,1.42039,1.00,1.25
2017.01.26 02:49:39.362,1.42021,1.42039,1.00,1.62
2017.01.26 02:49:40.109,1.4202,1.42038,1.00,1.00
2017.01.26 02:49:42.486,1.4202,1.4204,1.00,3.19
2017.01.26 02:49:43.110,1.42022,1.4204,1.00,2.44
2017.01.26 02:49:46.969,1.4202,1.42039,1.00,1.69
2017.01.26 02:49:47.479,1.4202,1.42038,1.00,1.69
2017.01.26 02:49:49.965,1.42019,1.42036,1.00,3.56
2017.01.26 02:49:50.016,1.42019,1.42035,1.00,1.25
2017.01.26 02:49:50.526,1.42018,1.42038,1.19,2.62
2017.01.26 02:49:54.049,1.42021,1.42038,1.00,1.87
2017.01.26 02:49:58.918,1.4202,1.42038,1.00,1.87
2017.01.26 02:50:00.746,1.42019,1.42036,1.00,1.25
2017.01.26 02:50:01.272,1.42019,1.42037,1.00,1.25
2017.01.26 02:50:03.068,1.42019,1.42036,1.00,1.00
2017.01.26 02:50:03.251,1.42018,1.42036,1.00,1.31
2017.01.26 02:50:03.851,1.42017,1.42035,1.50,1.94
2017.01.26 02:50:04.942,1.42017,1.42035,1.50,1.94
2017.01.26 02:50:05.552,1.42017,1.42035,1.50,2.06
2017.01.26 02:50:05.747,1.42019,1.42036,1.00,1.37
2017.01.26 02:50:09.444,1.42019,1.42037,1.00,1.37
2017.01.26 02:50:17.696,1.4202,1.42037,1.00,1.37
2017.01.26 02:50:18.205,1.42019,1.42037,1.00,1.94
2017.01.26 02:50:18.931,1.42019,1.42037,1.00,1.37
2017.01.26 02:50:34.139,1.42019,1.42037,1.00,1.94
2017.01.26 02:50:34.241,1.42017,1.42036,1.00,1.56
2017.01.26 02:50:35.573,1.42016,1.42035,1.50,1.56
2017.01.26 02:50:36.122,1.42017,1.42035,1.00,2.06
2017.01.26 02:50:37.025,1.42017,1.42034,1.00,1.25
2017.01.26 02:50:38.337,1.42018,1.42034,1.00,1.25
2017.01.26 02:50:38.852,1.42017,1.42033,1.00,1.00
2017.01.26 02:50:38.903,1.42015,1.42035,1.87,2.25
2017.01.26 02:50:39.004,1.42017,1.42035,1.00,2.25
2017.01.26 02:50:40.334,1.42015,1.42035,1.50,2.25
2017.01.26 02:50:40.892,1.42016,1.42035,1.00,2.25
2017.01.26 02:50:45.688,1.42017,1.42035,1.00,2.25
2017.01.26 02:50:45.739,1.42017,1.42035,1.00,2.06
2017.01.26 02:50:49.864,1.42018,1.42035,1.00,1.25
2017.01.26 02:50:50.173,1.42019,1.42038,1.87,1.00
2017.01.26 02:50:50.224,1.42021,1.42039,1.00,1.00
2017.01.26 02:50:50.528,1.42024,1.42039,1.00,1.00
2017.01.26 02:50:51.029,1.42024,1.42041,1.00,1.37
2017.01.26 02:50:51.283,1.42021,1.42039,1.50,1.69
2017.01.26 02:50:51.791,1.4202,1.42039,1.00,1.50
2017.01.26 02:50:54.848,1.42021,1.4204,1.00,1.50
2017.01.26 02:50:55.000,1.42022,1.42042,1.12,1.50
2017.01.26 02:50:55.051,1.42025,1.42042,1.12,1.00
2017.01.26 02:50:55.456,1.42023,1.42042,1.00,1.87
2017.01.26 02:50:55.507,1.42023,1.42042,1.00,3.00
2017.01.26 02:51:00.217,1.42022,1.4204,1.00,1.12
2017.01.26 02:51:00.521,1.42022,1.42037,1.00,1.00
2017.01.26 02:51:01.027,1.4202,1.42038,1.00,1.12
2017.01.26 02:51:02.252,1.4202,1.42036,1.00,1.00
2017.01.26 02:51:03.147,1.42019,1.42036,1.00,1.00
2017.01.26 02:51:03.248,1.4202,1.42038,1.00,1.12
2017.01.26 02:51:03.516,1.42019,1.42036,1.00,1.00
2017.01.26 02:51:04.116,1.42018,1.42036,1.50,1.00
2017.01.26 02:51:08.298,1.42018,1.42036,1.00,1.37
2017.01.26 02:51:13.579,1.42017,1.42036,1.00,1.37
2017.01.26 02:51:14.240,1.42017,1.42034,1.00,1.00
2017.01.26 02:51:14.752,1.42017,1.42036,1.00,2.25
2017.01.26 02:51:15.502,1.42016,1.42035,1.12,1.12
2017.01.26 02:51:15.844,1.42016,1.42035,1.00,1.37
2017.01.26 02:51:17.610,1.42017,1.42035,1.00,1.87
2017.01.26 02:51:20.841,1.42017,1.42035,1.00,1.87
2017.01.26 02:51:25.584,1.42017,1.42036,1.00,1.87
2017.01.26 02:51:28.771,1.42017,1.42035,1.00,1.00
2017.01.26 02:51:29.178,1.42015,1.42034,1.00,1.50
2017.01.26 02:51:29.229,1.42015,1.42034,1.00,1.50
2017.01.26 02:51:29.584,1.42015,1.42035,1.00,2.62
2017.01.26 02:51:30.090,1.42016,1.42035,1.00,1.00
2017.01.26 02:51:30.599,1.42017,1.42035,1.00,1.00
2017.01.26 02:51:31.767,1.42018,1.42035,1.00,1.00
2017.01.26 02:51:33.522,1.42017,1.42036,1.00,1.12
2017.01.26 02:51:40.783,1.42017,1.42032,1.00,1.19
2017.01.26 02:51:41.401,1.42016,1.42032,1.50,1.19
2017.01.26 02:51:41.707,1.42004,1.42023,1.00,2.81
2017.01.26 02:51:42.170,1.42001,1.4202,1.00,1.31
2017.01.26 02:51:42.222,1.42001,1.4202,1.00,1.62
2017.01.26 02:51:42.413,1.42001,1.4202,1.00,1.25
2017.01.26 02:51:42.840,1.42003,1.4202,1.00,1.69
2017.01.26 02:51:43.145,1.42013,1.42025,1.00,1.31
2017.01.26 02:51:43.664,1.42013,1.42026,1.00,1.81
2017.01.26 02:51:44.201,1.42012,1.42026,1.00,1.44
2017.01.26 02:51:44.790,1.42012,1.42026,1.00,1.44
2017.01.26 02:51:46.758,1.42012,1.42026,1.00,1.50
2017.01.26 02:51:47.097,1.4202,1.4203,1.00,1.00
2017.01.26 02:51:47.148,1.42022,1.42038,1.00,1.37
2017.01.26 02:51:47.200,1.42022,1.42038,1.00,1.00
2017.01.26 02:51:47.719,1.42023,1.4204,2.25,1.87
2017.01.26 02:51:48.263,1.42023,1.4204,1.00,1.87
2017.01.26 02:51:49.061,1.42021,1.42039,1.50,2.62
2017.01.26 02:51:49.163,1.4202,1.42035,1.50,1.00
2017.01.26 02:51:51.628,1.4202,1.42037,1.00,1.87
2017.01.26 02:51:52.391,1.42022,1.42037,1.00,1.87
2017.01.26 02:51:54.133,1.42019,1.42037,2.25,1.12
2017.01.26 02:51:54.741,1.42018,1.42037,1.00,1.12
2017.01.26 02:51:58.614,1.42018,1.42038,1.12,2.81
2017.01.26 02:52:00.760,1.42018,1.42037,1.12,1.87
2017.01.26 02:52:01.333,1.42019,1.42037,1.00,1.50
2017.01.26 02:52:01.435,1.42018,1.42035,1.00,1.50
2017.01.26 02:52:01.996,1.42017,1.42035,1.12,1.50
2017.01.26 02:52:02.444,1.42015,1.42031,1.37,1.19
2017.01.26 02:52:02.703,1.42009,1.42025,1.50,1.00
2017.01.26 02:52:03.238,1.42008,1.42027,1.00,2.06
2017.01.26 02:52:03.753,1.42007,1.42027,1.00,2.44
2017.01.26 02:52:04.915,1.42007,1.42027,1.37,1.12
2017.01.26 02:52:05.220,1.42012,1.42028,1.00,1.37
2017.01.26 02:52:05.726,1.42011,1.42028,1.00,1.37
2017.01.26 02:52:06.082,1.42009,1.42028,1.00,3.75
2017.01.26 02:52:06.588,1.42008,1.42027,1.00,1.87
2017.01.26 02:52:13.451,1.42008,1.42023,1.50,1.00
2017.01.26 02:52:14.238,1.4201,1.42026,1.00,1.37
2017.01.26 02:52:14.583,1.42003,1.42019,2.25,1.00
2017.01.26 02:52:14.634,1.42003,1.42019,1.50,1.50
2017.01.26 02:52:14.686,1.42003,1.42017,1.12,1.00
2017.01.26 02:52:14.737,1.41998,1.42016,1.56,1.00
2017.01.26 02:52:14.788,1.41998,1.42014,1.37,1.00
2017.01.26 02:52:14.839,1.41997,1.42014,1.31,1.00
2017.01.26 02:52:14.890,1.41997,1.42012,1.31,1.00
2017.01.26 02:52:14.941,1.41996,1.42014,1.31,1.00
2017.01.26 02:52:15.044,1.41996,1.42011,1.31,1.00
2017.01.26 02:52:15.130,1.41996,1.42014,1.31,1.50
2017.01.26 02:52:15.232,1.41995,1.42012,2.06,1.00
2017.01.26 02:52:16.181,1.41997,1.42012,1.25,1.00
2017.01.26 02:52:16.774,1.41995,1.42012,1.69,1.00
2017.01.26 02:52:16.827,1.41994,1.42011,1.56,1.00
2017.01.26 02:52:17.012,1.41994,1.4201,1.56,1.00
2017.01.26 02:52:17.317,1.41991,1.42011,1.69,1.87
2017.01.26 02:52:17.839,1.41992,1.42009,1.31,1.00
2017.01.26 02:52:18.042,1.41991,1.42008,1.56,1.37
2017.01.26 02:52:18.093,1.41989,1.42005,1.75,1.37
2017.01.26 02:52:18.144,1.41986,1.42003,1.12,2.62
2017.01.26 02:52:18.347,1.41984,1.42004,1.00,1.31
2017.01.26 02:52:18.398,1.41986,1.42004,1.00,1.69
2017.01.26 02:52:18.702,1.41984,1.41999,1.00,1.37
2017.01.26 02:52:19.125,1.41983,1.42,1.00,1.00
2017.01.26 02:52:19.226,1.41984,1.42002,1.00,1.50
2017.01.26 02:52:19.748,1.41983,1.42002,1.50,1.00
2017.01.26 02:52:20.360,1.41984,1.42003,1.00,1.12
2017.01.26 02:52:21.118,1.41985,1.42003,1.00,1.12
2017.01.26 02:52:24.113,1.41984,1.42003,1.69,1.12
2017.01.26 02:52:24.726,1.41988,1.42003,1.00,1.12
2017.01.26 02:52:24.827,1.41987,1.42006,1.50,2.06
2017.01.26 02:52:24.929,1.4199,1.42006,1.00,1.31
2017.01.26 02:52:28.711,1.41988,1.42006,1.00,1.31
2017.01.26 02:52:28.814,1.41987,1.42003,1.25,1.00
2017.01.26 02:52:30.315,1.41987,1.42003,1.31,1.00
2017.01.26 02:52:32.196,1.41987,1.42003,1.19,1.00
2017.01.26 02:52:34.316,1.41986,1.42002,1.19,1.00
2017.01.26 02:52:34.407,1.41986,1.42002,1.00,1.00
2017.01.26 02:52:34.714,1.41987,1.42004,1.87,1.00
2017.01.26 02:52:34.916,1.41989,1.42004,1.00,1.00
2017.01.26 02:52:35.349,1.41989,1.42006,1.00,1.00
2017.01.26 02:52:35.400,1.4199,1.42008,1.56,1.12
2017.01.26 02:52:35.569,1.41993,1.42012,1.87,1.00
2017.01.26 02:52:35.620,1.41997,1.42012,1.00,1.00
2017.01.26 02:52:35.773,1.41994,1.4201,1.00,1.00
2017.01.26 02:52:36.727,1.41995,1.4201,1.69,1.00
2017.01.26 02:52:36.779,1.41996,1.42012,1.31,1.50
2017.01.26 02:52:36.883,1.42,1.42016,1.00,1.87
2017.01.26 02:52:37.138,1.42,1.42014,1.00,1.00
2017.01.26 02:52:37.443,1.42004,1.42016,1.00,1.00
2017.01.26 02:52:38.360,1.41999,1.42016,1.19,1.00
2017.01.26 02:52:38.411,1.41999,1.42016,1.00,1.00
2017.01.26 02:52:40.685,1.41998,1.42014,1.00,1.00
2017.01.26 02:52:40.786,1.41996,1.42013,1.50,1.00
2017.01.26 02:52:40.837,1.41996,1.42011,1.50,1.00
2017.01.26 02:52:41.396,1.41996,1.4201,1.00,1.00
2017.01.26 02:52:41.725,1.41997,1.42014,1.12,1.00
2017.01.26 02:52:41.777,1.41998,1.42016,1.12,1.00
2017.01.26 02:52:42.122,1.42003,1.42018,1.00,1.00
2017.01.26 02:52:42.766,1.42004,1.42018,1.00,1.00
2017.01.26 02:52:49.254,1.42,1.42018,2.44,1.00
2017.01.26 02:52:49.407,1.42004,1.42021,2.06,1.00
2017.01.26 02:52:49.458,1.42004,1.42022,2.44,1.00
2017.01.26 02:52:49.762,1.42009,1.4202,1.00,1.00
2017.01.26 02:52:49.813,1.42006,1.4202,1.00,1.00
2017.01.26 02:52:50.692,1.42006,1.42019,1.00,1.00
2017.01.26 02:52:51.245,1.42006,1.42018,1.00,1.00
2017.01.26 02:52:52.351,1.42004,1.42018,1.69,1.00
2017.01.26 02:52:52.857,1.42002,1.42019,1.69,1.00
2017.01.26 02:52:59.257,1.42002,1.42019,1.50,1.00
2017.01.26 02:52:59.868,1.42003,1.42018,1.00,1.00
2017.01.26 02:53:00.931,1.42005,1.42018,1.00,1.00
2017.01.26 02:53:01.604,1.42004,1.42018,1.25,1.00
2017.01.26 02:53:01.857,1.41999,1.42018,1.87,1.00
2017.01.26 02:53:01.969,1.42,1.42016,1.12,1.00
2017.01.26 02:53:02.020,1.41999,1.42015,1.00,1.00
2017.01.26 02:53:02.543,1.41997,1.42013,1.75,1.00
2017.01.26 02:53:02.594,1.41997,1.42014,1.00,1.00
2017.01.26 02:53:02.696,1.41997,1.42012,1.00,1.00
2017.01.26 02:53:03.000,1.41995,1.4201,1.00,1.00
2017.01.26 02:53:03.306,1.41997,1.42011,1.00,1.25
2017.01.26 02:53:03.878,1.41997,1.42014,1.50,1.00
2017.01.26 02:53:03.980,1.41999,1.42016,1.00,1.00
2017.01.26 02:53:04.101,1.42002,1.42016,1.00,1.00
2017.01.26 02:53:04.951,1.42004,1.42016,1.00,1.00
2017.01.26 02:53:05.218,1.41997,1.42016,1.87,1.00
2017.01.26 02:53:05.407,1.41997,1.42013,1.87,1.00
2017.01.26 02:53:05.509,1.41996,1.42012,1.00,1.00
2017.01.26 02:53:05.560,1.41993,1.42011,1.00,1.12
2017.01.26 02:53:05.611,1.41993,1.42009,1.00,1.00
2017.01.26 02:53:06.734,1.41993,1.42008,1.00,1.00
2017.01.26 02:53:09.229,1.41991,1.42008,1.00,1.00
2017.01.26 02:53:10.070,1.41991,1.42006,1.12,1.00
2017.01.26 02:53:10.362,1.4199,1.42008,1.00,1.00
2017.01.26 02:53:10.474,1.41992,1.42008,1.00,1.00
2017.01.26 02:53:10.830,1.41994,1.42007,1.00,1.00
2017.01.26 02:53:11.134,1.41996,1.42008,1.00,1.00
2017.01.26 02:53:13.351,1.41993,1.42008,1.12,1.00
2017.01.26 02:53:13.402,1.41993,1.42011,1.12,1.25
2017.01.26 02:53:13.913,1.41993,1.42011,1.00,1.31
2017.01.26 02:53:14.166,1.41991,1.42009,1.50,1.00
2017.01.26 02:53:14.672,1.41993,1.42009,1.00,1.00
2017.01.26 02:53:14.976,1.41992,1.42007,1.00,1.00
2017.01.26 02:53:15.129,1.41989,1.42005,1.00,1.00
2017.01.26 02:53:16.681,1.41987,1.42005,1.87,1.00
2017.01.26 02:53:17.273,1.41987,1.42004,1.87,1.00
2017.01.26 02:53:22.835,1.41988,1.42007,1.37,1.50
2017.01.26 02:53:22.886,1.41988,1.42005,1.12,1.00
2017.01.26 02:53:23.223,1.41986,1.42002,1.12,1.00
2017.01.26 02:53:23.274,1.41986,1.42004,1.50,1.00
2017.01.26 02:53:23.377,1.41984,1.42001,1.00,1.00
2017.01.26 02:53:23.682,1.41979,1.41998,1.00,1.00
2017.01.26 02:53:23.834,1.41981,1.41999,1.37,1.12
2017.01.26 02:53:24.140,1.41984,1.42001,1.00,1.00
2017.01.26 02:53:24.595,1.41982,1.42002,1.00,1.50
2017.01.26 02:53:24.820,1.41982,1.42001,2.62,1.87
2017.01.26 02:53:24.922,1.41983,1.42001,1.00,1.50
2017.01.26 02:53:25.581,1.41982,1.42002,1.00,3.75
2017.01.26 02:53:26.288,1.41983,1.42002,1.00,4.50
2017.01.26 02:53:26.997,1.41983,1.42002,1.00,1.37
2017.01.26 02:53:27.511,1.41982,1.42002,1.00,1.37
2017.01.26 02:53:28.049,1.41982,1.42001,1.00,2.25
2017.01.26 02:53:28.560,1.41981,1.42001,1.50,1.50
2017.01.26 02:53:29.543,1.41983,1.42001,1.00,2.25
2017.01.26 02:53:30.087,1.41982,1.42,1.00,1.12
2017.01.26 02:53:32.845,1.41981,1.42,1.00,1.12
2017.01.26 02:53:34.322,1.41981,1.41998,1.25,1.00
2017.01.26 02:53:35.760,1.41982,1.41998,1.00,1.00
2017.01.26 02:53:36.688,1.41982,1.41998,1.19,1.00
2017.01.26 02:53:40.795,1.41981,1.41998,1.25,1.00
2017.01.26 02:53:41.211,1.41982,1.41998,1.19,1.00
2017.01.26 02:53:41.515,1.41981,1.41998,1.25,1.00
2017.01.26 02:53:51.095,1.41982,1.41998,1.19,1.12
2017.01.26 02:53:52.619,1.41982,1.41998,1.00,1.12
2017.01.26 02:53:55.093,1.41981,1.41998,1.00,1.12
2017.01.26 02:53:55.398,1.41981,1.41995,1.00,1.50
2017.01.26 02:53:55.979,1.4198,1.41995,1.00,1.50
2017.01.26 02:53:56.233,1.41982,1.42,1.00,2.25
2017.01.26 02:53:56.781,1.41981,1.42,1.50,1.50
2017.01.26 02:53:58.062,1.41983,1.42,1.00,1.50
2017.01.26 02:54:03.284,1.41981,1.41998,1.00,1.87
2017.01.26 02:54:03.689,1.41979,1.41997,1.00,1.00
2017.01.26 02:54:03.740,1.41979,1.41997,1.00,1.56
2017.01.26 02:54:03.891,1.41979,1.41997,1.00,1.25
2017.01.26 02:54:04.195,1.41982,1.41998,1.12,1.50
2017.01.26 02:54:04.297,1.41982,1.42001,1.87,1.31
2017.01.26 02:54:04.449,1.41984,1.42001,1.00,1.31
2017.01.26 02:54:05.938,1.41984,1.42001,1.00,2.62
2017.01.26 02:54:06.049,1.41984,1.41999,1.00,1.00
2017.01.26 02:54:07.718,1.41983,1.41999,1.50,1.00
2017.01.26 02:54:08.202,1.41985,1.41999,1.00,1.00
2017.01.26 02:54:08.732,1.41986,1.41999,1.00,1.00
2017.01.26 02:54:09.348,1.41985,1.42001,1.50,2.06
2017.01.26 02:54:11.048,1.4199,1.42002,1.87,1.12
2017.01.26 02:54:11.100,1.4199,1.42003,1.87,1.00
2017.01.26 02:54:11.152,1.41995,1.42004,1.87,1.25
2017.01.26 02:54:11.295,1.41993,1.42013,2.25,2.62
2017.01.26 02:54:11.346,1.41998,1.42017,1.00,1.19
2017.01.26 02:54:11.448,1.42,1.42018,1.00,1.19
2017.01.26 02:54:11.753,1.42004,1.42019,1.12,1.12
2017.01.26 02:54:11.855,1.42002,1.42019,1.00,1.25
2017.01.26 02:54:12.018,1.41999,1.42018,1.00,2.06
2017.01.26 02:54:12.520,1.41998,1.42017,1.00,1.56
2017.01.26 02:54:14.405,1.42001,1.42017,1.00,1.00
2017.01.26 02:54:14.608,1.42,1.42019,1.00,1.31
2017.01.26 02:54:15.218,1.42001,1.4202,1.00,3.37
2017.01.26 02:54:18.507,1.42,1.4202,1.00,3.37
2017.01.26 02:54:18.608,1.42,1.4202,1.00,4.50
2017.01.26 02:54:28.055,1.42,1.42019,1.00,1.00
2017.01.26 02:54:28.615,1.42001,1.42019,1.00,1.81
2017.01.26 02:54:29.127,1.41999,1.42014,1.00,1.25
2017.01.26 02:54:29.594,1.41997,1.42016,1.00,1.69
2017.01.26 02:54:30.101,1.41998,1.42017,1.00,3.56
2017.01.26 02:54:30.152,1.41998,1.42017,1.00,3.00
2017.01.26 02:54:30.660,1.41999,1.42018,1.00,3.56
2017.01.26 02:54:33.411,1.42,1.42017,1.00,1.69
2017.01.26 02:54:35.943,1.41999,1.42017,1.00,1.69
2017.01.26 02:54:38.011,1.41998,1.42015,1.00,2.44
2017.01.26 02:54:38.062,1.41998,1.42013,1.00,1.37
2017.01.26 02:54:38.214,1.41996,1.42012,1.00,1.00
2017.01.26 02:54:38.316,1.41994,1.42012,1.00,1.12
2017.01.26 02:54:38.962,1.41995,1.42012,1.00,1.00
2017.01.26 02:54:39.734,1.41994,1.42012,1.00,1.00
2017.01.26 02:54:39.786,1.41996,1.42012,1.50,1.00
2017.01.26 02:54:40.090,1.42004,1.4202,1.00,1.69
2017.01.26 02:54:40.192,1.42001,1.4202,1.00,2.25
2017.01.26 02:54:40.453,1.42003,1.4202,1.00,1.00
2017.01.26 02:54:41.113,1.42003,1.42021,1.00,2.81
2017.01.26 02:54:41.419,1.42001,1.4202,1.50,3.56
2017.01.26 02:54:44.057,1.42004,1.4202,1.00,1.69
2017.01.26 02:54:44.159,1.42002,1.4202,1.00,1.19
2017.01.26 02:54:44.615,1.42003,1.42021,1.00,1.25
2017.01.26 02:54:47.258,1.42003,1.42021,1.00,1.37
2017.01.26 02:54:47.410,1.42006,1.42025,1.12,1.12
2017.01.26 02:54:47.512,1.42009,1.42026,1.00,1.31
2017.01.26 02:54:48.017,1.42009,1.42026,1.00,2.62
2017.01.26 02:54:48.542,1.42008,1.42026,1.00,2.62
2017.01.26 02:54:51.251,1.42009,1.42025,1.00,1.37
2017.01.26 02:54:51.825,1.42008,1.42025,1.00,1.87
2017.01.26 02:54:51.920,1.4201,1.42026,1.00,2.06
2017.01.26 02:54:52.022,1.42008,1.42025,1.00,1.37
2017.01.26 02:54:52.226,1.42006,1.42026,1.12,2.25
2017.01.26 02:54:52.277,1.42009,1.42026,1.00,1.37
2017.01.26 02:54:53.013,1.42011,1.42027,1.00,2.06
2017.01.26 02:54:56.626,1.42009,1.42027,1.00,2.81
2017.01.26 02:54:57.782,1.42008,1.42025,1.00,1.50
2017.01.26 02:54:58.495,1.42009,1.42025,1.00,1.31
2017.01.26 02:54:58.799,1.42007,1.42024,1.50,1.12
2017.01.26 02:54:58.850,1.42007,1.42024,1.50,1.87
2017.01.26 02:54:59.436,1.42006,1.42024,1.00,1.87
2017.01.26 02:55:00.183,1.42007,1.42024,1.00,2.25
2017.01.26 02:55:00.793,1.42007,1.42024,1.62,1.37
2017.01.26 02:55:00.945,1.42009,1.42026,1.00,1.00
2017.01.26 02:55:01.932,1.42011,1.42028,1.00,2.06
2017.01.26 02:55:03.604,1.42011,1.42028,1.00,2.06
2017.01.26 02:55:03.655,1.42008,1.42025,1.50,1.12
2017.01.26 02:55:04.196,1.42009,1.42025,1.00,1.12
2017.01.26 02:55:04.701,1.42009,1.42024,1.00,1.12
2017.01.26 02:55:05.638,1.42009,1.42023,1.00,1.00
2017.01.26 02:55:05.740,1.42009,1.42021,1.00,1.00
2017.01.26 02:55:06.015,1.42007,1.42021,1.50,1.00
2017.01.26 02:55:09.998,1.42008,1.42026,1.00,1.50
2017.01.26 02:55:10.614,1.42008,1.42027,1.00,3.19
2017.01.26 02:55:12.220,1.42007,1.42027,1.50,3.56
2017.01.26 02:55:13.912,1.42007,1.42027,1.50,2.44
2017.01.26 02:55:13.963,1.4201,1.42027,1.25,2.06
2017.01.26 02:55:14.471,1.42011,1.42027,1.50,1.25
2017.01.26 02:55:14.777,1.42013,1.42027,1.00,1.25
2017.01.26 02:55:15.755,1.42011,1.42027,1.50,1.25
2017.01.26 02:55:16.058,1.42012,1.42024,1.00,1.25
2017.01.26 02:55:16.623,1.42014,1.42024,1.00,1.25
2017.01.26 02:55:17.265,1.42011,1.42024,1.00,1.25
2017.01.26 02:55:17.853,1.42009,1.42024,1.00,1.25
2017.01.26 02:55:17.955,1.42012,1.42027,1.00,1.37
2017.01.26 02:55:18.006,1.42012,1.42029,1.00,1.69
2017.01.26 02:55:18.552,1.42012,1.42029,1.00,1.69
2017.01.26 02:55:19.012,1.4201,1.42029,1.00,2.44
2017.01.26 02:55:22.061,1.4201,1.42028,1.00,1.62
2017.01.26 02:55:25.052,1.4201,1.42025,1.00,1.19
2017.01.26 02:55:27.447,1.42008,1.42025,1.00,2.44
2017.01.26 02:55:28.474,1.42007,1.42025,1.00,2.44
2017.01.26 02:55:29.382,1.42008,1.42025,1.00,2.44
2017.01.26 02:55:29.434,1.42008,1.42023,1.00,1.56
2017.01.26 02:55:29.535,1.42004,1.42021,1.00,1.37
2017.01.26 02:55:29.587,1.42002,1.4202,1.00,2.44
2017.01.26 02:55:29.840,1.42,1.42018,1.00,1.50
2017.01.26 02:55:30.498,1.42001,1.42018,1.00,2.62
2017.01.26 02:55:30.549,1.42001,1.42016,1.12,1.37
2017.01.26 02:55:30.651,1.42001,1.4202,1.00,1.12
2017.01.26 02:55:30.701,1.42005,1.4202,1.00,1.37
2017.01.26 02:55:30.844,1.42005,1.4202,1.00,1.00
2017.01.26 02:55:34.157,1.42005,1.42023,1.00,2.81
2017.01.26 02:55:39.850,1.42005,1.42023,1.50,1.69
2017.01.26 02:55:40.384,1.42006,1.42023,1.00,1.19
2017.01.26 02:55:47.675,1.42006,1.42022,1.00,1.19
2017.01.26 02:55:50.007,1.42009,1.42022,1.00,1.19
2017.01.26 02:55:50.058,1.42007,1.42024,1.00,1.00
2017.01.26 02:55:50.161,1.42007,1.42024,1.12,1.00
2017.01.26 02:55:50.263,1.42012,1.42028,1.00,1.69
2017.01.26 02:55:50.517,1.42011,1.42028,1.00,2.25
2017.01.26 02:55:50.619,1.42009,1.42027,1.00,1.56
2017.01.26 02:55:50.720,1.42007,1.42026,1.00,1.62
2017.01.26 02:55:54.362,1.42007,1.42024,1.00,1.37
2017.01.26 02:55:55.175,1.42007,1.42024,1.50,1.12
2017.01.26 02:55:55.914,1.42007,1.42025,1.00,1.50
2017.01.26 02:55:56.495,1.42007,1.42025,1.00,1.87
2017.01.26 02:55:59.051,1.42006,1.42025,1.00,1.87
2017.01.26 02:56:04.319,1.42007,1.42026,1.00,1.87
2017.01.26 02:56:04.420,1.42008,1.42026,1.37,1.00
2017.01.26 02:56:04.725,1.42012,1.42028,1.00,1.50
2017.01.26 02:56:05.195,1.42012,1.4203,1.00,1.12
2017.01.26 02:56:05.297,1.42013,1.42031,1.00,4.12
2017.01.26 02:56:05.804,1.42012,1.4203,1.00,1.56
2017.01.26 02:56:06.312,1.42012,1.4203,1.00,1.56
2017.01.26 02:56:09.920,1.42012,1.42029,1.00,1.50
2017.01.26 02:56:10.649,1.42012,1.42029,1.00,1.50
2017.01.26 02:56:14.229,1.42012,1.42029,1.00,1.50
2017.01.26 02:56:14.838,1.42012,1.42029,1.00,1.50
2017.01.26 02:56:15.182,1.42012,1.42029,1.00,1.87
2017.01.26 02:56:15.233,1.42012,1.42029,1.00,1.31
2017.01.26 02:56:17.717,1.42012,1.42029,1.00,1.50
2017.01.26 02:56:18.912,1.42012,1.42029,1.00,1.87
2017.01.26 02:56:19.014,1.42012,1.42029,1.00,1.31
2017.01.26 02:56:21.889,1.42012,1.42029,1.00,1.69
2017.01.26 02:56:22.443,1.42012,1.42029,1.00,1.31
2017.01.26 02:56:26.685,1.42012,1.42028,1.00,1.25
2017.01.26 02:56:31.641,1.42012,1.42028,1.00,1.44
2017.01.26 02:56:32.154,1.42012,1.42028,1.00,1.12
2017.01.26 02:56:48.740,1.42012,1.42028,1.00,1.44
2017.01.26 02:56:48.929,1.42012,1.42028,1.00,1.25
2017.01.26 02:56:52.641,1.42012,1.42027,1.00,1.37
2017.01.26 02:56:53.243,1.42011,1.42028,1.00,2.25
2017.01.26 02:56:53.781,1.4201,1.42028,1.00,2.25
2017.01.26 02:56:55.203,1.4201,1.42025,1.00,1.56
2017.01.26 02:56:55.423,1.42012,1.42029,1.00,1.50
2017.01.26 02:56:55.474,1.4201,1.42027,1.00,1.31
2017.01.26 02:56:55.779,1.42012,1.42027,1.00,1.19
2017.01.26 02:57:05.149,1.42015,1.42027,1.00,1.19
2017.01.26 02:57:05.352,1.42013,1.42027,1.50,1.19
2017.01.26 02:57:09.662,1.42013,1.42031,1.00,1.87
2017.01.26 02:57:12.022,1.42014,1.4203,1.00,1.12
2017.01.26 02:57:15.867,1.42014,1.4203,1.00,1.50
2017.01.26 02:57:16.369,1.42014,1.4203,1.00,1.12
2017.01.26 02:57:17.048,1.42013,1.4203,1.00,1.12
2017.01.26 02:57:17.099,1.42013,1.42031,1.00,2.06
2017.01.26 02:57:18.216,1.42014,1.42031,1.00,2.81
2017.01.26 02:57:18.676,1.42012,1.42031,1.00,2.81
2017.01.26 02:57:18.727,1.4201,1.42027,1.00,1.12
2017.01.26 02:57:19.031,1.42011,1.42023,1.00,1.00
2017.01.26 02:57:19.082,1.42011,1.42026,1.00,1.00
2017.01.26 02:57:19.665,1.4201,1.42026,1.50,1.00
2017.01.26 02:57:19.926,1.42009,1.42026,1.00,3.37
2017.01.26 02:57:20.206,1.42007,1.42023,1.00,1.00
2017.01.26 02:57:20.804,1.42008,1.42025,1.00,1.69
2017.01.26 02:57:25.788,1.42007,1.42025,1.00,1.69
2017.01.26 02:57:26.393,1.42006,1.42023,1.00,1.00
2017.01.26 02:57:30.086,1.42007,1.42025,1.00,1.56
2017.01.26 02:57:30.137,1.42007,1.42025,1.37,1.56
2017.01.26 02:57:30.290,1.42011,1.42029,1.12,2.06
2017.01.26 02:57:30.493,1.42012,1.4203,1.00,1.00
2017.01.26 02:57:31.056,1.42011,1.4203,1.00,1.12
2017.01.26 02:57:33.512,1.42011,1.42029,1.00,1.00
2017.01.26 02:57:45.020,1.42011,1.42028,1.50,1.25
2017.01.26 02:57:45.539,1.4201,1.42027,1.00,1.37
2017.01.26 02:57:47.213,1.4201,1.42026,1.00,1.37
2017.01.26 02:57:47.742,1.4201,1.42026,1.00,1.75
2017.01.26 02:57:48.797,1.42008,1.42026,1.00,1.12
2017.01.26 02:57:49.045,1.4201,1.42026,1.00,1.12
2017.01.26 02:57:49.550,1.4201,1.42027,1.00,2.62
2017.01.26 02:57:55.773,1.42013,1.42027,1.00,2.81
2017.01.26 02:57:58.733,1.4201,1.42027,1.00,3.56
2017.01.26 02:57:59.315,1.42009,1.42027,1.50,3.56
2017.01.26 02:58:00.195,1.42008,1.42024,1.00,1.87
2017.01.26 02:58:00.246,1.42005,1.42023,1.00,1.12
2017.01.26 02:58:00.783,1.42004,1.42021,1.00,1.50
2017.01.26 02:58:01.821,1.42003,1.42022,1.19,1.00
2017.01.26 02:58:01.935,1.42001,1.42021,3.75,1.00
2017.01.26 02:58:01.986,1.42004,1.42019,1.00,1.37
2017.01.26 02:58:02.038,1.42001,1.42018,1.00,1.37
2017.01.26 02:58:02.141,1.41997,1.42014,2.25,1.50
2017.01.26 02:58:02.345,1.41996,1.42011,1.00,1.00
2017.01.26 02:58:02.548,1.41994,1.42011,1.50,1.00
2017.01.26 02:58:02.992,1.41996,1.42013,1.00,1.37
2017.01.26 02:58:03.094,1.41996,1.42014,1.12,1.37
2017.01.26 02:58:03.246,1.41999,1.42015,1.12,2.62
2017.01.26 02:58:03.348,1.41999,1.42016,1.50,1.12
2017.01.26 02:58:03.568,1.42001,1.42018,1.00,1.37
2017.01.26 02:58:03.695,1.41999,1.42018,1.50,1.37
2017.01.26 02:58:03.913,1.42001,1.42018,1.00,1.37
2017.01.26 02:58:04.419,1.42,1.42017,1.00,1.37
2017.01.26 02:58:04.572,1.42,1.42019,1.50,2.81
2017.01.26 02:58:04.832,1.42001,1.42015,1.00,1.12
2017.01.26 02:58:04.883,1.42001,1.42017,1.00,2.62
2017.01.26 02:58:04.934,1.42001,1.42014,1.00,1.12
2017.01.26 02:58:04.985,1.41998,1.42014,1.50,1.00
2017.01.26 02:58:05.137,1.41999,1.42017,1.00,4.12
2017.01.26 02:58:05.239,1.41999,1.42017,1.00,4.31
2017.01.26 02:58:06.566,1.41997,1.42016,1.50,1.19
2017.01.26 02:58:06.819,1.41997,1.42016,1.50,4.69
2017.01.26 02:58:07.553,1.41997,1.42015,1.00,1.37
2017.01.26 02:58:11.448,1.41997,1.42015,1.00,1.00
2017.01.26 02:58:12.663,1.41998,1.42015,1.00,1.00
2017.01.26 02:58:12.866,1.42,1.42018,1.00,1.50
2017.01.26 02:58:13.018,1.42,1.4202,1.69,1.50
2017.01.26 02:58:13.523,1.42002,1.4202,1.00,1.87
2017.01.26 02:58:22.522,1.42002,1.4202,1.00,2.62
2017.01.26 02:58:29.427,1.42004,1.42021,1.00,1.12
2017.01.26 02:58:29.479,1.42002,1.42022,2.62,3.75
2017.01.26 02:58:29.530,1.42002,1.42022,2.44,1.87
2017.01.26 02:58:29.683,1.42004,1.42024,1.37,1.50
2017.01.26 02:58:29.734,1.42005,1.42024,1.31,1.50
2017.01.26 02:58:29.785,1.42006,1.42027,2.06,1.12
2017.01.26 02:58:29.942,1.42009,1.42027,1.00,1.12
2017.01.26 02:58:30.246,1.42009,1.42028,1.00,4.50
2017.01.26 02:58:30.914,1.42007,1.42026,1.00,3.00
2017.01.26 02:58:31.435,1.42008,1.42025,1.00,2.62
2017.01.26 02:58:31.784,1.42005,1.42023,1.00,1.87
2017.01.26 02:58:32.312,1.42004,1.42023,1.50,1.37
2017.01.26 02:58:35.854,1.42005,1.42023,1.00,2.06
2017.01.26 02:58:36.277,1.42005,1.42024,1.00,2.06
2017.01.26 02:58:36.582,1.42003,1.42021,1.50,1.69
2017.01.26 02:58:37.155,1.42003,1.42021,1.12,1.31
2017.01.26 02:58:37.408,1.42005,1.42021,1.00,1.31
2017.01.26 02:58:38.478,1.42003,1.42021,1.00,1.31
2017.01.26 02:58:39.033,1.42004,1.42021,1.00,1.31
2017.01.26 02:58:39.714,1.42003,1.42021,1.00,1.69
2017.01.26 02:58:40.307,1.42002,1.42022,1.12,2.81
2017.01.26 02:58:40.442,1.42007,1.42023,1.00,1.00
2017.01.26 02:58:41.017,1.42007,1.42024,1.00,1.00
2017.01.26 02:58:43.750,1.42009,1.42024,1.00,1.25
2017.01.26 02:58:44.998,1.42009,1.42024,1.00,1.62
2017.01.26 02:58:45.522,1.42009,1.42024,1.00,1.25
2017.01.26 02:58:46.032,1.42009,1.42024,1.00,1.62
2017.01.26 02:58:46.083,1.42007,1.42024,1.00,1.62
2017.01.26 02:58:52.879,1.42007,1.42026,1.00,3.37
2017.01.26 02:58:53.293,1.42009,1.42025,1.00,1.00
2017.01.26 02:58:53.797,1.42007,1.42025,1.50,1.00
2017.01.26 02:58:56.725,1.42008,1.42025,1.00,1.00
2017.01.26 02:58:56.826,1.42009,1.42026,1.19,1.12
2017.01.26 02:58:56.947,1.42009,1.42029,1.19,1.37
2017.01.26 02:58:57.200,1.42013,1.4203,1.00,1.87
2017.01.26 02:59:00.440,1.42011,1.4203,1.50,1.87
2017.01.26 02:59:01.332,1.42011,1.4203,1.69,1.87
2017.01.26 02:59:02.229,1.42011,1.42026,1.00,1.00
2017.01.26 02:59:02.533,1.42009,1.42027,1.12,1.56
2017.01.26 02:59:02.737,1.42007,1.42028,1.50,3.56
2017.01.26 02:59:03.442,1.42007,1.42028,1.12,3.56
2017.01.26 02:59:05.149,1.42007,1.42027,1.87,2.06
2017.01.26 02:59:05.336,1.42009,1.42028,1.00,1.50
2017.01.26 02:59:05.590,1.42011,1.42029,1.00,2.25
2017.01.26 02:59:06.198,1.42014,1.4203,1.00,1.12
2017.01.26 02:59:06.249,1.42014,1.42031,1.00,1.37
2017.01.26 02:59:06.776,1.42013,1.42031,1.00,1.37
2017.01.26 02:59:09.111,1.42014,1.42031,1.00,1.37
2017.01.26 02:59:10.120,1.42013,1.42031,1.00,1.62
2017.01.26 02:59:11.620,1.42012,1.42031,1.00,3.56
2017.01.26 02:59:12.177,1.42012,1.42033,1.37,1.94
2017.01.26 02:59:12.279,1.42012,1.42033,1.00,1.19
2017.01.26 02:59:12.541,1.42009,1.42027,1.12,2.06
2017.01.26 02:59:13.045,1.4201,1.42029,1.00,1.62
2017.01.26 02:59:13.372,1.4201,1.42029,1.00,2.81
2017.01.26 02:59:13.672,1.42009,1.42029,1.00,1.87
2017.01.26 02:59:13.723,1.42011,1.42028,1.00,1.00
2017.01.26 02:59:14.061,1.42012,1.42029,1.00,2.62
2017.01.26 02:59:14.264,1.4201,1.42029,1.12,2.81
2017.01.26 02:59:14.366,1.4201,1.42027,3.37,1.00
2017.01.26 02:59:14.417,1.42012,1.42032,1.00,1.87
2017.01.26 02:59:14.468,1.42015,1.42032,1.00,1.31
2017.01.26 02:59:14.790,1.42018,1.42036,1.00,3.00
2017.01.26 02:59:14.841,1.42018,1.42036,1.00,1.37
2017.01.26 02:59:15.043,1.42018,1.42036,1.00,3.00
2017.01.26 02:59:17.544,1.42017,1.42033,1.00,1.87
2017.01.26 02:59:17.646,1.42015,1.42033,1.00,2.44
2017.01.26 02:59:17.769,1.42014,1.42031,1.00,1.19
2017.01.26 02:59:18.072,1.42012,1.42032,1.00,2.44
2017.01.26 02:59:20.844,1.42013,1.42033,1.00,2.25
2017.01.26 02:59:21.389,1.42014,1.42032,1.00,1.00
2017.01.26 02:59:21.490,1.42016,1.42033,1.00,1.37
2017.01.26 02:59:22.016,1.42017,1.42033,1.00,1.12
2017.01.26 02:59:22.409,1.42015,1.42035,1.00,4.12
2017.01.26 02:59:23.000,1.42016,1.42035,1.00,3.19
2017.01.26 02:59:23.511,1.42015,1.42035,1.00,3.94
2017.01.26 02:59:23.663,1.42015,1.42033,1.00,1.19
2017.01.26 02:59:24.323,1.42015,1.42033,1.00,1.25
2017.01.26 02:59:28.453,1.42014,1.42033,1.00,1.19
2017.01.26 02:59:28.543,1.42014,1.42035,1.00,3.19
2017.01.26 02:59:28.644,1.42016,1.42035,1.00,2.44
2017.01.26 02:59:29.997,1.42015,1.42035,1.00,2.44
2017.01.26 02:59:30.510,1.42016,1.42035,1.00,3.19
2017.01.26 02:59:31.312,1.42015,1.42034,1.00,1.56
2017.01.26 02:59:32.566,1.42015,1.42033,1.00,1.69
2017.01.26 02:59:32.911,1.42014,1.42033,1.00,1.69
2017.01.26 02:59:33.570,1.42015,1.42034,1.00,2.62
2017.01.26 02:59:33.704,1.42016,1.42036,1.00,1.69
2017.01.26 02:59:34.230,1.42018,1.42036,1.00,1.00
2017.01.26 02:59:35.219,1.42019,1.42036,1.00,1.12
2017.01.26 02:59:35.755,1.42019,1.42036,1.00,1.31
2017.01.26 02:59:40.370,1.42024,1.4204,1.00,3.19
2017.01.26 02:59:40.466,1.42024,1.4204,1.25,1.00
2017.01.26 02:59:40.517,1.42025,1.4204,1.19,1.00
2017.01.26 02:59:40.618,1.42026,1.42045,1.00,1.31
2017.01.26 02:59:41.023,1.42025,1.42045,1.00,1.12
2017.01.26 02:59:41.125,1.42024,1.42043,1.00,1.56
2017.01.26 02:59:41.429,1.42023,1.42042,1.00,1.75
2017.01.26 02:59:41.755,1.42026,1.42045,1.00,1.87
2017.01.26 02:59:42.305,1.42027,1.42045,1.00,1.37
2017.01.26 02:59:42.707,1.42024,1.42043,1.00,2.25
2017.01.26 02:59:42.938,1.42022,1.42039,1.00,1.00
2017.01.26 02:59:43.040,1.4202,1.4204,1.50,1.62
2017.01.26 02:59:43.572,1.42021,1.42039,1.00,1.00
2017.01.26 02:59:44.026,1.42019,1.42039,1.00,1.00
2017.01.26 02:59:44.596,1.42021,1.42039,1.00,1.00
2017.01.26 02:59:45.128,1.4202,1.42039,1.00,1.00
2017.01.26 02:59:45.456,1.42026,1.42045,1.50,1.00
2017.01.26 02:59:45.760,1.42024,1.42045,1.00,2.25
2017.01.26 02:59:46.263,1.42025,1.42045,1.00,1.87
2017.01.26 02:59:50.310,1.42025,1.42045,1.00,1.37
2017.01.26 02:59:50.614,1.42022,1.4204,1.00,1.00
2017.01.26 02:59:51.152,1.42023,1.4204,1.00,1.00
2017.01.26 02:59:52.063,1.42021,1.4204,1.00,1.50
2017.01.26 02:59:52.253,1.42023,1.4204,1.00,1.50
2017.01.26 02:59:53.271,1.42026,1.42043,1.12,2.62
2017.01.26 02:59:53.364,1.42026,1.42044,1.00,1.37
2017.01.26 02:59:53.516,1.42027,1.42045,1.00,1.16
2017.01.26 02:59:54.431,1.42028,1.42045,1.00,1.87
2017.01.26 02:59:54.583,1.42025,1.42042,1.00,1.50
2017.01.26 02:59:54.634,1.42023,1.42038,1.00,1.00
2017.01.26 02:59:54.736,1.42019,1.42035,1.50,1.00
2017.01.26 02:59:54.939,1.42016,1.42034,1.00,1.00
2017.01.26 02:59:55.449,1.42015,1.42032,1.00,1.00
2017.01.26 02:59:55.803,1.42013,1.42032,1.00,1.12
2017.01.26 02:59:56.107,1.42016,1.42032,1.00,1.87
2017.01.26 02:59:56.620,1.42016,1.42032,1.00,1.50
2017.01.26 02:59:56.924,1.42013,1.42032,1.50,1.00
2017.01.26 02:59:57.141,1.42013,1.42033,2.81,1.00
2017.01.26 02:59:57.395,1.42017,1.42038,1.00,2.62
2017.01.26 02:59:58.304,1.42018,1.42037,1.00,1.75
2017.01.26 02:59:59.361,1.42019,1.42037,1.00,1.75
2017.01.26 02:59:59.766,1.42021,1.42037,1.00,1.12
2017.01.26 02:59:59.868,1.42019,1.42036,1.50,1.50
