2017.01.03 11:00:00.214,1.44335,1.44353,2.62,1.00
2017.01.03 11:00:00.518,1.44341,1.44361,1.00,1.87
2017.01.03 11:00:00.822,1.44342,1.44361,2.25,1.00
2017.01.03 11:00:01.527,1.44343,1.44361,1.00,1.50
2017.01.03 11:00:01.938,1.44346,1.44364,1.00,3.19
2017.01.03 11:00:02.266,1.44343,1.44358,1.00,1.69
2017.01.03 11:00:02.318,1.44341,1.44358,1.00,1.31
2017.01.03 11:00:02.370,1.44341,1.44357,1.00,1.19
2017.01.03 11:00:02.472,1.44342,1.44358,1.00,1.12
2017.01.03 11:00:02.563,1.4434,1.44358,1.00,1.37
2017.01.03 11:00:02.615,1.44342,1.44359,1.00,1.37
2017.01.03 11:00:02.665,1.44342,1.44361,1.00,3.56
2017.01.03 11:00:03.207,1.44342,1.44361,1.00,3.94
2017.01.03 11:00:03.736,1.44343,1.44361,1.00,2.06
2017.01.03 11:00:04.141,1.44345,1.44361,1.00,1.31
2017.01.03 11:00:04.646,1.44344,1.44361,1.00,1.25
2017.01.03 11:00:04.812,1.4434,1.44358,1.00,1.50
2017.01.03 11:00:04.863,1.44342,1.44356,1.00,1.50
2017.01.03 11:00:04.914,1.44339,1.44355,1.00,1.00
2017.01.03 11:00:05.016,1.44339,1.44357,1.00,1.25
2017.01.03 11:00:05.319,1.44338,1.44355,1.00,1.25
2017.01.03 11:00:05.609,1.44339,1.44357,1.50,1.69
2017.01.03 11:00:05.761,1.44336,1.44354,1.00,1.00
2017.01.03 11:00:06.066,1.44329,1.44346,1.37,1.00
2017.01.03 11:00:06.390,1.44327,1.44344,1.00,1.37
2017.01.03 11:00:06.835,1.44333,1.44345,1.00,1.50
2017.01.03 11:00:06.938,1.44336,1.44349,1.00,1.12
2017.01.03 11:00:07.015,1.44341,1.44355,1.00,1.12
2017.01.03 11:00:07.117,1.44339,1.44356,1.00,1.00
2017.01.03 11:00:07.219,1.44341,1.44357,1.00,1.50
2017.01.03 11:00:07.721,1.4434,1.44358,1.00,2.06
2017.01.03 11:00:08.230,1.44339,1.44358,1.00,2.06
2017.01.03 11:00:08.391,1.44334,1.44353,1.00,1.69
2017.01.03 11:00:08.442,1.44338,1.44353,1.00,1.50
2017.01.03 11:00:08.747,1.44346,1.44356,1.00,1.19
2017.01.03 11:00:08.798,1.44348,1.44364,1.00,1.19
2017.01.03 11:00:08.849,1.44348,1.44366,1.00,2.81
2017.01.03 11:00:09.547,1.44346,1.44365,1.50,1.25
2017.01.03 11:00:09.800,1.44346,1.44363,1.00,1.00
2017.01.03 11:00:09.902,1.44343,1.44362,1.00,1.12
2017.01.03 11:00:09.953,1.44343,1.4436,1.00,1.00
2017.01.03 11:00:10.156,1.44344,1.44363,1.19,1.87
2017.01.03 11:00:10.207,1.44344,1.44358,1.00,1.00
2017.01.03 11:00:10.308,1.44344,1.44361,1.00,1.37
2017.01.03 11:00:10.461,1.44342,1.4436,1.50,1.00
2017.01.03 11:00:10.666,1.4434,1.44359,1.00,1.69
2017.01.03 11:00:10.717,1.44338,1.44358,1.00,1.00
2017.01.03 11:00:10.818,1.44338,1.44356,1.00,1.00
2017.01.03 11:00:11.636,1.44339,1.44357,1.00,1.69
2017.01.03 11:00:11.991,1.44339,1.44355,1.00,1.00
2017.01.03 11:00:12.181,1.44337,1.44356,1.00,1.00
2017.01.03 11:00:12.283,1.4434,1.44355,1.00,1.00
2017.01.03 11:00:12.592,1.44344,1.44358,1.00,1.19
2017.01.03 11:00:13.613,1.44346,1.44358,1.00,1.56
2017.01.03 11:00:13.715,1.44348,1.44364,1.00,1.00
2017.01.03 11:00:13.817,1.44346,1.44364,1.00,1.50
2017.01.03 11:00:13.868,1.44346,1.44362,1.00,1.25
2017.01.03 11:00:13.920,1.44344,1.44362,1.00,1.25
2017.01.03 11:00:14.365,1.44346,1.44362,1.00,1.00
2017.01.03 11:00:14.470,1.44347,1.44364,1.00,1.87
2017.01.03 11:00:14.673,1.44347,1.44366,1.00,1.12
2017.01.03 11:00:14.724,1.44349,1.44366,1.00,1.00
2017.01.03 11:00:14.876,1.4435,1.44368,1.00,2.44
2017.01.03 11:00:15.078,1.44348,1.44364,1.00,1.25
2017.01.03 11:00:15.231,1.44346,1.44365,1.00,1.12
2017.01.03 11:00:15.869,1.44346,1.44364,1.00,1.00
2017.01.03 11:00:15.920,1.44348,1.44365,1.00,1.12
2017.01.03 11:00:16.578,1.44346,1.44364,1.00,1.00
2017.01.03 11:00:16.781,1.44343,1.44361,1.00,1.12
2017.01.03 11:00:16.985,1.44339,1.44358,2.25,1.69
2017.01.03 11:00:17.036,1.44339,1.44356,1.00,1.00
2017.01.03 11:00:17.369,1.4435,1.44355,1.00,1.00
2017.01.03 11:00:17.623,1.44354,1.44363,1.00,1.00
2017.01.03 11:00:17.674,1.44355,1.44368,1.00,1.00
2017.01.03 11:00:17.829,1.44356,1.44373,1.50,1.00
2017.01.03 11:00:18.059,1.44357,1.44375,1.00,1.12
2017.01.03 11:00:18.262,1.44358,1.44378,1.00,1.50
2017.01.03 11:00:18.433,1.44361,1.44379,1.00,1.00
2017.01.03 11:00:18.839,1.44364,1.4438,1.00,2.44
2017.01.03 11:00:18.890,1.44361,1.4438,1.00,1.31
2017.01.03 11:00:18.993,1.44363,1.44379,1.00,1.50
2017.01.03 11:00:19.045,1.44361,1.4438,1.00,1.00
2017.01.03 11:00:19.096,1.44364,1.44381,1.00,1.12
2017.01.03 11:00:19.402,1.44369,1.44386,1.00,1.87
2017.01.03 11:00:19.785,1.44366,1.44382,1.00,2.25
2017.01.03 11:00:19.838,1.44367,1.44384,1.00,1.00
2017.01.03 11:00:20.345,1.44368,1.44385,1.00,1.12
2017.01.03 11:00:20.655,1.44366,1.44385,1.00,1.87
2017.01.03 11:00:20.807,1.44366,1.44384,1.00,1.37
2017.01.03 11:00:21.112,1.44361,1.4438,1.00,2.00
2017.01.03 11:00:21.439,1.44363,1.44379,1.00,1.00
2017.01.03 11:00:21.763,1.44361,1.44379,1.00,1.00
2017.01.03 11:00:22.270,1.44362,1.44379,1.00,1.12
2017.01.03 11:00:22.372,1.4436,1.44379,1.00,1.12
2017.01.03 11:00:22.423,1.44359,1.44378,1.00,1.62
2017.01.03 11:00:22.778,1.44362,1.44377,1.00,1.00
2017.01.03 11:00:23.361,1.44363,1.44379,1.00,1.31
2017.01.03 11:00:23.687,1.44357,1.44376,1.00,1.87
2017.01.03 11:00:24.193,1.44357,1.44369,1.00,1.00
2017.01.03 11:00:24.547,1.44355,1.44369,1.00,1.00
2017.01.03 11:00:24.700,1.44357,1.44369,1.00,1.00
2017.01.03 11:00:25.241,1.44356,1.44369,1.00,1.00
2017.01.03 11:00:25.647,1.44354,1.44369,1.00,1.50
2017.01.03 11:00:25.749,1.44351,1.44368,1.00,1.00
2017.01.03 11:00:26.254,1.4435,1.44368,1.00,1.50
2017.01.03 11:00:26.706,1.44348,1.44368,1.00,1.87
2017.01.03 11:00:26.959,1.44348,1.44366,1.00,1.37
2017.01.03 11:00:27.373,1.44349,1.44367,1.00,2.62
2017.01.03 11:00:27.677,1.4435,1.44369,1.00,1.50
2017.01.03 11:00:28.039,1.44351,1.44369,1.19,1.12
2017.01.03 11:00:28.343,1.44352,1.44367,3.37,1.00
2017.01.03 11:00:28.466,1.44346,1.4436,1.50,1.00
2017.01.03 11:00:28.668,1.44343,1.4436,1.00,1.00
2017.01.03 11:00:28.719,1.44343,1.44357,1.00,1.00
2017.01.03 11:00:28.770,1.4434,1.44357,1.00,1.50
2017.01.03 11:00:28.872,1.44339,1.44355,1.00,1.00
2017.01.03 11:00:29.227,1.44336,1.44354,1.50,1.00
2017.01.03 11:00:30.023,1.44336,1.44353,1.00,1.00
2017.01.03 11:00:30.074,1.44333,1.44351,1.00,1.00
2017.01.03 11:00:30.125,1.44332,1.44346,2.25,1.00
2017.01.03 11:00:30.175,1.44328,1.44347,3.00,1.50
2017.01.03 11:00:30.226,1.44328,1.44344,1.87,1.00
2017.01.03 11:00:30.632,1.44325,1.44344,1.87,1.00
2017.01.03 11:00:31.247,1.44325,1.44341,1.00,1.00
2017.01.03 11:00:31.399,1.4432,1.44339,1.00,1.00
2017.01.03 11:00:31.560,1.44319,1.44337,1.00,1.00
2017.01.03 11:00:31.712,1.44317,1.44337,1.87,1.50
2017.01.03 11:00:31.763,1.44317,1.44335,2.62,1.00
2017.01.03 11:00:32.068,1.44313,1.44331,1.00,1.50
2017.01.03 11:00:32.119,1.44311,1.44331,1.50,1.50
2017.01.03 11:00:32.170,1.44312,1.44329,1.00,1.00
2017.01.03 11:00:32.697,1.44312,1.4433,1.00,1.50
2017.01.03 11:00:33.348,1.44314,1.44331,1.56,1.00
2017.01.03 11:00:33.399,1.44317,1.44335,1.00,1.50
2017.01.03 11:00:33.450,1.44319,1.44336,1.00,2.25
2017.01.03 11:00:33.552,1.44316,1.44333,1.00,1.00
2017.01.03 11:00:34.058,1.44316,1.44334,1.00,1.00
2017.01.03 11:00:34.608,1.44317,1.44335,1.00,1.00
2017.01.03 11:00:35.139,1.44316,1.44332,1.00,1.00
2017.01.03 11:00:35.240,1.44314,1.44332,1.00,1.50
2017.01.03 11:00:36.049,1.44314,1.4433,1.00,1.00
2017.01.03 11:00:36.360,1.44316,1.44332,1.00,1.37
2017.01.03 11:00:36.411,1.44314,1.44332,1.12,1.00
2017.01.03 11:00:36.564,1.44315,1.44334,1.50,1.50
2017.01.03 11:00:36.615,1.44314,1.44331,1.12,1.00
2017.01.03 11:00:36.666,1.44312,1.44331,1.00,1.50
2017.01.03 11:00:36.865,1.44311,1.44329,1.50,1.87
2017.01.03 11:00:38.434,1.44308,1.44326,1.87,1.12
2017.01.03 11:00:38.535,1.44303,1.44322,1.50,3.56
2017.01.03 11:00:38.744,1.443,1.44319,1.69,1.50
2017.01.03 11:00:38.897,1.44303,1.44318,1.00,1.00
2017.01.03 11:00:38.949,1.44304,1.44321,1.50,1.12
2017.01.03 11:00:39.052,1.44309,1.44325,1.00,1.12
2017.01.03 11:00:39.359,1.44312,1.44329,1.00,1.50
2017.01.03 11:00:39.512,1.44314,1.44329,1.00,1.12
2017.01.03 11:00:39.868,1.44312,1.44329,1.00,1.12
2017.01.03 11:00:40.537,1.44309,1.44328,1.00,1.00
2017.01.03 11:00:40.893,1.44312,1.44329,1.00,1.12
2017.01.03 11:00:41.409,1.44312,1.44327,1.00,1.00
2017.01.03 11:00:41.460,1.4431,1.44327,1.00,1.00
2017.01.03 11:00:41.966,1.44316,1.4433,1.00,2.25
2017.01.03 11:00:42.126,1.44313,1.44331,1.00,1.50
2017.01.03 11:00:42.177,1.44316,1.44333,1.00,1.69
2017.01.03 11:00:42.439,1.44313,1.44331,1.12,1.00
2017.01.03 11:00:42.540,1.44308,1.44323,1.12,1.00
2017.01.03 11:00:42.693,1.44303,1.4432,2.25,1.00
2017.01.03 11:00:42.745,1.443,1.4432,3.37,1.50
2017.01.03 11:00:42.897,1.44299,1.44318,1.00,1.00
2017.01.03 11:00:43.201,1.44306,1.44324,1.00,5.44
2017.01.03 11:00:43.505,1.44308,1.44325,1.00,1.50
2017.01.03 11:00:43.954,1.4431,1.44326,1.00,2.06
2017.01.03 11:00:44.005,1.44308,1.44326,1.00,1.69
2017.01.03 11:00:44.159,1.4431,1.44326,1.00,1.25
2017.01.03 11:00:44.210,1.4431,1.44328,1.00,1.31
2017.01.03 11:00:44.423,1.44313,1.44329,1.00,1.19
2017.01.03 11:00:44.474,1.44311,1.44328,1.00,1.19
2017.01.03 11:00:44.525,1.44314,1.4433,1.00,1.50
2017.01.03 11:00:44.576,1.44312,1.44329,1.00,1.00
2017.01.03 11:00:44.779,1.44307,1.44327,1.00,1.12
2017.01.03 11:00:44.830,1.44306,1.44324,1.69,1.00
2017.01.03 11:00:45.114,1.44309,1.44329,1.00,2.25
2017.01.03 11:00:45.165,1.44314,1.44329,1.25,1.50
2017.01.03 11:00:45.368,1.44317,1.44334,1.25,1.87
2017.01.03 11:00:45.825,1.44319,1.44334,1.00,1.00
2017.01.03 11:00:46.083,1.44319,1.44336,1.00,1.00
2017.01.03 11:00:46.462,1.44335,1.44339,1.31,1.00
2017.01.03 11:00:46.614,1.44338,1.44347,1.37,1.50
2017.01.03 11:00:46.665,1.4434,1.44356,1.00,1.50
2017.01.03 11:00:46.767,1.4434,1.44359,1.00,1.87
2017.01.03 11:00:46.868,1.44338,1.44358,1.00,1.69
2017.01.03 11:00:47.172,1.4434,1.44358,1.00,1.50
2017.01.03 11:00:47.425,1.44338,1.44358,1.00,1.50
2017.01.03 11:00:47.777,1.4434,1.44358,1.00,1.50
2017.01.03 11:00:48.287,1.44339,1.44358,1.00,1.00
2017.01.03 11:00:48.831,1.44339,1.44357,1.00,1.00
2017.01.03 11:00:49.135,1.44341,1.44359,1.00,2.25
2017.01.03 11:00:49.540,1.44338,1.44357,2.25,1.00
2017.01.03 11:00:49.646,1.44338,1.44355,2.25,1.00
2017.01.03 11:00:49.850,1.44335,1.44354,1.00,1.00
2017.01.03 11:00:49.953,1.44337,1.44354,1.00,1.00
2017.01.03 11:00:50.156,1.44335,1.44354,1.00,1.00
2017.01.03 11:00:51.069,1.44337,1.44354,1.25,1.00
2017.01.03 11:00:51.272,1.44339,1.44358,1.00,1.50
2017.01.03 11:00:52.601,1.44339,1.44357,1.00,1.50
2017.01.03 11:00:52.804,1.44341,1.44359,1.50,1.50
2017.01.03 11:00:53.129,1.44346,1.44358,1.00,1.00
2017.01.03 11:00:53.891,1.44346,1.44359,1.00,1.00
2017.01.03 11:00:55.661,1.44346,1.44358,1.00,1.00
2017.01.03 11:00:55.813,1.44344,1.44358,1.00,1.00
2017.01.03 11:00:56.516,1.44343,1.44359,1.00,1.00
2017.01.03 11:00:56.618,1.44341,1.44359,2.44,1.50
2017.01.03 11:00:56.669,1.44343,1.44359,1.00,1.50
2017.01.03 11:00:56.720,1.44341,1.44359,1.25,1.50
2017.01.03 11:00:57.024,1.44347,1.44359,1.00,1.00
2017.01.03 11:00:57.227,1.44343,1.44358,1.37,1.12
2017.01.03 11:00:57.278,1.44342,1.44355,1.37,1.00
2017.01.03 11:00:57.329,1.44339,1.44358,1.87,1.50
2017.01.03 11:00:57.479,1.44341,1.44359,1.00,1.87
2017.01.03 11:00:58.520,1.44348,1.44359,1.00,1.00
2017.01.03 11:00:58.723,1.44344,1.44359,1.87,1.00
2017.01.03 11:00:58.977,1.44342,1.4436,1.00,1.00
2017.01.03 11:00:59.129,1.44345,1.44361,1.00,1.50
2017.01.03 11:00:59.477,1.44351,1.44366,1.00,3.37
2017.01.03 11:00:59.529,1.4435,1.44366,1.50,1.00
2017.01.03 11:00:59.683,1.44348,1.44363,1.75,1.00
2017.01.03 11:00:59.734,1.44348,1.44363,1.00,1.00
2017.01.03 11:00:59.785,1.44344,1.44361,1.00,1.00
2017.01.03 11:01:00.242,1.44342,1.4436,1.00,1.00
2017.01.03 11:01:00.445,1.4434,1.44357,1.69,1.00
2017.01.03 11:01:00.496,1.44342,1.44359,1.00,1.00
2017.01.03 11:01:00.951,1.44347,1.44358,1.00,1.00
2017.01.03 11:01:01.002,1.44347,1.44361,1.00,1.00
2017.01.03 11:01:01.557,1.44346,1.44362,1.00,1.00
2017.01.03 11:01:02.173,1.44349,1.44362,1.00,1.50
2017.01.03 11:01:02.326,1.44351,1.44367,1.00,1.00
2017.01.03 11:01:02.428,1.44358,1.44367,1.00,1.00
2017.01.03 11:01:02.613,1.44355,1.44368,1.50,1.00
2017.01.03 11:01:02.766,1.44353,1.44369,1.25,1.00
2017.01.03 11:01:03.273,1.44353,1.44368,1.00,1.00
2017.01.03 11:01:03.781,1.44352,1.44369,1.12,1.50
2017.01.03 11:01:03.883,1.4435,1.44366,1.87,1.00
2017.01.03 11:01:03.934,1.44352,1.44369,1.31,1.00
2017.01.03 11:01:04.137,1.44355,1.44368,1.00,1.00
2017.01.03 11:01:04.333,1.44353,1.44369,1.00,1.00
2017.01.03 11:01:04.842,1.44352,1.44368,2.06,1.00
2017.01.03 11:01:05.236,1.44355,1.44368,1.19,1.00
2017.01.03 11:01:05.491,1.44354,1.44368,1.50,1.00
2017.01.03 11:01:05.694,1.44359,1.44369,1.00,1.87
2017.01.03 11:01:05.952,1.44357,1.44369,1.87,1.00
2017.01.03 11:01:06.003,1.44357,1.44373,1.50,1.50
2017.01.03 11:01:06.104,1.44358,1.44376,1.00,1.50
2017.01.03 11:01:06.408,1.4436,1.44375,1.00,1.12
2017.01.03 11:01:06.813,1.4436,1.44377,1.00,1.87
2017.01.03 11:01:06.865,1.44358,1.44377,1.00,1.12
2017.01.03 11:01:07.017,1.44357,1.44372,1.00,1.00
2017.01.03 11:01:07.565,1.44356,1.44374,1.00,1.87
2017.01.03 11:01:07.768,1.44358,1.44376,1.00,3.75
2017.01.03 11:01:08.085,1.44364,1.44377,1.00,1.12
2017.01.03 11:01:08.137,1.44365,1.44379,1.00,1.12
2017.01.03 11:01:08.188,1.44369,1.44381,1.00,1.12
2017.01.03 11:01:08.239,1.44368,1.44384,1.00,1.87
2017.01.03 11:01:08.290,1.44366,1.44383,1.00,1.00
2017.01.03 11:01:08.392,1.44364,1.44378,1.12,1.00
2017.01.03 11:01:08.443,1.4436,1.44375,1.37,2.62
2017.01.03 11:01:08.494,1.44355,1.44371,1.75,1.00
2017.01.03 11:01:08.545,1.44355,1.44371,1.50,1.00
2017.01.03 11:01:08.646,1.44352,1.44371,1.69,1.50
2017.01.03 11:01:08.799,1.44352,1.44369,1.00,1.00
2017.01.03 11:01:09.187,1.44355,1.44371,1.00,1.12
2017.01.03 11:01:09.701,1.44354,1.44373,1.00,2.62
2017.01.03 11:01:10.014,1.44356,1.44373,1.00,1.50
2017.01.03 11:01:10.116,1.44356,1.44373,1.00,1.00
2017.01.03 11:01:10.218,1.44358,1.44375,1.00,1.00
2017.01.03 11:01:10.724,1.44361,1.44378,1.00,3.00
2017.01.03 11:01:10.998,1.44359,1.44376,1.00,1.00
2017.01.03 11:01:11.201,1.4436,1.44378,1.00,1.50
2017.01.03 11:01:11.404,1.44355,1.44371,1.00,1.00
2017.01.03 11:01:11.455,1.44353,1.44371,1.12,1.50
2017.01.03 11:01:11.608,1.44354,1.44373,1.00,1.50
2017.01.03 11:01:11.709,1.44351,1.44369,2.62,1.00
2017.01.03 11:01:12.063,1.44352,1.44371,1.50,1.00
2017.01.03 11:01:12.288,1.44351,1.44368,2.62,1.00
2017.01.03 11:01:12.532,1.44346,1.44364,1.50,1.00
2017.01.03 11:01:12.735,1.44348,1.44366,1.00,1.31
2017.01.03 11:01:12.939,1.44354,1.44371,1.00,1.50
2017.01.03 11:01:13.308,1.44351,1.44369,1.50,1.00
2017.01.03 11:01:13.409,1.4435,1.44367,1.50,1.00
2017.01.03 11:01:13.764,1.44348,1.44365,1.00,1.00
2017.01.03 11:01:13.866,1.44349,1.44367,1.00,1.00
2017.01.03 11:01:14.185,1.44351,1.4437,1.00,2.25
2017.01.03 11:01:14.236,1.44347,1.44367,2.81,1.00
2017.01.03 11:01:14.287,1.44347,1.44362,1.25,1.00
2017.01.03 11:01:14.338,1.44344,1.44361,1.87,1.00
2017.01.03 11:01:14.440,1.44341,1.44358,2.00,1.00
2017.01.03 11:01:14.542,1.44341,1.44359,1.25,1.00
2017.01.03 11:01:14.845,1.44343,1.4436,1.00,1.00
2017.01.03 11:01:14.947,1.44342,1.44362,1.00,1.12
2017.01.03 11:01:15.099,1.44344,1.44362,1.00,1.12
2017.01.03 11:01:15.604,1.44345,1.44362,1.00,1.12
2017.01.03 11:01:16.461,1.44346,1.44366,1.00,2.25
2017.01.03 11:01:16.666,1.44351,1.4437,2.44,1.50
2017.01.03 11:01:16.818,1.44348,1.44367,1.37,1.00
2017.01.03 11:01:16.869,1.44348,1.44365,1.50,1.00
2017.01.03 11:01:17.022,1.44345,1.44365,1.00,1.00
2017.01.03 11:01:17.073,1.44347,1.44366,1.00,1.12
2017.01.03 11:01:17.377,1.44352,1.44371,2.25,1.00
2017.01.03 11:01:17.710,1.44352,1.44369,1.50,1.00
2017.01.03 11:01:19.338,1.4435,1.44369,3.37,1.00
2017.01.03 11:01:19.490,1.4435,1.44367,1.50,1.00
2017.01.03 11:01:19.923,1.44349,1.44363,1.00,1.00
2017.01.03 11:01:19.974,1.44347,1.44362,1.50,1.00
2017.01.03 11:01:20.075,1.44345,1.4436,2.06,1.00
2017.01.03 11:01:20.583,1.44345,1.44361,1.25,1.00
2017.01.03 11:01:20.735,1.44345,1.44363,1.25,1.00
2017.01.03 11:01:21.242,1.44345,1.44361,1.69,1.00
2017.01.03 11:01:21.444,1.44339,1.44356,1.50,1.00
2017.01.03 11:01:21.647,1.44337,1.44355,1.00,1.00
2017.01.03 11:01:23.063,1.44339,1.44358,1.69,1.00
2017.01.03 11:01:23.165,1.44339,1.44356,1.69,1.00
2017.01.03 11:01:23.867,1.44339,1.44357,1.69,1.00
2017.01.03 11:01:24.172,1.4434,1.44355,1.00,1.00
2017.01.03 11:01:24.222,1.44337,1.44355,2.62,1.00
2017.01.03 11:01:24.739,1.44337,1.44356,3.75,1.00
2017.01.03 11:01:24.841,1.44338,1.44354,1.25,1.00
2017.01.03 11:01:24.942,1.44337,1.44356,3.19,1.00
2017.01.03 11:01:24.993,1.44337,1.44353,1.50,1.00
2017.01.03 11:01:25.095,1.44335,1.44353,1.50,1.00
2017.01.03 11:01:25.400,1.44336,1.44355,2.44,1.00
2017.01.03 11:01:25.943,1.44336,1.44356,3.19,1.00
2017.01.03 11:01:26.515,1.44336,1.44354,2.44,1.00
2017.01.03 11:01:26.848,1.44334,1.44351,1.12,1.00
2017.01.03 11:01:27.898,1.44335,1.44352,1.00,1.00
2017.01.03 11:01:28.419,1.44334,1.44352,1.12,1.00
2017.01.03 11:01:28.876,1.44336,1.44354,1.00,1.00
2017.01.03 11:01:29.265,1.44338,1.44355,1.00,1.00
2017.01.03 11:01:29.866,1.44336,1.44354,1.50,1.00
2017.01.03 11:01:30.270,1.44334,1.44351,1.87,1.00
2017.01.03 11:01:30.625,1.44335,1.44353,1.69,1.00
2017.01.03 11:01:31.147,1.44335,1.44354,2.44,1.00
2017.01.03 11:01:32.457,1.44335,1.44353,1.25,1.00
2017.01.03 11:01:32.963,1.44335,1.44354,1.25,1.12
2017.01.03 11:01:33.210,1.44336,1.44356,1.50,1.00
2017.01.03 11:01:33.517,1.44339,1.44357,1.69,1.00
2017.01.03 11:01:33.568,1.44338,1.44357,1.69,1.37
2017.01.03 11:01:33.669,1.44337,1.44356,1.12,1.12
2017.01.03 11:01:33.872,1.44336,1.44354,2.25,1.00
2017.01.03 11:01:34.179,1.44335,1.44352,1.31,1.00
2017.01.03 11:01:34.709,1.44336,1.44353,1.00,1.00
2017.01.03 11:01:34.896,1.44336,1.44356,2.25,1.00
2017.01.03 11:01:35.311,1.44336,1.44354,1.50,1.00
2017.01.03 11:01:35.616,1.44333,1.44349,1.00,1.00
2017.01.03 11:01:35.668,1.44331,1.44349,2.06,1.00
2017.01.03 11:01:35.872,1.4434,1.44353,1.25,1.00
2017.01.03 11:01:36.032,1.44337,1.44353,3.37,1.00
2017.01.03 11:01:36.134,1.44336,1.44355,1.25,1.00
2017.01.03 11:01:36.185,1.44337,1.44357,1.50,2.25
2017.01.03 11:01:36.329,1.44339,1.44357,1.00,2.25
2017.01.03 11:01:36.582,1.44337,1.44356,2.81,1.00
2017.01.03 11:01:37.116,1.44338,1.44357,1.00,1.50
2017.01.03 11:01:37.420,1.4434,1.44359,1.00,1.50
2017.01.03 11:01:37.949,1.4434,1.44358,1.00,1.00
2017.01.03 11:01:38.478,1.44339,1.44358,1.12,1.00
2017.01.03 11:01:39.135,1.44339,1.44357,1.00,1.00
2017.01.03 11:01:39.642,1.44338,1.44356,1.69,1.00
2017.01.03 11:01:40.184,1.44338,1.44355,1.00,1.00
2017.01.03 11:01:41.897,1.44337,1.44357,2.81,1.00
2017.01.03 11:01:41.999,1.44339,1.44357,1.00,1.00
2017.01.03 11:01:42.101,1.44337,1.44356,3.56,1.00
2017.01.03 11:01:42.152,1.44339,1.44358,1.00,1.00
2017.01.03 11:01:42.456,1.44342,1.44361,1.31,1.00
2017.01.03 11:01:42.865,1.44343,1.44363,2.44,1.00
2017.01.03 11:01:42.966,1.44345,1.44362,1.00,1.00
2017.01.03 11:01:43.119,1.44343,1.44363,2.44,1.00
2017.01.03 11:01:44.083,1.44342,1.44361,3.56,1.00
2017.01.03 11:01:44.596,1.44342,1.4436,1.69,1.00
2017.01.03 11:01:45.136,1.44343,1.44361,1.69,1.00
2017.01.03 11:01:45.644,1.44343,1.44359,1.87,1.00
2017.01.03 11:01:45.797,1.4434,1.44357,1.87,1.00
2017.01.03 11:01:45.848,1.4434,1.44352,1.00,1.00
2017.01.03 11:01:45.900,1.44337,1.4435,1.00,1.00
2017.01.03 11:01:45.951,1.44335,1.44348,1.00,1.00
2017.01.03 11:01:46.002,1.44334,1.4435,1.25,1.00
2017.01.03 11:01:46.053,1.44334,1.44352,1.25,1.00
2017.01.03 11:01:46.104,1.44334,1.44349,1.25,1.00
2017.01.03 11:01:46.300,1.44325,1.44343,3.94,1.00
2017.01.03 11:01:46.806,1.44325,1.44342,2.44,1.00
2017.01.03 11:01:47.174,1.44323,1.44343,3.56,1.00
2017.01.03 11:01:47.225,1.44323,1.44341,2.81,1.00
2017.01.03 11:01:47.531,1.44323,1.44342,3.56,1.00
2017.01.03 11:01:47.961,1.44324,1.44344,1.12,1.00
2017.01.03 11:01:48.335,1.44326,1.44344,1.00,1.00
2017.01.03 11:01:48.640,1.44328,1.44347,1.00,1.00
2017.01.03 11:01:48.843,1.44328,1.44345,1.25,1.00
2017.01.03 11:01:49.148,1.44336,1.44347,1.19,1.00
2017.01.03 11:01:49.249,1.44337,1.44349,1.19,1.00
2017.01.03 11:01:49.778,1.44337,1.4435,1.19,1.00
2017.01.03 11:01:50.943,1.44337,1.44352,1.19,1.00
2017.01.03 11:01:51.044,1.44337,1.44355,1.19,1.50
2017.01.03 11:01:51.299,1.44337,1.44357,1.69,1.00
2017.01.03 11:01:51.603,1.44339,1.44359,3.37,1.12
2017.01.03 11:01:51.755,1.44341,1.4436,1.00,1.00
2017.01.03 11:01:52.329,1.44344,1.44362,1.25,1.00
2017.01.03 11:01:52.889,1.44344,1.44363,1.25,1.00
2017.01.03 11:01:55.097,1.44345,1.44362,1.00,1.00
2017.01.03 11:01:55.148,1.44344,1.44364,3.19,1.00
2017.01.03 11:01:55.704,1.44348,1.44364,1.25,1.00
2017.01.03 11:01:55.756,1.44349,1.44367,1.00,1.00
2017.01.03 11:01:56.881,1.44347,1.44367,1.12,1.00
2017.01.03 11:01:59.025,1.44348,1.44368,1.00,1.50
2017.01.03 11:01:59.127,1.44346,1.44366,3.00,1.00
2017.01.03 11:01:59.714,1.44346,1.44366,3.00,1.87
2017.01.03 11:02:00.526,1.44346,1.44364,1.00,1.00
2017.01.03 11:02:01.085,1.44348,1.44364,1.25,1.00
2017.01.03 11:02:01.628,1.44348,1.44365,1.25,1.00
2017.01.03 11:02:02.628,1.44348,1.44367,1.25,1.50
2017.01.03 11:02:03.356,1.44347,1.44366,1.12,1.00
2017.01.03 11:02:03.407,1.44346,1.44363,1.87,1.00
2017.01.03 11:02:03.763,1.44345,1.44363,1.25,1.50
2017.01.03 11:02:04.807,1.44345,1.44362,1.25,1.00
2017.01.03 11:02:06.133,1.44345,1.44364,1.25,1.50
2017.01.03 11:02:06.590,1.44349,1.44366,1.00,1.12
2017.01.03 11:02:08.716,1.44348,1.44367,1.00,1.50
2017.01.03 11:02:09.224,1.44348,1.44365,1.00,1.00
2017.01.03 11:02:09.546,1.4435,1.44366,1.00,1.00
2017.01.03 11:02:09.846,1.44348,1.44366,1.00,1.00
2017.01.03 11:02:10.606,1.44349,1.44366,1.00,1.00
2017.01.03 11:02:10.657,1.44351,1.44366,1.00,1.00
2017.01.03 11:02:11.158,1.4435,1.44367,1.00,1.12
2017.01.03 11:02:11.462,1.44347,1.44364,1.00,1.00
2017.01.03 11:02:11.993,1.44347,1.44363,1.00,1.00
2017.01.03 11:02:12.662,1.44345,1.44363,1.00,1.00
2017.01.03 11:02:12.713,1.44347,1.44363,1.00,1.00
2017.01.03 11:02:13.017,1.44349,1.44364,1.00,1.00
2017.01.03 11:02:13.067,1.44349,1.44366,1.00,1.00
2017.01.03 11:02:13.425,1.44352,1.44367,1.00,1.00
2017.01.03 11:02:13.527,1.44352,1.44369,1.00,1.00
2017.01.03 11:02:13.640,1.44354,1.44369,1.00,1.00
2017.01.03 11:02:13.902,1.44351,1.4437,1.00,1.00
2017.01.03 11:02:14.004,1.44353,1.4437,1.00,1.12
2017.01.03 11:02:14.336,1.44352,1.44368,1.00,1.00
2017.01.03 11:02:14.956,1.44351,1.44368,1.00,1.00
2017.01.03 11:02:18.766,1.44349,1.44368,1.00,1.12
2017.01.03 11:02:19.070,1.44349,1.44366,1.00,1.00
2017.01.03 11:02:19.590,1.44348,1.44366,1.00,1.00
2017.01.03 11:02:19.966,1.44346,1.44365,1.50,1.00
2017.01.03 11:02:20.517,1.44346,1.44364,1.00,1.00
2017.01.03 11:02:22.641,1.44346,1.44365,1.00,1.12
2017.01.03 11:02:24.989,1.44346,1.44366,1.00,3.37
2017.01.03 11:02:27.145,1.44347,1.44366,1.00,1.87
2017.01.03 11:02:27.224,1.44349,1.44366,1.00,1.87
2017.01.03 11:02:31.274,1.44348,1.44366,1.00,1.87
2017.01.03 11:02:32.264,1.44351,1.44366,1.00,1.87
2017.01.03 11:02:32.316,1.44349,1.44366,1.00,1.87
2017.01.03 11:02:32.916,1.44349,1.44365,1.00,1.00
2017.01.03 11:02:33.475,1.4435,1.44365,1.00,1.00
2017.01.03 11:02:33.627,1.44348,1.44365,1.00,1.00
2017.01.03 11:02:33.880,1.44348,1.44367,1.00,1.00
2017.01.03 11:02:34.507,1.44348,1.44366,1.12,1.00
2017.01.03 11:02:35.010,1.44348,1.44365,1.00,1.00
2017.01.03 11:02:35.516,1.44348,1.44366,1.00,1.50
2017.01.03 11:02:36.031,1.44349,1.44366,1.00,1.00
2017.01.03 11:02:36.132,1.4435,1.44368,1.00,1.50
2017.01.03 11:02:36.526,1.4435,1.44366,1.00,1.00
2017.01.03 11:02:36.862,1.4435,1.44368,1.00,2.25
2017.01.03 11:02:37.368,1.44351,1.44368,1.00,1.00
2017.01.03 11:02:37.911,1.44352,1.4437,1.00,2.44
2017.01.03 11:02:38.443,1.4435,1.44369,1.00,1.00
2017.01.03 11:02:39.108,1.44352,1.44369,1.00,1.00
2017.01.03 11:02:40.321,1.44351,1.44369,1.00,1.50
2017.01.03 11:02:40.663,1.44349,1.44367,1.50,1.00
2017.01.03 11:02:40.997,1.44351,1.44369,1.00,1.12
2017.01.03 11:02:41.900,1.4435,1.44368,1.50,1.00
2017.01.03 11:02:41.951,1.4435,1.4437,1.50,1.00
2017.01.03 11:02:42.784,1.4435,1.4437,1.00,1.37
2017.01.03 11:02:43.298,1.44349,1.44369,3.94,1.12
2017.01.03 11:02:43.653,1.44349,1.44366,1.50,1.00
2017.01.03 11:02:43.704,1.44347,1.44365,2.44,1.00
2017.01.03 11:02:43.908,1.44348,1.44367,1.25,1.00
2017.01.03 11:02:44.009,1.4435,1.4437,1.00,1.50
2017.01.03 11:02:44.512,1.44351,1.44371,1.00,1.00
2017.01.03 11:02:46.543,1.44351,1.44369,1.00,1.00
2017.01.03 11:02:47.638,1.44352,1.44369,1.00,1.00
2017.01.03 11:02:47.985,1.44352,1.44371,1.00,1.00
2017.01.03 11:02:48.390,1.44354,1.44372,1.00,1.50
2017.01.03 11:02:49.341,1.44355,1.44372,1.25,1.00
2017.01.03 11:02:49.446,1.44355,1.44374,1.25,1.50
2017.01.03 11:02:49.700,1.44357,1.44375,1.00,1.50
2017.01.03 11:02:50.405,1.44356,1.44375,1.00,1.50
2017.01.03 11:02:50.924,1.44355,1.44375,2.44,1.12
2017.01.03 11:02:51.230,1.44356,1.44371,1.00,1.00
2017.01.03 11:02:51.481,1.44351,1.44369,1.69,1.00
2017.01.03 11:02:51.734,1.44349,1.44365,1.50,1.00
2017.01.03 11:02:51.785,1.44346,1.44365,2.06,1.00
2017.01.03 11:02:52.040,1.44347,1.44365,1.19,1.00
2017.01.03 11:02:52.579,1.44346,1.44364,1.00,1.00
2017.01.03 11:02:53.087,1.44345,1.44365,1.50,1.37
2017.01.03 11:02:53.401,1.44348,1.44366,1.00,1.87
2017.01.03 11:02:53.503,1.44348,1.44366,1.00,1.00
2017.01.03 11:02:53.807,1.4435,1.44368,1.00,3.00
2017.01.03 11:02:54.009,1.44348,1.44368,1.00,3.37
2017.01.03 11:02:54.631,1.44348,1.44366,1.00,1.00
2017.01.03 11:02:55.134,1.44349,1.44366,1.00,1.00
2017.01.03 11:02:55.286,1.44349,1.44364,1.00,1.00
2017.01.03 11:02:55.388,1.44345,1.44364,2.25,1.87
2017.01.03 11:02:55.490,1.44345,1.44365,1.50,1.50
2017.01.03 11:02:55.541,1.44348,1.44364,1.00,1.00
2017.01.03 11:02:55.795,1.44353,1.4437,1.12,1.50
2017.01.03 11:02:55.846,1.44353,1.44365,1.87,1.00
2017.01.03 11:02:55.920,1.44354,1.44368,1.12,1.00
2017.01.03 11:02:56.123,1.44355,1.44372,1.00,1.00
2017.01.03 11:02:56.640,1.44358,1.44375,1.00,1.50
2017.01.03 11:02:56.742,1.44358,1.44378,1.00,1.87
2017.01.03 11:02:56.793,1.4436,1.44378,1.00,1.87
2017.01.03 11:02:59.135,1.4436,1.44376,1.00,1.00
2017.01.03 11:02:59.186,1.44358,1.44376,1.00,1.00
2017.01.03 11:02:59.287,1.44358,1.44378,1.00,1.87
2017.01.03 11:02:59.389,1.44368,1.44379,1.00,1.50
2017.01.03 11:02:59.542,1.44369,1.4438,1.00,1.50
2017.01.03 11:03:00.083,1.44368,1.4438,1.00,1.50
2017.01.03 11:03:00.666,1.44367,1.44379,1.00,1.00
2017.01.03 11:03:00.974,1.44366,1.44379,1.00,2.62
2017.01.03 11:03:02.094,1.44368,1.44379,1.25,1.87
2017.01.03 11:03:02.339,1.44371,1.44384,1.25,1.00
2017.01.03 11:03:02.491,1.44373,1.44385,1.00,1.50
2017.01.03 11:03:02.801,1.44375,1.44386,1.00,1.50
2017.01.03 11:03:03.852,1.44375,1.44388,1.00,2.25
2017.01.03 11:03:04.201,1.4437,1.44383,1.00,1.00
2017.01.03 11:03:04.535,1.44367,1.44381,1.00,1.50
2017.01.03 11:03:04.841,1.44377,1.44384,1.00,1.87
2017.01.03 11:03:04.994,1.44377,1.44387,1.00,1.00
2017.01.03 11:03:05.096,1.44375,1.44389,1.00,2.62
2017.01.03 11:03:05.649,1.44374,1.44386,1.25,1.00
2017.01.03 11:03:06.165,1.44374,1.44389,1.25,3.37
2017.01.03 11:03:07.663,1.44377,1.44388,1.00,1.00
2017.01.03 11:03:07.816,1.44377,1.4439,1.00,1.87
2017.01.03 11:03:08.019,1.44376,1.4439,1.00,1.12
2017.01.03 11:03:08.070,1.44374,1.4439,1.00,1.12
2017.01.03 11:03:08.434,1.44376,1.44389,1.00,1.50
2017.01.03 11:03:08.535,1.44374,1.4439,1.00,2.62
2017.01.03 11:03:09.044,1.44375,1.4439,1.00,2.62
2017.01.03 11:03:10.734,1.44377,1.4439,1.00,1.12
2017.01.03 11:03:10.994,1.44376,1.44392,1.00,3.75
2017.01.03 11:03:11.197,1.44374,1.44389,1.00,1.12
2017.01.03 11:03:11.451,1.44371,1.44385,1.00,1.00
2017.01.03 11:03:11.994,1.44371,1.44386,1.00,1.50
2017.01.03 11:03:12.503,1.44371,1.44385,1.00,1.00
2017.01.03 11:03:13.175,1.44372,1.44385,1.00,1.00
2017.01.03 11:03:13.631,1.44371,1.44387,1.00,2.62
2017.01.03 11:03:13.682,1.44373,1.44387,1.00,3.75
2017.01.03 11:03:13.733,1.44371,1.44387,1.00,3.37
2017.01.03 11:03:14.165,1.44372,1.44385,1.00,1.00
2017.01.03 11:03:14.601,1.4437,1.44384,1.00,1.00
2017.01.03 11:03:14.652,1.44372,1.44383,1.00,1.00
2017.01.03 11:03:14.754,1.4437,1.44384,1.00,1.00
2017.01.03 11:03:14.906,1.44373,1.44385,1.00,1.00
2017.01.03 11:03:15.042,1.44373,1.44387,1.00,1.00
2017.01.03 11:03:15.448,1.44375,1.44388,1.00,1.50
2017.01.03 11:03:15.499,1.44375,1.4439,1.00,2.25
2017.01.03 11:03:16.045,1.44376,1.44388,1.00,1.00
2017.01.03 11:03:16.625,1.44376,1.44389,1.00,1.00
2017.01.03 11:03:16.690,1.44377,1.44392,1.00,3.00
2017.01.03 11:03:17.265,1.44379,1.44392,1.00,1.50
2017.01.03 11:03:18.088,1.44379,1.44391,1.00,1.00
2017.01.03 11:03:18.636,1.44379,1.44392,1.00,2.25
2017.01.03 11:03:19.339,1.4438,1.44392,1.00,1.00
2017.01.03 11:03:19.681,1.44382,1.44394,1.00,1.00
2017.01.03 11:03:19.884,1.4438,1.44395,1.00,1.87
2017.01.03 11:03:20.189,1.4438,1.44393,1.00,1.00
2017.01.03 11:03:20.724,1.4438,1.44392,1.00,1.00
2017.01.03 11:03:21.028,1.44377,1.4439,1.00,1.00
2017.01.03 11:03:24.638,1.44375,1.44389,1.00,1.00
2017.01.03 11:03:25.614,1.44375,1.4439,1.00,1.50
2017.01.03 11:03:26.497,1.44374,1.44389,1.00,1.50
2017.01.03 11:03:26.801,1.44374,1.44388,1.00,1.37
2017.01.03 11:03:26.902,1.44372,1.44388,1.00,1.87
2017.01.03 11:03:27.156,1.44376,1.44389,1.00,1.87
2017.01.03 11:03:27.257,1.44378,1.44391,1.00,1.87
2017.01.03 11:03:27.452,1.44383,1.44395,1.00,1.50
2017.01.03 11:03:27.504,1.44384,1.44398,1.00,3.00
2017.01.03 11:03:28.031,1.44384,1.44401,1.00,2.62
2017.01.03 11:03:28.533,1.44384,1.44398,1.00,1.00
2017.01.03 11:03:29.046,1.44384,1.44399,1.00,1.12
2017.01.03 11:03:29.987,1.44383,1.44399,1.00,1.12
2017.01.03 11:03:30.179,1.44385,1.44401,1.00,1.87
2017.01.03 11:03:30.690,1.44384,1.44401,1.00,1.87
2017.01.03 11:03:31.194,1.44385,1.44401,1.00,1.87
2017.01.03 11:03:32.598,1.44386,1.44401,1.00,3.00
2017.01.03 11:03:34.425,1.44388,1.44401,1.00,1.75
2017.01.03 11:03:34.729,1.44386,1.44401,1.00,2.62
2017.01.03 11:03:37.581,1.44388,1.44401,1.00,1.00
2017.01.03 11:03:39.150,1.44387,1.44402,1.00,1.37
2017.01.03 11:03:44.470,1.44388,1.44403,1.00,3.37
2017.01.03 11:03:44.840,1.44386,1.44403,1.00,3.37
2017.01.03 11:03:45.347,1.44388,1.44402,1.00,1.87
2017.01.03 11:03:45.891,1.44387,1.44402,1.00,1.37
2017.01.03 11:03:46.393,1.44388,1.44402,1.00,1.37
2017.01.03 11:03:48.476,1.44386,1.44402,1.00,2.62
2017.01.03 11:03:48.578,1.44385,1.44401,1.00,1.50
2017.01.03 11:03:49.932,1.44384,1.44398,1.00,1.00
2017.01.03 11:03:50.034,1.44382,1.44397,1.00,1.00
2017.01.03 11:03:50.136,1.44382,1.44397,1.00,1.75
2017.01.03 11:03:50.237,1.44382,1.44397,1.00,1.00
2017.01.03 11:03:50.339,1.44384,1.44397,1.00,1.00
2017.01.03 11:03:50.542,1.44385,1.44401,1.00,1.50
2017.01.03 11:03:50.644,1.44387,1.44401,1.00,1.00
2017.01.03 11:03:50.976,1.44393,1.44406,1.00,1.00
2017.01.03 11:03:51.230,1.44394,1.44408,1.00,2.25
2017.01.03 11:03:51.739,1.44394,1.44407,1.00,1.00
2017.01.03 11:03:52.039,1.44396,1.44408,1.00,1.50
2017.01.03 11:03:52.140,1.44394,1.44408,1.00,1.00
2017.01.03 11:03:52.192,1.44394,1.44406,1.00,1.00
2017.01.03 11:03:52.293,1.44391,1.44407,1.69,1.00
2017.01.03 11:03:52.396,1.44393,1.44408,1.00,1.50
2017.01.03 11:03:52.699,1.44395,1.44409,1.00,1.37
2017.01.03 11:03:52.852,1.44395,1.4441,1.00,1.00
2017.01.03 11:03:53.349,1.44398,1.44411,1.00,1.00
2017.01.03 11:03:53.666,1.44395,1.44411,1.00,1.00
2017.01.03 11:03:54.241,1.44395,1.4441,1.00,1.00
2017.01.03 11:03:54.744,1.44395,1.44411,1.69,1.50
2017.01.03 11:03:55.260,1.44396,1.44413,1.00,3.75
2017.01.03 11:03:55.855,1.44396,1.44413,1.00,2.25
2017.01.03 11:03:55.919,1.44398,1.44413,1.00,1.00
2017.01.03 11:03:56.223,1.44401,1.44416,1.00,1.12
2017.01.03 11:03:56.545,1.44397,1.44415,1.00,1.00
2017.01.03 11:03:56.748,1.44396,1.44412,1.00,1.00
2017.01.03 11:03:57.053,1.44382,1.44399,2.25,1.37
2017.01.03 11:03:57.155,1.44378,1.44396,1.50,1.50
2017.01.03 11:03:57.257,1.44377,1.44393,1.00,1.00
2017.01.03 11:03:57.760,1.44376,1.44392,1.00,1.00
2017.01.03 11:03:57.811,1.44374,1.44392,1.25,1.00
2017.01.03 11:03:58.228,1.44372,1.44389,1.00,1.50
2017.01.03 11:03:58.533,1.44371,1.44385,1.00,1.50
2017.01.03 11:03:58.634,1.44369,1.44384,1.00,1.00
2017.01.03 11:03:58.786,1.44367,1.44384,1.00,1.12
2017.01.03 11:03:58.838,1.44367,1.44382,1.00,1.00
2017.01.03 11:03:59.429,1.44366,1.44382,1.00,1.00
2017.01.03 11:03:59.582,1.44363,1.4438,1.00,1.12
2017.01.03 11:03:59.633,1.44363,1.44378,1.00,1.00
2017.01.03 11:03:59.888,1.4436,1.44377,1.69,1.00
2017.01.03 11:04:00.293,1.44363,1.44377,1.00,1.12
2017.01.03 11:04:01.270,1.44362,1.44377,1.00,1.00
2017.01.03 11:04:03.189,1.44359,1.44374,1.50,1.00
2017.01.03 11:04:03.481,1.44347,1.44364,1.50,1.00
2017.01.03 11:04:03.583,1.44345,1.44362,1.50,1.00
2017.01.03 11:04:04.993,1.44343,1.44362,1.00,1.50
2017.01.03 11:04:05.533,1.44343,1.44361,1.00,2.25
2017.01.03 11:04:05.634,1.44343,1.44359,1.00,1.00
2017.01.03 11:04:05.850,1.44343,1.44361,1.00,1.50
2017.01.03 11:04:07.517,1.44346,1.44361,1.69,1.00
2017.01.03 11:04:07.669,1.44347,1.44363,1.00,1.00
2017.01.03 11:04:07.822,1.44343,1.4436,1.31,1.00
2017.01.03 11:04:08.041,1.44343,1.44358,1.25,1.00
2017.01.03 11:04:08.823,1.44342,1.44359,1.69,1.50
2017.01.03 11:04:11.309,1.44342,1.44358,1.19,1.00
2017.01.03 11:04:12.778,1.44342,1.44356,1.19,1.00
2017.01.03 11:04:13.087,1.44342,1.44358,1.19,1.00
2017.01.03 11:04:15.113,1.44337,1.44356,2.25,1.50
2017.01.03 11:04:15.164,1.44337,1.44346,1.37,1.00
2017.01.03 11:04:15.316,1.44327,1.44338,2.25,1.00
2017.01.03 11:04:15.367,1.4432,1.44339,1.37,1.12
2017.01.03 11:04:15.419,1.4432,1.44337,1.00,1.00
2017.01.03 11:04:16.429,1.44319,1.44337,1.25,1.00
2017.01.03 11:04:17.618,1.44319,1.44336,1.25,1.00
2017.01.03 11:04:18.122,1.44319,1.44335,1.25,1.00
2017.01.03 11:04:21.090,1.44319,1.44334,1.25,1.00
2017.01.03 11:04:28.271,1.44319,1.44335,1.25,1.50
2017.01.03 11:04:28.778,1.44319,1.44334,1.25,1.50
2017.01.03 11:04:29.385,1.44319,1.44335,1.25,1.00
2017.01.03 11:04:29.587,1.44319,1.44337,1.25,1.00
2017.01.03 11:04:30.094,1.4432,1.44338,1.00,1.00
2017.01.03 11:04:31.013,1.44319,1.44338,1.25,1.50
2017.01.03 11:04:31.166,1.44319,1.44336,1.25,1.00
2017.01.03 11:04:31.267,1.44319,1.44338,1.25,1.50
2017.01.03 11:04:31.688,1.44319,1.44333,1.25,1.50
2017.01.03 11:04:32.199,1.44314,1.44332,1.25,1.00
2017.01.03 11:04:32.452,1.44314,1.4433,1.25,1.00
2017.01.03 11:04:33.538,1.44314,1.44332,1.25,1.50
2017.01.03 11:04:34.093,1.44313,1.44331,1.19,1.00
2017.01.03 11:04:34.610,1.44315,1.44331,1.00,1.00
2017.01.03 11:04:34.662,1.44317,1.44333,1.25,1.00
2017.01.03 11:04:34.764,1.44318,1.44335,1.00,1.00
2017.01.03 11:04:35.272,1.44317,1.44336,1.25,1.00
2017.01.03 11:04:35.838,1.44318,1.44336,1.00,1.00
2017.01.03 11:04:37.882,1.44318,1.44337,1.00,1.12
2017.01.03 11:04:38.399,1.44319,1.44337,1.00,1.87
2017.01.03 11:04:40.108,1.4432,1.44337,1.00,1.12
2017.01.03 11:04:40.629,1.44319,1.44337,1.50,1.12
2017.01.03 11:04:43.603,1.44318,1.44338,1.50,2.25
2017.01.03 11:04:44.110,1.44317,1.44337,1.62,1.87
2017.01.03 11:04:44.762,1.44318,1.44337,1.37,1.12
2017.01.03 11:04:45.274,1.44317,1.44337,2.06,1.87
2017.01.03 11:04:46.056,1.44318,1.44337,1.00,1.87
2017.01.03 11:04:46.562,1.44318,1.44336,1.87,1.00
2017.01.03 11:04:48.363,1.44318,1.44338,2.25,1.50
2017.01.03 11:04:48.464,1.44318,1.44335,1.50,1.00
2017.01.03 11:04:48.971,1.44317,1.44335,1.69,1.00
2017.01.03 11:04:49.650,1.44317,1.44336,1.69,1.00
2017.01.03 11:04:52.101,1.44317,1.44333,1.00,1.00
2017.01.03 11:04:52.434,1.443,1.44308,1.00,1.00
2017.01.03 11:04:52.536,1.44292,1.44306,1.19,1.37
2017.01.03 11:04:52.638,1.44295,1.44308,1.00,1.00
2017.01.03 11:04:52.739,1.44295,1.44312,1.00,1.00
2017.01.03 11:04:52.993,1.44292,1.44309,1.69,1.00
2017.01.03 11:04:53.197,1.4429,1.44309,1.00,1.87
2017.01.03 11:04:53.631,1.44288,1.44308,1.00,2.62
2017.01.03 11:04:53.784,1.44287,1.44306,1.25,1.50
2017.01.03 11:04:54.291,1.44286,1.44305,1.19,1.00
2017.01.03 11:04:55.494,1.44286,1.44304,1.00,1.00
2017.01.03 11:04:56.035,1.44287,1.44305,1.00,1.00
2017.01.03 11:04:56.728,1.44288,1.44305,1.00,1.00
2017.01.03 11:04:57.298,1.44287,1.44306,1.00,1.00
2017.01.03 11:04:57.612,1.44294,1.44311,1.00,1.00
2017.01.03 11:04:57.714,1.44294,1.44313,1.00,1.00
2017.01.03 11:04:57.771,1.44297,1.44315,1.69,1.00
2017.01.03 11:04:57.973,1.44299,1.44319,1.00,1.87
2017.01.03 11:04:58.337,1.44299,1.44317,1.00,1.00
2017.01.03 11:04:58.388,1.44299,1.44319,1.00,2.25
2017.01.03 11:04:59.966,1.44299,1.44318,1.00,1.00
2017.01.03 11:05:00.486,1.44298,1.44318,1.00,1.50
2017.01.03 11:05:01.036,1.44299,1.44319,1.00,1.00
2017.01.03 11:05:01.596,1.443,1.44319,1.00,1.50
2017.01.03 11:05:02.653,1.443,1.44318,1.00,1.00
2017.01.03 11:05:03.989,1.443,1.44319,1.00,1.50
2017.01.03 11:05:04.842,1.44301,1.44319,1.00,1.50
2017.01.03 11:05:04.995,1.44301,1.44317,1.00,1.00
2017.01.03 11:05:05.401,1.44298,1.44317,1.00,1.50
2017.01.03 11:05:05.453,1.443,1.44317,1.00,1.50
2017.01.03 11:05:05.960,1.44302,1.44318,1.00,1.12
2017.01.03 11:05:06.167,1.443,1.44318,1.00,1.12
2017.01.03 11:05:06.625,1.44305,1.44321,1.00,1.87
2017.01.03 11:05:06.930,1.44309,1.44323,1.00,1.00
2017.01.03 11:05:07.032,1.4431,1.44328,1.00,1.12
2017.01.03 11:05:07.083,1.44313,1.44328,1.00,1.00
2017.01.03 11:05:07.184,1.44313,1.4433,1.00,3.00
2017.01.03 11:05:07.438,1.44316,1.4433,1.00,1.00
2017.01.03 11:05:07.489,1.44316,1.44334,1.00,3.75
2017.01.03 11:05:07.742,1.44314,1.44334,1.00,3.75
2017.01.03 11:05:07.793,1.44314,1.44331,1.00,3.00
2017.01.03 11:05:07.844,1.44311,1.44329,1.00,1.50
2017.01.03 11:05:07.895,1.44311,1.44327,1.00,1.12
2017.01.03 11:05:07.993,1.44309,1.44327,1.00,2.62
2017.01.03 11:05:08.106,1.44311,1.44327,1.00,1.12
2017.01.03 11:05:08.410,1.44313,1.44328,1.00,1.50
2017.01.03 11:05:08.563,1.44312,1.44329,1.00,1.50
2017.01.03 11:05:08.919,1.4431,1.4433,1.00,2.25
2017.01.03 11:05:09.172,1.4431,1.44328,1.00,1.00
2017.01.03 11:05:09.695,1.4431,1.44327,1.00,1.00
2017.01.03 11:05:10.029,1.44312,1.4433,1.00,2.62
2017.01.03 11:05:10.282,1.44314,1.44331,1.00,1.00
2017.01.03 11:05:10.788,1.44312,1.4433,1.69,1.00
2017.01.03 11:05:11.301,1.4431,1.44329,1.00,1.00
2017.01.03 11:05:11.548,1.4431,1.44327,1.00,1.00
2017.01.03 11:05:12.058,1.4431,1.44328,1.00,1.00
2017.01.03 11:05:12.564,1.44309,1.44328,1.00,1.50
2017.01.03 11:05:12.891,1.44309,1.44324,1.25,1.00
2017.01.03 11:05:13.043,1.44308,1.44327,1.00,1.87
2017.01.03 11:05:13.094,1.44311,1.4433,1.00,1.87
2017.01.03 11:05:13.399,1.44323,1.44339,1.00,1.12
2017.01.03 11:05:13.451,1.44325,1.44343,1.00,1.50
2017.01.03 11:05:13.604,1.44323,1.44343,1.00,1.50
2017.01.03 11:05:14.128,1.44324,1.44343,1.00,1.50
2017.01.03 11:05:14.382,1.44322,1.4434,1.50,1.37
2017.01.03 11:05:14.691,1.44323,1.44336,1.00,1.00
2017.01.03 11:05:14.743,1.44323,1.44341,1.00,1.37
2017.01.03 11:05:15.251,1.44323,1.44342,1.00,1.12
2017.01.03 11:05:15.955,1.44324,1.44342,1.00,1.87
2017.01.03 11:05:16.154,1.44324,1.44343,1.00,2.25
2017.01.03 11:05:16.408,1.44327,1.44345,1.00,3.37
2017.01.03 11:05:16.509,1.44327,1.44345,1.00,1.50
2017.01.03 11:05:17.015,1.44327,1.44347,1.00,2.25
2017.01.03 11:05:17.335,1.44325,1.44342,1.00,1.19
2017.01.03 11:05:17.777,1.44326,1.44344,1.00,1.12
2017.01.03 11:05:17.930,1.44328,1.44346,1.00,2.44
2017.01.03 11:05:18.032,1.44326,1.44346,1.00,2.44
2017.01.03 11:05:19.054,1.44327,1.44346,1.00,1.75
2017.01.03 11:05:19.105,1.4433,1.44347,1.00,1.12
2017.01.03 11:05:19.258,1.44332,1.4435,1.00,2.25
2017.01.03 11:05:19.406,1.44327,1.44345,1.50,1.69
2017.01.03 11:05:19.559,1.44323,1.44341,1.00,1.12
2017.01.03 11:05:19.660,1.44325,1.44343,1.00,3.75
2017.01.03 11:05:19.813,1.44326,1.44344,1.00,1.87
2017.01.03 11:05:20.167,1.44324,1.44344,1.00,1.87
2017.01.03 11:05:20.218,1.44324,1.44343,1.00,1.12
2017.01.03 11:05:20.522,1.44326,1.44343,1.00,1.87
2017.01.03 11:05:20.573,1.44324,1.44343,1.00,1.12
2017.01.03 11:05:20.624,1.44326,1.44343,1.00,1.87
2017.01.03 11:05:22.945,1.44328,1.44343,1.00,1.12
2017.01.03 11:05:22.996,1.44326,1.44343,1.00,1.00
2017.01.03 11:05:23.117,1.44326,1.44346,2.44,1.00
2017.01.03 11:05:23.170,1.4433,1.44349,1.00,1.87
2017.01.03 11:05:23.475,1.44333,1.4435,1.00,2.81
2017.01.03 11:05:23.780,1.44331,1.44349,1.00,1.87
2017.01.03 11:05:23.885,1.4433,1.44347,1.00,1.37
2017.01.03 11:05:24.139,1.44328,1.44346,1.00,1.56
2017.01.03 11:05:24.291,1.44327,1.44343,1.00,1.00
2017.01.03 11:05:24.696,1.44329,1.44345,1.00,1.12
2017.01.03 11:05:24.818,1.44329,1.44347,1.00,1.87
2017.01.03 11:05:25.173,1.44328,1.44345,1.00,1.00
2017.01.03 11:05:27.707,1.44328,1.44344,1.00,1.12
2017.01.03 11:05:27.758,1.44325,1.44343,1.00,1.69
2017.01.03 11:05:27.834,1.44324,1.44338,1.00,1.12
2017.01.03 11:05:27.887,1.44321,1.44338,1.50,1.12
2017.01.03 11:05:28.294,1.44319,1.44337,1.00,1.12
2017.01.03 11:05:29.198,1.4432,1.44337,1.00,1.12
2017.01.03 11:05:31.983,1.44319,1.44337,1.00,1.12
2017.01.03 11:05:32.500,1.44322,1.44337,1.00,1.12
2017.01.03 11:05:32.911,1.44324,1.44339,1.00,1.37
2017.01.03 11:05:33.013,1.44324,1.4434,1.00,1.37
2017.01.03 11:05:35.196,1.44326,1.44341,1.00,1.37
2017.01.03 11:05:35.966,1.44325,1.44341,1.00,1.37
2017.01.03 11:05:36.299,1.44325,1.44344,1.00,1.87
2017.01.03 11:05:36.526,1.44328,1.44346,1.00,1.50
2017.01.03 11:05:36.832,1.44335,1.44351,1.00,2.62
2017.01.03 11:05:37.253,1.44336,1.44351,1.00,1.12
2017.01.03 11:05:37.533,1.44334,1.44352,1.25,1.12
2017.01.03 11:05:37.583,1.44336,1.44352,1.25,1.87
2017.01.03 11:05:38.789,1.44337,1.4435,1.00,1.00
2017.01.03 11:05:39.043,1.44341,1.44357,1.19,1.00
2017.01.03 11:05:43.203,1.44341,1.44357,1.19,1.87
2017.01.03 11:05:44.213,1.44344,1.44357,1.19,1.87
2017.01.03 11:05:44.417,1.44345,1.44359,1.19,1.12
2017.01.03 11:05:44.662,1.44343,1.44359,1.00,1.00
2017.01.03 11:05:45.168,1.44342,1.44359,1.69,1.00
2017.01.03 11:05:45.674,1.44342,1.44358,1.25,1.00
2017.01.03 11:05:47.027,1.44339,1.44354,1.37,1.00
2017.01.03 11:05:47.180,1.44337,1.44353,2.18,1.00
2017.01.03 11:05:47.687,1.44337,1.44354,1.80,1.00
2017.01.03 11:05:48.198,1.44338,1.44355,1.15,1.00
2017.01.03 11:05:48.300,1.4434,1.44355,1.19,1.00
2017.01.03 11:05:48.621,1.4434,1.44357,1.19,1.00
2017.01.03 11:05:49.124,1.44342,1.44358,1.69,1.00
2017.01.03 11:05:49.529,1.44341,1.4436,1.15,1.00
2017.01.03 11:05:50.058,1.44341,1.44359,1.00,1.00
2017.01.03 11:05:52.469,1.44342,1.44359,1.00,1.00
2017.01.03 11:05:53.173,1.44339,1.44358,1.30,2.62
2017.01.03 11:05:53.376,1.44339,1.44355,1.69,1.00
2017.01.03 11:05:54.034,1.44339,1.44355,1.30,1.00
2017.01.03 11:05:54.588,1.44342,1.44357,1.25,1.00
2017.01.03 11:05:54.791,1.44341,1.44359,1.25,1.00
2017.01.03 11:05:55.150,1.44342,1.44359,1.12,1.00
2017.01.03 11:05:55.352,1.44342,1.4436,1.00,2.62
2017.01.03 11:05:55.861,1.44342,1.4436,1.12,1.87
2017.01.03 11:05:58.142,1.44342,1.4436,1.15,1.12
2017.01.03 11:05:58.955,1.44341,1.44359,1.37,1.00
2017.01.03 11:05:59.107,1.4434,1.44354,1.19,1.00
2017.01.03 11:05:59.158,1.44339,1.44354,1.00,1.37
2017.01.03 11:05:59.260,1.44337,1.44354,1.00,1.37
2017.01.03 11:05:59.865,1.44337,1.44354,1.00,1.87
2017.01.03 11:06:00.520,1.44335,1.44352,1.15,2.25
2017.01.03 11:06:00.572,1.44333,1.44351,1.00,1.00
2017.01.03 11:06:00.624,1.44332,1.44351,1.05,1.87
2017.01.03 11:06:00.979,1.4433,1.44347,1.80,1.00
2017.01.03 11:06:01.320,1.44327,1.44344,1.19,1.50
2017.01.03 11:06:01.826,1.44328,1.44345,1.37,1.75
2017.01.03 11:06:02.251,1.44329,1.44346,1.00,1.87
2017.01.03 11:06:02.606,1.4433,1.44347,1.25,1.87
2017.01.03 11:06:02.743,1.44329,1.44345,1.19,1.00
2017.01.03 11:06:03.138,1.4433,1.44347,1.25,2.25
2017.01.03 11:06:03.777,1.44332,1.44348,1.69,1.12
2017.01.03 11:06:05.100,1.44332,1.44348,1.00,1.12
2017.01.03 11:06:05.399,1.4433,1.44348,1.25,1.12
2017.01.03 11:06:05.451,1.44329,1.44348,1.19,3.37
2017.01.03 11:06:06.188,1.4433,1.44346,1.19,1.12
2017.01.03 11:06:07.191,1.4433,1.44345,1.19,1.00
2017.01.03 11:06:07.547,1.44329,1.44344,1.25,1.00
2017.01.03 11:06:07.651,1.44329,1.44346,1.69,1.00
2017.01.03 11:06:07.804,1.44331,1.44348,1.00,1.50
2017.01.03 11:06:08.108,1.44336,1.44351,1.25,1.00
2017.01.03 11:06:08.564,1.44336,1.44353,1.25,1.50
2017.01.03 11:06:08.666,1.44334,1.4435,1.00,1.00
2017.01.03 11:06:09.171,1.44335,1.44349,1.00,1.00
2017.01.03 11:06:09.272,1.44333,1.44351,1.25,1.00
2017.01.03 11:06:09.323,1.44336,1.44351,1.00,1.00
2017.01.03 11:06:09.374,1.44334,1.44351,1.12,1.00
2017.01.03 11:06:10.224,1.44335,1.44351,1.00,1.00
2017.01.03 11:06:10.275,1.44335,1.44351,1.37,1.00
2017.01.03 11:06:10.659,1.44332,1.44351,2.06,1.00
2017.01.03 11:06:11.077,1.44334,1.44351,1.37,1.00
2017.01.03 11:06:11.868,1.44334,1.44351,1.12,1.00
2017.01.03 11:06:14.192,1.44333,1.44351,1.25,1.00
2017.01.03 11:06:14.572,1.44335,1.44353,1.69,1.50
2017.01.03 11:06:15.079,1.44336,1.44351,1.00,1.00
2017.01.03 11:06:15.549,1.44335,1.44353,2.06,1.00
2017.01.03 11:06:15.651,1.44338,1.44353,1.00,1.00
2017.01.03 11:06:15.702,1.44336,1.44353,1.12,1.00
2017.01.03 11:06:16.208,1.44335,1.44351,1.31,1.00
2017.01.03 11:06:18.319,1.44335,1.4435,1.31,1.00
2017.01.03 11:06:20.488,1.44333,1.44347,2.00,1.00
2017.01.03 11:06:20.590,1.44332,1.44348,1.19,1.50
2017.01.03 11:06:21.119,1.44334,1.44349,1.25,1.00
2017.01.03 11:06:21.824,1.44328,1.44346,1.62,1.50
2017.01.03 11:06:21.925,1.44328,1.44344,1.25,1.00
2017.01.03 11:06:22.229,1.44328,1.44342,1.25,1.00
2017.01.03 11:06:24.128,1.44328,1.44341,1.25,1.12
2017.01.03 11:06:24.544,1.44328,1.44339,1.25,1.00
2017.01.03 11:06:24.909,1.44329,1.44341,1.19,1.12
2017.01.03 11:06:25.413,1.44329,1.44342,1.19,1.00
2017.01.03 11:06:26.380,1.44329,1.44343,1.19,1.12
2017.01.03 11:06:26.887,1.44329,1.44344,1.19,1.12
2017.01.03 11:06:27.754,1.44329,1.44343,1.19,1.00
2017.01.03 11:06:28.591,1.44329,1.44344,1.19,1.87
2017.01.03 11:06:31.279,1.44329,1.44342,1.19,1.00
2017.01.03 11:06:31.583,1.44329,1.44341,1.19,1.37
2017.01.03 11:06:33.171,1.44324,1.44339,1.31,1.00
2017.01.03 11:06:33.780,1.44324,1.44341,1.56,2.62
2017.01.03 11:06:37.036,1.44322,1.4434,1.37,1.12
2017.01.03 11:06:37.087,1.44321,1.4434,1.25,1.12
2017.01.03 11:06:37.239,1.44324,1.4434,1.00,1.00
2017.01.03 11:06:37.342,1.44325,1.44342,1.00,1.00
2017.01.03 11:06:37.855,1.44325,1.44342,1.25,1.37
2017.01.03 11:06:38.502,1.44325,1.4434,1.25,1.00
2017.01.03 11:06:40.356,1.44326,1.44341,1.00,1.50
2017.01.03 11:06:40.407,1.44326,1.44343,1.00,1.87
2017.01.03 11:06:41.200,1.44326,1.44341,1.00,1.00
2017.01.03 11:06:41.706,1.44326,1.44342,1.00,2.62
2017.01.03 11:06:41.859,1.44329,1.44344,1.00,1.87
2017.01.03 11:06:41.961,1.44332,1.44349,1.00,2.62
2017.01.03 11:06:42.946,1.4433,1.44348,1.00,1.50
2017.01.03 11:06:43.048,1.44332,1.44347,1.00,1.00
2017.01.03 11:06:43.301,1.4433,1.44348,1.00,1.00
2017.01.03 11:06:46.821,1.4433,1.44347,1.00,1.00
2017.01.03 11:06:47.554,1.44331,1.44348,1.00,1.50
2017.01.03 11:06:47.605,1.44333,1.44348,1.00,1.50
2017.01.03 11:06:48.142,1.44332,1.44348,1.00,1.12
2017.01.03 11:06:48.282,1.44331,1.4435,1.00,3.37
2017.01.03 11:06:48.536,1.4433,1.44346,1.25,1.00
2017.01.03 11:06:49.087,1.44331,1.44346,1.00,1.00
2017.01.03 11:06:49.593,1.4433,1.44347,1.25,1.00
2017.01.03 11:06:50.514,1.44331,1.44347,1.00,1.00
2017.01.03 11:06:51.087,1.4433,1.44347,1.25,1.00
2017.01.03 11:06:51.497,1.4433,1.44345,1.25,1.00
2017.01.03 11:06:52.434,1.44329,1.44346,1.19,1.50
2017.01.03 11:06:53.037,1.44328,1.44345,1.25,1.00
2017.01.03 11:06:53.240,1.44328,1.44343,1.25,1.00
2017.01.03 11:06:54.166,1.44328,1.44341,1.25,1.00
2017.01.03 11:06:55.509,1.44331,1.44343,1.19,1.00
2017.01.03 11:06:55.561,1.44328,1.44343,1.50,1.00
2017.01.03 11:06:55.613,1.44328,1.44345,1.00,1.00
2017.01.03 11:06:55.665,1.44327,1.44343,1.25,1.00
2017.01.03 11:06:55.868,1.44324,1.44343,1.00,4.50
2017.01.03 11:06:56.080,1.44323,1.44339,1.00,1.00
2017.01.03 11:06:56.598,1.44324,1.44341,1.00,1.50
2017.01.03 11:06:56.801,1.44322,1.4434,1.00,1.37
2017.01.03 11:06:57.379,1.44321,1.44339,1.25,1.12
2017.01.03 11:06:57.834,1.4432,1.44337,1.00,1.00
2017.01.03 11:06:58.138,1.44318,1.44334,1.00,1.12
2017.01.03 11:06:58.746,1.44317,1.44334,1.00,1.87
2017.01.03 11:07:00.073,1.44313,1.44332,1.19,1.00
2017.01.03 11:07:01.753,1.44319,1.44332,1.19,1.00
2017.01.03 11:07:01.868,1.44314,1.44332,1.19,1.00
2017.01.03 11:07:02.122,1.44314,1.4433,1.19,1.00
2017.01.03 11:07:02.477,1.44311,1.44327,1.19,1.50
2017.01.03 11:07:02.579,1.44309,1.44327,1.19,1.50
2017.01.03 11:07:03.003,1.44309,1.44325,1.19,1.00
2017.01.03 11:07:03.314,1.44313,1.44328,1.19,1.00
2017.01.03 11:07:03.467,1.44313,1.4433,1.19,1.00
2017.01.03 11:07:03.721,1.44309,1.44327,1.31,1.00
2017.01.03 11:07:03.873,1.44309,1.44325,1.19,1.50
2017.01.03 11:07:04.285,1.44307,1.44325,1.25,1.50
2017.01.03 11:07:04.336,1.44309,1.44325,1.00,1.00
2017.01.03 11:07:04.387,1.44307,1.44325,1.69,1.00
2017.01.03 11:07:04.438,1.44307,1.44323,1.69,1.00
2017.01.03 11:07:04.809,1.44303,1.44323,1.69,1.50
2017.01.03 11:07:04.861,1.44303,1.4432,1.69,1.00
2017.01.03 11:07:06.131,1.44303,1.44322,1.69,1.50
2017.01.03 11:07:07.685,1.44306,1.44322,1.25,1.00
2017.01.03 11:07:07.997,1.44308,1.44324,1.00,1.50
2017.01.03 11:07:08.406,1.44309,1.44324,1.19,1.00
2017.01.03 11:07:11.169,1.44309,1.44326,1.19,1.00
2017.01.03 11:07:12.887,1.44306,1.44321,1.69,1.00
2017.01.03 11:07:13.092,1.44303,1.44321,2.44,1.00
2017.01.03 11:07:13.457,1.44302,1.44321,1.69,1.00
2017.01.03 11:07:14.003,1.44303,1.44321,1.00,1.00
2017.01.03 11:07:14.105,1.443,1.44318,1.19,1.00
2017.01.03 11:07:14.436,1.44297,1.44314,1.69,1.00
2017.01.03 11:07:14.639,1.44298,1.44316,1.25,1.50
2017.01.03 11:07:14.802,1.44296,1.44314,1.69,1.00
2017.01.03 11:07:15.108,1.44302,1.44316,1.25,1.00
2017.01.03 11:07:15.161,1.44302,1.44319,1.69,1.87
2017.01.03 11:07:15.618,1.44305,1.4432,1.00,1.00
2017.01.03 11:07:15.807,1.44307,1.44324,1.00,1.50
2017.01.03 11:07:18.108,1.44315,1.44325,1.00,1.00
2017.01.03 11:07:18.159,1.44313,1.44328,1.00,1.87
2017.01.03 11:07:18.210,1.44317,1.44328,1.00,1.50
2017.01.03 11:07:18.311,1.44319,1.44334,1.00,1.50
2017.01.03 11:07:18.363,1.44321,1.44334,1.00,1.00
2017.01.03 11:07:18.464,1.44322,1.44341,1.00,3.75
2017.01.03 11:07:18.516,1.44321,1.4434,1.00,1.00
2017.01.03 11:07:18.718,1.44323,1.44341,1.25,1.87
2017.01.03 11:07:18.921,1.44325,1.44344,1.00,1.12
2017.01.03 11:07:19.124,1.44325,1.44346,1.00,2.62
2017.01.03 11:07:19.463,1.44325,1.44344,1.00,1.00
2017.01.03 11:07:19.818,1.44329,1.44347,1.00,2.25
2017.01.03 11:07:20.224,1.44327,1.44345,1.00,1.00
2017.01.03 11:07:20.735,1.44327,1.44346,1.00,1.12
2017.01.03 11:07:20.837,1.44327,1.44344,1.00,1.00
2017.01.03 11:07:20.888,1.44327,1.44346,1.00,1.12
2017.01.03 11:07:21.397,1.44328,1.44346,1.00,1.50
2017.01.03 11:07:21.858,1.44326,1.44345,1.00,1.00
2017.01.03 11:07:22.409,1.44326,1.44346,1.00,1.50
2017.01.03 11:07:23.725,1.44328,1.44346,1.00,1.50
2017.01.03 11:07:24.234,1.44329,1.44346,1.00,1.00
2017.01.03 11:07:24.562,1.44332,1.44346,1.25,1.00
2017.01.03 11:07:25.732,1.44332,1.44348,1.25,1.50
2017.01.03 11:07:26.036,1.44332,1.44346,1.25,1.00
2017.01.03 11:07:26.509,1.44332,1.44348,1.25,1.12
2017.01.03 11:07:26.560,1.44334,1.44348,1.25,1.50
2017.01.03 11:07:26.763,1.44338,1.44354,1.00,1.12
2017.01.03 11:07:26.916,1.44336,1.44355,1.00,1.50
2017.01.03 11:07:27.474,1.44334,1.44352,1.69,1.37
2017.01.03 11:07:27.626,1.44334,1.44352,1.69,1.12
2017.01.03 11:07:27.778,1.44336,1.44353,1.00,1.37
2017.01.03 11:07:28.669,1.44337,1.44354,1.00,1.37
2017.01.03 11:07:28.721,1.44335,1.44354,1.00,1.37
2017.01.03 11:07:28.823,1.44335,1.44349,1.00,1.00
2017.01.03 11:07:28.874,1.44335,1.44352,1.00,1.12
2017.01.03 11:07:29.662,1.44335,1.44351,1.00,1.00
2017.01.03 11:07:30.188,1.44335,1.44354,1.00,1.87
2017.01.03 11:07:31.493,1.44336,1.44354,1.00,1.12
2017.01.03 11:07:32.039,1.44335,1.44354,1.00,1.87
2017.01.03 11:07:35.289,1.44338,1.44355,1.00,1.37
2017.01.03 11:07:35.340,1.44338,1.44357,1.00,2.25
2017.01.03 11:07:35.749,1.44335,1.44353,1.12,1.50
2017.01.03 11:07:35.851,1.44335,1.44353,1.00,1.12
2017.01.03 11:07:36.054,1.44338,1.44354,1.31,1.50
2017.01.03 11:07:36.207,1.4434,1.44357,1.25,1.50
2017.01.03 11:07:36.359,1.4434,1.44359,1.69,2.25
2017.01.03 11:07:36.562,1.4434,1.44359,2.06,1.00
2017.01.03 11:07:36.714,1.4434,1.44358,1.25,2.25
2017.01.03 11:07:38.442,1.4434,1.44359,1.69,1.50
2017.01.03 11:07:39.758,1.44341,1.44358,1.00,1.00
2017.01.03 11:07:40.347,1.44341,1.44359,1.00,1.50
2017.01.03 11:07:41.118,1.4434,1.44359,1.69,2.25
2017.01.03 11:07:42.234,1.4434,1.44358,1.69,1.00
2017.01.03 11:07:43.162,1.4434,1.44359,1.69,1.00
2017.01.03 11:07:43.264,1.44343,1.44358,1.00,1.00
2017.01.03 11:07:43.569,1.44345,1.44358,1.00,1.00
2017.01.03 11:07:44.110,1.44345,1.44359,1.00,1.00
2017.01.03 11:07:44.660,1.44347,1.44359,1.69,1.00
2017.01.03 11:07:44.813,1.44347,1.44366,3.19,1.50
2017.01.03 11:07:44.864,1.44348,1.44368,1.87,2.25
2017.01.03 11:07:45.398,1.44348,1.44368,1.87,2.25
2017.01.03 11:07:45.942,1.44348,1.44366,1.87,1.00
2017.01.03 11:07:46.095,1.44348,1.44368,1.87,2.25
2017.01.03 11:07:46.196,1.44348,1.44366,1.37,1.00
2017.01.03 11:07:47.160,1.44348,1.44366,1.12,1.00
2017.01.03 11:07:47.474,1.44348,1.44366,1.37,1.00
2017.01.03 11:07:47.575,1.44348,1.44366,1.12,1.00
2017.01.03 11:07:48.305,1.44348,1.44368,1.00,3.00
2017.01.03 11:07:49.087,1.44348,1.44368,1.37,2.25
2017.01.03 11:07:49.189,1.44348,1.44368,1.00,2.25
2017.01.03 11:07:49.240,1.44348,1.44366,1.00,1.00
2017.01.03 11:07:49.610,1.44347,1.44364,1.69,1.00
2017.01.03 11:07:49.708,1.44349,1.44367,1.00,1.00
2017.01.03 11:07:50.220,1.44348,1.44367,1.00,1.00
2017.01.03 11:07:50.690,1.44349,1.44367,1.37,1.00
2017.01.03 11:07:51.247,1.44349,1.44368,1.37,1.00
2017.01.03 11:07:51.867,1.44349,1.44369,1.37,2.25
2017.01.03 11:07:52.385,1.4435,1.4437,1.12,3.00
2017.01.03 11:07:52.714,1.44352,1.4437,1.00,1.00
2017.01.03 11:07:53.018,1.44354,1.44371,1.37,1.50
2017.01.03 11:07:53.641,1.44353,1.44369,1.37,1.00
2017.01.03 11:07:53.692,1.44351,1.44369,1.25,1.00
2017.01.03 11:07:54.235,1.44351,1.4437,1.62,1.00
2017.01.03 11:07:54.520,1.44354,1.4437,1.00,1.00
2017.01.03 11:07:54.723,1.44352,1.4437,1.12,1.00
2017.01.03 11:07:55.224,1.44351,1.4437,1.25,1.00
2017.01.03 11:07:55.478,1.44351,1.44368,1.25,1.00
2017.01.03 11:07:56.736,1.44352,1.44368,1.00,1.00
2017.01.03 11:07:57.266,1.44352,1.44369,1.00,1.50
2017.01.03 11:07:57.805,1.44352,1.44369,1.37,1.00
2017.01.03 11:07:58.089,1.44351,1.44369,1.00,2.25
2017.01.03 11:07:58.291,1.44349,1.44368,1.87,1.00
2017.01.03 11:07:58.441,1.44351,1.44368,1.00,1.00
2017.01.03 11:07:59.166,1.4435,1.44368,1.00,1.50
2017.01.03 11:07:59.562,1.44352,1.44368,1.25,1.00
2017.01.03 11:07:59.883,1.4435,1.44368,1.00,1.00
2017.01.03 11:07:59.935,1.44344,1.44359,1.68,1.37
2017.01.03 11:08:00.088,1.4434,1.44355,1.00,1.00
2017.01.03 11:08:00.139,1.44338,1.44356,1.00,1.12
2017.01.03 11:08:00.190,1.44338,1.44354,1.00,1.12
2017.01.03 11:08:00.545,1.44336,1.4435,1.19,1.00
2017.01.03 11:08:03.133,1.44337,1.44355,1.25,1.00
2017.01.03 11:08:03.235,1.44342,1.44355,1.19,1.00
2017.01.03 11:08:03.488,1.44342,1.44358,1.19,1.00
2017.01.03 11:08:03.590,1.44344,1.44358,1.19,1.00
2017.01.03 11:08:04.521,1.44344,1.44356,1.19,1.00
2017.01.03 11:08:05.405,1.44344,1.44357,1.19,1.00
2017.01.03 11:08:06.351,1.44344,1.44356,1.19,1.00
2017.01.03 11:08:06.402,1.44344,1.44359,1.69,1.00
2017.01.03 11:08:06.554,1.44344,1.44362,1.69,1.00
2017.01.03 11:08:06.605,1.44344,1.4436,1.69,1.00
2017.01.03 11:08:06.953,1.44344,1.44358,1.19,1.00
2017.01.03 11:08:07.284,1.44344,1.44351,1.19,1.00
2017.01.03 11:08:07.386,1.44337,1.44351,1.19,1.00
2017.01.03 11:08:08.368,1.44337,1.44349,1.19,1.00
2017.01.03 11:08:08.858,1.44341,1.44355,1.19,1.00
2017.01.03 11:08:09.445,1.44341,1.44354,1.19,1.00
2017.01.03 11:08:10.152,1.44344,1.44354,1.25,1.00
2017.01.03 11:08:10.305,1.44335,1.44351,2.44,1.00
2017.01.03 11:08:10.407,1.44335,1.44349,1.25,1.00
2017.01.03 11:08:10.711,1.44335,1.44347,1.25,1.00
2017.01.03 11:08:11.265,1.44335,1.44346,1.25,1.00
2017.01.03 11:08:13.338,1.44335,1.44345,1.25,1.00
2017.01.03 11:08:14.126,1.4433,1.44345,1.25,1.00
2017.01.03 11:08:14.387,1.4433,1.44343,1.25,1.00
2017.01.03 11:08:15.317,1.4433,1.44345,1.25,1.00
2017.01.03 11:08:15.591,1.4433,1.44343,1.25,1.00
2017.01.03 11:08:16.431,1.4433,1.44341,1.25,1.00
2017.01.03 11:08:18.210,1.4433,1.4434,1.25,1.00
2017.01.03 11:08:18.514,1.4433,1.44337,1.25,1.00
2017.01.03 11:08:19.020,1.4433,1.44336,1.25,1.00
2017.01.03 11:08:23.747,1.4433,1.44339,1.25,1.12
2017.01.03 11:08:23.798,1.4433,1.44341,1.25,1.12
2017.01.03 11:08:24.103,1.4433,1.44343,1.25,1.00
2017.01.03 11:08:24.508,1.4433,1.44341,1.25,1.00
2017.01.03 11:08:24.610,1.4433,1.44343,1.25,1.00
2017.01.03 11:08:25.152,1.4433,1.44346,1.25,1.50
2017.01.03 11:08:25.305,1.44331,1.44348,1.00,1.00
2017.01.03 11:08:25.855,1.4433,1.44347,1.69,1.00
2017.01.03 11:08:26.120,1.4433,1.44345,1.69,1.00
2017.01.03 11:08:26.425,1.4433,1.44342,1.25,1.00
2017.01.03 11:08:26.865,1.44322,1.44338,2.44,1.00
2017.01.03 11:08:26.916,1.44322,1.44338,1.69,1.00
2017.01.03 11:08:27.431,1.44322,1.44339,1.19,1.50
2017.01.03 11:08:28.369,1.44322,1.4434,1.19,1.00
2017.01.03 11:08:28.471,1.44322,1.44342,1.69,1.00
2017.01.03 11:08:28.864,1.44322,1.4434,3.19,1.00
2017.01.03 11:08:29.398,1.44322,1.44339,1.19,1.00
2017.01.03 11:08:30.119,1.44322,1.44338,1.19,1.00
2017.01.03 11:08:30.647,1.44322,1.44339,1.19,1.00
2017.01.03 11:08:32.080,1.44322,1.4434,1.19,1.00
2017.01.03 11:08:34.935,1.44325,1.44343,1.19,2.25
2017.01.03 11:08:35.137,1.44325,1.44345,2.44,1.00
2017.01.03 11:08:36.056,1.44325,1.44344,1.19,1.00
2017.01.03 11:08:36.346,1.44321,1.44341,3.19,1.00
2017.01.03 11:08:36.448,1.44323,1.44343,1.00,1.50
2017.01.03 11:08:36.499,1.44325,1.44343,1.00,1.50
2017.01.03 11:08:37.018,1.44326,1.44344,1.00,1.00
2017.01.03 11:08:37.170,1.44324,1.44345,1.50,1.00
2017.01.03 11:08:37.682,1.44325,1.44344,1.50,1.00
2017.01.03 11:08:37.790,1.44324,1.44342,1.50,1.00
2017.01.03 11:08:38.074,1.44324,1.44344,1.00,2.25
2017.01.03 11:08:38.227,1.44325,1.44343,1.19,1.00
2017.01.03 11:08:38.532,1.44325,1.44341,1.19,1.00
2017.01.03 11:08:38.837,1.44325,1.44339,1.19,1.00
2017.01.03 11:08:39.499,1.44325,1.4434,1.19,1.50
2017.01.03 11:08:41.189,1.44325,1.44341,1.69,1.00
2017.01.03 11:08:42.450,1.44325,1.44343,1.69,1.00
2017.01.03 11:08:43.201,1.44325,1.44342,1.69,1.00
2017.01.03 11:08:43.994,1.44325,1.44343,1.19,1.50
2017.01.03 11:08:44.506,1.44325,1.44342,1.19,1.00
2017.01.03 11:08:44.756,1.44325,1.4434,1.19,1.00
2017.01.03 11:08:45.246,1.44325,1.44342,1.19,1.50
2017.01.03 11:08:45.793,1.44325,1.44341,1.19,1.00
2017.01.03 11:08:46.327,1.44325,1.4434,1.19,1.00
2017.01.03 11:08:46.921,1.44325,1.44341,1.19,1.00
2017.01.03 11:08:47.470,1.44325,1.4434,1.19,1.00
2017.01.03 11:08:49.025,1.44325,1.44342,1.19,3.00
2017.01.03 11:08:49.126,1.44321,1.44338,1.50,1.00
2017.01.03 11:08:49.177,1.44319,1.44337,1.69,1.00
2017.01.03 11:08:49.385,1.44319,1.44334,1.25,1.50
2017.01.03 11:08:49.701,1.44321,1.44334,1.25,1.00
2017.01.03 11:08:50.005,1.44328,1.44342,1.25,1.37
2017.01.03 11:08:51.325,1.44328,1.44343,1.25,1.87
2017.01.03 11:08:51.849,1.4433,1.44343,1.19,1.00
2017.01.03 11:08:52.355,1.4433,1.44345,1.19,2.25
2017.01.03 11:08:55.369,1.4433,1.44343,1.19,1.00
2017.01.03 11:08:55.888,1.4433,1.44344,1.19,2.62
2017.01.03 11:08:56.604,1.4433,1.44342,1.19,1.00
2017.01.03 11:08:56.656,1.44325,1.44341,1.25,1.00
2017.01.03 11:08:56.757,1.44323,1.44339,1.19,1.00
2017.01.03 11:08:56.808,1.44321,1.44339,1.00,1.50
2017.01.03 11:08:56.859,1.44321,1.44336,1.00,1.00
2017.01.03 11:08:57.011,1.44319,1.44339,1.69,3.00
2017.01.03 11:08:57.163,1.44319,1.44335,1.19,1.00
2017.01.03 11:08:59.269,1.44318,1.44333,1.25,1.00
2017.01.03 11:08:59.336,1.44314,1.44332,1.00,1.00
2017.01.03 11:08:59.438,1.44312,1.44332,1.12,1.00
2017.01.03 11:08:59.970,1.44314,1.44332,1.00,1.00
2017.01.03 11:09:00.274,1.44316,1.44334,1.00,2.62
2017.01.03 11:09:00.578,1.44314,1.44331,1.00,1.00
2017.01.03 11:09:00.629,1.44312,1.44332,1.12,3.00
2017.01.03 11:09:01.085,1.44314,1.44331,1.00,1.50
2017.01.03 11:09:01.237,1.44312,1.44332,1.69,2.25
2017.01.03 11:09:01.288,1.44314,1.44329,1.00,1.00
2017.01.03 11:09:01.389,1.44312,1.44329,1.69,1.00
2017.01.03 11:09:01.542,1.44312,1.44327,1.25,1.00
2017.01.03 11:09:01.695,1.4431,1.44329,1.00,1.87
2017.01.03 11:09:02.200,1.44312,1.44329,1.00,1.87
2017.01.03 11:09:03.594,1.44313,1.44331,1.00,3.00
2017.01.03 11:09:03.696,1.44314,1.44331,1.00,1.50
2017.01.03 11:09:03.849,1.44317,1.44331,1.00,1.50
2017.01.03 11:09:04.080,1.44319,1.44336,1.00,1.00
2017.01.03 11:09:04.133,1.44321,1.44336,1.00,1.00
2017.01.03 11:09:04.235,1.44321,1.44339,1.25,1.50
2017.01.03 11:09:04.741,1.44321,1.44339,1.25,3.00
2017.01.03 11:09:05.116,1.44321,1.44337,1.25,1.00
2017.01.03 11:09:05.673,1.4432,1.44338,1.69,2.25
2017.01.03 11:09:06.276,1.4432,1.44337,1.69,1.00
2017.01.03 11:09:06.785,1.4432,1.44338,1.69,1.50
2017.01.03 11:09:07.228,1.4432,1.44336,1.19,1.00
2017.01.03 11:09:07.430,1.4432,1.44338,1.19,1.00
2017.01.03 11:09:08.121,1.4432,1.44339,2.44,1.00
2017.01.03 11:09:08.854,1.44321,1.44341,1.25,1.00
2017.01.03 11:09:09.107,1.44323,1.44341,1.00,1.00
2017.01.03 11:09:09.310,1.44324,1.44343,1.50,1.12
2017.01.03 11:09:09.563,1.44327,1.44345,1.00,1.50
2017.01.03 11:09:10.076,1.44327,1.44345,1.50,1.12
2017.01.03 11:09:10.127,1.44325,1.44345,1.50,1.12
2017.01.03 11:09:11.272,1.44326,1.44346,1.00,1.37
2017.01.03 11:09:11.832,1.44325,1.44346,1.50,1.87
2017.01.03 11:09:12.915,1.44329,1.44345,1.25,1.12
2017.01.03 11:09:13.018,1.4433,1.44348,1.00,2.25
2017.01.03 11:09:13.322,1.44329,1.44346,1.25,1.00
2017.01.03 11:09:14.264,1.4433,1.44346,1.00,1.50
2017.01.03 11:09:14.885,1.44331,1.44346,1.00,1.00
2017.01.03 11:09:15.185,1.44326,1.44343,1.25,1.00
2017.01.03 11:09:15.591,1.44329,1.44343,1.00,1.37
2017.01.03 11:09:15.743,1.4433,1.44346,1.00,1.00
2017.01.03 11:09:16.256,1.44329,1.44344,1.00,1.00
2017.01.03 11:09:16.786,1.4433,1.44345,1.00,2.25
2017.01.03 11:09:17.024,1.44328,1.44345,1.00,2.25
2017.01.03 11:09:17.075,1.44328,1.44343,1.00,1.00
2017.01.03 11:09:17.530,1.44329,1.44345,1.00,1.50
2017.01.03 11:09:18.185,1.4433,1.44345,1.00,1.50
2017.01.03 11:09:18.286,1.44328,1.44344,1.00,1.00
2017.01.03 11:09:18.845,1.44329,1.44345,1.25,1.50
2017.01.03 11:09:20.067,1.4433,1.44345,1.00,1.12
2017.01.03 11:09:20.580,1.4433,1.44343,1.00,1.12
2017.01.03 11:09:21.122,1.44329,1.44343,1.69,1.12
2017.01.03 11:09:23.117,1.44329,1.44344,1.69,1.37
2017.01.03 11:09:23.422,1.44332,1.44347,1.00,1.00
2017.01.03 11:09:23.928,1.44333,1.44347,1.00,1.00
2017.01.03 11:09:24.921,1.44334,1.44347,1.00,1.00
2017.01.03 11:09:25.449,1.44334,1.4435,1.00,1.37
2017.01.03 11:09:26.061,1.44335,1.4435,1.00,1.37
2017.01.03 11:09:28.577,1.44335,1.44351,1.00,1.37
2017.01.03 11:09:28.825,1.44337,1.44353,1.00,1.37
2017.01.03 11:09:28.927,1.44339,1.44356,1.50,1.00
2017.01.03 11:09:28.979,1.44342,1.44356,1.00,1.00
2017.01.03 11:09:29.363,1.44343,1.4436,1.00,1.00
2017.01.03 11:09:29.414,1.44345,1.4436,1.25,1.00
2017.01.03 11:09:29.516,1.44346,1.44362,1.00,1.00
2017.01.03 11:09:29.618,1.44345,1.44366,1.25,1.50
2017.01.03 11:09:29.669,1.44349,1.44367,1.25,3.00
2017.01.03 11:09:30.710,1.44346,1.44365,1.00,1.37
2017.01.03 11:09:31.213,1.44345,1.44365,1.25,1.87
2017.01.03 11:09:31.619,1.44342,1.44363,1.00,2.62
2017.01.03 11:09:31.670,1.44342,1.44359,1.00,1.12
2017.01.03 11:09:32.010,1.44341,1.44359,1.00,1.12
2017.01.03 11:09:33.290,1.44342,1.44359,1.00,1.12
2017.01.03 11:09:37.095,1.44342,1.44359,1.00,1.00
2017.01.03 11:09:37.880,1.44344,1.44359,1.69,1.00
2017.01.03 11:09:38.083,1.44348,1.44365,1.25,1.12
2017.01.03 11:09:38.997,1.44349,1.44365,1.00,1.12
2017.01.03 11:09:39.703,1.44348,1.44366,1.25,1.87
2017.01.03 11:09:40.806,1.44348,1.44365,1.69,1.12
2017.01.03 11:09:41.061,1.44346,1.44361,1.00,1.00
2017.01.03 11:09:41.181,1.44345,1.4436,1.00,1.37
2017.01.03 11:09:41.232,1.44342,1.44359,1.50,1.12
2017.01.03 11:09:41.486,1.44341,1.44357,1.00,1.12
2017.01.03 11:09:44.323,1.44341,1.44356,1.00,1.12
2017.01.03 11:09:44.829,1.4434,1.44356,1.00,1.12
2017.01.03 11:09:45.335,1.44339,1.44356,1.00,2.25
2017.01.03 11:09:45.680,1.44338,1.44352,1.00,1.00
2017.01.03 11:09:45.984,1.44347,1.44361,1.00,1.37
2017.01.03 11:09:46.035,1.44347,1.44361,1.00,1.00
2017.01.03 11:09:46.441,1.44348,1.44366,1.00,1.00
2017.01.03 11:09:46.795,1.44349,1.44368,1.00,1.00
2017.01.03 11:09:47.346,1.4435,1.44367,1.00,1.00
2017.01.03 11:09:47.863,1.44351,1.44367,1.00,1.00
2017.01.03 11:09:48.984,1.44351,1.44368,1.00,1.50
2017.01.03 11:09:49.035,1.44349,1.44366,1.00,1.00
2017.01.03 11:09:49.595,1.44348,1.44367,1.00,1.12
2017.01.03 11:09:49.909,1.4435,1.44368,1.00,3.37
2017.01.03 11:09:50.213,1.44349,1.44365,1.00,1.12
2017.01.03 11:09:50.264,1.44349,1.44366,1.00,1.00
2017.01.03 11:09:50.770,1.44349,1.44367,1.00,2.25
2017.01.03 11:09:51.380,1.44349,1.44366,1.00,1.00
2017.01.03 11:09:51.663,1.44347,1.44365,1.00,1.00
2017.01.03 11:09:51.765,1.44346,1.44363,1.00,1.00
2017.01.03 11:09:52.069,1.44343,1.44361,1.69,1.50
2017.01.03 11:09:52.120,1.44348,1.44363,1.00,1.50
2017.01.03 11:09:52.171,1.44349,1.44364,1.00,2.25
2017.01.03 11:09:52.323,1.4435,1.44366,1.00,1.00
2017.01.03 11:09:52.430,1.44352,1.44367,1.25,1.50
2017.01.03 11:09:52.481,1.44352,1.44369,1.69,2.25
2017.01.03 11:09:52.736,1.4435,1.44369,1.00,1.50
2017.01.03 11:09:52.787,1.44349,1.44367,1.69,1.00
2017.01.03 11:09:53.304,1.4435,1.44366,1.00,1.00
2017.01.03 11:09:53.507,1.44351,1.44369,1.00,3.00
2017.01.03 11:09:53.811,1.4435,1.44367,1.69,1.00
2017.01.03 11:09:53.963,1.44347,1.44367,1.69,1.50
2017.01.03 11:09:54.015,1.44346,1.44366,1.00,1.50
2017.01.03 11:09:54.320,1.44348,1.44365,1.00,1.00
2017.01.03 11:09:54.523,1.44346,1.44365,1.00,1.50
2017.01.03 11:09:54.703,1.44349,1.44367,1.00,3.94
2017.01.03 11:09:56.090,1.44348,1.44368,1.00,3.00
2017.01.03 11:09:56.416,1.4435,1.44368,1.00,1.87
2017.01.03 11:09:56.934,1.44349,1.44366,1.25,1.37
2017.01.03 11:09:58.988,1.44349,1.44367,1.69,1.37
2017.01.03 11:09:59.140,1.44353,1.44367,1.25,1.37
2017.01.03 11:09:59.191,1.44353,1.44369,1.69,2.25
2017.01.03 11:09:59.293,1.44356,1.44369,1.25,1.00
2017.01.03 11:10:00.566,1.44356,1.44368,1.25,1.00
2017.01.03 11:10:00.719,1.44353,1.44368,1.69,1.00
2017.01.03 11:10:01.124,1.44356,1.44369,1.25,1.00
2017.01.03 11:10:01.277,1.44354,1.44368,1.00,1.00
2017.01.03 11:10:01.329,1.44352,1.44369,1.00,1.00
2017.01.03 11:10:01.840,1.44353,1.44369,1.00,1.50
2017.01.03 11:10:02.176,1.44356,1.44369,1.00,1.00
2017.01.03 11:10:02.687,1.44357,1.44369,1.00,1.00
2017.01.03 11:10:03.300,1.44358,1.44369,1.00,1.00
2017.01.03 11:10:03.604,1.44361,1.44368,1.00,1.00
2017.01.03 11:10:03.807,1.44361,1.44379,1.00,1.87
2017.01.03 11:10:04.001,1.44361,1.44377,1.00,1.00
2017.01.03 11:10:04.052,1.44361,1.44379,1.00,1.12
2017.01.03 11:10:04.561,1.44362,1.44379,1.00,1.87
2017.01.03 11:10:05.108,1.44362,1.44378,1.00,1.50
2017.01.03 11:10:05.210,1.4436,1.44379,1.00,2.62
2017.01.03 11:10:05.519,1.44359,1.44377,1.00,1.69
2017.01.03 11:10:05.824,1.44357,1.44374,1.00,1.00
2017.01.03 11:10:06.570,1.44357,1.44376,1.00,2.25
2017.01.03 11:10:07.093,1.44356,1.44376,1.00,2.62
2017.01.03 11:10:07.144,1.44369,1.44377,1.25,1.50
2017.01.03 11:10:07.298,1.44369,1.44381,1.87,1.00
2017.01.03 11:10:07.349,1.44369,1.44383,1.00,1.12
2017.01.03 11:10:07.400,1.44367,1.44386,1.50,1.50
2017.01.03 11:10:07.478,1.44367,1.44385,1.00,1.87
2017.01.03 11:10:07.732,1.44365,1.44383,1.00,2.62
2017.01.03 11:10:07.927,1.44366,1.44381,1.00,1.50
2017.01.03 11:10:07.978,1.44364,1.44381,1.69,1.50
2017.01.03 11:10:08.535,1.44365,1.44382,1.00,1.75
2017.01.03 11:10:08.789,1.44366,1.44383,1.00,1.12
2017.01.03 11:10:09.157,1.44368,1.44384,1.00,1.50
2017.01.03 11:10:09.512,1.44371,1.44385,1.00,1.00
2017.01.03 11:10:09.614,1.44369,1.44387,1.00,1.00
2017.01.03 11:10:09.666,1.44372,1.44388,1.00,1.12
2017.01.03 11:10:09.717,1.4437,1.4439,1.00,3.37
2017.01.03 11:10:09.907,1.44371,1.44387,1.00,1.50
2017.01.03 11:10:10.265,1.44373,1.44389,1.00,2.62
2017.01.03 11:10:10.863,1.44372,1.44389,1.00,1.87
2017.01.03 11:10:11.418,1.44372,1.44389,1.00,1.00
2017.01.03 11:10:15.438,1.44368,1.44386,1.50,1.50
2017.01.03 11:10:15.489,1.44367,1.44385,1.00,1.69
2017.01.03 11:10:15.995,1.44366,1.44384,1.00,2.06
2017.01.03 11:10:16.500,1.44366,1.44383,1.00,1.00
2017.01.03 11:10:17.651,1.44367,1.44383,1.00,1.00
2017.01.03 11:10:17.954,1.44365,1.44384,1.50,2.06
2017.01.03 11:10:18.299,1.44368,1.44386,1.00,1.87
2017.01.03 11:10:18.350,1.44368,1.44386,1.00,1.12
2017.01.03 11:10:18.452,1.44369,1.44388,1.00,1.12
2017.01.03 11:10:18.503,1.44371,1.44388,1.00,1.12
2017.01.03 11:10:19.052,1.44372,1.4439,1.00,2.06
2017.01.03 11:10:20.849,1.44372,1.4439,1.00,1.50
2017.01.03 11:10:21.383,1.44371,1.44389,1.00,1.00
2017.01.03 11:10:22.109,1.44377,1.44389,1.69,1.00
2017.01.03 11:10:22.211,1.4438,1.44398,1.00,1.00
2017.01.03 11:10:22.464,1.44378,1.44398,1.50,1.00
2017.01.03 11:10:22.516,1.4438,1.44397,1.00,1.00
2017.01.03 11:10:22.617,1.44377,1.44396,1.69,1.37
2017.01.03 11:10:22.719,1.44377,1.44397,1.69,1.00
2017.01.03 11:10:23.124,1.44378,1.44395,1.00,1.00
2017.01.03 11:10:23.632,1.44379,1.44396,1.00,1.00
2017.01.03 11:10:24.083,1.44377,1.44397,1.69,1.50
2017.01.03 11:10:24.490,1.44379,1.44396,1.00,1.00
2017.01.03 11:10:24.592,1.4438,1.44398,1.25,1.00
2017.01.03 11:10:24.643,1.44376,1.44396,1.50,1.00
2017.01.03 11:10:24.809,1.44377,1.44394,1.00,1.87
2017.01.03 11:10:25.012,1.44379,1.44397,1.25,1.87
2017.01.03 11:10:25.265,1.44381,1.44399,1.00,1.87
2017.01.03 11:10:25.417,1.44379,1.44399,1.00,1.50
2017.01.03 11:10:25.519,1.44381,1.44399,1.00,1.50
2017.01.03 11:10:25.722,1.44379,1.44399,1.50,2.25
2017.01.03 11:10:25.773,1.44383,1.44399,1.00,1.00
2017.01.03 11:10:25.824,1.44384,1.44401,1.00,1.00
2017.01.03 11:10:26.129,1.44384,1.44403,1.00,1.12
2017.01.03 11:10:26.281,1.44383,1.44401,1.00,1.00
2017.01.03 11:10:26.666,1.44381,1.44401,1.00,3.00
2017.01.03 11:10:26.717,1.44383,1.44401,1.00,3.00
2017.01.03 11:10:26.869,1.44381,1.44401,1.00,3.00
2017.01.03 11:10:27.021,1.44383,1.44401,1.00,2.25
2017.01.03 11:10:27.550,1.44381,1.44399,1.00,1.00
2017.01.03 11:10:28.065,1.44379,1.44397,1.00,1.00
2017.01.03 11:10:28.369,1.44377,1.44394,1.00,1.00
2017.01.03 11:10:28.775,1.44375,1.44389,1.69,1.00
2017.01.03 11:10:29.589,1.44375,1.44388,1.19,1.00
2017.01.03 11:10:30.111,1.44375,1.44389,1.19,1.00
2017.01.03 11:10:30.935,1.44374,1.44388,1.25,1.50
2017.01.03 11:10:31.740,1.44369,1.44388,1.25,1.50
2017.01.03 11:10:31.792,1.44367,1.44384,1.87,1.00
2017.01.03 11:10:31.985,1.44365,1.44383,1.25,1.00
2017.01.03 11:10:32.056,1.44375,1.44381,1.19,1.00
2017.01.03 11:10:32.107,1.44372,1.44385,1.12,1.12
2017.01.03 11:10:32.158,1.44372,1.44381,1.12,1.00
2017.01.03 11:10:32.209,1.44369,1.44379,3.56,1.00
2017.01.03 11:10:32.260,1.44371,1.44378,1.31,1.00
2017.01.03 11:10:32.361,1.44369,1.44379,1.19,1.00
2017.01.03 11:10:32.463,1.44372,1.44379,1.25,1.00
2017.01.03 11:10:32.514,1.44365,1.44379,1.50,1.00
2017.01.03 11:10:34.064,1.44365,1.44378,1.00,1.00
2017.01.03 11:10:34.951,1.44364,1.44378,1.69,1.00
2017.01.03 11:10:36.015,1.44364,1.44379,1.25,1.00
2017.01.03 11:10:36.066,1.44364,1.44382,1.69,1.00
2017.01.03 11:10:36.117,1.44364,1.44384,1.69,1.50
2017.01.03 11:10:36.270,1.44366,1.44384,1.00,1.00
2017.01.03 11:10:36.796,1.44366,1.44385,1.00,1.12
2017.01.03 11:10:41.077,1.44364,1.44384,2.44,1.00
2017.01.03 11:10:41.431,1.44366,1.44386,1.00,1.00
2017.01.03 11:10:41.754,1.44375,1.44389,1.25,1.50
2017.01.03 11:10:41.893,1.44375,1.44392,1.25,2.25
2017.01.03 11:10:42.399,1.44375,1.44392,1.25,1.12
2017.01.03 11:10:42.900,1.44375,1.44389,1.25,1.00
2017.01.03 11:10:43.052,1.44364,1.4438,2.06,1.00
2017.01.03 11:10:43.103,1.44364,1.44378,1.00,1.00
2017.01.03 11:10:43.408,1.44357,1.4437,1.25,1.50
2017.01.03 11:10:43.554,1.44357,1.44371,1.25,1.50
2017.01.03 11:10:43.605,1.44357,1.44369,1.25,1.00
2017.01.03 11:10:43.657,1.4435,1.44369,1.00,1.00
2017.01.03 11:10:43.708,1.4435,1.44367,1.00,1.00
2017.01.03 11:10:44.013,1.44348,1.44365,1.25,1.00
2017.01.03 11:10:46.875,1.44352,1.44369,1.00,1.00
2017.01.03 11:10:51.358,1.44352,1.44369,1.00,1.50
2017.01.03 11:10:51.868,1.44352,1.44368,1.00,2.62
2017.01.03 11:10:52.375,1.4435,1.44368,1.00,2.62
2017.01.03 11:10:55.151,1.4435,1.44368,1.00,1.50
2017.01.03 11:10:55.864,1.4435,1.44368,1.00,1.00
2017.01.03 11:10:58.264,1.44351,1.44368,1.00,1.00
2017.01.03 11:10:58.772,1.4435,1.44369,1.00,1.12
2017.01.03 11:10:59.026,1.44354,1.4437,1.00,1.50
2017.01.03 11:10:59.127,1.44355,1.44372,1.00,1.00
2017.01.03 11:10:59.375,1.44356,1.44375,1.00,1.87
2017.01.03 11:10:59.992,1.44355,1.44375,1.69,1.37
2017.01.03 11:11:00.525,1.44356,1.44374,1.00,1.12
2017.01.03 11:11:01.400,1.44359,1.44375,1.00,1.87
2017.01.03 11:11:01.600,1.44361,1.44378,1.00,1.12
2017.01.03 11:11:01.752,1.44361,1.44381,1.00,1.37
2017.01.03 11:11:01.853,1.44363,1.44381,1.00,1.37
2017.01.03 11:11:02.375,1.44363,1.44381,1.00,1.00
2017.01.03 11:11:06.209,1.44362,1.4438,1.00,1.00
2017.01.03 11:11:07.307,1.44361,1.44381,1.00,1.12
2017.01.03 11:11:07.866,1.44362,1.44381,1.00,1.12
2017.01.03 11:11:08.757,1.44362,1.44382,1.00,1.87
2017.01.03 11:11:09.586,1.44362,1.44381,1.00,1.37
2017.01.03 11:11:10.101,1.44365,1.44382,1.00,1.37
2017.01.03 11:11:10.253,1.44366,1.44383,1.00,1.50
2017.01.03 11:11:10.837,1.44367,1.44385,1.00,2.62
2017.01.03 11:11:11.007,1.44365,1.44385,1.00,1.87
2017.01.03 11:11:11.873,1.44366,1.44384,1.00,1.50
2017.01.03 11:11:11.974,1.44364,1.44383,1.50,1.12
2017.01.03 11:11:12.083,1.44367,1.44384,1.00,2.25
2017.01.03 11:11:12.459,1.44365,1.44384,1.50,1.50
2017.01.03 11:11:14.456,1.44366,1.44384,1.00,1.00
2017.01.03 11:11:15.004,1.44366,1.44385,1.00,1.12
2017.01.03 11:11:19.507,1.44366,1.44384,1.00,1.00
2017.01.03 11:11:20.013,1.44367,1.44384,1.00,1.00
2017.01.03 11:11:20.601,1.44366,1.44383,1.00,1.00
2017.01.03 11:11:21.210,1.44366,1.44385,1.00,1.87
2017.01.03 11:11:21.823,1.44365,1.44384,1.69,1.00
2017.01.03 11:11:23.086,1.44366,1.44384,1.00,1.00
2017.01.03 11:11:23.631,1.44365,1.44384,1.69,1.00
2017.01.03 11:11:26.377,1.44364,1.44382,1.00,1.00
2017.01.03 11:11:26.682,1.44347,1.44366,1.69,1.87
2017.01.03 11:11:27.081,1.44342,1.44357,1.25,2.25
2017.01.03 11:11:27.150,1.44338,1.44355,1.19,1.00
2017.01.03 11:11:27.252,1.44338,1.44354,1.19,1.50
2017.01.03 11:11:27.455,1.44338,1.44355,1.19,1.00
2017.01.03 11:11:28.018,1.44338,1.44354,1.19,1.00
2017.01.03 11:11:28.907,1.44338,1.44356,1.19,2.62
2017.01.03 11:11:29.415,1.44338,1.44355,1.19,1.00
2017.01.03 11:11:29.943,1.44338,1.44356,1.19,1.87
2017.01.03 11:11:30.595,1.44348,1.44358,1.25,1.50
2017.01.03 11:11:30.697,1.44351,1.44361,1.25,1.00
2017.01.03 11:11:30.799,1.44353,1.44362,1.19,1.00
2017.01.03 11:11:31.012,1.44353,1.44368,1.19,1.00
2017.01.03 11:11:31.114,1.44357,1.4437,1.19,3.00
2017.01.03 11:11:31.419,1.44357,1.44368,1.19,1.00
2017.01.03 11:11:32.128,1.44357,1.44369,1.19,1.00
2017.01.03 11:11:33.063,1.44357,1.44368,1.19,1.00
2017.01.03 11:11:34.621,1.44357,1.44369,1.19,1.00
2017.01.03 11:11:35.126,1.44357,1.44369,1.25,1.00
2017.01.03 11:11:35.928,1.44357,1.44368,1.25,1.00
2017.01.03 11:11:36.478,1.44357,1.44369,1.25,1.00
2017.01.03 11:11:40.031,1.44357,1.44372,1.25,1.50
2017.01.03 11:11:40.948,1.44357,1.44373,1.25,2.25
2017.01.03 11:11:43.586,1.44357,1.44372,1.19,1.00
2017.01.03 11:11:43.687,1.44352,1.44366,1.00,1.12
2017.01.03 11:11:43.840,1.44346,1.44362,1.00,1.12
2017.01.03 11:11:44.347,1.44344,1.44362,1.69,1.00
2017.01.03 11:11:44.852,1.44344,1.44361,1.69,1.00
2017.01.03 11:11:55.216,1.44344,1.4436,1.19,1.00
2017.01.03 11:11:57.256,1.44344,1.44359,1.19,1.00
2017.01.03 11:11:59.145,1.44342,1.44359,1.25,1.00
2017.01.03 11:11:59.196,1.4434,1.44359,1.00,1.00
2017.01.03 11:11:59.247,1.4434,1.44353,1.00,1.00
2017.01.03 11:11:59.298,1.44338,1.44353,1.00,1.00
2017.01.03 11:11:59.607,1.4434,1.44353,1.25,1.00
2017.01.03 11:11:59.664,1.4434,1.44356,1.25,1.00
2017.01.03 11:12:00.202,1.4434,1.44357,1.69,1.00
2017.01.03 11:12:01.229,1.44338,1.44357,1.00,1.12
2017.01.03 11:12:01.280,1.44338,1.44353,1.00,1.00
2017.01.03 11:12:01.381,1.44336,1.44353,1.00,1.00
2017.01.03 11:12:01.634,1.44335,1.44351,1.25,1.00
2017.01.03 11:12:01.837,1.44332,1.4435,1.00,1.50
2017.01.03 11:12:01.888,1.44331,1.44346,1.00,1.00
2017.01.03 11:12:01.939,1.44329,1.44346,1.69,1.00
2017.01.03 11:12:02.141,1.44329,1.44344,1.69,1.00
2017.01.03 11:12:02.673,1.44329,1.44346,1.25,1.00
2017.01.03 11:12:02.977,1.4433,1.44348,1.19,1.12
2017.01.03 11:12:03.281,1.44336,1.44348,1.25,1.00
2017.01.03 11:12:03.333,1.44336,1.44352,1.25,1.50
2017.01.03 11:12:03.541,1.44336,1.44354,1.69,1.00
2017.01.03 11:12:03.794,1.44334,1.44352,1.00,1.00
2017.01.03 11:12:04.115,1.44332,1.44348,1.00,1.00
2017.01.03 11:12:04.217,1.44332,1.44351,1.00,1.00
2017.01.03 11:12:04.268,1.44334,1.44351,1.00,1.00
2017.01.03 11:12:04.420,1.44334,1.44353,1.69,1.00
2017.01.03 11:12:05.275,1.44334,1.44352,1.69,1.00
2017.01.03 11:12:06.457,1.44334,1.44354,1.69,1.00
2017.01.03 11:12:07.009,1.44335,1.44355,1.00,2.62
2017.01.03 11:12:07.979,1.44334,1.44354,1.69,1.00
2017.01.03 11:12:08.510,1.44334,1.44353,1.69,1.00
2017.01.03 11:12:09.545,1.44334,1.44354,1.69,1.50
2017.01.03 11:12:11.964,1.44335,1.44354,1.00,1.00
2017.01.03 11:12:13.221,1.44343,1.44356,1.25,1.12
2017.01.03 11:12:13.493,1.44351,1.44368,1.00,1.37
2017.01.03 11:12:13.545,1.44352,1.44369,1.00,1.00
2017.01.03 11:12:14.478,1.44352,1.44369,1.00,1.87
2017.01.03 11:12:15.006,1.4435,1.44369,1.00,2.62
2017.01.03 11:12:15.057,1.44348,1.44366,1.00,1.00
2017.01.03 11:12:15.261,1.44351,1.44367,1.25,1.50
2017.01.03 11:12:15.815,1.44351,1.44368,1.69,1.00
2017.01.03 11:12:18.048,1.44351,1.44369,1.69,1.12
2017.01.03 11:12:18.352,1.44353,1.44371,1.00,1.37
2017.01.03 11:12:20.435,1.44352,1.4437,1.00,1.37
2017.01.03 11:12:21.376,1.44353,1.44369,1.00,1.37
2017.01.03 11:12:22.110,1.44353,1.4437,1.00,1.37
2017.01.03 11:12:22.291,1.44351,1.4437,1.50,1.37
2017.01.03 11:12:22.392,1.44353,1.4437,1.00,1.37
2017.01.03 11:12:22.936,1.44351,1.4437,1.50,1.37
2017.01.03 11:12:27.483,1.44353,1.44369,1.00,1.37
2017.01.03 11:12:28.640,1.44353,1.44369,1.00,1.12
2017.01.03 11:12:29.151,1.44352,1.4437,1.00,1.37
2017.01.03 11:12:31.345,1.44352,1.4437,1.00,1.00
2017.01.03 11:12:33.471,1.44351,1.4437,1.00,1.00
2017.01.03 11:12:34.020,1.44349,1.44368,2.44,1.00
2017.01.03 11:12:34.545,1.44351,1.44368,1.50,1.00
2017.01.03 11:12:35.138,1.4435,1.44367,1.25,1.12
2017.01.03 11:12:44.576,1.44351,1.44368,1.00,1.50
2017.01.03 11:12:44.729,1.44354,1.44372,1.69,1.12
2017.01.03 11:12:45.259,1.44353,1.44371,1.50,1.00
2017.01.03 11:12:45.767,1.44353,1.44372,1.00,1.12
2017.01.03 11:12:46.273,1.44353,1.44371,1.00,1.00
2017.01.03 11:12:47.163,1.44354,1.44371,1.00,1.00
2017.01.03 11:12:47.698,1.44353,1.4437,1.00,1.00
2017.01.03 11:12:47.855,1.44351,1.44369,1.00,1.00
2017.01.03 11:12:48.627,1.44351,1.44368,1.00,1.00
2017.01.03 11:12:49.582,1.44351,1.44369,1.00,1.00
2017.01.03 11:12:49.785,1.4435,1.44366,1.00,1.00
2017.01.03 11:12:50.303,1.44349,1.44366,1.69,1.00
2017.01.03 11:12:51.124,1.44349,1.44365,1.69,1.00
2017.01.03 11:12:54.827,1.44348,1.44362,1.00,1.50
2017.01.03 11:12:55.139,1.44327,1.4434,1.25,1.00
2017.01.03 11:12:55.291,1.44327,1.44343,1.25,1.00
2017.01.03 11:12:55.798,1.44327,1.44345,1.69,1.50
2017.01.03 11:12:56.181,1.44329,1.44345,1.00,1.50
2017.01.03 11:12:56.740,1.4433,1.44346,1.00,1.50
2017.01.03 11:12:56.916,1.44328,1.44344,1.00,1.00
2017.01.03 11:12:58.561,1.4433,1.44344,1.00,1.00
2017.01.03 11:12:59.103,1.44329,1.44344,1.00,1.00
2017.01.03 11:12:59.775,1.4433,1.44344,1.00,1.00
2017.01.03 11:12:59.877,1.4433,1.44346,1.00,1.00
2017.01.03 11:13:00.341,1.44328,1.44341,1.00,1.00
2017.01.03 11:13:00.543,1.44318,1.44335,1.50,1.12
2017.01.03 11:13:00.595,1.44315,1.44334,1.00,1.50
2017.01.03 11:13:00.696,1.44315,1.4433,1.00,1.00
2017.01.03 11:13:01.196,1.44314,1.44332,1.00,1.87
2017.01.03 11:13:01.247,1.44318,1.44337,1.00,1.75
2017.01.03 11:13:01.348,1.4432,1.44339,1.00,1.87
2017.01.03 11:13:01.399,1.44322,1.44335,1.00,1.00
2017.01.03 11:13:01.551,1.44322,1.4434,1.00,1.87
2017.01.03 11:13:01.829,1.44326,1.44341,1.69,1.37
2017.01.03 11:13:02.032,1.44329,1.44345,1.00,1.50
2017.01.03 11:13:02.814,1.44329,1.44346,1.00,1.00
2017.01.03 11:13:03.684,1.44329,1.44345,1.00,1.00
2017.01.03 11:13:03.864,1.44326,1.4434,1.25,1.12
2017.01.03 11:13:04.168,1.44318,1.44334,1.69,1.12
2017.01.03 11:13:04.219,1.44319,1.44336,1.00,3.37
2017.01.03 11:13:04.726,1.44316,1.44333,1.00,1.12
2017.01.03 11:13:04.878,1.44316,1.4433,1.00,1.00
2017.01.03 11:13:05.429,1.44314,1.44331,1.69,1.12
2017.01.03 11:13:08.925,1.44316,1.44331,1.69,1.12
2017.01.03 11:13:09.026,1.44318,1.44335,1.25,1.50
2017.01.03 11:13:09.148,1.44314,1.44333,1.69,1.12
2017.01.03 11:13:09.199,1.44313,1.44331,2.44,1.00
2017.01.03 11:13:09.752,1.44314,1.4433,1.19,1.00
2017.01.03 11:13:10.294,1.44314,1.44329,1.19,1.00
2017.01.03 11:13:10.933,1.44314,1.44327,1.19,1.00
2017.01.03 11:13:12.281,1.44314,1.44329,1.19,1.00
2017.01.03 11:13:12.433,1.44314,1.44327,1.19,1.50
2017.01.03 11:13:14.140,1.44314,1.44328,1.19,1.00
2017.01.03 11:13:14.498,1.44313,1.44325,1.19,1.00
2017.01.03 11:13:14.842,1.44313,1.44323,1.19,1.00
2017.01.03 11:13:14.944,1.44313,1.44325,1.19,2.25
2017.01.03 11:13:17.520,1.44313,1.44324,1.19,1.00
2017.01.03 11:13:18.892,1.44313,1.44325,1.19,1.50
2017.01.03 11:13:23.411,1.44311,1.44325,1.25,1.50
2017.01.03 11:13:24.173,1.44311,1.44322,1.25,1.00
2017.01.03 11:13:24.225,1.44308,1.44322,1.19,1.50
2017.01.03 11:13:24.277,1.44308,1.44319,1.19,1.00
2017.01.03 11:13:24.636,1.44308,1.44316,1.19,1.00
2017.01.03 11:13:25.652,1.44299,1.44316,1.19,1.00
2017.01.03 11:13:26.019,1.44299,1.44318,1.19,2.25
2017.01.03 11:13:26.980,1.44299,1.44317,1.19,1.00
2017.01.03 11:13:28.106,1.44299,1.44316,1.19,1.00
2017.01.03 11:13:28.209,1.443,1.44318,1.25,1.50
2017.01.03 11:13:28.721,1.44301,1.44319,1.00,1.87
2017.01.03 11:13:28.993,1.44301,1.44317,1.00,1.00
2017.01.03 11:13:29.095,1.44299,1.44317,1.00,1.00
2017.01.03 11:13:29.247,1.44301,1.44317,1.00,1.00
2017.01.03 11:13:29.298,1.44299,1.44317,1.50,1.00
2017.01.03 11:13:29.805,1.44298,1.44317,1.00,1.00
2017.01.03 11:13:30.125,1.44296,1.44316,2.44,1.00
2017.01.03 11:13:30.509,1.44296,1.44314,1.31,1.00
2017.01.03 11:13:31.651,1.44294,1.44313,1.87,1.00
2017.01.03 11:13:33.165,1.44295,1.44315,1.69,1.50
2017.01.03 11:13:33.469,1.44296,1.44311,2.06,1.00
2017.01.03 11:13:33.722,1.44298,1.44313,1.00,1.00
2017.01.03 11:13:34.229,1.44297,1.44312,1.31,1.00
2017.01.03 11:13:35.296,1.44298,1.44312,1.00,1.00
2017.01.03 11:13:35.866,1.44296,1.44312,2.06,1.00
2017.01.03 11:13:37.150,1.44295,1.44311,1.69,1.00
2017.01.03 11:13:37.666,1.44297,1.44313,1.00,1.00
2017.01.03 11:13:37.820,1.44295,1.44311,4.69,1.00
2017.01.03 11:13:38.126,1.44297,1.44314,1.12,1.00
2017.01.03 11:13:38.229,1.44297,1.44312,1.12,1.00
2017.01.03 11:13:38.425,1.44297,1.44314,1.12,1.00
2017.01.03 11:13:39.913,1.44295,1.44312,2.81,1.00
2017.01.03 11:13:40.251,1.44295,1.4431,1.19,1.00
2017.01.03 11:13:40.504,1.44295,1.44312,1.19,1.00
2017.01.03 11:13:40.808,1.44297,1.44314,1.00,1.00
2017.01.03 11:13:41.061,1.44299,1.44315,1.12,1.00
2017.01.03 11:13:41.371,1.44304,1.44321,1.00,1.00
2017.01.03 11:13:42.361,1.44304,1.4432,1.50,1.00
2017.01.03 11:13:42.866,1.44304,1.44319,1.50,1.00
2017.01.03 11:13:45.888,1.44304,1.44321,1.50,1.00
2017.01.03 11:13:47.953,1.44304,1.44321,1.50,1.00
2017.01.03 11:13:48.486,1.44304,1.44322,1.87,1.00
2017.01.03 11:13:49.146,1.44304,1.4432,1.75,1.00
2017.01.03 11:13:49.197,1.44304,1.44322,1.87,1.00
2017.01.03 11:13:49.395,1.44301,1.44316,1.50,1.00
2017.01.03 11:13:49.903,1.443,1.44315,1.12,1.00
2017.01.03 11:13:50.527,1.44299,1.44315,1.37,1.00
2017.01.03 11:13:50.578,1.44299,1.44315,1.00,1.00
2017.01.03 11:13:53.428,1.44299,1.44314,1.00,1.00
2017.01.03 11:13:54.874,1.44299,1.44313,1.00,1.00
2017.01.03 11:13:55.513,1.44299,1.44314,1.00,1.00
2017.01.03 11:13:56.064,1.44299,1.44315,1.00,1.00
2017.01.03 11:13:56.300,1.44299,1.44312,1.00,1.00
2017.01.03 11:13:56.842,1.44296,1.44313,1.37,1.00
2017.01.03 11:13:57.146,1.44297,1.44316,1.37,1.00
2017.01.03 11:13:57.774,1.44297,1.44315,1.37,1.00
2017.01.03 11:14:00.812,1.44296,1.44313,1.87,1.00
2017.01.03 11:14:00.869,1.44296,1.44312,1.00,1.00
2017.01.03 11:14:01.426,1.44294,1.44311,2.44,1.00
2017.01.03 11:14:01.578,1.44295,1.44314,2.06,1.00
2017.01.03 11:14:02.085,1.44296,1.44315,2.62,1.00
2017.01.03 11:14:03.562,1.44297,1.44316,1.50,1.00
2017.01.03 11:14:08.175,1.443,1.4432,1.00,2.25
2017.01.03 11:14:08.609,1.44302,1.44322,1.00,1.50
2017.01.03 11:14:09.115,1.44303,1.44322,1.00,1.00
2017.01.03 11:14:09.620,1.44303,1.44323,1.00,1.50
2017.01.03 11:14:10.066,1.44301,1.4432,1.87,1.00
2017.01.03 11:14:10.218,1.44299,1.44319,1.00,1.00
2017.01.03 11:14:10.421,1.44298,1.44307,1.25,1.00
2017.01.03 11:14:10.472,1.44293,1.44309,1.75,1.00
2017.01.03 11:14:10.523,1.44292,1.44308,1.25,1.00
2017.01.03 11:14:10.675,1.44288,1.44307,1.00,1.00
2017.01.03 11:14:11.179,1.44289,1.44307,1.00,1.50
2017.01.03 11:14:11.230,1.44287,1.44307,1.00,1.50
2017.01.03 11:14:11.511,1.44285,1.44304,2.06,1.00
2017.01.03 11:14:12.021,1.44286,1.44304,1.00,1.00
2017.01.03 11:14:13.134,1.44286,1.44303,1.00,1.00
2017.01.03 11:14:14.401,1.44289,1.44304,1.25,1.00
2017.01.03 11:14:14.452,1.44287,1.44306,2.06,1.00
2017.01.03 11:14:14.554,1.44287,1.44308,3.19,1.50
2017.01.03 11:14:14.655,1.44292,1.44308,1.19,1.00
2017.01.03 11:14:14.706,1.44293,1.4431,1.25,1.00
2017.01.03 11:14:14.757,1.44293,1.44312,1.69,1.12
2017.01.03 11:14:14.859,1.44295,1.44312,1.50,1.00
2017.01.03 11:14:15.652,1.44294,1.44312,2.62,1.00
2017.01.03 11:14:15.920,1.44295,1.44314,1.25,1.00
2017.01.03 11:14:16.022,1.44299,1.44315,1.19,1.00
2017.01.03 11:14:16.528,1.44299,1.44317,1.19,2.62
2017.01.03 11:14:17.201,1.44299,1.44314,1.19,1.00
2017.01.03 11:14:17.252,1.44299,1.44316,1.19,1.00
2017.01.03 11:14:17.666,1.44299,1.44314,1.19,1.00
2017.01.03 11:14:17.985,1.44299,1.44316,1.69,1.00
2017.01.03 11:14:19.291,1.44299,1.44315,1.19,1.00
2017.01.03 11:14:24.673,1.44295,1.44311,1.50,1.00
2017.01.03 11:14:24.775,1.44294,1.44312,2.81,1.00
2017.01.03 11:14:25.030,1.44297,1.44312,1.25,1.00
2017.01.03 11:14:25.283,1.44297,1.44314,1.25,1.00
2017.01.03 11:14:25.868,1.44297,1.44316,1.25,1.00
2017.01.03 11:14:26.308,1.44299,1.44316,1.00,1.00
2017.01.03 11:14:26.511,1.44297,1.44316,2.44,1.00
2017.01.03 11:14:27.183,1.44297,1.44315,1.69,1.00
2017.01.03 11:14:27.815,1.44299,1.44315,1.00,1.00
2017.01.03 11:14:28.316,1.44299,1.44316,1.00,1.00
2017.01.03 11:14:28.896,1.44298,1.44316,1.00,1.00
2017.01.03 11:14:29.220,1.44297,1.44314,1.25,1.00
2017.01.03 11:14:29.773,1.44297,1.44313,1.25,1.00
2017.01.03 11:14:30.473,1.44297,1.44312,1.25,1.00
2017.01.03 11:14:30.776,1.44297,1.44314,1.25,1.00
2017.01.03 11:14:31.546,1.44297,1.44313,1.69,1.00
2017.01.03 11:14:32.268,1.44297,1.44314,1.25,1.00
2017.01.03 11:14:32.369,1.44301,1.44316,1.25,1.00
2017.01.03 11:14:32.937,1.44301,1.44315,1.25,1.00
2017.01.03 11:14:34.850,1.44301,1.44316,1.25,1.00
2017.01.03 11:14:35.003,1.44301,1.44318,1.25,1.00
2017.01.03 11:14:35.357,1.44302,1.4432,1.00,1.00
2017.01.03 11:14:36.072,1.44301,1.44319,1.25,1.00
2017.01.03 11:14:36.123,1.44301,1.44317,1.25,1.00
2017.01.03 11:14:36.291,1.44301,1.44319,1.69,1.00
2017.01.03 11:14:36.832,1.44304,1.44319,1.25,1.00
2017.01.03 11:14:37.344,1.44304,1.44318,1.25,1.00
2017.01.03 11:14:41.400,1.44304,1.44316,1.25,1.00
2017.01.03 11:14:41.910,1.44304,1.44317,1.25,1.00
2017.01.03 11:14:42.116,1.44304,1.44319,1.25,1.00
2017.01.03 11:14:45.621,1.44304,1.44318,1.25,1.00
2017.01.03 11:14:46.142,1.44304,1.44317,1.25,1.12
2017.01.03 11:14:47.024,1.44304,1.44316,1.25,1.00
2017.01.03 11:14:48.216,1.44304,1.44318,1.25,1.50
2017.01.03 11:14:48.972,1.44304,1.44317,1.25,1.00
2017.01.03 11:14:49.074,1.44304,1.44319,1.25,1.00
2017.01.03 11:14:49.604,1.44304,1.44317,1.00,1.00
2017.01.03 11:14:49.708,1.44298,1.44314,1.00,1.00
2017.01.03 11:14:50.619,1.4431,1.44319,1.00,1.00
2017.01.03 11:14:50.720,1.44312,1.44326,1.00,2.62
2017.01.03 11:14:50.822,1.44313,1.44329,1.00,1.00
2017.01.03 11:14:50.874,1.44311,1.44324,1.87,1.00
2017.01.03 11:14:51.010,1.44309,1.44324,2.06,1.00
2017.01.03 11:14:51.111,1.44312,1.44327,1.00,1.12
2017.01.03 11:14:51.214,1.44313,1.44329,1.00,1.00
2017.01.03 11:14:51.726,1.44311,1.44329,2.62,1.00
2017.01.03 11:14:52.267,1.44311,1.44329,2.62,1.00
2017.01.03 11:14:52.779,1.44312,1.44329,1.00,1.00
2017.01.03 11:14:53.402,1.44313,1.44329,1.00,1.00
2017.01.03 11:14:53.965,1.44313,1.4433,1.87,1.00
2017.01.03 11:14:54.118,1.44317,1.44331,1.25,1.00
2017.01.03 11:14:54.271,1.44318,1.44333,1.00,1.00
2017.01.03 11:14:54.778,1.44317,1.44333,1.25,1.00
2017.01.03 11:14:56.025,1.44327,1.44333,1.19,1.00
2017.01.03 11:14:56.076,1.44328,1.44338,1.25,1.00
2017.01.03 11:14:56.178,1.4433,1.44339,1.25,1.00
2017.01.03 11:14:56.330,1.44328,1.44338,1.25,1.00
2017.01.03 11:14:56.523,1.4433,1.44337,1.25,1.00
2017.01.03 11:14:57.030,1.4433,1.44338,1.25,1.00
2017.01.03 11:14:57.642,1.4433,1.4434,1.25,1.00
2017.01.03 11:14:58.202,1.4433,1.44339,1.25,1.00
2017.01.03 11:14:58.543,1.44329,1.44337,1.25,1.00
2017.01.03 11:14:58.594,1.44321,1.44338,1.25,1.00
2017.01.03 11:14:58.646,1.44324,1.44337,1.19,1.00
2017.01.03 11:14:58.950,1.44324,1.44334,1.19,1.00
2017.01.03 11:14:59.281,1.44324,1.44337,1.19,1.00
2017.01.03 11:14:59.989,1.44324,1.44338,1.19,1.00
2017.01.03 11:15:00.511,1.44324,1.44339,1.19,1.00
2017.01.03 11:15:00.713,1.44321,1.4434,2.44,1.00
2017.01.03 11:15:00.764,1.44321,1.44338,1.00,1.00
2017.01.03 11:15:01.272,1.44319,1.44337,4.31,1.00
2017.01.03 11:15:02.657,1.44319,1.44334,1.62,1.00
2017.01.03 11:15:02.758,1.44317,1.44332,1.50,1.00
2017.01.03 11:15:02.810,1.44315,1.44331,1.87,1.00
2017.01.03 11:15:02.880,1.44314,1.44329,2.06,1.00
2017.01.03 11:15:03.392,1.44314,1.44328,1.25,1.00
2017.01.03 11:15:04.100,1.44314,1.44327,1.25,1.00
2017.01.03 11:15:04.409,1.44314,1.44325,1.25,1.00
2017.01.03 11:15:05.462,1.44314,1.44329,2.06,1.00
2017.01.03 11:15:05.608,1.44319,1.44332,1.31,1.00
2017.01.03 11:15:05.660,1.4432,1.44335,1.25,1.00
2017.01.03 11:15:06.319,1.44319,1.44336,2.06,1.00
2017.01.03 11:15:06.747,1.44319,1.44334,1.31,1.00
2017.01.03 11:15:07.300,1.44319,1.44333,1.19,1.00
2017.01.03 11:15:07.402,1.44319,1.44336,1.19,1.00
2017.01.03 11:15:07.453,1.44318,1.44336,1.69,1.00
2017.01.03 11:15:09.102,1.44317,1.44333,1.00,1.00
2017.01.03 11:15:09.254,1.44315,1.44333,1.50,1.00
2017.01.03 11:15:09.356,1.44315,1.44331,1.00,1.00
2017.01.03 11:15:09.508,1.44314,1.44333,3.00,1.00
2017.01.03 11:15:09.959,1.44317,1.44335,1.00,1.00
2017.01.03 11:15:10.112,1.44318,1.44337,1.12,1.00
2017.01.03 11:15:10.659,1.44318,1.44336,1.12,1.00
2017.01.03 11:15:10.933,1.44318,1.44334,1.12,1.00
2017.01.03 11:15:11.736,1.44318,1.44335,1.12,1.00
2017.01.03 11:15:12.090,1.44316,1.44332,1.62,1.50
2017.01.03 11:15:12.546,1.44316,1.44334,1.31,1.00
2017.01.03 11:15:13.354,1.44316,1.44335,1.31,1.00
2017.01.03 11:15:13.855,1.44316,1.44334,2.06,1.00
2017.01.03 11:15:14.409,1.44317,1.44334,1.00,1.00
2017.01.03 11:15:14.924,1.44316,1.44334,1.69,1.00
2017.01.03 11:15:16.109,1.44315,1.44333,3.19,1.00
2017.01.03 11:15:16.161,1.44315,1.44331,1.37,1.00
2017.01.03 11:15:16.822,1.44315,1.44331,1.00,1.00
2017.01.03 11:15:17.703,1.44314,1.44331,1.50,1.00
2017.01.03 11:15:20.250,1.44314,1.4433,1.00,1.00
2017.01.03 11:15:21.826,1.44313,1.4433,2.62,1.00
2017.01.03 11:15:22.333,1.44313,1.4433,3.00,1.00
2017.01.03 11:15:22.880,1.44313,1.44331,3.00,1.00
2017.01.03 11:15:23.994,1.44314,1.44332,1.12,1.00
2017.01.03 11:15:25.230,1.44316,1.44332,1.00,1.00
2017.01.03 11:15:25.280,1.44314,1.44335,2.62,2.25
2017.01.03 11:15:25.331,1.44325,1.4434,1.31,1.75
2017.01.03 11:15:25.484,1.44326,1.44341,2.44,1.00
2017.01.03 11:15:25.737,1.44328,1.44345,1.31,1.00
2017.01.03 11:15:25.839,1.44329,1.44347,1.25,1.00
2017.01.03 11:15:26.291,1.44329,1.44344,1.12,1.00
2017.01.03 11:15:26.696,1.44329,1.44346,1.25,1.00
2017.01.03 11:15:27.208,1.4433,1.44346,1.00,1.00
2017.01.03 11:15:27.310,1.44331,1.44349,1.00,1.00
2017.01.03 11:15:27.526,1.44336,1.4435,1.50,1.00
2017.01.03 11:15:27.628,1.44338,1.44354,1.25,1.50
2017.01.03 11:15:27.780,1.44338,1.44356,2.44,1.00
2017.01.03 11:15:27.985,1.4434,1.44358,1.50,1.00
2017.01.03 11:15:28.289,1.44343,1.4436,1.00,1.00
2017.01.03 11:15:28.919,1.4434,1.44356,1.00,1.00
2017.01.03 11:15:29.243,1.44334,1.44344,1.12,1.00
2017.01.03 11:15:29.346,1.44326,1.44341,1.69,1.00
2017.01.03 11:15:29.703,1.44326,1.44339,1.00,1.00
2017.01.03 11:15:29.755,1.44326,1.44341,1.00,1.00
2017.01.03 11:15:30.257,1.44326,1.44342,1.69,1.00
2017.01.03 11:15:30.502,1.44329,1.44344,1.00,1.00
2017.01.03 11:15:30.806,1.44327,1.44345,2.25,1.00
2017.01.03 11:15:31.323,1.44327,1.44344,1.00,1.00
2017.01.03 11:15:31.770,1.44326,1.44342,1.12,1.00
2017.01.03 11:15:31.974,1.44332,1.4435,1.69,1.00
2017.01.03 11:15:32.220,1.44337,1.44353,1.25,1.00
2017.01.03 11:15:32.422,1.44337,1.44355,1.25,1.50
2017.01.03 11:15:32.526,1.44337,1.44353,1.69,1.00
2017.01.03 11:15:32.948,1.44337,1.44351,1.25,1.00
2017.01.03 11:15:33.252,1.44333,1.44348,1.50,1.00
2017.01.03 11:15:35.023,1.44333,1.44347,1.50,1.00
2017.01.03 11:15:35.288,1.44331,1.44345,1.69,1.00
2017.01.03 11:15:36.648,1.44331,1.44346,1.19,1.00
2017.01.03 11:15:36.749,1.44329,1.44344,1.25,1.00
2017.01.03 11:15:37.509,1.44327,1.44341,1.87,1.00
2017.01.03 11:15:38.815,1.44329,1.44343,1.19,1.00
2017.01.03 11:15:38.866,1.44329,1.44345,1.19,1.00
2017.01.03 11:15:39.119,1.44329,1.44343,1.19,1.00
2017.01.03 11:15:39.424,1.44329,1.44341,1.19,1.00
2017.01.03 11:15:40.212,1.44325,1.44339,1.31,1.00
2017.01.03 11:15:40.726,1.44325,1.4434,1.25,1.00
2017.01.03 11:15:41.268,1.44325,1.44339,1.25,1.00
2017.01.03 11:15:41.800,1.44325,1.44338,1.25,1.00
2017.01.03 11:15:41.901,1.44322,1.44337,1.00,1.00
2017.01.03 11:15:41.952,1.44319,1.44336,1.00,1.00
2017.01.03 11:15:42.226,1.44319,1.44333,1.00,1.00
2017.01.03 11:15:42.755,1.44318,1.44333,1.00,1.00
2017.01.03 11:15:43.281,1.44317,1.44333,1.25,1.00
2017.01.03 11:15:43.566,1.4431,1.44328,3.94,1.00
2017.01.03 11:15:43.718,1.44309,1.44326,1.19,1.00
2017.01.03 11:15:43.920,1.44307,1.44324,1.12,1.00
2017.01.03 11:15:44.110,1.44306,1.44321,1.00,1.00
2017.01.03 11:15:44.414,1.44306,1.44319,1.69,1.12
2017.01.03 11:15:44.516,1.44301,1.44319,1.69,1.37
2017.01.03 11:15:44.618,1.44306,1.44322,1.00,1.00
2017.01.03 11:15:44.669,1.44308,1.44324,1.00,1.12
2017.01.03 11:15:44.720,1.44305,1.44324,1.50,1.12
2017.01.03 11:15:44.822,1.44306,1.44322,1.00,1.00
2017.01.03 11:15:45.127,1.44309,1.44322,1.19,1.00
2017.01.03 11:15:45.229,1.44304,1.44322,2.44,1.00
2017.01.03 11:15:45.418,1.44308,1.44325,1.25,1.50
2017.01.03 11:15:45.728,1.44303,1.44319,2.44,1.00
2017.01.03 11:15:45.934,1.44298,1.44316,1.50,1.87
2017.01.03 11:15:45.985,1.44296,1.44316,1.25,1.87
2017.01.03 11:15:46.036,1.44298,1.44315,1.00,1.12
2017.01.03 11:15:46.695,1.44298,1.44316,1.00,1.87
2017.01.03 11:15:47.287,1.44299,1.44318,1.00,3.00
2017.01.03 11:15:47.591,1.44304,1.44322,1.00,1.00
2017.01.03 11:15:47.693,1.44302,1.4432,1.00,1.00
2017.01.03 11:15:47.998,1.44301,1.44318,1.00,1.00
2017.01.03 11:15:48.302,1.44302,1.4432,1.25,1.50
2017.01.03 11:15:48.353,1.44304,1.44322,1.00,2.25
2017.01.03 11:15:49.278,1.44305,1.44323,1.00,1.50
2017.01.03 11:15:49.785,1.44306,1.44323,1.00,1.87
2017.01.03 11:15:51.103,1.44304,1.44322,1.00,1.87
2017.01.03 11:15:51.265,1.44304,1.44319,1.00,1.00
2017.01.03 11:15:51.367,1.443,1.44317,1.00,1.00
2017.01.03 11:15:51.721,1.44302,1.44318,1.00,1.50
2017.01.03 11:15:51.925,1.44304,1.44321,1.00,1.50
2017.01.03 11:15:52.077,1.44304,1.44318,1.00,1.00
2017.01.03 11:15:52.178,1.44302,1.44318,1.00,1.00
2017.01.03 11:15:52.698,1.44302,1.44317,1.00,1.12
2017.01.03 11:15:53.262,1.44302,1.4432,1.00,1.12
2017.01.03 11:15:53.801,1.44302,1.44319,1.00,1.00
2017.01.03 11:15:53.853,1.44306,1.44321,1.00,2.25
2017.01.03 11:15:53.904,1.44309,1.44324,1.00,1.00
2017.01.03 11:15:54.006,1.44311,1.44324,1.00,1.00
2017.01.03 11:15:54.057,1.44312,1.44328,1.00,1.50
2017.01.03 11:15:54.109,1.44314,1.4433,1.00,1.87
2017.01.03 11:15:54.617,1.44315,1.4433,1.00,1.00
2017.01.03 11:15:54.964,1.44316,1.44332,1.00,1.50
2017.01.03 11:15:55.166,1.44314,1.44332,1.00,1.00
2017.01.03 11:15:55.267,1.44316,1.44333,1.00,2.62
2017.01.03 11:15:55.574,1.44316,1.44331,1.00,1.00
2017.01.03 11:15:55.789,1.44316,1.44333,1.00,2.25
2017.01.03 11:15:55.841,1.44318,1.44334,1.00,1.00
2017.01.03 11:15:57.512,1.44319,1.44335,1.00,1.00
2017.01.03 11:15:57.816,1.44311,1.44328,2.25,1.00
2017.01.03 11:15:57.918,1.44309,1.44323,1.25,1.00
2017.01.03 11:15:58.426,1.44309,1.44324,1.25,1.00
2017.01.03 11:15:59.423,1.44309,1.44323,1.25,1.00
2017.01.03 11:15:59.474,1.4431,1.44323,1.19,1.00
2017.01.03 11:15:59.626,1.44306,1.44323,4.31,1.00
2017.01.03 11:15:59.677,1.44306,1.44321,1.31,1.00
2017.01.03 11:15:59.779,1.44305,1.4432,1.12,1.00
2017.01.03 11:16:00.089,1.44306,1.44317,1.25,1.00
2017.01.03 11:16:00.281,1.44299,1.44312,1.25,1.00
2017.01.03 11:16:00.331,1.44301,1.44315,1.19,1.00
2017.01.03 11:16:00.890,1.44299,1.44315,1.00,1.00
2017.01.03 11:16:01.008,1.44302,1.44315,1.19,1.00
2017.01.03 11:16:01.548,1.44302,1.44314,1.19,1.00
2017.01.03 11:16:01.599,1.44299,1.44314,1.25,1.00
2017.01.03 11:16:01.767,1.443,1.44315,1.19,1.00
2017.01.03 11:16:02.899,1.44299,1.44313,1.25,1.00
2017.01.03 11:16:03.203,1.443,1.44313,1.19,1.00
2017.01.03 11:16:03.739,1.443,1.44312,1.19,1.00
2017.01.03 11:16:03.942,1.443,1.44315,1.19,1.00
2017.01.03 11:16:04.094,1.443,1.44312,1.19,1.00
2017.01.03 11:16:05.070,1.44297,1.44312,2.06,1.00
2017.01.03 11:16:05.222,1.443,1.44312,1.19,1.00
2017.01.03 11:16:07.333,1.44298,1.44312,1.19,1.00
2017.01.03 11:16:07.617,1.443,1.44312,1.19,1.00
2017.01.03 11:16:08.110,1.443,1.44314,1.19,1.00
2017.01.03 11:16:08.649,1.44298,1.44314,1.31,1.00
2017.01.03 11:16:09.429,1.44297,1.44313,2.81,1.00
2017.01.03 11:16:10.323,1.44297,1.44312,1.69,1.00
2017.01.03 11:16:10.426,1.44297,1.44314,1.69,1.50
2017.01.03 11:16:10.935,1.44299,1.44313,1.19,1.00
2017.01.03 11:16:11.037,1.44299,1.44315,1.19,1.00
2017.01.03 11:16:11.690,1.443,1.44313,1.25,1.00
2017.01.03 11:16:11.993,1.44302,1.44313,1.25,1.00
2017.01.03 11:16:12.146,1.44302,1.44316,1.25,1.00
2017.01.03 11:16:13.032,1.44302,1.44317,1.25,1.50
2017.01.03 11:16:16.739,1.44304,1.4432,1.25,1.00
2017.01.03 11:16:17.257,1.44304,1.44319,1.25,1.00
2017.01.03 11:16:17.787,1.44303,1.4432,1.00,1.00
2017.01.03 11:16:17.851,1.44306,1.4432,1.00,1.00
2017.01.03 11:16:18.403,1.44305,1.4432,1.00,1.00
2017.01.03 11:16:18.758,1.44305,1.44317,1.00,1.00
2017.01.03 11:16:18.910,1.44303,1.44317,1.00,1.00
2017.01.03 11:16:19.014,1.44301,1.44317,1.00,1.37
2017.01.03 11:16:19.065,1.44304,1.44319,1.00,1.00
2017.01.03 11:16:19.219,1.44307,1.44319,1.69,1.00
2017.01.03 11:16:19.732,1.44307,1.4432,1.00,1.00
2017.01.03 11:16:20.187,1.44307,1.44318,1.00,1.00
2017.01.03 11:16:22.685,1.44309,1.44318,1.00,1.00
2017.01.03 11:16:24.138,1.44307,1.44318,1.00,1.00
2017.01.03 11:16:24.714,1.44309,1.44318,1.00,1.00
2017.01.03 11:16:25.197,1.44309,1.44322,1.00,1.00
2017.01.03 11:16:25.592,1.44302,1.44321,1.50,1.00
2017.01.03 11:16:25.745,1.443,1.44319,2.81,1.00
2017.01.03 11:16:26.061,1.443,1.44317,2.81,1.00
2017.01.03 11:16:27.351,1.44301,1.44317,1.00,1.00
2017.01.03 11:16:27.665,1.44299,1.44314,1.69,1.00
2017.01.03 11:16:27.769,1.44296,1.44312,1.12,1.50
2017.01.03 11:16:27.843,1.44296,1.44308,1.00,1.00
2017.01.03 11:16:27.895,1.44296,1.4431,1.00,1.00
2017.01.03 11:16:28.138,1.44294,1.4431,1.12,1.00
2017.01.03 11:16:28.341,1.44292,1.44307,1.25,1.00
2017.01.03 11:16:28.392,1.4429,1.44307,1.50,1.00
2017.01.03 11:16:28.443,1.44293,1.44309,1.00,1.00
2017.01.03 11:16:28.646,1.44289,1.44307,1.87,1.00
2017.01.03 11:16:28.748,1.44289,1.44302,1.00,1.00
2017.01.03 11:16:28.799,1.44286,1.44302,2.44,1.00
2017.01.03 11:16:28.943,1.44286,1.44304,2.44,1.00
2017.01.03 11:16:29.550,1.44288,1.44304,1.00,1.00
2017.01.03 11:16:30.073,1.44287,1.44304,1.25,1.00
2017.01.03 11:16:31.475,1.44287,1.44302,1.25,1.00
2017.01.03 11:16:31.827,1.44286,1.44304,2.44,1.00
2017.01.03 11:16:31.929,1.44286,1.44302,1.69,1.00
2017.01.03 11:16:32.760,1.4429,1.44302,1.19,1.00
2017.01.03 11:16:32.913,1.44286,1.443,1.69,1.00
2017.01.03 11:16:33.083,1.44288,1.44303,1.31,1.00
2017.01.03 11:16:33.634,1.44288,1.44301,1.31,1.00
2017.01.03 11:16:33.938,1.44286,1.44299,1.19,1.00
2017.01.03 11:16:34.192,1.44282,1.44296,1.19,1.00
2017.01.03 11:16:34.641,1.44282,1.44298,1.19,1.50
2017.01.03 11:16:34.894,1.44281,1.44299,1.00,1.00
2017.01.03 11:16:34.996,1.44279,1.44297,2.06,1.50
2017.01.03 11:16:35.299,1.44279,1.44295,1.31,1.00
2017.01.03 11:16:36.490,1.44279,1.44294,2.06,1.00
2017.01.03 11:16:37.806,1.44279,1.44293,1.19,1.00
2017.01.03 11:16:38.350,1.44279,1.44294,1.19,1.00
2017.01.03 11:16:40.534,1.44279,1.44292,1.19,1.00
2017.01.03 11:16:42.257,1.44279,1.44295,1.19,1.00
2017.01.03 11:16:44.585,1.44279,1.44296,1.19,2.25
2017.01.03 11:16:44.737,1.44279,1.44294,1.19,1.00
2017.01.03 11:16:46.198,1.44275,1.44293,1.69,1.50
2017.01.03 11:16:46.300,1.44275,1.44291,1.19,1.00
2017.01.03 11:16:46.837,1.44275,1.44292,1.19,1.00
2017.01.03 11:16:47.699,1.44272,1.44289,1.00,1.12
2017.01.03 11:16:47.857,1.4427,1.44285,1.25,1.00
2017.01.03 11:16:47.982,1.44267,1.44285,1.19,1.00
2017.01.03 11:16:48.134,1.44268,1.44283,1.19,1.00
2017.01.03 11:16:48.648,1.44269,1.44283,1.19,1.00
2017.01.03 11:16:49.399,1.44269,1.44284,1.19,1.00
2017.01.03 11:16:49.692,1.44268,1.44283,1.00,1.00
2017.01.03 11:16:50.196,1.44267,1.44281,1.19,1.00
2017.01.03 11:16:51.167,1.44267,1.44281,1.19,1.00
2017.01.03 11:16:52.855,1.44269,1.44282,1.19,1.00
2017.01.03 11:16:55.076,1.44269,1.44281,1.19,1.00
2017.01.03 11:16:56.622,1.44267,1.44281,1.19,1.00
2017.01.03 11:17:01.211,1.44267,1.44282,1.69,1.00
2017.01.03 11:17:05.809,1.4427,1.44282,1.25,1.00
2017.01.03 11:17:06.328,1.4427,1.44283,1.25,1.00
2017.01.03 11:17:06.834,1.44271,1.44286,1.25,1.00
2017.01.03 11:17:07.348,1.44275,1.44287,1.25,1.00
2017.01.03 11:17:07.539,1.4427,1.44288,1.00,1.50
2017.01.03 11:17:09.130,1.4427,1.44289,1.00,1.00
2017.01.03 11:17:09.646,1.4427,1.44288,1.00,1.00
2017.01.03 11:17:09.841,1.44274,1.44288,1.25,1.00
2017.01.03 11:17:09.892,1.4427,1.44288,1.00,1.00
2017.01.03 11:17:09.996,1.44274,1.44288,1.25,1.00
2017.01.03 11:17:10.049,1.4427,1.44288,1.00,1.00
2017.01.03 11:17:10.151,1.44274,1.44288,1.25,1.50
2017.01.03 11:17:10.202,1.4427,1.44288,1.00,1.00
2017.01.03 11:17:11.201,1.44269,1.44288,1.00,1.50
2017.01.03 11:17:11.353,1.44268,1.44286,1.69,1.00
2017.01.03 11:17:11.695,1.4427,1.44286,1.00,1.00
2017.01.03 11:17:11.965,1.44268,1.44286,1.69,1.50
2017.01.03 11:17:12.579,1.44266,1.44285,1.50,1.00
2017.01.03 11:17:12.731,1.44267,1.44283,1.00,1.00
2017.01.03 11:17:13.136,1.44266,1.44285,1.00,1.00
2017.01.03 11:17:13.902,1.44266,1.44284,1.00,1.00
2017.01.03 11:17:14.412,1.44266,1.44285,1.00,1.50
2017.01.03 11:17:15.148,1.44266,1.44283,1.00,1.00
2017.01.03 11:17:15.818,1.44268,1.44286,1.00,2.62
2017.01.03 11:17:15.869,1.44271,1.44287,1.25,1.12
2017.01.03 11:17:16.376,1.44271,1.44285,1.25,1.00
2017.01.03 11:17:17.456,1.44267,1.44284,1.25,2.25
2017.01.03 11:17:17.609,1.44262,1.44282,1.69,1.87
2017.01.03 11:17:17.712,1.44262,1.4428,1.69,1.00
2017.01.03 11:17:18.016,1.44264,1.44278,1.25,1.00
2017.01.03 11:17:18.413,1.44259,1.44278,1.00,3.37
2017.01.03 11:17:18.515,1.44258,1.44275,1.25,1.50
2017.01.03 11:17:19.021,1.44258,1.44274,1.25,1.00
2017.01.03 11:17:19.895,1.44258,1.44275,1.25,2.25
2017.01.03 11:17:20.532,1.44258,1.44274,1.69,1.00
2017.01.03 11:17:20.634,1.44258,1.44276,1.69,1.50
2017.01.03 11:17:21.143,1.44258,1.44275,1.25,1.50
2017.01.03 11:17:21.804,1.44258,1.44276,1.69,1.00
2017.01.03 11:17:21.855,1.44262,1.44276,1.25,1.00
2017.01.03 11:17:21.906,1.44262,1.44278,1.25,1.87
2017.01.03 11:17:22.254,1.44262,1.44276,1.25,1.50
2017.01.03 11:17:22.558,1.44259,1.44272,1.25,1.50
2017.01.03 11:17:23.226,1.44259,1.44271,1.25,1.00
2017.01.03 11:17:24.004,1.44259,1.44272,1.25,1.00
2017.01.03 11:17:24.511,1.44259,1.44273,1.25,1.00
2017.01.03 11:17:24.839,1.44259,1.44269,1.25,1.00
2017.01.03 11:17:25.041,1.44257,1.44268,1.25,1.00
2017.01.03 11:17:25.193,1.44257,1.44271,1.25,2.25
2017.01.03 11:17:25.396,1.44258,1.44269,1.25,1.50
2017.01.03 11:17:25.700,1.44254,1.44268,1.25,1.00
2017.01.03 11:17:25.903,1.44256,1.44269,1.25,2.25
2017.01.03 11:17:26.110,1.44253,1.44268,1.25,1.00
2017.01.03 11:17:26.213,1.4425,1.44266,1.25,1.12
2017.01.03 11:17:26.265,1.44249,1.44264,1.25,1.12
2017.01.03 11:17:26.570,1.44246,1.44259,1.25,1.50
2017.01.03 11:17:26.975,1.44246,1.44257,1.25,1.00
2017.01.03 11:17:27.128,1.44243,1.44257,1.25,1.00
2017.01.03 11:17:27.417,1.44243,1.44259,1.25,2.25
2017.01.03 11:17:27.468,1.44241,1.44259,1.00,1.50
2017.01.03 11:17:27.570,1.44248,1.44262,1.00,1.37
2017.01.03 11:17:27.621,1.44248,1.44264,1.12,1.00
2017.01.03 11:17:27.722,1.44251,1.44264,1.00,1.00
2017.01.03 11:17:27.773,1.44251,1.44269,1.00,1.00
2017.01.03 11:17:29.157,1.44254,1.44272,1.00,1.25
2017.01.03 11:17:29.208,1.44252,1.44272,1.00,1.69
2017.01.03 11:17:29.310,1.44252,1.44269,1.00,1.00
2017.01.03 11:17:29.462,1.44255,1.44274,1.00,1.50
2017.01.03 11:17:29.614,1.44257,1.44275,1.00,2.25
2017.01.03 11:17:30.127,1.44257,1.44274,1.12,1.00
2017.01.03 11:17:32.235,1.44256,1.44273,1.00,1.00
2017.01.03 11:17:33.530,1.44255,1.44273,1.00,1.50
2017.01.03 11:17:33.845,1.44259,1.44275,1.25,1.50
2017.01.03 11:17:33.947,1.44259,1.44278,3.19,1.00
2017.01.03 11:17:34.099,1.44259,1.44279,3.94,1.50
2017.01.03 11:17:35.240,1.44259,1.44278,2.44,1.00
2017.01.03 11:17:35.392,1.44258,1.44276,1.12,1.00
2017.01.03 11:17:37.147,1.44258,1.44274,1.00,1.00
2017.01.03 11:17:37.888,1.44258,1.44275,1.00,1.00
2017.01.03 11:17:41.596,1.4426,1.44275,1.00,1.00
2017.01.03 11:17:42.051,1.44261,1.44277,1.00,1.00
2017.01.03 11:17:42.667,1.44261,1.44276,1.00,1.00
2017.01.03 11:17:43.102,1.44263,1.44278,1.00,1.00
2017.01.03 11:17:43.643,1.44263,1.44279,1.00,1.00
2017.01.03 11:17:44.181,1.44267,1.44282,1.00,2.25
2017.01.03 11:17:44.383,1.44273,1.44289,1.00,1.12
2017.01.03 11:17:44.434,1.44276,1.44292,1.00,1.50
2017.01.03 11:17:44.486,1.44277,1.44295,1.00,1.69
2017.01.03 11:17:44.638,1.44275,1.44292,1.00,1.00
2017.01.03 11:17:45.148,1.44276,1.44292,1.00,1.00
2017.01.03 11:17:45.658,1.44276,1.44293,1.00,1.00
2017.01.03 11:17:45.984,1.44275,1.4429,1.00,1.00
2017.01.03 11:17:46.035,1.44275,1.44292,1.00,1.00
2017.01.03 11:17:46.086,1.44277,1.44292,1.00,1.00
2017.01.03 11:17:46.188,1.44276,1.44294,1.00,2.44
2017.01.03 11:17:46.340,1.44277,1.44292,1.00,1.00
2017.01.03 11:17:46.391,1.44275,1.44292,1.00,1.00
2017.01.03 11:17:47.021,1.44275,1.4429,1.00,1.00
2017.01.03 11:17:47.100,1.44272,1.4429,1.00,1.50
2017.01.03 11:17:47.608,1.44272,1.44291,1.00,1.69
2017.01.03 11:17:47.660,1.44272,1.44289,1.69,1.00
2017.01.03 11:17:48.195,1.44272,1.4429,1.69,1.00
2017.01.03 11:17:48.558,1.44272,1.44288,1.69,1.00
2017.01.03 11:17:50.203,1.44272,1.44287,1.25,1.00
2017.01.03 11:17:50.359,1.44269,1.44287,1.00,1.50
2017.01.03 11:17:50.410,1.44267,1.44283,1.25,1.00
2017.01.03 11:17:50.511,1.44267,1.44285,1.25,1.00
2017.01.03 11:17:50.563,1.44268,1.44283,1.00,1.00
2017.01.03 11:17:51.073,1.44267,1.44283,1.25,1.00
2017.01.03 11:17:51.377,1.44267,1.44281,1.25,1.00
2017.01.03 11:17:51.734,1.44267,1.44283,1.25,1.50
2017.01.03 11:17:52.839,1.44266,1.44283,1.00,1.00
2017.01.03 11:17:52.890,1.44264,1.44283,1.00,1.00
2017.01.03 11:17:52.992,1.44264,1.44281,1.00,1.00
2017.01.03 11:17:53.535,1.44265,1.44282,1.00,1.00
2017.01.03 11:17:54.260,1.44267,1.44282,1.00,1.00
2017.01.03 11:17:54.513,1.44265,1.44282,1.00,1.00
2017.01.03 11:17:55.022,1.44265,1.44279,1.00,1.00
2017.01.03 11:17:55.545,1.44264,1.4428,1.00,1.00
2017.01.03 11:17:56.505,1.44264,1.44281,1.00,1.00
2017.01.03 11:17:59.291,1.44262,1.44281,1.69,1.00
2017.01.03 11:17:59.342,1.44262,1.44279,1.69,1.00
2017.01.03 11:17:59.798,1.44266,1.44279,1.25,1.50
2017.01.03 11:17:59.899,1.44266,1.44281,1.69,1.00
2017.01.03 11:18:00.001,1.44266,1.44283,1.69,1.50
2017.01.03 11:18:00.124,1.44264,1.44283,1.00,1.50
2017.01.03 11:18:00.175,1.44265,1.4428,1.00,1.00
2017.01.03 11:18:00.327,1.44264,1.44282,1.00,3.00
2017.01.03 11:18:00.559,1.44264,1.4428,1.00,1.00
2017.01.03 11:18:00.610,1.44264,1.44282,1.00,2.25
2017.01.03 11:18:00.712,1.44266,1.44282,1.00,1.50
2017.01.03 11:18:01.220,1.44266,1.44281,1.00,1.00
2017.01.03 11:18:01.473,1.44267,1.44284,1.00,3.00
2017.01.03 11:18:01.574,1.44269,1.44284,1.00,1.50
2017.01.03 11:18:01.828,1.44269,1.44286,1.00,3.00
2017.01.03 11:18:01.878,1.44271,1.44286,1.00,3.00
2017.01.03 11:18:02.415,1.44268,1.44285,1.00,1.50
2017.01.03 11:18:02.466,1.44267,1.44282,1.00,1.00
2017.01.03 11:18:02.517,1.44267,1.44285,1.00,3.37
2017.01.03 11:18:02.973,1.44266,1.44283,1.00,1.00
2017.01.03 11:18:03.558,1.44265,1.44282,1.00,1.00
2017.01.03 11:18:04.149,1.44266,1.44283,1.00,1.00
2017.01.03 11:18:04.692,1.44268,1.44284,1.00,1.00
2017.01.03 11:18:04.845,1.44272,1.4429,1.50,1.00
2017.01.03 11:18:04.895,1.44274,1.4429,1.00,1.00
2017.01.03 11:18:05.199,1.44277,1.44293,1.00,2.25
2017.01.03 11:18:05.507,1.44277,1.44291,1.00,1.00
2017.01.03 11:18:06.484,1.44279,1.44291,1.00,1.00
2017.01.03 11:18:07.708,1.4428,1.44295,1.00,1.00
2017.01.03 11:18:07.862,1.44278,1.44294,1.00,1.50
2017.01.03 11:18:08.117,1.44278,1.44292,1.00,1.00
2017.01.03 11:18:08.627,1.44279,1.44292,1.00,1.00
2017.01.03 11:18:09.480,1.4428,1.44292,1.00,1.00
2017.01.03 11:18:09.531,1.44278,1.44292,1.00,1.00
2017.01.03 11:18:10.050,1.44277,1.44292,1.00,1.00
2017.01.03 11:18:10.556,1.44277,1.44293,1.00,1.00
2017.01.03 11:18:10.852,1.44277,1.44291,1.00,1.00
2017.01.03 11:18:11.578,1.44276,1.44291,1.00,1.00
2017.01.03 11:18:11.866,1.4427,1.44287,1.25,1.12
2017.01.03 11:18:11.917,1.44266,1.44286,1.50,2.62
2017.01.03 11:18:11.968,1.44266,1.44282,1.00,1.00
2017.01.03 11:18:12.073,1.44264,1.44282,1.00,1.12
2017.01.03 11:18:12.124,1.44263,1.44277,1.00,1.00
2017.01.03 11:18:12.276,1.44263,1.4428,1.00,1.12
2017.01.03 11:18:12.782,1.44263,1.44276,1.00,1.00
2017.01.03 11:18:12.900,1.44263,1.44278,1.00,1.00
2017.01.03 11:18:13.487,1.44263,1.44279,1.00,1.00
2017.01.03 11:18:14.031,1.44263,1.44278,1.00,1.00
2017.01.03 11:18:15.184,1.44263,1.44279,1.00,1.00
2017.01.03 11:18:15.779,1.44263,1.44282,1.00,2.44
2017.01.03 11:18:15.982,1.44263,1.44279,1.00,1.00
2017.01.03 11:18:16.680,1.44262,1.4428,1.00,1.00
2017.01.03 11:18:16.984,1.44265,1.4428,1.00,1.00
2017.01.03 11:18:17.327,1.44264,1.44278,1.00,1.00
2017.01.03 11:18:18.031,1.44263,1.44278,1.00,1.00
2017.01.03 11:18:18.183,1.44261,1.44277,1.00,1.00
2017.01.03 11:18:18.709,1.44262,1.44277,1.00,1.00
2017.01.03 11:18:18.810,1.44262,1.44279,1.00,1.50
2017.01.03 11:18:19.912,1.44262,1.44278,1.50,1.00
2017.01.03 11:18:20.065,1.44264,1.44278,1.00,1.00
2017.01.03 11:18:20.117,1.44264,1.44281,1.00,1.00
2017.01.03 11:18:20.168,1.4426,1.44276,1.00,1.19
2017.01.03 11:18:20.270,1.44256,1.44273,1.12,1.69
2017.01.03 11:18:20.321,1.44256,1.44271,1.00,1.37
2017.01.03 11:18:20.794,1.4425,1.44268,2.25,1.00
2017.01.03 11:18:20.845,1.44249,1.44267,1.00,1.00
2017.01.03 11:18:21.048,1.44248,1.44265,1.00,1.00
2017.01.03 11:18:21.302,1.44244,1.44263,1.69,2.62
2017.01.03 11:18:21.452,1.44246,1.44263,1.69,1.50
2017.01.03 11:18:21.554,1.44247,1.44265,1.00,3.75
2017.01.03 11:18:21.756,1.44247,1.44262,1.00,1.00
2017.01.03 11:18:22.266,1.44248,1.44262,1.00,1.00
2017.01.03 11:18:22.389,1.44246,1.44262,1.00,1.00
2017.01.03 11:18:22.492,1.44244,1.44262,1.25,1.00
2017.01.03 11:18:22.543,1.44245,1.44259,1.00,1.00
2017.01.03 11:18:22.594,1.44243,1.44259,1.00,1.00
2017.01.03 11:18:22.645,1.44241,1.4426,1.00,1.00
2017.01.03 11:18:22.697,1.44241,1.44257,1.00,1.00
2017.01.03 11:18:22.950,1.44243,1.4426,1.00,1.00
2017.01.03 11:18:23.102,1.44245,1.44259,1.69,1.00
2017.01.03 11:18:23.154,1.44246,1.44261,1.00,1.00
2017.01.03 11:18:23.676,1.44246,1.44263,1.00,1.00
2017.01.03 11:18:24.229,1.44246,1.44262,1.00,1.00
2017.01.03 11:18:24.584,1.44247,1.4426,1.00,1.00
2017.01.03 11:18:24.685,1.44245,1.44262,1.25,1.00
2017.01.03 11:18:24.838,1.44248,1.44262,1.25,1.00
2017.01.03 11:18:25.041,1.44248,1.44264,1.25,1.00
2017.01.03 11:18:25.550,1.44249,1.44263,1.00,1.00
2017.01.03 11:18:26.303,1.44249,1.44264,1.00,1.00
2017.01.03 11:18:26.505,1.4425,1.44266,1.00,1.00
2017.01.03 11:18:27.418,1.44251,1.44266,1.69,1.00
2017.01.03 11:18:27.469,1.44252,1.44268,1.00,1.00
2017.01.03 11:18:27.676,1.44254,1.44268,1.00,1.00
2017.01.03 11:18:27.828,1.44255,1.4427,1.00,1.00
2017.01.03 11:18:28.335,1.44254,1.4427,1.50,1.00
2017.01.03 11:18:28.639,1.44256,1.44271,1.00,1.00
2017.01.03 11:18:28.943,1.44258,1.44271,1.00,1.00
2017.01.03 11:18:29.832,1.44259,1.44271,1.00,1.00
2017.01.03 11:18:29.984,1.44261,1.44275,1.00,1.00
2017.01.03 11:18:30.035,1.44263,1.44277,1.25,1.00
2017.01.03 11:18:30.087,1.44264,1.44279,1.00,1.00
2017.01.03 11:18:30.240,1.44266,1.44282,1.00,1.50
2017.01.03 11:18:30.646,1.44266,1.44279,1.00,1.00
2017.01.03 11:18:31.057,1.44264,1.44279,1.00,1.00
2017.01.03 11:18:31.712,1.44264,1.4428,1.00,1.00
2017.01.03 11:18:32.222,1.44264,1.44279,1.00,1.00
2017.01.03 11:18:32.750,1.44265,1.44279,1.00,1.00
2017.01.03 11:18:33.322,1.44264,1.44279,1.00,1.00
2017.01.03 11:18:33.424,1.44262,1.44276,1.00,1.00
2017.01.03 11:18:33.477,1.44258,1.44273,1.50,1.00
2017.01.03 11:18:33.578,1.44257,1.44275,1.00,3.00
2017.01.03 11:18:34.088,1.44257,1.44274,1.00,1.50
2017.01.03 11:18:34.674,1.44257,1.44273,1.00,1.00
2017.01.03 11:18:35.106,1.44259,1.44273,1.00,1.00
2017.01.03 11:18:35.567,1.44258,1.44271,1.00,1.00
2017.01.03 11:18:36.425,1.44256,1.44271,1.00,1.00
2017.01.03 11:18:36.813,1.44258,1.44271,1.00,1.00
2017.01.03 11:18:37.340,1.44257,1.44271,1.00,1.00
2017.01.03 11:18:38.144,1.44265,1.44276,1.00,1.00
2017.01.03 11:18:38.296,1.44267,1.44282,1.00,1.50
2017.01.03 11:18:38.347,1.4427,1.44286,1.00,1.37
2017.01.03 11:18:38.442,1.4427,1.44286,1.00,1.50
2017.01.03 11:18:38.493,1.44262,1.44276,1.37,1.00
2017.01.03 11:18:38.544,1.44261,1.44279,1.87,3.37
2017.01.03 11:18:38.595,1.44261,1.44274,1.00,1.00
2017.01.03 11:18:38.646,1.44257,1.44274,1.12,2.25
2017.01.03 11:18:38.697,1.44257,1.44268,1.00,1.00
2017.01.03 11:18:38.748,1.44257,1.4427,1.00,1.00
2017.01.03 11:18:38.799,1.44257,1.44273,1.00,1.00
2017.01.03 11:18:38.901,1.44255,1.44273,1.00,1.00
2017.01.03 11:18:38.952,1.44256,1.4427,1.00,1.00
2017.01.03 11:18:39.054,1.44254,1.44271,1.00,1.00
2017.01.03 11:18:39.156,1.44254,1.44269,1.00,1.00
2017.01.03 11:18:39.309,1.44246,1.44262,1.00,1.00
2017.01.03 11:18:39.360,1.44248,1.44265,1.00,1.62
2017.01.03 11:18:39.411,1.44244,1.44262,1.00,1.12
2017.01.03 11:18:39.608,1.44247,1.44261,1.00,1.12
2017.01.03 11:18:39.760,1.4425,1.44267,1.00,3.19
2017.01.03 11:18:39.928,1.44248,1.44267,1.00,2.06
2017.01.03 11:18:40.284,1.44248,1.44264,1.00,1.00
2017.01.03 11:18:40.799,1.44249,1.44264,1.00,1.00
2017.01.03 11:18:41.265,1.44246,1.44263,1.00,2.25
2017.01.03 11:18:41.367,1.44244,1.44261,1.00,1.00
2017.01.03 11:18:41.419,1.4424,1.44258,1.00,1.00
2017.01.03 11:18:41.521,1.44241,1.44255,1.00,1.00
2017.01.03 11:18:41.674,1.44239,1.44257,1.00,4.50
2017.01.03 11:18:41.725,1.44242,1.44257,1.00,2.25
2017.01.03 11:18:42.349,1.44242,1.44256,1.25,1.00
2017.01.03 11:18:42.552,1.4424,1.44256,1.00,1.00
2017.01.03 11:18:42.654,1.44238,1.44255,1.00,1.00
2017.01.03 11:18:42.755,1.44236,1.44255,1.69,1.87
2017.01.03 11:18:42.806,1.44236,1.44251,1.69,1.00
2017.01.03 11:18:43.111,1.44239,1.44253,1.00,1.12
2017.01.03 11:18:43.404,1.44237,1.44253,1.00,1.12
2017.01.03 11:18:43.607,1.44241,1.44255,1.00,1.87
2017.01.03 11:18:43.791,1.44241,1.44256,1.00,1.00
2017.01.03 11:18:43.842,1.44241,1.44258,1.00,1.00
2017.01.03 11:18:43.893,1.44243,1.44257,1.00,1.00
2017.01.03 11:18:44.249,1.44241,1.44257,1.50,1.00
2017.01.03 11:18:44.694,1.44241,1.44255,1.50,1.00
2017.01.03 11:18:45.139,1.44243,1.44258,1.00,1.00
2017.01.03 11:18:45.548,1.4424,1.44256,1.00,1.00
2017.01.03 11:18:45.690,1.44238,1.44254,1.00,1.50
2017.01.03 11:18:46.205,1.44241,1.44255,1.00,1.00
2017.01.03 11:18:46.307,1.44242,1.44257,1.00,1.50
2017.01.03 11:18:46.560,1.4424,1.44257,1.00,3.19
2017.01.03 11:18:46.806,1.4424,1.44255,1.00,1.00
2017.01.03 11:18:47.350,1.4424,1.44254,1.00,1.50
2017.01.03 11:18:47.518,1.4424,1.44256,1.00,1.00
2017.01.03 11:18:48.044,1.44241,1.44255,1.00,1.00
2017.01.03 11:18:48.457,1.44241,1.44257,1.00,1.50
2017.01.03 11:18:48.609,1.44239,1.44257,1.50,1.50
2017.01.03 11:18:48.660,1.44239,1.44255,1.00,1.00
2017.01.03 11:18:48.863,1.44237,1.44255,1.00,1.50
2017.01.03 11:18:49.066,1.44236,1.44252,1.50,1.00
2017.01.03 11:18:49.570,1.44236,1.44251,1.00,1.00
2017.01.03 11:18:49.672,1.44237,1.44253,1.00,1.00
2017.01.03 11:18:49.824,1.44234,1.44252,1.69,1.50
2017.01.03 11:18:49.992,1.44233,1.44249,1.00,1.50
2017.01.03 11:18:50.195,1.44234,1.44251,1.69,1.50
2017.01.03 11:18:50.397,1.44236,1.4425,1.00,1.00
2017.01.03 11:18:50.499,1.44234,1.44251,1.00,1.00
2017.01.03 11:18:50.551,1.44235,1.4425,1.00,1.69
2017.01.03 11:18:50.653,1.4423,1.44249,1.00,1.69
2017.01.03 11:18:50.704,1.4423,1.44245,1.00,1.00
2017.01.03 11:18:51.206,1.4423,1.44246,1.00,1.00
2017.01.03 11:18:51.512,1.44229,1.44244,1.00,1.00
2017.01.03 11:18:51.816,1.44233,1.44246,1.00,1.00
2017.01.03 11:18:51.918,1.44233,1.44249,1.00,1.00
2017.01.03 11:18:52.074,1.44231,1.44248,1.12,1.00
2017.01.03 11:18:52.175,1.44233,1.44247,1.00,1.00
2017.01.03 11:18:52.227,1.44236,1.44253,1.00,1.00
2017.01.03 11:18:52.280,1.44241,1.44252,1.00,1.12
2017.01.03 11:18:52.382,1.44242,1.44256,1.00,1.50
2017.01.03 11:18:52.715,1.4424,1.44257,1.00,1.00
2017.01.03 11:18:52.766,1.44238,1.44255,1.00,1.00
2017.01.03 11:18:52.919,1.44235,1.44254,1.00,1.12
2017.01.03 11:18:52.970,1.44235,1.4425,1.00,1.00
2017.01.03 11:18:53.277,1.44238,1.44254,1.00,1.00
2017.01.03 11:18:53.430,1.4424,1.44256,1.00,1.00
2017.01.03 11:18:53.977,1.4424,1.44254,1.00,1.00
2017.01.03 11:18:54.231,1.44237,1.44253,1.00,1.00
2017.01.03 11:18:54.282,1.44237,1.44251,1.00,1.00
2017.01.03 11:18:54.822,1.44239,1.44253,1.00,1.00
2017.01.03 11:18:55.338,1.4424,1.44252,1.00,1.00
2017.01.03 11:18:55.937,1.44237,1.44251,1.00,1.00
2017.01.03 11:18:56.466,1.44238,1.44252,1.00,1.00
2017.01.03 11:18:56.720,1.44235,1.44251,1.00,1.00
2017.01.03 11:18:56.973,1.44233,1.4425,1.00,1.50
2017.01.03 11:18:57.125,1.44233,1.44247,1.00,1.00
2017.01.03 11:18:57.768,1.44232,1.44247,1.69,1.00
2017.01.03 11:18:58.104,1.44234,1.44249,1.00,1.00
2017.01.03 11:18:58.609,1.44234,1.44248,1.00,1.00
2017.01.03 11:18:58.979,1.44234,1.4425,1.00,1.00
2017.01.03 11:19:00.290,1.44235,1.44251,1.00,1.00
2017.01.03 11:19:01.969,1.44236,1.44251,1.00,1.00
2017.01.03 11:19:02.223,1.44239,1.44254,1.00,1.69
2017.01.03 11:19:02.577,1.44239,1.44255,1.00,1.00
2017.01.03 11:19:03.114,1.44241,1.44256,1.00,1.31
2017.01.03 11:19:03.656,1.44242,1.44256,1.00,1.31
2017.01.03 11:19:03.967,1.44237,1.44254,1.00,1.56
2017.01.03 11:19:04.018,1.44235,1.44252,1.00,1.56
2017.01.03 11:19:04.171,1.44233,1.44251,1.00,1.62
2017.01.03 11:19:04.272,1.44233,1.4425,1.00,1.00
2017.01.03 11:19:04.778,1.44233,1.44249,1.00,1.00
2017.01.03 11:19:04.930,1.44235,1.4425,1.00,1.00
2017.01.03 11:19:05.082,1.44236,1.44252,1.00,1.50
2017.01.03 11:19:05.244,1.4424,1.44255,1.00,1.56
2017.01.03 11:19:05.296,1.4424,1.44255,1.00,1.56
2017.01.03 11:19:05.820,1.44239,1.44255,1.00,1.19
2017.01.03 11:19:06.329,1.44238,1.44254,1.00,1.25
2017.01.03 11:19:08.560,1.44238,1.44253,1.00,1.00
2017.01.03 11:19:08.611,1.44236,1.44253,1.00,1.00
2017.01.03 11:19:08.662,1.44238,1.44253,1.00,1.00
2017.01.03 11:19:08.713,1.44238,1.44255,1.00,1.00
2017.01.03 11:19:08.815,1.4424,1.44255,1.00,1.00
2017.01.03 11:19:09.421,1.44241,1.44256,1.00,1.25
2017.01.03 11:19:09.588,1.44239,1.44256,1.00,1.25
2017.01.03 11:19:10.302,1.44239,1.44256,1.00,1.62
2017.01.03 11:19:11.056,1.44239,1.44255,1.00,2.06
2017.01.03 11:19:11.107,1.44238,1.44255,1.00,2.06
2017.01.03 11:19:11.159,1.44238,1.44255,1.00,2.44
2017.01.03 11:19:11.210,1.44236,1.44255,1.00,1.69
2017.01.03 11:19:11.312,1.44239,1.44255,1.00,1.00
2017.01.03 11:19:11.785,1.44239,1.44253,1.00,1.00
2017.01.03 11:19:11.837,1.44237,1.44253,1.00,1.00
2017.01.03 11:19:11.990,1.44241,1.44256,1.00,1.00
2017.01.03 11:19:12.092,1.44242,1.44259,1.00,1.69
2017.01.03 11:19:12.143,1.44238,1.44257,1.12,1.00
2017.01.03 11:19:12.447,1.44239,1.44253,1.00,1.00
2017.01.03 11:19:12.521,1.44239,1.44255,1.00,1.00
2017.01.03 11:19:12.751,1.44244,1.4426,1.00,3.56
2017.01.03 11:19:12.852,1.44246,1.44262,1.00,1.00
2017.01.03 11:19:13.117,1.44246,1.4426,1.00,1.00
2017.01.03 11:19:13.273,1.44243,1.4426,1.00,1.00
2017.01.03 11:19:13.376,1.44245,1.44259,1.00,1.00
2017.01.03 11:19:13.529,1.44248,1.44263,1.00,1.00
2017.01.03 11:19:14.086,1.44248,1.44262,1.00,1.00
2017.01.03 11:19:14.310,1.44246,1.44262,1.00,1.00
2017.01.03 11:19:15.311,1.44246,1.44263,1.00,1.00
2017.01.03 11:19:15.524,1.44246,1.44261,1.00,1.00
2017.01.03 11:19:15.649,1.44247,1.44263,1.00,1.00
2017.01.03 11:19:16.269,1.44247,1.44262,1.00,1.00
2017.01.03 11:19:16.743,1.44245,1.4426,1.00,1.69
2017.01.03 11:19:16.796,1.44243,1.4426,1.00,1.69
2017.01.03 11:19:16.847,1.44243,1.44258,1.00,1.00
2017.01.03 11:19:17.252,1.44244,1.4426,1.00,1.00
2017.01.03 11:19:17.778,1.44244,1.44259,1.00,1.00
2017.01.03 11:19:18.314,1.44243,1.44259,1.00,1.00
2017.01.03 11:19:18.875,1.44243,1.4426,1.00,1.00
2017.01.03 11:19:19.381,1.44246,1.4426,1.00,1.00
2017.01.03 11:19:19.697,1.44243,1.44259,1.00,1.25
2017.01.03 11:19:20.002,1.44246,1.44261,1.00,1.50
2017.01.03 11:19:20.104,1.44248,1.44264,1.00,1.00
2017.01.03 11:19:20.155,1.4425,1.44265,1.00,1.00
2017.01.03 11:19:20.657,1.44248,1.44265,1.00,1.00
2017.01.03 11:19:20.759,1.4425,1.44265,1.00,1.00
2017.01.03 11:19:21.215,1.44252,1.44267,1.00,1.00
2017.01.03 11:19:21.519,1.44254,1.44272,1.00,1.50
2017.01.03 11:19:21.570,1.44252,1.44269,1.00,1.50
2017.01.03 11:19:21.874,1.44254,1.4427,1.00,1.00
2017.01.03 11:19:22.520,1.44254,1.44269,1.00,1.00
2017.01.03 11:19:22.826,1.44254,1.44271,1.50,1.00
2017.01.03 11:19:22.877,1.44256,1.44272,1.00,1.00
2017.01.03 11:19:23.181,1.4426,1.44273,1.00,1.00
2017.01.03 11:19:23.435,1.44262,1.44276,1.00,1.00
2017.01.03 11:19:23.486,1.44264,1.44276,1.00,1.00
2017.01.03 11:19:23.537,1.44264,1.44278,1.00,1.50
2017.01.03 11:19:24.008,1.44265,1.44281,1.00,1.00
2017.01.03 11:19:24.110,1.44267,1.44282,1.00,1.00
2017.01.03 11:19:25.075,1.44268,1.44281,1.00,1.00
2017.01.03 11:19:25.384,1.44269,1.44284,1.00,1.00
2017.01.03 11:19:25.436,1.44272,1.44288,1.25,1.50
2017.01.03 11:19:25.639,1.44274,1.44289,1.25,1.00
2017.01.03 11:19:26.369,1.44276,1.44289,1.00,1.00
2017.01.03 11:19:26.522,1.44276,1.44292,1.00,1.50
2017.01.03 11:19:26.791,1.44278,1.44292,1.00,1.50
2017.01.03 11:19:27.107,1.44276,1.4429,1.00,1.00
2017.01.03 11:19:27.210,1.44272,1.44288,1.00,1.00
2017.01.03 11:19:27.312,1.44274,1.44288,1.00,1.00
2017.01.03 11:19:27.616,1.44277,1.44291,1.00,1.00
2017.01.03 11:19:27.667,1.44277,1.44293,1.00,1.50
2017.01.03 11:19:28.123,1.44276,1.44291,1.00,1.00
2017.01.03 11:19:28.462,1.44278,1.44293,1.00,1.00
2017.01.03 11:19:30.715,1.44278,1.44292,1.00,1.00
2017.01.03 11:19:31.239,1.44278,1.44294,1.00,1.50
2017.01.03 11:19:31.543,1.44277,1.44293,1.00,1.50
2017.01.03 11:19:32.049,1.44278,1.44294,1.00,1.75
2017.01.03 11:19:32.696,1.44273,1.4429,1.00,1.00
2017.01.03 11:19:32.747,1.4427,1.44287,1.00,1.00
2017.01.03 11:19:33.051,1.44268,1.44284,1.00,2.06
2017.01.03 11:19:33.204,1.4427,1.44284,1.00,1.50
2017.01.03 11:19:33.305,1.44272,1.44288,1.00,1.87
2017.01.03 11:19:33.457,1.44275,1.44289,1.00,1.00
2017.01.03 11:19:33.660,1.44275,1.44293,1.00,1.00
2017.01.03 11:19:33.808,1.44277,1.44291,1.00,1.00
2017.01.03 11:19:34.215,1.44279,1.44293,1.00,1.00
2017.01.03 11:19:34.368,1.44276,1.44292,1.00,1.00
2017.01.03 11:19:34.571,1.44278,1.44292,1.00,1.00
2017.01.03 11:19:35.770,1.44277,1.44292,1.00,1.00
2017.01.03 11:19:35.973,1.44276,1.44294,1.00,1.87
2017.01.03 11:19:36.075,1.44279,1.44293,1.00,1.00
2017.01.03 11:19:36.227,1.44276,1.44291,1.00,1.00
2017.01.03 11:19:36.328,1.44278,1.44291,1.00,1.00
2017.01.03 11:19:36.430,1.44276,1.44291,1.00,1.00
2017.01.03 11:19:36.936,1.44276,1.4429,1.00,1.12
2017.01.03 11:19:37.594,1.44275,1.4429,1.00,1.50
2017.01.03 11:19:37.645,1.44277,1.4429,1.00,1.00
2017.01.03 11:19:37.849,1.44276,1.44292,1.25,1.00
2017.01.03 11:19:38.052,1.44275,1.44289,1.69,1.00
2017.01.03 11:19:38.572,1.44274,1.44287,1.25,1.00
2017.01.03 11:19:38.876,1.44272,1.44286,1.69,1.00
2017.01.03 11:19:39.412,1.44272,1.44287,1.69,1.00
2017.01.03 11:19:39.892,1.44274,1.44287,1.25,1.00
2017.01.03 11:19:40.446,1.44274,1.44286,1.25,1.00
2017.01.03 11:19:40.630,1.44274,1.44288,1.25,1.50
2017.01.03 11:19:41.193,1.4427,1.44287,1.00,1.00
2017.01.03 11:19:41.294,1.44269,1.44282,1.00,1.75
2017.01.03 11:19:41.345,1.44267,1.44282,1.69,1.75
2017.01.03 11:19:41.557,1.44262,1.44278,1.69,1.00
2017.01.03 11:19:41.659,1.44264,1.44278,1.00,1.00
2017.01.03 11:19:41.861,1.44262,1.44277,1.25,1.00
2017.01.03 11:19:45.043,1.44262,1.44276,1.25,1.50
2017.01.03 11:19:45.398,1.44262,1.44274,1.25,1.00
2017.01.03 11:19:45.500,1.44262,1.44276,1.25,1.00
2017.01.03 11:19:46.125,1.44262,1.44275,1.25,1.00
2017.01.03 11:19:46.583,1.44259,1.44274,1.69,1.50
2017.01.03 11:19:46.786,1.44261,1.44274,1.25,1.50
2017.01.03 11:19:46.837,1.44259,1.44274,1.69,1.50
2017.01.03 11:19:48.734,1.44259,1.44276,1.69,1.50
2017.01.03 11:19:49.321,1.44262,1.44277,1.69,1.00
2017.01.03 11:19:49.835,1.44262,1.44278,1.19,1.50
2017.01.03 11:19:50.338,1.44262,1.44277,1.19,1.00
2017.01.03 11:19:50.700,1.44266,1.44278,1.19,1.00
2017.01.03 11:19:51.361,1.44263,1.44278,1.00,1.00
2017.01.03 11:19:51.868,1.44264,1.44279,1.00,1.00
2017.01.03 11:19:52.073,1.44266,1.44281,1.00,1.00
2017.01.03 11:19:52.175,1.44257,1.44275,1.00,1.50
2017.01.03 11:19:52.226,1.44253,1.44273,2.25,2.06
2017.01.03 11:19:52.277,1.44255,1.44267,1.00,1.00
2017.01.03 11:19:52.328,1.44253,1.44267,1.00,1.12
2017.01.03 11:19:53.212,1.44255,1.4427,1.00,3.00
2017.01.03 11:19:53.491,1.44255,1.4427,1.00,1.12
2017.01.03 11:19:56.106,1.44253,1.4427,1.00,1.50
2017.01.03 11:19:56.410,1.44258,1.44274,1.00,1.87
2017.01.03 11:19:56.528,1.44255,1.44272,1.00,1.50
2017.01.03 11:19:56.630,1.44253,1.4427,1.00,3.00
2017.01.03 11:19:56.981,1.44251,1.44268,1.69,1.00
2017.01.03 11:19:57.598,1.44252,1.44268,1.00,1.50
2017.01.03 11:19:58.656,1.44252,1.44267,1.00,1.00
2017.01.03 11:19:59.844,1.44252,1.44268,1.00,3.75
2017.01.03 11:20:00.402,1.44251,1.44266,1.25,1.87
2017.01.03 11:20:00.708,1.4425,1.44263,1.00,1.37
2017.01.03 11:20:00.759,1.44247,1.44262,1.00,2.25
2017.01.03 11:20:01.408,1.44246,1.4426,1.69,1.00
2017.01.03 11:20:01.894,1.4425,1.44261,1.00,1.12
2017.01.03 11:20:01.945,1.44247,1.44261,1.00,1.12
2017.01.03 11:20:02.047,1.44246,1.4426,1.69,1.37
2017.01.03 11:20:02.352,1.44248,1.44263,1.00,1.50
2017.01.03 11:20:02.743,1.4425,1.44264,1.00,1.12
2017.01.03 11:20:03.047,1.44246,1.44254,1.12,1.00
2017.01.03 11:20:03.165,1.44241,1.44256,1.50,1.50
2017.01.03 11:20:03.317,1.44241,1.44259,2.25,1.00
2017.01.03 11:20:03.824,1.44244,1.44262,2.06,1.87
2017.01.03 11:20:03.976,1.44244,1.44259,1.56,1.00
2017.01.03 11:20:04.331,1.44244,1.44257,1.56,1.00
2017.01.03 11:20:04.901,1.44244,1.44257,1.56,1.00
2017.01.03 11:20:05.432,1.44244,1.44257,1.56,1.00
2017.01.03 11:20:05.939,1.44244,1.44257,1.56,1.00
2017.01.03 11:20:06.506,1.44241,1.44257,3.00,1.00
2017.01.03 11:20:06.557,1.44241,1.44259,3.00,2.25
2017.01.03 11:20:06.608,1.44241,1.44256,3.00,1.00
2017.01.03 11:20:06.913,1.44239,1.44249,2.25,1.00
2017.01.03 11:20:07.187,1.44231,1.44247,1.25,1.00
2017.01.03 11:20:07.290,1.44237,1.44247,2.25,1.50
2017.01.03 11:20:07.341,1.44233,1.44245,1.00,1.00
2017.01.03 11:20:07.393,1.44241,1.44245,1.00,1.00
2017.01.03 11:20:07.444,1.44232,1.44244,1.00,1.00
2017.01.03 11:20:07.495,1.44228,1.44247,1.00,1.00
2017.01.03 11:20:07.546,1.44227,1.44244,1.69,1.00
2017.01.03 11:20:07.749,1.44223,1.44242,1.69,1.00
2017.01.03 11:20:07.851,1.44222,1.44239,2.06,1.00
2017.01.03 11:20:08.126,1.44218,1.44237,1.69,1.00
2017.01.03 11:20:08.319,1.44225,1.44239,1.25,1.12
2017.01.03 11:20:08.370,1.44225,1.44241,1.69,1.00
2017.01.03 11:20:08.421,1.44225,1.44244,1.69,1.50
2017.01.03 11:20:09.356,1.44226,1.44243,1.00,1.00
2017.01.03 11:20:09.458,1.44225,1.44241,1.25,1.00
2017.01.03 11:20:10.389,1.44225,1.44242,1.25,1.00
2017.01.03 11:20:11.379,1.44225,1.44239,1.25,1.00
2017.01.03 11:20:11.683,1.44225,1.44233,1.25,1.00
2017.01.03 11:20:12.191,1.44225,1.44234,1.25,1.00
2017.01.03 11:20:12.736,1.44225,1.44235,1.25,1.00
2017.01.03 11:20:12.939,1.44226,1.44238,1.19,1.00
2017.01.03 11:20:12.990,1.44226,1.44236,1.19,1.00
2017.01.03 11:20:13.041,1.44224,1.44238,1.25,1.00
2017.01.03 11:20:13.345,1.4422,1.44234,1.25,1.00
2017.01.03 11:20:13.447,1.44216,1.44235,1.12,1.50
2017.01.03 11:20:13.498,1.44214,1.44233,1.69,1.00
2017.01.03 11:20:13.852,1.44217,1.44236,1.00,1.00
2017.01.03 11:20:14.157,1.44219,1.44235,1.00,1.00
2017.01.03 11:20:14.462,1.44226,1.4424,1.00,1.00
2017.01.03 11:20:14.665,1.44227,1.44242,1.00,1.00
2017.01.03 11:20:14.868,1.44228,1.44244,1.00,1.00
2017.01.03 11:20:15.356,1.44228,1.44242,1.00,1.00
2017.01.03 11:20:15.558,1.44225,1.44241,1.25,1.00
2017.01.03 11:20:15.711,1.44224,1.44239,1.69,1.00
2017.01.03 11:20:15.863,1.44225,1.44241,1.25,1.00
2017.01.03 11:20:15.964,1.44228,1.44241,1.00,1.00
2017.01.03 11:20:16.015,1.44229,1.44244,1.69,1.50
2017.01.03 11:20:16.067,1.44231,1.44244,1.00,1.00
2017.01.03 11:20:16.118,1.44231,1.44246,1.00,1.00
2017.01.03 11:20:16.738,1.44229,1.44245,1.69,1.12
2017.01.03 11:20:16.840,1.44225,1.44242,1.69,1.00
2017.01.03 11:20:17.145,1.4423,1.44243,1.00,1.50
2017.01.03 11:20:17.196,1.44233,1.44245,1.00,1.00
2017.01.03 11:20:17.298,1.44235,1.44246,1.00,1.37
2017.01.03 11:20:17.349,1.4423,1.44246,1.00,1.37
2017.01.03 11:20:17.400,1.44232,1.44246,1.00,1.12
2017.01.03 11:20:17.552,1.44225,1.44241,1.12,1.37
2017.01.03 11:20:17.654,1.44222,1.44238,1.12,1.00
2017.01.03 11:20:18.032,1.44223,1.4424,1.00,2.25
2017.01.03 11:20:18.538,1.44223,1.44239,1.00,1.00
2017.01.03 11:20:19.450,1.44228,1.44242,1.00,1.50
2017.01.03 11:20:19.551,1.44225,1.44242,1.12,1.50
2017.01.03 11:20:19.748,1.44223,1.4424,1.00,1.00
2017.01.03 11:20:20.203,1.4423,1.44242,1.00,1.87
2017.01.03 11:20:20.254,1.44228,1.44242,1.00,1.87
2017.01.03 11:20:20.305,1.44224,1.44242,1.22,1.50
2017.01.03 11:20:20.407,1.44224,1.44242,1.00,1.50
2017.01.03 11:20:20.457,1.44223,1.4424,1.00,1.00
2017.01.03 11:20:20.966,1.44222,1.44239,1.00,1.00
2017.01.03 11:20:21.484,1.44223,1.44239,1.00,1.00
2017.01.03 11:20:21.907,1.44226,1.44243,1.00,1.50
2017.01.03 11:20:22.059,1.44224,1.44241,1.00,1.50
2017.01.03 11:20:22.164,1.44222,1.44241,1.00,2.25
2017.01.03 11:20:22.316,1.44222,1.44239,1.00,1.00
2017.01.03 11:20:23.174,1.44222,1.44238,1.00,1.00
2017.01.03 11:20:23.670,1.44228,1.4424,1.00,1.00
2017.01.03 11:20:23.855,1.44225,1.44244,1.25,1.00
2017.01.03 11:20:23.907,1.44227,1.44242,1.00,1.00
2017.01.03 11:20:23.958,1.44225,1.44242,1.25,1.50
2017.01.03 11:20:24.234,1.44224,1.4424,1.19,1.00
2017.01.03 11:20:24.285,1.44223,1.4424,1.25,1.00
2017.01.03 11:20:24.336,1.44218,1.44235,1.69,1.00
2017.01.03 11:20:24.640,1.44229,1.44241,1.00,1.37
2017.01.03 11:20:24.692,1.44227,1.44242,1.25,1.50
2017.01.03 11:20:24.844,1.44225,1.4424,1.00,1.00
2017.01.03 11:20:25.254,1.44226,1.44242,1.69,1.00
2017.01.03 11:20:25.726,1.44223,1.44241,1.00,1.50
2017.01.03 11:20:25.828,1.44223,1.44239,1.00,1.00
2017.01.03 11:20:25.930,1.44219,1.44237,1.25,1.00
2017.01.03 11:20:26.031,1.44219,1.44235,1.25,1.00
2017.01.03 11:20:26.335,1.4422,1.44237,1.00,2.25
2017.01.03 11:20:26.387,1.4422,1.44235,1.00,1.00
2017.01.03 11:20:26.891,1.44218,1.44236,1.69,1.50
2017.01.03 11:20:27.793,1.44222,1.44236,1.19,1.00
2017.01.03 11:20:28.112,1.44228,1.44242,1.19,1.00
2017.01.03 11:20:28.448,1.44228,1.44239,1.19,1.00
2017.01.03 11:20:28.499,1.44224,1.44239,1.00,1.00
2017.01.03 11:20:28.651,1.44222,1.44239,1.00,1.00
2017.01.03 11:20:28.905,1.44222,1.44237,1.00,1.00
2017.01.03 11:20:29.019,1.44222,1.44239,1.00,1.50
2017.01.03 11:20:29.070,1.44224,1.44239,1.00,1.00
2017.01.03 11:20:29.373,1.44221,1.44239,1.25,1.00
2017.01.03 11:20:29.475,1.44221,1.44237,1.25,1.00
2017.01.03 11:20:29.943,1.44223,1.44239,1.00,1.50
2017.01.03 11:20:30.133,1.44226,1.44243,1.00,1.00
2017.01.03 11:20:30.286,1.44227,1.44245,1.00,1.50
2017.01.03 11:20:30.337,1.44229,1.44244,1.00,1.00
2017.01.03 11:20:30.592,1.4423,1.44246,1.00,1.00
2017.01.03 11:20:30.795,1.44232,1.44248,1.00,1.50
2017.01.03 11:20:30.846,1.44229,1.44247,1.00,1.00
2017.01.03 11:20:30.898,1.44228,1.44244,1.00,1.00
2017.01.03 11:20:31.475,1.44229,1.44244,1.00,1.00
2017.01.03 11:20:31.780,1.44221,1.44237,1.00,1.50
2017.01.03 11:20:31.831,1.44218,1.44237,1.00,1.87
2017.01.03 11:20:31.983,1.44216,1.44233,1.25,1.00
2017.01.03 11:20:32.287,1.44215,1.44232,1.00,1.50
2017.01.03 11:20:32.540,1.44215,1.44231,1.00,1.50
2017.01.03 11:20:32.944,1.44212,1.44229,2.25,1.50
2017.01.03 11:20:33.335,1.44214,1.4423,1.00,1.50
2017.01.03 11:20:33.639,1.44214,1.44228,1.00,1.00
2017.01.03 11:20:33.690,1.44214,1.4423,1.00,1.50
2017.01.03 11:20:33.843,1.44212,1.44229,1.50,1.50
2017.01.03 11:20:33.893,1.44211,1.44227,1.00,1.00
2017.01.03 11:20:33.945,1.44208,1.44227,1.00,1.50
2017.01.03 11:20:33.996,1.44207,1.44224,1.00,1.00
2017.01.03 11:20:34.097,1.44205,1.44224,1.00,2.25
2017.01.03 11:20:34.249,1.44205,1.44222,1.00,1.00
2017.01.03 11:20:34.300,1.44205,1.44225,1.00,3.00
2017.01.03 11:20:34.351,1.44208,1.44225,1.00,2.25
2017.01.03 11:20:34.708,1.44211,1.44226,1.00,1.00
2017.01.03 11:20:34.759,1.44211,1.44228,1.00,2.62
2017.01.03 11:20:35.006,1.44212,1.4423,1.00,2.44
2017.01.03 11:20:35.058,1.44211,1.44228,1.00,1.00
2017.01.03 11:20:35.362,1.44211,1.44224,1.00,1.00
2017.01.03 11:20:35.464,1.4421,1.44227,1.00,1.00
2017.01.03 11:20:35.515,1.4421,1.44222,1.00,1.00
2017.01.03 11:20:35.567,1.44208,1.44222,1.00,1.00
2017.01.03 11:20:35.870,1.44209,1.44225,1.00,1.00
2017.01.03 11:20:36.466,1.44209,1.44226,1.00,2.25
2017.01.03 11:20:37.067,1.44211,1.44226,1.00,1.00
2017.01.03 11:20:37.169,1.44211,1.44228,1.00,1.12
2017.01.03 11:20:37.675,1.44212,1.44227,1.00,1.00
2017.01.03 11:20:38.588,1.44211,1.44229,1.50,1.00
2017.01.03 11:20:38.690,1.44209,1.44226,1.00,1.00
2017.01.03 11:20:38.847,1.44207,1.44225,1.00,1.12
2017.01.03 11:20:39.355,1.44207,1.44224,1.00,1.00
2017.01.03 11:20:39.861,1.44206,1.44225,1.00,1.87
2017.01.03 11:20:39.969,1.44206,1.44223,1.00,1.00
2017.01.03 11:20:40.512,1.44205,1.44223,1.00,1.00
2017.01.03 11:20:41.037,1.44205,1.44224,1.00,1.00
2017.01.03 11:20:41.609,1.44205,1.44223,1.00,1.00
2017.01.03 11:20:42.149,1.44205,1.44224,1.00,1.00
2017.01.03 11:20:42.550,1.4421,1.44226,1.00,1.87
2017.01.03 11:20:42.804,1.44217,1.44234,1.00,2.62
2017.01.03 11:20:42.979,1.44215,1.44233,1.00,1.00
2017.01.03 11:20:43.447,1.44217,1.44233,1.00,1.00
2017.01.03 11:20:43.499,1.44215,1.44233,1.00,1.00
2017.01.03 11:20:44.000,1.44216,1.44232,1.00,1.00
2017.01.03 11:20:44.253,1.44214,1.44233,1.00,1.00
2017.01.03 11:20:44.506,1.44217,1.44234,1.00,1.50
2017.01.03 11:20:44.760,1.4422,1.44238,1.00,1.00
2017.01.03 11:20:45.212,1.44223,1.4424,1.00,1.00
2017.01.03 11:20:45.515,1.44223,1.44239,1.00,1.19
2017.01.03 11:20:45.566,1.44221,1.44239,1.00,1.19
2017.01.03 11:20:48.795,1.44223,1.44241,1.00,1.25
2017.01.03 11:20:48.847,1.44224,1.44243,1.00,3.37
2017.01.03 11:20:48.949,1.44226,1.44245,1.00,1.50
2017.01.03 11:20:49.822,1.44229,1.44246,1.00,1.00
2017.01.03 11:20:50.126,1.44242,1.44257,1.00,1.12
2017.01.03 11:20:50.228,1.44244,1.4426,1.00,1.00
2017.01.03 11:20:50.279,1.44245,1.44262,1.00,2.81
2017.01.03 11:20:50.481,1.44248,1.44262,1.00,1.25
2017.01.03 11:20:50.532,1.44246,1.44262,1.00,1.25
2017.01.03 11:20:50.736,1.4425,1.44265,1.00,1.19
2017.01.03 11:20:51.040,1.44253,1.44267,1.00,1.19
2017.01.03 11:20:51.363,1.44251,1.44267,1.00,1.19
2017.01.03 11:20:51.713,1.44253,1.44267,1.00,1.19
2017.01.03 11:20:52.038,1.44251,1.44267,1.00,1.19
2017.01.03 11:20:52.158,1.44253,1.44267,1.00,1.19
2017.01.03 11:20:52.756,1.44252,1.44267,1.00,1.19
2017.01.03 11:20:54.436,1.44254,1.44267,1.00,1.19
2017.01.03 11:20:54.538,1.44259,1.44275,1.00,3.00
2017.01.03 11:20:54.639,1.44257,1.44275,1.00,1.00
2017.01.03 11:20:54.691,1.4426,1.44277,1.00,1.25
2017.01.03 11:20:55.097,1.44258,1.44277,1.00,2.81
2017.01.03 11:20:55.250,1.44258,1.44275,1.00,1.00
2017.01.03 11:20:55.942,1.44257,1.44274,1.00,1.00
2017.01.03 11:20:56.247,1.4425,1.44266,1.00,1.19
2017.01.03 11:20:57.145,1.44249,1.44266,1.50,1.19
2017.01.03 11:20:57.701,1.44248,1.44263,1.00,1.19
2017.01.03 11:20:57.803,1.44245,1.44263,1.00,1.19
2017.01.03 11:20:58.007,1.44246,1.44266,1.00,2.44
2017.01.03 11:20:58.058,1.44249,1.44266,1.00,2.44
2017.01.03 11:20:58.565,1.44254,1.44272,1.69,1.12
2017.01.03 11:20:58.616,1.44256,1.44273,1.50,1.12
2017.01.03 11:20:58.717,1.44257,1.44277,1.00,2.81
2017.01.03 11:20:59.263,1.44257,1.44277,1.00,1.69
2017.01.03 11:20:59.566,1.44259,1.44278,1.00,2.44
2017.01.03 11:20:59.971,1.44261,1.44278,1.00,2.44
2017.01.03 11:21:00.292,1.44259,1.44278,1.00,2.00
2017.01.03 11:21:00.647,1.44261,1.44279,2.44,1.12
2017.01.03 11:21:00.960,1.44272,1.44286,1.00,1.19
2017.01.03 11:21:01.213,1.4427,1.44286,1.00,1.19
2017.01.03 11:21:01.645,1.44272,1.44286,1.00,1.19
2017.01.03 11:21:02.151,1.44269,1.44286,1.00,1.19
2017.01.03 11:21:02.455,1.44273,1.4429,1.00,1.00
2017.01.03 11:21:02.607,1.44272,1.44286,1.00,1.19
2017.01.03 11:21:03.115,1.44271,1.44286,1.00,1.19
2017.01.03 11:21:05.243,1.44269,1.44286,1.37,1.19
2017.01.03 11:21:06.048,1.44272,1.44292,1.50,1.00
2017.01.03 11:21:06.098,1.44275,1.44292,1.00,1.00
2017.01.03 11:21:06.251,1.44276,1.44294,1.00,1.00
2017.01.03 11:21:06.453,1.44275,1.44292,1.00,1.00
2017.01.03 11:21:06.605,1.44273,1.44292,1.00,1.00
2017.01.03 11:21:06.758,1.44276,1.44293,1.00,1.00
2017.01.03 11:21:06.960,1.44274,1.44292,1.00,1.00
2017.01.03 11:21:07.469,1.44274,1.44291,1.00,1.00
2017.01.03 11:21:08.063,1.44272,1.44292,1.00,1.00
2017.01.03 11:21:08.601,1.44273,1.44291,1.00,1.00
2017.01.03 11:21:09.006,1.44271,1.4429,1.00,1.00
2017.01.03 11:21:09.108,1.4427,1.44287,1.50,1.00
2017.01.03 11:21:09.614,1.44269,1.44286,1.00,1.00
2017.01.03 11:21:10.128,1.44267,1.44286,1.69,1.00
2017.01.03 11:21:10.633,1.44271,1.44288,1.19,1.50
2017.01.03 11:21:10.836,1.44275,1.44293,1.25,1.00
2017.01.03 11:21:11.405,1.44272,1.4429,1.69,1.00
2017.01.03 11:21:11.709,1.44272,1.44288,1.25,1.00
2017.01.03 11:21:12.336,1.44272,1.44286,1.25,1.00
2017.01.03 11:21:12.842,1.44272,1.44287,1.25,1.00
2017.01.03 11:21:13.351,1.44272,1.44288,1.25,1.00
2017.01.03 11:21:14.210,1.44272,1.44287,1.25,1.00
2017.01.03 11:21:14.413,1.44273,1.4429,1.00,1.12
2017.01.03 11:21:15.447,1.44272,1.44285,1.25,1.00
2017.01.03 11:21:15.857,1.44267,1.44283,1.19,1.00
2017.01.03 11:21:16.307,1.44268,1.44285,1.25,1.00
2017.01.03 11:21:16.611,1.44267,1.44287,3.19,1.00
2017.01.03 11:21:17.373,1.44268,1.44288,1.69,1.00
2017.01.03 11:21:17.937,1.44269,1.44288,1.50,1.00
2017.01.03 11:21:18.455,1.44271,1.44291,1.00,1.00
2017.01.03 11:21:18.557,1.44271,1.44287,1.00,1.00
2017.01.03 11:21:18.659,1.44269,1.44287,1.00,1.00
2017.01.03 11:21:19.013,1.44272,1.44289,1.00,1.50
2017.01.03 11:21:19.064,1.4427,1.44289,1.00,1.00
2017.01.03 11:21:19.534,1.44273,1.44289,1.00,1.00
2017.01.03 11:21:20.224,1.44274,1.44289,1.00,1.00
2017.01.03 11:21:20.727,1.44274,1.4429,1.00,1.25
2017.01.03 11:21:21.170,1.44275,1.44292,1.00,1.12
2017.01.03 11:21:21.601,1.44275,1.4429,1.00,1.00
2017.01.03 11:21:22.115,1.44274,1.4429,1.00,1.00
2017.01.03 11:21:22.431,1.4428,1.44294,1.00,3.56
2017.01.03 11:21:22.483,1.44282,1.44297,1.00,1.50
2017.01.03 11:21:22.685,1.44282,1.44299,1.00,1.00
2017.01.03 11:21:23.089,1.44284,1.44301,1.00,1.31
2017.01.03 11:21:23.675,1.44283,1.44301,1.00,1.25
2017.01.03 11:21:25.188,1.44284,1.44301,1.00,1.69
2017.01.03 11:21:26.331,1.44283,1.44301,1.00,1.25
2017.01.03 11:21:27.815,1.44283,1.443,1.00,1.00
2017.01.03 11:21:28.362,1.44282,1.44301,1.00,1.69
2017.01.03 11:21:32.747,1.44283,1.443,1.00,1.00
2017.01.03 11:21:32.959,1.44281,1.44301,1.00,1.25
2017.01.03 11:21:33.835,1.44283,1.44301,1.00,1.25
2017.01.03 11:21:34.379,1.44281,1.44301,1.00,1.69
2017.01.03 11:21:35.759,1.44282,1.44299,1.00,1.00
2017.01.03 11:21:36.183,1.4428,1.443,1.00,1.00
2017.01.03 11:21:38.060,1.44281,1.44301,1.00,1.00
2017.01.03 11:21:38.212,1.44284,1.44301,1.00,1.00
2017.01.03 11:21:38.314,1.44282,1.44302,1.50,1.00
2017.01.03 11:21:38.517,1.44284,1.44302,1.00,1.00
2017.01.03 11:21:38.618,1.44282,1.44302,1.50,1.00
2017.01.03 11:21:39.775,1.44284,1.44302,1.00,1.00
2017.01.03 11:21:40.426,1.44283,1.44302,1.00,1.00
2017.01.03 11:21:44.434,1.44283,1.44301,1.00,1.00
2017.01.03 11:21:45.278,1.44283,1.443,1.50,1.00
2017.01.03 11:21:45.481,1.44281,1.44301,1.00,1.50
2017.01.03 11:21:45.664,1.4428,1.44298,1.00,1.50
2017.01.03 11:21:45.867,1.44273,1.44293,1.50,2.44
2017.01.03 11:21:46.379,1.44273,1.44291,1.00,1.00
2017.01.03 11:21:46.898,1.44273,1.4429,1.00,1.00
2017.01.03 11:21:47.050,1.44271,1.44291,2.25,1.00
2017.01.03 11:21:47.642,1.44271,1.4429,1.00,2.25
2017.01.03 11:21:48.353,1.44271,1.44289,1.00,1.00
2017.01.03 11:21:48.455,1.4427,1.44287,1.50,1.00
2017.01.03 11:21:48.607,1.44266,1.44284,1.00,1.00
2017.01.03 11:21:49.121,1.44267,1.44285,1.50,1.00
2017.01.03 11:21:50.129,1.44266,1.44286,1.50,1.00
2017.01.03 11:21:50.180,1.44268,1.44286,1.00,1.00
2017.01.03 11:21:51.776,1.44267,1.44286,1.00,1.00
2017.01.03 11:21:52.081,1.44269,1.44285,1.00,1.00
2017.01.03 11:21:52.183,1.44267,1.44285,1.00,1.00
2017.01.03 11:21:53.013,1.44267,1.44287,3.00,1.50
2017.01.03 11:21:53.522,1.44268,1.44287,1.50,1.00
2017.01.03 11:21:53.876,1.4427,1.44287,1.00,1.00
2017.01.03 11:21:54.437,1.44269,1.44287,1.50,1.00
2017.01.03 11:21:54.968,1.44269,1.44286,1.50,1.00
2017.01.03 11:21:55.502,1.44269,1.44287,1.00,1.00
2017.01.03 11:21:55.839,1.44267,1.44287,1.50,1.00
2017.01.03 11:21:55.890,1.44265,1.4428,1.69,1.12
2017.01.03 11:21:55.967,1.44263,1.44278,1.00,1.00
2017.01.03 11:21:56.069,1.44259,1.44276,1.00,1.00
2017.01.03 11:21:56.120,1.44257,1.44274,2.06,1.00
2017.01.03 11:21:56.323,1.44258,1.44276,1.00,1.00
2017.01.03 11:21:56.378,1.44259,1.44277,1.19,1.00
2017.01.03 11:21:56.712,1.44258,1.44277,1.69,1.00
2017.01.03 11:21:57.328,1.44258,1.44276,1.25,1.00
2017.01.03 11:21:57.867,1.44257,1.44274,2.44,1.00
2017.01.03 11:21:58.422,1.44257,1.44273,1.19,1.00
2017.01.03 11:21:58.925,1.44257,1.44275,2.44,1.00
2017.01.03 11:21:59.216,1.44256,1.44274,1.25,1.00
2017.01.03 11:21:59.368,1.44254,1.44271,1.00,1.00
2017.01.03 11:21:59.470,1.44252,1.4427,1.50,1.00
2017.01.03 11:21:59.521,1.44255,1.44272,1.00,1.00
2017.01.03 11:21:59.724,1.44253,1.44272,1.00,1.50
2017.01.03 11:21:59.826,1.44255,1.44272,1.00,1.00
2017.01.03 11:22:00.405,1.44255,1.44273,1.00,1.00
2017.01.03 11:22:00.710,1.44253,1.44271,1.00,1.00
2017.01.03 11:22:01.260,1.44253,1.4427,1.00,1.00
2017.01.03 11:22:01.362,1.44253,1.44272,1.00,1.00
2017.01.03 11:22:01.464,1.44255,1.44272,1.00,1.00
2017.01.03 11:22:01.985,1.44255,1.44273,1.00,1.00
2017.01.03 11:22:02.500,1.44254,1.44272,1.00,1.00
2017.01.03 11:22:03.029,1.44255,1.44273,1.00,2.25
2017.01.03 11:22:03.155,1.44253,1.44273,1.50,2.25
2017.01.03 11:22:03.473,1.44255,1.44272,1.00,1.00
2017.01.03 11:22:03.777,1.44257,1.44274,1.25,1.00
2017.01.03 11:22:04.641,1.44256,1.44276,1.19,2.62
2017.01.03 11:22:05.185,1.44256,1.44274,1.69,2.25
2017.01.03 11:22:06.201,1.44256,1.44273,1.19,1.00
2017.01.03 11:22:09.778,1.44256,1.44275,1.19,2.62
2017.01.03 11:22:10.962,1.44256,1.44274,1.19,1.00
2017.01.03 11:22:12.765,1.44256,1.44273,1.19,1.00
2017.01.03 11:22:13.308,1.44257,1.44276,1.25,3.00
2017.01.03 11:22:13.448,1.44259,1.44276,1.00,3.00
2017.01.03 11:22:13.957,1.44259,1.44276,1.00,1.00
2017.01.03 11:22:14.213,1.44261,1.44279,1.00,1.12
2017.01.03 11:22:17.658,1.44262,1.4428,1.00,1.87
2017.01.03 11:22:18.548,1.44259,1.44276,2.44,1.00
2017.01.03 11:22:18.852,1.44258,1.44274,1.00,1.00
2017.01.03 11:22:19.397,1.44259,1.44277,1.25,2.25
2017.01.03 11:22:19.499,1.4426,1.4428,1.69,3.37
2017.01.03 11:22:20.020,1.44261,1.44279,1.00,1.12
2017.01.03 11:22:21.368,1.44261,1.44277,1.00,1.00
2017.01.03 11:22:22.311,1.44261,1.44278,1.00,1.00
2017.01.03 11:22:25.384,1.4426,1.44278,1.69,1.00
2017.01.03 11:22:25.912,1.44261,1.44278,1.00,1.00
2017.01.03 11:22:27.283,1.44261,1.44276,1.00,1.00
2017.01.03 11:22:33.073,1.44261,1.44278,1.00,1.00
2017.01.03 11:22:33.601,1.44262,1.44278,1.00,1.00
2017.01.03 11:22:33.652,1.44262,1.44281,1.00,1.00
2017.01.03 11:22:33.868,1.44264,1.44282,1.00,1.50
2017.01.03 11:22:34.317,1.44266,1.44284,1.00,1.50
2017.01.03 11:22:34.621,1.44271,1.44289,1.00,1.00
2017.01.03 11:22:35.131,1.44271,1.44288,1.00,1.50
2017.01.03 11:22:35.716,1.44271,1.44289,1.00,1.00
2017.01.03 11:22:37.370,1.44272,1.44289,1.00,1.50
2017.01.03 11:22:37.898,1.44272,1.44288,1.00,1.00
2017.01.03 11:22:38.442,1.44272,1.44289,1.00,1.00
2017.01.03 11:22:38.977,1.44272,1.44288,1.00,1.00
2017.01.03 11:22:39.603,1.44272,1.44289,1.00,1.00
2017.01.03 11:22:40.068,1.44272,1.44287,1.00,1.00
2017.01.03 11:22:42.258,1.44269,1.44283,1.25,1.00
2017.01.03 11:22:42.310,1.44265,1.44281,1.00,1.00
2017.01.03 11:22:42.411,1.44263,1.44279,1.37,1.00
2017.01.03 11:22:42.513,1.44256,1.44273,1.50,1.00
2017.01.03 11:22:42.818,1.44258,1.44274,1.00,1.00
2017.01.03 11:22:42.920,1.44256,1.44273,1.00,1.00
2017.01.03 11:22:43.021,1.44256,1.4427,1.00,1.00
2017.01.03 11:22:43.224,1.44253,1.44272,1.00,1.50
2017.01.03 11:22:43.477,1.44254,1.4427,1.00,1.00
2017.01.03 11:22:45.896,1.44251,1.44268,1.00,1.50
2017.01.03 11:22:45.977,1.44248,1.44265,1.50,1.00
2017.01.03 11:22:47.360,1.44248,1.44264,1.00,1.00
2017.01.03 11:22:48.259,1.44248,1.44265,1.00,1.00
2017.01.03 11:22:50.172,1.44248,1.44266,1.00,1.50
2017.01.03 11:22:50.476,1.44254,1.4427,1.00,1.00
2017.01.03 11:22:50.578,1.44252,1.44269,1.00,1.00
2017.01.03 11:22:50.682,1.44254,1.44269,1.00,1.00
2017.01.03 11:22:50.733,1.44252,1.44269,1.00,1.00
2017.01.03 11:22:51.583,1.44254,1.44269,1.00,1.00
2017.01.03 11:22:51.837,1.44252,1.44269,1.00,1.00
2017.01.03 11:22:53.283,1.44253,1.44269,1.00,1.00
2017.01.03 11:22:53.793,1.44252,1.44268,1.00,1.00
2017.01.03 11:22:53.945,1.44252,1.4427,1.00,1.00
2017.01.03 11:22:54.392,1.44255,1.4427,1.00,1.00
2017.01.03 11:22:54.504,1.44255,1.44272,1.00,1.00
2017.01.03 11:22:55.033,1.44255,1.44271,1.00,1.00
2017.01.03 11:22:55.627,1.44255,1.44272,1.00,1.00
2017.01.03 11:22:56.325,1.44255,1.44271,1.00,1.00
2017.01.03 11:22:57.770,1.44255,1.44272,1.00,1.00
2017.01.03 11:22:59.739,1.44259,1.44273,1.00,1.00
2017.01.03 11:22:59.791,1.44257,1.44273,1.00,1.00
2017.01.03 11:22:59.842,1.44264,1.44276,1.00,1.00
2017.01.03 11:23:00.045,1.4427,1.44288,1.00,1.87
2017.01.03 11:23:00.096,1.44274,1.4429,1.00,2.44
2017.01.03 11:23:00.248,1.44276,1.44293,1.00,1.00
2017.01.03 11:23:00.784,1.44277,1.44293,1.00,1.00
2017.01.03 11:23:02.057,1.44277,1.44294,1.00,1.00
2017.01.03 11:23:02.112,1.44279,1.44295,1.00,1.00
2017.01.03 11:23:02.163,1.4428,1.44297,1.00,1.00
2017.01.03 11:23:02.316,1.44276,1.44294,1.50,1.00
2017.01.03 11:23:02.367,1.44278,1.44294,1.00,1.00
2017.01.03 11:23:02.622,1.44279,1.44299,1.25,2.25
2017.01.03 11:23:02.724,1.44281,1.44299,1.00,1.50
2017.01.03 11:23:04.584,1.44282,1.44299,1.00,1.00
2017.01.03 11:23:05.092,1.44283,1.44299,1.00,1.00
2017.01.03 11:23:05.143,1.44281,1.44299,1.00,1.50
2017.01.03 11:23:05.676,1.44282,1.44299,1.00,1.00
2017.01.03 11:23:06.255,1.4428,1.44297,1.00,1.00
2017.01.03 11:23:06.458,1.44278,1.44296,1.00,1.50
2017.01.03 11:23:06.863,1.44277,1.44294,1.00,1.00
2017.01.03 11:23:07.304,1.44277,1.44296,1.00,1.50
2017.01.03 11:23:07.857,1.44277,1.44295,1.00,1.50
2017.01.03 11:23:08.925,1.44277,1.44294,1.00,1.00
2017.01.03 11:23:09.498,1.44277,1.44295,1.00,1.00
2017.01.03 11:23:09.751,1.44277,1.44293,1.00,1.00
2017.01.03 11:23:10.301,1.44277,1.44294,1.00,1.00
2017.01.03 11:23:10.805,1.44277,1.44295,1.00,1.00
2017.01.03 11:23:11.116,1.4428,1.44298,1.25,3.00
2017.01.03 11:23:11.444,1.44287,1.44293,1.00,1.25
2017.01.03 11:23:11.495,1.44277,1.44288,1.00,1.87
2017.01.03 11:23:11.597,1.44268,1.44285,1.50,1.00
2017.01.03 11:23:11.699,1.44268,1.44284,1.00,1.37
2017.01.03 11:23:11.801,1.44263,1.44283,1.00,1.50
2017.01.03 11:23:12.004,1.44263,1.4428,1.00,1.00
2017.01.03 11:23:12.542,1.44263,1.44278,1.00,1.00
2017.01.03 11:23:13.130,1.44263,1.44279,1.00,1.00
2017.01.03 11:23:13.667,1.44263,1.44278,1.00,1.00
2017.01.03 11:23:14.173,1.44262,1.44278,1.00,1.00
2017.01.03 11:23:14.713,1.44261,1.44279,1.00,2.81
2017.01.03 11:23:17.465,1.44261,1.44278,1.00,1.00
2017.01.03 11:23:17.769,1.44275,1.44287,1.00,1.69
2017.01.03 11:23:17.820,1.44274,1.44291,1.00,1.50
2017.01.03 11:23:17.872,1.44274,1.44289,1.00,1.25
2017.01.03 11:23:17.923,1.44272,1.44289,1.00,3.19
2017.01.03 11:23:18.231,1.44269,1.44289,1.00,2.06
2017.01.03 11:23:18.395,1.44269,1.44287,1.00,1.00
2017.01.03 11:23:20.892,1.44267,1.44279,1.00,1.00
2017.01.03 11:23:21.115,1.44254,1.44272,1.00,4.31
2017.01.03 11:23:21.217,1.44252,1.44267,1.00,1.00
2017.01.03 11:23:21.725,1.44252,1.44269,1.00,1.19
2017.01.03 11:23:22.055,1.44251,1.44265,1.00,1.25
2017.01.03 11:23:24.270,1.44248,1.44262,1.00,1.19
2017.01.03 11:23:24.423,1.44243,1.44261,1.00,1.00
2017.01.03 11:23:24.525,1.4424,1.44254,1.00,1.25
2017.01.03 11:23:24.576,1.44238,1.44254,1.00,1.25
2017.01.03 11:23:24.627,1.4424,1.44254,1.00,1.25
2017.01.03 11:23:24.833,1.44241,1.44257,1.00,1.00
2017.01.03 11:23:25.164,1.44243,1.44257,1.00,1.00
2017.01.03 11:23:26.184,1.44244,1.44257,1.00,1.00
2017.01.03 11:23:26.613,1.44246,1.4426,1.00,1.25
2017.01.03 11:23:26.664,1.4424,1.4426,1.50,1.69
2017.01.03 11:23:26.715,1.44238,1.44256,1.25,1.00
2017.01.03 11:23:27.045,1.44241,1.44254,1.00,1.25
2017.01.03 11:23:27.583,1.4424,1.44254,1.00,1.25
2017.01.03 11:23:28.298,1.44239,1.44254,1.00,1.25
2017.01.03 11:23:28.501,1.44237,1.44254,1.00,1.69
2017.01.03 11:23:28.703,1.44239,1.44254,1.00,1.00
2017.01.03 11:23:28.843,1.44236,1.44254,1.00,1.00
2017.01.03 11:23:29.350,1.44235,1.44254,1.00,1.19
2017.01.03 11:23:30.202,1.44236,1.44254,1.00,1.19
2017.01.03 11:23:30.253,1.44238,1.44256,1.00,1.50
2017.01.03 11:23:30.355,1.44241,1.44259,1.00,1.00
2017.01.03 11:23:30.406,1.44244,1.44259,1.00,1.00
2017.01.03 11:23:30.909,1.44244,1.4426,1.00,1.00
2017.01.03 11:23:31.566,1.44244,1.44261,1.00,1.25
2017.01.03 11:23:33.977,1.44245,1.44262,1.00,2.44
2017.01.03 11:23:34.493,1.44246,1.44262,1.00,1.31
2017.01.03 11:23:34.645,1.44244,1.44262,1.00,1.19
2017.01.03 11:23:35.710,1.44247,1.44262,1.00,1.00
2017.01.03 11:23:35.815,1.44248,1.44265,1.00,1.87
2017.01.03 11:23:36.321,1.44249,1.44266,1.00,2.25
2017.01.03 11:23:36.656,1.44251,1.44265,1.00,1.00
2017.01.03 11:23:36.962,1.44242,1.44256,1.00,1.25
2017.01.03 11:23:37.115,1.44243,1.4426,1.00,1.00
2017.01.03 11:23:37.291,1.44239,1.44259,1.00,2.62
2017.01.03 11:23:37.647,1.4424,1.44257,1.00,1.00
2017.01.03 11:23:37.698,1.44237,1.44257,2.06,1.50
2017.01.03 11:23:37.749,1.44237,1.44256,1.00,1.19
2017.01.03 11:23:38.278,1.44236,1.44251,1.00,1.19
2017.01.03 11:23:38.329,1.44232,1.44248,1.00,1.25
2017.01.03 11:23:38.380,1.44237,1.44246,1.00,1.25
2017.01.03 11:23:38.431,1.44237,1.44249,1.00,1.25
2017.01.03 11:23:38.824,1.44237,1.44254,1.00,1.19
2017.01.03 11:23:39.027,1.44239,1.44254,1.00,1.19
2017.01.03 11:23:39.647,1.44235,1.44254,1.50,1.69
2017.01.03 11:23:39.698,1.44237,1.4425,1.00,1.19
2017.01.03 11:23:40.306,1.44238,1.4425,1.00,1.19
2017.01.03 11:23:40.357,1.44238,1.44255,1.00,1.69
2017.01.03 11:23:40.897,1.44239,1.44255,1.00,1.19
2017.01.03 11:23:43.371,1.44241,1.44258,1.00,1.50
2017.01.03 11:23:43.422,1.44239,1.44258,1.00,1.00
2017.01.03 11:23:43.524,1.44242,1.44259,1.00,1.00
2017.01.03 11:23:43.626,1.44243,1.44261,1.25,1.00
2017.01.03 11:23:43.677,1.44246,1.44261,1.00,1.00
2017.01.03 11:23:43.830,1.44246,1.44263,1.00,1.50
2017.01.03 11:23:44.799,1.44243,1.4426,1.25,1.00
2017.01.03 11:23:45.150,1.44243,1.44258,1.00,1.25
2017.01.03 11:23:45.622,1.44245,1.44259,1.00,1.00
2017.01.03 11:23:46.260,1.44246,1.44261,1.00,1.69
2017.01.03 11:23:47.709,1.44244,1.44261,1.00,1.00
2017.01.03 11:23:47.760,1.44247,1.44263,1.00,1.12
2017.01.03 11:23:47.812,1.44245,1.44263,1.00,1.00
2017.01.03 11:23:48.327,1.44246,1.44262,1.00,1.00
2017.01.03 11:23:48.529,1.44247,1.44264,1.00,1.00
2017.01.03 11:23:49.048,1.44246,1.44264,1.00,2.25
2017.01.03 11:23:49.580,1.44247,1.44264,1.00,1.50
2017.01.03 11:23:50.118,1.44246,1.44264,1.00,2.06
2017.01.03 11:23:50.170,1.44244,1.44261,1.00,1.25
2017.01.03 11:23:50.487,1.4425,1.44265,1.00,1.19
2017.01.03 11:23:51.026,1.44251,1.44265,1.00,1.19
2017.01.03 11:23:51.206,1.44249,1.44263,1.00,1.25
2017.01.03 11:23:51.257,1.44249,1.4426,1.00,1.19
2017.01.03 11:23:51.445,1.4425,1.44266,1.00,1.25
2017.01.03 11:23:51.548,1.44253,1.44267,1.00,1.00
2017.01.03 11:23:51.649,1.44253,1.44269,1.00,1.69
2017.01.03 11:23:52.168,1.44253,1.44268,1.00,1.25
2017.01.03 11:23:52.381,1.44251,1.44268,1.00,1.25
2017.01.03 11:23:52.914,1.44252,1.4427,1.00,1.19
2017.01.03 11:23:53.374,1.44251,1.44264,1.00,1.19
2017.01.03 11:23:53.902,1.4425,1.44264,1.00,1.19
2017.01.03 11:23:54.423,1.44249,1.44264,1.00,1.19
2017.01.03 11:23:54.474,1.44246,1.44263,1.00,1.25
2017.01.03 11:23:54.525,1.44246,1.44259,1.00,1.25
2017.01.03 11:23:54.627,1.44249,1.44267,1.00,1.69
2017.01.03 11:23:55.091,1.44251,1.44267,1.00,1.19
2017.01.03 11:23:56.198,1.44252,1.44267,1.00,1.19
2017.01.03 11:23:56.889,1.44253,1.44267,1.00,1.19
2017.01.03 11:23:56.990,1.44253,1.44272,1.00,1.37
2017.01.03 11:23:57.491,1.44253,1.44272,1.50,1.00
2017.01.03 11:23:58.515,1.44255,1.44272,1.00,1.00
2017.01.03 11:23:58.870,1.44257,1.44274,1.00,1.69
2017.01.03 11:23:59.022,1.44259,1.44276,1.50,1.00
2017.01.03 11:23:59.225,1.44257,1.44275,1.00,1.69
2017.01.03 11:24:00.174,1.44259,1.44276,1.00,1.56
2017.01.03 11:24:00.478,1.44272,1.44287,1.00,1.00
2017.01.03 11:24:00.580,1.44274,1.44292,1.00,2.44
2017.01.03 11:24:01.163,1.44272,1.44292,1.00,3.19
2017.01.03 11:24:01.535,1.44273,1.44293,1.00,1.50
2017.01.03 11:24:01.688,1.44274,1.44289,1.00,1.00
2017.01.03 11:24:01.740,1.44274,1.44294,1.00,2.81
2017.01.03 11:24:02.254,1.44272,1.44292,1.00,1.00
2017.01.03 11:24:03.091,1.44271,1.44286,1.50,1.25
2017.01.03 11:24:03.225,1.44269,1.44286,1.00,1.25
2017.01.03 11:24:03.763,1.4427,1.44286,1.00,1.25
2017.01.03 11:24:03.914,1.44267,1.44286,1.50,1.25
2017.01.03 11:24:03.965,1.44268,1.44283,1.00,1.25
2017.01.03 11:24:04.118,1.44262,1.44279,1.50,1.19
2017.01.03 11:24:04.372,1.44265,1.44282,1.00,1.69
2017.01.03 11:24:04.423,1.44265,1.44282,1.37,1.25
2017.01.03 11:24:04.474,1.44267,1.44284,1.12,1.25
2017.01.03 11:24:04.575,1.44269,1.44285,1.00,1.19
2017.01.03 11:24:05.082,1.44271,1.44285,1.00,1.19
2017.01.03 11:24:05.466,1.44269,1.44285,1.87,1.19
2017.01.03 11:24:06.110,1.44269,1.44283,1.00,1.25
2017.01.03 11:24:06.162,1.44267,1.44284,2.62,1.25
2017.01.03 11:24:06.366,1.4427,1.44284,1.00,1.25
2017.01.03 11:24:06.944,1.44269,1.44284,1.00,1.25
2017.01.03 11:24:07.402,1.44267,1.44284,1.50,1.25
2017.01.03 11:24:08.006,1.44268,1.44284,1.00,1.25
2017.01.03 11:24:08.161,1.44268,1.44281,1.00,1.25
2017.01.03 11:24:08.465,1.44266,1.44278,1.00,1.25
2017.01.03 11:24:11.258,1.44264,1.44277,1.00,1.19
2017.01.03 11:24:11.359,1.44261,1.44277,1.50,1.19
2017.01.03 11:24:11.410,1.44261,1.44278,1.69,1.00
2017.01.03 11:24:11.655,1.44262,1.4428,1.00,1.00
2017.01.03 11:24:12.171,1.44263,1.44281,1.00,1.00
2017.01.03 11:24:12.501,1.44263,1.44278,1.00,1.69
2017.01.03 11:24:12.603,1.44257,1.44272,1.00,1.00
2017.01.03 11:24:12.705,1.44254,1.44272,1.50,1.00
2017.01.03 11:24:12.857,1.44256,1.44273,1.00,1.00
2017.01.03 11:24:13.299,1.44258,1.44274,1.00,1.00
2017.01.03 11:24:13.523,1.4426,1.44278,1.37,1.00
2017.01.03 11:24:13.576,1.44265,1.4428,1.00,1.00
2017.01.03 11:24:13.729,1.44263,1.44279,1.00,1.00
2017.01.03 11:24:13.780,1.44262,1.44277,1.00,1.00
2017.01.03 11:24:13.933,1.4426,1.44277,1.00,1.00
2017.01.03 11:24:14.461,1.44259,1.44277,1.50,1.00
2017.01.03 11:24:17.940,1.44259,1.44275,1.50,1.00
2017.01.03 11:24:17.991,1.44257,1.44275,1.50,1.00
2017.01.03 11:24:18.194,1.44257,1.44273,1.00,1.00
2017.01.03 11:24:18.550,1.44257,1.44276,1.00,1.00
2017.01.03 11:24:19.094,1.44256,1.44275,1.69,1.00
2017.01.03 11:24:19.298,1.44256,1.44273,1.25,1.00
2017.01.03 11:24:19.609,1.44252,1.44269,1.19,1.00
2017.01.03 11:24:19.914,1.44252,1.44266,1.19,1.00
2017.01.03 11:24:20.133,1.4425,1.44266,1.69,1.00
2017.01.03 11:24:20.285,1.4425,1.44268,1.69,1.00
2017.01.03 11:24:20.845,1.4425,1.44269,1.19,1.00
2017.01.03 11:24:20.896,1.44253,1.44271,1.19,1.00
2017.01.03 11:24:20.978,1.44254,1.44273,1.25,1.50
2017.01.03 11:24:21.029,1.44258,1.44274,1.19,1.12
2017.01.03 11:24:21.992,1.44258,1.44275,1.19,1.00
2017.01.03 11:24:22.296,1.44263,1.44279,1.19,1.00
2017.01.03 11:24:22.830,1.44263,1.4428,1.19,1.00
2017.01.03 11:24:25.816,1.44263,1.44281,2.44,1.00
2017.01.03 11:24:26.641,1.44264,1.44282,1.25,1.00
2017.01.03 11:24:28.458,1.44266,1.44284,1.12,1.00
2017.01.03 11:24:28.763,1.44269,1.44287,1.50,1.00
2017.01.03 11:24:29.297,1.44269,1.44288,1.00,1.00
2017.01.03 11:24:31.049,1.44268,1.44288,1.00,1.00
2017.01.03 11:24:31.353,1.44268,1.44284,1.00,1.19
2017.01.03 11:24:31.656,1.44262,1.44279,1.50,1.00
2017.01.03 11:24:31.707,1.44262,1.44275,1.00,1.25
2017.01.03 11:24:31.758,1.44259,1.44274,1.00,1.00
2017.01.03 11:24:31.911,1.44256,1.44274,1.12,1.00
2017.01.03 11:24:32.512,1.44255,1.44273,1.50,1.00
2017.01.03 11:24:33.385,1.44254,1.44272,2.25,1.00
2017.01.03 11:24:34.338,1.44257,1.44274,1.00,1.00
2017.01.03 11:24:34.643,1.44259,1.44277,1.50,1.00
2017.01.03 11:24:35.694,1.44259,1.44274,1.50,1.00
2017.01.03 11:24:35.897,1.44255,1.44271,1.00,1.00
2017.01.03 11:24:36.617,1.44255,1.44273,1.00,1.00
2017.01.03 11:24:39.374,1.44255,1.4427,1.00,1.69
2017.01.03 11:24:39.476,1.44252,1.44267,1.12,1.00
2017.01.03 11:24:39.681,1.44248,1.44266,1.12,1.00
2017.01.03 11:24:43.040,1.44248,1.44268,1.12,1.69
2017.01.03 11:24:43.743,1.44248,1.44266,1.12,1.00
2017.01.03 11:24:43.844,1.44246,1.44264,3.37,1.00
2017.01.03 11:24:44.148,1.44247,1.44267,2.25,1.25
2017.01.03 11:24:45.887,1.44247,1.44266,2.62,1.00
2017.01.03 11:24:49.527,1.44248,1.44268,1.87,1.00
2017.01.03 11:24:50.137,1.44249,1.44268,1.00,1.00
2017.01.03 11:24:50.542,1.44249,1.44266,1.00,1.25
2017.01.03 11:24:51.097,1.44246,1.44266,3.00,1.25
2017.01.03 11:24:51.777,1.44246,1.44264,2.25,1.00
2017.01.03 11:24:53.571,1.44248,1.44267,1.87,1.00
2017.01.03 11:24:53.622,1.44251,1.44269,1.00,1.00
2017.01.03 11:24:54.129,1.44252,1.44269,2.25,1.00
2017.01.03 11:24:54.703,1.44253,1.44269,1.00,1.00
2017.01.03 11:24:57.175,1.44252,1.44269,2.25,1.00
2017.01.03 11:24:58.229,1.44252,1.44271,1.50,1.00
2017.01.03 11:24:58.280,1.44253,1.44272,1.19,1.00
2017.01.03 11:24:58.382,1.44256,1.44275,2.44,1.00
2017.01.03 11:24:58.585,1.44258,1.44276,1.00,1.00
2017.01.03 11:24:59.132,1.44259,1.44277,1.50,1.00
2017.01.03 11:24:59.964,1.44259,1.44276,1.50,1.69
2017.01.03 11:25:00.268,1.44255,1.4427,1.00,1.00
2017.01.03 11:25:00.774,1.44254,1.4427,1.00,1.00
2017.01.03 11:25:01.312,1.44255,1.44271,1.00,1.00
2017.01.03 11:25:01.908,1.44254,1.4427,1.00,1.69
2017.01.03 11:25:02.018,1.44251,1.44269,1.87,1.25
2017.01.03 11:25:02.171,1.44249,1.44268,1.87,1.00
2017.01.03 11:25:02.475,1.44252,1.4427,1.00,1.69
2017.01.03 11:25:02.675,1.44253,1.44273,1.00,1.69
2017.01.03 11:25:02.726,1.44255,1.44273,1.00,1.69
2017.01.03 11:25:03.288,1.44256,1.44273,1.00,1.25
2017.01.03 11:25:03.744,1.44254,1.44273,1.12,1.25
2017.01.03 11:25:04.273,1.44254,1.44272,2.62,1.00
2017.01.03 11:25:04.719,1.44251,1.44269,1.37,1.69
2017.01.03 11:25:04.821,1.44249,1.44269,1.12,2.44
2017.01.03 11:25:05.333,1.44248,1.44268,1.50,1.00
2017.01.03 11:25:05.856,1.44249,1.44269,1.12,2.44
2017.01.03 11:25:07.186,1.44248,1.44266,1.50,1.19
2017.01.03 11:25:07.340,1.44247,1.44266,1.00,1.19
2017.01.03 11:25:08.400,1.44248,1.44266,1.00,1.69
2017.01.03 11:25:09.328,1.4425,1.44266,1.00,1.19
2017.01.03 11:25:09.430,1.44252,1.44272,1.00,1.00
2017.01.03 11:25:11.119,1.44252,1.44271,1.00,1.00
2017.01.03 11:25:11.631,1.44253,1.44271,1.00,1.00
2017.01.03 11:25:12.061,1.44251,1.44272,1.00,1.00
2017.01.03 11:25:12.422,1.4425,1.4427,3.19,1.00
2017.01.03 11:25:12.960,1.44251,1.44271,1.00,1.69
2017.01.03 11:25:13.344,1.44246,1.44265,1.69,1.00
2017.01.03 11:25:13.930,1.44246,1.44264,1.25,1.00
2017.01.03 11:25:15.950,1.44246,1.44263,1.25,1.00
2017.01.03 11:25:16.002,1.44246,1.44265,1.25,1.50
2017.01.03 11:25:16.804,1.44246,1.44264,1.25,1.00
2017.01.03 11:25:17.464,1.44248,1.44266,1.00,1.50
2017.01.03 11:25:17.791,1.44248,1.44264,1.00,1.00
2017.01.03 11:25:17.869,1.44249,1.44267,1.69,1.00
2017.01.03 11:25:17.920,1.44252,1.4427,1.00,3.75
2017.01.03 11:25:18.651,1.44252,1.44272,1.69,1.50
2017.01.03 11:25:18.752,1.44255,1.44273,1.00,1.00
2017.01.03 11:25:18.956,1.44256,1.44277,1.69,3.75
2017.01.03 11:25:19.209,1.44258,1.44277,1.19,1.50
2017.01.03 11:25:19.807,1.44258,1.44276,1.19,1.00
2017.01.03 11:25:20.111,1.44259,1.44273,1.25,1.00
2017.01.03 11:25:20.528,1.44259,1.44275,1.25,1.00
2017.01.03 11:25:20.580,1.44258,1.44277,1.69,1.00
2017.01.03 11:25:20.681,1.44258,1.44273,1.69,1.00
2017.01.03 11:25:21.036,1.44258,1.44277,1.69,1.00
2017.01.03 11:25:21.086,1.44258,1.44275,1.69,1.00
2017.01.03 11:25:21.137,1.44258,1.44277,1.69,1.00
2017.01.03 11:25:21.239,1.44258,1.44275,1.69,1.00
2017.01.03 11:25:21.441,1.44259,1.44277,1.25,1.00
2017.01.03 11:25:21.492,1.44258,1.44279,1.69,1.87
2017.01.03 11:25:22.035,1.44259,1.44278,1.25,1.00
2017.01.03 11:25:22.410,1.44258,1.44275,1.00,1.19
2017.01.03 11:25:22.843,1.44256,1.44275,1.00,1.19
2017.01.03 11:25:22.945,1.44258,1.44275,1.00,1.19
2017.01.03 11:25:24.264,1.44259,1.44278,1.00,1.50
2017.01.03 11:25:24.416,1.44262,1.4428,1.00,1.19
2017.01.03 11:25:25.506,1.44259,1.4428,1.00,1.69
2017.01.03 11:25:25.558,1.44259,1.44277,1.00,1.69
2017.01.03 11:25:25.862,1.44257,1.44276,1.00,1.69
2017.01.03 11:25:28.125,1.44259,1.44276,1.00,1.00
2017.01.03 11:25:28.176,1.44261,1.44279,1.00,1.25
2017.01.03 11:25:28.706,1.44262,1.4428,1.00,1.19
2017.01.03 11:25:29.576,1.44261,1.4428,1.00,1.69
2017.01.03 11:25:30.118,1.44261,1.44278,1.00,1.00
2017.01.03 11:25:31.858,1.44262,1.44278,1.00,1.00
2017.01.03 11:25:31.910,1.44266,1.44278,1.25,1.00
2017.01.03 11:25:31.962,1.44264,1.44282,1.12,1.00
2017.01.03 11:25:32.064,1.44265,1.44284,1.50,1.00
2017.01.03 11:25:32.166,1.44265,1.44284,1.00,1.00
2017.01.03 11:25:32.218,1.44262,1.44283,1.50,1.12
2017.01.03 11:25:32.522,1.4426,1.44282,1.00,1.00
2017.01.03 11:25:32.573,1.44263,1.44281,1.00,1.00
2017.01.03 11:25:32.862,1.44261,1.44281,1.50,1.69
2017.01.03 11:25:33.374,1.44261,1.44279,1.25,1.00
2017.01.03 11:25:33.475,1.44262,1.44282,1.00,2.25
2017.01.03 11:25:33.527,1.44264,1.44279,1.00,1.25
2017.01.03 11:25:33.578,1.44261,1.44279,1.50,1.00
2017.01.03 11:25:33.629,1.44261,1.44277,1.69,1.50
2017.01.03 11:25:34.035,1.44257,1.44277,1.50,1.69
2017.01.03 11:25:34.305,1.44259,1.44277,1.00,1.00
2017.01.03 11:25:34.356,1.4426,1.44279,1.00,1.00
2017.01.03 11:25:34.862,1.4426,1.44278,1.00,1.00
2017.01.03 11:25:35.405,1.44259,1.44279,1.00,1.00
2017.01.03 11:25:36.323,1.44258,1.44277,1.00,2.25
2017.01.03 11:25:36.628,1.4426,1.44277,1.00,1.00
2017.01.03 11:25:37.453,1.44259,1.44277,1.00,1.00
2017.01.03 11:25:37.970,1.44257,1.44277,2.44,1.50
2017.01.03 11:25:38.987,1.44259,1.44278,1.00,2.25
2017.01.03 11:25:39.292,1.44265,1.44281,1.19,1.00
2017.01.03 11:25:39.343,1.44262,1.44281,1.00,1.50
2017.01.03 11:25:39.445,1.4426,1.44274,1.00,1.00
2017.01.03 11:25:39.496,1.44257,1.44274,1.50,1.00
2017.01.03 11:25:39.901,1.44258,1.44277,1.00,3.19
2017.01.03 11:25:40.002,1.4426,1.44277,1.00,2.44
2017.01.03 11:25:40.216,1.4426,1.44279,1.00,1.00
2017.01.03 11:25:40.439,1.44262,1.44279,1.00,1.00
2017.01.03 11:25:40.490,1.44262,1.44282,1.00,3.19
2017.01.03 11:25:41.012,1.44261,1.4428,1.00,1.00
2017.01.03 11:25:41.266,1.44263,1.4428,1.00,1.00
2017.01.03 11:25:41.790,1.44262,1.4428,1.00,1.00
2017.01.03 11:25:42.138,1.44254,1.44269,1.00,1.12
2017.01.03 11:25:42.290,1.4425,1.44269,1.19,1.87
2017.01.03 11:25:42.797,1.4425,1.44268,1.19,1.00
2017.01.03 11:25:44.184,1.44249,1.44266,1.50,1.00
2017.01.03 11:25:44.235,1.44246,1.44265,1.50,1.00
2017.01.03 11:25:44.437,1.44245,1.44263,1.00,1.00
2017.01.03 11:25:44.964,1.44243,1.44263,2.44,1.00
2017.01.03 11:25:45.531,1.44243,1.44261,1.19,1.00
2017.01.03 11:25:45.583,1.4424,1.44258,1.00,1.00
2017.01.03 11:25:45.685,1.44242,1.44259,1.00,1.00
2017.01.03 11:25:45.838,1.44242,1.44262,1.00,1.50
2017.01.03 11:25:46.471,1.4424,1.44259,1.00,1.00
2017.01.03 11:25:46.775,1.44238,1.44257,1.00,1.00
2017.01.03 11:25:47.146,1.44236,1.44257,1.69,1.50
2017.01.03 11:25:47.496,1.44238,1.44257,1.00,1.50
2017.01.03 11:25:47.799,1.44241,1.44257,1.69,1.00
2017.01.03 11:25:48.027,1.44241,1.4426,2.44,1.50
2017.01.03 11:25:48.687,1.4424,1.4426,1.00,1.50
2017.01.03 11:25:48.738,1.44239,1.44258,1.69,1.50
2017.01.03 11:25:49.633,1.4424,1.44258,1.00,1.00
2017.01.03 11:25:49.937,1.44242,1.4426,1.00,1.50
2017.01.03 11:25:49.988,1.4424,1.44259,2.25,1.00
2017.01.03 11:25:50.039,1.44242,1.4426,1.00,1.50
2017.01.03 11:25:50.242,1.4424,1.4426,1.50,1.00
2017.01.03 11:25:50.774,1.44243,1.4426,1.00,1.00
2017.01.03 11:25:51.280,1.44242,1.44259,1.25,1.00
2017.01.03 11:25:51.976,1.44242,1.44258,1.25,1.00
2017.01.03 11:25:58.302,1.44239,1.44256,1.19,1.00
2017.01.03 11:25:58.643,1.44239,1.44253,1.19,1.50
2017.01.03 11:25:58.745,1.44235,1.44253,1.50,1.50
2017.01.03 11:25:59.293,1.44231,1.44252,1.00,2.44
2017.01.03 11:25:59.395,1.44231,1.44249,1.00,1.00
2017.01.03 11:26:00.332,1.4423,1.44249,1.25,1.00
2017.01.03 11:26:03.249,1.44234,1.44251,1.19,1.00
2017.01.03 11:26:03.757,1.44235,1.44252,1.69,1.00
2017.01.03 11:26:05.311,1.44233,1.4425,1.00,1.00
2017.01.03 11:26:05.362,1.4423,1.4425,1.37,1.00
2017.01.03 11:26:05.413,1.4423,1.44247,1.00,1.00
2017.01.03 11:26:05.919,1.44228,1.44247,1.56,1.00
2017.01.03 11:26:06.465,1.4423,1.44248,1.69,1.00
2017.01.03 11:26:06.769,1.44221,1.44239,1.69,1.00
2017.01.03 11:26:07.113,1.44223,1.44239,1.00,1.00
2017.01.03 11:26:07.164,1.44224,1.44242,1.00,1.50
2017.01.03 11:26:07.417,1.44226,1.44242,1.00,1.00
2017.01.03 11:26:07.954,1.44225,1.44243,1.50,1.25
2017.01.03 11:26:08.552,1.44226,1.44243,1.00,1.25
2017.01.03 11:26:09.106,1.44227,1.44244,1.00,1.19
2017.01.03 11:26:10.140,1.44226,1.4424,1.00,1.25
2017.01.03 11:26:10.446,1.44221,1.44237,1.00,1.19
2017.01.03 11:26:11.505,1.44221,1.44239,1.25,1.00
2017.01.03 11:26:12.042,1.44221,1.4424,1.25,1.00
2017.01.03 11:26:12.600,1.44222,1.44241,1.00,1.00
2017.01.03 11:26:15.739,1.44223,1.44239,1.00,1.00
2017.01.03 11:26:15.789,1.4422,1.44239,1.69,1.00
2017.01.03 11:26:15.840,1.4422,1.44236,1.00,1.19
2017.01.03 11:26:15.942,1.44217,1.44233,1.00,1.00
2017.01.03 11:26:16.095,1.44218,1.44235,1.00,1.00
2017.01.03 11:26:16.196,1.44221,1.44239,1.00,1.00
2017.01.03 11:26:16.247,1.44223,1.44241,1.00,2.06
2017.01.03 11:26:16.931,1.44225,1.44242,1.00,1.00
2017.01.03 11:26:17.239,1.4423,1.44247,1.00,1.19
2017.01.03 11:26:17.441,1.4423,1.44249,1.50,1.00
2017.01.03 11:26:17.492,1.44232,1.4425,1.00,1.00
2017.01.03 11:26:17.998,1.44232,1.44251,1.00,1.00
2017.01.03 11:26:18.417,1.44235,1.44252,1.00,1.00
2017.01.03 11:26:18.953,1.44236,1.44252,1.00,1.00
2017.01.03 11:26:19.292,1.44236,1.44254,1.00,1.50
2017.01.03 11:26:19.784,1.44235,1.44253,1.00,1.19
2017.01.03 11:26:20.361,1.44235,1.44251,1.00,1.00
2017.01.03 11:26:25.014,1.44234,1.44253,1.00,1.69
2017.01.03 11:26:25.530,1.44235,1.44253,1.00,1.69
2017.01.03 11:26:26.074,1.44235,1.44253,1.00,1.25
2017.01.03 11:26:26.420,1.44237,1.44254,1.00,1.00
2017.01.03 11:26:26.943,1.44239,1.44252,1.00,1.00
2017.01.03 11:26:27.095,1.44241,1.44255,1.00,1.00
2017.01.03 11:26:27.596,1.44242,1.44255,1.00,1.00
2017.01.03 11:26:27.909,1.44244,1.44255,1.00,1.00
2017.01.03 11:26:28.033,1.44242,1.44255,1.00,1.00
2017.01.03 11:26:28.560,1.44243,1.44255,1.00,1.00
2017.01.03 11:26:29.023,1.44245,1.44255,1.00,1.00
2017.01.03 11:26:29.563,1.44244,1.44255,1.00,1.00
2017.01.03 11:26:29.765,1.44242,1.44255,2.25,1.00
2017.01.03 11:26:30.249,1.44242,1.44261,1.00,1.00
2017.01.03 11:26:30.452,1.44244,1.44261,1.00,1.00
2017.01.03 11:26:31.172,1.44243,1.44261,1.00,1.00
2017.01.03 11:26:31.527,1.44241,1.44257,1.00,1.00
2017.01.03 11:26:31.578,1.44241,1.44259,1.50,1.12
2017.01.03 11:26:31.629,1.44239,1.44256,1.00,1.25
2017.01.03 11:26:31.792,1.44234,1.44254,1.00,1.19
2017.01.03 11:26:31.996,1.44234,1.44251,1.00,1.00
2017.01.03 11:26:32.514,1.44234,1.44252,1.00,1.00
2017.01.03 11:26:34.120,1.44233,1.44251,1.00,1.00
2017.01.03 11:26:34.424,1.44231,1.44249,1.00,1.00
2017.01.03 11:26:34.942,1.44231,1.44251,1.00,1.69
2017.01.03 11:26:35.448,1.44231,1.44249,1.00,1.00
2017.01.03 11:26:36.201,1.44227,1.44244,1.00,1.00
2017.01.03 11:26:36.353,1.44224,1.44242,1.00,1.25
2017.01.03 11:26:36.889,1.44226,1.44245,1.00,2.81
2017.01.03 11:26:37.193,1.44229,1.44247,1.00,1.50
2017.01.03 11:26:37.570,1.44232,1.44251,1.00,1.69
2017.01.03 11:26:37.875,1.44234,1.44252,1.00,1.00
2017.01.03 11:26:38.381,1.44233,1.44252,1.00,1.00
2017.01.03 11:26:38.916,1.44233,1.44252,1.00,1.69
2017.01.03 11:26:39.895,1.44228,1.44245,1.00,1.00
2017.01.03 11:26:39.997,1.44226,1.44245,1.00,1.00
2017.01.03 11:26:40.200,1.44227,1.44248,1.00,3.19
2017.01.03 11:26:40.251,1.4423,1.44248,1.00,2.44
2017.01.03 11:26:40.709,1.44228,1.44248,2.25,2.44
2017.01.03 11:26:41.777,1.44228,1.44247,1.00,1.00
2017.01.03 11:26:42.122,1.4423,1.44249,1.00,1.69
2017.01.03 11:26:45.266,1.44229,1.44248,1.00,1.25
2017.01.03 11:26:45.570,1.44231,1.44249,1.00,2.44
2017.01.03 11:26:45.960,1.44227,1.44245,1.00,1.00
2017.01.03 11:26:46.011,1.44225,1.44245,1.00,1.00
2017.01.03 11:26:46.063,1.44225,1.44242,1.00,1.25
2017.01.03 11:26:46.689,1.44224,1.44241,1.00,1.25
2017.01.03 11:26:47.216,1.44223,1.44241,1.00,1.25
2017.01.03 11:26:48.212,1.44223,1.44242,1.50,1.25
2017.01.03 11:26:53.357,1.44225,1.44245,1.00,1.69
2017.01.03 11:26:53.661,1.44227,1.44245,1.00,1.19
2017.01.03 11:26:53.864,1.44228,1.44248,1.50,1.69
2017.01.03 11:26:53.916,1.44228,1.44247,1.00,1.62
2017.01.03 11:26:53.967,1.44224,1.44242,1.69,1.00
2017.01.03 11:26:54.069,1.44222,1.44241,1.00,1.69
2017.01.03 11:26:54.170,1.4422,1.44239,1.00,1.00
2017.01.03 11:26:54.221,1.44218,1.44238,1.00,1.50
2017.01.03 11:26:54.583,1.4422,1.44238,1.00,1.00
2017.01.03 11:26:54.734,1.4422,1.4424,1.00,2.62
2017.01.03 11:26:55.565,1.44219,1.4424,1.50,1.50
2017.01.03 11:26:56.043,1.44221,1.44239,1.00,1.00
2017.01.03 11:26:56.245,1.4422,1.44241,1.00,2.44
2017.01.03 11:26:56.772,1.4422,1.4424,1.50,1.00
2017.01.03 11:26:57.841,1.44217,1.44235,1.00,1.19
2017.01.03 11:26:58.087,1.44205,1.44223,1.00,1.00
2017.01.03 11:26:58.615,1.44205,1.44222,1.50,1.00
2017.01.03 11:26:59.145,1.44205,1.44223,1.00,1.50
2017.01.03 11:26:59.681,1.44204,1.44223,1.25,2.25
2017.01.03 11:27:00.187,1.44205,1.44223,1.00,1.50
2017.01.03 11:27:00.504,1.44204,1.44221,1.25,1.00
2017.01.03 11:27:00.972,1.44202,1.44219,1.00,1.00
2017.01.03 11:27:01.478,1.44201,1.44218,1.00,1.00
2017.01.03 11:27:01.979,1.44202,1.44218,1.00,1.00
2017.01.03 11:27:03.879,1.44198,1.44218,1.00,1.25
2017.01.03 11:27:03.930,1.442,1.44217,1.00,1.00
2017.01.03 11:27:04.083,1.44198,1.44216,1.00,1.00
2017.01.03 11:27:04.336,1.44201,1.44219,1.00,3.56
2017.01.03 11:27:04.640,1.44201,1.44213,1.00,1.00
2017.01.03 11:27:04.742,1.44199,1.44214,1.00,1.00
2017.01.03 11:27:05.249,1.44198,1.44215,1.00,1.00
2017.01.03 11:27:06.186,1.442,1.44215,1.00,1.00
2017.01.03 11:27:06.393,1.44198,1.44215,1.50,1.00
2017.01.03 11:27:07.072,1.44201,1.44216,1.00,1.00
2017.01.03 11:27:07.174,1.44201,1.44219,1.00,1.69
2017.01.03 11:27:07.720,1.44202,1.44218,1.50,1.25
2017.01.03 11:27:08.253,1.44203,1.44219,1.00,1.69
2017.01.03 11:27:08.810,1.44203,1.44222,2.44,1.00
2017.01.03 11:27:08.861,1.44205,1.44222,1.00,1.00
2017.01.03 11:27:09.014,1.44207,1.44225,1.00,1.25
2017.01.03 11:27:09.750,1.44208,1.44225,1.00,1.25
2017.01.03 11:27:11.485,1.44207,1.44225,1.50,1.00
2017.01.03 11:27:11.536,1.44207,1.44222,1.00,1.00
2017.01.03 11:27:11.637,1.44205,1.44222,1.00,1.00
2017.01.03 11:27:11.688,1.44205,1.44219,1.00,1.00
2017.01.03 11:27:12.027,1.44204,1.44217,1.25,1.00
2017.01.03 11:27:12.179,1.44204,1.4422,1.25,1.00
2017.01.03 11:27:12.809,1.44204,1.44219,1.25,1.00
2017.01.03 11:27:14.287,1.44204,1.44218,1.25,1.00
2017.01.03 11:27:14.907,1.44204,1.44219,1.25,1.00
2017.01.03 11:27:15.425,1.44204,1.44218,1.25,1.00
2017.01.03 11:27:16.023,1.44204,1.44219,1.25,1.00
2017.01.03 11:27:16.662,1.44204,1.44218,1.25,1.00
2017.01.03 11:27:17.204,1.44202,1.44218,1.69,1.37
2017.01.03 11:27:17.255,1.44199,1.44215,1.25,1.00
2017.01.03 11:27:17.305,1.44197,1.44212,1.69,1.00
2017.01.03 11:27:17.615,1.44198,1.44214,1.25,1.00
2017.01.03 11:27:17.818,1.44199,1.44216,1.00,1.00
2017.01.03 11:27:18.324,1.442,1.44218,1.00,1.00
2017.01.03 11:27:18.908,1.44199,1.44215,1.00,1.00
2017.01.03 11:27:19.211,1.44197,1.44213,1.19,1.00
2017.01.03 11:27:20.161,1.44197,1.44212,1.69,1.00
2017.01.03 11:27:20.212,1.44196,1.44212,1.25,1.00
2017.01.03 11:27:20.516,1.44197,1.44213,3.19,1.00
2017.01.03 11:27:20.618,1.44198,1.44215,1.25,1.00
2017.01.03 11:27:20.669,1.44198,1.44213,1.25,1.00
2017.01.03 11:27:20.812,1.44198,1.44215,1.25,1.00
2017.01.03 11:27:22.222,1.44197,1.44214,1.19,1.00
2017.01.03 11:27:22.633,1.44197,1.44216,1.69,1.00
2017.01.03 11:27:24.055,1.44197,1.44214,1.69,1.00
2017.01.03 11:27:24.360,1.44197,1.44211,1.19,1.00
2017.01.03 11:27:26.522,1.44194,1.44211,1.25,1.00
2017.01.03 11:27:26.573,1.44197,1.44213,1.00,1.00
2017.01.03 11:27:26.776,1.44195,1.44214,1.00,1.00
2017.01.03 11:27:27.281,1.44196,1.44214,1.00,1.00
2017.01.03 11:27:27.794,1.44196,1.44215,1.50,1.00
2017.01.03 11:27:28.600,1.44196,1.44213,1.50,1.00
2017.01.03 11:27:29.595,1.44196,1.44214,1.69,1.00
2017.01.03 11:27:30.641,1.44197,1.44215,1.50,1.00
2017.01.03 11:27:31.651,1.44198,1.44215,1.00,1.00
2017.01.03 11:27:32.289,1.44198,1.44214,1.00,1.00
2017.01.03 11:27:32.622,1.44201,1.44217,1.00,1.00
2017.01.03 11:27:32.876,1.44197,1.44214,1.69,1.00
2017.01.03 11:27:33.331,1.44198,1.44218,1.00,1.00
2017.01.03 11:27:33.483,1.44199,1.44216,1.00,1.00
2017.01.03 11:27:33.635,1.44197,1.44216,1.69,1.00
2017.01.03 11:27:33.736,1.44197,1.44214,1.69,1.00
2017.01.03 11:27:34.041,1.44203,1.4422,1.00,1.00
2017.01.03 11:27:34.664,1.44202,1.44219,1.31,1.00
2017.01.03 11:27:35.146,1.44207,1.44221,1.19,1.00
2017.01.03 11:27:35.197,1.44209,1.44224,1.25,1.00
2017.01.03 11:27:35.248,1.44207,1.44226,1.00,1.00
2017.01.03 11:27:35.349,1.44208,1.44224,1.50,1.00
2017.01.03 11:27:35.653,1.44208,1.44226,1.00,1.00
2017.01.03 11:27:35.806,1.44207,1.44224,1.00,1.00
2017.01.03 11:27:35.857,1.44209,1.44227,1.00,1.00
2017.01.03 11:27:36.009,1.44209,1.44225,1.00,1.00
2017.01.03 11:27:38.364,1.44208,1.44226,1.00,1.00
2017.01.03 11:27:38.540,1.4421,1.4423,2.44,1.00
2017.01.03 11:27:39.048,1.4421,1.4423,1.69,1.00
2017.01.03 11:27:40.802,1.44211,1.44229,1.25,1.00
2017.01.03 11:27:41.699,1.4421,1.44227,1.69,1.00
2017.01.03 11:27:42.307,1.4421,1.44229,1.69,1.00
2017.01.03 11:27:42.911,1.4421,1.44228,2.44,1.00
2017.01.03 11:27:43.410,1.44211,1.44223,1.19,1.00
2017.01.03 11:27:43.461,1.44207,1.44224,1.87,1.00
2017.01.03 11:27:43.513,1.44207,1.44222,1.69,1.00
2017.01.03 11:27:43.666,1.44206,1.44224,1.19,1.00
2017.01.03 11:27:43.767,1.44206,1.44222,1.19,1.00
2017.01.03 11:27:44.331,1.44206,1.4422,1.19,1.00
2017.01.03 11:27:45.251,1.44206,1.44222,1.19,1.00
2017.01.03 11:27:45.403,1.44207,1.44225,1.25,1.00
2017.01.03 11:27:45.670,1.44202,1.44219,1.50,1.00
2017.01.03 11:27:45.975,1.44199,1.44215,1.19,1.00
2017.01.03 11:27:46.895,1.44199,1.44214,1.19,1.00
2017.01.03 11:27:47.572,1.44199,1.44216,1.19,1.00
2017.01.03 11:27:47.825,1.44195,1.44215,1.00,1.25
2017.01.03 11:27:48.368,1.44194,1.44214,1.69,1.00
2017.01.03 11:27:48.875,1.44194,1.44213,1.69,1.00
2017.01.03 11:27:49.149,1.44196,1.44214,1.19,1.00
2017.01.03 11:27:49.200,1.44194,1.44214,1.00,1.50
2017.01.03 11:27:49.706,1.44193,1.44214,1.69,1.50
2017.01.03 11:27:50.716,1.44194,1.44214,1.00,1.00
2017.01.03 11:27:50.858,1.44194,1.44212,1.00,1.00
2017.01.03 11:27:51.503,1.44192,1.44213,1.69,1.00
2017.01.03 11:27:52.602,1.44192,1.44213,1.00,1.69
2017.01.03 11:27:52.909,1.44188,1.44206,1.00,1.00
2017.01.03 11:27:53.125,1.44185,1.44204,1.50,1.25
2017.01.03 11:27:53.177,1.44183,1.44203,2.25,1.25
2017.01.03 11:27:53.229,1.44183,1.44198,1.50,1.19
2017.01.03 11:27:53.331,1.44181,1.44197,1.00,1.19
2017.01.03 11:27:53.433,1.44179,1.442,1.00,1.00
2017.01.03 11:27:53.485,1.44183,1.44201,1.00,1.25
2017.01.03 11:27:53.789,1.44183,1.44199,1.00,1.25
2017.01.03 11:27:54.245,1.44183,1.44202,1.00,1.69
2017.01.03 11:27:54.744,1.44185,1.44202,1.00,1.25
2017.01.03 11:27:54.845,1.44182,1.44202,1.00,1.25
2017.01.03 11:27:55.200,1.44184,1.44202,1.00,1.25
2017.01.03 11:27:55.858,1.44186,1.44202,1.00,1.25
2017.01.03 11:27:56.635,1.44189,1.44202,1.00,1.25
2017.01.03 11:27:56.687,1.4419,1.44206,1.25,1.00
2017.01.03 11:27:56.738,1.44189,1.44209,2.44,1.00
2017.01.03 11:27:56.840,1.44192,1.44211,1.00,1.00
2017.01.03 11:27:57.145,1.44194,1.44212,1.00,1.50
2017.01.03 11:27:57.248,1.4419,1.44211,2.44,1.00
2017.01.03 11:27:57.400,1.44192,1.44213,1.00,1.50
2017.01.03 11:27:57.712,1.44194,1.44213,1.00,1.00
2017.01.03 11:27:58.220,1.44194,1.44212,1.00,1.00
2017.01.03 11:27:58.727,1.44195,1.44214,1.69,1.50
2017.01.03 11:27:58.830,1.44199,1.44218,1.00,1.00
2017.01.03 11:27:58.881,1.44201,1.4422,1.00,2.81
2017.01.03 11:27:59.033,1.44202,1.44221,1.25,1.00
2017.01.03 11:27:59.717,1.44203,1.44222,1.00,1.00
2017.01.03 11:28:00.694,1.44202,1.4422,1.00,1.50
2017.01.03 11:28:01.210,1.44201,1.44219,1.69,1.00
2017.01.03 11:28:01.726,1.44201,1.4422,1.69,1.00
2017.01.03 11:28:02.113,1.44201,1.44218,1.25,1.00
2017.01.03 11:28:02.192,1.44199,1.44217,1.00,1.00
2017.01.03 11:28:02.244,1.44196,1.44215,3.00,1.25
2017.01.03 11:28:02.295,1.44193,1.44214,3.00,1.00
2017.01.03 11:28:02.347,1.44194,1.44211,1.00,1.00
2017.01.03 11:28:02.652,1.44201,1.44217,1.00,1.12
2017.01.03 11:28:02.856,1.44201,1.44222,1.00,2.81
2017.01.03 11:28:02.908,1.44204,1.44222,1.00,1.69
2017.01.03 11:28:03.245,1.44207,1.44222,1.00,1.19
2017.01.03 11:28:03.644,1.44205,1.44222,1.50,1.19
2017.01.03 11:28:04.232,1.44207,1.44222,1.00,1.19
2017.01.03 11:28:05.089,1.44204,1.44219,1.00,1.19
2017.01.03 11:28:05.140,1.44203,1.44221,1.00,1.19
2017.01.03 11:28:05.676,1.44204,1.44221,1.00,1.19
2017.01.03 11:28:06.208,1.44205,1.44221,1.00,1.19
2017.01.03 11:28:06.428,1.44205,1.44223,1.00,1.19
2017.01.03 11:28:07.338,1.44204,1.44223,1.50,1.19
2017.01.03 11:28:07.389,1.44204,1.4422,1.50,1.25
2017.01.03 11:28:07.894,1.44203,1.4422,1.00,1.25
2017.01.03 11:28:08.420,1.44205,1.4422,1.00,1.25
2017.01.03 11:28:08.674,1.44204,1.44225,1.50,1.00
2017.01.03 11:28:08.775,1.44207,1.44226,1.00,1.87
2017.01.03 11:28:09.318,1.44208,1.44227,1.00,1.00
2017.01.03 11:28:09.853,1.44208,1.44227,1.69,1.00
2017.01.03 11:28:10.057,1.44209,1.4423,1.25,1.87
2017.01.03 11:28:10.661,1.44209,1.44228,1.25,1.00
2017.01.03 11:28:12.930,1.44208,1.44229,1.69,2.25
2017.01.03 11:28:14.443,1.44208,1.44228,1.69,1.00
2017.01.03 11:28:14.974,1.4421,1.44228,1.00,1.00
2017.01.03 11:28:15.778,1.44208,1.44226,1.19,1.00
2017.01.03 11:28:15.834,1.44206,1.44226,1.50,1.00
2017.01.03 11:28:16.340,1.44207,1.44227,1.50,1.25
2017.01.03 11:28:16.600,1.44209,1.44228,1.00,2.25
2017.01.03 11:28:16.903,1.44207,1.44227,1.00,1.50
2017.01.03 11:28:17.663,1.44207,1.44226,1.50,1.00
2017.01.03 11:28:18.214,1.44207,1.44227,1.50,1.50
2017.01.03 11:28:18.787,1.44208,1.44227,1.00,1.50
2017.01.03 11:28:19.244,1.4421,1.44228,1.00,1.00
2017.01.03 11:28:19.755,1.44207,1.44226,1.50,1.00
2017.01.03 11:28:20.059,1.44209,1.44228,1.50,1.50
2017.01.03 11:28:21.057,1.4421,1.44228,1.00,1.00
2017.01.03 11:28:23.908,1.44209,1.44226,1.00,1.00
2017.01.03 11:28:24.060,1.44207,1.44226,1.50,1.00
2017.01.03 11:28:26.158,1.44206,1.44226,1.25,1.00
2017.01.03 11:28:26.311,1.44208,1.44227,1.25,1.00
2017.01.03 11:28:29.042,1.4421,1.44229,1.12,1.00
2017.01.03 11:28:29.346,1.44212,1.4423,1.19,1.00
2017.01.03 11:28:29.855,1.44213,1.44229,1.19,1.00
2017.01.03 11:28:32.075,1.4421,1.44231,2.44,1.00
2017.01.03 11:28:32.228,1.44213,1.44233,1.00,1.31
2017.01.03 11:28:32.530,1.44217,1.44236,1.12,1.25
2017.01.03 11:28:32.834,1.44219,1.44238,2.44,1.00
2017.01.03 11:28:33.017,1.44219,1.4424,1.19,1.50
2017.01.03 11:28:33.675,1.4422,1.4424,1.19,1.00
2017.01.03 11:28:33.827,1.4422,1.44238,1.19,1.00
2017.01.03 11:28:34.417,1.4422,1.44239,1.19,1.00
2017.01.03 11:28:34.924,1.44219,1.44238,3.56,1.00
2017.01.03 11:28:35.431,1.44219,1.44237,1.69,1.00
2017.01.03 11:28:35.735,1.44221,1.44237,1.19,1.00
2017.01.03 11:28:37.413,1.44218,1.44237,1.25,1.00
2017.01.03 11:28:37.943,1.44218,1.44236,1.69,1.00
2017.01.03 11:28:39.023,1.44221,1.44239,1.19,1.50
2017.01.03 11:28:40.246,1.44226,1.4424,1.19,1.00
2017.01.03 11:28:40.834,1.44226,1.44241,1.19,1.50
2017.01.03 11:28:41.878,1.44223,1.44242,1.19,1.50
2017.01.03 11:28:41.930,1.44223,1.44244,1.19,2.25
2017.01.03 11:28:42.032,1.44223,1.44242,1.19,1.00
2017.01.03 11:28:42.363,1.44224,1.4424,1.25,1.50
2017.01.03 11:28:42.730,1.44218,1.44236,1.00,1.00
2017.01.03 11:28:42.782,1.44217,1.44234,1.00,1.00
2017.01.03 11:28:42.884,1.44213,1.44232,1.00,1.00
2017.01.03 11:28:42.935,1.44211,1.44232,1.12,1.00
2017.01.03 11:28:43.036,1.44211,1.4423,1.12,1.00
2017.01.03 11:28:43.569,1.4421,1.4423,2.44,1.00
2017.01.03 11:28:44.177,1.44211,1.4423,1.00,1.00
2017.01.03 11:28:45.128,1.44211,1.44232,1.00,1.50
2017.01.03 11:28:45.331,1.44216,1.44233,1.25,1.00
2017.01.03 11:28:45.483,1.44216,1.44236,1.69,1.00
2017.01.03 11:28:45.990,1.44217,1.44236,1.00,1.50
2017.01.03 11:28:46.438,1.44219,1.44236,1.25,1.00
2017.01.03 11:28:46.590,1.44221,1.4424,1.69,1.00
2017.01.03 11:28:46.692,1.44221,1.44242,1.69,1.12
2017.01.03 11:28:47.195,1.44221,1.44241,2.25,1.50
2017.01.03 11:28:48.289,1.44222,1.44241,1.00,1.00
2017.01.03 11:28:48.542,1.44221,1.44243,1.50,2.62
2017.01.03 11:28:48.705,1.44223,1.44243,1.00,1.87
2017.01.03 11:28:49.315,1.44222,1.44241,1.69,1.00
2017.01.03 11:28:49.417,1.44222,1.44243,1.25,1.50
2017.01.03 11:28:49.721,1.44222,1.44237,1.25,1.00
2017.01.03 11:28:49.773,1.44218,1.44235,1.00,1.00
2017.01.03 11:28:49.874,1.44215,1.44235,1.69,1.00
2017.01.03 11:28:50.128,1.44219,1.44234,1.00,1.00
2017.01.03 11:28:50.179,1.44222,1.44238,1.25,1.00
2017.01.03 11:28:50.281,1.44222,1.4424,1.25,2.62
2017.01.03 11:28:50.789,1.4422,1.4424,1.69,1.00
2017.01.03 11:28:50.840,1.4422,1.44238,1.69,1.00
2017.01.03 11:28:51.207,1.44218,1.44237,1.00,1.00
2017.01.03 11:28:51.410,1.44216,1.44236,1.00,1.00
2017.01.03 11:28:53.725,1.44216,1.44234,1.00,1.00
2017.01.03 11:28:53.878,1.44214,1.44233,1.25,1.00
2017.01.03 11:28:54.408,1.44214,1.44234,1.25,1.00
2017.01.03 11:28:55.873,1.44213,1.44232,3.19,1.00
2017.01.03 11:28:56.394,1.44213,1.44231,1.19,1.00
2017.01.03 11:28:58.342,1.44216,1.44232,1.25,1.50
2017.01.03 11:28:59.103,1.44216,1.44231,1.25,1.00
2017.01.03 11:29:00.431,1.44216,1.44233,1.25,1.50
2017.01.03 11:29:01.761,1.44216,1.44231,1.25,1.00
2017.01.03 11:29:02.021,1.44211,1.44227,1.00,1.00
2017.01.03 11:29:02.173,1.44209,1.44224,1.19,1.00
2017.01.03 11:29:02.326,1.44209,1.44226,1.69,1.00
2017.01.03 11:29:02.532,1.44207,1.44226,1.25,1.00
2017.01.03 11:29:02.786,1.44207,1.44224,1.25,1.00
2017.01.03 11:29:02.939,1.44206,1.44226,1.69,1.50
2017.01.03 11:29:03.040,1.44206,1.44224,1.69,1.00
2017.01.03 11:29:04.645,1.44206,1.44222,1.69,1.00
2017.01.03 11:29:05.333,1.44206,1.44223,1.19,1.00
2017.01.03 11:29:05.435,1.44206,1.44225,1.19,1.50
2017.01.03 11:29:06.006,1.44208,1.44226,1.00,1.87
2017.01.03 11:29:06.522,1.44207,1.44226,1.25,1.12
2017.01.03 11:29:07.056,1.44207,1.44225,1.25,1.00
2017.01.03 11:29:07.586,1.44208,1.44224,1.00,1.00
2017.01.03 11:29:07.738,1.44207,1.44222,1.25,1.00
2017.01.03 11:29:07.840,1.44207,1.44224,1.25,1.00
2017.01.03 11:29:08.359,1.44207,1.44223,1.25,1.50
2017.01.03 11:29:08.614,1.44204,1.44222,1.00,1.00
2017.01.03 11:29:08.666,1.44204,1.4422,1.00,1.00
2017.01.03 11:29:08.969,1.44204,1.44222,1.00,1.50
2017.01.03 11:29:09.509,1.44205,1.44221,1.00,1.00
2017.01.03 11:29:10.014,1.44205,1.44222,1.00,1.50
2017.01.03 11:29:11.786,1.44204,1.44222,1.00,1.00
2017.01.03 11:29:12.363,1.44205,1.44222,1.00,1.00
2017.01.03 11:29:15.885,1.44204,1.44222,1.00,3.19
2017.01.03 11:29:16.391,1.44204,1.44221,1.00,1.00
2017.01.03 11:29:16.920,1.44203,1.44221,1.00,1.00
2017.01.03 11:29:18.449,1.44201,1.44221,1.00,1.50
2017.01.03 11:29:20.671,1.44201,1.44222,1.00,1.69
2017.01.03 11:29:20.773,1.44203,1.44222,1.00,1.69
2017.01.03 11:29:21.218,1.44201,1.44221,1.00,1.50
2017.01.03 11:29:21.421,1.442,1.44219,1.25,1.00
2017.01.03 11:29:21.831,1.44202,1.4422,1.00,1.50
2017.01.03 11:29:22.188,1.44201,1.44218,1.00,1.00
2017.01.03 11:29:22.593,1.442,1.44217,1.00,1.25
2017.01.03 11:29:22.643,1.44198,1.44217,1.50,1.25
2017.01.03 11:29:25.044,1.44198,1.44217,1.00,2.44
2017.01.03 11:29:27.959,1.44196,1.44216,1.87,1.19
2017.01.03 11:29:28.356,1.44196,1.44212,1.87,1.00
2017.01.03 11:29:28.862,1.44195,1.44212,1.00,1.00
2017.01.03 11:29:29.402,1.44194,1.44213,1.50,1.00
2017.01.03 11:29:29.753,1.44196,1.44212,1.00,1.00
2017.01.03 11:29:29.856,1.44196,1.44214,1.12,1.00
2017.01.03 11:29:31.292,1.44196,1.44212,1.00,1.69
2017.01.03 11:29:31.343,1.44194,1.44212,1.00,1.69
2017.01.03 11:29:31.445,1.44192,1.44212,1.12,1.69
2017.01.03 11:29:31.741,1.44193,1.44211,1.50,1.00
2017.01.03 11:29:32.009,1.44195,1.44213,1.00,1.00
2017.01.03 11:29:32.164,1.44193,1.44208,1.12,1.00
2017.01.03 11:29:32.316,1.44186,1.44205,2.25,1.00
2017.01.03 11:29:32.822,1.44187,1.44206,1.00,1.50
2017.01.03 11:29:33.267,1.44186,1.44204,1.50,1.00
2017.01.03 11:29:33.598,1.44183,1.44201,1.19,1.00
2017.01.03 11:29:33.905,1.44189,1.44205,1.69,1.00
2017.01.03 11:29:34.430,1.4419,1.44206,1.31,1.00
2017.01.03 11:29:34.584,1.44193,1.44211,1.00,1.00
2017.01.03 11:29:34.635,1.44195,1.4421,1.00,1.19
2017.01.03 11:29:34.686,1.44192,1.4421,1.00,1.19
2017.01.03 11:29:34.737,1.44192,1.44211,1.25,1.00
2017.01.03 11:29:35.345,1.44191,1.44211,2.44,1.00
2017.01.03 11:29:35.447,1.44192,1.44211,1.25,1.00
2017.01.03 11:29:35.771,1.44194,1.44211,1.00,1.00
2017.01.03 11:29:36.306,1.44194,1.44212,1.00,1.00
2017.01.03 11:29:36.774,1.44192,1.4421,1.37,1.00
2017.01.03 11:29:37.316,1.44192,1.44211,1.37,1.25
2017.01.03 11:29:37.535,1.44192,1.4421,1.00,1.00
2017.01.03 11:29:37.789,1.44195,1.44213,1.00,1.25
2017.01.03 11:29:38.114,1.44198,1.44211,1.25,1.00
2017.01.03 11:29:38.617,1.44192,1.44212,1.50,1.69
2017.01.03 11:29:38.769,1.44191,1.4421,1.12,1.00
2017.01.03 11:29:40.105,1.4419,1.44211,1.69,1.00
2017.01.03 11:29:40.418,1.4419,1.44209,1.25,1.00
2017.01.03 11:29:41.198,1.4419,1.44206,1.25,1.00
2017.01.03 11:29:42.148,1.4419,1.44207,1.25,1.00
2017.01.03 11:29:42.918,1.4419,1.44205,1.25,1.00
2017.01.03 11:29:44.459,1.4419,1.44204,1.25,1.00
2017.01.03 11:29:44.510,1.44187,1.44204,1.25,1.00
2017.01.03 11:29:44.612,1.44187,1.44202,1.25,1.00
2017.01.03 11:29:45.119,1.44186,1.44203,1.19,1.00
2017.01.03 11:29:45.426,1.44186,1.44201,1.19,1.00
2017.01.03 11:29:45.679,1.44183,1.442,1.00,1.00
2017.01.03 11:29:45.730,1.44179,1.44198,3.37,1.00
2017.01.03 11:29:45.832,1.44179,1.44196,1.00,1.00
2017.01.03 11:29:45.883,1.44176,1.44196,2.62,1.00
2017.01.03 11:29:45.934,1.44176,1.44194,1.12,1.00
2017.01.03 11:29:45.998,1.44175,1.44196,1.50,1.00
2017.01.03 11:29:46.353,1.44174,1.4419,3.00,1.69
2017.01.03 11:29:46.505,1.44168,1.44186,3.00,1.31
2017.01.03 11:29:46.607,1.44165,1.44183,3.37,1.00
2017.01.03 11:29:47.031,1.44164,1.44181,1.50,1.00
2017.01.03 11:29:47.234,1.44158,1.44177,1.12,1.19
2017.01.03 11:29:47.752,1.44159,1.44179,1.00,1.00
2017.01.03 11:29:47.805,1.44161,1.4418,1.00,2.25
2017.01.03 11:29:48.391,1.44158,1.44179,3.00,1.00
2017.01.03 11:29:49.540,1.44159,1.44179,1.87,1.25
2017.01.03 11:29:49.849,1.44161,1.44179,1.00,1.25
2017.01.03 11:29:50.823,1.44159,1.44179,2.62,1.25
2017.01.03 11:29:52.144,1.44159,1.44178,1.12,1.00
2017.01.03 11:29:53.543,1.44159,1.44179,1.12,1.69
2017.01.03 11:29:53.594,1.44161,1.44179,1.00,1.25
2017.01.03 11:29:53.925,1.4416,1.44178,1.00,1.19
2017.01.03 11:29:54.027,1.44159,1.44179,1.12,3.19
2017.01.03 11:29:54.128,1.44157,1.44178,1.50,1.50
2017.01.03 11:29:54.179,1.44158,1.44177,1.37,1.00
2017.01.03 11:29:54.517,1.44159,1.44179,1.87,1.00
2017.01.03 11:29:54.620,1.44161,1.4418,1.00,1.00
2017.01.03 11:29:55.076,1.44163,1.44181,1.00,1.19
2017.01.03 11:29:55.759,1.44162,1.44181,1.00,1.69
2017.01.03 11:29:56.170,1.4416,1.4418,1.00,1.25
2017.01.03 11:29:56.719,1.44159,1.44174,1.00,1.19
2017.01.03 11:29:56.770,1.44156,1.44174,1.50,1.69
2017.01.03 11:29:56.982,1.44155,1.44175,1.00,2.44
2017.01.03 11:29:57.134,1.44153,1.44174,1.00,1.50
2017.01.03 11:29:57.237,1.44155,1.44174,1.00,1.00
2017.01.03 11:29:57.338,1.44155,1.44176,1.00,1.00
2017.01.03 11:29:57.642,1.44154,1.4417,1.00,1.19
2017.01.03 11:29:57.794,1.44152,1.4417,1.00,1.19
2017.01.03 11:29:59.285,1.44153,1.4417,1.00,1.19
2017.01.03 11:29:59.438,1.44153,1.44172,1.00,1.50
2017.01.03 11:29:59.945,1.44154,1.44173,1.00,1.25
2017.01.03 11:30:00.488,1.44154,1.44172,1.00,1.00
2017.01.03 11:30:00.677,1.44152,1.44173,1.00,1.25
2017.01.03 11:30:00.929,1.44156,1.44173,1.00,1.25
2017.01.03 11:30:01.233,1.44149,1.44165,1.00,1.19
2017.01.03 11:30:01.335,1.44146,1.44165,1.00,1.69
2017.01.03 11:30:01.588,1.44147,1.44166,1.00,1.25
2017.01.03 11:30:01.970,1.44149,1.44165,1.00,1.00
2017.01.03 11:30:02.021,1.44147,1.44165,1.00,1.00
2017.01.03 11:30:02.527,1.44147,1.44166,1.00,1.25
2017.01.03 11:30:02.579,1.4415,1.44166,1.00,1.25
2017.01.03 11:30:02.882,1.44155,1.44167,1.00,1.00
2017.01.03 11:30:02.962,1.44156,1.44172,1.00,1.00
2017.01.03 11:30:03.486,1.44155,1.44173,1.00,1.00
2017.01.03 11:30:04.410,1.44153,1.44172,1.00,1.50
2017.01.03 11:30:04.461,1.44154,1.44172,1.00,2.06
2017.01.03 11:30:04.512,1.4415,1.44169,1.00,1.00
2017.01.03 11:30:05.021,1.44149,1.44169,1.00,1.87
2017.01.03 11:30:05.566,1.4415,1.44169,1.00,3.37
2017.01.03 11:30:07.936,1.44149,1.44169,1.00,2.25
2017.01.03 11:30:08.088,1.44149,1.44169,1.00,3.00
2017.01.03 11:30:08.398,1.44149,1.44169,1.00,1.87
2017.01.03 11:30:08.976,1.4415,1.44169,1.00,2.62
2017.01.03 11:30:09.583,1.4415,1.44169,1.00,2.62
2017.01.03 11:30:10.500,1.4415,1.44167,1.00,1.00
2017.01.03 11:30:11.017,1.44151,1.44168,1.00,1.00
2017.01.03 11:30:11.913,1.44149,1.44168,1.00,1.00
2017.01.03 11:30:12.015,1.44151,1.44169,1.00,1.00
2017.01.03 11:30:12.269,1.44158,1.44177,1.50,1.50
2017.01.03 11:30:12.371,1.44158,1.44176,1.00,1.90
2017.01.03 11:30:12.472,1.44156,1.44172,1.00,1.00
2017.01.03 11:30:12.978,1.44157,1.44174,1.00,1.37
2017.01.03 11:30:13.125,1.44157,1.44175,1.00,1.12
2017.01.03 11:30:13.481,1.44154,1.44172,1.69,1.00
2017.01.03 11:30:17.412,1.44156,1.44172,1.00,1.00
2017.01.03 11:30:17.754,1.44165,1.4418,1.00,1.00
2017.01.03 11:30:18.294,1.44165,1.44181,1.00,1.25
2017.01.03 11:30:18.771,1.44164,1.4418,1.00,1.19
2017.01.03 11:30:19.326,1.44163,1.4418,1.00,1.19
2017.01.03 11:30:19.781,1.44165,1.44182,1.00,2.44
2017.01.03 11:30:20.304,1.44166,1.44182,1.00,1.19
2017.01.03 11:30:20.759,1.44167,1.44185,1.00,2.06
2017.01.03 11:30:21.304,1.44168,1.44185,1.00,1.25
2017.01.03 11:30:21.813,1.44169,1.44185,1.00,1.25
2017.01.03 11:30:21.965,1.44167,1.44185,1.00,1.25
2017.01.03 11:30:22.388,1.44169,1.44185,1.00,1.25
2017.01.03 11:30:22.541,1.44167,1.44185,1.00,1.25
2017.01.03 11:30:22.895,1.44169,1.44185,1.00,1.25
2017.01.03 11:30:23.431,1.4417,1.44185,1.00,1.25
2017.01.03 11:30:23.481,1.44167,1.44185,1.00,1.25
2017.01.03 11:30:23.684,1.44165,1.44185,1.00,2.44
2017.01.03 11:30:23.887,1.44165,1.44183,1.00,1.00
2017.01.03 11:30:24.191,1.44167,1.44185,1.00,2.44
2017.01.03 11:30:24.704,1.44168,1.44185,1.00,1.25
2017.01.03 11:30:25.479,1.4417,1.44187,1.00,1.25
2017.01.03 11:30:25.530,1.44172,1.4419,1.00,1.87
2017.01.03 11:30:25.632,1.44174,1.44191,1.00,1.25
2017.01.03 11:30:26.138,1.44175,1.44191,1.00,1.25
2017.01.03 11:30:28.062,1.44174,1.44191,1.00,1.69
2017.01.03 11:30:28.214,1.44172,1.44191,1.00,1.69
2017.01.03 11:30:28.265,1.44175,1.44191,1.00,1.25
2017.01.03 11:30:28.367,1.44173,1.44192,1.25,1.00
2017.01.03 11:30:28.418,1.44173,1.44194,1.25,1.50
2017.01.03 11:30:28.520,1.44175,1.44194,1.00,1.50
2017.01.03 11:30:28.825,1.44177,1.44196,1.00,1.00
2017.01.03 11:30:28.977,1.44178,1.44198,1.00,1.00
2017.01.03 11:30:29.130,1.44178,1.44196,1.00,1.00
2017.01.03 11:30:30.081,1.44178,1.44195,1.00,1.00
2017.01.03 11:30:30.924,1.44177,1.44195,1.00,1.00
2017.01.03 11:30:31.537,1.44175,1.44196,1.00,1.00
2017.01.03 11:30:31.689,1.44175,1.44194,1.00,1.00
2017.01.03 11:30:32.010,1.44173,1.44191,1.69,1.00
2017.01.03 11:30:32.520,1.44173,1.4419,1.19,1.00
2017.01.03 11:30:33.030,1.44173,1.44189,1.19,1.00
2017.01.03 11:30:35.842,1.44173,1.44188,1.19,1.00
2017.01.03 11:30:40.517,1.44171,1.44188,2.06,1.00
2017.01.03 11:30:42.143,1.44171,1.44192,2.06,1.00
2017.01.03 11:30:44.302,1.44171,1.44191,2.06,1.00
2017.01.03 11:30:44.885,1.44171,1.4419,2.06,1.00
2017.01.03 11:30:45.487,1.44171,1.44189,1.31,1.00
2017.01.03 11:30:45.997,1.44171,1.4419,2.06,1.50
2017.01.03 11:30:46.049,1.44171,1.44187,2.06,1.00
2017.01.03 11:30:46.151,1.44169,1.44186,1.25,1.00
2017.01.03 11:30:46.253,1.44169,1.44188,1.25,1.50
2017.01.03 11:30:47.382,1.44169,1.44187,1.25,1.00
2017.01.03 11:30:47.897,1.44167,1.44187,4.12,1.00
2017.01.03 11:30:48.454,1.44167,1.44188,3.37,1.50
2017.01.03 11:30:49.144,1.44172,1.44191,1.00,3.37
2017.01.03 11:30:49.195,1.44173,1.44193,1.00,2.25
2017.01.03 11:30:49.782,1.44174,1.44193,1.00,1.00
2017.01.03 11:30:50.440,1.44176,1.44193,1.00,1.00
2017.01.03 11:30:51.093,1.44176,1.44195,1.00,1.50
2017.01.03 11:30:51.613,1.44175,1.44194,1.00,1.00
2017.01.03 11:30:52.214,1.44176,1.44195,1.00,1.00
2017.01.03 11:30:52.758,1.44178,1.44198,1.25,1.50
2017.01.03 11:30:52.941,1.44182,1.44201,1.00,1.12
2017.01.03 11:30:53.464,1.44182,1.44202,1.50,1.00
2017.01.03 11:30:53.944,1.44184,1.44202,1.00,1.00
2017.01.03 11:30:54.474,1.44184,1.44203,1.12,1.00
2017.01.03 11:30:54.902,1.44184,1.44205,1.12,2.25
2017.01.03 11:30:55.561,1.44184,1.44202,1.00,1.00
2017.01.03 11:30:55.764,1.44182,1.44202,1.00,1.00
2017.01.03 11:30:56.273,1.44183,1.44202,1.50,1.00
2017.01.03 11:30:57.097,1.44183,1.44201,1.50,1.00
2017.01.03 11:30:57.360,1.44183,1.44203,1.00,1.00
2017.01.03 11:30:57.600,1.44185,1.44203,1.00,1.50
2017.01.03 11:30:57.753,1.44186,1.44205,1.00,1.50
2017.01.03 11:30:58.318,1.44186,1.44204,1.00,1.00
2017.01.03 11:30:58.737,1.44184,1.44204,1.00,2.25
2017.01.03 11:30:58.788,1.44184,1.442,1.00,2.62
2017.01.03 11:30:58.941,1.44175,1.44193,1.12,1.50
2017.01.03 11:30:59.246,1.44174,1.44195,1.87,1.50
2017.01.03 11:30:59.297,1.44176,1.44195,1.00,1.12
2017.01.03 11:30:59.810,1.44177,1.44194,1.00,1.00
2017.01.03 11:30:59.912,1.44176,1.44196,1.00,1.69
2017.01.03 11:31:00.470,1.44176,1.44195,1.00,1.50
2017.01.03 11:31:01.082,1.44176,1.44195,1.00,1.87
2017.01.03 11:31:01.184,1.44176,1.44195,1.00,1.50
2017.01.03 11:31:01.701,1.44175,1.44194,1.50,1.00
2017.01.03 11:31:02.934,1.44173,1.44194,1.87,2.25
2017.01.03 11:31:03.443,1.44174,1.44194,1.00,2.25
2017.01.03 11:31:05.236,1.44175,1.44193,1.00,1.00
2017.01.03 11:31:05.439,1.44173,1.44194,1.87,1.00
2017.01.03 11:31:05.490,1.44175,1.44194,1.00,1.50
2017.01.03 11:31:06.027,1.44174,1.44193,1.00,1.00
2017.01.03 11:31:07.002,1.44173,1.44194,1.12,1.00
2017.01.03 11:31:07.386,1.44174,1.44195,2.81,1.00
2017.01.03 11:31:07.690,1.44177,1.44195,1.00,1.00
2017.01.03 11:31:08.218,1.44177,1.44196,1.50,1.00
2017.01.03 11:31:08.822,1.44177,1.44197,1.00,1.00
2017.01.03 11:31:09.343,1.44177,1.44196,1.00,1.00
2017.01.03 11:31:11.136,1.44177,1.44197,1.00,1.00
2017.01.03 11:31:11.440,1.44174,1.44193,1.50,1.00
2017.01.03 11:31:11.898,1.44174,1.44195,2.25,2.81
2017.01.03 11:31:12.632,1.44175,1.44194,1.00,1.00
2017.01.03 11:31:12.936,1.44173,1.44193,1.00,1.00
2017.01.03 11:31:13.453,1.44173,1.44192,1.25,1.00
2017.01.03 11:31:14.053,1.44173,1.44194,1.25,1.50
2017.01.03 11:31:15.371,1.44174,1.44194,1.00,1.00
2017.01.03 11:31:15.966,1.44175,1.44194,1.00,1.00
2017.01.03 11:31:16.017,1.44177,1.44195,1.00,1.00
2017.01.03 11:31:16.321,1.44182,1.442,1.00,1.00
2017.01.03 11:31:16.423,1.44182,1.44202,1.12,1.12
2017.01.03 11:31:16.970,1.44182,1.44201,1.00,1.00
2017.01.03 11:31:17.071,1.4418,1.44201,1.50,1.50
2017.01.03 11:31:17.223,1.44181,1.44199,1.00,1.00
2017.01.03 11:31:17.748,1.4418,1.44198,1.00,1.00
2017.01.03 11:31:18.297,1.44179,1.44198,1.69,1.00
2017.01.03 11:31:18.604,1.44176,1.44196,1.00,2.25
2017.01.03 11:31:18.916,1.44177,1.44194,1.00,1.00
2017.01.03 11:31:18.968,1.44175,1.44194,2.25,1.00
2017.01.03 11:31:19.019,1.44177,1.44195,1.00,1.00
2017.01.03 11:31:19.120,1.44177,1.44197,1.00,1.00
2017.01.03 11:31:19.632,1.44176,1.44196,1.00,1.00
2017.01.03 11:31:20.109,1.44175,1.44194,1.00,1.50
2017.01.03 11:31:20.414,1.44172,1.44188,1.00,1.00
2017.01.03 11:31:20.465,1.44172,1.44191,2.25,1.00
2017.01.03 11:31:20.621,1.44174,1.44192,1.00,1.00
2017.01.03 11:31:21.148,1.44174,1.44193,1.50,1.50
2017.01.03 11:31:21.656,1.44175,1.44193,1.00,1.50
2017.01.03 11:31:23.837,1.44176,1.44193,1.00,1.50
2017.01.03 11:31:24.354,1.44175,1.44193,1.00,1.00
2017.01.03 11:31:25.736,1.44174,1.44193,1.00,1.00
2017.01.03 11:31:26.041,1.4418,1.44199,1.25,1.12
2017.01.03 11:31:26.530,1.44179,1.44197,1.00,1.00
2017.01.03 11:31:26.834,1.44182,1.44199,1.00,1.00
2017.01.03 11:31:27.355,1.44181,1.442,1.00,1.12
2017.01.03 11:31:27.884,1.44181,1.44199,1.00,1.00
2017.01.03 11:31:28.428,1.44182,1.442,1.00,1.12
2017.01.03 11:31:28.946,1.44181,1.442,1.00,1.12
2017.01.03 11:31:29.429,1.44179,1.44199,1.50,1.00
2017.01.03 11:31:29.685,1.44179,1.44196,1.00,1.00
2017.01.03 11:31:30.226,1.44179,1.44197,1.00,1.50
2017.01.03 11:31:30.736,1.44179,1.44196,1.00,1.00
2017.01.03 11:31:31.391,1.44179,1.44197,1.00,1.00
2017.01.03 11:31:31.695,1.44184,1.44202,1.00,1.87
2017.01.03 11:31:32.292,1.44184,1.44204,1.00,1.69
2017.01.03 11:31:32.803,1.44185,1.44204,1.00,1.69
2017.01.03 11:31:33.351,1.44184,1.44204,1.00,1.69
2017.01.03 11:31:33.857,1.44183,1.44203,1.00,1.00
2017.01.03 11:31:34.935,1.44184,1.44203,1.00,1.00
2017.01.03 11:31:35.442,1.44183,1.44203,1.00,1.00
2017.01.03 11:31:35.798,1.44185,1.44204,1.00,2.44
2017.01.03 11:31:36.341,1.44186,1.44203,1.00,1.00
2017.01.03 11:31:36.867,1.44186,1.44204,1.00,1.25
2017.01.03 11:31:37.317,1.44183,1.44199,2.25,1.19
2017.01.03 11:31:37.419,1.44181,1.44199,1.00,1.19
2017.01.03 11:31:37.965,1.44182,1.44201,1.00,1.50
2017.01.03 11:31:38.573,1.44183,1.44202,1.00,1.69
2017.01.03 11:31:39.096,1.44183,1.44203,1.37,1.19
2017.01.03 11:31:40.386,1.44185,1.44205,1.37,1.00
2017.01.03 11:31:40.892,1.44188,1.44205,1.00,1.00
2017.01.03 11:31:40.943,1.44188,1.44207,1.00,1.00
2017.01.03 11:31:41.348,1.4419,1.44208,1.00,2.44
2017.01.03 11:31:41.891,1.44189,1.44207,1.50,1.00
2017.01.03 11:31:42.395,1.44189,1.44208,1.50,1.25
2017.01.03 11:31:42.924,1.44189,1.44207,1.00,1.00
2017.01.03 11:31:43.427,1.44191,1.44208,1.00,1.25
2017.01.03 11:31:43.833,1.44188,1.44203,1.00,1.25
2017.01.03 11:31:43.998,1.44184,1.44202,1.12,1.19
2017.01.03 11:31:44.049,1.44182,1.44199,1.00,1.25
2017.01.03 11:31:44.202,1.44184,1.44203,1.00,1.50
2017.01.03 11:31:44.253,1.44183,1.442,1.00,1.25
2017.01.03 11:31:44.456,1.44182,1.44203,2.25,1.69
2017.01.03 11:31:44.558,1.44183,1.44203,2.25,1.25
2017.01.03 11:31:45.014,1.44185,1.44205,1.50,1.00
2017.01.03 11:31:45.117,1.44188,1.44206,1.00,1.00
2017.01.03 11:31:45.635,1.44188,1.44207,1.87,1.69
2017.01.03 11:31:46.145,1.44188,1.44207,1.00,2.44
2017.01.03 11:31:46.456,1.44188,1.44205,1.00,1.00
2017.01.03 11:31:46.507,1.44184,1.44205,2.25,1.50
2017.01.03 11:31:47.584,1.44184,1.44204,2.25,1.00
2017.01.03 11:31:47.838,1.44184,1.44202,1.00,1.00
2017.01.03 11:31:48.109,1.44175,1.44195,2.25,1.00
2017.01.03 11:31:48.615,1.44175,1.44195,1.00,1.00
2017.01.03 11:31:49.928,1.44176,1.44195,1.19,1.00
2017.01.03 11:31:51.233,1.44176,1.44194,1.69,1.00
2017.01.03 11:31:52.018,1.44176,1.44196,3.19,1.50
2017.01.03 11:31:52.322,1.44176,1.44194,1.69,1.00
2017.01.03 11:31:52.576,1.44174,1.44192,1.00,1.00
2017.01.03 11:31:52.940,1.44173,1.4419,1.00,1.00
2017.01.03 11:31:53.802,1.44173,1.44192,1.00,1.00
2017.01.03 11:31:54.315,1.44173,1.44191,1.00,1.00
2017.01.03 11:31:55.033,1.44173,1.4419,1.00,1.00
2017.01.03 11:31:55.340,1.44171,1.44191,1.00,1.00
2017.01.03 11:31:56.036,1.44172,1.4419,1.12,1.00
2017.01.03 11:31:56.087,1.44173,1.44192,1.00,1.00
2017.01.03 11:31:56.138,1.44177,1.44194,1.00,1.50
2017.01.03 11:31:56.240,1.44177,1.44196,1.00,1.00
2017.01.03 11:31:56.637,1.4418,1.44199,1.00,1.87
2017.01.03 11:31:56.942,1.44179,1.44197,1.00,1.00
2017.01.03 11:31:57.247,1.44177,1.44195,1.50,1.00
2017.01.03 11:31:57.997,1.44177,1.44197,1.50,1.00
2017.01.03 11:31:58.461,1.44177,1.44195,1.00,1.00
2017.01.03 11:31:58.920,1.44176,1.44197,2.25,1.00
2017.01.03 11:31:59.173,1.44177,1.44195,1.00,1.00
2017.01.03 11:31:59.275,1.44174,1.44195,2.81,1.00
2017.01.03 11:31:59.427,1.44175,1.44193,1.50,1.00
2017.01.03 11:32:00.389,1.44175,1.44194,1.50,1.50
2017.01.03 11:32:01.984,1.44174,1.44194,1.69,1.50
2017.01.03 11:32:02.288,1.44174,1.44192,1.25,1.00
2017.01.03 11:32:02.901,1.44174,1.44191,1.25,1.00
2017.01.03 11:32:05.810,1.44174,1.4419,1.25,1.00
2017.01.03 11:32:06.705,1.44174,1.44189,1.25,1.00
2017.01.03 11:32:07.039,1.4417,1.44189,1.50,1.00
2017.01.03 11:32:08.043,1.4417,1.4419,1.69,1.00
2017.01.03 11:32:10.973,1.44172,1.44193,2.44,2.25
2017.01.03 11:32:11.278,1.44175,1.44195,1.00,2.25
2017.01.03 11:32:11.867,1.44174,1.44194,1.00,1.50
2017.01.03 11:32:12.216,1.44172,1.44191,2.25,1.00
2017.01.03 11:32:12.734,1.44171,1.44191,1.50,1.00
2017.01.03 11:32:13.038,1.44173,1.44192,1.00,1.00
2017.01.03 11:32:13.533,1.44174,1.44194,1.00,2.62
2017.01.03 11:32:13.777,1.44174,1.44192,1.00,1.00
2017.01.03 11:32:14.586,1.44172,1.44192,1.69,1.00
2017.01.03 11:32:14.773,1.44172,1.44194,1.69,2.25
2017.01.03 11:32:15.059,1.44174,1.44194,1.00,2.25
2017.01.03 11:32:15.414,1.44175,1.44195,1.31,1.00
2017.01.03 11:32:15.718,1.4418,1.44198,1.25,1.00
2017.01.03 11:32:16.225,1.44179,1.44199,1.19,1.50
2017.01.03 11:32:16.556,1.44178,1.44197,2.44,1.00
2017.01.03 11:32:17.498,1.44178,1.44198,2.44,1.50
2017.01.03 11:32:18.551,1.44178,1.44197,2.44,1.00
2017.01.03 11:32:19.323,1.44178,1.44196,1.19,1.00
2017.01.03 11:32:19.952,1.44178,1.44197,1.19,1.50
2017.01.03 11:32:23.237,1.44178,1.44195,1.19,1.00
2017.01.03 11:32:24.487,1.44181,1.44195,1.19,1.00
2017.01.03 11:32:25.689,1.44181,1.44196,1.19,1.50
2017.01.03 11:32:26.227,1.4419,1.44197,1.19,1.50
2017.01.03 11:32:26.279,1.4419,1.44201,1.19,1.00
2017.01.03 11:32:26.330,1.4419,1.44203,1.19,1.00
2017.01.03 11:32:26.634,1.44192,1.44203,1.19,1.00
2017.01.03 11:32:26.685,1.44184,1.44203,1.50,1.00
2017.01.03 11:32:26.736,1.44184,1.44201,1.50,1.00
2017.01.03 11:32:26.787,1.44187,1.44205,1.00,1.50
2017.01.03 11:32:26.838,1.44187,1.44203,1.00,1.00
2017.01.03 11:32:27.349,1.44184,1.442,1.19,1.00
2017.01.03 11:32:28.011,1.44184,1.44202,1.19,1.00
2017.01.03 11:32:28.448,1.44184,1.44199,1.19,1.00
2017.01.03 11:32:28.499,1.44184,1.44201,1.19,1.00
2017.01.03 11:32:29.093,1.44184,1.442,1.19,1.00
2017.01.03 11:32:31.950,1.44187,1.442,1.19,1.00
2017.01.03 11:32:32.430,1.44187,1.44205,2.06,1.50
2017.01.03 11:32:32.582,1.44187,1.44207,2.06,1.00
2017.01.03 11:32:33.958,1.44188,1.44206,1.19,1.00
2017.01.03 11:32:34.110,1.44188,1.44204,1.19,1.00
2017.01.03 11:32:34.336,1.44186,1.44203,1.25,1.50
2017.01.03 11:32:34.870,1.44184,1.44202,1.19,1.00
2017.01.03 11:32:36.066,1.44181,1.442,2.06,1.00
2017.01.03 11:32:36.219,1.4418,1.44197,1.19,1.00
2017.01.03 11:32:36.518,1.44184,1.44202,1.19,1.00
2017.01.03 11:32:36.620,1.44184,1.442,1.19,1.00
2017.01.03 11:32:37.127,1.44184,1.44201,1.19,1.00
2017.01.03 11:32:39.599,1.44184,1.442,1.19,1.00
2017.01.03 11:32:39.650,1.44184,1.44202,1.19,1.00
2017.01.03 11:32:39.997,1.44184,1.442,1.19,1.00
2017.01.03 11:32:40.402,1.44182,1.44201,1.19,1.00
2017.01.03 11:32:40.453,1.4418,1.44201,1.69,1.00
2017.01.03 11:32:40.958,1.44181,1.44201,1.69,1.00
2017.01.03 11:32:41.541,1.44182,1.442,1.69,1.00
2017.01.03 11:32:41.592,1.44182,1.44202,1.69,1.00
2017.01.03 11:32:42.160,1.44183,1.44202,1.00,1.00
2017.01.03 11:32:43.311,1.44183,1.44201,1.00,1.00
2017.01.03 11:32:45.418,1.44183,1.44203,1.00,1.50
2017.01.03 11:32:45.520,1.44186,1.44203,1.00,1.50
2017.01.03 11:32:46.105,1.44186,1.44204,1.00,2.25
2017.01.03 11:32:46.257,1.44183,1.44202,1.00,1.50
2017.01.03 11:32:46.769,1.44182,1.44201,1.00,1.00
2017.01.03 11:32:47.279,1.44182,1.442,1.00,1.00
2017.01.03 11:32:47.820,1.44182,1.44199,1.50,1.00
2017.01.03 11:32:49.618,1.44182,1.442,1.00,1.50
2017.01.03 11:32:51.842,1.44182,1.44201,1.00,1.50
2017.01.03 11:32:51.893,1.44184,1.44201,1.00,1.00
2017.01.03 11:32:52.402,1.44184,1.44202,1.00,1.50
2017.01.03 11:32:52.909,1.44182,1.442,1.69,1.00
2017.01.03 11:32:53.418,1.44182,1.44199,1.69,1.00
2017.01.03 11:32:53.469,1.44182,1.44201,1.69,1.50
2017.01.03 11:32:53.925,1.44182,1.44198,1.69,1.00
2017.01.03 11:32:54.077,1.44182,1.44201,1.19,2.62
2017.01.03 11:32:54.606,1.44182,1.44199,1.69,1.00
2017.01.03 11:32:56.901,1.44182,1.442,1.69,1.00
2017.01.03 11:32:57.535,1.44182,1.442,1.69,1.00
2017.01.03 11:32:58.041,1.44188,1.442,1.19,1.00
2017.01.03 11:32:58.194,1.44187,1.44205,1.69,1.00
2017.01.03 11:32:58.245,1.44188,1.44207,1.25,1.00
2017.01.03 11:32:58.397,1.44188,1.44205,1.25,1.00
2017.01.03 11:32:58.782,1.44191,1.44208,1.19,2.25
2017.01.03 11:32:58.884,1.44192,1.4421,1.25,2.25
2017.01.03 11:32:59.392,1.44193,1.44211,1.00,1.00
2017.01.03 11:32:59.922,1.44193,1.44212,1.00,3.00
2017.01.03 11:33:00.444,1.44194,1.44212,1.00,1.50
2017.01.03 11:33:00.899,1.44196,1.44213,1.00,1.00
2017.01.03 11:33:01.136,1.44198,1.44216,1.00,1.00
2017.01.03 11:33:01.188,1.44198,1.44218,1.00,1.00
2017.01.03 11:33:01.391,1.442,1.44218,1.00,1.00
2017.01.03 11:33:01.754,1.44202,1.44219,1.25,1.00
2017.01.03 11:33:02.059,1.44202,1.44216,1.25,1.00
2017.01.03 11:33:02.113,1.44202,1.44219,1.25,1.00
2017.01.03 11:33:02.753,1.44201,1.44218,1.00,1.00
2017.01.03 11:33:03.450,1.44201,1.44219,1.00,1.00
2017.01.03 11:33:03.770,1.44203,1.44219,1.00,1.00
2017.01.03 11:33:04.023,1.44202,1.44221,1.00,3.00
2017.01.03 11:33:04.225,1.44199,1.44218,1.00,1.00
2017.01.03 11:33:04.529,1.44203,1.44221,1.19,2.62
2017.01.03 11:33:04.681,1.44205,1.44223,1.00,1.12
2017.01.03 11:33:04.884,1.44206,1.44223,1.69,1.12
2017.01.03 11:33:05.138,1.44208,1.44225,1.69,1.12
2017.01.03 11:33:05.290,1.44209,1.44227,1.25,1.50
2017.01.03 11:33:05.813,1.4421,1.44228,1.00,2.62
2017.01.03 11:33:06.211,1.44208,1.44225,1.69,1.00
2017.01.03 11:33:06.567,1.44208,1.44227,1.25,1.00
2017.01.03 11:33:07.278,1.4421,1.44227,1.00,1.00
2017.01.03 11:33:07.430,1.4421,1.44229,1.00,1.12
2017.01.03 11:33:07.770,1.44208,1.44229,1.69,1.87
2017.01.03 11:33:07.974,1.44212,1.44229,1.25,1.12
2017.01.03 11:33:08.076,1.44215,1.44233,1.00,1.50
2017.01.03 11:33:08.621,1.44214,1.44232,1.00,1.00
2017.01.03 11:33:08.925,1.44213,1.4423,1.25,1.00
2017.01.03 11:33:09.939,1.44212,1.44229,1.69,1.00
2017.01.03 11:33:10.465,1.44212,1.44228,1.69,1.50
2017.01.03 11:33:11.100,1.44213,1.4423,1.69,1.00
2017.01.03 11:33:11.202,1.44215,1.44232,1.25,1.00
2017.01.03 11:33:11.253,1.44218,1.44234,1.19,1.50
2017.01.03 11:33:11.456,1.44218,1.44236,1.69,1.12
2017.01.03 11:33:11.740,1.44216,1.44233,1.69,1.00
2017.01.03 11:33:12.044,1.44217,1.44236,1.25,1.00
2017.01.03 11:33:12.534,1.44219,1.44236,1.69,1.00
2017.01.03 11:33:12.737,1.44221,1.44238,1.00,1.00
2017.01.03 11:33:12.788,1.44221,1.4424,1.00,1.50
2017.01.03 11:33:13.041,1.44224,1.44241,1.00,1.12
2017.01.03 11:33:13.476,1.44222,1.44241,1.25,1.12
2017.01.03 11:33:14.018,1.44222,1.4424,1.25,1.00
2017.01.03 11:33:14.617,1.44222,1.44241,1.25,2.25
2017.01.03 11:33:14.668,1.44224,1.44241,1.19,1.50
2017.01.03 11:33:15.187,1.44224,1.44242,1.19,1.00
2017.01.03 11:33:15.729,1.44228,1.44243,1.19,1.00
2017.01.03 11:33:15.833,1.44226,1.44244,1.69,1.00
2017.01.03 11:33:16.037,1.44227,1.44246,1.00,2.25
2017.01.03 11:33:16.544,1.44227,1.44245,1.00,1.12
2017.01.03 11:33:17.101,1.44226,1.44244,1.25,1.00
2017.01.03 11:33:17.289,1.44223,1.4424,1.50,1.00
2017.01.03 11:33:17.340,1.44221,1.4424,1.00,1.00
2017.01.03 11:33:17.390,1.44219,1.44237,1.00,1.00
2017.01.03 11:33:17.492,1.44219,1.44239,1.00,1.50
2017.01.03 11:33:17.694,1.44215,1.44237,3.56,1.00
2017.01.03 11:33:17.908,1.44217,1.44237,1.00,1.00
2017.01.03 11:33:18.422,1.44218,1.44237,1.00,1.00
2017.01.03 11:33:18.956,1.44217,1.44237,1.00,1.00
2017.01.03 11:33:19.311,1.4422,1.4424,1.25,1.87
2017.01.03 11:33:19.463,1.44221,1.44243,1.50,2.25
2017.01.03 11:33:19.565,1.44223,1.44243,1.00,1.00
2017.01.03 11:33:19.920,1.44222,1.44241,1.50,1.00
2017.01.03 11:33:20.072,1.44222,1.44243,1.50,1.50
2017.01.03 11:33:20.581,1.44221,1.44243,2.25,1.00
2017.01.03 11:33:20.750,1.44223,1.44243,2.44,1.00
2017.01.03 11:33:20.852,1.44224,1.44245,1.00,1.87
2017.01.03 11:33:21.359,1.44225,1.44245,2.25,1.00
2017.01.03 11:33:22.448,1.44226,1.44245,1.00,1.00
2017.01.03 11:33:23.007,1.44225,1.44245,1.50,1.00
2017.01.03 11:33:23.370,1.44225,1.44243,1.00,1.00
2017.01.03 11:33:23.758,1.44228,1.44244,1.00,1.00
2017.01.03 11:33:23.860,1.44226,1.44244,2.25,1.00
2017.01.03 11:33:24.012,1.44226,1.44242,2.25,1.00
2017.01.03 11:33:24.516,1.44224,1.44241,1.69,1.00
2017.01.03 11:33:27.119,1.44224,1.4424,1.25,1.00
2017.01.03 11:33:27.670,1.44223,1.44239,1.31,1.00
2017.01.03 11:33:27.904,1.44223,1.44237,1.19,1.00
2017.01.03 11:33:28.157,1.44221,1.44237,1.25,1.00
2017.01.03 11:33:28.209,1.44221,1.44239,1.25,1.00
2017.01.03 11:33:28.513,1.44219,1.44236,1.69,1.00
2017.01.03 11:33:28.819,1.44218,1.44236,1.00,1.00
2017.01.03 11:33:29.357,1.44218,1.44235,1.00,1.00
2017.01.03 11:33:29.824,1.44217,1.44237,2.44,1.12
2017.01.03 11:33:30.280,1.44217,1.44234,1.00,1.00
2017.01.03 11:33:30.786,1.44216,1.44234,2.44,1.00
2017.01.03 11:33:31.298,1.44216,1.44233,1.25,1.00
2017.01.03 11:33:33.092,1.44216,1.44231,1.25,1.00
2017.01.03 11:33:33.289,1.44214,1.44231,1.00,1.00
2017.01.03 11:33:33.656,1.44212,1.4423,1.50,1.00
2017.01.03 11:33:33.707,1.44212,1.44228,1.00,1.00
2017.01.03 11:33:33.860,1.44209,1.44227,1.00,1.00
2017.01.03 11:33:33.961,1.44207,1.44226,1.50,1.00
2017.01.03 11:33:34.561,1.44207,1.44225,1.00,1.00
2017.01.03 11:33:35.135,1.44206,1.44225,1.00,1.00
2017.01.03 11:33:35.647,1.44207,1.44225,1.50,1.00
2017.01.03 11:33:36.077,1.44207,1.44227,1.50,1.50
2017.01.03 11:33:36.230,1.44209,1.44229,1.00,1.50
2017.01.03 11:33:37.598,1.4421,1.44229,1.00,1.00
2017.01.03 11:33:38.103,1.4421,1.4423,1.00,1.00
2017.01.03 11:33:38.460,1.4421,1.44227,1.00,1.00
2017.01.03 11:33:39.133,1.4421,1.44228,1.00,1.00
2017.01.03 11:33:39.589,1.44208,1.44226,2.25,1.00
2017.01.03 11:33:39.690,1.44207,1.44226,1.50,1.00
2017.01.03 11:33:39.828,1.44205,1.44223,1.50,1.00
2017.01.03 11:33:40.030,1.44203,1.44223,2.25,1.00
2017.01.03 11:33:40.554,1.44204,1.44224,1.00,1.00
2017.01.03 11:33:40.890,1.44206,1.44224,1.00,1.00
2017.01.03 11:33:41.093,1.44204,1.44224,1.00,1.00
2017.01.03 11:33:41.295,1.44203,1.44222,1.69,1.00
2017.01.03 11:33:41.643,1.44194,1.44214,1.50,1.69
2017.01.03 11:33:42.150,1.44195,1.44214,1.50,2.06
2017.01.03 11:33:42.867,1.44196,1.44214,1.00,1.19
2017.01.03 11:33:43.851,1.44198,1.44214,1.00,1.19
2017.01.03 11:33:43.902,1.44198,1.44216,1.00,1.00
2017.01.03 11:33:44.004,1.44197,1.44219,2.62,1.50
2017.01.03 11:33:44.055,1.44199,1.44219,1.50,1.50
2017.01.03 11:33:44.410,1.44201,1.44219,1.00,1.00
2017.01.03 11:33:45.455,1.44201,1.4422,1.00,1.00
2017.01.03 11:33:45.962,1.44201,1.44219,1.87,1.00
2017.01.03 11:33:46.114,1.44202,1.44221,1.50,1.00
2017.01.03 11:33:46.165,1.44206,1.44221,1.00,1.00
2017.01.03 11:33:46.216,1.44206,1.44223,1.12,1.25
2017.01.03 11:33:46.267,1.44208,1.44224,1.50,1.00
2017.01.03 11:33:46.369,1.44208,1.44226,1.50,1.00
2017.01.03 11:33:46.421,1.4421,1.44227,1.00,1.50
2017.01.03 11:33:46.573,1.4421,1.4423,2.25,1.25
2017.01.03 11:33:46.928,1.44213,1.4423,1.00,1.25
2017.01.03 11:33:47.472,1.44212,1.44232,1.50,1.00
2017.01.03 11:33:48.021,1.44213,1.44232,1.50,1.00
2017.01.03 11:33:48.223,1.44215,1.44235,1.00,1.50
2017.01.03 11:33:48.760,1.44216,1.44235,1.00,1.00
2017.01.03 11:33:50.165,1.44216,1.44234,1.00,1.00
2017.01.03 11:33:50.216,1.44216,1.44236,1.00,1.50
2017.01.03 11:33:50.318,1.44217,1.44234,1.00,1.00
2017.01.03 11:33:51.146,1.44216,1.44234,1.00,1.00
2017.01.03 11:33:52.739,1.44216,1.44233,1.00,1.00
2017.01.03 11:33:53.261,1.44214,1.44232,1.00,1.00
2017.01.03 11:33:53.805,1.44212,1.44232,3.75,1.00
2017.01.03 11:33:54.416,1.44212,1.44231,3.75,1.00
2017.01.03 11:33:54.827,1.44218,1.44233,1.00,1.00
2017.01.03 11:33:55.030,1.44218,1.44236,1.00,1.50
2017.01.03 11:33:55.688,1.44219,1.44237,1.00,1.19
2017.01.03 11:33:56.197,1.44218,1.44237,1.12,1.69
2017.01.03 11:33:56.715,1.44218,1.44235,1.12,1.00
2017.01.03 11:33:57.972,1.44216,1.44235,1.00,1.00
2017.01.03 11:33:58.907,1.44216,1.44234,1.00,1.00
2017.01.03 11:33:59.451,1.44219,1.44237,1.00,1.50
2017.01.03 11:33:59.553,1.44223,1.44242,1.00,1.69
2017.01.03 11:33:59.655,1.44226,1.44242,1.00,1.00
2017.01.03 11:33:59.707,1.44226,1.44244,1.00,1.00
2017.01.03 11:34:00.213,1.44226,1.44245,1.00,1.00
2017.01.03 11:34:00.884,1.44228,1.44247,1.00,1.69
2017.01.03 11:34:01.143,1.44229,1.44248,1.00,1.69
2017.01.03 11:34:01.254,1.44233,1.44248,1.00,1.00
2017.01.03 11:34:01.358,1.44233,1.44252,1.00,1.00
2017.01.03 11:34:01.561,1.4423,1.44252,2.25,1.25
2017.01.03 11:34:01.612,1.4423,1.4425,1.00,1.00
2017.01.03 11:34:01.916,1.44227,1.44246,1.50,1.25
2017.01.03 11:34:02.423,1.44227,1.44247,1.50,2.44
2017.01.03 11:34:05.077,1.44228,1.44248,1.00,1.00
2017.01.03 11:34:05.382,1.44226,1.44241,1.37,1.19
2017.01.03 11:34:05.484,1.44222,1.4424,1.87,1.25
2017.01.03 11:34:05.845,1.44219,1.4424,1.00,1.69
2017.01.03 11:34:06.412,1.4422,1.4424,1.00,1.69
2017.01.03 11:34:06.514,1.44218,1.44239,3.00,1.50
2017.01.03 11:34:07.053,1.44218,1.44237,1.00,1.00
2017.01.03 11:34:07.155,1.44216,1.44236,2.44,2.25
2017.01.03 11:34:07.509,1.44216,1.44234,1.69,1.50
2017.01.03 11:34:07.712,1.44214,1.44236,3.00,1.50
2017.01.03 11:34:07.836,1.44214,1.44233,3.19,1.00
2017.01.03 11:34:08.140,1.44209,1.44229,2.44,1.00
2017.01.03 11:34:08.191,1.44209,1.44229,1.69,1.00
2017.01.03 11:34:08.344,1.44211,1.44229,1.19,1.12
2017.01.03 11:34:08.599,1.44212,1.44233,1.25,1.00
2017.01.03 11:34:09.010,1.44215,1.44234,1.19,2.25
2017.01.03 11:34:09.265,1.44217,1.44236,1.00,1.00
2017.01.03 11:34:09.376,1.44216,1.44238,1.50,1.69
2017.01.03 11:34:09.528,1.44218,1.44238,1.00,1.69
2017.01.03 11:34:09.834,1.44217,1.44236,1.00,1.00
2017.01.03 11:34:10.384,1.44217,1.44237,1.50,1.00
2017.01.03 11:34:10.753,1.44219,1.44239,1.00,2.06
2017.01.03 11:34:11.277,1.44221,1.44241,1.00,1.00
2017.01.03 11:34:11.378,1.44221,1.44239,1.00,1.00
2017.01.03 11:34:11.530,1.44217,1.44237,1.50,1.00
2017.01.03 11:34:11.783,1.44217,1.44234,1.50,1.00
2017.01.03 11:34:11.886,1.44216,1.44236,1.00,1.00
2017.01.03 11:34:12.190,1.44218,1.44236,1.00,1.00
2017.01.03 11:34:12.698,1.44219,1.44236,1.00,1.00
2017.01.03 11:34:13.329,1.44218,1.44236,1.00,1.25
2017.01.03 11:34:13.634,1.4422,1.44236,1.00,1.25
2017.01.03 11:34:13.758,1.44222,1.44241,1.00,2.06
2017.01.03 11:34:14.270,1.44223,1.44242,1.00,1.69
2017.01.03 11:34:15.610,1.44224,1.44242,1.00,1.69
2017.01.03 11:34:16.090,1.44225,1.44243,1.00,1.25
2017.01.03 11:34:16.141,1.44227,1.44243,1.00,1.25
2017.01.03 11:34:16.749,1.44226,1.44243,1.00,1.25
2017.01.03 11:34:20.160,1.44225,1.44241,1.00,1.19
2017.01.03 11:34:20.261,1.44226,1.44243,1.00,1.50
2017.01.03 11:34:20.312,1.4423,1.44243,1.00,1.00
2017.01.03 11:34:20.363,1.4423,1.44245,1.00,1.00
2017.01.03 11:34:20.414,1.44233,1.44251,1.00,5.06
2017.01.03 11:34:20.516,1.44234,1.44251,1.00,2.44
2017.01.03 11:34:20.668,1.44236,1.44251,1.00,1.19
2017.01.03 11:34:22.190,1.44231,1.44251,1.00,1.69
2017.01.03 11:34:22.292,1.4423,1.44248,1.00,1.87
2017.01.03 11:34:22.355,1.44228,1.44248,1.12,1.50
2017.01.03 11:34:22.558,1.44228,1.44246,1.00,1.31
2017.01.03 11:34:23.828,1.44228,1.44245,1.00,1.19
2017.01.03 11:34:24.081,1.44225,1.44245,1.00,2.06
2017.01.03 11:34:24.284,1.44228,1.44245,1.00,1.19
2017.01.03 11:34:24.385,1.44225,1.44244,1.00,1.25
2017.01.03 11:34:24.487,1.44222,1.44242,1.00,1.00
2017.01.03 11:34:24.589,1.44222,1.4424,1.00,1.00
2017.01.03 11:34:24.893,1.44223,1.44243,1.00,2.62
2017.01.03 11:34:25.275,1.44223,1.4424,1.00,1.25
2017.01.03 11:34:25.667,1.44221,1.44237,1.00,1.00
2017.01.03 11:34:25.718,1.44219,1.44237,1.00,1.00
2017.01.03 11:34:25.769,1.44219,1.44234,1.00,1.00
2017.01.03 11:34:25.820,1.44217,1.44234,1.00,1.00
2017.01.03 11:34:26.656,1.44219,1.44235,1.00,1.00
2017.01.03 11:34:26.707,1.44217,1.44236,1.00,1.00
2017.01.03 11:34:27.171,1.44219,1.44237,1.00,1.00
2017.01.03 11:34:27.324,1.4422,1.44239,1.00,1.00
2017.01.03 11:34:27.729,1.44223,1.4424,1.00,1.00
2017.01.03 11:34:28.033,1.4422,1.44241,1.00,2.25
2017.01.03 11:34:28.286,1.4422,1.44239,1.00,1.00
2017.01.03 11:34:28.679,1.4422,1.44236,1.00,1.50
2017.01.03 11:34:28.730,1.44215,1.44233,1.00,2.06
2017.01.03 11:34:29.033,1.44213,1.44232,1.00,1.00
2017.01.03 11:34:29.388,1.44213,1.4423,1.00,1.00
2017.01.03 11:34:29.489,1.44211,1.4423,1.00,1.00
2017.01.03 11:34:29.591,1.4421,1.44227,1.00,1.00
2017.01.03 11:34:29.916,1.4421,1.44229,1.00,1.50
2017.01.03 11:34:31.176,1.44209,1.44229,1.00,1.00
2017.01.03 11:34:31.227,1.44211,1.4423,1.00,1.87
2017.01.03 11:34:31.581,1.44211,1.44227,1.00,1.00
2017.01.03 11:34:31.632,1.44209,1.44229,1.69,1.00
2017.01.03 11:34:31.683,1.44212,1.44232,1.19,1.00
2017.01.03 11:34:31.886,1.44217,1.44237,1.00,1.00
2017.01.03 11:34:31.937,1.44219,1.44238,1.00,1.50
2017.01.03 11:34:32.253,1.44227,1.44242,1.00,1.25
2017.01.03 11:34:32.557,1.44225,1.44242,1.00,1.25
2017.01.03 11:34:32.660,1.44226,1.44244,1.00,1.00
2017.01.03 11:34:32.812,1.44224,1.44242,1.00,1.25
2017.01.03 11:34:32.920,1.44221,1.44242,1.50,1.69
2017.01.03 11:34:33.123,1.44223,1.44242,1.00,2.44
2017.01.03 11:34:33.429,1.44223,1.44237,1.00,1.25
2017.01.03 11:34:33.632,1.4422,1.44237,1.00,1.25
2017.01.03 11:34:33.936,1.44217,1.44237,1.00,3.56
2017.01.03 11:34:33.987,1.44217,1.44234,1.00,1.00
2017.01.03 11:34:34.240,1.44212,1.4423,1.00,1.25
2017.01.03 11:34:34.342,1.44211,1.44229,1.00,2.44
2017.01.03 11:34:34.687,1.44208,1.44224,1.00,1.19
2017.01.03 11:34:34.738,1.44208,1.44229,1.00,1.00
2017.01.03 11:34:34.890,1.4421,1.44229,1.00,1.69
2017.01.03 11:34:35.195,1.44206,1.44225,1.00,1.00
2017.01.03 11:34:35.704,1.44203,1.44223,1.00,1.25
2017.01.03 11:34:35.806,1.442,1.4422,1.00,1.00
2017.01.03 11:34:36.109,1.44206,1.44223,1.00,2.25
2017.01.03 11:34:36.211,1.44207,1.44226,1.00,1.87
2017.01.03 11:34:36.749,1.44207,1.44225,1.00,1.50
2017.01.03 11:34:36.851,1.44209,1.44225,1.00,1.00
2017.01.03 11:34:36.902,1.44209,1.44227,1.00,1.12
2017.01.03 11:34:36.953,1.44213,1.44227,1.00,1.00
2017.01.03 11:34:37.055,1.44215,1.44232,1.00,1.12
2017.01.03 11:34:37.157,1.44219,1.44234,1.00,1.00
2017.01.03 11:34:37.310,1.44219,1.44236,1.00,1.00
2017.01.03 11:34:37.618,1.44216,1.44235,1.00,2.25
2017.01.03 11:34:38.132,1.44216,1.44237,1.00,1.00
2017.01.03 11:34:38.234,1.44218,1.44237,1.00,1.50
2017.01.03 11:34:38.540,1.44215,1.4423,1.00,1.25
2017.01.03 11:34:38.743,1.44213,1.4423,1.00,1.25
2017.01.03 11:34:39.078,1.44211,1.44229,1.00,1.00
2017.01.03 11:34:41.206,1.4421,1.44229,1.00,1.00
2017.01.03 11:34:42.188,1.44209,1.44229,1.00,1.50
2017.01.03 11:34:46.894,1.44212,1.44229,1.50,1.00
2017.01.03 11:34:46.946,1.44213,1.44231,1.00,1.00
2017.01.03 11:34:47.098,1.44214,1.44235,1.00,1.87
2017.01.03 11:34:47.676,1.44215,1.44235,1.00,1.87
2017.01.03 11:34:48.622,1.44217,1.44235,1.00,1.12
2017.01.03 11:34:48.774,1.44219,1.44238,1.00,1.00
2017.01.03 11:34:48.977,1.44218,1.44233,1.00,1.25
2017.01.03 11:34:49.332,1.44216,1.44233,1.00,1.25
2017.01.03 11:34:49.738,1.44215,1.44232,1.12,1.19
2017.01.03 11:34:49.891,1.4421,1.44228,1.00,1.69
2017.01.03 11:34:50.047,1.44208,1.44226,1.00,1.69
2017.01.03 11:34:50.621,1.44206,1.44226,1.00,1.69
2017.01.03 11:34:50.874,1.44205,1.44224,1.00,1.00
2017.01.03 11:34:51.180,1.44207,1.44225,1.00,1.00
2017.01.03 11:34:51.495,1.44209,1.44226,1.00,1.00
2017.01.03 11:34:52.055,1.44209,1.44227,1.00,1.25
2017.01.03 11:34:53.359,1.4421,1.44228,1.00,1.69
2017.01.03 11:34:53.461,1.44211,1.44231,1.50,1.00
2017.01.03 11:34:53.512,1.44214,1.44232,1.00,1.25
2017.01.03 11:34:53.563,1.44214,1.44235,1.00,1.87
2017.01.03 11:34:53.614,1.44216,1.44235,1.00,1.00
2017.01.03 11:34:54.041,1.44216,1.44233,1.00,1.00
2017.01.03 11:34:54.547,1.44215,1.44233,1.00,1.00
2017.01.03 11:34:55.223,1.44216,1.44233,1.00,1.00
2017.01.03 11:34:55.425,1.44216,1.44236,1.00,2.44
2017.01.03 11:34:55.628,1.44218,1.44235,1.00,1.00
2017.01.03 11:34:59.082,1.44218,1.44236,1.00,1.69
2017.01.03 11:34:59.386,1.44219,1.44238,1.00,1.00
2017.01.03 11:34:59.489,1.44221,1.44239,1.00,1.00
2017.01.03 11:34:59.844,1.4422,1.44237,1.00,1.25
2017.01.03 11:35:00.148,1.44217,1.44236,1.00,1.19
2017.01.03 11:35:00.249,1.44219,1.44237,1.00,1.25
2017.01.03 11:35:00.352,1.44219,1.4424,1.00,2.44
2017.01.03 11:35:00.403,1.44221,1.4424,1.00,2.44
2017.01.03 11:35:00.940,1.44222,1.44242,1.00,1.19
2017.01.03 11:35:01.108,1.44225,1.44242,1.00,1.19
2017.01.03 11:35:01.513,1.44229,1.44242,1.00,1.19
2017.01.03 11:35:01.564,1.44231,1.44247,1.69,1.37
2017.01.03 11:35:01.615,1.44235,1.44247,1.00,1.00
2017.01.03 11:35:01.666,1.44237,1.44253,1.50,1.50
2017.01.03 11:35:01.717,1.44239,1.44253,1.00,1.50
2017.01.03 11:35:02.023,1.44236,1.44251,1.00,1.25
2017.01.03 11:35:02.074,1.44235,1.44249,1.12,1.19
2017.01.03 11:35:02.513,1.44233,1.44249,1.00,1.19
2017.01.03 11:35:04.229,1.4423,1.44244,1.87,1.19
2017.01.03 11:35:04.331,1.44228,1.44248,1.00,3.19
2017.01.03 11:35:04.674,1.44227,1.44244,1.12,1.00
2017.01.03 11:35:04.827,1.44227,1.44247,1.00,1.00
2017.01.03 11:35:05.131,1.4423,1.44248,1.00,1.25
2017.01.03 11:35:05.640,1.44231,1.44249,1.00,1.00
2017.01.03 11:35:05.949,1.44233,1.44251,2.25,1.00
2017.01.03 11:35:06.005,1.44233,1.44255,2.25,2.06
2017.01.03 11:35:06.106,1.44236,1.44255,1.00,1.19
2017.01.03 11:35:06.964,1.44237,1.44255,1.00,1.19
2017.01.03 11:35:07.066,1.44237,1.44256,1.00,1.00
2017.01.03 11:35:07.170,1.4424,1.44258,1.00,1.69
2017.01.03 11:35:07.684,1.4424,1.44257,1.00,1.00
2017.01.03 11:35:08.438,1.44239,1.44255,1.00,1.25
2017.01.03 11:35:08.743,1.44237,1.44253,1.00,1.25
2017.01.03 11:35:08.795,1.44234,1.44253,1.00,1.25
2017.01.03 11:35:08.846,1.44234,1.4425,1.00,1.25
2017.01.03 11:35:09.251,1.44238,1.44256,1.00,2.44
2017.01.03 11:35:09.302,1.44242,1.44256,1.00,2.44
2017.01.03 11:35:09.733,1.44238,1.44256,1.00,1.69
2017.01.03 11:35:09.893,1.44235,1.44255,1.00,1.50
2017.01.03 11:35:09.944,1.44233,1.44253,1.00,1.00
2017.01.03 11:35:10.349,1.44234,1.44251,1.00,1.00
2017.01.03 11:35:10.400,1.44234,1.44253,1.00,1.00
2017.01.03 11:35:10.603,1.44237,1.44254,1.00,1.50
2017.01.03 11:35:10.806,1.44238,1.44257,1.00,1.00
2017.01.03 11:35:11.059,1.44241,1.44258,1.00,1.00
2017.01.03 11:35:11.789,1.44241,1.44259,1.00,3.75
2017.01.03 11:35:11.842,1.44238,1.44259,1.00,3.00
2017.01.03 11:35:12.297,1.44234,1.44255,1.00,1.19
2017.01.03 11:35:12.601,1.44231,1.44249,1.00,1.00
2017.01.03 11:35:13.134,1.4423,1.44249,1.00,1.00
2017.01.03 11:35:13.678,1.44229,1.44248,1.00,1.00
2017.01.03 11:35:14.032,1.44231,1.44249,1.00,1.00
2017.01.03 11:35:14.388,1.44229,1.4425,1.00,1.12
2017.01.03 11:35:14.490,1.44229,1.44248,1.00,1.00
2017.01.03 11:35:14.743,1.44227,1.44247,1.00,1.00
2017.01.03 11:35:15.332,1.44229,1.44247,1.00,1.00
2017.01.03 11:35:15.677,1.44231,1.4425,1.00,1.31
2017.01.03 11:35:16.039,1.44235,1.44252,1.00,1.00
2017.01.03 11:35:16.569,1.44236,1.44254,1.00,1.69
2017.01.03 11:35:16.844,1.44234,1.44254,1.00,1.69
2017.01.03 11:35:16.996,1.44234,1.44251,1.00,1.00
2017.01.03 11:35:17.200,1.44232,1.4425,1.00,1.12
2017.01.03 11:35:17.703,1.44234,1.44251,1.00,1.50
2017.01.03 11:35:17.805,1.44236,1.44254,1.00,1.87
2017.01.03 11:35:17.957,1.44238,1.44255,1.00,1.69
2017.01.03 11:35:18.058,1.44236,1.44255,1.00,1.69
2017.01.03 11:35:18.160,1.44234,1.44253,1.00,1.00
2017.01.03 11:35:18.667,1.44235,1.44253,1.00,1.87
2017.01.03 11:35:19.212,1.44234,1.44253,1.00,1.00
2017.01.03 11:35:19.782,1.44236,1.44255,1.00,1.69
2017.01.03 11:35:19.985,1.44238,1.44258,1.00,2.62
2017.01.03 11:35:20.137,1.44238,1.44255,1.00,1.00
2017.01.03 11:35:20.238,1.44239,1.44257,1.00,1.69
2017.01.03 11:35:20.391,1.44241,1.44259,1.00,1.00
2017.01.03 11:35:20.897,1.44242,1.4426,1.50,1.00
2017.01.03 11:35:21.450,1.44243,1.4426,1.00,1.00
2017.01.03 11:35:22.094,1.44248,1.44263,1.00,1.00
2017.01.03 11:35:22.146,1.44246,1.44263,1.50,1.00
2017.01.03 11:35:22.206,1.44247,1.44266,1.00,1.50
2017.01.03 11:35:22.611,1.44247,1.44263,1.00,1.00
2017.01.03 11:35:22.926,1.44249,1.44266,1.00,2.25
2017.01.03 11:35:22.977,1.44251,1.44266,1.25,1.00
2017.01.03 11:35:23.028,1.44251,1.44269,1.25,1.50
2017.01.03 11:35:23.361,1.44251,1.44267,1.25,1.00
2017.01.03 11:35:23.816,1.44249,1.44267,1.00,1.25
2017.01.03 11:35:24.343,1.44249,1.44266,1.00,2.25
2017.01.03 11:35:24.449,1.44247,1.44266,1.00,2.25
2017.01.03 11:35:25.229,1.44247,1.44265,1.00,1.00
2017.01.03 11:35:25.332,1.44252,1.44266,1.00,1.00
2017.01.03 11:35:25.383,1.44249,1.44264,1.00,1.00
2017.01.03 11:35:25.688,1.44247,1.44263,1.00,1.00
2017.01.03 11:35:25.790,1.44247,1.44265,1.00,1.00
2017.01.03 11:35:25.942,1.44249,1.44266,1.00,1.12
2017.01.03 11:35:26.313,1.44247,1.44266,1.12,1.12
2017.01.03 11:35:26.364,1.44249,1.44265,1.00,1.00
2017.01.03 11:35:26.623,1.44248,1.44265,1.00,1.00
2017.01.03 11:35:27.144,1.44248,1.44264,1.00,1.00
2017.01.03 11:35:27.461,1.44248,1.44266,1.00,2.25
2017.01.03 11:35:28.005,1.44248,1.44265,1.00,1.00
2017.01.03 11:35:28.526,1.44249,1.44265,1.00,1.00
2017.01.03 11:35:28.577,1.44249,1.44267,1.00,1.50
2017.01.03 11:35:28.982,1.44248,1.44265,1.00,1.00
2017.01.03 11:35:29.184,1.44248,1.44267,1.00,1.00
2017.01.03 11:35:29.235,1.44251,1.44267,1.00,1.00
2017.01.03 11:35:29.639,1.44252,1.44269,1.00,1.50
2017.01.03 11:35:29.860,1.44252,1.44271,1.00,1.87
2017.01.03 11:35:30.012,1.44255,1.44271,1.00,1.12
2017.01.03 11:35:30.303,1.44253,1.44272,1.00,1.00
2017.01.03 11:35:30.556,1.44253,1.4427,1.00,1.00
2017.01.03 11:35:30.910,1.44252,1.44272,1.00,1.50
2017.01.03 11:35:31.012,1.44251,1.4427,1.00,1.87
2017.01.03 11:35:31.063,1.44249,1.44269,1.00,1.00
2017.01.03 11:35:31.265,1.44252,1.44269,1.00,1.50
2017.01.03 11:35:31.519,1.44252,1.44271,1.00,1.00
2017.01.03 11:35:31.772,1.44254,1.44273,1.00,1.50
2017.01.03 11:35:32.286,1.44255,1.44274,1.00,1.00
2017.01.03 11:35:32.826,1.44255,1.44274,1.69,1.00
2017.01.03 11:35:34.143,1.44257,1.44275,1.00,1.87
2017.01.03 11:35:34.245,1.44253,1.44271,1.00,1.00
2017.01.03 11:35:34.298,1.44252,1.44268,1.50,1.00
2017.01.03 11:35:34.400,1.44253,1.4427,1.00,1.50
2017.01.03 11:35:34.653,1.44255,1.44271,1.00,1.50
2017.01.03 11:35:34.704,1.44255,1.44274,1.00,1.12
2017.01.03 11:35:35.008,1.44257,1.44276,1.00,2.44
2017.01.03 11:35:35.362,1.44255,1.44276,1.00,2.44
2017.01.03 11:35:35.564,1.44258,1.44276,1.00,1.19
2017.01.03 11:35:35.615,1.44258,1.44277,1.00,1.25
2017.01.03 11:35:36.077,1.44261,1.44278,1.00,1.19
2017.01.03 11:35:36.514,1.4426,1.44279,1.50,1.00
2017.01.03 11:35:36.667,1.44263,1.44279,1.00,1.00
2017.01.03 11:35:36.971,1.44267,1.44279,1.25,1.00
2017.01.03 11:35:37.275,1.44277,1.44283,1.00,3.62
2017.01.03 11:35:37.950,1.44275,1.44279,1.00,1.00
2017.01.03 11:35:38.103,1.44277,1.44282,1.00,1.00
2017.01.03 11:35:38.155,1.44274,1.44282,1.00,1.00
2017.01.03 11:35:38.597,1.44273,1.44281,1.25,1.00
2017.01.03 11:35:38.679,1.44273,1.44293,1.25,1.00
2017.01.03 11:35:38.831,1.44269,1.4428,1.12,1.25
2017.01.03 11:35:38.933,1.44264,1.4428,3.00,1.25
2017.01.03 11:35:38.984,1.44261,1.44283,2.62,1.50
2017.01.03 11:35:39.035,1.44262,1.44281,1.00,1.00
2017.01.03 11:35:39.086,1.44259,1.4428,1.50,1.00
2017.01.03 11:35:39.188,1.44259,1.44278,1.00,1.00
2017.01.03 11:35:39.704,1.44258,1.44277,1.00,1.00
2017.01.03 11:35:40.253,1.44258,1.44278,1.00,1.50
2017.01.03 11:35:41.688,1.44258,1.44276,1.00,1.00
2017.01.03 11:35:42.200,1.44257,1.44277,1.00,1.00
2017.01.03 11:35:42.504,1.44261,1.44278,1.19,1.00
2017.01.03 11:35:42.556,1.44261,1.4428,1.19,1.00
2017.01.03 11:35:42.926,1.44262,1.44283,1.25,1.50
2017.01.03 11:35:44.574,1.44259,1.44274,1.50,1.25
2017.01.03 11:35:44.827,1.4425,1.44269,1.00,1.00
2017.01.03 11:35:44.879,1.44248,1.44265,1.87,1.00
2017.01.03 11:35:45.031,1.44246,1.44265,1.87,1.50
2017.01.03 11:35:45.127,1.44246,1.44262,1.50,1.00
2017.01.03 11:35:45.178,1.44244,1.44262,1.50,1.00
2017.01.03 11:35:45.721,1.44243,1.44263,1.69,1.50
2017.01.03 11:35:46.302,1.44244,1.44263,1.00,1.00
2017.01.03 11:35:46.822,1.44243,1.44263,1.69,1.00
2017.01.03 11:35:47.732,1.44243,1.44262,1.69,1.00
2017.01.03 11:35:48.255,1.44243,1.44263,1.25,3.00
2017.01.03 11:35:48.570,1.44243,1.44261,1.25,1.00
2017.01.03 11:35:48.723,1.44239,1.44259,1.00,2.25
2017.01.03 11:35:48.774,1.44238,1.44256,1.00,1.00
2017.01.03 11:35:49.123,1.4424,1.4426,1.69,1.00
2017.01.03 11:35:49.665,1.44241,1.44261,1.25,1.00
2017.01.03 11:35:49.970,1.4424,1.44259,2.81,1.00
2017.01.03 11:35:50.151,1.44242,1.44261,1.00,1.00
2017.01.03 11:35:50.354,1.44242,1.44263,1.69,1.50
2017.01.03 11:35:51.583,1.44242,1.44261,1.00,1.00
2017.01.03 11:35:51.785,1.44242,1.44263,1.00,1.00
2017.01.03 11:35:52.108,1.44244,1.44263,1.00,1.00
2017.01.03 11:35:52.650,1.44243,1.44263,1.00,1.00
2017.01.03 11:35:54.206,1.4424,1.4426,1.50,1.00
2017.01.03 11:35:54.512,1.44233,1.4425,1.37,1.00
2017.01.03 11:35:54.563,1.44232,1.4425,1.00,1.00
2017.01.03 11:35:55.103,1.44232,1.44251,1.00,1.00
2017.01.03 11:35:55.154,1.44232,1.44249,1.00,1.00
2017.01.03 11:35:55.205,1.4423,1.44249,1.00,1.00
2017.01.03 11:35:55.408,1.44231,1.44251,1.00,1.50
2017.01.03 11:35:55.661,1.44233,1.44252,1.50,1.00
2017.01.03 11:35:55.965,1.44237,1.44256,1.00,1.00
2017.01.03 11:35:57.781,1.44239,1.44257,1.19,1.00
2017.01.03 11:35:57.938,1.44241,1.44261,1.00,1.00
2017.01.03 11:35:58.443,1.44242,1.44262,1.00,1.00
2017.01.03 11:35:58.494,1.4424,1.44258,1.00,1.00
2017.01.03 11:35:58.825,1.44243,1.4426,1.00,1.69
2017.01.03 11:35:59.322,1.44243,1.44262,1.00,1.50
2017.01.03 11:35:59.828,1.44244,1.44263,1.00,1.00
2017.01.03 11:35:59.930,1.44246,1.44264,1.00,1.00
2017.01.03 11:36:00.082,1.44249,1.44268,1.00,2.44
2017.01.03 11:36:00.919,1.44248,1.44268,1.00,1.69
2017.01.03 11:36:00.970,1.44251,1.4427,1.00,1.50
2017.01.03 11:36:01.274,1.44249,1.44268,1.00,1.00
2017.01.03 11:36:01.791,1.44248,1.44267,1.00,1.00
2017.01.03 11:36:02.373,1.44247,1.44267,1.00,1.00
2017.01.03 11:36:03.502,1.44247,1.44268,1.00,1.50
2017.01.03 11:36:03.806,1.44247,1.44266,1.00,1.00
2017.01.03 11:36:04.445,1.44248,1.44266,1.00,1.00
2017.01.03 11:36:04.546,1.4425,1.44269,1.00,3.00
2017.01.03 11:36:05.090,1.4425,1.4427,1.00,1.50
2017.01.03 11:36:05.343,1.44252,1.44272,1.00,1.00
2017.01.03 11:36:05.597,1.44253,1.44274,1.00,1.00
2017.01.03 11:36:06.067,1.44255,1.44274,1.00,1.00
2017.01.03 11:36:06.302,1.4426,1.4428,1.00,2.62
2017.01.03 11:36:06.414,1.44261,1.44277,1.00,1.00
2017.01.03 11:36:06.516,1.44262,1.44284,1.12,3.00
2017.01.03 11:36:06.567,1.44267,1.44284,1.00,1.87
2017.01.03 11:36:06.719,1.44268,1.44286,1.00,1.87
2017.01.03 11:36:07.074,1.44267,1.44284,1.00,1.00
2017.01.03 11:36:07.226,1.44268,1.44286,1.00,1.12
2017.01.03 11:36:07.277,1.4427,1.44288,1.00,1.19
2017.01.03 11:36:07.586,1.44272,1.44288,1.00,1.19
2017.01.03 11:36:07.745,1.44272,1.44289,1.00,1.50
2017.01.03 11:36:08.311,1.44274,1.44289,1.00,1.00
2017.01.03 11:36:08.362,1.44274,1.44291,1.00,1.00
2017.01.03 11:36:08.463,1.44272,1.44292,1.00,2.25
2017.01.03 11:36:08.615,1.44269,1.44291,1.25,1.00
2017.01.03 11:36:08.716,1.44268,1.44287,2.44,1.00
2017.01.03 11:36:09.278,1.44269,1.44286,1.25,1.00
2017.01.03 11:36:09.722,1.44269,1.44288,1.25,1.00
2017.01.03 11:36:10.273,1.44269,1.44287,1.25,1.00
2017.01.03 11:36:10.324,1.44269,1.44289,1.25,1.00
2017.01.03 11:36:10.512,1.44271,1.44289,1.00,1.50
2017.01.03 11:36:11.192,1.44269,1.44287,1.25,1.00
2017.01.03 11:36:11.705,1.44268,1.44287,1.00,1.00
2017.01.03 11:36:12.010,1.4427,1.44287,1.00,1.00
2017.01.03 11:36:12.314,1.44267,1.44284,1.50,1.00
2017.01.03 11:36:13.527,1.44268,1.44285,1.19,1.00
2017.01.03 11:36:13.629,1.44271,1.44289,1.00,1.00
2017.01.03 11:36:14.140,1.4427,1.44289,1.00,1.00
2017.01.03 11:36:14.192,1.44267,1.44287,1.00,1.94
2017.01.03 11:36:14.294,1.44263,1.44282,1.00,1.00
2017.01.03 11:36:14.446,1.44267,1.44282,1.00,1.00
2017.01.03 11:36:14.548,1.4427,1.44287,1.00,1.00
2017.01.03 11:36:14.701,1.44272,1.44287,1.00,1.00
2017.01.03 11:36:14.752,1.44272,1.44291,1.00,1.00
2017.01.03 11:36:15.254,1.44274,1.44291,1.00,1.00
2017.01.03 11:36:15.406,1.44272,1.44291,1.00,1.00
2017.01.03 11:36:15.939,1.44274,1.44291,1.00,1.00
2017.01.03 11:36:15.990,1.44272,1.44291,1.00,1.00
2017.01.03 11:36:16.445,1.44278,1.4429,1.25,1.00
2017.01.03 11:36:16.850,1.44278,1.44293,1.25,1.00
2017.01.03 11:36:17.780,1.44275,1.44293,1.69,1.00
2017.01.03 11:36:17.831,1.44277,1.44293,1.00,1.00
2017.01.03 11:36:18.335,1.44276,1.44293,1.00,1.50
2017.01.03 11:36:20.428,1.44276,1.44294,1.00,1.50
2017.01.03 11:36:22.377,1.44275,1.44293,1.25,1.00
2017.01.03 11:36:22.908,1.44275,1.4429,1.25,1.00
2017.01.03 11:36:23.110,1.44275,1.44292,1.25,2.25
2017.01.03 11:36:23.313,1.44275,1.4429,1.25,1.00
2017.01.03 11:36:24.364,1.44275,1.44291,1.25,1.00
2017.01.03 11:36:24.668,1.44278,1.44292,1.25,1.50
2017.01.03 11:36:25.377,1.44272,1.44292,1.00,1.00
2017.01.03 11:36:25.479,1.4427,1.44289,1.69,1.00
2017.01.03 11:36:25.783,1.44272,1.44289,1.00,1.12
2017.01.03 11:36:26.194,1.44273,1.44293,1.00,1.37
2017.01.03 11:36:26.448,1.44276,1.44292,1.00,1.12
2017.01.03 11:36:26.753,1.44279,1.44297,1.25,3.37
2017.01.03 11:36:28.298,1.44279,1.44297,1.25,1.37
2017.01.03 11:36:28.522,1.44279,1.44297,1.25,2.62
2017.01.03 11:36:31.217,1.44279,1.44295,1.25,1.00
2017.01.03 11:36:31.521,1.44281,1.44299,1.00,1.37
2017.01.03 11:36:31.572,1.44279,1.44296,1.69,1.00
2017.01.03 11:36:32.078,1.44279,1.44296,1.25,1.00
2017.01.03 11:36:34.288,1.44278,1.44296,1.25,1.00
2017.01.03 11:36:34.693,1.4428,1.44299,1.00,1.24
2017.01.03 11:36:34.845,1.4428,1.44301,1.00,1.50
2017.01.03 11:36:35.227,1.44283,1.44301,1.25,1.50
2017.01.03 11:36:35.540,1.44283,1.44298,1.25,1.00
2017.01.03 11:36:35.590,1.44283,1.44301,1.25,1.00
2017.01.03 11:36:36.135,1.44283,1.443,1.25,1.00
2017.01.03 11:36:36.553,1.44283,1.44302,1.25,1.12
2017.01.03 11:36:36.654,1.44283,1.443,1.25,1.00
2017.01.03 11:36:37.585,1.44283,1.44302,1.25,2.62
2017.01.03 11:36:38.091,1.44283,1.44301,1.69,1.00
2017.01.03 11:36:38.243,1.44287,1.44302,1.00,1.50
2017.01.03 11:36:38.294,1.44283,1.44304,2.44,1.50
2017.01.03 11:36:39.835,1.44287,1.44304,1.00,1.50
2017.01.03 11:36:39.990,1.44283,1.44303,1.69,1.12
2017.01.03 11:36:40.245,1.44281,1.44301,1.50,1.12
2017.01.03 11:36:40.802,1.44281,1.44301,1.00,1.50
2017.01.03 11:36:41.004,1.44282,1.44301,1.00,1.37
2017.01.03 11:36:41.510,1.44282,1.44301,1.00,1.50
2017.01.03 11:36:41.613,1.4428,1.44301,2.44,1.50
2017.01.03 11:36:41.665,1.44284,1.44301,1.25,1.00
2017.01.03 11:36:42.196,1.44284,1.44302,1.25,1.75
2017.01.03 11:36:42.499,1.44284,1.44301,1.69,1.12
2017.01.03 11:36:43.001,1.44283,1.44301,1.00,1.87
2017.01.03 11:36:43.052,1.4428,1.443,1.50,1.12
2017.01.03 11:36:43.637,1.44281,1.443,1.00,1.12
2017.01.03 11:36:48.317,1.44284,1.443,1.00,1.12
2017.01.03 11:36:48.368,1.44284,1.44302,1.00,1.37
2017.01.03 11:36:48.420,1.44284,1.44302,1.50,1.00
2017.01.03 11:36:49.003,1.44283,1.44301,1.25,1.50
2017.01.03 11:36:49.780,1.44282,1.44301,1.00,1.50
2017.01.03 11:36:50.773,1.44284,1.44301,1.00,2.25
2017.01.03 11:36:51.348,1.44282,1.44301,1.00,2.25
2017.01.03 11:36:51.501,1.4428,1.44298,1.00,1.00
2017.01.03 11:36:51.811,1.44279,1.44296,1.00,1.12
2017.01.03 11:36:51.913,1.44277,1.44295,1.69,1.00
2017.01.03 11:36:52.420,1.44277,1.44297,1.69,1.37
2017.01.03 11:36:54.405,1.44277,1.44297,1.25,1.00
2017.01.03 11:36:54.949,1.44278,1.44298,1.00,2.25
2017.01.03 11:36:56.316,1.44278,1.44297,1.00,1.00
2017.01.03 11:36:57.014,1.44278,1.44298,1.00,2.25
2017.01.03 11:36:57.275,1.44278,1.44296,1.00,1.00
2017.01.03 11:36:58.297,1.44279,1.44297,1.69,1.00
2017.01.03 11:36:58.669,1.44281,1.44298,1.00,1.12
2017.01.03 11:36:58.773,1.44279,1.44297,1.00,1.50
2017.01.03 11:36:58.874,1.44279,1.44295,1.00,1.00
2017.01.03 11:37:00.446,1.44277,1.44295,1.69,1.00
2017.01.03 11:37:01.545,1.44278,1.44295,1.00,1.00
2017.01.03 11:37:02.103,1.44277,1.44296,1.69,1.12
2017.01.03 11:37:02.204,1.44279,1.44296,1.00,1.12
2017.01.03 11:37:02.750,1.4428,1.44298,1.00,2.62
2017.01.03 11:37:03.295,1.4428,1.44299,1.00,1.50
2017.01.03 11:37:03.837,1.4428,1.44298,1.00,1.87
2017.01.03 11:37:04.191,1.44278,1.44296,1.00,1.12
2017.01.03 11:37:04.242,1.44278,1.44296,1.00,1.50
2017.01.03 11:37:04.748,1.44279,1.44296,1.69,1.37
2017.01.03 11:37:04.850,1.44281,1.44299,1.00,1.87
2017.01.03 11:37:06.365,1.4428,1.44298,1.00,1.50
2017.01.03 11:37:06.867,1.44279,1.44297,1.69,1.12
2017.01.03 11:37:07.460,1.4428,1.44297,1.00,1.12
2017.01.03 11:37:07.965,1.44279,1.44299,1.25,3.00
2017.01.03 11:37:08.016,1.44281,1.44299,1.69,3.00
2017.01.03 11:37:08.320,1.44285,1.44299,1.25,1.50
2017.01.03 11:37:08.421,1.44285,1.44301,1.25,1.12
2017.01.03 11:37:08.727,1.44282,1.44294,1.00,1.69
2017.01.03 11:37:08.778,1.44275,1.4429,1.50,1.00
2017.01.03 11:37:08.829,1.44273,1.44288,1.50,1.75
2017.01.03 11:37:08.930,1.44272,1.44287,1.87,1.12
2017.01.03 11:37:09.453,1.4427,1.44286,1.19,1.50
2017.01.03 11:37:10.638,1.44273,1.44289,1.00,1.00
2017.01.03 11:37:10.842,1.44275,1.44293,1.00,1.50
2017.01.03 11:37:10.893,1.44277,1.44293,1.00,1.12
2017.01.03 11:37:11.096,1.44275,1.44292,1.00,1.00
2017.01.03 11:37:11.631,1.44274,1.44292,2.44,1.12
2017.01.03 11:37:11.997,1.44274,1.44294,2.44,2.25
2017.01.03 11:37:12.769,1.44274,1.44294,2.44,2.62
2017.01.03 11:37:13.301,1.44274,1.44294,2.44,2.25
2017.01.03 11:37:14.203,1.44273,1.44287,1.25,1.00
2017.01.03 11:37:14.254,1.4427,1.44287,1.50,1.00
2017.01.03 11:37:14.508,1.44272,1.44288,1.00,1.50
2017.01.03 11:37:14.661,1.44273,1.4429,1.00,1.00
2017.01.03 11:37:15.168,1.44274,1.44293,1.25,1.12
2017.01.03 11:37:16.462,1.44274,1.44292,1.25,1.50
2017.01.03 11:37:16.665,1.44275,1.44294,1.00,1.12
2017.01.03 11:37:16.767,1.44278,1.44297,1.00,1.12
2017.01.03 11:37:17.173,1.4428,1.44298,1.00,1.37
2017.01.03 11:37:17.275,1.44279,1.44301,1.00,1.56
2017.01.03 11:37:17.377,1.44281,1.44301,1.00,2.06
2017.01.03 11:37:17.886,1.4428,1.443,1.00,1.12
2017.01.03 11:37:18.281,1.44284,1.44302,1.25,3.37
2017.01.03 11:37:20.281,1.4429,1.44305,1.00,2.62
2017.01.03 11:37:20.529,1.44293,1.44311,1.69,2.25
2017.01.03 11:37:20.632,1.44294,1.44312,1.00,1.00
2017.01.03 11:37:20.937,1.44294,1.44312,1.00,1.37
2017.01.03 11:37:21.444,1.44293,1.44312,1.25,1.37
2017.01.03 11:37:21.966,1.44295,1.44314,1.00,1.12
2017.01.03 11:37:22.940,1.44294,1.44314,1.69,1.12
2017.01.03 11:37:24.241,1.44294,1.44315,2.44,1.37
2017.01.03 11:37:24.546,1.44302,1.44322,1.00,1.50
2017.01.03 11:37:24.596,1.44302,1.44322,1.00,1.12
2017.01.03 11:37:26.533,1.443,1.4432,2.44,1.00
2017.01.03 11:37:26.875,1.443,1.44318,1.25,1.00
2017.01.03 11:37:27.404,1.443,1.44317,1.25,1.00
2017.01.03 11:37:27.713,1.443,1.44319,1.69,1.12
2017.01.03 11:37:28.169,1.443,1.44317,1.25,1.00
2017.01.03 11:37:28.321,1.443,1.4432,1.69,5.25
2017.01.03 11:37:35.256,1.44299,1.44318,1.00,4.12
2017.01.03 11:37:35.560,1.44297,1.44314,1.25,2.62
2017.01.03 11:37:35.662,1.44293,1.44312,1.50,1.12
2017.01.03 11:37:35.764,1.44291,1.44312,2.44,1.12
2017.01.03 11:37:36.580,1.44292,1.44312,1.00,1.87
2017.01.03 11:37:37.227,1.44294,1.44312,1.00,1.87
2017.01.03 11:37:37.747,1.44293,1.44313,1.00,1.50
2017.01.03 11:37:38.259,1.44292,1.44313,1.50,1.50
2017.01.03 11:37:38.623,1.44294,1.44314,1.00,2.62
2017.01.03 11:37:39.205,1.44294,1.44312,1.00,1.50
2017.01.03 11:37:39.307,1.44292,1.44312,1.50,1.50
2017.01.03 11:37:39.871,1.44292,1.4431,1.00,1.00
2017.01.03 11:37:40.413,1.44291,1.4431,1.69,1.50
2017.01.03 11:37:41.765,1.4429,1.44308,1.00,1.00
2017.01.03 11:37:42.277,1.44289,1.44308,1.50,1.87
2017.01.03 11:37:43.404,1.44289,1.44307,1.00,1.00
2017.01.03 11:37:44.087,1.44288,1.44307,1.25,1.00
2017.01.03 11:37:44.608,1.44288,1.44308,1.69,1.87
2017.01.03 11:37:45.125,1.44289,1.44308,1.00,1.87
2017.01.03 11:37:46.590,1.44288,1.44308,2.44,1.87
2017.01.03 11:37:46.893,1.44288,1.44305,1.25,1.00
2017.01.03 11:37:47.529,1.44288,1.44306,1.25,1.12
2017.01.03 11:37:50.867,1.44287,1.44306,2.44,1.12
2017.01.03 11:37:51.377,1.44288,1.44307,1.00,1.50
2017.01.03 11:37:51.936,1.44287,1.44307,1.69,1.50
2017.01.03 11:37:52.745,1.44289,1.44309,1.00,2.62
2017.01.03 11:37:52.898,1.44291,1.44311,1.69,1.00
2017.01.03 11:37:53.050,1.44292,1.44313,1.69,1.50
2017.01.03 11:37:53.101,1.44294,1.44313,1.00,1.50
2017.01.03 11:37:53.581,1.44298,1.44315,1.00,1.50
2017.01.03 11:37:53.812,1.44301,1.4432,2.25,1.37
2017.01.03 11:37:53.863,1.44301,1.44322,1.87,1.37
2017.01.03 11:37:54.016,1.44301,1.44317,1.12,1.50
2017.01.03 11:37:54.067,1.44298,1.44317,2.25,1.50
2017.01.03 11:37:54.219,1.44299,1.44319,1.00,2.81
2017.01.03 11:37:54.372,1.44299,1.44318,1.50,1.37
2017.01.03 11:37:54.525,1.44301,1.44321,1.50,1.37
2017.01.03 11:37:54.576,1.44303,1.44321,1.00,1.00
2017.01.03 11:37:54.880,1.443,1.44319,1.69,1.00
2017.01.03 11:37:55.449,1.443,1.44319,1.69,1.00
2017.01.03 11:37:55.753,1.44299,1.44316,1.69,1.00
2017.01.03 11:37:56.217,1.44294,1.44314,1.00,1.00
2017.01.03 11:38:01.775,1.44295,1.44314,1.00,1.12
2017.01.03 11:38:02.299,1.44294,1.44314,1.50,1.87
2017.01.03 11:38:04.454,1.44295,1.44316,1.00,3.75
2017.01.03 11:38:04.505,1.44296,1.44316,1.00,2.25
2017.01.03 11:38:04.708,1.44294,1.44314,1.50,1.87
2017.01.03 11:38:05.013,1.44293,1.44312,1.25,1.12
2017.01.03 11:38:05.795,1.44293,1.44311,1.25,1.00
2017.01.03 11:38:06.468,1.44293,1.4431,1.25,1.00
2017.01.03 11:38:06.785,1.44295,1.44313,1.00,1.50
2017.01.03 11:38:06.836,1.44293,1.44313,1.69,1.50
2017.01.03 11:38:07.344,1.44293,1.44313,1.00,2.25
2017.01.03 11:38:08.353,1.44293,1.44312,1.25,1.50
2017.01.03 11:38:08.556,1.44293,1.44312,1.25,3.37
2017.01.03 11:38:10.412,1.44294,1.44312,1.00,1.87
2017.01.03 11:38:10.463,1.44294,1.44313,1.50,1.37
2017.01.03 11:38:10.514,1.44294,1.44316,1.50,3.37
2017.01.03 11:38:10.615,1.44296,1.44316,1.00,2.62
2017.01.03 11:38:11.121,1.44297,1.44316,1.00,1.87
2017.01.03 11:38:11.619,1.44295,1.44316,1.50,1.00
2017.01.03 11:38:12.133,1.44295,1.44313,1.00,1.00
2017.01.03 11:38:12.671,1.44294,1.44314,1.00,1.00
2017.01.03 11:38:14.449,1.44295,1.44315,1.00,1.00
2017.01.03 11:38:14.771,1.44298,1.44318,1.00,1.87
2017.01.03 11:38:15.098,1.443,1.44318,1.00,1.87
2017.01.03 11:38:15.314,1.44296,1.44316,1.00,1.00
2017.01.03 11:38:15.366,1.44296,1.44312,1.00,1.00
2017.01.03 11:38:15.417,1.44294,1.44314,1.50,1.87
2017.01.03 11:38:15.518,1.44294,1.44314,1.50,3.00
2017.01.03 11:38:16.032,1.44293,1.44314,1.69,3.37
2017.01.03 11:38:16.964,1.44294,1.44315,1.00,1.50
2017.01.03 11:38:17.478,1.44294,1.44313,1.00,1.00
2017.01.03 11:38:18.002,1.44293,1.44313,1.69,1.00
2017.01.03 11:38:18.546,1.44294,1.44314,1.00,1.50
2017.01.03 11:38:20.180,1.44294,1.44313,1.00,1.00
2017.01.03 11:38:20.936,1.44294,1.44314,1.00,1.50
2017.01.03 11:38:22.107,1.44294,1.4431,1.00,1.00
2017.01.03 11:38:22.260,1.44293,1.44313,1.25,1.00
2017.01.03 11:38:22.815,1.44293,1.44314,1.25,3.37
2017.01.03 11:38:23.038,1.44293,1.44312,1.25,1.00
2017.01.03 11:38:24.118,1.44293,1.44313,1.25,1.50
2017.01.03 11:38:26.666,1.44293,1.44312,1.25,1.50
2017.01.03 11:38:26.988,1.44292,1.44309,1.00,1.00
2017.01.03 11:38:27.089,1.4429,1.44309,1.00,1.00
2017.01.03 11:38:27.619,1.44288,1.44309,1.00,2.25
2017.01.03 11:38:28.157,1.44289,1.44308,1.00,1.12
2017.01.03 11:38:28.728,1.44287,1.44308,1.50,1.00
2017.01.03 11:38:29.370,1.44286,1.44303,1.00,1.00
2017.01.03 11:38:29.573,1.44284,1.44302,1.50,1.00
2017.01.03 11:38:29.725,1.44282,1.44302,1.50,1.00
2017.01.03 11:38:30.233,1.44282,1.44302,1.50,4.12
2017.01.03 11:38:30.602,1.4428,1.44299,1.00,1.00
2017.01.03 11:38:31.109,1.44281,1.443,1.00,1.87
2017.01.03 11:38:31.559,1.44279,1.443,1.00,4.12
2017.01.03 11:38:31.660,1.44279,1.44296,1.00,1.00
2017.01.03 11:38:31.812,1.44281,1.443,1.25,1.37
2017.01.03 11:38:32.004,1.44282,1.44301,1.00,1.00
2017.01.03 11:38:32.543,1.44283,1.44301,1.25,1.00
2017.01.03 11:38:34.996,1.44283,1.44299,1.25,1.00
2017.01.03 11:38:35.046,1.4428,1.44298,1.25,1.00
2017.01.03 11:38:35.588,1.4428,1.44298,1.69,1.37
2017.01.03 11:38:35.740,1.44282,1.44299,1.00,1.37
2017.01.03 11:38:36.764,1.44282,1.443,1.00,1.00
2017.01.03 11:38:37.429,1.4428,1.443,1.69,1.00
2017.01.03 11:38:37.885,1.44283,1.44301,1.00,1.12
2017.01.03 11:38:38.088,1.44281,1.44301,2.25,1.00
2017.01.03 11:38:38.639,1.4428,1.44301,1.69,1.50
2017.01.03 11:38:39.159,1.4428,1.44301,1.69,2.25
2017.01.03 11:38:40.390,1.4428,1.44302,1.50,2.25
2017.01.03 11:38:40.845,1.44279,1.44298,1.37,1.00
2017.01.03 11:38:41.048,1.44277,1.44297,1.50,1.50
2017.01.03 11:38:42.131,1.44276,1.44296,1.12,1.00
2017.01.03 11:38:42.358,1.44277,1.44294,1.25,1.50
2017.01.03 11:38:43.355,1.44274,1.44293,1.50,1.00
2017.01.03 11:38:43.867,1.44273,1.44293,2.44,1.00
2017.01.03 11:38:44.374,1.44273,1.44292,1.25,1.00
2017.01.03 11:38:44.891,1.44273,1.44293,1.25,1.50
2017.01.03 11:38:45.777,1.44274,1.44294,1.37,1.00
2017.01.03 11:38:46.038,1.44276,1.44296,1.50,1.50
2017.01.03 11:38:47.188,1.44275,1.44296,1.12,1.50
2017.01.03 11:38:47.993,1.44275,1.44295,1.00,1.00
2017.01.03 11:38:48.767,1.44273,1.44295,4.69,1.00
2017.01.03 11:38:51.896,1.44274,1.44294,1.00,1.00
2017.01.03 11:38:52.377,1.44276,1.44295,1.00,1.00
2017.01.03 11:38:52.594,1.44273,1.44293,2.25,1.00
2017.01.03 11:38:53.119,1.44272,1.44293,1.50,1.00
2017.01.03 11:38:53.333,1.44274,1.44294,1.00,2.25
2017.01.03 11:38:53.942,1.44273,1.44294,1.00,1.50
2017.01.03 11:38:54.272,1.44275,1.44295,1.00,1.00
2017.01.03 11:38:54.821,1.44274,1.44295,1.50,1.00
2017.01.03 11:38:55.367,1.44275,1.44295,1.00,1.50
2017.01.03 11:38:55.925,1.44276,1.44295,1.00,1.00
2017.01.03 11:38:56.453,1.44277,1.44296,1.00,1.00
2017.01.03 11:38:56.606,1.44275,1.44295,2.44,1.50
2017.01.03 11:38:56.708,1.44275,1.44293,1.00,1.00
2017.01.03 11:38:56.860,1.44272,1.44292,1.25,1.00
2017.01.03 11:38:57.403,1.44273,1.44291,1.00,1.00
2017.01.03 11:38:57.924,1.44272,1.4429,1.25,1.00
2017.01.03 11:38:58.550,1.44272,1.44289,1.25,1.00
2017.01.03 11:38:59.089,1.44272,1.44288,1.25,1.00
2017.01.03 11:38:59.614,1.44272,1.44287,1.25,1.00
2017.01.03 11:38:59.716,1.44268,1.44289,1.00,1.87
2017.01.03 11:39:00.252,1.44267,1.44288,1.50,1.00
2017.01.03 11:39:00.458,1.44269,1.44288,1.00,1.00
2017.01.03 11:39:02.300,1.4427,1.44289,1.50,1.12
2017.01.03 11:39:02.605,1.44274,1.44291,1.00,1.00
2017.01.03 11:39:02.960,1.4427,1.4429,1.00,1.00
2017.01.03 11:39:03.062,1.44272,1.4429,1.00,1.00
2017.01.03 11:39:03.635,1.44274,1.44291,1.00,1.00
2017.01.03 11:39:03.737,1.44274,1.44293,1.25,1.00
2017.01.03 11:39:03.889,1.44277,1.44294,1.19,1.00
2017.01.03 11:39:04.092,1.44279,1.44297,1.00,1.00
2017.01.03 11:39:04.244,1.44281,1.44297,1.00,1.00
2017.01.03 11:39:04.772,1.44281,1.44296,1.00,1.00
2017.01.03 11:39:04.924,1.44281,1.44298,1.00,1.00
2017.01.03 11:39:04.976,1.44281,1.44296,1.00,1.00
2017.01.03 11:39:05.681,1.4428,1.44296,1.00,1.00
2017.01.03 11:39:11.561,1.44279,1.44296,1.00,1.00
2017.01.03 11:39:12.087,1.44278,1.44294,1.25,1.00
2017.01.03 11:39:12.391,1.44277,1.44292,1.19,1.00
2017.01.03 11:39:12.905,1.44277,1.44291,1.19,1.00
2017.01.03 11:39:13.058,1.44277,1.44293,1.19,1.00
2017.01.03 11:39:14.060,1.44273,1.44291,1.00,1.00
2017.01.03 11:39:14.263,1.44272,1.44286,1.00,1.00
2017.01.03 11:39:14.314,1.44269,1.44286,1.50,2.25
2017.01.03 11:39:14.416,1.44267,1.44285,1.00,1.00
2017.01.03 11:39:14.943,1.44266,1.44285,1.69,1.00
2017.01.03 11:39:15.595,1.44268,1.44285,1.00,1.00
2017.01.03 11:39:16.355,1.44267,1.44285,1.00,1.00
2017.01.03 11:39:17.114,1.44266,1.44284,1.69,1.00
2017.01.03 11:39:17.710,1.44266,1.44285,1.69,1.00
2017.01.03 11:39:18.127,1.44266,1.44283,1.25,1.00
2017.01.03 11:39:18.645,1.44267,1.44284,1.00,1.00
2017.01.03 11:39:19.775,1.44269,1.44285,1.25,1.00
2017.01.03 11:39:20.080,1.44272,1.44288,1.25,1.00
2017.01.03 11:39:20.627,1.44272,1.44289,1.25,1.00
2017.01.03 11:39:25.116,1.44272,1.44286,1.25,1.50
2017.01.03 11:39:25.270,1.44264,1.4428,1.69,1.00
2017.01.03 11:39:25.423,1.44264,1.44278,1.25,1.00
2017.01.03 11:39:25.474,1.44261,1.44278,1.00,1.00
2017.01.03 11:39:25.526,1.4426,1.44276,1.00,1.00
2017.01.03 11:39:25.831,1.44258,1.44273,1.25,1.00
2017.01.03 11:39:25.937,1.44253,1.44271,1.25,1.00
2017.01.03 11:39:26.015,1.44252,1.44268,1.69,1.00
2017.01.03 11:39:26.321,1.44252,1.44266,1.19,1.00
2017.01.03 11:39:27.616,1.44252,1.44267,1.19,1.00
2017.01.03 11:39:30.200,1.44252,1.44268,1.19,1.00
2017.01.03 11:39:33.757,1.44252,1.44267,1.19,1.00
2017.01.03 11:39:34.855,1.44248,1.44266,1.00,1.87
2017.01.03 11:39:35.007,1.44246,1.44263,1.69,1.00
2017.01.03 11:39:35.653,1.44248,1.44265,1.69,1.50
2017.01.03 11:39:35.959,1.44248,1.44263,1.00,1.00
2017.01.03 11:39:36.255,1.44241,1.44257,1.50,1.00
2017.01.03 11:39:36.306,1.44239,1.44256,1.69,1.00
2017.01.03 11:39:36.509,1.44241,1.44257,1.00,1.00
2017.01.03 11:39:36.561,1.4424,1.4426,1.87,1.00
2017.01.03 11:39:36.713,1.44242,1.4426,1.00,1.00
2017.01.03 11:39:37.079,1.44244,1.4426,1.25,1.00
2017.01.03 11:39:38.079,1.44241,1.44257,1.00,1.00
2017.01.03 11:39:38.282,1.44238,1.44257,1.69,1.00
2017.01.03 11:39:38.819,1.44239,1.44257,1.00,1.00
2017.01.03 11:39:40.389,1.4424,1.44257,1.00,1.00
2017.01.03 11:39:41.145,1.44242,1.44258,1.00,1.00
2017.01.03 11:39:41.449,1.44245,1.44261,1.19,2.25
2017.01.03 11:39:41.551,1.44245,1.44262,1.19,1.00
2017.01.03 11:39:43.753,1.44245,1.4426,1.19,1.00
2017.01.03 11:39:43.804,1.44244,1.4426,1.25,1.00
2017.01.03 11:39:43.906,1.44242,1.4426,1.00,1.00
2017.01.03 11:39:44.238,1.44241,1.44258,1.00,1.00
2017.01.03 11:39:45.085,1.44245,1.4426,1.25,1.12
2017.01.03 11:39:45.137,1.44242,1.44261,1.69,2.25
2017.01.03 11:39:45.643,1.44242,1.44258,1.25,1.00
2017.01.03 11:39:46.088,1.44244,1.44259,1.00,1.00
2017.01.03 11:39:46.145,1.44242,1.4426,1.69,1.00
2017.01.03 11:39:46.659,1.44245,1.4426,1.00,1.00
2017.01.03 11:39:46.862,1.44243,1.4426,1.00,1.00
2017.01.03 11:39:47.683,1.44243,1.44262,1.00,1.12
2017.01.03 11:39:48.072,1.44242,1.4426,1.69,1.00
2017.01.03 11:39:48.580,1.44242,1.44259,1.25,1.00
2017.01.03 11:39:49.105,1.44242,1.4426,1.25,1.00
2017.01.03 11:39:50.617,1.44242,1.44261,1.69,1.00
2017.01.03 11:39:50.922,1.44244,1.44262,1.25,1.00
2017.01.03 11:39:51.226,1.44247,1.44264,1.00,1.00
2017.01.03 11:39:51.836,1.44247,1.44265,1.00,1.00
2017.01.03 11:39:52.356,1.44246,1.44265,1.00,1.00
2017.01.03 11:39:53.140,1.44248,1.44265,1.00,1.00
2017.01.03 11:39:53.510,1.44251,1.44265,1.25,1.00
2017.01.03 11:39:53.562,1.44245,1.44264,2.25,1.50
2017.01.03 11:39:53.613,1.44245,1.44262,2.25,1.00
2017.01.03 11:39:53.715,1.44245,1.44264,1.50,1.87
2017.01.03 11:39:54.070,1.44247,1.44265,1.00,1.00
2017.01.03 11:39:54.781,1.44247,1.44266,1.00,1.00
2017.01.03 11:39:55.296,1.44248,1.44266,1.00,1.00
2017.01.03 11:39:56.005,1.44248,1.44267,1.00,1.00
2017.01.03 11:39:56.579,1.44247,1.44266,1.00,1.00
2017.01.03 11:39:56.899,1.44249,1.44266,1.00,1.00
2017.01.03 11:39:57.428,1.44249,1.44267,1.00,1.00
2017.01.03 11:40:00.344,1.44249,1.44263,1.00,1.00
2017.01.03 11:40:00.395,1.44246,1.44262,1.87,1.00
2017.01.03 11:40:00.901,1.44245,1.44262,1.69,1.00
2017.01.03 11:40:01.408,1.44245,1.44261,1.00,1.00
2017.01.03 11:40:01.814,1.44244,1.44259,1.00,1.00
2017.01.03 11:40:01.915,1.44241,1.44259,1.00,1.00
2017.01.03 11:40:02.017,1.4424,1.44257,1.00,1.00
2017.01.03 11:40:04.398,1.44241,1.44257,1.00,1.00
2017.01.03 11:40:05.030,1.44244,1.44256,1.25,1.00
2017.01.03 11:40:05.081,1.44244,1.44258,1.25,1.00
2017.01.03 11:40:05.657,1.44244,1.44259,1.69,1.00
2017.01.03 11:40:06.046,1.44245,1.44259,1.19,1.00
2017.01.03 11:40:06.248,1.44245,1.44261,1.19,1.00
2017.01.03 11:40:06.300,1.44244,1.44261,1.00,1.00
2017.01.03 11:40:06.807,1.44244,1.44262,1.00,1.00
2017.01.03 11:40:07.314,1.44245,1.44262,1.00,1.00
2017.01.03 11:40:10.489,1.44244,1.44262,1.00,1.00
2017.01.03 11:40:10.590,1.44244,1.4426,1.00,1.00
2017.01.03 11:40:10.894,1.44242,1.44258,1.19,1.00
2017.01.03 11:40:12.049,1.44242,1.44256,1.19,1.00
2017.01.03 11:40:12.609,1.4424,1.44256,1.00,1.00
2017.01.03 11:40:14.364,1.44239,1.44256,1.00,1.00
2017.01.03 11:40:15.044,1.44238,1.44256,1.00,1.00
2017.01.03 11:40:17.784,1.4424,1.44256,1.00,1.00
2017.01.03 11:40:18.345,1.4424,1.44257,1.00,1.00
2017.01.03 11:40:19.769,1.44243,1.44259,1.25,1.00
2017.01.03 11:40:19.821,1.44243,1.44261,1.25,1.00
2017.01.03 11:40:19.973,1.44247,1.44262,1.00,1.00
2017.01.03 11:40:20.075,1.44247,1.44264,1.00,1.00
2017.01.03 11:40:23.094,1.44247,1.44265,1.00,1.00
2017.01.03 11:40:26.144,1.44247,1.44264,1.00,1.00
2017.01.03 11:40:26.297,1.44244,1.44261,1.50,1.00
2017.01.03 11:40:26.602,1.44245,1.44262,1.19,1.00
2017.01.03 11:40:28.376,1.44246,1.44263,1.69,1.00
2017.01.03 11:40:28.681,1.44245,1.4426,1.19,1.00
2017.01.03 11:40:31.377,1.44243,1.4426,1.25,1.00
2017.01.03 11:40:32.240,1.44243,1.44261,2.44,1.00
2017.01.03 11:40:32.291,1.44246,1.44262,1.00,1.00
2017.01.03 11:40:32.641,1.44244,1.44261,1.87,1.00
2017.01.03 11:40:32.945,1.44244,1.44263,1.87,1.00
2017.01.03 11:40:33.047,1.44245,1.44261,1.00,1.00
2017.01.03 11:40:33.148,1.44243,1.44261,1.69,1.50
2017.01.03 11:40:33.687,1.44243,1.4426,1.25,1.00
2017.01.03 11:40:34.158,1.44245,1.44261,1.19,1.00
2017.01.03 11:40:34.671,1.44245,1.4426,1.19,1.00
2017.01.03 11:40:37.069,1.44242,1.4426,1.50,1.00
2017.01.03 11:40:38.950,1.44244,1.4426,1.00,1.00
2017.01.03 11:40:39.001,1.44244,1.44262,1.00,1.12
2017.01.03 11:40:39.184,1.44244,1.44265,1.00,1.12
2017.01.03 11:40:39.235,1.44247,1.44265,1.00,1.12
2017.01.03 11:40:39.539,1.44246,1.44263,1.00,1.00
2017.01.03 11:40:40.078,1.44245,1.44263,1.00,1.00
2017.01.03 11:40:41.556,1.44247,1.44263,1.00,1.00
2017.01.03 11:40:42.350,1.44247,1.44264,1.00,1.00
2017.01.03 11:40:43.084,1.44246,1.44264,1.00,1.87
2017.01.03 11:40:43.888,1.44246,1.44262,1.00,1.00
2017.01.03 11:40:45.753,1.44246,1.44263,1.00,1.00
2017.01.03 11:40:46.257,1.44246,1.44262,1.00,1.00
2017.01.03 11:40:46.561,1.44243,1.4426,1.00,1.00
2017.01.03 11:40:46.916,1.44245,1.4426,1.00,1.00
2017.01.03 11:40:47.380,1.44243,1.4426,1.00,1.00
2017.01.03 11:40:49.212,1.44243,1.44261,1.00,1.00
2017.01.03 11:40:49.915,1.44244,1.44261,1.00,1.00
2017.01.03 11:40:52.594,1.44245,1.44263,1.00,1.50
2017.01.03 11:40:52.892,1.44247,1.44264,1.00,1.00
2017.01.03 11:40:53.202,1.44249,1.44266,1.00,1.12
2017.01.03 11:40:54.484,1.44249,1.44265,1.00,1.00
2017.01.03 11:40:54.821,1.44251,1.44267,1.00,1.00
2017.01.03 11:40:57.437,1.44249,1.44267,1.00,1.00
2017.01.03 11:40:58.022,1.44249,1.44266,1.00,1.00
2017.01.03 11:40:59.625,1.44256,1.4427,1.00,2.62
2017.01.03 11:40:59.727,1.44256,1.44272,1.50,1.12
2017.01.03 11:40:59.829,1.4426,1.44277,1.00,1.69
2017.01.03 11:41:00.375,1.44261,1.44277,1.00,1.00
2017.01.03 11:41:00.629,1.44262,1.44279,1.00,1.00
2017.01.03 11:41:01.104,1.44262,1.44281,1.00,1.50
2017.01.03 11:41:01.908,1.44263,1.44281,1.00,1.50
2017.01.03 11:41:03.255,1.44263,1.4428,1.00,1.00
2017.01.03 11:41:03.773,1.44263,1.44281,1.00,1.00
2017.01.03 11:41:04.304,1.44264,1.44281,1.00,1.00
2017.01.03 11:41:04.406,1.44262,1.44279,1.00,1.00
2017.01.03 11:41:04.608,1.4426,1.44278,1.00,1.00
2017.01.03 11:41:06.184,1.44262,1.44278,1.25,1.00
2017.01.03 11:41:06.236,1.44262,1.44281,1.69,1.00
2017.01.03 11:41:06.338,1.44263,1.44283,1.50,2.25
2017.01.03 11:41:06.439,1.44265,1.44283,1.00,1.00
2017.01.03 11:41:08.287,1.44265,1.44282,1.00,1.00
2017.01.03 11:41:08.389,1.44263,1.44282,1.00,1.00
2017.01.03 11:41:09.618,1.44264,1.44282,1.00,1.00
2017.01.03 11:41:09.720,1.44265,1.44285,1.00,1.50
2017.01.03 11:41:09.771,1.44269,1.44285,1.25,1.50
2017.01.03 11:41:10.384,1.44269,1.44286,1.25,1.00
2017.01.03 11:41:10.905,1.44269,1.44287,1.25,1.00
2017.01.03 11:41:13.090,1.44274,1.44289,1.19,1.00
2017.01.03 11:41:13.259,1.44274,1.44293,1.69,1.12
2017.01.03 11:41:13.310,1.44277,1.44294,1.19,2.25
2017.01.03 11:41:13.362,1.44276,1.44293,1.25,1.00
2017.01.03 11:41:13.514,1.44276,1.44291,1.25,1.00
2017.01.03 11:41:15.110,1.44276,1.44292,1.25,1.00
2017.01.03 11:41:15.618,1.44276,1.44291,1.25,1.00
2017.01.03 11:41:16.126,1.44276,1.44292,1.25,1.00
2017.01.03 11:41:16.379,1.44271,1.44289,1.50,1.00
2017.01.03 11:41:16.481,1.44273,1.44288,1.00,1.00
2017.01.03 11:41:16.634,1.44269,1.44285,1.00,1.00
2017.01.03 11:41:16.905,1.44267,1.44288,3.19,1.87
2017.01.03 11:41:17.007,1.44271,1.4429,1.00,1.87
2017.01.03 11:41:17.058,1.44271,1.4429,1.00,1.50
2017.01.03 11:41:17.312,1.44273,1.4429,1.00,1.00
2017.01.03 11:41:17.362,1.44271,1.4429,1.00,1.00
2017.01.03 11:41:17.913,1.4427,1.4429,1.00,1.00
2017.01.03 11:41:19.193,1.44272,1.4429,1.00,1.00
2017.01.03 11:41:20.085,1.44273,1.4429,1.00,1.00
2017.01.03 11:41:22.939,1.44273,1.44292,1.00,2.25
2017.01.03 11:41:23.637,1.44273,1.44291,1.00,1.00
2017.01.03 11:41:28.962,1.44274,1.44291,1.00,1.00
2017.01.03 11:41:34.532,1.44274,1.44292,1.00,1.00
2017.01.03 11:41:34.583,1.44276,1.44292,1.00,1.00
2017.01.03 11:41:34.837,1.44274,1.44292,1.00,1.00
2017.01.03 11:41:35.366,1.44273,1.44292,1.00,1.50
2017.01.03 11:41:35.909,1.44274,1.44292,1.00,1.50
2017.01.03 11:41:40.722,1.44274,1.4429,1.00,1.50
2017.01.03 11:41:40.976,1.44267,1.44284,1.25,1.00
2017.01.03 11:41:41.110,1.44265,1.44283,1.00,1.50
2017.01.03 11:41:41.262,1.44267,1.44283,1.00,1.50
2017.01.03 11:41:41.877,1.44268,1.44285,1.00,1.50
2017.01.03 11:41:42.897,1.44269,1.44285,1.25,1.00
2017.01.03 11:41:43.000,1.4427,1.44289,1.00,1.50
2017.01.03 11:41:43.102,1.44272,1.4429,1.00,2.25
2017.01.03 11:41:43.623,1.44274,1.4429,1.00,1.12
2017.01.03 11:41:44.159,1.44273,1.4429,1.00,1.12
2017.01.03 11:41:45.221,1.44272,1.4429,1.00,1.12
2017.01.03 11:41:46.102,1.44269,1.44286,1.00,1.87
2017.01.03 11:41:46.153,1.44267,1.44284,1.00,1.12
2017.01.03 11:41:46.254,1.44264,1.44284,1.69,2.25
2017.01.03 11:41:46.759,1.44263,1.44283,1.69,1.50
2017.01.03 11:41:46.861,1.44266,1.44283,1.00,1.50
2017.01.03 11:41:47.368,1.44264,1.44282,1.69,1.00
2017.01.03 11:41:47.675,1.44262,1.44279,1.19,1.00
2017.01.03 11:41:47.727,1.4426,1.44279,1.69,1.37
2017.01.03 11:41:47.778,1.4426,1.44275,1.25,1.00
2017.01.03 11:41:48.211,1.4426,1.44277,1.25,1.50
2017.01.03 11:41:48.930,1.4426,1.44278,1.25,1.12
2017.01.03 11:41:49.547,1.4426,1.44277,1.25,1.00
2017.01.03 11:41:50.081,1.4426,1.44278,1.25,1.50
2017.01.03 11:41:50.588,1.4426,1.44277,1.25,1.00
2017.01.03 11:41:51.138,1.4426,1.44278,1.25,1.00
2017.01.03 11:41:51.619,1.4426,1.44281,1.25,1.87
2017.01.03 11:41:51.772,1.44262,1.44281,1.00,1.00
2017.01.03 11:41:52.076,1.44262,1.44279,1.00,1.00
2017.01.03 11:41:52.587,1.44261,1.4428,1.50,1.50
2017.01.03 11:41:52.897,1.4426,1.44277,1.69,1.00
2017.01.03 11:41:53.024,1.44258,1.44277,1.12,1.00
2017.01.03 11:41:54.188,1.44258,1.44278,1.12,1.50
2017.01.03 11:41:54.816,1.44258,1.44276,1.12,1.00
2017.01.03 11:41:55.018,1.44258,1.44278,1.87,1.00
2017.01.03 11:41:55.452,1.4426,1.44277,1.00,1.00
2017.01.03 11:41:56.029,1.4426,1.44278,1.00,1.00
2017.01.03 11:41:59.830,1.44258,1.44277,1.12,1.00
2017.01.03 11:42:00.337,1.44257,1.44276,1.25,1.00
2017.01.03 11:42:00.747,1.44257,1.44274,1.25,1.00
2017.01.03 11:42:02.131,1.44254,1.44272,1.12,1.00
2017.01.03 11:42:02.261,1.44252,1.44269,1.00,1.00
2017.01.03 11:42:02.464,1.44253,1.44271,1.00,1.50
2017.01.03 11:42:02.520,1.44251,1.44271,1.69,1.00
2017.01.03 11:42:02.723,1.44253,1.44271,1.00,1.00
2017.01.03 11:42:03.139,1.44251,1.44269,1.25,1.00
2017.01.03 11:42:03.672,1.44251,1.4427,1.69,1.00
2017.01.03 11:42:04.178,1.44252,1.44269,1.00,1.00
2017.01.03 11:42:04.280,1.44252,1.44271,1.00,1.50
2017.01.03 11:42:04.583,1.44254,1.44272,1.00,1.00
2017.01.03 11:42:05.061,1.44257,1.44274,1.25,1.50
2017.01.03 11:42:05.163,1.44257,1.44277,2.44,1.00
2017.01.03 11:42:05.272,1.44257,1.44277,2.44,1.00
2017.01.03 11:42:05.576,1.44262,1.4428,1.00,1.00
2017.01.03 11:42:05.880,1.44265,1.44283,1.69,1.00
2017.01.03 11:42:06.300,1.44267,1.44284,1.00,1.00
2017.01.03 11:42:08.333,1.44265,1.44284,2.44,1.00
2017.01.03 11:42:08.517,1.44267,1.44284,1.00,1.00
2017.01.03 11:42:12.498,1.44266,1.44283,1.00,1.50
2017.01.03 11:42:12.702,1.44263,1.44281,1.00,1.00
2017.01.03 11:42:13.207,1.44261,1.4428,1.69,1.00
2017.01.03 11:42:16.002,1.44262,1.44282,1.25,1.12
2017.01.03 11:42:16.305,1.44264,1.44282,1.00,1.00
2017.01.03 11:42:18.181,1.44264,1.44281,1.00,1.50
2017.01.03 11:42:18.740,1.44263,1.44281,1.00,1.50
2017.01.03 11:42:19.075,1.44261,1.44279,1.19,1.00
2017.01.03 11:42:21.383,1.44263,1.4428,1.00,1.00
2017.01.03 11:42:21.536,1.44263,1.44283,1.19,1.00
2017.01.03 11:42:21.637,1.44265,1.44285,1.00,1.00
2017.01.03 11:42:21.739,1.44267,1.44285,1.00,1.00
2017.01.03 11:42:22.246,1.44267,1.44286,1.00,1.50
2017.01.03 11:42:22.833,1.44268,1.44286,1.00,1.00
2017.01.03 11:42:23.151,1.44266,1.44285,1.12,1.00
2017.01.03 11:42:23.456,1.44265,1.44282,1.00,1.00
2017.01.03 11:42:24.023,1.44264,1.44282,1.25,1.00
2017.01.03 11:42:26.054,1.44263,1.44281,1.69,1.00
2017.01.03 11:42:26.359,1.44264,1.44283,1.50,1.00
2017.01.03 11:42:26.878,1.44265,1.44283,1.00,1.00
2017.01.03 11:42:27.423,1.44264,1.44282,1.00,1.00
2017.01.03 11:42:28.157,1.44266,1.44283,1.00,1.00
2017.01.03 11:42:28.258,1.44265,1.44285,3.00,1.00
2017.01.03 11:42:28.368,1.44267,1.44285,1.00,1.00
2017.01.03 11:42:28.772,1.44267,1.44287,1.00,1.50
2017.01.03 11:42:28.923,1.44268,1.44285,1.00,1.00
2017.01.03 11:42:29.429,1.44267,1.44285,1.69,1.00
2017.01.03 11:42:29.945,1.44267,1.44284,1.25,1.00
2017.01.03 11:42:31.090,1.44268,1.44285,1.00,1.00
2017.01.03 11:42:31.596,1.44268,1.44286,1.00,1.50
2017.01.03 11:42:32.305,1.44268,1.44286,1.19,1.50
2017.01.03 11:42:33.008,1.44269,1.44286,1.25,1.50
2017.01.03 11:42:37.931,1.44269,1.44284,1.25,1.00
2017.01.03 11:42:38.453,1.44268,1.44285,1.25,1.00
2017.01.03 11:42:39.271,1.44267,1.44285,1.00,1.00
2017.01.03 11:42:39.923,1.44266,1.44285,1.00,1.00
2017.01.03 11:42:40.249,1.44265,1.44281,1.25,1.00
2017.01.03 11:42:40.350,1.44263,1.44281,1.00,1.00
2017.01.03 11:42:40.555,1.44264,1.44279,1.00,1.00
2017.01.03 11:42:40.739,1.44261,1.44279,1.50,1.00
2017.01.03 11:42:41.246,1.44261,1.4428,1.50,1.50
2017.01.03 11:42:41.500,1.44262,1.44283,1.00,1.87
2017.01.03 11:42:41.601,1.44265,1.44284,1.00,1.50
2017.01.03 11:42:42.107,1.44265,1.44283,1.00,1.00
2017.01.03 11:42:42.598,1.44266,1.44285,1.00,1.00
2017.01.03 11:42:42.851,1.44265,1.44281,1.00,1.00
2017.01.03 11:42:43.269,1.44263,1.44281,1.50,1.00
2017.01.03 11:42:43.372,1.44265,1.44282,1.00,1.00
2017.01.03 11:42:45.733,1.44265,1.44283,1.00,1.00
2017.01.03 11:42:45.997,1.44263,1.44282,1.00,1.00
2017.01.03 11:42:46.048,1.44263,1.4428,1.00,1.00
2017.01.03 11:42:46.274,1.44261,1.44279,1.00,1.00
2017.01.03 11:42:47.140,1.44261,1.4428,1.00,1.50
2017.01.03 11:42:47.661,1.44261,1.4428,1.00,1.37
2017.01.03 11:42:47.863,1.44261,1.44276,1.00,1.00
2017.01.03 11:42:47.926,1.44259,1.44276,1.00,1.00
2017.01.03 11:42:48.028,1.44259,1.44274,1.00,1.00
2017.01.03 11:42:48.181,1.44256,1.44274,1.00,1.00
2017.01.03 11:42:48.727,1.44255,1.44274,1.00,1.00
2017.01.03 11:42:49.267,1.44256,1.44274,1.00,1.00
2017.01.03 11:42:49.768,1.44257,1.44274,1.00,1.00
2017.01.03 11:42:50.809,1.44256,1.44274,1.00,1.00
2017.01.03 11:42:51.063,1.44255,1.44277,1.87,1.50
2017.01.03 11:42:51.114,1.44257,1.44276,1.00,1.00
2017.01.03 11:42:51.420,1.44261,1.44279,1.00,1.31
2017.01.03 11:42:52.411,1.4426,1.44279,1.00,1.31
2017.01.03 11:42:52.878,1.44262,1.44279,1.00,1.31
2017.01.03 11:42:53.562,1.4426,1.44277,1.00,1.00
2017.01.03 11:42:53.918,1.44254,1.44271,1.00,1.00
2017.01.03 11:42:54.587,1.44254,1.4427,1.00,1.00
2017.01.03 11:42:54.740,1.44252,1.44269,1.00,1.00
2017.01.03 11:42:54.942,1.44254,1.44269,1.00,1.00
2017.01.03 11:42:55.145,1.44252,1.44268,1.00,1.00
2017.01.03 11:42:55.298,1.44251,1.44266,1.00,1.00
2017.01.03 11:42:55.401,1.44249,1.44267,1.00,1.00
2017.01.03 11:42:55.707,1.44251,1.44267,1.00,1.00
2017.01.03 11:42:56.236,1.44252,1.44267,1.00,1.00
2017.01.03 11:42:56.390,1.44252,1.44269,1.00,1.00
2017.01.03 11:42:56.853,1.44252,1.44271,1.00,1.50
2017.01.03 11:42:57.106,1.44254,1.44272,1.00,1.87
2017.01.03 11:42:57.641,1.44253,1.4427,1.00,1.00
2017.01.03 11:42:58.510,1.44252,1.4427,1.00,1.00
2017.01.03 11:42:58.814,1.44255,1.44273,1.00,2.25
2017.01.03 11:42:59.270,1.44252,1.4427,1.00,1.00
2017.01.03 11:43:00.112,1.44251,1.4427,2.25,1.00
2017.01.03 11:43:01.179,1.44251,1.44269,1.00,1.00
2017.01.03 11:43:01.695,1.4425,1.44269,3.56,1.00
2017.01.03 11:43:02.804,1.4425,1.4427,2.44,1.00
2017.01.03 11:43:03.324,1.44251,1.4427,1.00,1.00
2017.01.03 11:43:03.859,1.44252,1.4427,1.00,1.00
2017.01.03 11:43:04.015,1.4425,1.4427,1.69,1.00
2017.01.03 11:43:04.217,1.44252,1.44269,1.00,1.00
2017.01.03 11:43:04.785,1.44252,1.4427,1.00,1.00
2017.01.03 11:43:08.776,1.44252,1.44267,1.00,1.00
2017.01.03 11:43:08.889,1.4425,1.44267,1.00,1.50
2017.01.03 11:43:08.941,1.4425,1.44265,1.00,1.00
2017.01.03 11:43:09.447,1.44249,1.44266,1.00,1.00
2017.01.03 11:43:10.027,1.44248,1.44266,2.44,1.50
2017.01.03 11:43:10.331,1.44253,1.44268,1.19,1.00
2017.01.03 11:43:10.534,1.44253,1.4427,1.19,1.50
2017.01.03 11:43:11.036,1.44253,1.44269,1.19,1.00
2017.01.03 11:43:12.271,1.44253,1.44268,1.19,1.00
2017.01.03 11:43:12.771,1.44252,1.44268,1.25,1.00
2017.01.03 11:43:12.822,1.44252,1.44266,1.25,1.00
2017.01.03 11:43:13.628,1.4425,1.44266,1.25,1.00
2017.01.03 11:43:15.032,1.44251,1.44266,1.00,1.00
2017.01.03 11:43:15.536,1.4425,1.44266,1.25,1.00
2017.01.03 11:43:16.548,1.44249,1.44265,1.69,1.00
2017.01.03 11:43:18.589,1.44248,1.44261,1.00,1.00
2017.01.03 11:43:18.640,1.44245,1.44263,1.50,1.00
2017.01.03 11:43:18.691,1.44245,1.44261,1.50,1.00
2017.01.03 11:43:18.995,1.44242,1.44257,1.12,1.12
2017.01.03 11:43:19.299,1.44239,1.44252,1.00,1.00
2017.01.03 11:43:19.400,1.44237,1.44253,1.00,1.00
2017.01.03 11:43:19.859,1.44236,1.44251,2.25,1.00
2017.01.03 11:43:20.163,1.44238,1.44252,2.06,1.00
2017.01.03 11:43:20.214,1.44238,1.44254,1.50,1.00
2017.01.03 11:43:20.317,1.44241,1.44255,1.00,1.00
2017.01.03 11:43:20.369,1.44241,1.44257,1.00,1.50
2017.01.03 11:43:20.471,1.44242,1.44259,1.00,1.00
2017.01.03 11:43:20.522,1.44243,1.44261,1.00,1.00
2017.01.03 11:43:21.029,1.44244,1.4426,1.00,1.00
2017.01.03 11:43:21.564,1.44244,1.44261,1.00,1.50
2017.01.03 11:43:21.733,1.44247,1.44261,1.00,1.00
2017.01.03 11:43:22.240,1.44244,1.44261,1.19,1.50
2017.01.03 11:43:23.130,1.44244,1.4426,1.19,1.00
2017.01.03 11:43:23.999,1.44242,1.4426,1.69,1.00
2017.01.03 11:43:24.152,1.44243,1.44258,1.00,1.00
2017.01.03 11:43:24.204,1.44243,1.4426,1.00,1.50
2017.01.03 11:43:24.255,1.44242,1.44258,1.00,1.00
2017.01.03 11:43:24.407,1.44241,1.4426,1.69,1.50
2017.01.03 11:43:24.610,1.44243,1.44258,1.00,1.00
2017.01.03 11:43:25.151,1.44243,1.44259,1.00,1.00
2017.01.03 11:43:25.397,1.44244,1.44263,1.00,1.00
2017.01.03 11:43:25.942,1.44245,1.44262,1.00,1.00
2017.01.03 11:43:26.756,1.44245,1.44261,1.00,1.00
2017.01.03 11:43:26.909,1.44243,1.44259,1.00,1.12
2017.01.03 11:43:27.249,1.44238,1.44256,1.50,1.00
2017.01.03 11:43:27.452,1.44241,1.44256,1.00,1.00
2017.01.03 11:43:28.137,1.4424,1.44256,1.00,1.50
2017.01.03 11:43:28.669,1.4424,1.44257,3.19,1.50
2017.01.03 11:43:29.228,1.4424,1.44256,1.25,1.00
2017.01.03 11:43:33.191,1.4424,1.44255,1.00,1.00
2017.01.03 11:43:33.495,1.44236,1.44252,1.00,1.00
2017.01.03 11:43:33.849,1.44237,1.44254,1.00,1.00
2017.01.03 11:43:34.011,1.44237,1.44252,1.00,1.50
2017.01.03 11:43:34.445,1.44236,1.44254,2.44,1.00
2017.01.03 11:43:37.715,1.44236,1.44253,1.19,1.00
2017.01.03 11:43:38.505,1.44237,1.44254,1.25,1.00
2017.01.03 11:43:38.714,1.44237,1.44256,2.44,1.00
2017.01.03 11:43:38.917,1.44237,1.44254,1.69,1.00
2017.01.03 11:43:39.367,1.44238,1.44256,1.50,1.00
2017.01.03 11:43:40.390,1.44238,1.44254,1.00,1.00
2017.01.03 11:43:40.696,1.44236,1.44252,1.69,1.00
2017.01.03 11:43:41.189,1.44236,1.44254,1.19,1.00
2017.01.03 11:43:41.425,1.44236,1.44252,1.19,1.00
2017.01.03 11:43:41.527,1.44235,1.44252,1.50,1.00
2017.01.03 11:43:41.755,1.44232,1.44252,3.19,1.00
2017.01.03 11:43:42.367,1.44233,1.44252,1.00,1.00
2017.01.03 11:43:42.876,1.44234,1.44252,1.00,1.00
2017.01.03 11:43:47.434,1.44234,1.4425,1.50,1.00
2017.01.03 11:43:47.637,1.44234,1.44252,1.00,1.00
2017.01.03 11:43:48.143,1.44235,1.44253,1.00,1.50
2017.01.03 11:43:48.913,1.44236,1.44253,1.00,1.00
2017.01.03 11:43:49.065,1.44237,1.44251,1.00,1.00
2017.01.03 11:43:49.418,1.44235,1.44251,1.00,1.00
2017.01.03 11:43:49.873,1.44233,1.44251,1.00,1.00
2017.01.03 11:43:50.278,1.44233,1.44251,2.06,1.00
2017.01.03 11:43:52.897,1.44233,1.44254,2.81,1.50
2017.01.03 11:43:53.404,1.44236,1.44254,1.00,1.00
2017.01.03 11:43:53.946,1.44237,1.44254,1.00,1.00
2017.01.03 11:43:53.998,1.44235,1.44253,1.00,1.50
2017.01.03 11:43:54.050,1.44233,1.44251,1.00,1.00
2017.01.03 11:43:54.386,1.44226,1.44243,1.50,1.00
2017.01.03 11:43:54.590,1.44223,1.44241,1.00,1.50
2017.01.03 11:43:54.641,1.44221,1.44237,1.50,1.00
2017.01.03 11:43:54.793,1.44223,1.4424,1.50,1.00
2017.01.03 11:43:54.844,1.44227,1.44245,1.50,1.50
2017.01.03 11:43:55.098,1.44225,1.4424,1.00,1.00
2017.01.03 11:43:55.354,1.44225,1.44242,1.00,1.00
2017.01.03 11:43:55.927,1.44225,1.44244,1.00,1.12
2017.01.03 11:43:56.307,1.44223,1.44242,2.25,1.00
2017.01.03 11:43:56.612,1.44221,1.4424,1.00,1.00
2017.01.03 11:43:56.917,1.4422,1.44237,1.69,1.00
2017.01.03 11:43:57.409,1.44228,1.44241,1.19,1.00
2017.01.03 11:43:57.511,1.4423,1.44245,1.19,2.25
2017.01.03 11:43:57.612,1.4423,1.44248,1.19,1.12
2017.01.03 11:43:58.119,1.4423,1.44249,1.69,1.00
2017.01.03 11:43:58.624,1.44232,1.44248,1.00,1.00
2017.01.03 11:43:59.145,1.4423,1.44247,1.19,1.00
2017.01.03 11:43:59.652,1.44233,1.44247,1.19,1.50
2017.01.03 11:43:59.753,1.4423,1.44247,2.06,1.50
2017.01.03 11:44:00.007,1.44233,1.44247,1.19,1.00
2017.01.03 11:44:00.058,1.44231,1.44247,1.00,1.00
2017.01.03 11:44:00.363,1.4423,1.44251,2.44,1.12
2017.01.03 11:44:00.623,1.44232,1.4425,1.00,1.00
2017.01.03 11:44:00.927,1.44235,1.44251,1.00,1.00
2017.01.03 11:44:01.180,1.44231,1.44251,1.00,1.50
2017.01.03 11:44:01.383,1.44234,1.4425,1.00,1.00
2017.01.03 11:44:01.434,1.44233,1.44252,2.25,1.12
2017.01.03 11:44:01.536,1.44237,1.44253,1.00,1.00
2017.01.03 11:44:01.638,1.44238,1.44256,1.50,1.00
2017.01.03 11:44:01.689,1.4424,1.44256,1.00,1.00
2017.01.03 11:44:01.791,1.44242,1.4426,1.50,1.00
2017.01.03 11:44:01.994,1.44244,1.44262,1.00,1.37
2017.01.03 11:44:03.268,1.44244,1.44257,1.00,1.00
2017.01.03 11:44:03.320,1.44242,1.44257,1.00,1.00
2017.01.03 11:44:03.478,1.4424,1.44258,2.25,1.50
2017.01.03 11:44:03.732,1.44242,1.44258,1.00,1.00
2017.01.03 11:44:04.253,1.44243,1.44258,1.00,1.00
2017.01.03 11:44:05.012,1.44243,1.44256,1.00,1.00
2017.01.03 11:44:05.063,1.44241,1.44256,1.00,1.00
2017.01.03 11:44:05.114,1.44239,1.44252,1.00,1.00
2017.01.03 11:44:05.165,1.44235,1.44252,1.69,1.00
2017.01.03 11:44:05.267,1.44232,1.44251,1.37,1.50
2017.01.03 11:44:05.621,1.44234,1.44253,1.25,1.00
2017.01.03 11:44:06.125,1.44236,1.44254,1.00,1.00
2017.01.03 11:44:06.931,1.44236,1.44255,1.50,1.50
2017.01.03 11:44:07.437,1.44235,1.44254,1.50,1.00
2017.01.03 11:44:07.741,1.44234,1.44251,1.00,1.00
2017.01.03 11:44:08.346,1.44232,1.4425,1.50,1.00
2017.01.03 11:44:08.801,1.44231,1.44245,1.00,1.00
2017.01.03 11:44:08.954,1.44228,1.44245,1.00,1.00
2017.01.03 11:44:09.499,1.44227,1.44245,1.50,1.00
2017.01.03 11:44:10.028,1.44225,1.44244,1.69,1.50
2017.01.03 11:44:10.605,1.44226,1.44245,1.25,1.50
2017.01.03 11:44:14.715,1.44225,1.44244,3.00,1.50
2017.01.03 11:44:15.225,1.44225,1.44245,1.00,1.00
2017.01.03 11:44:15.751,1.44225,1.44244,1.00,1.00
2017.01.03 11:44:16.278,1.44227,1.44246,1.19,1.00
2017.01.03 11:44:16.379,1.44227,1.44248,1.69,1.50
2017.01.03 11:44:17.139,1.44229,1.44247,1.00,1.00
2017.01.03 11:44:17.214,1.4423,1.44249,1.00,1.87
2017.01.03 11:44:17.741,1.4423,1.4425,1.00,1.87
2017.01.03 11:44:17.898,1.4423,1.44248,1.50,1.00
2017.01.03 11:44:22.435,1.44232,1.44248,1.00,1.00
2017.01.03 11:44:22.588,1.44232,1.4425,1.00,1.00
2017.01.03 11:44:23.124,1.44232,1.44251,1.00,1.87
2017.01.03 11:44:24.866,1.44233,1.4425,1.00,1.00
2017.01.03 11:44:25.018,1.44235,1.44253,1.00,1.50
2017.01.03 11:44:25.069,1.44236,1.44254,1.00,1.00
2017.01.03 11:44:25.575,1.44235,1.44254,1.00,1.00
2017.01.03 11:44:28.175,1.44234,1.44254,1.00,1.12
2017.01.03 11:44:28.358,1.44233,1.44252,1.00,1.50
2017.01.03 11:44:28.815,1.44234,1.44254,1.00,2.25
2017.01.03 11:44:30.481,1.44234,1.44253,1.00,1.00
2017.01.03 11:44:31.012,1.44233,1.44252,1.00,1.87
2017.01.03 11:44:31.165,1.44233,1.4425,1.00,1.00
2017.01.03 11:44:33.087,1.44232,1.4425,1.00,1.00
2017.01.03 11:44:33.226,1.44235,1.44254,1.00,1.00
2017.01.03 11:44:33.585,1.44237,1.44255,1.00,1.12
2017.01.03 11:44:33.889,1.44238,1.44257,1.00,1.00
2017.01.03 11:44:34.430,1.44237,1.44256,1.25,1.00
2017.01.03 11:44:35.198,1.44236,1.44257,1.19,1.50
2017.01.03 11:44:37.072,1.44231,1.4425,2.25,1.00
2017.01.03 11:44:37.378,1.44228,1.44244,1.00,1.00
2017.01.03 11:44:37.535,1.44228,1.44246,1.00,1.00
2017.01.03 11:44:38.112,1.44227,1.44246,1.25,1.12
2017.01.03 11:44:38.936,1.44228,1.44247,1.00,3.00
2017.01.03 11:44:39.479,1.44227,1.44246,1.25,2.25
2017.01.03 11:44:40.006,1.44228,1.44247,1.00,2.62
2017.01.03 11:44:40.554,1.44226,1.44247,1.69,2.62
2017.01.03 11:44:41.106,1.44228,1.44247,1.00,1.37
2017.01.03 11:44:41.558,1.44225,1.44243,1.69,1.00
2017.01.03 11:44:43.793,1.44226,1.44245,1.69,1.12
2017.01.03 11:44:43.946,1.44226,1.44245,1.00,3.75
2017.01.03 11:44:44.047,1.44224,1.44245,1.69,4.50
2017.01.03 11:44:44.577,1.44225,1.44245,1.00,3.37
2017.01.03 11:44:45.084,1.44224,1.44245,1.69,4.12
2017.01.03 11:44:45.236,1.44226,1.44245,1.19,2.62
2017.01.03 11:44:45.338,1.44227,1.44245,1.25,1.12
2017.01.03 11:44:47.619,1.44226,1.44245,1.19,2.25
2017.01.03 11:44:48.755,1.44226,1.44246,1.69,1.37
2017.01.03 11:44:49.830,1.44225,1.44246,2.44,4.12
2017.01.03 11:44:51.493,1.44227,1.44246,1.25,2.62
2017.01.03 11:44:51.751,1.44225,1.44246,2.44,3.00
2017.01.03 11:44:52.838,1.44227,1.44245,1.25,1.00
2017.01.03 11:44:53.375,1.44225,1.44246,1.69,1.00
2017.01.03 11:44:53.425,1.44225,1.44244,1.69,1.00
2017.01.03 11:44:55.440,1.44226,1.44245,1.19,1.00
2017.01.03 11:45:01.154,1.44225,1.44244,1.69,1.00
2017.01.03 11:45:03.525,1.44224,1.44244,1.19,1.00
2017.01.03 11:45:04.287,1.44228,1.44244,1.00,1.00
2017.01.03 11:45:04.451,1.44228,1.44248,1.69,1.87
2017.01.03 11:45:04.502,1.44228,1.44248,1.00,1.87
2017.01.03 11:45:04.604,1.44226,1.44243,1.31,1.00
2017.01.03 11:45:05.111,1.44225,1.44244,1.19,1.00
2017.01.03 11:45:05.617,1.44226,1.44245,1.25,1.00
2017.01.03 11:45:06.153,1.44228,1.44247,1.00,2.25
2017.01.03 11:45:07.138,1.44228,1.44245,1.00,1.00
2017.01.03 11:45:07.652,1.44228,1.44247,1.00,1.50
2017.01.03 11:45:08.158,1.44227,1.44246,1.00,1.12
2017.01.03 11:45:08.560,1.44228,1.44249,1.69,3.37
2017.01.03 11:45:10.772,1.44229,1.44248,1.19,1.50
2017.01.03 11:45:12.277,1.44228,1.44247,1.19,1.00
2017.01.03 11:45:12.833,1.44228,1.44246,1.69,1.00
2017.01.03 11:45:12.935,1.4423,1.44248,1.25,1.00
2017.01.03 11:45:13.446,1.44231,1.44248,1.00,1.50
2017.01.03 11:45:13.960,1.44232,1.4425,1.00,1.87
2017.01.03 11:45:14.044,1.4423,1.44247,1.25,1.00
2017.01.03 11:45:14.551,1.4423,1.44249,1.25,1.37
2017.01.03 11:45:15.153,1.44231,1.44249,1.00,1.37
2017.01.03 11:45:15.618,1.44228,1.44247,1.69,1.87
2017.01.03 11:45:15.720,1.44228,1.44246,1.25,1.50
2017.01.03 11:45:16.232,1.44227,1.44244,1.19,1.00
2017.01.03 11:45:17.505,1.44226,1.44245,1.69,1.12
2017.01.03 11:45:18.408,1.44229,1.44246,1.00,1.87
2017.01.03 11:45:18.764,1.44226,1.44243,1.69,1.00
2017.01.03 11:45:18.948,1.44226,1.44246,1.69,1.12
2017.01.03 11:45:18.999,1.4423,1.44247,1.00,1.37
2017.01.03 11:45:19.151,1.4423,1.44249,1.00,1.50
2017.01.03 11:45:19.846,1.44231,1.44249,1.00,1.50
2017.01.03 11:45:20.101,1.44234,1.44249,1.00,1.12
2017.01.03 11:45:20.448,1.44239,1.44258,1.00,1.12
2017.01.03 11:45:20.499,1.44241,1.44258,1.00,1.12
2017.01.03 11:45:20.802,1.44241,1.4426,1.00,1.00
2017.01.03 11:45:20.955,1.44243,1.4426,1.00,1.00
2017.01.03 11:45:21.373,1.44241,1.4426,1.00,1.12
2017.01.03 11:45:21.880,1.44241,1.44258,1.00,1.00
2017.01.03 11:45:22.411,1.4424,1.44258,1.25,1.00
2017.01.03 11:45:22.928,1.44241,1.44258,1.00,1.00
2017.01.03 11:45:23.452,1.44242,1.44258,1.00,1.00
2017.01.03 11:45:23.785,1.44237,1.44254,1.00,1.00
2017.01.03 11:45:23.836,1.44237,1.44253,1.00,1.50
2017.01.03 11:45:23.887,1.44234,1.44251,1.00,1.00
2017.01.03 11:45:23.989,1.44232,1.4425,1.00,1.00
2017.01.03 11:45:24.192,1.44232,1.44249,1.00,1.87
2017.01.03 11:45:24.746,1.44231,1.44247,1.00,1.00
2017.01.03 11:45:25.280,1.44232,1.44247,1.00,1.00
2017.01.03 11:45:25.884,1.4423,1.44247,1.00,1.00
2017.01.03 11:45:28.862,1.44232,1.44249,1.69,1.37
2017.01.03 11:45:29.014,1.44234,1.4425,1.25,1.37
2017.01.03 11:45:29.068,1.44237,1.4425,1.19,1.37
2017.01.03 11:45:29.170,1.44241,1.44254,1.00,1.12
2017.01.03 11:45:29.373,1.44241,1.44259,1.69,1.12
2017.01.03 11:45:29.712,1.44243,1.44261,1.69,2.62
2017.01.03 11:45:29.763,1.44247,1.44264,1.25,1.87
2017.01.03 11:45:30.268,1.44247,1.44264,1.25,1.87
2017.01.03 11:45:31.985,1.44246,1.44262,1.25,1.00
2017.01.03 11:45:32.289,1.44244,1.44261,1.19,1.37
2017.01.03 11:45:32.340,1.44242,1.44261,1.25,2.62
2017.01.03 11:45:32.870,1.44243,1.44259,1.00,1.12
2017.01.03 11:45:33.189,1.44247,1.44261,1.00,1.37
2017.01.03 11:45:33.291,1.44247,1.44265,1.00,3.00
2017.01.03 11:45:33.393,1.44249,1.44268,1.00,4.31
2017.01.03 11:45:33.646,1.44247,1.44268,1.00,4.31
2017.01.03 11:45:33.748,1.44247,1.44266,1.00,1.00
2017.01.03 11:45:34.282,1.44246,1.44266,1.00,1.50
2017.01.03 11:45:34.788,1.44245,1.44265,1.00,1.00
2017.01.03 11:45:35.140,1.44248,1.44265,1.00,1.00
2017.01.03 11:45:35.242,1.44249,1.44267,1.00,1.50
2017.01.03 11:45:35.343,1.44252,1.4427,1.00,1.00
2017.01.03 11:45:35.648,1.44254,1.44273,1.00,2.44
2017.01.03 11:45:36.346,1.44258,1.44275,1.00,1.75
2017.01.03 11:45:36.397,1.44259,1.44277,1.00,1.75
2017.01.03 11:45:36.499,1.44261,1.44279,1.00,1.87
2017.01.03 11:45:37.005,1.44262,1.44279,1.00,1.62
2017.01.03 11:45:37.107,1.44258,1.44277,1.50,1.87
2017.01.03 11:45:37.158,1.44256,1.44274,1.50,1.00
2017.01.03 11:45:37.369,1.44255,1.44274,1.00,1.87
2017.01.03 11:45:38.138,1.44255,1.44273,1.00,1.12
2017.01.03 11:45:39.360,1.44256,1.44272,1.00,1.50
2017.01.03 11:45:39.613,1.44254,1.44272,1.25,1.50
2017.01.03 11:45:41.560,1.44252,1.44271,1.00,1.50
2017.01.03 11:45:41.612,1.44251,1.4427,1.00,1.87
2017.01.03 11:45:41.916,1.44248,1.44266,1.25,1.12
2017.01.03 11:45:46.184,1.44244,1.44261,1.00,1.00
2017.01.03 11:45:46.235,1.44243,1.44258,1.00,1.00
2017.01.03 11:45:46.457,1.44241,1.44259,1.00,1.69
2017.01.03 11:45:47.305,1.44243,1.44259,1.00,1.31
2017.01.03 11:45:47.842,1.44243,1.4426,1.00,1.69
2017.01.03 11:45:48.456,1.44245,1.44263,1.00,1.12
2017.01.03 11:45:49.072,1.44246,1.44263,1.00,1.12
2017.01.03 11:45:49.454,1.44246,1.44265,1.00,2.06
2017.01.03 11:45:50.066,1.44243,1.44264,1.00,2.44
2017.01.03 11:45:50.219,1.44241,1.4426,1.00,1.00
2017.01.03 11:45:50.750,1.4424,1.4426,1.00,1.12
2017.01.03 11:45:51.011,1.44241,1.44262,1.00,1.87
2017.01.03 11:45:51.062,1.44243,1.44262,1.00,1.87
2017.01.03 11:45:51.942,1.44241,1.44262,1.25,1.87
2017.01.03 11:45:51.993,1.44241,1.4426,1.25,1.00
2017.01.03 11:45:52.328,1.44243,1.4426,1.00,1.00
2017.01.03 11:45:52.655,1.44242,1.4426,1.00,1.87
2017.01.03 11:45:53.571,1.44242,1.44261,1.00,2.62
2017.01.03 11:45:53.726,1.4424,1.44258,1.00,1.00
2017.01.03 11:45:53.777,1.44238,1.44256,1.00,1.00
2017.01.03 11:45:53.828,1.44236,1.44255,1.00,1.50
2017.01.03 11:45:53.879,1.44235,1.44254,1.50,1.37
2017.01.03 11:45:54.386,1.44233,1.44254,1.19,1.37
2017.01.03 11:45:55.089,1.44233,1.44252,1.19,1.00
2017.01.03 11:45:56.198,1.44238,1.44252,1.19,1.00
2017.01.03 11:45:56.300,1.4424,1.44258,1.69,1.00
2017.01.03 11:45:56.402,1.44238,1.44252,1.50,1.19
2017.01.03 11:45:56.751,1.44232,1.44244,1.00,1.87
2017.01.03 11:45:56.853,1.44232,1.44246,1.00,2.06
2017.01.03 11:45:57.005,1.44226,1.44243,1.00,1.00
2017.01.03 11:45:57.056,1.44224,1.44243,1.00,1.00
2017.01.03 11:45:57.594,1.44222,1.44243,1.69,1.00
2017.01.03 11:45:57.797,1.44224,1.44244,1.19,1.50
2017.01.03 11:45:58.138,1.44228,1.44247,1.19,1.12
2017.01.03 11:45:58.239,1.44225,1.44244,1.69,1.00
2017.01.03 11:45:58.758,1.44224,1.44243,1.19,1.00
2017.01.03 11:45:58.910,1.44225,1.44245,1.25,1.00
2017.01.03 11:45:59.012,1.44227,1.44246,1.00,1.00
2017.01.03 11:45:59.215,1.44225,1.44246,1.69,1.00
2017.01.03 11:45:59.721,1.44226,1.44246,1.00,1.50
2017.01.03 11:46:00.278,1.44226,1.44247,1.00,1.87
2017.01.03 11:46:00.963,1.44228,1.44246,1.00,1.00
2017.01.03 11:46:01.506,1.44227,1.44247,1.25,1.00
2017.01.03 11:46:02.047,1.44226,1.44245,1.50,1.00
2017.01.03 11:46:02.200,1.44227,1.44247,1.00,1.12
2017.01.03 11:46:02.382,1.44228,1.44249,1.50,1.00
2017.01.03 11:46:02.434,1.44232,1.4425,1.69,1.12
2017.01.03 11:46:02.587,1.44235,1.44255,1.25,1.12
2017.01.03 11:46:02.689,1.44235,1.44253,1.00,1.00
2017.01.03 11:46:02.994,1.44226,1.44246,3.19,1.00
2017.01.03 11:46:03.045,1.44226,1.44244,1.69,1.00
2017.01.03 11:46:03.557,1.44225,1.44245,1.69,1.00
2017.01.03 11:46:04.105,1.44225,1.44244,1.69,1.00
2017.01.03 11:46:04.610,1.44226,1.44245,1.19,1.00
2017.01.03 11:46:04.914,1.44232,1.4425,1.19,1.00
2017.01.03 11:46:05.167,1.4423,1.44249,1.25,1.00
2017.01.03 11:46:05.218,1.44228,1.44247,3.56,1.00
2017.01.03 11:46:07.207,1.44228,1.44246,1.31,1.00
2017.01.03 11:46:07.511,1.44228,1.44244,1.31,1.00
2017.01.03 11:46:07.649,1.44228,1.44246,1.31,1.00
2017.01.03 11:46:08.108,1.44234,1.44247,1.19,1.00
2017.01.03 11:46:08.314,1.44233,1.44252,1.50,1.50
2017.01.03 11:46:08.516,1.44232,1.44249,1.50,1.00
2017.01.03 11:46:08.676,1.44227,1.44245,2.44,1.00
2017.01.03 11:46:08.857,1.44228,1.44243,1.00,1.00
2017.01.03 11:46:08.908,1.44225,1.44245,3.00,1.00
2017.01.03 11:46:08.960,1.44228,1.44247,2.06,1.00
2017.01.03 11:46:09.466,1.4423,1.44248,1.50,1.00
2017.01.03 11:46:10.544,1.4423,1.44247,1.00,1.00
2017.01.03 11:46:10.646,1.44231,1.44249,1.00,1.00
2017.01.03 11:46:11.354,1.44232,1.44249,1.00,1.00
2017.01.03 11:46:11.546,1.44232,1.44246,1.00,1.00
2017.01.03 11:46:11.648,1.44229,1.44244,1.00,1.50
2017.01.03 11:46:11.699,1.44226,1.44241,1.00,1.00
2017.01.03 11:46:11.751,1.44226,1.44243,1.00,1.00
2017.01.03 11:46:12.301,1.44226,1.44242,1.00,1.00
2017.01.03 11:46:12.689,1.44227,1.44247,1.00,1.12
2017.01.03 11:46:12.740,1.4423,1.44248,1.00,1.37
2017.01.03 11:46:13.046,1.44233,1.44249,1.00,1.00
2017.01.03 11:46:13.736,1.44232,1.44249,1.00,1.00
2017.01.03 11:46:14.070,1.44228,1.44244,1.00,1.00
2017.01.03 11:46:14.424,1.44227,1.44238,1.00,1.25
2017.01.03 11:46:14.526,1.44223,1.44238,1.00,1.37
2017.01.03 11:46:14.628,1.44219,1.44238,1.25,1.12
2017.01.03 11:46:14.780,1.44221,1.44239,1.00,1.00
2017.01.03 11:46:15.084,1.44225,1.44241,1.00,1.00
2017.01.03 11:46:15.526,1.44223,1.44243,1.31,1.00
2017.01.03 11:46:15.673,1.44224,1.44241,1.19,1.00
2017.01.03 11:46:15.977,1.44223,1.44238,1.19,1.00
2017.01.03 11:46:16.234,1.44223,1.4424,1.19,1.00
2017.01.03 11:46:16.639,1.44221,1.4424,1.00,1.00
2017.01.03 11:46:16.741,1.4422,1.44237,1.25,1.00
2017.01.03 11:46:17.247,1.44218,1.44235,1.25,1.00
2017.01.03 11:46:17.662,1.44216,1.44233,1.50,1.00
2017.01.03 11:46:18.172,1.44215,1.44233,1.25,1.00
2017.01.03 11:46:19.813,1.44215,1.44228,1.00,1.00
2017.01.03 11:46:19.864,1.44215,1.44232,1.00,1.69
2017.01.03 11:46:19.915,1.44214,1.44228,1.00,1.62
2017.01.03 11:46:19.966,1.44212,1.44228,1.00,1.62
2017.01.03 11:46:20.119,1.4421,1.44224,1.00,1.00
2017.01.03 11:46:20.170,1.44207,1.44224,1.50,1.00
2017.01.03 11:46:20.424,1.44206,1.44222,1.00,1.00
2017.01.03 11:46:20.728,1.44204,1.44222,1.00,1.00
2017.01.03 11:46:21.145,1.44206,1.44224,2.25,1.00
2017.01.03 11:46:21.297,1.44207,1.44227,1.12,1.50
2017.01.03 11:46:21.348,1.44209,1.44227,1.00,1.50
2017.01.03 11:46:22.423,1.44208,1.44227,1.50,1.50
2017.01.03 11:46:22.945,1.44209,1.44227,1.50,1.00
2017.01.03 11:46:23.467,1.44209,1.44228,1.50,1.50
2017.01.03 11:46:24.080,1.44211,1.44227,2.81,1.00
2017.01.03 11:46:24.181,1.44214,1.44232,1.50,1.00
2017.01.03 11:46:24.435,1.44212,1.44229,1.12,1.00
2017.01.03 11:46:24.689,1.4421,1.44228,1.00,1.00
2017.01.03 11:46:25.196,1.44211,1.44229,1.00,1.00
2017.01.03 11:46:25.702,1.4421,1.44229,1.25,1.00
2017.01.03 11:46:26.212,1.44211,1.4423,2.25,1.00
2017.01.03 11:46:26.618,1.44214,1.4423,1.00,1.00
2017.01.03 11:46:28.591,1.44214,1.44231,1.00,1.00
2017.01.03 11:46:28.693,1.44214,1.44233,1.50,1.50
2017.01.03 11:46:29.201,1.44215,1.44233,1.00,1.00
2017.01.03 11:46:29.717,1.44216,1.44233,1.00,1.00
2017.01.03 11:46:30.445,1.44217,1.44233,1.00,1.00
2017.01.03 11:46:31.094,1.4422,1.44236,1.00,1.00
2017.01.03 11:46:31.196,1.4422,1.44238,1.12,1.00
2017.01.03 11:46:31.795,1.4422,1.44236,1.00,1.00
2017.01.03 11:46:31.999,1.44217,1.44235,1.19,1.00
2017.01.03 11:46:32.505,1.44216,1.44234,1.69,1.00
2017.01.03 11:46:32.909,1.44216,1.44232,2.06,1.00
2017.01.03 11:46:33.217,1.44216,1.4423,1.19,1.00
2017.01.03 11:46:33.454,1.44214,1.44231,1.19,1.00
2017.01.03 11:46:33.979,1.44214,1.4423,1.19,1.50
2017.01.03 11:46:34.646,1.44212,1.44225,1.19,1.00
2017.01.03 11:46:34.697,1.4421,1.44226,1.31,1.00
2017.01.03 11:46:34.799,1.44212,1.44228,1.19,1.00
2017.01.03 11:46:35.312,1.44212,1.44229,1.19,1.00
2017.01.03 11:46:36.278,1.44213,1.44229,1.19,1.50
2017.01.03 11:46:36.481,1.44218,1.44235,1.19,2.25
2017.01.03 11:46:36.532,1.44218,1.44233,1.19,1.00
2017.01.03 11:46:36.583,1.44218,1.44235,1.19,1.00
2017.01.03 11:46:37.607,1.44218,1.44234,1.19,1.00
2017.01.03 11:46:38.123,1.44218,1.44235,1.19,1.50
2017.01.03 11:46:39.308,1.44219,1.44233,1.25,1.00
2017.01.03 11:46:39.512,1.44224,1.44241,1.19,1.50
2017.01.03 11:46:41.033,1.44228,1.4424,1.19,1.00
2017.01.03 11:46:41.084,1.44224,1.44242,1.69,1.00
2017.01.03 11:46:41.136,1.44225,1.44243,1.19,1.00
2017.01.03 11:46:41.592,1.44224,1.44243,1.50,1.00
2017.01.03 11:46:41.643,1.44224,1.44241,1.00,1.00
2017.01.03 11:46:42.198,1.44225,1.44241,1.00,1.00
2017.01.03 11:46:42.606,1.44223,1.44241,1.31,1.00
2017.01.03 11:46:43.359,1.44223,1.44242,2.44,1.00
2017.01.03 11:46:43.460,1.44225,1.44242,1.00,1.00
2017.01.03 11:46:43.987,1.44223,1.44241,1.31,1.00
2017.01.03 11:46:44.588,1.44224,1.44241,1.00,1.00
2017.01.03 11:46:44.882,1.44222,1.44241,1.12,1.00
2017.01.03 11:46:45.142,1.44223,1.44239,1.00,1.00
2017.01.03 11:46:45.243,1.44221,1.44239,1.00,1.25
2017.01.03 11:46:45.295,1.44221,1.44237,1.00,1.19
2017.01.03 11:46:45.447,1.44219,1.44237,1.12,1.19
2017.01.03 11:46:45.700,1.4422,1.44238,1.00,1.00
2017.01.03 11:46:46.336,1.44219,1.44238,1.12,1.00
2017.01.03 11:46:46.872,1.44219,1.44235,1.12,1.00
2017.01.03 11:46:47.393,1.44218,1.44235,1.00,1.00
2017.01.03 11:46:48.027,1.44217,1.44234,1.25,1.50
2017.01.03 11:46:50.845,1.4422,1.44234,1.19,1.00
2017.01.03 11:46:50.897,1.44221,1.44238,1.25,1.00
2017.01.03 11:46:51.407,1.44221,1.44237,1.50,1.00
2017.01.03 11:46:51.660,1.44225,1.4424,1.00,1.50
2017.01.03 11:46:51.915,1.44225,1.44242,1.12,1.00
2017.01.03 11:46:51.966,1.44228,1.44242,1.00,1.00
2017.01.03 11:46:52.017,1.44225,1.44241,1.50,1.00
2017.01.03 11:46:52.068,1.44224,1.4424,1.00,1.00
2017.01.03 11:46:52.273,1.44221,1.44239,1.87,1.50
2017.01.03 11:46:52.730,1.44224,1.44239,1.00,1.00
2017.01.03 11:46:53.034,1.44226,1.4424,3.37,1.00
2017.01.03 11:46:53.135,1.44229,1.44247,1.62,1.00
2017.01.03 11:46:53.237,1.44231,1.44249,1.00,1.50
2017.01.03 11:46:53.339,1.44233,1.44248,1.00,1.00
2017.01.03 11:46:53.390,1.44233,1.44251,1.00,1.69
2017.01.03 11:46:53.593,1.44235,1.44251,1.00,1.19
2017.01.03 11:46:54.404,1.44234,1.44251,1.50,1.19
2017.01.03 11:46:54.836,1.44236,1.44254,1.00,1.50
2017.01.03 11:46:55.039,1.44239,1.44255,1.00,1.25
2017.01.03 11:46:55.393,1.44237,1.44255,1.00,1.25
2017.01.03 11:46:55.747,1.44239,1.44255,1.00,1.25
2017.01.03 11:46:56.254,1.4424,1.44255,1.00,1.25
2017.01.03 11:46:56.860,1.44241,1.44255,1.00,1.25
2017.01.03 11:46:58.108,1.44241,1.44258,1.00,1.00
2017.01.03 11:46:58.260,1.44239,1.44258,1.00,1.00
2017.01.03 11:46:59.383,1.4424,1.44258,1.00,1.00
2017.01.03 11:46:59.434,1.44238,1.44256,1.50,1.00
2017.01.03 11:46:59.791,1.44235,1.44256,3.94,1.50
2017.01.03 11:46:59.842,1.44235,1.44254,1.50,1.00
2017.01.03 11:47:00.156,1.44234,1.44252,1.50,1.00
2017.01.03 11:47:00.768,1.44236,1.44254,1.69,1.00
2017.01.03 11:47:00.819,1.44236,1.44256,1.69,1.00
2017.01.03 11:47:01.173,1.44239,1.44257,1.00,1.00
2017.01.03 11:47:01.426,1.44237,1.44256,1.50,1.00
2017.01.03 11:47:01.819,1.44239,1.44256,1.00,1.00
2017.01.03 11:47:01.920,1.44237,1.44257,1.00,1.00
2017.01.03 11:47:02.127,1.44237,1.44255,1.50,1.00
2017.01.03 11:47:03.113,1.44235,1.44256,3.19,1.00
2017.01.03 11:47:03.711,1.44237,1.44256,1.00,1.00
2017.01.03 11:47:04.252,1.44238,1.44256,1.50,1.00
2017.01.03 11:47:04.303,1.44239,1.44258,1.00,1.12
2017.01.03 11:47:04.598,1.44239,1.44256,1.00,1.00
2017.01.03 11:47:06.629,1.4424,1.44255,1.25,1.00
2017.01.03 11:47:06.681,1.44238,1.44256,1.00,1.00
2017.01.03 11:47:06.783,1.44237,1.44254,1.00,1.00
2017.01.03 11:47:06.834,1.44237,1.44256,1.00,1.50
2017.01.03 11:47:06.885,1.44237,1.4425,1.00,1.00
2017.01.03 11:47:07.037,1.44236,1.44255,1.00,1.00
2017.01.03 11:47:07.443,1.44235,1.44253,1.00,1.00
2017.01.03 11:47:07.951,1.44236,1.44253,1.00,1.00
2017.01.03 11:47:08.103,1.44234,1.44253,4.31,1.00
2017.01.03 11:47:08.255,1.44234,1.44251,1.50,1.00
2017.01.03 11:47:08.896,1.44233,1.44251,1.00,1.00
2017.01.03 11:47:09.480,1.44232,1.44251,3.19,1.00
2017.01.03 11:47:09.941,1.44234,1.4425,1.00,1.00
2017.01.03 11:47:10.259,1.44232,1.4425,1.25,1.00
2017.01.03 11:47:10.464,1.4423,1.44249,1.00,1.00
2017.01.03 11:47:10.995,1.44229,1.44249,1.00,1.00
2017.01.03 11:47:11.523,1.44234,1.44251,1.00,1.00
2017.01.03 11:47:11.910,1.44235,1.44253,1.50,1.00
2017.01.03 11:47:12.443,1.44238,1.44256,1.00,1.50
2017.01.03 11:47:12.697,1.44246,1.44265,1.50,1.00
2017.01.03 11:47:12.798,1.44248,1.44266,1.00,1.00
2017.01.03 11:47:13.167,1.44247,1.44266,1.00,1.87
2017.01.03 11:47:13.320,1.44247,1.44268,1.50,1.87
2017.01.03 11:47:13.573,1.44248,1.44266,1.00,1.00
2017.01.03 11:47:14.202,1.44248,1.44265,1.00,1.00
2017.01.03 11:47:14.724,1.44247,1.44265,1.12,1.00
2017.01.03 11:47:15.334,1.44246,1.44266,1.00,1.00
2017.01.03 11:47:15.639,1.44245,1.44263,1.69,1.00
2017.01.03 11:47:15.966,1.44244,1.4426,1.69,1.00
2017.01.03 11:47:16.552,1.44244,1.44261,1.25,1.00
2017.01.03 11:47:17.078,1.44244,1.4426,1.25,1.00
2017.01.03 11:47:19.847,1.44244,1.44259,1.25,1.00
2017.01.03 11:47:22.294,1.44244,1.44258,1.25,1.00
2017.01.03 11:47:23.402,1.44244,1.44259,1.25,1.00
2017.01.03 11:47:23.938,1.44244,1.44258,1.25,1.00
2017.01.03 11:47:24.983,1.44244,1.44261,1.25,1.00
2017.01.03 11:47:25.378,1.44244,1.44263,1.25,1.50
2017.01.03 11:47:25.664,1.44248,1.44264,1.00,1.00
2017.01.03 11:47:25.715,1.4425,1.44268,1.00,1.50
2017.01.03 11:47:25.765,1.44249,1.44266,1.00,1.00
2017.01.03 11:47:25.816,1.44249,1.44268,1.00,1.50
2017.01.03 11:47:26.221,1.44249,1.44265,1.00,1.00
2017.01.03 11:47:26.735,1.44248,1.44266,1.00,1.00
2017.01.03 11:47:26.868,1.44246,1.44265,1.50,1.25
2017.01.03 11:47:26.920,1.44244,1.44262,1.87,1.50
2017.01.03 11:47:27.174,1.44241,1.4426,1.50,1.50
2017.01.03 11:47:27.767,1.44241,1.44259,1.00,1.00
2017.01.03 11:47:28.282,1.44241,1.4426,1.00,1.50
2017.01.03 11:47:31.166,1.4424,1.4426,2.44,1.00
2017.01.03 11:47:31.268,1.4424,1.44257,1.00,1.00
2017.01.03 11:47:31.319,1.44238,1.44257,1.50,1.00
2017.01.03 11:47:31.421,1.44236,1.44256,1.50,1.50
2017.01.03 11:47:31.523,1.44236,1.44254,1.00,1.00
2017.01.03 11:47:31.800,1.44232,1.44251,1.50,1.00
2017.01.03 11:47:31.902,1.44231,1.44249,1.00,1.50
2017.01.03 11:47:32.054,1.44229,1.44248,1.00,1.50
2017.01.03 11:47:32.206,1.44227,1.44247,1.69,1.50
2017.01.03 11:47:32.308,1.44227,1.44245,1.50,1.00
2017.01.03 11:47:32.360,1.44228,1.44248,1.00,1.25
2017.01.03 11:47:32.719,1.4423,1.44247,1.00,1.00
2017.01.03 11:47:32.821,1.44231,1.44249,1.00,1.00
2017.01.03 11:47:33.114,1.44229,1.44249,1.00,1.50
2017.01.03 11:47:33.266,1.44228,1.44247,1.50,1.50
2017.01.03 11:47:33.613,1.44228,1.44244,1.00,1.00
2017.01.03 11:47:33.715,1.44225,1.44243,1.50,1.00
2017.01.03 11:47:33.817,1.44223,1.44243,1.00,2.25
2017.01.03 11:47:34.070,1.44222,1.44241,1.00,1.00
2017.01.03 11:47:34.630,1.44222,1.4424,1.00,1.50
2017.01.03 11:47:34.991,1.44224,1.44241,1.00,1.00
2017.01.03 11:47:35.295,1.44224,1.44239,1.00,1.00
2017.01.03 11:47:35.824,1.44223,1.44238,1.00,1.00
2017.01.03 11:47:35.926,1.4422,1.44238,1.00,2.44
2017.01.03 11:47:36.028,1.44218,1.44236,1.00,1.25
2017.01.03 11:47:36.232,1.44216,1.44237,2.25,1.69
2017.01.03 11:47:36.438,1.4422,1.44235,1.00,1.00
2017.01.03 11:47:36.591,1.44221,1.4424,1.00,1.00
2017.01.03 11:47:37.098,1.44221,1.44239,1.00,1.00
2017.01.03 11:47:38.232,1.4422,1.44239,1.00,1.50
2017.01.03 11:47:38.745,1.44221,1.44239,1.00,1.50
2017.01.03 11:47:39.217,1.44223,1.44239,1.19,1.00
2017.01.03 11:47:39.268,1.44224,1.44241,1.31,1.00
2017.01.03 11:47:39.319,1.44227,1.44245,1.00,2.62
2017.01.03 11:47:39.420,1.44229,1.44248,1.00,4.87
2017.01.03 11:47:39.942,1.44229,1.44248,1.00,3.00
2017.01.03 11:47:40.545,1.44229,1.44247,1.00,1.00
2017.01.03 11:47:41.776,1.44232,1.44248,1.19,1.00
2017.01.03 11:47:42.282,1.44234,1.44248,1.00,1.00
2017.01.03 11:47:42.718,1.44234,1.44253,1.00,2.25
2017.01.03 11:47:43.588,1.44234,1.44252,1.00,1.00
2017.01.03 11:47:44.093,1.44233,1.44253,1.69,1.50
2017.01.03 11:47:44.599,1.44234,1.44253,1.50,2.25
2017.01.03 11:47:45.193,1.44234,1.44252,1.50,1.00
2017.01.03 11:47:45.648,1.44237,1.44253,1.00,1.00
2017.01.03 11:47:45.750,1.44238,1.44257,1.25,2.25
2017.01.03 11:47:45.852,1.44239,1.44259,1.00,1.50
2017.01.03 11:47:45.903,1.44239,1.44257,1.00,1.00
2017.01.03 11:47:46.410,1.44239,1.44258,1.00,1.00
2017.01.03 11:47:46.461,1.4424,1.4426,1.00,3.00
2017.01.03 11:47:46.967,1.4424,1.44259,1.00,1.00
2017.01.03 11:47:47.524,1.44239,1.44259,1.00,1.50
2017.01.03 11:47:48.649,1.44241,1.4426,1.00,1.50
2017.01.03 11:47:49.160,1.44241,1.44259,1.00,1.00
2017.01.03 11:47:49.835,1.44239,1.44259,1.50,1.00
2017.01.03 11:47:50.378,1.44239,1.44258,1.00,1.00
2017.01.03 11:47:50.884,1.44239,1.44257,1.00,1.00
2017.01.03 11:47:51.426,1.4424,1.44258,1.00,1.00
2017.01.03 11:47:52.537,1.44239,1.44257,1.00,1.00
2017.01.03 11:47:52.589,1.44237,1.44254,1.50,1.00
2017.01.03 11:47:52.690,1.44235,1.44256,2.44,2.62
2017.01.03 11:47:52.741,1.44237,1.44255,1.00,1.12
2017.01.03 11:47:52.995,1.44235,1.44254,1.25,1.00
2017.01.03 11:47:54.342,1.44235,1.44253,1.69,1.00
2017.01.03 11:47:58.055,1.44235,1.44251,1.25,1.00
2017.01.03 11:47:59.788,1.44234,1.44252,1.00,1.50
2017.01.03 11:48:00.139,1.44227,1.44245,1.25,1.00
2017.01.03 11:48:01.312,1.44228,1.44245,1.00,1.00
2017.01.03 11:48:02.069,1.44227,1.44245,1.25,1.00
2017.01.03 11:48:04.666,1.44226,1.44244,1.69,1.00
2017.01.03 11:48:08.679,1.44227,1.44245,1.25,1.00
2017.01.03 11:48:12.512,1.44227,1.44247,1.25,3.00
2017.01.03 11:48:13.018,1.44227,1.44246,1.69,1.00
2017.01.03 11:48:14.328,1.44227,1.44245,1.25,1.00
2017.01.03 11:48:14.647,1.44226,1.44247,2.44,2.25
2017.01.03 11:48:15.205,1.44226,1.44246,1.69,1.00
2017.01.03 11:48:15.936,1.44226,1.44245,2.44,1.50
2017.01.03 11:48:16.529,1.44228,1.44245,1.00,1.50
2017.01.03 11:48:16.683,1.44231,1.44249,1.69,2.25
2017.01.03 11:48:16.987,1.44232,1.44251,1.25,1.50
2017.01.03 11:48:18.734,1.44231,1.4425,2.44,1.50
2017.01.03 11:48:19.240,1.44231,1.44249,1.19,1.00
2017.01.03 11:48:19.777,1.44231,1.4425,1.69,1.00
2017.01.03 11:48:20.283,1.44231,1.44251,1.69,1.50
2017.01.03 11:48:20.808,1.44231,1.4425,1.19,1.00
2017.01.03 11:48:24.153,1.44231,1.44251,1.19,1.00
2017.01.03 11:48:24.562,1.44234,1.44253,1.00,1.87
2017.01.03 11:48:24.714,1.44232,1.44252,2.44,1.12
2017.01.03 11:48:25.239,1.44233,1.44251,1.00,1.00
2017.01.03 11:48:25.935,1.44232,1.44251,1.00,1.00
2017.01.03 11:48:25.986,1.44231,1.44249,1.50,1.00
2017.01.03 11:48:26.291,1.44229,1.44246,1.00,1.00
2017.01.03 11:48:26.819,1.44228,1.44246,1.00,1.00
2017.01.03 11:48:29.109,1.4423,1.44246,1.00,1.00
2017.01.03 11:48:29.858,1.44228,1.44246,1.50,1.00
2017.01.03 11:48:31.001,1.44228,1.44247,1.50,1.00
2017.01.03 11:48:31.052,1.4423,1.44247,1.00,1.00
2017.01.03 11:48:32.339,1.4423,1.44246,1.00,1.00
2017.01.03 11:48:32.727,1.44231,1.44249,1.00,1.37
2017.01.03 11:48:32.880,1.44231,1.44251,1.50,1.50
2017.01.03 11:48:32.937,1.44233,1.44251,1.00,1.00
2017.01.03 11:48:33.297,1.44231,1.44248,1.00,1.00
2017.01.03 11:48:33.826,1.4423,1.44248,1.00,1.00
2017.01.03 11:48:34.918,1.44229,1.44248,1.50,1.00
2017.01.03 11:48:41.553,1.4423,1.44248,1.00,1.00
2017.01.03 11:48:43.327,1.44231,1.4425,2.44,1.87
2017.01.03 11:48:43.481,1.44233,1.44252,1.50,1.00
2017.01.03 11:48:43.734,1.44235,1.44252,1.00,1.00
2017.01.03 11:48:43.836,1.44233,1.44253,1.50,2.25
2017.01.03 11:48:44.408,1.44234,1.44253,1.00,2.25
2017.01.03 11:48:45.416,1.44234,1.44251,1.00,1.00
2017.01.03 11:48:45.619,1.44231,1.44249,1.00,1.00
2017.01.03 11:48:46.128,1.4423,1.44249,1.50,1.00
2017.01.03 11:48:47.416,1.4423,1.44248,1.00,1.00
2017.01.03 11:48:47.933,1.44231,1.44249,1.00,1.50
2017.01.03 11:48:48.516,1.4423,1.44249,1.50,1.50
2017.01.03 11:48:52.295,1.44232,1.44251,1.25,1.50
2017.01.03 11:48:52.600,1.44234,1.44253,1.00,1.00
2017.01.03 11:48:53.142,1.44233,1.44253,1.00,1.00
2017.01.03 11:48:53.665,1.44234,1.44253,1.00,1.00
2017.01.03 11:48:53.820,1.44232,1.44253,2.44,1.00
2017.01.03 11:48:54.414,1.44236,1.44253,1.00,1.00
2017.01.03 11:48:54.515,1.44238,1.44256,1.00,1.50
2017.01.03 11:48:54.617,1.4424,1.44256,1.00,1.00
2017.01.03 11:48:54.718,1.44239,1.44259,1.00,1.50
2017.01.03 11:48:55.267,1.44239,1.44258,1.00,1.00
2017.01.03 11:48:55.419,1.44237,1.44257,2.25,1.00
2017.01.03 11:49:00.086,1.44238,1.44256,1.00,1.00
2017.01.03 11:49:00.238,1.44235,1.44255,1.50,1.00
2017.01.03 11:49:00.474,1.44233,1.44253,2.25,1.50
2017.01.03 11:49:01.006,1.44233,1.44252,1.50,1.50
2017.01.03 11:49:01.538,1.44234,1.44253,1.00,1.50
2017.01.03 11:49:01.741,1.44231,1.44252,1.50,1.31
2017.01.03 11:49:02.560,1.44232,1.44252,1.00,1.31
2017.01.03 11:49:03.000,1.44232,1.4425,1.00,1.00
2017.01.03 11:49:03.589,1.44232,1.44252,1.50,2.06
2017.01.03 11:49:04.908,1.44233,1.44252,1.00,2.06
2017.01.03 11:49:09.812,1.44232,1.44252,1.00,1.31
2017.01.03 11:49:10.327,1.44231,1.44251,1.00,2.25
2017.01.03 11:49:10.857,1.4423,1.44251,2.25,1.50
2017.01.03 11:49:11.107,1.44232,1.44253,1.00,3.00
2017.01.03 11:49:11.413,1.44237,1.44254,1.00,1.50
2017.01.03 11:49:11.615,1.44237,1.44256,1.00,1.87
2017.01.03 11:49:11.767,1.44237,1.44253,1.00,1.00
2017.01.03 11:49:12.407,1.44235,1.44253,1.50,1.00
2017.01.03 11:49:12.955,1.44235,1.44254,1.00,1.50
2017.01.03 11:49:13.707,1.44234,1.44253,1.00,1.50
2017.01.03 11:49:13.960,1.44231,1.4425,1.87,1.00
2017.01.03 11:49:14.366,1.44233,1.4425,1.00,1.00
2017.01.03 11:49:16.081,1.44233,1.44249,1.00,1.00
2017.01.03 11:49:16.921,1.44233,1.44247,1.00,1.00
2017.01.03 11:49:17.428,1.44233,1.44248,1.00,1.00
2017.01.03 11:49:18.020,1.44232,1.44248,1.00,1.00
2017.01.03 11:49:18.324,1.44233,1.4425,1.50,1.00
2017.01.03 11:49:18.425,1.44237,1.44253,1.00,1.00
2017.01.03 11:49:18.729,1.4424,1.44255,1.00,1.25
2017.01.03 11:49:22.498,1.44239,1.44255,1.00,1.00
2017.01.03 11:49:23.600,1.4424,1.44255,1.00,1.00
2017.01.03 11:49:34.930,1.44239,1.44255,1.00,1.00
2017.01.03 11:49:35.133,1.44237,1.44254,1.50,1.00
2017.01.03 11:49:35.978,1.44237,1.44256,1.50,1.00
2017.01.03 11:49:36.190,1.4424,1.44256,1.00,1.00
2017.01.03 11:49:36.725,1.4424,1.44257,1.00,1.00
2017.01.03 11:49:36.929,1.44238,1.44257,1.00,1.00
2017.01.03 11:49:36.980,1.44238,1.44255,1.00,1.00
2017.01.03 11:49:37.284,1.4424,1.44257,1.00,1.50
2017.01.03 11:49:37.437,1.44241,1.44259,1.25,1.00
2017.01.03 11:49:37.488,1.44246,1.44261,1.19,1.50
2017.01.03 11:49:37.596,1.44246,1.44264,1.19,1.87
2017.01.03 11:49:37.813,1.44245,1.44263,2.06,1.00
2017.01.03 11:49:37.967,1.44246,1.44265,1.00,1.00
2017.01.03 11:49:38.170,1.44247,1.44263,1.00,1.00
2017.01.03 11:49:38.272,1.44245,1.44263,1.25,1.00
2017.01.03 11:49:39.169,1.44247,1.44263,1.00,1.00
2017.01.03 11:49:39.597,1.44245,1.44263,1.25,1.00
2017.01.03 11:49:40.200,1.44245,1.44264,1.25,1.50
2017.01.03 11:49:40.362,1.44247,1.44264,1.00,1.50
2017.01.03 11:49:40.875,1.44247,1.44263,1.00,1.00
2017.01.03 11:49:41.377,1.44246,1.44264,1.00,1.00
2017.01.03 11:49:41.685,1.44246,1.44262,1.00,1.00
2017.01.03 11:49:42.217,1.44245,1.44262,1.25,1.00
2017.01.03 11:49:42.538,1.44247,1.44266,1.00,1.87
2017.01.03 11:49:43.246,1.44248,1.44266,1.00,1.50
2017.01.03 11:49:43.782,1.44247,1.44266,1.00,1.00
2017.01.03 11:49:44.306,1.44248,1.44266,1.00,1.00
2017.01.03 11:49:44.458,1.44247,1.44264,1.00,1.00
2017.01.03 11:49:44.712,1.44247,1.44266,1.00,1.00
2017.01.03 11:49:44.864,1.44247,1.44263,1.00,1.00
2017.01.03 11:49:45.370,1.44247,1.44263,1.69,1.00
2017.01.03 11:49:51.448,1.44247,1.44266,2.44,1.50
2017.01.03 11:49:54.471,1.44248,1.44265,1.25,1.00
2017.01.03 11:49:55.004,1.44248,1.44266,1.25,1.00
2017.01.03 11:49:57.527,1.44249,1.44266,1.00,1.00
2017.01.03 11:49:59.832,1.44249,1.44267,1.50,1.00
2017.01.03 11:50:00.136,1.44251,1.44268,1.00,1.00
2017.01.03 11:50:00.645,1.4425,1.44268,1.50,1.00
2017.01.03 11:50:01.168,1.44254,1.4427,1.00,1.00
2017.01.03 11:50:01.269,1.44257,1.44274,1.00,1.50
2017.01.03 11:50:01.794,1.44257,1.44275,1.50,1.00
2017.01.03 11:50:01.946,1.44259,1.44276,1.00,1.00
2017.01.03 11:50:02.098,1.44255,1.44273,1.50,1.00
2017.01.03 11:50:02.200,1.44254,1.4427,1.00,1.00
2017.01.03 11:50:02.484,1.44252,1.4427,1.00,1.00
2017.01.03 11:50:02.841,1.44254,1.44271,1.00,1.00
2017.01.03 11:50:02.897,1.44255,1.44273,1.00,1.50
2017.01.03 11:50:02.980,1.44256,1.44275,1.00,1.50
2017.01.03 11:50:03.132,1.44259,1.44275,1.25,1.00
2017.01.03 11:50:03.234,1.4426,1.44278,1.19,1.00
2017.01.03 11:50:03.386,1.44261,1.4428,1.25,3.00
2017.01.03 11:50:03.589,1.44263,1.44281,1.00,1.50
2017.01.03 11:50:03.996,1.44263,1.44283,1.00,1.50
2017.01.03 11:50:04.534,1.44264,1.44282,1.50,1.00
2017.01.03 11:50:04.787,1.44262,1.44281,1.87,1.00
2017.01.03 11:50:05.217,1.44264,1.44282,1.00,1.00
2017.01.03 11:50:05.729,1.44264,1.44283,2.25,1.00
2017.01.03 11:50:06.207,1.44266,1.44285,1.00,1.50
2017.01.03 11:50:06.883,1.44266,1.44284,1.00,1.00
2017.01.03 11:50:07.421,1.44265,1.44283,1.00,1.00
2017.01.03 11:50:07.739,1.44265,1.44281,1.00,1.00
2017.01.03 11:50:07.891,1.44262,1.4428,1.00,1.87
2017.01.03 11:50:08.094,1.4426,1.4428,1.50,1.50
2017.01.03 11:50:08.599,1.44261,1.4428,1.00,1.50
2017.01.03 11:50:08.909,1.44263,1.44281,1.00,1.00
2017.01.03 11:50:09.212,1.44263,1.44281,1.00,1.57
2017.01.03 11:50:09.263,1.44261,1.44278,1.50,1.15
2017.01.03 11:50:09.314,1.44261,1.44278,1.50,1.27
2017.01.03 11:50:09.365,1.44261,1.4428,2.25,1.15
2017.01.03 11:50:09.467,1.44262,1.4428,1.00,1.00
2017.01.03 11:50:11.578,1.44263,1.4428,1.00,1.00
2017.01.03 11:50:12.246,1.44262,1.4428,1.50,1.00
2017.01.03 11:50:12.797,1.44263,1.4428,1.00,1.00
2017.01.03 11:50:13.340,1.44264,1.4428,1.00,1.00
2017.01.03 11:50:13.443,1.44262,1.44281,1.50,1.00
2017.01.03 11:50:14.215,1.44261,1.44279,1.00,1.00
2017.01.03 11:50:15.596,1.44262,1.44279,1.00,1.00
2017.01.03 11:50:17.203,1.4426,1.44277,1.00,1.50
2017.01.03 11:50:17.283,1.44258,1.44276,1.00,1.00
2017.01.03 11:50:17.847,1.44257,1.44276,1.00,1.00
2017.01.03 11:50:18.461,1.44258,1.44276,1.00,1.00
2017.01.03 11:50:19.001,1.44257,1.44276,1.00,1.00
2017.01.03 11:50:19.261,1.4426,1.44279,2.44,1.50
2017.01.03 11:50:19.799,1.44262,1.4428,1.00,1.00
2017.01.03 11:50:23.085,1.44261,1.4428,3.19,1.00
2017.01.03 11:50:23.678,1.44261,1.44282,3.19,1.12
2017.01.03 11:50:24.572,1.44263,1.44282,1.37,1.00
2017.01.03 11:50:25.660,1.44261,1.44273,2.62,1.00
2017.01.03 11:50:25.711,1.4426,1.44273,1.37,1.00
2017.01.03 11:50:25.762,1.44258,1.44273,1.00,1.50
2017.01.03 11:50:25.813,1.44256,1.44269,1.50,1.25
2017.01.03 11:50:25.914,1.4425,1.44265,1.50,1.00
2017.01.03 11:50:26.470,1.44249,1.44263,1.75,1.00
2017.01.03 11:50:26.728,1.44252,1.44265,1.25,1.00
2017.01.03 11:50:27.084,1.44244,1.44264,1.87,1.00
2017.01.03 11:50:27.185,1.44243,1.44261,1.69,1.00
2017.01.03 11:50:27.489,1.44245,1.44263,1.00,1.00
2017.01.03 11:50:27.636,1.44246,1.44265,2.25,1.00
2017.01.03 11:50:27.788,1.44248,1.44266,1.00,1.50
2017.01.03 11:50:28.301,1.44247,1.44266,1.50,1.50
2017.01.03 11:50:28.806,1.44247,1.44265,1.00,1.00
2017.01.03 11:50:29.313,1.44248,1.44264,1.00,1.00
2017.01.03 11:50:29.524,1.44246,1.44264,1.00,1.00
2017.01.03 11:50:29.850,1.44248,1.44267,1.00,1.50
2017.01.03 11:50:30.154,1.4425,1.44267,1.00,1.00
2017.01.03 11:50:30.703,1.4425,1.44268,1.00,1.00
2017.01.03 11:50:31.012,1.44254,1.44271,1.50,1.00
2017.01.03 11:50:31.114,1.44254,1.44274,2.44,1.00
2017.01.03 11:50:31.605,1.44257,1.44275,1.00,1.00
2017.01.03 11:50:31.859,1.44258,1.44277,1.00,1.00
2017.01.03 11:50:32.927,1.44259,1.44277,1.00,1.00
2017.01.03 11:50:34.701,1.4426,1.44279,1.00,1.00
2017.01.03 11:50:34.752,1.4426,1.44281,2.25,1.12
2017.01.03 11:50:34.853,1.44263,1.44281,1.00,1.00
2017.01.03 11:50:35.453,1.44262,1.4428,1.00,1.00
2017.01.03 11:50:35.796,1.4426,1.44279,1.50,1.50
2017.01.03 11:50:35.847,1.4426,1.44277,1.00,1.00
2017.01.03 11:50:35.999,1.44258,1.44278,1.00,1.00
2017.01.03 11:50:36.556,1.44259,1.44278,1.25,1.00
2017.01.03 11:50:36.759,1.44263,1.4428,1.25,1.00
2017.01.03 11:50:38.494,1.44263,1.44282,1.25,1.00
2017.01.03 11:50:41.825,1.44262,1.44278,1.00,1.19
2017.01.03 11:50:41.927,1.4426,1.44277,1.00,1.25
2017.01.03 11:50:42.080,1.44257,1.44276,1.00,1.00
2017.01.03 11:50:42.233,1.44257,1.44274,1.00,1.50
2017.01.03 11:50:42.583,1.44254,1.44273,1.50,1.00
2017.01.03 11:50:42.684,1.44255,1.44269,1.00,1.00
2017.01.03 11:50:43.288,1.44254,1.44269,1.00,1.00
2017.01.03 11:50:43.828,1.44253,1.44269,1.00,1.00
2017.01.03 11:50:44.153,1.44253,1.44268,1.37,1.00
2017.01.03 11:50:44.204,1.44253,1.4427,1.37,1.00
2017.01.03 11:50:44.357,1.44253,1.44269,1.50,1.00
2017.01.03 11:50:44.491,1.44252,1.44267,1.00,1.00
2017.01.03 11:50:44.643,1.44252,1.44269,1.00,1.00
2017.01.03 11:50:44.897,1.44254,1.44269,1.00,1.00
2017.01.03 11:50:45.202,1.44251,1.44267,1.25,1.00
2017.01.03 11:50:45.253,1.44249,1.44262,1.00,1.00
2017.01.03 11:50:45.406,1.44245,1.4426,1.00,1.00
2017.01.03 11:50:46.420,1.44248,1.44265,1.00,1.12
2017.01.03 11:50:46.622,1.4425,1.44266,1.00,1.00
2017.01.03 11:50:46.725,1.44251,1.44268,1.00,1.00
2017.01.03 11:50:46.826,1.44255,1.44269,1.00,1.00
2017.01.03 11:50:46.928,1.44255,1.44272,1.00,1.00
2017.01.03 11:50:47.133,1.44257,1.44272,1.00,1.00
2017.01.03 11:50:47.791,1.44256,1.44272,1.00,1.00
2017.01.03 11:50:48.324,1.44257,1.44273,1.00,1.00
2017.01.03 11:50:48.788,1.44257,1.44271,1.00,1.00
2017.01.03 11:50:48.941,1.44254,1.4427,1.00,1.00
2017.01.03 11:50:49.354,1.44252,1.44269,1.00,1.00
2017.01.03 11:50:49.860,1.44253,1.44269,1.00,1.00
2017.01.03 11:50:50.139,1.44256,1.4427,1.00,1.00
2017.01.03 11:50:51.020,1.44256,1.44272,1.00,1.00
2017.01.03 11:50:51.526,1.44256,1.44273,1.00,1.00
2017.01.03 11:50:52.027,1.44256,1.44271,1.00,1.00
2017.01.03 11:50:52.551,1.44256,1.4427,1.00,1.00
2017.01.03 11:50:52.723,1.44255,1.44273,1.00,1.00
2017.01.03 11:50:53.265,1.44254,1.44273,1.50,1.12
2017.01.03 11:50:53.420,1.44254,1.44273,1.00,1.50
2017.01.03 11:50:53.942,1.44252,1.44272,2.44,1.37
2017.01.03 11:50:54.883,1.44254,1.44273,1.50,1.87
2017.01.03 11:50:55.389,1.44255,1.44273,1.00,1.12
2017.01.03 11:50:56.361,1.44255,1.44273,1.00,1.00
2017.01.03 11:50:56.873,1.44254,1.44273,1.00,1.00
2017.01.03 11:50:57.076,1.44253,1.44271,1.00,1.00
2017.01.03 11:50:57.127,1.4425,1.44269,1.00,1.50
2017.01.03 11:50:57.229,1.44252,1.44268,1.00,1.00
2017.01.03 11:50:57.483,1.44253,1.44271,1.50,1.37
2017.01.03 11:50:58.058,1.44254,1.44271,1.00,1.00
2017.01.03 11:50:58.374,1.44254,1.44274,2.25,2.25
2017.01.03 11:50:58.909,1.44255,1.44274,1.50,1.00
2017.01.03 11:50:59.365,1.44258,1.44275,1.00,1.00
2017.01.03 11:51:00.129,1.44257,1.44275,1.00,1.00
2017.01.03 11:51:00.434,1.4426,1.44278,1.50,1.00
2017.01.03 11:51:00.759,1.44262,1.44278,1.00,1.00
2017.01.03 11:51:00.861,1.4426,1.44278,1.50,1.50
2017.01.03 11:51:00.962,1.4426,1.44276,1.50,1.00
2017.01.03 11:51:01.503,1.44259,1.44275,1.50,1.00
2017.01.03 11:51:02.321,1.4426,1.44276,1.00,1.12
2017.01.03 11:51:02.851,1.4426,1.44275,1.00,1.00
2017.01.03 11:51:03.442,1.44259,1.44275,1.00,1.00
2017.01.03 11:51:03.746,1.44259,1.44275,1.00,3.37
2017.01.03 11:51:04.100,1.44256,1.44273,1.50,1.12
2017.01.03 11:51:04.453,1.44256,1.44271,1.50,1.00
2017.01.03 11:51:07.460,1.44255,1.44271,1.69,1.00
2017.01.03 11:51:07.775,1.44255,1.44273,1.69,1.00
2017.01.03 11:51:07.927,1.44257,1.44271,1.00,1.00
2017.01.03 11:51:08.217,1.44255,1.44271,1.69,1.00
2017.01.03 11:51:09.062,1.44255,1.4427,1.69,1.00
2017.01.03 11:51:09.477,1.44255,1.44271,1.69,1.75
2017.01.03 11:51:09.579,1.44256,1.44271,1.00,1.00
2017.01.03 11:51:09.680,1.44256,1.44273,1.00,1.50
2017.01.03 11:51:09.934,1.44258,1.44273,1.00,1.00
2017.01.03 11:51:10.390,1.44257,1.44276,1.50,1.00
2017.01.03 11:51:10.441,1.44259,1.44277,1.00,1.00
2017.01.03 11:51:10.764,1.44262,1.44278,1.50,1.00
2017.01.03 11:51:11.537,1.44263,1.44278,1.00,1.00
2017.01.03 11:51:11.689,1.44261,1.44278,1.00,1.00
2017.01.03 11:51:12.760,1.44261,1.44277,1.00,1.00
2017.01.03 11:51:13.326,1.44261,1.44278,1.00,1.00
2017.01.03 11:51:15.935,1.4426,1.44278,1.50,1.50
2017.01.03 11:51:16.473,1.4426,1.44277,1.00,1.50
2017.01.03 11:51:16.524,1.4426,1.44275,1.00,1.00
2017.01.03 11:51:16.576,1.44258,1.44275,1.50,1.00
2017.01.03 11:51:17.086,1.44259,1.44275,1.00,1.00
2017.01.03 11:51:17.629,1.4426,1.44275,1.00,1.00
2017.01.03 11:51:18.409,1.44261,1.44276,1.00,1.00
2017.01.03 11:51:18.927,1.44262,1.44277,1.00,1.00
2017.01.03 11:51:19.311,1.4426,1.44276,1.00,1.00
2017.01.03 11:51:19.422,1.44258,1.44274,1.00,1.00
2017.01.03 11:51:20.632,1.44259,1.44274,1.00,1.00
2017.01.03 11:51:21.219,1.44259,1.44275,1.00,1.00
2017.01.03 11:51:21.523,1.44261,1.44276,1.00,1.00
2017.01.03 11:51:21.732,1.44259,1.44276,1.50,1.00
2017.01.03 11:51:22.504,1.44261,1.44276,1.00,1.00
2017.01.03 11:51:23.032,1.44262,1.44277,1.00,1.00
2017.01.03 11:51:23.541,1.44261,1.44277,1.00,1.00
2017.01.03 11:51:25.208,1.44261,1.44276,1.00,1.00
2017.01.03 11:51:25.411,1.44258,1.44274,1.00,1.00
2017.01.03 11:51:25.513,1.4426,1.44277,1.00,1.00
2017.01.03 11:51:25.615,1.44262,1.44277,1.00,1.00
2017.01.03 11:51:26.174,1.44261,1.44277,1.00,1.00
2017.01.03 11:51:30.555,1.44262,1.44277,1.00,1.00
2017.01.03 11:51:31.109,1.44261,1.44277,1.00,1.00
2017.01.03 11:51:33.354,1.44261,1.44275,1.00,1.00
2017.01.03 11:51:33.457,1.44258,1.44274,1.00,1.00
2017.01.03 11:51:33.609,1.44256,1.44274,1.00,1.37
2017.01.03 11:51:34.310,1.44255,1.44273,1.69,1.00
2017.01.03 11:51:37.925,1.44255,1.44273,1.69,1.37
2017.01.03 11:51:38.461,1.44255,1.44273,1.69,1.00
2017.01.03 11:51:38.710,1.44255,1.44273,1.69,1.37
2017.01.03 11:51:39.223,1.44255,1.44272,1.69,1.00
2017.01.03 11:51:40.599,1.44255,1.44272,1.69,1.37
2017.01.03 11:51:43.237,1.44255,1.44272,1.69,1.12
2017.01.03 11:51:43.850,1.44255,1.44272,1.25,1.50
2017.01.03 11:51:44.365,1.44255,1.44272,1.25,1.12
2017.01.03 11:51:46.110,1.44255,1.44272,1.25,1.50
2017.01.03 11:51:47.538,1.44255,1.44272,1.25,1.12
2017.01.03 11:51:48.151,1.44255,1.44271,1.25,1.00
2017.01.03 11:51:52.029,1.44255,1.4427,1.25,1.00
2017.01.03 11:51:54.492,1.44256,1.44271,1.19,1.00
2017.01.03 11:51:58.508,1.44256,1.44273,1.19,1.00
2017.01.03 11:51:58.610,1.44261,1.44275,1.19,1.00
2017.01.03 11:51:58.712,1.44261,1.44278,1.19,1.00
2017.01.03 11:51:59.017,1.44266,1.44281,1.19,1.12
2017.01.03 11:51:59.332,1.4427,1.44283,1.19,1.00
2017.01.03 11:52:00.140,1.44265,1.4428,1.25,1.00
2017.01.03 11:52:00.799,1.44267,1.4428,1.25,1.00
2017.01.03 11:52:00.850,1.44267,1.44283,1.25,1.00
2017.01.03 11:52:00.901,1.4427,1.44285,1.19,1.00
2017.01.03 11:52:01.104,1.44268,1.44285,1.69,1.00
2017.01.03 11:52:02.414,1.44269,1.44285,1.19,1.00
2017.01.03 11:52:05.663,1.44269,1.44286,1.19,1.00
2017.01.03 11:52:06.245,1.4427,1.44286,1.19,1.00
2017.01.03 11:52:06.296,1.44268,1.44286,2.44,1.00
2017.01.03 11:52:06.808,1.44268,1.44285,2.44,1.00
2017.01.03 11:52:11.343,1.44268,1.44283,1.25,1.00
2017.01.03 11:52:11.495,1.44268,1.44285,1.69,1.00
2017.01.03 11:52:11.900,1.44268,1.44283,1.69,1.00
2017.01.03 11:52:13.148,1.44268,1.44282,1.69,1.00
2017.01.03 11:52:13.867,1.44268,1.44283,1.69,1.00
2017.01.03 11:52:14.405,1.44268,1.44284,1.69,1.00
2017.01.03 11:52:14.932,1.44268,1.44286,1.69,1.00
2017.01.03 11:52:15.459,1.44269,1.44286,1.00,1.00
2017.01.03 11:52:16.613,1.4427,1.44286,1.00,1.00
2017.01.03 11:52:17.151,1.44269,1.44286,1.00,1.00
2017.01.03 11:52:19.255,1.44271,1.44286,1.00,1.00
2017.01.03 11:52:19.357,1.44269,1.44285,1.00,1.00
2017.01.03 11:52:19.864,1.44269,1.44284,1.00,1.00
2017.01.03 11:52:19.915,1.44268,1.44281,1.00,1.00
2017.01.03 11:52:20.243,1.44255,1.44268,1.00,1.75
2017.01.03 11:52:20.347,1.44246,1.44259,1.00,1.00
2017.01.03 11:52:20.398,1.44247,1.44264,1.25,1.50
2017.01.03 11:52:20.449,1.4425,1.44264,1.00,1.50
2017.01.03 11:52:20.756,1.44251,1.44266,1.37,1.00
2017.01.03 11:52:20.908,1.44252,1.44268,1.37,1.00
2017.01.03 11:52:21.268,1.44256,1.4427,1.00,1.00
2017.01.03 11:52:21.471,1.44256,1.44273,1.00,1.00
2017.01.03 11:52:21.665,1.44254,1.44272,1.69,1.00
2017.01.03 11:52:22.125,1.44252,1.44267,1.00,1.00
2017.01.03 11:52:22.227,1.4425,1.44267,1.50,1.00
2017.01.03 11:52:22.790,1.4425,1.44266,1.00,1.00
2017.01.03 11:52:23.909,1.44249,1.44264,1.00,1.00
2017.01.03 11:52:24.165,1.44247,1.44264,1.69,1.50
2017.01.03 11:52:24.216,1.44248,1.44259,1.25,1.00
2017.01.03 11:52:24.268,1.44245,1.44258,1.00,1.00
2017.01.03 11:52:24.471,1.44243,1.44256,1.19,1.00
2017.01.03 11:52:24.775,1.44243,1.44254,1.19,1.00
2017.01.03 11:52:25.265,1.4424,1.44254,1.19,1.00
2017.01.03 11:52:25.820,1.4424,1.44253,1.19,1.00
2017.01.03 11:52:26.057,1.4424,1.44255,1.19,1.00
2017.01.03 11:52:26.602,1.4424,1.44254,1.19,1.00
2017.01.03 11:52:26.900,1.44243,1.44256,1.19,1.00
2017.01.03 11:52:27.001,1.44245,1.44259,1.69,1.00
2017.01.03 11:52:27.276,1.44246,1.44262,1.25,1.00
2017.01.03 11:52:27.327,1.44248,1.44261,1.00,1.00
2017.01.03 11:52:27.530,1.44248,1.44264,1.00,1.00
2017.01.03 11:52:27.732,1.4425,1.44264,1.00,1.00
2017.01.03 11:52:28.239,1.4425,1.44265,1.00,1.00
2017.01.03 11:52:28.841,1.44248,1.44264,1.12,1.00
2017.01.03 11:52:29.025,1.44251,1.44262,1.19,1.00
2017.01.03 11:52:29.077,1.44254,1.44268,1.00,1.00
2017.01.03 11:52:29.128,1.44256,1.44271,1.19,1.00
2017.01.03 11:52:29.330,1.4426,1.44276,1.19,1.00
2017.01.03 11:52:29.381,1.4426,1.44278,1.19,1.87
2017.01.03 11:52:29.686,1.44263,1.44279,1.00,1.00
2017.01.03 11:52:30.198,1.44263,1.44278,1.00,1.00
2017.01.03 11:52:30.350,1.44261,1.44277,1.69,1.00
2017.01.03 11:52:30.503,1.4426,1.44275,3.19,1.00
2017.01.03 11:52:30.554,1.44261,1.44278,1.25,1.00
2017.01.03 11:52:30.605,1.44261,1.44276,1.25,1.00
2017.01.03 11:52:30.929,1.44258,1.44269,1.69,1.00
2017.01.03 11:52:31.234,1.44258,1.44268,1.25,1.00
2017.01.03 11:52:32.356,1.44258,1.44267,1.25,1.00
2017.01.03 11:52:32.956,1.44258,1.44268,1.25,1.00
2017.01.03 11:52:33.260,1.44258,1.44266,1.25,1.00
2017.01.03 11:52:33.362,1.44255,1.44266,1.25,1.00
2017.01.03 11:52:34.015,1.44255,1.44265,1.25,1.00
2017.01.03 11:52:34.298,1.44251,1.44264,1.25,1.00
2017.01.03 11:52:34.400,1.44251,1.44262,1.25,1.50
2017.01.03 11:52:34.746,1.44245,1.44256,1.19,1.00
2017.01.03 11:52:35.053,1.44245,1.44254,1.19,1.00
2017.01.03 11:52:35.255,1.44243,1.44253,1.19,1.00
2017.01.03 11:52:35.357,1.44243,1.44255,1.19,1.50
2017.01.03 11:52:37.107,1.44243,1.44253,1.19,1.00
2017.01.03 11:52:37.157,1.44239,1.44251,1.19,1.00
2017.01.03 11:52:37.331,1.44238,1.4425,1.25,1.50
2017.01.03 11:52:37.382,1.44238,1.44248,1.25,1.00
2017.01.03 11:52:37.939,1.44243,1.44252,1.19,1.00
2017.01.03 11:52:37.990,1.44245,1.44256,1.25,3.00
2017.01.03 11:52:38.041,1.44245,1.44253,1.25,1.00
2017.01.03 11:52:38.092,1.44245,1.44255,1.25,1.00
2017.01.03 11:52:38.250,1.44248,1.44256,1.25,1.00
2017.01.03 11:52:38.554,1.44249,1.4426,1.19,1.00
2017.01.03 11:52:39.224,1.44249,1.44262,1.19,1.00
2017.01.03 11:52:39.275,1.44247,1.4426,1.19,1.00
2017.01.03 11:52:39.326,1.44247,1.44263,2.44,1.00
2017.01.03 11:52:39.428,1.44253,1.44264,1.19,1.12
2017.01.03 11:52:39.529,1.44249,1.44261,1.00,1.00
2017.01.03 11:52:39.580,1.44246,1.44261,1.00,1.37
2017.01.03 11:52:39.902,1.44237,1.44248,1.19,1.50
2017.01.03 11:52:40.105,1.44237,1.44252,2.06,1.00
2017.01.03 11:52:40.156,1.44241,1.44255,1.00,1.00
2017.01.03 11:52:40.309,1.44247,1.44262,1.25,1.50
2017.01.03 11:52:40.411,1.44251,1.44264,1.00,1.00
2017.01.03 11:52:40.716,1.44253,1.44264,1.25,1.00
2017.01.03 11:52:40.818,1.44253,1.44273,1.69,1.00
2017.01.03 11:52:40.920,1.44257,1.44272,1.00,1.00
2017.01.03 11:52:41.756,1.44257,1.44275,1.19,1.00
2017.01.03 11:52:41.908,1.44257,1.44277,1.19,1.00
2017.01.03 11:52:41.959,1.4426,1.44277,1.00,1.00
2017.01.03 11:52:42.263,1.44258,1.44275,1.00,1.00
2017.01.03 11:52:42.568,1.4426,1.44276,1.00,1.00
2017.01.03 11:52:42.896,1.44264,1.44279,1.25,1.00
2017.01.03 11:52:43.402,1.44265,1.44279,1.00,1.00
2017.01.03 11:52:43.707,1.44257,1.44272,1.50,1.00
2017.01.03 11:52:43.758,1.44255,1.44273,1.00,1.00
2017.01.03 11:52:43.910,1.44259,1.44273,1.00,1.00
2017.01.03 11:52:44.011,1.44258,1.44275,1.00,1.00
2017.01.03 11:52:44.113,1.4426,1.44275,1.00,1.00
2017.01.03 11:52:44.617,1.4426,1.44276,1.00,1.00
2017.01.03 11:52:44.769,1.44258,1.44275,1.00,1.00
2017.01.03 11:52:45.073,1.44257,1.44273,1.00,1.00
2017.01.03 11:52:45.225,1.44254,1.44272,1.00,1.00
2017.01.03 11:52:45.276,1.44254,1.4427,1.69,1.00
2017.01.03 11:52:45.782,1.44254,1.44269,1.69,1.00
2017.01.03 11:52:46.502,1.44254,1.44268,1.69,1.00
2017.01.03 11:52:46.959,1.44257,1.44268,1.25,1.00
2017.01.03 11:52:47.263,1.44262,1.44269,1.19,1.00
2017.01.03 11:52:47.779,1.44262,1.4427,1.19,1.00
2017.01.03 11:52:48.371,1.44254,1.44271,1.69,1.00
2017.01.03 11:52:48.423,1.44259,1.4427,1.25,1.00
2017.01.03 11:52:48.524,1.44259,1.44272,1.25,1.50
2017.01.03 11:52:48.576,1.44259,1.4427,1.25,1.00
2017.01.03 11:52:48.830,1.44252,1.44268,2.06,1.00
2017.01.03 11:52:48.932,1.44252,1.44266,1.19,1.00
2017.01.03 11:52:49.472,1.44252,1.44267,1.19,1.00
2017.01.03 11:52:49.799,1.44251,1.44266,1.00,1.00
2017.01.03 11:52:49.850,1.44249,1.44266,1.25,1.00
2017.01.03 11:52:50.709,1.44251,1.44266,1.25,1.00
2017.01.03 11:52:51.294,1.44251,1.44269,1.25,1.00
2017.01.03 11:52:51.888,1.44251,1.44268,1.25,1.00
2017.01.03 11:52:52.147,1.44253,1.44269,1.00,1.00
2017.01.03 11:52:52.851,1.44253,1.44267,1.00,1.00
2017.01.03 11:52:53.004,1.44251,1.44268,1.69,1.00
2017.01.03 11:52:53.165,1.44252,1.44266,1.00,1.00
2017.01.03 11:52:53.360,1.44252,1.44268,1.00,1.00
2017.01.03 11:52:53.908,1.44253,1.44269,1.00,1.00
2017.01.03 11:52:54.110,1.44253,1.44267,1.00,1.00
2017.01.03 11:52:54.582,1.44253,1.44262,1.00,1.00
2017.01.03 11:52:54.634,1.44249,1.44262,1.00,1.00
2017.01.03 11:52:54.736,1.44246,1.4426,1.00,1.25
2017.01.03 11:52:54.990,1.44245,1.44262,1.00,1.00
2017.01.03 11:52:55.104,1.44247,1.44262,1.00,1.00
2017.01.03 11:52:55.791,1.44247,1.44263,1.00,1.00
2017.01.03 11:52:56.247,1.44249,1.44264,1.50,1.00
2017.01.03 11:52:56.298,1.44249,1.44268,1.25,1.00
2017.01.03 11:52:56.451,1.44253,1.44267,1.00,1.00
2017.01.03 11:52:56.594,1.44253,1.44269,1.00,1.00
2017.01.03 11:52:57.119,1.44254,1.44268,1.00,1.00
2017.01.03 11:52:57.758,1.44254,1.44269,1.00,1.00
2017.01.03 11:52:57.809,1.44254,1.44271,1.00,1.00
2017.01.03 11:52:57.962,1.44258,1.44273,1.00,1.00
2017.01.03 11:52:58.369,1.4426,1.44274,1.00,1.00
2017.01.03 11:52:58.892,1.44259,1.44274,1.00,1.00
2017.01.03 11:52:59.196,1.4426,1.44275,1.19,1.00
2017.01.03 11:52:59.500,1.44258,1.4427,1.00,1.00
2017.01.03 11:52:59.717,1.44255,1.44269,1.00,1.00
2017.01.03 11:53:00.238,1.44256,1.4427,1.00,1.00
2017.01.03 11:53:00.491,1.44254,1.44269,1.00,1.00
2017.01.03 11:53:00.694,1.44253,1.44265,1.25,1.00
2017.01.03 11:53:00.898,1.44252,1.44269,1.19,1.00
2017.01.03 11:53:01.151,1.44254,1.44271,1.00,1.00
2017.01.03 11:53:01.606,1.44256,1.44269,1.00,1.00
2017.01.03 11:53:02.113,1.44256,1.4427,1.00,1.00
2017.01.03 11:53:02.163,1.44254,1.4427,1.00,1.00
2017.01.03 11:53:02.689,1.44254,1.44269,1.00,1.00
2017.01.03 11:53:02.841,1.44252,1.44266,1.69,1.00
2017.01.03 11:53:03.147,1.44252,1.44264,1.19,1.00
2017.01.03 11:53:03.480,1.44248,1.44262,1.19,1.00
2017.01.03 11:53:03.531,1.44248,1.44265,1.69,1.00
2017.01.03 11:53:03.683,1.44251,1.44266,1.00,1.00
2017.01.03 11:53:03.835,1.44251,1.44268,1.00,1.00
2017.01.03 11:53:03.885,1.44253,1.44268,1.00,1.00
2017.01.03 11:53:04.405,1.44254,1.44269,1.00,1.00
2017.01.03 11:53:04.709,1.44256,1.4427,1.00,1.00
2017.01.03 11:53:05.119,1.44257,1.44273,1.00,1.00
2017.01.03 11:53:05.317,1.44256,1.44267,1.00,1.00
2017.01.03 11:53:05.418,1.4425,1.44264,1.87,1.00
2017.01.03 11:53:05.469,1.44252,1.44265,1.00,1.00
2017.01.03 11:53:05.723,1.4425,1.44264,1.50,1.00
2017.01.03 11:53:05.874,1.44251,1.44269,1.00,1.00
2017.01.03 11:53:05.926,1.44255,1.44268,1.12,1.00
2017.01.03 11:53:05.977,1.44255,1.44271,1.12,1.00
2017.01.03 11:53:06.049,1.44253,1.44272,3.37,1.00
2017.01.03 11:53:06.100,1.44256,1.44272,1.00,1.00
2017.01.03 11:53:06.635,1.44255,1.44271,1.00,1.00
2017.01.03 11:53:07.404,1.44256,1.44271,1.00,1.00
2017.01.03 11:53:07.771,1.44256,1.44269,1.00,1.00
2017.01.03 11:53:08.193,1.44256,1.44266,1.00,1.00
2017.01.03 11:53:08.719,1.44251,1.44264,1.50,1.00
2017.01.03 11:53:08.770,1.4425,1.44262,1.87,1.00
2017.01.03 11:53:08.821,1.44248,1.44263,1.00,1.00
2017.01.03 11:53:09.068,1.4425,1.44264,1.00,1.00
2017.01.03 11:53:09.372,1.44253,1.44265,1.00,1.00
2017.01.03 11:53:09.899,1.44253,1.44266,1.00,1.00
2017.01.03 11:53:10.051,1.44253,1.44268,1.00,1.00
2017.01.03 11:53:10.630,1.44254,1.44268,1.00,1.00
2017.01.03 11:53:11.130,1.44254,1.44266,1.00,1.00
2017.01.03 11:53:11.340,1.44252,1.44266,1.00,1.00
2017.01.03 11:53:11.897,1.44252,1.44272,1.00,1.50
2017.01.03 11:53:11.948,1.44252,1.44266,1.00,1.00
2017.01.03 11:53:12.674,1.44254,1.44266,1.00,1.00
2017.01.03 11:53:12.725,1.44253,1.44269,1.00,1.00
2017.01.03 11:53:12.878,1.44255,1.44267,1.00,1.00
2017.01.03 11:53:13.030,1.44252,1.44267,1.00,1.00
2017.01.03 11:53:13.416,1.44253,1.44265,1.00,1.00
2017.01.03 11:53:13.924,1.44253,1.44266,1.00,1.00
2017.01.03 11:53:14.784,1.44253,1.44265,1.00,1.00
2017.01.03 11:53:14.937,1.44252,1.44267,1.00,1.00
2017.01.03 11:53:14.988,1.44252,1.44265,1.00,1.00
2017.01.03 11:53:15.139,1.4425,1.44266,1.00,1.00
2017.01.03 11:53:15.342,1.44252,1.44267,1.00,1.00
2017.01.03 11:53:15.646,1.44252,1.44272,1.00,1.87
2017.01.03 11:53:15.805,1.44254,1.44272,1.00,1.12
2017.01.03 11:53:16.114,1.44249,1.44261,1.37,1.00
2017.01.03 11:53:16.166,1.44248,1.44262,2.62,1.00
2017.01.03 11:53:16.715,1.44248,1.44261,1.00,1.00
2017.01.03 11:53:17.236,1.44247,1.4426,1.00,1.00
2017.01.03 11:53:17.718,1.44249,1.44263,1.00,1.00
2017.01.03 11:53:17.855,1.44252,1.44264,1.00,1.00
2017.01.03 11:53:17.906,1.44254,1.44267,1.00,1.00
2017.01.03 11:53:18.058,1.44252,1.44266,1.00,1.00
2017.01.03 11:53:18.641,1.44252,1.44265,1.50,1.00
2017.01.03 11:53:19.569,1.44252,1.44266,1.00,1.00
2017.01.03 11:53:20.078,1.44251,1.44266,1.50,1.00
2017.01.03 11:53:21.443,1.44252,1.44266,1.00,1.00
2017.01.03 11:53:22.351,1.44253,1.44266,1.00,1.00
2017.01.03 11:53:22.503,1.44253,1.44268,1.50,1.00
2017.01.03 11:53:22.656,1.44254,1.4427,1.00,1.00
2017.01.03 11:53:22.707,1.44255,1.44272,1.00,1.00
2017.01.03 11:53:22.809,1.44255,1.4427,1.00,1.00
2017.01.03 11:53:23.314,1.44255,1.44268,1.00,1.00
2017.01.03 11:53:23.416,1.44252,1.44267,1.00,1.00
2017.01.03 11:53:24.011,1.44253,1.44267,1.00,1.00
2017.01.03 11:53:25.016,1.44252,1.44264,1.00,1.00
2017.01.03 11:53:25.067,1.44252,1.44267,1.00,1.50
2017.01.03 11:53:25.219,1.4425,1.44267,1.00,1.00
2017.01.03 11:53:26.078,1.4425,1.44266,1.00,1.00
2017.01.03 11:53:26.617,1.4425,1.44265,1.00,1.00
2017.01.03 11:53:27.686,1.44249,1.44265,1.50,1.00
2017.01.03 11:53:28.215,1.44249,1.44264,1.00,1.00
2017.01.03 11:53:28.765,1.44248,1.44264,1.50,1.50
2017.01.03 11:53:29.967,1.44249,1.44264,1.00,1.50
2017.01.03 11:53:30.018,1.44247,1.44264,1.50,1.50
2017.01.03 11:53:30.120,1.44245,1.44259,1.37,1.00
2017.01.03 11:53:30.273,1.44244,1.44259,1.00,1.00
2017.01.03 11:53:31.052,1.44245,1.44259,1.00,1.50
2017.01.03 11:53:31.573,1.44246,1.44259,1.00,1.00
2017.01.03 11:53:32.201,1.44246,1.4426,1.00,1.00
2017.01.03 11:53:32.304,1.44248,1.44263,1.00,1.00
2017.01.03 11:53:32.355,1.44248,1.44265,1.87,1.50
2017.01.03 11:53:32.869,1.44248,1.44264,1.00,1.00
2017.01.03 11:53:33.099,1.4425,1.44264,1.00,1.50
2017.01.03 11:53:33.150,1.44248,1.44264,1.00,1.50
2017.01.03 11:53:33.201,1.44246,1.44263,1.87,1.00
2017.01.03 11:53:33.252,1.44244,1.4426,1.50,1.50
2017.01.03 11:53:33.556,1.44243,1.44258,1.00,1.00
2017.01.03 11:53:34.625,1.44244,1.44258,1.00,1.50
2017.01.03 11:53:35.850,1.44242,1.44258,1.50,1.50
2017.01.03 11:53:37.096,1.44243,1.44258,1.00,1.00
2017.01.03 11:53:37.751,1.44241,1.44258,1.12,1.50
2017.01.03 11:53:38.489,1.44242,1.44258,1.00,1.50
2017.01.03 11:53:38.990,1.44244,1.44258,1.00,1.00
2017.01.03 11:53:39.497,1.44244,1.44259,1.00,1.00
2017.01.03 11:53:39.734,1.44247,1.44264,1.00,1.50
2017.01.03 11:53:39.988,1.44247,1.44262,1.00,1.00
2017.01.03 11:53:40.191,1.44242,1.44258,1.87,1.00
2017.01.03 11:53:40.242,1.44242,1.44256,1.00,1.00
2017.01.03 11:53:40.546,1.44234,1.44248,1.37,1.00
2017.01.03 11:53:40.698,1.44233,1.44247,1.69,1.00
2017.01.03 11:53:40.911,1.44233,1.44249,1.25,1.00
2017.01.03 11:53:41.868,1.44233,1.4425,1.25,1.50
2017.01.03 11:53:42.402,1.44232,1.44249,2.81,1.00
2017.01.03 11:53:44.458,1.44234,1.44249,1.00,1.00
2017.01.03 11:53:44.510,1.44236,1.44249,1.19,1.00
2017.01.03 11:53:44.561,1.44236,1.44252,1.19,1.00
2017.01.03 11:53:44.663,1.44236,1.4425,1.19,1.00
2017.01.03 11:53:44.765,1.44235,1.4425,1.00,1.00
2017.01.03 11:53:45.262,1.44236,1.44255,2.06,1.50
2017.01.03 11:53:45.415,1.44239,1.44255,1.00,1.12
2017.01.03 11:53:45.719,1.44241,1.44255,1.00,1.00
2017.01.03 11:53:47.440,1.44241,1.44258,1.00,1.87
2017.01.03 11:53:47.984,1.44244,1.44262,1.00,2.25
2017.01.03 11:53:48.516,1.44245,1.44262,1.00,1.00
2017.01.03 11:53:48.926,1.44243,1.44259,1.12,1.25
2017.01.03 11:53:49.327,1.44242,1.44252,1.00,1.00
2017.01.03 11:53:49.378,1.44238,1.44252,1.00,1.50
2017.01.03 11:53:49.429,1.44238,1.4425,1.00,1.00
2017.01.03 11:53:49.481,1.44234,1.4425,1.00,1.00
2017.01.03 11:53:49.689,1.44232,1.4425,1.50,1.00
2017.01.03 11:53:50.147,1.44234,1.44252,1.00,1.00
2017.01.03 11:53:50.400,1.44236,1.44256,1.50,1.50
2017.01.03 11:53:50.958,1.44237,1.44255,1.50,1.00
2017.01.03 11:53:53.702,1.44238,1.44255,1.00,1.00
2017.01.03 11:53:53.855,1.44239,1.44251,1.37,1.00
2017.01.03 11:53:53.907,1.44238,1.44256,1.37,2.44
2017.01.03 11:53:54.110,1.44237,1.44254,1.37,1.00
2017.01.03 11:53:54.211,1.44237,1.44254,1.50,1.00
2017.01.03 11:53:54.363,1.44236,1.4425,1.31,1.00
2017.01.03 11:53:54.465,1.44236,1.44253,1.31,1.00
2017.01.03 11:53:55.058,1.44236,1.44254,2.06,1.50
2017.01.03 11:53:59.837,1.44234,1.44245,1.00,1.00
2017.01.03 11:53:59.888,1.44228,1.44245,1.87,1.00
2017.01.03 11:53:59.990,1.44226,1.44244,1.69,1.00
2017.01.03 11:54:00.603,1.44226,1.44245,2.44,1.50
2017.01.03 11:54:00.857,1.44232,1.44247,1.25,1.00
2017.01.03 11:54:01.009,1.4423,1.44247,1.00,1.00
2017.01.03 11:54:01.313,1.44231,1.4425,2.06,1.50
2017.01.03 11:54:01.689,1.44231,1.44248,1.37,1.00
2017.01.03 11:54:02.232,1.44232,1.44249,1.00,1.50
2017.01.03 11:54:03.897,1.44233,1.4425,1.25,1.00
2017.01.03 11:54:04.436,1.44234,1.44251,1.00,1.50
2017.01.03 11:54:04.937,1.44233,1.44251,3.19,1.50
2017.01.03 11:54:04.988,1.44233,1.44253,2.44,2.25
2017.01.03 11:54:05.039,1.44236,1.44253,1.00,1.00
2017.01.03 11:54:06.491,1.44237,1.44253,1.50,1.00
2017.01.03 11:54:06.593,1.44238,1.44257,1.00,1.00
2017.01.03 11:54:07.019,1.4424,1.44258,1.50,1.00
2017.01.03 11:54:07.548,1.4424,1.44257,1.00,1.00
2017.01.03 11:54:08.044,1.44238,1.44255,1.00,1.00
2017.01.03 11:54:08.297,1.44235,1.44253,1.00,1.50
2017.01.03 11:54:09.374,1.44236,1.44253,1.50,1.00
2017.01.03 11:54:09.426,1.4424,1.44255,1.00,1.00
2017.01.03 11:54:09.579,1.44244,1.44261,1.50,1.37
2017.01.03 11:54:09.630,1.44247,1.44261,1.50,1.00
2017.01.03 11:54:09.783,1.44246,1.44264,1.00,1.00
2017.01.03 11:54:10.342,1.44246,1.44261,1.00,1.00
2017.01.03 11:54:10.444,1.44244,1.44261,1.00,1.50
2017.01.03 11:54:10.697,1.44242,1.44261,1.00,1.00
2017.01.03 11:54:10.748,1.44242,1.44259,1.00,1.00
2017.01.03 11:54:10.951,1.44244,1.44263,1.00,1.87
2017.01.03 11:54:11.002,1.44246,1.44263,1.00,1.00
2017.01.03 11:54:11.053,1.44247,1.44265,1.00,1.00
2017.01.03 11:54:11.577,1.44247,1.44264,1.00,1.00
2017.01.03 11:54:12.159,1.44247,1.4426,1.00,1.00
2017.01.03 11:54:12.286,1.44246,1.44263,1.00,1.00
2017.01.03 11:54:12.389,1.44243,1.4426,1.00,1.00
2017.01.03 11:54:12.695,1.44245,1.44262,1.00,1.50
2017.01.03 11:54:13.286,1.44245,1.44263,1.00,2.25
2017.01.03 11:54:13.723,1.44245,1.44261,1.00,1.00
2017.01.03 11:54:13.982,1.44243,1.4426,1.00,1.50
2017.01.03 11:54:14.136,1.4424,1.44259,1.00,2.25
2017.01.03 11:54:14.439,1.4424,1.44257,1.00,1.00
2017.01.03 11:54:15.123,1.44238,1.44257,1.00,1.00
2017.01.03 11:54:15.174,1.44238,1.44255,1.00,1.00
2017.01.03 11:54:15.478,1.44242,1.44257,1.00,1.69
2017.01.03 11:54:15.681,1.44245,1.44262,1.00,1.00
2017.01.03 11:54:15.834,1.44241,1.4426,1.00,1.50
2017.01.03 11:54:16.006,1.4424,1.44258,1.25,1.00
2017.01.03 11:54:16.516,1.44241,1.44258,1.00,1.00
2017.01.03 11:54:16.979,1.44239,1.44255,1.69,1.00
2017.01.03 11:54:17.483,1.44243,1.44255,1.19,1.00
2017.01.03 11:54:17.635,1.44243,1.44257,1.19,1.00
2017.01.03 11:54:18.439,1.44243,1.44256,1.19,1.00
2017.01.03 11:54:18.541,1.4424,1.44256,1.19,1.00
2017.01.03 11:54:18.832,1.44234,1.44251,2.25,1.00
2017.01.03 11:54:18.884,1.44234,1.44247,1.00,3.94
2017.01.03 11:54:18.950,1.4423,1.44245,1.00,1.00
2017.01.03 11:54:19.001,1.44228,1.44242,1.12,1.69
2017.01.03 11:54:19.052,1.44225,1.44239,1.00,1.25
2017.01.03 11:54:19.103,1.44227,1.44239,1.00,1.25
2017.01.03 11:54:19.154,1.44224,1.44239,1.50,1.25
2017.01.03 11:54:19.295,1.44226,1.44238,1.00,1.00
2017.01.03 11:54:19.346,1.44226,1.44241,1.00,1.50
2017.01.03 11:54:19.397,1.44221,1.44239,1.00,1.31
2017.01.03 11:54:19.448,1.44221,1.44235,1.50,1.00
2017.01.03 11:54:19.601,1.44216,1.44232,1.50,1.00
2017.01.03 11:54:20.109,1.44216,1.44231,1.00,1.00
2017.01.03 11:54:20.513,1.44214,1.44231,1.00,1.50
2017.01.03 11:54:21.209,1.44214,1.44231,1.50,1.00
2017.01.03 11:54:21.970,1.44217,1.44233,1.19,1.00
2017.01.03 11:54:22.072,1.44218,1.44235,1.19,1.00
2017.01.03 11:54:22.174,1.44221,1.44236,1.00,1.00
2017.01.03 11:54:22.229,1.44221,1.44238,1.00,1.00
2017.01.03 11:54:23.439,1.44221,1.44239,1.50,1.50
2017.01.03 11:54:23.816,1.44219,1.44238,2.06,1.00
2017.01.03 11:54:24.120,1.44219,1.44236,1.25,1.00
2017.01.03 11:54:24.424,1.44213,1.44229,1.00,1.00
2017.01.03 11:54:24.953,1.44212,1.44229,1.25,1.00
2017.01.03 11:54:25.494,1.44213,1.4423,1.00,1.00
2017.01.03 11:54:25.845,1.44214,1.44231,1.19,1.00
2017.01.03 11:54:25.896,1.44212,1.44231,1.00,1.00
2017.01.03 11:54:25.947,1.44212,1.44229,1.00,1.00
2017.01.03 11:54:27.004,1.44211,1.44229,1.00,1.50
2017.01.03 11:54:27.529,1.44211,1.44228,1.00,1.00
2017.01.03 11:54:27.789,1.44208,1.44226,1.50,1.00
2017.01.03 11:54:30.436,1.44208,1.44225,1.12,1.00
2017.01.03 11:54:31.199,1.44206,1.44218,1.69,1.00
2017.01.03 11:54:31.352,1.44204,1.44218,1.00,1.00
2017.01.03 11:54:31.853,1.44202,1.44218,1.87,1.00
2017.01.03 11:54:32.768,1.44201,1.44218,1.25,1.50
2017.01.03 11:54:33.802,1.44203,1.44218,1.00,1.00
2017.01.03 11:54:33.904,1.44203,1.44221,1.87,1.50
2017.01.03 11:54:34.418,1.44209,1.44221,1.00,1.00
2017.01.03 11:54:34.919,1.44209,1.4422,1.00,1.00
2017.01.03 11:54:35.021,1.44207,1.4422,1.00,1.00
2017.01.03 11:54:35.432,1.44207,1.44222,1.00,1.00
2017.01.03 11:54:35.974,1.44208,1.44222,1.00,1.00
2017.01.03 11:54:36.174,1.44204,1.44221,1.00,1.56
2017.01.03 11:54:36.226,1.44203,1.44217,1.00,1.00
2017.01.03 11:54:36.277,1.44201,1.44217,1.00,1.12
2017.01.03 11:54:36.328,1.44201,1.44214,1.00,1.00
2017.01.03 11:54:36.430,1.44199,1.44214,1.00,1.37
2017.01.03 11:54:36.531,1.44199,1.44211,1.00,1.00
2017.01.03 11:54:36.837,1.44201,1.44213,1.00,1.00
2017.01.03 11:54:37.040,1.44202,1.44215,1.00,1.00
2017.01.03 11:54:37.142,1.44202,1.44212,1.00,1.00
2017.01.03 11:54:37.244,1.44202,1.44215,1.00,1.00
2017.01.03 11:54:39.031,1.44201,1.44215,1.00,1.00
2017.01.03 11:54:39.850,1.44202,1.44215,1.00,1.00
2017.01.03 11:54:39.990,1.44204,1.44215,1.00,1.00
2017.01.03 11:54:40.041,1.44204,1.44218,1.00,1.00
2017.01.03 11:54:40.728,1.44206,1.44221,1.00,1.12
2017.01.03 11:54:40.830,1.44208,1.44221,1.00,1.00
2017.01.03 11:54:40.932,1.44209,1.44223,1.00,1.00
2017.01.03 11:54:41.135,1.44211,1.44223,1.00,1.00
2017.01.03 11:54:42.005,1.44206,1.44221,1.00,1.25
2017.01.03 11:54:42.106,1.44204,1.44217,1.00,1.00
2017.01.03 11:54:42.208,1.442,1.44214,1.00,1.00
2017.01.03 11:54:42.310,1.44199,1.44218,1.00,1.00
2017.01.03 11:54:42.361,1.44204,1.44218,1.00,1.00
2017.01.03 11:54:42.463,1.442,1.44218,1.50,1.00
2017.01.03 11:54:42.514,1.44202,1.44216,1.00,1.00
2017.01.03 11:54:42.569,1.442,1.44216,1.00,1.00
2017.01.03 11:54:42.721,1.442,1.4422,1.00,1.50
2017.01.03 11:54:42.773,1.44202,1.44219,1.00,1.00
2017.01.03 11:54:42.875,1.44199,1.44217,1.00,1.50
2017.01.03 11:54:42.927,1.44198,1.44214,1.50,1.00
2017.01.03 11:54:43.336,1.44201,1.44217,1.50,1.00
2017.01.03 11:54:43.388,1.44201,1.44219,1.00,1.50
2017.01.03 11:54:44.147,1.44201,1.44218,1.50,1.00
2017.01.03 11:54:45.028,1.44201,1.44218,1.00,1.62
2017.01.03 11:54:45.079,1.44197,1.44213,1.12,1.00
2017.01.03 11:54:45.394,1.44193,1.44207,1.00,1.00
2017.01.03 11:54:45.446,1.44196,1.44212,1.00,1.19
2017.01.03 11:54:45.700,1.44196,1.44209,1.00,1.19
2017.01.03 11:54:45.752,1.44194,1.44209,1.50,1.19
2017.01.03 11:54:45.954,1.44192,1.44209,1.50,1.19
2017.01.03 11:54:46.419,1.44193,1.4421,1.50,1.00
2017.01.03 11:54:46.573,1.44195,1.44212,1.50,1.69
2017.01.03 11:54:46.937,1.44193,1.44211,1.50,1.69
2017.01.03 11:54:47.039,1.44193,1.44208,1.00,1.19
2017.01.03 11:54:47.850,1.44195,1.44208,1.00,1.19
2017.01.03 11:54:48.053,1.44193,1.44208,1.50,1.19
2017.01.03 11:54:48.104,1.44193,1.44211,1.50,1.25
2017.01.03 11:54:48.697,1.44193,1.4421,1.00,1.25
2017.01.03 11:54:49.026,1.44193,1.44206,1.50,1.25
2017.01.03 11:54:50.079,1.44194,1.44206,1.00,1.25
2017.01.03 11:54:50.501,1.44192,1.44208,1.50,1.00
2017.01.03 11:54:50.921,1.44192,1.4421,1.50,1.87
2017.01.03 11:54:51.124,1.44191,1.44208,1.00,1.00
2017.01.03 11:54:51.673,1.44191,1.44209,1.00,1.00
2017.01.03 11:54:52.448,1.44191,1.4421,1.00,1.00
2017.01.03 11:54:52.752,1.44193,1.44211,1.69,1.00
2017.01.03 11:54:53.161,1.44193,1.44208,1.19,1.00
2017.01.03 11:54:53.479,1.44195,1.44208,1.69,1.00
2017.01.03 11:54:53.811,1.44194,1.44206,1.00,1.00
2017.01.03 11:54:54.142,1.44192,1.44204,1.19,1.00
2017.01.03 11:54:54.755,1.44191,1.442,1.00,1.00
2017.01.03 11:54:54.807,1.44189,1.44202,1.12,1.00
2017.01.03 11:54:54.858,1.44187,1.442,1.12,1.00
2017.01.03 11:54:55.064,1.44184,1.44198,1.12,1.00
2017.01.03 11:54:55.115,1.44184,1.442,2.06,1.00
2017.01.03 11:54:55.368,1.44186,1.44201,1.50,1.00
2017.01.03 11:54:55.672,1.44186,1.44198,1.00,1.00
2017.01.03 11:54:55.925,1.44181,1.44194,1.00,1.00
2017.01.03 11:54:56.329,1.44179,1.44192,1.19,1.00
2017.01.03 11:54:56.852,1.44179,1.44193,1.19,1.00
2017.01.03 11:54:58.303,1.44178,1.44193,1.31,1.00
2017.01.03 11:54:58.662,1.44177,1.44191,1.69,1.00
2017.01.03 11:54:59.169,1.44177,1.4419,1.69,1.00
2017.01.03 11:54:59.473,1.44179,1.44193,1.19,1.00
2017.01.03 11:54:59.875,1.4418,1.44196,1.31,1.00
2017.01.03 11:55:00.178,1.4418,1.44193,1.25,1.00
2017.01.03 11:55:00.697,1.44179,1.44192,1.19,1.00
2017.01.03 11:55:02.498,1.44179,1.44193,1.56,1.00
2017.01.03 11:55:02.814,1.4418,1.44196,1.69,1.00
2017.01.03 11:55:02.865,1.44183,1.44196,1.19,1.00
2017.01.03 11:55:02.967,1.44183,1.44198,1.19,1.00
2017.01.03 11:55:03.222,1.44186,1.44199,1.19,1.00
2017.01.03 11:55:03.560,1.44192,1.44204,1.19,1.00
2017.01.03 11:55:03.865,1.44194,1.44206,1.19,1.00
2017.01.03 11:55:03.916,1.44188,1.44203,2.62,1.00
2017.01.03 11:55:04.018,1.44188,1.44201,1.50,1.00
2017.01.03 11:55:04.221,1.44191,1.44207,2.44,1.00
2017.01.03 11:55:04.273,1.44196,1.44206,1.19,1.00
2017.01.03 11:55:04.376,1.44197,1.44208,1.12,1.00
2017.01.03 11:55:04.428,1.44197,1.44209,1.87,1.00
2017.01.03 11:55:04.529,1.44198,1.44211,1.69,1.00
2017.01.03 11:55:04.580,1.44198,1.44213,1.69,1.00
2017.01.03 11:55:05.022,1.44198,1.44211,2.06,1.00
2017.01.03 11:55:05.125,1.44199,1.44214,1.31,1.00
2017.01.03 11:55:05.176,1.44201,1.44213,1.37,1.00
2017.01.03 11:55:05.228,1.44201,1.44215,1.37,1.00
2017.01.03 11:55:05.532,1.44203,1.44212,1.00,1.00
2017.01.03 11:55:05.736,1.44195,1.44207,1.00,1.00
2017.01.03 11:55:05.939,1.44196,1.44209,1.19,1.00
2017.01.03 11:55:06.245,1.44201,1.44214,1.00,1.00
2017.01.03 11:55:06.448,1.44203,1.44214,1.19,1.00
2017.01.03 11:55:06.549,1.44203,1.44216,1.69,1.00
2017.01.03 11:55:06.600,1.44203,1.44219,1.69,1.00
2017.01.03 11:55:07.058,1.44209,1.44221,1.19,1.00
2017.01.03 11:55:07.160,1.44207,1.44225,1.19,1.00
2017.01.03 11:55:07.662,1.44208,1.44226,1.25,1.00
2017.01.03 11:55:07.865,1.44206,1.44224,1.50,1.00
2017.01.03 11:55:08.169,1.44212,1.44227,1.00,1.50
2017.01.03 11:55:08.271,1.44212,1.44229,1.50,1.00
2017.01.03 11:55:08.676,1.44215,1.44232,1.00,1.50
2017.01.03 11:55:08.879,1.44216,1.44234,1.00,1.50
2017.01.03 11:55:09.436,1.44216,1.44235,1.00,1.00
2017.01.03 11:55:09.942,1.44215,1.44235,3.00,1.00
2017.01.03 11:55:11.373,1.44216,1.44235,1.00,1.00
2017.01.03 11:55:11.849,1.44218,1.44234,1.00,1.00
2017.01.03 11:55:11.901,1.44218,1.44236,1.87,1.00
2017.01.03 11:55:12.003,1.44223,1.44237,1.00,1.00
2017.01.03 11:55:12.054,1.44223,1.44239,1.50,1.00
2017.01.03 11:55:12.105,1.44223,1.44241,1.00,1.50
2017.01.03 11:55:12.611,1.44224,1.4424,1.00,1.00
2017.01.03 11:55:12.942,1.4422,1.44236,1.00,1.00
2017.01.03 11:55:12.993,1.44218,1.44236,1.50,1.50
2017.01.03 11:55:13.095,1.44219,1.44236,1.19,1.50
2017.01.03 11:55:13.398,1.44222,1.44238,1.00,1.00
2017.01.03 11:55:13.818,1.4422,1.44238,1.69,1.00
2017.01.03 11:55:13.975,1.44222,1.44239,1.69,1.00
2017.01.03 11:55:14.077,1.44221,1.4424,1.50,1.00
2017.01.03 11:55:14.128,1.44221,1.44238,1.00,1.00
2017.01.03 11:55:14.481,1.4422,1.4424,1.00,1.00
2017.01.03 11:55:14.684,1.4422,1.44237,1.00,1.00
2017.01.03 11:55:14.836,1.44218,1.44236,1.12,1.00
2017.01.03 11:55:15.239,1.44221,1.44237,1.00,1.00
2017.01.03 11:55:15.290,1.44221,1.44239,1.00,1.00
2017.01.03 11:55:15.796,1.44222,1.4424,1.50,1.00
2017.01.03 11:55:16.478,1.4422,1.4424,1.00,1.00
2017.01.03 11:55:16.631,1.44219,1.44237,1.00,1.00
2017.01.03 11:55:17.710,1.44219,1.44238,1.00,1.00
2017.01.03 11:55:18.216,1.44219,1.44239,1.50,1.00
2017.01.03 11:55:22.392,1.44221,1.4424,1.00,1.00
2017.01.03 11:55:22.696,1.44222,1.4424,1.69,1.00
2017.01.03 11:55:25.171,1.44222,1.44242,1.69,1.00
2017.01.03 11:55:25.680,1.44222,1.44241,1.69,1.00
2017.01.03 11:55:26.087,1.44225,1.44243,1.00,1.00
2017.01.03 11:55:26.488,1.44224,1.44241,1.00,1.37
2017.01.03 11:55:26.630,1.44221,1.44238,1.00,1.50
2017.01.03 11:55:27.087,1.44223,1.44239,1.00,1.50
2017.01.03 11:55:27.189,1.44225,1.44242,1.00,1.12
2017.01.03 11:55:27.391,1.44223,1.44239,1.00,1.00
2017.01.03 11:55:27.596,1.44221,1.44239,1.00,1.50
2017.01.03 11:55:27.800,1.44223,1.44239,1.00,1.00
2017.01.03 11:55:28.308,1.44224,1.44239,1.00,1.50
2017.01.03 11:55:28.887,1.44224,1.44242,1.00,2.62
2017.01.03 11:55:31.441,1.44226,1.44242,1.00,1.00
2017.01.03 11:55:31.968,1.44227,1.44243,1.00,1.00
2017.01.03 11:55:32.541,1.44228,1.44243,1.00,1.00
2017.01.03 11:55:32.592,1.44228,1.44247,1.00,2.62
2017.01.03 11:55:33.439,1.44227,1.44246,1.00,1.12
2017.01.03 11:55:35.518,1.4423,1.44248,1.00,1.50
2017.01.03 11:55:35.620,1.4423,1.44248,1.00,1.00
2017.01.03 11:55:35.786,1.44229,1.44246,1.00,1.00
2017.01.03 11:55:36.305,1.4423,1.44246,1.00,1.00
2017.01.03 11:55:36.356,1.44228,1.44246,1.00,1.00
2017.01.03 11:55:36.710,1.44225,1.44245,1.00,1.25
2017.01.03 11:55:38.011,1.44228,1.44245,1.00,2.06
2017.01.03 11:55:38.062,1.44226,1.44245,1.00,1.31
2017.01.03 11:55:40.733,1.44226,1.44244,1.00,1.00
2017.01.03 11:55:41.292,1.44225,1.44244,1.00,1.00
2017.01.03 11:55:42.371,1.44226,1.44244,1.00,1.12
2017.01.03 11:55:46.176,1.44224,1.44243,1.00,1.50
2017.01.03 11:55:47.050,1.44224,1.44242,1.00,1.00
2017.01.03 11:55:47.101,1.44224,1.44239,1.00,1.00
2017.01.03 11:55:47.304,1.44222,1.44239,1.25,1.00
2017.01.03 11:55:47.625,1.44222,1.44242,1.69,2.25
2017.01.03 11:55:47.676,1.44224,1.44242,1.00,2.25
2017.01.03 11:55:47.983,1.44224,1.4424,1.00,1.00
2017.01.03 11:55:48.602,1.44224,1.44242,1.00,1.50
2017.01.03 11:55:48.653,1.44224,1.4424,1.00,1.00
2017.01.03 11:55:48.805,1.44222,1.4424,1.69,1.00
2017.01.03 11:55:49.240,1.44224,1.4424,1.00,1.00
2017.01.03 11:55:49.461,1.44224,1.44243,1.69,1.00
2017.01.03 11:55:50.009,1.44224,1.44242,1.69,1.00
2017.01.03 11:55:50.553,1.44225,1.44241,1.50,1.00
2017.01.03 11:55:51.025,1.44228,1.44247,1.00,1.87
2017.01.03 11:55:51.076,1.4423,1.44247,1.00,1.00
2017.01.03 11:55:51.229,1.44231,1.4425,1.00,2.25
2017.01.03 11:55:51.539,1.4423,1.44248,1.00,1.00
2017.01.03 11:55:52.080,1.44229,1.44247,1.50,1.69
2017.01.03 11:55:52.385,1.44223,1.44239,1.00,1.00
2017.01.03 11:55:52.538,1.44221,1.44239,1.50,1.50
2017.01.03 11:55:53.791,1.44224,1.44242,1.00,3.37
2017.01.03 11:55:54.045,1.4423,1.44249,1.00,3.19
2017.01.03 11:55:54.096,1.44228,1.44246,1.12,1.00
2017.01.03 11:55:54.248,1.44225,1.44245,1.00,2.44
2017.01.03 11:55:54.754,1.44225,1.44243,1.00,1.00
2017.01.03 11:55:55.346,1.44226,1.44243,1.00,1.00
2017.01.03 11:55:56.123,1.44226,1.44244,1.00,1.25
2017.01.03 11:55:56.391,1.44227,1.44246,1.00,1.50
2017.01.03 11:55:56.595,1.4423,1.44248,1.00,2.81
2017.01.03 11:55:56.930,1.44233,1.4425,1.00,1.12
2017.01.03 11:55:57.458,1.44234,1.4425,1.00,1.00
2017.01.03 11:55:57.663,1.4423,1.44248,1.50,1.69
2017.01.03 11:55:58.017,1.44233,1.4425,1.00,1.00
2017.01.03 11:55:58.169,1.44233,1.44252,1.00,1.00
2017.01.03 11:55:58.220,1.44236,1.44253,1.00,1.00
2017.01.03 11:55:58.762,1.44236,1.44256,1.00,5.06
2017.01.03 11:55:59.153,1.44231,1.4425,1.00,1.69
2017.01.03 11:55:59.457,1.44231,1.44248,1.00,1.19
2017.01.03 11:55:59.609,1.44231,1.44249,1.00,1.50
2017.01.03 11:55:59.812,1.44228,1.44246,1.00,1.00
2017.01.03 11:55:59.863,1.44225,1.44246,2.25,4.31
2017.01.03 11:55:59.932,1.44222,1.44239,2.62,1.00
2017.01.03 11:56:00.034,1.44221,1.44238,1.00,1.00
2017.01.03 11:56:00.086,1.44221,1.44235,1.00,1.00
2017.01.03 11:56:00.271,1.44219,1.44236,1.00,1.25
2017.01.03 11:56:00.726,1.44216,1.44236,1.00,1.00
2017.01.03 11:56:00.828,1.4422,1.44236,1.00,1.00
2017.01.03 11:56:01.235,1.4422,1.4424,1.00,1.00
2017.01.03 11:56:01.286,1.44219,1.44237,1.50,1.00
2017.01.03 11:56:01.438,1.4422,1.44239,1.00,1.00
2017.01.03 11:56:02.292,1.4422,1.44237,1.00,1.00
2017.01.03 11:56:02.502,1.44218,1.44237,1.00,1.00
2017.01.03 11:56:03.009,1.44219,1.44237,1.00,1.50
2017.01.03 11:56:03.707,1.44218,1.44237,1.00,2.25
2017.01.03 11:56:05.011,1.44221,1.44237,1.00,1.00
2017.01.03 11:56:05.214,1.44219,1.44237,1.00,1.00
2017.01.03 11:56:05.315,1.44221,1.44237,1.00,1.00
2017.01.03 11:56:06.124,1.44218,1.44237,1.69,1.50
2017.01.03 11:56:08.279,1.44218,1.44236,1.25,1.00
2017.01.03 11:56:10.602,1.4422,1.44237,1.00,1.50
2017.01.03 11:56:11.152,1.44219,1.44238,1.25,1.00
2017.01.03 11:56:11.681,1.44217,1.44237,2.81,1.00
2017.01.03 11:56:12.777,1.44218,1.44235,1.00,1.00
2017.01.03 11:56:12.880,1.44216,1.44235,2.25,1.00
2017.01.03 11:56:12.982,1.44216,1.44232,2.25,1.00
2017.01.03 11:56:13.300,1.44211,1.44227,2.44,1.00
2017.01.03 11:56:14.260,1.44211,1.44224,1.19,1.00
2017.01.03 11:56:14.413,1.44206,1.44224,1.87,1.00
2017.01.03 11:56:14.683,1.44208,1.44224,1.00,1.00
2017.01.03 11:56:14.734,1.44207,1.44221,1.50,1.00
2017.01.03 11:56:14.836,1.44204,1.44219,1.19,1.00
2017.01.03 11:56:15.134,1.44205,1.44221,1.69,1.00
2017.01.03 11:56:15.185,1.44205,1.44223,1.69,1.00
2017.01.03 11:56:15.691,1.44208,1.44224,1.00,1.00
2017.01.03 11:56:16.221,1.44207,1.44224,1.25,1.00
2017.01.03 11:56:16.424,1.44207,1.44222,1.25,1.00
2017.01.03 11:56:16.836,1.44207,1.44225,1.25,1.00
2017.01.03 11:56:17.395,1.44207,1.44224,1.25,1.00
2017.01.03 11:56:17.906,1.44207,1.44225,1.69,1.00
2017.01.03 11:56:18.440,1.44208,1.44226,1.12,1.00
2017.01.03 11:56:19.124,1.44208,1.44226,1.37,1.00
2017.01.03 11:56:19.377,1.44211,1.44228,1.00,1.50
2017.01.03 11:56:19.708,1.44213,1.44228,1.00,1.00
2017.01.03 11:56:20.611,1.44213,1.44229,1.00,1.50
2017.01.03 11:56:22.208,1.44211,1.44226,2.25,1.00
2017.01.03 11:56:22.343,1.44211,1.44228,2.25,1.00
2017.01.03 11:56:24.379,1.44211,1.44226,2.25,1.00
2017.01.03 11:56:25.074,1.44211,1.44226,1.50,1.00
2017.01.03 11:56:25.277,1.4421,1.44229,1.50,1.00
2017.01.03 11:56:25.379,1.4421,1.44229,1.50,1.87
2017.01.03 11:56:25.481,1.44208,1.44227,1.25,1.12
2017.01.03 11:56:25.989,1.44208,1.44226,1.25,1.00
2017.01.03 11:56:30.413,1.44208,1.44228,1.50,1.00
2017.01.03 11:56:30.464,1.44211,1.4423,1.19,3.00
2017.01.03 11:56:30.616,1.44211,1.44232,1.00,1.00
2017.01.03 11:56:30.667,1.44213,1.44231,1.00,1.00
2017.01.03 11:56:30.769,1.4421,1.4423,1.25,1.00
2017.01.03 11:56:30.871,1.4421,1.44228,1.00,1.00
2017.01.03 11:56:31.383,1.44206,1.4422,2.44,1.00
2017.01.03 11:56:31.909,1.44206,1.44221,1.19,1.00
2017.01.03 11:56:32.661,1.44205,1.44221,1.00,1.00
2017.01.03 11:56:34.526,1.44206,1.44221,1.00,1.00
2017.01.03 11:56:35.076,1.44208,1.44221,1.00,1.00
2017.01.03 11:56:35.178,1.44206,1.4422,1.12,1.00
2017.01.03 11:56:35.994,1.44206,1.44219,1.12,1.00
2017.01.03 11:56:36.512,1.44203,1.4422,1.87,1.00
2017.01.03 11:56:36.614,1.44203,1.44218,1.50,1.00
2017.01.03 11:56:36.918,1.442,1.44216,1.12,1.00
2017.01.03 11:56:36.969,1.44198,1.44214,5.25,1.00
2017.01.03 11:56:38.452,1.44201,1.44214,1.50,1.00
2017.01.03 11:56:40.556,1.44201,1.44215,1.50,1.00
2017.01.03 11:56:40.860,1.44191,1.44209,1.00,1.87
2017.01.03 11:56:40.962,1.44193,1.44208,1.00,1.00
2017.01.03 11:56:41.175,1.4419,1.44206,1.00,1.00
2017.01.03 11:56:41.226,1.44188,1.44208,1.00,1.87
2017.01.03 11:56:41.277,1.44187,1.44203,1.50,1.00
2017.01.03 11:56:41.328,1.44189,1.44206,1.50,1.00
2017.01.03 11:56:41.380,1.44192,1.44206,1.00,1.00
2017.01.03 11:56:41.432,1.44194,1.44209,1.50,1.50
2017.01.03 11:56:41.483,1.44197,1.44213,1.00,1.00
2017.01.03 11:56:41.585,1.44197,1.44215,1.00,1.69
2017.01.03 11:56:41.636,1.44195,1.44212,1.87,1.69
2017.01.03 11:56:41.687,1.44193,1.44212,1.50,1.25
2017.01.03 11:56:41.840,1.4419,1.4421,1.87,1.00
2017.01.03 11:56:42.093,1.44189,1.44209,2.62,1.50
2017.01.03 11:56:42.603,1.44189,1.44208,2.25,1.50
2017.01.03 11:56:43.026,1.44191,1.44208,1.00,1.00
2017.01.03 11:56:43.619,1.44191,1.44209,1.50,1.50
2017.01.03 11:56:44.095,1.44189,1.44209,2.25,1.00
2017.01.03 11:56:44.298,1.4419,1.44207,1.00,1.00
2017.01.03 11:56:44.754,1.44188,1.44206,1.00,1.50
2017.01.03 11:56:45.191,1.44186,1.44203,1.87,1.00
2017.01.03 11:56:45.344,1.44184,1.44202,1.50,1.00
2017.01.03 11:56:45.884,1.44182,1.44202,1.50,2.25
2017.01.03 11:56:45.985,1.44182,1.442,1.50,1.00
2017.01.03 11:56:46.511,1.44181,1.44201,1.00,1.50
2017.01.03 11:56:48.319,1.44184,1.44202,1.19,1.00
2017.01.03 11:56:48.422,1.44183,1.44203,1.00,4.50
2017.01.03 11:56:48.472,1.44183,1.44201,1.00,1.00
2017.01.03 11:56:48.856,1.44182,1.44199,1.31,1.00
2017.01.03 11:56:49.377,1.44182,1.442,1.31,1.00
2017.01.03 11:56:49.943,1.44182,1.44199,1.31,1.00
2017.01.03 11:56:50.431,1.4418,1.442,2.25,2.25
2017.01.03 11:56:51.601,1.44182,1.442,1.00,1.50
2017.01.03 11:56:52.134,1.44181,1.442,1.00,1.00
2017.01.03 11:56:52.667,1.44181,1.44201,2.25,1.69
2017.01.03 11:56:52.981,1.44185,1.44203,1.12,1.19
2017.01.03 11:56:53.302,1.44176,1.44195,1.00,1.00
2017.01.03 11:56:53.353,1.44175,1.44192,3.75,1.00
2017.01.03 11:56:53.556,1.44172,1.44191,3.00,1.00
2017.01.03 11:56:53.658,1.44174,1.44193,1.00,1.50
2017.01.03 11:56:53.863,1.44175,1.44195,1.12,1.50
2017.01.03 11:56:53.914,1.44175,1.44193,1.87,1.00
2017.01.03 11:56:54.269,1.44174,1.44191,1.87,1.00
2017.01.03 11:56:55.009,1.44175,1.44192,1.00,1.00
2017.01.03 11:56:55.111,1.44176,1.44194,1.00,1.00
2017.01.03 11:56:55.730,1.44176,1.44196,1.00,1.50
2017.01.03 11:56:55.781,1.44178,1.44196,1.00,1.00
2017.01.03 11:56:56.087,1.44178,1.44194,1.12,1.19
2017.01.03 11:56:56.138,1.44176,1.44194,1.50,1.19
2017.01.03 11:56:56.682,1.44175,1.44193,1.50,1.25
2017.01.03 11:56:57.087,1.44173,1.4419,1.00,1.00
2017.01.03 11:56:57.189,1.44173,1.44192,1.00,1.50
2017.01.03 11:56:57.771,1.44172,1.44192,2.25,1.00
2017.01.03 11:56:58.231,1.44172,1.4419,1.87,1.00
2017.01.03 11:56:58.484,1.44176,1.44195,1.00,2.25
2017.01.03 11:56:58.587,1.44176,1.44193,2.25,1.00
2017.01.03 11:56:58.739,1.44176,1.44194,1.00,1.50
2017.01.03 11:56:59.258,1.44176,1.44195,1.00,1.50
2017.01.03 11:56:59.718,1.44175,1.44192,1.00,1.00
2017.01.03 11:57:00.315,1.44175,1.44193,1.50,1.00
2017.01.03 11:57:01.032,1.44175,1.44193,1.00,2.44
2017.01.03 11:57:01.403,1.44173,1.44191,1.87,1.00
2017.01.03 11:57:01.760,1.44174,1.44193,1.00,1.50
2017.01.03 11:57:01.954,1.44173,1.44191,1.00,1.00
2017.01.03 11:57:02.623,1.44174,1.44192,1.00,1.00
2017.01.03 11:57:02.674,1.44172,1.44193,2.25,2.25
2017.01.03 11:57:02.725,1.44174,1.44193,1.00,1.50
2017.01.03 11:57:03.029,1.44174,1.44192,1.00,1.69
2017.01.03 11:57:03.848,1.44172,1.44189,1.00,1.00
2017.01.03 11:57:04.001,1.4417,1.44188,1.00,1.50
2017.01.03 11:57:04.103,1.4417,1.44188,1.87,1.50
2017.01.03 11:57:04.205,1.4417,1.4419,1.87,1.50
2017.01.03 11:57:04.408,1.4417,1.4419,1.00,1.50
2017.01.03 11:57:06.558,1.44174,1.44192,1.00,1.00
2017.01.03 11:57:06.710,1.44172,1.44192,1.50,1.25
2017.01.03 11:57:07.244,1.44173,1.44193,1.00,3.19
2017.01.03 11:57:07.303,1.44175,1.44193,1.00,2.44
2017.01.03 11:57:08.263,1.44174,1.44192,1.00,1.69
2017.01.03 11:57:08.567,1.44168,1.44185,1.37,1.19
2017.01.03 11:57:08.619,1.44168,1.44185,1.00,1.19
2017.01.03 11:57:08.670,1.44168,1.44186,1.00,2.25
2017.01.03 11:57:08.721,1.44167,1.44186,1.12,3.19
2017.01.03 11:57:08.823,1.44166,1.44183,1.12,1.00
2017.01.03 11:57:09.360,1.44165,1.44183,1.00,1.00
2017.01.03 11:57:09.861,1.44167,1.44183,1.00,1.00
2017.01.03 11:57:10.906,1.44167,1.4418,1.00,1.00
2017.01.03 11:57:12.962,1.44167,1.44183,1.00,1.12
2017.01.03 11:57:13.491,1.44168,1.44184,1.00,1.00
2017.01.03 11:57:14.019,1.44167,1.44184,1.00,1.00
2017.01.03 11:57:14.845,1.44167,1.44184,1.00,1.37
2017.01.03 11:57:15.199,1.44167,1.44181,1.00,1.00
2017.01.03 11:57:16.029,1.44168,1.44181,1.00,1.00
2017.01.03 11:57:16.638,1.44168,1.44183,1.00,1.00
2017.01.03 11:57:16.689,1.4417,1.44186,1.00,1.19
2017.01.03 11:57:16.791,1.44172,1.44188,1.00,1.00
2017.01.03 11:57:16.994,1.44173,1.4419,1.00,1.50
2017.01.03 11:57:17.046,1.44176,1.44191,1.00,1.69
2017.01.03 11:57:17.802,1.44176,1.4419,1.00,1.00
2017.01.03 11:57:17.956,1.44178,1.44194,1.00,1.00
2017.01.03 11:57:18.006,1.44181,1.44196,1.00,1.50
2017.01.03 11:57:18.311,1.44183,1.44196,1.00,1.50
2017.01.03 11:57:21.783,1.44183,1.44197,1.00,1.00
2017.01.03 11:57:22.137,1.44186,1.44197,1.00,1.00
2017.01.03 11:57:22.188,1.44186,1.44204,1.00,1.87
2017.01.03 11:57:22.290,1.44188,1.44204,1.00,1.12
2017.01.03 11:57:22.695,1.44186,1.44204,1.00,1.00
2017.01.03 11:57:22.847,1.44186,1.44206,1.00,1.50
2017.01.03 11:57:22.999,1.44188,1.44206,1.00,1.00
2017.01.03 11:57:23.303,1.4419,1.44208,1.69,1.00
2017.01.03 11:57:23.543,1.44191,1.44211,1.50,1.50
2017.01.03 11:57:23.594,1.44191,1.44209,1.00,1.00
2017.01.03 11:57:24.392,1.44192,1.44209,1.00,1.00
2017.01.03 11:57:26.083,1.4419,1.44209,2.44,1.00
2017.01.03 11:57:28.100,1.4419,1.4421,1.50,1.00
2017.01.03 11:57:29.628,1.44194,1.4421,1.00,1.00
2017.01.03 11:57:29.932,1.44195,1.44212,1.00,1.00
2017.01.03 11:57:29.983,1.44199,1.44214,1.00,1.00
2017.01.03 11:57:30.085,1.44197,1.44215,1.00,2.44
2017.01.03 11:57:30.136,1.44198,1.44216,1.00,1.12
2017.01.03 11:57:31.339,1.44198,1.44217,1.00,1.25
2017.01.03 11:57:31.847,1.44199,1.44218,1.00,3.19
2017.01.03 11:57:32.311,1.44201,1.44219,1.00,1.87
2017.01.03 11:57:32.661,1.44205,1.4422,1.00,1.00
2017.01.03 11:57:33.179,1.44205,1.44222,1.00,1.69
2017.01.03 11:57:34.685,1.44203,1.44221,1.00,1.25
2017.01.03 11:57:34.837,1.44202,1.44218,1.00,1.00
2017.01.03 11:57:34.968,1.44202,1.4422,1.00,1.50
2017.01.03 11:57:35.531,1.44203,1.4422,1.00,1.00
2017.01.03 11:57:37.127,1.442,1.44218,1.00,1.00
2017.01.03 11:57:39.391,1.44202,1.4422,1.00,1.50
2017.01.03 11:57:39.543,1.44199,1.44219,1.87,1.00
2017.01.03 11:57:40.155,1.44198,1.44217,1.50,1.69
2017.01.03 11:57:40.682,1.44199,1.44217,1.00,1.00
2017.01.03 11:57:40.733,1.44198,1.44219,1.87,1.25
2017.01.03 11:57:40.784,1.44201,1.44219,1.00,1.25
2017.01.03 11:57:40.836,1.44199,1.44218,1.00,1.00
2017.01.03 11:57:41.359,1.44201,1.44219,1.00,1.25
2017.01.03 11:57:41.612,1.44204,1.44223,1.50,1.69
2017.01.03 11:57:41.664,1.44207,1.44225,1.00,2.25
2017.01.03 11:57:42.183,1.44208,1.44226,1.00,2.25
2017.01.03 11:57:42.730,1.44209,1.44226,1.00,1.00
2017.01.03 11:57:43.781,1.44208,1.44223,1.00,1.00
2017.01.03 11:57:43.998,1.44204,1.44222,1.00,1.00
2017.01.03 11:57:44.261,1.44202,1.44221,1.00,2.62
2017.01.03 11:57:44.413,1.44204,1.44218,1.00,1.00
2017.01.03 11:57:44.819,1.44202,1.44218,1.00,1.00
2017.01.03 11:57:46.224,1.44207,1.44218,1.00,1.00
2017.01.03 11:57:46.326,1.4421,1.44224,1.00,1.00
2017.01.03 11:57:46.478,1.4421,1.44228,1.00,1.69
2017.01.03 11:57:46.782,1.44211,1.4423,1.00,3.19
2017.01.03 11:57:46.833,1.44213,1.4423,1.00,3.19
2017.01.03 11:57:47.300,1.44211,1.4423,1.00,3.19
2017.01.03 11:57:47.352,1.44211,1.44228,1.00,1.19
2017.01.03 11:57:47.875,1.4421,1.44228,1.00,2.06
2017.01.03 11:57:49.099,1.44209,1.44228,1.00,2.81
2017.01.03 11:57:49.640,1.4421,1.44228,1.00,1.69
2017.01.03 11:57:52.200,1.44207,1.44224,1.00,1.00
2017.01.03 11:57:52.386,1.44204,1.4422,1.87,1.00
2017.01.03 11:57:52.698,1.44197,1.44211,1.00,1.00
2017.01.03 11:57:52.775,1.44194,1.44211,2.44,1.00
2017.01.03 11:57:52.927,1.44194,1.44209,2.81,1.00
2017.01.03 11:57:53.444,1.44194,1.44209,2.44,1.00
2017.01.03 11:57:53.952,1.44194,1.4421,1.69,1.00
2017.01.03 11:57:54.464,1.44194,1.44209,1.69,1.00
2017.01.03 11:57:54.774,1.44198,1.44212,1.00,1.00
2017.01.03 11:57:54.876,1.442,1.44216,1.00,1.00
2017.01.03 11:57:55.129,1.44196,1.44213,1.87,1.00
2017.01.03 11:57:55.654,1.44195,1.44212,2.44,1.00
2017.01.03 11:57:55.920,1.44197,1.44213,1.00,1.00
2017.01.03 11:57:56.448,1.44197,1.44213,1.87,1.00
2017.01.03 11:57:57.111,1.44199,1.44215,1.00,1.00
2017.01.03 11:57:57.318,1.442,1.44217,1.00,1.00
2017.01.03 11:57:57.878,1.44201,1.44217,1.50,1.00
2017.01.03 11:57:58.460,1.442,1.44214,1.00,1.00
2017.01.03 11:57:58.511,1.44197,1.44214,1.87,1.00
2017.01.03 11:57:58.713,1.44196,1.44213,1.00,1.00
2017.01.03 11:57:58.815,1.44194,1.44213,1.50,1.00
2017.01.03 11:57:59.068,1.44194,1.4421,1.50,1.00
2017.01.03 11:57:59.372,1.44193,1.44207,1.00,1.00
2017.01.03 11:57:59.627,1.44193,1.44209,1.37,1.00
2017.01.03 11:57:59.830,1.44191,1.44207,1.50,1.00
2017.01.03 11:58:00.135,1.44189,1.44204,1.37,1.00
2017.01.03 11:58:00.337,1.44189,1.44206,1.37,1.00
2017.01.03 11:58:00.440,1.44188,1.44206,1.00,1.00
2017.01.03 11:58:00.491,1.44188,1.44204,1.00,1.00
2017.01.03 11:58:02.378,1.44186,1.44204,2.25,1.00
2017.01.03 11:58:02.429,1.44189,1.44204,1.00,1.00
2017.01.03 11:58:03.053,1.44188,1.44204,1.00,1.00
2017.01.03 11:58:03.565,1.44188,1.44203,1.00,1.00
2017.01.03 11:58:03.860,1.44185,1.44201,1.50,1.00
2017.01.03 11:58:04.368,1.44186,1.44201,1.00,1.00
2017.01.03 11:58:04.781,1.44184,1.442,1.00,1.00
2017.01.03 11:58:04.883,1.44183,1.44197,1.25,1.00
2017.01.03 11:58:05.035,1.44184,1.44199,1.00,1.00
2017.01.03 11:58:05.149,1.44184,1.44201,1.50,1.00
2017.01.03 11:58:05.803,1.44184,1.442,1.87,1.00
2017.01.03 11:58:05.855,1.44185,1.44202,1.00,1.00
2017.01.03 11:58:05.956,1.44185,1.442,1.00,1.00
2017.01.03 11:58:06.465,1.44185,1.44201,1.00,1.00
2017.01.03 11:58:06.978,1.44184,1.44201,2.81,1.00
2017.01.03 11:58:07.080,1.44184,1.44203,2.81,1.00
2017.01.03 11:58:07.615,1.44185,1.44203,1.00,1.00
2017.01.03 11:58:07.839,1.44184,1.44201,1.69,1.00
2017.01.03 11:58:08.344,1.44185,1.44201,1.00,1.00
2017.01.03 11:58:08.879,1.44185,1.44202,1.00,1.00
2017.01.03 11:58:09.080,1.44185,1.44204,1.00,1.00
2017.01.03 11:58:09.700,1.44186,1.44204,1.00,1.00
2017.01.03 11:58:10.268,1.44188,1.44204,1.00,1.00
2017.01.03 11:58:10.612,1.44191,1.44207,1.00,1.00
2017.01.03 11:58:10.713,1.44189,1.44206,1.12,1.00
2017.01.03 11:58:11.219,1.44189,1.44207,1.50,1.00
2017.01.03 11:58:11.821,1.44191,1.4421,1.87,1.00
2017.01.03 11:58:11.872,1.44193,1.44211,1.50,1.00
2017.01.03 11:58:12.362,1.44191,1.44209,1.50,1.00
2017.01.03 11:58:12.870,1.44189,1.44209,2.62,1.00
2017.01.03 11:58:12.921,1.44189,1.44207,1.87,1.00
2017.01.03 11:58:13.529,1.44189,1.44204,1.12,1.00
2017.01.03 11:58:13.631,1.44184,1.442,2.25,1.00
2017.01.03 11:58:13.784,1.4418,1.44198,3.37,1.00
2017.01.03 11:58:14.024,1.44181,1.44201,1.50,1.00
2017.01.03 11:58:14.128,1.44185,1.44202,1.00,1.00
2017.01.03 11:58:14.432,1.44183,1.442,1.50,1.00
2017.01.03 11:58:14.585,1.4418,1.44198,1.87,1.00
2017.01.03 11:58:14.737,1.44179,1.44196,1.00,1.00
2017.01.03 11:58:15.041,1.44174,1.44188,1.50,1.00
2017.01.03 11:58:15.735,1.44175,1.44194,1.00,1.87
2017.01.03 11:58:15.836,1.44175,1.44192,1.00,1.00
2017.01.03 11:58:16.845,1.44175,1.44191,1.00,1.00
2017.01.03 11:58:17.972,1.44174,1.44191,1.00,1.00
2017.01.03 11:58:18.318,1.44176,1.44192,1.00,1.00
2017.01.03 11:58:18.928,1.44173,1.44188,1.00,1.19
2017.01.03 11:58:19.131,1.44164,1.44181,1.00,1.31
2017.01.03 11:58:19.232,1.44162,1.44179,1.00,1.37
2017.01.03 11:58:19.334,1.44161,1.4418,1.12,1.00
2017.01.03 11:58:19.637,1.44161,1.44178,1.50,1.00
2017.01.03 11:58:19.978,1.44163,1.44181,1.50,1.00
2017.01.03 11:58:20.233,1.44168,1.44187,1.50,1.50
2017.01.03 11:58:20.486,1.4417,1.44187,1.25,1.00
2017.01.03 11:58:20.638,1.44172,1.4419,1.00,1.50
2017.01.03 11:58:20.740,1.44174,1.4419,1.00,1.00
2017.01.03 11:58:21.247,1.44174,1.44191,1.00,1.00
2017.01.03 11:58:21.709,1.4417,1.44188,1.87,1.00
2017.01.03 11:58:21.760,1.4417,1.44187,1.00,1.00
2017.01.03 11:58:21.861,1.44173,1.44188,1.00,1.19
2017.01.03 11:58:21.963,1.4417,1.44185,1.00,1.19
2017.01.03 11:58:22.854,1.44169,1.44185,1.00,1.19
2017.01.03 11:58:23.394,1.44168,1.44185,1.00,1.19
2017.01.03 11:58:23.681,1.44169,1.44186,1.00,1.00
2017.01.03 11:58:23.834,1.44171,1.44188,1.00,1.69
2017.01.03 11:58:23.936,1.44171,1.4419,1.00,2.44
2017.01.03 11:58:24.038,1.44173,1.4419,1.00,1.25
2017.01.03 11:58:25.070,1.4417,1.44187,1.00,1.00
2017.01.03 11:58:25.223,1.44168,1.44187,1.00,1.00
2017.01.03 11:58:25.806,1.44168,1.44186,1.50,1.00
2017.01.03 11:58:27.111,1.44168,1.44187,1.00,1.00
2017.01.03 11:58:27.867,1.44168,1.44186,1.00,1.00
2017.01.03 11:58:28.061,1.4417,1.44189,1.00,1.00
2017.01.03 11:58:28.417,1.44172,1.44189,1.00,1.00
2017.01.03 11:58:28.784,1.44175,1.44192,1.00,1.19
2017.01.03 11:58:29.088,1.44177,1.44192,1.00,1.19
2017.01.03 11:58:29.139,1.44175,1.44192,1.00,1.19
2017.01.03 11:58:30.607,1.44173,1.44192,1.00,1.69
2017.01.03 11:58:31.141,1.44173,1.4419,1.00,1.00
2017.01.03 11:58:31.854,1.44173,1.44192,1.00,1.19
2017.01.03 11:58:31.995,1.44175,1.44192,1.00,1.31
2017.01.03 11:58:32.257,1.44172,1.4419,1.00,1.00
2017.01.03 11:58:33.579,1.44171,1.4419,1.00,1.00
2017.01.03 11:58:34.027,1.44173,1.4419,1.00,1.00
2017.01.03 11:58:36.651,1.44176,1.44194,1.00,2.25
2017.01.03 11:58:36.906,1.44176,1.44194,1.00,1.00
2017.01.03 11:58:36.957,1.44179,1.44194,1.00,1.00
2017.01.03 11:58:37.059,1.44177,1.44193,1.50,1.00
2017.01.03 11:58:37.577,1.44177,1.44194,1.50,1.00
2017.01.03 11:58:38.082,1.44176,1.44193,1.00,1.00
2017.01.03 11:58:39.472,1.44176,1.44194,1.00,1.00
2017.01.03 11:58:40.321,1.44177,1.44194,1.00,1.00
2017.01.03 11:58:41.840,1.44174,1.44191,1.50,1.25
2017.01.03 11:58:42.156,1.44172,1.44185,1.00,1.00
2017.01.03 11:58:42.207,1.44169,1.44185,1.00,1.00
2017.01.03 11:58:42.259,1.44169,1.44189,1.00,1.50
2017.01.03 11:58:42.361,1.4417,1.44186,1.00,1.50
2017.01.03 11:58:42.515,1.44167,1.44185,1.37,1.00
2017.01.03 11:58:42.566,1.44165,1.44185,1.00,1.50
2017.01.03 11:58:42.617,1.44164,1.44183,1.87,1.50
2017.01.03 11:58:43.275,1.44163,1.44182,1.00,1.50
2017.01.03 11:58:43.783,1.44164,1.44181,1.12,1.00
2017.01.03 11:58:43.936,1.44163,1.44183,1.37,2.62
2017.01.03 11:58:44.630,1.44163,1.4417,1.00,1.19
2017.01.03 11:58:44.822,1.44155,1.44171,1.87,1.50
2017.01.03 11:58:44.873,1.44157,1.44172,1.00,1.25
2017.01.03 11:58:44.974,1.44154,1.44171,1.00,1.00
2017.01.03 11:58:45.076,1.44157,1.44174,1.00,1.87
2017.01.03 11:58:45.329,1.44166,1.44183,1.00,1.00
2017.01.03 11:58:45.858,1.44166,1.44185,1.00,1.19
2017.01.03 11:58:46.111,1.4417,1.44184,1.00,1.00
2017.01.03 11:58:46.255,1.4417,1.44189,1.00,1.87
2017.01.03 11:58:46.356,1.44168,1.44183,1.00,1.00
2017.01.03 11:58:46.407,1.44165,1.44183,1.87,1.50
2017.01.03 11:58:46.458,1.44169,1.44183,1.00,1.00
2017.01.03 11:58:47.271,1.44169,1.44185,1.00,1.00
2017.01.03 11:58:47.778,1.44166,1.44185,1.12,1.00
2017.01.03 11:58:47.909,1.44166,1.44183,1.00,1.00
2017.01.03 11:58:47.960,1.44163,1.44181,2.25,1.00
2017.01.03 11:58:48.547,1.44162,1.44181,1.50,1.50
2017.01.03 11:58:48.749,1.4416,1.44176,1.50,1.25
2017.01.03 11:58:49.003,1.44152,1.44168,1.00,1.00
2017.01.03 11:58:49.366,1.4415,1.44165,2.25,1.00
2017.01.03 11:58:49.614,1.44148,1.44168,1.87,1.00
2017.01.03 11:58:50.113,1.44153,1.44169,1.00,1.00
2017.01.03 11:58:50.266,1.44154,1.44171,1.12,1.00
2017.01.03 11:58:50.774,1.44154,1.44173,1.12,1.19
2017.01.03 11:58:50.927,1.44156,1.44173,1.00,1.19
2017.01.03 11:58:51.431,1.44155,1.44173,1.00,1.19
2017.01.03 11:58:53.647,1.44157,1.44173,1.00,1.19
2017.01.03 11:58:53.897,1.44157,1.44174,1.00,1.00
2017.01.03 11:58:55.001,1.44161,1.44175,1.00,1.00
2017.01.03 11:58:55.052,1.4416,1.44179,1.00,1.69
2017.01.03 11:58:55.103,1.44166,1.44179,1.00,1.00
2017.01.03 11:58:55.205,1.44167,1.44186,1.00,1.19
2017.01.03 11:58:55.268,1.4417,1.44186,1.00,1.69
2017.01.03 11:58:55.320,1.44167,1.44185,1.12,1.19
2017.01.03 11:58:55.371,1.44169,1.44183,1.00,1.25
2017.01.03 11:58:55.665,1.44167,1.44182,1.00,1.00
2017.01.03 11:58:56.403,1.44164,1.44182,1.87,1.00
2017.01.03 11:58:56.453,1.44164,1.4418,1.50,1.00
2017.01.03 11:58:56.758,1.44163,1.44178,1.00,1.00
2017.01.03 11:58:57.299,1.44164,1.44179,1.00,1.25
2017.01.03 11:58:57.501,1.44171,1.44188,1.87,1.00
2017.01.03 11:58:57.552,1.44174,1.4419,1.00,1.37
2017.01.03 11:58:58.013,1.44175,1.44192,1.00,1.25
2017.01.03 11:58:58.115,1.44177,1.44193,1.00,1.19
2017.01.03 11:58:58.955,1.44175,1.44193,1.12,1.19
2017.01.03 11:59:00.763,1.44176,1.44194,1.00,1.19
2017.01.03 11:59:01.043,1.44178,1.44194,1.00,1.19
2017.01.03 11:59:01.946,1.44179,1.44194,1.00,1.19
2017.01.03 11:59:02.200,1.44175,1.44193,2.25,1.69
2017.01.03 11:59:02.302,1.44181,1.44196,1.00,1.00
2017.01.03 11:59:02.555,1.44188,1.44204,1.00,1.25
2017.01.03 11:59:02.606,1.44187,1.44201,1.00,1.19
2017.01.03 11:59:02.950,1.44187,1.44204,1.00,1.12
2017.01.03 11:59:03.471,1.44187,1.44203,1.00,1.00
2017.01.03 11:59:03.522,1.44189,1.44205,1.00,1.00
2017.01.03 11:59:03.675,1.44189,1.44207,1.50,1.25
2017.01.03 11:59:03.777,1.44191,1.44207,1.00,1.25
2017.01.03 11:59:04.087,1.44197,1.44212,1.00,2.62
2017.01.03 11:59:04.190,1.44196,1.44212,1.50,1.00
2017.01.03 11:59:04.393,1.44198,1.44212,1.00,1.00
2017.01.03 11:59:04.597,1.44196,1.44213,1.00,1.00
2017.01.03 11:59:04.648,1.44192,1.4421,1.00,1.00
2017.01.03 11:59:04.802,1.4419,1.44206,1.00,1.50
2017.01.03 11:59:05.242,1.44187,1.44202,1.00,1.00
2017.01.03 11:59:05.576,1.44182,1.44198,1.19,2.25
2017.01.03 11:59:06.083,1.44182,1.44195,1.19,1.00
2017.01.03 11:59:06.235,1.44182,1.44198,1.19,1.00
2017.01.03 11:59:06.286,1.44182,1.44196,1.19,1.00
2017.01.03 11:59:06.337,1.44179,1.44196,1.00,1.00
2017.01.03 11:59:06.389,1.44177,1.44193,3.56,1.00
2017.01.03 11:59:06.726,1.44193,1.4421,1.00,1.00
2017.01.03 11:59:06.928,1.44191,1.44209,1.50,1.50
2017.01.03 11:59:07.334,1.44195,1.4421,1.69,1.00
2017.01.03 11:59:07.436,1.44199,1.44215,1.00,1.00
2017.01.03 11:59:07.541,1.44196,1.44212,1.50,1.00
2017.01.03 11:59:07.884,1.44194,1.44209,1.69,1.00
2017.01.03 11:59:07.986,1.44192,1.44209,1.12,1.50
2017.01.03 11:59:08.039,1.44192,1.44206,1.12,1.00
2017.01.03 11:59:08.090,1.44193,1.44209,1.00,1.00
2017.01.03 11:59:08.143,1.44193,1.44211,1.00,1.00
2017.01.03 11:59:08.194,1.44195,1.44213,1.00,1.50
2017.01.03 11:59:08.707,1.44196,1.44212,1.00,1.50
2017.01.03 11:59:09.116,1.44194,1.44211,1.00,1.00
2017.01.03 11:59:09.655,1.44192,1.4421,1.50,1.00
2017.01.03 11:59:11.100,1.44191,1.44207,1.12,1.00
2017.01.03 11:59:11.613,1.4419,1.44206,2.44,1.00
2017.01.03 11:59:12.123,1.44189,1.44205,1.25,1.00
2017.01.03 11:59:12.174,1.44189,1.44203,1.25,1.00
2017.01.03 11:59:12.327,1.44184,1.44201,1.19,1.00
2017.01.03 11:59:12.830,1.44184,1.442,1.19,1.50
2017.01.03 11:59:13.222,1.44182,1.442,1.25,1.00
2017.01.03 11:59:13.273,1.44182,1.442,1.62,1.00
2017.01.03 11:59:13.607,1.4419,1.44207,1.25,1.50
2017.01.03 11:59:14.118,1.4419,1.44206,1.25,1.50
2017.01.03 11:59:14.624,1.4419,1.44205,1.25,1.00
2017.01.03 11:59:15.200,1.44193,1.44205,1.25,1.00
2017.01.03 11:59:15.251,1.44193,1.44207,1.25,1.50
2017.01.03 11:59:15.312,1.442,1.44209,1.25,1.50
2017.01.03 11:59:15.363,1.44194,1.44213,1.69,2.25
2017.01.03 11:59:15.414,1.44193,1.44211,1.25,1.00
2017.01.03 11:59:15.754,1.4419,1.44205,1.19,1.00
2017.01.03 11:59:16.263,1.44185,1.44205,1.00,1.50
2017.01.03 11:59:16.670,1.44188,1.44202,1.00,1.00
2017.01.03 11:59:16.772,1.44185,1.442,1.00,1.50
2017.01.03 11:59:17.299,1.44183,1.442,1.19,1.50
2017.01.03 11:59:17.815,1.44183,1.44201,1.19,2.25
2017.01.03 11:59:18.270,1.44183,1.44199,1.19,1.00
2017.01.03 11:59:18.813,1.44189,1.44201,1.25,1.00
2017.01.03 11:59:19.016,1.44195,1.4421,1.69,1.00
2017.01.03 11:59:19.067,1.44197,1.44213,1.00,1.00
2017.01.03 11:59:19.574,1.44197,1.44212,1.19,1.00
2017.01.03 11:59:19.676,1.44196,1.44212,1.00,1.00
2017.01.03 11:59:19.828,1.44194,1.44213,1.00,1.50
2017.01.03 11:59:20.070,1.44193,1.44211,1.25,1.00
2017.01.03 11:59:20.374,1.44193,1.44209,1.25,1.00
2017.01.03 11:59:20.898,1.44192,1.44208,1.00,1.00
2017.01.03 11:59:21.202,1.44189,1.44204,1.75,1.00
2017.01.03 11:59:21.924,1.44189,1.44203,2.25,1.00
2017.01.03 11:59:22.626,1.4419,1.44203,1.00,1.00
2017.01.03 11:59:23.133,1.44189,1.44204,1.12,1.00
2017.01.03 11:59:25.124,1.44188,1.44198,1.37,1.19
2017.01.03 11:59:25.378,1.44178,1.44189,1.87,1.50
2017.01.03 11:59:25.429,1.44173,1.44188,1.37,1.37
2017.01.03 11:59:25.581,1.44175,1.44192,1.00,1.75
2017.01.03 11:59:25.733,1.44172,1.44191,1.00,1.87
2017.01.03 11:59:26.491,1.44174,1.4419,1.25,1.87
2017.01.03 11:59:26.695,1.44173,1.44191,1.00,2.62
2017.01.03 11:59:26.882,1.44173,1.44189,1.00,1.00
2017.01.03 11:59:26.984,1.4417,1.44188,1.50,1.00
2017.01.03 11:59:27.086,1.44172,1.44189,1.00,1.00
2017.01.03 11:59:27.426,1.44174,1.44191,1.00,1.25
2017.01.03 11:59:28.016,1.44174,1.4419,1.00,1.00
2017.01.03 11:59:28.524,1.44174,1.44191,1.00,1.25
2017.01.03 11:59:30.600,1.44174,1.44189,1.00,1.25
2017.01.03 11:59:30.904,1.44171,1.44186,1.00,1.00
2017.01.03 11:59:31.360,1.44168,1.44185,1.00,1.00
2017.01.03 11:59:31.584,1.44166,1.44183,1.25,1.00
2017.01.03 11:59:31.786,1.44163,1.44182,1.37,1.00
2017.01.03 11:59:32.310,1.44162,1.4418,1.50,1.00
2017.01.03 11:59:32.835,1.44165,1.44183,1.00,1.00
2017.01.03 11:59:33.564,1.44165,1.44184,1.00,1.00
2017.01.03 11:59:34.108,1.44165,1.44183,1.50,1.00
2017.01.03 11:59:34.260,1.44165,1.44185,2.25,1.00
2017.01.03 11:59:34.311,1.44167,1.44185,1.00,1.00
2017.01.03 11:59:34.414,1.44165,1.44186,2.62,1.00
2017.01.03 11:59:34.616,1.44167,1.44186,1.00,1.00
2017.01.03 11:59:35.088,1.44166,1.44184,1.50,1.00
2017.01.03 11:59:35.419,1.44169,1.44184,1.25,1.00
2017.01.03 11:59:37.574,1.44169,1.44185,1.25,1.00
2017.01.03 11:59:40.759,1.44169,1.44182,1.25,1.00
2017.01.03 11:59:41.451,1.44165,1.44179,1.12,1.00
2017.01.03 11:59:41.553,1.44159,1.44177,2.06,1.00
2017.01.03 11:59:41.656,1.44157,1.44173,1.12,1.00
2017.01.03 11:59:41.707,1.44156,1.4417,1.31,1.00
2017.01.03 11:59:42.012,1.44167,1.4418,1.00,1.00
2017.01.03 11:59:42.531,1.44167,1.44179,1.19,1.00
2017.01.03 11:59:42.734,1.44167,1.44181,1.19,1.00
2017.01.03 11:59:43.255,1.44167,1.4418,1.19,1.00
2017.01.03 11:59:43.867,1.44167,1.44181,1.19,1.00
2017.01.03 11:59:44.223,1.44167,1.44183,1.69,1.00
2017.01.03 11:59:44.325,1.44168,1.44186,1.25,1.00
2017.01.03 11:59:44.376,1.44168,1.44184,1.25,1.00
2017.01.03 11:59:44.681,1.4418,1.44194,1.00,2.25
2017.01.03 11:59:44.985,1.44188,1.44203,1.00,1.87
2017.01.03 11:59:45.414,1.44193,1.44203,1.00,1.00
2017.01.03 11:59:45.465,1.44193,1.44206,1.00,1.00
2017.01.03 11:59:45.516,1.44197,1.44206,1.25,1.00
2017.01.03 11:59:45.618,1.442,1.4421,1.00,1.00
2017.01.03 11:59:45.669,1.44201,1.44214,1.00,1.50
2017.01.03 11:59:45.771,1.44201,1.44218,1.00,1.00
2017.01.03 11:59:45.822,1.44205,1.44219,1.00,1.37
2017.01.03 11:59:45.980,1.44206,1.4422,1.00,1.50
2017.01.03 11:59:46.509,1.44206,1.44221,1.00,1.50
2017.01.03 11:59:46.851,1.4421,1.44219,1.69,1.00
2017.01.03 11:59:47.004,1.4421,1.44221,1.69,1.00
2017.01.03 11:59:47.105,1.44213,1.44221,1.00,1.00
2017.01.03 11:59:47.157,1.44213,1.44225,1.00,1.12
2017.01.03 11:59:48.024,1.44214,1.44228,1.00,1.50
2017.01.03 11:59:48.525,1.44215,1.44228,1.00,1.00
2017.01.03 11:59:48.727,1.44215,1.44226,1.00,1.00
2017.01.03 11:59:48.930,1.44213,1.44226,1.00,1.00
2017.01.03 11:59:49.032,1.44213,1.44224,1.00,1.00
2017.01.03 11:59:49.083,1.4421,1.44226,3.19,1.50
2017.01.03 11:59:49.134,1.4421,1.44224,1.25,1.00
2017.01.03 11:59:49.439,1.44211,1.44225,1.19,2.25
2017.01.03 11:59:49.591,1.44208,1.44223,1.19,1.87
2017.01.03 11:59:50.038,1.44202,1.44216,1.00,1.00
2017.01.03 11:59:50.140,1.44197,1.44215,1.00,2.62
2017.01.03 11:59:50.191,1.44197,1.44209,1.00,1.37
2017.01.03 11:59:50.242,1.44195,1.44209,1.00,1.37
2017.01.03 11:59:50.293,1.44192,1.44205,1.00,1.00
2017.01.03 11:59:50.495,1.44189,1.44205,1.50,1.00
2017.01.03 11:59:51.034,1.44189,1.44204,1.00,1.00
2017.01.03 11:59:52.074,1.44189,1.44203,1.00,1.00
2017.01.03 11:59:54.274,1.44189,1.44209,1.37,1.00
2017.01.03 11:59:54.324,1.44192,1.4421,1.00,1.00
2017.01.03 11:59:54.628,1.44194,1.44211,1.00,1.00
2017.01.03 11:59:55.240,1.44194,1.44212,1.00,1.00
2017.01.03 11:59:55.544,1.44196,1.44211,1.00,1.00
2017.01.03 11:59:56.151,1.44197,1.44211,1.00,1.00
2017.01.03 11:59:56.202,1.44197,1.44213,1.00,1.00
2017.01.03 11:59:56.708,1.44196,1.44214,1.00,1.87
2017.01.03 11:59:56.810,1.44196,1.44212,1.00,1.00
2017.01.03 11:59:57.707,1.44196,1.44213,1.00,1.50
2017.01.03 11:59:59.064,1.44195,1.44213,1.69,1.00
