2016.05.09 01:00:00.356,1.54495,1.54518,1.10,1.19
2016.05.09 01:00:00.459,1.54495,1.5451,1.00,1.19
2016.05.09 01:00:00.510,1.5449,1.5451,3.37,1.19
2016.05.09 01:00:00.561,1.54489,1.54504,1.00,1.19
2016.05.09 01:00:00.704,1.54481,1.54504,1.00,1.87
2016.05.09 01:00:00.755,1.54478,1.54504,1.00,1.87
2016.05.09 01:00:00.857,1.54481,1.54504,1.00,1.69
2016.05.09 01:00:00.968,1.54478,1.54504,1.00,1.69
2016.05.09 01:00:01.274,1.54475,1.54501,1.27,1.25
2016.05.09 01:00:01.325,1.54481,1.54504,1.00,1.19
2016.05.09 01:00:01.478,1.54484,1.54509,1.95,1.25
2016.05.09 01:00:01.580,1.54489,1.54511,1.20,1.19
2016.05.09 01:00:01.905,1.54492,1.54511,1.00,1.19
2016.05.09 01:00:02.662,1.5449,1.54511,1.00,1.19
2016.05.09 01:00:02.764,1.54493,1.54512,1.00,1.19
2016.05.09 01:00:03.069,1.54491,1.54512,1.00,1.19
2016.05.09 01:00:03.375,1.54495,1.54511,1.00,1.19
2016.05.09 01:00:03.962,1.54495,1.54511,1.37,1.19
2016.05.09 01:00:04.525,1.54493,1.54512,1.55,1.19
2016.05.09 01:00:04.830,1.54497,1.54512,1.37,1.19
2016.05.09 01:00:08.844,1.545,1.54516,1.00,1.19
2016.05.09 01:00:10.160,1.545,1.54516,1.37,1.19
2016.05.09 01:00:10.262,1.54499,1.5452,2.25,1.19
2016.05.09 01:00:10.771,1.54502,1.54519,1.00,1.19
2016.05.09 01:00:11.620,1.545,1.54519,1.25,1.19
2016.05.09 01:00:11.672,1.545,1.54516,1.00,1.19
2016.05.09 01:00:11.926,1.54497,1.5452,1.25,1.69
2016.05.09 01:00:12.230,1.545,1.5452,1.00,1.69
2016.05.09 01:00:12.785,1.54501,1.5452,1.00,1.19
2016.05.09 01:00:13.910,1.545,1.5452,1.00,1.19
2016.05.09 01:00:14.432,1.54501,1.5452,1.00,1.19
2016.05.09 01:00:15.509,1.54503,1.5452,1.00,1.19
2016.05.09 01:00:15.713,1.54499,1.5452,1.25,1.19
2016.05.09 01:00:15.815,1.54503,1.5452,1.00,1.19
2016.05.09 01:00:16.632,1.54501,1.5452,1.00,1.19
2016.05.09 01:00:16.735,1.54499,1.5452,1.25,1.19
2016.05.09 01:00:16.838,1.54503,1.5452,1.00,1.19
2016.05.09 01:00:17.143,1.54505,1.54522,1.00,1.19
2016.05.09 01:00:19.365,1.54505,1.54515,1.00,1.19
2016.05.09 01:00:19.416,1.54498,1.54515,1.57,1.19
2016.05.09 01:00:19.569,1.54492,1.54511,1.00,1.25
2016.05.09 01:00:19.925,1.54492,1.54506,1.00,1.19
2016.05.09 01:00:20.039,1.5449,1.54506,1.00,1.19
2016.05.09 01:00:20.243,1.54488,1.54506,1.00,1.19
2016.05.09 01:00:20.655,1.54485,1.54506,1.10,1.19
2016.05.09 01:00:22.263,1.54488,1.54506,1.00,1.19
2016.05.09 01:00:22.852,1.54483,1.54506,1.20,1.19
2016.05.09 01:00:23.980,1.54482,1.54508,2.62,1.19
2016.05.09 01:00:24.517,1.54484,1.54508,1.10,1.19
2016.05.09 01:00:25.006,1.54481,1.54506,2.02,1.00
2016.05.09 01:00:25.310,1.5448,1.54506,1.17,1.19
2016.05.09 01:00:27.628,1.5448,1.54506,1.95,1.00
2016.05.09 01:00:27.679,1.54482,1.54509,1.20,1.19
2016.05.09 01:00:27.748,1.54482,1.5451,2.32,1.31
2016.05.09 01:00:27.800,1.54486,1.5451,1.95,1.00
2016.05.09 01:00:27.953,1.54486,1.54507,2.70,1.00
2016.05.09 01:00:28.106,1.54483,1.54507,1.75,1.00
2016.05.09 01:00:28.209,1.54483,1.54507,1.15,1.00
2016.05.09 01:00:28.311,1.54483,1.54507,1.17,1.19
2016.05.09 01:00:28.565,1.54481,1.54507,1.10,1.19
2016.05.09 01:00:28.617,1.54481,1.54502,1.10,1.19
2016.05.09 01:00:28.822,1.54475,1.54499,1.44,1.00
2016.05.09 01:00:29.370,1.54475,1.54499,1.20,1.00
2016.05.09 01:00:31.393,1.54475,1.54502,1.20,1.19
2016.05.09 01:00:35.546,1.54478,1.54506,1.00,1.91
2016.05.09 01:00:36.055,1.54478,1.54507,1.17,1.19
2016.05.09 01:00:38.635,1.54479,1.54507,1.12,1.19
2016.05.09 01:00:38.889,1.54493,1.54515,1.01,1.19
2016.05.09 01:00:39.042,1.54495,1.54518,1.00,1.19
2016.05.09 01:00:39.093,1.54496,1.54524,1.10,1.56
2016.05.09 01:00:39.144,1.54498,1.54524,1.00,1.56
2016.05.09 01:00:41.026,1.54498,1.54524,1.37,1.19
2016.05.09 01:00:42.463,1.54498,1.54524,1.25,1.44
2016.05.09 01:00:46.778,1.54497,1.54524,1.00,1.69
2016.05.09 01:00:46.829,1.54494,1.54524,2.51,2.44
2016.05.09 01:00:48.332,1.54494,1.54524,2.62,2.59
2016.05.09 01:00:48.981,1.54494,1.54519,1.87,1.19
2016.05.09 01:00:49.482,1.54494,1.54519,1.69,1.19
2016.05.09 01:00:49.686,1.54488,1.54514,1.10,1.19
2016.05.09 01:00:49.737,1.54488,1.54514,1.47,1.19
2016.05.09 01:00:50.245,1.54489,1.54514,1.76,1.19
2016.05.09 01:00:50.398,1.54489,1.54508,1.10,1.19
2016.05.09 01:00:50.652,1.54481,1.54505,1.00,1.69
2016.05.09 01:00:50.754,1.54478,1.54499,1.51,1.19
2016.05.09 01:00:51.686,1.54478,1.54499,1.00,1.19
2016.05.09 01:00:53.612,1.54483,1.54499,1.00,1.19
2016.05.09 01:00:54.626,1.54484,1.54499,1.00,1.19
2016.05.09 01:00:54.780,1.54484,1.54501,1.00,1.19
2016.05.09 01:00:54.831,1.5448,1.54501,1.00,1.19
2016.05.09 01:00:54.933,1.54484,1.54501,1.00,1.19
2016.05.09 01:00:55.035,1.54484,1.54506,1.00,1.69
2016.05.09 01:00:55.086,1.54487,1.54506,1.00,1.31
2016.05.09 01:00:55.391,1.5449,1.54506,1.00,1.19
2016.05.09 01:00:55.940,1.54489,1.54506,1.00,1.19
2016.05.09 01:00:56.478,1.54488,1.54506,1.00,1.19
2016.05.09 01:00:57.862,1.54487,1.54506,1.50,1.19
2016.05.09 01:00:58.171,1.54473,1.54496,1.00,1.86
2016.05.09 01:00:58.222,1.5447,1.54488,1.00,1.19
2016.05.09 01:00:58.527,1.54473,1.54495,1.00,1.69
2016.05.09 01:00:58.743,1.54475,1.54495,1.00,1.19
2016.05.09 01:00:59.252,1.54472,1.54495,1.00,1.19
2016.05.09 01:00:59.770,1.54469,1.54495,1.57,1.31
2016.05.09 01:00:59.821,1.54472,1.54495,1.00,1.31
2016.05.09 01:01:00.169,1.54467,1.54482,1.00,1.19
2016.05.09 01:01:00.220,1.54465,1.54482,1.10,1.19
2016.05.09 01:01:00.322,1.54474,1.54482,1.00,1.19
2016.05.09 01:01:00.425,1.54477,1.54493,1.10,1.19
2016.05.09 01:01:00.527,1.54477,1.5449,1.10,1.19
2016.05.09 01:01:00.934,1.54482,1.5449,1.00,1.19
2016.05.09 01:01:01.036,1.54473,1.5449,1.45,1.19
2016.05.09 01:01:01.087,1.54473,1.5449,1.07,1.19
2016.05.09 01:01:01.139,1.54468,1.5449,3.00,1.19
2016.05.09 01:01:01.241,1.54468,1.5449,1.65,1.19
2016.05.09 01:01:01.635,1.54467,1.54482,1.07,1.19
2016.05.09 01:01:01.737,1.54467,1.54487,1.87,1.19
2016.05.09 01:01:01.940,1.54472,1.54487,1.00,1.19
2016.05.09 01:01:02.295,1.54472,1.54483,1.00,1.19
2016.05.09 01:01:02.347,1.54467,1.54483,1.10,1.19
2016.05.09 01:01:03.231,1.54469,1.54483,1.00,1.19
2016.05.09 01:01:04.016,1.54469,1.54487,1.00,1.69
2016.05.09 01:01:04.219,1.54466,1.54487,1.00,1.19
2016.05.09 01:01:04.524,1.54468,1.54487,1.00,1.19
2016.05.09 01:01:05.424,1.5447,1.54487,1.00,1.19
2016.05.09 01:01:05.476,1.5447,1.54494,1.00,1.19
2016.05.09 01:01:05.628,1.54473,1.54494,1.00,1.19
2016.05.09 01:01:05.933,1.54476,1.54498,1.00,1.19
2016.05.09 01:01:06.036,1.5448,1.54498,1.00,1.19
2016.05.09 01:01:06.729,1.54481,1.54498,1.00,1.19
2016.05.09 01:01:06.881,1.54481,1.54504,1.00,1.19
2016.05.09 01:01:07.428,1.5448,1.54504,2.25,1.19
2016.05.09 01:01:08.154,1.54481,1.54504,1.00,1.19
2016.05.09 01:01:08.205,1.54484,1.54504,1.00,1.19
2016.05.09 01:01:08.965,1.54484,1.54509,1.00,3.56
2016.05.09 01:01:11.199,1.54484,1.54505,1.00,1.29
2016.05.09 01:01:11.504,1.54484,1.54507,1.00,1.84
2016.05.09 01:01:11.555,1.54486,1.54507,1.00,2.59
2016.05.09 01:01:13.442,1.54483,1.54507,1.00,1.84
2016.05.09 01:01:14.139,1.54485,1.54507,1.00,1.84
2016.05.09 01:01:14.346,1.54479,1.54507,1.87,1.76
2016.05.09 01:01:14.854,1.54478,1.54505,1.25,2.14
2016.05.09 01:01:15.261,1.54477,1.54503,1.00,1.76
2016.05.09 01:01:15.579,1.54477,1.54499,1.00,1.69
2016.05.09 01:01:16.121,1.54476,1.54499,1.00,2.06
2016.05.09 01:01:17.362,1.54476,1.54501,1.00,3.26
2016.05.09 01:01:17.974,1.54478,1.54501,1.00,2.51
2016.05.09 01:01:18.026,1.5448,1.54502,1.00,1.46
2016.05.09 01:01:18.145,1.5448,1.54503,1.00,1.36
2016.05.09 01:01:18.248,1.54483,1.54508,1.69,1.34
2016.05.09 01:01:18.756,1.54487,1.54511,1.00,1.26
2016.05.09 01:01:19.061,1.54494,1.54511,1.00,1.26
2016.05.09 01:01:20.026,1.54491,1.54512,1.00,1.36
2016.05.09 01:01:20.440,1.54488,1.54512,1.00,1.36
2016.05.09 01:01:22.730,1.5449,1.54512,1.00,1.84
2016.05.09 01:01:23.967,1.54492,1.54512,1.00,1.19
2016.05.09 01:01:24.069,1.54496,1.54516,1.00,1.20
2016.05.09 01:01:24.374,1.54494,1.54518,1.00,1.44
2016.05.09 01:01:26.934,1.54492,1.54517,1.25,1.25
2016.05.09 01:01:30.377,1.5449,1.54516,1.84,1.00
2016.05.09 01:01:30.886,1.54489,1.54515,1.19,1.20
2016.05.09 01:01:31.982,1.54491,1.54516,1.69,1.50
2016.05.09 01:01:32.681,1.54491,1.54514,1.69,1.00
2016.05.09 01:01:39.143,1.54489,1.54517,1.77,3.19
2016.05.09 01:01:39.347,1.54489,1.54517,2.96,1.00
2016.05.09 01:01:39.651,1.54499,1.54522,1.19,1.10
2016.05.09 01:01:39.758,1.54499,1.54525,1.19,1.15
2016.05.09 01:01:42.098,1.54504,1.54525,1.19,1.15
2016.05.09 01:01:44.953,1.54499,1.54526,1.00,1.82
2016.05.09 01:01:49.696,1.545,1.54527,1.00,2.44
2016.05.09 01:01:49.747,1.54498,1.54527,1.25,3.19
2016.05.09 01:01:49.799,1.54498,1.54523,1.00,2.14
2016.05.09 01:01:49.901,1.54498,1.54523,1.00,1.65
2016.05.09 01:01:55.715,1.54498,1.54521,1.25,1.19
2016.05.09 01:01:56.165,1.545,1.54521,1.00,1.19
2016.05.09 01:01:57.282,1.54495,1.54521,1.37,1.19
2016.05.09 01:01:57.550,1.54495,1.54521,1.44,1.19
2016.05.09 01:01:58.016,1.54495,1.54521,1.87,1.19
2016.05.09 01:01:58.067,1.54498,1.54525,1.31,1.39
2016.05.09 01:01:58.584,1.54498,1.54525,1.27,1.19
2016.05.09 01:01:59.135,1.54498,1.54525,1.46,1.19
2016.05.09 01:02:01.739,1.54498,1.54525,1.31,1.29
2016.05.09 01:02:03.102,1.54497,1.54525,1.39,1.29
2016.05.09 01:02:06.350,1.54497,1.54525,1.71,1.19
2016.05.09 01:02:08.255,1.54498,1.54524,1.44,1.19
2016.05.09 01:02:09.422,1.54498,1.54524,1.31,1.19
2016.05.09 01:02:11.335,1.54498,1.54523,1.62,1.19
2016.05.09 01:02:11.600,1.54498,1.54519,1.62,1.00
2016.05.09 01:02:12.911,1.54498,1.54521,1.62,1.69
2016.05.09 01:02:13.442,1.54498,1.54521,1.46,1.25
2016.05.09 01:02:14.562,1.54498,1.54521,1.09,1.25
2016.05.09 01:02:16.165,1.545,1.54521,1.00,1.00
2016.05.09 01:02:16.217,1.545,1.54524,1.19,1.00
2016.05.09 01:02:17.425,1.545,1.54524,1.25,1.69
2016.05.09 01:02:18.149,1.54501,1.54523,1.00,1.25
2016.05.09 01:02:18.610,1.54502,1.54526,1.01,1.19
2016.05.09 01:02:18.661,1.54505,1.54526,1.00,1.19
2016.05.09 01:02:19.502,1.54503,1.54526,1.00,1.44
2016.05.09 01:02:22.369,1.54501,1.54522,1.20,1.62
2016.05.09 01:02:22.676,1.54483,1.54507,1.19,1.25
2016.05.09 01:02:26.550,1.54483,1.54512,1.19,2.21
2016.05.09 01:02:27.768,1.54483,1.54512,2.06,2.21
2016.05.09 01:02:28.937,1.54487,1.5451,1.44,1.19
2016.05.09 01:02:29.509,1.54491,1.54513,1.19,1.00
2016.05.09 01:02:29.611,1.54492,1.54517,1.62,1.25
2016.05.09 01:02:29.966,1.54492,1.54517,1.00,1.44
2016.05.09 01:02:31.190,1.54491,1.5452,2.02,3.56
2016.05.09 01:02:31.545,1.54489,1.54511,2.59,1.00
2016.05.09 01:02:32.073,1.54489,1.54512,1.19,1.00
2016.05.09 01:02:32.585,1.54488,1.54511,1.19,1.00
2016.05.09 01:02:32.907,1.54488,1.54509,1.19,1.00
2016.05.09 01:02:33.430,1.54488,1.54508,1.19,1.00
2016.05.09 01:02:34.416,1.54488,1.54509,1.19,1.00
2016.05.09 01:02:34.947,1.54489,1.54511,1.19,1.00
2016.05.09 01:02:35.421,1.54488,1.54509,1.19,1.00
2016.05.09 01:02:44.116,1.54488,1.54508,1.19,1.00
2016.05.09 01:02:44.218,1.54488,1.5451,1.19,1.00
2016.05.09 01:02:52.573,1.54488,1.54512,1.19,1.00
2016.05.09 01:02:52.675,1.54488,1.54515,1.19,1.95
2016.05.09 01:02:59.509,1.54488,1.54515,2.14,1.66
2016.05.09 01:02:59.764,1.54488,1.54507,1.19,1.00
2016.05.09 01:03:00.888,1.54486,1.54503,2.89,1.00
2016.05.09 01:03:01.283,1.54486,1.54502,2.14,1.00
2016.05.09 01:03:01.690,1.54486,1.54507,1.87,1.00
2016.05.09 01:03:01.741,1.54486,1.54507,2.06,1.00
2016.05.09 01:03:03.086,1.54487,1.54509,1.66,1.00
2016.05.09 01:03:04.655,1.54487,1.54511,1.76,1.25
2016.05.09 01:03:05.178,1.54488,1.54509,1.01,1.00
2016.05.09 01:03:05.281,1.54487,1.54511,2.21,1.25
2016.05.09 01:03:05.332,1.54487,1.54511,1.39,1.25
2016.05.09 01:03:05.498,1.54486,1.54508,1.56,1.00
2016.05.09 01:03:05.901,1.54485,1.54508,2.06,1.00
2016.05.09 01:03:05.952,1.54485,1.5451,2.06,1.00
2016.05.09 01:03:06.791,1.54485,1.54506,1.56,1.00
2016.05.09 01:03:07.198,1.54484,1.54511,1.69,1.25
2016.05.09 01:03:07.811,1.54484,1.54511,2.51,1.00
2016.05.09 01:03:08.118,1.54484,1.54506,1.76,1.00
2016.05.09 01:03:08.169,1.54484,1.54511,1.76,1.31
2016.05.09 01:03:08.221,1.54484,1.54511,1.76,1.31
2016.05.09 01:03:09.242,1.54484,1.54511,1.29,1.31
2016.05.09 01:03:09.576,1.54484,1.54511,1.29,1.31
2016.05.09 01:03:09.781,1.54483,1.54509,1.00,1.19
2016.05.09 01:03:09.883,1.54483,1.54503,1.00,1.25
2016.05.09 01:03:09.934,1.54481,1.54503,1.00,1.25
2016.05.09 01:03:10.188,1.54479,1.54504,1.00,1.19
2016.05.09 01:03:12.950,1.5448,1.54504,1.19,1.00
2016.05.09 01:03:13.706,1.5448,1.54507,1.19,1.50
2016.05.09 01:03:13.961,1.54483,1.54507,1.19,1.00
2016.05.09 01:03:14.470,1.54484,1.54508,1.19,1.00
2016.05.09 01:03:14.807,1.54487,1.5451,1.19,1.00
2016.05.09 01:03:21.476,1.54487,1.54508,1.19,1.00
2016.05.09 01:03:23.712,1.54487,1.54506,1.19,1.00
2016.05.09 01:03:24.379,1.54489,1.54506,1.19,1.00
2016.05.09 01:03:24.431,1.54489,1.54508,1.19,1.00
2016.05.09 01:03:25.453,1.54489,1.5451,1.19,1.12
2016.05.09 01:03:25.808,1.54488,1.54507,1.19,1.00
2016.05.09 01:03:25.947,1.54488,1.5451,1.19,1.12
2016.05.09 01:03:26.354,1.54488,1.54507,1.19,1.00
2016.05.09 01:03:26.863,1.54488,1.54506,1.19,1.00
2016.05.09 01:03:28.050,1.54488,1.54504,1.19,1.00
2016.05.09 01:03:28.153,1.54488,1.54508,1.19,3.75
2016.05.09 01:03:28.356,1.54488,1.54501,1.19,1.00
2016.05.09 01:03:28.459,1.54482,1.54505,1.19,1.00
2016.05.09 01:03:29.050,1.54482,1.54506,1.19,1.00
2016.05.09 01:03:29.215,1.54482,1.54501,1.19,1.00
2016.05.09 01:03:29.266,1.54476,1.54501,1.69,1.19
2016.05.09 01:03:29.369,1.54474,1.54501,1.29,1.10
2016.05.09 01:03:29.421,1.54472,1.54498,2.44,1.00
2016.05.09 01:03:29.928,1.54472,1.54499,2.44,1.00
2016.05.09 01:03:31.805,1.54472,1.54499,2.44,1.44
2016.05.09 01:03:32.209,1.54475,1.54499,1.19,1.00
2016.05.09 01:03:32.760,1.54475,1.54501,1.69,1.19
2016.05.09 01:03:32.912,1.54477,1.54503,1.19,1.00
2016.05.09 01:03:33.717,1.54477,1.54501,1.19,1.00
2016.05.09 01:03:35.676,1.54486,1.54501,1.00,1.00
2016.05.09 01:03:35.880,1.54495,1.54515,1.00,1.00
2016.05.09 01:03:35.931,1.54495,1.54517,1.00,1.00
2016.05.09 01:03:35.982,1.54497,1.54517,1.00,1.00
2016.05.09 01:03:36.489,1.54497,1.54518,1.00,1.00
2016.05.09 01:03:37.477,1.54494,1.54519,1.25,1.25
2016.05.09 01:03:37.630,1.54494,1.54516,1.25,1.00
2016.05.09 01:03:37.868,1.54488,1.54512,1.76,1.19
2016.05.09 01:03:37.920,1.5449,1.54512,1.00,1.19
2016.05.09 01:03:38.022,1.54485,1.5451,1.19,1.00
2016.05.09 01:03:38.277,1.54482,1.54509,1.69,1.57
2016.05.09 01:03:39.201,1.54485,1.5451,1.19,1.00
2016.05.09 01:03:40.012,1.54482,1.54509,1.76,1.00
2016.05.09 01:03:40.114,1.54482,1.54509,1.01,1.31
2016.05.09 01:03:41.533,1.54489,1.5451,1.00,1.69
2016.05.09 01:03:41.607,1.54489,1.54512,1.00,1.31
2016.05.09 01:03:43.226,1.54489,1.54512,1.00,1.19
2016.05.09 01:03:43.531,1.54485,1.5451,1.12,1.19
2016.05.09 01:03:43.989,1.54488,1.54507,1.00,1.19
2016.05.09 01:03:44.830,1.54491,1.54512,1.00,1.19
2016.05.09 01:03:45.085,1.54485,1.54512,2.16,1.19
2016.05.09 01:03:45.187,1.54485,1.54512,1.57,1.19
2016.05.09 01:03:45.289,1.54484,1.5451,1.82,1.00
2016.05.09 01:03:45.341,1.54484,1.54514,1.82,2.44
2016.05.09 01:03:46.254,1.54484,1.54514,1.51,2.06
2016.05.09 01:03:46.457,1.54481,1.54508,1.25,1.19
2016.05.09 01:03:46.559,1.54479,1.545,1.19,1.00
2016.05.09 01:03:46.712,1.54478,1.545,1.25,1.00
2016.05.09 01:03:46.928,1.54478,1.54503,1.25,1.25
2016.05.09 01:03:47.451,1.54478,1.54504,1.22,1.19
2016.05.09 01:03:47.756,1.54481,1.54504,1.00,1.19
2016.05.09 01:03:50.814,1.54481,1.54508,1.25,1.19
2016.05.09 01:03:51.345,1.54481,1.54509,1.54,1.19
2016.05.09 01:03:51.855,1.54481,1.54506,1.20,1.31
2016.05.09 01:03:51.906,1.54479,1.54506,1.46,2.06
2016.05.09 01:03:52.008,1.54479,1.54503,1.01,1.19
2016.05.09 01:03:52.212,1.54479,1.54505,1.25,1.19
2016.05.09 01:03:52.945,1.54479,1.54505,1.44,1.19
2016.05.09 01:03:53.098,1.54482,1.54505,1.00,1.19
2016.05.09 01:03:53.250,1.54484,1.54505,1.25,1.00
2016.05.09 01:03:53.352,1.54484,1.54506,1.20,1.00
2016.05.09 01:03:53.454,1.54484,1.54508,1.56,1.00
2016.05.09 01:03:53.505,1.54488,1.54508,1.00,1.00
2016.05.09 01:03:53.810,1.54492,1.54513,1.25,1.19
2016.05.09 01:03:53.868,1.54492,1.54513,1.12,1.00
2016.05.09 01:03:54.214,1.54492,1.54511,1.25,1.00
2016.05.09 01:03:54.316,1.54492,1.54515,1.25,1.25
2016.05.09 01:03:56.151,1.54492,1.54513,1.25,1.00
2016.05.09 01:03:56.480,1.54492,1.54511,1.19,1.00
2016.05.09 01:03:56.984,1.54492,1.54512,1.19,1.00
2016.05.09 01:03:57.252,1.54492,1.54514,1.19,1.00
2016.05.09 01:03:57.304,1.54492,1.54514,1.19,1.50
2016.05.09 01:03:57.406,1.54492,1.54514,1.19,1.00
2016.05.09 01:03:57.508,1.54492,1.54516,1.19,1.20
2016.05.09 01:03:57.559,1.54492,1.54511,1.19,1.00
2016.05.09 01:03:57.661,1.54492,1.54515,1.19,1.00
2016.05.09 01:03:57.815,1.54492,1.54517,1.19,1.10
2016.05.09 01:03:58.729,1.54492,1.54518,1.62,1.00
2016.05.09 01:03:59.961,1.54494,1.54519,1.25,1.69
2016.05.09 01:04:00.558,1.54494,1.54518,1.25,1.00
2016.05.09 01:04:01.067,1.54494,1.5452,1.62,2.06
2016.05.09 01:04:02.166,1.54494,1.54518,1.62,1.00
2016.05.09 01:04:02.268,1.54494,1.54518,1.44,1.00
2016.05.09 01:04:02.776,1.54494,1.5452,1.44,2.06
2016.05.09 01:04:03.233,1.54494,1.54516,1.25,1.00
2016.05.09 01:04:03.956,1.54494,1.54518,1.44,1.00
2016.05.09 01:04:04.810,1.54496,1.54518,1.00,1.00
2016.05.09 01:04:05.505,1.54496,1.54519,1.00,1.25
2016.05.09 01:04:05.608,1.54499,1.54521,1.00,1.69
2016.05.09 01:04:05.761,1.54504,1.54525,1.00,1.00
2016.05.09 01:04:05.890,1.54504,1.54529,1.00,1.36
2016.05.09 01:04:07.408,1.54504,1.54525,1.00,1.00
2016.05.09 01:04:09.795,1.54499,1.54524,1.19,1.12
2016.05.09 01:04:09.846,1.54496,1.54523,1.00,1.29
2016.05.09 01:04:10.354,1.54495,1.5452,1.25,1.69
2016.05.09 01:04:10.728,1.54495,1.54516,1.25,1.00
2016.05.09 01:04:11.338,1.54495,1.5452,1.91,1.19
2016.05.09 01:04:11.491,1.54498,1.54522,1.91,1.31
2016.05.09 01:04:11.543,1.54502,1.54524,1.44,1.19
2016.05.09 01:04:12.676,1.54502,1.54526,1.19,1.76
2016.05.09 01:04:12.778,1.54504,1.54526,1.62,1.10
2016.05.09 01:04:12.882,1.54508,1.54531,1.00,1.39
2016.05.09 01:04:12.934,1.5451,1.54531,1.00,1.39
2016.05.09 01:04:13.601,1.5451,1.54531,1.00,1.36
2016.05.09 01:04:14.763,1.5451,1.54535,1.25,1.36
2016.05.09 01:04:16.049,1.5451,1.54535,1.44,1.36
2016.05.09 01:04:20.269,1.5451,1.54535,1.37,1.74
2016.05.09 01:04:21.716,1.5451,1.54536,1.56,1.27
2016.05.09 01:04:22.359,1.5451,1.54536,1.44,1.65
2016.05.09 01:04:23.632,1.54508,1.54535,1.86,1.65
2016.05.09 01:04:23.683,1.54507,1.54533,1.00,1.26
2016.05.09 01:04:23.887,1.54503,1.54531,1.19,1.01
2016.05.09 01:04:24.193,1.54501,1.54526,2.29,1.87
2016.05.09 01:04:24.548,1.54504,1.54528,1.56,1.12
2016.05.09 01:04:24.599,1.54505,1.5453,1.62,1.90
2016.05.09 01:04:24.651,1.54505,1.54531,1.56,1.20
2016.05.09 01:04:24.905,1.54508,1.54534,1.56,1.09
2016.05.09 01:04:25.058,1.5451,1.54535,1.56,1.76
2016.05.09 01:04:25.212,1.54517,1.54541,1.19,1.36
2016.05.09 01:04:26.164,1.54517,1.54544,1.37,2.06
2016.05.09 01:04:26.714,1.54516,1.54541,2.29,1.00
2016.05.09 01:04:26.765,1.54516,1.54541,2.29,1.00
2016.05.09 01:04:26.868,1.54518,1.54545,1.56,1.20
2016.05.09 01:04:27.579,1.5452,1.54545,1.49,1.00
2016.05.09 01:04:30.982,1.54521,1.54541,1.16,1.00
2016.05.09 01:04:31.135,1.54517,1.54539,1.00,1.00
2016.05.09 01:04:31.237,1.54515,1.54536,1.19,1.00
2016.05.09 01:04:31.491,1.54515,1.54538,1.19,1.00
2016.05.09 01:04:31.846,1.54515,1.54541,1.19,1.20
2016.05.09 01:04:31.948,1.54521,1.54541,1.19,1.20
2016.05.09 01:04:32.207,1.54521,1.54543,1.19,1.20
2016.05.09 01:04:34.562,1.54521,1.54542,1.19,1.00
2016.05.09 01:04:35.639,1.54521,1.5454,1.19,1.00
2016.05.09 01:04:35.691,1.54519,1.5454,1.19,1.00
2016.05.09 01:04:35.742,1.54519,1.54538,1.19,1.00
2016.05.09 01:04:36.256,1.54519,1.54534,1.19,1.00
2016.05.09 01:04:36.358,1.54509,1.54534,2.06,1.00
2016.05.09 01:04:36.903,1.54509,1.54535,2.06,1.00
2016.05.09 01:04:37.410,1.54509,1.54536,1.31,1.00
2016.05.09 01:04:37.670,1.54517,1.54539,1.19,1.57
2016.05.09 01:04:38.778,1.54517,1.54542,1.19,1.20
2016.05.09 01:04:38.880,1.54515,1.54542,1.69,1.09
2016.05.09 01:04:39.032,1.54515,1.5454,1.69,1.00
2016.05.09 01:04:39.540,1.54516,1.54542,1.19,1.15
2016.05.09 01:04:39.864,1.54516,1.54542,1.19,1.10
2016.05.09 01:04:41.029,1.54516,1.54541,1.19,1.00
2016.05.09 01:04:41.948,1.54515,1.54539,1.19,1.00
2016.05.09 01:04:43.268,1.54513,1.54535,1.69,1.00
2016.05.09 01:04:45.906,1.54506,1.54531,1.91,1.00
2016.05.09 01:04:46.160,1.54506,1.54533,1.19,1.50
2016.05.09 01:04:46.262,1.54505,1.5453,1.99,1.00
2016.05.09 01:04:47.850,1.54505,1.54534,1.19,1.20
2016.05.09 01:04:48.002,1.54514,1.54534,1.19,1.00
2016.05.09 01:04:48.560,1.54514,1.54536,1.19,1.10
2016.05.09 01:04:49.097,1.54514,1.54537,1.19,1.00
2016.05.09 01:04:50.958,1.54514,1.54533,1.19,1.00
2016.05.09 01:04:52.645,1.54514,1.5453,1.19,1.00
2016.05.09 01:04:52.747,1.54505,1.54528,1.49,1.00
2016.05.09 01:04:55.629,1.54504,1.54526,1.19,1.00
2016.05.09 01:04:56.445,1.54504,1.54528,1.19,1.15
2016.05.09 01:05:00.217,1.54511,1.54531,1.19,2.40
2016.05.09 01:05:00.726,1.54511,1.54531,1.19,1.10
2016.05.09 01:05:02.293,1.54511,1.54534,1.19,1.20
2016.05.09 01:05:04.518,1.54512,1.54534,1.19,1.00
2016.05.09 01:05:04.620,1.5452,1.54536,1.19,1.37
2016.05.09 01:05:05.128,1.5452,1.54536,3.19,1.00
2016.05.09 01:05:05.343,1.5452,1.54545,3.94,1.10
2016.05.09 01:05:06.896,1.54527,1.54545,1.19,1.57
2016.05.09 01:05:06.947,1.54527,1.54547,1.19,1.10
2016.05.09 01:05:07.466,1.54527,1.54551,1.19,3.00
2016.05.09 01:05:09.564,1.54526,1.54551,1.62,2.62
2016.05.09 01:05:12.303,1.54526,1.54548,1.19,1.12
2016.05.09 01:05:12.821,1.54526,1.54549,1.19,1.12
2016.05.09 01:05:13.383,1.54526,1.54546,1.19,1.00
2016.05.09 01:05:15.137,1.54526,1.54545,1.44,1.00
2016.05.09 01:05:15.662,1.54526,1.54551,1.19,2.62
2016.05.09 01:05:15.714,1.54526,1.5455,1.19,1.12
2016.05.09 01:05:15.917,1.5452,1.54547,1.19,1.50
2016.05.09 01:05:15.968,1.5452,1.54539,1.19,1.00
2016.05.09 01:05:18.106,1.5452,1.54537,1.19,1.00
2016.05.09 01:05:18.158,1.54512,1.54536,1.31,1.15
2016.05.09 01:05:18.695,1.54512,1.54534,1.19,1.00
2016.05.09 01:05:20.630,1.54512,1.54536,1.19,1.20
2016.05.09 01:05:20.681,1.54517,1.54539,1.19,1.12
2016.05.09 01:05:20.783,1.54521,1.54544,1.19,3.00
2016.05.09 01:05:20.936,1.54521,1.54542,1.19,1.00
2016.05.09 01:05:22.319,1.5452,1.54545,1.19,1.17
2016.05.09 01:05:22.370,1.5452,1.54542,1.19,1.00
2016.05.09 01:05:22.697,1.54522,1.54541,1.19,1.00
2016.05.09 01:05:23.004,1.54525,1.54542,1.19,1.00
2016.05.09 01:05:26.625,1.54524,1.54542,1.19,1.00
2016.05.09 01:05:26.727,1.54522,1.54542,1.19,1.00
2016.05.09 01:05:26.829,1.54519,1.5454,1.19,1.00
2016.05.09 01:05:27.215,1.5452,1.54544,1.19,1.95
2016.05.09 01:05:27.267,1.5452,1.54544,1.69,1.00
2016.05.09 01:05:27.421,1.54524,1.54547,1.19,1.00
2016.05.09 01:05:27.625,1.54524,1.54545,1.19,1.00
2016.05.09 01:05:27.730,1.54521,1.54543,1.19,1.00
2016.05.09 01:05:27.833,1.54521,1.5454,1.19,1.00
2016.05.09 01:05:28.171,1.54516,1.54541,1.19,1.19
2016.05.09 01:05:28.222,1.54516,1.54537,1.19,1.00
2016.05.09 01:05:28.730,1.54516,1.54536,1.19,1.00
2016.05.09 01:05:29.035,1.54516,1.54533,1.19,1.00
2016.05.09 01:05:29.187,1.54514,1.54536,1.69,1.00
2016.05.09 01:05:29.238,1.54514,1.54538,1.69,1.00
2016.05.09 01:05:29.340,1.54514,1.54534,1.69,1.00
2016.05.09 01:05:29.829,1.5452,1.54541,1.00,2.32
2016.05.09 01:05:29.932,1.54523,1.54543,1.00,1.00
2016.05.09 01:05:29.984,1.54528,1.54543,1.00,1.00
2016.05.09 01:05:30.240,1.54528,1.54552,1.19,1.20
2016.05.09 01:05:30.648,1.54528,1.54547,1.19,1.00
2016.05.09 01:05:31.105,1.54524,1.54548,1.25,1.00
2016.05.09 01:05:31.460,1.54523,1.54546,1.19,1.00
2016.05.09 01:05:31.793,1.54521,1.54545,1.19,1.37
2016.05.09 01:05:31.895,1.5452,1.54544,1.00,1.95
2016.05.09 01:05:32.403,1.54515,1.54539,1.26,1.44
2016.05.09 01:05:37.766,1.54516,1.5454,1.29,1.87
2016.05.09 01:05:39.047,1.54516,1.5454,1.29,1.50
2016.05.09 01:05:43.872,1.54515,1.5454,1.76,1.37
2016.05.09 01:05:45.525,1.54515,1.5454,1.76,1.69
2016.05.09 01:05:47.716,1.54515,1.5454,1.69,1.69
2016.05.09 01:05:48.266,1.54514,1.54536,1.19,1.25
2016.05.09 01:05:48.674,1.54514,1.54534,1.19,1.00
2016.05.09 01:05:49.219,1.54514,1.54533,1.19,1.00
2016.05.09 01:05:51.554,1.54514,1.54536,1.19,1.87
2016.05.09 01:05:52.722,1.54512,1.54535,1.19,1.56
2016.05.09 01:05:53.230,1.54512,1.54536,1.19,2.19
2016.05.09 01:05:53.738,1.54512,1.54535,1.19,2.70
2016.05.09 01:05:55.315,1.54512,1.54534,1.19,1.62
2016.05.09 01:05:55.367,1.54512,1.54534,1.19,1.25
2016.05.09 01:06:00.453,1.54512,1.54534,1.19,1.62
2016.05.09 01:06:00.776,1.54512,1.54534,1.19,1.31
2016.05.09 01:06:01.233,1.54508,1.54534,1.19,1.69
2016.05.09 01:06:01.285,1.54508,1.54534,1.19,1.87
2016.05.09 01:06:01.800,1.54508,1.54531,1.19,1.00
2016.05.09 01:06:02.854,1.54507,1.54531,1.29,1.19
2016.05.09 01:06:03.361,1.54511,1.54534,1.19,3.37
2016.05.09 01:06:03.565,1.54508,1.54533,1.19,1.12
2016.05.09 01:06:06.474,1.54508,1.54528,1.19,1.44
2016.05.09 01:06:06.576,1.54508,1.54529,1.19,1.50
2016.05.09 01:06:06.677,1.54508,1.54529,1.19,1.50
2016.05.09 01:06:07.590,1.54508,1.54529,1.19,1.87
2016.05.09 01:06:09.800,1.54508,1.54529,1.19,1.00
2016.05.09 01:06:10.675,1.54508,1.54529,1.19,1.37
2016.05.09 01:06:10.929,1.54501,1.54526,1.69,1.00
2016.05.09 01:06:10.980,1.54501,1.54524,1.31,1.56
2016.05.09 01:06:11.083,1.54496,1.54522,1.69,1.87
2016.05.09 01:06:11.135,1.54496,1.54522,1.69,2.62
2016.05.09 01:06:13.881,1.54499,1.5452,1.19,1.31
2016.05.09 01:06:14.393,1.54499,1.5452,1.19,1.31
2016.05.09 01:06:15.348,1.54493,1.5452,1.76,1.31
2016.05.09 01:06:15.865,1.54493,1.5452,1.76,1.31
2016.05.09 01:06:17.883,1.54497,1.54523,1.19,1.69
2016.05.09 01:06:17.985,1.54501,1.54523,1.00,1.69
2016.05.09 01:06:27.786,1.54502,1.54523,1.00,1.19
2016.05.09 01:06:28.092,1.5451,1.5453,1.00,1.00
2016.05.09 01:06:28.605,1.5451,1.54534,1.00,1.57
2016.05.09 01:06:29.000,1.5451,1.54534,1.00,1.57
2016.05.09 01:06:31.153,1.5451,1.54534,1.00,1.57
2016.05.09 01:06:32.294,1.5451,1.54533,1.00,1.27
2016.05.09 01:06:32.600,1.54508,1.54531,1.00,1.19
2016.05.09 01:06:36.094,1.54506,1.54531,1.00,1.27
2016.05.09 01:06:36.660,1.54505,1.54529,1.50,1.62
2016.05.09 01:06:40.839,1.54502,1.54525,1.00,1.19
2016.05.09 01:06:41.144,1.54487,1.54497,1.00,1.87
2016.05.09 01:06:41.196,1.54476,1.54495,1.87,1.76
2016.05.09 01:06:41.248,1.54476,1.54495,1.00,2.14
2016.05.09 01:06:41.505,1.5448,1.545,1.00,1.01
2016.05.09 01:06:41.556,1.5448,1.54503,1.00,1.74
2016.05.09 01:06:41.607,1.5448,1.54503,1.00,1.17
2016.05.09 01:06:41.659,1.54483,1.54505,1.00,1.20
2016.05.09 01:06:42.167,1.54483,1.54508,1.00,2.01
2016.05.09 01:06:48.979,1.54479,1.54506,2.06,1.39
2016.05.09 01:06:49.081,1.54479,1.54504,1.19,1.87
2016.05.09 01:06:49.184,1.54482,1.54504,1.00,1.07
2016.05.09 01:06:49.270,1.54482,1.54507,1.00,1.01
2016.05.09 01:06:49.322,1.54485,1.54507,1.00,1.01
2016.05.09 01:06:49.425,1.54485,1.54509,1.00,1.76
2016.05.09 01:06:49.679,1.54488,1.54511,1.00,1.01
2016.05.09 01:06:50.525,1.54491,1.54513,1.44,1.31
2016.05.09 01:06:50.665,1.54497,1.54516,1.25,1.19
2016.05.09 01:06:50.716,1.54494,1.54519,1.10,1.37
2016.05.09 01:06:53.887,1.54497,1.54519,1.00,1.31
2016.05.09 01:06:54.499,1.54497,1.5452,1.25,1.00
2016.05.09 01:06:54.551,1.545,1.54524,1.00,2.06
2016.05.09 01:06:56.521,1.545,1.54525,1.00,1.79
2016.05.09 01:06:56.826,1.545,1.54528,1.37,3.94
2016.05.09 01:06:57.139,1.54504,1.54528,1.00,3.19
2016.05.09 01:07:00.572,1.54504,1.54529,1.25,1.31
2016.05.09 01:07:00.624,1.54506,1.5453,1.00,1.79
2016.05.09 01:07:00.675,1.54506,1.54531,1.00,1.12
2016.05.09 01:07:01.259,1.54506,1.54533,1.00,2.06
2016.05.09 01:07:01.840,1.5451,1.54534,1.00,2.70
2016.05.09 01:07:02.621,1.54517,1.54534,1.00,1.39
2016.05.09 01:07:02.774,1.54529,1.54543,1.00,1.65
2016.05.09 01:07:02.876,1.54529,1.5455,1.00,1.69
2016.05.09 01:07:05.198,1.54525,1.54553,1.00,1.26
2016.05.09 01:07:05.300,1.54526,1.54549,1.00,1.19
2016.05.09 01:07:05.810,1.54526,1.5455,1.00,1.34
2016.05.09 01:07:06.118,1.54529,1.5455,1.00,2.21
2016.05.09 01:07:06.170,1.54532,1.5455,1.00,1.27
2016.05.09 01:07:06.221,1.54536,1.54552,1.00,1.50
2016.05.09 01:07:06.273,1.54536,1.54552,1.19,1.00
2016.05.09 01:07:06.325,1.54537,1.54557,1.25,1.00
2016.05.09 01:07:06.376,1.54534,1.54563,1.31,1.31
2016.05.09 01:07:06.520,1.54539,1.54565,1.19,1.19
2016.05.09 01:07:07.264,1.54535,1.54565,2.44,1.19
2016.05.09 01:07:07.367,1.54535,1.54558,1.12,1.19
2016.05.09 01:07:07.418,1.54535,1.54558,1.00,1.19
2016.05.09 01:07:07.926,1.54533,1.54558,1.57,1.19
2016.05.09 01:07:08.732,1.54535,1.54558,1.30,1.19
2016.05.09 01:07:09.239,1.54535,1.54558,2.62,1.19
2016.05.09 01:07:09.759,1.54537,1.54558,1.72,1.19
2016.05.09 01:07:09.913,1.54539,1.54558,1.00,1.19
2016.05.09 01:07:11.976,1.54539,1.54548,1.10,1.19
2016.05.09 01:07:12.231,1.54528,1.54548,1.87,1.19
2016.05.09 01:07:12.434,1.54524,1.54548,1.87,1.19
2016.05.09 01:07:12.891,1.54524,1.54548,1.20,1.19
2016.05.09 01:07:16.032,1.54523,1.54552,2.25,1.31
2016.05.09 01:07:16.544,1.54525,1.54551,1.20,1.19
2016.05.09 01:07:17.084,1.54523,1.54551,4.57,1.19
2016.05.09 01:07:17.136,1.54523,1.54546,3.45,1.19
2016.05.09 01:07:17.442,1.54526,1.54546,1.20,1.19
2016.05.09 01:07:18.240,1.54526,1.54551,1.20,1.00
2016.05.09 01:07:19.192,1.54526,1.54551,1.20,1.00
2016.05.09 01:07:19.719,1.54526,1.54551,1.47,1.00
2016.05.09 01:07:20.267,1.54526,1.54551,1.57,1.00
2016.05.09 01:07:20.793,1.54525,1.54551,1.75,1.19
2016.05.09 01:07:20.845,1.54525,1.54551,1.45,1.19
2016.05.09 01:07:20.897,1.54525,1.5455,1.45,1.19
2016.05.09 01:07:22.474,1.54524,1.54549,1.57,1.19
2016.05.09 01:07:23.426,1.54523,1.54542,1.75,1.19
2016.05.09 01:07:23.945,1.54525,1.54542,1.17,1.19
2016.05.09 01:07:24.393,1.54525,1.54548,1.17,1.19
2016.05.09 01:07:24.799,1.54526,1.54548,3.22,1.19
2016.05.09 01:07:25.409,1.5453,1.54557,1.57,1.19
2016.05.09 01:07:25.460,1.54532,1.54557,2.05,1.19
2016.05.09 01:07:25.613,1.54538,1.54562,1.35,1.19
2016.05.09 01:07:25.766,1.54536,1.54562,1.50,1.19
2016.05.09 01:07:26.121,1.54535,1.54562,1.12,1.19
2016.05.09 01:07:26.654,1.54534,1.54562,3.22,1.19
2016.05.09 01:07:28.096,1.54534,1.54562,2.55,1.19
2016.05.09 01:07:28.893,1.54532,1.54562,3.45,1.19
2016.05.09 01:07:30.370,1.54532,1.54562,3.75,1.19
2016.05.09 01:07:34.095,1.54532,1.54558,2.62,1.19
2016.05.09 01:07:34.197,1.5453,1.54558,1.20,1.69
2016.05.09 01:07:34.576,1.54527,1.54558,2.62,1.69
2016.05.09 01:07:34.779,1.5453,1.5456,1.87,1.84
2016.05.09 01:07:35.084,1.54528,1.54551,1.52,1.19
2016.05.09 01:07:35.288,1.54523,1.54546,1.20,1.19
2016.05.09 01:07:35.339,1.54521,1.54546,1.39,1.19
2016.05.09 01:07:35.898,1.5452,1.54544,1.95,1.19
2016.05.09 01:07:36.406,1.54517,1.54544,1.12,1.19
2016.05.09 01:07:36.762,1.54518,1.54546,1.20,1.19
2016.05.09 01:07:36.864,1.5452,1.54547,2.02,1.25
2016.05.09 01:07:38.173,1.54523,1.54547,1.57,1.25
2016.05.09 01:07:38.677,1.54523,1.54547,1.20,1.25
2016.05.09 01:07:39.230,1.54528,1.5455,1.00,1.19
2016.05.09 01:07:39.535,1.5454,1.54558,1.37,1.19
2016.05.09 01:07:40.282,1.54539,1.54558,1.32,1.19
2016.05.09 01:07:40.789,1.54537,1.54558,1.47,1.19
2016.05.09 01:07:42.565,1.54537,1.54558,1.71,1.19
2016.05.09 01:07:44.498,1.54538,1.54558,1.12,1.19
2016.05.09 01:07:44.838,1.54538,1.54552,1.26,1.19
2016.05.09 01:07:44.890,1.54538,1.54562,1.63,1.19
2016.05.09 01:07:45.195,1.54537,1.54559,1.87,1.19
2016.05.09 01:07:45.720,1.54535,1.54559,1.26,1.19
2016.05.09 01:07:45.772,1.54534,1.54559,3.36,1.19
2016.05.09 01:07:46.283,1.54535,1.54559,1.63,1.19
2016.05.09 01:07:48.150,1.54535,1.54559,1.26,1.19
2016.05.09 01:07:48.353,1.54534,1.54559,3.13,1.19
2016.05.09 01:07:51.169,1.54534,1.54557,1.12,1.69
2016.05.09 01:07:51.272,1.54532,1.54557,1.75,1.69
2016.05.09 01:07:51.794,1.54531,1.54555,1.26,1.25
2016.05.09 01:07:52.321,1.54534,1.54559,1.33,1.19
2016.05.09 01:07:52.531,1.54534,1.54559,2.46,1.19
2016.05.09 01:08:02.301,1.54531,1.54553,1.33,1.19
2016.05.09 01:08:02.505,1.54529,1.54549,1.50,1.00
2016.05.09 01:08:02.608,1.54523,1.54546,1.12,1.19
2016.05.09 01:08:02.812,1.5452,1.54543,1.65,1.00
2016.05.09 01:08:02.863,1.5452,1.54543,2.32,1.00
2016.05.09 01:08:04.359,1.5452,1.54542,1.12,1.00
2016.05.09 01:08:04.410,1.54517,1.54542,2.01,1.00
2016.05.09 01:08:04.512,1.54517,1.54542,1.63,1.00
2016.05.09 01:08:05.496,1.54517,1.54542,2.01,1.00
2016.05.09 01:08:07.018,1.54518,1.54545,1.12,1.19
2016.05.09 01:08:07.325,1.54521,1.54547,1.20,1.25
2016.05.09 01:08:07.377,1.54521,1.54547,1.82,1.25
2016.05.09 01:08:07.632,1.54523,1.54549,1.87,1.00
2016.05.09 01:08:09.195,1.54523,1.54546,1.12,1.19
2016.05.09 01:08:15.219,1.54524,1.54546,2.00,1.19
2016.05.09 01:08:17.197,1.54523,1.54546,1.12,1.19
2016.05.09 01:08:18.332,1.54523,1.54548,1.12,1.00
2016.05.09 01:08:19.139,1.54525,1.54548,1.00,1.00
2016.05.09 01:08:19.398,1.54522,1.54548,1.95,1.00
2016.05.09 01:08:19.932,1.54524,1.54548,1.00,1.00
2016.05.09 01:08:25.087,1.54524,1.54548,1.32,1.00
2016.05.09 01:08:25.444,1.54522,1.54548,1.65,1.44
2016.05.09 01:08:25.496,1.54522,1.54548,1.65,1.62
2016.05.09 01:08:26.004,1.54521,1.54547,1.76,1.44
2016.05.09 01:08:27.835,1.54521,1.54547,1.20,1.19
2016.05.09 01:08:30.046,1.54521,1.54547,1.47,1.19
2016.05.09 01:08:35.069,1.54518,1.54544,2.92,1.00
2016.05.09 01:08:35.560,1.54518,1.54544,2.92,1.00
2016.05.09 01:08:38.634,1.54518,1.54544,3.26,1.00
2016.05.09 01:08:41.214,1.54519,1.54546,1.09,1.19
2016.05.09 01:08:41.265,1.54519,1.54546,1.55,1.19
2016.05.09 01:08:44.877,1.54518,1.54546,2.89,1.19
2016.05.09 01:08:45.762,1.54519,1.54546,1.55,1.19
2016.05.09 01:08:45.864,1.54519,1.54542,1.25,1.00
2016.05.09 01:08:48.766,1.54514,1.54541,5.10,1.00
2016.05.09 01:08:48.903,1.54514,1.54541,2.62,1.00
2016.05.09 01:08:50.149,1.54514,1.54541,4.12,1.00
2016.05.09 01:08:52.881,1.54514,1.54541,4.12,1.00
2016.05.09 01:08:57.071,1.54514,1.54541,3.19,1.00
2016.05.09 01:08:57.412,1.54514,1.54537,1.87,1.00
2016.05.09 01:08:57.741,1.54514,1.54537,1.12,1.00
2016.05.09 01:08:57.792,1.54512,1.54537,1.31,1.00
2016.05.09 01:08:58.558,1.54512,1.54537,1.50,1.00
2016.05.09 01:09:00.776,1.54512,1.54537,2.62,1.00
2016.05.09 01:09:03.234,1.54514,1.54537,1.00,1.00
2016.05.09 01:09:03.521,1.54514,1.5454,1.00,1.00
2016.05.09 01:09:04.050,1.54513,1.5454,1.30,1.00
2016.05.09 01:09:04.101,1.54515,1.5454,1.00,1.00
2016.05.09 01:09:04.153,1.54517,1.54545,1.00,3.15
2016.05.09 01:09:04.204,1.54521,1.54545,1.00,1.15
2016.05.09 01:09:04.255,1.54521,1.54547,2.10,1.00
2016.05.09 01:09:04.762,1.54523,1.54547,1.00,1.00
2016.05.09 01:09:05.389,1.54523,1.5455,1.00,1.00
2016.05.09 01:09:05.921,1.54522,1.5455,5.17,1.00
2016.05.09 01:09:07.543,1.54522,1.54548,3.67,1.00
2016.05.09 01:09:07.798,1.54512,1.54539,1.65,1.25
2016.05.09 01:09:08.382,1.5451,1.54539,2.25,1.44
2016.05.09 01:09:08.433,1.5451,1.54536,2.25,1.00
2016.05.09 01:09:08.738,1.54512,1.5454,1.12,1.25
2016.05.09 01:09:11.982,1.54512,1.54537,1.50,1.00
2016.05.09 01:09:12.237,1.54513,1.54539,1.72,1.00
2016.05.09 01:09:12.391,1.54515,1.54539,1.00,1.00
2016.05.09 01:09:12.528,1.54512,1.54539,3.30,1.00
2016.05.09 01:09:13.039,1.54513,1.54539,1.72,1.00
2016.05.09 01:09:14.732,1.54518,1.54539,1.19,1.00
2016.05.09 01:09:17.743,1.54518,1.54541,1.19,1.00
2016.05.09 01:09:23.424,1.54518,1.5454,1.19,1.00
2016.05.09 01:09:32.331,1.54519,1.5454,1.19,1.00
2016.05.09 01:09:32.925,1.54522,1.54543,1.19,1.07
2016.05.09 01:09:32.976,1.54522,1.54545,1.19,1.00
2016.05.09 01:09:33.028,1.54528,1.54545,1.19,1.00
2016.05.09 01:09:38.885,1.54528,1.54546,1.19,1.00
2016.05.09 01:09:41.721,1.54528,1.54546,1.19,1.44
2016.05.09 01:09:42.026,1.54528,1.54546,1.19,1.25
2016.05.09 01:09:42.891,1.54526,1.54546,1.19,1.25
2016.05.09 01:09:43.236,1.54526,1.54543,1.19,1.00
2016.05.09 01:09:45.776,1.54523,1.54543,1.19,1.25
2016.05.09 01:09:47.650,1.54526,1.54543,1.19,1.00
2016.05.09 01:09:48.246,1.54526,1.54544,1.19,1.00
2016.05.09 01:09:53.932,1.54526,1.54546,1.19,1.00
2016.05.09 01:09:54.771,1.54526,1.54543,1.19,1.00
2016.05.09 01:09:54.926,1.54523,1.54543,1.19,1.00
2016.05.09 01:09:59.832,1.54523,1.54545,1.19,1.00
2016.05.09 01:10:05.169,1.54523,1.54545,1.19,1.19
2016.05.09 01:10:08.972,1.54526,1.54545,1.19,1.19
2016.05.09 01:10:24.259,1.54526,1.54549,1.19,1.27
2016.05.09 01:10:29.656,1.54526,1.54549,1.19,2.02
2016.05.09 01:10:30.681,1.54526,1.54549,1.19,2.02
2016.05.09 01:10:30.968,1.54526,1.54549,1.19,1.20
2016.05.09 01:10:31.070,1.54526,1.54549,1.19,2.02
2016.05.09 01:10:31.121,1.54521,1.54549,1.19,1.57
2016.05.09 01:10:31.172,1.54521,1.54549,1.44,1.65
2016.05.09 01:10:31.224,1.54526,1.54549,1.19,1.65
2016.05.09 01:10:31.528,1.5453,1.54553,1.19,1.50
2016.05.09 01:10:31.783,1.54527,1.54553,1.19,1.50
2016.05.09 01:10:31.936,1.54527,1.54556,1.19,2.40
2016.05.09 01:10:31.987,1.54532,1.54556,1.19,2.40
2016.05.09 01:10:32.191,1.54527,1.54553,1.19,1.00
2016.05.09 01:10:32.369,1.54527,1.54553,1.19,1.37
2016.05.09 01:10:32.882,1.54526,1.54551,1.19,1.44
2016.05.09 01:10:33.661,1.54526,1.54551,1.19,1.37
2016.05.09 01:10:36.398,1.54531,1.54552,1.19,2.32
2016.05.09 01:10:36.452,1.54531,1.54555,1.19,1.15
2016.05.09 01:10:36.554,1.54531,1.54556,1.62,1.20
2016.05.09 01:10:36.606,1.54534,1.54557,1.19,1.55
2016.05.09 01:10:36.912,1.5454,1.54562,1.19,1.10
2016.05.09 01:10:40.402,1.5454,1.54563,1.19,1.00
2016.05.09 01:10:40.910,1.5454,1.54566,1.69,1.12
2016.05.09 01:10:41.940,1.5454,1.5456,1.69,1.00
2016.05.09 01:10:43.373,1.5454,1.54563,1.69,1.00
2016.05.09 01:10:45.592,1.54539,1.54563,1.12,1.19
2016.05.09 01:10:45.644,1.54539,1.5456,1.50,1.00
2016.05.09 01:10:45.695,1.54539,1.5456,1.25,1.00
2016.05.09 01:10:46.704,1.54534,1.5456,2.44,1.10
2016.05.09 01:10:47.373,1.54534,1.5456,2.44,1.20
2016.05.09 01:10:48.320,1.54534,1.5456,3.19,1.10
2016.05.09 01:10:48.373,1.54538,1.5456,1.19,1.10
2016.05.09 01:10:51.202,1.54534,1.5456,2.44,1.00
2016.05.09 01:10:56.581,1.54535,1.54557,1.69,1.00
2016.05.09 01:10:56.734,1.54531,1.54557,1.01,1.25
2016.05.09 01:11:00.842,1.54535,1.54559,1.00,1.19
2016.05.09 01:11:06.491,1.54534,1.54559,1.25,1.19
2016.05.09 01:11:07.707,1.54537,1.54559,1.00,1.19
2016.05.09 01:11:10.056,1.54539,1.54559,1.00,1.19
2016.05.09 01:11:11.830,1.5454,1.54561,1.00,1.39
2016.05.09 01:11:11.932,1.5454,1.54561,1.00,1.25
2016.05.09 01:11:12.443,1.54539,1.54561,1.00,1.25
2016.05.09 01:11:13.509,1.54536,1.54561,1.25,1.25
2016.05.09 01:11:13.561,1.54536,1.54561,1.00,1.19
2016.05.09 01:11:16.650,1.54536,1.54561,1.19,1.19
2016.05.09 01:11:18.924,1.54538,1.54561,1.00,1.19
2016.05.09 01:11:19.267,1.54538,1.5456,1.00,1.19
2016.05.09 01:11:19.573,1.5454,1.5456,1.00,1.19
2016.05.09 01:11:22.929,1.54538,1.5456,1.00,1.37
2016.05.09 01:11:34.025,1.54541,1.54563,1.00,2.70
2016.05.09 01:11:34.077,1.54543,1.54566,2.05,1.69
2016.05.09 01:11:34.128,1.54548,1.54572,1.12,1.87
2016.05.09 01:11:34.180,1.5455,1.54576,1.87,1.56
2016.05.09 01:11:34.282,1.54553,1.54579,1.01,1.25
2016.05.09 01:11:35.285,1.54557,1.5458,1.00,1.19
2016.05.09 01:11:36.331,1.54558,1.5458,1.00,1.19
2016.05.09 01:11:36.636,1.54561,1.54582,1.25,1.00
2016.05.09 01:11:37.535,1.54557,1.54582,1.19,1.00
2016.05.09 01:11:40.748,1.54557,1.54582,1.00,1.19
2016.05.09 01:11:41.256,1.54554,1.5458,1.26,1.00
2016.05.09 01:11:42.441,1.54558,1.5458,1.00,1.00
2016.05.09 01:11:44.557,1.54558,1.54584,1.00,1.76
2016.05.09 01:11:48.447,1.5456,1.54584,1.00,1.76
2016.05.09 01:11:50.479,1.54557,1.54584,1.00,1.29
2016.05.09 01:11:50.884,1.54557,1.54584,1.19,1.29
2016.05.09 01:11:51.601,1.54556,1.54581,1.19,1.00
2016.05.09 01:11:51.804,1.54549,1.54575,1.76,1.19
2016.05.09 01:11:51.856,1.54545,1.54571,1.12,1.19
2016.05.09 01:11:51.958,1.5454,1.54565,1.00,1.19
2016.05.09 01:11:52.010,1.54538,1.54565,2.32,1.19
2016.05.09 01:11:53.552,1.54535,1.54565,1.46,1.69
2016.05.09 01:12:04.193,1.54532,1.54559,1.01,1.01
2016.05.09 01:12:04.295,1.54529,1.54559,1.31,1.84
2016.05.09 01:12:04.600,1.54529,1.54556,1.12,1.19
2016.05.09 01:12:04.855,1.54525,1.54553,1.31,1.76
2016.05.09 01:12:07.469,1.54528,1.54552,1.00,1.36
2016.05.09 01:12:08.274,1.54526,1.54552,1.25,1.36
2016.05.09 01:12:09.182,1.54526,1.54552,1.25,1.69
2016.05.09 01:12:10.274,1.54526,1.54552,1.25,1.69
2016.05.09 01:12:11.269,1.5452,1.54547,1.39,1.12
2016.05.09 01:12:11.321,1.54518,1.54547,2.44,2.06
2016.05.09 01:12:14.942,1.54518,1.54547,1.76,1.94
2016.05.09 01:12:16.887,1.54518,1.54547,1.32,2.44
2016.05.09 01:12:19.695,1.54518,1.54547,1.76,2.06
2016.05.09 01:12:21.014,1.54518,1.54547,1.76,2.06
2016.05.09 01:12:24.409,1.54519,1.54543,1.07,1.62
2016.05.09 01:12:26.012,1.54519,1.54546,1.20,1.56
2016.05.09 01:12:28.103,1.54519,1.54546,1.87,1.56
2016.05.09 01:12:35.874,1.54522,1.54553,1.34,1.56
2016.05.09 01:12:36.230,1.54528,1.54553,1.00,2.06
2016.05.09 01:12:37.448,1.5453,1.54553,1.00,2.06
2016.05.09 01:12:38.757,1.54528,1.54553,1.00,1.37
2016.05.09 01:12:40.769,1.54529,1.54553,1.00,1.56
2016.05.09 01:12:46.193,1.54529,1.54553,1.00,1.37
2016.05.09 01:12:47.881,1.54529,1.54553,1.00,1.56
2016.05.09 01:12:50.843,1.54529,1.54553,1.00,1.56
2016.05.09 01:12:52.163,1.5453,1.54553,1.00,1.56
2016.05.09 01:12:52.316,1.5453,1.54554,1.00,1.56
2016.05.09 01:12:52.734,1.5453,1.54555,1.00,2.06
2016.05.09 01:12:55.205,1.5453,1.54554,1.00,1.56
2016.05.09 01:12:59.482,1.54533,1.54554,1.19,1.87
2016.05.09 01:13:02.429,1.54533,1.54551,1.19,1.25
2016.05.09 01:13:07.726,1.54538,1.54555,1.00,1.00
2016.05.09 01:13:07.929,1.54545,1.54566,1.19,1.37
2016.05.09 01:13:08.323,1.54551,1.54566,1.19,1.10
2016.05.09 01:13:08.426,1.54551,1.54568,1.19,1.00
2016.05.09 01:13:08.529,1.54553,1.54573,1.19,1.37
2016.05.09 01:13:09.553,1.54553,1.54572,1.19,1.37
2016.05.09 01:13:09.655,1.5455,1.54572,1.19,1.37
2016.05.09 01:13:10.925,1.5455,1.54572,1.19,1.37
2016.05.09 01:13:11.923,1.5455,1.54572,1.19,1.13
2016.05.09 01:13:14.231,1.5455,1.54572,1.19,1.18
2016.05.09 01:13:15.325,1.5455,1.54572,1.19,1.13
2016.05.09 01:13:16.002,1.54552,1.54574,1.25,1.13
2016.05.09 01:13:21.059,1.54552,1.54574,1.25,1.13
2016.05.09 01:13:22.251,1.54552,1.54574,1.25,1.21
2016.05.09 01:13:24.641,1.54552,1.54574,1.25,1.21
2016.05.09 01:13:25.558,1.54552,1.54577,1.69,3.21
2016.05.09 01:13:25.610,1.54558,1.54577,1.19,1.63
2016.05.09 01:13:25.661,1.54558,1.54578,1.19,1.13
2016.05.09 01:13:26.170,1.54558,1.54581,1.19,1.51
2016.05.09 01:13:26.780,1.54558,1.54581,1.19,1.78
2016.05.09 01:13:26.831,1.54566,1.54581,1.19,1.25
2016.05.09 01:13:27.228,1.54566,1.54587,1.19,1.33
2016.05.09 01:13:28.432,1.54562,1.54587,1.19,1.33
2016.05.09 01:13:29.881,1.54567,1.54587,1.00,1.33
2016.05.09 01:13:29.933,1.54564,1.54587,1.19,1.20
2016.05.09 01:13:29.984,1.54564,1.5459,1.69,1.71
2016.05.09 01:13:30.035,1.54564,1.54591,1.69,1.33
2016.05.09 01:13:30.188,1.54569,1.54592,1.00,2.62
2016.05.09 01:13:30.393,1.54572,1.54596,1.00,1.10
2016.05.09 01:13:30.445,1.54575,1.54596,1.19,1.10
2016.05.09 01:13:30.496,1.54575,1.54599,1.19,1.10
2016.05.09 01:13:30.823,1.54575,1.54601,1.19,1.00
2016.05.09 01:13:30.874,1.54573,1.546,1.29,1.00
2016.05.09 01:13:30.976,1.54573,1.546,1.19,1.45
2016.05.09 01:13:31.282,1.54563,1.54586,1.69,1.00
2016.05.09 01:13:31.587,1.54563,1.54588,1.19,1.50
2016.05.09 01:13:31.689,1.54563,1.5459,1.19,1.57
2016.05.09 01:13:31.740,1.54567,1.5459,1.19,1.57
2016.05.09 01:13:32.145,1.54567,1.54592,1.19,1.15
2016.05.09 01:13:32.349,1.54571,1.54593,1.00,1.20
2016.05.09 01:13:32.553,1.54574,1.54598,1.19,1.87
2016.05.09 01:13:33.112,1.54574,1.54601,1.19,2.40
2016.05.09 01:13:42.225,1.54576,1.54601,1.19,1.20
2016.05.09 01:13:42.738,1.54574,1.54601,1.19,2.62
2016.05.09 01:13:49.027,1.54573,1.54591,1.00,1.00
2016.05.09 01:13:49.366,1.54573,1.54598,1.19,1.12
2016.05.09 01:13:49.739,1.54573,1.54599,1.19,1.20
2016.05.09 01:13:50.276,1.54573,1.54595,1.19,1.00
2016.05.09 01:13:50.530,1.54573,1.54593,1.19,1.00
2016.05.09 01:13:50.785,1.54567,1.5459,1.19,1.17
2016.05.09 01:13:55.722,1.54567,1.54588,1.19,1.00
2016.05.09 01:13:58.917,1.54567,1.54586,1.19,1.00
2016.05.09 01:13:59.443,1.54567,1.54586,1.19,1.17
2016.05.09 01:14:00.144,1.54567,1.54586,1.19,1.15
2016.05.09 01:14:00.554,1.54567,1.54582,1.19,1.00
2016.05.09 01:14:00.605,1.54562,1.54582,1.19,1.50
2016.05.09 01:14:01.113,1.54562,1.54581,1.19,1.12
2016.05.09 01:14:02.048,1.54562,1.54582,1.19,1.50
2016.05.09 01:14:02.839,1.54562,1.54581,1.19,1.12
2016.05.09 01:14:02.940,1.54562,1.54582,1.19,1.00
2016.05.09 01:14:03.517,1.54562,1.54582,1.19,1.17
2016.05.09 01:14:03.993,1.54557,1.54582,1.56,1.17
2016.05.09 01:14:09.346,1.54555,1.5458,1.56,1.00
2016.05.09 01:14:09.854,1.54555,1.54584,1.56,1.09
2016.05.09 01:14:10.532,1.54555,1.5458,1.56,1.00
2016.05.09 01:14:11.489,1.54562,1.54583,1.19,1.00
2016.05.09 01:14:18.272,1.54562,1.54585,1.44,1.00
2016.05.09 01:14:18.781,1.54562,1.54584,1.44,1.00
2016.05.09 01:14:23.441,1.54562,1.54586,1.44,1.17
2016.05.09 01:14:23.872,1.54564,1.54587,1.44,1.00
2016.05.09 01:14:29.999,1.54565,1.54585,1.44,1.00
2016.05.09 01:14:30.050,1.5456,1.54585,1.76,1.25
2016.05.09 01:14:30.101,1.54556,1.54585,1.56,1.57
2016.05.09 01:14:30.414,1.54556,1.54578,1.19,1.75
2016.05.09 01:14:30.566,1.54556,1.54576,1.19,1.75
2016.05.09 01:14:30.668,1.54556,1.54578,1.19,1.44
2016.05.09 01:14:33.667,1.54556,1.54578,1.19,1.00
2016.05.09 01:14:34.087,1.54557,1.54583,1.19,1.37
2016.05.09 01:14:34.139,1.54561,1.54583,1.19,1.37
2016.05.09 01:14:34.191,1.54561,1.54586,1.56,1.37
2016.05.09 01:14:34.242,1.54561,1.54586,1.56,1.00
2016.05.09 01:14:34.294,1.54561,1.54589,2.44,1.00
2016.05.09 01:14:34.346,1.54562,1.54593,1.31,1.37
2016.05.09 01:14:34.702,1.54564,1.54593,1.56,1.00
2016.05.09 01:14:35.109,1.54569,1.54593,1.44,1.00
2016.05.09 01:14:35.628,1.54569,1.54593,1.19,1.44
2016.05.09 01:14:37.082,1.54562,1.54593,1.31,1.25
2016.05.09 01:14:37.133,1.54562,1.54589,1.31,1.00
2016.05.09 01:14:37.438,1.54561,1.54584,1.19,1.00
2016.05.09 01:14:41.258,1.54561,1.54586,1.19,1.00
2016.05.09 01:14:45.103,1.54561,1.54589,1.19,2.25
2016.05.09 01:14:45.336,1.54562,1.54589,1.19,1.00
2016.05.09 01:14:45.702,1.54563,1.54589,1.19,1.00
2016.05.09 01:14:45.753,1.54563,1.54583,1.19,1.00
2016.05.09 01:14:45.805,1.54557,1.54579,1.75,1.19
2016.05.09 01:14:45.856,1.54557,1.54571,1.75,1.00
2016.05.09 01:14:45.958,1.54547,1.54566,1.00,1.00
2016.05.09 01:14:46.010,1.5454,1.54566,1.19,1.12
2016.05.09 01:14:46.559,1.54539,1.54567,1.19,1.00
2016.05.09 01:14:48.150,1.54539,1.54562,1.19,1.00
2016.05.09 01:14:53.304,1.54539,1.54561,1.19,1.00
2016.05.09 01:14:54.540,1.54539,1.5456,1.19,1.00
2016.05.09 01:14:55.044,1.54539,1.54561,1.19,1.00
2016.05.09 01:14:55.348,1.54539,1.54557,1.19,1.00
2016.05.09 01:14:59.706,1.54539,1.54548,1.19,1.00
2016.05.09 01:14:59.757,1.54539,1.54553,1.19,1.00
2016.05.09 01:14:59.810,1.54531,1.5455,1.69,1.00
2016.05.09 01:15:00.166,1.54528,1.54547,1.19,1.00
2016.05.09 01:15:00.318,1.5452,1.54542,1.31,1.00
2016.05.09 01:15:01.009,1.54518,1.54539,1.19,1.00
2016.05.09 01:15:02.911,1.54518,1.54542,1.19,1.00
2016.05.09 01:15:04.769,1.54518,1.54544,1.19,1.00
2016.05.09 01:15:04.820,1.54515,1.54544,2.06,1.19
2016.05.09 01:15:04.973,1.54517,1.54544,1.94,1.00
2016.05.09 01:15:05.075,1.54515,1.54548,1.19,1.19
2016.05.09 01:15:05.177,1.54525,1.54548,1.19,1.00
2016.05.09 01:15:11.320,1.54525,1.54556,1.69,1.19
2016.05.09 01:15:11.423,1.54537,1.54558,1.19,1.12
2016.05.09 01:15:11.474,1.54537,1.54562,1.19,1.00
2016.05.09 01:15:11.945,1.54537,1.54555,1.19,1.00
2016.05.09 01:15:11.996,1.54534,1.54555,1.69,1.00
2016.05.09 01:15:12.048,1.54531,1.54552,1.69,1.00
2016.05.09 01:15:12.352,1.54528,1.54549,1.19,1.00
2016.05.09 01:15:17.151,1.54528,1.54551,1.19,1.00
2016.05.09 01:15:17.410,1.54528,1.54553,1.19,1.00
2016.05.09 01:15:28.070,1.54528,1.54551,1.19,1.00
2016.05.09 01:15:34.227,1.54528,1.54552,1.19,1.00
2016.05.09 01:15:40.363,1.54529,1.54552,1.19,1.00
2016.05.09 01:15:42.256,1.54532,1.54555,1.19,1.00
2016.05.09 01:15:42.410,1.54532,1.54558,1.19,1.00
2016.05.09 01:15:42.563,1.54532,1.54561,1.19,1.00
2016.05.09 01:15:42.614,1.54536,1.54561,1.19,1.00
2016.05.09 01:15:45.685,1.54536,1.54557,1.19,1.00
2016.05.09 01:15:46.461,1.54536,1.5456,1.19,1.00
2016.05.09 01:15:48.413,1.54536,1.5456,1.19,1.37
2016.05.09 01:15:48.636,1.54528,1.54558,1.19,1.00
2016.05.09 01:15:49.974,1.54528,1.54554,1.19,1.00
2016.05.09 01:15:53.476,1.54528,1.54557,1.19,1.00
2016.05.09 01:15:57.544,1.54529,1.54561,3.19,1.25
2016.05.09 01:15:57.951,1.5453,1.54561,1.31,1.62
2016.05.09 01:16:00.053,1.5453,1.54561,1.31,1.56
2016.05.09 01:16:02.561,1.54526,1.54547,1.69,1.00
2016.05.09 01:16:02.613,1.54524,1.54547,1.87,1.19
2016.05.09 01:16:02.664,1.54522,1.54544,1.50,1.31
2016.05.09 01:16:02.715,1.54522,1.5454,1.00,1.00
2016.05.09 01:16:02.767,1.54516,1.54539,1.19,1.00
2016.05.09 01:16:02.818,1.54511,1.54528,2.44,1.00
2016.05.09 01:16:02.971,1.54502,1.5452,1.87,1.25
2016.05.09 01:16:03.074,1.545,1.54518,1.00,1.00
2016.05.09 01:16:03.176,1.5449,1.54515,1.69,1.00
2016.05.09 01:16:03.227,1.5449,1.54508,1.19,1.00
2016.05.09 01:16:03.278,1.54484,1.54504,1.00,1.00
2016.05.09 01:16:03.330,1.54483,1.54494,1.37,1.00
2016.05.09 01:16:03.381,1.54474,1.54494,1.75,1.56
2016.05.09 01:16:03.483,1.54474,1.54494,1.00,1.50
2016.05.09 01:16:03.587,1.54474,1.54494,1.19,1.00
2016.05.09 01:16:03.640,1.54474,1.54497,1.19,1.00
2016.05.09 01:16:03.691,1.54472,1.545,1.19,1.50
2016.05.09 01:16:08.970,1.54467,1.54502,1.19,1.00
2016.05.09 01:16:09.521,1.54463,1.54502,1.19,1.19
2016.05.09 01:16:10.580,1.54463,1.545,1.19,1.56
2016.05.09 01:16:10.632,1.54462,1.54498,1.69,1.12
2016.05.09 01:16:10.785,1.54462,1.545,1.69,1.12
2016.05.09 01:16:10.848,1.54465,1.545,1.19,1.12
2016.05.09 01:16:11.001,1.54465,1.54502,1.19,1.50
2016.05.09 01:16:11.658,1.54465,1.54503,2.06,1.25
2016.05.09 01:16:11.760,1.54469,1.54504,1.19,1.00
2016.05.09 01:16:11.914,1.54469,1.54507,1.56,1.25
2016.05.09 01:16:11.965,1.54472,1.54507,1.31,1.00
2016.05.09 01:16:12.017,1.54472,1.54509,1.31,1.00
2016.05.09 01:16:14.110,1.54474,1.54507,1.19,1.00
2016.05.09 01:16:15.733,1.54477,1.54509,1.19,1.00
2016.05.09 01:16:15.785,1.54482,1.54513,1.19,1.00
2016.05.09 01:16:16.294,1.54482,1.54514,1.19,1.00
2016.05.09 01:16:17.043,1.5448,1.54517,1.19,1.19
2016.05.09 01:16:19.452,1.54476,1.54516,1.31,1.56
2016.05.09 01:16:19.655,1.54472,1.54512,1.69,1.56
2016.05.09 01:16:20.217,1.54475,1.54512,1.19,1.37
2016.05.09 01:16:20.268,1.54475,1.54512,1.19,1.00
2016.05.09 01:16:20.783,1.54476,1.5451,1.19,1.00
2016.05.09 01:16:21.603,1.5448,1.54512,1.19,1.00
2016.05.09 01:16:21.654,1.54486,1.54513,1.19,1.00
2016.05.09 01:16:21.756,1.54483,1.54516,1.19,1.00
2016.05.09 01:16:21.807,1.54483,1.54519,1.19,1.69
2016.05.09 01:16:22.329,1.54487,1.54518,1.19,1.00
2016.05.09 01:16:22.383,1.54487,1.5452,2.06,1.00
2016.05.09 01:16:22.435,1.54487,1.54523,2.06,1.50
2016.05.09 01:16:22.587,1.54487,1.54521,1.69,1.00
2016.05.09 01:16:23.100,1.54487,1.5452,1.19,1.00
2016.05.09 01:16:23.518,1.54485,1.5452,1.69,1.00
2016.05.09 01:16:25.020,1.54488,1.54517,1.19,1.00
2016.05.09 01:16:25.071,1.54488,1.54517,1.19,1.19
2016.05.09 01:16:25.174,1.54483,1.54517,1.19,1.00
2016.05.09 01:16:25.662,1.5448,1.54513,1.19,1.00
2016.05.09 01:16:25.815,1.54475,1.5451,1.19,1.00
2016.05.09 01:16:26.130,1.54473,1.54507,1.19,1.00
2016.05.09 01:16:26.538,1.54473,1.5451,1.31,1.00
2016.05.09 01:16:27.015,1.54476,1.54507,1.00,1.56
2016.05.09 01:16:27.524,1.54472,1.54505,1.69,1.19
2016.05.09 01:16:29.960,1.54471,1.545,1.19,1.00
2016.05.09 01:16:30.293,1.54464,1.54492,1.69,1.37
2016.05.09 01:16:32.045,1.54464,1.54493,1.19,2.06
2016.05.09 01:16:32.654,1.54464,1.54493,1.19,3.32
2016.05.09 01:16:34.457,1.54464,1.54492,1.19,1.50
2016.05.09 01:16:34.813,1.54471,1.54493,1.19,1.00
2016.05.09 01:16:34.864,1.54474,1.54496,1.19,1.00
2016.05.09 01:16:35.017,1.54475,1.54507,2.06,1.31
2016.05.09 01:16:36.626,1.54475,1.54508,2.06,1.74
2016.05.09 01:16:37.033,1.54474,1.54504,1.69,1.44
2016.05.09 01:16:37.273,1.5446,1.5449,1.12,1.82
2016.05.09 01:16:37.325,1.54456,1.5449,1.19,1.82
2016.05.09 01:16:37.376,1.54456,1.54486,1.19,1.19
2016.05.09 01:16:38.993,1.54452,1.54484,1.31,1.19
2016.05.09 01:16:41.152,1.54454,1.54484,2.14,1.19
2016.05.09 01:16:41.558,1.54454,1.54482,2.44,1.19
2016.05.09 01:16:41.964,1.54454,1.54485,2.44,1.19
2016.05.09 01:16:42.647,1.54454,1.54487,2.01,1.84
2016.05.09 01:16:42.851,1.54458,1.54491,1.69,2.59
2016.05.09 01:16:45.067,1.54463,1.54491,1.00,1.34
2016.05.09 01:16:45.373,1.5447,1.54491,1.20,1.19
2016.05.09 01:16:45.425,1.5448,1.54503,1.01,1.00
2016.05.09 01:16:45.504,1.5448,1.54509,1.84,1.19
2016.05.09 01:16:45.657,1.5448,1.54512,2.14,1.36
2016.05.09 01:16:45.759,1.5448,1.54512,1.76,1.69
2016.05.09 01:16:46.629,1.54483,1.54513,1.19,1.31
2016.05.09 01:16:47.168,1.54485,1.54515,2.06,1.76
2016.05.09 01:16:47.677,1.54487,1.54515,1.00,1.19
2016.05.09 01:16:48.185,1.54485,1.54515,3.64,1.26
2016.05.09 01:16:49.429,1.54487,1.54515,1.00,1.19
2016.05.09 01:16:49.734,1.54487,1.54515,1.50,1.19
2016.05.09 01:16:50.232,1.54486,1.54515,1.12,1.69
2016.05.09 01:16:50.486,1.54486,1.54515,1.87,1.31
2016.05.09 01:16:51.818,1.54487,1.54515,1.50,1.19
2016.05.09 01:16:52.288,1.54497,1.54515,1.00,1.19
2016.05.09 01:16:52.340,1.54497,1.54521,1.00,1.31
2016.05.09 01:16:52.392,1.54497,1.54526,1.50,2.06
2016.05.09 01:16:52.443,1.545,1.54526,2.02,1.19
2016.05.09 01:16:52.494,1.54501,1.54526,1.37,1.19
2016.05.09 01:16:52.546,1.54503,1.54532,1.27,1.29
2016.05.09 01:16:52.648,1.54506,1.54532,1.47,1.19
2016.05.09 01:16:52.785,1.54509,1.5454,1.50,2.02
2016.05.09 01:16:53.648,1.54509,1.5454,1.87,2.21
2016.05.09 01:16:57.228,1.54507,1.54536,1.94,1.01
2016.05.09 01:16:57.551,1.54506,1.54533,2.81,1.56
2016.05.09 01:16:57.805,1.54503,1.54534,1.31,1.71
2016.05.09 01:16:57.857,1.54503,1.54534,1.31,1.71
2016.05.09 01:16:59.460,1.54503,1.54533,2.06,1.44
2016.05.09 01:16:59.997,1.54503,1.54531,1.31,1.07
2016.05.09 01:17:01.012,1.54503,1.54533,1.31,1.44
2016.05.09 01:17:02.960,1.54504,1.54536,1.19,1.59
2016.05.09 01:17:03.357,1.54507,1.54537,1.57,1.97
2016.05.09 01:17:03.461,1.54508,1.54539,1.69,1.47
2016.05.09 01:17:03.969,1.54508,1.54539,1.19,2.19
2016.05.09 01:17:04.071,1.54513,1.54539,1.00,2.19
2016.05.09 01:17:04.376,1.54512,1.54537,1.00,1.89
2016.05.09 01:17:04.881,1.54513,1.54537,1.00,2.19
2016.05.09 01:17:05.034,1.5451,1.54537,1.00,2.19
2016.05.09 01:17:05.252,1.54508,1.54537,1.50,2.19
2016.05.09 01:17:05.865,1.5451,1.54537,1.00,2.19
2016.05.09 01:17:06.374,1.54509,1.54537,1.00,1.36
2016.05.09 01:17:08.169,1.5451,1.54537,1.00,1.36
2016.05.09 01:17:08.475,1.54513,1.54537,1.00,1.29
2016.05.09 01:17:08.730,1.54515,1.5454,1.00,2.14
2016.05.09 01:17:09.731,1.54516,1.5454,1.00,1.84
2016.05.09 01:17:10.259,1.54518,1.54539,1.00,1.19
2016.05.09 01:17:13.830,1.54515,1.5454,1.00,1.84
2016.05.09 01:17:13.944,1.54513,1.5454,1.00,1.84
2016.05.09 01:17:16.437,1.54512,1.5454,1.00,1.84
2016.05.09 01:17:16.982,1.54511,1.54537,1.00,1.36
2016.05.09 01:17:17.033,1.54507,1.54532,1.25,1.00
2016.05.09 01:17:17.084,1.54504,1.54532,1.39,1.19
2016.05.09 01:17:17.339,1.54501,1.54529,1.00,1.34
2016.05.09 01:17:19.261,1.545,1.54529,1.00,1.34
2016.05.09 01:17:19.363,1.54504,1.54529,1.00,1.34
2016.05.09 01:17:19.997,1.54505,1.54533,1.00,2.51
2016.05.09 01:17:28.848,1.54507,1.54533,1.00,1.39
2016.05.09 01:17:28.951,1.54509,1.54536,1.00,2.81
2016.05.09 01:17:32.077,1.54511,1.54536,1.00,1.31
2016.05.09 01:17:34.679,1.54517,1.54535,1.00,1.12
2016.05.09 01:17:34.782,1.5452,1.54543,1.10,1.94
2016.05.09 01:17:34.833,1.54521,1.54543,1.12,1.19
2016.05.09 01:17:35.148,1.54526,1.54548,1.00,1.19
2016.05.09 01:17:35.697,1.54528,1.5455,1.00,1.49
2016.05.09 01:17:37.235,1.54532,1.54555,1.00,1.19
2016.05.09 01:17:37.998,1.54532,1.54552,1.00,1.19
2016.05.09 01:17:42.348,1.5453,1.54552,1.50,1.36
2016.05.09 01:17:48.969,1.54527,1.54552,1.00,1.26
2016.05.09 01:17:51.281,1.54527,1.54555,1.25,1.39
2016.05.09 01:17:52.155,1.54529,1.54555,1.00,1.39
2016.05.09 01:17:54.154,1.5453,1.54555,1.00,1.19
2016.05.09 01:17:54.463,1.54531,1.54555,1.37,1.19
2016.05.09 01:18:09.360,1.54531,1.54556,1.37,1.20
2016.05.09 01:18:10.445,1.54528,1.54556,1.00,1.57
2016.05.09 01:18:12.333,1.54526,1.54555,3.00,1.01
2016.05.09 01:18:12.689,1.54526,1.54544,1.50,1.50
2016.05.09 01:18:12.926,1.54507,1.54535,1.31,1.01
2016.05.09 01:18:14.108,1.54507,1.54534,1.31,1.76
2016.05.09 01:18:15.404,1.54507,1.54535,1.31,2.06
2016.05.09 01:18:19.702,1.54505,1.54535,1.19,1.39
2016.05.09 01:18:20.016,1.54505,1.54534,1.00,1.31
2016.05.09 01:18:38.353,1.54505,1.54532,1.25,1.12
2016.05.09 01:18:48.633,1.545,1.54525,2.32,1.94
2016.05.09 01:18:48.685,1.54499,1.5452,1.69,1.12
2016.05.09 01:18:48.737,1.54499,1.54515,1.50,1.62
2016.05.09 01:18:48.839,1.54488,1.54514,1.69,2.40
2016.05.09 01:18:48.895,1.54488,1.54513,1.25,1.31
2016.05.09 01:18:49.201,1.54488,1.5451,1.00,1.44
2016.05.09 01:18:49.253,1.54488,1.54512,1.00,1.59
2016.05.09 01:18:50.801,1.54484,1.54512,1.00,1.59
2016.05.09 01:18:58.547,1.54481,1.5451,1.19,1.19
2016.05.09 01:19:00.998,1.54484,1.54512,1.00,1.34
2016.05.09 01:19:01.538,1.54483,1.54512,1.39,1.44
2016.05.09 01:19:03.375,1.54484,1.5451,1.00,1.19
2016.05.09 01:19:03.924,1.54483,1.5451,1.69,1.19
2016.05.09 01:19:07.392,1.54483,1.5451,1.19,1.19
2016.05.09 01:19:10.362,1.54482,1.54512,1.19,2.06
2016.05.09 01:19:15.752,1.54482,1.5451,1.19,1.00
2016.05.09 01:19:18.887,1.54485,1.54511,1.19,1.25
2016.05.09 01:19:22.879,1.54483,1.54511,1.56,1.40
2016.05.09 01:19:26.976,1.54481,1.54511,2.44,1.69
2016.05.09 01:19:27.432,1.54483,1.54511,1.94,1.01
2016.05.09 01:19:28.984,1.54486,1.54514,1.69,1.95
2016.05.09 01:19:36.763,1.54483,1.54512,3.94,1.26
2016.05.09 01:19:40.751,1.54484,1.54503,1.37,1.19
2016.05.09 01:19:40.802,1.5448,1.54504,1.12,1.70
2016.05.09 01:19:40.853,1.54479,1.54497,1.75,1.19
2016.05.09 01:19:40.905,1.54471,1.54497,1.65,1.44
2016.05.09 01:19:40.956,1.54471,1.54495,1.20,1.26
2016.05.09 01:19:41.058,1.54465,1.54494,1.82,1.45
2016.05.09 01:19:41.186,1.54465,1.54495,1.36,1.52
2016.05.09 01:19:42.784,1.54465,1.54495,1.19,1.71
2016.05.09 01:19:48.743,1.54464,1.54492,1.19,1.40
2016.05.09 01:19:50.182,1.54464,1.5449,1.19,1.15
2016.05.09 01:19:51.114,1.54464,1.54486,1.19,1.37
2016.05.09 01:19:51.216,1.5446,1.54486,1.12,2.06
2016.05.09 01:19:51.336,1.54452,1.54476,1.01,1.25
2016.05.09 01:19:51.439,1.54447,1.54476,1.82,1.51
2016.05.09 01:19:56.620,1.54451,1.54476,1.00,1.64
2016.05.09 01:19:57.854,1.54451,1.54475,1.00,1.20
2016.05.09 01:20:00.720,1.54448,1.54475,1.19,1.29
2016.05.09 01:20:01.914,1.54453,1.54478,1.00,1.76
2016.05.09 01:20:02.616,1.54449,1.54478,1.69,1.76
2016.05.09 01:20:09.342,1.5445,1.54476,1.00,1.70
2016.05.09 01:20:10.205,1.54455,1.54479,1.19,2.89
2016.05.09 01:20:10.310,1.54457,1.54484,1.00,1.95
2016.05.09 01:20:10.363,1.54459,1.54485,1.25,1.36
2016.05.09 01:20:10.465,1.54459,1.54485,1.36,1.10
2016.05.09 01:20:10.771,1.54464,1.54485,1.00,1.00
2016.05.09 01:20:11.076,1.54461,1.54485,1.19,1.00
2016.05.09 01:20:11.294,1.54461,1.54489,1.19,1.27
2016.05.09 01:20:20.259,1.54459,1.54486,1.62,1.00
2016.05.09 01:20:20.361,1.54466,1.54491,1.69,1.20
2016.05.09 01:20:20.413,1.54467,1.54496,1.12,1.87
2016.05.09 01:20:20.464,1.54467,1.54496,1.31,1.69
2016.05.09 01:20:21.292,1.54468,1.54496,1.27,1.44
2016.05.09 01:20:21.829,1.54463,1.54493,2.62,1.31
2016.05.09 01:20:24.441,1.54463,1.54493,2.81,1.62
2016.05.09 01:20:27.169,1.54464,1.54493,1.01,1.44
2016.05.09 01:20:27.754,1.54463,1.54493,2.06,1.62
2016.05.09 01:20:27.809,1.54462,1.54493,2.51,1.76
2016.05.09 01:20:29.671,1.54462,1.5449,1.25,1.74
2016.05.09 01:20:32.144,1.54462,1.5449,1.27,1.62
2016.05.09 01:20:32.601,1.54463,1.54492,2.89,1.56
2016.05.09 01:20:33.118,1.54464,1.54492,1.12,1.19
2016.05.09 01:20:33.519,1.54465,1.54492,1.31,1.19
2016.05.09 01:20:33.723,1.54463,1.54492,3.00,1.19
2016.05.09 01:20:36.170,1.54463,1.54492,2.21,1.25
2016.05.09 01:20:37.563,1.54465,1.54491,1.64,1.00
2016.05.09 01:20:39.917,1.54465,1.54487,1.70,1.00
2016.05.09 01:20:40.222,1.54468,1.54487,2.14,1.00
2016.05.09 01:20:40.476,1.54462,1.54487,2.62,1.00
2016.05.09 01:20:41.061,1.54462,1.54484,2.62,1.00
2016.05.09 01:20:41.922,1.54462,1.54484,1.25,1.00
2016.05.09 01:20:44.195,1.54462,1.54484,1.09,1.00
2016.05.09 01:20:44.785,1.54462,1.54484,1.46,1.00
2016.05.09 01:20:44.961,1.54462,1.54481,1.09,1.00
2016.05.09 01:20:45.317,1.54458,1.54479,1.39,1.00
2016.05.09 01:20:51.332,1.54457,1.54478,1.19,1.00
2016.05.09 01:20:55.879,1.54461,1.54478,1.56,1.00
2016.05.09 01:20:59.255,1.54457,1.54478,1.50,1.00
2016.05.09 01:21:00.700,1.54457,1.54478,1.10,1.00
2016.05.09 01:21:04.338,1.54453,1.54478,2.59,1.00
2016.05.09 01:21:05.404,1.54454,1.54478,1.69,1.00
2016.05.09 01:21:13.246,1.54455,1.54478,1.01,1.00
2016.05.09 01:21:13.297,1.54456,1.54478,1.37,1.00
2016.05.09 01:21:13.399,1.54455,1.5448,2.89,1.25
2016.05.09 01:21:13.932,1.54461,1.5448,1.00,1.25
2016.05.09 01:21:14.509,1.54456,1.5448,1.95,1.25
2016.05.09 01:21:14.712,1.54461,1.5448,1.00,1.25
2016.05.09 01:21:16.308,1.54462,1.5448,1.00,1.25
2016.05.09 01:21:16.623,1.54455,1.54477,2.25,1.00
2016.05.09 01:21:16.674,1.54455,1.54477,2.25,1.19
2016.05.09 01:21:16.726,1.54455,1.54477,1.00,1.19
2016.05.09 01:21:16.778,1.54455,1.54477,1.00,1.19
2016.05.09 01:21:16.829,1.54459,1.54477,1.00,1.19
2016.05.09 01:21:16.982,1.54461,1.54483,1.00,1.19
2016.05.09 01:21:21.412,1.54459,1.54483,1.37,1.19
2016.05.09 01:21:23.836,1.54459,1.54479,1.37,1.00
2016.05.09 01:21:24.040,1.54457,1.54479,1.10,1.00
2016.05.09 01:21:24.226,1.54458,1.54482,1.00,1.25
2016.05.09 01:21:24.329,1.54458,1.54482,1.84,1.25
2016.05.09 01:21:30.277,1.54458,1.5448,1.84,1.00
2016.05.09 01:21:30.440,1.54455,1.54479,1.09,1.00
2016.05.09 01:21:30.491,1.54455,1.54479,1.01,1.00
2016.05.09 01:21:31.963,1.54455,1.54479,1.39,1.00
2016.05.09 01:21:34.308,1.54455,1.54479,1.84,1.00
2016.05.09 01:21:35.664,1.54455,1.5448,1.40,1.25
2016.05.09 01:21:37.081,1.54455,1.54476,1.40,1.00
2016.05.09 01:21:37.235,1.54455,1.54478,1.09,1.25
2016.05.09 01:21:41.629,1.54455,1.54476,1.09,1.00
2016.05.09 01:21:41.934,1.54454,1.54476,1.00,1.19
2016.05.09 01:21:43.696,1.54449,1.54471,1.15,1.00
2016.05.09 01:21:43.798,1.54448,1.54471,1.25,1.00
2016.05.09 01:21:43.850,1.54448,1.54469,1.25,1.00
2016.05.09 01:21:44.195,1.54441,1.54461,2.14,1.00
2016.05.09 01:21:44.501,1.54439,1.54457,1.19,1.00
2016.05.09 01:21:44.705,1.54436,1.54457,1.29,1.00
2016.05.09 01:21:44.756,1.54436,1.54461,1.66,1.00
2016.05.09 01:21:44.808,1.54439,1.54463,1.09,1.00
2016.05.09 01:21:45.358,1.5444,1.54463,2.70,1.00
2016.05.09 01:21:45.570,1.5444,1.54462,2.70,1.19
2016.05.09 01:21:46.240,1.5444,1.54462,3.07,1.19
2016.05.09 01:21:48.228,1.54439,1.54462,1.00,1.19
2016.05.09 01:21:48.432,1.54439,1.54462,1.87,1.19
2016.05.09 01:21:51.505,1.54436,1.54459,1.20,1.25
2016.05.09 01:21:52.604,1.54436,1.54463,2.70,1.00
2016.05.09 01:21:52.706,1.54443,1.54463,1.00,1.00
2016.05.09 01:21:52.758,1.54443,1.54466,1.00,1.00
2016.05.09 01:21:52.809,1.54443,1.54466,1.15,1.00
2016.05.09 01:21:53.353,1.54443,1.54466,1.50,1.00
2016.05.09 01:21:54.223,1.54443,1.54468,1.50,1.00
2016.05.09 01:21:56.983,1.54443,1.54468,1.17,1.00
2016.05.09 01:21:59.467,1.54443,1.54465,1.17,1.00
2016.05.09 01:22:02.322,1.54441,1.54464,1.57,1.19
2016.05.09 01:22:04.292,1.54441,1.54464,1.95,1.19
2016.05.09 01:22:09.673,1.54443,1.54469,1.55,1.19
2016.05.09 01:22:09.725,1.54447,1.54469,1.37,1.19
2016.05.09 01:22:10.029,1.54448,1.54471,1.47,1.19
2016.05.09 01:22:15.141,1.54447,1.54471,1.95,1.19
2016.05.09 01:22:15.344,1.54447,1.5447,1.37,1.19
2016.05.09 01:22:15.396,1.54447,1.54467,1.37,1.19
2016.05.09 01:22:15.497,1.54447,1.54469,1.52,1.19
2016.05.09 01:22:15.549,1.54447,1.54469,1.15,1.19
2016.05.09 01:22:19.376,1.54447,1.5446,1.15,1.00
2016.05.09 01:22:19.427,1.54445,1.5446,1.37,1.00
2016.05.09 01:22:19.479,1.54444,1.5446,1.00,1.25
2016.05.09 01:22:19.581,1.54442,1.54462,1.20,1.00
2016.05.09 01:22:19.683,1.54445,1.54467,1.20,1.31
2016.05.09 01:22:20.190,1.54443,1.54467,1.57,1.19
2016.05.09 01:22:20.293,1.54444,1.5447,1.07,1.69
2016.05.09 01:22:20.598,1.54448,1.5447,1.57,1.19
2016.05.09 01:22:21.106,1.54448,1.5447,3.00,1.19
2016.05.09 01:22:22.621,1.54448,1.5447,2.02,1.19
2016.05.09 01:22:27.043,1.54447,1.54466,3.15,1.19
2016.05.09 01:22:31.198,1.54443,1.5446,1.12,1.00
2016.05.09 01:22:31.249,1.54442,1.5446,1.75,1.19
2016.05.09 01:22:31.352,1.54436,1.54458,1.12,1.25
2016.05.09 01:22:31.404,1.54434,1.54456,1.85,1.00
2016.05.09 01:22:31.455,1.5443,1.54456,4.50,1.00
2016.05.09 01:22:31.558,1.5443,1.54454,1.20,1.00
2016.05.09 01:22:31.764,1.54428,1.54454,1.65,1.00
2016.05.09 01:22:32.272,1.54428,1.54454,1.57,1.00
2016.05.09 01:22:32.781,1.5443,1.54454,1.00,1.00
2016.05.09 01:22:33.187,1.5443,1.54451,1.00,1.00
2016.05.09 01:22:33.513,1.54428,1.54451,1.07,1.19
2016.05.09 01:22:34.943,1.54428,1.54451,1.87,1.19
2016.05.09 01:22:35.457,1.5443,1.54451,1.20,1.19
2016.05.09 01:22:36.924,1.5443,1.54449,1.00,1.25
2016.05.09 01:22:36.976,1.5443,1.54446,1.00,1.00
2016.05.09 01:22:37.027,1.54427,1.54446,1.00,1.00
2016.05.09 01:22:37.079,1.54427,1.54446,1.00,1.19
2016.05.09 01:22:38.240,1.54423,1.54447,1.10,1.19
2016.05.09 01:22:38.393,1.54423,1.54449,1.10,1.31
2016.05.09 01:22:41.814,1.54421,1.54447,1.25,1.36
2016.05.09 01:22:41.916,1.54421,1.54445,1.00,1.19
2016.05.09 01:22:42.018,1.54418,1.54445,1.00,2.06
2016.05.09 01:22:42.121,1.54416,1.54442,1.00,1.39
2016.05.09 01:22:42.274,1.54412,1.54436,1.19,1.10
2016.05.09 01:22:42.580,1.54416,1.54436,1.00,1.29
2016.05.09 01:22:42.886,1.54433,1.54446,1.00,1.12
2016.05.09 01:22:42.988,1.54433,1.54459,1.00,2.06
2016.05.09 01:22:43.039,1.54436,1.54459,1.00,1.31
2016.05.09 01:22:43.141,1.54436,1.54462,1.00,2.06
2016.05.09 01:22:43.295,1.54439,1.54462,1.00,2.06
2016.05.09 01:22:45.834,1.54442,1.54462,1.44,1.34
2016.05.09 01:22:45.886,1.54442,1.54462,1.44,1.34
2016.05.09 01:22:45.988,1.54448,1.54467,1.00,1.76
2016.05.09 01:22:46.090,1.54448,1.54471,1.44,1.09
2016.05.09 01:22:46.141,1.5445,1.54472,1.19,1.01
2016.05.09 01:22:46.483,1.5445,1.54473,1.37,1.29
2016.05.09 01:22:46.850,1.5445,1.54476,1.37,1.69
2016.05.09 01:22:47.842,1.5445,1.54475,1.00,1.39
2016.05.09 01:22:47.944,1.54447,1.54471,1.75,1.19
2016.05.09 01:22:48.047,1.54444,1.5447,1.25,1.36
2016.05.09 01:22:48.250,1.5444,1.54466,1.12,1.36
2016.05.09 01:22:50.574,1.5444,1.54465,1.12,1.09
2016.05.09 01:22:52.570,1.5444,1.54462,1.00,1.19
2016.05.09 01:22:52.723,1.54438,1.54462,1.00,1.69
2016.05.09 01:22:53.027,1.54435,1.54462,1.00,4.31
2016.05.09 01:22:55.110,1.54435,1.54455,1.00,1.19
2016.05.09 01:22:55.814,1.54431,1.54455,1.00,1.19
2016.05.09 01:23:00.196,1.54429,1.54454,1.00,1.39
2016.05.09 01:23:00.308,1.54433,1.54454,1.00,1.29
2016.05.09 01:23:01.173,1.54433,1.54459,1.00,1.84
2016.05.09 01:23:02.429,1.54438,1.54459,1.00,1.84
2016.05.09 01:23:02.480,1.54438,1.54459,1.00,1.84
2016.05.09 01:23:03.038,1.5444,1.54462,1.00,1.84
2016.05.09 01:23:03.140,1.5444,1.54465,1.19,1.00
2016.05.09 01:23:03.496,1.54447,1.54465,1.25,1.20
2016.05.09 01:23:04.510,1.54448,1.54465,1.00,1.00
2016.05.09 01:23:04.612,1.54448,1.5447,1.10,2.25
2016.05.09 01:23:04.663,1.54448,1.5447,1.10,1.12
2016.05.09 01:23:04.714,1.54448,1.54471,1.12,1.00
2016.05.09 01:23:04.972,1.54455,1.54477,1.00,1.00
2016.05.09 01:23:05.074,1.54455,1.5448,1.00,1.95
2016.05.09 01:23:05.582,1.54455,1.5448,1.00,1.10
2016.05.09 01:23:05.836,1.54455,1.54478,1.00,1.20
2016.05.09 01:23:06.180,1.54461,1.54478,1.19,1.20
2016.05.09 01:23:06.685,1.54461,1.54479,1.19,1.12
2016.05.09 01:23:06.844,1.54461,1.5448,1.19,1.12
2016.05.09 01:23:07.351,1.54461,1.5448,1.19,1.50
2016.05.09 01:23:08.817,1.54461,1.54478,1.19,1.12
2016.05.09 01:23:08.994,1.54458,1.54477,1.19,1.50
2016.05.09 01:23:12.645,1.54458,1.54479,1.19,2.25
2016.05.09 01:23:12.697,1.54458,1.5448,1.19,2.25
2016.05.09 01:23:12.798,1.54458,1.54479,1.19,1.00
2016.05.09 01:23:13.344,1.54458,1.5448,1.19,1.00
2016.05.09 01:23:13.699,1.5446,1.5448,1.69,1.00
2016.05.09 01:23:13.954,1.5446,1.54484,1.69,2.32
2016.05.09 01:23:14.843,1.54462,1.54484,1.00,1.57
2016.05.09 01:23:15.057,1.54459,1.54484,1.25,1.95
2016.05.09 01:23:19.410,1.54459,1.54481,1.69,1.10
2016.05.09 01:23:19.917,1.54459,1.54482,1.69,1.00
2016.05.09 01:23:20.431,1.54459,1.54483,1.69,1.10
2016.05.09 01:23:21.693,1.54459,1.54483,2.06,1.10
2016.05.09 01:23:21.896,1.54459,1.54483,1.87,1.10
2016.05.09 01:23:23.315,1.54459,1.54485,1.69,3.07
2016.05.09 01:23:23.520,1.54459,1.54484,1.69,1.85
2016.05.09 01:23:32.160,1.54459,1.54483,1.00,1.12
2016.05.09 01:23:33.851,1.54459,1.54482,1.00,1.12
2016.05.09 01:23:34.003,1.54459,1.54483,1.00,1.12
2016.05.09 01:23:36.284,1.54458,1.54481,1.19,1.39
2016.05.09 01:23:40.170,1.54462,1.54482,1.00,1.50
2016.05.09 01:23:40.272,1.54466,1.54484,1.19,1.00
2016.05.09 01:23:40.323,1.5447,1.54485,1.56,1.00
2016.05.09 01:23:40.426,1.54472,1.54489,1.44,1.00
2016.05.09 01:23:40.516,1.54475,1.5449,1.37,1.00
2016.05.09 01:23:40.567,1.54475,1.54495,1.37,1.00
2016.05.09 01:23:40.720,1.54475,1.54498,1.37,1.00
2016.05.09 01:23:40.924,1.54475,1.54498,1.25,1.00
2016.05.09 01:23:41.333,1.54475,1.54498,1.00,1.07
2016.05.09 01:23:41.743,1.54475,1.54494,1.00,1.00
2016.05.09 01:23:42.830,1.5447,1.54492,1.62,1.00
2016.05.09 01:23:44.558,1.5447,1.54489,1.62,1.00
2016.05.09 01:23:46.132,1.5447,1.54489,1.56,1.00
2016.05.09 01:23:46.654,1.54471,1.54489,1.56,1.00
2016.05.09 01:23:47.637,1.5447,1.54489,1.56,1.00
2016.05.09 01:23:49.038,1.5447,1.54489,1.62,1.00
2016.05.09 01:23:49.494,1.5447,1.54489,1.56,1.00
2016.05.09 01:23:50.045,1.54473,1.5449,1.62,1.00
2016.05.09 01:23:50.350,1.54473,1.5449,1.62,1.00
2016.05.09 01:23:50.996,1.54471,1.5449,1.56,1.00
2016.05.09 01:23:52.542,1.5447,1.5449,1.56,1.00
2016.05.09 01:23:54.643,1.54469,1.5449,1.56,1.00
2016.05.09 01:23:54.695,1.54469,1.54487,1.56,1.00
2016.05.09 01:23:58.521,1.54469,1.5449,1.94,1.00
2016.05.09 01:23:58.623,1.54474,1.5449,1.62,1.00
2016.05.09 01:24:00.766,1.5447,1.54488,1.46,1.00
2016.05.09 01:24:00.868,1.54468,1.54484,1.31,1.00
2016.05.09 01:24:01.123,1.54457,1.54475,1.19,1.00
2016.05.09 01:24:01.174,1.54457,1.54471,1.19,1.00
2016.05.09 01:24:05.168,1.54456,1.54471,1.19,1.00
2016.05.09 01:24:05.679,1.54455,1.54471,1.19,1.00
2016.05.09 01:24:06.783,1.54455,1.5447,1.19,1.00
2016.05.09 01:24:15.169,1.54452,1.5447,1.19,1.00
2016.05.09 01:24:18.592,1.54452,1.54469,1.19,1.00
2016.05.09 01:24:33.369,1.54453,1.54469,1.19,1.00
2016.05.09 01:24:39.372,1.54452,1.54469,1.19,1.00
2016.05.09 01:24:39.909,1.54447,1.54469,1.19,1.00
2016.05.09 01:24:47.111,1.54447,1.54467,1.19,1.00
2016.05.09 01:24:47.630,1.54449,1.54467,1.19,1.00
2016.05.09 01:24:48.881,1.54449,1.54464,1.19,1.00
2016.05.09 01:24:48.983,1.54439,1.54461,1.29,1.00
2016.05.09 01:24:49.238,1.54437,1.54457,1.19,1.00
2016.05.09 01:24:49.644,1.54438,1.5446,1.19,1.00
2016.05.09 01:24:49.746,1.54443,1.54462,1.19,1.00
2016.05.09 01:24:50.000,1.54443,1.54465,1.19,1.00
2016.05.09 01:24:50.052,1.54448,1.54468,1.19,1.00
2016.05.09 01:24:50.363,1.54451,1.5447,1.19,1.00
2016.05.09 01:24:50.617,1.54449,1.5447,1.19,1.00
2016.05.09 01:24:51.024,1.54449,1.54468,1.19,1.00
2016.05.09 01:24:52.170,1.54444,1.54466,1.39,1.00
2016.05.09 01:24:52.323,1.54441,1.54462,1.69,1.00
2016.05.09 01:24:53.478,1.5445,1.54462,1.19,1.00
2016.05.09 01:24:54.735,1.5445,1.5446,1.19,1.00
2016.05.09 01:24:54.787,1.54444,1.5446,1.19,1.00
2016.05.09 01:24:54.838,1.54444,1.5446,1.19,1.37
2016.05.09 01:24:55.449,1.54444,1.54458,1.19,1.37
2016.05.09 01:24:55.855,1.54444,1.54458,1.19,1.37
2016.05.09 01:24:57.679,1.54434,1.54449,1.19,1.00
2016.05.09 01:24:57.781,1.54432,1.54443,1.29,1.00
2016.05.09 01:24:58.087,1.54426,1.54441,1.19,1.51
2016.05.09 01:24:58.635,1.54422,1.54439,1.19,1.51
2016.05.09 01:24:58.737,1.54422,1.54439,1.19,1.51
2016.05.09 01:25:00.835,1.5442,1.54432,1.19,1.00
2016.05.09 01:25:01.357,1.5442,1.54433,1.19,1.00
2016.05.09 01:25:04.467,1.54417,1.54433,1.19,1.00
2016.05.09 01:25:04.569,1.54414,1.54433,1.19,1.00
2016.05.09 01:25:04.671,1.54418,1.54433,1.19,1.10
2016.05.09 01:25:06.318,1.54418,1.54432,1.19,1.00
2016.05.09 01:25:15.088,1.54418,1.54438,1.19,1.10
2016.05.09 01:25:15.807,1.54415,1.54438,1.19,1.57
2016.05.09 01:25:15.859,1.54415,1.54438,1.19,1.95
2016.05.09 01:25:16.287,1.54418,1.54436,2.00,1.00
2016.05.09 01:25:16.541,1.54429,1.54449,1.19,1.00
2016.05.09 01:25:16.744,1.54429,1.54451,1.19,1.12
2016.05.09 01:25:16.949,1.54429,1.54453,1.19,1.00
2016.05.09 01:25:18.759,1.54429,1.54451,1.19,1.00
2016.05.09 01:25:20.539,1.54429,1.54454,1.19,1.10
2016.05.09 01:25:21.415,1.54431,1.54456,1.19,1.46
2016.05.09 01:25:21.518,1.54444,1.54457,1.19,3.00
2016.05.09 01:25:21.622,1.54444,1.5446,1.19,1.50
2016.05.09 01:25:21.673,1.54444,1.5446,1.19,1.00
2016.05.09 01:25:21.928,1.54444,1.54462,1.19,1.12
2016.05.09 01:25:22.029,1.54444,1.5446,1.19,1.75
2016.05.09 01:25:22.081,1.54436,1.54458,1.19,1.37
2016.05.09 01:25:24.399,1.54436,1.54456,1.19,1.00
2016.05.09 01:25:24.987,1.54436,1.54456,1.19,1.17
2016.05.09 01:25:26.222,1.54436,1.54456,1.19,1.00
2016.05.09 01:25:29.610,1.54436,1.54458,1.19,1.52
2016.05.09 01:25:29.872,1.54433,1.54457,1.19,1.20
2016.05.09 01:25:29.974,1.54433,1.54455,1.19,1.00
2016.05.09 01:25:30.279,1.54435,1.54455,1.34,1.75
2016.05.09 01:25:30.470,1.54437,1.54462,1.39,1.00
2016.05.09 01:25:30.877,1.54436,1.54461,1.19,1.00
2016.05.09 01:25:30.979,1.54432,1.54459,1.76,1.00
2016.05.09 01:25:31.133,1.54432,1.54459,1.31,1.71
2016.05.09 01:25:31.440,1.54418,1.5443,1.37,1.13
2016.05.09 01:25:31.552,1.54411,1.54425,1.19,1.13
2016.05.09 01:25:31.604,1.54404,1.54425,1.00,1.78
2016.05.09 01:25:32.113,1.544,1.54424,1.29,1.63
2016.05.09 01:25:33.259,1.544,1.54422,1.19,1.13
2016.05.09 01:25:34.644,1.544,1.5442,1.19,1.13
2016.05.09 01:25:34.747,1.54395,1.54421,1.36,1.63
2016.05.09 01:25:34.798,1.54397,1.54421,1.31,1.63
2016.05.09 01:25:35.966,1.54397,1.54424,1.31,1.13
2016.05.09 01:25:37.432,1.54397,1.54424,1.31,1.13
2016.05.09 01:25:39.856,1.54398,1.54425,1.20,2.38
2016.05.09 01:25:39.907,1.54402,1.54425,1.19,1.26
2016.05.09 01:25:39.968,1.54402,1.54428,1.19,2.76
2016.05.09 01:25:40.019,1.5441,1.54428,1.19,2.38
2016.05.09 01:25:40.758,1.5441,1.54436,1.39,1.13
2016.05.09 01:25:40.861,1.54412,1.54437,1.31,1.51
2016.05.09 01:25:40.963,1.54418,1.54439,1.19,1.13
2016.05.09 01:25:41.370,1.54418,1.54439,1.19,1.13
2016.05.09 01:25:41.421,1.54411,1.54436,1.64,1.13
2016.05.09 01:25:41.473,1.54411,1.54436,1.64,2.38
2016.05.09 01:25:42.082,1.54411,1.54434,1.39,1.13
2016.05.09 01:25:47.666,1.54411,1.54435,1.29,1.13
2016.05.09 01:25:49.043,1.54411,1.54435,1.19,1.37
2016.05.09 01:25:49.358,1.54411,1.54434,1.19,1.87
2016.05.09 01:25:49.561,1.54407,1.54434,1.29,1.87
2016.05.09 01:25:50.543,1.54407,1.54432,1.29,2.62
2016.05.09 01:25:50.595,1.54407,1.54432,1.29,3.37
2016.05.09 01:25:50.900,1.54402,1.54428,2.06,2.62
2016.05.09 01:25:51.257,1.54402,1.54428,1.31,1.37
2016.05.09 01:25:51.359,1.54406,1.54428,1.29,1.87
2016.05.09 01:25:51.663,1.54406,1.54428,1.19,1.37
2016.05.09 01:25:51.947,1.54406,1.54428,1.19,1.37
2016.05.09 01:25:51.998,1.5441,1.54431,1.19,1.57
2016.05.09 01:25:52.201,1.54409,1.54431,1.19,1.57
2016.05.09 01:25:52.709,1.54409,1.54431,1.19,1.57
2016.05.09 01:25:52.760,1.54409,1.54429,1.19,1.37
2016.05.09 01:25:52.963,1.54409,1.5443,1.19,1.37
2016.05.09 01:25:53.850,1.54409,1.5443,1.19,1.87
2016.05.09 01:25:57.266,1.54409,1.54428,1.19,1.37
2016.05.09 01:25:57.572,1.544,1.54415,1.19,1.87
2016.05.09 01:25:57.644,1.54393,1.54414,1.19,1.75
2016.05.09 01:25:57.797,1.54393,1.54412,1.19,1.87
2016.05.09 01:25:58.479,1.54397,1.54414,1.19,1.75
2016.05.09 01:26:00.204,1.54397,1.54418,1.19,1.75
2016.05.09 01:26:00.357,1.54397,1.54418,1.19,1.75
2016.05.09 01:26:01.355,1.54397,1.54416,1.19,1.37
2016.05.09 01:26:01.693,1.54394,1.54416,1.19,1.37
2016.05.09 01:26:02.977,1.54394,1.54414,1.19,1.37
2016.05.09 01:26:03.130,1.5439,1.54414,1.19,2.62
2016.05.09 01:26:04.185,1.5439,1.54412,1.19,1.37
2016.05.09 01:26:04.989,1.54387,1.54411,1.19,1.50
2016.05.09 01:26:05.396,1.54387,1.54407,1.19,1.37
2016.05.09 01:26:05.550,1.54385,1.54407,1.19,1.37
2016.05.09 01:26:05.601,1.54385,1.54405,1.19,1.87
2016.05.09 01:26:05.703,1.54385,1.54405,1.19,2.62
2016.05.09 01:26:05.755,1.54381,1.54405,1.19,1.87
2016.05.09 01:26:07.789,1.54381,1.54402,1.19,1.13
2016.05.09 01:26:08.249,1.54385,1.54404,1.00,1.26
2016.05.09 01:26:08.351,1.54391,1.54412,1.10,1.37
2016.05.09 01:26:08.402,1.54395,1.54415,1.19,1.12
2016.05.09 01:26:08.466,1.54395,1.54418,1.19,1.12
2016.05.09 01:26:08.979,1.54395,1.54417,1.39,1.00
2016.05.09 01:26:09.497,1.54395,1.54418,1.19,1.63
2016.05.09 01:26:09.601,1.54395,1.54415,1.19,1.00
2016.05.09 01:26:14.753,1.54395,1.54416,1.19,1.00
2016.05.09 01:26:15.996,1.54395,1.54419,1.36,1.00
2016.05.09 01:26:16.116,1.54399,1.54422,1.19,1.00
2016.05.09 01:26:16.421,1.54403,1.54422,1.29,1.00
2016.05.09 01:26:20.569,1.54403,1.54418,1.19,1.00
2016.05.09 01:26:20.620,1.54397,1.54418,2.06,1.00
2016.05.09 01:26:20.723,1.54401,1.54418,1.19,1.00
2016.05.09 01:26:21.028,1.54403,1.54418,1.19,1.00
2016.05.09 01:26:23.705,1.54403,1.54415,1.19,1.00
2016.05.09 01:26:24.206,1.54394,1.54412,1.19,1.00
2016.05.09 01:26:26.380,1.54394,1.54415,1.19,1.50
2016.05.09 01:26:26.431,1.54403,1.54415,1.19,1.00
2016.05.09 01:26:26.534,1.54403,1.54419,1.19,1.00
2016.05.09 01:26:27.195,1.54398,1.54419,1.29,1.00
2016.05.09 01:26:29.665,1.54398,1.54416,1.19,1.00
2016.05.09 01:26:33.680,1.54398,1.54412,1.19,1.00
2016.05.09 01:26:33.884,1.54391,1.54412,1.19,1.00
2016.05.09 01:26:33.935,1.54391,1.5441,1.19,1.00
2016.05.09 01:26:34.240,1.54391,1.54406,1.19,1.00
2016.05.09 01:26:34.650,1.54391,1.54404,1.19,1.00
2016.05.09 01:26:35.143,1.54391,1.54402,1.19,1.00
2016.05.09 01:26:35.245,1.54385,1.54402,1.19,1.00
2016.05.09 01:26:35.650,1.5439,1.54402,1.19,1.00
2016.05.09 01:26:35.802,1.54387,1.54402,1.19,1.00
2016.05.09 01:26:35.904,1.54385,1.54402,1.19,1.00
2016.05.09 01:26:37.078,1.54378,1.54402,2.44,1.00
2016.05.09 01:26:37.628,1.54378,1.54402,1.39,1.00
2016.05.09 01:26:38.672,1.54378,1.54398,1.39,1.00
2016.05.09 01:26:40.968,1.54378,1.54403,1.39,1.50
2016.05.09 01:26:43.414,1.54378,1.54403,1.39,1.37
2016.05.09 01:26:45.116,1.54384,1.54403,1.19,1.44
2016.05.09 01:26:45.269,1.54386,1.54407,1.19,1.25
2016.05.09 01:26:45.350,1.54389,1.54407,1.19,1.25
2016.05.09 01:26:45.656,1.54375,1.54388,1.19,1.00
2016.05.09 01:26:50.237,1.54375,1.54385,1.19,1.00
2016.05.09 01:26:50.288,1.54362,1.54385,1.94,1.00
2016.05.09 01:26:50.339,1.54364,1.54385,1.01,1.00
2016.05.09 01:26:51.654,1.54368,1.54385,1.01,1.00
2016.05.09 01:26:51.706,1.54369,1.54391,2.06,1.00
2016.05.09 01:26:51.808,1.54371,1.54394,1.31,1.00
2016.05.09 01:26:51.910,1.54372,1.54395,1.31,1.00
2016.05.09 01:26:52.316,1.54377,1.54395,1.12,1.00
2016.05.09 01:26:54.380,1.54376,1.54395,1.12,1.00
2016.05.09 01:26:57.022,1.54378,1.54396,1.39,1.00
2016.05.09 01:27:03.634,1.54383,1.54396,1.19,1.00
2016.05.09 01:27:05.808,1.54377,1.54396,1.69,1.00
2016.05.09 01:27:06.011,1.5438,1.54393,1.19,1.00
2016.05.09 01:27:06.114,1.54376,1.54393,1.19,1.00
2016.05.09 01:27:06.266,1.54379,1.54393,1.19,1.00
2016.05.09 01:27:06.697,1.54379,1.54399,1.19,1.00
2016.05.09 01:27:06.799,1.54388,1.54402,1.19,2.25
2016.05.09 01:27:06.952,1.54388,1.54404,1.19,1.00
2016.05.09 01:27:08.824,1.54388,1.54398,1.19,1.00
2016.05.09 01:27:08.875,1.54382,1.54394,1.60,1.00
2016.05.09 01:27:08.927,1.54379,1.54389,1.94,1.00
2016.05.09 01:27:08.978,1.5437,1.54389,1.94,1.00
2016.05.09 01:27:09.030,1.54369,1.54386,2.44,1.00
2016.05.09 01:27:09.182,1.54369,1.54388,1.19,1.00
2016.05.09 01:27:10.519,1.54365,1.54388,1.09,1.00
2016.05.09 01:27:10.571,1.54364,1.54382,1.01,1.00
2016.05.09 01:27:10.775,1.54361,1.54383,1.44,1.00
2016.05.09 01:27:10.826,1.54361,1.54383,2.19,1.00
2016.05.09 01:27:11.131,1.54368,1.54383,1.19,1.00
2016.05.09 01:27:11.444,1.54371,1.54383,1.19,1.00
2016.05.09 01:27:13.983,1.54371,1.54385,1.19,1.00
2016.05.09 01:27:14.949,1.54371,1.54387,1.19,1.00
2016.05.09 01:27:17.257,1.54368,1.54387,1.12,1.00
2016.05.09 01:27:17.883,1.54366,1.54387,1.01,1.00
2016.05.09 01:27:18.390,1.54364,1.54386,1.74,1.00
2016.05.09 01:27:18.981,1.54364,1.54386,1.46,1.00
2016.05.09 01:27:21.224,1.54363,1.54383,1.12,1.00
2016.05.09 01:27:21.326,1.54362,1.54383,1.01,1.00
2016.05.09 01:27:22.765,1.5436,1.54383,1.76,1.00
2016.05.09 01:27:25.716,1.54372,1.54391,1.19,2.70
2016.05.09 01:27:25.970,1.5438,1.544,1.39,2.25
2016.05.09 01:27:26.174,1.54384,1.544,1.19,1.50
2016.05.09 01:27:26.939,1.54387,1.544,1.19,1.00
2016.05.09 01:27:27.294,1.54387,1.54405,1.39,1.00
2016.05.09 01:27:27.599,1.54393,1.54406,1.19,1.00
2016.05.09 01:27:27.904,1.54396,1.5441,1.19,1.00
2016.05.09 01:27:30.473,1.5439,1.5441,1.19,1.00
2016.05.09 01:27:31.802,1.5439,1.54407,1.19,1.00
2016.05.09 01:27:32.543,1.5439,1.54409,1.19,1.00
2016.05.09 01:27:33.000,1.5439,1.54412,1.87,1.00
2016.05.09 01:27:33.103,1.54393,1.54412,1.19,1.00
2016.05.09 01:27:33.357,1.54393,1.54414,1.29,1.00
2016.05.09 01:27:34.078,1.54392,1.54412,1.20,1.00
2016.05.09 01:27:36.305,1.54393,1.54412,1.56,1.00
2016.05.09 01:27:36.407,1.54393,1.54416,1.56,1.00
2016.05.09 01:27:36.560,1.54393,1.5442,1.64,1.00
2016.05.09 01:27:36.612,1.54398,1.5442,1.56,1.00
2016.05.09 01:27:36.855,1.54402,1.54423,1.76,1.00
2016.05.09 01:27:37.008,1.54403,1.54426,1.01,1.00
2016.05.09 01:27:37.110,1.54403,1.54426,1.01,1.00
2016.05.09 01:27:37.518,1.54403,1.54426,1.01,1.00
2016.05.09 01:27:37.569,1.54402,1.54423,2.14,1.00
2016.05.09 01:27:37.904,1.54401,1.54417,1.19,1.00
2016.05.09 01:27:37.957,1.54396,1.54417,1.19,1.00
2016.05.09 01:27:38.161,1.54396,1.54414,1.19,1.00
2016.05.09 01:27:40.936,1.54402,1.54416,1.19,1.00
2016.05.09 01:27:40.988,1.54402,1.5442,1.19,1.10
2016.05.09 01:27:41.039,1.54405,1.5442,1.19,1.10
2016.05.09 01:27:41.293,1.54406,1.54422,1.19,1.00
2016.05.09 01:27:41.345,1.54406,1.54427,1.19,1.10
2016.05.09 01:27:42.137,1.54406,1.54428,1.19,1.00
2016.05.09 01:27:43.249,1.54407,1.54428,1.19,1.00
2016.05.09 01:27:43.570,1.54411,1.54429,1.19,1.50
2016.05.09 01:27:45.939,1.54411,1.54432,1.19,1.10
2016.05.09 01:27:45.991,1.54413,1.54433,1.19,1.17
2016.05.09 01:27:46.042,1.54413,1.54436,1.19,1.00
2016.05.09 01:27:46.195,1.54417,1.54436,1.19,1.50
2016.05.09 01:27:46.500,1.54417,1.54433,1.19,1.00
2016.05.09 01:27:46.856,1.54414,1.54433,1.19,2.62
2016.05.09 01:27:46.907,1.54414,1.54431,1.19,1.00
2016.05.09 01:27:46.959,1.54411,1.54431,1.19,1.00
2016.05.09 01:27:47.111,1.54411,1.54429,1.19,1.00
2016.05.09 01:27:48.189,1.54411,1.54431,1.19,1.72
2016.05.09 01:27:48.731,1.54411,1.54429,1.19,1.00
2016.05.09 01:27:51.196,1.54405,1.54428,1.19,1.00
2016.05.09 01:27:51.349,1.54405,1.54426,1.19,1.00
2016.05.09 01:27:51.553,1.54405,1.54428,1.19,1.72
2016.05.09 01:27:51.958,1.544,1.54428,1.36,1.31
2016.05.09 01:27:52.465,1.544,1.54421,1.29,1.00
2016.05.09 01:27:53.021,1.544,1.54419,1.29,1.00
2016.05.09 01:27:53.648,1.544,1.54421,1.29,1.00
2016.05.09 01:27:53.852,1.544,1.54423,1.29,1.00
2016.05.09 01:27:53.905,1.54402,1.54423,1.19,1.00
2016.05.09 01:27:54.412,1.54402,1.54423,1.19,1.00
2016.05.09 01:27:54.771,1.54402,1.54428,1.19,1.39
2016.05.09 01:27:55.908,1.54402,1.54423,1.19,1.00
2016.05.09 01:27:58.555,1.54402,1.54421,1.19,1.00
2016.05.09 01:28:02.263,1.54403,1.54423,1.19,1.00
2016.05.09 01:28:02.884,1.54403,1.54425,1.19,1.00
2016.05.09 01:28:02.936,1.54409,1.54428,1.19,1.01
2016.05.09 01:28:03.089,1.54412,1.54432,1.19,1.50
2016.05.09 01:28:03.191,1.54415,1.54432,1.19,1.50
2016.05.09 01:28:03.395,1.54415,1.54436,1.19,1.50
2016.05.09 01:28:03.446,1.54415,1.54434,1.19,1.00
2016.05.09 01:28:03.548,1.54415,1.54436,1.19,1.50
2016.05.09 01:28:07.394,1.54415,1.54434,1.19,1.00
2016.05.09 01:28:07.446,1.5441,1.54434,1.19,1.00
2016.05.09 01:28:07.620,1.54408,1.54433,1.29,1.25
2016.05.09 01:28:07.671,1.54412,1.54433,1.19,1.00
2016.05.09 01:28:07.775,1.54408,1.54432,1.29,1.00
2016.05.09 01:28:08.307,1.54408,1.54434,1.29,1.69
2016.05.09 01:28:12.895,1.54408,1.5443,1.29,1.00
2016.05.09 01:28:15.952,1.54411,1.5443,1.19,1.00
2016.05.09 01:28:16.460,1.54411,1.5443,1.19,1.00
2016.05.09 01:28:21.622,1.54411,1.54433,1.19,1.00
2016.05.09 01:28:21.674,1.54413,1.54433,1.19,1.00
2016.05.09 01:28:22.181,1.54413,1.54434,1.19,1.00
2016.05.09 01:28:23.353,1.54413,1.54436,1.19,1.00
2016.05.09 01:28:23.875,1.54413,1.54437,1.19,1.00
2016.05.09 01:28:24.221,1.54426,1.54437,1.37,1.00
2016.05.09 01:28:24.477,1.54435,1.54453,2.06,1.00
2016.05.09 01:28:24.528,1.54437,1.54453,1.01,1.00
2016.05.09 01:28:24.579,1.54439,1.54461,1.20,1.00
2016.05.09 01:28:25.843,1.54437,1.54461,1.01,1.00
2016.05.09 01:28:26.097,1.54438,1.54463,1.31,1.25
2016.05.09 01:28:31.117,1.54438,1.54461,1.31,1.00
2016.05.09 01:28:31.524,1.54438,1.54461,1.12,1.69
2016.05.09 01:28:31.626,1.54436,1.54461,1.12,2.44
2016.05.09 01:28:31.981,1.54434,1.54459,1.31,1.19
2016.05.09 01:28:32.661,1.54434,1.5446,1.31,1.50
2016.05.09 01:28:33.067,1.54434,1.54458,1.31,1.00
2016.05.09 01:28:33.593,1.54435,1.54458,1.12,1.00
2016.05.09 01:28:34.103,1.54434,1.54458,1.75,1.00
2016.05.09 01:28:34.155,1.54434,1.5446,1.75,1.50
2016.05.09 01:28:34.409,1.54436,1.54461,1.31,3.75
2016.05.09 01:28:34.714,1.5444,1.54461,1.12,2.25
2016.05.09 01:28:35.385,1.54438,1.54461,1.94,1.50
2016.05.09 01:28:35.893,1.54437,1.54461,1.31,2.44
2016.05.09 01:28:36.410,1.54437,1.5446,1.31,1.00
2016.05.09 01:28:36.974,1.54437,1.5446,1.12,2.25
2016.05.09 01:28:37.229,1.54435,1.5446,1.94,2.25
2016.05.09 01:28:37.737,1.54434,1.5446,2.06,2.25
2016.05.09 01:28:38.298,1.54434,1.5446,2.06,1.00
2016.05.09 01:28:38.841,1.54436,1.5446,1.01,1.00
2016.05.09 01:28:39.146,1.5444,1.5446,1.12,1.50
2016.05.09 01:28:43.237,1.54439,1.5446,1.12,1.50
2016.05.09 01:28:43.288,1.54437,1.54459,1.12,1.00
2016.05.09 01:28:43.390,1.54435,1.54458,1.31,1.00
2016.05.09 01:28:43.441,1.54434,1.54458,1.69,1.00
2016.05.09 01:28:43.949,1.54434,1.54458,1.39,1.00
2016.05.09 01:28:48.906,1.54435,1.54458,1.36,1.00
2016.05.09 01:28:49.720,1.54435,1.54458,1.39,2.25
2016.05.09 01:28:50.498,1.54435,1.54458,1.19,2.25
2016.05.09 01:28:50.850,1.54435,1.54458,1.19,2.25
2016.05.09 01:28:50.952,1.54435,1.54458,1.19,1.50
2016.05.09 01:28:51.442,1.54435,1.54452,1.19,1.00
2016.05.09 01:28:51.645,1.54426,1.5444,1.00,1.00
2016.05.09 01:28:51.697,1.5442,1.5444,1.19,1.10
2016.05.09 01:28:53.912,1.54419,1.54439,1.19,1.00
2016.05.09 01:28:54.456,1.54419,1.5444,1.19,1.50
2016.05.09 01:28:55.056,1.54419,1.54439,1.19,1.00
2016.05.09 01:28:55.665,1.54419,1.5444,1.19,1.87
2016.05.09 01:28:56.525,1.54417,1.5444,1.19,2.40
2016.05.09 01:28:56.652,1.54417,1.54437,1.19,1.00
2016.05.09 01:28:56.754,1.54411,1.54436,1.29,2.32
2016.05.09 01:28:56.959,1.54408,1.54432,1.29,1.00
2016.05.09 01:28:57.264,1.54408,1.5443,1.19,1.00
2016.05.09 01:28:57.520,1.54405,1.5443,1.19,2.32
2016.05.09 01:28:57.572,1.54405,1.54428,1.19,1.00
2016.05.09 01:28:58.410,1.54407,1.54428,1.19,1.10
2016.05.09 01:28:58.461,1.54407,1.5443,1.19,1.10
2016.05.09 01:28:58.615,1.54411,1.5443,1.19,1.00
2016.05.09 01:28:58.717,1.54408,1.5443,1.19,1.50
2016.05.09 01:29:00.161,1.54407,1.54429,1.19,1.30
2016.05.09 01:29:00.666,1.54407,1.54428,1.19,1.00
2016.05.09 01:29:00.717,1.54407,1.5443,1.19,2.32
2016.05.09 01:29:00.768,1.54407,1.54427,1.19,1.00
2016.05.09 01:29:00.840,1.54403,1.54427,1.19,1.25
2016.05.09 01:29:01.044,1.54408,1.54427,1.19,1.00
2016.05.09 01:29:01.400,1.54408,1.54431,1.19,1.50
2016.05.09 01:29:01.553,1.54411,1.54433,1.19,1.00
2016.05.09 01:29:04.749,1.54411,1.54432,1.19,1.00
2016.05.09 01:29:05.005,1.54405,1.54431,1.19,1.27
2016.05.09 01:29:05.065,1.54405,1.54427,1.19,1.00
2016.05.09 01:29:05.217,1.54399,1.54419,1.36,1.00
2016.05.09 01:29:05.269,1.54399,1.54417,1.29,1.00
2016.05.09 01:29:05.576,1.54397,1.54415,1.19,1.00
2016.05.09 01:29:08.907,1.54397,1.54412,1.19,1.00
2016.05.09 01:29:09.012,1.54394,1.54412,1.19,1.00
2016.05.09 01:29:09.218,1.54395,1.54409,1.19,1.00
2016.05.09 01:29:09.269,1.54388,1.54409,1.29,1.00
2016.05.09 01:29:11.462,1.54392,1.54409,1.19,1.72
2016.05.09 01:29:11.818,1.54392,1.54411,1.19,1.00
2016.05.09 01:29:11.920,1.54399,1.54414,1.19,1.50
2016.05.09 01:29:12.532,1.54399,1.54419,1.19,1.00
2016.05.09 01:29:12.592,1.54407,1.54423,1.19,2.55
2016.05.09 01:29:12.694,1.54407,1.54423,1.64,1.30
2016.05.09 01:29:12.847,1.5441,1.54432,1.01,1.50
2016.05.09 01:29:13.253,1.5441,1.5443,1.31,1.00
2016.05.09 01:29:14.071,1.54408,1.5443,1.94,1.00
2016.05.09 01:29:14.173,1.54408,1.54432,1.31,2.25
2016.05.09 01:29:14.275,1.54407,1.54432,1.69,3.75
2016.05.09 01:29:14.377,1.54407,1.54429,1.39,1.00
2016.05.09 01:29:15.072,1.54407,1.54427,1.39,1.00
2016.05.09 01:29:17.460,1.54407,1.5443,1.39,1.00
2016.05.09 01:29:17.664,1.54407,1.54432,2.14,1.87
2016.05.09 01:29:18.180,1.54408,1.54432,1.94,2.25
2016.05.09 01:29:18.517,1.54408,1.54427,1.94,1.00
2016.05.09 01:29:18.861,1.54408,1.5443,1.94,1.00
2016.05.09 01:29:19.522,1.54408,1.54431,1.94,1.00
2016.05.09 01:29:20.039,1.54407,1.54429,2.06,1.00
2016.05.09 01:29:20.444,1.54407,1.54427,2.06,1.00
2016.05.09 01:29:20.983,1.54408,1.54428,1.94,1.00
2016.05.09 01:29:21.317,1.54408,1.5443,1.94,1.00
2016.05.09 01:29:21.419,1.54408,1.54427,1.94,1.00
2016.05.09 01:29:21.940,1.54407,1.54427,2.44,1.00
2016.05.09 01:29:22.279,1.54407,1.54424,1.46,1.00
2016.05.09 01:29:23.119,1.54406,1.54427,1.30,1.87
2016.05.09 01:29:23.221,1.54402,1.54424,1.64,1.00
2016.05.09 01:29:23.527,1.54401,1.54423,1.34,1.12
2016.05.09 01:29:23.629,1.54401,1.54419,1.34,1.00
2016.05.09 01:29:23.680,1.544,1.54419,1.20,1.00
2016.05.09 01:29:23.731,1.544,1.54421,1.20,1.00
2016.05.09 01:29:23.834,1.54398,1.54418,1.31,1.00
2016.05.09 01:29:24.139,1.54401,1.5442,1.19,1.00
2016.05.09 01:29:24.545,1.54401,1.54422,1.36,1.00
2016.05.09 01:29:25.651,1.54407,1.54426,1.19,1.00
2016.05.09 01:29:25.905,1.54401,1.54425,1.94,1.00
2016.05.09 01:29:26.008,1.54401,1.54423,1.39,1.00
2016.05.09 01:29:26.211,1.54401,1.54426,1.39,2.10
2016.05.09 01:29:27.323,1.54405,1.54427,1.19,1.00
2016.05.09 01:29:27.663,1.54405,1.54429,1.94,1.00
2016.05.09 01:29:28.961,1.54411,1.54429,1.19,1.00
2016.05.09 01:29:29.148,1.54411,1.54432,1.19,1.50
2016.05.09 01:29:31.313,1.54411,1.54435,1.19,2.25
2016.05.09 01:29:39.428,1.5441,1.54432,1.19,1.00
2016.05.09 01:29:39.835,1.54407,1.54431,1.19,1.00
2016.05.09 01:29:39.990,1.54403,1.54427,2.06,1.00
2016.05.09 01:29:40.498,1.54403,1.54427,2.06,1.25
2016.05.09 01:29:41.046,1.54404,1.54426,1.19,1.30
2016.05.09 01:29:41.554,1.54403,1.54427,1.19,1.25
2016.05.09 01:29:42.133,1.54402,1.54426,1.19,1.30
2016.05.09 01:29:42.640,1.54402,1.54427,1.19,1.25
2016.05.09 01:29:45.124,1.54406,1.54427,1.19,1.00
2016.05.09 01:29:45.431,1.54426,1.54444,1.19,1.00
2016.05.09 01:29:45.585,1.54429,1.54451,1.19,1.00
2016.05.09 01:29:45.636,1.54429,1.54449,1.19,1.00
2016.05.09 01:29:45.738,1.54429,1.54451,1.19,1.00
2016.05.09 01:29:45.789,1.54433,1.54451,1.19,1.00
2016.05.09 01:29:46.095,1.54433,1.54449,1.19,1.00
2016.05.09 01:29:46.247,1.54427,1.54451,1.19,1.00
2016.05.09 01:29:47.133,1.54432,1.54451,1.19,1.50
2016.05.09 01:29:47.236,1.54425,1.54445,1.69,1.37
2016.05.09 01:29:47.338,1.54423,1.54443,1.31,1.37
2016.05.09 01:29:47.643,1.54423,1.54437,1.19,1.00
2016.05.09 01:29:47.796,1.54417,1.54437,1.19,1.00
2016.05.09 01:29:47.847,1.54417,1.54433,1.19,1.00
2016.05.09 01:29:50.223,1.54417,1.54432,1.19,1.00
2016.05.09 01:29:50.325,1.54411,1.54432,1.19,1.00
2016.05.09 01:29:50.529,1.54411,1.54428,1.19,1.00
2016.05.09 01:29:50.986,1.54411,1.54431,1.19,1.00
2016.05.09 01:29:51.088,1.54416,1.54431,1.19,1.00
2016.05.09 01:29:51.193,1.54416,1.54435,1.19,1.00
2016.05.09 01:29:51.551,1.54421,1.54435,1.19,1.00
2016.05.09 01:29:51.756,1.54421,1.54438,1.19,1.00
2016.05.09 01:29:52.265,1.54421,1.54439,1.19,1.00
2016.05.09 01:29:52.317,1.54429,1.54439,1.19,1.00
2016.05.09 01:29:52.369,1.54429,1.54442,1.19,1.50
2016.05.09 01:29:52.522,1.54429,1.54445,1.19,1.00
2016.05.09 01:29:52.878,1.54436,1.54446,1.19,1.00
2016.05.09 01:29:52.929,1.54436,1.54448,1.19,1.00
2016.05.09 01:29:53.357,1.54432,1.54449,1.19,1.00
2016.05.09 01:29:53.624,1.54435,1.54453,1.19,1.00
2016.05.09 01:29:54.081,1.54437,1.54458,1.19,1.00
2016.05.09 01:29:54.457,1.54437,1.5446,1.19,1.00
2016.05.09 01:29:54.560,1.54437,1.54462,1.19,1.12
2016.05.09 01:29:54.865,1.54442,1.54463,1.19,1.00
2016.05.09 01:29:55.170,1.54439,1.54463,1.19,1.00
2016.05.09 01:29:55.374,1.54443,1.54463,1.19,1.00
2016.05.09 01:29:55.425,1.54443,1.54467,1.19,1.30
2016.05.09 01:29:55.527,1.54442,1.54468,1.69,1.50
2016.05.09 01:29:56.036,1.54451,1.54471,1.19,1.30
2016.05.09 01:29:56.138,1.54451,1.54473,1.19,1.50
2016.05.09 01:29:56.189,1.54454,1.54473,1.19,1.50
2016.05.09 01:29:56.545,1.54454,1.54475,1.19,1.00
2016.05.09 01:29:56.597,1.54455,1.54475,1.19,1.00
2016.05.09 01:29:56.699,1.54454,1.54475,1.19,1.00
2016.05.09 01:29:57.283,1.54454,1.54473,1.19,1.00
2016.05.09 01:29:57.385,1.54449,1.5447,1.19,1.00
2016.05.09 01:29:57.437,1.54449,1.54472,1.19,1.35
2016.05.09 01:29:57.844,1.54457,1.54475,1.19,1.00
2016.05.09 01:29:58.385,1.54453,1.54474,1.19,1.00
2016.05.09 01:29:58.487,1.54456,1.54475,1.19,1.12
2016.05.09 01:29:58.589,1.54448,1.54479,1.69,2.06
2016.05.09 01:29:58.641,1.54448,1.54479,1.69,2.44
2016.05.09 01:29:58.693,1.54448,1.54476,1.19,1.69
2016.05.09 01:29:58.795,1.54446,1.54472,1.19,1.00
2016.05.09 01:29:58.899,1.54442,1.54472,1.19,2.66
2016.05.09 01:29:59.052,1.54443,1.54472,1.19,1.19
2016.05.09 01:29:59.155,1.54441,1.54472,1.19,1.25
2016.05.09 01:29:59.257,1.54443,1.54472,1.19,1.19
2016.05.09 01:29:59.580,1.54446,1.54475,1.19,1.94
2016.05.09 01:29:59.683,1.54443,1.54472,1.19,1.69
2016.05.09 01:29:59.735,1.54442,1.54463,1.19,1.00
2016.05.09 01:29:59.786,1.5444,1.54463,1.19,1.00
2016.05.09 01:30:00.041,1.54436,1.54461,1.19,1.00
2016.05.09 01:30:00.348,1.54435,1.54457,1.19,1.00
2016.05.09 01:30:00.452,1.54426,1.54457,1.19,1.00
2016.05.09 01:30:01.025,1.54427,1.54461,1.19,1.00
2016.05.09 01:30:01.440,1.54427,1.54461,1.69,1.00
2016.05.09 01:30:01.982,1.54439,1.5446,1.19,1.00
2016.05.09 01:30:02.035,1.54439,1.54472,1.19,1.87
2016.05.09 01:30:02.291,1.5445,1.54472,1.00,1.00
2016.05.09 01:30:02.597,1.54463,1.54478,1.00,1.00
2016.05.09 01:30:02.649,1.54463,1.54486,1.00,1.19
2016.05.09 01:30:03.109,1.5447,1.54487,1.00,1.69
2016.05.09 01:30:05.157,1.54467,1.54489,1.00,1.19
2016.05.09 01:30:06.365,1.54463,1.54489,1.00,1.19
2016.05.09 01:30:06.417,1.54456,1.54485,2.25,1.00
2016.05.09 01:30:06.469,1.54456,1.54481,2.25,1.37
2016.05.09 01:30:06.520,1.54451,1.54481,1.19,1.75
2016.05.09 01:30:06.572,1.54451,1.54479,1.19,1.37
2016.05.09 01:30:06.877,1.54444,1.54466,1.69,1.00
2016.05.09 01:30:07.029,1.54444,1.54471,1.69,1.00
2016.05.09 01:30:08.025,1.54444,1.54474,1.19,1.00
2016.05.09 01:30:08.127,1.54444,1.54478,1.19,1.12
2016.05.09 01:30:08.229,1.54444,1.54478,1.19,1.50
2016.05.09 01:30:08.280,1.54441,1.5447,1.62,1.19
2016.05.09 01:30:08.485,1.54429,1.54462,1.31,1.56
2016.05.09 01:30:09.045,1.54431,1.54461,1.19,2.25
2016.05.09 01:30:09.351,1.54434,1.54462,1.19,1.00
2016.05.09 01:30:09.859,1.54434,1.54463,1.19,1.00
2016.05.09 01:30:10.272,1.54434,1.54463,1.19,1.37
2016.05.09 01:30:11.515,1.54434,1.54457,1.19,1.30
2016.05.09 01:30:11.668,1.54433,1.54462,1.69,1.56
2016.05.09 01:30:11.770,1.54438,1.54464,1.19,1.12
2016.05.09 01:30:11.872,1.54438,1.54468,1.19,2.66
2016.05.09 01:30:12.802,1.54446,1.5447,1.00,1.31
2016.05.09 01:30:12.854,1.5445,1.54472,1.00,1.31
2016.05.09 01:30:12.905,1.5445,1.54474,1.56,1.37
2016.05.09 01:30:12.956,1.5445,1.54477,1.56,1.19
2016.05.09 01:30:14.632,1.54445,1.54473,3.56,1.00
2016.05.09 01:30:15.276,1.54445,1.54473,1.19,1.37
2016.05.09 01:30:15.811,1.54445,1.54473,1.19,1.00
2016.05.09 01:30:17.202,1.54445,1.54473,1.19,1.37
2016.05.09 01:30:17.947,1.54445,1.54472,1.19,1.12
2016.05.09 01:30:18.151,1.5444,1.54471,1.69,1.69
2016.05.09 01:30:19.471,1.5444,1.54471,1.69,2.06
2016.05.09 01:30:22.369,1.5444,1.54471,1.69,2.81
2016.05.09 01:30:23.717,1.5444,1.54471,1.69,2.81
2016.05.09 01:30:30.740,1.5444,1.54469,2.44,1.19
2016.05.09 01:30:31.074,1.54446,1.54472,1.36,1.31
2016.05.09 01:30:31.126,1.54446,1.54476,1.84,1.56
2016.05.09 01:30:31.280,1.54449,1.54476,1.12,1.69
2016.05.09 01:30:31.590,1.54451,1.54476,1.12,1.69
2016.05.09 01:30:33.323,1.54457,1.54479,1.19,1.75
2016.05.09 01:30:33.375,1.54457,1.54479,1.66,1.75
2016.05.09 01:30:33.529,1.54463,1.54486,1.19,1.37
2016.05.09 01:30:33.580,1.54463,1.54486,2.06,1.00
2016.05.09 01:30:33.631,1.54464,1.54491,1.12,1.19
2016.05.09 01:30:34.560,1.54464,1.54492,1.12,1.19
2016.05.09 01:30:34.815,1.54463,1.5449,1.70,1.19
2016.05.09 01:30:35.475,1.54463,1.5449,1.39,1.19
2016.05.09 01:30:35.915,1.54466,1.54492,1.12,1.19
2016.05.09 01:30:36.443,1.54466,1.54492,1.31,1.31
2016.05.09 01:30:37.111,1.54467,1.54493,1.69,1.50
2016.05.09 01:30:37.213,1.54467,1.54491,1.69,1.00
2016.05.09 01:30:37.555,1.54469,1.54489,1.36,1.00
2016.05.09 01:30:37.760,1.54466,1.5449,2.06,1.00
2016.05.09 01:30:38.015,1.54467,1.54492,1.12,1.00
2016.05.09 01:30:38.117,1.54468,1.54495,1.76,1.69
2016.05.09 01:30:38.224,1.54468,1.54495,2.51,1.50
2016.05.09 01:30:39.223,1.54468,1.54492,2.51,1.00
2016.05.09 01:30:39.274,1.54468,1.54492,1.57,1.00
2016.05.09 01:30:39.833,1.54467,1.54495,1.87,2.06
2016.05.09 01:30:40.341,1.54469,1.54495,1.89,1.25
2016.05.09 01:30:40.595,1.54471,1.54494,1.26,1.00
2016.05.09 01:30:40.646,1.54471,1.54497,2.19,1.19
2016.05.09 01:30:42.260,1.54472,1.54494,1.31,1.00
2016.05.09 01:30:42.463,1.54472,1.54496,1.31,1.25
2016.05.09 01:30:43.167,1.54471,1.54495,2.06,1.00
2016.05.09 01:30:43.822,1.54471,1.54494,2.06,1.00
2016.05.09 01:30:44.429,1.54471,1.54493,2.06,1.00
2016.05.09 01:30:44.933,1.54471,1.54497,2.06,1.31
2016.05.09 01:30:45.425,1.54472,1.54499,1.12,2.44
2016.05.09 01:30:45.976,1.54472,1.54497,1.12,1.00
2016.05.09 01:30:46.637,1.54471,1.54496,1.50,1.19
2016.05.09 01:30:46.941,1.54474,1.54496,1.12,1.19
2016.05.09 01:30:48.777,1.54472,1.54496,2.19,1.56
2016.05.09 01:30:49.172,1.54472,1.54492,1.12,1.00
2016.05.09 01:30:49.377,1.54469,1.54492,1.40,1.00
2016.05.09 01:30:49.947,1.54469,1.54493,1.09,1.00
2016.05.09 01:30:50.681,1.54469,1.54494,1.09,3.19
2016.05.09 01:30:52.072,1.54469,1.54494,1.09,1.27
2016.05.09 01:30:53.910,1.54469,1.54491,1.15,1.21
2016.05.09 01:30:56.560,1.54469,1.54491,1.15,1.19
2016.05.09 01:30:58.152,1.54472,1.54491,1.00,1.19
2016.05.09 01:30:58.203,1.54472,1.54495,1.10,1.19
2016.05.09 01:30:58.305,1.54472,1.54499,2.32,1.69
2016.05.09 01:30:58.356,1.54473,1.54499,1.20,1.19
2016.05.09 01:30:58.789,1.54479,1.54498,1.00,1.19
2016.05.09 01:30:59.095,1.54489,1.54503,1.00,1.00
2016.05.09 01:30:59.248,1.54486,1.54503,1.00,1.00
2016.05.09 01:30:59.451,1.54489,1.54508,1.00,2.44
2016.05.09 01:30:59.553,1.54489,1.54503,1.00,1.00
2016.05.09 01:30:59.959,1.54489,1.54512,1.00,1.33
2016.05.09 01:31:00.152,1.54483,1.54511,1.19,1.22
2016.05.09 01:31:00.305,1.54483,1.54506,1.19,1.00
2016.05.09 01:31:00.662,1.54482,1.54506,3.19,1.00
2016.05.09 01:31:01.171,1.54482,1.54506,2.44,1.02
2016.05.09 01:31:01.476,1.54482,1.54501,2.44,1.02
2016.05.09 01:31:01.984,1.54482,1.54501,1.39,1.02
2016.05.09 01:31:02.238,1.54478,1.54501,1.75,1.21
2016.05.09 01:31:03.109,1.54477,1.54499,2.06,1.27
2016.05.09 01:31:03.212,1.54477,1.54499,2.06,1.25
2016.05.09 01:31:05.267,1.54476,1.54495,2.06,1.00
2016.05.09 01:31:05.729,1.54474,1.54495,1.15,1.00
2016.05.09 01:31:06.084,1.54473,1.54492,1.20,1.00
2016.05.09 01:31:06.390,1.54471,1.5449,1.12,1.00
2016.05.09 01:31:06.493,1.54468,1.5449,1.84,1.00
2016.05.09 01:31:06.899,1.54468,1.5449,1.01,1.00
2016.05.09 01:31:07.001,1.54467,1.5449,1.39,1.00
2016.05.09 01:31:07.502,1.54467,1.5449,1.34,1.00
2016.05.09 01:31:07.777,1.54468,1.5449,1.76,1.00
2016.05.09 01:31:08.654,1.54469,1.54492,1.39,1.00
2016.05.09 01:31:08.756,1.54469,1.54495,2.89,1.00
2016.05.09 01:31:09.062,1.54473,1.54495,1.01,1.00
2016.05.09 01:31:12.390,1.54473,1.54493,1.01,1.00
2016.05.09 01:31:12.441,1.54471,1.54493,2.51,1.00
2016.05.09 01:31:12.492,1.54471,1.54487,1.57,1.00
2016.05.09 01:31:12.727,1.54457,1.54478,3.19,1.00
2016.05.09 01:31:12.881,1.54457,1.54477,1.36,1.00
2016.05.09 01:31:14.007,1.54454,1.54472,1.31,1.00
2016.05.09 01:31:14.058,1.54453,1.54472,1.31,1.00
2016.05.09 01:31:14.198,1.54452,1.54472,1.40,1.00
2016.05.09 01:31:14.994,1.5445,1.54469,1.31,1.00
2016.05.09 01:31:15.593,1.54449,1.54469,1.50,1.00
2016.05.09 01:31:15.695,1.54449,1.54477,1.50,1.69
2016.05.09 01:31:17.492,1.54446,1.54471,1.01,1.25
2016.05.09 01:31:17.545,1.54444,1.54471,1.75,3.19
2016.05.09 01:31:17.596,1.54441,1.54464,1.20,1.25
2016.05.09 01:31:17.698,1.54437,1.54463,1.69,2.25
2016.05.09 01:31:17.801,1.54436,1.54461,1.00,1.29
2016.05.09 01:31:17.852,1.54433,1.54461,1.00,1.29
2016.05.09 01:31:18.359,1.54431,1.5446,1.19,2.04
2016.05.09 01:31:25.035,1.54441,1.54456,1.00,1.00
2016.05.09 01:31:25.086,1.54439,1.54458,1.00,1.50
2016.05.09 01:31:25.138,1.54441,1.54462,2.25,1.19
2016.05.09 01:31:25.290,1.54445,1.54468,1.31,1.00
2016.05.09 01:31:25.392,1.54444,1.54471,1.19,1.19
2016.05.09 01:31:25.900,1.54444,1.54469,1.19,1.00
2016.05.09 01:31:26.153,1.54442,1.54467,1.39,1.00
2016.05.09 01:31:26.460,1.54438,1.54465,2.14,1.19
2016.05.09 01:31:28.978,1.54436,1.5446,1.01,1.00
2016.05.09 01:31:29.283,1.54434,1.54462,1.95,1.69
2016.05.09 01:31:29.436,1.54438,1.54464,1.15,1.69
2016.05.09 01:31:32.912,1.54442,1.5447,1.50,2.44
2016.05.09 01:31:33.065,1.54452,1.5448,1.29,2.44
2016.05.09 01:31:33.116,1.54454,1.5448,1.69,1.19
2016.05.09 01:31:33.552,1.54451,1.54478,1.76,1.00
2016.05.09 01:31:33.857,1.5445,1.54474,1.12,1.19
2016.05.09 01:31:33.968,1.54448,1.54473,1.20,1.19
2016.05.09 01:31:35.941,1.54445,1.54473,1.40,1.19
2016.05.09 01:31:36.463,1.54443,1.54469,2.81,1.00
2016.05.09 01:31:37.387,1.54444,1.54467,1.20,1.25
2016.05.09 01:31:37.692,1.54441,1.54467,1.39,1.69
2016.05.09 01:31:38.721,1.54441,1.54465,1.39,1.00
2016.05.09 01:31:39.963,1.54446,1.5447,1.00,1.19
2016.05.09 01:31:40.014,1.54448,1.54473,1.29,1.87
2016.05.09 01:31:40.072,1.54452,1.54473,1.00,1.00
2016.05.09 01:31:40.326,1.54456,1.54481,1.36,1.00
2016.05.09 01:31:40.785,1.54454,1.54479,2.70,1.19
2016.05.09 01:31:40.887,1.54453,1.54479,1.82,1.69
2016.05.09 01:31:40.989,1.54453,1.54479,1.17,1.19
2016.05.09 01:31:41.040,1.54453,1.54479,2.32,1.19
2016.05.09 01:31:45.481,1.54458,1.54485,1.10,1.94
2016.05.09 01:31:45.582,1.54461,1.54488,1.00,3.94
2016.05.09 01:31:49.318,1.54464,1.54488,1.00,1.89
2016.05.09 01:31:49.369,1.54464,1.54487,1.00,1.13
2016.05.09 01:31:49.576,1.54464,1.54488,1.00,1.32
2016.05.09 01:31:49.781,1.54464,1.54489,1.00,1.44
2016.05.09 01:31:50.292,1.54464,1.54492,1.00,2.94
2016.05.09 01:31:50.647,1.54467,1.54492,1.00,2.57
2016.05.09 01:31:50.984,1.54477,1.54497,1.00,3.19
2016.05.09 01:31:51.291,1.54479,1.545,1.00,1.32
2016.05.09 01:31:52.153,1.54475,1.54501,1.00,1.32
2016.05.09 01:31:52.204,1.54472,1.54498,1.50,2.57
2016.05.09 01:31:52.256,1.54472,1.54494,1.00,1.89
2016.05.09 01:31:52.382,1.54467,1.54488,1.50,1.32
2016.05.09 01:31:52.433,1.54465,1.54488,1.00,1.44
2016.05.09 01:31:52.840,1.54461,1.54488,1.00,3.19
2016.05.09 01:31:53.469,1.54461,1.54488,1.00,2.66
2016.05.09 01:31:53.672,1.54461,1.54488,1.00,2.44
2016.05.09 01:31:53.796,1.54461,1.54481,1.00,1.00
2016.05.09 01:31:54.050,1.54461,1.54484,1.00,1.31
2016.05.09 01:31:54.253,1.54465,1.54485,1.00,1.56
2016.05.09 01:31:54.558,1.54465,1.54488,1.00,2.81
2016.05.09 01:31:54.761,1.54462,1.54486,1.00,1.56
2016.05.09 01:31:55.347,1.54462,1.54483,1.00,1.50
2016.05.09 01:31:55.499,1.5446,1.54483,1.00,2.81
2016.05.09 01:31:56.476,1.5446,1.54481,1.00,1.56
2016.05.09 01:31:59.466,1.5446,1.54479,1.00,1.56
2016.05.09 01:32:00.286,1.54462,1.54481,1.00,1.56
2016.05.09 01:32:02.624,1.54465,1.54483,1.00,1.19
2016.05.09 01:32:03.081,1.5447,1.54486,1.00,1.00
2016.05.09 01:32:03.133,1.54476,1.54486,1.00,1.00
2016.05.09 01:32:03.184,1.54476,1.54494,1.00,2.06
2016.05.09 01:32:03.236,1.54479,1.54497,1.00,1.62
2016.05.09 01:32:03.338,1.54479,1.54499,1.00,1.69
2016.05.09 01:32:03.542,1.54479,1.54498,1.00,1.19
2016.05.09 01:32:03.644,1.54471,1.54496,1.00,1.19
2016.05.09 01:32:03.746,1.54471,1.5449,1.00,1.19
2016.05.09 01:32:03.797,1.54469,1.5449,1.00,1.19
2016.05.09 01:32:04.566,1.54465,1.5449,1.00,1.31
2016.05.09 01:32:07.537,1.54464,1.54486,1.00,1.19
2016.05.09 01:32:07.588,1.54459,1.54485,1.39,1.19
2016.05.09 01:32:07.639,1.54459,1.54479,1.20,1.31
2016.05.09 01:32:07.945,1.54452,1.54475,1.00,1.69
2016.05.09 01:32:08.692,1.54452,1.5447,1.00,1.19
2016.05.09 01:32:10.498,1.54452,1.54471,1.00,1.19
2016.05.09 01:32:11.350,1.54448,1.5447,1.10,1.19
2016.05.09 01:32:11.453,1.54451,1.54471,1.00,1.19
2016.05.09 01:32:12.825,1.54448,1.54471,1.00,1.19
2016.05.09 01:32:15.512,1.54451,1.54471,1.00,1.19
2016.05.09 01:32:15.748,1.54451,1.54472,1.37,1.19
2016.05.09 01:32:16.862,1.54451,1.54475,1.00,1.19
2016.05.09 01:32:19.375,1.54449,1.54475,1.50,1.69
2016.05.09 01:32:20.158,1.54449,1.54475,1.50,1.19
2016.05.09 01:32:20.463,1.54452,1.54475,1.00,1.19
2016.05.09 01:32:20.615,1.54452,1.54476,1.00,1.19
2016.05.09 01:32:22.463,1.54453,1.54478,1.00,1.19
2016.05.09 01:32:22.625,1.54455,1.54478,1.00,1.19
2016.05.09 01:32:26.136,1.54451,1.54478,2.51,2.81
2016.05.09 01:32:26.187,1.54451,1.54475,1.00,3.56
2016.05.09 01:32:26.289,1.54448,1.54475,1.00,4.09
2016.05.09 01:32:28.272,1.5445,1.54473,1.00,1.19
2016.05.09 01:32:30.199,1.54448,1.54472,1.20,1.19
2016.05.09 01:32:30.743,1.54445,1.54472,1.32,1.69
2016.05.09 01:32:31.886,1.54445,1.54469,1.32,1.94
2016.05.09 01:32:32.078,1.54442,1.54468,1.17,1.69
2016.05.09 01:32:33.100,1.54442,1.54468,1.17,1.69
2016.05.09 01:32:33.705,1.5444,1.54466,1.20,1.56
2016.05.09 01:32:34.013,1.54435,1.54459,1.00,1.69
2016.05.09 01:32:34.556,1.54432,1.54458,1.19,1.87
2016.05.09 01:32:35.090,1.54432,1.54456,1.19,1.37
2016.05.09 01:32:36.426,1.54432,1.54456,1.00,2.06
2016.05.09 01:32:38.254,1.54429,1.54456,1.00,2.81
2016.05.09 01:32:39.125,1.54429,1.54454,1.00,1.56
2016.05.09 01:32:39.329,1.54429,1.54454,1.00,1.56
2016.05.09 01:32:39.614,1.54426,1.54452,1.95,1.56
2016.05.09 01:32:41.688,1.54426,1.54452,2.70,1.56
2016.05.09 01:32:43.203,1.54429,1.54452,1.00,1.56
2016.05.09 01:32:47.380,1.54429,1.54453,1.07,1.56
2016.05.09 01:32:48.814,1.54429,1.54453,1.07,1.56
2016.05.09 01:32:49.331,1.54429,1.54453,1.00,1.56
2016.05.09 01:32:51.846,1.54429,1.54454,1.00,1.56
2016.05.09 01:32:52.354,1.54429,1.54456,1.20,1.56
2016.05.09 01:32:53.301,1.54429,1.54456,1.17,2.06
2016.05.09 01:32:53.840,1.54429,1.54456,1.10,2.06
2016.05.09 01:32:56.293,1.54429,1.54456,1.12,1.56
2016.05.09 01:32:56.445,1.54441,1.54463,1.19,1.00
2016.05.09 01:32:56.497,1.54444,1.54466,1.07,1.67
2016.05.09 01:32:57.044,1.54444,1.54471,1.20,2.06
2016.05.09 01:32:57.825,1.54444,1.54471,1.20,2.06
2016.05.09 01:33:00.116,1.54444,1.54471,1.20,1.56
2016.05.09 01:33:00.384,1.54435,1.5446,1.20,1.94
2016.05.09 01:33:00.643,1.54433,1.5446,1.17,2.44
2016.05.09 01:33:00.745,1.5443,1.54457,2.06,1.19
2016.05.09 01:33:00.847,1.5443,1.54455,1.20,2.06
2016.05.09 01:33:01.253,1.5443,1.54449,1.45,1.00
2016.05.09 01:33:01.406,1.5443,1.5445,1.10,1.00
2016.05.09 01:33:01.944,1.54427,1.54454,2.06,1.19
2016.05.09 01:33:02.047,1.54427,1.54453,1.39,1.69
2016.05.09 01:33:03.014,1.54423,1.5445,1.39,1.00
2016.05.09 01:33:03.167,1.54423,1.54448,1.29,1.00
2016.05.09 01:33:03.481,1.54423,1.54445,1.29,1.00
2016.05.09 01:33:03.734,1.54423,1.54447,1.29,1.00
2016.05.09 01:33:07.180,1.54422,1.54449,1.84,1.00
2016.05.09 01:33:07.688,1.54425,1.5445,1.01,1.50
2016.05.09 01:33:08.868,1.54425,1.54451,1.31,1.25
2016.05.09 01:33:10.127,1.54425,1.54449,1.26,1.00
2016.05.09 01:33:10.477,1.54421,1.54447,1.39,1.00
2016.05.09 01:33:11.872,1.54421,1.54445,1.39,1.00
2016.05.09 01:33:11.974,1.5442,1.54449,2.14,2.44
2016.05.09 01:33:12.026,1.5442,1.54438,1.01,1.00
2016.05.09 01:33:12.331,1.54402,1.54424,1.31,1.00
2016.05.09 01:33:13.451,1.54399,1.54423,2.14,1.00
2016.05.09 01:33:14.762,1.544,1.54424,1.39,1.00
2016.05.09 01:33:15.490,1.54399,1.54423,1.84,1.00
2016.05.09 01:33:15.796,1.54403,1.54419,1.00,1.19
2016.05.09 01:33:15.898,1.54396,1.54416,1.12,1.00
2016.05.09 01:33:15.949,1.54391,1.54413,1.00,1.19
2016.05.09 01:33:16.051,1.54384,1.54413,1.60,1.69
2016.05.09 01:33:16.154,1.54389,1.54418,1.19,2.96
2016.05.09 01:33:16.256,1.54393,1.54418,1.44,1.69
2016.05.09 01:33:16.358,1.54398,1.54422,1.25,1.19
2016.05.09 01:33:16.409,1.54402,1.54422,1.00,1.19
2016.05.09 01:33:16.942,1.54402,1.54424,1.50,1.19
2016.05.09 01:33:17.281,1.54402,1.54424,1.50,1.19
2016.05.09 01:33:17.795,1.54402,1.54427,1.20,1.19
2016.05.09 01:33:18.398,1.54401,1.54422,1.57,1.19
2016.05.09 01:33:18.552,1.54389,1.54418,1.25,1.69
2016.05.09 01:33:18.908,1.54384,1.54411,1.87,1.19
2016.05.09 01:33:19.843,1.54384,1.54411,1.87,1.19
2016.05.09 01:33:20.769,1.54384,1.54411,1.12,1.19
2016.05.09 01:33:22.981,1.54384,1.54411,1.20,1.19
2016.05.09 01:33:23.487,1.54383,1.54411,1.57,1.19
2016.05.09 01:33:23.723,1.54383,1.54411,2.44,1.19
2016.05.09 01:33:24.377,1.5439,1.54411,1.44,1.19
2016.05.09 01:33:24.428,1.5439,1.54416,2.44,1.01
2016.05.09 01:33:24.480,1.54392,1.54419,1.12,1.56
2016.05.09 01:33:24.531,1.54395,1.54419,1.29,1.37
2016.05.09 01:33:24.583,1.54397,1.54421,1.07,1.25
2016.05.09 01:33:24.685,1.54397,1.54427,1.20,2.44
2016.05.09 01:33:25.138,1.54397,1.54426,1.12,1.19
2016.05.09 01:33:26.421,1.54396,1.54421,1.39,1.25
2016.05.09 01:33:26.523,1.54397,1.54421,1.12,1.25
2016.05.09 01:33:26.828,1.544,1.54421,1.12,1.25
2016.05.09 01:33:27.556,1.54396,1.54421,1.01,1.25
2016.05.09 01:33:28.067,1.54395,1.54421,1.76,1.25
2016.05.09 01:33:31.974,1.54395,1.5442,1.74,1.00
2016.05.09 01:33:34.639,1.54394,1.5442,1.57,1.19
2016.05.09 01:33:34.843,1.54388,1.54413,1.87,1.19
2016.05.09 01:33:35.351,1.54385,1.54409,1.12,1.00
2016.05.09 01:33:37.084,1.54386,1.54409,1.12,1.00
2016.05.09 01:33:37.545,1.54384,1.54409,2.44,1.00
2016.05.09 01:33:37.609,1.54384,1.54409,2.06,1.00
2016.05.09 01:33:39.070,1.54382,1.54408,2.62,1.00
2016.05.09 01:33:39.222,1.54382,1.54406,2.62,1.00
2016.05.09 01:33:39.785,1.54387,1.5441,1.69,1.25
2016.05.09 01:33:39.837,1.54387,1.5441,2.32,1.00
2016.05.09 01:33:40.347,1.54387,1.54411,1.65,1.00
2016.05.09 01:33:41.937,1.54387,1.54412,1.65,1.50
2016.05.09 01:33:43.690,1.54388,1.54413,1.01,1.00
2016.05.09 01:33:43.998,1.54398,1.54418,1.39,1.00
2016.05.09 01:33:44.630,1.54399,1.54418,1.01,1.00
2016.05.09 01:33:44.958,1.54399,1.54416,1.20,1.00
2016.05.09 01:33:45.162,1.54399,1.5442,1.20,1.25
2016.05.09 01:33:46.381,1.544,1.54425,1.46,1.19
2016.05.09 01:33:49.185,1.544,1.54426,1.76,1.69
2016.05.09 01:33:50.028,1.54402,1.54424,1.39,1.00
2016.05.09 01:33:50.536,1.54402,1.54425,2.14,1.00
2016.05.09 01:33:51.463,1.54402,1.54425,2.14,1.00
2016.05.09 01:33:52.242,1.54402,1.54424,1.76,1.00
2016.05.09 01:33:52.771,1.54402,1.54425,1.76,1.00
2016.05.09 01:33:53.165,1.54402,1.54428,1.76,1.00
2016.05.09 01:33:53.368,1.54402,1.54426,1.76,1.00
2016.05.09 01:33:56.038,1.54404,1.54427,1.29,1.00
2016.05.09 01:33:56.343,1.54404,1.54423,1.29,1.00
2016.05.09 01:33:56.446,1.54407,1.54433,1.19,1.29
2016.05.09 01:33:56.650,1.54405,1.54433,1.55,1.29
2016.05.09 01:33:56.955,1.54408,1.54432,1.45,1.19
2016.05.09 01:33:57.436,1.54412,1.54437,1.56,1.37
2016.05.09 01:33:57.487,1.54414,1.54437,1.19,1.00
2016.05.09 01:33:57.741,1.54414,1.54439,1.39,1.00
2016.05.09 01:33:58.249,1.54414,1.54441,1.39,1.19
2016.05.09 01:33:58.758,1.54415,1.54441,1.25,1.19
2016.05.09 01:33:59.358,1.54414,1.54441,1.76,1.19
2016.05.09 01:33:59.636,1.54417,1.54442,1.37,1.19
2016.05.09 01:33:59.738,1.54417,1.54442,2.06,1.00
2016.05.09 01:34:00.257,1.54417,1.54442,1.76,1.25
2016.05.09 01:34:02.078,1.54417,1.54442,1.09,1.25
2016.05.09 01:34:03.823,1.54417,1.54442,1.31,1.25
2016.05.09 01:34:04.362,1.54417,1.54441,1.39,1.00
2016.05.09 01:34:05.611,1.54418,1.54439,1.17,1.00
2016.05.09 01:34:06.267,1.54418,1.54439,1.00,1.00
2016.05.09 01:34:06.814,1.54418,1.54439,1.20,1.00
2016.05.09 01:34:10.481,1.54416,1.54439,1.12,1.19
2016.05.09 01:34:10.634,1.54415,1.54436,1.20,1.00
2016.05.09 01:34:10.736,1.54413,1.54434,2.06,1.00
2016.05.09 01:34:11.119,1.54411,1.54435,1.39,1.00
2016.05.09 01:34:11.171,1.54411,1.54431,1.39,1.00
2016.05.09 01:34:11.679,1.54411,1.54432,1.32,1.00
2016.05.09 01:34:15.965,1.54408,1.54433,2.06,1.00
2016.05.09 01:34:16.270,1.5441,1.54434,1.01,1.00
2016.05.09 01:34:17.129,1.54408,1.54434,2.44,1.00
2016.05.09 01:34:18.446,1.54408,1.54432,2.81,1.00
2016.05.09 01:34:19.964,1.54411,1.54436,1.76,1.00
2016.05.09 01:34:20.459,1.54411,1.54439,2.51,1.50
2016.05.09 01:34:20.763,1.54412,1.54442,1.69,1.12
2016.05.09 01:34:20.865,1.54411,1.54439,2.14,1.50
2016.05.09 01:34:21.169,1.54411,1.54432,1.76,1.00
2016.05.09 01:34:22.644,1.54411,1.54431,1.76,1.00
2016.05.09 01:34:25.151,1.54411,1.54432,1.76,1.00
2016.05.09 01:34:29.484,1.54411,1.54436,1.29,1.12
2016.05.09 01:34:29.537,1.54407,1.54433,2.44,1.91
2016.05.09 01:34:29.641,1.54407,1.54429,1.12,1.19
2016.05.09 01:34:29.692,1.54402,1.54426,1.12,2.44
2016.05.09 01:34:29.768,1.544,1.54426,3.19,2.81
2016.05.09 01:34:29.819,1.544,1.54425,1.28,1.69
2016.05.09 01:34:31.191,1.54405,1.54426,1.19,1.76
2016.05.09 01:34:31.395,1.54407,1.54429,1.45,1.00
2016.05.09 01:34:31.547,1.54413,1.54438,1.00,1.64
2016.05.09 01:34:31.802,1.54417,1.54441,1.00,1.84
2016.05.09 01:34:31.853,1.54417,1.54441,1.19,1.15
2016.05.09 01:34:32.361,1.54417,1.54439,1.19,1.00
2016.05.09 01:34:32.890,1.54417,1.54438,1.19,1.00
2016.05.09 01:34:33.009,1.54417,1.5444,1.19,1.00
2016.05.09 01:34:35.550,1.54417,1.54442,1.19,1.12
2016.05.09 01:34:35.758,1.54417,1.5444,1.19,1.00
2016.05.09 01:34:36.064,1.54417,1.54438,1.19,1.00
2016.05.09 01:34:37.700,1.54414,1.54437,1.19,1.00
2016.05.09 01:34:41.033,1.54412,1.54438,1.19,1.20
2016.05.09 01:34:41.381,1.54414,1.54439,1.19,1.50
2016.05.09 01:34:41.737,1.54413,1.54439,1.19,1.50
2016.05.09 01:34:41.941,1.54413,1.54436,1.19,1.00
2016.05.09 01:34:43.646,1.54414,1.54441,1.19,1.69
2016.05.09 01:34:43.799,1.54414,1.54442,1.31,2.21
2016.05.09 01:34:44.321,1.54416,1.54443,1.19,1.29
2016.05.09 01:34:44.928,1.54416,1.54441,1.19,1.00
2016.05.09 01:34:46.660,1.54416,1.54439,1.19,1.00
2016.05.09 01:34:47.835,1.54414,1.54441,1.39,1.10
2016.05.09 01:34:48.385,1.54414,1.54442,1.69,1.01
2016.05.09 01:34:50.317,1.54414,1.54442,1.76,1.19
2016.05.09 01:34:50.824,1.54414,1.54441,1.31,1.39
2016.05.09 01:34:51.717,1.54416,1.54442,1.00,1.34
2016.05.09 01:34:51.769,1.5442,1.54442,1.19,1.15
2016.05.09 01:34:51.820,1.5442,1.54443,2.44,1.50
2016.05.09 01:34:51.922,1.54425,1.5445,1.29,1.69
2016.05.09 01:34:51.973,1.54426,1.5445,1.19,1.00
2016.05.09 01:34:52.487,1.54426,1.54451,1.29,1.00
2016.05.09 01:34:52.995,1.54429,1.54452,1.66,1.00
2016.05.09 01:34:53.148,1.54429,1.54456,2.14,1.50
2016.05.09 01:34:54.058,1.54431,1.54452,1.39,1.00
2016.05.09 01:34:54.581,1.54431,1.54452,1.39,1.00
2016.05.09 01:34:57.041,1.54429,1.54457,2.51,1.69
2016.05.09 01:34:57.693,1.54429,1.54453,2.44,1.19
2016.05.09 01:34:57.896,1.54429,1.54451,2.06,1.00
2016.05.09 01:34:58.048,1.54429,1.54451,1.50,1.19
2016.05.09 01:34:59.868,1.54428,1.54449,1.50,1.25
2016.05.09 01:35:00.579,1.54429,1.5445,1.00,1.19
2016.05.09 01:35:00.884,1.54427,1.54445,1.12,1.00
2016.05.09 01:35:01.858,1.54427,1.54447,1.12,1.00
2016.05.09 01:35:02.362,1.54427,1.54448,1.31,1.00
2016.05.09 01:35:02.464,1.54427,1.5445,1.31,1.00
2016.05.09 01:35:02.667,1.54427,1.54448,1.31,1.00
2016.05.09 01:35:03.559,1.54428,1.54451,1.00,1.19
2016.05.09 01:35:03.999,1.54428,1.54447,1.00,1.00
2016.05.09 01:35:04.051,1.54428,1.54449,1.00,1.00
2016.05.09 01:35:05.020,1.54427,1.54449,1.20,1.00
2016.05.09 01:35:05.612,1.54428,1.54451,1.00,1.19
2016.05.09 01:35:06.581,1.54428,1.54454,1.00,1.69
2016.05.09 01:35:07.089,1.54424,1.54453,2.44,1.69
2016.05.09 01:35:09.836,1.54426,1.54451,1.55,1.19
2016.05.09 01:35:10.141,1.5443,1.54454,1.19,1.00
2016.05.09 01:35:10.669,1.5443,1.54453,1.19,1.00
2016.05.09 01:35:10.720,1.5443,1.54455,1.19,1.00
2016.05.09 01:35:11.320,1.5443,1.54453,1.19,1.00
2016.05.09 01:35:12.709,1.5443,1.54456,1.19,1.87
2016.05.09 01:35:12.865,1.54432,1.54456,1.19,1.12
2016.05.09 01:35:13.169,1.54431,1.54454,1.76,1.00
2016.05.09 01:35:14.242,1.54435,1.54456,1.19,1.00
2016.05.09 01:35:14.395,1.54437,1.54457,1.19,1.00
2016.05.09 01:35:14.649,1.54437,1.5446,1.19,1.00
2016.05.09 01:35:14.852,1.54437,1.54462,1.19,1.00
2016.05.09 01:35:15.632,1.54439,1.54466,1.19,1.84
2016.05.09 01:35:18.465,1.54439,1.54467,1.19,1.76
2016.05.09 01:35:19.388,1.54442,1.54467,1.00,1.76
2016.05.09 01:35:19.541,1.54445,1.54467,1.19,1.10
2016.05.09 01:35:19.593,1.54445,1.5447,1.69,1.69
2016.05.09 01:35:19.644,1.54447,1.5447,1.19,1.19
2016.05.09 01:35:20.665,1.5445,1.54472,1.19,1.50
2016.05.09 01:35:21.072,1.5445,1.54472,1.19,1.31
2016.05.09 01:35:21.428,1.54456,1.54474,1.19,1.50
2016.05.09 01:35:21.479,1.54458,1.54474,1.00,1.00
2016.05.09 01:35:21.531,1.54462,1.54478,1.00,1.37
2016.05.09 01:35:21.633,1.54465,1.54485,1.19,1.00
2016.05.09 01:35:21.990,1.54465,1.54487,1.19,1.00
2016.05.09 01:35:22.245,1.54465,1.5449,1.19,1.62
2016.05.09 01:35:23.407,1.54465,1.54488,1.19,1.00
2016.05.09 01:35:25.231,1.54471,1.54487,1.00,1.00
2016.05.09 01:35:25.435,1.54471,1.54491,1.00,1.00
2016.05.09 01:35:25.639,1.54473,1.54491,1.00,1.00
2016.05.09 01:35:25.842,1.54473,1.54493,1.00,1.00
2016.05.09 01:35:25.945,1.54473,1.54495,1.00,1.87
2016.05.09 01:35:26.150,1.54469,1.54493,1.29,1.19
2016.05.09 01:35:26.456,1.54468,1.5449,1.25,1.19
2016.05.09 01:35:26.763,1.54464,1.54485,1.19,1.00
2016.05.09 01:35:26.916,1.54466,1.54488,1.31,1.00
2016.05.09 01:35:26.968,1.54469,1.54488,1.19,1.00
2016.05.09 01:35:27.527,1.54472,1.5449,1.19,1.00
2016.05.09 01:35:28.944,1.54472,1.54493,1.19,1.19
2016.05.09 01:35:30.167,1.54472,1.54495,1.19,1.57
2016.05.09 01:35:30.868,1.5447,1.54493,1.19,1.44
2016.05.09 01:35:34.434,1.54467,1.54495,1.69,1.92
2016.05.09 01:35:34.740,1.54455,1.54478,1.00,1.19
2016.05.09 01:35:34.842,1.54455,1.54475,1.00,1.00
2016.05.09 01:35:36.341,1.54455,1.54473,1.00,1.00
2016.05.09 01:35:36.848,1.54454,1.54473,1.25,1.00
2016.05.09 01:35:37.858,1.54454,1.54474,1.25,1.00
2016.05.09 01:35:38.150,1.54454,1.54476,1.25,1.00
2016.05.09 01:35:38.661,1.54447,1.54475,3.26,1.00
2016.05.09 01:35:38.763,1.5445,1.54478,1.19,1.76
2016.05.09 01:35:39.297,1.5445,1.54478,1.19,2.14
2016.05.09 01:35:39.843,1.5445,1.54478,1.19,1.69
2016.05.09 01:35:39.950,1.5445,1.54478,1.69,1.50
2016.05.09 01:35:44.050,1.54451,1.54477,1.87,1.00
2016.05.09 01:35:44.360,1.54464,1.54489,2.62,1.00
2016.05.09 01:35:44.873,1.54464,1.54489,1.37,1.07
2016.05.09 01:35:45.230,1.54466,1.54491,1.44,1.45
2016.05.09 01:35:45.435,1.54466,1.5449,1.44,1.00
2016.05.09 01:35:45.642,1.54467,1.54493,3.37,1.10
2016.05.09 01:35:46.405,1.54467,1.54495,2.62,1.50
2016.05.09 01:35:47.404,1.54467,1.54494,3.71,1.00
2016.05.09 01:35:48.526,1.54467,1.54495,3.37,1.00
2016.05.09 01:35:51.095,1.54468,1.54497,2.00,1.84
2016.05.09 01:35:54.021,1.54468,1.54494,2.07,1.00
2016.05.09 01:35:54.326,1.54467,1.54492,1.69,1.17
2016.05.09 01:35:55.633,1.54468,1.54494,1.75,1.00
2016.05.09 01:35:55.938,1.54466,1.54492,1.47,1.00
2016.05.09 01:35:59.531,1.54468,1.5449,1.56,1.00
2016.05.09 01:35:59.980,1.54468,1.5449,1.25,1.00
2016.05.09 01:36:00.487,1.54468,1.54491,1.25,1.00
2016.05.09 01:36:00.539,1.54468,1.54494,1.19,1.50
2016.05.09 01:36:00.854,1.54477,1.54501,1.19,1.12
2016.05.09 01:36:00.906,1.5448,1.54504,1.69,1.65
2016.05.09 01:36:00.957,1.54484,1.54504,1.69,1.17
2016.05.09 01:36:01.060,1.54487,1.54509,1.31,1.07
2016.05.09 01:36:01.315,1.54484,1.54508,1.31,1.00
2016.05.09 01:36:01.816,1.54483,1.54507,1.31,1.00
2016.05.09 01:36:02.330,1.54483,1.54509,1.50,1.00
2016.05.09 01:36:03.131,1.54483,1.54512,1.50,1.69
2016.05.09 01:36:04.075,1.54487,1.54515,1.56,1.19
2016.05.09 01:36:04.177,1.54487,1.54516,1.94,1.19
2016.05.09 01:36:04.279,1.54487,1.54516,1.84,1.19
2016.05.09 01:36:05.310,1.54488,1.54517,1.01,1.69
2016.05.09 01:36:08.600,1.5449,1.54518,1.37,1.19
2016.05.09 01:36:09.225,1.5449,1.54515,1.25,1.19
2016.05.09 01:36:10.489,1.54487,1.54515,2.89,1.37
2016.05.09 01:36:12.030,1.54494,1.54518,1.00,1.76
2016.05.09 01:36:12.081,1.54494,1.54518,1.56,1.20
2016.05.09 01:36:12.161,1.54491,1.54518,1.12,1.00
2016.05.09 01:36:12.264,1.5449,1.54515,2.70,1.00
2016.05.09 01:36:12.417,1.5449,1.54515,1.95,1.00
2016.05.09 01:36:12.923,1.5449,1.54517,2.70,1.19
2016.05.09 01:36:15.118,1.54497,1.54518,1.00,1.19
2016.05.09 01:36:15.424,1.54499,1.54522,1.19,1.19
2016.05.09 01:36:15.578,1.545,1.54523,1.75,1.00
2016.05.09 01:36:15.651,1.54502,1.54523,1.62,1.00
2016.05.09 01:36:15.958,1.54509,1.54531,1.12,1.19
2016.05.09 01:36:16.364,1.54509,1.54526,1.12,1.69
2016.05.09 01:36:16.568,1.54501,1.54522,1.50,1.31
2016.05.09 01:36:16.619,1.54498,1.54522,1.00,1.31
2016.05.09 01:36:16.671,1.54498,1.54513,1.00,1.00
2016.05.09 01:36:16.722,1.54492,1.54513,1.39,1.00
2016.05.09 01:36:16.824,1.5449,1.54519,1.15,3.56
2016.05.09 01:36:16.995,1.54488,1.54508,1.76,1.00
2016.05.09 01:36:17.097,1.54481,1.54505,2.59,1.19
2016.05.09 01:36:17.199,1.54484,1.54505,1.19,1.19
2016.05.09 01:36:17.251,1.54486,1.54508,1.50,1.00
2016.05.09 01:36:17.404,1.54486,1.54508,2.32,1.00
2016.05.09 01:36:18.336,1.54492,1.54508,1.69,1.00
2016.05.09 01:36:18.459,1.54495,1.54522,2.44,1.80
2016.05.09 01:36:18.613,1.54497,1.54525,2.77,1.62
2016.05.09 01:36:18.664,1.545,1.54523,1.50,1.12
2016.05.09 01:36:18.971,1.54507,1.54527,1.00,1.00
2016.05.09 01:36:19.377,1.54504,1.54529,1.50,1.25
2016.05.09 01:36:19.784,1.54502,1.54529,1.75,1.69
2016.05.09 01:36:20.038,1.54498,1.54526,1.57,1.87
2016.05.09 01:36:20.089,1.54496,1.54526,2.59,2.81
2016.05.09 01:36:20.394,1.54491,1.5452,1.56,1.56
2016.05.09 01:36:20.902,1.5449,1.5452,1.87,1.76
2016.05.09 01:36:21.640,1.54488,1.54517,1.74,1.12
2016.05.09 01:36:21.961,1.54488,1.5451,2.21,1.00
2016.05.09 01:36:25.067,1.54488,1.5451,2.21,1.00
2016.05.09 01:36:25.554,1.54486,1.54508,3.07,1.00
2016.05.09 01:36:25.858,1.54486,1.54511,2.32,1.25
2016.05.09 01:36:26.061,1.54486,1.54507,2.02,1.00
2016.05.09 01:36:27.126,1.54486,1.54507,1.15,1.00
2016.05.09 01:36:27.469,1.54486,1.54508,1.00,1.19
2016.05.09 01:36:30.918,1.54484,1.54504,1.17,1.25
2016.05.09 01:36:34.123,1.54483,1.54505,1.27,1.19
2016.05.09 01:36:40.917,1.54482,1.54506,1.52,1.19
2016.05.09 01:36:42.047,1.54481,1.54506,2.40,1.69
2016.05.09 01:36:43.407,1.54481,1.54502,1.65,1.19
2016.05.09 01:36:46.159,1.54481,1.54499,1.17,1.19
2016.05.09 01:36:46.211,1.54478,1.54499,1.65,1.19
2016.05.09 01:36:46.313,1.54477,1.54496,1.90,1.19
2016.05.09 01:36:49.113,1.54476,1.54496,2.40,1.19
2016.05.09 01:36:51.309,1.54473,1.54496,1.15,1.19
2016.05.09 01:36:51.462,1.54472,1.54489,1.87,1.19
2016.05.09 01:36:51.513,1.54471,1.54489,1.00,1.19
2016.05.09 01:36:51.564,1.54466,1.54481,1.00,1.19
2016.05.09 01:36:51.616,1.54464,1.54481,1.00,1.19
2016.05.09 01:36:51.719,1.54459,1.54481,1.50,1.19
2016.05.09 01:36:52.260,1.54456,1.54481,1.65,1.19
2016.05.09 01:36:53.936,1.54456,1.54481,1.00,1.19
2016.05.09 01:36:55.606,1.54454,1.54481,1.65,1.69
2016.05.09 01:36:57.243,1.54454,1.54481,1.59,1.19
2016.05.09 01:36:57.750,1.54454,1.54474,1.27,1.19
2016.05.09 01:36:59.075,1.54454,1.54474,1.09,1.19
2016.05.09 01:36:59.127,1.54454,1.54474,1.65,1.19
2016.05.09 01:37:00.238,1.54454,1.54474,2.02,1.19
2016.05.09 01:37:03.875,1.54453,1.54474,3.00,1.19
2016.05.09 01:37:04.290,1.54453,1.54474,3.37,1.19
2016.05.09 01:37:08.139,1.54453,1.54474,1.79,1.19
2016.05.09 01:37:08.442,1.54453,1.54474,1.50,1.19
2016.05.09 01:37:08.646,1.5445,1.54474,1.87,1.19
2016.05.09 01:37:09.646,1.5445,1.54474,1.39,1.69
2016.05.09 01:37:09.749,1.54449,1.54467,1.39,1.19
2016.05.09 01:37:09.902,1.54444,1.54467,1.12,1.19
2016.05.09 01:37:10.409,1.54443,1.54467,2.02,1.19
2016.05.09 01:37:10.865,1.54442,1.54467,3.37,1.37
2016.05.09 01:37:10.968,1.5444,1.54458,1.75,1.19
2016.05.09 01:37:11.072,1.54434,1.54453,1.00,1.19
2016.05.09 01:37:11.175,1.5443,1.54453,1.20,1.44
2016.05.09 01:37:11.329,1.54428,1.54453,1.20,1.44
2016.05.09 01:37:11.842,1.54428,1.54453,1.20,1.44
2016.05.09 01:37:12.872,1.54428,1.54453,1.27,1.19
2016.05.09 01:37:13.177,1.54442,1.54464,1.37,1.19
2016.05.09 01:37:13.228,1.54446,1.54469,1.25,1.31
2016.05.09 01:37:13.331,1.54446,1.54469,2.07,1.19
2016.05.09 01:37:13.843,1.5445,1.54471,1.12,1.19
2016.05.09 01:37:14.299,1.54448,1.54471,1.94,1.19
2016.05.09 01:37:15.322,1.54449,1.54471,1.50,1.69
2016.05.09 01:37:15.577,1.54446,1.54468,1.12,1.19
2016.05.09 01:37:16.188,1.54444,1.54467,1.12,1.19
2016.05.09 01:37:16.689,1.54443,1.54467,1.12,1.19
2016.05.09 01:37:19.666,1.54441,1.54465,1.20,1.25
2016.05.09 01:37:21.157,1.54441,1.54465,1.20,1.25
2016.05.09 01:37:22.306,1.54441,1.54465,1.20,1.25
2016.05.09 01:37:24.529,1.54441,1.54465,1.20,1.25
2016.05.09 01:37:24.580,1.54441,1.54464,1.20,1.19
2016.05.09 01:37:26.631,1.54441,1.54463,1.20,1.19
2016.05.09 01:37:36.617,1.54442,1.54464,1.20,1.19
2016.05.09 01:37:37.919,1.54442,1.54464,1.20,1.19
2016.05.09 01:37:39.418,1.54442,1.54464,1.20,1.19
2016.05.09 01:37:43.721,1.5444,1.54463,1.27,1.19
2016.05.09 01:37:45.506,1.5444,1.54464,2.02,1.19
2016.05.09 01:37:50.867,1.54443,1.54466,1.32,1.69
2016.05.09 01:37:51.539,1.54443,1.54466,1.40,1.69
2016.05.09 01:37:58.569,1.54443,1.54466,1.52,1.19
2016.05.09 01:38:01.121,1.54443,1.54466,1.15,1.19
2016.05.09 01:38:01.438,1.54443,1.5446,1.15,1.00
2016.05.09 01:38:02.581,1.54443,1.5446,1.00,1.00
2016.05.09 01:38:04.423,1.54443,1.54457,1.00,1.00
2016.05.09 01:38:05.142,1.54443,1.54459,1.00,1.00
2016.05.09 01:38:06.924,1.54443,1.54465,1.07,1.19
2016.05.09 01:38:10.921,1.54443,1.54466,3.75,1.69
2016.05.09 01:38:11.429,1.54443,1.54461,1.00,1.25
2016.05.09 01:38:11.786,1.54445,1.54463,1.00,1.19
2016.05.09 01:38:11.888,1.54443,1.54463,1.00,1.44
2016.05.09 01:38:11.990,1.54443,1.54459,1.00,1.19
2016.05.09 01:38:12.142,1.54434,1.54459,1.10,1.19
2016.05.09 01:38:13.166,1.54434,1.54459,1.65,1.19
2016.05.09 01:38:14.300,1.5444,1.54459,1.00,1.19
2016.05.09 01:38:16.868,1.54435,1.54459,1.15,1.19
2016.05.09 01:38:18.688,1.54434,1.54459,3.37,1.19
2016.05.09 01:38:19.193,1.54435,1.54459,1.12,1.19
2016.05.09 01:38:22.166,1.54443,1.54459,1.00,1.19
2016.05.09 01:38:22.218,1.54449,1.54469,1.00,1.00
2016.05.09 01:38:22.269,1.54452,1.54473,1.12,1.49
2016.05.09 01:38:22.575,1.54461,1.54473,1.20,1.30
2016.05.09 01:38:22.633,1.54461,1.54483,1.20,1.19
2016.05.09 01:38:23.776,1.54461,1.54485,1.07,1.19
2016.05.09 01:38:28.876,1.5446,1.54485,2.32,1.19
2016.05.09 01:38:29.819,1.54461,1.54486,1.20,1.69
2016.05.09 01:38:30.469,1.54461,1.54486,2.62,1.69
2016.05.09 01:38:30.774,1.54462,1.54483,1.75,1.19
2016.05.09 01:38:34.441,1.54462,1.54487,1.79,1.19
2016.05.09 01:38:41.645,1.54464,1.54487,1.20,1.19
2016.05.09 01:38:44.378,1.54463,1.54487,1.15,1.19
2016.05.09 01:38:46.755,1.54465,1.54487,1.17,1.19
2016.05.09 01:38:47.366,1.54465,1.54487,1.10,1.19
2016.05.09 01:38:49.186,1.54465,1.54491,1.10,1.19
2016.05.09 01:38:51.278,1.54461,1.54488,1.12,1.19
2016.05.09 01:38:51.583,1.54461,1.54487,1.12,1.19
2016.05.09 01:38:52.821,1.5446,1.54487,1.20,1.19
2016.05.09 01:39:00.386,1.5446,1.54488,1.57,2.06
2016.05.09 01:39:00.538,1.54462,1.54488,1.36,1.62
2016.05.09 01:39:00.742,1.54462,1.54488,1.17,1.62
2016.05.09 01:39:02.675,1.54462,1.54482,1.76,1.00
2016.05.09 01:39:02.728,1.54463,1.54486,1.12,1.19
2016.05.09 01:39:03.059,1.54466,1.5449,1.74,1.00
2016.05.09 01:39:03.111,1.54469,1.5449,1.12,1.00
2016.05.09 01:39:03.162,1.54471,1.54492,1.12,1.25
2016.05.09 01:39:03.365,1.54472,1.54495,1.39,1.00
2016.05.09 01:39:03.417,1.54473,1.54495,1.01,1.00
2016.05.09 01:39:03.928,1.54474,1.54495,1.12,1.00
2016.05.09 01:39:04.493,1.54473,1.54495,1.60,1.00
2016.05.09 01:39:07.344,1.54474,1.54495,1.12,1.00
2016.05.09 01:39:07.598,1.54473,1.54495,1.12,1.00
2016.05.09 01:39:07.700,1.54471,1.54495,1.39,1.00
2016.05.09 01:39:08.512,1.54471,1.54494,1.39,1.00
2016.05.09 01:39:13.760,1.5447,1.54493,1.31,1.00
2016.05.09 01:39:26.122,1.5447,1.54492,1.31,1.00
2016.05.09 01:39:27.189,1.54472,1.54493,1.40,1.00
2016.05.09 01:39:32.540,1.54472,1.54495,1.59,1.69
2016.05.09 01:39:34.450,1.54473,1.54495,1.01,1.25
2016.05.09 01:39:34.958,1.54474,1.54495,1.12,1.00
2016.05.09 01:39:35.010,1.54472,1.54495,1.69,1.00
2016.05.09 01:39:37.818,1.54472,1.54494,1.20,1.00
2016.05.09 01:39:41.318,1.54474,1.54496,1.20,1.19
2016.05.09 01:39:41.369,1.54478,1.545,1.12,1.19
2016.05.09 01:39:41.523,1.54479,1.54502,1.75,1.87
2016.05.09 01:39:41.625,1.54474,1.54499,1.50,1.19
2016.05.09 01:39:42.165,1.54477,1.54497,1.10,1.19
2016.05.09 01:39:47.160,1.54476,1.54503,1.77,1.19
2016.05.09 01:39:47.262,1.54476,1.54503,2.21,1.19
2016.05.09 01:39:47.804,1.54479,1.54503,1.00,1.19
2016.05.09 01:39:50.662,1.54479,1.54504,1.00,1.56
2016.05.09 01:39:52.789,1.54477,1.54501,1.20,1.44
2016.05.09 01:39:53.424,1.54477,1.54501,1.20,1.12
2016.05.09 01:39:55.351,1.54477,1.54501,1.12,1.12
2016.05.09 01:39:55.402,1.54477,1.54498,1.12,1.00
2016.05.09 01:39:55.607,1.54473,1.54497,1.10,1.19
2016.05.09 01:39:56.328,1.54471,1.54497,1.39,1.62
2016.05.09 01:40:04.367,1.54472,1.54495,1.57,1.00
2016.05.09 01:40:04.702,1.54471,1.54495,1.20,1.44
2016.05.09 01:40:04.753,1.5447,1.54485,1.31,1.37
2016.05.09 01:40:04.856,1.54466,1.54488,1.00,1.62
2016.05.09 01:40:05.089,1.54463,1.54483,1.15,1.19
2016.05.09 01:40:05.141,1.54462,1.54482,1.12,1.19
2016.05.09 01:40:05.449,1.5446,1.54483,1.12,1.19
2016.05.09 01:40:06.468,1.54461,1.54483,2.25,1.19
2016.05.09 01:40:06.926,1.54457,1.5448,1.75,1.56
2016.05.09 01:40:07.332,1.54456,1.5448,1.12,2.06
2016.05.09 01:40:08.439,1.5446,1.54483,1.12,1.19
2016.05.09 01:40:08.846,1.5446,1.54474,1.12,1.19
2016.05.09 01:40:08.897,1.54455,1.54474,1.00,1.29
2016.05.09 01:40:08.948,1.54449,1.54473,1.20,1.19
2016.05.09 01:40:09.000,1.54449,1.54473,1.00,1.19
2016.05.09 01:40:09.052,1.54452,1.54473,1.00,1.19
2016.05.09 01:40:09.103,1.54452,1.54473,1.00,1.09
2016.05.09 01:40:09.206,1.5445,1.54473,1.01,1.01
2016.05.09 01:40:09.308,1.5445,1.54473,1.31,1.25
2016.05.09 01:40:09.633,1.54451,1.54473,1.00,1.62
2016.05.09 01:40:09.938,1.54451,1.54473,1.00,1.56
2016.05.09 01:40:12.644,1.54449,1.54469,1.00,1.51
2016.05.09 01:40:13.139,1.54449,1.54464,1.00,1.00
2016.05.09 01:40:13.190,1.54443,1.54464,1.69,1.00
2016.05.09 01:40:13.241,1.54443,1.54462,1.00,1.19
2016.05.09 01:40:13.445,1.5443,1.54453,1.00,1.57
2016.05.09 01:40:13.497,1.5443,1.54453,1.00,1.27
2016.05.09 01:40:13.751,1.54431,1.54456,1.37,1.74
2016.05.09 01:40:14.057,1.5444,1.54466,1.87,1.66
2016.05.09 01:40:16.202,1.54443,1.54466,1.29,1.29
2016.05.09 01:40:16.457,1.54445,1.54468,1.57,1.19
2016.05.09 01:40:16.610,1.54444,1.54464,1.37,1.64
2016.05.09 01:40:16.662,1.54441,1.54463,1.00,1.76
2016.05.09 01:40:16.866,1.54439,1.54462,1.25,1.26
2016.05.09 01:40:17.121,1.54439,1.54464,2.06,1.29
2016.05.09 01:40:17.224,1.54439,1.54464,1.20,1.26
2016.05.09 01:40:17.501,1.54437,1.54462,1.19,1.57
2016.05.09 01:40:17.554,1.54437,1.54462,1.00,1.95
2016.05.09 01:40:17.708,1.54435,1.5446,1.25,1.01
2016.05.09 01:40:18.319,1.54434,1.5446,1.29,1.01
2016.05.09 01:40:18.807,1.54434,1.54462,2.02,2.44
2016.05.09 01:40:19.794,1.54434,1.54462,1.84,2.44
2016.05.09 01:40:20.099,1.54424,1.54445,1.00,1.50
2016.05.09 01:40:20.302,1.54415,1.54443,2.14,1.45
2016.05.09 01:40:20.386,1.54415,1.54443,1.76,1.64
2016.05.09 01:40:20.894,1.54413,1.5444,1.19,1.01
2016.05.09 01:40:21.046,1.54412,1.5444,1.76,1.01
2016.05.09 01:40:21.607,1.5441,1.54438,2.25,1.46
2016.05.09 01:40:22.901,1.54412,1.54438,1.01,1.25
2016.05.09 01:40:24.285,1.54414,1.54438,1.12,1.25
2016.05.09 01:40:24.590,1.54413,1.54438,1.39,1.31
2016.05.09 01:40:25.148,1.54413,1.54438,1.10,1.46
2016.05.09 01:40:28.136,1.54414,1.5444,1.07,1.76
2016.05.09 01:40:28.441,1.54427,1.54447,2.02,1.00
2016.05.09 01:40:28.543,1.54428,1.54451,1.00,1.69
2016.05.09 01:40:29.054,1.54428,1.54451,1.17,1.69
2016.05.09 01:40:29.393,1.54427,1.5445,1.10,1.10
2016.05.09 01:40:30.007,1.54424,1.54451,1.57,2.02
2016.05.09 01:40:30.322,1.54423,1.54445,1.87,1.56
2016.05.09 01:40:30.374,1.54423,1.54445,1.00,1.56
2016.05.09 01:40:30.425,1.54419,1.54444,1.15,1.62
2016.05.09 01:40:32.316,1.54418,1.54444,1.57,1.29
2016.05.09 01:40:32.621,1.54424,1.54448,1.00,2.51
2016.05.09 01:40:33.135,1.54423,1.54449,1.00,1.39
2016.05.09 01:40:33.288,1.54423,1.54449,1.00,1.26
2016.05.09 01:40:33.694,1.54421,1.54449,1.25,1.46
2016.05.09 01:40:33.954,1.54421,1.54447,1.25,2.14
2016.05.09 01:40:35.257,1.54421,1.54447,1.19,2.25
2016.05.09 01:40:36.791,1.54423,1.54447,1.69,1.12
2016.05.09 01:40:36.894,1.54425,1.54449,1.19,1.12
2016.05.09 01:40:37.149,1.54424,1.5445,1.26,1.95
2016.05.09 01:40:37.557,1.54435,1.54451,1.19,1.87
2016.05.09 01:40:37.710,1.54441,1.54458,1.19,1.00
2016.05.09 01:40:37.762,1.54444,1.54463,1.19,1.00
2016.05.09 01:40:38.271,1.54444,1.54463,1.19,1.37
2016.05.09 01:40:38.423,1.5444,1.54463,1.69,1.07
2016.05.09 01:40:38.577,1.5444,1.54464,1.76,1.10
2016.05.09 01:40:39.100,1.5444,1.54466,1.84,1.17
2016.05.09 01:40:39.373,1.5444,1.54466,1.84,1.47
2016.05.09 01:40:40.322,1.54438,1.54464,1.39,1.26
2016.05.09 01:40:41.225,1.5444,1.54465,1.31,1.46
2016.05.09 01:40:41.530,1.54444,1.54469,1.00,1.39
2016.05.09 01:40:41.859,1.54444,1.54469,1.17,1.36
2016.05.09 01:40:42.165,1.54444,1.54471,1.36,3.56
2016.05.09 01:40:42.268,1.54447,1.54472,1.19,1.34
2016.05.09 01:40:44.285,1.54455,1.54474,1.00,2.06
2016.05.09 01:40:44.442,1.54455,1.5448,1.19,1.87
2016.05.09 01:40:44.493,1.54455,1.54482,1.19,3.90
2016.05.09 01:40:44.544,1.54454,1.54478,1.19,1.50
2016.05.09 01:40:44.596,1.54454,1.54478,1.00,2.06
2016.05.09 01:40:44.749,1.54451,1.54474,1.69,1.12
2016.05.09 01:40:44.800,1.54451,1.54474,1.19,1.12
2016.05.09 01:40:44.852,1.54448,1.54475,1.69,3.37
2016.05.09 01:40:45.156,1.54443,1.54467,1.19,1.76
2016.05.09 01:40:45.462,1.54441,1.54466,1.19,2.25
2016.05.09 01:40:45.987,1.54441,1.54467,1.19,2.25
2016.05.09 01:40:46.563,1.54441,1.54467,1.29,1.57
2016.05.09 01:40:47.588,1.54441,1.54464,1.10,1.29
2016.05.09 01:40:48.462,1.54441,1.54464,1.00,1.31
2016.05.09 01:40:51.038,1.54439,1.54465,1.01,1.69
2016.05.09 01:40:51.090,1.54442,1.54465,1.19,1.50
2016.05.09 01:40:51.192,1.54442,1.54468,1.19,1.34
2016.05.09 01:40:53.010,1.54442,1.54469,1.19,1.31
2016.05.09 01:40:54.280,1.54442,1.54467,1.19,1.20
2016.05.09 01:40:54.484,1.54446,1.54469,1.19,1.50
2016.05.09 01:40:54.586,1.54442,1.54465,1.95,1.00
2016.05.09 01:40:54.637,1.54439,1.54461,1.94,1.00
2016.05.09 01:40:54.689,1.54436,1.54461,1.39,1.12
2016.05.09 01:40:54.740,1.54438,1.54461,2.19,1.00
2016.05.09 01:40:54.893,1.54442,1.54467,1.87,1.31
2016.05.09 01:40:55.059,1.54443,1.54468,1.36,1.17
2016.05.09 01:40:55.162,1.54443,1.54469,1.34,1.20
2016.05.09 01:40:55.213,1.54443,1.54469,1.26,1.57
2016.05.09 01:40:55.264,1.54443,1.54469,1.25,2.06
2016.05.09 01:40:55.367,1.54443,1.54469,1.25,2.81
2016.05.09 01:40:55.520,1.54441,1.54467,1.20,1.34
2016.05.09 01:40:59.806,1.54441,1.54461,1.00,1.00
2016.05.09 01:41:00.338,1.54439,1.54461,1.19,1.00
2016.05.09 01:41:07.211,1.54439,1.54462,1.19,1.20
2016.05.09 01:41:07.263,1.54439,1.54462,1.19,1.39
2016.05.09 01:41:07.568,1.54439,1.54461,1.19,1.12
2016.05.09 01:41:07.721,1.54436,1.54458,1.00,1.01
2016.05.09 01:41:08.701,1.54436,1.54458,1.00,1.01
2016.05.09 01:41:11.504,1.54436,1.54458,1.00,1.01
2016.05.09 01:41:13.072,1.54435,1.54459,1.00,1.31
2016.05.09 01:41:18.064,1.54436,1.5446,1.00,1.79
2016.05.09 01:41:18.623,1.54436,1.54459,1.00,1.95
2016.05.09 01:41:19.133,1.54435,1.54459,1.00,2.25
2016.05.09 01:41:24.341,1.54438,1.54459,1.00,1.97
2016.05.09 01:41:24.507,1.5444,1.54462,1.19,1.39
2016.05.09 01:41:24.917,1.5444,1.54462,1.00,1.60
2016.05.09 01:41:25.222,1.5444,1.5446,1.00,1.50
2016.05.09 01:41:25.528,1.54437,1.54459,1.50,1.12
2016.05.09 01:41:25.631,1.54434,1.54458,1.00,1.01
2016.05.09 01:41:25.683,1.54434,1.54458,1.00,1.39
2016.05.09 01:41:30.312,1.54434,1.54458,1.00,1.12
2016.05.09 01:41:30.516,1.54435,1.5446,1.00,1.12
2016.05.09 01:41:30.618,1.54438,1.5446,1.00,1.39
2016.05.09 01:41:31.882,1.54438,1.54461,1.50,1.39
2016.05.09 01:41:35.969,1.54437,1.54463,1.00,1.97
2016.05.09 01:41:36.020,1.54434,1.54461,1.39,1.57
2016.05.09 01:41:36.072,1.54434,1.54459,1.01,1.66
2016.05.09 01:41:36.448,1.54442,1.5446,1.37,1.56
2016.05.09 01:41:36.550,1.54449,1.54464,1.31,1.95
2016.05.09 01:41:36.703,1.54453,1.54478,1.10,1.70
2016.05.09 01:41:36.906,1.54453,1.54481,1.12,3.56
2016.05.09 01:41:39.155,1.54456,1.54481,1.00,1.39
2016.05.09 01:41:39.257,1.54456,1.54482,1.00,1.31
2016.05.09 01:41:39.359,1.54459,1.54483,1.00,1.50
2016.05.09 01:41:40.244,1.54461,1.54486,1.44,4.31
2016.05.09 01:41:40.296,1.54464,1.54486,1.00,5.51
2016.05.09 01:41:40.600,1.54462,1.54485,1.00,1.57
2016.05.09 01:41:40.962,1.54462,1.54485,1.12,1.37
2016.05.09 01:41:41.869,1.54462,1.54485,1.07,1.37
2016.05.09 01:41:42.402,1.54462,1.54485,1.00,1.37
2016.05.09 01:41:42.918,1.54457,1.54485,1.69,1.87
2016.05.09 01:41:45.845,1.5446,1.54478,1.19,1.25
2016.05.09 01:41:46.353,1.54454,1.54478,1.87,1.00
2016.05.09 01:41:47.450,1.54459,1.54481,1.19,3.75
2016.05.09 01:41:47.603,1.54459,1.54482,1.19,1.00
2016.05.09 01:41:48.559,1.54455,1.5448,2.06,1.44
2016.05.09 01:41:48.864,1.54455,1.5448,1.39,1.25
2016.05.09 01:41:50.252,1.54455,1.5448,1.20,1.44
2016.05.09 01:41:50.354,1.54455,1.5448,1.10,1.44
2016.05.09 01:41:51.737,1.5446,1.54482,1.00,1.74
2016.05.09 01:41:51.839,1.54456,1.54482,2.44,1.36
2016.05.09 01:41:52.380,1.54454,1.5448,1.12,1.44
2016.05.09 01:41:52.583,1.54454,1.54477,1.20,1.00
2016.05.09 01:41:53.103,1.54452,1.54477,1.70,1.10
2016.05.09 01:41:53.998,1.54451,1.54478,1.12,1.69
2016.05.09 01:41:54.101,1.5445,1.54478,1.07,3.26
2016.05.09 01:41:55.201,1.54448,1.54474,1.27,1.84
2016.05.09 01:41:55.507,1.54453,1.54474,1.00,1.19
2016.05.09 01:41:55.966,1.54452,1.54477,1.45,1.44
2016.05.09 01:41:57.840,1.54452,1.54468,1.00,1.00
2016.05.09 01:41:57.942,1.54442,1.54466,1.10,1.19
2016.05.09 01:41:57.994,1.54439,1.54465,1.50,1.62
2016.05.09 01:41:58.045,1.54437,1.54463,1.17,1.36
2016.05.09 01:41:58.613,1.54441,1.54467,1.20,2.06
2016.05.09 01:41:58.766,1.54442,1.54466,1.55,1.19
2016.05.09 01:41:58.971,1.54449,1.54475,1.12,2.06
2016.05.09 01:42:01.085,1.54448,1.54475,2.25,1.19
2016.05.09 01:42:04.016,1.54454,1.54479,1.00,1.95
2016.05.09 01:42:04.662,1.54454,1.54479,1.00,1.95
2016.05.09 01:42:05.165,1.54454,1.54479,1.00,1.82
2016.05.09 01:42:06.869,1.54455,1.5448,1.00,1.39
2016.05.09 01:42:07.854,1.54455,1.54478,1.00,1.29
2016.05.09 01:42:08.558,1.54455,1.54475,1.00,1.00
2016.05.09 01:42:08.711,1.54452,1.54475,1.25,1.17
2016.05.09 01:42:08.762,1.54449,1.54473,1.76,1.19
2016.05.09 01:42:08.915,1.54446,1.54473,1.00,3.37
2016.05.09 01:42:08.967,1.54446,1.54472,1.00,2.62
2016.05.09 01:42:09.069,1.54446,1.5447,1.00,1.36
2016.05.09 01:42:09.337,1.5445,1.54468,1.00,1.25
2016.05.09 01:42:09.390,1.54447,1.54472,1.17,1.31
2016.05.09 01:42:09.594,1.54448,1.54473,1.75,1.44
2016.05.09 01:42:09.850,1.54445,1.54463,1.20,1.25
2016.05.09 01:42:09.952,1.54439,1.54463,1.75,2.06
2016.05.09 01:42:10.054,1.54439,1.54462,1.10,1.12
2016.05.09 01:42:10.207,1.54436,1.54458,1.31,1.37
2016.05.09 01:42:10.259,1.54435,1.54458,1.19,1.47
2016.05.09 01:42:10.778,1.54433,1.54454,1.19,1.00
2016.05.09 01:42:10.981,1.5443,1.54454,1.84,1.00
2016.05.09 01:42:11.845,1.5443,1.5445,1.39,1.00
2016.05.09 01:42:12.793,1.5443,1.5445,1.19,1.44
2016.05.09 01:42:13.169,1.5443,1.5445,1.00,1.25
2016.05.09 01:42:13.220,1.54428,1.5445,1.00,1.25
2016.05.09 01:42:13.751,1.54427,1.54449,1.25,1.00
2016.05.09 01:42:16.181,1.54427,1.54451,1.09,1.25
2016.05.09 01:42:16.232,1.54427,1.54454,1.84,1.40
2016.05.09 01:42:16.538,1.5443,1.54456,2.81,1.00
2016.05.09 01:42:17.177,1.5443,1.54456,1.56,1.07
2016.05.09 01:42:17.736,1.54433,1.54457,1.25,1.31
2016.05.09 01:42:18.082,1.54436,1.54458,1.00,1.94
2016.05.09 01:42:18.184,1.54436,1.5446,1.00,2.40
2016.05.09 01:42:19.731,1.54436,1.5446,1.17,1.19
2016.05.09 01:42:20.954,1.54436,1.54462,1.09,2.77
2016.05.09 01:42:21.476,1.54436,1.54463,1.39,1.01
2016.05.09 01:42:22.272,1.54436,1.54463,1.39,1.39
2016.05.09 01:42:24.230,1.54437,1.54462,1.19,1.10
2016.05.09 01:42:24.281,1.54436,1.54462,1.10,1.76
2016.05.09 01:42:24.794,1.54436,1.5446,1.00,1.31
2016.05.09 01:42:24.947,1.54433,1.54459,1.19,1.64
2016.05.09 01:42:25.050,1.54429,1.54454,2.14,1.00
2016.05.09 01:42:25.153,1.54426,1.5445,1.00,1.56
2016.05.09 01:42:25.255,1.54424,1.54449,1.25,1.76
2016.05.09 01:42:29.513,1.54423,1.54449,2.06,1.69
2016.05.09 01:42:29.616,1.54423,1.54448,1.19,1.46
2016.05.09 01:42:29.667,1.54421,1.54448,1.15,1.46
2016.05.09 01:42:29.718,1.54427,1.54449,1.50,1.01
2016.05.09 01:42:29.827,1.54432,1.54455,1.32,1.25
2016.05.09 01:42:29.929,1.54432,1.5446,1.62,1.26
2016.05.09 01:42:30.808,1.54435,1.54456,1.17,1.19
2016.05.09 01:42:31.312,1.54435,1.54456,1.10,1.19
2016.05.09 01:42:34.914,1.54434,1.54456,1.00,1.19
2016.05.09 01:42:35.219,1.54434,1.54456,1.00,1.69
2016.05.09 01:42:36.717,1.54434,1.54453,1.00,1.19
2016.05.09 01:42:36.769,1.5443,1.54453,1.07,1.19
2016.05.09 01:42:37.292,1.5443,1.54454,1.00,1.36
2016.05.09 01:42:38.045,1.54428,1.54454,1.65,1.36
2016.05.09 01:42:38.265,1.54431,1.54455,1.00,2.14
2016.05.09 01:42:38.367,1.54431,1.54455,1.19,1.39
2016.05.09 01:42:38.469,1.54434,1.54455,1.10,1.00
2016.05.09 01:42:38.572,1.54434,1.54459,1.10,1.36
2016.05.09 01:42:38.725,1.54438,1.54459,1.00,1.19
2016.05.09 01:42:40.085,1.54441,1.54463,1.00,1.39
2016.05.09 01:42:49.394,1.5444,1.54464,1.00,1.84
2016.05.09 01:42:49.547,1.54433,1.54459,3.00,1.31
2016.05.09 01:42:49.650,1.5443,1.54452,1.36,1.00
2016.05.09 01:42:49.701,1.5443,1.54452,1.17,1.19
2016.05.09 01:42:50.209,1.5443,1.54451,1.00,1.69
2016.05.09 01:42:50.565,1.54425,1.54449,1.00,1.69
2016.05.09 01:42:50.935,1.54423,1.54445,1.15,1.00
2016.05.09 01:42:51.290,1.54421,1.54445,1.29,1.57
2016.05.09 01:42:51.448,1.54421,1.54445,1.10,1.29
2016.05.09 01:42:51.753,1.54418,1.54443,1.01,1.19
2016.05.09 01:42:56.873,1.54419,1.54443,1.00,1.19
2016.05.09 01:42:57.537,1.54416,1.54443,1.39,1.19
2016.05.09 01:42:59.926,1.54422,1.54444,1.00,1.69
2016.05.09 01:43:00.232,1.54428,1.54455,1.57,1.26
2016.05.09 01:43:02.642,1.54428,1.54455,1.55,1.29
2016.05.09 01:43:03.226,1.5443,1.54459,1.71,2.62
2016.05.09 01:43:03.583,1.5443,1.54458,1.77,1.12
2016.05.09 01:43:04.984,1.5443,1.54459,1.71,2.44
2016.05.09 01:43:05.289,1.54433,1.5446,1.64,1.64
2016.05.09 01:43:11.948,1.54434,1.54459,1.44,1.01
2016.05.09 01:43:12.134,1.54434,1.5446,1.20,1.31
2016.05.09 01:43:12.647,1.54434,1.54458,1.44,1.20
2016.05.09 01:43:15.462,1.54433,1.54461,1.50,1.01
2016.05.09 01:43:15.513,1.54436,1.54462,1.44,1.69
2016.05.09 01:43:15.818,1.5444,1.54462,1.00,1.29
2016.05.09 01:43:16.003,1.54437,1.54462,1.20,1.29
2016.05.09 01:43:16.525,1.5444,1.54463,1.25,1.01
2016.05.09 01:43:16.577,1.5444,1.54465,1.25,2.44
2016.05.09 01:43:17.124,1.54439,1.54464,1.19,1.31
2016.05.09 01:43:17.886,1.54439,1.54464,1.56,1.31
2016.05.09 01:43:18.539,1.54438,1.54466,2.21,1.31
2016.05.09 01:43:20.940,1.54438,1.54466,2.21,1.31
2016.05.09 01:43:23.213,1.54437,1.54461,1.39,1.00
2016.05.09 01:43:23.315,1.54435,1.54458,3.19,1.57
2016.05.09 01:43:23.367,1.54431,1.54454,2.32,1.56
2016.05.09 01:43:23.418,1.5443,1.54451,1.32,1.00
2016.05.09 01:43:23.470,1.54427,1.54448,2.62,1.25
2016.05.09 01:43:23.521,1.54427,1.54448,1.00,1.40
2016.05.09 01:43:23.573,1.54425,1.54448,1.00,1.40
2016.05.09 01:43:24.104,1.54426,1.54448,1.00,1.39
2016.05.09 01:43:24.256,1.54421,1.54448,2.51,1.39
2016.05.09 01:43:24.307,1.54424,1.54448,1.12,1.01
2016.05.09 01:43:24.662,1.54425,1.54449,2.89,1.17
2016.05.09 01:43:24.764,1.54424,1.54449,1.60,1.19
2016.05.09 01:43:25.275,1.54423,1.54449,3.00,1.39
2016.05.09 01:43:29.656,1.54426,1.54449,1.07,1.36
2016.05.09 01:43:30.183,1.54426,1.54449,1.20,1.19
2016.05.09 01:43:31.815,1.54426,1.54449,1.39,1.00
2016.05.09 01:43:33.865,1.54424,1.54449,1.36,1.20
2016.05.09 01:43:34.169,1.54424,1.54447,1.19,2.25
2016.05.09 01:43:34.585,1.5442,1.54444,1.87,1.00
2016.05.09 01:43:40.082,1.5442,1.54443,1.20,1.00
2016.05.09 01:43:48.937,1.54417,1.54443,3.00,1.00
2016.05.09 01:43:53.963,1.54419,1.54446,1.57,1.77
2016.05.09 01:43:56.084,1.54419,1.54446,1.57,1.64
2016.05.09 01:44:00.650,1.54419,1.54447,1.57,1.01
2016.05.09 01:44:02.674,1.54419,1.54445,1.20,1.79
2016.05.09 01:44:04.333,1.54421,1.54448,1.10,1.79
2016.05.09 01:44:07.332,1.54421,1.54447,1.10,1.01
2016.05.09 01:44:08.587,1.54419,1.54448,2.06,1.39
2016.05.09 01:44:09.125,1.5442,1.54448,1.12,1.01
2016.05.09 01:44:10.326,1.5442,1.54448,1.12,2.14
2016.05.09 01:44:14.211,1.54418,1.54446,2.06,1.70
2016.05.09 01:44:17.159,1.54422,1.54447,1.20,1.01
2016.05.09 01:44:17.312,1.54424,1.54451,1.52,1.27
2016.05.09 01:44:17.423,1.54424,1.54448,1.75,1.00
2016.05.09 01:44:17.628,1.54416,1.54441,1.65,1.45
2016.05.09 01:44:17.732,1.54416,1.54443,1.15,1.76
2016.05.09 01:44:17.834,1.54416,1.54444,1.87,2.25
2016.05.09 01:44:18.190,1.54416,1.54443,1.17,1.69
2016.05.09 01:44:18.293,1.54416,1.54443,2.25,1.01
2016.05.09 01:44:18.888,1.54417,1.54444,1.12,1.76
2016.05.09 01:44:20.062,1.54417,1.54443,1.12,1.01
2016.05.09 01:44:21.052,1.54416,1.54444,1.25,2.25
2016.05.09 01:44:21.204,1.54416,1.54442,1.00,1.01
2016.05.09 01:44:21.611,1.54414,1.54442,1.10,1.01
2016.05.09 01:44:22.459,1.54414,1.54442,1.01,1.57
2016.05.09 01:44:23.007,1.54414,1.54442,1.09,1.59
2016.05.09 01:44:23.059,1.54414,1.54442,1.46,1.59
2016.05.09 01:44:23.160,1.54414,1.54442,1.09,1.59
2016.05.09 01:44:24.106,1.54414,1.54441,1.76,1.01
2016.05.09 01:44:24.573,1.54414,1.54442,1.09,1.39
2016.05.09 01:44:26.257,1.54417,1.54442,1.00,1.39
2016.05.09 01:44:26.563,1.5443,1.54451,1.57,1.37
2016.05.09 01:44:26.614,1.5443,1.54457,2.44,1.76
2016.05.09 01:44:26.818,1.54431,1.54457,1.12,1.65
2016.05.09 01:44:29.330,1.54435,1.54458,1.00,1.39
2016.05.09 01:44:29.382,1.54435,1.54459,1.95,1.45
2016.05.09 01:44:29.433,1.54435,1.5446,2.40,1.45
2016.05.09 01:44:29.535,1.54435,1.54462,2.25,1.69
2016.05.09 01:44:29.587,1.54437,1.54464,1.65,2.07
2016.05.09 01:44:29.841,1.54437,1.54464,3.37,1.17
2016.05.09 01:44:30.589,1.54438,1.54463,1.50,1.10
2016.05.09 01:44:30.641,1.54443,1.54465,1.00,1.62
2016.05.09 01:44:30.948,1.54447,1.54465,1.75,1.00
2016.05.09 01:44:30.999,1.54447,1.54466,1.00,1.12
2016.05.09 01:44:31.101,1.54446,1.54458,1.00,1.00
2016.05.09 01:44:31.152,1.54437,1.54458,1.12,1.00
2016.05.09 01:44:31.203,1.54437,1.54458,1.00,1.00
2016.05.09 01:44:31.306,1.54433,1.54458,1.17,1.00
2016.05.09 01:44:31.560,1.54433,1.54458,1.12,1.57
2016.05.09 01:44:31.662,1.54433,1.54457,1.00,1.12
2016.05.09 01:44:32.107,1.54434,1.54459,1.12,1.12
2016.05.09 01:44:33.421,1.54436,1.54461,1.37,1.95
2016.05.09 01:44:33.627,1.54449,1.54471,1.20,1.07
2016.05.09 01:44:33.729,1.54449,1.54474,1.57,1.20
2016.05.09 01:44:33.934,1.54449,1.54477,1.95,1.76
2016.05.09 01:44:34.438,1.5445,1.54477,1.31,1.69
2016.05.09 01:44:34.642,1.54452,1.54478,1.12,1.10
2016.05.09 01:44:34.846,1.54453,1.54479,1.31,1.07
2016.05.09 01:44:35.355,1.54453,1.54479,1.12,1.20
2016.05.09 01:44:36.418,1.54453,1.54476,1.12,1.00
2016.05.09 01:44:36.775,1.54453,1.54471,1.12,1.00
2016.05.09 01:44:37.029,1.54441,1.54464,1.12,1.12
2016.05.09 01:44:37.080,1.54439,1.54462,1.12,1.00
2016.05.09 01:44:37.233,1.54436,1.54462,1.31,1.00
2016.05.09 01:44:37.385,1.54437,1.54462,1.31,1.00
2016.05.09 01:44:37.838,1.54439,1.54462,1.75,1.19
2016.05.09 01:44:38.345,1.54437,1.54462,1.12,1.36
2016.05.09 01:44:38.447,1.54435,1.54461,1.12,1.76
2016.05.09 01:44:38.600,1.54438,1.54462,1.57,1.07
2016.05.09 01:44:38.905,1.54457,1.54476,1.12,1.00
2016.05.09 01:44:39.007,1.54457,1.54478,1.12,1.00
2016.05.09 01:44:39.058,1.54457,1.5447,1.12,1.00
2016.05.09 01:44:39.262,1.54455,1.54476,1.12,3.41
2016.05.09 01:44:39.364,1.54456,1.54476,1.12,1.12
2016.05.09 01:44:39.872,1.54452,1.54476,1.12,1.37
2016.05.09 01:44:40.126,1.5445,1.54474,1.12,2.44
2016.05.09 01:44:43.277,1.5445,1.54474,1.12,1.69
2016.05.09 01:44:43.989,1.54449,1.54474,1.20,2.14
2016.05.09 01:44:46.669,1.54448,1.54472,1.87,1.00
2016.05.09 01:44:47.177,1.54447,1.54472,1.12,1.10
2016.05.09 01:44:47.938,1.54446,1.54473,1.82,1.20
2016.05.09 01:44:48.040,1.54446,1.54473,1.15,1.50
2016.05.09 01:44:48.496,1.54446,1.54473,1.57,1.20
2016.05.09 01:44:49.013,1.54446,1.54473,3.00,1.15
2016.05.09 01:44:51.142,1.54447,1.54474,1.20,2.06
2016.05.09 01:44:51.345,1.54448,1.54475,1.87,1.36
2016.05.09 01:44:51.992,1.54448,1.54475,1.87,1.01
2016.05.09 01:44:52.526,1.54448,1.54474,1.12,1.30
2016.05.09 01:44:54.632,1.54447,1.54474,1.82,1.69
2016.05.09 01:44:54.734,1.54447,1.54473,1.20,1.12
2016.05.09 01:44:57.058,1.54449,1.54475,1.17,1.01
2016.05.09 01:44:57.160,1.54451,1.54476,1.32,1.01
2016.05.09 01:44:57.669,1.54451,1.54478,1.39,1.76
2016.05.09 01:44:59.375,1.54451,1.54476,1.39,1.36
2016.05.09 01:44:59.477,1.54451,1.54476,1.09,1.84
2016.05.09 01:45:00.391,1.54451,1.54476,1.20,1.76
2016.05.09 01:45:01.700,1.54451,1.54476,1.57,1.29
2016.05.09 01:45:01.802,1.54452,1.54478,1.12,1.00
2016.05.09 01:45:01.853,1.54458,1.54478,1.00,1.00
2016.05.09 01:45:02.109,1.54462,1.54488,1.87,1.25
2016.05.09 01:45:02.363,1.54462,1.54489,1.85,1.76
2016.05.09 01:45:02.465,1.54462,1.54487,1.07,1.45
2016.05.09 01:45:02.567,1.54458,1.54486,1.20,2.25
2016.05.09 01:45:02.670,1.54457,1.54483,1.57,1.07
2016.05.09 01:45:03.126,1.54455,1.54483,1.12,2.62
2016.05.09 01:45:03.229,1.54455,1.54482,1.10,2.06
2016.05.09 01:45:03.656,1.54455,1.5448,1.10,1.12
2016.05.09 01:45:04.299,1.54455,1.54482,1.20,1.76
2016.05.09 01:45:04.809,1.54455,1.54481,1.12,2.06
2016.05.09 01:45:04.861,1.54455,1.5448,1.10,1.50
2016.05.09 01:45:05.363,1.54452,1.54476,1.12,1.00
2016.05.09 01:45:07.120,1.54452,1.54474,1.12,1.00
2016.05.09 01:45:07.630,1.54449,1.54474,1.12,1.00
2016.05.09 01:45:07.732,1.54448,1.54474,1.75,1.00
2016.05.09 01:45:07.833,1.54448,1.54474,1.75,1.44
2016.05.09 01:45:09.140,1.54448,1.5447,1.75,1.00
2016.05.09 01:45:10.041,1.54445,1.5447,2.25,1.00
2016.05.09 01:45:13.136,1.54445,1.5447,1.95,1.01
2016.05.09 01:45:14.043,1.54448,1.54474,1.37,1.31
2016.05.09 01:45:14.196,1.54451,1.54476,1.10,1.10
2016.05.09 01:45:14.248,1.54451,1.54476,1.85,1.10
2016.05.09 01:45:14.553,1.54453,1.54474,1.12,1.25
2016.05.09 01:45:15.177,1.54451,1.54474,1.12,1.25
2016.05.09 01:45:15.330,1.54449,1.54474,1.45,1.01
2016.05.09 01:45:15.535,1.54447,1.54474,1.20,1.01
2016.05.09 01:45:15.909,1.54447,1.54471,1.20,1.00
2016.05.09 01:45:19.138,1.54445,1.54471,1.15,1.09
2016.05.09 01:45:19.707,1.54445,1.54471,1.57,1.01
2016.05.09 01:45:20.266,1.54446,1.54471,1.12,1.25
2016.05.09 01:45:20.721,1.54446,1.54468,1.12,1.00
2016.05.09 01:45:24.636,1.54444,1.54468,1.75,1.00
2016.05.09 01:45:25.154,1.54444,1.54467,1.75,1.00
2016.05.09 01:45:25.704,1.54444,1.54467,1.12,1.00
2016.05.09 01:45:26.201,1.54443,1.54467,1.20,1.00
2016.05.09 01:45:27.303,1.54443,1.54467,1.07,1.07
2016.05.09 01:45:27.762,1.54443,1.54463,1.00,1.00
2016.05.09 01:45:27.915,1.54438,1.54463,1.57,1.10
2016.05.09 01:45:28.915,1.54438,1.54463,2.25,1.00
2016.05.09 01:45:29.616,1.54439,1.54463,1.12,1.00
2016.05.09 01:45:31.624,1.54439,1.54455,1.12,1.37
2016.05.09 01:45:31.829,1.54423,1.54446,2.62,1.00
2016.05.09 01:45:31.880,1.54423,1.54446,1.12,1.00
2016.05.09 01:45:32.135,1.54419,1.54446,3.00,1.10
2016.05.09 01:45:32.670,1.54419,1.54445,1.45,1.39
2016.05.09 01:45:34.473,1.54419,1.54445,1.45,1.65
2016.05.09 01:45:35.230,1.54419,1.54445,1.12,1.57
2016.05.09 01:45:37.431,1.5442,1.54445,1.12,1.50
2016.05.09 01:45:37.737,1.5442,1.54443,1.88,1.00
2016.05.09 01:45:40.465,1.5442,1.54445,1.88,1.00
2016.05.09 01:45:43.139,1.54421,1.54445,1.26,1.00
2016.05.09 01:45:46.198,1.54421,1.54446,1.93,1.50
2016.05.09 01:45:51.219,1.54421,1.54447,1.93,1.00
2016.05.09 01:45:51.371,1.54424,1.54447,1.12,1.00
2016.05.09 01:45:53.019,1.54421,1.54438,1.93,1.00
2016.05.09 01:45:53.172,1.54411,1.54432,1.00,1.76
2016.05.09 01:45:53.617,1.54412,1.54433,1.88,1.00
2016.05.09 01:45:53.669,1.54412,1.54435,2.38,1.10
2016.05.09 01:45:53.720,1.54412,1.54434,1.88,1.07
2016.05.09 01:45:53.822,1.54411,1.54428,1.00,1.00
2016.05.09 01:45:53.924,1.54411,1.5443,1.10,1.00
2016.05.09 01:45:54.026,1.54411,1.54434,1.17,1.10
2016.05.09 01:45:54.128,1.54409,1.54436,1.87,1.10
2016.05.09 01:45:54.332,1.54409,1.54436,1.12,2.32
2016.05.09 01:45:54.637,1.54411,1.54433,1.00,1.12
2016.05.09 01:45:54.982,1.54411,1.54432,1.12,1.50
2016.05.09 01:45:55.136,1.54408,1.54435,1.12,2.06
2016.05.09 01:45:55.237,1.54408,1.54435,2.62,1.26
2016.05.09 01:45:55.746,1.54409,1.54435,1.12,1.31
2016.05.09 01:45:56.270,1.54409,1.54435,1.87,1.12
2016.05.09 01:45:57.438,1.54408,1.54435,1.85,1.20
2016.05.09 01:45:57.541,1.54408,1.54435,1.17,1.57
2016.05.09 01:45:57.800,1.54414,1.54434,1.00,1.17
2016.05.09 01:45:59.733,1.54414,1.54436,1.00,1.09
2016.05.09 01:46:00.321,1.54416,1.54437,1.00,1.95
2016.05.09 01:46:00.627,1.54416,1.54436,1.12,1.50
2016.05.09 01:46:01.084,1.54416,1.54436,1.10,1.69
2016.05.09 01:46:02.234,1.5442,1.54436,1.00,1.69
2016.05.09 01:46:02.336,1.5442,1.5444,1.00,1.50
2016.05.09 01:46:02.539,1.54424,1.5444,1.00,1.50
2016.05.09 01:46:02.643,1.5442,1.54445,1.82,2.04
2016.05.09 01:46:02.695,1.5442,1.54443,1.82,1.37
2016.05.09 01:46:02.849,1.54416,1.54436,1.07,1.69
2016.05.09 01:46:03.153,1.54416,1.54436,1.50,1.50
2016.05.09 01:46:03.939,1.54417,1.54436,1.12,1.50
2016.05.09 01:46:05.039,1.54416,1.54436,1.50,1.50
2016.05.09 01:46:06.543,1.54422,1.54436,1.00,1.00
2016.05.09 01:46:06.646,1.54424,1.54442,1.00,1.75
2016.05.09 01:46:06.698,1.54426,1.54446,1.00,3.19
2016.05.09 01:46:06.750,1.54426,1.54446,1.00,2.06
2016.05.09 01:46:07.258,1.54426,1.54448,1.17,2.44
2016.05.09 01:46:08.656,1.54426,1.54448,1.17,2.44
2016.05.09 01:46:10.571,1.54421,1.54442,1.12,1.37
2016.05.09 01:46:10.622,1.5442,1.54437,1.12,1.00
2016.05.09 01:46:10.673,1.5442,1.54434,1.12,1.00
2016.05.09 01:46:10.776,1.54404,1.54429,1.65,1.76
2016.05.09 01:46:10.828,1.54403,1.54426,1.50,2.19
2016.05.09 01:46:10.880,1.54399,1.54419,1.00,1.12
2016.05.09 01:46:11.032,1.54396,1.54418,1.19,1.12
2016.05.09 01:46:11.388,1.54404,1.54419,1.00,1.75
2016.05.09 01:46:11.541,1.54411,1.5443,1.25,1.75
2016.05.09 01:46:11.643,1.54411,1.54436,1.25,1.12
2016.05.09 01:46:11.745,1.54411,1.54438,1.01,1.87
2016.05.09 01:46:12.056,1.54411,1.54438,1.40,1.15
2016.05.09 01:46:12.158,1.54411,1.54438,1.69,1.10
2016.05.09 01:46:12.463,1.54411,1.54438,1.39,1.87
2016.05.09 01:46:12.514,1.54411,1.54438,1.09,2.25
2016.05.09 01:46:13.175,1.54411,1.54437,1.25,1.12
2016.05.09 01:46:13.378,1.54411,1.54438,1.01,2.06
2016.05.09 01:46:14.382,1.54411,1.54438,1.10,3.00
2016.05.09 01:46:14.638,1.54411,1.54437,1.00,1.97
2016.05.09 01:46:14.689,1.54407,1.54435,1.01,1.45
2016.05.09 01:46:16.126,1.5441,1.54435,1.00,1.64
2016.05.09 01:46:18.761,1.54414,1.54435,1.00,1.45
2016.05.09 01:46:19.016,1.54421,1.54441,1.00,1.00
2016.05.09 01:46:19.068,1.54421,1.54441,1.00,1.87
2016.05.09 01:46:19.221,1.54422,1.54444,1.00,1.55
2016.05.09 01:46:19.273,1.54418,1.54443,1.37,1.47
2016.05.09 01:46:19.325,1.54416,1.54439,1.19,1.10
2016.05.09 01:46:19.377,1.54416,1.54439,1.19,1.85
2016.05.09 01:46:19.917,1.54414,1.54435,1.69,1.75
2016.05.09 01:46:20.538,1.54415,1.54436,1.19,1.76
2016.05.09 01:46:20.708,1.54419,1.54439,1.00,1.12
2016.05.09 01:46:20.759,1.54419,1.54439,1.00,1.00
2016.05.09 01:46:20.810,1.54419,1.54442,1.00,1.46
2016.05.09 01:46:21.065,1.54426,1.54443,1.00,3.37
2016.05.09 01:46:21.218,1.54423,1.5445,1.15,1.69
2016.05.09 01:46:21.270,1.54423,1.54448,1.07,1.01
2016.05.09 01:46:21.576,1.54423,1.54443,1.00,1.01
2016.05.09 01:46:25.597,1.54426,1.54443,1.19,1.75
2016.05.09 01:46:25.699,1.54427,1.54446,1.19,1.75
2016.05.09 01:46:25.956,1.54427,1.54449,1.19,1.12
2016.05.09 01:46:26.261,1.5443,1.54451,1.25,1.12
2016.05.09 01:46:27.594,1.54427,1.54449,1.19,2.00
2016.05.09 01:46:27.909,1.54427,1.54447,1.00,1.12
2016.05.09 01:46:30.450,1.54427,1.54445,1.00,1.12
2016.05.09 01:46:32.495,1.54425,1.54445,1.00,1.12
2016.05.09 01:46:32.868,1.54428,1.54445,1.25,1.12
2016.05.09 01:46:32.973,1.54428,1.54449,1.25,1.75
2016.05.09 01:46:33.504,1.54428,1.54451,1.12,1.12
2016.05.09 01:46:33.556,1.54443,1.54451,1.00,1.12
2016.05.09 01:46:33.607,1.54443,1.54451,1.00,1.12
2016.05.09 01:46:33.659,1.54446,1.54455,1.37,1.00
2016.05.09 01:46:33.761,1.54449,1.54461,1.56,1.00
2016.05.09 01:46:33.812,1.54449,1.54468,1.56,1.00
2016.05.09 01:46:33.914,1.54449,1.54467,1.19,1.07
2016.05.09 01:46:33.966,1.54442,1.54467,1.10,1.95
2016.05.09 01:46:34.079,1.54437,1.54458,1.19,1.75
2016.05.09 01:46:34.181,1.54435,1.54458,1.44,1.75
2016.05.09 01:46:34.689,1.54435,1.5446,1.44,1.12
2016.05.09 01:46:35.196,1.54435,1.5446,1.12,1.12
2016.05.09 01:46:35.606,1.54438,1.5446,1.37,1.12
2016.05.09 01:46:35.913,1.5444,1.54467,2.14,1.82
2016.05.09 01:46:35.964,1.5444,1.54467,2.51,1.57
2016.05.09 01:46:36.472,1.54443,1.54466,1.19,1.75
2016.05.09 01:46:36.982,1.54443,1.54465,1.19,1.12
2016.05.09 01:46:37.263,1.54441,1.54461,1.31,1.12
2016.05.09 01:46:37.365,1.54441,1.54464,1.31,1.12
2016.05.09 01:46:37.874,1.54441,1.54464,1.31,1.12
2016.05.09 01:46:39.629,1.54444,1.54464,1.25,1.12
2016.05.09 01:46:40.475,1.54445,1.54464,1.19,1.12
2016.05.09 01:46:40.679,1.54446,1.54465,1.19,1.12
2016.05.09 01:46:42.214,1.54446,1.54468,1.19,1.12
2016.05.09 01:46:42.740,1.54446,1.54468,1.19,1.12
2016.05.09 01:46:45.060,1.54446,1.54471,1.19,1.75
2016.05.09 01:46:45.111,1.54443,1.54471,2.59,1.94
2016.05.09 01:46:45.264,1.54443,1.54468,1.01,1.01
2016.05.09 01:46:46.079,1.54443,1.54469,1.19,1.75
2016.05.09 01:46:46.282,1.54446,1.54473,1.10,1.31
2016.05.09 01:46:46.384,1.54446,1.54471,1.00,1.12
2016.05.09 01:46:46.690,1.54461,1.54473,1.00,1.12
2016.05.09 01:46:46.843,1.54466,1.54493,1.62,2.25
2016.05.09 01:46:47.270,1.54467,1.54491,1.12,1.12
2016.05.09 01:46:47.779,1.54466,1.5449,1.69,1.12
2016.05.09 01:46:50.279,1.54465,1.54486,1.94,1.00
2016.05.09 01:46:50.381,1.54463,1.54484,1.00,1.00
2016.05.09 01:46:50.433,1.54463,1.54482,1.00,1.75
2016.05.09 01:46:50.485,1.54456,1.54478,1.00,1.12
2016.05.09 01:46:50.588,1.54451,1.54476,2.44,1.12
2016.05.09 01:46:50.892,1.54451,1.54478,1.69,1.75
2016.05.09 01:46:51.613,1.54451,1.54473,1.19,1.87
2016.05.09 01:46:51.956,1.54421,1.54436,1.37,1.12
2016.05.09 01:46:52.008,1.54411,1.54434,2.25,1.12
2016.05.09 01:46:52.061,1.54411,1.54433,1.75,1.12
2016.05.09 01:46:52.113,1.54411,1.5443,1.00,1.75
2016.05.09 01:46:52.215,1.54408,1.54428,1.19,1.12
2016.05.09 01:46:52.571,1.54415,1.54428,1.19,1.12
2016.05.09 01:46:52.673,1.54421,1.54436,1.19,1.12
2016.05.09 01:46:52.775,1.54425,1.54443,1.31,1.75
2016.05.09 01:46:53.283,1.54425,1.54444,1.31,1.87
2016.05.09 01:46:53.877,1.54423,1.54438,1.75,1.00
2016.05.09 01:46:53.979,1.54419,1.54439,1.69,1.00
2016.05.09 01:46:54.031,1.54419,1.54435,1.19,1.00
2016.05.09 01:46:54.184,1.54409,1.54429,1.31,1.50
2016.05.09 01:46:54.287,1.54408,1.54428,1.19,1.12
2016.05.09 01:46:54.592,1.5442,1.54435,1.19,1.75
2016.05.09 01:46:54.643,1.54414,1.54435,1.19,1.00
2016.05.09 01:46:54.801,1.54414,1.54432,1.19,1.00
2016.05.09 01:46:55.136,1.54414,1.54429,1.19,1.12
2016.05.09 01:46:55.390,1.5442,1.54434,1.56,1.00
2016.05.09 01:46:55.442,1.54416,1.54434,1.56,1.00
2016.05.09 01:46:55.544,1.5442,1.54438,1.19,1.12
2016.05.09 01:46:55.646,1.5442,1.54439,1.56,1.20
2016.05.09 01:46:56.153,1.5442,1.54439,1.56,1.07
2016.05.09 01:46:56.611,1.5442,1.54443,1.56,2.25
2016.05.09 01:46:56.815,1.5442,1.54437,1.19,1.00
2016.05.09 01:46:56.867,1.54417,1.54437,1.56,1.00
2016.05.09 01:46:56.918,1.54417,1.54434,1.19,1.00
2016.05.09 01:46:57.224,1.54424,1.54437,1.19,1.85
2016.05.09 01:46:57.276,1.54424,1.54437,1.19,1.20
2016.05.09 01:46:57.377,1.54424,1.54437,1.19,1.10
2016.05.09 01:46:57.550,1.54429,1.54442,1.19,1.82
2016.05.09 01:46:57.602,1.54429,1.54442,1.19,1.57
2016.05.09 01:46:57.811,1.54429,1.54443,1.19,1.20
2016.05.09 01:46:57.948,1.54421,1.54442,1.19,1.17
2016.05.09 01:46:58.202,1.54429,1.54444,1.19,1.20
2016.05.09 01:46:58.720,1.54429,1.54446,1.19,1.57
2016.05.09 01:46:59.046,1.5444,1.5445,1.19,1.12
2016.05.09 01:46:59.149,1.5444,1.54454,1.19,1.12
2016.05.09 01:46:59.252,1.5444,1.54456,1.19,1.12
2016.05.09 01:47:00.504,1.54434,1.54456,1.19,1.12
2016.05.09 01:47:00.606,1.54438,1.54454,1.19,1.12
2016.05.09 01:47:00.811,1.54439,1.54456,1.19,1.12
2016.05.09 01:47:01.015,1.54439,1.54458,1.19,1.12
2016.05.09 01:47:01.523,1.54439,1.54457,1.19,1.12
2016.05.09 01:47:02.031,1.54435,1.54457,1.19,1.12
2016.05.09 01:47:02.339,1.54435,1.54458,1.69,1.12
2016.05.09 01:47:02.543,1.54437,1.54459,1.19,1.12
2016.05.09 01:47:06.274,1.54445,1.54459,1.00,1.12
2016.05.09 01:47:06.428,1.54448,1.54465,1.12,1.00
2016.05.09 01:47:06.479,1.54448,1.5447,1.12,1.57
2016.05.09 01:47:06.531,1.54453,1.54474,1.00,1.84
2016.05.09 01:47:06.633,1.54448,1.54475,1.84,1.45
2016.05.09 01:47:06.735,1.54446,1.54474,1.26,1.12
2016.05.09 01:47:06.786,1.54448,1.54472,1.00,1.31
2016.05.09 01:47:06.888,1.54445,1.54471,1.00,1.31
2016.05.09 01:47:07.432,1.54444,1.5447,1.29,1.12
2016.05.09 01:47:07.533,1.54449,1.54471,1.00,1.75
2016.05.09 01:47:07.635,1.54448,1.54473,1.25,1.01
2016.05.09 01:47:07.805,1.54447,1.54471,1.00,1.01
2016.05.09 01:47:07.908,1.54442,1.54469,1.39,1.64
2016.05.09 01:47:08.433,1.54442,1.54468,1.19,1.94
2016.05.09 01:47:08.907,1.54448,1.54468,1.00,1.94
2016.05.09 01:47:09.515,1.5445,1.54469,1.00,1.87
2016.05.09 01:47:09.720,1.54452,1.54474,1.00,1.31
2016.05.09 01:47:09.822,1.54449,1.54473,1.00,1.39
2016.05.09 01:47:10.026,1.54445,1.54471,1.10,1.64
2016.05.09 01:47:11.288,1.54442,1.54469,1.40,1.31
2016.05.09 01:47:11.441,1.54438,1.54466,2.04,1.50
2016.05.09 01:47:11.986,1.54438,1.54465,1.26,1.75
2016.05.09 01:47:12.291,1.54438,1.54464,1.29,1.12
2016.05.09 01:47:12.699,1.5444,1.54465,1.19,1.12
2016.05.09 01:47:13.343,1.5444,1.54464,1.19,1.12
2016.05.09 01:47:13.945,1.5444,1.54463,1.19,1.12
2016.05.09 01:47:16.131,1.54442,1.54464,1.19,1.12
2016.05.09 01:47:16.292,1.54442,1.54465,1.19,1.12
2016.05.09 01:47:16.851,1.54442,1.54466,1.19,1.12
2016.05.09 01:47:18.954,1.54445,1.54468,1.25,2.25
2016.05.09 01:47:19.209,1.54445,1.54465,1.25,1.12
2016.05.09 01:47:19.518,1.54447,1.54466,1.00,1.75
2016.05.09 01:47:19.621,1.54448,1.5447,1.00,1.60
2016.05.09 01:47:19.723,1.54449,1.54472,1.00,1.31
2016.05.09 01:47:19.876,1.54451,1.54473,1.19,1.12
2016.05.09 01:47:19.928,1.54451,1.54474,1.19,1.75
2016.05.09 01:47:21.252,1.54452,1.54475,1.25,1.60
2016.05.09 01:47:21.456,1.54452,1.54477,1.25,1.01
2016.05.09 01:47:22.152,1.54453,1.54477,1.00,1.01
2016.05.09 01:47:22.253,1.54453,1.54475,1.00,1.60
2016.05.09 01:47:22.662,1.54455,1.54475,1.00,1.60
2016.05.09 01:47:23.206,1.54455,1.54478,1.00,1.39
2016.05.09 01:47:24.415,1.54454,1.54476,1.00,1.29
2016.05.09 01:47:24.769,1.54454,1.54471,1.00,1.00
2016.05.09 01:47:24.923,1.54447,1.5447,2.40,1.19
2016.05.09 01:47:26.119,1.54445,1.54466,1.00,1.01
2016.05.09 01:47:26.627,1.54445,1.54466,1.15,1.25
2016.05.09 01:47:27.751,1.54448,1.54469,1.00,1.29
2016.05.09 01:47:28.006,1.54448,1.54471,2.14,1.00
2016.05.09 01:47:28.564,1.54454,1.54474,1.00,1.25
2016.05.09 01:47:29.072,1.54458,1.54474,1.00,1.25
2016.05.09 01:47:30.159,1.54454,1.54471,1.44,1.00
2016.05.09 01:47:30.415,1.5445,1.54474,1.52,1.62
2016.05.09 01:47:30.467,1.54449,1.5447,1.69,1.00
2016.05.09 01:47:30.518,1.54448,1.5447,1.57,1.19
2016.05.09 01:47:30.672,1.54444,1.54465,2.14,1.00
2016.05.09 01:47:30.724,1.54444,1.54465,1.27,1.00
2016.05.09 01:47:30.928,1.54443,1.54461,1.62,1.00
2016.05.09 01:47:31.830,1.54438,1.54461,1.55,1.19
2016.05.09 01:47:32.084,1.54438,1.54458,1.10,1.25
2016.05.09 01:47:34.095,1.54438,1.54461,1.47,1.19
2016.05.09 01:47:36.614,1.54436,1.54461,1.44,1.39
2016.05.09 01:47:39.505,1.54436,1.5446,1.37,1.39
2016.05.09 01:47:40.097,1.54436,1.5446,1.44,1.39
2016.05.09 01:47:41.314,1.54437,1.5446,1.37,1.39
2016.05.09 01:47:42.129,1.54444,1.54463,1.25,1.80
2016.05.09 01:47:42.180,1.54444,1.54466,1.44,1.12
2016.05.09 01:47:42.282,1.54444,1.54467,1.56,1.15
2016.05.09 01:47:42.438,1.54446,1.54467,1.37,1.10
2016.05.09 01:47:42.541,1.54446,1.54467,1.25,1.17
2016.05.09 01:47:43.166,1.54444,1.54467,1.87,1.39
2016.05.09 01:47:44.260,1.54447,1.54469,1.19,1.12
2016.05.09 01:47:44.362,1.54451,1.5447,1.00,1.20
2016.05.09 01:47:44.415,1.54451,1.5447,1.37,1.10
2016.05.09 01:47:44.568,1.54449,1.54472,1.56,1.00
2016.05.09 01:47:44.619,1.54449,1.54472,1.44,1.00
2016.05.09 01:47:44.823,1.54449,1.54472,1.44,1.45
2016.05.09 01:47:45.367,1.54447,1.54472,1.56,1.87
2016.05.09 01:47:46.276,1.54446,1.54466,1.62,1.00
2016.05.09 01:47:46.481,1.54442,1.54466,1.57,1.00
2016.05.09 01:47:46.706,1.54445,1.54469,1.69,1.12
2016.05.09 01:47:46.758,1.54445,1.5447,1.29,1.95
2016.05.09 01:47:46.810,1.54443,1.54469,1.76,1.17
2016.05.09 01:47:47.326,1.54443,1.54469,1.76,1.10
2016.05.09 01:47:47.855,1.54442,1.54467,1.64,1.00
2016.05.09 01:47:48.009,1.54438,1.54466,1.77,1.71
2016.05.09 01:47:48.162,1.54437,1.54461,1.50,1.00
2016.05.09 01:47:48.214,1.54436,1.54461,2.21,1.00
2016.05.09 01:47:48.318,1.54436,1.5446,1.44,1.26
2016.05.09 01:47:50.604,1.54435,1.5446,1.65,1.19
2016.05.09 01:47:54.198,1.54439,1.5446,1.00,1.26
2016.05.09 01:47:54.300,1.5444,1.54462,1.00,1.01
2016.05.09 01:47:54.453,1.54443,1.54466,1.00,1.69
2016.05.09 01:47:54.657,1.54446,1.54469,1.00,1.39
2016.05.09 01:47:54.735,1.54446,1.54469,1.00,1.09
2016.05.09 01:47:54.839,1.54448,1.54469,1.00,1.09
2016.05.09 01:47:55.348,1.54447,1.54472,1.65,1.31
2016.05.09 01:47:55.858,1.54447,1.54472,1.00,3.56
2016.05.09 01:47:56.099,1.54445,1.5447,1.10,1.09
2016.05.09 01:47:56.202,1.54445,1.54469,1.10,1.39
2016.05.09 01:47:58.059,1.54443,1.54467,1.00,1.29
2016.05.09 01:47:58.663,1.54442,1.54467,1.00,1.29
2016.05.09 01:47:58.766,1.54442,1.54468,1.00,1.50
2016.05.09 01:48:02.053,1.54442,1.54469,1.00,3.19
2016.05.09 01:48:02.713,1.54441,1.54469,1.20,3.19
2016.05.09 01:48:03.209,1.54443,1.54469,1.50,3.19
2016.05.09 01:48:03.515,1.54468,1.54487,2.25,1.19
2016.05.09 01:48:03.617,1.54469,1.54487,1.07,1.62
2016.05.09 01:48:03.719,1.54466,1.54487,1.20,1.62
2016.05.09 01:48:03.821,1.5447,1.54487,1.00,1.39
2016.05.09 01:48:03.923,1.54471,1.54496,1.10,2.96
2016.05.09 01:48:03.975,1.54474,1.54496,1.00,2.59
2016.05.09 01:48:04.517,1.54475,1.54499,1.00,1.44
2016.05.09 01:48:05.023,1.54476,1.54499,1.20,1.44
2016.05.09 01:48:05.534,1.54478,1.54499,1.00,1.19
2016.05.09 01:48:05.737,1.54478,1.54503,1.00,1.76
2016.05.09 01:48:05.789,1.5448,1.54503,1.00,1.76
2016.05.09 01:48:05.891,1.54478,1.54503,1.00,1.76
2016.05.09 01:48:07.483,1.54478,1.545,1.00,1.09
2016.05.09 01:48:07.811,1.54474,1.54497,1.00,1.00
2016.05.09 01:48:10.144,1.54474,1.54492,1.00,1.00
2016.05.09 01:48:10.297,1.5447,1.54492,1.15,1.00
2016.05.09 01:48:10.862,1.5447,1.54492,1.10,1.00
2016.05.09 01:48:12.703,1.5447,1.54492,1.17,1.00
2016.05.09 01:48:13.246,1.5447,1.54492,1.20,1.19
2016.05.09 01:48:14.976,1.5447,1.54493,1.20,1.00
2016.05.09 01:48:15.028,1.5447,1.54495,1.20,1.25
2016.05.09 01:48:15.130,1.54471,1.54495,2.25,1.00
2016.05.09 01:48:15.496,1.54474,1.54493,1.00,1.00
2016.05.09 01:48:20.716,1.54474,1.54494,1.00,1.10
2016.05.09 01:48:24.528,1.54477,1.54494,1.00,1.00
2016.05.09 01:48:26.301,1.54477,1.54495,1.00,1.00
2016.05.09 01:48:30.106,1.54476,1.54495,1.00,1.00
2016.05.09 01:48:32.551,1.54475,1.54492,1.00,1.00
2016.05.09 01:48:32.707,1.54469,1.54488,1.00,1.19
2016.05.09 01:48:33.215,1.54468,1.54488,1.00,1.19
2016.05.09 01:48:34.147,1.54468,1.54485,1.00,1.00
2016.05.09 01:48:34.249,1.54466,1.54484,1.00,1.00
2016.05.09 01:48:34.351,1.54466,1.54482,1.00,1.00
2016.05.09 01:48:34.411,1.54462,1.54482,1.00,1.00
2016.05.09 01:48:34.563,1.54462,1.54482,1.00,1.19
2016.05.09 01:48:36.592,1.54461,1.54482,1.00,1.19
2016.05.09 01:48:37.114,1.54461,1.54479,1.07,1.00
2016.05.09 01:48:38.056,1.54461,1.54479,1.00,1.00
2016.05.09 01:48:38.360,1.54463,1.54479,1.00,1.00
2016.05.09 01:48:39.664,1.54461,1.54479,1.07,1.00
2016.05.09 01:48:40.215,1.54462,1.54483,1.10,1.19
2016.05.09 01:48:40.725,1.54467,1.54486,1.00,1.19
2016.05.09 01:48:40.929,1.54472,1.54489,1.00,1.57
2016.05.09 01:48:41.031,1.54474,1.54489,1.00,1.00
2016.05.09 01:48:41.083,1.54474,1.54495,1.00,1.12
2016.05.09 01:48:41.135,1.54476,1.54495,1.00,1.12
2016.05.09 01:48:41.186,1.5448,1.54497,1.00,1.36
2016.05.09 01:48:41.712,1.54481,1.545,1.00,1.19
2016.05.09 01:48:42.580,1.54484,1.545,1.00,1.19
2016.05.09 01:48:42.884,1.54482,1.545,1.00,1.19
2016.05.09 01:48:42.937,1.54482,1.54497,1.00,1.19
2016.05.09 01:48:48.999,1.54483,1.54497,1.00,1.19
2016.05.09 01:48:53.947,1.54483,1.54504,1.00,1.44
2016.05.09 01:48:56.568,1.54482,1.54504,1.00,1.94
2016.05.09 01:48:56.620,1.5448,1.54496,1.17,1.19
2016.05.09 01:48:56.672,1.54476,1.54496,2.25,1.19
2016.05.09 01:48:56.774,1.54472,1.54496,1.12,1.94
2016.05.09 01:48:56.825,1.54472,1.54495,1.00,1.01
2016.05.09 01:48:57.028,1.54471,1.54489,1.00,1.19
2016.05.09 01:49:00.140,1.54469,1.54489,1.00,1.19
2016.05.09 01:49:00.192,1.54469,1.54489,1.00,1.64
2016.05.09 01:49:00.244,1.54466,1.54489,1.00,1.64
2016.05.09 01:49:00.346,1.54465,1.54483,1.00,1.19
2016.05.09 01:49:05.053,1.54466,1.54483,1.00,1.19
2016.05.09 01:49:05.561,1.54465,1.54483,1.00,1.19
2016.05.09 01:49:06.177,1.54465,1.54479,1.00,1.19
2016.05.09 01:49:08.045,1.54461,1.54479,1.10,1.19
2016.05.09 01:49:08.251,1.54458,1.54471,1.87,1.19
2016.05.09 01:49:08.353,1.54454,1.54471,1.20,1.19
2016.05.09 01:49:09.415,1.54457,1.54471,1.00,1.19
2016.05.09 01:49:09.466,1.5446,1.54479,1.00,1.62
2016.05.09 01:49:09.981,1.54461,1.54479,1.00,1.19
2016.05.09 01:49:12.500,1.54458,1.54479,1.07,1.19
2016.05.09 01:49:12.552,1.54458,1.54475,1.00,1.19
2016.05.09 01:49:12.757,1.54458,1.54478,1.00,1.19
2016.05.09 01:49:12.859,1.54458,1.54475,1.00,1.19
2016.05.09 01:49:14.658,1.54458,1.54479,1.00,1.44
2016.05.09 01:49:15.167,1.54458,1.54478,1.00,1.19
2016.05.09 01:49:15.691,1.54458,1.54478,1.07,1.19
2016.05.09 01:49:16.287,1.54455,1.54475,1.12,1.19
2016.05.09 01:49:22.855,1.54455,1.54475,1.12,1.19
2016.05.09 01:49:24.476,1.54457,1.54475,1.75,1.19
2016.05.09 01:49:25.798,1.54456,1.54475,1.50,1.19
2016.05.09 01:49:25.900,1.54456,1.54475,1.00,1.19
2016.05.09 01:49:28.103,1.54462,1.54475,1.00,1.29
2016.05.09 01:49:32.553,1.54464,1.54475,1.00,1.19
2016.05.09 01:49:33.716,1.54466,1.54475,1.00,1.19
2016.05.09 01:49:39.407,1.54466,1.54476,1.00,1.19
2016.05.09 01:49:40.309,1.54468,1.54476,1.00,1.19
2016.05.09 01:49:40.726,1.54468,1.54478,1.00,1.19
2016.05.09 01:49:45.345,1.54469,1.54478,1.00,1.19
2016.05.09 01:49:45.702,1.54467,1.54478,1.00,1.19
2016.05.09 01:49:45.804,1.54467,1.54476,1.50,1.19
2016.05.09 01:49:46.009,1.54465,1.54476,1.00,1.19
2016.05.09 01:49:48.537,1.54465,1.54474,1.00,1.19
2016.05.09 01:49:48.892,1.54463,1.54469,1.00,1.19
2016.05.09 01:49:54.499,1.54462,1.54469,1.00,1.19
2016.05.09 01:49:59.103,1.54462,1.54472,1.50,1.19
2016.05.09 01:49:59.888,1.54462,1.54477,1.50,1.19
2016.05.09 01:50:03.755,1.54462,1.5448,1.50,1.19
2016.05.09 01:50:04.624,1.54462,1.54478,1.00,1.19
2016.05.09 01:50:05.411,1.54458,1.54478,1.00,1.19
2016.05.09 01:50:06.263,1.54459,1.54478,1.00,1.36
2016.05.09 01:50:06.572,1.54458,1.54475,1.00,1.19
2016.05.09 01:50:07.107,1.54459,1.54475,1.50,1.19
2016.05.09 01:50:12.863,1.5446,1.54475,1.00,1.19
2016.05.09 01:50:23.580,1.54459,1.54475,1.00,1.19
2016.05.09 01:50:24.403,1.54459,1.54476,1.00,1.19
2016.05.09 01:50:26.886,1.54462,1.54476,1.00,1.19
2016.05.09 01:50:27.242,1.54464,1.54476,1.00,1.19
2016.05.09 01:50:28.910,1.54469,1.54476,1.00,1.19
2016.05.09 01:50:29.174,1.54484,1.54501,1.07,1.25
2016.05.09 01:50:29.685,1.54484,1.54504,1.00,1.56
2016.05.09 01:50:34.403,1.54485,1.54504,1.00,1.19
2016.05.09 01:50:40.895,1.54483,1.54496,1.10,1.19
2016.05.09 01:50:43.685,1.54483,1.54502,1.00,1.19
2016.05.09 01:50:46.867,1.5448,1.54497,1.20,1.19
2016.05.09 01:50:46.969,1.5448,1.54497,1.00,1.19
2016.05.09 01:50:51.617,1.54477,1.54497,1.09,1.19
2016.05.09 01:50:54.111,1.54477,1.54493,1.00,1.19
2016.05.09 01:50:54.620,1.54476,1.54493,1.00,1.19
2016.05.09 01:50:54.722,1.54473,1.54493,1.27,1.19
2016.05.09 01:50:55.345,1.54473,1.54493,1.07,1.19
2016.05.09 01:50:55.908,1.54473,1.54493,1.10,1.19
2016.05.09 01:50:57.954,1.54471,1.54493,1.10,1.19
2016.05.09 01:50:58.056,1.54468,1.54485,1.20,1.19
2016.05.09 01:50:58.107,1.54465,1.54485,1.17,1.19
2016.05.09 01:50:58.614,1.54465,1.54485,1.00,1.19
2016.05.09 01:50:59.277,1.54463,1.54485,1.10,1.19
2016.05.09 01:51:00.623,1.5446,1.5448,1.20,1.19
2016.05.09 01:51:00.776,1.5446,1.5448,1.20,1.19
2016.05.09 01:51:03.059,1.54461,1.54483,1.44,1.29
2016.05.09 01:51:03.266,1.54461,1.54483,2.19,1.19
2016.05.09 01:51:04.028,1.54465,1.54487,1.39,1.29
2016.05.09 01:51:04.443,1.54466,1.54487,1.27,1.19
2016.05.09 01:51:04.750,1.54468,1.54487,1.65,1.19
2016.05.09 01:51:08.030,1.54471,1.54487,1.00,1.19
2016.05.09 01:51:09.796,1.54471,1.54487,1.20,1.19
2016.05.09 01:51:11.624,1.54467,1.54482,1.60,1.19
2016.05.09 01:51:11.827,1.54465,1.54482,2.25,1.19
2016.05.09 01:51:12.362,1.54464,1.54482,1.57,1.19
2016.05.09 01:51:12.465,1.54468,1.54486,1.00,1.19
2016.05.09 01:51:12.516,1.54468,1.54486,1.45,1.19
2016.05.09 01:51:13.856,1.54472,1.54486,1.00,1.19
2016.05.09 01:51:17.344,1.54472,1.5449,1.25,1.19
2016.05.09 01:51:18.507,1.5447,1.5449,1.27,1.19
2016.05.09 01:51:18.559,1.54469,1.54482,1.15,1.19
2016.05.09 01:51:18.661,1.54468,1.54488,1.57,1.19
2016.05.09 01:51:18.814,1.54469,1.54488,1.20,1.19
2016.05.09 01:51:22.045,1.54472,1.5449,1.00,1.19
2016.05.09 01:51:23.306,1.54471,1.5449,1.25,1.19
2016.05.09 01:51:23.576,1.54472,1.5449,1.47,1.19
2016.05.09 01:51:27.235,1.54472,1.54492,1.55,1.19
2016.05.09 01:51:27.751,1.54472,1.54492,2.25,1.19
2016.05.09 01:51:30.653,1.54476,1.54504,1.75,3.19
2016.05.09 01:51:30.958,1.54479,1.54503,1.77,1.19
2016.05.09 01:51:31.479,1.54481,1.54503,1.45,1.19
2016.05.09 01:51:32.169,1.54481,1.54503,2.06,1.19
2016.05.09 01:51:32.709,1.54483,1.54503,1.57,1.19
2016.05.09 01:51:33.150,1.54487,1.5451,1.27,1.19
2016.05.09 01:51:33.354,1.54487,1.5451,1.57,1.19
2016.05.09 01:51:34.944,1.5449,1.5451,1.00,1.19
2016.05.09 01:51:36.808,1.5449,1.54511,1.00,1.19
2016.05.09 01:51:38.117,1.54492,1.54515,1.44,1.31
2016.05.09 01:51:38.219,1.54494,1.54516,1.37,1.76
2016.05.09 01:51:38.529,1.54498,1.54521,1.87,1.19
2016.05.09 01:51:38.951,1.54496,1.54517,1.50,1.20
2016.05.09 01:51:39.003,1.54496,1.54517,1.00,1.20
2016.05.09 01:51:39.054,1.54494,1.54517,1.00,1.01
2016.05.09 01:51:39.105,1.54494,1.54513,1.00,1.00
2016.05.09 01:51:39.520,1.5449,1.54513,1.47,1.10
2016.05.09 01:51:39.774,1.5449,1.54517,2.32,1.39
2016.05.09 01:51:40.017,1.54492,1.54517,1.45,1.32
2016.05.09 01:51:41.036,1.54494,1.54518,1.20,1.34
2016.05.09 01:51:41.460,1.54497,1.54521,1.37,1.34
2016.05.09 01:51:41.564,1.54498,1.54525,1.47,1.31
2016.05.09 01:51:41.617,1.545,1.54525,1.44,1.20
2016.05.09 01:51:41.670,1.545,1.54526,1.47,1.01
2016.05.09 01:51:41.722,1.54504,1.54528,1.44,2.81
2016.05.09 01:51:42.724,1.545,1.54528,1.47,2.81
2016.05.09 01:51:43.948,1.54499,1.54528,1.09,3.19
2016.05.09 01:51:44.101,1.54497,1.54525,3.75,2.07
2016.05.09 01:51:44.229,1.54497,1.54522,1.25,1.69
2016.05.09 01:51:44.281,1.54494,1.5452,2.21,1.39
2016.05.09 01:51:44.434,1.54492,1.5452,1.20,1.76
2016.05.09 01:51:44.485,1.54491,1.54518,1.12,1.01
2016.05.09 01:51:44.790,1.5449,1.54516,1.37,1.12
2016.05.09 01:51:45.333,1.54492,1.54517,1.37,1.01
2016.05.09 01:51:45.848,1.54492,1.54518,1.66,1.12
2016.05.09 01:51:46.832,1.54493,1.54521,1.01,1.50
2016.05.09 01:51:47.349,1.54494,1.54522,1.76,2.44
2016.05.09 01:51:50.012,1.54494,1.54522,2.44,1.26
2016.05.09 01:51:51.414,1.54494,1.54519,2.44,1.00
2016.05.09 01:51:51.879,1.54494,1.54519,2.25,1.19
2016.05.09 01:51:51.971,1.54494,1.54519,2.44,1.00
2016.05.09 01:51:52.124,1.54498,1.54519,1.29,1.00
2016.05.09 01:51:53.674,1.54498,1.54519,1.44,1.17
2016.05.09 01:51:53.775,1.54493,1.54514,1.39,1.00
2016.05.09 01:51:53.877,1.5449,1.54514,1.01,1.00
2016.05.09 01:51:53.929,1.54489,1.54511,2.04,1.00
2016.05.09 01:51:54.887,1.5449,1.54513,1.56,1.00
2016.05.09 01:51:55.040,1.5449,1.54513,1.71,1.00
2016.05.09 01:51:55.455,1.54489,1.54513,1.69,1.00
2016.05.09 01:51:55.506,1.54489,1.5451,1.50,1.00
2016.05.09 01:51:55.558,1.54489,1.5451,1.20,1.00
2016.05.09 01:51:56.325,1.54484,1.54509,2.21,1.00
2016.05.09 01:51:56.832,1.54484,1.54509,2.21,1.00
2016.05.09 01:51:56.934,1.54484,1.54505,1.77,1.00
2016.05.09 01:51:57.188,1.54483,1.54505,1.01,1.00
2016.05.09 01:51:57.442,1.54482,1.54505,1.71,1.00
2016.05.09 01:51:57.899,1.54485,1.54508,1.57,1.00
2016.05.09 01:51:59.356,1.54485,1.54512,2.06,1.00
2016.05.09 01:51:59.419,1.54488,1.54515,2.14,1.00
2016.05.09 01:51:59.471,1.54493,1.54515,1.44,1.00
2016.05.09 01:52:00.585,1.54492,1.54515,1.15,1.00
2016.05.09 01:52:00.839,1.5449,1.54515,1.95,1.00
2016.05.09 01:52:01.351,1.5449,1.54515,1.87,1.00
2016.05.09 01:52:02.006,1.5449,1.54514,1.69,1.00
2016.05.09 01:52:02.361,1.54492,1.54514,1.00,1.00
2016.05.09 01:52:02.667,1.54493,1.54515,1.29,1.00
2016.05.09 01:52:03.971,1.54491,1.54513,1.36,1.00
2016.05.09 01:52:05.941,1.54488,1.54513,2.51,1.00
2016.05.09 01:52:06.094,1.54488,1.5451,1.76,1.00
2016.05.09 01:52:06.551,1.54486,1.54508,1.34,1.00
2016.05.09 01:52:08.752,1.54486,1.54509,1.36,1.00
2016.05.09 01:52:09.260,1.5449,1.54509,1.19,1.00
2016.05.09 01:52:09.768,1.5449,1.54509,1.19,1.00
2016.05.09 01:52:10.405,1.5449,1.5451,1.19,1.00
2016.05.09 01:52:12.118,1.54486,1.54507,1.36,1.00
2016.05.09 01:52:14.210,1.54486,1.54506,1.19,1.00
2016.05.09 01:52:19.819,1.54493,1.54508,1.19,1.00
2016.05.09 01:52:19.921,1.54493,1.5451,1.19,1.10
2016.05.09 01:52:20.494,1.54485,1.5451,2.96,1.00
2016.05.09 01:52:22.321,1.54488,1.54507,1.07,1.00
2016.05.09 01:52:22.476,1.54482,1.54507,2.89,1.19
2016.05.09 01:52:22.578,1.54483,1.54507,1.60,1.19
2016.05.09 01:52:22.732,1.54482,1.54505,1.31,1.00
2016.05.09 01:52:22.783,1.54481,1.54505,1.50,1.19
2016.05.09 01:52:22.834,1.54481,1.54503,1.00,1.19
2016.05.09 01:52:22.938,1.54478,1.54503,1.12,1.29
2016.05.09 01:52:23.143,1.54478,1.54503,2.21,1.00
2016.05.09 01:52:24.694,1.54477,1.54498,1.76,1.00
2016.05.09 01:52:24.797,1.54475,1.54498,1.64,1.00
2016.05.09 01:52:24.848,1.54475,1.54496,1.26,1.00
2016.05.09 01:52:35.451,1.54471,1.54496,1.57,1.19
2016.05.09 01:52:40.708,1.54472,1.54497,1.57,1.19
2016.05.09 01:52:40.861,1.54476,1.54501,1.25,1.12
2016.05.09 01:52:40.963,1.54477,1.54501,1.95,1.25
2016.05.09 01:52:42.460,1.54478,1.54504,2.77,1.19
2016.05.09 01:52:42.993,1.54477,1.54504,2.25,1.44
2016.05.09 01:52:44.613,1.54477,1.54504,1.75,1.19
2016.05.09 01:52:45.778,1.54476,1.545,1.84,1.00
2016.05.09 01:52:46.084,1.54476,1.54497,1.19,1.19
2016.05.09 01:52:46.662,1.54473,1.54497,2.21,1.19
2016.05.09 01:52:46.866,1.54477,1.54504,1.56,1.29
2016.05.09 01:52:46.977,1.5448,1.54504,1.01,1.19
2016.05.09 01:52:47.282,1.54486,1.54512,1.20,1.19
2016.05.09 01:52:48.949,1.54488,1.54515,1.47,1.19
2016.05.09 01:52:49.051,1.54488,1.54515,1.57,1.19
2016.05.09 01:52:55.522,1.54489,1.54514,1.00,1.19
2016.05.09 01:52:55.725,1.54491,1.54514,1.12,1.19
2016.05.09 01:52:55.776,1.54491,1.54517,1.39,1.25
2016.05.09 01:52:58.747,1.54493,1.5452,1.36,1.19
2016.05.09 01:52:59.103,1.54495,1.5452,2.70,1.19
2016.05.09 01:53:00.096,1.54497,1.54522,1.50,1.19
2016.05.09 01:53:00.148,1.54497,1.54522,2.44,1.00
2016.05.09 01:53:04.461,1.54497,1.54522,2.44,1.00
2016.05.09 01:53:09.257,1.54497,1.54524,5.06,1.00
2016.05.09 01:53:10.890,1.54499,1.54524,1.01,1.00
2016.05.09 01:53:11.458,1.54497,1.54524,1.84,1.00
2016.05.09 01:53:11.966,1.54501,1.54524,1.34,1.00
2016.05.09 01:53:14.252,1.54499,1.54523,1.31,1.00
2016.05.09 01:53:14.491,1.54501,1.54523,1.31,1.00
2016.05.09 01:53:14.695,1.54501,1.54526,1.31,1.19
2016.05.09 01:53:14.847,1.54498,1.54526,1.94,1.19
2016.05.09 01:53:17.476,1.54503,1.54526,1.19,1.00
2016.05.09 01:53:17.798,1.54499,1.54523,1.64,1.00
2016.05.09 01:53:18.357,1.54498,1.54523,1.34,1.19
2016.05.09 01:53:18.561,1.54498,1.5452,1.19,1.00
2016.05.09 01:53:18.663,1.54497,1.5452,1.00,1.19
2016.05.09 01:53:18.765,1.54495,1.5452,1.29,1.00
2016.05.09 01:53:19.948,1.54499,1.54522,1.25,1.00
2016.05.09 01:53:19.999,1.54499,1.54524,1.46,1.19
2016.05.09 01:53:20.304,1.54503,1.54527,2.81,1.00
2016.05.09 01:53:23.681,1.54506,1.54529,1.69,1.00
2016.05.09 01:53:24.038,1.54507,1.54534,1.00,1.69
2016.05.09 01:53:26.320,1.54511,1.54534,1.00,1.19
2016.05.09 01:53:28.238,1.54514,1.54534,1.00,1.19
2016.05.09 01:53:29.320,1.54512,1.54536,1.00,2.44
2016.05.09 01:53:30.096,1.54512,1.54535,1.50,1.12
2016.05.09 01:53:30.147,1.54514,1.54535,1.00,1.12
2016.05.09 01:53:30.451,1.54517,1.54541,1.00,1.47
2016.05.09 01:53:30.571,1.54514,1.54541,1.00,1.47
2016.05.09 01:53:32.448,1.54516,1.54541,1.00,1.39
2016.05.09 01:53:33.216,1.54516,1.54542,1.19,1.55
2016.05.09 01:53:33.916,1.54514,1.54542,1.69,1.27
2016.05.09 01:53:34.817,1.54514,1.54542,1.69,1.57
2016.05.09 01:53:35.325,1.54514,1.5454,1.19,1.20
2016.05.09 01:53:36.529,1.54514,1.54541,1.19,3.75
2016.05.09 01:53:37.303,1.54514,1.54536,1.19,1.37
2016.05.09 01:53:37.354,1.54509,1.54536,1.19,1.37
2016.05.09 01:53:37.829,1.54512,1.54534,1.19,1.00
2016.05.09 01:53:38.134,1.54512,1.54534,1.25,1.00
2016.05.09 01:53:38.185,1.54512,1.54537,1.25,1.00
2016.05.09 01:53:38.236,1.54513,1.54537,1.19,1.00
2016.05.09 01:53:38.528,1.54514,1.5454,2.81,1.00
2016.05.09 01:53:38.579,1.54519,1.5454,1.19,1.00
2016.05.09 01:53:38.886,1.54514,1.54535,1.29,1.00
2016.05.09 01:53:39.193,1.54513,1.54532,1.19,1.00
2016.05.09 01:53:39.736,1.54513,1.54534,1.19,1.00
2016.05.09 01:53:40.243,1.54515,1.54537,1.19,1.44
2016.05.09 01:53:40.346,1.54523,1.54537,1.19,1.00
2016.05.09 01:53:40.660,1.54514,1.54537,1.31,1.25
2016.05.09 01:53:40.711,1.54514,1.54531,1.19,1.00
2016.05.09 01:53:40.762,1.54512,1.54531,1.69,1.00
2016.05.09 01:53:40.967,1.54512,1.54528,1.19,1.00
2016.05.09 01:53:41.272,1.54506,1.54521,1.19,1.00
2016.05.09 01:53:41.324,1.54502,1.54521,1.19,1.00
2016.05.09 01:53:41.679,1.54501,1.54519,1.19,1.00
2016.05.09 01:53:41.984,1.54502,1.54522,1.19,1.00
2016.05.09 01:53:45.011,1.54502,1.54525,1.19,1.00
2016.05.09 01:53:45.062,1.54507,1.54525,1.19,1.00
2016.05.09 01:53:45.216,1.54507,1.54528,1.19,1.00
2016.05.09 01:53:47.399,1.54507,1.54525,1.19,1.00
2016.05.09 01:53:50.834,1.54507,1.54528,1.19,1.00
2016.05.09 01:53:52.339,1.54507,1.54532,1.19,1.01
2016.05.09 01:53:52.441,1.54513,1.54532,1.19,1.00
2016.05.09 01:53:55.316,1.54506,1.54532,4.39,1.00
2016.05.09 01:53:57.413,1.54506,1.54529,1.87,1.00
2016.05.09 01:53:57.718,1.54502,1.54524,1.19,1.00
2016.05.09 01:53:57.820,1.545,1.54521,1.19,1.00
2016.05.09 01:53:57.871,1.54498,1.54519,1.31,1.20
2016.05.09 01:53:57.923,1.54497,1.54515,1.56,1.00
2016.05.09 01:53:58.177,1.54485,1.5451,2.02,1.00
2016.05.09 01:53:58.280,1.54485,1.54507,1.95,1.00
2016.05.09 01:53:58.906,1.54485,1.54513,1.29,4.12
2016.05.09 01:53:59.532,1.54485,1.54513,1.29,4.12
2016.05.09 01:53:59.735,1.54484,1.54513,1.26,3.56
2016.05.09 01:54:01.229,1.54484,1.54513,1.56,3.26
2016.05.09 01:54:01.749,1.54484,1.54513,1.39,2.06
2016.05.09 01:54:02.690,1.54484,1.54513,1.39,2.06
2016.05.09 01:54:03.207,1.54488,1.54515,1.00,1.81
2016.05.09 01:54:03.462,1.54488,1.54515,1.19,2.06
2016.05.09 01:54:03.615,1.5449,1.54517,1.19,1.44
2016.05.09 01:54:11.409,1.54491,1.54521,1.39,3.94
2016.05.09 01:54:12.792,1.54492,1.54521,1.39,3.19
2016.05.09 01:54:18.802,1.5449,1.54518,1.34,1.31
2016.05.09 01:54:20.352,1.54488,1.54515,1.31,1.00
2016.05.09 01:54:25.364,1.54487,1.54515,1.84,1.00
2016.05.09 01:54:25.936,1.54487,1.54516,1.84,1.00
2016.05.09 01:54:25.987,1.54487,1.54516,1.84,1.19
2016.05.09 01:54:26.292,1.54483,1.54511,1.76,1.00
2016.05.09 01:54:27.875,1.54482,1.54511,1.84,1.19
2016.05.09 01:54:29.172,1.5448,1.54507,3.26,1.00
2016.05.09 01:54:29.661,1.54481,1.54507,2.00,1.19
2016.05.09 01:54:30.168,1.5448,1.54507,1.76,1.19
2016.05.09 01:54:31.333,1.5448,1.54507,1.36,1.19
2016.05.09 01:54:31.876,1.54481,1.54507,1.40,1.19
2016.05.09 01:54:37.094,1.5448,1.54505,1.20,1.19
2016.05.09 01:54:38.390,1.54479,1.54505,1.20,1.19
2016.05.09 01:54:38.949,1.54477,1.54504,1.50,1.19
2016.05.09 01:54:41.742,1.54473,1.54502,2.89,1.19
2016.05.09 01:54:41.844,1.54474,1.54498,1.71,1.00
2016.05.09 01:54:42.387,1.54472,1.54498,1.01,1.00
2016.05.09 01:54:43.086,1.54471,1.54497,1.64,1.00
2016.05.09 01:54:45.330,1.54473,1.54501,1.19,2.57
2016.05.09 01:54:46.759,1.54473,1.54501,1.19,1.82
2016.05.09 01:54:46.810,1.54473,1.545,1.00,2.19
2016.05.09 01:54:48.618,1.54475,1.54498,1.00,1.44
2016.05.09 01:54:50.458,1.54475,1.54501,1.44,2.06
2016.05.09 01:54:53.259,1.54475,1.54501,1.25,1.69
2016.05.09 01:54:57.110,1.54474,1.54501,1.10,2.06
2016.05.09 01:54:58.175,1.54471,1.54497,1.25,1.32
2016.05.09 01:54:58.481,1.54462,1.54485,1.00,1.69
2016.05.09 01:54:58.532,1.54458,1.54485,1.00,2.44
2016.05.09 01:54:58.685,1.54459,1.54479,1.00,1.19
2016.05.09 01:54:58.838,1.54456,1.54479,1.25,1.19
2016.05.09 01:54:59.450,1.54457,1.54479,1.00,1.19
2016.05.09 01:55:00.866,1.54457,1.54479,1.37,1.19
2016.05.09 01:55:01.246,1.54463,1.54479,1.00,1.69
2016.05.09 01:55:01.551,1.54459,1.54479,1.37,1.69
2016.05.09 01:55:01.603,1.54459,1.54479,1.00,2.44
2016.05.09 01:55:02.658,1.5446,1.54479,1.00,2.44
2016.05.09 01:55:02.820,1.54457,1.54479,1.00,2.44
2016.05.09 01:55:03.331,1.54458,1.54479,1.00,2.44
2016.05.09 01:55:04.792,1.54458,1.5447,1.00,1.12
2016.05.09 01:55:04.844,1.5445,1.5447,1.00,2.06
2016.05.09 01:55:04.947,1.5445,1.54465,1.00,1.44
2016.05.09 01:55:05.050,1.54443,1.54465,1.00,2.32
2016.05.09 01:55:06.055,1.54445,1.54464,1.00,1.94
2016.05.09 01:55:06.157,1.54439,1.54465,1.00,3.52
2016.05.09 01:55:06.462,1.54448,1.54465,1.00,3.37
2016.05.09 01:55:07.122,1.54449,1.54465,1.00,1.19
2016.05.09 01:55:07.275,1.54449,1.5447,1.00,1.76
2016.05.09 01:55:07.478,1.54447,1.54469,1.19,1.67
2016.05.09 01:55:07.783,1.54446,1.54468,1.56,2.40
2016.05.09 01:55:07.885,1.54446,1.5447,1.56,1.50
2016.05.09 01:55:07.970,1.54446,1.54467,1.37,1.19
2016.05.09 01:55:08.022,1.54446,1.5447,1.37,1.46
2016.05.09 01:55:08.073,1.54447,1.5447,1.37,1.46
2016.05.09 01:55:09.299,1.54448,1.54467,1.44,1.01
2016.05.09 01:55:09.845,1.54448,1.54468,1.44,1.36
2016.05.09 01:55:10.720,1.54448,1.54468,1.37,1.36
2016.05.09 01:55:11.229,1.54449,1.54469,1.37,1.39
2016.05.09 01:55:11.889,1.54449,1.5447,1.37,2.44
2016.05.09 01:55:12.775,1.54449,1.5447,1.12,2.44
2016.05.09 01:55:15.400,1.54449,1.54469,1.37,1.39
2016.05.09 01:55:15.917,1.54449,1.54469,1.37,1.39
2016.05.09 01:55:20.305,1.54453,1.54471,1.00,4.69
2016.05.09 01:55:20.970,1.54451,1.54471,1.00,3.94
2016.05.09 01:55:22.037,1.54448,1.54471,1.50,4.01
2016.05.09 01:55:24.272,1.54447,1.54468,1.00,2.14
2016.05.09 01:55:26.188,1.54446,1.54467,1.00,1.46
2016.05.09 01:55:26.240,1.54446,1.54464,1.00,1.00
2016.05.09 01:55:27.452,1.54442,1.54464,1.00,1.69
2016.05.09 01:55:27.503,1.5444,1.54464,1.00,1.69
2016.05.09 01:55:28.088,1.5444,1.54464,1.50,1.97
2016.05.09 01:55:28.628,1.5444,1.54463,1.00,1.76
2016.05.09 01:55:28.679,1.54438,1.54462,1.00,1.39
2016.05.09 01:55:28.932,1.54437,1.54459,1.50,1.39
2016.05.09 01:55:29.942,1.54438,1.54459,1.00,1.39
2016.05.09 01:55:30.354,1.5444,1.54459,1.00,1.39
2016.05.09 01:55:30.457,1.54435,1.54456,1.00,1.01
2016.05.09 01:55:30.508,1.54433,1.54458,1.00,1.31
2016.05.09 01:55:30.611,1.54429,1.54449,1.25,1.12
2016.05.09 01:55:30.712,1.54428,1.5445,1.19,1.15
2016.05.09 01:55:30.814,1.54425,1.54452,1.00,1.69
2016.05.09 01:55:30.916,1.54425,1.54452,1.19,1.15
2016.05.09 01:55:31.221,1.54438,1.54452,1.00,1.10
2016.05.09 01:55:32.634,1.54437,1.54452,1.00,1.00
2016.05.09 01:55:34.711,1.54438,1.54452,1.00,1.00
2016.05.09 01:55:35.226,1.5444,1.54452,1.00,1.00
2016.05.09 01:55:35.531,1.5444,1.54455,1.00,1.10
2016.05.09 01:55:36.068,1.54439,1.54455,1.00,1.10
2016.05.09 01:55:37.916,1.54441,1.54455,1.00,1.00
2016.05.09 01:55:40.582,1.54441,1.54456,1.00,1.25
2016.05.09 01:55:40.896,1.54443,1.5446,1.00,1.15
2016.05.09 01:55:40.947,1.54443,1.5446,1.00,1.10
2016.05.09 01:55:41.050,1.54448,1.5446,1.00,1.10
2016.05.09 01:55:42.034,1.54446,1.5446,1.00,1.10
2016.05.09 01:55:44.322,1.54443,1.5446,1.00,1.00
2016.05.09 01:55:49.027,1.5444,1.5446,1.00,1.00
2016.05.09 01:55:49.230,1.54443,1.5446,1.00,1.00
2016.05.09 01:55:49.825,1.54441,1.5446,1.13,1.00
2016.05.09 01:55:51.019,1.54441,1.54461,1.13,1.25
2016.05.09 01:55:54.163,1.54438,1.54461,1.13,1.25
2016.05.09 01:55:58.735,1.54438,1.54461,1.37,1.25
2016.05.09 01:56:00.160,1.5445,1.54464,1.56,1.95
2016.05.09 01:56:00.313,1.54452,1.54478,1.20,1.69
2016.05.09 01:56:00.365,1.54451,1.54475,2.44,1.19
2016.05.09 01:56:00.467,1.54452,1.5447,1.47,1.00
2016.05.09 01:56:00.518,1.54449,1.54469,1.37,1.19
2016.05.09 01:56:00.570,1.54449,1.54466,1.00,1.00
2016.05.09 01:56:00.621,1.54445,1.54466,1.44,1.00
2016.05.09 01:56:00.723,1.54441,1.54464,1.56,1.00
2016.05.09 01:56:01.041,1.5444,1.54464,1.50,1.19
2016.05.09 01:56:04.768,1.54439,1.54462,1.37,1.19
2016.05.09 01:56:06.427,1.54438,1.54462,1.37,1.29
2016.05.09 01:56:06.631,1.54437,1.54461,1.37,1.19
2016.05.09 01:56:08.855,1.54435,1.54459,1.95,1.19
2016.05.09 01:56:09.523,1.5444,1.54459,1.00,1.19
2016.05.09 01:56:10.031,1.5444,1.54459,1.44,1.19
2016.05.09 01:56:11.107,1.5444,1.54459,1.25,1.19
2016.05.09 01:56:11.833,1.54442,1.54462,1.00,1.69
2016.05.09 01:56:13.480,1.54442,1.54463,1.44,1.19
2016.05.09 01:56:17.070,1.54442,1.54462,1.00,1.19
2016.05.09 01:56:21.485,1.54445,1.54463,1.12,1.00
2016.05.09 01:56:21.537,1.54445,1.54466,1.12,1.56
2016.05.09 01:56:21.741,1.5445,1.54468,1.37,1.15
2016.05.09 01:56:21.844,1.5445,1.54473,1.37,2.44
2016.05.09 01:56:24.890,1.5445,1.54473,1.44,1.19
2016.05.09 01:56:32.373,1.54451,1.54473,1.00,1.19
2016.05.09 01:56:33.265,1.54448,1.54473,1.00,1.19
2016.05.09 01:56:37.767,1.54452,1.54473,1.50,1.00
2016.05.09 01:56:38.312,1.54453,1.54478,1.00,1.19
2016.05.09 01:56:40.405,1.54452,1.54478,1.10,2.44
2016.05.09 01:56:40.610,1.54449,1.54476,1.65,2.44
2016.05.09 01:56:42.110,1.54449,1.54474,1.95,1.19
2016.05.09 01:56:42.550,1.54449,1.54474,1.50,1.19
2016.05.09 01:56:43.220,1.54447,1.54473,1.19,2.06
2016.05.09 01:56:43.525,1.54442,1.54467,1.00,1.34
2016.05.09 01:56:43.729,1.54445,1.54467,1.19,1.00
2016.05.09 01:56:43.780,1.54445,1.54469,1.19,1.00
2016.05.09 01:56:43.983,1.54448,1.54474,1.25,3.64
2016.05.09 01:56:44.238,1.54451,1.54473,1.00,1.19
2016.05.09 01:56:50.220,1.54452,1.54475,1.00,1.19
2016.05.09 01:56:50.321,1.54452,1.54475,1.00,1.25
2016.05.09 01:56:50.372,1.54455,1.54475,1.00,1.25
2016.05.09 01:56:50.677,1.54458,1.5448,1.00,1.19
2016.05.09 01:56:50.779,1.54458,1.54481,1.00,1.19
2016.05.09 01:56:51.422,1.54458,1.5448,1.00,1.19
2016.05.09 01:56:55.813,1.54456,1.54479,1.00,1.36
2016.05.09 01:56:56.372,1.54458,1.54479,1.00,1.09
2016.05.09 01:56:56.576,1.54458,1.54481,1.00,1.19
2016.05.09 01:56:56.679,1.54462,1.54483,1.00,1.00
2016.05.09 01:56:57.277,1.54462,1.54486,1.00,1.29
2016.05.09 01:56:59.725,1.54461,1.54486,1.00,1.69
2016.05.09 01:57:00.030,1.54458,1.54483,1.00,1.19
2016.05.09 01:57:02.494,1.54458,1.54482,1.37,1.19
2016.05.09 01:57:07.596,1.54458,1.54483,1.37,1.19
2016.05.09 01:57:07.901,1.54463,1.54487,1.37,1.19
2016.05.09 01:57:10.538,1.54465,1.54488,1.56,1.50
2016.05.09 01:57:10.796,1.5447,1.54492,1.37,1.25
2016.05.09 01:57:11.305,1.5447,1.54492,1.37,1.40
2016.05.09 01:57:13.113,1.54468,1.54491,1.69,1.39
2016.05.09 01:57:13.316,1.54466,1.54489,1.25,1.19
2016.05.09 01:57:30.789,1.54465,1.54489,1.19,1.84
2016.05.09 01:57:31.528,1.54465,1.54487,1.37,1.34
2016.05.09 01:57:33.620,1.54462,1.54486,1.37,1.39
2016.05.09 01:57:34.008,1.54462,1.54487,1.37,1.34
2016.05.09 01:57:35.150,1.5446,1.54483,2.06,1.25
2016.05.09 01:57:37.818,1.5446,1.54483,2.81,1.00
2016.05.09 01:57:38.431,1.5446,1.54484,2.81,1.00
2016.05.09 01:57:40.417,1.54462,1.54485,1.62,1.01
2016.05.09 01:57:46.387,1.54458,1.54485,2.06,2.59
2016.05.09 01:57:46.438,1.54457,1.54485,2.06,2.59
2016.05.09 01:57:46.743,1.54457,1.54485,2.06,2.59
2016.05.09 01:57:49.441,1.54461,1.54485,1.56,1.69
2016.05.09 01:57:50.661,1.5446,1.54483,1.56,1.01
2016.05.09 01:57:53.173,1.54461,1.54482,1.56,1.00
2016.05.09 01:57:53.854,1.54461,1.54485,1.56,1.39
2016.05.09 01:57:54.390,1.54461,1.54482,1.56,1.00
2016.05.09 01:57:55.888,1.54461,1.54483,1.56,1.01
2016.05.09 01:57:56.398,1.54461,1.54482,1.56,1.00
2016.05.09 01:57:57.157,1.54458,1.54482,1.19,1.00
2016.05.09 01:57:58.802,1.54456,1.54479,1.19,1.00
2016.05.09 01:57:58.854,1.54452,1.54477,1.76,1.19
2016.05.09 01:57:58.905,1.54452,1.54471,1.01,1.00
2016.05.09 01:57:58.957,1.54447,1.54469,1.12,1.19
2016.05.09 01:57:59.008,1.54444,1.54463,1.69,1.00
2016.05.09 01:57:59.316,1.54442,1.54464,1.31,1.50
2016.05.09 01:57:59.834,1.54442,1.54463,1.31,1.50
2016.05.09 01:58:00.292,1.54442,1.54461,1.31,1.00
2016.05.09 01:58:01.905,1.54442,1.54463,1.31,1.50
2016.05.09 01:58:02.432,1.54443,1.54463,1.31,1.50
2016.05.09 01:58:02.945,1.54441,1.54462,1.31,1.00
2016.05.09 01:58:03.889,1.5444,1.54463,1.64,1.50
2016.05.09 01:58:04.093,1.5444,1.54461,1.64,1.00
2016.05.09 01:58:04.620,1.5444,1.5446,1.29,1.00
2016.05.09 01:58:05.152,1.5444,1.54459,1.29,1.00
2016.05.09 01:58:07.054,1.5444,1.54457,1.29,1.00
2016.05.09 01:58:07.105,1.54436,1.54457,1.31,1.50
2016.05.09 01:58:07.258,1.54435,1.54457,2.06,1.87
2016.05.09 01:58:07.411,1.54433,1.54454,1.31,1.00
2016.05.09 01:58:07.719,1.54433,1.54456,2.44,1.00
2016.05.09 01:58:07.770,1.54437,1.54457,1.39,1.00
2016.05.09 01:58:08.077,1.54434,1.54449,1.12,1.19
2016.05.09 01:58:08.179,1.54426,1.54438,1.00,1.25
2016.05.09 01:58:08.230,1.5442,1.54434,1.00,1.00
2016.05.09 01:58:08.332,1.54408,1.54427,2.06,1.00
2016.05.09 01:58:08.536,1.54404,1.54426,1.32,1.25
2016.05.09 01:58:08.638,1.54414,1.54429,1.75,1.87
2016.05.09 01:58:08.773,1.54413,1.54429,1.01,1.00
2016.05.09 01:58:09.129,1.54413,1.54426,1.01,1.00
2016.05.09 01:58:10.965,1.54409,1.54425,1.31,1.00
2016.05.09 01:58:11.270,1.54406,1.54427,1.31,1.44
2016.05.09 01:58:11.919,1.54412,1.54429,1.12,1.00
2016.05.09 01:58:11.971,1.54412,1.54432,1.12,1.00
2016.05.09 01:58:12.124,1.5441,1.54431,2.06,1.00
2016.05.09 01:58:12.226,1.54413,1.54435,1.17,1.87
2016.05.09 01:58:12.379,1.54413,1.54434,1.87,1.00
2016.05.09 01:58:12.684,1.54415,1.54438,1.12,1.87
2016.05.09 01:58:13.142,1.54415,1.54439,1.60,2.62
2016.05.09 01:58:13.397,1.54415,1.54437,1.12,1.19
2016.05.09 01:58:13.584,1.54414,1.54441,1.69,2.81
2016.05.09 01:58:14.095,1.54415,1.54441,1.31,2.25
2016.05.09 01:58:14.764,1.54415,1.54439,1.31,1.25
2016.05.09 01:58:14.815,1.54415,1.54438,1.12,1.19
2016.05.09 01:58:14.990,1.54413,1.54438,1.31,1.19
2016.05.09 01:58:16.074,1.54413,1.54433,1.31,1.00
2016.05.09 01:58:16.639,1.54411,1.54433,1.94,1.00
2016.05.09 01:58:17.048,1.54411,1.54431,1.94,1.00
2016.05.09 01:58:17.832,1.54411,1.54433,1.94,1.00
2016.05.09 01:58:18.238,1.54411,1.54436,2.44,1.31
2016.05.09 01:58:18.878,1.54411,1.54435,1.94,1.00
2016.05.09 01:58:20.478,1.54415,1.54435,1.12,1.00
2016.05.09 01:58:21.346,1.54415,1.54437,1.12,1.19
2016.05.09 01:58:23.954,1.54415,1.54435,1.12,1.19
2016.05.09 01:58:24.006,1.54413,1.54435,1.60,1.19
2016.05.09 01:58:24.057,1.54413,1.54435,1.12,1.19
2016.05.09 01:58:24.341,1.54411,1.54435,1.12,1.19
2016.05.09 01:58:25.122,1.5441,1.54435,1.12,1.19
2016.05.09 01:58:25.383,1.5441,1.54431,1.12,1.19
2016.05.09 01:58:25.790,1.54408,1.54431,1.31,1.19
2016.05.09 01:58:28.020,1.54408,1.54431,2.06,1.00
2016.05.09 01:58:30.314,1.54408,1.54431,1.31,1.00
2016.05.09 01:58:31.327,1.54408,1.54431,1.39,1.00
2016.05.09 01:58:31.631,1.54405,1.54431,2.44,1.00
2016.05.09 01:58:32.139,1.54406,1.54431,1.34,1.00
2016.05.09 01:58:32.487,1.54405,1.54431,1.69,1.00
2016.05.09 01:58:35.785,1.54405,1.54432,2.06,1.50
2016.05.09 01:58:36.364,1.54405,1.54432,1.31,1.50
2016.05.09 01:58:36.668,1.54407,1.54432,1.12,1.50
2016.05.09 01:58:41.175,1.54405,1.54429,1.76,1.00
2016.05.09 01:58:41.788,1.54405,1.54427,1.29,1.00
2016.05.09 01:58:41.839,1.54402,1.54427,1.12,1.25
2016.05.09 01:58:42.277,1.54404,1.54427,1.01,1.25
2016.05.09 01:58:46.318,1.54404,1.54427,1.07,1.25
2016.05.09 01:58:47.888,1.54404,1.54428,1.01,1.19
2016.05.09 01:58:50.320,1.54412,1.54433,1.19,2.70
2016.05.09 01:58:50.423,1.54415,1.54437,1.01,1.00
2016.05.09 01:58:50.524,1.54421,1.54443,1.50,1.19
2016.05.09 01:58:50.576,1.54423,1.54448,1.09,1.19
2016.05.09 01:58:50.880,1.54428,1.5445,1.00,1.19
2016.05.09 01:58:51.347,1.54425,1.5445,1.19,1.19
2016.05.09 01:59:00.867,1.54424,1.54445,1.19,1.19
2016.05.09 01:59:11.794,1.54422,1.54445,1.19,1.19
2016.05.09 01:59:13.559,1.54422,1.54447,1.37,1.31
2016.05.09 01:59:13.610,1.54422,1.54447,1.56,1.31
2016.05.09 01:59:13.994,1.5442,1.54442,1.56,1.00
2016.05.09 01:59:14.236,1.54411,1.54434,2.06,1.00
2016.05.09 01:59:14.288,1.54407,1.54434,2.14,1.56
2016.05.09 01:59:14.442,1.54407,1.54433,1.44,1.19
2016.05.09 01:59:14.545,1.54407,1.54433,2.06,1.19
2016.05.09 01:59:14.647,1.54404,1.54432,2.81,1.19
2016.05.09 01:59:14.953,1.54404,1.54429,1.37,1.31
2016.05.09 01:59:15.447,1.54399,1.54427,2.59,1.44
2016.05.09 01:59:15.499,1.54399,1.54424,1.76,1.19
2016.05.09 01:59:15.601,1.54399,1.54424,1.12,1.19
2016.05.09 01:59:15.653,1.54399,1.54423,1.25,1.19
2016.05.09 01:59:15.961,1.54393,1.54418,1.82,1.19
2016.05.09 01:59:16.266,1.54399,1.54418,1.00,1.19
2016.05.09 01:59:18.076,1.54401,1.54418,1.00,1.19
2016.05.09 01:59:20.258,1.54403,1.54418,1.00,1.19
2016.05.09 01:59:21.937,1.54401,1.54418,1.00,1.19
2016.05.09 01:59:23.183,1.54398,1.54418,1.00,1.69
2016.05.09 01:59:23.235,1.54398,1.54418,1.00,1.69
2016.05.09 01:59:23.337,1.54398,1.54418,1.00,1.25
2016.05.09 01:59:23.845,1.54401,1.54421,1.00,3.19
2016.05.09 01:59:24.037,1.54398,1.54421,1.00,3.19
2016.05.09 01:59:24.151,1.54398,1.54422,1.75,1.19
2016.05.09 01:59:24.203,1.54398,1.54423,3.19,1.25
2016.05.09 01:59:24.254,1.54402,1.54425,1.25,3.26
2016.05.09 01:59:26.140,1.54403,1.54425,1.00,1.69
2016.05.09 01:59:26.942,1.54399,1.54425,1.27,1.69
2016.05.09 01:59:27.045,1.54399,1.54422,1.00,1.37
2016.05.09 01:59:27.147,1.54392,1.54417,1.00,1.69
2016.05.09 01:59:27.350,1.54392,1.54413,1.87,1.00
2016.05.09 01:59:27.527,1.54395,1.54423,2.06,1.39
2016.05.09 01:59:27.681,1.54398,1.54425,2.06,2.89
2016.05.09 01:59:27.987,1.54421,1.54441,1.50,1.00
2016.05.09 01:59:28.038,1.54421,1.54447,1.20,1.69
2016.05.09 01:59:28.089,1.54421,1.54448,1.85,2.06
2016.05.09 01:59:28.394,1.54428,1.54449,1.00,1.19
2016.05.09 01:59:28.728,1.5443,1.54449,1.00,1.19
2016.05.09 01:59:29.058,1.54427,1.54449,1.00,1.69
2016.05.09 01:59:29.571,1.54427,1.54448,1.00,1.00
2016.05.09 01:59:30.123,1.54426,1.54448,1.00,1.00
2016.05.09 01:59:33.071,1.54426,1.54446,1.00,1.00
2016.05.09 01:59:33.739,1.54426,1.54444,1.00,1.12
2016.05.09 01:59:33.892,1.5442,1.54442,1.00,1.19
2016.05.09 01:59:34.350,1.54419,1.54441,1.00,1.19
2016.05.09 01:59:34.452,1.54417,1.54442,1.00,1.19
2016.05.09 01:59:34.553,1.54421,1.54442,1.00,1.69
2016.05.09 01:59:34.874,1.54421,1.54436,1.00,1.19
2016.05.09 01:59:34.925,1.54419,1.54433,1.00,1.19
2016.05.09 01:59:35.027,1.54415,1.54432,1.00,1.25
2016.05.09 01:59:35.129,1.5441,1.54428,1.00,1.00
2016.05.09 01:59:35.231,1.5441,1.54426,1.00,1.19
2016.05.09 01:59:35.333,1.54406,1.54427,1.00,2.06
2016.05.09 01:59:35.537,1.54404,1.54426,1.00,1.19
2016.05.09 01:59:35.846,1.54406,1.54426,1.00,1.19
2016.05.09 01:59:36.050,1.54404,1.54426,1.10,1.19
2016.05.09 01:59:36.150,1.54407,1.54426,1.00,1.19
2016.05.09 01:59:36.201,1.54407,1.54426,1.00,1.00
2016.05.09 01:59:36.557,1.5441,1.54429,1.00,2.44
2016.05.09 01:59:37.723,1.54408,1.54428,1.00,1.69
2016.05.09 01:59:38.178,1.54408,1.54428,1.00,2.44
2016.05.09 01:59:38.330,1.54406,1.54428,1.00,2.44
2016.05.09 01:59:38.955,1.54405,1.54428,1.10,1.69
2016.05.09 01:59:40.334,1.54401,1.54419,1.12,1.00
2016.05.09 01:59:40.385,1.54399,1.54418,1.00,1.00
2016.05.09 01:59:40.589,1.54398,1.54425,1.70,1.69
2016.05.09 01:59:40.641,1.54402,1.54427,1.00,1.56
2016.05.09 01:59:41.097,1.54402,1.54428,1.47,1.69
2016.05.09 01:59:41.626,1.54405,1.54428,1.00,1.69
2016.05.09 01:59:41.976,1.54407,1.54428,1.00,1.69
2016.05.09 01:59:42.027,1.54404,1.54428,1.00,1.69
2016.05.09 01:59:46.721,1.54402,1.54428,1.95,1.69
2016.05.09 01:59:49.830,1.54405,1.54428,1.00,1.19
2016.05.09 01:59:49.932,1.54406,1.54431,1.00,1.64
2016.05.09 01:59:49.985,1.54408,1.54433,1.00,3.64
2016.05.09 01:59:50.294,1.54413,1.54435,1.00,1.19
2016.05.09 01:59:50.824,1.54414,1.54435,1.00,1.19
2016.05.09 01:59:53.143,1.54414,1.54436,1.00,1.29
2016.05.09 01:59:53.744,1.54409,1.54436,1.57,1.29
2016.05.09 01:59:55.504,1.54411,1.54437,1.37,1.19
2016.05.09 01:59:55.555,1.54415,1.54437,1.25,1.25
2016.05.09 01:59:55.657,1.54419,1.54441,1.00,1.31
2016.05.09 01:59:55.709,1.54419,1.54442,1.00,1.19
2016.05.09 01:59:56.020,1.54414,1.54438,1.75,1.19
2016.05.09 01:59:56.123,1.54412,1.54438,2.25,1.19
2016.05.09 01:59:56.537,1.5441,1.54435,1.87,1.19
2016.05.09 01:59:56.792,1.5441,1.54435,1.65,1.69
2016.05.09 01:59:57.742,1.54405,1.54427,2.44,1.00
2016.05.09 01:59:57.793,1.54405,1.54424,1.07,1.19
2016.05.09 01:59:57.895,1.54401,1.54421,1.00,1.00
2016.05.09 01:59:57.946,1.54397,1.54418,1.39,1.00
2016.05.09 01:59:58.099,1.54395,1.54418,1.00,1.31
2016.05.09 01:59:58.353,1.54391,1.54418,1.76,1.31
2016.05.09 01:59:58.456,1.54398,1.54419,1.00,1.12
2016.05.09 01:59:58.789,1.54401,1.5442,1.10,1.25
2016.05.09 01:59:59.680,1.54397,1.54424,1.70,2.44
