2017.05.25 10:00:00.372,1.50239,1.50258,1.00,1.95
2017.05.25 10:00:00.682,1.50241,1.50258,1.00,1.87
2017.05.25 10:00:01.925,1.5024,1.50258,1.00,2.25
2017.05.25 10:00:02.427,1.50239,1.50258,1.00,3.00
2017.05.25 10:00:04.235,1.50237,1.50255,1.10,1.75
2017.05.25 10:00:04.744,1.50236,1.50255,1.00,2.70
2017.05.25 10:00:05.478,1.50236,1.50253,1.00,1.75
2017.05.25 10:00:05.996,1.50235,1.50253,1.10,1.75
2017.05.25 10:00:06.615,1.50235,1.50251,1.00,1.37
2017.05.25 10:00:06.667,1.50233,1.50249,1.12,1.85
2017.05.25 10:00:06.771,1.50227,1.50244,1.37,1.82
2017.05.25 10:00:06.823,1.50226,1.50239,3.00,1.85
2017.05.25 10:00:06.929,1.50223,1.50237,1.00,1.50
2017.05.25 10:00:07.240,1.5022,1.50235,1.10,1.37
2017.05.25 10:00:07.531,1.5022,1.50235,1.07,1.37
2017.05.25 10:00:07.997,1.5022,1.50237,1.00,1.75
2017.05.25 10:00:08.049,1.5022,1.50238,1.00,1.12
2017.05.25 10:00:08.345,1.5022,1.50239,1.07,1.63
2017.05.25 10:00:08.397,1.5022,1.50239,1.00,1.73
2017.05.25 10:00:08.974,1.5022,1.50239,1.07,1.63
2017.05.25 10:00:09.566,1.5022,1.50239,1.00,1.45
2017.05.25 10:00:10.128,1.5022,1.50237,1.00,1.00
2017.05.25 10:00:11.131,1.5022,1.50238,1.00,1.10
2017.05.25 10:00:13.175,1.5022,1.50236,1.00,1.50
2017.05.25 10:00:13.381,1.50215,1.50233,1.00,1.12
2017.05.25 10:00:13.529,1.50216,1.50234,1.50,1.00
2017.05.25 10:00:13.632,1.5022,1.50237,1.00,1.20
2017.05.25 10:00:13.791,1.50219,1.50233,1.00,1.00
2017.05.25 10:00:13.995,1.50217,1.50233,1.50,1.10
2017.05.25 10:00:14.518,1.50216,1.50233,1.00,1.10
2017.05.25 10:00:16.598,1.50215,1.50233,1.00,1.10
2017.05.25 10:00:17.248,1.50215,1.50233,1.47,1.00
2017.05.25 10:00:17.726,1.50217,1.50233,1.37,1.00
2017.05.25 10:00:18.243,1.50217,1.50233,1.37,1.00
2017.05.25 10:00:19.918,1.50217,1.50233,1.37,1.00
2017.05.25 10:00:20.488,1.50217,1.50233,1.00,1.00
2017.05.25 10:00:22.356,1.50218,1.50233,1.00,1.00
2017.05.25 10:00:22.493,1.50216,1.50233,1.00,1.00
2017.05.25 10:00:25.357,1.50216,1.50231,1.00,1.57
2017.05.25 10:00:25.461,1.50212,1.50228,1.00,1.07
2017.05.25 10:00:25.885,1.50208,1.50225,1.10,1.00
2017.05.25 10:00:27.318,1.50208,1.50225,1.47,1.00
2017.05.25 10:00:27.420,1.5021,1.50226,1.45,1.87
2017.05.25 10:00:27.574,1.50211,1.50229,1.45,1.50
2017.05.25 10:00:27.938,1.50213,1.50231,1.72,1.50
2017.05.25 10:00:27.990,1.50219,1.50232,1.00,2.62
2017.05.25 10:00:28.195,1.50215,1.50232,1.00,1.00
2017.05.25 10:00:28.475,1.50217,1.50232,1.00,1.00
2017.05.25 10:00:28.679,1.50212,1.50229,1.00,1.00
2017.05.25 10:00:28.989,1.50215,1.50232,1.10,1.00
2017.05.25 10:00:29.370,1.50211,1.50225,1.00,1.00
2017.05.25 10:00:29.422,1.50212,1.50231,1.45,3.00
2017.05.25 10:00:29.525,1.50212,1.50231,1.07,1.37
2017.05.25 10:00:29.576,1.50212,1.50232,1.07,1.00
2017.05.25 10:00:32.622,1.50214,1.50232,1.10,1.50
2017.05.25 10:00:32.826,1.50214,1.50234,1.10,3.37
2017.05.25 10:00:32.878,1.50214,1.50232,1.10,1.00
2017.05.25 10:00:32.929,1.50212,1.50234,2.32,2.25
2017.05.25 10:00:34.232,1.50214,1.50234,1.07,1.75
2017.05.25 10:00:34.335,1.50212,1.50229,3.82,1.00
2017.05.25 10:00:34.445,1.50213,1.50231,1.85,1.00
2017.05.25 10:00:34.548,1.50219,1.50232,1.00,1.07
2017.05.25 10:00:34.601,1.50215,1.50232,1.50,1.07
2017.05.25 10:00:34.703,1.50215,1.50234,1.57,1.87
2017.05.25 10:00:35.267,1.50215,1.50234,1.00,2.32
2017.05.25 10:00:35.788,1.50216,1.50233,1.00,1.00
2017.05.25 10:00:37.024,1.50218,1.50235,1.00,2.25
2017.05.25 10:00:37.563,1.50215,1.50235,1.39,1.00
2017.05.25 10:00:37.769,1.50215,1.50235,1.25,1.20
2017.05.25 10:00:37.873,1.50218,1.50235,1.07,1.12
2017.05.25 10:00:37.977,1.50218,1.50237,1.32,1.00
2017.05.25 10:00:38.445,1.50215,1.50233,1.50,1.00
2017.05.25 10:00:38.983,1.50214,1.50232,1.10,1.00
2017.05.25 10:00:39.418,1.50217,1.50233,1.00,1.57
2017.05.25 10:00:39.521,1.50215,1.50233,1.00,1.50
2017.05.25 10:00:40.093,1.50214,1.50232,1.00,1.37
2017.05.25 10:00:40.498,1.50214,1.50233,1.12,2.25
2017.05.25 10:00:40.670,1.50214,1.50233,1.12,1.87
2017.05.25 10:00:43.950,1.50216,1.50233,1.00,1.00
2017.05.25 10:00:44.104,1.50215,1.50233,3.82,1.00
2017.05.25 10:00:44.464,1.50216,1.50232,1.12,1.37
2017.05.25 10:00:44.997,1.50214,1.50232,1.50,1.37
2017.05.25 10:00:50.308,1.50214,1.50232,1.50,1.45
2017.05.25 10:00:50.694,1.50214,1.50232,1.50,1.45
2017.05.25 10:00:52.803,1.50212,1.50228,1.57,1.37
2017.05.25 10:00:52.955,1.50211,1.50227,1.12,1.37
2017.05.25 10:00:53.701,1.50211,1.50227,1.37,1.37
2017.05.25 10:00:53.875,1.50211,1.50227,1.37,1.37
2017.05.25 10:00:54.287,1.50214,1.5023,1.37,1.37
2017.05.25 10:00:54.788,1.50214,1.50233,1.37,1.75
2017.05.25 10:00:56.939,1.50214,1.50231,1.37,1.37
2017.05.25 10:01:00.596,1.50212,1.50231,2.89,1.37
2017.05.25 10:01:00.647,1.50213,1.50232,1.57,1.00
2017.05.25 10:01:00.852,1.50215,1.50235,1.85,2.32
2017.05.25 10:01:01.055,1.50215,1.50231,1.82,1.00
2017.05.25 10:01:01.107,1.50216,1.50235,1.47,2.25
2017.05.25 10:01:01.290,1.50219,1.50235,1.37,1.12
2017.05.25 10:01:01.866,1.5022,1.50238,1.37,1.37
2017.05.25 10:01:06.032,1.50219,1.50231,1.47,1.00
2017.05.25 10:01:06.237,1.50219,1.50237,1.37,1.95
2017.05.25 10:01:06.777,1.50222,1.50237,1.37,1.10
2017.05.25 10:01:10.249,1.50223,1.50236,1.00,1.00
2017.05.25 10:01:10.659,1.50223,1.50237,1.87,1.10
2017.05.25 10:01:10.762,1.50223,1.50239,1.87,1.20
2017.05.25 10:01:10.813,1.50225,1.5024,1.37,1.57
2017.05.25 10:01:11.652,1.50224,1.5024,1.37,1.20
2017.05.25 10:01:12.179,1.50224,1.5024,1.37,1.20
2017.05.25 10:01:12.639,1.50226,1.50239,1.00,1.33
2017.05.25 10:01:12.784,1.50222,1.50236,1.87,1.25
2017.05.25 10:01:12.836,1.50221,1.50236,1.50,1.83
2017.05.25 10:01:13.095,1.50216,1.50233,1.57,1.00
2017.05.25 10:01:13.259,1.50216,1.50236,1.45,1.12
2017.05.25 10:01:13.311,1.50215,1.50236,3.19,1.20
2017.05.25 10:01:13.669,1.50221,1.50237,1.37,1.37
2017.05.25 10:01:13.805,1.50221,1.5024,1.50,1.75
2017.05.25 10:01:14.318,1.50222,1.5024,1.37,1.25
2017.05.25 10:01:15.600,1.50223,1.50243,1.37,1.83
2017.05.25 10:01:15.652,1.50223,1.50243,1.37,1.45
2017.05.25 10:01:15.856,1.50223,1.50243,1.37,1.33
2017.05.25 10:01:15.959,1.50225,1.50244,1.37,1.35
2017.05.25 10:01:16.062,1.50225,1.50244,1.87,1.35
2017.05.25 10:01:16.216,1.50227,1.50246,1.37,1.08
2017.05.25 10:01:17.643,1.50227,1.50249,1.57,3.33
2017.05.25 10:01:18.170,1.50228,1.50249,1.37,1.83
2017.05.25 10:01:19.085,1.50229,1.50249,1.37,2.32
2017.05.25 10:01:19.188,1.50229,1.50249,1.57,1.75
2017.05.25 10:01:19.693,1.50227,1.50248,1.12,2.58
2017.05.25 10:01:19.948,1.50226,1.50245,1.62,1.00
2017.05.25 10:01:20.000,1.50226,1.50244,1.37,1.00
2017.05.25 10:01:20.255,1.50225,1.50242,1.37,1.10
2017.05.25 10:01:20.409,1.50225,1.50241,1.37,1.10
2017.05.25 10:01:20.461,1.50221,1.5024,1.37,1.07
2017.05.25 10:01:20.608,1.50218,1.50238,3.26,1.10
2017.05.25 10:01:20.917,1.50217,1.50237,3.94,1.07
2017.05.25 10:01:21.121,1.50217,1.50237,2.06,1.07
2017.05.25 10:01:21.700,1.50217,1.50236,1.56,1.07
2017.05.25 10:01:23.386,1.50219,1.50236,1.37,1.07
2017.05.25 10:01:24.680,1.50221,1.50235,1.00,1.10
2017.05.25 10:01:24.732,1.50221,1.50234,1.00,1.25
2017.05.25 10:01:24.886,1.50214,1.50234,2.06,2.20
2017.05.25 10:01:25.936,1.50214,1.50233,1.62,1.45
2017.05.25 10:01:26.612,1.50214,1.50234,1.62,1.45
2017.05.25 10:01:27.146,1.50213,1.50233,1.87,3.33
2017.05.25 10:01:27.659,1.50211,1.50231,2.62,1.07
2017.05.25 10:01:28.461,1.50211,1.50231,2.62,1.07
2017.05.25 10:01:28.882,1.50211,1.50231,1.87,1.57
2017.05.25 10:01:28.984,1.5021,1.50231,3.00,1.20
2017.05.25 10:01:29.548,1.5021,1.50231,2.25,1.20
2017.05.25 10:01:31.097,1.5021,1.50229,3.00,1.47
2017.05.25 10:01:33.320,1.5021,1.50229,1.37,1.45
2017.05.25 10:01:33.626,1.5021,1.50229,1.37,1.45
2017.05.25 10:01:33.883,1.5021,1.50228,1.37,1.57
2017.05.25 10:01:34.092,1.50207,1.50226,1.87,1.47
2017.05.25 10:01:34.299,1.50206,1.50224,1.12,2.32
2017.05.25 10:01:34.507,1.50197,1.50216,1.00,1.87
2017.05.25 10:01:34.662,1.50196,1.50216,1.82,1.00
2017.05.25 10:01:36.460,1.50199,1.50216,1.00,1.75
2017.05.25 10:01:36.512,1.50197,1.50216,1.57,1.75
2017.05.25 10:01:36.615,1.50197,1.50216,2.25,1.20
2017.05.25 10:01:37.828,1.502,1.50217,1.12,1.57
2017.05.25 10:01:39.117,1.50204,1.50217,1.00,1.00
2017.05.25 10:01:39.168,1.50204,1.50222,1.12,1.37
2017.05.25 10:01:39.323,1.50206,1.50226,1.50,1.57
2017.05.25 10:01:39.375,1.50208,1.50227,1.00,1.50
2017.05.25 10:01:39.427,1.50209,1.50228,1.00,1.00
2017.05.25 10:01:39.839,1.5021,1.5023,1.60,3.45
2017.05.25 10:01:40.302,1.50211,1.50229,1.00,1.95
2017.05.25 10:01:40.405,1.50209,1.50228,1.00,2.32
2017.05.25 10:01:40.508,1.50208,1.50225,1.00,1.57
2017.05.25 10:01:40.714,1.50204,1.50225,1.72,3.07
2017.05.25 10:01:40.816,1.50204,1.50225,2.17,2.70
2017.05.25 10:01:41.452,1.50204,1.50225,1.42,4.20
2017.05.25 10:01:41.758,1.50204,1.50225,1.50,3.82
2017.05.25 10:01:42.270,1.50204,1.50224,1.60,2.32
2017.05.25 10:01:42.648,1.50204,1.50223,1.00,3.07
2017.05.25 10:01:42.956,1.50205,1.50224,1.60,2.25
2017.05.25 10:01:43.580,1.50205,1.50224,2.10,1.87
2017.05.25 10:01:43.953,1.50211,1.50226,1.37,1.50
2017.05.25 10:01:44.005,1.50211,1.50227,1.37,1.10
2017.05.25 10:01:44.997,1.50212,1.50225,1.00,1.00
2017.05.25 10:01:45.310,1.50205,1.50223,1.00,1.95
2017.05.25 10:01:45.362,1.50205,1.50223,1.12,1.45
2017.05.25 10:01:45.822,1.50206,1.50223,1.00,2.70
2017.05.25 10:01:46.186,1.50206,1.50221,1.00,1.20
2017.05.25 10:01:46.724,1.50204,1.5022,1.37,1.07
2017.05.25 10:01:47.774,1.50204,1.5022,1.37,1.57
2017.05.25 10:01:48.296,1.50204,1.5022,1.37,1.00
2017.05.25 10:01:49.834,1.50204,1.5022,1.12,1.00
2017.05.25 10:01:49.886,1.50204,1.5022,1.37,1.07
2017.05.25 10:01:50.050,1.50204,1.5022,1.50,1.07
2017.05.25 10:01:50.560,1.50204,1.50218,1.00,1.00
2017.05.25 10:01:51.272,1.50205,1.50218,1.47,1.00
2017.05.25 10:01:51.460,1.50208,1.50225,1.75,1.10
2017.05.25 10:01:51.978,1.50211,1.50225,1.12,1.57
2017.05.25 10:01:52.665,1.50213,1.50225,1.00,1.57
2017.05.25 10:01:53.215,1.50212,1.50225,1.00,1.57
2017.05.25 10:01:53.553,1.50214,1.50225,1.00,1.57
2017.05.25 10:01:53.876,1.50212,1.50225,1.00,1.57
2017.05.25 10:01:54.478,1.50212,1.50225,1.00,1.57
2017.05.25 10:01:56.030,1.50212,1.50225,1.00,1.95
2017.05.25 10:01:56.081,1.50206,1.50225,1.37,1.95
2017.05.25 10:01:56.419,1.50213,1.50226,1.00,1.07
2017.05.25 10:01:56.942,1.50213,1.50226,1.00,1.07
2017.05.25 10:01:57.506,1.50212,1.50226,1.00,1.07
2017.05.25 10:01:58.102,1.50211,1.50226,1.00,1.10
2017.05.25 10:01:58.656,1.5021,1.50226,1.12,1.10
2017.05.25 10:01:59.325,1.5021,1.50226,1.37,1.10
2017.05.25 10:02:00.211,1.5021,1.50226,1.12,1.00
2017.05.25 10:02:00.314,1.50213,1.50229,1.00,1.00
2017.05.25 10:02:00.623,1.50212,1.50227,1.37,1.00
2017.05.25 10:02:00.822,1.5021,1.50229,1.85,1.50
2017.05.25 10:02:00.922,1.5021,1.50227,1.85,1.00
2017.05.25 10:02:01.331,1.50212,1.50227,1.00,1.37
2017.05.25 10:02:01.580,1.50205,1.50225,2.25,2.32
2017.05.25 10:02:01.940,1.50203,1.50222,1.50,1.47
2017.05.25 10:02:02.144,1.50203,1.50221,1.50,1.50
2017.05.25 10:02:02.518,1.50203,1.50221,1.37,1.00
2017.05.25 10:02:02.570,1.50207,1.50221,1.00,1.00
2017.05.25 10:02:02.921,1.50204,1.50221,1.12,1.00
2017.05.25 10:02:03.613,1.50205,1.50221,1.00,1.00
2017.05.25 10:02:04.721,1.50205,1.50221,1.00,1.07
2017.05.25 10:02:05.137,1.50205,1.50222,1.37,1.10
2017.05.25 10:02:05.243,1.50205,1.50224,1.87,2.62
2017.05.25 10:02:05.551,1.50209,1.50223,1.00,1.00
2017.05.25 10:02:06.099,1.50204,1.50222,1.87,1.00
2017.05.25 10:02:06.459,1.50204,1.50221,1.00,1.37
2017.05.25 10:02:06.562,1.50201,1.5022,1.12,1.12
2017.05.25 10:02:06.668,1.50201,1.50218,1.00,1.87
2017.05.25 10:02:06.822,1.50201,1.50217,1.12,1.57
2017.05.25 10:02:07.725,1.502,1.50218,1.37,1.50
2017.05.25 10:02:07.828,1.50199,1.50218,1.37,1.57
2017.05.25 10:02:08.163,1.50199,1.50218,1.75,1.57
2017.05.25 10:02:08.700,1.50201,1.50218,1.37,1.07
2017.05.25 10:02:09.256,1.50201,1.50218,1.37,1.00
2017.05.25 10:02:09.308,1.50201,1.50218,1.37,1.00
2017.05.25 10:02:09.887,1.502,1.50217,1.37,1.00
2017.05.25 10:02:10.297,1.502,1.50217,1.37,1.00
2017.05.25 10:02:10.808,1.50199,1.50217,1.37,1.87
2017.05.25 10:02:11.384,1.50198,1.50217,1.37,2.70
2017.05.25 10:02:11.435,1.50198,1.50217,1.00,4.95
2017.05.25 10:02:11.691,1.50198,1.50216,1.45,1.12
2017.05.25 10:02:11.742,1.502,1.50218,1.12,1.20
2017.05.25 10:02:12.858,1.502,1.50218,1.37,1.57
2017.05.25 10:02:14.167,1.502,1.50217,1.37,1.00
2017.05.25 10:02:15.968,1.502,1.50217,1.00,1.00
2017.05.25 10:02:16.121,1.502,1.50215,1.00,1.87
2017.05.25 10:02:16.173,1.50197,1.50215,1.57,2.25
2017.05.25 10:02:16.275,1.50197,1.50213,1.00,1.47
2017.05.25 10:02:16.684,1.50193,1.50212,1.00,1.57
2017.05.25 10:02:17.080,1.50192,1.50212,1.10,2.32
2017.05.25 10:02:17.510,1.50194,1.50211,1.00,1.37
2017.05.25 10:02:17.818,1.50198,1.50212,1.12,1.87
2017.05.25 10:02:18.125,1.502,1.50212,1.00,1.95
2017.05.25 10:02:20.165,1.50199,1.50212,1.00,2.70
2017.05.25 10:02:20.835,1.50199,1.50212,1.00,2.70
2017.05.25 10:02:21.043,1.50204,1.50216,1.00,1.00
2017.05.25 10:02:21.570,1.50205,1.50218,1.00,3.07
2017.05.25 10:02:22.158,1.50206,1.50218,1.00,1.57
2017.05.25 10:02:22.486,1.50198,1.50216,1.10,1.00
2017.05.25 10:02:23.009,1.50197,1.50216,1.57,1.00
2017.05.25 10:02:23.213,1.50197,1.50216,1.57,1.37
2017.05.25 10:02:24.150,1.50197,1.50214,1.00,1.47
2017.05.25 10:02:24.681,1.50196,1.50214,1.00,1.47
2017.05.25 10:02:26.436,1.50196,1.50213,1.00,1.87
2017.05.25 10:02:26.795,1.50194,1.50213,1.00,1.95
2017.05.25 10:02:27.711,1.50194,1.50214,1.10,2.70
2017.05.25 10:02:27.764,1.50195,1.50214,1.57,2.25
2017.05.25 10:02:27.866,1.50195,1.50214,2.32,1.12
2017.05.25 10:02:27.969,1.50195,1.50212,3.07,1.00
2017.05.25 10:02:28.122,1.50197,1.50214,1.00,1.00
2017.05.25 10:02:28.278,1.50199,1.50217,1.07,2.62
2017.05.25 10:02:28.329,1.50199,1.50217,1.07,1.87
2017.05.25 10:02:28.534,1.50201,1.50218,1.07,1.37
2017.05.25 10:02:29.358,1.50201,1.50217,1.10,1.12
2017.05.25 10:02:29.666,1.50203,1.50221,1.50,1.37
2017.05.25 10:02:29.922,1.50203,1.50221,1.00,1.20
2017.05.25 10:02:30.025,1.502,1.50221,4.20,1.87
2017.05.25 10:02:30.612,1.50203,1.5022,1.07,1.00
2017.05.25 10:02:32.620,1.50205,1.50221,1.00,1.50
2017.05.25 10:02:33.701,1.50205,1.5022,1.57,1.00
2017.05.25 10:02:34.303,1.50203,1.5022,1.57,1.00
2017.05.25 10:02:34.824,1.50204,1.50221,1.07,1.00
2017.05.25 10:02:35.071,1.50204,1.50221,1.10,1.00
2017.05.25 10:02:35.582,1.50203,1.50221,1.07,1.00
2017.05.25 10:02:37.259,1.50203,1.50222,1.07,2.62
2017.05.25 10:02:37.567,1.50203,1.5022,1.07,1.00
2017.05.25 10:02:38.686,1.50204,1.5022,1.10,1.00
2017.05.25 10:02:39.032,1.50204,1.50221,1.07,1.00
2017.05.25 10:02:40.775,1.50204,1.50221,1.07,1.00
2017.05.25 10:02:41.084,1.50197,1.50212,1.37,1.00
2017.05.25 10:02:41.135,1.50198,1.50213,1.00,1.00
2017.05.25 10:02:41.187,1.50201,1.50214,1.00,1.00
2017.05.25 10:02:41.391,1.50201,1.50219,1.10,1.50
2017.05.25 10:02:41.596,1.50201,1.50219,1.57,1.12
2017.05.25 10:02:41.796,1.50203,1.50221,1.72,1.50
2017.05.25 10:02:42.308,1.50205,1.50222,1.50,1.00
2017.05.25 10:02:42.727,1.50205,1.50222,2.32,1.00
2017.05.25 10:02:42.779,1.50207,1.50224,1.42,1.50
2017.05.25 10:02:42.830,1.50207,1.50222,1.00,1.00
2017.05.25 10:02:43.137,1.50203,1.5022,1.50,1.75
2017.05.25 10:02:43.767,1.50203,1.5022,1.00,1.75
2017.05.25 10:02:44.296,1.50202,1.50216,1.12,1.00
2017.05.25 10:02:45.952,1.50202,1.50216,1.12,1.12
2017.05.25 10:02:47.217,1.50202,1.50213,1.12,2.25
2017.05.25 10:02:47.422,1.50194,1.50202,1.00,1.00
2017.05.25 10:02:47.676,1.50191,1.50202,1.87,1.00
2017.05.25 10:02:47.830,1.50194,1.50202,1.00,1.00
2017.05.25 10:02:48.376,1.50193,1.50202,1.00,1.00
2017.05.25 10:02:48.478,1.50191,1.50202,1.50,1.00
2017.05.25 10:02:48.530,1.50191,1.502,1.50,1.00
2017.05.25 10:02:48.632,1.50191,1.50202,1.50,1.00
2017.05.25 10:02:48.684,1.50191,1.50199,1.50,1.00
2017.05.25 10:02:48.735,1.50191,1.50204,1.00,1.37
2017.05.25 10:02:48.787,1.50187,1.50203,1.57,1.37
2017.05.25 10:02:48.838,1.50187,1.50204,1.00,2.62
2017.05.25 10:02:49.324,1.50187,1.50203,1.00,1.37
2017.05.25 10:02:49.428,1.50187,1.50203,1.00,1.37
2017.05.25 10:02:49.841,1.50187,1.50202,1.00,1.37
2017.05.25 10:02:50.884,1.50185,1.50203,1.50,1.47
2017.05.25 10:02:50.936,1.50185,1.50203,1.50,1.47
2017.05.25 10:02:51.626,1.50185,1.50203,1.50,1.47
2017.05.25 10:02:52.175,1.50185,1.50201,1.12,1.37
2017.05.25 10:02:52.227,1.50183,1.50199,1.37,1.45
2017.05.25 10:02:52.389,1.50179,1.50197,1.50,2.70
2017.05.25 10:02:52.900,1.50179,1.50196,1.50,1.37
2017.05.25 10:02:53.003,1.50178,1.50195,1.12,1.45
2017.05.25 10:02:53.106,1.50174,1.5019,2.25,1.57
2017.05.25 10:02:53.260,1.50174,1.5019,1.50,1.00
2017.05.25 10:02:53.621,1.50174,1.50193,1.87,1.57
2017.05.25 10:02:54.133,1.50175,1.50193,1.00,1.45
2017.05.25 10:02:54.759,1.50174,1.50193,1.12,1.45
2017.05.25 10:02:55.894,1.50175,1.50193,1.00,1.45
2017.05.25 10:02:56.472,1.50175,1.50188,1.00,1.37
2017.05.25 10:02:56.625,1.50169,1.50186,1.87,1.20
2017.05.25 10:02:57.186,1.5017,1.50188,1.00,1.95
2017.05.25 10:02:57.862,1.50169,1.50188,1.87,1.95
2017.05.25 10:02:58.119,1.50169,1.50187,1.87,1.47
2017.05.25 10:02:58.171,1.50169,1.50187,1.50,1.47
2017.05.25 10:02:58.745,1.5017,1.50188,1.12,1.95
2017.05.25 10:02:58.849,1.5017,1.50188,1.12,1.00
2017.05.25 10:02:59.474,1.5017,1.50189,1.12,1.10
2017.05.25 10:03:00.179,1.5017,1.5019,1.12,1.57
2017.05.25 10:03:00.282,1.5017,1.50191,1.12,4.57
2017.05.25 10:03:00.742,1.50173,1.50189,1.00,1.00
2017.05.25 10:03:01.047,1.50171,1.50189,1.00,1.95
2017.05.25 10:03:01.510,1.50175,1.50188,1.07,1.37
2017.05.25 10:03:01.619,1.50178,1.50192,1.37,1.37
2017.05.25 10:03:01.774,1.50182,1.50195,1.00,1.37
2017.05.25 10:03:01.878,1.50182,1.50197,1.00,1.57
2017.05.25 10:03:01.930,1.50182,1.50195,1.00,1.00
2017.05.25 10:03:02.136,1.50186,1.502,1.00,1.50
2017.05.25 10:03:02.342,1.50184,1.502,1.50,1.50
2017.05.25 10:03:02.394,1.50184,1.502,1.50,2.58
2017.05.25 10:03:02.905,1.50184,1.50198,1.00,1.07
2017.05.25 10:03:03.431,1.50183,1.502,1.00,1.95
2017.05.25 10:03:04.055,1.50183,1.50201,1.37,1.57
2017.05.25 10:03:04.157,1.50183,1.50201,1.87,1.57
2017.05.25 10:03:04.311,1.50185,1.50201,1.50,1.12
2017.05.25 10:03:04.729,1.50183,1.50201,1.57,1.00
2017.05.25 10:03:04.782,1.50183,1.50199,1.50,1.07
2017.05.25 10:03:06.948,1.50184,1.50201,1.00,1.57
2017.05.25 10:03:07.155,1.50187,1.50204,1.00,1.20
2017.05.25 10:03:07.365,1.50186,1.50202,1.00,1.00
2017.05.25 10:03:07.673,1.5019,1.50205,1.13,1.00
2017.05.25 10:03:08.030,1.5019,1.50205,2.00,1.00
2017.05.25 10:03:08.184,1.50192,1.50206,1.13,1.00
2017.05.25 10:03:08.561,1.50189,1.50205,1.25,1.07
2017.05.25 10:03:09.177,1.50188,1.50204,1.00,1.10
2017.05.25 10:03:09.664,1.50187,1.50205,1.00,3.07
2017.05.25 10:03:10.550,1.50187,1.50203,1.00,1.00
2017.05.25 10:03:10.979,1.50188,1.50205,1.00,1.12
2017.05.25 10:03:11.850,1.50187,1.50204,1.00,1.00
2017.05.25 10:03:13.101,1.50186,1.50204,1.37,1.10
2017.05.25 10:03:13.544,1.50186,1.50204,1.12,1.10
2017.05.25 10:03:14.137,1.50187,1.50204,1.00,1.10
2017.05.25 10:03:14.418,1.50189,1.50204,1.00,1.07
2017.05.25 10:03:14.769,1.50181,1.50196,1.50,1.07
2017.05.25 10:03:14.923,1.50179,1.50196,1.00,1.07
2017.05.25 10:03:15.849,1.50177,1.50195,1.37,1.10
2017.05.25 10:03:17.202,1.50177,1.50194,1.37,1.10
2017.05.25 10:03:17.458,1.50177,1.50194,1.50,1.10
2017.05.25 10:03:17.817,1.50177,1.50193,1.95,1.12
2017.05.25 10:03:18.363,1.50178,1.50194,1.95,1.00
2017.05.25 10:03:18.676,1.5018,1.50197,1.37,2.32
2017.05.25 10:03:18.727,1.50181,1.50197,1.12,1.10
2017.05.25 10:03:18.779,1.50181,1.50197,1.47,1.00
2017.05.25 10:03:18.933,1.50184,1.50198,1.12,1.00
2017.05.25 10:03:18.985,1.50185,1.502,1.37,1.12
2017.05.25 10:03:19.038,1.50185,1.50204,1.57,1.47
2017.05.25 10:03:19.089,1.50185,1.50204,1.57,1.10
2017.05.25 10:03:19.141,1.50188,1.50205,1.37,1.20
2017.05.25 10:03:19.453,1.50194,1.50209,1.12,1.25
2017.05.25 10:03:19.780,1.5019,1.50205,1.37,1.00
2017.05.25 10:03:19.832,1.50185,1.50201,2.32,1.00
2017.05.25 10:03:19.985,1.50181,1.50198,1.37,1.00
2017.05.25 10:03:20.243,1.5018,1.50195,1.37,1.00
2017.05.25 10:03:20.747,1.50176,1.50195,1.95,1.00
2017.05.25 10:03:22.057,1.50177,1.50196,1.45,1.00
2017.05.25 10:03:22.160,1.50177,1.50194,1.95,1.00
2017.05.25 10:03:25.323,1.50178,1.50194,1.87,1.00
2017.05.25 10:03:25.475,1.50178,1.50196,1.87,1.10
2017.05.25 10:03:26.778,1.50178,1.50194,1.37,1.00
2017.05.25 10:03:27.315,1.50177,1.50194,1.47,1.00
2017.05.25 10:03:27.665,1.50176,1.50192,1.37,1.00
2017.05.25 10:03:27.717,1.50176,1.50194,1.37,1.00
2017.05.25 10:03:28.229,1.50176,1.50192,1.95,1.00
2017.05.25 10:03:29.067,1.50176,1.50192,1.12,1.87
2017.05.25 10:03:29.578,1.50174,1.50192,1.57,1.37
2017.05.25 10:03:30.164,1.50174,1.50192,1.57,1.37
2017.05.25 10:03:30.884,1.50175,1.50192,1.12,1.87
2017.05.25 10:03:32.360,1.50174,1.5019,1.10,1.00
2017.05.25 10:03:32.411,1.50173,1.5019,1.95,1.37
2017.05.25 10:03:32.514,1.50171,1.50189,1.45,1.37
2017.05.25 10:03:33.606,1.50174,1.5019,1.12,1.00
2017.05.25 10:03:34.116,1.50173,1.50191,1.37,1.12
2017.05.25 10:03:35.174,1.50175,1.50191,1.00,1.12
2017.05.25 10:03:35.582,1.50173,1.5019,1.87,1.37
2017.05.25 10:03:35.685,1.50172,1.50188,1.37,1.37
2017.05.25 10:03:36.014,1.5017,1.50187,1.37,1.47
2017.05.25 10:03:36.327,1.50173,1.50188,1.37,1.00
2017.05.25 10:03:36.380,1.50173,1.5019,1.37,1.00
2017.05.25 10:03:36.637,1.50173,1.50189,1.87,1.37
2017.05.25 10:03:36.792,1.50173,1.50188,1.37,1.37
2017.05.25 10:03:37.327,1.50171,1.50187,1.87,1.00
2017.05.25 10:03:38.334,1.50171,1.50188,1.87,1.00
2017.05.25 10:03:38.847,1.50171,1.50186,1.12,1.12
2017.05.25 10:03:38.951,1.50168,1.50185,1.37,1.37
2017.05.25 10:03:39.402,1.50166,1.50182,2.62,1.37
2017.05.25 10:03:39.709,1.50166,1.50181,1.37,1.00
2017.05.25 10:03:40.049,1.50166,1.50182,1.37,1.12
2017.05.25 10:03:40.406,1.50175,1.50183,1.37,1.00
2017.05.25 10:03:40.560,1.50181,1.50187,1.00,1.00
2017.05.25 10:03:40.664,1.50181,1.50194,1.00,1.50
2017.05.25 10:03:40.767,1.5018,1.50195,1.87,1.37
2017.05.25 10:03:40.819,1.50181,1.50195,1.00,1.37
2017.05.25 10:03:41.362,1.50182,1.50195,1.12,1.37
2017.05.25 10:03:41.465,1.50179,1.50195,1.50,1.37
2017.05.25 10:03:42.209,1.50178,1.50194,1.50,1.37
2017.05.25 10:03:42.702,1.50179,1.50194,1.12,1.37
2017.05.25 10:03:43.241,1.50179,1.50194,1.37,1.37
2017.05.25 10:03:43.395,1.50178,1.50192,1.12,1.37
2017.05.25 10:03:43.600,1.50177,1.50191,1.37,1.00
2017.05.25 10:03:43.651,1.50177,1.50193,1.47,1.12
2017.05.25 10:03:43.703,1.50177,1.50193,1.85,1.12
2017.05.25 10:03:44.062,1.50178,1.50196,2.25,1.45
2017.05.25 10:03:44.164,1.5018,1.50195,1.12,1.37
2017.05.25 10:03:44.896,1.50181,1.50195,1.00,1.37
2017.05.25 10:03:45.849,1.5018,1.50195,2.25,1.37
2017.05.25 10:03:47.818,1.50181,1.50195,1.00,1.37
2017.05.25 10:03:49.074,1.50181,1.50196,1.00,1.37
2017.05.25 10:03:49.775,1.5018,1.50196,1.50,1.45
2017.05.25 10:03:50.848,1.50181,1.50196,1.00,1.45
2017.05.25 10:03:51.812,1.5018,1.50196,1.50,1.45
2017.05.25 10:03:52.120,1.50178,1.50194,3.00,1.45
2017.05.25 10:03:52.732,1.50178,1.50194,1.50,1.45
2017.05.25 10:03:53.118,1.50179,1.50192,1.00,1.47
2017.05.25 10:03:53.373,1.50177,1.50192,1.00,1.47
2017.05.25 10:03:53.731,1.50179,1.50195,1.75,1.95
2017.05.25 10:03:54.425,1.50179,1.50195,1.75,1.95
2017.05.25 10:03:54.734,1.50185,1.50199,1.37,1.47
2017.05.25 10:03:54.786,1.50183,1.50199,1.87,1.10
2017.05.25 10:03:54.837,1.50183,1.50196,1.87,1.00
2017.05.25 10:03:55.052,1.50183,1.502,1.12,1.10
2017.05.25 10:03:55.257,1.50182,1.502,3.37,1.07
2017.05.25 10:03:55.309,1.50186,1.502,1.00,1.07
2017.05.25 10:03:55.464,1.50182,1.50196,1.50,1.00
2017.05.25 10:03:55.516,1.50181,1.50196,1.75,1.00
2017.05.25 10:03:55.568,1.50181,1.50197,1.87,1.10
2017.05.25 10:03:55.620,1.50181,1.50197,1.75,1.10
2017.05.25 10:03:55.723,1.50183,1.50198,1.75,1.10
2017.05.25 10:03:56.163,1.5018,1.50197,1.87,1.57
2017.05.25 10:03:56.215,1.5018,1.50197,1.75,1.57
2017.05.25 10:03:56.522,1.50181,1.50196,1.12,1.10
2017.05.25 10:03:57.057,1.5018,1.50198,2.62,1.07
2017.05.25 10:03:57.262,1.50183,1.50194,1.00,1.00
2017.05.25 10:03:57.784,1.50183,1.50195,1.00,1.10
2017.05.25 10:03:58.998,1.50178,1.50189,1.75,1.00
2017.05.25 10:03:59.059,1.50177,1.50189,1.00,1.00
2017.05.25 10:03:59.111,1.50175,1.50189,1.75,1.00
2017.05.25 10:03:59.265,1.50175,1.50189,1.37,1.00
2017.05.25 10:03:59.778,1.50175,1.50191,1.75,1.00
2017.05.25 10:04:00.095,1.50181,1.50198,1.37,1.07
2017.05.25 10:04:00.199,1.50181,1.50199,2.10,1.87
2017.05.25 10:04:00.353,1.50182,1.50194,1.12,1.00
2017.05.25 10:04:00.405,1.50182,1.50194,1.37,1.00
2017.05.25 10:04:00.457,1.50181,1.502,1.12,1.07
2017.05.25 10:04:00.611,1.50182,1.50202,1.35,1.95
2017.05.25 10:04:00.817,1.50181,1.50202,1.72,1.76
2017.05.25 10:04:01.160,1.50181,1.50202,1.30,2.89
2017.05.25 10:04:01.743,1.50182,1.50202,1.30,2.14
2017.05.25 10:04:02.625,1.50182,1.502,1.00,1.07
2017.05.25 10:04:03.136,1.50182,1.50202,1.37,1.95
2017.05.25 10:04:03.292,1.50179,1.50198,1.87,1.57
2017.05.25 10:04:03.396,1.50178,1.50198,1.50,1.57
2017.05.25 10:04:03.651,1.50177,1.50198,2.25,1.57
2017.05.25 10:04:03.994,1.50177,1.50198,3.00,2.70
2017.05.25 10:04:04.329,1.50178,1.50197,1.50,1.07
2017.05.25 10:04:04.534,1.50179,1.50197,1.87,1.10
2017.05.25 10:04:05.153,1.50178,1.50198,3.37,1.07
2017.05.25 10:04:05.661,1.5018,1.50195,1.00,1.07
2017.05.25 10:04:05.922,1.50177,1.50196,1.37,1.20
2017.05.25 10:04:06.736,1.50179,1.50196,1.37,1.20
2017.05.25 10:04:06.788,1.50179,1.50198,1.37,1.95
2017.05.25 10:04:06.942,1.50183,1.50199,1.12,1.57
2017.05.25 10:04:07.664,1.50178,1.50196,1.95,1.00
2017.05.25 10:04:07.870,1.50179,1.50198,1.37,1.20
2017.05.25 10:04:08.024,1.5018,1.502,1.87,2.20
2017.05.25 10:04:08.564,1.5018,1.502,3.00,1.83
2017.05.25 10:04:11.360,1.5018,1.50199,3.37,2.58
2017.05.25 10:04:11.411,1.50181,1.50198,1.00,2.58
2017.05.25 10:04:11.921,1.50178,1.50194,1.50,1.33
2017.05.25 10:04:12.355,1.50178,1.50195,1.50,1.33
2017.05.25 10:04:12.893,1.50178,1.50195,1.50,1.33
2017.05.25 10:04:13.783,1.50176,1.50195,1.75,1.45
2017.05.25 10:04:14.459,1.50175,1.50195,1.50,1.45
2017.05.25 10:04:15.622,1.50176,1.50195,1.37,1.07
2017.05.25 10:04:15.928,1.50177,1.50196,2.25,1.95
2017.05.25 10:04:17.127,1.50177,1.50196,1.50,1.20
2017.05.25 10:04:18.013,1.50177,1.50196,3.00,1.95
2017.05.25 10:04:18.116,1.50178,1.50196,1.37,1.45
2017.05.25 10:04:18.218,1.50178,1.50197,1.50,1.45
2017.05.25 10:04:18.270,1.50177,1.50196,1.87,1.20
2017.05.25 10:04:18.576,1.50177,1.50197,2.32,1.38
2017.05.25 10:04:19.564,1.50179,1.50197,1.37,1.00
2017.05.25 10:04:20.124,1.50179,1.50197,1.37,1.37
2017.05.25 10:04:20.482,1.50181,1.50197,1.37,1.47
2017.05.25 10:04:20.584,1.50179,1.50197,1.50,1.85
2017.05.25 10:04:20.687,1.50179,1.50196,1.37,1.82
2017.05.25 10:04:21.303,1.50175,1.50195,1.37,1.57
2017.05.25 10:04:22.127,1.50175,1.50195,1.37,1.82
2017.05.25 10:04:23.146,1.50176,1.50195,1.47,1.75
2017.05.25 10:04:25.555,1.50177,1.50195,1.37,1.85
2017.05.25 10:04:26.235,1.50174,1.50193,3.45,1.75
2017.05.25 10:04:27.248,1.50173,1.50191,1.37,1.75
2017.05.25 10:04:27.581,1.50183,1.50194,1.47,1.50
2017.05.25 10:04:27.890,1.50188,1.50202,1.67,1.75
2017.05.25 10:04:28.736,1.50186,1.50203,2.10,1.75
2017.05.25 10:04:29.335,1.50187,1.50205,1.05,3.00
2017.05.25 10:04:30.103,1.50186,1.50205,1.75,3.00
2017.05.25 10:04:31.553,1.50186,1.50204,1.20,2.25
2017.05.25 10:04:31.774,1.50186,1.50204,1.20,1.75
2017.05.25 10:04:34.690,1.50187,1.50203,1.57,1.75
2017.05.25 10:04:37.935,1.50186,1.50202,2.70,1.75
2017.05.25 10:04:39.549,1.50185,1.50201,2.32,1.75
2017.05.25 10:04:39.603,1.50185,1.50199,1.50,1.75
2017.05.25 10:04:40.127,1.50181,1.50197,1.12,1.75
2017.05.25 10:04:41.660,1.5018,1.50196,1.80,1.75
2017.05.25 10:04:41.712,1.50179,1.50191,1.75,1.75
2017.05.25 10:04:41.763,1.50178,1.5019,1.12,1.75
2017.05.25 10:04:41.815,1.50175,1.50192,2.25,1.45
2017.05.25 10:04:41.866,1.50173,1.50191,1.75,1.45
2017.05.25 10:04:42.071,1.50172,1.50188,1.12,1.00
2017.05.25 10:04:42.335,1.50172,1.5019,1.12,2.25
2017.05.25 10:04:42.438,1.50174,1.50191,2.07,1.87
2017.05.25 10:04:42.745,1.50177,1.50194,1.00,1.19
2017.05.25 10:04:42.847,1.50176,1.50195,2.05,1.10
2017.05.25 10:04:43.154,1.50179,1.50196,1.37,1.00
2017.05.25 10:04:43.469,1.5018,1.50197,1.87,1.00
2017.05.25 10:04:43.984,1.50181,1.50199,1.37,1.95
2017.05.25 10:04:44.421,1.5018,1.50199,2.47,1.62
2017.05.25 10:04:44.971,1.50182,1.50199,1.12,1.00
2017.05.25 10:04:45.125,1.50183,1.50202,1.50,1.76
2017.05.25 10:04:45.521,1.50182,1.502,1.35,1.00
2017.05.25 10:04:46.033,1.50181,1.502,1.37,1.10
2017.05.25 10:04:46.696,1.50181,1.50199,1.37,1.00
2017.05.25 10:04:47.374,1.50181,1.50199,1.37,1.57
2017.05.25 10:04:47.477,1.50179,1.50196,1.50,1.00
2017.05.25 10:04:47.683,1.50177,1.50195,3.00,1.57
2017.05.25 10:04:47.839,1.50177,1.50193,1.00,1.00
2017.05.25 10:04:48.403,1.50174,1.50192,1.37,1.00
2017.05.25 10:04:48.625,1.50174,1.50192,1.00,1.12
2017.05.25 10:04:50.152,1.50174,1.50193,1.00,1.12
2017.05.25 10:04:51.773,1.50174,1.50193,1.50,1.87
2017.05.25 10:04:52.325,1.50174,1.50193,2.25,1.37
2017.05.25 10:04:55.265,1.50174,1.50194,2.25,1.45
2017.05.25 10:04:55.418,1.50174,1.50194,1.57,1.45
2017.05.25 10:04:56.098,1.50174,1.50192,1.50,1.00
2017.05.25 10:04:56.304,1.50174,1.50191,1.00,1.20
2017.05.25 10:04:56.559,1.50174,1.50192,1.00,1.00
2017.05.25 10:04:56.611,1.50176,1.50193,1.12,1.10
2017.05.25 10:04:57.122,1.50175,1.50194,1.50,1.50
2017.05.25 10:04:58.266,1.50177,1.50197,1.12,4.39
2017.05.25 10:04:58.628,1.50175,1.50192,1.20,1.37
2017.05.25 10:04:58.681,1.50173,1.5019,3.37,1.00
2017.05.25 10:04:58.733,1.50173,1.50188,1.87,1.00
2017.05.25 10:04:58.890,1.50173,1.5019,1.95,1.00
2017.05.25 10:04:58.993,1.50173,1.50191,2.25,1.12
2017.05.25 10:04:59.344,1.50177,1.50195,2.32,1.87
2017.05.25 10:04:59.396,1.50178,1.50196,1.50,1.50
2017.05.25 10:04:59.714,1.50178,1.50196,1.75,1.12
2017.05.25 10:05:00.455,1.5018,1.50198,1.50,1.57
2017.05.25 10:05:00.976,1.5018,1.50198,1.50,2.70
2017.05.25 10:05:02.530,1.50182,1.50198,1.37,1.57
2017.05.25 10:05:02.734,1.50182,1.502,1.37,1.57
2017.05.25 10:05:03.353,1.50182,1.502,1.37,2.32
2017.05.25 10:05:06.229,1.50182,1.50199,1.37,1.45
2017.05.25 10:05:07.275,1.50182,1.50198,1.37,1.10
2017.05.25 10:05:07.327,1.50182,1.50199,1.37,1.57
2017.05.25 10:05:07.727,1.50185,1.50201,1.87,1.12
2017.05.25 10:05:07.779,1.50189,1.50207,1.00,1.12
2017.05.25 10:05:07.830,1.5019,1.50208,1.00,2.62
2017.05.25 10:05:08.412,1.5019,1.50208,1.00,1.37
2017.05.25 10:05:08.960,1.50191,1.5021,1.00,2.51
2017.05.25 10:05:09.074,1.50193,1.5021,1.00,2.51
2017.05.25 10:05:09.228,1.50191,1.50208,1.00,1.37
2017.05.25 10:05:09.433,1.50193,1.50208,1.00,1.37
2017.05.25 10:05:09.886,1.50195,1.50209,1.00,1.07
2017.05.25 10:05:10.559,1.50194,1.50209,1.00,1.07
2017.05.25 10:05:10.610,1.50192,1.5021,1.00,1.20
2017.05.25 10:05:10.662,1.50191,1.50209,1.00,1.20
2017.05.25 10:05:11.020,1.50192,1.5021,1.00,2.62
2017.05.25 10:05:11.591,1.50194,1.5021,1.00,1.87
2017.05.25 10:05:11.901,1.50188,1.50201,1.00,1.87
2017.05.25 10:05:12.374,1.50186,1.50201,1.12,1.87
2017.05.25 10:05:12.517,1.50186,1.50201,1.37,1.87
2017.05.25 10:05:15.391,1.50184,1.502,1.82,1.00
2017.05.25 10:05:15.648,1.50184,1.50204,1.82,2.70
2017.05.25 10:05:16.090,1.50184,1.50204,1.47,2.25
2017.05.25 10:05:16.346,1.50183,1.50201,1.50,1.95
2017.05.25 10:05:17.141,1.50183,1.502,1.50,1.00
2017.05.25 10:05:17.762,1.50183,1.50201,1.50,1.20
2017.05.25 10:05:20.135,1.50187,1.50201,1.37,1.12
2017.05.25 10:05:21.128,1.50187,1.50201,1.37,1.37
2017.05.25 10:05:21.442,1.50187,1.50202,1.75,1.57
2017.05.25 10:05:22.274,1.50189,1.50204,1.37,1.87
2017.05.25 10:05:23.819,1.50188,1.50205,1.50,3.37
2017.05.25 10:05:23.881,1.50188,1.50205,1.37,3.37
2017.05.25 10:05:30.123,1.50188,1.50205,1.37,1.87
2017.05.25 10:05:30.425,1.50188,1.50205,1.75,2.62
2017.05.25 10:05:30.930,1.50189,1.50205,1.37,1.87
2017.05.25 10:05:32.659,1.50189,1.50206,1.75,1.20
2017.05.25 10:05:32.841,1.50196,1.50211,1.37,2.32
2017.05.25 10:05:33.433,1.50196,1.50209,1.37,1.00
2017.05.25 10:05:35.017,1.50196,1.50209,1.37,1.00
2017.05.25 10:05:35.533,1.50195,1.50209,1.37,1.00
2017.05.25 10:05:38.021,1.50195,1.50209,1.37,1.00
2017.05.25 10:05:40.749,1.50192,1.50209,1.37,1.87
2017.05.25 10:05:40.802,1.5019,1.50206,1.57,1.12
2017.05.25 10:05:41.331,1.50189,1.50205,1.37,1.57
2017.05.25 10:05:41.974,1.50189,1.50204,1.37,1.00
2017.05.25 10:05:44.807,1.50189,1.50202,1.37,1.00
2017.05.25 10:05:46.047,1.5019,1.50201,1.12,1.00
2017.05.25 10:05:46.209,1.5019,1.50203,1.12,1.10
2017.05.25 10:05:50.034,1.50188,1.50203,1.37,1.10
2017.05.25 10:05:52.421,1.50188,1.50202,1.37,1.00
2017.05.25 10:05:54.510,1.50188,1.50202,1.37,1.00
2017.05.25 10:05:56.757,1.50189,1.50204,1.37,1.50
2017.05.25 10:05:58.732,1.50189,1.50205,1.37,1.50
2017.05.25 10:05:59.161,1.50187,1.50203,1.37,1.00
2017.05.25 10:06:00.167,1.50187,1.50204,1.37,1.87
2017.05.25 10:06:01.207,1.50187,1.50203,1.37,1.00
2017.05.25 10:06:02.125,1.50187,1.50203,1.37,1.00
2017.05.25 10:06:02.433,1.5019,1.50205,1.37,1.00
2017.05.25 10:06:02.943,1.5019,1.50206,1.37,1.50
2017.05.25 10:06:03.484,1.5019,1.50206,1.37,1.50
2017.05.25 10:06:04.121,1.5019,1.50205,1.37,1.00
2017.05.25 10:06:04.670,1.5019,1.50204,1.37,1.00
2017.05.25 10:06:08.138,1.50189,1.50204,1.12,1.00
2017.05.25 10:06:10.232,1.50189,1.50205,1.12,1.00
2017.05.25 10:06:10.341,1.50199,1.50206,1.00,1.00
2017.05.25 10:06:10.496,1.50198,1.50212,1.00,1.87
2017.05.25 10:06:11.008,1.50199,1.50212,1.00,2.25
2017.05.25 10:06:11.114,1.50199,1.5021,1.00,1.00
2017.05.25 10:06:12.102,1.50199,1.50211,1.00,1.00
2017.05.25 10:06:12.616,1.50199,1.50212,1.00,1.12
2017.05.25 10:06:13.167,1.50199,1.50213,1.00,1.95
2017.05.25 10:06:13.595,1.50197,1.50212,1.00,1.00
2017.05.25 10:06:13.646,1.50196,1.50208,1.00,1.00
2017.05.25 10:06:13.698,1.50192,1.50208,1.87,3.00
2017.05.25 10:06:13.915,1.5019,1.50206,1.12,1.12
2017.05.25 10:06:14.120,1.5019,1.50204,1.12,1.00
2017.05.25 10:06:15.338,1.50189,1.50203,1.37,1.00
2017.05.25 10:06:16.085,1.50189,1.50202,1.37,1.00
2017.05.25 10:06:24.901,1.50189,1.50201,1.37,1.00
2017.05.25 10:06:26.521,1.50188,1.50202,1.37,1.00
2017.05.25 10:06:26.765,1.5019,1.50204,1.12,2.25
2017.05.25 10:06:26.868,1.50187,1.50201,1.00,1.45
2017.05.25 10:06:27.074,1.50184,1.50201,1.37,1.87
2017.05.25 10:06:27.381,1.50184,1.50199,1.37,1.00
2017.05.25 10:06:29.573,1.50185,1.50199,1.37,1.50
2017.05.25 10:06:30.486,1.50187,1.50199,1.37,1.50
2017.05.25 10:06:30.589,1.50188,1.50201,1.37,1.50
2017.05.25 10:06:31.131,1.50187,1.50202,1.37,2.25
2017.05.25 10:06:31.234,1.50185,1.50202,1.37,3.45
2017.05.25 10:06:31.746,1.50185,1.50199,1.37,1.00
2017.05.25 10:06:32.282,1.50185,1.50201,1.37,1.50
2017.05.25 10:06:32.832,1.50185,1.50201,1.37,2.25
2017.05.25 10:06:33.515,1.50185,1.502,1.12,1.50
2017.05.25 10:06:34.916,1.50185,1.50199,1.12,1.00
2017.05.25 10:06:34.967,1.50182,1.50195,1.20,1.00
2017.05.25 10:06:35.891,1.50181,1.50196,1.37,1.12
2017.05.25 10:06:37.659,1.50183,1.50196,1.00,1.12
2017.05.25 10:06:37.762,1.50183,1.50198,1.00,1.87
2017.05.25 10:06:40.291,1.50185,1.50198,1.00,1.12
2017.05.25 10:06:41.284,1.50184,1.50198,1.12,1.87
2017.05.25 10:06:41.931,1.50183,1.50197,1.37,1.00
2017.05.25 10:06:44.228,1.50183,1.50197,1.00,1.00
2017.05.25 10:06:44.814,1.50183,1.50196,1.00,1.00
2017.05.25 10:06:45.688,1.50184,1.50197,1.00,1.00
2017.05.25 10:06:46.226,1.50184,1.50198,1.00,1.87
2017.05.25 10:06:46.917,1.50184,1.50197,1.00,1.00
2017.05.25 10:06:47.425,1.50184,1.50198,1.00,1.12
2017.05.25 10:06:48.637,1.50183,1.50197,1.37,1.00
2017.05.25 10:06:49.191,1.50183,1.50198,1.37,1.00
2017.05.25 10:06:50.018,1.50183,1.50197,1.37,1.00
2017.05.25 10:06:50.622,1.50183,1.50198,1.37,1.00
2017.05.25 10:06:53.156,1.50183,1.50196,1.37,1.00
2017.05.25 10:06:53.705,1.50181,1.50196,1.37,1.20
2017.05.25 10:06:55.125,1.50181,1.50193,1.37,1.00
2017.05.25 10:07:00.333,1.50181,1.50192,1.37,1.00
2017.05.25 10:07:00.436,1.5018,1.50194,1.37,1.00
2017.05.25 10:07:01.122,1.50182,1.50195,1.37,1.50
2017.05.25 10:07:03.259,1.50182,1.50195,1.12,1.50
2017.05.25 10:07:03.311,1.50179,1.50192,1.00,1.00
2017.05.25 10:07:03.931,1.50177,1.50191,1.37,1.10
2017.05.25 10:07:04.669,1.50176,1.50191,1.12,1.12
2017.05.25 10:07:05.275,1.50176,1.50191,1.12,1.47
2017.05.25 10:07:09.970,1.50175,1.50191,1.37,1.00
2017.05.25 10:07:13.815,1.50177,1.50191,1.00,1.00
2017.05.25 10:07:13.873,1.50183,1.50192,1.00,1.00
2017.05.25 10:07:13.976,1.50186,1.50198,1.00,1.00
2017.05.25 10:07:14.481,1.50188,1.50198,1.00,1.00
2017.05.25 10:07:15.011,1.50187,1.50198,1.00,1.00
2017.05.25 10:07:15.594,1.50188,1.50202,1.00,1.50
2017.05.25 10:07:17.873,1.50188,1.50204,1.00,2.25
2017.05.25 10:07:23.338,1.50188,1.50203,1.00,1.87
2017.05.25 10:07:23.746,1.50188,1.50205,1.00,1.57
2017.05.25 10:07:23.951,1.50188,1.50203,1.00,1.00
2017.05.25 10:07:24.278,1.50188,1.50204,1.00,3.00
2017.05.25 10:07:24.382,1.50186,1.502,1.00,1.37
2017.05.25 10:07:24.434,1.50183,1.50199,1.00,1.12
2017.05.25 10:07:24.943,1.50183,1.50198,1.00,1.00
2017.05.25 10:07:25.548,1.50183,1.50196,1.00,2.10
2017.05.25 10:07:25.601,1.50179,1.50191,1.00,1.42
2017.05.25 10:07:25.652,1.50179,1.50189,1.00,1.45
2017.05.25 10:07:25.756,1.50173,1.50188,1.37,1.57
2017.05.25 10:07:25.961,1.50177,1.50189,1.00,1.00
2017.05.25 10:07:26.140,1.50178,1.50193,1.00,3.67
2017.05.25 10:07:26.191,1.50182,1.50193,1.00,2.85
2017.05.25 10:07:26.243,1.50181,1.50196,1.00,3.22
2017.05.25 10:07:26.295,1.50183,1.50195,1.00,1.60
2017.05.25 10:07:26.604,1.50187,1.50199,1.00,1.87
2017.05.25 10:07:26.964,1.50189,1.50199,1.00,1.00
2017.05.25 10:07:27.218,1.50189,1.50202,1.12,1.00
2017.05.25 10:07:27.270,1.50189,1.50206,1.20,1.12
2017.05.25 10:07:27.526,1.50188,1.50204,1.00,1.87
2017.05.25 10:07:27.937,1.50184,1.50201,1.00,1.37
2017.05.25 10:07:28.220,1.50183,1.50197,1.00,1.12
2017.05.25 10:07:28.272,1.50181,1.50197,1.12,1.87
2017.05.25 10:07:28.324,1.50177,1.50194,1.75,1.75
2017.05.25 10:07:28.430,1.50176,1.50193,1.57,1.50
2017.05.25 10:07:28.483,1.50172,1.5019,1.95,1.00
2017.05.25 10:07:28.639,1.50173,1.50191,1.20,1.12
2017.05.25 10:07:28.949,1.50177,1.50195,1.45,3.00
2017.05.25 10:07:29.309,1.50174,1.50195,3.45,3.00
2017.05.25 10:07:29.360,1.50174,1.50192,2.32,1.00
2017.05.25 10:07:29.839,1.50172,1.50191,1.37,3.97
2017.05.25 10:07:30.351,1.50171,1.50189,1.95,1.00
2017.05.25 10:07:30.806,1.50173,1.50192,1.45,1.50
2017.05.25 10:07:30.858,1.50174,1.50192,1.45,1.12
2017.05.25 10:07:30.960,1.50173,1.50192,2.32,2.25
2017.05.25 10:07:31.012,1.50173,1.5019,1.50,1.12
2017.05.25 10:07:31.526,1.50173,1.50189,1.10,1.00
2017.05.25 10:07:32.076,1.50174,1.50189,1.00,1.00
2017.05.25 10:07:32.688,1.50174,1.5019,1.00,1.87
2017.05.25 10:07:32.892,1.50177,1.5019,1.00,1.00
2017.05.25 10:07:32.944,1.50175,1.5019,1.20,1.00
2017.05.25 10:07:33.184,1.50177,1.50191,1.00,1.12
2017.05.25 10:07:33.236,1.50174,1.50192,1.12,1.12
2017.05.25 10:07:33.442,1.50174,1.5019,1.00,1.87
2017.05.25 10:07:33.494,1.50172,1.50189,1.50,1.50
2017.05.25 10:07:33.545,1.50174,1.50189,1.00,1.50
2017.05.25 10:07:33.853,1.5017,1.50182,1.07,1.12
2017.05.25 10:07:34.298,1.5017,1.50185,1.95,1.12
2017.05.25 10:07:34.810,1.50168,1.50186,1.07,1.50
2017.05.25 10:07:34.862,1.50168,1.50183,1.07,1.00
2017.05.25 10:07:34.913,1.50168,1.50183,1.10,1.00
2017.05.25 10:07:35.119,1.5017,1.50183,1.00,1.00
2017.05.25 10:07:37.209,1.5017,1.50184,1.00,2.25
2017.05.25 10:07:37.804,1.50169,1.50181,1.00,1.37
2017.05.25 10:07:38.139,1.50168,1.50183,1.10,1.87
2017.05.25 10:07:38.345,1.5017,1.50182,1.00,1.00
2017.05.25 10:07:38.860,1.5017,1.50185,1.00,3.00
2017.05.25 10:07:39.518,1.50168,1.50182,1.10,1.50
2017.05.25 10:07:39.570,1.50166,1.5018,1.00,1.00
2017.05.25 10:07:40.082,1.50168,1.50181,1.00,1.50
2017.05.25 10:07:41.110,1.50168,1.50181,1.00,1.50
2017.05.25 10:07:41.646,1.50168,1.50182,1.00,1.50
2017.05.25 10:07:42.129,1.50171,1.50182,1.00,1.37
2017.05.25 10:07:42.232,1.50172,1.50184,1.00,1.50
2017.05.25 10:07:42.283,1.50175,1.50184,1.00,1.50
2017.05.25 10:07:42.437,1.50173,1.50188,1.10,2.25
2017.05.25 10:07:42.488,1.50174,1.50188,1.00,2.25
2017.05.25 10:07:42.659,1.50176,1.50186,1.00,1.37
2017.05.25 10:07:42.711,1.50173,1.50186,1.00,1.37
2017.05.25 10:07:43.019,1.50173,1.50187,1.00,1.00
2017.05.25 10:07:43.411,1.50173,1.50188,1.00,2.25
2017.05.25 10:07:44.871,1.50171,1.50185,1.10,1.12
2017.05.25 10:07:45.026,1.50173,1.50188,1.10,1.12
2017.05.25 10:07:45.129,1.50173,1.50189,1.10,1.87
2017.05.25 10:07:46.037,1.50175,1.50188,1.00,1.12
2017.05.25 10:07:46.617,1.50175,1.50187,1.00,1.00
2017.05.25 10:07:47.131,1.50175,1.50188,1.00,1.00
2017.05.25 10:07:47.662,1.50176,1.50191,1.00,1.12
2017.05.25 10:07:48.478,1.50175,1.50189,1.00,1.12
2017.05.25 10:07:49.007,1.50175,1.50188,1.00,1.00
2017.05.25 10:07:49.941,1.50172,1.50188,1.10,1.87
2017.05.25 10:07:50.472,1.50174,1.50187,1.00,1.00
2017.05.25 10:07:50.873,1.50172,1.50186,1.10,1.00
2017.05.25 10:07:51.129,1.50172,1.50184,1.10,1.00
2017.05.25 10:07:51.673,1.50173,1.50186,1.10,3.00
2017.05.25 10:07:52.352,1.50173,1.50184,1.00,1.00
2017.05.25 10:07:52.990,1.50173,1.50185,1.00,1.00
2017.05.25 10:07:55.106,1.50173,1.50184,1.00,1.00
2017.05.25 10:07:55.631,1.50173,1.50185,1.00,1.00
2017.05.25 10:07:57.276,1.50171,1.50185,1.07,1.00
2017.05.25 10:07:58.710,1.50172,1.50184,1.10,1.00
2017.05.25 10:07:59.295,1.50172,1.50185,1.10,1.12
2017.05.25 10:08:00.037,1.50172,1.50186,1.10,1.50
2017.05.25 10:08:00.563,1.50171,1.50186,1.00,1.50
2017.05.25 10:08:00.870,1.50165,1.5018,1.00,1.20
2017.05.25 10:08:01.221,1.50163,1.50177,1.00,1.00
2017.05.25 10:08:02.574,1.50163,1.50178,1.00,1.00
2017.05.25 10:08:06.462,1.50163,1.50177,1.00,1.00
2017.05.25 10:08:10.697,1.50165,1.50177,1.00,1.00
2017.05.25 10:08:12.118,1.50165,1.5018,1.00,1.47
2017.05.25 10:08:12.582,1.50165,1.5018,1.00,1.47
2017.05.25 10:08:12.787,1.50167,1.50182,1.37,1.12
2017.05.25 10:08:13.328,1.50168,1.50183,1.45,1.00
2017.05.25 10:08:15.020,1.50168,1.50181,1.20,1.00
2017.05.25 10:08:15.175,1.50167,1.5018,1.00,1.00
2017.05.25 10:08:15.690,1.50165,1.5018,1.07,1.37
2017.05.25 10:08:15.743,1.50162,1.50178,1.12,1.37
2017.05.25 10:08:15.797,1.5016,1.50175,1.50,1.37
2017.05.25 10:08:15.899,1.50158,1.50173,1.00,1.12
2017.05.25 10:08:15.951,1.50159,1.50171,1.00,1.00
2017.05.25 10:08:16.261,1.50154,1.50166,1.00,1.00
2017.05.25 10:08:16.313,1.50152,1.50166,1.00,1.00
2017.05.25 10:08:16.871,1.50151,1.50166,1.10,1.00
2017.05.25 10:08:17.300,1.50153,1.50166,1.00,1.00
2017.05.25 10:08:18.045,1.50153,1.50167,1.10,1.00
2017.05.25 10:08:18.556,1.5015,1.50168,1.07,1.00
2017.05.25 10:08:18.710,1.50152,1.50169,1.07,1.69
2017.05.25 10:08:18.864,1.50153,1.50172,1.57,1.95
2017.05.25 10:08:19.683,1.50155,1.50172,1.00,1.47
2017.05.25 10:08:20.061,1.50154,1.50167,1.00,1.75
2017.05.25 10:08:20.216,1.50154,1.50167,1.00,1.37
2017.05.25 10:08:20.268,1.50151,1.50167,2.25,1.37
2017.05.25 10:08:20.873,1.50151,1.50168,1.87,1.42
2017.05.25 10:08:21.435,1.50152,1.50169,1.00,2.32
2017.05.25 10:08:21.487,1.50152,1.50169,1.00,1.95
2017.05.25 10:08:21.540,1.50153,1.50169,1.57,1.37
2017.05.25 10:08:22.048,1.50154,1.50171,1.00,1.72
2017.05.25 10:08:23.672,1.50152,1.50168,1.00,1.37
2017.05.25 10:08:25.945,1.50151,1.50167,1.10,1.37
2017.05.25 10:08:26.491,1.50149,1.50167,1.57,2.47
2017.05.25 10:08:26.806,1.50148,1.50163,1.82,1.37
2017.05.25 10:08:27.217,1.50145,1.50163,3.07,1.35
2017.05.25 10:08:28.516,1.50145,1.50163,1.95,1.35
2017.05.25 10:08:29.152,1.50145,1.50164,2.70,1.35
2017.05.25 10:08:29.918,1.50146,1.50165,1.45,1.69
2017.05.25 10:08:30.224,1.50147,1.50166,1.95,1.00
2017.05.25 10:08:30.327,1.50147,1.50166,1.95,1.00
2017.05.25 10:08:30.859,1.50147,1.50165,1.20,1.00
2017.05.25 10:08:31.219,1.50147,1.50166,1.95,1.75
2017.05.25 10:08:31.892,1.50147,1.50167,1.95,1.85
2017.05.25 10:08:32.592,1.50147,1.50167,1.95,1.75
2017.05.25 10:08:33.204,1.50147,1.50167,1.95,1.75
2017.05.25 10:08:33.762,1.50149,1.50167,1.00,1.82
2017.05.25 10:08:34.321,1.50147,1.50166,1.95,1.85
2017.05.25 10:08:34.827,1.50147,1.50166,1.95,1.75
2017.05.25 10:08:35.337,1.50147,1.50166,1.57,1.00
2017.05.25 10:08:36.049,1.50147,1.50166,1.10,1.57
2017.05.25 10:08:36.561,1.50146,1.50164,1.50,1.87
2017.05.25 10:08:38.774,1.50147,1.50164,1.10,1.12
2017.05.25 10:08:38.826,1.50149,1.50164,1.00,1.12
2017.05.25 10:08:38.929,1.50151,1.50168,1.00,1.12
2017.05.25 10:08:38.980,1.50153,1.50171,1.00,3.82
2017.05.25 10:08:39.624,1.50152,1.50171,2.32,1.57
2017.05.25 10:08:40.153,1.50153,1.50171,1.00,1.57
2017.05.25 10:08:40.600,1.50155,1.50171,1.00,1.50
2017.05.25 10:08:41.143,1.50154,1.50172,1.50,1.10
2017.05.25 10:08:42.042,1.50154,1.50171,1.00,1.00
2017.05.25 10:08:43.150,1.50153,1.5017,1.00,1.00
2017.05.25 10:08:43.495,1.50148,1.50165,1.50,1.10
2017.05.25 10:08:45.562,1.50148,1.50164,1.00,1.00
2017.05.25 10:08:46.065,1.50147,1.50164,1.00,1.10
2017.05.25 10:08:47.041,1.50146,1.50164,1.10,2.17
2017.05.25 10:08:48.159,1.50146,1.50164,1.07,1.50
2017.05.25 10:08:49.459,1.50146,1.50163,1.07,1.00
2017.05.25 10:08:50.747,1.50146,1.50162,1.10,1.00
2017.05.25 10:08:50.801,1.50145,1.50159,1.20,1.00
2017.05.25 10:08:50.853,1.50144,1.50159,1.12,1.00
2017.05.25 10:08:51.155,1.50144,1.50159,1.50,1.07
2017.05.25 10:08:51.463,1.50141,1.50159,1.00,1.07
2017.05.25 10:08:51.636,1.50144,1.50157,1.00,1.07
2017.05.25 10:08:51.892,1.50144,1.50159,1.00,1.07
2017.05.25 10:08:52.083,1.50141,1.50159,1.50,1.07
2017.05.25 10:08:52.288,1.50143,1.50159,1.00,1.07
2017.05.25 10:08:52.813,1.50142,1.50159,1.00,1.07
2017.05.25 10:08:53.557,1.50141,1.50158,1.00,1.57
2017.05.25 10:08:54.072,1.50142,1.50158,1.00,1.00
2017.05.25 10:08:58.182,1.50145,1.5016,1.00,1.12
2017.05.25 10:08:58.544,1.50146,1.50162,1.07,1.00
2017.05.25 10:08:58.853,1.50147,1.50164,1.20,1.00
2017.05.25 10:08:59.360,1.50147,1.50166,1.20,1.57
2017.05.25 10:08:59.412,1.50149,1.50166,1.00,1.57
2017.05.25 10:08:59.937,1.50149,1.50166,1.00,1.00
2017.05.25 10:09:00.404,1.5015,1.50167,1.00,2.32
2017.05.25 10:09:00.847,1.50147,1.50165,1.45,1.75
2017.05.25 10:09:01.877,1.50147,1.50165,1.20,1.75
2017.05.25 10:09:02.575,1.50147,1.50164,1.20,1.75
2017.05.25 10:09:03.811,1.50149,1.50164,1.00,1.50
2017.05.25 10:09:03.914,1.50151,1.50166,1.00,1.75
2017.05.25 10:09:04.519,1.5015,1.50168,1.00,3.07
2017.05.25 10:09:04.862,1.50147,1.50165,1.20,1.75
2017.05.25 10:09:05.810,1.50147,1.50166,1.20,2.25
2017.05.25 10:09:06.394,1.50146,1.50166,3.07,2.32
2017.05.25 10:09:08.198,1.50146,1.50166,3.07,2.25
2017.05.25 10:09:08.828,1.50148,1.50166,1.00,1.82
2017.05.25 10:09:09.142,1.5015,1.50167,1.00,2.32
2017.05.25 10:09:09.295,1.50149,1.50168,1.00,1.82
2017.05.25 10:09:11.806,1.50151,1.50169,1.00,3.45
2017.05.25 10:09:12.063,1.50149,1.50168,3.07,1.82
2017.05.25 10:09:12.217,1.50148,1.50168,1.20,1.82
2017.05.25 10:09:14.131,1.50147,1.50166,1.50,1.82
2017.05.25 10:09:16.805,1.50146,1.50164,1.07,1.75
2017.05.25 10:09:16.857,1.50146,1.50164,1.10,1.75
2017.05.25 10:09:18.689,1.50145,1.50163,1.57,2.32
2017.05.25 10:09:19.136,1.50147,1.50163,1.00,3.00
2017.05.25 10:09:19.399,1.50145,1.50163,1.95,3.07
2017.05.25 10:09:19.983,1.50145,1.50163,1.95,3.00
2017.05.25 10:09:20.534,1.50145,1.50163,1.95,3.07
2017.05.25 10:09:20.738,1.50147,1.50163,1.00,3.07
2017.05.25 10:09:23.272,1.50145,1.50163,1.57,2.25
2017.05.25 10:09:24.826,1.50147,1.50163,1.00,2.25
2017.05.25 10:09:25.846,1.50145,1.50163,1.07,2.25
2017.05.25 10:09:27.750,1.50149,1.50161,1.00,1.50
2017.05.25 10:09:28.057,1.50151,1.50162,1.00,1.00
2017.05.25 10:09:28.109,1.50151,1.50165,1.00,1.37
2017.05.25 10:09:29.801,1.50151,1.50166,1.00,1.47
2017.05.25 10:09:30.331,1.50148,1.50164,1.00,1.12
2017.05.25 10:09:30.434,1.50145,1.50158,1.00,1.00
2017.05.25 10:09:30.621,1.50147,1.50159,1.00,1.00
2017.05.25 10:09:30.979,1.50145,1.50159,1.00,1.00
2017.05.25 10:09:31.521,1.50144,1.50159,1.00,1.00
2017.05.25 10:09:32.139,1.50144,1.50159,1.00,1.07
2017.05.25 10:09:34.361,1.50143,1.50159,1.00,1.57
2017.05.25 10:09:34.626,1.50143,1.50159,1.00,1.57
2017.05.25 10:09:36.491,1.50145,1.50159,1.00,1.10
2017.05.25 10:09:36.815,1.50152,1.50167,1.00,1.37
2017.05.25 10:09:37.327,1.50153,1.50167,1.00,1.47
2017.05.25 10:09:38.634,1.5015,1.50166,1.00,1.47
2017.05.25 10:09:38.737,1.50148,1.50164,1.00,1.37
2017.05.25 10:09:43.720,1.50149,1.50162,1.00,1.00
2017.05.25 10:09:43.874,1.50151,1.50162,1.00,1.00
2017.05.25 10:09:43.976,1.50151,1.50164,1.00,1.00
2017.05.25 10:09:44.643,1.5015,1.50164,1.00,1.37
2017.05.25 10:09:45.119,1.50148,1.50162,1.00,1.87
2017.05.25 10:09:45.425,1.50145,1.50162,2.32,1.87
2017.05.25 10:09:45.528,1.50143,1.5016,1.10,1.72
2017.05.25 10:09:45.579,1.50141,1.50159,2.25,1.45
2017.05.25 10:09:46.111,1.50141,1.50157,1.00,2.62
2017.05.25 10:09:46.730,1.50141,1.50157,1.00,1.87
2017.05.25 10:09:47.840,1.50141,1.50157,1.00,1.87
2017.05.25 10:09:48.345,1.50142,1.50158,1.00,1.87
2017.05.25 10:09:48.857,1.5014,1.50157,1.00,1.87
2017.05.25 10:09:50.000,1.50141,1.50157,1.00,1.87
2017.05.25 10:09:50.513,1.50142,1.50157,1.00,1.87
2017.05.25 10:09:52.819,1.50142,1.50157,1.00,1.12
2017.05.25 10:09:52.976,1.50142,1.50156,1.00,1.13
2017.05.25 10:09:53.078,1.50145,1.5016,1.00,1.13
2017.05.25 10:09:53.130,1.50145,1.5016,1.00,1.50
2017.05.25 10:09:53.641,1.50144,1.5016,1.00,1.50
2017.05.25 10:09:54.213,1.50143,1.50158,1.00,1.50
2017.05.25 10:09:55.532,1.50143,1.50158,1.00,1.50
2017.05.25 10:09:56.248,1.50143,1.50158,1.00,1.50
2017.05.25 10:09:56.655,1.50144,1.50158,1.00,1.00
2017.05.25 10:09:56.707,1.50144,1.5016,1.00,1.00
2017.05.25 10:09:57.491,1.50145,1.5016,1.00,1.00
2017.05.25 10:09:58.111,1.50144,1.5016,1.00,1.00
2017.05.25 10:09:58.725,1.50142,1.5016,1.07,1.00
2017.05.25 10:09:59.082,1.50145,1.5016,1.00,1.00
2017.05.25 10:09:59.133,1.50142,1.5016,1.07,1.00
2017.05.25 10:10:00.013,1.50142,1.50159,1.07,1.00
2017.05.25 10:10:02.510,1.50143,1.50158,1.00,1.25
2017.05.25 10:10:02.562,1.50141,1.50158,1.10,1.00
2017.05.25 10:10:02.716,1.50142,1.50155,1.00,1.00
2017.05.25 10:10:02.818,1.5014,1.50155,1.10,1.00
2017.05.25 10:10:03.100,1.5014,1.50155,1.07,1.00
2017.05.25 10:10:03.202,1.50143,1.50158,1.00,1.00
2017.05.25 10:10:03.407,1.50144,1.50162,1.10,1.00
2017.05.25 10:10:03.510,1.50144,1.5016,1.10,1.00
2017.05.25 10:10:06.483,1.50144,1.5016,1.07,1.00
2017.05.25 10:10:07.588,1.50144,1.50161,1.07,1.00
2017.05.25 10:10:08.096,1.50144,1.50162,1.07,1.00
2017.05.25 10:10:08.478,1.50142,1.50161,1.95,1.37
2017.05.25 10:10:08.529,1.50142,1.5016,1.00,1.07
2017.05.25 10:10:08.632,1.5014,1.50157,1.10,1.00
2017.05.25 10:10:09.445,1.5014,1.50157,1.07,1.00
2017.05.25 10:10:10.124,1.5014,1.50157,1.00,1.00
2017.05.25 10:10:11.497,1.50138,1.50155,1.00,1.50
2017.05.25 10:10:11.806,1.50134,1.50147,1.37,1.00
2017.05.25 10:10:12.292,1.50135,1.50149,1.37,1.12
2017.05.25 10:10:13.242,1.50132,1.50148,1.57,1.00
2017.05.25 10:10:13.345,1.50132,1.50148,1.10,1.00
2017.05.25 10:10:13.600,1.5013,1.50146,1.07,1.00
2017.05.25 10:10:13.997,1.50132,1.50148,2.25,1.87
2017.05.25 10:10:15.985,1.50133,1.50148,1.37,1.12
2017.05.25 10:10:18.411,1.50131,1.50148,1.50,1.12
2017.05.25 10:10:19.472,1.50131,1.50148,1.50,1.95
2017.05.25 10:10:19.986,1.50132,1.50146,1.37,1.00
2017.05.25 10:10:20.866,1.50135,1.50146,1.45,1.00
2017.05.25 10:10:21.121,1.50142,1.50157,1.50,1.37
2017.05.25 10:10:21.224,1.50143,1.50158,1.47,1.00
2017.05.25 10:10:21.748,1.50143,1.50157,1.37,1.00
2017.05.25 10:10:22.692,1.50146,1.50157,1.00,1.00
2017.05.25 10:10:22.846,1.50146,1.50159,1.00,1.00
2017.05.25 10:10:22.949,1.50142,1.50157,1.00,1.12
2017.05.25 10:10:23.778,1.50141,1.50156,1.00,1.12
2017.05.25 10:10:26.464,1.50141,1.50156,1.07,1.00
2017.05.25 10:10:26.566,1.50144,1.50156,1.37,1.00
2017.05.25 10:10:30.082,1.50142,1.50156,1.37,1.00
2017.05.25 10:10:32.963,1.50142,1.50157,1.37,1.00
2017.05.25 10:10:33.220,1.50147,1.50157,1.00,1.00
2017.05.25 10:10:33.273,1.50147,1.50161,1.00,1.12
2017.05.25 10:10:33.639,1.50148,1.50164,1.00,1.00
2017.05.25 10:10:34.171,1.50149,1.50164,1.00,1.00
2017.05.25 10:10:35.145,1.50146,1.50164,1.10,1.10
2017.05.25 10:10:36.261,1.50147,1.50164,1.00,1.00
2017.05.25 10:10:36.363,1.50147,1.50166,1.00,1.57
2017.05.25 10:10:36.864,1.50148,1.50166,1.10,1.00
2017.05.25 10:10:38.092,1.50149,1.50166,1.20,1.00
2017.05.25 10:10:38.144,1.50149,1.50168,1.20,1.20
2017.05.25 10:10:38.196,1.50148,1.50168,1.95,1.20
2017.05.25 10:10:38.313,1.50148,1.50168,2.70,1.20
2017.05.25 10:10:39.028,1.50148,1.50168,1.95,1.57
2017.05.25 10:10:42.092,1.50147,1.50166,1.57,1.12
2017.05.25 10:10:42.715,1.50146,1.50165,2.70,1.12
2017.05.25 10:10:43.734,1.50149,1.50165,1.07,1.00
2017.05.25 10:10:43.884,1.50148,1.50168,2.32,3.19
2017.05.25 10:10:45.106,1.50148,1.50168,2.32,2.06
2017.05.25 10:10:47.478,1.50151,1.50168,1.00,1.12
2017.05.25 10:10:48.107,1.50151,1.5017,2.32,1.50
2017.05.25 10:10:48.767,1.50154,1.50168,1.00,1.12
2017.05.25 10:10:48.996,1.50152,1.50168,1.10,1.12
2017.05.25 10:11:02.311,1.50153,1.50168,1.00,1.12
2017.05.25 10:11:03.551,1.50154,1.50168,1.00,1.12
2017.05.25 10:11:05.302,1.50155,1.50168,1.00,1.12
2017.05.25 10:11:15.448,1.50156,1.50168,1.00,1.12
2017.05.25 10:11:16.355,1.50158,1.50168,1.00,1.00
2017.05.25 10:11:16.509,1.50161,1.50174,1.00,1.37
2017.05.25 10:11:16.560,1.50159,1.50174,1.00,1.37
2017.05.25 10:11:16.714,1.50159,1.50171,1.10,1.00
2017.05.25 10:11:16.918,1.50159,1.50173,1.07,1.12
2017.05.25 10:11:16.970,1.50162,1.50173,1.00,1.00
2017.05.25 10:11:17.108,1.50162,1.50175,1.10,1.00
2017.05.25 10:11:17.970,1.50162,1.50176,1.00,1.00
2017.05.25 10:11:21.204,1.50161,1.50176,1.10,1.00
2017.05.25 10:11:21.307,1.50158,1.50174,1.95,1.25
2017.05.25 10:11:21.358,1.50159,1.50174,1.00,2.44
2017.05.25 10:11:21.654,1.50157,1.50174,1.00,2.25
2017.05.25 10:11:21.809,1.50157,1.50172,1.10,1.00
2017.05.25 10:11:22.135,1.50153,1.50169,1.00,1.37
2017.05.25 10:11:22.442,1.50153,1.50163,1.07,1.00
2017.05.25 10:11:22.617,1.5016,1.50174,1.00,2.25
2017.05.25 10:11:22.822,1.50159,1.50175,1.07,1.00
2017.05.25 10:11:22.874,1.50157,1.50173,1.07,1.50
2017.05.25 10:11:23.384,1.50157,1.50173,1.07,1.50
2017.05.25 10:11:23.920,1.50156,1.50173,1.07,2.25
2017.05.25 10:11:23.972,1.50156,1.50173,1.00,3.26
2017.05.25 10:11:24.937,1.50159,1.50172,1.00,1.50
2017.05.25 10:11:25.143,1.50154,1.50171,1.00,3.00
2017.05.25 10:11:25.195,1.50152,1.50169,1.50,1.57
2017.05.25 10:11:25.297,1.50152,1.50169,1.00,1.95
2017.05.25 10:11:25.655,1.50154,1.50169,1.00,1.95
2017.05.25 10:11:26.334,1.50153,1.50169,1.00,1.95
2017.05.25 10:11:27.062,1.50153,1.50169,1.00,1.57
2017.05.25 10:11:28.181,1.50152,1.50169,1.00,1.57
2017.05.25 10:11:28.709,1.50151,1.50169,1.00,1.57
2017.05.25 10:11:29.175,1.50154,1.50169,1.07,1.00
2017.05.25 10:11:29.328,1.50155,1.50172,1.00,1.50
2017.05.25 10:11:29.431,1.50158,1.50172,1.37,1.00
2017.05.25 10:11:29.636,1.50165,1.50178,1.37,1.12
2017.05.25 10:11:30.178,1.50166,1.50181,1.12,1.87
2017.05.25 10:11:31.137,1.50164,1.50179,1.45,1.37
2017.05.25 10:11:31.834,1.50167,1.50179,2.32,1.37
2017.05.25 10:11:31.937,1.50165,1.50179,1.95,1.37
2017.05.25 10:11:31.989,1.50165,1.50179,1.57,1.75
2017.05.25 10:11:32.500,1.50161,1.50177,2.70,2.62
2017.05.25 10:11:33.244,1.50161,1.50177,2.70,1.87
2017.05.25 10:11:33.780,1.50162,1.50177,2.62,1.37
2017.05.25 10:11:34.086,1.50164,1.50179,1.47,1.12
2017.05.25 10:11:34.495,1.50165,1.50179,1.12,1.12
2017.05.25 10:11:37.816,1.50163,1.50176,1.12,1.50
2017.05.25 10:11:37.970,1.50165,1.50177,1.00,1.00
2017.05.25 10:11:38.073,1.50169,1.5018,1.00,1.50
2017.05.25 10:11:38.176,1.50168,1.50182,1.00,1.50
2017.05.25 10:11:38.316,1.50166,1.5018,1.00,1.50
2017.05.25 10:11:38.835,1.50165,1.5018,1.00,2.25
2017.05.25 10:11:44.722,1.50168,1.5018,1.00,1.50
2017.05.25 10:11:44.825,1.50168,1.50182,1.00,1.00
2017.05.25 10:11:45.461,1.50168,1.50183,1.00,1.00
2017.05.25 10:11:46.108,1.50169,1.50184,1.00,1.12
2017.05.25 10:11:46.211,1.50172,1.50184,1.00,1.12
2017.05.25 10:11:46.735,1.50173,1.50187,1.00,1.12
2017.05.25 10:11:47.366,1.50173,1.50189,1.00,2.32
2017.05.25 10:11:49.408,1.50173,1.50189,1.00,2.25
2017.05.25 10:11:52.828,1.50172,1.50189,1.00,1.50
2017.05.25 10:11:52.981,1.50172,1.50189,1.00,1.50
2017.05.25 10:11:53.288,1.50176,1.5019,1.00,1.00
2017.05.25 10:11:54.344,1.50175,1.50191,1.10,1.37
2017.05.25 10:11:54.651,1.50178,1.50191,1.37,1.00
2017.05.25 10:11:55.284,1.50178,1.5019,1.37,1.00
2017.05.25 10:11:55.802,1.50178,1.5019,1.00,1.00
2017.05.25 10:11:56.325,1.50178,1.50191,1.00,1.50
2017.05.25 10:11:57.683,1.50174,1.50189,1.37,1.00
2017.05.25 10:11:58.241,1.50173,1.50188,1.37,1.00
2017.05.25 10:11:58.769,1.50174,1.50189,1.37,1.12
2017.05.25 10:11:59.295,1.50174,1.50188,1.37,1.00
2017.05.25 10:11:59.914,1.50174,1.50188,1.00,1.50
2017.05.25 10:12:00.426,1.50171,1.50188,1.37,2.32
2017.05.25 10:12:01.008,1.50171,1.50188,1.37,2.92
2017.05.25 10:12:03.385,1.50172,1.50188,1.37,2.25
2017.05.25 10:12:03.935,1.50172,1.50188,1.12,2.25
2017.05.25 10:12:05.071,1.50173,1.50188,1.00,2.25
2017.05.25 10:12:08.083,1.50173,1.50187,1.00,1.00
2017.05.25 10:12:09.010,1.50174,1.50187,1.00,1.00
2017.05.25 10:12:09.286,1.50175,1.50189,1.00,1.50
2017.05.25 10:12:09.788,1.50172,1.50189,1.20,2.25
2017.05.25 10:12:09.943,1.50175,1.50189,1.00,1.50
2017.05.25 10:12:10.484,1.50173,1.50186,1.00,1.00
2017.05.25 10:12:10.791,1.50172,1.50184,1.12,1.00
2017.05.25 10:12:10.996,1.50173,1.50187,1.00,1.00
2017.05.25 10:12:12.565,1.50169,1.50181,1.00,1.05
2017.05.25 10:12:12.617,1.50167,1.50181,1.50,1.35
2017.05.25 10:12:12.722,1.50165,1.50178,1.00,1.00
2017.05.25 10:12:12.774,1.50168,1.50182,1.00,2.32
2017.05.25 10:12:12.877,1.50166,1.50182,1.00,2.32
2017.05.25 10:12:13.427,1.50167,1.5018,1.00,1.10
2017.05.25 10:12:15.094,1.50165,1.50182,1.00,1.95
2017.05.25 10:12:16.587,1.50163,1.5018,1.00,1.00
2017.05.25 10:12:16.638,1.50165,1.5018,1.00,1.00
2017.05.25 10:12:16.691,1.50163,1.5018,1.00,1.57
2017.05.25 10:12:16.846,1.50163,1.50177,1.00,1.00
2017.05.25 10:12:18.881,1.50162,1.50177,1.00,1.12
2017.05.25 10:12:19.930,1.50164,1.50178,1.00,1.37
2017.05.25 10:12:20.464,1.50164,1.50178,1.00,1.00
2017.05.25 10:12:21.189,1.50165,1.50178,1.00,1.00
2017.05.25 10:12:21.719,1.50165,1.50179,1.00,1.00
2017.05.25 10:12:25.476,1.50163,1.50179,1.00,1.50
2017.05.25 10:12:25.528,1.50163,1.50175,1.00,1.00
2017.05.25 10:12:30.668,1.50163,1.50177,1.00,1.00
2017.05.25 10:12:31.632,1.50167,1.50178,1.00,1.00
2017.05.25 10:12:31.786,1.50165,1.50177,1.00,1.00
2017.05.25 10:12:32.514,1.50165,1.50179,1.00,1.07
2017.05.25 10:12:33.874,1.50164,1.50178,1.00,1.10
2017.05.25 10:12:33.926,1.50161,1.50178,1.00,1.67
2017.05.25 10:12:33.978,1.50161,1.50175,1.00,1.67
2017.05.25 10:12:34.029,1.50159,1.50175,1.00,2.92
2017.05.25 10:12:34.736,1.50158,1.50171,1.00,1.20
2017.05.25 10:12:36.196,1.50161,1.50171,1.00,1.00
2017.05.25 10:12:36.247,1.50161,1.50173,1.00,1.12
2017.05.25 10:12:36.758,1.50159,1.50172,1.37,1.00
2017.05.25 10:12:37.503,1.50159,1.50172,1.12,1.00
2017.05.25 10:12:38.075,1.50159,1.50171,1.37,1.00
2017.05.25 10:12:38.382,1.50163,1.50174,1.00,1.12
2017.05.25 10:12:38.433,1.50161,1.50174,1.00,1.12
2017.05.25 10:12:38.997,1.50162,1.50174,1.00,1.20
2017.05.25 10:12:39.277,1.5016,1.50174,1.12,1.00
2017.05.25 10:12:39.585,1.50162,1.50175,1.00,1.00
2017.05.25 10:12:39.739,1.5016,1.50177,1.00,3.45
2017.05.25 10:12:39.892,1.5016,1.50173,1.00,1.00
2017.05.25 10:12:40.148,1.50161,1.50175,1.00,1.10
2017.05.25 10:12:40.557,1.50162,1.50172,1.00,1.00
2017.05.25 10:12:40.661,1.50162,1.50177,1.00,2.70
2017.05.25 10:12:41.828,1.50162,1.50176,1.00,1.00
2017.05.25 10:12:42.405,1.50163,1.50178,1.00,1.37
2017.05.25 10:12:43.393,1.50165,1.50179,1.00,2.25
2017.05.25 10:12:43.831,1.50167,1.50179,1.00,1.00
2017.05.25 10:12:43.883,1.50165,1.5018,1.10,1.50
2017.05.25 10:12:43.935,1.50166,1.5018,1.75,1.50
2017.05.25 10:12:44.293,1.50166,1.50183,1.75,1.00
2017.05.25 10:12:44.483,1.50166,1.50183,1.47,1.00
2017.05.25 10:12:44.537,1.50165,1.50183,1.10,1.00
2017.05.25 10:12:44.590,1.50167,1.50183,1.00,1.57
2017.05.25 10:12:44.643,1.50165,1.50181,1.00,1.10
2017.05.25 10:12:44.798,1.50163,1.50181,1.00,2.17
2017.05.25 10:12:44.849,1.50163,1.50178,1.00,1.00
2017.05.25 10:12:45.361,1.50162,1.50177,1.00,1.00
2017.05.25 10:12:45.867,1.50161,1.50177,1.00,1.00
2017.05.25 10:12:47.996,1.5016,1.50176,1.07,1.35
2017.05.25 10:12:48.518,1.5016,1.50176,2.32,1.50
2017.05.25 10:12:49.031,1.50161,1.50177,1.00,1.50
2017.05.25 10:12:49.403,1.50158,1.50173,1.07,2.85
2017.05.25 10:12:49.664,1.50158,1.50175,2.25,1.47
2017.05.25 10:12:49.716,1.50162,1.50175,1.00,1.00
2017.05.25 10:12:50.219,1.50163,1.50176,1.00,1.12
2017.05.25 10:12:50.322,1.50157,1.50173,1.87,1.95
2017.05.25 10:12:50.374,1.50155,1.50166,1.00,1.00
2017.05.25 10:12:50.886,1.50153,1.50167,1.00,1.00
2017.05.25 10:12:50.989,1.50153,1.50165,1.00,1.00
2017.05.25 10:12:51.092,1.50154,1.50167,1.00,1.00
2017.05.25 10:12:51.753,1.50154,1.50165,1.00,2.10
2017.05.25 10:12:51.907,1.50153,1.50165,1.00,1.00
2017.05.25 10:12:52.345,1.50154,1.50164,1.00,1.60
2017.05.25 10:12:52.449,1.50151,1.50164,1.50,2.10
2017.05.25 10:12:52.501,1.50151,1.50162,1.00,1.00
2017.05.25 10:12:52.706,1.50149,1.50162,1.00,1.35
2017.05.25 10:12:52.758,1.50149,1.5016,1.00,1.00
2017.05.25 10:12:53.085,1.50147,1.50158,1.50,1.00
2017.05.25 10:12:53.752,1.50146,1.50158,1.00,1.00
2017.05.25 10:12:53.906,1.50144,1.50157,1.57,1.00
2017.05.25 10:12:54.009,1.50146,1.50157,1.10,1.00
2017.05.25 10:12:54.518,1.50146,1.50158,1.00,1.00
2017.05.25 10:12:54.826,1.50146,1.50156,1.00,1.00
2017.05.25 10:12:55.519,1.50144,1.50156,1.00,1.00
2017.05.25 10:12:55.773,1.50143,1.50153,1.50,1.00
2017.05.25 10:12:56.291,1.50144,1.50153,1.00,1.00
2017.05.25 10:12:58.408,1.50142,1.50153,1.50,1.00
2017.05.25 10:12:58.769,1.50144,1.50158,1.00,1.00
2017.05.25 10:12:58.821,1.50142,1.50158,1.00,1.00
2017.05.25 10:12:59.276,1.50144,1.50158,1.00,1.00
2017.05.25 10:13:00.092,1.50144,1.50156,1.00,1.00
2017.05.25 10:13:00.616,1.50145,1.50157,1.00,1.00
2017.05.25 10:13:00.818,1.50147,1.50163,1.50,1.20
2017.05.25 10:13:00.870,1.50153,1.50164,1.00,1.00
2017.05.25 10:13:00.921,1.50154,1.50166,1.00,1.00
2017.05.25 10:13:00.973,1.50156,1.50168,1.00,1.00
2017.05.25 10:13:01.075,1.50157,1.5017,1.00,1.00
2017.05.25 10:13:01.178,1.50158,1.50172,1.50,1.00
2017.05.25 10:13:01.230,1.5016,1.50172,1.00,1.00
2017.05.25 10:13:01.282,1.50161,1.50175,1.00,1.07
2017.05.25 10:13:01.335,1.50163,1.50175,1.00,1.00
2017.05.25 10:13:01.592,1.50164,1.50177,1.00,1.00
2017.05.25 10:13:01.747,1.50166,1.50177,1.00,1.00
2017.05.25 10:13:01.913,1.50169,1.50184,1.00,1.50
2017.05.25 10:13:01.968,1.50167,1.50184,1.50,1.95
2017.05.25 10:13:02.896,1.50167,1.50179,1.00,1.37
2017.05.25 10:13:03.218,1.50168,1.50181,1.00,1.00
2017.05.25 10:13:03.322,1.50165,1.50182,3.00,1.20
2017.05.25 10:13:03.427,1.50167,1.50181,1.00,1.07
2017.05.25 10:13:03.684,1.50169,1.50182,1.00,1.00
2017.05.25 10:13:03.841,1.50166,1.50182,1.87,1.20
2017.05.25 10:13:03.893,1.50166,1.50182,2.62,1.47
2017.05.25 10:13:04.151,1.50165,1.50181,1.00,1.07
2017.05.25 10:13:04.206,1.50171,1.5018,1.00,1.00
2017.05.25 10:13:04.311,1.50173,1.50183,1.00,1.00
2017.05.25 10:13:04.363,1.50173,1.50188,2.32,1.00
2017.05.25 10:13:05.219,1.50174,1.50188,1.12,1.00
2017.05.25 10:13:05.535,1.50176,1.50189,1.00,1.00
2017.05.25 10:13:06.045,1.50176,1.5019,1.00,1.50
2017.05.25 10:13:06.573,1.50175,1.50189,1.00,1.00
2017.05.25 10:13:07.122,1.50176,1.50189,1.50,1.00
2017.05.25 10:13:08.713,1.50175,1.50189,1.00,1.00
2017.05.25 10:13:09.024,1.50173,1.50186,1.87,1.00
2017.05.25 10:13:09.725,1.50172,1.50186,1.87,1.00
2017.05.25 10:13:10.220,1.50171,1.50184,1.00,1.00
2017.05.25 10:13:10.783,1.50172,1.50183,1.00,1.00
2017.05.25 10:13:11.099,1.50174,1.50188,1.00,1.00
2017.05.25 10:13:11.806,1.50173,1.50188,1.00,1.00
2017.05.25 10:13:12.576,1.50173,1.50186,1.57,1.00
2017.05.25 10:13:13.266,1.50172,1.50187,1.57,1.00
2017.05.25 10:13:14.536,1.50172,1.50187,1.00,1.07
2017.05.25 10:13:15.085,1.50172,1.50187,1.00,1.10
2017.05.25 10:13:15.340,1.5017,1.50187,1.50,1.07
2017.05.25 10:13:15.392,1.5017,1.50184,1.50,1.00
2017.05.25 10:13:15.713,1.5017,1.50183,1.00,1.37
2017.05.25 10:13:16.507,1.50169,1.50183,1.20,1.37
2017.05.25 10:13:18.241,1.50168,1.50182,1.00,1.37
2017.05.25 10:13:18.344,1.50168,1.50182,1.10,1.00
2017.05.25 10:13:18.395,1.5017,1.50185,1.00,1.37
2017.05.25 10:13:18.446,1.50168,1.50185,1.00,1.47
2017.05.25 10:13:18.983,1.50167,1.50185,1.12,1.57
2017.05.25 10:13:19.086,1.50165,1.50182,2.32,1.37
2017.05.25 10:13:19.138,1.50165,1.50181,1.50,1.37
2017.05.25 10:13:19.664,1.50166,1.50179,1.00,1.00
2017.05.25 10:13:20.442,1.50168,1.50179,1.00,1.00
2017.05.25 10:13:20.595,1.50168,1.50183,1.00,1.12
2017.05.25 10:13:21.105,1.50169,1.50183,1.00,1.12
2017.05.25 10:13:21.873,1.50168,1.50183,1.00,1.00
2017.05.25 10:13:24.801,1.50168,1.50181,2.25,1.00
2017.05.25 10:13:26.317,1.50168,1.5018,1.50,1.00
2017.05.25 10:13:30.741,1.50169,1.5018,1.00,1.00
2017.05.25 10:13:30.946,1.50174,1.50186,1.00,1.00
2017.05.25 10:13:31.294,1.50172,1.50186,1.00,1.00
2017.05.25 10:13:31.551,1.50171,1.50183,1.00,1.00
2017.05.25 10:13:34.454,1.50173,1.50183,1.50,1.00
2017.05.25 10:13:34.652,1.50174,1.50189,1.50,1.10
2017.05.25 10:13:34.756,1.50174,1.50187,1.50,1.00
2017.05.25 10:13:35.229,1.50176,1.50188,1.00,1.00
2017.05.25 10:13:35.771,1.50176,1.50189,1.00,1.00
2017.05.25 10:13:36.309,1.50175,1.50189,1.00,1.00
2017.05.25 10:13:36.911,1.50175,1.50188,1.00,1.00
2017.05.25 10:13:39.268,1.50174,1.50188,1.00,1.00
2017.05.25 10:13:40.230,1.50173,1.50187,1.00,1.00
2017.05.25 10:13:41.196,1.50174,1.50187,1.00,1.00
2017.05.25 10:13:43.470,1.50176,1.50187,1.00,1.00
2017.05.25 10:13:43.628,1.50179,1.50192,1.00,1.00
2017.05.25 10:13:45.090,1.5018,1.50192,1.00,1.10
2017.05.25 10:13:45.633,1.50179,1.50192,1.00,1.00
2017.05.25 10:13:46.474,1.50179,1.5019,1.00,1.00
2017.05.25 10:13:46.951,1.50181,1.5019,1.00,1.00
2017.05.25 10:13:47.003,1.50179,1.5019,1.00,1.00
2017.05.25 10:13:47.054,1.50179,1.50192,1.00,1.00
2017.05.25 10:13:47.597,1.50176,1.50192,1.00,1.10
2017.05.25 10:13:47.852,1.50176,1.5019,1.00,1.00
2017.05.25 10:13:48.583,1.50177,1.5019,1.00,1.00
2017.05.25 10:13:51.236,1.50174,1.50188,1.37,1.00
2017.05.25 10:13:51.770,1.50174,1.50188,1.00,1.00
2017.05.25 10:13:52.645,1.50176,1.50188,1.00,1.00
2017.05.25 10:13:58.061,1.50175,1.50188,1.00,1.07
2017.05.25 10:13:58.113,1.50172,1.50188,1.00,1.45
2017.05.25 10:13:58.215,1.50174,1.50187,1.00,1.07
2017.05.25 10:13:58.686,1.50172,1.50187,1.00,1.07
2017.05.25 10:13:59.254,1.50172,1.50185,1.00,1.10
2017.05.25 10:13:59.771,1.50173,1.50185,1.00,1.10
2017.05.25 10:14:00.298,1.50171,1.50187,1.37,1.07
2017.05.25 10:14:02.318,1.50171,1.50187,1.37,1.07
2017.05.25 10:14:03.027,1.50172,1.50187,1.37,1.07
2017.05.25 10:14:03.455,1.50176,1.50184,1.00,1.00
2017.05.25 10:14:03.581,1.50176,1.50186,1.00,1.00
2017.05.25 10:14:03.735,1.50174,1.50186,1.00,1.00
2017.05.25 10:14:03.787,1.50174,1.50188,1.00,1.00
2017.05.25 10:14:04.094,1.50176,1.50188,1.00,1.00
2017.05.25 10:14:06.093,1.50178,1.50188,1.00,1.00
2017.05.25 10:14:06.145,1.50173,1.50187,1.37,1.00
2017.05.25 10:14:06.248,1.50168,1.50183,2.25,1.10
2017.05.25 10:14:06.299,1.50166,1.50183,1.50,1.10
2017.05.25 10:14:06.554,1.50165,1.50181,1.00,1.10
2017.05.25 10:14:07.101,1.50164,1.50181,1.00,1.07
2017.05.25 10:14:07.610,1.50163,1.50179,1.00,1.00
2017.05.25 10:14:08.125,1.50162,1.50179,1.12,1.07
2017.05.25 10:14:08.684,1.50163,1.50179,1.00,1.07
2017.05.25 10:14:09.780,1.50165,1.50179,1.00,1.07
2017.05.25 10:14:12.858,1.50165,1.50179,1.00,1.10
2017.05.25 10:14:13.063,1.50163,1.50179,1.00,1.00
2017.05.25 10:14:13.268,1.50165,1.50179,1.35,1.00
2017.05.25 10:14:13.846,1.50165,1.5018,1.00,1.00
2017.05.25 10:14:14.484,1.50165,1.50185,1.35,3.45
2017.05.25 10:14:14.805,1.50167,1.50183,1.00,1.20
2017.05.25 10:14:15.329,1.50168,1.50184,1.00,1.45
2017.05.25 10:14:15.737,1.50168,1.50184,1.00,1.10
2017.05.25 10:14:15.968,1.5017,1.50186,1.00,1.57
2017.05.25 10:14:16.522,1.5017,1.50184,1.00,1.45
2017.05.25 10:14:16.727,1.50167,1.50184,2.25,1.45
2017.05.25 10:14:18.031,1.50169,1.50182,1.00,1.10
2017.05.25 10:14:20.484,1.5017,1.50182,1.00,1.00
2017.05.25 10:14:20.587,1.50168,1.50182,1.87,1.00
2017.05.25 10:14:21.132,1.50168,1.50181,1.00,1.00
2017.05.25 10:14:21.184,1.50168,1.50183,1.00,1.50
2017.05.25 10:14:21.236,1.50168,1.50183,1.50,1.50
2017.05.25 10:14:21.340,1.50171,1.50182,1.00,1.00
2017.05.25 10:14:21.391,1.50169,1.50182,1.00,1.00
2017.05.25 10:14:21.443,1.50171,1.50182,1.97,1.00
2017.05.25 10:14:21.597,1.50172,1.50188,3.30,1.00
2017.05.25 10:14:21.738,1.50173,1.5019,2.62,1.00
2017.05.25 10:14:21.995,1.50173,1.50185,1.37,1.37
2017.05.25 10:14:22.100,1.50168,1.50184,1.00,1.50
2017.05.25 10:14:22.152,1.50166,1.50184,1.12,1.57
2017.05.25 10:14:22.664,1.50166,1.5018,1.00,1.00
2017.05.25 10:14:23.192,1.50165,1.5018,1.00,1.95
2017.05.25 10:14:23.295,1.50163,1.50179,1.50,1.95
2017.05.25 10:14:24.460,1.50162,1.50177,1.50,1.50
2017.05.25 10:14:27.027,1.50161,1.50176,1.12,1.10
2017.05.25 10:14:27.545,1.50161,1.50175,2.25,1.00
2017.05.25 10:14:27.800,1.50161,1.50177,1.00,1.10
2017.05.25 10:14:28.329,1.50162,1.50177,1.00,1.10
2017.05.25 10:14:28.381,1.50164,1.50179,1.42,1.00
2017.05.25 10:14:28.684,1.50174,1.50189,1.12,1.00
2017.05.25 10:14:28.993,1.50177,1.5019,1.00,1.12
2017.05.25 10:14:29.147,1.50177,1.50192,1.00,1.20
2017.05.25 10:14:29.758,1.50176,1.50191,1.00,1.00
2017.05.25 10:14:31.753,1.50176,1.5019,1.12,1.00
2017.05.25 10:14:33.689,1.50175,1.50187,1.37,1.00
2017.05.25 10:14:33.792,1.50172,1.50185,1.12,1.00
2017.05.25 10:14:33.895,1.5017,1.50183,1.50,1.00
2017.05.25 10:14:33.946,1.50169,1.50183,1.00,1.00
2017.05.25 10:14:35.042,1.50169,1.50184,1.00,1.12
2017.05.25 10:14:36.646,1.5017,1.50184,1.00,1.12
2017.05.25 10:14:37.051,1.50172,1.50185,1.00,1.00
2017.05.25 10:14:37.380,1.50174,1.50186,1.00,1.25
2017.05.25 10:14:39.931,1.50173,1.50186,1.12,1.25
2017.05.25 10:14:40.668,1.50171,1.50186,1.00,1.25
2017.05.25 10:14:40.720,1.5017,1.50184,1.00,1.00
2017.05.25 10:14:41.231,1.50169,1.50184,1.00,1.12
2017.05.25 10:14:41.734,1.50169,1.50183,1.00,1.00
2017.05.25 10:14:42.265,1.50169,1.50184,1.50,1.00
2017.05.25 10:14:42.844,1.50169,1.50185,2.25,1.00
2017.05.25 10:14:43.179,1.50174,1.50188,1.12,1.00
2017.05.25 10:14:43.283,1.50174,1.5019,1.57,1.00
2017.05.25 10:14:43.705,1.50175,1.50192,1.87,1.69
2017.05.25 10:14:44.964,1.50177,1.50192,1.37,1.25
2017.05.25 10:14:45.470,1.50179,1.50192,1.00,1.25
2017.05.25 10:14:46.037,1.50178,1.50192,1.12,1.25
2017.05.25 10:14:47.846,1.50177,1.50192,1.00,1.39
2017.05.25 10:14:48.154,1.50174,1.5019,1.00,2.70
2017.05.25 10:14:48.359,1.50172,1.50189,1.00,1.57
2017.05.25 10:14:48.513,1.50172,1.50188,1.00,1.47
2017.05.25 10:14:48.820,1.50171,1.50187,1.12,1.37
2017.05.25 10:14:48.923,1.50171,1.50187,1.12,1.37
2017.05.25 10:14:49.513,1.5017,1.50187,1.87,1.00
2017.05.25 10:14:49.973,1.5017,1.50188,2.70,1.12
2017.05.25 10:14:50.127,1.50168,1.50185,1.00,2.14
2017.05.25 10:14:50.345,1.50166,1.50181,1.00,1.25
2017.05.25 10:14:54.073,1.50165,1.50181,2.62,1.25
2017.05.25 10:14:54.871,1.50165,1.50183,1.87,2.06
2017.05.25 10:14:56.476,1.50164,1.50181,1.00,2.81
2017.05.25 10:14:56.784,1.5016,1.50175,1.25,1.00
2017.05.25 10:14:57.040,1.50159,1.50175,1.00,1.00
2017.05.25 10:14:57.561,1.50158,1.50175,1.20,1.37
2017.05.25 10:14:57.827,1.50158,1.50175,1.50,1.75
2017.05.25 10:14:58.033,1.50153,1.5017,1.00,1.37
2017.05.25 10:14:58.136,1.50152,1.50167,1.12,1.37
2017.05.25 10:14:58.445,1.50143,1.50158,1.37,1.45
2017.05.25 10:14:58.753,1.50147,1.50158,1.00,1.20
2017.05.25 10:14:58.805,1.50145,1.50158,1.00,1.20
2017.05.25 10:14:59.340,1.50146,1.50159,1.00,1.07
2017.05.25 10:14:59.713,1.50144,1.50159,1.50,1.07
2017.05.25 10:14:59.965,1.50146,1.50159,1.00,1.07
2017.05.25 10:15:00.514,1.50146,1.50159,1.00,1.07
2017.05.25 10:15:01.052,1.50146,1.50159,1.00,1.07
2017.05.25 10:15:01.304,1.50147,1.50159,1.00,1.00
2017.05.25 10:15:01.355,1.50145,1.50161,1.00,1.20
2017.05.25 10:15:01.458,1.50148,1.50161,1.00,1.20
2017.05.25 10:15:01.816,1.5015,1.50162,1.00,1.00
2017.05.25 10:15:01.868,1.50148,1.50162,1.00,1.00
2017.05.25 10:15:01.971,1.50148,1.50164,1.00,1.20
2017.05.25 10:15:02.151,1.5015,1.50164,1.00,1.12
2017.05.25 10:15:02.360,1.50147,1.50163,1.50,1.00
2017.05.25 10:15:02.858,1.50148,1.50165,1.00,1.57
2017.05.25 10:15:02.960,1.50148,1.50165,1.50,1.07
2017.05.25 10:15:03.062,1.50148,1.50165,1.50,1.10
2017.05.25 10:15:03.468,1.50149,1.50163,1.00,1.00
2017.05.25 10:15:03.657,1.50146,1.50164,1.00,1.07
2017.05.25 10:15:03.759,1.50149,1.50164,1.00,1.10
2017.05.25 10:15:04.337,1.50148,1.50165,1.50,1.10
2017.05.25 10:15:05.459,1.50148,1.50165,1.50,1.07
2017.05.25 10:15:05.775,1.50148,1.50162,1.00,1.00
2017.05.25 10:15:06.637,1.50149,1.50164,1.00,1.00
2017.05.25 10:15:06.790,1.50147,1.50164,1.00,1.00
2017.05.25 10:15:06.842,1.50146,1.50162,1.20,1.00
2017.05.25 10:15:07.194,1.5014,1.50153,2.62,1.00
2017.05.25 10:15:07.708,1.50139,1.50152,1.57,1.00
2017.05.25 10:15:07.760,1.50139,1.50157,1.57,1.75
2017.05.25 10:15:07.812,1.50141,1.50154,1.50,1.00
2017.05.25 10:15:08.454,1.50142,1.50157,1.00,1.50
2017.05.25 10:15:08.973,1.50141,1.50157,1.67,1.50
2017.05.25 10:15:09.719,1.5014,1.50157,1.98,1.20
2017.05.25 10:15:09.855,1.50143,1.50157,1.60,1.20
2017.05.25 10:15:10.185,1.50142,1.50155,1.00,1.10
2017.05.25 10:15:10.697,1.5014,1.50156,4.72,1.00
2017.05.25 10:15:11.207,1.5014,1.50155,2.85,1.00
2017.05.25 10:15:11.258,1.50143,1.50157,1.00,1.20
2017.05.25 10:15:11.768,1.50144,1.50156,1.00,1.25
2017.05.25 10:15:13.150,1.50144,1.50158,1.00,1.20
2017.05.25 10:15:14.164,1.50142,1.50156,1.35,1.00
2017.05.25 10:15:14.681,1.5014,1.50156,2.25,2.89
2017.05.25 10:15:15.213,1.50141,1.50156,1.00,1.12
2017.05.25 10:15:15.521,1.50141,1.50156,1.87,1.12
2017.05.25 10:15:16.060,1.50142,1.50155,1.00,1.25
2017.05.25 10:15:16.826,1.50141,1.50155,1.12,1.25
2017.05.25 10:15:17.421,1.5014,1.50156,2.47,1.07
2017.05.25 10:15:17.525,1.50144,1.50158,1.35,2.44
2017.05.25 10:15:17.680,1.50144,1.5016,3.22,2.44
2017.05.25 10:15:18.086,1.50147,1.5016,1.72,1.25
2017.05.25 10:15:18.499,1.50149,1.50162,1.00,1.25
2017.05.25 10:15:18.857,1.50146,1.5016,1.37,1.25
2017.05.25 10:15:19.063,1.50144,1.5016,1.67,1.01
2017.05.25 10:15:20.804,1.50144,1.5016,2.10,1.69
2017.05.25 10:15:21.349,1.50145,1.5016,1.12,1.69
2017.05.25 10:15:22.040,1.50145,1.5016,1.50,1.69
2017.05.25 10:15:22.621,1.50148,1.5016,1.00,1.25
2017.05.25 10:15:23.018,1.50148,1.50163,2.47,1.57
2017.05.25 10:15:23.069,1.50153,1.50164,1.60,1.25
2017.05.25 10:15:23.174,1.50158,1.50172,1.00,2.25
2017.05.25 10:15:23.226,1.5016,1.50174,1.67,1.75
2017.05.25 10:15:23.330,1.50161,1.50175,1.12,1.00
2017.05.25 10:15:23.483,1.50159,1.50176,2.47,1.00
2017.05.25 10:15:23.995,1.50159,1.50177,3.22,1.39
2017.05.25 10:15:24.235,1.50161,1.50177,3.97,1.25
2017.05.25 10:15:24.593,1.50165,1.50179,2.47,1.19
2017.05.25 10:15:24.645,1.50167,1.5018,1.60,1.25
2017.05.25 10:15:24.697,1.50167,1.50182,2.47,1.00
2017.05.25 10:15:25.207,1.50167,1.50183,1.12,1.69
2017.05.25 10:15:25.429,1.50166,1.50181,1.50,1.19
2017.05.25 10:15:25.943,1.50166,1.50183,2.10,1.10
2017.05.25 10:15:26.047,1.50168,1.50183,1.35,1.00
2017.05.25 10:15:26.150,1.50168,1.50184,1.37,1.10
2017.05.25 10:15:26.458,1.50166,1.50184,2.85,1.10
2017.05.25 10:15:26.663,1.50166,1.50184,1.00,1.10
2017.05.25 10:15:26.765,1.50166,1.50184,1.00,1.07
2017.05.25 10:15:27.510,1.50166,1.50184,1.87,1.10
2017.05.25 10:15:28.046,1.50166,1.50184,2.47,1.07
2017.05.25 10:15:28.328,1.50166,1.50184,1.72,1.07
2017.05.25 10:15:28.966,1.50166,1.50184,2.55,1.00
2017.05.25 10:15:29.273,1.50164,1.50179,1.75,1.00
2017.05.25 10:15:29.324,1.50164,1.50179,1.00,1.00
2017.05.25 10:15:29.427,1.50163,1.50181,2.32,1.00
2017.05.25 10:15:29.530,1.50167,1.50182,1.00,1.00
2017.05.25 10:15:30.087,1.50167,1.50183,1.00,1.25
2017.05.25 10:15:31.327,1.50167,1.50184,2.25,1.00
2017.05.25 10:15:31.632,1.50169,1.50184,1.00,1.00
2017.05.25 10:15:32.063,1.50169,1.50184,1.37,1.00
2017.05.25 10:15:35.200,1.50169,1.50185,2.47,1.25
2017.05.25 10:15:36.211,1.50172,1.50187,1.35,2.51
2017.05.25 10:15:36.467,1.50176,1.50192,1.00,2.51
2017.05.25 10:15:36.736,1.50178,1.50194,1.35,1.76
2017.05.25 10:15:36.890,1.50182,1.50198,1.12,1.32
2017.05.25 10:15:36.993,1.50184,1.50199,3.22,1.69
2017.05.25 10:15:37.044,1.50184,1.50199,1.12,1.00
2017.05.25 10:15:37.096,1.50185,1.50199,1.37,1.26
2017.05.25 10:15:37.301,1.50183,1.50196,1.87,1.00
2017.05.25 10:15:37.404,1.50183,1.50196,1.12,1.10
2017.05.25 10:15:37.456,1.50181,1.50196,1.50,1.10
2017.05.25 10:15:37.992,1.50181,1.50195,1.00,1.10
2017.05.25 10:15:39.183,1.5018,1.50195,1.12,1.10
2017.05.25 10:15:40.204,1.50181,1.50196,1.00,1.07
2017.05.25 10:15:41.055,1.50181,1.50196,1.00,1.07
2017.05.25 10:15:44.221,1.50179,1.50196,1.50,2.89
2017.05.25 10:15:44.620,1.50176,1.50193,3.37,1.07
2017.05.25 10:15:44.724,1.50178,1.50191,1.00,1.32
2017.05.25 10:15:44.826,1.50175,1.50189,1.37,1.07
2017.05.25 10:15:46.507,1.50174,1.50189,1.87,1.10
2017.05.25 10:15:48.109,1.50176,1.50191,1.12,1.01
2017.05.25 10:15:48.799,1.50177,1.50192,1.12,1.01
2017.05.25 10:15:49.248,1.50175,1.50191,1.50,1.07
2017.05.25 10:15:49.302,1.50175,1.50191,1.12,1.07
2017.05.25 10:15:55.613,1.50175,1.50191,1.87,1.10
2017.05.25 10:15:56.160,1.50175,1.5019,1.12,1.00
2017.05.25 10:16:00.970,1.50174,1.50193,3.00,2.14
2017.05.25 10:16:03.054,1.50174,1.50193,1.37,1.76
2017.05.25 10:16:06.500,1.50176,1.50192,1.00,1.32
2017.05.25 10:16:10.504,1.50176,1.50192,1.00,1.32
2017.05.25 10:16:10.830,1.50173,1.50191,2.25,1.57
2017.05.25 10:16:11.087,1.50174,1.50193,1.72,2.51
2017.05.25 10:16:11.306,1.50175,1.50193,1.37,1.76
2017.05.25 10:16:13.335,1.50176,1.50193,2.25,1.76
2017.05.25 10:16:16.358,1.50176,1.50193,1.00,1.76
2017.05.25 10:16:18.669,1.50176,1.50193,1.00,1.76
2017.05.25 10:16:19.518,1.50177,1.50194,1.00,1.37
2017.05.25 10:16:23.659,1.50176,1.50195,2.25,1.37
2017.05.25 10:16:24.236,1.50176,1.50195,2.25,2.32
2017.05.25 10:16:24.613,1.50176,1.50191,1.50,1.07
2017.05.25 10:16:24.770,1.50171,1.50189,2.25,1.70
2017.05.25 10:16:25.506,1.5017,1.50189,1.00,2.14
2017.05.25 10:16:26.454,1.50169,1.50189,1.00,2.14
2017.05.25 10:16:27.805,1.50169,1.50189,1.50,1.70
2017.05.25 10:16:31.406,1.5017,1.50188,1.50,1.66
2017.05.25 10:16:32.691,1.50169,1.50188,2.25,2.06
2017.05.25 10:16:32.742,1.50169,1.50186,1.87,1.69
2017.05.25 10:16:32.953,1.50164,1.50184,2.62,1.76
2017.05.25 10:16:33.463,1.50165,1.50183,1.00,1.64
2017.05.25 10:16:33.999,1.50165,1.50183,1.00,1.64
2017.05.25 10:16:34.227,1.50167,1.50183,1.00,1.07
2017.05.25 10:16:34.637,1.50164,1.50183,2.25,1.64
2017.05.25 10:16:34.893,1.50165,1.50183,1.12,2.89
2017.05.25 10:16:35.048,1.50165,1.50183,1.12,2.89
2017.05.25 10:16:35.571,1.50166,1.50183,1.00,2.14
2017.05.25 10:16:35.776,1.50168,1.50183,1.00,1.20
2017.05.25 10:16:35.828,1.50168,1.50183,1.00,1.07
2017.05.25 10:16:37.657,1.50166,1.50184,1.50,1.32
2017.05.25 10:16:38.544,1.50166,1.50184,1.50,2.14
2017.05.25 10:16:38.749,1.50166,1.50184,1.50,1.32
2017.05.25 10:16:39.253,1.50166,1.50183,3.37,1.10
2017.05.25 10:16:39.785,1.50167,1.50182,1.37,1.00
2017.05.25 10:16:40.735,1.50166,1.50183,3.37,1.10
2017.05.25 10:16:40.789,1.50168,1.50181,1.12,1.00
2017.05.25 10:16:41.099,1.50167,1.50183,1.37,1.10
2017.05.25 10:16:41.619,1.50166,1.50182,3.37,1.07
2017.05.25 10:16:42.939,1.50166,1.50184,2.62,2.51
2017.05.25 10:16:43.440,1.50166,1.50184,1.50,2.89
2017.05.25 10:16:44.455,1.50166,1.50182,1.50,1.10
2017.05.25 10:16:44.710,1.50165,1.50183,2.25,1.32
2017.05.25 10:16:45.238,1.50166,1.50184,1.00,2.51
2017.05.25 10:16:45.880,1.50165,1.50184,2.25,2.51
2017.05.25 10:16:46.428,1.50166,1.50184,1.12,2.14
2017.05.25 10:16:48.459,1.50166,1.50184,2.62,2.14
2017.05.25 10:16:49.230,1.50167,1.50183,1.50,1.32
2017.05.25 10:16:49.332,1.50166,1.50183,1.00,1.32
2017.05.25 10:16:49.588,1.50164,1.50181,3.37,1.10
2017.05.25 10:16:50.020,1.50167,1.50182,1.00,1.07
2017.05.25 10:16:50.123,1.50165,1.50181,3.00,1.00
2017.05.25 10:16:50.498,1.50167,1.50182,1.00,1.10
2017.05.25 10:16:50.844,1.50167,1.50183,1.00,2.14
2017.05.25 10:16:51.375,1.50168,1.50183,1.00,1.07
2017.05.25 10:16:51.630,1.50164,1.50183,1.87,2.70
2017.05.25 10:16:51.682,1.50161,1.50179,1.57,1.50
2017.05.25 10:16:52.148,1.50166,1.50178,1.00,1.00
2017.05.25 10:16:52.302,1.50164,1.5018,1.37,1.10
2017.05.25 10:16:52.508,1.50165,1.50182,3.00,1.00
2017.05.25 10:16:52.818,1.50171,1.50187,1.00,1.07
2017.05.25 10:16:52.999,1.50171,1.50189,1.00,1.76
2017.05.25 10:16:53.051,1.50171,1.50189,1.87,1.76
2017.05.25 10:16:53.154,1.50174,1.50189,1.00,1.25
2017.05.25 10:16:53.308,1.50174,1.50191,1.00,1.10
2017.05.25 10:16:53.359,1.50174,1.50191,1.00,1.07
2017.05.25 10:16:53.768,1.50171,1.5019,1.37,1.07
2017.05.25 10:16:54.296,1.50171,1.50186,1.37,1.10
2017.05.25 10:16:54.552,1.50169,1.50186,1.12,1.07
2017.05.25 10:16:54.604,1.50169,1.50182,1.00,1.00
2017.05.25 10:16:54.708,1.50166,1.50181,1.37,1.10
2017.05.25 10:16:55.070,1.50165,1.50181,1.00,1.10
2017.05.25 10:16:55.619,1.50164,1.50182,1.00,1.45
2017.05.25 10:16:56.131,1.50165,1.50179,1.87,1.00
2017.05.25 10:16:56.183,1.50166,1.50181,1.00,1.12
2017.05.25 10:16:56.724,1.50166,1.50181,1.00,1.20
2017.05.25 10:16:57.268,1.50165,1.50181,1.12,1.20
2017.05.25 10:16:59.026,1.50165,1.50182,1.00,2.14
2017.05.25 10:16:59.216,1.50164,1.50181,1.00,2.14
2017.05.25 10:16:59.735,1.50162,1.50181,3.37,2.14
2017.05.25 10:16:59.838,1.50164,1.50181,1.87,1.26
2017.05.25 10:17:00.249,1.50163,1.50178,1.00,1.10
2017.05.25 10:17:03.127,1.50163,1.50177,1.00,1.00
2017.05.25 10:17:03.736,1.50161,1.50178,1.37,1.10
2017.05.25 10:17:04.676,1.50162,1.50179,1.12,1.20
2017.05.25 10:17:05.020,1.50164,1.50181,1.00,1.64
2017.05.25 10:17:05.653,1.50163,1.50181,1.00,1.64
2017.05.25 10:17:07.473,1.50165,1.50182,1.00,2.89
2017.05.25 10:17:07.651,1.50168,1.50184,1.00,1.00
2017.05.25 10:17:07.704,1.50171,1.50187,1.50,1.37
2017.05.25 10:17:07.962,1.50175,1.50191,2.25,1.00
2017.05.25 10:17:08.066,1.50175,1.50193,2.25,1.00
2017.05.25 10:17:08.168,1.50177,1.50193,1.00,1.00
2017.05.25 10:17:08.476,1.50168,1.50181,1.37,1.00
2017.05.25 10:17:08.528,1.50169,1.50181,1.00,1.00
2017.05.25 10:17:08.735,1.50168,1.50181,1.75,1.00
2017.05.25 10:17:08.788,1.50168,1.50184,1.75,1.57
2017.05.25 10:17:08.947,1.50165,1.50181,3.00,1.37
2017.05.25 10:17:09.255,1.50165,1.50181,1.87,1.00
2017.05.25 10:17:09.562,1.50165,1.50179,1.87,1.00
2017.05.25 10:17:09.666,1.50165,1.50179,2.62,1.00
2017.05.25 10:17:10.625,1.50165,1.5018,1.87,1.00
2017.05.25 10:17:10.728,1.50164,1.5018,1.50,1.37
2017.05.25 10:17:11.240,1.50165,1.5018,1.00,1.37
2017.05.25 10:17:11.491,1.50165,1.5018,1.00,1.12
2017.05.25 10:17:14.200,1.50164,1.5018,1.00,1.12
2017.05.25 10:17:14.252,1.50163,1.50177,1.50,1.45
2017.05.25 10:17:14.407,1.50161,1.50176,1.50,1.00
2017.05.25 10:17:14.561,1.50161,1.50176,1.00,1.37
2017.05.25 10:17:15.235,1.5016,1.50176,1.00,1.85
2017.05.25 10:17:15.545,1.50154,1.50169,1.37,1.00
2017.05.25 10:17:15.648,1.50153,1.50172,1.87,1.57
2017.05.25 10:17:16.630,1.50153,1.5017,1.87,1.10
2017.05.25 10:17:16.786,1.50153,1.50166,1.00,1.00
2017.05.25 10:17:16.839,1.50151,1.50168,1.57,1.50
2017.05.25 10:17:16.993,1.50154,1.50169,1.07,1.00
2017.05.25 10:17:17.045,1.50154,1.50171,1.07,1.25
2017.05.25 10:17:18.598,1.50154,1.50167,2.62,1.00
2017.05.25 10:17:18.751,1.50152,1.50167,1.00,1.07
2017.05.25 10:17:18.803,1.50151,1.50168,1.50,1.10
2017.05.25 10:17:18.854,1.50151,1.50166,1.00,1.00
2017.05.25 10:17:19.366,1.5015,1.50165,1.50,1.00
2017.05.25 10:17:19.971,1.50151,1.50165,1.00,1.00
2017.05.25 10:17:20.860,1.50149,1.50163,1.37,1.00
2017.05.25 10:17:20.913,1.50148,1.50162,1.50,1.00
2017.05.25 10:17:21.169,1.50145,1.5016,1.47,1.00
2017.05.25 10:17:21.681,1.50146,1.50161,1.37,1.00
2017.05.25 10:17:21.989,1.50146,1.50161,1.37,1.00
2017.05.25 10:17:22.500,1.50145,1.50162,2.25,1.00
2017.05.25 10:17:23.424,1.50145,1.50162,3.07,1.00
2017.05.25 10:17:23.476,1.50147,1.50164,1.37,1.50
2017.05.25 10:17:23.784,1.50148,1.50166,2.32,1.00
2017.05.25 10:17:24.658,1.50149,1.50166,2.25,1.00
2017.05.25 10:17:24.949,1.50148,1.50164,1.12,1.00
2017.05.25 10:17:25.154,1.50148,1.50164,1.00,1.00
2017.05.25 10:17:25.256,1.50148,1.50162,1.00,1.00
2017.05.25 10:17:25.410,1.50146,1.50162,1.95,1.00
2017.05.25 10:17:25.927,1.50146,1.50161,1.87,1.00
2017.05.25 10:17:26.030,1.50144,1.50159,1.00,1.37
2017.05.25 10:17:26.540,1.50145,1.5016,1.10,1.37
2017.05.25 10:17:27.059,1.50144,1.50161,2.25,1.37
2017.05.25 10:17:28.605,1.50145,1.50162,1.00,1.50
2017.05.25 10:17:28.708,1.50145,1.50162,1.00,1.37
2017.05.25 10:17:28.815,1.50146,1.50159,1.00,1.37
2017.05.25 10:17:29.028,1.50141,1.50156,1.00,1.37
2017.05.25 10:17:29.232,1.5014,1.50156,2.25,1.00
2017.05.25 10:17:29.334,1.50141,1.50158,1.95,1.00
2017.05.25 10:17:29.879,1.50141,1.50157,3.00,1.10
2017.05.25 10:17:30.136,1.50141,1.50157,3.00,1.00
2017.05.25 10:17:30.412,1.5014,1.50156,1.87,1.37
2017.05.25 10:17:30.959,1.50139,1.50156,1.87,1.37
2017.05.25 10:17:33.230,1.50143,1.50158,1.87,1.00
2017.05.25 10:17:33.282,1.50142,1.5016,1.20,1.50
2017.05.25 10:17:33.334,1.50142,1.50158,1.00,1.00
2017.05.25 10:17:33.385,1.50144,1.50158,1.00,1.00
2017.05.25 10:17:33.693,1.50141,1.50155,1.00,1.00
2017.05.25 10:17:34.248,1.5014,1.50155,1.12,1.00
2017.05.25 10:17:34.556,1.5014,1.50157,1.00,1.50
2017.05.25 10:17:35.316,1.50141,1.50157,1.00,1.50
2017.05.25 10:17:36.346,1.50141,1.50155,1.00,1.37
2017.05.25 10:17:36.870,1.5014,1.50155,1.12,1.37
2017.05.25 10:17:38.481,1.50139,1.50155,3.37,1.37
2017.05.25 10:17:39.021,1.50141,1.50155,1.00,1.47
2017.05.25 10:17:39.547,1.50139,1.50154,2.25,1.37
2017.05.25 10:17:40.013,1.50139,1.50151,1.37,1.00
2017.05.25 10:17:40.218,1.50136,1.50149,1.00,1.00
2017.05.25 10:17:40.270,1.50133,1.50147,1.50,1.00
2017.05.25 10:17:40.373,1.50133,1.50148,1.87,1.00
2017.05.25 10:17:41.113,1.50133,1.50148,2.62,1.13
2017.05.25 10:17:41.409,1.50123,1.50136,1.12,1.00
2017.05.25 10:17:41.920,1.50124,1.50136,1.00,1.07
2017.05.25 10:17:42.329,1.50124,1.50133,1.00,1.00
2017.05.25 10:17:42.534,1.50122,1.50133,1.00,1.00
2017.05.25 10:17:42.792,1.50119,1.5013,1.00,1.07
2017.05.25 10:17:42.844,1.50116,1.5013,1.00,1.10
2017.05.25 10:17:42.997,1.50114,1.50131,2.25,1.07
2017.05.25 10:17:43.509,1.50114,1.50131,1.50,1.07
2017.05.25 10:17:43.798,1.50114,1.50131,1.50,1.10
2017.05.25 10:17:43.901,1.50117,1.50131,1.75,1.00
2017.05.25 10:17:44.045,1.50117,1.50133,1.75,1.10
2017.05.25 10:17:44.149,1.50117,1.50135,1.75,1.20
2017.05.25 10:17:44.627,1.50118,1.50134,1.50,1.10
2017.05.25 10:17:44.882,1.50119,1.50134,1.37,1.07
2017.05.25 10:17:45.456,1.50119,1.50134,1.12,1.07
2017.05.25 10:17:46.583,1.50118,1.50134,1.50,1.07
2017.05.25 10:17:47.557,1.50118,1.50135,1.50,1.95
2017.05.25 10:17:47.659,1.50119,1.50135,1.37,1.50
2017.05.25 10:17:50.308,1.50121,1.50137,1.12,1.95
2017.05.25 10:17:50.411,1.50122,1.50138,1.00,1.10
2017.05.25 10:17:50.956,1.5012,1.50137,1.87,1.57
2017.05.25 10:17:51.356,1.50121,1.50134,1.00,1.00
2017.05.25 10:17:51.561,1.50117,1.50132,1.87,1.10
2017.05.25 10:17:53.148,1.50117,1.50132,1.00,1.95
2017.05.25 10:17:58.319,1.50117,1.50132,1.00,1.00
2017.05.25 10:18:03.935,1.50122,1.50132,1.12,1.00
2017.05.25 10:18:04.245,1.50129,1.50136,1.00,1.00
2017.05.25 10:18:04.297,1.50129,1.50138,1.00,1.00
2017.05.25 10:18:04.818,1.50129,1.50141,1.00,1.37
2017.05.25 10:18:05.833,1.50129,1.50143,1.00,1.57
2017.05.25 10:18:07.943,1.5013,1.50143,1.00,1.57
2017.05.25 10:18:10.128,1.50128,1.50143,1.00,1.57
2017.05.25 10:18:10.760,1.5013,1.50144,1.00,1.82
2017.05.25 10:18:11.213,1.50128,1.50144,1.00,1.82
2017.05.25 10:18:12.235,1.50127,1.50143,1.00,1.01
2017.05.25 10:18:12.288,1.50124,1.50141,1.50,1.76
2017.05.25 10:18:12.484,1.50125,1.50139,1.00,1.37
2017.05.25 10:18:13.409,1.50124,1.50142,1.12,1.76
2017.05.25 10:18:14.173,1.50124,1.50142,1.12,3.64
2017.05.25 10:18:14.545,1.50124,1.50142,1.12,3.64
2017.05.25 10:18:15.260,1.50124,1.50141,1.12,1.82
2017.05.25 10:18:15.447,1.50124,1.50142,1.12,2.89
2017.05.25 10:18:15.499,1.50126,1.50142,1.12,1.45
2017.05.25 10:18:15.755,1.50129,1.50148,1.37,1.64
2017.05.25 10:18:15.806,1.50133,1.50149,1.37,1.45
2017.05.25 10:18:15.858,1.50135,1.50149,1.00,1.00
2017.05.25 10:18:16.402,1.50134,1.50151,1.37,1.37
2017.05.25 10:18:19.431,1.50134,1.50151,1.87,1.64
2017.05.25 10:18:19.536,1.50136,1.5015,1.00,1.00
2017.05.25 10:18:19.638,1.50136,1.50153,1.12,1.57
2017.05.25 10:18:19.894,1.50137,1.50153,1.37,1.10
2017.05.25 10:18:20.201,1.50136,1.50154,1.50,1.07
2017.05.25 10:18:20.253,1.50137,1.50153,1.00,1.07
2017.05.25 10:18:20.708,1.50137,1.50152,1.37,1.00
2017.05.25 10:18:20.863,1.50141,1.50155,1.00,1.00
2017.05.25 10:18:21.324,1.5014,1.50156,1.50,1.00
2017.05.25 10:18:22.282,1.5014,1.50156,1.50,2.32
2017.05.25 10:18:22.483,1.5014,1.50156,1.37,2.32
2017.05.25 10:18:24.761,1.5014,1.50156,1.00,1.57
2017.05.25 10:18:24.865,1.50137,1.50154,1.00,1.20
2017.05.25 10:18:25.418,1.50136,1.50152,1.00,1.07
2017.05.25 10:18:25.929,1.50136,1.50152,1.00,1.07
2017.05.25 10:18:25.981,1.50134,1.50152,1.12,1.76
2017.05.25 10:18:26.033,1.50133,1.50151,1.37,1.45
2017.05.25 10:18:26.339,1.50136,1.50147,1.00,1.37
2017.05.25 10:18:26.550,1.50134,1.50148,1.12,1.47
2017.05.25 10:18:27.082,1.50133,1.50149,1.00,1.57
2017.05.25 10:18:27.133,1.50136,1.50149,1.00,1.57
2017.05.25 10:18:27.398,1.50134,1.50149,1.00,1.57
2017.05.25 10:18:27.896,1.50132,1.50149,1.50,1.57
2017.05.25 10:18:29.279,1.50133,1.50149,1.37,1.57
2017.05.25 10:18:29.382,1.50133,1.50149,1.37,1.20
2017.05.25 10:18:29.981,1.50134,1.50149,1.37,1.20
2017.05.25 10:18:30.033,1.50133,1.50149,1.12,1.20
2017.05.25 10:18:30.085,1.50133,1.50149,1.00,1.57
2017.05.25 10:18:30.636,1.50132,1.50148,1.00,1.07
2017.05.25 10:18:30.688,1.50134,1.50148,1.00,1.45
2017.05.25 10:18:30.995,1.50138,1.50153,1.00,1.07
2017.05.25 10:18:31.492,1.50136,1.50154,2.62,1.45
2017.05.25 10:18:32.077,1.50136,1.50154,2.62,1.45
2017.05.25 10:18:34.455,1.50138,1.50155,1.00,2.32
2017.05.25 10:18:34.507,1.50139,1.50155,1.37,2.32
2017.05.25 10:18:35.061,1.50139,1.50156,2.62,2.70
2017.05.25 10:18:36.532,1.5014,1.50154,1.50,1.32
2017.05.25 10:18:36.636,1.50141,1.50156,1.37,1.20
2017.05.25 10:18:36.688,1.50141,1.50156,1.37,1.57
2017.05.25 10:18:36.878,1.50142,1.50157,1.50,1.57
2017.05.25 10:18:36.931,1.50143,1.50159,1.37,2.89
2017.05.25 10:18:37.034,1.50143,1.50159,1.37,2.51
2017.05.25 10:18:37.330,1.50143,1.50159,1.37,2.32
2017.05.25 10:18:37.709,1.50144,1.50159,1.37,1.07
2017.05.25 10:18:37.811,1.50146,1.50159,1.00,1.10
2017.05.25 10:18:38.579,1.50147,1.50161,1.00,1.45
2017.05.25 10:18:39.118,1.50148,1.50162,1.00,1.01
2017.05.25 10:18:39.649,1.50149,1.50162,1.50,1.01
2017.05.25 10:18:41.768,1.50149,1.50163,1.50,1.47
2017.05.25 10:18:41.921,1.5015,1.50163,1.00,1.00
2017.05.25 10:18:42.347,1.50153,1.50166,1.00,1.45
2017.05.25 10:18:42.637,1.50151,1.50165,1.50,1.45
2017.05.25 10:18:42.895,1.50151,1.50165,1.00,2.70
2017.05.25 10:18:43.135,1.50149,1.50164,1.50,1.95
2017.05.25 10:18:43.595,1.50149,1.50159,1.00,1.07
2017.05.25 10:18:44.145,1.50148,1.50159,1.00,1.07
2017.05.25 10:18:44.472,1.50145,1.50156,1.00,2.32
2017.05.25 10:18:44.677,1.50143,1.50156,1.00,2.51
2017.05.25 10:18:44.934,1.50141,1.50156,1.00,2.51
2017.05.25 10:18:45.451,1.50141,1.50155,1.00,1.07
2017.05.25 10:18:45.995,1.50141,1.50156,1.00,2.51
2017.05.25 10:18:46.502,1.50141,1.50156,1.50,2.51
2017.05.25 10:18:48.671,1.50141,1.50156,1.50,3.11
2017.05.25 10:18:49.198,1.5014,1.50154,1.00,1.57
2017.05.25 10:18:50.331,1.5014,1.50154,1.00,1.82
2017.05.25 10:18:50.484,1.50138,1.50152,1.00,1.70
2017.05.25 10:18:50.587,1.50134,1.50147,1.00,1.80
2017.05.25 10:18:50.689,1.50132,1.50147,1.00,1.57
2017.05.25 10:18:50.741,1.50132,1.50147,1.87,1.57
2017.05.25 10:18:50.843,1.50133,1.50147,1.37,1.20
2017.05.25 10:18:51.175,1.50135,1.50153,1.12,2.74
2017.05.25 10:18:51.687,1.50136,1.50153,1.00,1.39
2017.05.25 10:18:52.886,1.50137,1.50153,1.00,1.39
2017.05.25 10:18:52.998,1.5014,1.50154,1.00,1.39
2017.05.25 10:18:53.050,1.50139,1.50155,1.00,1.20
2017.05.25 10:18:53.101,1.50141,1.50155,1.00,1.20
2017.05.25 10:18:53.408,1.50143,1.50158,1.00,2.14
2017.05.25 10:18:54.068,1.50143,1.50158,1.12,1.39
2017.05.25 10:18:54.392,1.50141,1.50154,1.00,1.45
2017.05.25 10:18:55.078,1.5014,1.50154,1.00,1.47
2017.05.25 10:18:55.384,1.50142,1.50156,1.00,1.57
2017.05.25 10:18:55.779,1.50139,1.50152,1.50,1.37
2017.05.25 10:18:55.831,1.50139,1.50153,1.00,1.47
2017.05.25 10:18:56.342,1.5014,1.50152,1.00,1.20
2017.05.25 10:18:56.893,1.50139,1.50152,1.00,1.20
2017.05.25 10:18:58.134,1.50139,1.50152,1.00,1.45
2017.05.25 10:18:58.655,1.5014,1.50153,1.50,2.32
2017.05.25 10:18:59.096,1.50139,1.50153,1.00,1.20
2017.05.25 10:19:00.362,1.5014,1.50151,1.00,1.10
2017.05.25 10:19:01.392,1.50139,1.50151,1.00,1.10
2017.05.25 10:19:01.901,1.5014,1.50153,1.00,1.45
2017.05.25 10:19:02.319,1.50138,1.50149,1.00,1.12
2017.05.25 10:19:02.423,1.50137,1.50147,1.00,1.00
2017.05.25 10:19:02.474,1.50135,1.50147,1.00,1.00
2017.05.25 10:19:02.526,1.50135,1.50149,1.00,1.12
2017.05.25 10:19:03.411,1.50135,1.50149,1.00,1.37
2017.05.25 10:19:03.922,1.50136,1.5015,1.00,1.37
2017.05.25 10:19:04.464,1.50135,1.5015,1.00,1.37
2017.05.25 10:19:04.898,1.50136,1.50152,1.12,1.87
2017.05.25 10:19:04.950,1.50138,1.50152,1.00,1.37
2017.05.25 10:19:05.675,1.50139,1.50155,1.00,1.50
2017.05.25 10:19:06.539,1.50141,1.50155,1.00,1.57
2017.05.25 10:19:07.047,1.50142,1.50155,1.00,1.57
2017.05.25 10:19:09.325,1.50142,1.50155,1.00,1.47
2017.05.25 10:19:09.864,1.50143,1.50154,1.00,1.37
2017.05.25 10:19:10.135,1.50143,1.50154,1.12,1.00
2017.05.25 10:19:10.189,1.50144,1.50159,1.87,1.00
2017.05.25 10:19:10.241,1.50145,1.5016,1.00,1.00
2017.05.25 10:19:10.345,1.50142,1.50158,2.32,1.37
2017.05.25 10:19:10.859,1.50144,1.50158,1.07,1.00
2017.05.25 10:19:11.161,1.50147,1.50161,1.12,2.10
2017.05.25 10:19:11.264,1.50151,1.50164,1.00,1.00
2017.05.25 10:19:11.316,1.50151,1.50166,1.00,1.72
2017.05.25 10:19:12.347,1.50149,1.50164,1.50,3.49
2017.05.25 10:19:12.658,1.50147,1.50164,1.00,1.45
2017.05.25 10:19:12.811,1.50149,1.50161,1.00,1.12
2017.05.25 10:19:13.196,1.50148,1.50161,1.00,1.37
2017.05.25 10:19:13.733,1.50149,1.50163,1.50,2.10
2017.05.25 10:19:14.267,1.5015,1.50163,1.00,1.50
2017.05.25 10:19:15.010,1.5015,1.50163,1.00,2.25
2017.05.25 10:19:16.766,1.50149,1.50163,1.00,1.57
2017.05.25 10:19:17.347,1.50146,1.50159,1.50,2.51
2017.05.25 10:19:17.500,1.50144,1.50159,1.50,4.01
2017.05.25 10:19:20.772,1.50144,1.50154,1.00,1.37
2017.05.25 10:19:20.824,1.50142,1.50154,1.00,1.37
2017.05.25 10:19:20.928,1.50141,1.50154,1.00,1.37
2017.05.25 10:19:21.236,1.50138,1.50153,1.00,1.01
2017.05.25 10:19:21.339,1.5014,1.50154,1.00,1.47
2017.05.25 10:19:21.880,1.50141,1.50153,1.00,1.37
2017.05.25 10:19:22.523,1.50142,1.50156,1.00,2.51
2017.05.25 10:19:23.072,1.50141,1.50157,1.00,1.75
2017.05.25 10:19:23.691,1.50139,1.50154,1.00,1.37
2017.05.25 10:19:24.042,1.50136,1.50152,3.07,1.00
2017.05.25 10:19:24.388,1.50137,1.50152,1.12,1.37
2017.05.25 10:19:24.926,1.50136,1.50152,1.87,1.37
2017.05.25 10:19:27.090,1.50135,1.5015,1.50,1.37
2017.05.25 10:19:27.345,1.50132,1.50147,2.62,1.37
2017.05.25 10:19:30.846,1.50133,1.50147,1.12,1.00
2017.05.25 10:19:31.673,1.50133,1.50148,1.87,1.50
2017.05.25 10:19:33.980,1.50133,1.50147,1.50,1.37
2017.05.25 10:19:35.516,1.50134,1.50149,2.62,1.12
2017.05.25 10:19:36.067,1.50136,1.5015,1.00,1.37
2017.05.25 10:19:36.285,1.50132,1.50149,3.07,1.37
2017.05.25 10:19:38.860,1.50132,1.50149,1.12,1.87
2017.05.25 10:19:38.912,1.50132,1.50149,1.87,1.12
2017.05.25 10:19:39.065,1.50134,1.50149,1.57,1.12
2017.05.25 10:19:39.372,1.50134,1.50149,1.00,1.87
2017.05.25 10:19:39.624,1.50131,1.50147,1.87,1.37
2017.05.25 10:19:39.982,1.50131,1.50147,1.37,1.37
2017.05.25 10:19:40.420,1.50131,1.50146,1.12,1.87
2017.05.25 10:19:44.801,1.50129,1.50145,2.70,1.37
2017.05.25 10:19:45.805,1.50129,1.50142,1.50,1.50
2017.05.25 10:19:45.859,1.50128,1.50142,1.47,1.37
2017.05.25 10:19:46.021,1.50126,1.50142,2.25,1.37
2017.05.25 10:19:46.890,1.50126,1.50142,1.50,1.37
2017.05.25 10:19:49.304,1.50126,1.50143,1.37,1.50
2017.05.25 10:19:50.169,1.50126,1.50141,1.87,1.37
2017.05.25 10:19:50.680,1.50126,1.50141,1.47,1.37
2017.05.25 10:19:51.566,1.50126,1.50141,1.47,1.37
2017.05.25 10:19:53.296,1.50126,1.50141,1.45,1.37
2017.05.25 10:19:53.553,1.50141,1.50155,3.00,1.00
2017.05.25 10:19:53.655,1.50143,1.50158,1.75,1.00
2017.05.25 10:19:54.172,1.50143,1.50157,1.75,1.00
2017.05.25 10:19:54.481,1.50145,1.50158,1.12,1.00
2017.05.25 10:19:54.533,1.50144,1.50159,1.37,1.00
2017.05.25 10:19:54.636,1.50143,1.50158,1.12,1.00
2017.05.25 10:19:54.790,1.50144,1.50157,1.50,1.00
2017.05.25 10:19:54.842,1.50144,1.50159,1.50,1.00
2017.05.25 10:19:55.328,1.50144,1.5016,2.25,1.00
2017.05.25 10:19:55.380,1.50144,1.5016,2.25,1.00
2017.05.25 10:19:55.889,1.50144,1.5016,1.57,1.00
2017.05.25 10:19:59.609,1.50145,1.50162,1.50,1.00
2017.05.25 10:19:59.712,1.5015,1.50164,1.12,1.00
2017.05.25 10:20:00.019,1.5015,1.50166,1.95,1.00
2017.05.25 10:20:00.822,1.50151,1.50166,1.75,1.00
2017.05.25 10:20:03.347,1.50154,1.50169,1.12,1.00
2017.05.25 10:20:03.500,1.50155,1.50171,1.87,1.00
2017.05.25 10:20:04.045,1.50158,1.50172,1.00,1.00
2017.05.25 10:20:04.335,1.50158,1.5017,1.00,1.00
2017.05.25 10:20:08.976,1.50154,1.50168,1.37,1.00
2017.05.25 10:20:09.027,1.50153,1.5017,2.32,1.00
2017.05.25 10:20:09.079,1.50153,1.50168,1.87,1.00
2017.05.25 10:20:09.183,1.50153,1.50167,1.12,1.00
2017.05.25 10:20:09.745,1.50153,1.50168,1.00,1.00
2017.05.25 10:20:10.294,1.50152,1.50169,2.25,1.00
2017.05.25 10:20:10.753,1.50152,1.50167,1.37,1.00
2017.05.25 10:20:11.279,1.50152,1.50167,1.00,1.00
2017.05.25 10:20:14.821,1.50153,1.50171,1.12,1.57
2017.05.25 10:20:14.929,1.50157,1.50171,1.00,1.00
2017.05.25 10:20:14.981,1.50157,1.50173,1.00,1.50
2017.05.25 10:20:15.290,1.50156,1.50173,1.12,1.50
2017.05.25 10:20:15.597,1.50161,1.50174,1.00,1.10
2017.05.25 10:20:16.129,1.50161,1.50175,1.00,1.50
2017.05.25 10:20:17.737,1.50161,1.50174,1.00,1.00
2017.05.25 10:20:18.045,1.50164,1.50179,1.12,1.00
2017.05.25 10:20:18.726,1.50164,1.50179,1.12,1.00
2017.05.25 10:20:23.921,1.50164,1.5018,1.12,1.00
2017.05.25 10:20:24.438,1.50165,1.50181,1.12,1.50
2017.05.25 10:20:25.359,1.50164,1.50181,1.75,1.50
2017.05.25 10:20:26.026,1.50164,1.5018,1.75,1.00
2017.05.25 10:20:26.539,1.50164,1.5018,1.85,1.00
2017.05.25 10:20:26.846,1.50166,1.50182,2.47,1.50
2017.05.25 10:20:27.355,1.50168,1.50182,1.67,1.00
2017.05.25 10:20:27.885,1.50167,1.50183,1.75,1.00
2017.05.25 10:20:28.841,1.50168,1.50184,1.12,1.00
2017.05.25 10:20:29.325,1.50169,1.50184,1.50,1.00
2017.05.25 10:20:29.632,1.50168,1.50184,1.57,1.00
2017.05.25 10:20:29.982,1.50177,1.50189,1.37,1.00
2017.05.25 10:20:30.442,1.50175,1.50191,1.75,1.50
2017.05.25 10:20:31.824,1.50177,1.5019,1.37,1.00
2017.05.25 10:20:31.875,1.50177,1.50193,1.37,1.57
2017.05.25 10:20:31.927,1.50177,1.50193,1.37,1.07
2017.05.25 10:20:32.029,1.50178,1.50194,1.75,1.57
2017.05.25 10:20:32.404,1.50179,1.50194,1.00,1.57
2017.05.25 10:20:32.457,1.50179,1.50192,1.00,1.00
2017.05.25 10:20:34.788,1.50178,1.50191,1.37,1.12
2017.05.25 10:20:35.216,1.50175,1.50191,1.57,1.00
2017.05.25 10:20:35.268,1.50175,1.50189,1.20,1.00
2017.05.25 10:20:35.425,1.50171,1.50187,1.75,1.00
2017.05.25 10:20:35.632,1.50174,1.5019,1.12,1.10
2017.05.25 10:20:35.786,1.50174,1.50188,1.12,1.00
2017.05.25 10:20:37.363,1.50174,1.5019,1.12,1.00
2017.05.25 10:20:37.416,1.50174,1.5019,1.47,1.50
2017.05.25 10:20:38.558,1.50174,1.50188,1.07,1.37
2017.05.25 10:20:38.712,1.50175,1.5019,1.45,1.00
2017.05.25 10:20:38.764,1.50175,1.5019,1.20,1.00
2017.05.25 10:20:39.016,1.50175,1.5019,1.82,1.00
2017.05.25 10:20:39.478,1.50175,1.50187,1.57,1.00
2017.05.25 10:20:39.581,1.50175,1.50191,1.47,1.00
2017.05.25 10:20:39.633,1.50175,1.5019,1.20,1.12
2017.05.25 10:20:39.787,1.50174,1.50189,1.20,1.00
2017.05.25 10:20:39.999,1.5017,1.50185,1.45,1.00
2017.05.25 10:20:40.203,1.50169,1.50183,1.10,1.00
2017.05.25 10:20:40.255,1.50167,1.50182,1.87,1.37
2017.05.25 10:20:40.306,1.50167,1.50181,1.87,1.37
2017.05.25 10:20:40.716,1.50164,1.50179,1.10,1.00
2017.05.25 10:20:42.382,1.50163,1.5018,1.95,1.50
2017.05.25 10:20:42.734,1.50167,1.50183,1.45,1.37
2017.05.25 10:20:43.246,1.50167,1.50182,1.82,1.00
2017.05.25 10:20:43.531,1.50169,1.50184,1.85,1.12
2017.05.25 10:20:43.633,1.5017,1.50187,1.12,1.95
2017.05.25 10:20:44.260,1.50174,1.50189,1.20,1.00
2017.05.25 10:20:44.363,1.50176,1.50191,1.00,2.62
2017.05.25 10:20:44.415,1.50175,1.50191,1.37,2.62
2017.05.25 10:20:44.925,1.50174,1.50188,1.37,1.00
2017.05.25 10:20:45.497,1.50174,1.50189,1.37,1.87
2017.05.25 10:20:45.831,1.50176,1.50189,1.37,1.00
2017.05.25 10:20:46.139,1.50179,1.50191,1.00,1.00
2017.05.25 10:20:46.665,1.50178,1.50191,1.00,1.00
2017.05.25 10:20:47.175,1.50174,1.50188,1.45,1.00
2017.05.25 10:20:47.228,1.50173,1.50188,1.47,1.00
2017.05.25 10:20:48.665,1.50172,1.50188,1.95,1.00
2017.05.25 10:20:48.768,1.50173,1.50189,2.32,1.00
2017.05.25 10:20:49.283,1.50175,1.5019,1.20,1.00
2017.05.25 10:20:50.038,1.50175,1.5019,1.12,1.50
2017.05.25 10:20:50.345,1.50172,1.50187,1.12,1.00
2017.05.25 10:20:50.759,1.50173,1.50188,1.50,1.00
2017.05.25 10:20:50.814,1.50172,1.50188,1.00,1.00
2017.05.25 10:20:50.866,1.50172,1.50186,1.12,1.50
2017.05.25 10:20:51.174,1.50168,1.50183,1.95,1.50
2017.05.25 10:20:51.230,1.50168,1.50185,1.87,2.32
2017.05.25 10:20:51.284,1.50168,1.50183,1.57,1.00
2017.05.25 10:20:51.795,1.50165,1.50183,1.45,2.25
2017.05.25 10:20:52.255,1.50164,1.50182,1.82,1.00
2017.05.25 10:20:52.575,1.50164,1.50177,1.00,1.10
2017.05.25 10:20:52.732,1.50162,1.50177,1.00,1.07
2017.05.25 10:20:53.247,1.50161,1.50177,1.00,1.57
2017.05.25 10:20:53.894,1.50159,1.50176,1.50,1.00
2017.05.25 10:20:54.417,1.50159,1.50176,1.50,1.07
2017.05.25 10:20:54.986,1.50159,1.50174,1.37,1.00
2017.05.25 10:20:55.041,1.50159,1.50171,1.37,1.00
2017.05.25 10:20:55.094,1.50155,1.50171,1.37,1.10
2017.05.25 10:20:55.146,1.50154,1.50171,1.50,1.57
2017.05.25 10:20:55.197,1.50155,1.50171,1.12,1.57
2017.05.25 10:20:55.907,1.50156,1.50171,1.00,1.00
2017.05.25 10:20:56.429,1.50155,1.50172,1.95,2.25
2017.05.25 10:20:56.820,1.50154,1.5017,1.20,1.00
2017.05.25 10:20:57.360,1.50152,1.50168,3.07,1.00
2017.05.25 10:20:57.462,1.50153,1.5017,1.75,2.25
2017.05.25 10:20:57.974,1.50155,1.50169,1.37,1.00
2017.05.25 10:20:58.988,1.50155,1.5017,1.37,1.00
2017.05.25 10:20:59.041,1.50152,1.50168,2.32,1.00
2017.05.25 10:20:59.195,1.5015,1.50166,1.12,1.00
2017.05.25 10:20:59.466,1.50148,1.50162,1.10,1.00
2017.05.25 10:20:59.621,1.50144,1.50162,2.62,1.10
2017.05.25 10:20:59.812,1.50147,1.50162,1.37,1.10
2017.05.25 10:20:59.865,1.50147,1.50162,1.12,1.10
2017.05.25 10:21:00.511,1.50146,1.50162,1.37,1.00
2017.05.25 10:21:00.614,1.50146,1.50165,2.25,1.10
2017.05.25 10:21:00.718,1.50151,1.50167,1.37,1.50
2017.05.25 10:21:00.822,1.50151,1.50168,1.95,1.50
2017.05.25 10:21:00.874,1.50151,1.50168,1.37,1.57
2017.05.25 10:21:01.333,1.50149,1.50166,1.87,1.00
2017.05.25 10:21:01.894,1.50149,1.50167,1.95,1.50
2017.05.25 10:21:02.398,1.50149,1.50167,2.70,1.57
2017.05.25 10:21:03.990,1.5015,1.50168,1.47,1.50
2017.05.25 10:21:04.391,1.50151,1.50169,1.45,1.50
2017.05.25 10:21:04.911,1.50152,1.50168,1.50,1.00
2017.05.25 10:21:06.348,1.50152,1.50169,1.47,1.00
2017.05.25 10:21:06.893,1.50152,1.50168,1.47,1.00
2017.05.25 10:21:06.945,1.50152,1.5017,1.47,1.57
2017.05.25 10:21:07.048,1.50152,1.50168,1.47,1.00
2017.05.25 10:21:07.710,1.50152,1.50169,1.45,1.00
2017.05.25 10:21:08.244,1.50153,1.50169,1.95,1.00
2017.05.25 10:21:08.551,1.50159,1.50174,1.37,1.12
2017.05.25 10:21:09.125,1.50159,1.50175,1.37,1.10
2017.05.25 10:21:09.620,1.5016,1.50176,1.37,2.32
2017.05.25 10:21:09.930,1.50163,1.50178,2.25,1.00
2017.05.25 10:21:10.238,1.50165,1.50177,1.37,1.00
2017.05.25 10:21:10.578,1.50165,1.50179,1.37,1.00
2017.05.25 10:21:11.080,1.50161,1.50177,1.87,1.00
2017.05.25 10:21:11.184,1.5016,1.50172,1.00,1.50
2017.05.25 10:21:11.237,1.5016,1.50168,1.00,1.37
2017.05.25 10:21:11.290,1.50149,1.50165,3.75,1.20
2017.05.25 10:21:11.393,1.50147,1.50164,1.50,1.07
2017.05.25 10:21:11.495,1.50147,1.50165,1.12,1.95
2017.05.25 10:21:11.548,1.50148,1.50165,2.25,1.10
2017.05.25 10:21:11.600,1.50149,1.50165,1.37,1.00
2017.05.25 10:21:12.118,1.50151,1.50166,1.37,1.50
2017.05.25 10:21:12.322,1.5015,1.50166,1.00,1.57
2017.05.25 10:21:12.845,1.5015,1.50164,1.00,1.00
2017.05.25 10:21:16.170,1.50149,1.50167,2.25,1.95
2017.05.25 10:21:16.500,1.50152,1.50168,1.57,1.00
2017.05.25 10:21:17.215,1.50152,1.50168,1.87,1.00
2017.05.25 10:21:17.369,1.50156,1.5017,1.37,1.12
2017.05.25 10:21:17.524,1.50153,1.50167,1.12,1.00
2017.05.25 10:21:17.627,1.50152,1.50165,1.50,1.00
2017.05.25 10:21:18.152,1.50152,1.50164,1.00,1.00
2017.05.25 10:21:19.221,1.50147,1.50164,3.00,1.07
2017.05.25 10:21:19.273,1.50147,1.50155,1.50,1.00
2017.05.25 10:21:19.480,1.50142,1.50155,1.75,1.00
2017.05.25 10:21:19.687,1.50145,1.50158,1.00,1.00
2017.05.25 10:21:20.264,1.50144,1.50158,1.75,1.00
2017.05.25 10:21:24.017,1.50144,1.50158,1.00,1.00
2017.05.25 10:21:24.819,1.50143,1.50158,2.25,1.00
2017.05.25 10:21:24.870,1.50144,1.50158,1.50,1.00
2017.05.25 10:21:24.975,1.50144,1.5016,2.62,1.00
2017.05.25 10:21:25.027,1.50144,1.50158,1.37,1.07
2017.05.25 10:21:25.129,1.50143,1.50157,1.12,1.00
2017.05.25 10:21:25.182,1.50141,1.50155,2.62,1.00
2017.05.25 10:21:25.779,1.50141,1.50156,1.12,1.00
2017.05.25 10:21:26.315,1.50141,1.50156,1.75,1.00
2017.05.25 10:21:27.860,1.50141,1.50158,2.25,1.00
2017.05.25 10:21:30.160,1.50143,1.50158,1.50,1.10
2017.05.25 10:21:32.172,1.50142,1.50158,1.75,1.57
2017.05.25 10:21:32.225,1.50141,1.50154,1.00,1.95
2017.05.25 10:21:32.329,1.50138,1.50154,1.00,1.95
2017.05.25 10:21:32.381,1.50135,1.50147,2.62,1.00
2017.05.25 10:21:32.485,1.5013,1.50145,1.12,1.00
2017.05.25 10:21:32.537,1.5013,1.50145,1.75,1.07
2017.05.25 10:21:32.642,1.5013,1.50146,1.75,1.00
2017.05.25 10:21:32.696,1.50131,1.50147,1.75,1.00
2017.05.25 10:21:32.747,1.50131,1.50147,1.75,1.00
2017.05.25 10:21:32.799,1.50131,1.50145,1.75,1.00
2017.05.25 10:21:33.156,1.50131,1.50145,1.37,1.00
2017.05.25 10:21:33.765,1.50132,1.50146,1.12,1.50
2017.05.25 10:21:33.817,1.50132,1.50146,1.75,1.00
2017.05.25 10:21:34.022,1.50135,1.50149,1.75,1.10
2017.05.25 10:21:34.532,1.50136,1.50149,1.00,1.10
2017.05.25 10:21:35.150,1.50135,1.50149,1.75,1.57
2017.05.25 10:21:35.457,1.50137,1.50151,1.50,1.00
2017.05.25 10:21:36.119,1.50137,1.50153,1.50,1.07
2017.05.25 10:21:37.798,1.50139,1.50153,1.75,1.57
2017.05.25 10:21:37.851,1.5014,1.50153,1.00,1.10
2017.05.25 10:21:38.371,1.50137,1.50152,1.37,1.10
2017.05.25 10:21:38.997,1.50137,1.50152,1.37,1.00
2017.05.25 10:21:39.528,1.50137,1.50152,1.37,1.00
2017.05.25 10:21:40.050,1.50137,1.50151,1.37,1.00
2017.05.25 10:21:40.576,1.50134,1.50152,4.50,1.50
2017.05.25 10:21:41.090,1.50134,1.50152,2.62,1.57
2017.05.25 10:21:41.142,1.50134,1.5015,2.62,1.00
2017.05.25 10:21:41.570,1.50136,1.50149,1.00,1.00
2017.05.25 10:21:41.622,1.50132,1.50147,2.62,1.00
2017.05.25 10:21:41.725,1.50133,1.50147,1.12,2.32
2017.05.25 10:21:41.776,1.50133,1.50145,1.12,1.00
2017.05.25 10:21:42.121,1.50135,1.50147,1.00,1.10
2017.05.25 10:21:42.636,1.50134,1.50147,1.12,1.00
2017.05.25 10:21:43.035,1.50134,1.50147,1.12,1.00
2017.05.25 10:21:43.289,1.50137,1.5015,1.37,1.10
2017.05.25 10:21:43.803,1.50138,1.50151,1.00,1.00
2017.05.25 10:21:44.426,1.50137,1.50151,1.75,1.00
2017.05.25 10:21:46.976,1.50138,1.50151,1.50,1.00
2017.05.25 10:21:47.516,1.50136,1.5015,1.75,1.10
2017.05.25 10:21:48.042,1.50138,1.50151,1.00,1.10
2017.05.25 10:21:48.701,1.50136,1.50149,1.50,1.00
2017.05.25 10:21:49.089,1.50134,1.50151,3.37,2.32
2017.05.25 10:21:49.638,1.50134,1.5015,2.62,1.00
2017.05.25 10:21:50.157,1.50134,1.50151,2.25,1.10
2017.05.25 10:21:50.524,1.50136,1.50152,1.75,1.50
2017.05.25 10:21:51.062,1.50136,1.50153,1.75,1.57
2017.05.25 10:21:51.408,1.50135,1.50151,2.32,1.00
2017.05.25 10:21:51.511,1.50137,1.50153,1.12,1.00
2017.05.25 10:21:51.615,1.50138,1.50154,1.95,1.50
2017.05.25 10:21:51.667,1.50137,1.50154,1.57,1.50
2017.05.25 10:21:51.771,1.50137,1.5015,1.45,1.00
2017.05.25 10:21:51.824,1.50136,1.50149,1.00,1.00
2017.05.25 10:21:51.876,1.50136,1.50147,1.00,1.00
2017.05.25 10:21:52.389,1.5013,1.50146,1.75,1.00
2017.05.25 10:21:52.961,1.50129,1.50145,2.32,1.00
2017.05.25 10:21:53.064,1.50128,1.50144,1.57,1.00
2017.05.25 10:21:53.115,1.50128,1.50142,1.00,1.50
2017.05.25 10:21:53.167,1.50124,1.50142,2.70,1.50
2017.05.25 10:21:53.218,1.50124,1.5014,2.70,1.00
2017.05.25 10:21:53.768,1.50124,1.50139,1.47,1.00
2017.05.25 10:21:54.283,1.50124,1.50139,1.57,1.00
2017.05.25 10:21:54.791,1.50125,1.5014,1.00,1.00
2017.05.25 10:21:55.205,1.50125,1.50138,1.37,1.00
2017.05.25 10:21:55.256,1.50123,1.50139,1.12,1.50
2017.05.25 10:21:55.309,1.50123,1.50137,1.00,1.00
2017.05.25 10:21:55.834,1.5012,1.50136,1.87,1.00
2017.05.25 10:21:55.988,1.50127,1.50136,1.00,1.00
2017.05.25 10:21:56.296,1.5014,1.50154,1.12,1.00
2017.05.25 10:21:56.399,1.5014,1.50156,1.12,1.00
2017.05.25 10:21:56.886,1.5014,1.50156,1.50,1.00
2017.05.25 10:21:58.008,1.5014,1.50156,1.50,1.00
2017.05.25 10:21:58.559,1.5014,1.50157,1.50,1.12
2017.05.25 10:21:58.611,1.5014,1.50153,1.50,1.00
2017.05.25 10:21:58.816,1.5014,1.50155,1.00,1.00
2017.05.25 10:21:58.869,1.50142,1.50155,1.00,1.00
2017.05.25 10:21:58.922,1.50142,1.50157,1.10,1.00
2017.05.25 10:21:59.229,1.50144,1.50158,1.50,1.00
2017.05.25 10:21:59.384,1.50148,1.50162,1.00,1.00
2017.05.25 10:21:59.635,1.50148,1.50164,1.50,1.00
2017.05.25 10:22:00.170,1.50148,1.50164,2.25,1.00
2017.05.25 10:22:02.166,1.50151,1.50164,1.00,1.00
2017.05.25 10:22:04.276,1.5015,1.50164,1.00,1.00
2017.05.25 10:22:04.583,1.5015,1.50161,1.00,1.00
2017.05.25 10:22:04.635,1.5015,1.50166,1.57,1.12
2017.05.25 10:22:04.738,1.50152,1.50166,1.45,1.00
2017.05.25 10:22:04.943,1.5015,1.50166,1.10,1.12
2017.05.25 10:22:05.058,1.5015,1.50164,1.10,1.00
2017.05.25 10:22:05.367,1.50149,1.50161,1.10,1.00
2017.05.25 10:22:05.930,1.50149,1.50162,1.10,1.00
2017.05.25 10:22:06.835,1.50144,1.50161,1.95,1.00
2017.05.25 10:22:07.041,1.50147,1.50162,1.12,1.00
2017.05.25 10:22:07.145,1.50148,1.50165,1.12,1.00
2017.05.25 10:22:07.553,1.5015,1.50165,1.00,1.00
2017.05.25 10:22:07.903,1.5015,1.50163,1.00,1.00
2017.05.25 10:22:08.214,1.50158,1.50168,1.37,1.00
2017.05.25 10:22:08.317,1.50158,1.5017,1.57,1.00
2017.05.25 10:22:08.522,1.50158,1.50173,1.50,1.00
2017.05.25 10:22:08.625,1.50156,1.5017,1.12,1.00
2017.05.25 10:22:08.728,1.50156,1.5017,1.00,1.00
2017.05.25 10:22:08.905,1.50154,1.5017,1.50,1.00
2017.05.25 10:22:08.958,1.50154,1.50168,1.50,1.00
2017.05.25 10:22:09.264,1.50157,1.50171,1.12,1.00
2017.05.25 10:22:09.315,1.50158,1.50173,1.10,1.00
2017.05.25 10:22:10.770,1.50159,1.50173,1.00,1.00
2017.05.25 10:22:10.924,1.5016,1.50175,1.10,1.00
2017.05.25 10:22:11.434,1.5016,1.50176,1.47,1.00
2017.05.25 10:22:12.943,1.5016,1.50174,1.47,1.00
2017.05.25 10:22:15.376,1.5016,1.50174,1.47,1.00
2017.05.25 10:22:15.885,1.50161,1.50174,1.12,1.00
2017.05.25 10:22:16.366,1.5016,1.50172,1.37,1.00
2017.05.25 10:22:18.314,1.50162,1.50172,1.00,1.00
2017.05.25 10:22:18.468,1.50165,1.50177,1.87,1.00
2017.05.25 10:22:18.519,1.50167,1.50177,1.00,1.00
2017.05.25 10:22:18.825,1.50178,1.50187,1.20,1.00
2017.05.25 10:22:18.980,1.50182,1.50197,1.37,1.25
2017.05.25 10:22:19.082,1.50185,1.50198,1.50,1.19
2017.05.25 10:22:19.135,1.50185,1.50198,1.20,2.44
2017.05.25 10:22:19.238,1.50181,1.50198,1.50,3.56
2017.05.25 10:22:19.386,1.50184,1.50188,1.50,1.00
2017.05.25 10:22:19.438,1.50184,1.50197,1.00,1.50
2017.05.25 10:22:19.541,1.50186,1.50197,1.00,1.00
2017.05.25 10:22:20.003,1.50186,1.50199,1.00,2.25
2017.05.25 10:22:20.520,1.50184,1.502,1.37,1.00
2017.05.25 10:22:20.932,1.50186,1.50201,1.87,1.00
2017.05.25 10:22:21.563,1.50189,1.50201,1.12,1.00
2017.05.25 10:22:21.869,1.50188,1.50203,1.37,1.00
2017.05.25 10:22:22.487,1.50188,1.50204,1.37,1.50
2017.05.25 10:22:22.962,1.50187,1.50202,1.00,1.10
2017.05.25 10:22:23.507,1.50186,1.50201,1.00,1.00
2017.05.25 10:22:27.947,1.50186,1.50201,1.37,1.00
2017.05.25 10:22:28.455,1.50186,1.50201,1.00,1.00
2017.05.25 10:22:29.136,1.50186,1.50201,1.20,1.00
2017.05.25 10:22:29.540,1.50184,1.50201,1.00,1.50
2017.05.25 10:22:30.385,1.50184,1.502,1.00,1.00
2017.05.25 10:22:31.027,1.50184,1.502,1.37,1.12
2017.05.25 10:22:31.455,1.50185,1.50202,1.12,1.00
2017.05.25 10:22:31.720,1.50183,1.50201,1.37,1.07
2017.05.25 10:22:31.926,1.50177,1.50194,1.37,1.57
2017.05.25 10:22:31.977,1.50174,1.50191,1.87,1.00
2017.05.25 10:22:32.488,1.50173,1.50191,1.50,1.00
2017.05.25 10:22:33.024,1.50172,1.50191,1.50,1.57
2017.05.25 10:22:33.075,1.50172,1.50191,1.50,1.57
2017.05.25 10:22:33.694,1.50172,1.50188,1.87,1.00
2017.05.25 10:22:35.354,1.50173,1.50189,1.37,1.07
2017.05.25 10:22:35.867,1.50173,1.50189,1.50,1.00
2017.05.25 10:22:36.378,1.50176,1.50192,1.37,1.00
2017.05.25 10:22:36.662,1.50178,1.50194,1.00,1.00
2017.05.25 10:22:36.922,1.50177,1.50192,1.87,1.00
2017.05.25 10:22:37.232,1.50179,1.50191,1.00,1.72
2017.05.25 10:22:37.502,1.50189,1.50204,1.12,2.25
2017.05.25 10:22:38.013,1.50188,1.50202,1.00,1.00
2017.05.25 10:22:38.275,1.50188,1.50202,1.00,1.37
2017.05.25 10:22:39.168,1.50187,1.50204,1.00,2.25
2017.05.25 10:22:39.894,1.50187,1.50199,1.00,1.45
2017.05.25 10:22:39.945,1.50186,1.50199,1.00,1.07
2017.05.25 10:22:40.099,1.50185,1.50196,1.50,1.00
2017.05.25 10:22:40.201,1.50187,1.50201,1.12,1.00
2017.05.25 10:22:40.253,1.50187,1.50201,1.37,1.00
2017.05.25 10:22:40.305,1.50187,1.50201,1.37,1.00
2017.05.25 10:22:40.408,1.50187,1.50203,1.37,1.00
2017.05.25 10:22:40.578,1.50187,1.50203,1.37,1.00
2017.05.25 10:22:41.097,1.50186,1.50203,1.95,1.00
2017.05.25 10:22:41.993,1.50186,1.50203,1.50,1.00
2017.05.25 10:22:42.300,1.50186,1.50199,1.87,1.00
2017.05.25 10:22:42.739,1.50186,1.50202,1.87,1.10
2017.05.25 10:22:43.378,1.50184,1.50202,1.37,1.57
2017.05.25 10:22:43.429,1.50183,1.50202,1.87,1.57
2017.05.25 10:22:43.787,1.50185,1.50202,1.00,2.32
2017.05.25 10:22:44.720,1.50186,1.50201,1.00,1.10
2017.05.25 10:22:45.324,1.50186,1.50202,1.00,2.32
2017.05.25 10:22:47.143,1.50185,1.50202,1.50,1.50
2017.05.25 10:22:47.477,1.50187,1.50202,1.00,1.00
2017.05.25 10:22:50.046,1.50187,1.50202,1.00,1.37
2017.05.25 10:22:50.390,1.50192,1.50206,1.37,1.00
2017.05.25 10:22:50.442,1.50194,1.50208,1.12,1.10
2017.05.25 10:22:50.494,1.50193,1.5021,2.25,1.07
2017.05.25 10:22:50.547,1.50195,1.5021,1.37,1.10
2017.05.25 10:22:50.990,1.50194,1.5021,1.00,1.00
2017.05.25 10:22:51.247,1.50193,1.50208,1.00,1.00
2017.05.25 10:22:51.803,1.50193,1.50208,1.00,1.07
2017.05.25 10:22:53.184,1.50193,1.50208,1.00,1.10
2017.05.25 10:22:53.698,1.50192,1.50208,1.00,1.10
2017.05.25 10:22:54.090,1.50192,1.50208,1.12,1.07
2017.05.25 10:22:54.141,1.50193,1.50208,1.00,1.10
2017.05.25 10:22:54.193,1.50194,1.50207,1.37,1.00
2017.05.25 10:22:54.434,1.50197,1.50212,1.50,1.00
2017.05.25 10:22:54.537,1.50199,1.50212,1.00,1.00
2017.05.25 10:22:54.589,1.50197,1.50212,1.12,1.00
2017.05.25 10:22:55.127,1.50197,1.50213,1.00,1.00
2017.05.25 10:22:55.649,1.50195,1.50213,1.12,1.37
2017.05.25 10:22:56.112,1.50195,1.50213,1.82,3.00
2017.05.25 10:22:56.421,1.502,1.50212,2.32,1.50
2017.05.25 10:22:56.684,1.50205,1.5022,1.45,1.00
2017.05.25 10:22:56.740,1.50204,1.5022,1.37,1.00
2017.05.25 10:22:57.047,1.50203,1.50219,1.12,1.37
2017.05.25 10:22:57.201,1.50201,1.50216,1.12,1.00
2017.05.25 10:22:57.710,1.50201,1.50217,1.50,1.95
2017.05.25 10:22:57.866,1.50201,1.50217,1.12,1.95
2017.05.25 10:22:59.029,1.50201,1.50217,1.00,1.37
2017.05.25 10:22:59.701,1.50199,1.50217,2.32,1.75
2017.05.25 10:22:59.955,1.50194,1.50211,1.87,1.37
2017.05.25 10:23:00.278,1.50193,1.50211,2.25,1.87
2017.05.25 10:23:00.817,1.50194,1.50211,1.37,1.95
2017.05.25 10:23:02.014,1.50195,1.50211,1.87,1.47
2017.05.25 10:23:02.219,1.50194,1.50211,3.00,1.37
2017.05.25 10:23:02.321,1.50194,1.50211,2.62,1.37
2017.05.25 10:23:02.924,1.50193,1.5021,2.25,1.37
2017.05.25 10:23:03.427,1.50194,1.5021,1.12,1.37
2017.05.25 10:23:03.949,1.50194,1.5021,1.37,1.37
2017.05.25 10:23:04.184,1.50194,1.50211,1.12,1.37
2017.05.25 10:23:04.608,1.50194,1.50211,1.37,1.37
2017.05.25 10:23:04.661,1.50194,1.50211,1.00,1.37
2017.05.25 10:23:04.712,1.50194,1.50211,1.37,1.37
2017.05.25 10:23:05.224,1.50194,1.5021,1.12,1.37
2017.05.25 10:23:05.735,1.50194,1.50211,1.37,1.37
2017.05.25 10:23:05.888,1.50195,1.50211,1.00,1.12
2017.05.25 10:23:05.990,1.50193,1.50211,1.00,1.20
2017.05.25 10:23:06.296,1.50191,1.50209,1.50,1.45
2017.05.25 10:23:06.597,1.50191,1.50209,1.50,1.37
2017.05.25 10:23:07.020,1.50194,1.5021,1.87,1.00
2017.05.25 10:23:07.123,1.50195,1.50213,1.50,1.57
2017.05.25 10:23:07.816,1.50195,1.50213,3.00,1.10
2017.05.25 10:23:08.607,1.50196,1.50213,1.50,1.10
2017.05.25 10:23:08.659,1.50196,1.50213,1.75,1.10
2017.05.25 10:23:09.752,1.50197,1.50213,1.87,1.10
2017.05.25 10:23:10.059,1.50203,1.50217,1.50,1.00
2017.05.25 10:23:10.111,1.50203,1.50221,2.25,1.50
2017.05.25 10:23:10.529,1.50209,1.50221,1.00,1.00
2017.05.25 10:23:10.735,1.50205,1.50224,3.75,1.00
2017.05.25 10:23:12.528,1.50206,1.50224,1.37,1.75
2017.05.25 10:23:12.784,1.50206,1.50224,1.00,1.45
2017.05.25 10:23:12.989,1.50206,1.50225,1.50,1.82
2017.05.25 10:23:13.149,1.50202,1.5022,1.00,1.57
2017.05.25 10:23:14.951,1.50201,1.50218,1.37,1.37
2017.05.25 10:23:15.623,1.50201,1.50217,1.12,1.37
2017.05.25 10:23:16.133,1.50199,1.50218,1.87,2.70
2017.05.25 10:23:16.440,1.50196,1.50214,1.75,1.37
2017.05.25 10:23:19.315,1.50196,1.50215,3.07,1.37
2017.05.25 10:23:19.880,1.50197,1.50215,1.57,1.37
2017.05.25 10:23:20.400,1.50198,1.50215,1.87,1.37
2017.05.25 10:23:21.400,1.50198,1.50216,1.87,1.37
2017.05.25 10:23:22.214,1.50198,1.50217,1.12,1.01
2017.05.25 10:23:22.554,1.50198,1.50216,1.12,1.20
2017.05.25 10:23:23.907,1.50198,1.50217,1.12,1.39
2017.05.25 10:23:25.326,1.50198,1.50217,1.12,1.01
2017.05.25 10:23:25.508,1.50198,1.50217,1.87,1.39
2017.05.25 10:23:25.611,1.50198,1.50217,1.87,1.01
2017.05.25 10:23:25.765,1.50198,1.50217,1.12,1.39
2017.05.25 10:23:27.628,1.50197,1.50217,3.00,1.70
2017.05.25 10:23:27.679,1.50197,1.50217,2.25,1.70
2017.05.25 10:23:28.447,1.50198,1.50217,1.37,1.45
2017.05.25 10:23:28.499,1.50198,1.50218,1.37,2.70
2017.05.25 10:23:29.235,1.50198,1.50218,1.87,1.45
2017.05.25 10:23:29.771,1.50198,1.50218,1.87,1.95
2017.05.25 10:23:30.289,1.50199,1.50219,1.37,2.51
2017.05.25 10:23:30.837,1.50199,1.50219,2.25,2.51
2017.05.25 10:23:31.144,1.50199,1.50219,1.87,2.51
2017.05.25 10:23:32.175,1.50199,1.50219,1.37,2.14
2017.05.25 10:23:32.900,1.502,1.50219,1.37,1.01
2017.05.25 10:23:33.413,1.50199,1.50219,1.47,1.76
2017.05.25 10:23:34.545,1.50199,1.50219,1.50,1.70
2017.05.25 10:23:35.140,1.50198,1.50219,3.82,1.39
2017.05.25 10:23:36.822,1.50198,1.50219,3.82,2.51
2017.05.25 10:23:37.404,1.50198,1.50219,4.57,2.51
2017.05.25 10:23:40.638,1.50199,1.50219,1.50,2.44
2017.05.25 10:23:41.147,1.50199,1.50219,1.50,2.14
2017.05.25 10:23:41.967,1.50198,1.50219,3.75,2.14
2017.05.25 10:23:42.018,1.50198,1.50219,3.00,2.14
2017.05.25 10:23:42.734,1.50198,1.50217,2.25,1.45
2017.05.25 10:23:46.880,1.50197,1.50217,2.70,1.87
2017.05.25 10:23:47.213,1.50197,1.50217,3.45,1.37
2017.05.25 10:23:48.025,1.50198,1.50217,1.37,1.37
2017.05.25 10:23:48.895,1.50198,1.50217,1.37,1.37
2017.05.25 10:23:51.997,1.50199,1.50217,1.50,1.62
2017.05.25 10:23:52.050,1.50199,1.50217,1.50,1.37
2017.05.25 10:23:52.621,1.502,1.50219,1.37,1.95
2017.05.25 10:23:53.105,1.502,1.5022,1.37,1.57
2017.05.25 10:23:54.808,1.502,1.5022,2.62,1.45
2017.05.25 10:23:57.694,1.502,1.50218,1.87,1.20
2017.05.25 10:23:57.746,1.502,1.50218,1.37,1.70
2017.05.25 10:23:57.912,1.50203,1.50219,1.00,2.14
2017.05.25 10:23:58.449,1.50202,1.50218,1.00,1.70
2017.05.25 10:23:58.963,1.50202,1.50217,1.00,1.70
2017.05.25 10:23:59.462,1.502,1.50214,1.00,1.10
2017.05.25 10:24:01.104,1.502,1.50214,1.00,1.20
2017.05.25 10:24:01.697,1.502,1.50214,1.00,1.20
2017.05.25 10:24:02.534,1.502,1.50214,1.00,1.20
2017.05.25 10:24:03.267,1.502,1.50214,1.00,1.20
2017.05.25 10:24:03.874,1.50195,1.50214,1.87,1.95
2017.05.25 10:24:04.037,1.50192,1.50209,1.12,1.20
2017.05.25 10:24:05.060,1.50192,1.50209,1.87,1.95
2017.05.25 10:24:05.112,1.50195,1.50209,1.00,1.95
2017.05.25 10:24:05.894,1.50195,1.5021,1.00,2.14
2017.05.25 10:24:06.497,1.50195,1.5021,1.37,2.14
2017.05.25 10:24:06.781,1.50198,1.50214,1.37,1.00
2017.05.25 10:24:06.987,1.50198,1.50216,1.37,1.10
2017.05.25 10:24:09.759,1.50198,1.50216,1.37,1.07
2017.05.25 10:24:09.884,1.50198,1.50216,1.37,1.10
2017.05.25 10:24:10.020,1.50196,1.50214,1.87,1.31
2017.05.25 10:24:10.072,1.50195,1.50211,1.00,1.47
2017.05.25 10:24:10.125,1.50196,1.50211,1.87,1.00
2017.05.25 10:24:10.332,1.50205,1.50218,1.00,1.00
2017.05.25 10:24:10.435,1.50207,1.50218,1.00,1.00
2017.05.25 10:24:10.642,1.50208,1.5022,1.00,1.12
2017.05.25 10:24:11.214,1.50209,1.50219,1.00,1.00
2017.05.25 10:24:11.716,1.50209,1.50223,1.00,1.47
2017.05.25 10:24:12.901,1.50208,1.50224,1.00,1.76
2017.05.25 10:24:13.340,1.5021,1.50224,1.00,1.01
2017.05.25 10:24:13.391,1.5021,1.50226,1.37,1.64
2017.05.25 10:24:13.547,1.50213,1.50227,1.00,1.66
2017.05.25 10:24:16.811,1.50211,1.50225,1.12,1.37
2017.05.25 10:24:19.248,1.5021,1.50225,1.12,1.37
2017.05.25 10:24:19.730,1.50208,1.50225,1.50,1.20
2017.05.25 10:24:19.867,1.50207,1.50221,2.25,1.00
2017.05.25 10:24:20.195,1.50207,1.50224,1.50,1.57
2017.05.25 10:24:21.668,1.50205,1.50223,1.87,1.45
2017.05.25 10:24:21.720,1.50203,1.50223,1.12,3.26
2017.05.25 10:24:21.772,1.50202,1.50219,2.62,1.07
2017.05.25 10:24:21.823,1.50202,1.50219,2.25,1.07
2017.05.25 10:24:21.874,1.50202,1.50219,2.62,1.00
2017.05.25 10:24:22.388,1.50202,1.50221,1.87,1.45
2017.05.25 10:24:22.690,1.50202,1.50221,1.37,1.57
2017.05.25 10:24:22.923,1.50202,1.50218,1.12,1.10
2017.05.25 10:24:24.094,1.50202,1.50219,2.62,1.07
2017.05.25 10:24:24.640,1.502,1.50219,3.00,1.45
2017.05.25 10:24:24.743,1.502,1.50219,1.50,1.95
2017.05.25 10:24:25.288,1.502,1.50219,1.50,1.95
2017.05.25 10:24:26.845,1.502,1.50218,1.50,1.20
2017.05.25 10:24:26.947,1.50203,1.50218,1.00,1.20
2017.05.25 10:24:27.507,1.50203,1.5022,1.87,1.95
2017.05.25 10:24:27.558,1.50203,1.5022,1.87,1.95
2017.05.25 10:24:27.610,1.50203,1.5022,2.25,1.95
2017.05.25 10:24:27.918,1.50204,1.5022,1.87,1.00
2017.05.25 10:24:27.969,1.50204,1.5022,1.50,1.00
2017.05.25 10:24:28.393,1.50206,1.50222,1.00,1.00
2017.05.25 10:24:28.444,1.50207,1.50225,1.50,1.07
2017.05.25 10:24:28.547,1.50208,1.50226,1.00,1.57
2017.05.25 10:24:29.097,1.50208,1.50227,1.12,3.45
2017.05.25 10:24:29.199,1.50208,1.50227,1.12,3.45
2017.05.25 10:24:29.302,1.50208,1.50227,1.12,3.45
2017.05.25 10:24:29.864,1.50208,1.50226,1.12,1.57
2017.05.25 10:24:30.820,1.50208,1.50226,1.00,2.32
2017.05.25 10:24:31.248,1.50208,1.50226,1.12,1.10
2017.05.25 10:24:31.779,1.50208,1.50227,1.12,2.70
2017.05.25 10:24:32.346,1.50208,1.50226,1.87,1.10
2017.05.25 10:24:32.653,1.50207,1.50222,1.37,1.00
2017.05.25 10:24:32.979,1.50196,1.50207,1.00,1.00
2017.05.25 10:24:33.030,1.50193,1.50207,1.50,1.00
2017.05.25 10:24:33.725,1.50192,1.50211,3.00,1.37
2017.05.25 10:24:36.790,1.50193,1.50213,1.62,1.82
2017.05.25 10:24:37.310,1.50193,1.50211,1.00,1.57
2017.05.25 10:24:37.895,1.50192,1.50211,1.12,1.57
2017.05.25 10:24:42.971,1.50191,1.5021,2.81,1.47
2017.05.25 10:24:43.691,1.50191,1.50211,2.81,2.32
2017.05.25 10:24:43.743,1.50191,1.50211,2.81,2.32
2017.05.25 10:24:44.106,1.50193,1.50209,1.69,1.50
2017.05.25 10:24:44.734,1.50193,1.50209,2.06,1.50
2017.05.25 10:24:45.248,1.50192,1.50206,1.62,1.37
2017.05.25 10:24:47.584,1.50192,1.50207,2.81,1.37
2017.05.25 10:24:47.738,1.50193,1.50208,1.56,1.37
2017.05.25 10:24:48.276,1.50193,1.50209,1.31,1.37
2017.05.25 10:24:48.771,1.50192,1.50209,1.50,1.37
2017.05.25 10:24:48.823,1.50192,1.50206,1.00,1.37
2017.05.25 10:24:49.080,1.50187,1.50202,1.00,1.00
2017.05.25 10:24:49.335,1.50188,1.50205,1.31,1.12
2017.05.25 10:24:49.911,1.50188,1.50205,1.69,1.00
2017.05.25 10:24:50.013,1.5019,1.50207,1.37,1.50
2017.05.25 10:24:50.599,1.50191,1.50207,1.00,1.00
2017.05.25 10:24:52.708,1.5019,1.50208,1.12,1.57
2017.05.25 10:24:53.015,1.50192,1.50205,1.00,1.00
2017.05.25 10:24:53.534,1.50189,1.50205,1.50,1.00
2017.05.25 10:24:53.877,1.50187,1.50203,1.37,1.47
2017.05.25 10:24:53.929,1.50187,1.50199,1.00,1.12
2017.05.25 10:24:54.083,1.50186,1.50199,1.87,1.00
2017.05.25 10:24:54.135,1.50186,1.50202,1.87,1.12
2017.05.25 10:24:54.288,1.50189,1.50202,1.00,1.12
2017.05.25 10:24:54.442,1.50185,1.50202,1.87,1.12
2017.05.25 10:24:54.972,1.50185,1.50202,1.50,1.24
2017.05.25 10:24:55.485,1.50184,1.50204,1.87,2.08
2017.05.25 10:24:56.244,1.50185,1.50203,1.50,1.27
2017.05.25 10:24:56.347,1.50188,1.50206,1.75,1.13
2017.05.25 10:24:56.660,1.50179,1.50185,2.25,1.20
2017.05.25 10:24:56.711,1.50177,1.50186,1.00,1.13
2017.05.25 10:24:56.815,1.50172,1.50184,1.37,1.07
2017.05.25 10:24:56.921,1.50173,1.5018,1.50,1.10
2017.05.25 10:24:57.232,1.5017,1.50176,1.50,1.00
2017.05.25 10:24:57.387,1.50168,1.50176,1.50,1.13
2017.05.25 10:24:57.545,1.50162,1.50176,1.00,1.13
2017.05.25 10:24:57.699,1.5016,1.50175,2.06,1.17
2017.05.25 10:24:58.120,1.5016,1.50176,2.06,1.25
2017.05.25 10:24:58.172,1.5016,1.50177,1.69,1.50
2017.05.25 10:24:59.139,1.50162,1.50177,1.00,1.60
2017.05.25 10:24:59.554,1.5016,1.50177,2.06,1.13
2017.05.25 10:25:00.161,1.5016,1.50177,1.62,1.13
2017.05.25 10:25:00.416,1.5016,1.50177,1.69,1.00
2017.05.25 10:25:00.774,1.50159,1.50176,1.00,1.58
2017.05.25 10:25:01.083,1.5017,1.50184,1.37,1.00
2017.05.25 10:25:01.289,1.50168,1.50186,1.37,1.70
2017.05.25 10:25:01.466,1.50168,1.50186,1.37,1.70
2017.05.25 10:25:01.977,1.50169,1.50186,1.37,1.07
2017.05.25 10:25:02.520,1.50169,1.50188,1.12,1.33
2017.05.25 10:25:02.571,1.50169,1.50188,1.87,1.24
2017.05.25 10:25:03.245,1.50169,1.50185,1.12,1.00
2017.05.25 10:25:03.777,1.50168,1.50186,2.25,1.10
2017.05.25 10:25:03.879,1.50168,1.50186,3.00,1.07
2017.05.25 10:25:04.457,1.5017,1.50188,2.62,1.20
2017.05.25 10:25:04.984,1.50168,1.50185,1.12,1.20
2017.05.25 10:25:05.036,1.50169,1.50185,1.12,1.07
2017.05.25 10:25:05.087,1.50169,1.50185,1.12,1.10
2017.05.25 10:25:05.970,1.50167,1.50186,1.37,2.83
2017.05.25 10:25:06.073,1.50164,1.50183,2.62,1.20
2017.05.25 10:25:06.124,1.50164,1.50182,1.87,1.23
2017.05.25 10:25:06.176,1.50162,1.50182,3.00,2.45
2017.05.25 10:25:06.228,1.50162,1.50179,1.00,1.58
2017.05.25 10:25:06.279,1.5016,1.50179,1.72,2.83
2017.05.25 10:25:06.484,1.50163,1.50177,1.00,1.45
2017.05.25 10:25:06.536,1.50161,1.50177,1.12,1.45
2017.05.25 10:25:06.587,1.50163,1.50177,1.00,1.10
2017.05.25 10:25:07.090,1.50161,1.5018,1.72,1.33
2017.05.25 10:25:07.345,1.50159,1.50176,1.00,2.83
2017.05.25 10:25:07.397,1.50156,1.50173,1.00,1.33
2017.05.25 10:25:07.448,1.50155,1.50171,1.00,1.20
2017.05.25 10:25:07.973,1.50154,1.50169,1.00,1.07
2017.05.25 10:25:08.487,1.50155,1.50171,1.00,1.07
2017.05.25 10:25:09.050,1.50154,1.50169,1.00,1.07
2017.05.25 10:25:09.459,1.50153,1.5017,1.37,1.33
2017.05.25 10:25:09.766,1.50152,1.5017,1.00,1.57
2017.05.25 10:25:09.870,1.50154,1.5017,1.00,1.20
2017.05.25 10:25:09.921,1.50154,1.5017,1.50,1.10
2017.05.25 10:25:10.349,1.50154,1.50171,1.87,1.07
2017.05.25 10:25:10.658,1.50154,1.50172,1.87,1.07
2017.05.25 10:25:10.710,1.50156,1.50172,1.00,1.07
2017.05.25 10:25:11.160,1.50156,1.50174,1.00,1.07
2017.05.25 10:25:12.676,1.50154,1.50173,1.37,1.10
2017.05.25 10:25:13.259,1.50154,1.50174,1.45,1.50
2017.05.25 10:25:13.957,1.50155,1.50173,1.12,1.00
2017.05.25 10:25:14.101,1.50156,1.50173,1.47,1.00
2017.05.25 10:25:14.203,1.50158,1.50175,1.00,1.00
2017.05.25 10:25:14.562,1.50162,1.50176,1.37,1.50
2017.05.25 10:25:14.615,1.50165,1.50179,1.45,1.87
2017.05.25 10:25:14.718,1.50169,1.50182,1.45,1.00
2017.05.25 10:25:14.824,1.50169,1.50184,1.95,1.00
2017.05.25 10:25:15.146,1.50169,1.50186,1.95,1.00
2017.05.25 10:25:15.461,1.50169,1.50186,1.57,1.63
2017.05.25 10:25:15.615,1.50166,1.50184,1.07,1.13
2017.05.25 10:25:16.127,1.50164,1.50182,1.95,1.17
2017.05.25 10:25:17.481,1.50169,1.50183,1.47,1.00
2017.05.25 10:25:17.685,1.5017,1.50187,2.32,1.50
2017.05.25 10:25:18.219,1.5017,1.50186,1.57,1.00
2017.05.25 10:25:18.756,1.5017,1.50186,1.82,1.00
2017.05.25 10:25:18.808,1.5017,1.50186,1.45,1.00
2017.05.25 10:25:19.317,1.50169,1.50185,1.57,1.00
2017.05.25 10:25:19.916,1.50171,1.50186,1.47,1.00
2017.05.25 10:25:20.425,1.50171,1.50188,1.45,1.37
2017.05.25 10:25:21.357,1.50171,1.50189,1.57,1.87
2017.05.25 10:25:21.632,1.50171,1.50189,1.95,1.37
2017.05.25 10:25:22.142,1.50171,1.50187,1.10,1.00
2017.05.25 10:25:22.453,1.50171,1.50189,1.57,1.37
2017.05.25 10:25:22.811,1.50182,1.50197,1.47,1.50
2017.05.25 10:25:22.863,1.50182,1.50197,1.47,1.00
2017.05.25 10:25:23.120,1.50181,1.50197,1.57,1.00
2017.05.25 10:25:23.728,1.5018,1.50196,1.45,1.00
2017.05.25 10:25:24.268,1.5018,1.50197,1.45,1.00
2017.05.25 10:25:24.818,1.5018,1.50198,1.45,2.25
2017.05.25 10:25:25.351,1.5018,1.50197,1.45,1.00
2017.05.25 10:25:25.455,1.50179,1.50196,1.57,1.37
2017.05.25 10:25:25.772,1.50177,1.50192,1.45,1.12
2017.05.25 10:25:26.708,1.50178,1.50193,1.10,1.37
2017.05.25 10:25:27.017,1.50177,1.50191,1.00,1.37
2017.05.25 10:25:27.165,1.50174,1.50189,1.12,1.37
2017.05.25 10:25:27.712,1.50174,1.50188,1.07,1.12
2017.05.25 10:25:28.234,1.50174,1.5019,1.45,1.87
2017.05.25 10:25:29.436,1.50175,1.5019,1.00,1.50
2017.05.25 10:25:29.539,1.50173,1.50189,1.10,1.37
2017.05.25 10:25:32.014,1.50174,1.50188,1.00,1.37
2017.05.25 10:25:34.320,1.50172,1.50187,1.00,1.12
2017.05.25 10:25:35.319,1.50173,1.50187,1.00,1.12
2017.05.25 10:25:35.750,1.50171,1.50187,1.00,1.12
2017.05.25 10:25:36.164,1.50171,1.50187,2.17,1.00
2017.05.25 10:25:37.290,1.50172,1.50187,1.57,1.00
2017.05.25 10:25:38.270,1.50172,1.50184,1.00,1.00
2017.05.25 10:25:38.466,1.50166,1.50183,1.45,1.00
2017.05.25 10:25:38.518,1.50166,1.50184,1.82,1.00
2017.05.25 10:25:38.570,1.50166,1.50183,1.85,1.00
2017.05.25 10:25:38.673,1.50166,1.50181,1.47,1.00
2017.05.25 10:25:39.403,1.50166,1.50182,1.37,1.00
2017.05.25 10:25:39.916,1.50165,1.5018,1.37,1.00
2017.05.25 10:25:40.156,1.50165,1.50182,1.37,1.00
2017.05.25 10:25:40.728,1.50165,1.50181,1.37,1.00
2017.05.25 10:25:41.564,1.50165,1.5018,1.37,1.00
2017.05.25 10:25:42.115,1.50165,1.50181,1.37,1.00
2017.05.25 10:25:42.516,1.50165,1.50181,1.37,1.00
2017.05.25 10:25:42.771,1.50164,1.50181,1.50,1.12
2017.05.25 10:25:42.823,1.50164,1.50179,1.12,1.00
2017.05.25 10:25:43.333,1.50163,1.50179,1.00,1.00
2017.05.25 10:25:43.998,1.50162,1.50179,1.82,1.00
2017.05.25 10:25:44.646,1.50162,1.50178,1.82,1.00
2017.05.25 10:25:45.295,1.50162,1.50179,1.37,1.10
2017.05.25 10:25:45.347,1.50162,1.50179,1.12,1.57
2017.05.25 10:25:45.657,1.50159,1.50176,1.95,1.00
2017.05.25 10:25:45.864,1.50159,1.50178,1.82,1.00
2017.05.25 10:25:46.768,1.50159,1.50176,1.82,1.00
2017.05.25 10:25:47.669,1.50163,1.50176,1.00,1.00
2017.05.25 10:25:48.078,1.50163,1.50179,1.00,1.00
2017.05.25 10:25:48.679,1.50163,1.50178,1.00,1.00
2017.05.25 10:25:48.884,1.50162,1.50178,1.57,1.00
2017.05.25 10:25:49.090,1.50164,1.50181,1.85,1.00
2017.05.25 10:25:50.254,1.50165,1.50182,1.37,1.00
2017.05.25 10:25:50.916,1.50165,1.50183,1.37,1.12
2017.05.25 10:25:51.422,1.50165,1.50183,1.75,1.12
2017.05.25 10:25:53.592,1.50168,1.50182,1.50,1.00
2017.05.25 10:25:53.931,1.50166,1.5018,1.50,1.00
2017.05.25 10:25:54.435,1.50165,1.50181,1.75,1.00
2017.05.25 10:25:55.093,1.50167,1.50181,1.00,1.00
2017.05.25 10:25:55.622,1.50167,1.5018,1.00,1.00
2017.05.25 10:25:56.124,1.50167,1.50181,1.00,1.00
2017.05.25 10:25:56.672,1.50167,1.50182,1.00,1.00
2017.05.25 10:25:57.185,1.50167,1.50183,1.00,1.10
2017.05.25 10:25:57.488,1.50165,1.50181,1.87,1.00
2017.05.25 10:25:57.735,1.50165,1.50183,1.87,1.10
2017.05.25 10:25:58.240,1.50165,1.50182,1.87,1.00
2017.05.25 10:26:00.208,1.50164,1.50182,1.95,1.00
2017.05.25 10:26:00.815,1.50164,1.50183,1.95,1.57
2017.05.25 10:26:01.358,1.50164,1.50182,1.95,1.00
2017.05.25 10:26:01.867,1.50164,1.50183,1.95,1.50
2017.05.25 10:26:03.721,1.50165,1.50183,1.12,1.10
2017.05.25 10:26:04.345,1.50174,1.50183,1.00,1.00
2017.05.25 10:26:04.448,1.5017,1.50186,1.50,1.00
2017.05.25 10:26:04.960,1.50171,1.50187,1.50,1.00
2017.05.25 10:26:08.530,1.50171,1.50187,1.63,1.00
2017.05.25 10:26:09.649,1.50171,1.50188,1.63,1.00
2017.05.25 10:26:11.125,1.5017,1.50188,3.95,1.00
2017.05.25 10:26:11.842,1.50171,1.50188,1.50,1.10
2017.05.25 10:26:11.986,1.50171,1.50188,1.00,3.07
2017.05.25 10:26:12.039,1.50169,1.50183,1.00,1.37
2017.05.25 10:26:12.091,1.50169,1.5018,1.00,1.00
2017.05.25 10:26:12.143,1.50163,1.5018,1.58,1.12
2017.05.25 10:26:12.246,1.50163,1.5018,1.88,1.10
2017.05.25 10:26:12.298,1.50163,1.50183,1.88,1.95
2017.05.25 10:26:12.349,1.50164,1.50183,1.13,1.57
2017.05.25 10:26:12.453,1.50163,1.50183,1.38,2.32
2017.05.25 10:26:12.555,1.50163,1.50183,1.38,1.57
2017.05.25 10:26:13.341,1.50162,1.50181,1.37,1.95
2017.05.25 10:26:14.447,1.50163,1.50181,1.37,1.20
2017.05.25 10:26:15.012,1.50161,1.50181,1.50,1.45
2017.05.25 10:26:15.166,1.50157,1.50178,1.50,3.26
2017.05.25 10:26:15.421,1.50157,1.50173,1.12,1.00
2017.05.25 10:26:16.037,1.50156,1.50173,1.50,1.37
2017.05.25 10:26:16.615,1.50156,1.50173,1.75,1.37
2017.05.25 10:26:19.030,1.50157,1.50173,1.10,1.37
2017.05.25 10:26:19.628,1.50157,1.50173,1.10,1.12
2017.05.25 10:26:20.491,1.50159,1.50173,1.37,1.00
2017.05.25 10:26:20.647,1.5016,1.50177,1.85,1.00
2017.05.25 10:26:20.749,1.50162,1.50179,1.37,1.00
2017.05.25 10:26:23.357,1.50162,1.50177,1.45,1.00
2017.05.25 10:26:25.624,1.50162,1.50178,1.37,1.00
2017.05.25 10:26:26.192,1.5016,1.50177,2.32,1.00
2017.05.25 10:26:26.503,1.50162,1.5018,1.57,1.12
2017.05.25 10:26:28.446,1.50161,1.5018,3.45,1.37
2017.05.25 10:26:28.753,1.50163,1.5018,2.20,1.00
2017.05.25 10:26:28.957,1.50164,1.50183,1.73,1.20
2017.05.25 10:26:31.828,1.50172,1.50183,1.37,1.50
2017.05.25 10:26:31.981,1.50173,1.50187,1.95,1.00
2017.05.25 10:26:32.084,1.50175,1.50187,1.37,1.00
2017.05.25 10:26:32.285,1.50174,1.50189,2.32,1.00
2017.05.25 10:26:32.785,1.50176,1.50189,3.55,1.00
2017.05.25 10:26:32.889,1.5018,1.50193,1.87,1.00
2017.05.25 10:26:33.395,1.50181,1.50195,1.67,1.00
2017.05.25 10:26:33.941,1.50181,1.50196,1.67,1.00
2017.05.25 10:26:35.264,1.50181,1.50197,1.67,1.12
2017.05.25 10:26:37.001,1.50182,1.50197,1.30,1.87
2017.05.25 10:26:37.735,1.50181,1.50197,3.22,1.87
2017.05.25 10:26:37.939,1.50181,1.50195,1.67,1.12
2017.05.25 10:26:38.042,1.50178,1.50189,1.50,3.26
2017.05.25 10:26:38.189,1.50173,1.50184,1.50,1.00
2017.05.25 10:26:38.240,1.50167,1.50182,3.00,1.00
2017.05.25 10:26:38.343,1.50166,1.50184,1.95,1.00
2017.05.25 10:26:38.875,1.50166,1.50183,1.95,1.00
2017.05.25 10:26:39.274,1.50164,1.50183,3.00,1.20
2017.05.25 10:26:39.325,1.50164,1.50181,1.50,1.50
2017.05.25 10:26:39.634,1.50161,1.50178,1.37,3.00
2017.05.25 10:26:39.686,1.5016,1.50173,1.37,1.50
2017.05.25 10:26:40.192,1.50159,1.50172,1.37,1.37
2017.05.25 10:26:41.202,1.50159,1.50174,1.87,1.12
2017.05.25 10:26:41.254,1.5016,1.50176,1.12,1.37
2017.05.25 10:26:41.307,1.5016,1.50176,1.87,1.37
2017.05.25 10:26:41.718,1.50162,1.50178,1.95,1.00
2017.05.25 10:26:41.872,1.50162,1.5018,3.07,1.37
2017.05.25 10:26:41.924,1.50162,1.5018,2.32,1.50
2017.05.25 10:26:43.176,1.50161,1.50179,1.95,1.87
2017.05.25 10:26:58.309,1.50162,1.50179,1.20,1.37
2017.05.25 10:26:58.360,1.50162,1.50179,1.57,1.00
2017.05.25 10:26:59.136,1.50161,1.50179,2.32,1.37
2017.05.25 10:26:59.836,1.5016,1.50174,1.10,1.75
2017.05.25 10:26:59.990,1.50155,1.50169,1.00,1.00
2017.05.25 10:27:00.145,1.5015,1.50169,1.95,1.57
2017.05.25 10:27:00.247,1.5015,1.50164,2.32,1.00
2017.05.25 10:27:00.452,1.50153,1.50169,1.00,1.87
2017.05.25 10:27:00.503,1.50152,1.50164,1.20,1.00
2017.05.25 10:27:01.079,1.50151,1.50163,1.45,1.00
2017.05.25 10:27:01.130,1.50151,1.50165,1.45,1.00
2017.05.25 10:27:01.641,1.50156,1.50165,1.12,1.00
2017.05.25 10:27:01.692,1.50156,1.50171,1.12,1.87
2017.05.25 10:27:01.744,1.50158,1.50171,2.25,1.12
2017.05.25 10:27:01.795,1.50161,1.50171,1.47,1.00
2017.05.25 10:27:02.102,1.50163,1.50173,1.47,1.00
2017.05.25 10:27:02.655,1.50163,1.50174,1.47,1.00
2017.05.25 10:27:03.259,1.50163,1.50175,1.47,1.00
2017.05.25 10:27:04.976,1.50163,1.50176,1.45,1.00
2017.05.25 10:27:05.200,1.50163,1.50178,1.45,1.12
2017.05.25 10:27:05.515,1.50163,1.50176,1.45,1.00
2017.05.25 10:27:05.932,1.5016,1.50178,1.50,1.75
2017.05.25 10:27:06.035,1.5016,1.50173,1.20,1.12
2017.05.25 10:27:06.239,1.5016,1.50173,1.00,1.12
2017.05.25 10:27:06.392,1.5016,1.50173,1.07,1.00
2017.05.25 10:27:06.902,1.5016,1.50173,1.20,1.00
2017.05.25 10:27:07.689,1.5016,1.50173,1.12,1.00
2017.05.25 10:27:08.062,1.5016,1.50173,1.20,1.00
2017.05.25 10:27:08.639,1.5016,1.50172,1.20,1.00
2017.05.25 10:27:09.805,1.5016,1.50171,1.20,1.00
2017.05.25 10:27:10.356,1.5016,1.50172,1.20,1.00
2017.05.25 10:27:10.488,1.5016,1.50172,1.10,1.00
2017.05.25 10:27:10.998,1.5016,1.50171,1.10,1.00
2017.05.25 10:27:11.049,1.5016,1.50174,1.10,1.37
2017.05.25 10:27:14.814,1.5016,1.50173,1.07,1.12
2017.05.25 10:27:15.890,1.5016,1.50173,1.10,1.12
2017.05.25 10:27:16.897,1.5016,1.50174,1.07,1.37
2017.05.25 10:27:18.425,1.5016,1.50174,1.10,1.37
2017.05.25 10:27:19.425,1.50159,1.5017,1.20,1.00
2017.05.25 10:27:19.999,1.50159,1.5017,1.00,1.00
2017.05.25 10:27:20.567,1.50159,1.50169,1.00,1.00
2017.05.25 10:27:21.134,1.50159,1.5017,1.00,1.00
2017.05.25 10:27:21.668,1.50159,1.50171,1.00,1.00
2017.05.25 10:27:22.124,1.50159,1.50169,1.00,1.00
2017.05.25 10:27:23.224,1.50159,1.5017,1.00,1.00
2017.05.25 10:27:23.763,1.50159,1.50171,1.00,1.00
2017.05.25 10:27:24.296,1.50159,1.50172,1.00,1.00
2017.05.25 10:27:26.414,1.50159,1.50171,1.00,1.00
2017.05.25 10:27:26.750,1.50163,1.50173,1.87,1.00
2017.05.25 10:27:26.969,1.50164,1.50176,1.87,1.00
2017.05.25 10:27:27.623,1.50164,1.50177,1.12,1.12
2017.05.25 10:27:28.528,1.50164,1.5018,1.20,1.75
2017.05.25 10:27:28.682,1.50164,1.5018,1.47,1.37
2017.05.25 10:27:30.299,1.50164,1.50182,1.45,3.75
2017.05.25 10:27:30.351,1.50164,1.50182,1.95,1.75
2017.05.25 10:27:31.386,1.50166,1.50178,1.12,1.00
2017.05.25 10:27:31.438,1.50167,1.50178,1.72,1.00
2017.05.25 10:27:31.490,1.50168,1.50182,1.47,1.37
2017.05.25 10:27:31.697,1.5017,1.50185,1.45,1.37
2017.05.25 10:27:32.789,1.50171,1.50185,1.20,1.37
2017.05.25 10:27:38.078,1.50174,1.50184,1.12,1.00
2017.05.25 10:27:38.233,1.50174,1.50187,1.10,1.00
2017.05.25 10:27:38.286,1.50173,1.50189,1.80,1.00
2017.05.25 10:27:38.492,1.50174,1.50189,1.20,1.00
2017.05.25 10:27:38.649,1.50174,1.5019,1.85,1.50
2017.05.25 10:27:38.956,1.50174,1.50188,1.82,1.00
2017.05.25 10:27:39.394,1.50174,1.5019,2.32,1.50
2017.05.25 10:27:39.731,1.50175,1.5019,1.00,1.87
2017.05.25 10:27:39.986,1.50172,1.50186,1.37,1.00
2017.05.25 10:27:40.038,1.50169,1.50186,3.07,1.12
2017.05.25 10:27:40.293,1.50169,1.50184,1.37,1.00
2017.05.25 10:27:40.788,1.50167,1.50183,1.37,1.37
2017.05.25 10:27:41.256,1.50165,1.50169,1.00,1.00
2017.05.25 10:27:41.360,1.50148,1.50152,1.00,1.80
2017.05.25 10:27:41.413,1.50145,1.50152,1.00,3.30
2017.05.25 10:27:41.516,1.50136,1.5015,1.37,1.00
2017.05.25 10:27:41.567,1.50135,1.50148,1.50,1.00
2017.05.25 10:27:41.976,1.50138,1.50151,1.37,1.00
2017.05.25 10:27:42.282,1.50138,1.50153,1.37,1.00
2017.05.25 10:27:42.599,1.50138,1.5015,1.37,1.00
2017.05.25 10:27:43.658,1.50138,1.5015,1.75,1.00
2017.05.25 10:27:43.709,1.50138,1.50152,1.75,1.00
2017.05.25 10:27:43.858,1.50138,1.5015,1.75,1.00
2017.05.25 10:27:44.570,1.50136,1.50148,1.75,1.00
2017.05.25 10:27:44.621,1.50135,1.50148,1.87,1.00
2017.05.25 10:27:48.954,1.50135,1.5015,1.20,1.00
2017.05.25 10:27:49.536,1.50137,1.5015,1.50,1.00
2017.05.25 10:27:50.071,1.50135,1.50152,1.37,1.00
2017.05.25 10:27:50.277,1.50135,1.50149,1.45,1.00
2017.05.25 10:27:50.482,1.50135,1.50151,1.82,1.00
2017.05.25 10:27:50.789,1.50136,1.50151,1.45,1.00
2017.05.25 10:27:51.321,1.50135,1.50151,1.45,1.00
2017.05.25 10:27:51.831,1.50135,1.5015,1.47,1.00
2017.05.25 10:27:52.340,1.50135,1.50149,1.47,1.00
2017.05.25 10:27:52.886,1.50133,1.50149,1.20,1.00
2017.05.25 10:27:53.398,1.50135,1.50152,1.95,1.50
2017.05.25 10:27:53.865,1.50137,1.50151,1.07,1.00
2017.05.25 10:27:54.193,1.50156,1.50169,1.07,1.00
2017.05.25 10:27:54.510,1.50161,1.50175,1.12,1.00
2017.05.25 10:27:54.820,1.50172,1.50181,2.92,1.00
2017.05.25 10:27:55.279,1.50173,1.50185,2.55,1.00
2017.05.25 10:27:55.820,1.50173,1.50186,1.45,1.12
2017.05.25 10:27:56.369,1.50173,1.50189,1.20,1.37
2017.05.25 10:27:56.800,1.50173,1.50189,1.20,1.37
2017.05.25 10:27:57.339,1.50173,1.50189,1.45,1.37
2017.05.25 10:27:57.877,1.50173,1.50189,1.45,1.37
2017.05.25 10:27:59.146,1.50173,1.50189,1.20,1.37
2017.05.25 10:27:59.401,1.50172,1.50189,1.00,1.37
2017.05.25 10:27:59.661,1.50172,1.50188,1.45,1.37
2017.05.25 10:27:59.921,1.50163,1.50178,1.00,1.00
2017.05.25 10:28:00.228,1.50163,1.5018,1.57,1.12
2017.05.25 10:28:00.535,1.50161,1.50179,1.95,1.37
2017.05.25 10:28:00.761,1.50166,1.50183,1.47,1.37
2017.05.25 10:28:00.864,1.50166,1.50179,2.32,1.00
2017.05.25 10:28:01.172,1.50164,1.50179,1.07,1.00
2017.05.25 10:28:01.714,1.50164,1.5018,1.07,1.00
2017.05.25 10:28:02.065,1.50162,1.5018,1.12,1.42
2017.05.25 10:28:02.218,1.50159,1.50178,1.57,1.37
2017.05.25 10:28:02.530,1.50157,1.50176,2.32,1.00
2017.05.25 10:28:02.735,1.50158,1.50179,1.45,1.87
2017.05.25 10:28:02.927,1.50158,1.50176,1.45,1.00
2017.05.25 10:28:03.472,1.50158,1.50176,1.45,1.00
2017.05.25 10:28:03.576,1.50158,1.50176,2.70,1.00
2017.05.25 10:28:04.091,1.50158,1.50177,2.32,1.00
2017.05.25 10:28:04.578,1.50158,1.50173,1.45,1.00
2017.05.25 10:28:04.630,1.50157,1.50175,1.57,1.00
2017.05.25 10:28:04.681,1.50157,1.50173,1.95,1.00
2017.05.25 10:28:05.191,1.50157,1.50174,1.45,1.00
2017.05.25 10:28:05.707,1.50157,1.50174,1.07,1.00
2017.05.25 10:28:06.222,1.50157,1.50173,1.95,1.00
2017.05.25 10:28:06.687,1.50157,1.50174,1.20,1.00
2017.05.25 10:28:10.473,1.50157,1.50174,1.95,1.00
2017.05.25 10:28:10.525,1.50157,1.50174,1.95,1.00
2017.05.25 10:28:11.268,1.50157,1.50174,1.95,1.00
2017.05.25 10:28:14.705,1.50157,1.50173,1.07,1.00
2017.05.25 10:28:15.215,1.50157,1.50172,1.07,1.00
2017.05.25 10:28:15.644,1.50157,1.50174,1.07,1.00
2017.05.25 10:28:16.192,1.50157,1.50174,1.07,1.00
2017.05.25 10:28:17.346,1.50156,1.50174,1.20,1.00
2017.05.25 10:28:18.716,1.50157,1.50174,1.10,1.00
2017.05.25 10:28:18.819,1.50157,1.50174,1.57,1.00
2017.05.25 10:28:19.322,1.50157,1.50173,1.07,1.00
2017.05.25 10:28:20.009,1.50157,1.50172,1.07,1.00
2017.05.25 10:28:20.545,1.50157,1.50172,1.07,1.00
2017.05.25 10:28:23.346,1.50157,1.50174,1.57,1.87
2017.05.25 10:28:23.891,1.50155,1.50173,2.70,1.37
2017.05.25 10:28:24.218,1.50153,1.50166,1.12,1.12
2017.05.25 10:28:24.454,1.5015,1.50166,1.57,1.12
2017.05.25 10:28:24.660,1.50152,1.50166,1.12,1.12
2017.05.25 10:28:24.969,1.50154,1.50168,1.12,1.50
2017.05.25 10:28:27.868,1.50156,1.50171,1.00,1.75
2017.05.25 10:28:28.073,1.50157,1.50171,1.95,1.12
2017.05.25 10:28:28.583,1.50157,1.50174,3.07,1.50
2017.05.25 10:28:29.223,1.50158,1.50175,1.12,1.75
2017.05.25 10:28:29.950,1.50159,1.50176,1.00,1.87
2017.05.25 10:28:30.518,1.50159,1.50175,1.07,1.50
2017.05.25 10:28:33.133,1.50157,1.50175,1.57,1.75
2017.05.25 10:28:33.235,1.50157,1.50175,1.20,1.75
2017.05.25 10:28:33.541,1.50159,1.50175,1.00,2.25
2017.05.25 10:28:34.901,1.50158,1.50174,1.00,1.85
2017.05.25 10:28:35.212,1.50152,1.50169,1.00,1.75
2017.05.25 10:28:35.519,1.5015,1.50169,1.50,1.75
2017.05.25 10:28:36.467,1.50151,1.50167,1.00,1.37
2017.05.25 10:28:36.729,1.50151,1.50167,1.00,1.75
2017.05.25 10:28:38.025,1.5015,1.50166,1.10,1.50
2017.05.25 10:28:39.135,1.5015,1.50166,1.10,1.75
2017.05.25 10:28:41.179,1.5015,1.50168,1.10,1.75
2017.05.25 10:28:46.458,1.5015,1.50169,1.07,2.85
2017.05.25 10:28:48.268,1.5015,1.50169,1.10,2.10
2017.05.25 10:28:49.572,1.50149,1.50165,1.57,1.37
2017.05.25 10:28:49.624,1.50154,1.50166,1.12,1.00
2017.05.25 10:28:49.813,1.50154,1.50166,1.57,1.12
2017.05.25 10:28:50.171,1.50154,1.50171,2.70,1.50
2017.05.25 10:28:50.324,1.50154,1.50169,2.32,1.75
2017.05.25 10:28:50.375,1.50154,1.50169,1.95,1.75
2017.05.25 10:28:50.477,1.50151,1.50165,1.57,1.75
2017.05.25 10:28:50.529,1.50151,1.50163,1.12,1.75
2017.05.25 10:28:50.834,1.50144,1.50162,1.20,1.50
2017.05.25 10:28:51.473,1.50143,1.5016,1.45,1.37
2017.05.25 10:28:51.677,1.50145,1.50161,1.10,1.00
2017.05.25 10:28:52.282,1.50145,1.50162,1.00,1.50
2017.05.25 10:28:52.794,1.50145,1.50162,1.20,1.00
2017.05.25 10:28:53.471,1.50145,1.50162,1.07,1.37
2017.05.25 10:28:54.786,1.50145,1.50162,1.10,1.37
2017.05.25 10:28:56.248,1.50144,1.50162,2.32,1.37
2017.05.25 10:28:56.453,1.50145,1.50164,1.20,1.12
2017.05.25 10:28:56.557,1.50146,1.50165,1.82,1.87
2017.05.25 10:28:56.762,1.50147,1.50166,2.70,1.50
2017.05.25 10:28:57.305,1.5015,1.50167,1.12,1.00
2017.05.25 10:28:58.954,1.5015,1.50167,1.07,1.00
2017.05.25 10:28:59.460,1.5015,1.50166,1.07,1.00
2017.05.25 10:29:00.699,1.5015,1.50167,1.45,1.50
2017.05.25 10:29:01.028,1.50163,1.50177,1.05,1.00
2017.05.25 10:29:01.336,1.50163,1.50171,1.95,1.00
2017.05.25 10:29:01.847,1.50159,1.50173,1.95,1.37
2017.05.25 10:29:02.356,1.50159,1.50172,1.95,1.12
2017.05.25 10:29:02.684,1.50159,1.50174,1.95,1.75
2017.05.25 10:29:03.071,1.50158,1.50174,2.32,2.25
2017.05.25 10:29:03.328,1.50158,1.50176,1.70,2.25
2017.05.25 10:29:03.431,1.5016,1.50176,1.82,1.75
2017.05.25 10:29:03.631,1.50163,1.50175,1.20,1.75
2017.05.25 10:29:03.989,1.50159,1.50175,1.10,1.75
2017.05.25 10:29:04.092,1.50154,1.50173,4.20,1.37
2017.05.25 10:29:04.143,1.50154,1.50172,1.57,1.37
2017.05.25 10:29:04.579,1.50152,1.50171,1.95,1.50
2017.05.25 10:29:05.137,1.50152,1.5017,1.57,1.37
2017.05.25 10:29:05.647,1.5015,1.50169,2.20,1.37
2017.05.25 10:29:08.437,1.5015,1.50166,1.47,1.00
2017.05.25 10:29:08.541,1.50147,1.50165,1.50,1.37
2017.05.25 10:29:08.593,1.50145,1.50163,1.20,1.37
2017.05.25 10:29:08.747,1.50143,1.50163,2.58,1.00
2017.05.25 10:29:08.849,1.50144,1.50163,1.20,1.00
2017.05.25 10:29:10.413,1.50145,1.50161,1.57,2.25
2017.05.25 10:29:10.516,1.50145,1.50157,1.12,1.75
2017.05.25 10:29:10.620,1.50141,1.50157,1.57,1.75
2017.05.25 10:29:10.927,1.50142,1.50161,1.57,2.25
2017.05.25 10:29:11.258,1.50132,1.50149,1.20,2.25
2017.05.25 10:29:11.781,1.50132,1.50149,1.07,1.75
2017.05.25 10:29:15.283,1.50132,1.50149,1.10,1.75
2017.05.25 10:29:15.791,1.50132,1.50149,1.07,1.75
2017.05.25 10:29:19.342,1.50132,1.5015,1.57,1.75
2017.05.25 10:29:19.884,1.50133,1.50151,1.10,3.50
2017.05.25 10:29:19.936,1.50135,1.50151,1.37,1.13
2017.05.25 10:29:19.988,1.50136,1.50151,1.45,1.13
2017.05.25 10:29:20.450,1.5014,1.50157,1.07,1.50
2017.05.25 10:29:21.075,1.5014,1.5016,1.57,4.25
2017.05.25 10:29:21.822,1.5014,1.5016,1.57,2.75
2017.05.25 10:29:22.334,1.5014,1.50161,2.32,1.50
2017.05.25 10:29:23.672,1.5014,1.5016,2.32,2.00
2017.05.25 10:29:24.234,1.50142,1.5016,1.12,2.00
2017.05.25 10:29:24.336,1.50141,1.50158,1.10,1.00
2017.05.25 10:29:24.389,1.5014,1.5016,4.20,2.25
2017.05.25 10:29:24.523,1.50141,1.5016,1.47,2.75
2017.05.25 10:29:24.832,1.50142,1.5016,1.20,2.75
2017.05.25 10:29:25.371,1.50142,1.50159,1.07,2.00
2017.05.25 10:29:25.895,1.50142,1.5016,1.32,1.50
2017.05.25 10:29:26.048,1.50147,1.50162,1.76,1.37
2017.05.25 10:29:26.151,1.50149,1.50166,2.89,1.00
2017.05.25 10:29:26.254,1.50151,1.50166,1.29,1.25
2017.05.25 10:29:26.308,1.50149,1.50166,1.39,1.25
2017.05.25 10:29:26.818,1.50148,1.50164,1.19,1.13
2017.05.25 10:29:27.416,1.50148,1.50164,1.19,1.25
2017.05.25 10:29:27.621,1.50154,1.50167,1.42,1.00
2017.05.25 10:29:27.672,1.50156,1.50167,1.31,1.00
2017.05.25 10:29:27.931,1.50151,1.50167,1.12,1.33
2017.05.25 10:29:28.452,1.50151,1.50171,2.14,1.58
2017.05.25 10:29:28.657,1.50151,1.50172,2.14,2.00
2017.05.25 10:29:28.811,1.50152,1.50171,1.62,2.08
2017.05.25 10:29:29.323,1.50152,1.50171,1.31,2.00
2017.05.25 10:29:29.918,1.50152,1.50171,1.39,2.08
2017.05.25 10:29:30.225,1.50152,1.50164,1.00,1.25
2017.05.25 10:29:30.328,1.50144,1.50161,2.06,2.08
2017.05.25 10:29:30.380,1.50143,1.5016,1.19,1.18
2017.05.25 10:29:30.637,1.50137,1.50157,3.64,1.17
2017.05.25 10:29:30.853,1.50137,1.50156,1.69,1.70
2017.05.25 10:29:31.374,1.50137,1.50156,2.51,1.17
2017.05.25 10:29:32.764,1.50139,1.50157,1.01,1.13
2017.05.25 10:29:32.816,1.50141,1.50159,1.00,1.33
2017.05.25 10:29:32.868,1.50142,1.5016,1.45,1.13
2017.05.25 10:29:32.919,1.50143,1.50163,1.66,1.58
2017.05.25 10:29:33.935,1.50143,1.50163,2.14,1.25
2017.05.25 10:29:34.506,1.50143,1.50162,2.51,1.12
2017.05.25 10:29:36.244,1.50144,1.50162,2.14,1.25
2017.05.25 10:29:38.671,1.50144,1.50162,1.76,1.12
2017.05.25 10:29:39.561,1.50144,1.50164,1.76,3.20
2017.05.25 10:29:41.221,1.50144,1.50162,1.69,1.00
2017.05.25 10:29:41.816,1.50144,1.50163,1.69,1.25
2017.05.25 10:29:42.604,1.50144,1.50163,2.06,1.12
2017.05.25 10:29:44.772,1.50144,1.50163,2.81,2.25
2017.05.25 10:29:45.378,1.50144,1.50163,2.06,1.07
2017.05.25 10:29:46.168,1.50144,1.50162,2.06,1.07
2017.05.25 10:29:46.665,1.50144,1.50162,1.69,1.00
2017.05.25 10:29:47.042,1.50141,1.5016,1.66,2.62
2017.05.25 10:29:47.502,1.50138,1.50156,1.69,1.47
2017.05.25 10:29:47.849,1.50136,1.50156,1.76,2.25
2017.05.25 10:29:48.326,1.50138,1.50157,2.00,1.45
2017.05.25 10:29:49.769,1.50139,1.50157,2.51,1.00
2017.05.25 10:29:52.939,1.50143,1.50158,1.00,1.50
2017.05.25 10:29:53.247,1.50144,1.50151,1.00,1.00
2017.05.25 10:29:53.374,1.50143,1.50158,1.12,1.00
2017.05.25 10:29:53.428,1.50143,1.50151,1.12,1.00
2017.05.25 10:29:53.964,1.5014,1.50154,1.69,1.00
2017.05.25 10:29:54.545,1.5014,1.50155,1.69,1.00
2017.05.25 10:29:55.149,1.5014,1.50156,1.25,3.00
2017.05.25 10:29:55.254,1.5014,1.50157,1.25,2.32
2017.05.25 10:29:55.458,1.50142,1.50157,1.00,1.85
2017.05.25 10:29:55.968,1.50141,1.50155,1.00,1.75
2017.05.25 10:29:56.520,1.50141,1.50155,1.00,1.75
2017.05.25 10:29:57.127,1.5014,1.50155,1.25,1.75
2017.05.25 10:29:57.628,1.5014,1.50156,1.25,1.85
2017.05.25 10:30:00.320,1.50142,1.50156,1.00,1.75
2017.05.25 10:30:01.228,1.50142,1.50155,1.00,1.75
2017.05.25 10:30:01.530,1.50139,1.50153,1.00,1.75
2017.05.25 10:30:01.582,1.50139,1.50151,1.00,1.75
2017.05.25 10:30:01.735,1.50137,1.50151,1.00,1.75
2017.05.25 10:30:02.121,1.50139,1.50149,1.00,1.37
2017.05.25 10:30:02.667,1.50138,1.5015,1.00,1.50
2017.05.25 10:30:05.226,1.50137,1.50148,1.00,1.50
2017.05.25 10:30:05.775,1.50136,1.50148,1.00,1.50
2017.05.25 10:30:06.612,1.50134,1.50148,1.00,1.75
2017.05.25 10:30:10.766,1.50134,1.50147,1.69,1.75
2017.05.25 10:30:13.508,1.50134,1.50149,1.69,2.25
2017.05.25 10:30:15.053,1.50135,1.50147,1.25,1.50
2017.05.25 10:30:16.427,1.50135,1.50147,1.25,1.37
2017.05.25 10:30:20.793,1.50135,1.50148,1.25,2.25
2017.05.25 10:30:21.347,1.50135,1.50148,1.25,2.25
2017.05.25 10:30:22.747,1.50135,1.50149,1.25,2.25
2017.05.25 10:30:25.390,1.50136,1.50152,1.00,4.57
2017.05.25 10:30:25.922,1.50135,1.50145,1.00,1.37
2017.05.25 10:30:26.906,1.50135,1.50149,1.00,1.75
2017.05.25 10:30:27.720,1.50134,1.50149,1.00,1.75
2017.05.25 10:30:28.448,1.50134,1.50146,1.00,1.75
2017.05.25 10:30:28.695,1.50131,1.50144,1.00,1.75
2017.05.25 10:30:28.746,1.50125,1.50141,1.95,1.75
2017.05.25 10:30:29.002,1.50126,1.50139,1.00,1.50
2017.05.25 10:30:29.513,1.50127,1.50141,1.25,2.25
2017.05.25 10:30:30.136,1.50127,1.50143,1.25,1.75
2017.05.25 10:30:32.137,1.50129,1.50143,1.00,1.50
2017.05.25 10:30:32.444,1.50127,1.50141,1.00,1.50
2017.05.25 10:30:33.479,1.50127,1.50141,1.25,1.75
2017.05.25 10:30:33.633,1.50127,1.50142,1.69,1.37
2017.05.25 10:30:34.233,1.50129,1.50143,1.00,1.50
2017.05.25 10:30:34.642,1.50129,1.50143,1.00,2.25
2017.05.25 10:30:34.744,1.50127,1.50141,1.25,1.75
2017.05.25 10:30:34.795,1.50127,1.50141,1.00,1.75
2017.05.25 10:30:34.987,1.50124,1.50139,1.00,3.00
2017.05.25 10:30:35.991,1.50124,1.50136,1.00,1.50
2017.05.25 10:30:36.433,1.50126,1.50137,1.00,1.75
2017.05.25 10:30:37.299,1.50126,1.50137,1.00,1.75
2017.05.25 10:30:38.002,1.50125,1.50136,1.00,1.50
2017.05.25 10:30:38.826,1.50125,1.50136,1.00,1.75
2017.05.25 10:30:40.374,1.50125,1.50139,1.00,1.50
2017.05.25 10:30:40.476,1.50127,1.50139,1.00,1.00
2017.05.25 10:30:40.783,1.50124,1.50139,1.00,1.75
2017.05.25 10:30:41.898,1.50123,1.50139,1.00,1.75
2017.05.25 10:30:42.207,1.50125,1.50136,1.00,1.75
2017.05.25 10:30:43.028,1.50125,1.50139,1.00,1.75
2017.05.25 10:30:44.682,1.50127,1.50139,1.50,1.37
2017.05.25 10:30:44.734,1.5013,1.50139,1.10,1.12
2017.05.25 10:30:45.042,1.50135,1.50148,1.00,1.75
2017.05.25 10:30:45.357,1.50135,1.50149,1.00,1.75
2017.05.25 10:30:45.871,1.50136,1.50149,1.00,1.75
2017.05.25 10:30:46.711,1.50135,1.5015,1.00,2.25
2017.05.25 10:30:48.336,1.50135,1.50147,1.00,2.25
2017.05.25 10:30:48.388,1.50131,1.50143,1.00,1.05
2017.05.25 10:30:48.542,1.50128,1.50141,1.69,1.57
2017.05.25 10:30:48.740,1.50126,1.50137,1.00,2.25
2017.05.25 10:30:48.791,1.50124,1.50135,1.00,1.75
2017.05.25 10:30:48.843,1.50122,1.50131,1.00,1.75
2017.05.25 10:30:48.946,1.50119,1.50131,1.12,1.75
2017.05.25 10:30:49.458,1.50118,1.5013,1.00,1.75
2017.05.25 10:30:49.560,1.50118,1.5013,1.00,1.00
2017.05.25 10:30:49.663,1.50116,1.50125,1.00,2.85
2017.05.25 10:30:49.796,1.50113,1.50124,1.87,1.60
2017.05.25 10:30:49.850,1.50114,1.50125,1.00,1.10
2017.05.25 10:30:49.902,1.50117,1.50125,1.00,1.00
2017.05.25 10:30:50.005,1.5012,1.50132,1.00,1.45
2017.05.25 10:30:50.056,1.50118,1.5013,1.00,1.00
2017.05.25 10:30:50.673,1.50118,1.50128,1.00,1.00
2017.05.25 10:30:50.878,1.50118,1.50132,1.37,1.00
2017.05.25 10:30:51.032,1.50117,1.50129,1.50,1.00
2017.05.25 10:30:51.134,1.50119,1.50133,1.37,1.00
2017.05.25 10:30:51.186,1.50122,1.50131,1.00,1.00
2017.05.25 10:30:51.441,1.50122,1.50135,1.00,1.00
2017.05.25 10:30:51.544,1.50123,1.50133,1.00,1.00
2017.05.25 10:30:51.763,1.50131,1.50142,1.00,1.00
2017.05.25 10:30:51.815,1.50132,1.50144,1.00,1.50
2017.05.25 10:30:52.178,1.50132,1.50146,1.00,1.00
2017.05.25 10:30:52.742,1.50133,1.50146,1.00,1.00
2017.05.25 10:30:52.927,1.50137,1.50147,1.00,1.00
2017.05.25 10:30:52.980,1.50137,1.5015,1.00,1.00
2017.05.25 10:30:54.246,1.50137,1.50149,1.00,1.00
2017.05.25 10:30:54.655,1.50137,1.50147,1.00,1.00
2017.05.25 10:30:54.758,1.5013,1.50141,1.00,1.00
2017.05.25 10:30:54.861,1.50133,1.50143,1.00,1.00
2017.05.25 10:30:55.066,1.50135,1.50148,1.00,1.00
2017.05.25 10:30:55.169,1.50133,1.50147,1.12,1.00
2017.05.25 10:30:55.272,1.50135,1.50141,1.00,1.00
2017.05.25 10:30:55.374,1.50133,1.50141,1.00,1.00
2017.05.25 10:30:55.679,1.50132,1.50145,1.00,1.00
2017.05.25 10:30:55.936,1.50135,1.50147,1.00,1.00
2017.05.25 10:30:56.038,1.50136,1.50149,1.00,1.00
2017.05.25 10:30:56.191,1.50136,1.50149,1.00,1.07
2017.05.25 10:30:56.448,1.50129,1.5014,1.00,1.00
2017.05.25 10:30:56.499,1.50131,1.50142,1.00,1.12
2017.05.25 10:30:56.551,1.50131,1.50145,1.00,1.87
2017.05.25 10:30:56.603,1.50132,1.50142,1.00,1.00
2017.05.25 10:30:57.276,1.50132,1.50143,1.00,1.00
2017.05.25 10:30:57.809,1.50131,1.50144,1.00,1.00
2017.05.25 10:30:58.123,1.50131,1.50144,1.00,1.04
2017.05.25 10:30:58.727,1.50132,1.50145,1.00,1.04
2017.05.25 10:30:59.724,1.50134,1.50143,1.00,1.04
2017.05.25 10:30:59.982,1.50139,1.50152,1.10,1.50
2017.05.25 10:31:00.135,1.50137,1.50152,1.10,2.25
2017.05.25 10:31:00.238,1.50139,1.50152,1.00,2.25
2017.05.25 10:31:00.596,1.50136,1.50149,1.00,1.00
2017.05.25 10:31:00.898,1.50132,1.50143,1.00,1.00
2017.05.25 10:31:01.053,1.50133,1.50147,1.00,1.00
2017.05.25 10:31:01.156,1.50131,1.50147,1.00,1.00
2017.05.25 10:31:01.510,1.50131,1.50144,1.00,1.00
2017.05.25 10:31:02.186,1.50131,1.50146,1.00,1.00
2017.05.25 10:31:02.471,1.50127,1.50143,1.25,1.00
2017.05.25 10:31:02.575,1.50126,1.50141,1.25,1.00
2017.05.25 10:31:03.090,1.50127,1.50141,1.00,1.50
2017.05.25 10:31:03.524,1.50129,1.50141,2.06,1.00
2017.05.25 10:31:03.710,1.50138,1.5015,1.00,1.12
2017.05.25 10:31:03.761,1.5014,1.50153,1.00,1.75
2017.05.25 10:31:03.813,1.5014,1.50153,1.00,1.00
2017.05.25 10:31:04.018,1.50142,1.50153,1.00,1.00
2017.05.25 10:31:04.070,1.50142,1.50155,1.00,1.00
2017.05.25 10:31:04.447,1.50144,1.50156,1.00,1.00
2017.05.25 10:31:04.809,1.50149,1.50161,1.10,1.00
2017.05.25 10:31:04.861,1.50149,1.50164,1.10,3.00
2017.05.25 10:31:05.386,1.50148,1.50163,1.10,1.50
2017.05.25 10:31:05.438,1.50147,1.50161,1.32,1.00
2017.05.25 10:31:05.968,1.50147,1.50161,1.00,1.00
2017.05.25 10:31:06.558,1.50147,1.50158,1.00,1.12
2017.05.25 10:31:06.611,1.50144,1.50156,1.00,1.00
2017.05.25 10:31:07.114,1.50144,1.50154,1.00,1.00
2017.05.25 10:31:08.114,1.50144,1.50156,1.00,1.00
2017.05.25 10:31:08.803,1.50144,1.50154,1.00,1.00
2017.05.25 10:31:08.906,1.50141,1.50154,1.00,1.00
2017.05.25 10:31:09.112,1.50137,1.50154,2.44,1.00
2017.05.25 10:31:09.164,1.50137,1.5015,1.50,1.87
2017.05.25 10:31:09.472,1.50134,1.50144,1.00,1.50
2017.05.25 10:31:09.524,1.5013,1.50144,1.00,1.50
2017.05.25 10:31:10.151,1.50129,1.50144,1.32,1.00
2017.05.25 10:31:10.698,1.50129,1.50145,2.14,1.00
2017.05.25 10:31:11.208,1.50129,1.50145,2.14,1.00
2017.05.25 10:31:11.522,1.50137,1.50147,1.12,1.00
2017.05.25 10:31:11.574,1.50139,1.50152,1.12,1.50
2017.05.25 10:31:11.677,1.5014,1.50156,1.45,1.75
2017.05.25 10:31:11.728,1.50143,1.50156,1.00,1.00
2017.05.25 10:31:11.882,1.50143,1.50158,1.00,1.00
2017.05.25 10:31:12.189,1.5014,1.50153,1.00,1.50
2017.05.25 10:31:12.292,1.50136,1.50152,1.20,1.50
2017.05.25 10:31:12.843,1.50136,1.50151,1.00,1.00
2017.05.25 10:31:13.387,1.50135,1.50152,1.39,1.00
2017.05.25 10:31:13.938,1.50136,1.50153,1.29,1.50
2017.05.25 10:31:14.450,1.50136,1.50152,1.19,1.00
2017.05.25 10:31:14.605,1.50136,1.50152,1.19,1.75
2017.05.25 10:31:14.930,1.50137,1.50151,1.25,1.75
2017.05.25 10:31:17.526,1.50135,1.50151,1.19,3.00
2017.05.25 10:31:17.578,1.50133,1.50149,1.00,1.50
2017.05.25 10:31:17.630,1.50132,1.50146,1.00,1.75
2017.05.25 10:31:18.142,1.50132,1.50145,1.00,1.50
2017.05.25 10:31:18.646,1.50133,1.50147,1.00,1.75
2017.05.25 10:31:18.958,1.50136,1.50147,1.00,1.75
2017.05.25 10:31:19.010,1.50134,1.50147,1.00,1.75
2017.05.25 10:31:19.164,1.50131,1.50147,1.12,1.75
2017.05.25 10:31:19.317,1.50131,1.50147,1.00,1.00
2017.05.25 10:31:19.547,1.5013,1.50139,1.12,1.35
2017.05.25 10:31:19.748,1.50122,1.50137,1.00,1.72
2017.05.25 10:31:20.258,1.50121,1.50132,1.00,2.25
2017.05.25 10:31:20.311,1.50118,1.50132,1.50,2.25
2017.05.25 10:31:21.124,1.50119,1.50133,1.00,1.75
2017.05.25 10:31:21.176,1.5012,1.50134,1.00,1.75
2017.05.25 10:31:21.228,1.50118,1.50133,1.00,1.75
2017.05.25 10:31:21.536,1.50115,1.50129,1.00,1.75
2017.05.25 10:31:21.843,1.50114,1.50129,1.00,1.75
2017.05.25 10:31:22.393,1.50114,1.50128,1.00,3.75
2017.05.25 10:31:22.913,1.50113,1.50128,1.07,1.75
2017.05.25 10:31:23.339,1.50113,1.50126,1.00,1.75
2017.05.25 10:31:23.390,1.50111,1.50124,1.00,1.75
2017.05.25 10:31:23.966,1.50111,1.50126,1.00,3.75
2017.05.25 10:31:26.695,1.50111,1.50125,1.00,1.75
2017.05.25 10:31:26.748,1.50112,1.50126,1.00,1.75
2017.05.25 10:31:27.260,1.50111,1.50125,1.00,1.75
2017.05.25 10:31:27.830,1.50111,1.50125,1.37,1.50
2017.05.25 10:31:27.882,1.50115,1.50125,1.00,1.50
2017.05.25 10:31:28.631,1.50115,1.50129,1.00,1.75
2017.05.25 10:31:28.683,1.50117,1.50131,1.00,1.75
2017.05.25 10:31:28.843,1.50116,1.50131,1.00,1.50
2017.05.25 10:31:28.997,1.50116,1.50131,1.00,1.75
2017.05.25 10:31:29.771,1.50116,1.50131,1.00,1.75
2017.05.25 10:31:29.875,1.50116,1.50129,1.00,1.50
2017.05.25 10:31:29.927,1.50114,1.50129,1.00,1.75
2017.05.25 10:31:30.189,1.50115,1.50129,1.00,1.75
2017.05.25 10:31:30.549,1.50112,1.50129,1.25,1.75
2017.05.25 10:31:32.676,1.50113,1.50129,1.00,1.75
2017.05.25 10:31:33.284,1.50114,1.50131,1.00,2.25
2017.05.25 10:31:33.336,1.50114,1.50129,1.00,1.75
2017.05.25 10:31:33.438,1.50113,1.50129,1.00,1.75
2017.05.25 10:31:33.541,1.50112,1.50127,1.00,1.75
2017.05.25 10:31:33.897,1.50111,1.50127,1.00,4.50
2017.05.25 10:31:33.999,1.50111,1.50127,1.00,2.25
2017.05.25 10:31:34.293,1.50113,1.50126,1.00,1.75
2017.05.25 10:31:35.451,1.50112,1.50128,1.25,1.75
2017.05.25 10:31:35.707,1.50113,1.50128,1.00,1.75
2017.05.25 10:31:35.962,1.50112,1.50127,1.00,1.75
2017.05.25 10:31:36.372,1.50114,1.50128,1.37,1.75
2017.05.25 10:31:36.424,1.50114,1.50128,1.00,1.37
2017.05.25 10:31:36.578,1.50117,1.50131,1.00,1.75
2017.05.25 10:31:37.102,1.50116,1.50132,1.00,1.75
2017.05.25 10:31:37.410,1.50113,1.50129,1.00,2.25
2017.05.25 10:31:37.957,1.50113,1.50129,1.00,1.75
2017.05.25 10:31:38.280,1.50113,1.50129,1.00,1.00
2017.05.25 10:31:38.331,1.50115,1.50129,1.00,1.00
2017.05.25 10:31:38.650,1.50117,1.50132,1.00,2.25
2017.05.25 10:31:39.217,1.50116,1.50132,1.00,2.25
2017.05.25 10:31:40.312,1.50116,1.50131,1.00,1.00
2017.05.25 10:31:41.050,1.50116,1.50132,1.00,2.25
2017.05.25 10:31:42.261,1.50116,1.50132,1.00,1.35
2017.05.25 10:31:44.023,1.50114,1.50129,1.07,1.35
2017.05.25 10:31:44.343,1.50119,1.50131,1.00,1.50
2017.05.25 10:31:44.448,1.50118,1.50132,1.00,1.00
2017.05.25 10:31:44.500,1.50118,1.5013,1.00,1.00
2017.05.25 10:31:44.551,1.50115,1.5013,1.10,1.00
2017.05.25 10:31:45.062,1.50114,1.5013,1.57,1.00
2017.05.25 10:31:46.890,1.50116,1.5013,1.37,1.35
2017.05.25 10:31:47.544,1.50116,1.5013,1.37,1.60
2017.05.25 10:31:48.056,1.50116,1.5013,1.37,1.00
2017.05.25 10:31:48.527,1.50116,1.50132,1.37,1.35
2017.05.25 10:31:49.077,1.50117,1.50132,1.20,2.10
2017.05.25 10:31:49.180,1.50119,1.50133,1.00,2.05
2017.05.25 10:31:49.510,1.50126,1.50141,1.12,1.60
2017.05.25 10:31:49.613,1.50126,1.50141,1.12,1.60
2017.05.25 10:31:49.812,1.50126,1.50141,1.12,1.00
2017.05.25 10:31:50.348,1.50126,1.5014,1.12,1.00
2017.05.25 10:31:50.896,1.50126,1.50141,1.12,1.00
2017.05.25 10:31:53.204,1.50126,1.5014,1.12,1.00
2017.05.25 10:31:54.161,1.50125,1.50139,1.37,1.00
2017.05.25 10:31:54.708,1.50123,1.50138,1.50,1.00
2017.05.25 10:31:56.810,1.50123,1.50139,1.50,1.35
2017.05.25 10:31:57.597,1.50124,1.50138,1.37,1.00
2017.05.25 10:31:58.576,1.50124,1.5014,1.37,1.00
2017.05.25 10:32:00.060,1.50125,1.50141,1.12,1.35
2017.05.25 10:32:00.732,1.50124,1.50141,1.00,1.00
2017.05.25 10:32:01.276,1.50123,1.50141,1.20,1.00
2017.05.25 10:32:01.953,1.50123,1.50142,1.10,1.00
2017.05.25 10:32:02.494,1.50124,1.50142,1.00,1.00
2017.05.25 10:32:02.597,1.50122,1.50137,1.20,1.00
2017.05.25 10:32:02.649,1.50121,1.50139,1.07,1.00
2017.05.25 10:32:02.855,1.50122,1.5014,1.47,1.12
2017.05.25 10:32:03.774,1.50123,1.50143,1.45,3.07
2017.05.25 10:32:04.290,1.50123,1.50141,1.12,1.20
2017.05.25 10:32:06.114,1.50122,1.50141,1.69,1.20
2017.05.25 10:32:06.795,1.50122,1.5014,1.62,1.00
2017.05.25 10:32:09.704,1.50125,1.5014,1.00,1.00
2017.05.25 10:32:10.332,1.50125,1.50142,1.00,1.47
2017.05.25 10:32:10.890,1.50123,1.50142,1.47,1.47
2017.05.25 10:32:11.557,1.50123,1.50142,1.20,1.47
2017.05.25 10:32:12.059,1.50123,1.50142,1.20,1.20
2017.05.25 10:32:12.608,1.50123,1.50142,1.47,1.20
2017.05.25 10:32:12.917,1.50125,1.50141,1.07,1.87
2017.05.25 10:32:13.070,1.50118,1.50134,1.76,1.00
2017.05.25 10:32:13.500,1.50114,1.50132,2.81,1.12
2017.05.25 10:32:13.851,1.50119,1.50135,1.31,1.50
2017.05.25 10:32:14.374,1.50119,1.50134,1.19,1.00
2017.05.25 10:32:14.697,1.50119,1.50134,1.19,1.37
2017.05.25 10:32:14.748,1.50119,1.50134,1.19,1.12
2017.05.25 10:32:16.939,1.50119,1.50135,1.19,1.00
2017.05.25 10:32:17.536,1.5012,1.50136,1.29,1.12
2017.05.25 10:32:17.912,1.50121,1.50138,1.19,2.25
2017.05.25 10:32:18.017,1.50125,1.5014,1.19,1.12
2017.05.25 10:32:18.972,1.50122,1.50141,2.51,2.62
2017.05.25 10:32:19.028,1.50122,1.50137,1.19,1.37
2017.05.25 10:32:19.237,1.5012,1.50136,1.31,1.87
2017.05.25 10:32:20.777,1.5012,1.50137,1.31,1.12
2017.05.25 10:32:20.829,1.50123,1.50137,1.19,1.00
2017.05.25 10:32:21.340,1.50122,1.50138,1.29,1.87
2017.05.25 10:32:21.678,1.50122,1.50138,1.31,1.00
2017.05.25 10:32:21.731,1.50125,1.50138,1.19,1.00
2017.05.25 10:32:22.279,1.50125,1.5014,1.19,1.37
2017.05.25 10:32:22.855,1.50125,1.50141,1.19,1.37
2017.05.25 10:32:25.788,1.50125,1.5014,1.19,1.87
2017.05.25 10:32:26.655,1.50125,1.5014,1.31,1.87
2017.05.25 10:32:26.859,1.50122,1.5014,2.64,1.37
2017.05.25 10:32:28.579,1.50121,1.50138,1.39,1.37
2017.05.25 10:32:28.631,1.50121,1.50135,1.76,1.00
2017.05.25 10:32:29.171,1.50119,1.50134,1.56,1.12
2017.05.25 10:32:29.830,1.50118,1.50133,1.69,1.50
2017.05.25 10:32:29.934,1.50115,1.50133,1.76,2.25
2017.05.25 10:32:30.454,1.50119,1.50133,1.19,1.50
2017.05.25 10:32:30.659,1.50121,1.50139,1.25,1.20
2017.05.25 10:32:30.814,1.50121,1.50137,1.50,1.00
2017.05.25 10:32:31.328,1.50121,1.50137,1.39,1.37
2017.05.25 10:32:33.146,1.50121,1.50138,1.64,1.37
2017.05.25 10:32:33.249,1.50121,1.50136,1.29,1.12
2017.05.25 10:32:33.440,1.50118,1.50134,1.20,1.12
2017.05.25 10:32:35.238,1.50118,1.50135,1.20,1.37
2017.05.25 10:32:36.872,1.50118,1.50135,1.20,1.50
2017.05.25 10:32:38.387,1.50118,1.50135,1.20,1.37
2017.05.25 10:32:39.461,1.5012,1.50136,1.00,2.25
2017.05.25 10:32:39.795,1.5012,1.50137,1.20,2.25
2017.05.25 10:32:39.847,1.5012,1.50137,1.45,1.37
2017.05.25 10:32:40.628,1.50122,1.5014,1.99,2.25
2017.05.25 10:32:40.680,1.50122,1.5014,1.91,2.32
2017.05.25 10:32:41.091,1.5012,1.50135,1.57,1.37
2017.05.25 10:32:41.359,1.50117,1.50135,2.17,2.62
2017.05.25 10:32:41.411,1.50118,1.50135,1.64,1.37
2017.05.25 10:32:41.969,1.50121,1.50138,1.00,1.95
2017.05.25 10:32:42.632,1.50121,1.50138,1.00,1.95
2017.05.25 10:32:43.735,1.50121,1.50137,1.00,1.75
2017.05.25 10:32:44.282,1.5012,1.50138,1.00,1.95
2017.05.25 10:32:45.768,1.5012,1.50136,1.00,1.37
2017.05.25 10:32:46.196,1.50118,1.50133,1.47,1.37
2017.05.25 10:32:46.740,1.50118,1.50133,1.10,1.37
2017.05.25 10:32:46.894,1.50118,1.50135,1.45,1.50
2017.05.25 10:32:49.712,1.50118,1.50136,1.37,1.75
2017.05.25 10:32:51.962,1.50119,1.50135,1.70,1.00
2017.05.25 10:32:52.328,1.50121,1.50138,1.95,1.75
2017.05.25 10:32:52.587,1.50121,1.50139,2.55,1.50
2017.05.25 10:32:53.053,1.50121,1.50132,1.00,1.00
2017.05.25 10:32:53.559,1.50121,1.50136,1.31,1.00
2017.05.25 10:32:54.075,1.50121,1.50137,1.66,1.50
2017.05.25 10:32:54.958,1.50121,1.50137,1.64,1.00
2017.05.25 10:32:55.061,1.50121,1.50135,1.31,1.00
2017.05.25 10:32:55.112,1.50121,1.50135,1.31,1.75
2017.05.25 10:32:55.164,1.50117,1.50135,2.07,1.75
2017.05.25 10:32:55.216,1.50116,1.50131,2.44,1.12
2017.05.25 10:32:55.365,1.50116,1.50129,1.19,1.00
2017.05.25 10:32:55.621,1.50113,1.50127,1.01,1.00
2017.05.25 10:32:55.775,1.50112,1.50125,1.69,1.00
2017.05.25 10:32:56.286,1.50112,1.50125,1.19,1.00
2017.05.25 10:32:57.536,1.50108,1.50124,1.29,1.00
2017.05.25 10:32:58.097,1.50108,1.50123,1.56,1.00
2017.05.25 10:32:58.250,1.5011,1.50123,1.19,1.00
2017.05.25 10:33:00.818,1.5011,1.50121,1.19,1.00
2017.05.25 10:33:01.331,1.50109,1.50121,1.19,1.00
2017.05.25 10:33:06.345,1.50109,1.50122,1.19,1.50
2017.05.25 10:33:06.652,1.50118,1.50124,1.39,1.00
2017.05.25 10:33:06.806,1.50118,1.50133,1.31,1.87
2017.05.25 10:33:07.633,1.50119,1.50133,1.00,1.12
2017.05.25 10:33:09.509,1.50119,1.50132,1.00,1.00
2017.05.25 10:33:10.019,1.50117,1.50132,2.06,1.75
2017.05.25 10:33:10.225,1.50114,1.50128,1.00,1.50
2017.05.25 10:33:10.328,1.50114,1.50128,1.47,1.37
2017.05.25 10:33:10.634,1.50114,1.50129,1.45,1.37
2017.05.25 10:33:11.814,1.50114,1.50129,1.45,2.25
2017.05.25 10:33:11.918,1.50113,1.50129,1.07,1.75
2017.05.25 10:33:12.483,1.50113,1.50129,1.20,1.75
2017.05.25 10:33:13.015,1.50113,1.50129,1.20,1.75
2017.05.25 10:33:13.118,1.50112,1.50129,1.00,1.75
2017.05.25 10:33:13.170,1.50114,1.50124,1.00,1.00
2017.05.25 10:33:13.325,1.50101,1.50116,1.12,1.75
2017.05.25 10:33:13.377,1.50099,1.50116,1.10,3.00
2017.05.25 10:33:13.924,1.50098,1.50116,1.10,4.12
2017.05.25 10:33:14.426,1.50097,1.50114,1.20,1.75
2017.05.25 10:33:14.832,1.50097,1.50113,1.07,1.75
2017.05.25 10:33:14.883,1.50097,1.50113,1.10,1.75
2017.05.25 10:33:15.428,1.50097,1.50114,1.45,1.75
2017.05.25 10:33:15.531,1.50101,1.50113,1.12,1.37
2017.05.25 10:33:15.583,1.50101,1.50117,1.72,1.37
2017.05.25 10:33:15.835,1.501,1.50117,1.12,1.12
2017.05.25 10:33:16.143,1.50097,1.50115,2.44,1.75
2017.05.25 10:33:17.071,1.50098,1.50115,1.62,1.75
2017.05.25 10:33:17.183,1.50098,1.50116,2.06,1.50
2017.05.25 10:33:17.288,1.50102,1.50116,1.00,1.50
2017.05.25 10:33:17.341,1.501,1.50116,1.95,1.50
2017.05.25 10:33:19.872,1.50101,1.50116,1.10,2.25
2017.05.25 10:33:21.617,1.50101,1.50116,1.00,1.75
2017.05.25 10:33:21.823,1.50098,1.50113,1.87,1.75
2017.05.25 10:33:21.875,1.50097,1.50113,1.37,1.75
2017.05.25 10:33:21.926,1.50096,1.50113,1.00,1.75
2017.05.25 10:33:21.978,1.50095,1.50113,1.12,1.75
2017.05.25 10:33:22.029,1.50097,1.50113,1.10,1.75
2017.05.25 10:33:22.675,1.50097,1.50114,1.00,1.75
2017.05.25 10:33:24.170,1.50097,1.50115,1.00,1.87
2017.05.25 10:33:26.832,1.50096,1.50111,1.00,1.37
2017.05.25 10:33:27.209,1.50096,1.50111,1.47,1.75
2017.05.25 10:33:27.567,1.50094,1.50109,1.20,1.12
2017.05.25 10:33:27.816,1.50092,1.50109,1.95,1.12
2017.05.25 10:33:27.871,1.50096,1.50111,1.07,1.50
2017.05.25 10:33:28.388,1.50096,1.50111,1.50,1.50
2017.05.25 10:33:29.363,1.50096,1.5011,1.00,1.37
2017.05.25 10:33:29.518,1.50094,1.50108,1.12,1.00
2017.05.25 10:33:29.724,1.50094,1.50108,1.37,1.00
2017.05.25 10:33:31.208,1.50094,1.50109,1.12,1.37
2017.05.25 10:33:33.416,1.50093,1.50108,1.37,1.00
2017.05.25 10:33:34.241,1.50093,1.5011,1.50,1.50
2017.05.25 10:33:34.758,1.50098,1.5011,1.12,1.00
2017.05.25 10:33:34.861,1.50098,1.50114,1.50,1.37
2017.05.25 10:33:35.238,1.50095,1.50113,2.06,2.32
2017.05.25 10:33:35.290,1.50094,1.50108,1.37,1.00
2017.05.25 10:33:35.598,1.50091,1.50107,1.00,1.50
2017.05.25 10:33:38.062,1.50092,1.50107,1.00,1.50
2017.05.25 10:33:38.696,1.50091,1.50104,1.00,1.50
2017.05.25 10:33:38.800,1.50092,1.50104,1.00,1.50
2017.05.25 10:33:38.902,1.50087,1.50104,1.12,1.50
2017.05.25 10:33:39.224,1.5009,1.50106,1.00,1.75
2017.05.25 10:33:39.737,1.50091,1.50108,1.50,2.62
2017.05.25 10:33:40.734,1.5009,1.50107,1.57,1.12
2017.05.25 10:33:41.727,1.50093,1.50109,1.95,1.12
2017.05.25 10:33:42.243,1.50096,1.50112,1.00,1.75
2017.05.25 10:33:42.345,1.50096,1.50112,1.00,1.87
2017.05.25 10:33:42.655,1.50093,1.50112,1.00,2.70
2017.05.25 10:33:43.170,1.50094,1.5011,1.00,1.50
2017.05.25 10:33:43.708,1.50094,1.5011,1.00,1.50
2017.05.25 10:33:44.118,1.50096,1.5011,1.00,1.00
2017.05.25 10:33:44.425,1.501,1.50116,1.12,1.37
2017.05.25 10:33:44.936,1.50101,1.50116,1.20,1.12
2017.05.25 10:33:45.485,1.50102,1.50118,1.00,1.50
2017.05.25 10:33:46.056,1.50101,1.50119,1.20,3.37
2017.05.25 10:33:47.131,1.50101,1.50119,1.47,3.37
2017.05.25 10:33:47.667,1.50098,1.50117,1.57,1.12
2017.05.25 10:33:47.719,1.50098,1.50117,1.57,1.12
2017.05.25 10:33:50.049,1.501,1.50116,1.37,1.00
2017.05.25 10:33:50.449,1.501,1.50116,1.12,1.00
2017.05.25 10:33:50.671,1.501,1.50113,1.00,1.95
2017.05.25 10:33:50.819,1.50094,1.5011,1.20,1.00
2017.05.25 10:33:50.974,1.50093,1.50109,1.45,1.00
2017.05.25 10:33:52.749,1.50094,1.50109,1.10,1.00
2017.05.25 10:33:54.052,1.50096,1.50112,1.37,1.37
2017.05.25 10:33:54.104,1.50099,1.50113,1.12,1.12
2017.05.25 10:33:54.310,1.50098,1.50111,1.00,1.72
2017.05.25 10:33:54.464,1.50096,1.5011,1.00,1.50
2017.05.25 10:33:54.515,1.50093,1.5011,1.87,1.50
2017.05.25 10:33:55.066,1.50097,1.50109,1.00,1.00
2017.05.25 10:33:55.118,1.50098,1.50115,1.00,1.00
2017.05.25 10:33:55.643,1.50099,1.50116,1.37,1.12
2017.05.25 10:33:56.273,1.50102,1.50117,1.00,1.37
2017.05.25 10:33:56.782,1.50102,1.50117,1.00,1.12
2017.05.25 10:33:57.646,1.50099,1.50117,3.45,1.12
2017.05.25 10:33:59.014,1.50099,1.50117,2.62,1.10
2017.05.25 10:33:59.116,1.50099,1.50115,1.00,1.10
2017.05.25 10:34:00.079,1.50098,1.50116,1.87,1.10
2017.05.25 10:34:02.106,1.50098,1.50116,2.14,1.00
2017.05.25 10:34:02.464,1.501,1.50116,1.00,1.07
2017.05.25 10:34:03.131,1.50099,1.50116,1.00,1.07
2017.05.25 10:34:03.654,1.50098,1.50116,2.25,1.07
2017.05.25 10:34:04.166,1.50098,1.50116,2.25,1.57
2017.05.25 10:34:07.123,1.50099,1.50116,1.00,1.50
2017.05.25 10:34:07.634,1.50098,1.50118,1.75,3.45
2017.05.25 10:34:08.182,1.50099,1.50117,1.00,1.82
2017.05.25 10:34:08.732,1.50098,1.50117,1.00,2.25
2017.05.25 10:34:09.154,1.501,1.50116,1.00,1.50
2017.05.25 10:34:09.661,1.50099,1.50116,1.12,1.95
2017.05.25 10:34:11.670,1.50099,1.50117,1.37,1.85
2017.05.25 10:34:11.979,1.50103,1.50116,1.12,1.00
2017.05.25 10:34:12.284,1.50106,1.50122,1.37,1.00
2017.05.25 10:34:12.389,1.5011,1.50125,1.37,1.00
2017.05.25 10:34:12.696,1.50109,1.50126,1.00,1.95
2017.05.25 10:34:13.221,1.50108,1.50125,1.00,1.57
2017.05.25 10:34:15.443,1.50108,1.50125,1.00,1.37
2017.05.25 10:34:15.596,1.50105,1.50123,2.32,1.12
2017.05.25 10:34:15.648,1.50106,1.5012,1.00,1.42
2017.05.25 10:34:15.906,1.50097,1.50108,1.87,1.37
2017.05.25 10:34:15.958,1.50098,1.50108,1.37,1.00
2017.05.25 10:34:16.544,1.50097,1.50113,2.14,1.75
2017.05.25 10:34:17.627,1.50098,1.50115,1.62,1.75
2017.05.25 10:34:17.679,1.50098,1.50115,1.62,3.00
2017.05.25 10:34:18.293,1.50098,1.50115,1.31,3.00
2017.05.25 10:34:18.505,1.50098,1.50116,1.62,1.25
2017.05.25 10:34:19.068,1.50097,1.50116,1.45,1.25
2017.05.25 10:34:19.235,1.50099,1.50114,1.95,1.13
2017.05.25 10:34:19.544,1.50108,1.5012,1.07,2.00
2017.05.25 10:34:20.005,1.50108,1.50126,1.45,1.00
2017.05.25 10:34:20.263,1.50108,1.50124,1.45,1.00
2017.05.25 10:34:20.787,1.50108,1.50124,1.75,1.00
2017.05.25 10:34:22.278,1.50108,1.50123,1.75,1.00
2017.05.25 10:34:23.048,1.5011,1.50123,1.37,1.00
2017.05.25 10:34:23.564,1.5011,1.50124,1.00,1.10
2017.05.25 10:34:23.820,1.50107,1.50122,1.12,1.00
2017.05.25 10:34:24.167,1.50107,1.5012,1.12,1.00
2017.05.25 10:34:24.478,1.50107,1.50123,1.12,1.00
2017.05.25 10:34:25.365,1.50107,1.50122,1.12,1.00
2017.05.25 10:34:25.884,1.50107,1.50123,1.12,1.00
2017.05.25 10:34:26.899,1.50107,1.50125,1.00,1.57
2017.05.25 10:34:29.220,1.50107,1.50126,3.00,1.07
2017.05.25 10:34:29.630,1.50111,1.50125,1.87,1.00
2017.05.25 10:34:29.683,1.50111,1.50129,2.25,1.00
2017.05.25 10:34:30.186,1.50114,1.5013,1.00,1.00
2017.05.25 10:34:30.727,1.50113,1.50131,1.87,1.10
2017.05.25 10:34:31.217,1.50113,1.50129,1.00,2.83
2017.05.25 10:34:31.373,1.50107,1.50121,1.00,1.00
2017.05.25 10:34:31.475,1.50104,1.50121,1.12,1.00
2017.05.25 10:34:31.991,1.50103,1.50121,1.10,1.87
2017.05.25 10:34:32.516,1.50103,1.5012,1.10,1.00
2017.05.25 10:34:33.041,1.50103,1.5012,1.37,1.00
2017.05.25 10:34:33.680,1.50103,1.50121,1.37,1.20
2017.05.25 10:34:34.210,1.50103,1.5012,1.00,1.00
2017.05.25 10:34:34.577,1.50105,1.5012,1.00,1.00
2017.05.25 10:34:34.833,1.50114,1.5013,1.20,1.87
2017.05.25 10:34:35.338,1.50114,1.50131,1.00,1.50
2017.05.25 10:34:35.887,1.50112,1.5013,1.95,1.00
2017.05.25 10:34:36.923,1.50114,1.5013,1.00,1.00
2017.05.25 10:34:37.490,1.50114,1.5013,1.37,1.00
2017.05.25 10:34:38.000,1.50114,1.50131,2.25,1.00
2017.05.25 10:34:38.467,1.50116,1.50133,1.12,1.63
2017.05.25 10:34:38.518,1.50116,1.50133,1.50,1.17
2017.05.25 10:34:39.086,1.50117,1.50134,1.12,1.63
2017.05.25 10:34:39.343,1.50117,1.50135,1.37,1.50
2017.05.25 10:34:39.701,1.50119,1.50135,1.37,1.07
2017.05.25 10:34:39.804,1.5012,1.50137,1.47,1.00
2017.05.25 10:34:39.856,1.50122,1.50137,1.37,1.00
2017.05.25 10:34:40.166,1.5012,1.50136,1.37,1.00
2017.05.25 10:34:41.688,1.50121,1.50138,1.12,1.20
2017.05.25 10:34:42.235,1.50122,1.50138,1.00,1.13
2017.05.25 10:34:42.647,1.50119,1.50138,1.50,1.13
2017.05.25 10:34:42.750,1.50119,1.50135,1.00,1.10
2017.05.25 10:34:43.272,1.50118,1.50135,1.12,1.20
2017.05.25 10:34:44.707,1.50117,1.50135,1.95,1.12
2017.05.25 10:34:45.014,1.50117,1.50132,1.00,1.50
2017.05.25 10:34:45.321,1.50118,1.50133,1.45,1.87
2017.05.25 10:34:45.373,1.50118,1.50133,1.45,1.00
2017.05.25 10:34:45.629,1.50118,1.50135,2.32,1.00
2017.05.25 10:34:45.990,1.50117,1.50133,1.95,1.00
2017.05.25 10:34:46.042,1.50117,1.50133,1.95,1.00
2017.05.25 10:34:46.593,1.50117,1.50134,1.50,1.00
2017.05.25 10:34:47.080,1.50118,1.50135,1.47,1.00
2017.05.25 10:34:47.389,1.5012,1.50138,1.20,1.00
2017.05.25 10:34:47.916,1.5012,1.50137,1.20,1.00
2017.05.25 10:34:49.645,1.50119,1.50137,2.32,1.00
2017.05.25 10:34:50.237,1.50121,1.50138,1.37,1.00
2017.05.25 10:34:52.919,1.50121,1.50137,1.37,1.00
2017.05.25 10:34:54.844,1.50121,1.50137,1.75,1.00
2017.05.25 10:34:55.367,1.50122,1.50138,1.37,1.00
2017.05.25 10:34:55.738,1.50122,1.5014,1.87,1.12
2017.05.25 10:34:56.965,1.50123,1.50139,1.50,1.00
2017.05.25 10:34:57.522,1.50125,1.50139,1.35,1.00
2017.05.25 10:34:58.063,1.50125,1.50141,1.35,1.47
2017.05.25 10:34:58.769,1.50125,1.50141,1.72,1.95
2017.05.25 10:34:59.390,1.50125,1.50141,2.10,1.87
2017.05.25 10:35:00.110,1.50127,1.50143,1.00,1.50
2017.05.25 10:35:00.213,1.50129,1.50143,1.00,1.50
2017.05.25 10:35:00.265,1.50126,1.50142,1.12,1.37
2017.05.25 10:35:00.766,1.50124,1.50141,2.25,1.95
2017.05.25 10:35:01.217,1.50124,1.50141,1.12,1.45
2017.05.25 10:35:02.165,1.50121,1.50138,2.10,1.00
2017.05.25 10:35:02.372,1.50122,1.50139,1.12,1.20
2017.05.25 10:35:02.887,1.50123,1.5014,1.30,1.37
2017.05.25 10:35:03.621,1.50123,1.5014,2.85,1.00
2017.05.25 10:35:03.724,1.50125,1.5014,1.12,1.00
2017.05.25 10:35:03.826,1.50129,1.50144,1.37,2.25
2017.05.25 10:35:04.236,1.50129,1.50146,1.37,1.00
2017.05.25 10:35:04.288,1.50129,1.50144,1.37,1.00
2017.05.25 10:35:04.442,1.50129,1.50146,2.44,1.00
2017.05.25 10:35:04.494,1.50129,1.50148,2.81,1.50
2017.05.25 10:35:04.647,1.5013,1.50147,1.50,1.37
2017.05.25 10:35:05.399,1.50129,1.50146,2.44,1.37
2017.05.25 10:35:06.284,1.50133,1.50147,1.75,1.45
2017.05.25 10:35:06.336,1.50133,1.50145,1.25,1.00
2017.05.25 10:35:06.439,1.50133,1.50143,2.06,1.00
2017.05.25 10:35:06.745,1.50133,1.50145,1.25,1.12
2017.05.25 10:35:07.530,1.50132,1.50148,1.19,1.50
2017.05.25 10:35:08.062,1.50132,1.50148,1.00,1.50
2017.05.25 10:35:09.739,1.5013,1.50148,1.12,1.50
2017.05.25 10:35:10.388,1.50132,1.50148,1.12,1.50
2017.05.25 10:35:10.440,1.50132,1.50148,1.00,1.00
2017.05.25 10:35:11.002,1.5013,1.50149,1.95,1.95
2017.05.25 10:35:11.257,1.5013,1.50146,1.37,1.00
2017.05.25 10:35:11.622,1.50129,1.50146,1.87,1.10
2017.05.25 10:35:12.165,1.50129,1.50146,1.87,1.07
2017.05.25 10:35:12.383,1.50129,1.50147,1.87,1.00
2017.05.25 10:35:13.087,1.50129,1.50147,1.87,1.07
2017.05.25 10:35:13.625,1.50131,1.50148,1.12,1.00
2017.05.25 10:35:13.787,1.50133,1.50152,1.50,2.70
2017.05.25 10:35:14.326,1.50135,1.50153,1.50,1.07
2017.05.25 10:35:14.422,1.50135,1.50153,1.87,1.07
2017.05.25 10:35:15.308,1.50135,1.50154,1.87,2.32
2017.05.25 10:35:15.823,1.50135,1.50154,1.37,1.07
2017.05.25 10:35:16.322,1.50135,1.50154,1.37,1.07
2017.05.25 10:35:17.458,1.50135,1.50154,1.37,1.07
2017.05.25 10:35:18.119,1.50135,1.50154,1.37,1.07
2017.05.25 10:35:18.644,1.50135,1.50154,1.37,1.07
2017.05.25 10:35:18.747,1.50134,1.50154,3.75,1.07
2017.05.25 10:35:20.842,1.50134,1.50154,3.00,1.07
2017.05.25 10:35:22.715,1.50134,1.50153,1.12,1.20
2017.05.25 10:35:23.238,1.50134,1.50153,1.12,1.20
2017.05.25 10:35:23.773,1.50134,1.50154,1.12,1.57
2017.05.25 10:35:26.453,1.50134,1.50152,1.12,1.10
2017.05.25 10:35:27.304,1.50134,1.50152,1.37,1.10
2017.05.25 10:35:27.458,1.50134,1.50152,1.12,1.07
2017.05.25 10:35:28.684,1.50134,1.50154,1.12,2.70
2017.05.25 10:35:29.633,1.50134,1.50151,1.00,1.00
2017.05.25 10:35:29.793,1.50131,1.50149,1.00,1.87
2017.05.25 10:35:29.844,1.50129,1.50147,1.87,1.07
2017.05.25 10:35:30.385,1.50129,1.50146,1.00,1.10
2017.05.25 10:35:31.626,1.50128,1.50145,1.47,1.00
2017.05.25 10:35:32.260,1.50128,1.50145,1.47,1.00
2017.05.25 10:35:32.764,1.50129,1.50144,1.37,1.00
2017.05.25 10:35:32.815,1.50127,1.50146,4.57,1.10
2017.05.25 10:35:33.204,1.5013,1.50145,1.12,1.07
2017.05.25 10:35:33.512,1.50127,1.50146,4.57,1.50
2017.05.25 10:35:34.844,1.50128,1.50146,1.20,1.00
2017.05.25 10:35:35.152,1.50139,1.50154,1.75,1.12
2017.05.25 10:35:35.203,1.50142,1.50156,1.00,1.00
2017.05.25 10:35:35.306,1.50142,1.5016,2.32,2.25
2017.05.25 10:35:35.409,1.50142,1.5016,3.82,1.00
2017.05.25 10:35:35.563,1.50144,1.5016,1.45,1.00
2017.05.25 10:35:36.024,1.50143,1.50162,3.45,1.00
2017.05.25 10:35:36.129,1.50143,1.50161,1.00,1.67
2017.05.25 10:35:36.283,1.50138,1.50158,1.95,1.87
2017.05.25 10:35:36.336,1.50138,1.50156,1.00,1.00
2017.05.25 10:35:36.886,1.50136,1.50156,2.32,1.95
2017.05.25 10:35:37.408,1.5014,1.50156,1.12,1.12
2017.05.25 10:35:37.816,1.5014,1.50158,1.12,1.10
2017.05.25 10:35:38.074,1.50141,1.50159,1.12,2.70
2017.05.25 10:35:38.176,1.50139,1.50157,1.00,1.00
2017.05.25 10:35:38.229,1.50137,1.50156,1.10,1.00
2017.05.25 10:35:38.756,1.50135,1.50155,2.32,1.00
2017.05.25 10:35:39.517,1.50135,1.50155,1.57,1.95
2017.05.25 10:35:41.805,1.50137,1.50155,1.82,1.12
2017.05.25 10:35:42.111,1.50139,1.50158,1.07,2.62
2017.05.25 10:35:43.714,1.50139,1.50158,1.10,1.87
2017.05.25 10:35:43.765,1.50138,1.50158,2.07,1.87
2017.05.25 10:35:44.072,1.50141,1.50159,1.85,1.00
2017.05.25 10:35:44.573,1.50141,1.50158,1.82,1.00
2017.05.25 10:35:45.507,1.50139,1.50157,2.32,1.60
2017.05.25 10:35:45.559,1.50139,1.50157,1.87,2.47
2017.05.25 10:35:45.611,1.50139,1.50152,1.00,1.10
2017.05.25 10:35:45.663,1.50135,1.50153,2.25,1.37
2017.05.25 10:35:45.715,1.50135,1.50152,1.75,1.37
2017.05.25 10:35:45.818,1.50136,1.50155,1.12,1.87
2017.05.25 10:35:46.389,1.50137,1.50155,1.57,1.00
2017.05.25 10:35:49.827,1.50137,1.50156,1.95,1.00
2017.05.25 10:35:49.953,1.50145,1.50156,1.45,1.00
2017.05.25 10:35:50.057,1.50147,1.50165,2.32,1.00
2017.05.25 10:35:50.159,1.50149,1.50167,2.32,1.00
2017.05.25 10:35:50.539,1.5015,1.50169,1.57,2.25
2017.05.25 10:35:50.955,1.50152,1.50171,1.00,2.25
2017.05.25 10:35:51.470,1.50151,1.5017,1.07,3.00
2017.05.25 10:35:51.904,1.50151,1.50168,1.07,1.00
2017.05.25 10:35:52.224,1.50152,1.50168,1.45,1.00
2017.05.25 10:35:52.532,1.50152,1.5017,2.70,1.50
2017.05.25 10:35:52.635,1.50151,1.5017,3.07,1.50
2017.05.25 10:35:52.738,1.5015,1.50168,1.20,1.00
2017.05.25 10:35:53.391,1.50149,1.50168,1.95,1.00
2017.05.25 10:35:54.144,1.50149,1.50166,1.57,1.00
2017.05.25 10:35:54.248,1.50145,1.50164,5.70,1.50
2017.05.25 10:35:54.352,1.50145,1.50164,4.57,1.50
2017.05.25 10:35:54.454,1.50145,1.50163,3.45,1.00
2017.05.25 10:35:54.729,1.50145,1.50164,3.45,1.50
2017.05.25 10:36:00.036,1.50147,1.50164,1.45,1.37
2017.05.25 10:36:00.719,1.50145,1.50164,1.07,1.50
2017.05.25 10:36:00.867,1.50144,1.5016,1.57,3.37
2017.05.25 10:36:00.919,1.50139,1.50156,1.57,1.37
2017.05.25 10:36:00.971,1.50138,1.50155,1.57,1.50
2017.05.25 10:36:02.321,1.50138,1.50155,1.95,3.25
2017.05.25 10:36:02.372,1.50135,1.50152,1.12,1.73
2017.05.25 10:36:02.628,1.50135,1.50149,2.32,1.00
2017.05.25 10:36:02.936,1.50136,1.50152,2.32,1.00
2017.05.25 10:36:03.194,1.50137,1.50152,1.45,1.00
2017.05.25 10:36:03.401,1.50135,1.50147,1.00,1.12
2017.05.25 10:36:03.453,1.50131,1.50147,1.95,1.50
2017.05.25 10:36:03.556,1.50131,1.50147,1.57,2.25
2017.05.25 10:36:03.658,1.5013,1.50147,1.47,1.63
2017.05.25 10:36:03.710,1.50129,1.50147,1.10,4.00
2017.05.25 10:36:03.763,1.50129,1.50139,1.10,1.00
2017.05.25 10:36:03.815,1.50126,1.50139,1.50,1.00
2017.05.25 10:36:04.019,1.50124,1.50139,1.50,1.00
2017.05.25 10:36:04.071,1.50124,1.50141,1.50,1.00
2017.05.25 10:36:04.606,1.50123,1.5014,2.89,1.00
2017.05.25 10:36:05.116,1.50125,1.50142,1.12,2.25
2017.05.25 10:36:06.337,1.50125,1.50141,1.87,1.12
2017.05.25 10:36:06.872,1.50125,1.50142,1.87,1.50
2017.05.25 10:36:07.686,1.50125,1.50142,1.95,1.50
2017.05.25 10:36:07.738,1.50128,1.50142,1.87,1.50
2017.05.25 10:36:08.250,1.50129,1.50143,1.37,1.00
2017.05.25 10:36:08.784,1.50129,1.50144,1.45,1.12
2017.05.25 10:36:11.034,1.50129,1.50144,1.47,1.12
2017.05.25 10:36:11.342,1.50128,1.50139,1.00,1.00
2017.05.25 10:36:11.779,1.50128,1.50141,1.00,1.00
2017.05.25 10:36:12.330,1.50127,1.50142,1.10,1.00
2017.05.25 10:36:12.841,1.50127,1.50141,1.20,1.00
2017.05.25 10:36:13.186,1.50132,1.50146,1.00,1.00
2017.05.25 10:36:13.241,1.5013,1.50146,1.87,1.00
2017.05.25 10:36:13.446,1.50129,1.50143,1.47,1.00
2017.05.25 10:36:13.956,1.50129,1.50143,1.45,1.00
2017.05.25 10:36:15.772,1.50129,1.50143,1.57,1.00
2017.05.25 10:36:16.304,1.5013,1.50144,1.57,1.00
2017.05.25 10:36:16.766,1.50132,1.50143,1.47,1.00
2017.05.25 10:36:16.817,1.50132,1.50145,1.47,1.00
2017.05.25 10:36:17.111,1.50133,1.50145,1.37,1.00
2017.05.25 10:36:17.629,1.50133,1.50147,1.95,1.37
2017.05.25 10:36:17.783,1.50133,1.50148,1.95,1.00
2017.05.25 10:36:18.292,1.50134,1.50151,1.57,1.87
2017.05.25 10:36:18.725,1.50134,1.5015,1.20,2.25
2017.05.25 10:36:18.827,1.50134,1.50142,1.00,1.00
2017.05.25 10:36:18.981,1.50131,1.50142,1.95,1.00
2017.05.25 10:36:19.033,1.50131,1.50146,1.47,1.00
2017.05.25 10:36:19.605,1.50131,1.50147,1.95,1.00
2017.05.25 10:36:19.900,1.50133,1.50149,1.00,1.00
2017.05.25 10:36:20.891,1.50132,1.50149,1.12,1.12
2017.05.25 10:36:20.994,1.50132,1.50149,1.45,1.12
2017.05.25 10:36:21.391,1.50132,1.50147,2.70,1.00
2017.05.25 10:36:21.917,1.50132,1.50148,1.95,1.00
2017.05.25 10:36:22.419,1.50132,1.50148,1.95,1.00
2017.05.25 10:36:22.985,1.50132,1.50148,1.95,1.00
2017.05.25 10:36:24.296,1.50133,1.50148,1.47,1.00
2017.05.25 10:36:24.502,1.50132,1.50148,1.00,1.50
2017.05.25 10:36:24.703,1.50131,1.50143,1.00,1.37
2017.05.25 10:36:24.755,1.50127,1.50143,1.00,1.37
2017.05.25 10:36:25.267,1.50126,1.50143,1.20,1.00
2017.05.25 10:36:25.319,1.50128,1.50143,1.00,1.00
2017.05.25 10:36:25.626,1.5013,1.50146,1.37,1.00
2017.05.25 10:36:26.169,1.5013,1.50147,1.37,1.57
2017.05.25 10:36:26.679,1.50131,1.50147,1.37,1.50
2017.05.25 10:36:26.984,1.50131,1.50147,1.50,1.50
2017.05.25 10:36:27.292,1.50135,1.50151,1.12,1.50
2017.05.25 10:36:30.154,1.50137,1.50153,1.75,1.87
2017.05.25 10:36:30.645,1.50136,1.50153,1.47,1.87
2017.05.25 10:36:30.748,1.50136,1.50152,1.20,1.37
2017.05.25 10:36:31.050,1.50134,1.50143,1.00,1.00
2017.05.25 10:36:31.254,1.50134,1.50146,1.10,1.00
2017.05.25 10:36:31.481,1.50133,1.50148,2.70,1.00
2017.05.25 10:36:34.020,1.50133,1.50148,2.70,1.00
2017.05.25 10:36:34.558,1.50134,1.50148,1.10,1.00
2017.05.25 10:36:34.763,1.50136,1.50148,1.57,1.00
2017.05.25 10:36:34.956,1.50136,1.50153,1.20,1.50
2017.05.25 10:36:35.110,1.50136,1.50151,1.95,1.00
2017.05.25 10:36:35.691,1.50136,1.50151,1.95,1.00
2017.05.25 10:36:36.385,1.50137,1.50151,1.00,1.00
2017.05.25 10:36:37.705,1.50137,1.5015,1.00,1.00
2017.05.25 10:36:38.293,1.50139,1.5015,1.00,1.00
2017.05.25 10:36:38.598,1.50139,1.50152,1.37,1.00
2017.05.25 10:36:38.921,1.50139,1.50154,1.37,1.00
2017.05.25 10:36:39.424,1.50139,1.50153,1.37,1.00
2017.05.25 10:36:39.794,1.50139,1.50155,1.37,1.00
2017.05.25 10:36:40.617,1.50137,1.50155,1.95,1.00
2017.05.25 10:36:41.444,1.5014,1.50156,1.00,1.10
2017.05.25 10:36:41.699,1.5014,1.50158,1.87,1.00
2017.05.25 10:36:42.215,1.50141,1.50158,1.00,1.00
2017.05.25 10:36:43.302,1.50141,1.50158,1.00,1.07
2017.05.25 10:36:43.813,1.5014,1.50156,1.00,1.00
2017.05.25 10:36:47.514,1.5014,1.50155,1.12,1.00
2017.05.25 10:36:51.209,1.50138,1.50155,1.47,1.00
2017.05.25 10:36:52.077,1.50138,1.50155,1.47,1.00
2017.05.25 10:36:52.794,1.50138,1.50156,1.95,1.00
2017.05.25 10:36:54.334,1.50138,1.50155,2.70,1.00
2017.05.25 10:36:54.409,1.50138,1.50155,2.70,1.00
2017.05.25 10:36:55.621,1.5014,1.50155,1.12,1.37
2017.05.25 10:36:57.472,1.5014,1.50154,1.37,1.37
2017.05.25 10:36:58.399,1.50139,1.50154,1.47,1.37
2017.05.25 10:36:58.923,1.50141,1.50154,1.12,1.12
2017.05.25 10:37:00.076,1.50141,1.50156,1.12,1.00
2017.05.25 10:37:00.855,1.50141,1.50156,1.37,1.00
2017.05.25 10:37:01.060,1.50144,1.50159,1.20,1.00
2017.05.25 10:37:01.714,1.50142,1.5016,1.95,1.00
2017.05.25 10:37:02.275,1.50142,1.50159,1.95,1.00
2017.05.25 10:37:02.890,1.50142,1.50159,1.95,1.00
2017.05.25 10:37:03.465,1.50142,1.50158,1.95,1.00
2017.05.25 10:37:03.819,1.50142,1.50158,1.95,1.00
2017.05.25 10:37:03.974,1.50145,1.50159,1.00,1.00
2017.05.25 10:37:04.384,1.50145,1.50162,1.47,1.12
2017.05.25 10:37:07.155,1.50144,1.50162,1.95,1.87
2017.05.25 10:37:09.333,1.50145,1.50162,1.47,1.87
2017.05.25 10:37:10.963,1.50145,1.50162,1.20,1.87
2017.05.25 10:37:12.318,1.50145,1.50162,1.45,1.50
2017.05.25 10:37:14.602,1.50145,1.50165,2.70,1.87
2017.05.25 10:37:18.124,1.5015,1.50166,1.37,1.87
2017.05.25 10:37:18.175,1.50151,1.50166,1.45,1.00
2017.05.25 10:37:18.227,1.50152,1.50171,3.45,1.50
2017.05.25 10:37:18.329,1.50155,1.50173,1.20,1.50
2017.05.25 10:37:18.381,1.50157,1.50173,1.47,1.00
2017.05.25 10:37:18.791,1.50159,1.50178,2.62,2.70
2017.05.25 10:37:19.533,1.50158,1.50175,1.37,1.00
2017.05.25 10:37:20.091,1.50158,1.50174,1.00,1.00
2017.05.25 10:37:21.012,1.50158,1.50175,1.00,1.10
2017.05.25 10:37:21.574,1.50156,1.50174,1.95,1.00
2017.05.25 10:37:22.403,1.50156,1.50174,1.47,1.00
2017.05.25 10:37:23.102,1.50157,1.50175,1.37,1.50
2017.05.25 10:37:23.630,1.50159,1.50176,3.37,1.00
2017.05.25 10:37:23.936,1.50162,1.50174,1.20,1.00
2017.05.25 10:37:24.039,1.50162,1.5018,1.95,1.87
2017.05.25 10:37:24.090,1.50162,1.5018,1.95,1.12
2017.05.25 10:37:24.192,1.50162,1.5018,1.95,1.50
2017.05.25 10:37:24.502,1.50162,1.50175,1.20,1.00
2017.05.25 10:37:24.604,1.50162,1.50179,1.20,1.50
2017.05.25 10:37:24.786,1.50162,1.50179,1.37,1.50
2017.05.25 10:37:25.372,1.50162,1.50179,1.37,1.00
2017.05.25 10:37:25.890,1.50163,1.50179,1.10,1.00
2017.05.25 10:37:26.564,1.50163,1.5018,1.10,2.25
2017.05.25 10:37:27.107,1.50163,1.5018,1.47,1.50
2017.05.25 10:37:27.415,1.50168,1.50182,1.12,1.00
2017.05.25 10:37:27.776,1.50168,1.50184,1.12,1.12
2017.05.25 10:37:28.279,1.50167,1.50183,1.37,1.00
2017.05.25 10:37:28.382,1.50167,1.50185,1.47,1.50
2017.05.25 10:37:29.403,1.50169,1.50185,1.20,1.00
2017.05.25 10:37:29.849,1.50176,1.50186,1.37,1.87
2017.05.25 10:37:29.955,1.50177,1.50189,1.47,1.00
2017.05.25 10:37:30.060,1.50177,1.50192,1.37,1.12
2017.05.25 10:37:30.214,1.50178,1.50195,1.45,1.87
2017.05.25 10:37:31.156,1.50178,1.50194,2.25,1.12
2017.05.25 10:37:32.686,1.50177,1.50194,1.47,1.37
2017.05.25 10:37:33.233,1.50175,1.50192,4.57,1.00
2017.05.25 10:37:33.852,1.50175,1.50192,4.95,1.00
2017.05.25 10:37:34.881,1.50176,1.50192,1.45,1.00
2017.05.25 10:37:36.993,1.50175,1.50192,1.58,1.00
2017.05.25 10:37:37.386,1.50175,1.50194,1.58,1.50
2017.05.25 10:37:38.265,1.50174,1.50192,1.45,1.00
2017.05.25 10:37:38.816,1.50175,1.50193,1.20,1.00
2017.05.25 10:37:41.254,1.50175,1.50193,1.45,1.00
2017.05.25 10:37:42.594,1.50175,1.50193,1.45,1.00
2017.05.25 10:37:43.444,1.50175,1.50194,1.95,1.50
2017.05.25 10:37:47.238,1.50175,1.50191,1.07,1.12
2017.05.25 10:37:47.290,1.50172,1.50192,1.58,1.00
2017.05.25 10:37:47.342,1.50172,1.50191,1.95,1.00
2017.05.25 10:37:47.393,1.50171,1.50189,1.95,1.87
2017.05.25 10:37:47.699,1.5017,1.50186,1.45,1.00
2017.05.25 10:37:48.376,1.50169,1.50186,1.45,1.50
2017.05.25 10:37:49.223,1.50168,1.50184,1.20,1.00
2017.05.25 10:37:49.890,1.50168,1.50183,1.58,1.00
2017.05.25 10:37:50.412,1.50168,1.50184,1.45,1.00
2017.05.25 10:37:50.465,1.50168,1.50184,1.58,1.00
2017.05.25 10:37:53.196,1.50168,1.50184,1.45,1.00
2017.05.25 10:37:55.495,1.50169,1.50186,1.20,1.50
2017.05.25 10:37:56.017,1.50169,1.50185,1.20,1.00
2017.05.25 10:37:56.351,1.50166,1.50184,2.33,1.50
2017.05.25 10:37:56.721,1.50164,1.50182,1.95,1.00
2017.05.25 10:37:57.029,1.50168,1.50182,1.45,1.00
2017.05.25 10:37:57.284,1.50168,1.50186,1.45,1.50
2017.05.25 10:37:57.710,1.50168,1.50186,1.48,1.50
2017.05.25 10:37:57.814,1.50169,1.50181,1.00,1.00
2017.05.25 10:37:57.952,1.50165,1.50181,1.58,1.00
2017.05.25 10:37:58.157,1.50165,1.50179,1.08,1.00
2017.05.25 10:37:58.378,1.50163,1.50181,3.83,1.00
2017.05.25 10:37:59.015,1.50163,1.5018,3.08,1.00
2017.05.25 10:37:59.784,1.50163,1.50181,3.08,1.00
2017.05.25 10:38:00.334,1.50165,1.50181,1.45,1.00
2017.05.25 10:38:00.884,1.50165,1.50182,1.45,1.12
2017.05.25 10:38:03.146,1.50169,1.50184,1.00,1.00
2017.05.25 10:38:03.248,1.50167,1.50185,1.20,1.50
2017.05.25 10:38:03.555,1.50166,1.50185,1.82,2.25
2017.05.25 10:38:03.607,1.50166,1.50185,1.82,2.62
2017.05.25 10:38:03.972,1.50167,1.50182,1.00,1.50
2017.05.25 10:38:04.513,1.50163,1.50182,3.82,2.25
2017.05.25 10:38:07.766,1.50165,1.50182,1.95,2.25
2017.05.25 10:38:08.308,1.50165,1.50184,2.32,1.50
2017.05.25 10:38:11.147,1.5017,1.50185,1.50,1.37
2017.05.25 10:38:11.202,1.5017,1.50186,1.50,1.00
2017.05.25 10:38:11.714,1.50172,1.50187,1.37,1.50
2017.05.25 10:38:13.162,1.50173,1.50188,1.20,1.00
2017.05.25 10:38:13.632,1.50173,1.5019,1.45,2.62
2017.05.25 10:38:13.980,1.50186,1.50202,1.00,1.87
2017.05.25 10:38:14.033,1.50183,1.502,1.87,1.85
2017.05.25 10:38:14.185,1.50182,1.50197,1.38,1.10
2017.05.25 10:38:14.339,1.5018,1.50198,2.32,1.37
2017.05.25 10:38:14.390,1.50182,1.50199,1.87,1.75
2017.05.25 10:38:14.547,1.50183,1.5019,1.00,1.00
2017.05.25 10:38:14.650,1.50184,1.50197,1.37,1.00
2017.05.25 10:38:14.702,1.50184,1.50197,4.13,1.00
2017.05.25 10:38:14.857,1.50187,1.50204,1.38,1.57
2017.05.25 10:38:15.063,1.50186,1.502,1.00,1.00
2017.05.25 10:38:15.270,1.50188,1.50202,1.00,1.00
2017.05.25 10:38:15.461,1.50188,1.502,1.00,1.00
2017.05.25 10:38:15.768,1.50188,1.502,1.00,1.00
2017.05.25 10:38:16.178,1.50194,1.502,1.00,1.00
2017.05.25 10:38:16.281,1.50194,1.50203,1.00,1.00
2017.05.25 10:38:16.718,1.50192,1.50204,1.00,2.25
2017.05.25 10:38:16.770,1.50194,1.50201,1.00,1.12
2017.05.25 10:38:16.822,1.50191,1.50201,1.00,1.12
2017.05.25 10:38:17.031,1.5019,1.50203,1.00,1.12
2017.05.25 10:38:17.622,1.5019,1.50197,1.00,3.45
2017.05.25 10:38:17.877,1.50177,1.50186,1.00,1.72
2017.05.25 10:38:18.039,1.50175,1.50186,1.00,2.47
2017.05.25 10:38:18.584,1.50174,1.50186,1.00,1.30
2017.05.25 10:38:19.119,1.50176,1.50186,1.00,1.12
2017.05.25 10:38:19.458,1.50169,1.50178,1.00,2.47
2017.05.25 10:38:19.561,1.50167,1.50179,1.50,3.22
2017.05.25 10:38:20.073,1.50168,1.50178,1.00,1.72
2017.05.25 10:38:20.412,1.50167,1.50178,1.00,2.47
2017.05.25 10:38:20.935,1.50167,1.50178,1.00,2.47
2017.05.25 10:38:21.493,1.50167,1.50178,1.00,1.87
2017.05.25 10:38:22.206,1.50167,1.50179,1.00,1.30
2017.05.25 10:38:24.435,1.50167,1.50179,1.00,1.37
2017.05.25 10:38:24.487,1.50165,1.50179,1.00,3.22
2017.05.25 10:38:24.538,1.50164,1.50179,1.00,1.50
2017.05.25 10:38:24.641,1.50164,1.50179,1.00,1.87
2017.05.25 10:38:24.948,1.50165,1.5017,1.00,1.00
2017.05.25 10:38:24.999,1.50165,1.50173,1.00,1.00
2017.05.25 10:38:25.306,1.50162,1.50175,1.12,1.12
2017.05.25 10:38:30.727,1.50164,1.50177,1.00,1.47
2017.05.25 10:38:31.361,1.50163,1.50177,1.00,1.20
2017.05.25 10:38:31.514,1.50166,1.50177,1.00,1.00
2017.05.25 10:38:32.256,1.50166,1.50176,1.00,1.00
2017.05.25 10:38:32.308,1.50164,1.50176,1.00,1.00
2017.05.25 10:38:32.894,1.50165,1.50177,1.00,1.12
2017.05.25 10:38:33.865,1.50164,1.50177,1.00,1.12
2017.05.25 10:38:34.329,1.50167,1.50177,1.00,1.00
2017.05.25 10:38:34.482,1.50167,1.50179,1.00,1.00
2017.05.25 10:38:34.913,1.50167,1.50182,1.00,1.47
2017.05.25 10:38:35.424,1.50167,1.5018,1.00,1.00
2017.05.25 10:38:35.756,1.50171,1.5018,1.25,1.00
2017.05.25 10:38:35.961,1.5018,1.50193,1.10,1.00
2017.05.25 10:38:36.273,1.50183,1.50194,1.00,1.00
2017.05.25 10:38:36.784,1.50184,1.50195,1.00,1.00
2017.05.25 10:38:37.949,1.50185,1.50195,1.00,1.00
2017.05.25 10:38:38.001,1.50185,1.50197,1.00,1.00
2017.05.25 10:38:38.104,1.50185,1.50199,1.00,1.12
2017.05.25 10:38:39.039,1.50186,1.50199,1.00,1.12
2017.05.25 10:38:39.192,1.50189,1.50199,1.00,1.12
2017.05.25 10:38:39.295,1.50191,1.50204,1.00,1.95
2017.05.25 10:38:39.458,1.50184,1.50199,1.50,1.70
2017.05.25 10:38:39.766,1.50185,1.50189,1.00,1.00
2017.05.25 10:38:40.374,1.50185,1.50191,1.00,1.00
2017.05.25 10:38:41.034,1.50185,1.50192,1.00,1.00
2017.05.25 10:38:41.584,1.50185,1.50193,1.00,1.00
2017.05.25 10:38:42.145,1.50183,1.50193,1.00,1.00
2017.05.25 10:38:42.665,1.50183,1.50194,1.00,1.00
2017.05.25 10:38:42.717,1.50183,1.50191,1.00,1.00
2017.05.25 10:38:42.887,1.5018,1.50191,1.00,1.00
2017.05.25 10:38:43.093,1.50177,1.50192,1.00,2.25
2017.05.25 10:38:43.195,1.50177,1.5019,1.00,1.00
2017.05.25 10:38:44.716,1.50179,1.50188,1.12,1.00
2017.05.25 10:38:45.022,1.50183,1.50191,1.00,1.00
2017.05.25 10:38:45.415,1.5018,1.5019,1.00,1.00
2017.05.25 10:38:45.912,1.5018,1.50192,1.00,1.50
2017.05.25 10:38:46.975,1.5018,1.50191,1.00,1.00
2017.05.25 10:38:47.495,1.5018,1.50192,1.00,1.00
2017.05.25 10:38:48.073,1.5018,1.5019,1.00,1.00
2017.05.25 10:38:48.586,1.5018,1.50191,1.00,1.00
2017.05.25 10:38:48.892,1.50185,1.50194,1.00,1.00
2017.05.25 10:38:48.994,1.50185,1.50197,1.00,1.00
2017.05.25 10:38:49.577,1.50186,1.50197,1.00,1.00
2017.05.25 10:38:49.630,1.50187,1.50199,1.00,1.50
2017.05.25 10:38:49.938,1.50189,1.50199,1.00,1.00
2017.05.25 10:38:50.252,1.50181,1.5019,1.00,1.00
2017.05.25 10:38:50.303,1.50178,1.5019,1.00,1.00
2017.05.25 10:38:50.508,1.50176,1.5019,1.00,1.00
2017.05.25 10:38:50.713,1.50177,1.50191,1.00,2.10
2017.05.25 10:38:50.867,1.50177,1.50191,1.00,2.10
2017.05.25 10:38:51.395,1.50176,1.5019,1.00,1.00
2017.05.25 10:38:51.908,1.50177,1.50191,1.00,1.87
2017.05.25 10:38:52.525,1.50178,1.5019,1.00,1.37
2017.05.25 10:38:52.724,1.50178,1.50192,1.00,1.47
2017.05.25 10:38:53.026,1.50184,1.50189,1.00,1.00
2017.05.25 10:38:53.282,1.50187,1.502,1.45,1.50
2017.05.25 10:38:53.334,1.50194,1.502,1.10,1.50
2017.05.25 10:38:53.623,1.50197,1.50209,1.00,1.00
2017.05.25 10:38:53.932,1.50195,1.5021,1.10,1.00
2017.05.25 10:38:54.453,1.50195,1.5021,1.07,1.50
2017.05.25 10:38:55.224,1.50202,1.5021,1.37,1.00
2017.05.25 10:38:55.276,1.50205,1.50214,1.37,1.00
2017.05.25 10:38:55.328,1.50208,1.50214,1.47,1.00
2017.05.25 10:38:55.380,1.50211,1.50218,1.37,1.00
2017.05.25 10:38:55.485,1.50212,1.50226,1.10,1.87
2017.05.25 10:38:55.537,1.50215,1.50226,1.00,1.00
2017.05.25 10:38:55.844,1.50214,1.5022,1.00,1.00
2017.05.25 10:38:55.896,1.50214,1.50224,1.00,1.00
2017.05.25 10:38:56.115,1.50215,1.50227,1.00,1.00
2017.05.25 10:38:57.037,1.50216,1.50227,1.00,1.00
2017.05.25 10:38:57.434,1.50216,1.50229,1.00,1.00
2017.05.25 10:38:57.589,1.50218,1.50229,1.00,1.00
2017.05.25 10:38:58.286,1.50218,1.5023,1.00,1.00
2017.05.25 10:38:58.605,1.50216,1.50229,1.00,1.00
2017.05.25 10:38:58.657,1.50216,1.50231,1.00,1.00
2017.05.25 10:38:59.202,1.50215,1.5023,1.00,1.00
2017.05.25 10:38:59.735,1.50216,1.5023,1.00,1.00
2017.05.25 10:39:00.324,1.50216,1.50231,1.00,1.00
2017.05.25 10:39:00.825,1.50216,1.50232,1.00,1.50
2017.05.25 10:39:00.943,1.50216,1.5023,1.00,1.00
2017.05.25 10:39:01.274,1.50216,1.50228,1.00,1.50
2017.05.25 10:39:01.809,1.50216,1.50227,1.00,1.00
2017.05.25 10:39:02.335,1.50216,1.50228,1.00,1.00
2017.05.25 10:39:02.642,1.50216,1.50227,1.25,1.00
2017.05.25 10:39:02.796,1.5022,1.50229,1.00,1.00
2017.05.25 10:39:03.255,1.5022,1.50231,1.00,1.00
2017.05.25 10:39:03.773,1.50221,1.50231,1.00,1.00
2017.05.25 10:39:04.210,1.50223,1.50231,1.00,1.00
2017.05.25 10:39:04.520,1.50226,1.50234,1.00,1.00
2017.05.25 10:39:04.793,1.50228,1.50237,1.00,1.50
2017.05.25 10:39:04.845,1.50228,1.50234,1.00,1.00
2017.05.25 10:39:05.207,1.50223,1.50233,1.00,1.00
2017.05.25 10:39:05.259,1.5022,1.50226,1.20,1.00
2017.05.25 10:39:05.362,1.50219,1.5023,1.00,1.37
2017.05.25 10:39:05.567,1.50219,1.50229,1.00,1.00
2017.05.25 10:39:05.619,1.50221,1.50228,1.00,1.00
2017.05.25 10:39:06.296,1.50221,1.5023,1.00,1.00
2017.05.25 10:39:06.399,1.50219,1.5023,1.00,1.00
2017.05.25 10:39:06.450,1.50219,1.50229,1.00,1.37
2017.05.25 10:39:06.605,1.50223,1.5023,1.00,1.00
2017.05.25 10:39:07.115,1.50222,1.5023,1.00,1.00
2017.05.25 10:39:08.239,1.50223,1.5023,1.00,1.12
2017.05.25 10:39:08.342,1.50221,1.50231,1.00,1.37
2017.05.25 10:39:08.882,1.50222,1.50231,1.00,1.00
2017.05.25 10:39:09.037,1.5022,1.50233,1.00,1.37
2017.05.25 10:39:09.553,1.50221,1.50232,1.00,1.12
2017.05.25 10:39:10.146,1.50221,1.50232,1.00,1.37
2017.05.25 10:39:10.249,1.50214,1.50226,1.50,1.57
2017.05.25 10:39:10.556,1.50217,1.50226,1.00,1.37
2017.05.25 10:39:10.761,1.50217,1.50228,1.00,1.37
2017.05.25 10:39:11.319,1.50217,1.50226,1.00,1.12
2017.05.25 10:39:11.830,1.50216,1.50227,1.00,1.12
2017.05.25 10:39:11.934,1.50219,1.50227,1.00,1.12
2017.05.25 10:39:12.038,1.50219,1.50229,1.00,1.12
2017.05.25 10:39:12.552,1.5022,1.50232,1.00,1.37
2017.05.25 10:39:12.847,1.50218,1.50232,1.00,1.87
2017.05.25 10:39:13.743,1.50218,1.50229,1.00,1.12
2017.05.25 10:39:14.237,1.50219,1.50232,1.00,1.37
2017.05.25 10:39:14.769,1.50219,1.50232,1.00,1.37
2017.05.25 10:39:15.280,1.5022,1.50232,1.00,1.37
2017.05.25 10:39:15.814,1.50221,1.5023,1.00,1.12
2017.05.25 10:39:16.838,1.5022,1.5023,1.00,1.12
2017.05.25 10:39:16.889,1.50218,1.5023,1.00,1.12
2017.05.25 10:39:16.940,1.50218,1.50228,1.00,1.00
2017.05.25 10:39:17.404,1.5022,1.50228,1.00,1.00
2017.05.25 10:39:17.914,1.5022,1.5023,1.00,1.37
2017.05.25 10:39:18.372,1.5022,1.50232,1.00,1.37
2017.05.25 10:39:18.933,1.5022,1.5023,1.00,1.00
2017.05.25 10:39:19.350,1.50222,1.5023,1.00,1.12
2017.05.25 10:39:19.606,1.50222,1.50233,1.00,1.37
2017.05.25 10:39:20.015,1.50219,1.5023,1.00,1.75
2017.05.25 10:39:20.168,1.50215,1.50229,1.00,1.75
2017.05.25 10:39:20.271,1.50215,1.50226,1.00,1.75
2017.05.25 10:39:20.782,1.50214,1.50227,1.00,1.75
2017.05.25 10:39:20.885,1.50211,1.50227,1.00,1.75
2017.05.25 10:39:21.396,1.5021,1.50222,1.00,1.37
2017.05.25 10:39:21.914,1.5021,1.50222,1.00,1.37
2017.05.25 10:39:23.776,1.5021,1.50223,1.00,1.37
2017.05.25 10:39:24.311,1.5021,1.50223,1.00,1.37
2017.05.25 10:39:24.829,1.5021,1.50222,1.00,1.37
2017.05.25 10:39:24.931,1.50212,1.50222,1.00,1.37
2017.05.25 10:39:25.296,1.50215,1.50226,1.00,1.37
2017.05.25 10:39:25.806,1.50215,1.50225,1.00,1.00
2017.05.25 10:39:26.313,1.50215,1.50227,1.00,1.00
2017.05.25 10:39:26.862,1.50215,1.50228,1.00,1.12
2017.05.25 10:39:27.544,1.50217,1.50229,1.00,1.87
2017.05.25 10:39:28.170,1.50216,1.50228,1.00,1.00
2017.05.25 10:39:28.478,1.50207,1.50219,1.50,1.00
2017.05.25 10:39:28.999,1.5021,1.50222,1.25,1.12
2017.05.25 10:39:29.154,1.50213,1.50223,1.17,1.00
2017.05.25 10:39:29.258,1.50213,1.50225,1.17,1.50
2017.05.25 10:39:30.066,1.50215,1.50225,1.25,1.00
2017.05.25 10:39:30.453,1.50219,1.50227,1.00,1.00
2017.05.25 10:39:31.343,1.50215,1.50227,1.13,1.00
2017.05.25 10:39:31.446,1.50215,1.50226,1.00,1.37
2017.05.25 10:39:31.600,1.50215,1.50225,1.13,1.37
2017.05.25 10:39:32.931,1.50216,1.50223,1.12,1.00
2017.05.25 10:39:32.984,1.50212,1.50223,1.37,1.00
2017.05.25 10:39:33.037,1.50213,1.50223,1.75,1.00
2017.05.25 10:39:33.089,1.50213,1.50223,1.37,1.00
2017.05.25 10:39:33.141,1.50214,1.5022,1.12,1.00
2017.05.25 10:39:33.526,1.50214,1.50221,1.50,1.00
2017.05.25 10:39:33.629,1.50213,1.50221,1.37,1.00
2017.05.25 10:39:33.834,1.50213,1.50221,1.75,1.00
2017.05.25 10:39:34.041,1.50216,1.50224,1.37,1.00
2017.05.25 10:39:34.196,1.50219,1.50224,1.00,1.00
2017.05.25 10:39:34.248,1.5022,1.50227,1.00,1.00
2017.05.25 10:39:35.455,1.5022,1.50228,1.00,1.00
2017.05.25 10:39:35.984,1.5022,1.50229,1.00,1.00
2017.05.25 10:39:36.543,1.50222,1.50229,1.00,1.00
2017.05.25 10:39:37.004,1.50222,1.50232,1.00,1.00
2017.05.25 10:39:37.846,1.50222,1.50233,1.00,1.20
2017.05.25 10:39:38.478,1.50223,1.50232,1.00,1.20
2017.05.25 10:39:38.804,1.50225,1.50233,1.12,1.20
2017.05.25 10:39:38.907,1.50227,1.50237,1.00,1.00
2017.05.25 10:39:38.958,1.50228,1.50239,1.00,1.00
2017.05.25 10:39:39.469,1.50228,1.50238,1.00,1.00
2017.05.25 10:39:39.623,1.5023,1.50238,1.00,1.00
2017.05.25 10:39:39.844,1.5023,1.5024,1.00,1.00
2017.05.25 10:39:40.102,1.50229,1.5024,1.12,1.57
2017.05.25 10:39:40.627,1.50228,1.50237,1.00,1.00
2017.05.25 10:39:40.832,1.50226,1.50237,1.12,1.87
2017.05.25 10:39:41.048,1.50226,1.50235,1.12,1.50
2017.05.25 10:39:41.400,1.50228,1.50235,1.00,1.50
2017.05.25 10:39:41.709,1.50229,1.50237,1.00,1.00
2017.05.25 10:39:42.225,1.50229,1.50236,1.00,1.00
2017.05.25 10:39:42.747,1.50231,1.50236,1.00,1.00
2017.05.25 10:39:42.952,1.50234,1.50243,1.12,1.00
2017.05.25 10:39:43.157,1.50232,1.50243,1.00,1.37
2017.05.25 10:39:43.259,1.50232,1.5024,1.00,1.00
2017.05.25 10:39:43.763,1.50232,1.50239,1.00,1.00
2017.05.25 10:39:43.814,1.50232,1.50241,1.00,1.12
2017.05.25 10:39:44.315,1.50232,1.5024,1.00,1.00
2017.05.25 10:39:44.911,1.50224,1.50237,1.75,1.00
2017.05.25 10:39:45.014,1.50227,1.50235,1.12,1.95
2017.05.25 10:39:45.167,1.50224,1.50231,1.00,1.00
2017.05.25 10:39:45.711,1.50224,1.5023,1.00,1.00
2017.05.25 10:39:45.762,1.50222,1.5023,1.00,1.00
2017.05.25 10:39:46.396,1.5022,1.5023,1.00,1.00
2017.05.25 10:39:46.448,1.50218,1.5023,1.00,2.25
2017.05.25 10:39:46.550,1.50218,1.50229,1.00,1.12
2017.05.25 10:39:46.880,1.50222,1.50231,1.00,1.50
2017.05.25 10:39:47.386,1.5022,1.5023,1.37,1.00
2017.05.25 10:39:47.694,1.50223,1.5023,1.00,1.00
2017.05.25 10:39:47.827,1.5022,1.5023,1.37,1.00
2017.05.25 10:39:48.510,1.5022,1.50229,1.37,1.00
2017.05.25 10:39:49.022,1.5022,1.50228,1.37,1.00
2017.05.25 10:39:49.554,1.50221,1.50227,1.12,1.00
2017.05.25 10:39:49.606,1.50223,1.50227,1.12,1.00
2017.05.25 10:39:49.914,1.50225,1.50229,1.00,1.00
2017.05.25 10:39:50.067,1.50223,1.50228,1.12,1.00
2017.05.25 10:39:51.056,1.50223,1.5023,1.12,1.00
2017.05.25 10:39:51.283,1.50223,1.5023,1.37,1.00
2017.05.25 10:39:51.880,1.50223,1.50229,1.37,1.00
2017.05.25 10:39:52.381,1.50222,1.50228,1.50,1.00
2017.05.25 10:39:52.742,1.50228,1.50233,1.00,1.00
2017.05.25 10:39:53.475,1.5023,1.50234,1.00,1.00
2017.05.25 10:39:53.833,1.5023,1.50235,1.00,1.00
2017.05.25 10:39:54.300,1.50223,1.50234,1.37,1.10
2017.05.25 10:39:54.352,1.50221,1.50225,1.50,1.00
2017.05.25 10:39:54.403,1.5022,1.50225,1.00,1.00
2017.05.25 10:39:54.656,1.50224,1.5023,1.12,1.00
2017.05.25 10:39:54.861,1.50224,1.50234,1.12,1.12
2017.05.25 10:39:55.168,1.50224,1.50233,1.37,1.50
2017.05.25 10:39:55.784,1.50224,1.50231,1.37,1.00
2017.05.25 10:39:56.483,1.50224,1.5023,1.37,1.00
2017.05.25 10:39:57.091,1.50224,1.50231,1.37,1.00
2017.05.25 10:39:57.445,1.50225,1.50229,1.12,1.00
2017.05.25 10:39:57.956,1.50225,1.50229,1.00,1.00
2017.05.25 10:39:58.897,1.50224,1.50228,1.12,1.00
2017.05.25 10:39:59.431,1.50224,1.50228,1.12,1.00
2017.05.25 10:39:59.980,1.50224,1.50229,1.12,1.00
2017.05.25 10:40:00.338,1.50226,1.5023,1.00,1.00
2017.05.25 10:40:00.640,1.50225,1.50232,1.37,1.00
2017.05.25 10:40:01.201,1.50226,1.50233,1.37,1.00
2017.05.25 10:40:01.590,1.50226,1.50234,1.75,1.00
2017.05.25 10:40:01.642,1.50227,1.50234,1.12,1.00
2017.05.25 10:40:01.749,1.50225,1.50238,1.37,1.37
2017.05.25 10:40:02.261,1.50224,1.50236,1.50,1.50
2017.05.25 10:40:02.314,1.50224,1.50234,1.50,1.00
2017.05.25 10:40:02.622,1.50228,1.50235,1.37,1.00
2017.05.25 10:40:03.196,1.50232,1.50236,1.00,1.00
2017.05.25 10:40:03.299,1.50237,1.50246,1.00,1.12
2017.05.25 10:40:03.503,1.50236,1.50243,1.00,1.00
2017.05.25 10:40:04.582,1.50236,1.50243,1.00,1.00
2017.05.25 10:40:04.802,1.50234,1.50244,1.00,1.00
2017.05.25 10:40:04.853,1.50234,1.50244,1.00,1.57
2017.05.25 10:40:05.378,1.50233,1.50242,1.00,1.37
2017.05.25 10:40:05.686,1.50235,1.50243,1.00,1.00
2017.05.25 10:40:06.213,1.50234,1.50246,1.00,1.45
2017.05.25 10:40:07.181,1.50234,1.50247,1.00,2.32
2017.05.25 10:40:07.489,1.50232,1.50246,1.00,1.57
2017.05.25 10:40:08.480,1.50232,1.50246,1.00,2.32
2017.05.25 10:40:08.685,1.50234,1.50246,1.00,1.57
2017.05.25 10:40:08.994,1.50231,1.50244,1.00,1.85
2017.05.25 10:40:10.231,1.50233,1.50245,1.00,1.87
2017.05.25 10:40:10.742,1.50235,1.50246,1.00,2.25
2017.05.25 10:40:11.283,1.50236,1.50246,1.00,1.00
2017.05.25 10:40:11.438,1.50236,1.50248,1.00,1.12
2017.05.25 10:40:11.645,1.50235,1.50246,1.00,1.00
2017.05.25 10:40:11.953,1.50236,1.50248,1.00,2.62
2017.05.25 10:40:12.081,1.50236,1.50243,1.00,1.00
2017.05.25 10:40:12.547,1.50236,1.50246,1.00,1.00
2017.05.25 10:40:14.045,1.50236,1.50247,1.00,1.87
2017.05.25 10:40:14.637,1.50236,1.50245,1.00,1.00
2017.05.25 10:40:14.844,1.50238,1.50248,1.00,1.00
2017.05.25 10:40:15.375,1.50237,1.50249,1.00,2.25
2017.05.25 10:40:16.047,1.50237,1.50247,1.00,1.00
2017.05.25 10:40:16.542,1.50233,1.50246,1.00,2.10
2017.05.25 10:40:17.159,1.50234,1.50244,1.00,1.37
2017.05.25 10:40:17.610,1.50234,1.50244,1.00,1.12
2017.05.25 10:40:18.125,1.50235,1.50246,1.00,1.87
2017.05.25 10:40:18.227,1.50237,1.50246,1.00,1.87
2017.05.25 10:40:18.535,1.50235,1.50246,1.00,3.75
2017.05.25 10:40:18.791,1.50237,1.50247,1.00,1.75
2017.05.25 10:40:18.843,1.50236,1.50246,1.00,2.25
2017.05.25 10:40:18.946,1.50238,1.50249,1.00,3.75
2017.05.25 10:40:22.894,1.50239,1.5025,1.00,3.00
2017.05.25 10:40:23.349,1.50239,1.50249,1.00,1.50
2017.05.25 10:40:23.968,1.50238,1.50249,1.00,1.75
2017.05.25 10:40:24.070,1.50237,1.50249,1.00,1.85
2017.05.25 10:40:24.617,1.50236,1.50248,1.00,1.75
2017.05.25 10:40:24.928,1.50233,1.50243,1.00,1.75
2017.05.25 10:40:25.450,1.50232,1.50243,1.00,1.75
2017.05.25 10:40:28.776,1.50232,1.50243,1.00,2.25
2017.05.25 10:40:28.829,1.50232,1.50244,1.00,1.75
2017.05.25 10:40:28.881,1.50234,1.50244,1.00,1.75
2017.05.25 10:40:29.035,1.50234,1.50245,1.00,1.00
2017.05.25 10:40:29.189,1.50237,1.50248,1.00,1.37
2017.05.25 10:40:29.497,1.50243,1.50254,1.00,2.62
2017.05.25 10:40:29.887,1.50246,1.50256,1.00,1.37
2017.05.25 10:40:29.939,1.50244,1.50256,1.00,1.37
2017.05.25 10:40:30.043,1.50244,1.50254,1.00,1.37
2017.05.25 10:40:30.198,1.50242,1.50254,1.00,1.87
2017.05.25 10:40:30.774,1.50241,1.50253,1.00,1.00
2017.05.25 10:40:31.300,1.50241,1.50252,1.00,1.12
2017.05.25 10:40:31.609,1.50241,1.5025,1.00,1.00
2017.05.25 10:40:32.120,1.5024,1.5025,1.00,1.00
2017.05.25 10:40:32.542,1.50239,1.50249,1.00,1.60
2017.05.25 10:40:32.594,1.50231,1.50245,1.00,1.35
2017.05.25 10:40:32.645,1.50235,1.50242,1.00,1.00
2017.05.25 10:40:32.946,1.50228,1.50234,1.00,1.00
2017.05.25 10:40:33.049,1.50228,1.50239,1.00,1.50
2017.05.25 10:40:33.406,1.50226,1.50239,1.00,1.00
2017.05.25 10:40:33.560,1.50225,1.50237,1.00,1.12
2017.05.25 10:40:34.076,1.50226,1.50237,1.00,1.20
2017.05.25 10:40:34.599,1.50229,1.50238,1.00,1.00
2017.05.25 10:40:35.111,1.5023,1.50239,1.00,1.00
2017.05.25 10:40:35.447,1.50235,1.50243,1.00,1.37
2017.05.25 10:40:35.703,1.50233,1.50244,1.00,1.37
2017.05.25 10:40:35.755,1.50235,1.50244,1.00,1.37
2017.05.25 10:40:36.185,1.50238,1.50246,1.00,1.75
2017.05.25 10:40:36.290,1.50235,1.50246,1.00,1.75
2017.05.25 10:40:36.342,1.50235,1.50246,1.00,1.00
2017.05.25 10:40:36.439,1.50235,1.5025,1.00,1.12
2017.05.25 10:40:36.491,1.50236,1.50245,1.00,1.00
2017.05.25 10:40:36.798,1.50249,1.50259,1.00,1.00
2017.05.25 10:40:37.509,1.50249,1.50261,1.00,1.25
2017.05.25 10:40:37.561,1.50251,1.50261,1.00,1.25
2017.05.25 10:40:38.107,1.50252,1.50261,1.00,1.25
2017.05.25 10:40:39.223,1.50253,1.50263,1.00,1.25
2017.05.25 10:40:39.274,1.50251,1.50264,1.00,1.75
2017.05.25 10:40:39.912,1.5025,1.50263,1.00,1.25
2017.05.25 10:40:39.963,1.5025,1.50263,1.00,3.25
2017.05.25 10:40:40.583,1.5025,1.5026,1.00,1.75
2017.05.25 10:40:40.634,1.50248,1.5026,1.00,2.50
2017.05.25 10:40:41.736,1.50249,1.50259,1.00,1.25
2017.05.25 10:40:42.048,1.50249,1.50259,1.00,1.25
2017.05.25 10:40:43.398,1.5025,1.50261,1.00,1.25
2017.05.25 10:40:43.910,1.50251,1.50261,1.00,1.25
2017.05.25 10:40:46.532,1.5025,1.50263,1.00,1.25
2017.05.25 10:40:46.911,1.50249,1.50261,1.00,1.83
2017.05.25 10:40:47.219,1.50247,1.50258,1.00,1.75
2017.05.25 10:40:47.767,1.50246,1.50258,1.00,1.75
2017.05.25 10:40:48.279,1.50245,1.50258,1.00,1.75
2017.05.25 10:40:48.792,1.50245,1.50258,1.00,1.75
2017.05.25 10:40:49.490,1.50247,1.50259,1.00,2.88
2017.05.25 10:40:49.746,1.50241,1.50253,1.00,1.00
2017.05.25 10:40:49.798,1.50239,1.50254,1.00,1.08
2017.05.25 10:40:49.953,1.5024,1.5025,1.00,1.38
2017.05.25 10:40:50.100,1.50241,1.50252,1.00,1.07
2017.05.25 10:40:50.254,1.50243,1.50252,1.00,1.00
2017.05.25 10:40:50.561,1.50248,1.50259,1.00,2.50
2017.05.25 10:40:51.628,1.50248,1.50259,1.00,1.75
2017.05.25 10:40:52.887,1.50247,1.50259,1.00,1.75
2017.05.25 10:40:53.570,1.50246,1.50259,1.00,1.75
2017.05.25 10:40:53.918,1.50248,1.50259,1.00,1.75
2017.05.25 10:40:55.650,1.50247,1.5026,1.00,3.25
2017.05.25 10:40:55.702,1.50249,1.5026,1.00,1.75
2017.05.25 10:40:56.206,1.50249,1.5026,1.00,1.75
2017.05.25 10:40:56.940,1.50248,1.5026,1.00,2.50
2017.05.25 10:40:57.517,1.50248,1.50261,1.00,2.50
2017.05.25 10:40:58.439,1.50248,1.50258,1.00,1.50
2017.05.25 10:40:58.541,1.50248,1.50261,1.00,3.75
2017.05.25 10:40:58.592,1.5025,1.50261,1.00,3.75
2017.05.25 10:40:58.793,1.50249,1.50263,1.00,1.13
2017.05.25 10:40:58.845,1.50251,1.50263,1.00,1.00
2017.05.25 10:40:58.897,1.50253,1.50263,1.00,1.00
2017.05.25 10:40:58.950,1.50254,1.50263,1.00,1.00
2017.05.25 10:40:59.002,1.50255,1.50265,1.00,1.00
2017.05.25 10:40:59.054,1.50256,1.50267,1.00,1.50
2017.05.25 10:40:59.259,1.50257,1.50271,1.00,1.00
2017.05.25 10:41:00.171,1.50257,1.50273,1.00,1.08
2017.05.25 10:41:00.529,1.50256,1.50271,1.00,1.58
2017.05.25 10:41:01.060,1.50255,1.50268,1.00,1.08
2017.05.25 10:41:01.568,1.50255,1.50267,1.00,1.00
2017.05.25 10:41:01.872,1.50255,1.50267,1.00,1.50
2017.05.25 10:41:01.974,1.50253,1.50267,1.00,1.50
2017.05.25 10:41:03.629,1.50253,1.50267,1.00,1.10
2017.05.25 10:41:04.089,1.50255,1.50267,1.00,1.00
2017.05.25 10:41:04.601,1.50255,1.50269,1.00,1.38
2017.05.25 10:41:05.137,1.50254,1.5027,1.00,3.45
2017.05.25 10:41:08.090,1.50257,1.5027,1.00,2.63
2017.05.25 10:41:08.193,1.50258,1.5027,1.00,1.50
2017.05.25 10:41:08.297,1.50258,1.50273,1.00,2.25
2017.05.25 10:41:09.580,1.50256,1.50271,1.10,1.00
2017.05.25 10:41:10.749,1.50256,1.5027,1.00,1.88
2017.05.25 10:41:11.163,1.5026,1.5027,1.12,1.12
2017.05.25 10:41:11.370,1.50272,1.50283,1.00,2.25
2017.05.25 10:41:11.421,1.50272,1.50287,1.00,1.00
2017.05.25 10:41:11.708,1.50271,1.5029,1.00,2.33
2017.05.25 10:41:11.812,1.50272,1.50288,1.00,1.12
2017.05.25 10:41:12.330,1.50273,1.50286,1.00,1.00
2017.05.25 10:41:12.866,1.50272,1.50286,1.00,1.00
2017.05.25 10:41:13.453,1.50273,1.50286,1.00,1.00
2017.05.25 10:41:13.702,1.50271,1.50286,1.00,1.00
2017.05.25 10:41:14.329,1.50273,1.50286,1.00,1.00
2017.05.25 10:41:14.835,1.50272,1.50286,1.50,1.00
2017.05.25 10:41:16.090,1.50272,1.5029,1.87,1.50
2017.05.25 10:41:16.142,1.50273,1.5029,1.63,1.00
2017.05.25 10:41:16.350,1.50282,1.503,1.37,1.83
2017.05.25 10:41:16.403,1.50281,1.50299,2.25,1.10
2017.05.25 10:41:16.456,1.50283,1.50299,1.00,1.95
2017.05.25 10:41:16.508,1.50283,1.50299,1.00,1.20
2017.05.25 10:41:17.032,1.50284,1.50297,1.50,1.00
2017.05.25 10:41:17.135,1.50284,1.50301,1.50,1.08
2017.05.25 10:41:17.658,1.50286,1.50301,1.00,1.08
2017.05.25 10:41:18.327,1.50287,1.50302,1.00,1.20
2017.05.25 10:41:18.871,1.50286,1.50302,1.00,1.20
2017.05.25 10:41:18.974,1.50282,1.50299,1.00,1.45
2017.05.25 10:41:19.178,1.50281,1.50298,1.00,1.80
2017.05.25 10:41:19.501,1.50277,1.50292,1.00,1.12
2017.05.25 10:41:19.809,1.50275,1.50288,1.00,1.00
2017.05.25 10:41:20.321,1.50274,1.50291,1.00,3.45
2017.05.25 10:41:20.642,1.50272,1.5029,1.73,1.87
2017.05.25 10:41:20.694,1.50276,1.50294,2.13,1.37
2017.05.25 10:41:20.746,1.50277,1.50295,1.37,1.10
2017.05.25 10:41:20.797,1.50281,1.50295,1.00,1.00
2017.05.25 10:41:21.155,1.50277,1.50294,1.95,1.12
2017.05.25 10:41:21.207,1.50277,1.50295,1.20,1.50
2017.05.25 10:41:21.411,1.50277,1.50292,1.20,1.00
2017.05.25 10:41:21.938,1.50277,1.50292,1.47,1.00
2017.05.25 10:41:22.511,1.50277,1.50293,1.47,1.00
2017.05.25 10:41:23.061,1.50277,1.50294,1.45,1.12
2017.05.25 10:41:23.922,1.50276,1.50294,1.95,2.62
2017.05.25 10:41:24.254,1.50276,1.50292,1.95,1.37
2017.05.25 10:41:24.357,1.50276,1.50292,1.50,1.37
2017.05.25 10:41:25.493,1.50277,1.5029,1.00,1.12
2017.05.25 10:41:26.624,1.50277,1.50289,1.00,1.00
2017.05.25 10:41:27.214,1.50278,1.50289,1.00,1.00
2017.05.25 10:41:27.368,1.50276,1.50289,1.12,1.00
2017.05.25 10:41:27.923,1.50276,1.5029,1.12,1.12
2017.05.25 10:41:28.077,1.50277,1.5029,1.00,1.87
2017.05.25 10:41:28.741,1.50275,1.50288,2.13,1.50
2017.05.25 10:41:28.895,1.50274,1.50288,1.38,1.50
2017.05.25 10:41:28.998,1.50273,1.50288,1.75,1.87
2017.05.25 10:41:29.306,1.50275,1.50288,1.38,1.87
2017.05.25 10:41:29.357,1.50275,1.50288,1.12,1.87
2017.05.25 10:41:29.766,1.50274,1.50288,1.63,1.12
2017.05.25 10:41:30.022,1.50274,1.50288,1.45,1.87
2017.05.25 10:41:30.176,1.50273,1.50288,1.25,1.12
2017.05.25 10:41:30.280,1.50273,1.50289,2.20,1.37
2017.05.25 10:41:30.333,1.50273,1.50289,1.83,1.00
2017.05.25 10:41:30.488,1.50273,1.50286,1.25,1.00
2017.05.25 10:41:30.878,1.50273,1.50286,2.20,1.00
2017.05.25 10:41:30.930,1.50275,1.50291,2.13,1.37
2017.05.25 10:41:32.940,1.50275,1.5029,1.00,1.12
2017.05.25 10:41:33.043,1.50273,1.50289,1.50,1.50
2017.05.25 10:41:34.761,1.50275,1.50289,1.00,2.62
2017.05.25 10:41:35.278,1.50274,1.50289,1.00,1.20
2017.05.25 10:41:37.543,1.50275,1.50289,1.00,1.87
2017.05.25 10:41:37.850,1.50277,1.50289,1.00,1.37
2017.05.25 10:41:38.625,1.50276,1.5029,1.00,1.45
2017.05.25 10:41:40.276,1.50277,1.5029,1.00,1.37
2017.05.25 10:41:41.622,1.50275,1.5029,1.00,1.37
2017.05.25 10:41:45.880,1.50278,1.5029,1.12,1.37
2017.05.25 10:41:45.932,1.50278,1.50291,1.12,1.00
2017.05.25 10:41:45.983,1.5028,1.50291,1.00,1.00
2017.05.25 10:41:46.242,1.50275,1.5029,1.00,1.37
2017.05.25 10:41:46.498,1.50273,1.5029,1.00,1.47
2017.05.25 10:41:46.807,1.50273,1.50288,1.00,1.12
2017.05.25 10:41:47.317,1.50272,1.50288,1.00,1.12
2017.05.25 10:41:47.654,1.50274,1.50288,1.00,1.12
2017.05.25 10:41:50.964,1.50272,1.50288,1.37,1.12
2017.05.25 10:41:51.632,1.50273,1.5029,1.00,2.32
2017.05.25 10:41:52.154,1.50272,1.5029,1.00,1.82
2017.05.25 10:41:52.413,1.50273,1.5029,1.37,1.82
2017.05.25 10:41:52.927,1.50274,1.50287,1.12,1.00
2017.05.25 10:41:54.719,1.50274,1.50286,1.00,1.00
2017.05.25 10:41:55.069,1.50274,1.50285,1.00,1.37
2017.05.25 10:41:55.604,1.50274,1.50286,1.00,1.00
2017.05.25 10:41:56.238,1.50274,1.50287,1.00,1.00
2017.05.25 10:41:56.799,1.50275,1.50287,1.00,1.00
2017.05.25 10:41:57.924,1.50278,1.50287,1.00,1.00
2017.05.25 10:41:58.026,1.5028,1.50291,1.00,1.00
2017.05.25 10:41:58.252,1.50278,1.50294,1.00,1.87
2017.05.25 10:41:58.356,1.50276,1.50289,1.00,2.25
2017.05.25 10:41:58.511,1.50274,1.50289,1.00,2.32
2017.05.25 10:41:58.563,1.50272,1.50287,1.50,1.12
2017.05.25 10:41:58.666,1.50274,1.50287,1.00,1.12
2017.05.25 10:41:59.128,1.50272,1.50284,1.00,1.20
2017.05.25 10:41:59.293,1.50268,1.50279,1.00,1.12
2017.05.25 10:41:59.346,1.50266,1.50278,1.00,1.75
2017.05.25 10:41:59.398,1.50264,1.50278,1.50,1.75
2017.05.25 10:41:59.501,1.50266,1.50278,1.00,1.75
2017.05.25 10:41:59.553,1.50266,1.50278,1.00,1.00
2017.05.25 10:41:59.655,1.50266,1.50282,1.00,1.95
2017.05.25 10:42:00.345,1.50265,1.5028,1.00,1.00
2017.05.25 10:42:00.859,1.50265,1.5028,1.00,1.07
2017.05.25 10:42:00.961,1.50265,1.50279,1.00,1.85
2017.05.25 10:42:01.467,1.50264,1.50276,1.00,1.37
2017.05.25 10:42:02.270,1.50264,1.50276,1.00,1.00
2017.05.25 10:42:02.322,1.50264,1.50278,1.00,1.20
2017.05.25 10:42:03.044,1.50264,1.50279,1.00,1.50
2017.05.25 10:42:03.457,1.50268,1.5028,1.00,1.00
2017.05.25 10:42:03.781,1.50271,1.50284,1.00,1.00
2017.05.25 10:42:04.294,1.50272,1.50287,1.00,2.10
2017.05.25 10:42:04.345,1.50271,1.5028,1.00,1.87
2017.05.25 10:42:04.891,1.50271,1.50285,1.00,2.88
2017.05.25 10:42:04.944,1.50271,1.50285,1.00,1.37
2017.05.25 10:42:05.457,1.50271,1.50285,1.50,1.12
2017.05.25 10:42:06.019,1.50271,1.50284,1.50,1.00
2017.05.25 10:42:06.225,1.50271,1.50282,1.00,1.07
2017.05.25 10:42:06.277,1.50266,1.50279,1.00,1.57
2017.05.25 10:42:06.329,1.50266,1.50279,1.00,1.07
2017.05.25 10:42:06.380,1.50262,1.50278,1.00,1.45
2017.05.25 10:42:06.585,1.5026,1.50275,1.50,1.00
2017.05.25 10:42:06.834,1.50262,1.50276,1.00,1.20
2017.05.25 10:42:07.367,1.50262,1.50277,1.00,1.95
2017.05.25 10:42:09.571,1.50262,1.50277,1.00,1.00
2017.05.25 10:42:10.381,1.50263,1.50277,1.00,1.12
2017.05.25 10:42:10.689,1.50272,1.50285,1.00,1.00
2017.05.25 10:42:11.017,1.50273,1.50286,1.00,2.13
2017.05.25 10:42:11.531,1.50272,1.50283,1.00,1.25
2017.05.25 10:42:11.687,1.50269,1.50283,1.12,1.25
2017.05.25 10:42:11.944,1.50271,1.50284,1.00,1.25
2017.05.25 10:42:12.047,1.50271,1.50284,1.37,1.00
2017.05.25 10:42:12.559,1.50271,1.50285,1.00,1.12
2017.05.25 10:42:13.748,1.50271,1.50284,1.00,1.00
2017.05.25 10:42:13.799,1.50267,1.5028,1.50,1.00
2017.05.25 10:42:15.058,1.50268,1.50284,1.00,3.25
2017.05.25 10:42:15.672,1.50269,1.50284,1.00,3.25
2017.05.25 10:42:16.183,1.50269,1.50285,1.50,3.33
2017.05.25 10:42:16.336,1.50269,1.50285,1.87,1.57
2017.05.25 10:42:16.642,1.50269,1.50285,1.00,2.50
2017.05.25 10:42:17.144,1.50268,1.50281,1.00,1.00
2017.05.25 10:42:17.552,1.5027,1.50283,1.00,1.38
2017.05.25 10:42:21.662,1.50269,1.50284,1.00,1.75
2017.05.25 10:42:21.969,1.50266,1.50279,1.00,1.75
2017.05.25 10:42:23.991,1.50264,1.50279,1.57,2.88
2017.05.25 10:42:24.145,1.50265,1.50279,1.37,1.38
2017.05.25 10:42:24.350,1.50267,1.5028,1.12,1.38
2017.05.25 10:42:24.401,1.50267,1.5028,1.12,1.38
2017.05.25 10:42:25.916,1.50267,1.50281,1.00,1.00
2017.05.25 10:42:26.436,1.50268,1.50283,1.50,2.88
2017.05.25 10:42:26.945,1.50267,1.50283,1.00,3.70
2017.05.25 10:42:27.558,1.50267,1.50281,1.00,2.20
2017.05.25 10:42:27.865,1.50261,1.50272,1.00,2.13
2017.05.25 10:42:28.105,1.50256,1.5027,1.00,1.08
2017.05.25 10:42:28.619,1.50255,1.50269,1.00,1.73
2017.05.25 10:42:29.132,1.50254,1.50268,1.00,1.38
2017.05.25 10:42:29.402,1.50253,1.50268,1.00,2.20
2017.05.25 10:42:29.709,1.50248,1.50262,1.50,3.00
2017.05.25 10:42:30.170,1.5025,1.50262,1.00,3.37
2017.05.25 10:42:30.471,1.50248,1.50262,1.00,3.37
2017.05.25 10:42:31.149,1.50248,1.5026,1.00,1.75
2017.05.25 10:42:32.388,1.50247,1.50263,1.50,3.00
2017.05.25 10:42:32.700,1.50241,1.50256,1.00,1.57
2017.05.25 10:42:32.877,1.50238,1.50255,1.00,1.95
2017.05.25 10:42:33.410,1.50239,1.50254,1.00,1.45
2017.05.25 10:42:34.019,1.5024,1.50258,1.00,3.07
2017.05.25 10:42:34.072,1.5024,1.50258,1.00,2.70
2017.05.25 10:42:34.704,1.5024,1.50257,1.50,1.07
2017.05.25 10:42:35.322,1.5024,1.50255,1.50,1.10
2017.05.25 10:42:35.834,1.50241,1.50255,1.00,1.00
2017.05.25 10:42:36.142,1.50248,1.50254,1.00,1.00
2017.05.25 10:42:36.245,1.50248,1.50259,1.87,1.00
2017.05.25 10:42:36.296,1.5025,1.50259,1.00,1.00
2017.05.25 10:42:36.348,1.5025,1.50265,1.00,1.50
2017.05.25 10:42:36.451,1.5025,1.50258,1.00,1.00
2017.05.25 10:42:36.992,1.5025,1.50261,1.20,1.37
2017.05.25 10:42:37.298,1.50252,1.50261,1.10,1.37
2017.05.25 10:42:37.503,1.50253,1.50264,1.00,1.37
2017.05.25 10:42:37.657,1.50253,1.50268,1.12,1.12
2017.05.25 10:42:37.708,1.50254,1.50268,1.00,1.12
2017.05.25 10:42:38.519,1.50253,1.50269,1.12,1.87
2017.05.25 10:42:39.020,1.50251,1.50268,1.87,1.75
2017.05.25 10:42:39.536,1.50251,1.50269,1.87,2.70
2017.05.25 10:42:40.159,1.50251,1.50268,1.87,1.12
2017.05.25 10:42:40.313,1.50254,1.50268,1.00,1.12
2017.05.25 10:42:40.825,1.50254,1.50268,1.00,1.12
2017.05.25 10:42:41.995,1.50254,1.50268,1.00,1.37
2017.05.25 10:42:44.114,1.50254,1.5027,1.00,1.95
2017.05.25 10:42:45.490,1.50252,1.50269,1.12,1.82
2017.05.25 10:42:45.694,1.50254,1.50269,1.00,1.82
2017.05.25 10:42:46.287,1.50252,1.50268,1.50,1.82
2017.05.25 10:42:47.349,1.50252,1.50269,1.50,1.82
2017.05.25 10:42:48.307,1.50249,1.50261,1.87,1.37
2017.05.25 10:42:48.411,1.50251,1.50265,1.37,1.00
2017.05.25 10:42:48.616,1.50248,1.50263,1.87,1.37
2017.05.25 10:42:48.770,1.50248,1.50263,1.50,1.00
2017.05.25 10:42:49.120,1.50253,1.50263,1.00,1.12
2017.05.25 10:42:49.479,1.50253,1.50265,1.00,1.00
2017.05.25 10:42:49.786,1.50253,1.50264,1.00,1.47
2017.05.25 10:42:50.154,1.50252,1.50263,1.00,1.50
2017.05.25 10:42:50.206,1.50247,1.50263,1.00,2.32
2017.05.25 10:42:50.310,1.5025,1.50262,1.00,1.45
2017.05.25 10:42:50.720,1.50247,1.50261,1.00,1.37
2017.05.25 10:42:50.823,1.50249,1.50261,1.00,1.37
2017.05.25 10:42:52.746,1.50247,1.50261,1.00,1.57
2017.05.25 10:42:54.888,1.50247,1.50257,1.00,1.00
2017.05.25 10:42:55.349,1.50246,1.50258,1.00,2.25
2017.05.25 10:42:55.608,1.50237,1.5025,1.37,1.00
2017.05.25 10:42:55.660,1.50236,1.50249,1.00,1.57
2017.05.25 10:42:55.988,1.50238,1.50248,1.50,1.00
2017.05.25 10:42:56.040,1.50238,1.50252,1.50,1.00
2017.05.25 10:42:56.553,1.50239,1.50254,1.37,1.37
2017.05.25 10:42:57.424,1.50239,1.50254,1.75,1.95
2017.05.25 10:42:57.784,1.50241,1.50255,1.75,1.00
2017.05.25 10:42:58.305,1.50241,1.50256,1.75,1.50
2017.05.25 10:42:58.356,1.50242,1.50256,1.37,1.50
2017.05.25 10:42:58.407,1.50242,1.50254,1.37,1.10
2017.05.25 10:42:58.663,1.5024,1.50256,1.50,2.25
2017.05.25 10:42:58.870,1.50242,1.50253,1.37,1.00
2017.05.25 10:42:59.228,1.50242,1.50255,1.37,1.57
2017.05.25 10:42:59.636,1.5024,1.50253,1.12,1.00
2017.05.25 10:43:00.149,1.50245,1.50253,1.00,1.00
2017.05.25 10:43:00.459,1.50242,1.50254,1.12,1.00
2017.05.25 10:43:00.511,1.50242,1.50252,1.50,1.00
2017.05.25 10:43:00.819,1.50244,1.50252,1.00,1.00
2017.05.25 10:43:01.089,1.50244,1.50254,1.00,1.00
2017.05.25 10:43:01.395,1.50244,1.50257,1.50,1.00
2017.05.25 10:43:02.026,1.50245,1.50256,1.12,1.00
2017.05.25 10:43:02.078,1.50245,1.50259,1.12,1.00
2017.05.25 10:43:02.436,1.50248,1.5026,1.00,1.50
2017.05.25 10:43:02.980,1.50248,1.5026,1.37,1.50
2017.05.25 10:43:04.693,1.50248,1.50262,1.37,1.00
2017.05.25 10:43:04.796,1.5025,1.50264,1.00,1.87
2017.05.25 10:43:04.909,1.5025,1.50256,1.00,1.00
2017.05.25 10:43:05.067,1.50248,1.50261,1.45,1.00
2017.05.25 10:43:05.593,1.50247,1.50262,1.50,1.00
2017.05.25 10:43:06.968,1.50247,1.50261,1.37,1.00
2017.05.25 10:43:07.798,1.50247,1.5026,1.37,1.00
2017.05.25 10:43:07.952,1.50251,1.50261,1.00,1.00
2017.05.25 10:43:08.054,1.50249,1.50261,1.12,1.12
2017.05.25 10:43:12.376,1.50249,1.50258,1.12,1.00
2017.05.25 10:43:12.900,1.50248,1.50259,1.37,1.00
2017.05.25 10:43:16.082,1.50246,1.5026,1.37,1.50
2017.05.25 10:43:16.637,1.50246,1.50258,1.37,1.00
2017.05.25 10:43:17.818,1.50246,1.5026,1.50,1.87
2017.05.25 10:43:18.650,1.50246,1.5026,1.50,1.50
2017.05.25 10:43:18.855,1.50246,1.50261,1.50,1.50
2017.05.25 10:43:19.649,1.50249,1.50264,1.00,1.12
2017.05.25 10:43:19.753,1.50252,1.50266,1.00,1.37
2017.05.25 10:43:20.265,1.50255,1.50267,1.00,1.50
2017.05.25 10:43:20.965,1.5025,1.50264,1.00,1.75
2017.05.25 10:43:21.069,1.50247,1.50262,1.50,1.50
2017.05.25 10:43:23.107,1.50247,1.5026,1.50,1.00
2017.05.25 10:43:23.261,1.50247,1.50263,1.50,1.12
2017.05.25 10:43:23.465,1.50249,1.50264,1.00,1.87
2017.05.25 10:43:24.267,1.50249,1.50264,1.00,1.12
2017.05.25 10:43:25.540,1.50251,1.50264,1.00,1.00
2017.05.25 10:43:30.666,1.50253,1.50267,1.00,1.50
2017.05.25 10:43:31.208,1.50254,1.50268,1.00,1.75
2017.05.25 10:43:31.465,1.5026,1.50274,1.00,1.87
2017.05.25 10:43:32.063,1.5026,1.50274,1.00,1.50
2017.05.25 10:43:33.167,1.50259,1.50274,1.00,1.50
2017.05.25 10:43:34.165,1.50259,1.50273,1.00,1.00
2017.05.25 10:43:34.594,1.50259,1.50271,1.00,1.00
2017.05.25 10:43:34.748,1.50257,1.50272,1.00,1.87
2017.05.25 10:43:34.850,1.50255,1.50272,1.10,1.37
2017.05.25 10:43:34.963,1.50258,1.50272,1.00,1.37
2017.05.25 10:43:35.738,1.50258,1.50272,1.00,1.87
2017.05.25 10:43:36.242,1.50256,1.5027,1.00,1.00
2017.05.25 10:43:37.439,1.50256,1.50269,1.00,1.00
2017.05.25 10:43:37.951,1.50256,1.50268,1.00,1.00
2017.05.25 10:43:38.105,1.50253,1.50268,1.29,1.00
2017.05.25 10:43:39.672,1.50256,1.50269,1.00,1.00
2017.05.25 10:43:39.928,1.50256,1.50272,2.14,1.00
2017.05.25 10:43:40.437,1.50259,1.50272,1.00,1.00
2017.05.25 10:43:40.642,1.50262,1.50272,1.00,1.00
2017.05.25 10:43:41.353,1.50262,1.50274,1.00,1.00
2017.05.25 10:43:42.754,1.50263,1.50276,1.00,1.50
2017.05.25 10:43:43.060,1.50264,1.50274,1.00,1.00
2017.05.25 10:43:43.665,1.50264,1.50275,1.00,1.50
2017.05.25 10:43:44.388,1.50264,1.50274,1.00,1.00
2017.05.25 10:43:44.491,1.50261,1.50274,1.10,1.00
2017.05.25 10:43:44.644,1.50261,1.50272,1.00,1.00
2017.05.25 10:43:44.747,1.50259,1.50272,1.50,1.00
2017.05.25 10:43:45.129,1.50259,1.50274,1.76,1.00
2017.05.25 10:43:45.668,1.5026,1.50273,1.00,1.00
2017.05.25 10:43:45.923,1.5026,1.50275,1.12,1.00
2017.05.25 10:43:46.077,1.5026,1.50277,1.91,1.50
2017.05.25 10:43:46.435,1.50263,1.50279,1.37,1.00
2017.05.25 10:43:46.711,1.50263,1.50277,1.10,1.00
2017.05.25 10:43:47.043,1.50262,1.50273,1.00,1.00
2017.05.25 10:43:47.556,1.50259,1.50274,1.45,1.00
2017.05.25 10:43:48.058,1.50259,1.50274,1.37,1.00
2017.05.25 10:43:48.615,1.50259,1.50273,1.37,1.00
2017.05.25 10:43:49.186,1.50259,1.50274,1.37,1.00
2017.05.25 10:43:49.933,1.50259,1.50272,1.37,1.00
2017.05.25 10:43:53.821,1.5026,1.50273,1.45,1.12
2017.05.25 10:43:53.923,1.50261,1.50277,1.01,1.75
2017.05.25 10:43:54.795,1.50261,1.50276,1.31,1.75
2017.05.25 10:43:54.847,1.50261,1.50276,1.31,1.00
2017.05.25 10:43:55.257,1.50262,1.50278,1.39,1.12
2017.05.25 10:43:55.516,1.50263,1.50277,1.00,3.07
2017.05.25 10:43:55.569,1.50258,1.50271,1.12,1.37
2017.05.25 10:43:56.057,1.50254,1.50272,1.25,1.95
2017.05.25 10:43:56.568,1.5025,1.50268,1.56,1.50
2017.05.25 10:43:56.883,1.50251,1.50267,1.25,1.37
2017.05.25 10:43:57.422,1.50248,1.50266,1.76,1.87
2017.05.25 10:43:57.738,1.50248,1.50266,3.26,1.87
2017.05.25 10:43:57.943,1.50248,1.50264,1.25,1.12
2017.05.25 10:43:58.301,1.50245,1.50261,1.62,1.00
2017.05.25 10:43:59.448,1.50247,1.5026,1.12,1.00
2017.05.25 10:43:59.755,1.50244,1.5026,1.69,1.37
2017.05.25 10:44:00.595,1.50245,1.5026,1.62,1.37
2017.05.25 10:44:01.736,1.50245,1.5026,1.39,1.37
2017.05.25 10:44:03.003,1.50243,1.5026,1.25,1.87
2017.05.25 10:44:03.735,1.50243,1.50258,1.00,1.95
2017.05.25 10:44:04.324,1.50241,1.50257,1.19,1.75
2017.05.25 10:44:04.853,1.50241,1.50257,1.00,1.50
2017.05.25 10:44:05.203,1.50241,1.50257,1.31,1.00
2017.05.25 10:44:05.374,1.50242,1.50259,1.56,1.87
2017.05.25 10:44:05.887,1.50244,1.50259,1.00,1.37
2017.05.25 10:44:06.515,1.50244,1.50256,1.00,1.37
2017.05.25 10:44:06.719,1.50241,1.50255,1.00,1.37
2017.05.25 10:44:06.822,1.5024,1.50255,1.00,1.57
2017.05.25 10:44:08.813,1.5024,1.50255,1.00,1.57
2017.05.25 10:44:10.099,1.5024,1.50254,1.00,1.47
2017.05.25 10:44:13.205,1.50238,1.50253,1.00,1.37
2017.05.25 10:44:13.554,1.50238,1.50252,1.00,1.85
2017.05.25 10:44:13.608,1.50235,1.50251,1.00,2.25
2017.05.25 10:44:13.969,1.50236,1.50252,1.00,1.87
2017.05.25 10:44:14.072,1.50237,1.50254,1.95,2.62
2017.05.25 10:44:14.124,1.50237,1.50254,1.95,2.25
2017.05.25 10:44:16.435,1.50237,1.50254,1.20,1.37
2017.05.25 10:44:18.329,1.50237,1.50254,1.20,1.50
2017.05.25 10:44:21.603,1.50237,1.50254,1.20,1.50
2017.05.25 10:44:22.777,1.50237,1.50254,1.37,2.62
2017.05.25 10:44:22.881,1.50235,1.50251,1.00,1.87
2017.05.25 10:44:22.934,1.50235,1.50249,1.00,1.12
2017.05.25 10:44:22.985,1.50233,1.50249,1.00,1.75
2017.05.25 10:44:23.603,1.50234,1.50249,1.00,2.25
2017.05.25 10:44:24.422,1.50234,1.50249,1.00,3.00
2017.05.25 10:44:25.003,1.50234,1.50249,1.00,2.50
2017.05.25 10:44:25.462,1.50233,1.5025,1.00,1.83
2017.05.25 10:44:30.469,1.50233,1.5025,1.20,2.50
2017.05.25 10:44:31.600,1.50232,1.50249,1.39,1.75
2017.05.25 10:44:32.141,1.50233,1.50249,1.12,1.25
2017.05.25 10:44:32.192,1.50235,1.50249,1.00,1.25
2017.05.25 10:44:32.944,1.50235,1.5025,1.00,1.25
2017.05.25 10:44:34.290,1.50235,1.5025,1.37,1.00
2017.05.25 10:44:34.342,1.50237,1.50254,1.47,1.63
2017.05.25 10:44:34.445,1.50237,1.50256,1.64,1.75
2017.05.25 10:44:35.061,1.5024,1.50256,1.39,1.00
2017.05.25 10:44:35.573,1.5024,1.50259,1.66,3.37
2017.05.25 10:44:36.068,1.50243,1.50259,1.70,1.50
2017.05.25 10:44:36.120,1.50243,1.5026,1.64,1.12
2017.05.25 10:44:36.342,1.50245,1.50262,1.66,1.50
2017.05.25 10:44:36.659,1.50244,1.50261,1.39,1.50
2017.05.25 10:44:36.713,1.50243,1.5026,1.00,1.50
2017.05.25 10:44:36.817,1.50242,1.50258,1.00,1.00
2017.05.25 10:44:37.344,1.5024,1.50258,1.66,1.12
2017.05.25 10:44:38.860,1.50239,1.50259,1.64,1.20
2017.05.25 10:44:39.180,1.50242,1.50259,1.56,1.00
2017.05.25 10:44:39.283,1.50243,1.50261,1.64,1.00
2017.05.25 10:44:39.335,1.50243,1.50264,2.14,3.45
2017.05.25 10:44:39.879,1.50246,1.50264,1.00,1.95
2017.05.25 10:44:43.216,1.50245,1.50262,1.62,1.00
2017.05.25 10:44:43.563,1.50247,1.50264,1.00,1.12
2017.05.25 10:44:44.319,1.5025,1.50265,1.00,2.25
2017.05.25 10:44:44.525,1.5025,1.50267,1.12,1.50
2017.05.25 10:44:45.037,1.50252,1.50268,1.00,2.62
2017.05.25 10:44:48.850,1.50252,1.50268,1.00,2.25
2017.05.25 10:44:49.004,1.50252,1.50271,1.87,4.20
2017.05.25 10:44:49.439,1.50254,1.50272,1.00,3.82
2017.05.25 10:44:49.855,1.50256,1.50271,1.00,1.57
2017.05.25 10:44:53.131,1.50255,1.5027,1.00,1.20
2017.05.25 10:44:53.768,1.50256,1.5027,1.00,1.12
2017.05.25 10:44:54.176,1.50258,1.50271,1.00,1.50
2017.05.25 10:44:55.370,1.50256,1.50271,1.00,1.50
2017.05.25 10:44:55.913,1.50257,1.50271,1.00,1.50
2017.05.25 10:44:56.455,1.50255,1.50271,1.00,1.57
2017.05.25 10:44:58.320,1.50255,1.50268,1.00,1.00
2017.05.25 10:44:58.474,1.5025,1.50268,1.00,1.20
2017.05.25 10:44:58.526,1.5025,1.5027,1.10,3.37
2017.05.25 10:44:58.684,1.50254,1.5027,1.00,3.00
2017.05.25 10:44:58.991,1.50256,1.5027,1.00,1.87
2017.05.25 10:44:59.094,1.50256,1.50271,1.00,1.50
2017.05.25 10:45:00.243,1.50256,1.5027,1.00,1.37
2017.05.25 10:45:00.699,1.50256,1.50271,1.00,3.00
2017.05.25 10:45:03.143,1.50256,1.5027,1.00,1.37
2017.05.25 10:45:03.671,1.50257,1.50272,1.00,1.75
2017.05.25 10:45:05.349,1.50258,1.50273,1.00,3.07
2017.05.25 10:45:06.157,1.50258,1.50273,1.00,2.32
2017.05.25 10:45:07.247,1.50256,1.50271,1.10,1.75
2017.05.25 10:45:07.349,1.50252,1.50267,1.12,1.50
2017.05.25 10:45:07.402,1.50252,1.50267,1.00,2.32
2017.05.25 10:45:07.967,1.50251,1.50266,1.00,1.12
2017.05.25 10:45:09.177,1.50251,1.50265,1.00,1.75
2017.05.25 10:45:09.280,1.50247,1.5026,1.00,1.75
2017.05.25 10:45:09.382,1.50245,1.5026,1.00,1.85
2017.05.25 10:45:09.640,1.50244,1.50258,1.00,1.75
2017.05.25 10:45:10.877,1.50244,1.50259,1.50,1.12
2017.05.25 10:45:11.249,1.50246,1.50259,1.00,1.12
2017.05.25 10:45:11.352,1.50243,1.50259,1.00,1.12
2017.05.25 10:45:11.404,1.50245,1.50259,1.00,1.12
2017.05.25 10:45:11.543,1.50248,1.50261,1.12,1.00
2017.05.25 10:45:11.596,1.50251,1.50264,1.12,1.12
2017.05.25 10:45:11.752,1.50251,1.50267,1.87,1.85
2017.05.25 10:45:11.803,1.50249,1.50264,1.12,1.12
2017.05.25 10:45:11.855,1.50249,1.50264,1.87,1.75
2017.05.25 10:45:11.958,1.50249,1.50264,1.87,1.12
2017.05.25 10:45:12.163,1.50249,1.50267,1.00,4.57
2017.05.25 10:45:12.214,1.50249,1.50264,1.50,1.47
2017.05.25 10:45:12.266,1.50252,1.50257,1.00,1.00
2017.05.25 10:45:12.369,1.50252,1.50266,1.00,2.32
2017.05.25 10:45:12.836,1.50253,1.50267,1.00,1.85
2017.05.25 10:45:13.093,1.50246,1.5026,1.00,3.00
2017.05.25 10:45:13.195,1.50246,1.50261,1.00,1.75
2017.05.25 10:45:13.247,1.50246,1.50262,1.00,1.12
2017.05.25 10:45:13.299,1.50247,1.50262,1.37,1.00
2017.05.25 10:45:13.757,1.50254,1.50269,1.57,1.50
2017.05.25 10:45:14.491,1.50256,1.50272,1.20,1.75
2017.05.25 10:45:15.031,1.50257,1.50273,1.45,1.75
2017.05.25 10:45:15.546,1.50259,1.50274,1.00,2.25
2017.05.25 10:45:16.070,1.50255,1.50272,1.00,1.75
2017.05.25 10:45:16.581,1.50256,1.50273,1.00,3.00
2017.05.25 10:45:16.785,1.50258,1.50272,1.00,1.75
2017.05.25 10:45:17.117,1.50258,1.50274,1.00,1.75
2017.05.25 10:45:17.272,1.50257,1.50273,1.00,2.25
2017.05.25 10:45:17.438,1.50255,1.50272,1.50,1.75
2017.05.25 10:45:17.974,1.50256,1.5027,1.00,1.75
2017.05.25 10:45:18.077,1.50254,1.5027,1.00,1.75
2017.05.25 10:45:18.893,1.50254,1.5027,1.00,2.25
2017.05.25 10:45:20.683,1.50257,1.5027,1.00,2.25
2017.05.25 10:45:20.888,1.50255,1.5027,1.00,3.00
2017.05.25 10:45:21.415,1.50256,1.5027,1.00,3.00
2017.05.25 10:45:21.919,1.50255,1.5027,1.00,3.00
2017.05.25 10:45:22.745,1.50255,1.50268,1.00,1.75
2017.05.25 10:45:23.357,1.50254,1.50269,1.00,3.07
2017.05.25 10:45:25.361,1.50253,1.50269,1.00,2.25
2017.05.25 10:45:28.055,1.50254,1.50269,1.00,2.25
2017.05.25 10:45:28.114,1.50252,1.50269,1.10,2.25
2017.05.25 10:45:28.798,1.50253,1.50269,1.00,2.25
2017.05.25 10:45:29.487,1.50253,1.50261,1.00,1.00
2017.05.25 10:45:29.539,1.5025,1.50255,1.00,1.37
2017.05.25 10:45:29.745,1.50237,1.50254,1.50,1.85
2017.05.25 10:45:29.797,1.50235,1.50253,1.10,1.12
2017.05.25 10:45:29.936,1.50238,1.50251,1.00,1.37
2017.05.25 10:45:30.194,1.50238,1.50255,1.00,1.37
2017.05.25 10:45:30.705,1.50237,1.50257,1.50,2.32
2017.05.25 10:45:30.859,1.50237,1.50254,1.50,1.75
2017.05.25 10:45:31.618,1.50238,1.50254,1.00,1.12
2017.05.25 10:45:32.312,1.50238,1.50256,1.00,1.20
2017.05.25 10:45:34.046,1.50238,1.50256,1.57,1.12
2017.05.25 10:45:40.468,1.50238,1.50256,2.25,1.12
2017.05.25 10:45:41.217,1.50238,1.50257,1.50,1.95
2017.05.25 10:45:42.667,1.50238,1.50257,1.57,1.37
2017.05.25 10:45:42.820,1.5024,1.50257,1.07,1.37
2017.05.25 10:45:44.017,1.5024,1.50257,1.00,1.37
2017.05.25 10:45:44.555,1.5024,1.50258,1.00,1.38
2017.05.25 10:45:45.338,1.50241,1.50258,1.00,1.38
2017.05.25 10:45:47.053,1.50245,1.50262,1.57,1.12
2017.05.25 10:45:47.209,1.50249,1.50267,1.00,1.83
2017.05.25 10:45:47.261,1.5025,1.50265,1.00,1.47
2017.05.25 10:45:47.366,1.50247,1.50265,1.00,1.20
2017.05.25 10:45:47.469,1.50245,1.50264,1.75,1.20
2017.05.25 10:45:47.623,1.50245,1.50261,1.00,1.37
2017.05.25 10:45:47.933,1.50244,1.50261,2.39,1.37
2017.05.25 10:45:48.154,1.50245,1.50263,1.54,1.37
2017.05.25 10:45:48.723,1.50245,1.50262,1.29,2.13
2017.05.25 10:45:49.259,1.50247,1.50263,1.57,1.37
2017.05.25 10:45:49.311,1.50249,1.50263,1.42,1.37
2017.05.25 10:45:49.362,1.5025,1.50267,4.11,1.00
2017.05.25 10:45:49.466,1.50252,1.50271,2.05,1.37
2017.05.25 10:45:50.023,1.50253,1.50271,1.33,1.12
2017.05.25 10:45:50.478,1.50256,1.50272,1.83,1.37
2017.05.25 10:45:50.740,1.50256,1.50274,1.83,1.37
2017.05.25 10:45:51.252,1.50259,1.50275,1.08,1.50
2017.05.25 10:45:51.797,1.5026,1.50275,1.00,1.00
2017.05.25 10:45:51.950,1.50258,1.50275,1.75,1.00
2017.05.25 10:45:52.495,1.50258,1.50276,1.35,2.62
2017.05.25 10:45:54.724,1.50258,1.50274,1.85,1.12
2017.05.25 10:45:56.047,1.50258,1.50275,2.25,1.50
2017.05.25 10:45:59.158,1.5026,1.50275,1.12,1.37
2017.05.25 10:45:59.718,1.5026,1.50275,1.37,1.87
2017.05.25 10:46:00.725,1.50258,1.50275,1.12,2.25
2017.05.25 10:46:00.777,1.50257,1.50275,1.47,2.62
2017.05.25 10:46:01.087,1.50263,1.5028,1.57,1.00
2017.05.25 10:46:01.396,1.50264,1.50278,1.57,1.75
2017.05.25 10:46:01.447,1.50264,1.50282,1.95,2.50
2017.05.25 10:46:02.744,1.50267,1.50283,1.00,1.12
2017.05.25 10:46:02.795,1.50268,1.50285,1.00,1.12
2017.05.25 10:46:03.205,1.50271,1.50285,1.00,1.12
2017.05.25 10:46:03.509,1.50273,1.50289,1.50,1.00
2017.05.25 10:46:04.032,1.50273,1.5029,1.50,1.00
2017.05.25 10:46:04.578,1.50272,1.5029,1.10,1.75
2017.05.25 10:46:05.403,1.50272,1.50288,1.07,1.38
2017.05.25 10:46:06.328,1.50272,1.50287,1.07,1.00
2017.05.25 10:46:06.847,1.50272,1.50287,1.00,1.00
2017.05.25 10:46:07.404,1.5027,1.50288,1.00,1.00
2017.05.25 10:46:07.565,1.5027,1.50288,1.00,2.50
2017.05.25 10:46:08.747,1.50269,1.50286,1.00,1.50
2017.05.25 10:46:09.222,1.50269,1.50286,1.10,1.00
2017.05.25 10:46:10.078,1.50271,1.50288,1.00,3.25
2017.05.25 10:46:12.225,1.50273,1.50288,1.00,1.50
2017.05.25 10:46:12.379,1.50275,1.5029,1.00,1.00
2017.05.25 10:46:12.430,1.50275,1.50292,1.00,3.25
2017.05.25 10:46:12.830,1.50278,1.50292,1.37,1.50
2017.05.25 10:46:12.933,1.50278,1.50296,1.20,1.38
2017.05.25 10:46:14.166,1.50279,1.50297,1.07,1.75
2017.05.25 10:46:14.476,1.50277,1.50296,1.20,1.12
2017.05.25 10:46:15.783,1.50277,1.50296,1.07,1.12
2017.05.25 10:46:16.313,1.50279,1.50292,1.00,1.00
2017.05.25 10:46:16.416,1.50273,1.50292,1.01,3.00
2017.05.25 10:46:16.621,1.50271,1.50291,1.57,1.50
2017.05.25 10:46:16.927,1.50269,1.50288,2.14,1.75
2017.05.25 10:46:17.081,1.50268,1.50287,1.57,1.50
2017.05.25 10:46:17.236,1.50268,1.50286,1.00,1.85
2017.05.25 10:46:17.288,1.50265,1.50285,1.07,1.37
2017.05.25 10:46:17.826,1.50263,1.50284,2.14,1.87
2017.05.25 10:46:18.730,1.50264,1.50285,3.64,1.50
2017.05.25 10:46:18.835,1.50264,1.50285,4.01,1.12
2017.05.25 10:46:19.310,1.50268,1.50285,1.25,1.12
2017.05.25 10:46:19.618,1.5027,1.50287,1.00,1.50
2017.05.25 10:46:20.165,1.50269,1.50287,1.10,1.50
2017.05.25 10:46:21.236,1.5027,1.50287,1.00,2.62
2017.05.25 10:46:21.545,1.50271,1.50287,1.07,1.00
2017.05.25 10:46:22.129,1.50271,1.50288,1.10,1.12
2017.05.25 10:46:23.099,1.50272,1.50288,1.00,1.12
2017.05.25 10:46:25.123,1.50272,1.50288,1.00,1.50
2017.05.25 10:46:25.277,1.5027,1.50286,1.00,1.37
2017.05.25 10:46:25.431,1.50266,1.50285,1.47,1.87
2017.05.25 10:46:25.807,1.50266,1.50282,1.47,1.00
2017.05.25 10:46:26.809,1.50266,1.50284,1.10,1.00
2017.05.25 10:46:26.963,1.50269,1.50284,1.00,1.00
2017.05.25 10:46:27.320,1.5027,1.50286,1.00,1.12
2017.05.25 10:46:27.856,1.50269,1.50286,1.00,1.12
2017.05.25 10:46:30.161,1.50267,1.50285,1.31,1.00
2017.05.25 10:46:30.315,1.50267,1.50285,1.01,1.50
2017.05.25 10:46:31.037,1.50267,1.50285,1.25,1.87
2017.05.25 10:46:31.895,1.50267,1.50285,1.01,2.62
2017.05.25 10:46:32.951,1.50267,1.50281,1.00,2.25
2017.05.25 10:46:33.002,1.50262,1.50273,1.20,1.30
2017.05.25 10:46:33.153,1.50255,1.50269,1.75,2.47
2017.05.25 10:46:33.205,1.50253,1.50269,1.37,2.47
2017.05.25 10:46:33.257,1.50252,1.50269,1.00,2.47
2017.05.25 10:46:34.183,1.50254,1.50269,1.00,1.00
2017.05.25 10:46:34.532,1.50255,1.50272,1.00,1.75
2017.05.25 10:46:34.874,1.50257,1.50272,1.00,1.75
2017.05.25 10:46:34.925,1.50255,1.50272,1.50,1.75
2017.05.25 10:46:35.535,1.50255,1.50272,1.50,1.75
2017.05.25 10:46:37.984,1.50255,1.50272,1.50,1.50
2017.05.25 10:46:38.996,1.50255,1.50273,1.95,2.25
2017.05.25 10:46:39.048,1.50258,1.50274,1.00,1.50
2017.05.25 10:46:39.099,1.5026,1.50274,1.10,1.12
2017.05.25 10:46:39.355,1.5026,1.50279,1.20,1.87
2017.05.25 10:46:39.895,1.5026,1.50279,1.20,1.12
2017.05.25 10:46:40.440,1.5026,1.50278,1.12,1.57
2017.05.25 10:46:41.906,1.50259,1.50279,2.32,1.57
2017.05.25 10:46:42.214,1.50261,1.50275,1.00,1.45
2017.05.25 10:46:42.317,1.50258,1.50275,1.00,1.47
2017.05.25 10:46:43.033,1.50258,1.50278,1.12,2.70
2017.05.25 10:46:44.745,1.5026,1.50277,1.00,1.87
2017.05.25 10:46:45.259,1.50259,1.50277,1.50,1.95
2017.05.25 10:46:45.797,1.5026,1.50277,1.00,1.95
2017.05.25 10:46:46.325,1.50261,1.50277,1.00,1.87
2017.05.25 10:46:46.632,1.50263,1.50277,1.00,1.87
2017.05.25 10:46:47.176,1.50262,1.50277,1.00,1.87
2017.05.25 10:46:48.507,1.50262,1.50279,1.00,1.87
2017.05.25 10:46:51.088,1.50262,1.50279,1.00,1.87
2017.05.25 10:46:51.738,1.50261,1.50279,1.00,1.87
2017.05.25 10:46:53.232,1.50264,1.50278,1.00,1.87
2017.05.25 10:46:53.924,1.50262,1.50278,1.00,1.87
2017.05.25 10:46:54.625,1.50262,1.50278,1.00,1.00
2017.05.25 10:46:54.728,1.5026,1.50277,1.00,1.20
2017.05.25 10:46:55.140,1.50263,1.50278,1.00,1.37
2017.05.25 10:46:56.008,1.50263,1.5028,1.00,1.95
2017.05.25 10:46:56.348,1.50263,1.50281,1.00,1.95
2017.05.25 10:46:58.063,1.50263,1.50281,1.00,2.08
2017.05.25 10:46:58.522,1.50263,1.50278,1.00,2.83
2017.05.25 10:46:58.655,1.50258,1.50277,1.00,2.83
2017.05.25 10:46:58.709,1.50257,1.50275,1.00,2.08
2017.05.25 10:46:58.862,1.50255,1.50275,1.00,2.45
2017.05.25 10:47:01.291,1.50254,1.50274,1.50,1.58
2017.05.25 10:47:01.842,1.50254,1.50269,1.00,1.58
2017.05.25 10:47:01.945,1.50251,1.50269,1.00,2.08
2017.05.25 10:47:01.996,1.50252,1.5027,1.57,2.00
2017.05.25 10:47:02.048,1.50254,1.50271,1.00,1.63
2017.05.25 10:47:02.253,1.50254,1.50273,1.50,2.45
2017.05.25 10:47:03.036,1.50253,1.50273,1.00,2.45
2017.05.25 10:47:03.369,1.5025,1.5027,1.37,2.08
2017.05.25 10:47:03.471,1.50248,1.50267,1.50,1.70
2017.05.25 10:47:04.142,1.50249,1.50267,1.00,1.58
2017.05.25 10:47:04.683,1.50249,1.50266,1.00,1.58
2017.05.25 10:47:04.888,1.50249,1.50266,1.00,1.98
2017.05.25 10:47:05.466,1.50248,1.50265,1.00,1.63
2017.05.25 10:47:05.939,1.50249,1.50265,1.00,2.38
2017.05.25 10:47:06.740,1.50247,1.50266,1.00,3.13
2017.05.25 10:47:06.843,1.50245,1.50262,1.12,1.70
2017.05.25 10:47:06.894,1.50245,1.50261,1.00,1.07
2017.05.25 10:47:07.214,1.50244,1.50259,1.00,2.08
2017.05.25 10:47:07.738,1.50244,1.50262,1.00,5.08
2017.05.25 10:47:07.841,1.50246,1.50262,1.00,3.20
2017.05.25 10:47:08.149,1.50248,1.50262,1.00,2.08
2017.05.25 10:47:08.302,1.50248,1.50263,1.00,1.12
2017.05.25 10:47:08.591,1.50244,1.50257,1.00,1.00
2017.05.25 10:47:08.643,1.50241,1.50257,1.10,1.00
2017.05.25 10:47:08.746,1.50244,1.50257,1.00,1.00
2017.05.25 10:47:09.056,1.50249,1.50264,1.00,2.25
2017.05.25 10:47:09.652,1.50248,1.50261,1.10,1.37
2017.05.25 10:47:09.959,1.50246,1.50257,1.00,1.00
2017.05.25 10:47:10.164,1.50248,1.50261,1.00,1.37
2017.05.25 10:47:11.821,1.50248,1.50263,1.00,1.45
2017.05.25 10:47:12.026,1.50248,1.50262,1.37,1.50
2017.05.25 10:47:12.077,1.50247,1.50262,1.12,1.50
2017.05.25 10:47:13.850,1.50248,1.50262,1.00,1.50
2017.05.25 10:47:14.798,1.50248,1.50263,1.00,1.75
2017.05.25 10:47:16.000,1.50248,1.50261,1.00,1.50
2017.05.25 10:47:17.667,1.50248,1.50261,1.00,1.12
2017.05.25 10:47:17.772,1.50248,1.50259,1.00,1.00
2017.05.25 10:47:17.876,1.50243,1.50259,1.10,1.12
2017.05.25 10:47:18.030,1.50242,1.50256,1.00,1.00
2017.05.25 10:47:18.132,1.50242,1.50258,1.00,1.00
2017.05.25 10:47:20.111,1.50242,1.50258,1.07,1.00
2017.05.25 10:47:20.368,1.50246,1.50259,1.00,1.00
2017.05.25 10:47:20.572,1.50244,1.50259,1.00,1.00
2017.05.25 10:47:21.100,1.50244,1.5026,1.00,1.00
2017.05.25 10:47:21.154,1.50245,1.50263,1.10,1.00
2017.05.25 10:47:21.258,1.50247,1.50262,1.00,1.00
2017.05.25 10:47:21.567,1.50245,1.5026,1.00,1.00
2017.05.25 10:47:22.078,1.50244,1.5026,1.00,1.00
2017.05.25 10:47:22.580,1.50245,1.5026,1.00,1.00
2017.05.25 10:47:23.825,1.50245,1.50261,1.00,1.00
2017.05.25 10:47:25.178,1.50245,1.50263,1.10,1.00
2017.05.25 10:47:25.230,1.50248,1.50263,1.00,1.00
2017.05.25 10:47:25.484,1.50245,1.50263,1.00,1.00
2017.05.25 10:47:26.017,1.50246,1.50262,1.00,1.37
2017.05.25 10:47:26.427,1.50244,1.5026,1.00,1.12
2017.05.25 10:47:27.026,1.50245,1.5026,1.00,1.00
2017.05.25 10:47:27.563,1.50245,1.5026,1.50,1.00
2017.05.25 10:47:28.480,1.50245,1.50258,1.63,1.00
2017.05.25 10:47:28.637,1.50241,1.50258,2.70,1.00
2017.05.25 10:47:29.150,1.50243,1.50258,1.00,1.00
2017.05.25 10:47:30.518,1.50245,1.50258,1.00,1.00
2017.05.25 10:47:30.648,1.50245,1.5026,1.00,1.10
2017.05.25 10:47:30.802,1.50245,1.50263,1.95,1.00
2017.05.25 10:47:30.905,1.50247,1.50263,1.95,1.00
2017.05.25 10:47:31.007,1.5025,1.50265,1.00,3.00
2017.05.25 10:47:31.844,1.5025,1.50266,1.00,1.50
2017.05.25 10:47:32.509,1.5025,1.50265,1.00,1.50
2017.05.25 10:47:33.763,1.5025,1.50267,1.12,1.00
2017.05.25 10:47:34.122,1.50254,1.50269,1.00,2.25
2017.05.25 10:47:34.326,1.50252,1.50269,1.00,2.25
2017.05.25 10:47:34.730,1.50254,1.50269,1.00,1.00
2017.05.25 10:47:35.125,1.50252,1.50269,2.32,1.00
2017.05.25 10:47:35.592,1.50252,1.50269,2.70,1.00
2017.05.25 10:47:36.104,1.50254,1.5027,1.95,1.00
2017.05.25 10:47:36.742,1.50254,1.5027,1.50,1.00
2017.05.25 10:47:37.152,1.50256,1.50273,3.75,1.00
2017.05.25 10:47:37.204,1.50259,1.50273,1.00,1.00
2017.05.25 10:47:37.328,1.5026,1.50275,1.00,1.00
2017.05.25 10:47:37.852,1.50261,1.50276,1.10,1.00
2017.05.25 10:47:39.617,1.50261,1.50276,1.07,1.00
2017.05.25 10:47:39.726,1.50261,1.50273,1.07,1.00
2017.05.25 10:47:42.088,1.50261,1.50273,1.00,1.00
2017.05.25 10:47:42.592,1.50261,1.50274,1.00,1.00
2017.05.25 10:47:43.571,1.5026,1.50275,1.07,1.00
2017.05.25 10:47:43.878,1.50269,1.5028,1.00,1.50
2017.05.25 10:47:44.379,1.50268,1.5028,1.00,1.00
2017.05.25 10:47:44.886,1.50268,1.50279,1.00,1.00
2017.05.25 10:47:45.793,1.50268,1.50278,1.00,1.00
2017.05.25 10:47:45.844,1.50266,1.50278,1.00,1.00
2017.05.25 10:47:46.106,1.5026,1.50275,1.12,1.00
2017.05.25 10:47:46.260,1.5026,1.50274,1.00,1.00
2017.05.25 10:47:46.362,1.50258,1.50272,1.20,1.00
2017.05.25 10:47:46.720,1.50256,1.50271,1.10,1.00
2017.05.25 10:47:47.799,1.50256,1.50269,1.00,1.00
2017.05.25 10:47:48.240,1.50256,1.50271,1.10,1.00
2017.05.25 10:47:48.816,1.50256,1.50272,1.10,1.00
2017.05.25 10:47:49.338,1.50256,1.50272,1.07,1.00
2017.05.25 10:47:49.441,1.50258,1.50274,1.10,1.00
2017.05.25 10:47:49.545,1.50259,1.50274,1.07,1.00
2017.05.25 10:47:49.852,1.50261,1.50276,2.32,1.00
2017.05.25 10:47:49.904,1.50261,1.50276,1.95,1.00
2017.05.25 10:47:50.201,1.50262,1.50278,1.20,1.00
2017.05.25 10:47:50.457,1.50263,1.50279,1.20,1.00
2017.05.25 10:47:50.611,1.50262,1.50279,1.45,1.00
2017.05.25 10:47:50.971,1.50262,1.50277,1.10,1.00
2017.05.25 10:47:51.478,1.50262,1.50278,1.07,1.00
2017.05.25 10:47:51.581,1.50264,1.50281,1.07,2.25
2017.05.25 10:47:51.734,1.50264,1.50281,1.00,2.62
2017.05.25 10:47:52.419,1.50265,1.50281,1.00,2.62
2017.05.25 10:47:52.955,1.50266,1.50281,1.00,2.62
2017.05.25 10:47:53.499,1.50267,1.50282,1.00,1.87
2017.05.25 10:47:53.816,1.50267,1.50281,1.00,2.00
2017.05.25 10:47:53.969,1.50267,1.50281,1.00,1.50
2017.05.25 10:47:54.174,1.50267,1.50283,1.00,1.00
2017.05.25 10:47:54.330,1.50269,1.50284,1.00,1.00
2017.05.25 10:47:54.384,1.50269,1.50286,1.07,1.00
2017.05.25 10:47:54.887,1.5027,1.50287,1.10,2.25
2017.05.25 10:47:55.428,1.5027,1.50288,1.10,1.00
2017.05.25 10:47:56.107,1.5027,1.50288,1.00,1.20
2017.05.25 10:47:56.416,1.50267,1.50283,1.00,1.00
2017.05.25 10:47:56.927,1.50267,1.50285,1.50,1.10
2017.05.25 10:47:57.450,1.50268,1.50285,1.50,1.00
2017.05.25 10:47:57.984,1.50268,1.50285,1.13,1.50
2017.05.25 10:47:58.441,1.50273,1.50287,2.55,1.00
2017.05.25 10:47:58.647,1.50283,1.50301,1.20,1.50
2017.05.25 10:47:58.699,1.50283,1.50301,1.33,1.87
2017.05.25 10:47:58.858,1.50283,1.50299,1.13,1.00
2017.05.25 10:47:58.962,1.50286,1.50301,1.12,1.50
2017.05.25 10:47:59.170,1.50283,1.50301,1.25,1.10
2017.05.25 10:47:59.688,1.50281,1.50298,1.33,1.00
2017.05.25 10:48:00.145,1.50283,1.50298,1.58,1.00
2017.05.25 10:48:00.657,1.50282,1.50296,1.60,1.00
2017.05.25 10:48:01.514,1.50283,1.50297,1.60,1.00
2017.05.25 10:48:01.859,1.50283,1.50298,1.60,1.00
2017.05.25 10:48:02.529,1.50284,1.50297,1.95,1.00
2017.05.25 10:48:03.045,1.50283,1.50297,2.32,1.00
2017.05.25 10:48:04.248,1.50282,1.50298,4.57,1.00
2017.05.25 10:48:04.801,1.50282,1.50297,3.82,1.00
2017.05.25 10:48:05.282,1.50285,1.50298,1.82,1.00
2017.05.25 10:48:05.856,1.50284,1.50299,1.20,1.00
2017.05.25 10:48:06.123,1.50284,1.503,1.20,1.00
2017.05.25 10:48:07.593,1.50283,1.50301,2.70,1.00
2017.05.25 10:48:08.166,1.50284,1.50302,1.82,1.00
2017.05.25 10:48:08.901,1.50284,1.50299,1.82,1.00
2017.05.25 10:48:09.223,1.50284,1.503,1.50,1.50
2017.05.25 10:48:09.352,1.50282,1.50295,1.95,1.00
2017.05.25 10:48:09.508,1.50281,1.50295,1.47,1.00
2017.05.25 10:48:09.611,1.5028,1.50295,2.32,1.00
2017.05.25 10:48:11.193,1.50282,1.50296,1.85,1.00
2017.05.25 10:48:11.741,1.50282,1.50295,1.85,1.00
2017.05.25 10:48:12.563,1.50282,1.50295,1.47,1.00
2017.05.25 10:48:13.855,1.50282,1.50294,1.82,1.00
2017.05.25 10:48:14.374,1.50283,1.50295,1.57,1.00
2017.05.25 10:48:14.630,1.50284,1.50298,1.37,1.00
2017.05.25 10:48:15.167,1.50284,1.50299,1.45,1.00
2017.05.25 10:48:15.780,1.50286,1.50299,1.20,1.00
2017.05.25 10:48:15.832,1.50287,1.50299,1.95,1.00
2017.05.25 10:48:15.884,1.50289,1.50299,1.50,1.00
2017.05.25 10:48:15.937,1.50289,1.50304,1.50,1.00
2017.05.25 10:48:16.439,1.5029,1.50303,1.37,1.00
2017.05.25 10:48:16.852,1.5029,1.503,1.37,1.00
2017.05.25 10:48:17.261,1.50289,1.50296,1.00,1.00
2017.05.25 10:48:17.467,1.50282,1.50296,1.50,1.00
2017.05.25 10:48:17.621,1.5028,1.50294,2.25,1.00
2017.05.25 10:48:18.611,1.50281,1.50293,1.50,1.00
2017.05.25 10:48:18.715,1.50281,1.50293,1.37,1.00
2017.05.25 10:48:18.767,1.50282,1.50293,1.37,1.00
2017.05.25 10:48:19.075,1.50286,1.50294,1.37,1.00
2017.05.25 10:48:19.127,1.50286,1.50298,1.37,1.00
2017.05.25 10:48:19.906,1.50286,1.50299,1.37,1.00
2017.05.25 10:48:20.468,1.50285,1.50298,1.57,1.00
2017.05.25 10:48:21.124,1.50285,1.50299,1.00,1.00
2017.05.25 10:48:21.751,1.50285,1.50297,1.00,1.00
2017.05.25 10:48:22.354,1.50282,1.50298,1.45,1.00
2017.05.25 10:48:23.292,1.50282,1.503,1.45,1.50
2017.05.25 10:48:23.876,1.50281,1.503,1.87,1.07
2017.05.25 10:48:24.384,1.50281,1.50301,1.37,3.45
2017.05.25 10:48:25.193,1.50281,1.50301,1.12,4.20
2017.05.25 10:48:28.455,1.5028,1.50301,1.85,1.95
2017.05.25 10:48:31.077,1.50282,1.50301,1.50,1.95
2017.05.25 10:48:31.661,1.50284,1.50301,1.75,1.00
2017.05.25 10:48:32.592,1.50285,1.50302,1.50,1.00
2017.05.25 10:48:34.080,1.50285,1.50302,1.37,1.00
2017.05.25 10:48:35.638,1.50289,1.50303,1.00,1.12
2017.05.25 10:48:35.896,1.50296,1.50312,2.32,1.00
2017.05.25 10:48:36.327,1.50293,1.50311,1.07,1.00
2017.05.25 10:48:36.897,1.50292,1.50311,4.57,1.50
2017.05.25 10:48:38.062,1.50292,1.5031,4.57,1.00
2017.05.25 10:48:38.423,1.50294,1.5031,1.85,1.00
2017.05.25 10:48:39.138,1.50294,1.50309,1.85,1.00
2017.05.25 10:48:39.189,1.50294,1.5031,1.37,1.00
2017.05.25 10:48:39.241,1.50294,1.50304,1.00,1.00
2017.05.25 10:48:39.293,1.50291,1.50304,1.37,1.00
2017.05.25 10:48:39.345,1.5029,1.50306,2.92,1.12
2017.05.25 10:48:39.448,1.50293,1.50308,1.87,1.50
2017.05.25 10:48:39.667,1.50298,1.50312,1.00,1.50
2017.05.25 10:48:41.986,1.50298,1.50308,1.00,1.00
2017.05.25 10:48:42.089,1.50294,1.50307,1.12,1.00
2017.05.25 10:48:42.191,1.50292,1.50307,1.10,1.00
2017.05.25 10:48:42.701,1.50294,1.50307,1.00,1.00
2017.05.25 10:48:43.293,1.50294,1.50308,1.00,1.00
2017.05.25 10:48:43.689,1.50294,1.50306,1.00,1.00
2017.05.25 10:48:43.791,1.50292,1.50307,1.00,1.00
2017.05.25 10:48:44.353,1.50293,1.50307,1.00,1.00
2017.05.25 10:48:46.625,1.50293,1.50306,1.07,1.00
2017.05.25 10:48:47.133,1.50294,1.50307,1.00,1.00
2017.05.25 10:48:47.669,1.50295,1.50307,1.00,1.00
2017.05.25 10:48:48.187,1.50293,1.50307,1.10,1.00
2017.05.25 10:48:49.399,1.50293,1.50304,1.00,1.00
2017.05.25 10:48:49.502,1.5029,1.50304,1.12,1.00
2017.05.25 10:48:49.554,1.5029,1.50302,1.12,1.00
2017.05.25 10:48:50.071,1.50287,1.50302,1.57,1.50
2017.05.25 10:48:50.383,1.50288,1.50303,1.20,1.50
2017.05.25 10:48:50.435,1.50288,1.50303,1.20,1.50
2017.05.25 10:48:50.537,1.50288,1.50303,1.20,1.50
2017.05.25 10:48:50.844,1.50288,1.50302,1.00,1.00
2017.05.25 10:48:51.362,1.50288,1.50302,1.07,1.00
2017.05.25 10:48:52.301,1.50288,1.50304,1.07,1.50
2017.05.25 10:48:52.454,1.50287,1.50302,1.07,1.00
2017.05.25 10:48:52.781,1.50289,1.50303,1.07,1.00
2017.05.25 10:48:53.085,1.50289,1.50304,1.07,1.37
2017.05.25 10:48:53.714,1.50288,1.50303,1.57,1.12
2017.05.25 10:48:55.185,1.50289,1.50303,1.07,1.12
2017.05.25 10:48:55.439,1.50289,1.50303,1.07,1.12
2017.05.25 10:48:55.975,1.5029,1.50302,1.07,1.00
2017.05.25 10:48:56.541,1.5029,1.50305,1.07,1.37
2017.05.25 10:48:56.872,1.50289,1.50305,1.07,2.00
2017.05.25 10:48:57.025,1.5029,1.50304,1.10,1.25
2017.05.25 10:48:59.329,1.5029,1.50302,1.07,1.13
2017.05.25 10:48:59.872,1.5029,1.50302,1.00,1.13
2017.05.25 10:49:00.164,1.5029,1.50306,1.20,1.75
2017.05.25 10:49:00.266,1.50293,1.50306,1.00,1.25
2017.05.25 10:49:00.420,1.50298,1.50313,1.00,1.00
2017.05.25 10:49:00.537,1.503,1.50315,1.07,1.00
2017.05.25 10:49:00.846,1.50294,1.50309,1.10,2.75
2017.05.25 10:49:00.897,1.50294,1.50309,1.20,2.00
2017.05.25 10:49:01.407,1.50298,1.5031,1.00,1.50
2017.05.25 10:49:01.814,1.50296,1.5031,1.00,1.50
2017.05.25 10:49:02.844,1.50294,1.50308,1.12,1.50
2017.05.25 10:49:02.947,1.50291,1.50307,1.00,1.50
2017.05.25 10:49:03.101,1.50289,1.50306,1.12,1.25
2017.05.25 10:49:03.623,1.50287,1.50305,2.51,1.13
2017.05.25 10:49:04.646,1.50287,1.50304,2.89,1.13
2017.05.25 10:49:05.570,1.50287,1.50302,1.10,1.17
2017.05.25 10:49:05.721,1.50287,1.50303,1.00,1.50
2017.05.25 10:49:05.929,1.50282,1.50302,3.82,1.50
2017.05.25 10:49:06.032,1.50283,1.50302,1.95,1.50
2017.05.25 10:49:06.135,1.50284,1.503,1.07,1.13
2017.05.25 10:49:06.237,1.50285,1.50301,1.07,1.25
2017.05.25 10:49:06.289,1.50285,1.50303,1.45,1.50
2017.05.25 10:49:06.341,1.50286,1.50303,1.07,1.63
2017.05.25 10:49:06.445,1.50283,1.50301,2.32,1.63
2017.05.25 10:49:06.688,1.50283,1.50301,1.57,2.00
2017.05.25 10:49:06.740,1.50284,1.50301,1.39,1.25
2017.05.25 10:49:07.252,1.50283,1.50299,1.20,1.13
2017.05.25 10:49:07.907,1.50282,1.503,1.50,2.00
2017.05.25 10:49:09.089,1.50282,1.50299,1.70,1.25
2017.05.25 10:49:09.521,1.50284,1.503,2.32,1.00
2017.05.25 10:49:10.048,1.50284,1.50301,1.07,1.17
2017.05.25 10:49:10.478,1.50282,1.50301,2.14,1.50
2017.05.25 10:49:13.470,1.50283,1.503,1.07,1.25
2017.05.25 10:49:13.986,1.50282,1.50299,1.07,1.25
2017.05.25 10:49:14.088,1.50281,1.503,4.01,1.00
2017.05.25 10:49:14.140,1.50282,1.503,1.20,1.50
2017.05.25 10:49:16.424,1.50283,1.503,1.07,1.25
2017.05.25 10:49:20.014,1.50283,1.50299,1.57,1.13
2017.05.25 10:49:20.066,1.50283,1.50299,1.76,1.13
2017.05.25 10:49:20.714,1.50283,1.50302,1.50,2.75
2017.05.25 10:49:21.783,1.50285,1.50302,1.00,1.13
2017.05.25 10:49:21.835,1.5029,1.50302,1.12,1.00
2017.05.25 10:49:22.143,1.50292,1.50306,1.12,2.00
2017.05.25 10:49:22.268,1.50292,1.50307,1.00,1.50
2017.05.25 10:49:22.423,1.50289,1.50305,1.87,2.00
2017.05.25 10:49:23.361,1.50288,1.50305,1.12,1.50
2017.05.25 10:49:23.464,1.50287,1.50306,1.10,3.20
2017.05.25 10:49:23.979,1.50286,1.50305,1.57,1.50
2017.05.25 10:49:24.580,1.50286,1.50306,1.57,1.63
2017.05.25 10:49:24.683,1.50285,1.503,1.12,2.83
2017.05.25 10:49:24.836,1.50279,1.50293,1.00,1.00
2017.05.25 10:49:25.110,1.50275,1.50293,1.95,2.00
2017.05.25 10:49:25.572,1.50274,1.50288,1.85,1.37
2017.05.25 10:49:25.675,1.5027,1.50287,1.20,1.37
2017.05.25 10:49:25.880,1.50269,1.50287,1.37,1.47
2017.05.25 10:49:26.402,1.50269,1.50288,1.07,1.87
2017.05.25 10:49:26.640,1.50269,1.50288,1.10,1.87
2017.05.25 10:49:26.742,1.5027,1.50287,1.07,1.12
2017.05.25 10:49:27.403,1.5027,1.50287,1.00,1.95
2017.05.25 10:49:28.020,1.50273,1.50291,2.70,1.50
2017.05.25 10:49:28.072,1.50273,1.50291,2.70,1.00
2017.05.25 10:49:28.174,1.50275,1.50293,1.00,1.87
2017.05.25 10:49:28.480,1.50275,1.5029,1.20,1.00
2017.05.25 10:49:28.991,1.50275,1.50293,1.20,1.37
2017.05.25 10:49:29.342,1.50277,1.50293,1.00,1.37
2017.05.25 10:49:29.875,1.50276,1.50292,1.00,1.47
2017.05.25 10:49:29.978,1.50274,1.50291,1.50,1.50
2017.05.25 10:49:30.686,1.50274,1.50291,1.07,1.50
2017.05.25 10:49:32.297,1.50277,1.50291,1.10,1.50
2017.05.25 10:49:32.807,1.50279,1.50293,1.00,1.00
2017.05.25 10:49:33.134,1.50284,1.50297,1.00,1.87
2017.05.25 10:49:33.186,1.50282,1.50297,1.00,1.87
2017.05.25 10:49:33.289,1.5028,1.50295,1.00,1.37
2017.05.25 10:49:34.321,1.5028,1.50295,1.00,1.00
2017.05.25 10:49:35.539,1.5028,1.50294,1.00,1.00
2017.05.25 10:49:35.998,1.50279,1.50292,1.00,1.00
2017.05.25 10:49:36.049,1.50276,1.50292,2.62,1.00
2017.05.25 10:49:36.530,1.50276,1.5029,1.50,1.00
2017.05.25 10:49:37.945,1.50273,1.5029,1.01,1.00
2017.05.25 10:49:38.149,1.50275,1.5029,1.00,1.00
2017.05.25 10:49:38.251,1.50272,1.5029,3.64,1.00
2017.05.25 10:49:38.405,1.50272,1.50282,1.20,1.00
2017.05.25 10:49:38.508,1.50269,1.50284,1.75,1.00
2017.05.25 10:49:38.612,1.50268,1.50281,1.00,1.75
2017.05.25 10:49:38.667,1.50268,1.50281,1.00,1.00
2017.05.25 10:49:38.719,1.5027,1.50281,2.32,1.00
2017.05.25 10:49:38.822,1.50272,1.50289,1.20,1.75
2017.05.25 10:49:38.925,1.50274,1.50289,1.10,1.12
2017.05.25 10:49:39.472,1.50275,1.50288,1.00,1.00
2017.05.25 10:49:39.681,1.50275,1.5029,1.00,1.12
2017.05.25 10:49:40.434,1.50272,1.5029,2.32,1.12
2017.05.25 10:49:40.964,1.50272,1.5029,1.07,1.13
2017.05.25 10:49:41.016,1.50271,1.50289,1.95,1.13
2017.05.25 10:49:41.840,1.50269,1.50289,4.20,1.13
2017.05.25 10:49:42.326,1.50272,1.50289,1.95,1.00
2017.05.25 10:49:42.379,1.50275,1.50291,1.10,1.00
2017.05.25 10:49:42.431,1.50276,1.50293,1.32,1.12
2017.05.25 10:49:42.535,1.50278,1.50296,1.20,1.00
2017.05.25 10:49:43.018,1.50278,1.50294,1.20,1.00
2017.05.25 10:49:43.565,1.50279,1.50295,1.07,1.00
2017.05.25 10:49:43.949,1.5028,1.50296,1.20,1.00
2017.05.25 10:49:44.001,1.50282,1.50299,1.07,1.12
2017.05.25 10:49:44.053,1.50284,1.50299,1.45,1.00
2017.05.25 10:49:44.105,1.50286,1.50304,1.07,1.37
2017.05.25 10:49:44.157,1.50286,1.50305,1.57,1.50
2017.05.25 10:49:44.260,1.50289,1.50304,1.10,1.00
2017.05.25 10:49:44.363,1.50286,1.50303,1.95,1.00
2017.05.25 10:49:44.943,1.50286,1.50302,1.07,1.00
2017.05.25 10:49:45.155,1.50286,1.50304,1.57,1.00
2017.05.25 10:49:45.701,1.50286,1.50303,1.95,1.50
2017.05.25 10:49:46.216,1.50296,1.50307,1.76,1.12
2017.05.25 10:49:46.321,1.50299,1.50314,1.45,1.00
2017.05.25 10:49:46.372,1.50299,1.50316,1.07,1.50
2017.05.25 10:49:46.526,1.50299,1.50314,1.10,1.00
2017.05.25 10:49:46.577,1.50299,1.50316,1.10,1.00
2017.05.25 10:49:47.119,1.50299,1.50315,1.07,1.00
2017.05.25 10:49:47.556,1.50298,1.50312,1.07,1.17
2017.05.25 10:49:47.609,1.50296,1.50312,1.87,1.17
2017.05.25 10:49:47.712,1.50293,1.5031,3.82,1.00
2017.05.25 10:49:47.916,1.50293,1.50308,1.57,1.00
2017.05.25 10:49:48.436,1.50293,1.50307,1.07,1.00
2017.05.25 10:49:49.842,1.5029,1.50307,3.07,1.00
2017.05.25 10:49:50.353,1.50294,1.50308,1.00,1.00
2017.05.25 10:49:52.276,1.50292,1.50308,1.57,1.50
2017.05.25 10:49:52.327,1.50292,1.50303,1.00,1.23
2017.05.25 10:49:52.430,1.50286,1.50302,1.00,1.50
2017.05.25 10:49:52.533,1.50282,1.50298,2.25,1.00
2017.05.25 10:49:52.635,1.50282,1.50299,1.00,1.00
2017.05.25 10:49:52.738,1.50282,1.50299,1.20,1.00
2017.05.25 10:49:53.301,1.50282,1.50298,1.95,1.00
2017.05.25 10:49:53.648,1.50283,1.50298,1.00,1.50
2017.05.25 10:49:53.852,1.50282,1.50298,1.20,1.13
2017.05.25 10:49:53.955,1.50283,1.50296,1.12,1.00
2017.05.25 10:49:54.160,1.50279,1.50296,2.70,1.13
2017.05.25 10:49:54.667,1.5028,1.50294,1.00,1.13
2017.05.25 10:49:55.185,1.5028,1.50294,1.00,1.17
2017.05.25 10:49:55.584,1.5028,1.50293,1.47,1.17
2017.05.25 10:49:55.788,1.50278,1.50293,1.95,1.17
2017.05.25 10:49:57.332,1.50278,1.50293,1.95,1.13
2017.05.25 10:49:59.635,1.50279,1.50293,1.57,1.13
2017.05.25 10:49:59.944,1.50274,1.50288,1.87,1.50
2017.05.25 10:50:00.894,1.50274,1.50288,1.87,1.50
2017.05.25 10:50:03.062,1.50274,1.50288,1.87,1.50
2017.05.25 10:50:03.182,1.50274,1.50288,1.50,1.50
2017.05.25 10:50:03.691,1.50272,1.50289,1.50,2.00
2017.05.25 10:50:03.844,1.50274,1.50288,1.37,1.75
2017.05.25 10:50:05.013,1.50274,1.50285,1.37,1.50
2017.05.25 10:50:05.066,1.50274,1.50286,1.37,1.37
2017.05.25 10:50:05.272,1.50276,1.50288,1.37,1.50
2017.05.25 10:50:05.376,1.50274,1.50286,1.12,1.37
2017.05.25 10:50:05.478,1.50273,1.50287,1.00,1.37
2017.05.25 10:50:06.651,1.50273,1.50288,1.00,1.10
2017.05.25 10:50:06.702,1.50273,1.50288,1.12,1.10
2017.05.25 10:50:07.240,1.50275,1.5029,1.37,1.45
2017.05.25 10:50:09.619,1.50273,1.50288,1.12,1.37
2017.05.25 10:50:11.956,1.50273,1.50285,1.12,1.87
2017.05.25 10:50:12.112,1.5027,1.50281,1.00,1.12
2017.05.25 10:50:12.960,1.50268,1.50283,1.37,1.12
2017.05.25 10:50:13.761,1.50269,1.50284,1.37,1.37
2017.05.25 10:50:14.081,1.5027,1.50286,1.12,1.95
2017.05.25 10:50:14.184,1.5027,1.50283,1.12,1.00
2017.05.25 10:50:14.490,1.50265,1.5028,1.45,1.00
2017.05.25 10:50:14.802,1.50266,1.50282,1.95,1.00
2017.05.25 10:50:15.110,1.50264,1.50277,1.12,1.00
2017.05.25 10:50:15.416,1.5026,1.50275,1.37,1.00
2017.05.25 10:50:15.722,1.50262,1.50277,1.37,1.00
2017.05.25 10:50:16.116,1.50261,1.50277,1.37,1.00
2017.05.25 10:50:16.525,1.50259,1.50275,1.87,1.00
2017.05.25 10:50:16.679,1.50259,1.50274,1.00,1.00
2017.05.25 10:50:16.883,1.50257,1.50273,1.00,1.00
2017.05.25 10:50:17.430,1.50257,1.50272,1.00,1.00
2017.05.25 10:50:18.434,1.50258,1.50272,1.00,1.00
2017.05.25 10:50:19.016,1.50256,1.50273,1.00,1.00
2017.05.25 10:50:20.523,1.50255,1.50271,1.00,1.50
2017.05.25 10:50:20.833,1.50254,1.50268,1.00,1.00
2017.05.25 10:50:21.526,1.50254,1.50269,1.07,1.00
2017.05.25 10:50:22.179,1.50254,1.50269,1.00,1.00
2017.05.25 10:50:22.231,1.50254,1.50271,1.00,1.50
2017.05.25 10:50:22.770,1.50253,1.50271,2.70,1.00
2017.05.25 10:50:22.874,1.50253,1.50269,1.45,1.00
2017.05.25 10:50:23.181,1.50251,1.50267,1.07,1.00
2017.05.25 10:50:23.795,1.5025,1.50268,3.07,1.00
2017.05.25 10:50:25.275,1.5025,1.50267,1.95,1.00
2017.05.25 10:50:25.894,1.50251,1.50268,1.87,1.00
2017.05.25 10:50:26.437,1.50251,1.50267,1.12,1.00
2017.05.25 10:50:26.745,1.50244,1.50263,3.82,1.00
2017.05.25 10:50:26.847,1.50244,1.50261,1.07,1.00
2017.05.25 10:50:27.052,1.50245,1.50263,1.57,1.00
2017.05.25 10:50:27.558,1.50245,1.50262,1.10,1.00
2017.05.25 10:50:28.073,1.50245,1.50263,1.10,1.00
2017.05.25 10:50:28.579,1.50245,1.50262,1.10,1.00
2017.05.25 10:50:30.517,1.50243,1.50262,1.57,1.50
2017.05.25 10:50:30.828,1.50243,1.50261,1.10,1.87
2017.05.25 10:50:31.134,1.50241,1.50257,1.50,1.00
2017.05.25 10:50:32.643,1.50241,1.50259,1.00,1.20
2017.05.25 10:50:32.848,1.50245,1.50262,1.00,1.00
2017.05.25 10:50:33.003,1.50246,1.50264,1.00,1.00
2017.05.25 10:50:33.786,1.50246,1.50263,1.50,1.00
2017.05.25 10:50:37.817,1.50249,1.50265,1.94,1.00
2017.05.25 10:50:37.922,1.50251,1.50265,1.00,1.12
2017.05.25 10:50:37.973,1.50247,1.50265,2.70,1.12
2017.05.25 10:50:38.344,1.50249,1.50267,1.57,1.12
2017.05.25 10:50:38.396,1.5025,1.50268,1.37,1.37
2017.05.25 10:50:38.704,1.50252,1.50269,1.37,1.37
2017.05.25 10:50:39.114,1.50252,1.50269,1.37,2.25
2017.05.25 10:50:39.371,1.50248,1.50266,1.07,2.25
2017.05.25 10:50:39.422,1.50247,1.50263,1.50,1.00
2017.05.25 10:50:39.779,1.50246,1.50261,1.50,1.00
2017.05.25 10:50:40.316,1.50245,1.50261,1.00,1.00
2017.05.25 10:50:41.198,1.50245,1.5026,1.00,1.00
2017.05.25 10:50:41.755,1.50244,1.5026,1.10,1.00
2017.05.25 10:50:42.071,1.50244,1.5026,1.57,1.00
2017.05.25 10:50:42.951,1.50244,1.5026,1.57,1.00
2017.05.25 10:50:43.054,1.50244,1.5026,1.45,1.00
2017.05.25 10:50:43.105,1.50244,1.50259,1.07,3.00
2017.05.25 10:50:43.157,1.50239,1.50259,2.70,3.00
2017.05.25 10:50:43.210,1.50241,1.50257,1.00,1.37
2017.05.25 10:50:43.415,1.50241,1.50257,1.57,1.37
2017.05.25 10:50:45.196,1.5024,1.50257,1.75,1.37
2017.05.25 10:50:45.300,1.50239,1.50257,1.12,1.87
2017.05.25 10:50:45.629,1.50242,1.50258,1.37,1.00
2017.05.25 10:50:45.936,1.5024,1.50258,1.50,1.75
2017.05.25 10:50:46.039,1.50239,1.50258,1.87,1.82
2017.05.25 10:50:46.523,1.5024,1.50258,1.20,1.75
2017.05.25 10:50:46.626,1.50241,1.50259,1.07,3.00
2017.05.25 10:50:46.879,1.50246,1.5026,1.00,1.37
2017.05.25 10:50:47.391,1.50244,1.50263,2.70,1.75
2017.05.25 10:50:47.801,1.50244,1.50262,1.57,1.75
2017.05.25 10:50:48.177,1.50242,1.50257,1.00,1.37
2017.05.25 10:50:48.387,1.50239,1.50253,1.37,1.00
2017.05.25 10:50:48.440,1.50239,1.50253,1.00,1.10
2017.05.25 10:50:48.543,1.50238,1.50251,1.00,1.00
2017.05.25 10:50:49.059,1.50234,1.50251,1.75,1.00
2017.05.25 10:50:49.565,1.50233,1.50252,1.85,1.10
2017.05.25 10:50:50.099,1.50239,1.50253,1.00,1.50
2017.05.25 10:50:50.406,1.50246,1.50261,1.20,1.37
2017.05.25 10:50:50.730,1.50246,1.50262,1.00,1.12
2017.05.25 10:50:50.833,1.50248,1.50262,1.00,1.12
2017.05.25 10:50:51.140,1.50245,1.50261,1.50,1.82
2017.05.25 10:50:51.244,1.5024,1.50255,1.50,1.37
2017.05.25 10:50:51.296,1.5024,1.50256,1.12,1.57
2017.05.25 10:50:51.348,1.50237,1.50255,1.87,1.45
2017.05.25 10:50:51.858,1.50235,1.50251,1.50,1.00
2017.05.25 10:50:53.275,1.50235,1.50252,1.37,1.10
2017.05.25 10:50:54.358,1.50234,1.50252,1.50,1.07
2017.05.25 10:50:54.614,1.50231,1.5025,1.50,1.82
2017.05.25 10:50:54.717,1.50231,1.50249,2.32,1.00
2017.05.25 10:50:55.036,1.50232,1.5025,2.70,1.00
2017.05.25 10:50:55.141,1.50237,1.50251,1.00,1.37
2017.05.25 10:50:55.244,1.50235,1.50252,1.12,1.00
2017.05.25 10:50:55.756,1.50234,1.5025,2.25,1.00
2017.05.25 10:50:55.808,1.50232,1.5025,3.82,1.00
2017.05.25 10:50:55.860,1.50232,1.5025,2.32,1.00
2017.05.25 10:50:56.201,1.50231,1.50247,1.37,1.00
2017.05.25 10:50:56.507,1.50231,1.50248,1.85,1.50
2017.05.25 10:50:56.713,1.50228,1.50248,1.82,1.87
2017.05.25 10:50:56.764,1.50228,1.50245,1.82,1.00
2017.05.25 10:50:57.067,1.50228,1.50245,1.85,1.00
2017.05.25 10:50:57.574,1.50227,1.50244,1.75,1.00
2017.05.25 10:50:57.626,1.50226,1.50238,1.00,1.35
2017.05.25 10:50:57.831,1.50213,1.50233,1.87,3.07
2017.05.25 10:50:58.036,1.5021,1.50227,1.00,1.10
2017.05.25 10:50:58.088,1.5021,1.50227,1.00,1.07
2017.05.25 10:50:58.432,1.50212,1.50228,1.69,1.12
2017.05.25 10:50:58.484,1.50212,1.50229,1.76,1.72
2017.05.25 10:50:58.536,1.50217,1.5023,1.00,2.47
2017.05.25 10:50:58.638,1.50213,1.5023,1.70,1.00
2017.05.25 10:50:58.741,1.50215,1.50235,2.39,2.47
2017.05.25 10:50:58.895,1.5022,1.50235,1.00,1.12
2017.05.25 10:50:59.202,1.50217,1.50232,1.12,1.75
2017.05.25 10:50:59.254,1.50215,1.50232,1.00,1.75
2017.05.25 10:50:59.458,1.50217,1.50232,1.00,1.75
2017.05.25 10:50:59.931,1.50215,1.50234,1.50,2.32
2017.05.25 10:51:00.669,1.50215,1.50233,1.00,1.82
2017.05.25 10:51:00.925,1.50213,1.50231,1.00,1.85
2017.05.25 10:51:01.124,1.50211,1.50227,1.50,3.07
2017.05.25 10:51:01.227,1.50209,1.50227,1.50,3.07
2017.05.25 10:51:01.800,1.50208,1.50226,1.50,2.32
2017.05.25 10:51:02.344,1.5021,1.50227,1.00,3.07
2017.05.25 10:51:03.105,1.50209,1.50224,1.00,1.85
2017.05.25 10:51:03.259,1.50203,1.50221,1.00,2.32
2017.05.25 10:51:03.311,1.50203,1.50221,1.00,1.95
2017.05.25 10:51:03.414,1.50204,1.50221,1.50,1.12
2017.05.25 10:51:03.930,1.50207,1.50225,1.50,2.32
2017.05.25 10:51:04.033,1.50207,1.50225,1.50,1.20
2017.05.25 10:51:04.085,1.50208,1.50225,1.47,1.12
2017.05.25 10:51:04.137,1.50208,1.50226,2.70,1.37
2017.05.25 10:51:04.648,1.50208,1.50228,3.37,1.82
2017.05.25 10:51:04.835,1.50211,1.50228,1.00,1.82
2017.05.25 10:51:05.927,1.50212,1.50228,1.00,1.37
2017.05.25 10:51:06.504,1.50212,1.50229,1.00,1.47
2017.05.25 10:51:06.767,1.50214,1.50231,1.87,1.85
2017.05.25 10:51:06.922,1.50214,1.50231,1.87,1.07
2017.05.25 10:51:07.075,1.50216,1.50233,1.00,1.07
2017.05.25 10:51:07.601,1.50215,1.50233,1.87,1.00
2017.05.25 10:51:08.120,1.50215,1.50232,2.25,1.00
2017.05.25 10:51:08.652,1.50215,1.50234,2.62,1.10
2017.05.25 10:51:08.703,1.50216,1.50234,1.50,1.10
2017.05.25 10:51:09.067,1.50214,1.50233,1.50,3.07
2017.05.25 10:51:09.944,1.50214,1.50232,1.00,2.32
2017.05.25 10:51:11.160,1.50211,1.50228,1.00,1.07
2017.05.25 10:51:13.244,1.50218,1.50227,1.00,1.00
2017.05.25 10:51:13.296,1.50216,1.50228,1.00,1.12
2017.05.25 10:51:13.349,1.50214,1.50228,1.50,1.12
2017.05.25 10:51:13.453,1.50218,1.50231,1.00,1.00
2017.05.25 10:51:13.760,1.50221,1.50234,1.00,1.57
2017.05.25 10:51:14.373,1.50222,1.50235,1.00,1.00
2017.05.25 10:51:15.174,1.50222,1.50236,1.00,1.00
2017.05.25 10:51:15.278,1.50224,1.5024,2.70,1.50
2017.05.25 10:51:15.329,1.50225,1.5024,1.85,1.00
2017.05.25 10:51:15.381,1.50226,1.50244,1.00,1.00
2017.05.25 10:51:15.432,1.50228,1.50244,1.00,1.33
2017.05.25 10:51:15.739,1.50227,1.50239,1.87,1.00
2017.05.25 10:51:15.842,1.50227,1.50239,1.50,1.00
2017.05.25 10:51:16.683,1.50227,1.5024,1.12,1.00
2017.05.25 10:51:17.042,1.50228,1.50244,1.00,1.00
2017.05.25 10:51:17.553,1.50229,1.50245,1.00,1.10
2017.05.25 10:51:18.091,1.50228,1.50245,1.50,1.00
2017.05.25 10:51:19.683,1.50228,1.50246,1.50,1.08
2017.05.25 10:51:20.215,1.50228,1.50246,1.50,1.07
2017.05.25 10:51:20.419,1.50226,1.50244,1.50,1.80
2017.05.25 10:51:20.522,1.50225,1.50243,1.00,1.42
2017.05.25 10:51:21.033,1.50226,1.50242,1.00,1.10
2017.05.25 10:51:22.218,1.50226,1.50242,1.50,1.07
2017.05.25 10:51:22.525,1.50224,1.50242,1.50,1.10
2017.05.25 10:51:23.290,1.50225,1.50242,1.00,1.10
2017.05.25 10:51:25.174,1.50227,1.50242,1.00,1.00
2017.05.25 10:51:25.277,1.50229,1.50246,1.00,3.00
2017.05.25 10:51:25.791,1.50229,1.50246,1.50,1.00
2017.05.25 10:51:26.196,1.50229,1.50246,1.57,1.00
2017.05.25 10:51:26.724,1.5023,1.50247,1.37,1.00
2017.05.25 10:51:27.115,1.50228,1.50246,1.50,1.35
2017.05.25 10:51:27.264,1.50224,1.50243,1.39,2.10
2017.05.25 10:51:27.318,1.50223,1.50242,1.87,1.42
2017.05.25 10:51:27.576,1.50223,1.50242,3.00,1.50
2017.05.25 10:51:27.782,1.50229,1.50247,1.47,2.62
2017.05.25 10:51:28.298,1.50229,1.50246,1.12,1.00
2017.05.25 10:51:28.819,1.50229,1.50247,1.12,1.50
2017.05.25 10:51:29.659,1.50229,1.50247,1.87,1.57
2017.05.25 10:51:30.936,1.5023,1.50248,1.00,1.57
2017.05.25 10:51:31.039,1.50229,1.50246,1.12,1.07
2017.05.25 10:51:31.296,1.50225,1.50243,1.12,1.07
2017.05.25 10:51:31.692,1.50227,1.50243,1.87,1.00
2017.05.25 10:51:31.796,1.50229,1.50247,1.50,2.25
2017.05.25 10:51:32.153,1.5023,1.50249,1.95,2.62
2017.05.25 10:51:32.256,1.5023,1.50249,1.00,1.45
2017.05.25 10:51:33.457,1.5023,1.50245,1.00,1.35
2017.05.25 10:51:33.560,1.50226,1.50243,1.00,2.43
2017.05.25 10:51:34.099,1.50225,1.50243,1.00,3.93
2017.05.25 10:51:34.760,1.50224,1.50243,1.00,3.93
2017.05.25 10:51:35.265,1.50222,1.50238,1.00,2.35
2017.05.25 10:51:35.420,1.50219,1.50237,1.00,2.55
2017.05.25 10:51:35.933,1.50218,1.50237,1.50,1.05
2017.05.25 10:51:36.364,1.50218,1.50238,1.12,2.20
2017.05.25 10:51:36.889,1.50218,1.50236,1.00,1.08
2017.05.25 10:51:37.783,1.5022,1.50235,1.00,1.00
2017.05.25 10:51:37.937,1.5022,1.50239,1.50,1.07
2017.05.25 10:51:37.989,1.50225,1.50239,1.00,1.10
2017.05.25 10:51:38.144,1.50225,1.50244,2.62,1.57
2017.05.25 10:51:38.196,1.50225,1.50244,1.87,1.57
2017.05.25 10:51:38.551,1.50228,1.50244,1.50,2.32
2017.05.25 10:51:38.757,1.50229,1.50247,1.50,1.95
2017.05.25 10:51:40.371,1.50229,1.50245,1.50,1.00
2017.05.25 10:51:40.898,1.50229,1.50246,1.50,1.10
2017.05.25 10:51:41.681,1.50229,1.50245,1.50,1.00
2017.05.25 10:51:41.733,1.50232,1.50245,1.00,1.00
2017.05.25 10:51:42.041,1.50232,1.50247,2.62,1.00
2017.05.25 10:51:42.347,1.50232,1.50253,4.20,1.50
2017.05.25 10:51:42.500,1.50236,1.50253,1.00,1.00
2017.05.25 10:51:43.022,1.50236,1.50254,1.50,2.32
2017.05.25 10:51:45.887,1.50236,1.50253,1.50,1.10
2017.05.25 10:51:46.398,1.50236,1.50254,1.50,1.57
2017.05.25 10:51:46.947,1.50236,1.50254,1.50,1.07
2017.05.25 10:51:47.125,1.50236,1.50255,1.50,1.50
2017.05.25 10:51:47.702,1.50237,1.50255,1.00,1.10
2017.05.25 10:51:48.060,1.5024,1.50254,3.07,1.00
2017.05.25 10:51:48.163,1.5024,1.50258,3.82,1.37
2017.05.25 10:51:48.215,1.50243,1.5026,1.00,2.25
2017.05.25 10:51:49.444,1.50248,1.5026,1.00,1.50
2017.05.25 10:51:49.547,1.50248,1.50265,1.00,1.87
2017.05.25 10:51:50.064,1.50249,1.50266,1.00,1.00
2017.05.25 10:51:51.554,1.50249,1.50265,1.00,1.00
2017.05.25 10:51:52.236,1.5025,1.50265,1.00,1.00
2017.05.25 10:51:53.474,1.5025,1.50266,1.00,1.50
2017.05.25 10:51:53.678,1.50249,1.50264,1.00,1.00
2017.05.25 10:51:54.194,1.50249,1.50265,1.00,1.00
2017.05.25 10:51:54.853,1.50249,1.50266,1.00,1.50
2017.05.25 10:51:55.453,1.50249,1.50265,1.00,1.00
2017.05.25 10:51:55.505,1.50246,1.50265,1.10,1.00
2017.05.25 10:51:55.558,1.50249,1.50265,1.00,1.00
2017.05.25 10:51:56.019,1.50247,1.50265,1.10,1.00
2017.05.25 10:51:56.429,1.50246,1.50261,1.57,1.00
2017.05.25 10:51:56.954,1.50244,1.50261,2.32,1.00
2017.05.25 10:51:57.006,1.50244,1.50263,2.32,2.25
2017.05.25 10:51:57.551,1.50247,1.50261,1.00,1.00
2017.05.25 10:51:57.906,1.50251,1.50261,1.00,1.00
2017.05.25 10:51:57.957,1.50249,1.50265,1.00,1.00
2017.05.25 10:51:58.061,1.50246,1.50256,1.50,1.00
2017.05.25 10:51:58.163,1.50242,1.50256,2.25,1.00
2017.05.25 10:51:58.421,1.50242,1.5026,1.00,1.10
2017.05.25 10:51:58.524,1.50242,1.50258,1.00,1.20
2017.05.25 10:51:58.575,1.50239,1.50258,1.00,1.95
2017.05.25 10:51:58.627,1.50239,1.50256,1.00,1.00
2017.05.25 10:51:59.139,1.50239,1.50257,1.50,1.10
2017.05.25 10:52:00.446,1.50239,1.50256,1.00,1.12
2017.05.25 10:52:00.656,1.50234,1.50255,1.50,2.70
2017.05.25 10:52:00.912,1.50234,1.50253,1.50,1.07
2017.05.25 10:52:01.424,1.50233,1.50252,1.00,2.32
2017.05.25 10:52:02.072,1.50233,1.50252,1.00,3.07
2017.05.25 10:52:02.474,1.50233,1.50252,1.50,2.32
2017.05.25 10:52:02.782,1.50234,1.50252,1.08,1.87
2017.05.25 10:52:03.105,1.50234,1.5025,1.00,1.75
2017.05.25 10:52:03.259,1.50231,1.5025,3.00,1.85
2017.05.25 10:52:03.772,1.50231,1.50249,1.00,1.37
2017.05.25 10:52:03.823,1.50232,1.50249,1.00,1.37
2017.05.25 10:52:04.340,1.50232,1.50249,1.00,1.87
2017.05.25 10:52:04.443,1.5023,1.50249,2.62,1.37
2017.05.25 10:52:05.483,1.5023,1.50248,2.62,1.37
2017.05.25 10:52:06.005,1.50233,1.50248,2.25,1.00
2017.05.25 10:52:06.057,1.50234,1.50251,1.00,2.62
2017.05.25 10:52:06.109,1.50237,1.50251,1.00,1.87
2017.05.25 10:52:06.364,1.50235,1.50254,3.37,1.95
2017.05.25 10:52:07.101,1.50237,1.50254,1.50,2.70
2017.05.25 10:52:07.155,1.50238,1.50254,2.25,1.00
2017.05.25 10:52:07.462,1.50238,1.50257,1.50,2.92
2017.05.25 10:52:07.564,1.50236,1.50256,2.25,2.32
2017.05.25 10:52:07.874,1.50234,1.50253,2.62,1.82
2017.05.25 10:52:08.028,1.50233,1.50252,1.50,2.32
2017.05.25 10:52:08.339,1.50233,1.50252,1.50,1.45
2017.05.25 10:52:08.871,1.50234,1.50253,1.00,1.45
2017.05.25 10:52:09.919,1.50235,1.50253,1.00,1.82
2017.05.25 10:52:10.529,1.50234,1.50253,1.50,3.07
2017.05.25 10:52:10.999,1.50234,1.50252,1.00,1.47
2017.05.25 10:52:11.202,1.50232,1.50249,1.00,1.57
2017.05.25 10:52:11.784,1.5023,1.50249,1.37,3.45
2017.05.25 10:52:12.374,1.50229,1.50248,1.12,2.70
2017.05.25 10:52:12.582,1.5023,1.50248,1.07,1.87
2017.05.25 10:52:13.344,1.50232,1.5025,1.10,2.25
2017.05.25 10:52:13.619,1.50234,1.5025,1.12,1.75
2017.05.25 10:52:13.874,1.50236,1.5025,1.00,1.12
2017.05.25 10:52:14.030,1.50235,1.5025,3.07,1.00
2017.05.25 10:52:14.133,1.50235,1.50253,1.57,1.75
2017.05.25 10:52:14.185,1.50237,1.50253,1.00,2.25
2017.05.25 10:52:14.579,1.50236,1.50252,1.00,1.95
2017.05.25 10:52:14.732,1.50233,1.50251,1.00,1.82
2017.05.25 10:52:15.336,1.50233,1.50247,1.00,1.00
2017.05.25 10:52:15.899,1.50233,1.50246,1.00,1.00
2017.05.25 10:52:16.286,1.50231,1.50246,1.00,1.00
2017.05.25 10:52:16.490,1.50231,1.50244,1.00,1.00
2017.05.25 10:52:17.353,1.50233,1.50246,1.00,1.00
2017.05.25 10:52:17.609,1.50229,1.50244,1.50,1.12
2017.05.25 10:52:17.865,1.50232,1.50244,1.00,1.12
2017.05.25 10:52:18.548,1.50229,1.50244,1.00,1.00
2017.05.25 10:52:19.078,1.50228,1.50244,1.00,1.00
2017.05.25 10:52:20.848,1.50228,1.50243,1.00,1.00
2017.05.25 10:52:21.474,1.50228,1.50244,1.00,1.10
2017.05.25 10:52:21.600,1.50225,1.50244,1.87,2.17
2017.05.25 10:52:21.652,1.50225,1.50238,1.00,1.07
2017.05.25 10:52:21.755,1.50227,1.50241,1.00,1.20
2017.05.25 10:52:21.808,1.50229,1.50241,1.00,1.20
2017.05.25 10:52:21.860,1.50226,1.50241,1.50,1.50
2017.05.25 10:52:21.965,1.50229,1.50241,1.00,1.00
2017.05.25 10:52:22.148,1.50229,1.50243,1.00,1.00
2017.05.25 10:52:22.201,1.50229,1.50247,1.00,1.20
2017.05.25 10:52:22.458,1.5023,1.50246,1.37,1.00
2017.05.25 10:52:22.980,1.50232,1.50248,1.12,1.00
2017.05.25 10:52:24.779,1.50232,1.50242,1.00,1.07
2017.05.25 10:52:24.831,1.50227,1.50243,1.00,1.20
2017.05.25 10:52:24.989,1.50227,1.50244,1.50,1.82
2017.05.25 10:52:25.247,1.50231,1.50247,1.00,1.12
2017.05.25 10:52:25.781,1.50232,1.50249,1.50,1.57
2017.05.25 10:52:26.539,1.50233,1.5025,1.00,1.07
2017.05.25 10:52:26.861,1.50233,1.5025,1.00,1.10
2017.05.25 10:52:27.167,1.50236,1.50251,1.00,1.57
2017.05.25 10:52:27.466,1.50234,1.50251,1.00,1.07
2017.05.25 10:52:28.193,1.50234,1.5025,1.00,1.45
2017.05.25 10:52:29.468,1.50233,1.50245,1.00,1.50
2017.05.25 10:52:29.520,1.50228,1.50242,1.50,1.00
2017.05.25 10:52:29.572,1.50228,1.50241,1.00,1.12
2017.05.25 10:52:29.623,1.50226,1.50241,1.00,1.12
2017.05.25 10:52:29.746,1.50225,1.5024,1.00,1.57
2017.05.25 10:52:30.267,1.50223,1.50241,1.00,1.07
2017.05.25 10:52:30.370,1.50222,1.5024,1.00,2.20
2017.05.25 10:52:30.422,1.50221,1.50238,1.00,1.10
2017.05.25 10:52:30.728,1.50222,1.50236,1.00,1.00
2017.05.25 10:52:31.054,1.50222,1.50233,1.00,1.00
2017.05.25 10:52:32.698,1.50221,1.50233,1.00,1.00
2017.05.25 10:52:33.204,1.5022,1.50233,1.17,1.00
2017.05.25 10:52:33.517,1.50218,1.50236,1.70,1.00
2017.05.25 10:52:33.619,1.50217,1.50234,1.20,1.00
2017.05.25 10:52:34.275,1.50216,1.50233,1.70,1.00
2017.05.25 10:52:34.986,1.50215,1.50233,3.95,1.00
2017.05.25 10:52:36.935,1.50214,1.5023,2.08,1.00
2017.05.25 10:52:38.304,1.50215,1.5023,1.60,1.00
2017.05.25 10:52:39.228,1.50216,1.5023,1.13,1.00
2017.05.25 10:52:39.693,1.5022,1.5023,1.25,1.00
2017.05.25 10:52:39.745,1.5022,1.50234,1.13,2.25
2017.05.25 10:52:39.899,1.50221,1.50234,1.17,1.00
2017.05.25 10:52:40.407,1.50221,1.50231,1.17,1.00
2017.05.25 10:52:40.459,1.50218,1.50231,1.13,1.00
2017.05.25 10:52:40.741,1.50218,1.50233,1.13,1.00
2017.05.25 10:52:41.047,1.50218,1.50236,1.13,1.12
2017.05.25 10:52:41.457,1.50216,1.50235,1.50,1.61
2017.05.25 10:52:41.812,1.50215,1.50231,1.75,1.00
2017.05.25 10:52:41.864,1.50215,1.50231,1.37,1.35
2017.05.25 10:52:42.170,1.50213,1.5023,1.37,2.85
2017.05.25 10:52:42.701,1.50211,1.50227,1.75,1.10
2017.05.25 10:52:43.207,1.5021,1.50227,1.50,1.42
2017.05.25 10:52:43.463,1.50214,1.50226,1.37,1.07
2017.05.25 10:52:43.514,1.50214,1.50227,1.37,1.00
2017.05.25 10:52:45.592,1.50214,1.50229,1.37,1.50
2017.05.25 10:52:45.798,1.50211,1.50229,1.37,1.50
2017.05.25 10:52:45.849,1.50211,1.50227,1.37,1.00
2017.05.25 10:52:45.901,1.5021,1.50227,1.00,1.00
2017.05.25 10:52:45.952,1.5021,1.50227,1.37,1.07
2017.05.25 10:52:46.004,1.5021,1.50227,1.12,1.07
2017.05.25 10:52:47.187,1.50209,1.50226,1.37,2.70
2017.05.25 10:52:47.239,1.50209,1.50222,1.37,1.00
2017.05.25 10:52:47.443,1.50209,1.50224,1.37,1.00
2017.05.25 10:52:48.134,1.50209,1.50225,1.37,1.50
2017.05.25 10:52:49.233,1.50209,1.50223,1.37,1.00
2017.05.25 10:52:49.437,1.50209,1.50226,1.37,1.87
2017.05.25 10:52:50.011,1.50208,1.50225,1.50,1.00
2017.05.25 10:52:50.063,1.50205,1.50217,1.12,1.00
2017.05.25 10:52:50.219,1.50193,1.5021,1.50,3.22
2017.05.25 10:52:50.271,1.50193,1.5021,1.00,1.72
2017.05.25 10:52:50.788,1.50192,1.50209,1.50,1.00
2017.05.25 10:52:51.214,1.50192,1.50208,1.50,2.10
2017.05.25 10:52:51.623,1.50192,1.50206,1.50,1.60
2017.05.25 10:52:52.139,1.50192,1.50206,1.50,1.60
2017.05.25 10:52:52.660,1.50189,1.50205,1.00,3.60
2017.05.25 10:52:52.712,1.50187,1.50205,1.50,3.60
2017.05.25 10:52:52.968,1.50189,1.50205,1.10,1.00
2017.05.25 10:52:53.121,1.50185,1.50203,2.70,1.00
2017.05.25 10:52:53.653,1.50185,1.50203,1.10,1.35
2017.05.25 10:52:54.530,1.50185,1.50203,1.50,1.60
2017.05.25 10:52:55.031,1.50185,1.50204,2.32,1.60
2017.05.25 10:52:55.464,1.50185,1.50204,2.25,1.60
2017.05.25 10:52:55.771,1.50189,1.50205,1.00,1.00
2017.05.25 10:52:56.297,1.5019,1.50205,1.00,1.00
2017.05.25 10:52:58.507,1.5019,1.50205,1.37,1.00
2017.05.25 10:52:59.326,1.5019,1.50205,1.00,1.00
2017.05.25 10:53:01.617,1.50197,1.50205,1.00,1.00
2017.05.25 10:53:01.720,1.50194,1.50209,1.57,1.50
2017.05.25 10:53:01.824,1.50193,1.50209,1.00,1.00
2017.05.25 10:53:01.875,1.50195,1.50208,1.00,1.00
2017.05.25 10:53:02.384,1.50191,1.50207,1.00,1.00
2017.05.25 10:53:02.435,1.50191,1.50204,1.00,1.00
2017.05.25 10:53:02.487,1.50189,1.50204,1.00,1.00
2017.05.25 10:53:02.640,1.50185,1.50202,1.00,1.00
2017.05.25 10:53:03.244,1.50185,1.50201,1.10,1.00
2017.05.25 10:53:03.298,1.50185,1.50201,1.45,1.00
2017.05.25 10:53:03.452,1.50188,1.50204,1.00,1.00
2017.05.25 10:53:03.504,1.5019,1.50204,1.00,1.00
2017.05.25 10:53:03.661,1.50188,1.50205,1.00,1.20
2017.05.25 10:53:04.182,1.50188,1.50205,1.37,1.20
2017.05.25 10:53:04.689,1.5019,1.50205,1.00,1.12
2017.05.25 10:53:04.991,1.50188,1.50201,1.00,1.37
2017.05.25 10:53:05.042,1.50185,1.50201,1.00,1.37
2017.05.25 10:53:05.145,1.50181,1.50198,3.82,1.12
2017.05.25 10:53:05.197,1.50182,1.50197,1.00,1.12
2017.05.25 10:53:05.709,1.50181,1.50198,1.00,1.12
2017.05.25 10:53:06.069,1.50183,1.50196,1.00,1.37
2017.05.25 10:53:06.172,1.50183,1.50197,1.00,1.50
2017.05.25 10:53:07.085,1.50182,1.50198,1.00,1.87
2017.05.25 10:53:07.404,1.50184,1.50196,1.00,1.00
2017.05.25 10:53:07.729,1.50184,1.50194,1.00,1.00
2017.05.25 10:53:08.625,1.50183,1.50194,1.00,1.00
2017.05.25 10:53:08.727,1.50184,1.50198,1.50,2.25
2017.05.25 10:53:08.887,1.50189,1.50201,1.00,1.37
2017.05.25 10:53:09.417,1.50186,1.50202,1.00,2.25
2017.05.25 10:53:09.519,1.50183,1.502,2.25,1.12
2017.05.25 10:53:09.825,1.50181,1.50197,1.00,1.75
2017.05.25 10:53:10.369,1.5018,1.50197,3.26,1.75
2017.05.25 10:53:11.119,1.50183,1.50197,1.00,1.75
2017.05.25 10:53:11.467,1.50187,1.50205,1.75,2.25
2017.05.25 10:53:11.673,1.50189,1.50203,1.37,1.00
2017.05.25 10:53:12.377,1.50186,1.50201,1.75,1.00
2017.05.25 10:53:13.393,1.50185,1.50201,1.85,1.00
2017.05.25 10:53:13.915,1.50185,1.50202,2.32,1.00
2017.05.25 10:53:14.068,1.50185,1.50204,3.07,1.50
2017.05.25 10:53:16.037,1.50192,1.50207,1.00,1.37
2017.05.25 10:53:16.579,1.50192,1.50209,1.87,1.50
2017.05.25 10:53:16.631,1.50192,1.50209,1.00,1.87
2017.05.25 10:53:17.356,1.50191,1.50208,1.57,1.75
2017.05.25 10:53:18.289,1.5019,1.50208,1.95,2.25
2017.05.25 10:53:18.796,1.50191,1.50206,1.00,1.75
2017.05.25 10:53:19.344,1.50191,1.50207,1.00,1.37
2017.05.25 10:53:19.858,1.50191,1.50208,1.57,1.12
2017.05.25 10:53:21.165,1.50191,1.50208,1.10,1.31
2017.05.25 10:53:21.473,1.50187,1.50205,1.57,3.56
2017.05.25 10:53:21.818,1.5019,1.50205,1.00,1.87
2017.05.25 10:53:21.939,1.50188,1.50205,1.57,1.87
2017.05.25 10:53:23.240,1.50188,1.50204,1.00,2.06
2017.05.25 10:53:23.661,1.50185,1.50201,1.50,1.82
2017.05.25 10:53:23.764,1.50182,1.50198,1.00,1.37
2017.05.25 10:53:24.341,1.50181,1.50197,1.50,1.10
2017.05.25 10:53:25.123,1.5018,1.50197,1.00,1.10
2017.05.25 10:53:26.884,1.50179,1.50197,1.50,1.10
2017.05.25 10:53:27.760,1.50179,1.50197,1.87,1.10
2017.05.25 10:53:29.411,1.50179,1.50197,1.87,1.10
2017.05.25 10:53:29.951,1.50179,1.50198,1.87,1.20
2017.05.25 10:53:33.287,1.5018,1.50198,1.37,2.70
2017.05.25 10:53:34.618,1.50181,1.50196,1.00,1.12
2017.05.25 10:53:35.032,1.50179,1.50194,1.00,1.37
2017.05.25 10:53:35.264,1.50179,1.50196,1.37,1.37
2017.05.25 10:53:35.570,1.50183,1.50194,1.00,1.00
2017.05.25 10:53:35.935,1.50181,1.50194,1.12,1.00
2017.05.25 10:53:36.435,1.50179,1.50194,2.62,1.00
2017.05.25 10:53:42.100,1.50181,1.50194,1.12,1.00
2017.05.25 10:53:42.253,1.50182,1.50198,1.00,2.81
2017.05.25 10:53:43.054,1.50181,1.50198,2.62,2.81
2017.05.25 10:53:43.629,1.50182,1.50198,1.00,2.81
2017.05.25 10:53:45.322,1.5018,1.50199,2.32,3.00
2017.05.25 10:53:45.783,1.5018,1.50195,1.10,1.37
2017.05.25 10:53:47.370,1.5018,1.50195,1.13,1.37
2017.05.25 10:53:49.280,1.5018,1.50195,1.12,1.37
2017.05.25 10:53:53.611,1.50176,1.50191,2.25,1.00
2017.05.25 10:53:53.713,1.50176,1.50193,2.25,1.72
2017.05.25 10:53:53.866,1.50176,1.50193,1.75,1.72
2017.05.25 10:53:54.252,1.50175,1.50188,1.85,1.00
2017.05.25 10:53:55.363,1.50176,1.5019,1.00,1.75
2017.05.25 10:53:55.415,1.50173,1.50187,1.57,1.12
2017.05.25 10:53:55.517,1.50173,1.50187,2.32,1.00
2017.05.25 10:53:56.149,1.50175,1.50188,1.82,1.00
2017.05.25 10:54:01.263,1.50174,1.50188,1.10,1.12
2017.05.25 10:54:01.519,1.50173,1.50186,2.25,1.00
2017.05.25 10:54:01.926,1.50174,1.50189,2.25,1.00
2017.05.25 10:54:02.559,1.50174,1.50189,3.00,1.00
2017.05.25 10:54:11.582,1.50176,1.50189,1.85,1.00
2017.05.25 10:54:11.685,1.50177,1.50189,1.00,1.00
2017.05.25 10:54:11.855,1.50174,1.50187,1.47,1.00
2017.05.25 10:54:12.360,1.50174,1.50188,1.45,1.00
2017.05.25 10:54:12.666,1.50177,1.50192,1.37,1.00
2017.05.25 10:54:13.205,1.50177,1.50191,2.25,1.00
2017.05.25 10:54:13.257,1.50177,1.50189,1.50,1.00
2017.05.25 10:54:13.411,1.50176,1.50188,1.47,1.00
2017.05.25 10:54:14.293,1.50174,1.50187,1.95,1.00
2017.05.25 10:54:14.498,1.50174,1.50185,1.37,1.00
2017.05.25 10:54:14.805,1.50169,1.50181,1.75,1.00
2017.05.25 10:54:14.907,1.50169,1.50183,1.75,1.00
2017.05.25 10:54:15.010,1.50168,1.50183,3.00,1.00
2017.05.25 10:54:15.534,1.50171,1.50185,1.75,1.00
2017.05.25 10:54:16.159,1.50171,1.50185,1.85,1.00
2017.05.25 10:54:16.262,1.50173,1.50187,1.50,1.00
2017.05.25 10:54:16.365,1.50173,1.50189,1.57,1.50
2017.05.25 10:54:16.876,1.50173,1.50188,1.57,1.00
2017.05.25 10:54:17.515,1.50172,1.50189,3.07,1.00
2017.05.25 10:54:18.688,1.50172,1.50187,1.82,1.00
2017.05.25 10:54:19.096,1.50175,1.5019,1.45,1.00
2017.05.25 10:54:19.148,1.50175,1.50192,1.45,1.00
2017.05.25 10:54:19.664,1.50178,1.50193,1.00,1.12
2017.05.25 10:54:22.259,1.50178,1.50193,1.07,1.12
2017.05.25 10:54:24.716,1.50178,1.50193,1.07,1.37
2017.05.25 10:54:25.429,1.50178,1.50193,1.00,1.37
2017.05.25 10:54:26.014,1.50178,1.50193,1.00,1.00
2017.05.25 10:54:26.549,1.50178,1.50192,1.00,1.12
2017.05.25 10:54:27.125,1.50177,1.50193,1.10,1.12
2017.05.25 10:54:28.303,1.50176,1.50193,1.57,1.37
2017.05.25 10:54:28.408,1.50179,1.50194,1.00,1.00
2017.05.25 10:54:28.931,1.5018,1.50195,1.10,1.12
2017.05.25 10:54:29.405,1.50182,1.50195,1.00,1.12
2017.05.25 10:54:31.753,1.50179,1.50191,1.07,1.00
2017.05.25 10:54:31.907,1.50176,1.50188,1.12,1.00
2017.05.25 10:54:31.960,1.50174,1.50189,1.00,1.75
2017.05.25 10:54:32.064,1.50172,1.50187,1.00,1.37
2017.05.25 10:54:32.115,1.50172,1.50187,1.37,1.00
2017.05.25 10:54:32.421,1.50175,1.5019,2.62,1.00
2017.05.25 10:54:33.328,1.50175,1.5019,1.87,1.00
2017.05.25 10:54:36.663,1.50175,1.5019,1.00,1.37
2017.05.25 10:54:36.926,1.50174,1.5019,1.87,1.00
2017.05.25 10:54:37.529,1.50174,1.50188,1.87,1.00
2017.05.25 10:54:37.771,1.50176,1.50191,1.37,1.00
2017.05.25 10:54:38.385,1.50177,1.50192,1.87,1.00
2017.05.25 10:54:39.037,1.50175,1.50191,4.87,1.00
2017.05.25 10:54:41.662,1.50175,1.50192,1.50,1.12
2017.05.25 10:54:41.713,1.50175,1.5019,1.00,1.00
2017.05.25 10:54:42.947,1.50172,1.5019,1.45,1.00
2017.05.25 10:54:43.268,1.50172,1.50189,1.07,1.00
2017.05.25 10:54:43.579,1.50176,1.5019,3.37,1.00
2017.05.25 10:54:43.903,1.50175,1.50188,1.37,1.00
2017.05.25 10:54:46.171,1.50177,1.50191,1.47,1.00
2017.05.25 10:54:46.378,1.50178,1.50193,1.20,1.00
2017.05.25 10:54:46.583,1.50176,1.5019,1.37,1.00
2017.05.25 10:54:46.637,1.50175,1.5019,1.10,1.37
2017.05.25 10:54:47.045,1.50174,1.50188,1.37,1.00
2017.05.25 10:54:47.303,1.50176,1.50193,1.45,1.00
2017.05.25 10:54:48.302,1.50177,1.50194,1.47,1.50
2017.05.25 10:54:48.857,1.50177,1.50193,1.47,1.00
2017.05.25 10:54:49.641,1.50177,1.50193,1.85,1.00
2017.05.25 10:54:51.036,1.50178,1.50194,1.50,1.50
2017.05.25 10:54:51.343,1.50178,1.50192,1.50,1.00
2017.05.25 10:54:52.736,1.50178,1.50191,1.57,1.00
2017.05.25 10:54:54.231,1.50177,1.50192,1.85,1.00
2017.05.25 10:54:59.469,1.50178,1.50192,1.75,1.00
2017.05.25 10:55:00.527,1.50178,1.50191,1.75,1.00
2017.05.25 10:55:00.680,1.50173,1.50188,1.87,1.00
2017.05.25 10:55:00.732,1.50173,1.50186,1.75,1.00
2017.05.25 10:55:01.147,1.5017,1.50184,2.25,1.00
2017.05.25 10:55:01.542,1.5017,1.50186,2.32,1.00
2017.05.25 10:55:01.695,1.50172,1.50188,2.25,1.50
2017.05.25 10:55:01.747,1.50172,1.50186,2.25,1.00
2017.05.25 10:55:02.085,1.50172,1.50186,1.85,1.00
2017.05.25 10:55:03.802,1.50171,1.50186,1.85,1.00
2017.05.25 10:55:03.904,1.50172,1.50185,1.37,1.00
2017.05.25 10:55:04.407,1.5017,1.50184,2.32,1.00
2017.05.25 10:55:04.688,1.50167,1.50181,1.82,1.00
2017.05.25 10:55:04.741,1.50167,1.5018,1.07,1.37
2017.05.25 10:55:04.793,1.50165,1.5018,1.12,1.37
2017.05.25 10:55:04.948,1.50165,1.50178,3.75,1.00
2017.05.25 10:55:05.000,1.50165,1.5018,3.75,1.00
2017.05.25 10:55:05.205,1.50167,1.50182,1.75,1.50
2017.05.25 10:55:06.426,1.50169,1.50182,1.75,1.00
2017.05.25 10:55:06.632,1.5017,1.50184,1.75,1.00
2017.05.25 10:55:06.683,1.5017,1.50182,1.75,1.00
2017.05.25 10:55:07.356,1.5017,1.50183,1.75,1.00
2017.05.25 10:55:09.284,1.5017,1.50182,1.75,1.00
2017.05.25 10:55:10.118,1.50167,1.50182,1.37,1.00
2017.05.25 10:55:10.220,1.50165,1.5018,3.00,1.00
2017.05.25 10:55:10.746,1.50165,1.50179,1.50,1.00
2017.05.25 10:55:11.258,1.50165,1.50179,1.87,1.00
2017.05.25 10:55:11.826,1.50162,1.50176,1.85,1.00
2017.05.25 10:55:12.564,1.50161,1.50176,1.57,1.00
2017.05.25 10:55:12.719,1.50161,1.50174,1.57,1.00
2017.05.25 10:55:12.771,1.5016,1.50176,2.32,1.00
2017.05.25 10:55:12.877,1.50162,1.50177,1.75,1.50
2017.05.25 10:55:13.088,1.50162,1.50179,1.85,1.50
2017.05.25 10:55:13.140,1.50162,1.50176,2.32,1.00
2017.05.25 10:55:13.511,1.50165,1.50178,1.75,1.00
2017.05.25 10:55:13.615,1.50165,1.5018,1.85,1.00
2017.05.25 10:55:14.779,1.50168,1.5018,1.12,1.00
2017.05.25 10:55:14.831,1.50168,1.50181,1.50,1.87
2017.05.25 10:55:16.860,1.50167,1.50182,1.75,1.00
2017.05.25 10:55:17.457,1.50167,1.5018,1.75,1.00
2017.05.25 10:55:18.754,1.50167,1.5018,1.20,1.00
2017.05.25 10:55:20.370,1.50167,1.50182,1.12,1.00
2017.05.25 10:55:21.584,1.50167,1.50182,1.37,1.00
2017.05.25 10:55:22.111,1.5017,1.50185,1.47,2.25
2017.05.25 10:55:22.678,1.5017,1.50183,1.37,1.00
2017.05.25 10:55:24.497,1.50166,1.50183,1.95,1.00
2017.05.25 10:55:24.805,1.50165,1.50181,1.87,1.00
2017.05.25 10:55:24.857,1.50165,1.50181,1.87,1.00
2017.05.25 10:55:25.366,1.50166,1.50181,1.00,1.00
2017.05.25 10:55:26.047,1.50165,1.50181,1.12,1.00
2017.05.25 10:55:26.625,1.50166,1.50181,1.00,1.00
2017.05.25 10:55:28.569,1.50166,1.5018,1.00,1.00
2017.05.25 10:55:28.621,1.50164,1.50178,1.50,1.00
2017.05.25 10:55:28.724,1.50161,1.50177,1.57,1.00
2017.05.25 10:55:28.827,1.50168,1.50178,3.37,1.00
2017.05.25 10:55:29.032,1.50175,1.50188,1.00,1.37
2017.05.25 10:55:29.201,1.50175,1.5019,1.00,1.50
2017.05.25 10:55:29.713,1.50176,1.50191,1.00,1.00
2017.05.25 10:55:29.971,1.50173,1.50184,1.12,1.00
2017.05.25 10:55:30.126,1.50164,1.50176,1.00,1.12
2017.05.25 10:55:30.275,1.50162,1.50174,3.37,1.00
2017.05.25 10:55:30.327,1.50164,1.50176,1.37,1.57
2017.05.25 10:55:30.787,1.50164,1.50179,1.37,1.07
2017.05.25 10:55:31.317,1.50163,1.50177,1.37,1.00
2017.05.25 10:55:32.256,1.50163,1.50177,1.00,1.95
2017.05.25 10:55:32.307,1.5016,1.50177,1.00,1.95
2017.05.25 10:55:32.359,1.5016,1.50176,1.00,1.07
2017.05.25 10:55:32.512,1.50158,1.50174,1.50,1.10
2017.05.25 10:55:32.921,1.50155,1.50172,2.25,1.10
2017.05.25 10:55:33.232,1.5016,1.50174,1.37,1.00
2017.05.25 10:55:33.335,1.50163,1.50176,1.12,1.10
2017.05.25 10:55:33.591,1.50163,1.50175,1.37,1.00
2017.05.25 10:55:34.104,1.50163,1.50176,1.37,1.00
2017.05.25 10:55:35.630,1.50163,1.50176,1.87,1.00
2017.05.25 10:55:35.851,1.50163,1.50178,1.87,1.10
2017.05.25 10:55:35.903,1.50163,1.50178,1.87,1.00
2017.05.25 10:55:36.161,1.50168,1.5018,1.12,1.00
2017.05.25 10:55:36.265,1.50168,1.50183,1.12,1.00
2017.05.25 10:55:36.317,1.50167,1.50182,1.37,1.07
2017.05.25 10:55:36.832,1.50167,1.50181,1.37,1.07
2017.05.25 10:55:37.342,1.50168,1.50181,1.37,1.10
2017.05.25 10:55:37.394,1.50168,1.5018,1.12,1.00
2017.05.25 10:55:37.445,1.50166,1.50178,1.37,1.00
2017.05.25 10:55:37.548,1.50162,1.50176,1.37,1.00
2017.05.25 10:55:37.599,1.50162,1.50176,1.37,1.00
2017.05.25 10:55:37.753,1.50162,1.50177,1.00,1.12
2017.05.25 10:55:37.855,1.5016,1.50177,1.00,1.12
2017.05.25 10:55:38.146,1.50161,1.50175,3.37,1.00
2017.05.25 10:55:38.455,1.50161,1.50176,1.37,1.10
2017.05.25 10:55:38.967,1.50161,1.50175,1.37,1.57
2017.05.25 10:55:39.513,1.50158,1.50175,1.37,1.57
2017.05.25 10:55:39.567,1.50157,1.50173,1.37,1.50
2017.05.25 10:55:39.672,1.50157,1.5017,1.37,1.00
2017.05.25 10:55:40.279,1.50156,1.50169,1.37,1.00
2017.05.25 10:55:40.535,1.50157,1.50171,1.37,1.00
2017.05.25 10:55:40.893,1.50156,1.50171,1.00,1.00
2017.05.25 10:55:40.945,1.50156,1.50169,1.00,1.00
2017.05.25 10:55:41.047,1.50153,1.50169,1.00,1.00
2017.05.25 10:55:41.150,1.50154,1.50167,1.50,1.00
2017.05.25 10:55:41.614,1.50157,1.50167,3.37,1.00
2017.05.25 10:55:42.488,1.50157,1.50169,3.37,1.00
2017.05.25 10:55:42.641,1.50155,1.50169,1.37,1.00
2017.05.25 10:55:43.142,1.50154,1.50169,1.00,1.37
2017.05.25 10:55:43.195,1.50151,1.50168,1.20,1.12
2017.05.25 10:55:43.707,1.50151,1.50167,1.20,1.00
2017.05.25 10:55:43.811,1.50147,1.50167,3.45,2.10
2017.05.25 10:55:44.121,1.50148,1.50162,1.75,1.00
2017.05.25 10:55:44.321,1.50148,1.50164,1.75,1.57
2017.05.25 10:55:44.997,1.5015,1.50164,3.75,1.10
2017.05.25 10:55:45.049,1.50147,1.50164,2.25,1.10
2017.05.25 10:55:45.379,1.50147,1.50162,2.25,1.00
2017.05.25 10:55:45.906,1.50147,1.50164,2.25,1.57
2017.05.25 10:55:46.414,1.50147,1.50164,1.75,1.07
2017.05.25 10:55:49.673,1.50149,1.50163,1.75,1.10
2017.05.25 10:55:49.826,1.50152,1.50163,1.00,1.00
2017.05.25 10:55:49.929,1.50147,1.50165,1.95,1.37
2017.05.25 10:55:50.435,1.50146,1.50163,1.50,1.00
2017.05.25 10:55:51.105,1.50145,1.50161,1.75,1.00
2017.05.25 10:55:51.615,1.50146,1.50162,1.50,1.00
2017.05.25 10:55:52.541,1.50146,1.50162,1.37,1.00
2017.05.25 10:55:54.889,1.50149,1.50162,1.00,1.00
2017.05.25 10:55:55.297,1.50147,1.5016,1.37,1.00
2017.05.25 10:55:55.454,1.50146,1.5016,1.00,1.12
2017.05.25 10:55:55.558,1.50144,1.50159,1.12,1.10
2017.05.25 10:55:55.765,1.50142,1.50158,1.00,1.00
2017.05.25 10:55:55.919,1.50142,1.50155,1.00,1.00
2017.05.25 10:55:56.022,1.50142,1.50158,1.00,1.00
2017.05.25 10:55:56.701,1.5014,1.50158,1.12,1.00
2017.05.25 10:55:56.850,1.50136,1.50155,1.87,1.42
2017.05.25 10:55:56.952,1.50138,1.50155,1.00,2.32
2017.05.25 10:55:57.482,1.50139,1.50155,1.50,1.00
2017.05.25 10:55:57.793,1.50141,1.50155,1.00,1.00
2017.05.25 10:55:57.845,1.50143,1.50159,1.00,2.25
2017.05.25 10:55:57.999,1.50141,1.50159,1.50,1.50
2017.05.25 10:55:58.050,1.50141,1.50159,1.00,2.32
2017.05.25 10:55:58.408,1.50141,1.50158,1.50,1.10
2017.05.25 10:55:58.916,1.50141,1.50153,1.00,1.07
2017.05.25 10:55:59.018,1.50138,1.50153,1.00,1.07
2017.05.25 10:56:00.147,1.5014,1.50153,1.00,1.00
2017.05.25 10:56:00.340,1.50141,1.50157,1.00,1.95
2017.05.25 10:56:00.647,1.50138,1.50155,1.87,1.57
2017.05.25 10:56:01.163,1.50138,1.50153,1.50,1.07
2017.05.25 10:56:01.669,1.50138,1.50153,1.50,1.00
2017.05.25 10:56:02.267,1.50139,1.50153,1.00,1.00
2017.05.25 10:56:02.318,1.50139,1.50156,1.00,1.95
2017.05.25 10:56:03.894,1.50139,1.50156,1.00,1.12
2017.05.25 10:56:03.945,1.50141,1.50156,1.00,1.00
2017.05.25 10:56:04.349,1.50141,1.50158,1.00,1.20
2017.05.25 10:56:04.883,1.50143,1.50157,1.00,1.00
2017.05.25 10:56:04.936,1.50143,1.5016,1.00,1.57
2017.05.25 10:56:04.988,1.50146,1.5016,1.00,1.50
2017.05.25 10:56:05.091,1.50146,1.50162,1.00,1.00
2017.05.25 10:56:05.619,1.50146,1.50163,1.00,2.32
2017.05.25 10:56:05.982,1.50151,1.50163,1.00,1.00
2017.05.25 10:56:06.085,1.50153,1.50166,1.00,1.00
2017.05.25 10:56:06.654,1.50153,1.50167,1.00,1.57
2017.05.25 10:56:06.925,1.5015,1.50167,1.00,1.57
2017.05.25 10:56:10.384,1.50151,1.50167,1.00,1.27
2017.05.25 10:56:11.247,1.50151,1.50165,1.00,1.00
2017.05.25 10:56:11.768,1.50152,1.50165,1.00,1.00
2017.05.25 10:56:15.023,1.50151,1.50165,1.00,1.35
2017.05.25 10:56:15.075,1.50147,1.50165,1.83,1.60
2017.05.25 10:56:15.127,1.50146,1.50162,1.50,1.73
2017.05.25 10:56:15.636,1.50145,1.5016,1.00,1.50
2017.05.25 10:56:16.169,1.50144,1.5016,1.00,1.57
2017.05.25 10:56:17.076,1.50145,1.5016,1.00,1.50
2017.05.25 10:56:17.598,1.50146,1.5016,1.00,1.00
2017.05.25 10:56:18.109,1.50145,1.5016,1.00,1.00
2017.05.25 10:56:18.853,1.50145,1.50162,1.00,1.20
2017.05.25 10:56:19.256,1.50146,1.50163,1.35,1.00
2017.05.25 10:56:19.462,1.50151,1.50168,1.10,1.50
2017.05.25 10:56:19.513,1.50155,1.50168,1.00,1.13
2017.05.25 10:56:19.566,1.50157,1.50171,1.00,1.00
2017.05.25 10:56:20.082,1.50158,1.50172,1.20,1.00
2017.05.25 10:56:20.393,1.5016,1.50175,1.07,1.00
2017.05.25 10:56:20.702,1.5016,1.50176,1.10,1.00
2017.05.25 10:56:21.296,1.5016,1.50176,1.07,1.00
2017.05.25 10:56:21.592,1.50158,1.50176,1.20,1.13
2017.05.25 10:56:22.130,1.50162,1.50178,1.10,2.00
2017.05.25 10:56:23.114,1.50163,1.50178,1.00,1.63
2017.05.25 10:56:23.748,1.50162,1.50178,1.50,1.63
2017.05.25 10:56:24.055,1.50164,1.50178,1.00,1.63
2017.05.25 10:56:25.687,1.50164,1.50178,1.50,1.00
2017.05.25 10:56:26.609,1.50165,1.50178,1.00,1.00
2017.05.25 10:56:26.661,1.50167,1.50178,1.00,1.00
2017.05.25 10:56:26.763,1.50167,1.50182,1.10,1.13
2017.05.25 10:56:28.822,1.50167,1.50183,1.57,1.17
2017.05.25 10:56:28.874,1.50167,1.50183,1.07,1.13
2017.05.25 10:56:29.081,1.5017,1.50183,1.37,1.87
2017.05.25 10:56:29.206,1.50167,1.5018,2.25,1.00
2017.05.25 10:56:29.257,1.50167,1.50183,2.25,1.57
2017.05.25 10:56:29.665,1.50165,1.50182,1.50,1.00
2017.05.25 10:56:29.716,1.50165,1.5018,1.50,1.00
2017.05.25 10:56:30.075,1.50162,1.50178,2.25,1.50
2017.05.25 10:56:30.445,1.50162,1.50178,1.50,1.50
2017.05.25 10:56:30.498,1.50164,1.50178,1.75,1.00
2017.05.25 10:56:30.601,1.50167,1.5018,1.37,1.50
2017.05.25 10:56:31.113,1.50167,1.50181,1.37,1.00
2017.05.25 10:56:31.164,1.50166,1.50181,2.25,1.00
2017.05.25 10:56:31.694,1.50166,1.50181,1.75,1.00
2017.05.25 10:56:32.244,1.50165,1.50181,1.00,1.37
2017.05.25 10:56:32.760,1.50164,1.50178,1.00,1.37
2017.05.25 10:56:34.341,1.50166,1.50178,1.00,1.37
2017.05.25 10:56:34.567,1.50164,1.50178,1.00,1.37
2017.05.25 10:56:35.480,1.50168,1.50181,1.00,1.50
2017.05.25 10:56:35.532,1.50168,1.50181,1.00,1.37
2017.05.25 10:56:35.585,1.50166,1.50183,1.00,1.37
2017.05.25 10:56:35.687,1.50164,1.50183,2.25,1.87
2017.05.25 10:56:36.317,1.50163,1.50181,1.20,1.37
2017.05.25 10:56:36.565,1.50162,1.50181,1.10,2.17
2017.05.25 10:56:36.617,1.50163,1.50181,1.10,2.25
2017.05.25 10:56:37.704,1.50165,1.50181,1.00,2.25
2017.05.25 10:56:39.865,1.50165,1.50182,1.07,3.00
2017.05.25 10:56:40.019,1.50165,1.50182,1.82,2.25
2017.05.25 10:56:40.070,1.50172,1.50182,1.00,2.25
2017.05.25 10:56:40.615,1.5017,1.50183,1.37,1.50
2017.05.25 10:56:41.141,1.50168,1.50184,1.75,1.07
2017.05.25 10:56:42.176,1.50166,1.50184,2.25,1.07
2017.05.25 10:56:44.843,1.50166,1.50184,1.75,1.07
2017.05.25 10:56:46.996,1.50166,1.50185,1.75,2.70
2017.05.25 10:56:50.118,1.50165,1.50185,2.25,1.95
2017.05.25 10:56:50.752,1.50166,1.50183,1.50,1.07
2017.05.25 10:56:51.113,1.50167,1.50183,1.75,1.07
2017.05.25 10:56:51.317,1.50167,1.50184,2.25,1.00
2017.05.25 10:56:51.471,1.50169,1.50184,1.37,1.07
2017.05.25 10:56:52.971,1.50166,1.50184,1.75,1.42
2017.05.25 10:56:53.806,1.50171,1.50184,1.12,1.00
2017.05.25 10:56:53.858,1.50174,1.50184,1.10,1.00
2017.05.25 10:56:54.065,1.50174,1.50192,1.07,1.75
2017.05.25 10:56:55.829,1.50174,1.50191,1.20,1.75
2017.05.25 10:56:56.449,1.50175,1.50193,1.10,3.00
2017.05.25 10:56:57.377,1.50174,1.50193,1.57,1.75
2017.05.25 10:56:58.192,1.50175,1.50193,1.20,1.75
2017.05.25 10:57:00.095,1.50175,1.50193,1.87,1.00
2017.05.25 10:57:00.762,1.50174,1.5019,2.25,1.25
2017.05.25 10:57:00.867,1.50171,1.50189,1.12,1.83
2017.05.25 10:57:00.970,1.50171,1.50189,1.00,1.57
2017.05.25 10:57:01.519,1.50171,1.50188,1.00,1.00
2017.05.25 10:57:04.541,1.50171,1.50189,1.50,1.00
2017.05.25 10:57:05.336,1.50171,1.5019,1.95,1.25
2017.05.25 10:57:05.534,1.50172,1.5019,1.47,1.00
2017.05.25 10:57:05.586,1.50174,1.50192,1.12,1.83
2017.05.25 10:57:05.741,1.50174,1.50193,1.50,1.33
2017.05.25 10:57:06.529,1.50173,1.50191,1.00,1.45
2017.05.25 10:57:06.734,1.50171,1.5019,1.00,1.35
2017.05.25 10:57:10.259,1.5017,1.50188,1.00,1.83
2017.05.25 10:57:10.311,1.5017,1.50188,1.00,1.83
2017.05.25 10:57:10.464,1.50168,1.50186,1.00,1.33
2017.05.25 10:57:11.015,1.50167,1.50186,1.87,1.75
2017.05.25 10:57:11.561,1.50166,1.50185,2.25,1.83
2017.05.25 10:57:11.868,1.50166,1.50181,1.00,1.00
2017.05.25 10:57:12.022,1.50163,1.50181,1.00,1.10
2017.05.25 10:57:12.721,1.50163,1.50181,1.00,1.35
2017.05.25 10:57:13.500,1.50164,1.5018,1.00,1.00
2017.05.25 10:57:14.238,1.50165,1.50182,1.00,1.33
2017.05.25 10:57:14.445,1.50165,1.50184,1.50,2.58
2017.05.25 10:57:14.496,1.50167,1.50184,1.00,1.83
2017.05.25 10:57:14.599,1.50167,1.50185,1.12,1.08
2017.05.25 10:57:14.956,1.50169,1.50187,1.00,1.33
2017.05.25 10:57:15.589,1.5017,1.50187,1.00,1.33
2017.05.25 10:57:22.417,1.5017,1.50188,1.00,2.70
2017.05.25 10:57:22.926,1.50169,1.50188,1.00,2.70
2017.05.25 10:57:25.129,1.50169,1.50188,1.50,1.82
2017.05.25 10:57:26.284,1.50169,1.50188,1.87,1.57
2017.05.25 10:57:26.794,1.50169,1.50188,1.12,2.17
2017.05.25 10:57:27.165,1.50171,1.50188,1.87,1.20
2017.05.25 10:57:27.271,1.50174,1.50191,1.12,1.20
2017.05.25 10:57:27.854,1.50174,1.50192,1.12,1.37
2017.05.25 10:57:29.043,1.50174,1.50192,1.00,1.45
2017.05.25 10:57:30.078,1.50174,1.50192,1.37,1.12
2017.05.25 10:57:30.232,1.50174,1.50192,1.00,1.37
2017.05.25 10:57:30.958,1.50173,1.50194,2.62,2.32
2017.05.25 10:57:31.475,1.50175,1.50194,1.00,2.32
2017.05.25 10:57:32.772,1.50175,1.50195,1.37,2.32
2017.05.25 10:57:32.961,1.50175,1.50195,1.00,2.32
2017.05.25 10:57:33.221,1.5017,1.50188,1.00,1.57
2017.05.25 10:57:33.374,1.50169,1.50183,1.00,1.42
2017.05.25 10:57:33.478,1.50162,1.5018,1.50,1.42
2017.05.25 10:57:33.530,1.50164,1.50181,1.37,1.10
2017.05.25 10:57:33.684,1.50167,1.50183,1.00,1.37
2017.05.25 10:57:36.935,1.50168,1.50186,1.00,1.45
2017.05.25 10:57:37.089,1.50167,1.50184,1.00,1.82
2017.05.25 10:57:37.243,1.50163,1.50182,1.87,2.47
2017.05.25 10:57:37.550,1.50162,1.50182,1.00,2.70
2017.05.25 10:57:37.877,1.50162,1.5018,1.00,1.00
2017.05.25 10:57:38.419,1.50161,1.5018,1.95,1.00
2017.05.25 10:57:38.938,1.50161,1.50177,1.00,1.05
2017.05.25 10:57:39.260,1.50156,1.50175,1.75,3.30
2017.05.25 10:57:39.569,1.50155,1.50172,2.00,1.20
2017.05.25 10:57:40.095,1.50155,1.50173,2.00,2.17
2017.05.25 10:57:41.973,1.5016,1.50176,1.95,1.37
2017.05.25 10:57:42.025,1.5016,1.5018,1.95,2.25
2017.05.25 10:57:42.640,1.50163,1.50181,1.00,2.62
2017.05.25 10:57:42.691,1.50165,1.50181,1.00,2.62
2017.05.25 10:57:42.896,1.50168,1.50186,1.00,1.37
2017.05.25 10:57:42.948,1.50168,1.50187,1.00,3.82
2017.05.25 10:57:46.073,1.50168,1.50187,1.00,1.95
2017.05.25 10:57:47.264,1.50168,1.50187,1.00,1.95
2017.05.25 10:57:48.085,1.50168,1.50187,1.50,1.47
2017.05.25 10:57:48.600,1.50168,1.50187,1.57,1.12
2017.05.25 10:57:48.652,1.50169,1.50189,1.45,2.62
2017.05.25 10:57:48.755,1.5017,1.50189,1.45,1.50
2017.05.25 10:57:49.367,1.50171,1.50189,2.70,1.00
2017.05.25 10:57:49.915,1.50174,1.50192,1.87,1.12
2017.05.25 10:57:50.459,1.50174,1.50191,1.12,1.12
2017.05.25 10:57:50.965,1.50174,1.50191,1.37,1.12
2017.05.25 10:57:51.475,1.50174,1.50193,1.37,1.50
2017.05.25 10:57:54.432,1.50174,1.50193,1.50,1.50
2017.05.25 10:57:54.637,1.50174,1.50193,1.50,2.32
2017.05.25 10:57:54.893,1.50169,1.50187,1.12,1.30
2017.05.25 10:57:55.407,1.50169,1.50187,1.20,1.00
2017.05.25 10:57:55.903,1.50173,1.5019,1.20,1.00
2017.05.25 10:57:56.456,1.50172,1.50189,1.95,1.00
2017.05.25 10:57:57.029,1.50172,1.50188,1.95,1.00
2017.05.25 10:57:57.526,1.50172,1.50188,1.95,1.00
2017.05.25 10:57:58.120,1.50173,1.50188,1.20,1.00
2017.05.25 10:57:58.658,1.50173,1.50188,1.37,1.00
2017.05.25 10:57:59.023,1.50173,1.50188,1.00,1.00
2017.05.25 10:57:59.846,1.50172,1.50188,1.12,1.00
2017.05.25 10:58:00.102,1.5017,1.50185,1.37,1.00
2017.05.25 10:58:00.159,1.50168,1.50185,2.62,1.00
2017.05.25 10:58:00.620,1.50169,1.50182,1.12,1.00
2017.05.25 10:58:00.928,1.50169,1.5018,1.75,1.00
2017.05.25 10:58:01.128,1.50168,1.50183,1.75,1.10
2017.05.25 10:58:01.230,1.50167,1.50183,1.75,1.07
2017.05.25 10:58:03.773,1.50167,1.50181,2.00,1.00
2017.05.25 10:58:04.080,1.50168,1.50179,1.75,1.00
2017.05.25 10:58:04.131,1.50167,1.50181,2.44,1.00
2017.05.25 10:58:04.285,1.50167,1.50179,2.44,1.00
2017.05.25 10:58:04.685,1.50168,1.50181,1.75,1.00
2017.05.25 10:58:05.791,1.50169,1.50183,1.75,1.00
2017.05.25 10:58:06.276,1.50168,1.50181,1.75,1.00
2017.05.25 10:58:06.802,1.50168,1.50182,2.25,1.00
2017.05.25 10:58:07.784,1.50168,1.50181,2.25,1.00
2017.05.25 10:58:08.084,1.50168,1.50183,2.25,1.00
2017.05.25 10:58:10.019,1.50168,1.50183,1.75,1.07
2017.05.25 10:58:10.122,1.50168,1.5018,1.75,1.00
2017.05.25 10:58:10.704,1.50172,1.50185,4.69,1.00
2017.05.25 10:58:10.807,1.50174,1.50187,2.00,1.00
2017.05.25 10:58:11.330,1.50175,1.50188,1.75,1.00
2017.05.25 10:58:12.567,1.50175,1.50188,1.75,1.00
2017.05.25 10:58:14.178,1.50176,1.50188,1.75,1.00
2017.05.25 10:58:15.288,1.50179,1.50189,2.00,1.00
2017.05.25 10:58:15.443,1.5018,1.50192,2.44,1.00
2017.05.25 10:58:16.037,1.5018,1.50194,2.44,1.10
2017.05.25 10:58:16.428,1.5018,1.50194,2.00,1.10
2017.05.25 10:58:18.657,1.5018,1.50193,2.44,1.00
2017.05.25 10:58:20.239,1.5018,1.50191,2.00,1.00
2017.05.25 10:58:21.115,1.50178,1.50191,1.25,1.00
2017.05.25 10:58:21.218,1.50178,1.50189,1.00,1.12
2017.05.25 10:58:21.269,1.50173,1.50189,1.00,1.12
2017.05.25 10:58:21.321,1.50171,1.50187,1.00,1.35
2017.05.25 10:58:21.628,1.50171,1.50184,1.00,1.00
2017.05.25 10:58:21.805,1.50169,1.50184,1.50,1.00
2017.05.25 10:58:22.298,1.50174,1.50184,1.00,1.00
2017.05.25 10:58:23.342,1.50175,1.50184,1.00,1.00
2017.05.25 10:58:24.822,1.50176,1.50186,1.00,1.00
2017.05.25 10:58:24.874,1.50179,1.50186,1.00,1.00
2017.05.25 10:58:24.926,1.5018,1.5019,1.00,1.12
2017.05.25 10:58:25.029,1.50183,1.50194,1.00,1.50
2017.05.25 10:58:25.338,1.50186,1.50198,1.00,1.00
2017.05.25 10:58:26.701,1.50184,1.50198,1.00,1.72
2017.05.25 10:58:26.753,1.50184,1.50195,1.00,1.37
2017.05.25 10:58:27.039,1.50187,1.502,1.00,1.00
2017.05.25 10:58:27.245,1.50187,1.50198,1.00,1.00
2017.05.25 10:58:27.347,1.50187,1.502,1.00,1.12
2017.05.25 10:58:27.878,1.50188,1.502,1.00,1.00
2017.05.25 10:58:28.999,1.50188,1.50205,1.00,3.07
2017.05.25 10:58:29.536,1.50188,1.50205,1.00,3.45
2017.05.25 10:58:29.857,1.50187,1.50198,1.00,1.00
2017.05.25 10:58:30.010,1.50188,1.502,1.00,1.00
2017.05.25 10:58:30.062,1.5019,1.502,1.00,1.00
2017.05.25 10:58:30.951,1.50188,1.502,1.00,1.12
2017.05.25 10:58:32.021,1.5019,1.50201,1.00,1.00
2017.05.25 10:58:32.571,1.5019,1.50203,1.00,1.37
2017.05.25 10:58:33.279,1.50191,1.50203,1.00,1.37
2017.05.25 10:58:33.634,1.50195,1.50206,1.00,1.00
2017.05.25 10:58:36.056,1.50194,1.50206,1.00,1.00
2017.05.25 10:58:36.260,1.50191,1.50206,2.25,1.00
2017.05.25 10:58:36.363,1.50191,1.502,1.00,1.00
2017.05.25 10:58:36.467,1.50189,1.50199,1.00,1.00
2017.05.25 10:58:36.620,1.50191,1.50203,1.00,1.00
2017.05.25 10:58:36.723,1.50192,1.50205,1.00,1.00
2017.05.25 10:58:36.850,1.50194,1.50205,1.00,1.00
2017.05.25 10:58:37.265,1.50197,1.50206,1.00,1.00
2017.05.25 10:58:37.573,1.50199,1.50207,1.00,1.00
2017.05.25 10:58:37.727,1.50199,1.50211,1.50,1.12
2017.05.25 10:58:37.830,1.50197,1.50209,1.00,1.00
2017.05.25 10:58:38.340,1.50197,1.50208,1.00,1.00
2017.05.25 10:58:39.225,1.50192,1.50196,1.00,1.00
2017.05.25 10:58:39.277,1.50185,1.50196,1.37,1.00
2017.05.25 10:58:39.328,1.50184,1.50195,1.00,1.00
2017.05.25 10:58:39.839,1.50183,1.50195,1.00,1.00
2017.05.25 10:58:40.247,1.50181,1.50195,1.50,1.00
2017.05.25 10:58:40.397,1.50183,1.50195,1.00,1.00
2017.05.25 10:58:40.449,1.50181,1.50195,1.50,1.00
2017.05.25 10:58:41.085,1.50182,1.50195,1.00,1.00
2017.05.25 10:58:41.800,1.50181,1.50195,1.50,1.00
2017.05.25 10:58:42.202,1.50183,1.50195,1.00,1.00
2017.05.25 10:58:42.305,1.50177,1.50195,1.87,1.47
2017.05.25 10:58:42.357,1.50177,1.5019,1.50,1.00
2017.05.25 10:58:42.769,1.5018,1.5019,1.00,1.00
2017.05.25 10:58:42.820,1.50181,1.50194,1.07,1.00
2017.05.25 10:58:42.923,1.50184,1.50195,1.00,1.00
2017.05.25 10:58:43.026,1.50185,1.50197,1.50,1.00
2017.05.25 10:58:43.933,1.50184,1.50195,1.00,1.00
2017.05.25 10:58:44.036,1.50184,1.50197,1.00,1.00
2017.05.25 10:58:44.560,1.50183,1.50196,1.00,1.00
2017.05.25 10:58:44.764,1.50183,1.50194,1.00,1.00
2017.05.25 10:58:45.275,1.50184,1.50195,1.00,1.00
2017.05.25 10:58:45.839,1.50182,1.50195,1.00,1.00
2017.05.25 10:58:46.219,1.5018,1.50192,1.00,1.00
2017.05.25 10:58:48.019,1.50179,1.50192,1.50,1.00
2017.05.25 10:58:51.760,1.5018,1.50194,1.00,1.00
2017.05.25 10:58:51.811,1.50182,1.50194,1.00,1.00
2017.05.25 10:58:51.966,1.50186,1.50199,1.00,1.00
2017.05.25 10:58:52.069,1.50186,1.50202,1.00,1.37
2017.05.25 10:58:52.592,1.50187,1.50202,1.00,1.47
2017.05.25 10:58:54.560,1.50187,1.50202,1.00,1.85
2017.05.25 10:58:54.612,1.50181,1.502,1.50,1.35
2017.05.25 10:58:54.663,1.50181,1.50193,1.00,1.35
2017.05.25 10:58:54.715,1.50178,1.50188,1.12,2.47
2017.05.25 10:58:54.942,1.50174,1.50186,1.00,1.12
2017.05.25 10:58:55.147,1.50172,1.50185,1.00,1.00
2017.05.25 10:58:55.556,1.50171,1.50185,1.37,1.00
2017.05.25 10:58:55.709,1.50174,1.50187,1.00,1.37
2017.05.25 10:58:56.221,1.50174,1.50188,1.00,1.50
2017.05.25 10:58:57.860,1.50172,1.50185,1.00,1.37
2017.05.25 10:58:57.913,1.50167,1.50185,1.57,1.37
2017.05.25 10:58:57.965,1.50167,1.50182,1.00,1.07
2017.05.25 10:58:58.273,1.50161,1.50173,1.00,1.50
2017.05.25 10:58:58.630,1.50163,1.50173,1.00,1.50
2017.05.25 10:58:58.891,1.50163,1.50173,1.00,1.13
2017.05.25 10:58:59.421,1.50164,1.50173,1.00,1.13
2017.05.25 10:58:59.938,1.50164,1.50173,1.00,1.00
2017.05.25 10:59:00.043,1.50166,1.50176,1.25,1.00
2017.05.25 10:59:00.145,1.50167,1.5018,1.00,1.00
2017.05.25 10:59:00.651,1.50168,1.5018,1.00,1.00
2017.05.25 10:59:01.199,1.50169,1.5018,1.00,1.00
2017.05.25 10:59:02.181,1.5017,1.5018,1.00,1.00
2017.05.25 10:59:03.987,1.50168,1.5018,1.00,1.00
2017.05.25 10:59:04.844,1.50167,1.5018,1.50,1.00
2017.05.25 10:59:05.037,1.50167,1.50178,1.50,1.00
2017.05.25 10:59:05.548,1.50168,1.50178,1.00,1.00
2017.05.25 10:59:06.008,1.50166,1.50179,1.00,1.00
2017.05.25 10:59:06.393,1.50167,1.50176,1.00,1.00
2017.05.25 10:59:06.656,1.50167,1.50179,1.00,1.00
2017.05.25 10:59:06.758,1.50167,1.50181,1.00,1.00
2017.05.25 10:59:06.860,1.50167,1.50181,1.00,1.60
2017.05.25 10:59:06.912,1.50165,1.50181,1.00,1.60
2017.05.25 10:59:06.963,1.50165,1.50181,1.00,1.58
2017.05.25 10:59:07.920,1.50166,1.50181,1.00,1.85
2017.05.25 10:59:08.125,1.50164,1.50181,1.00,1.93
2017.05.25 10:59:08.177,1.50167,1.50181,1.00,1.93
2017.05.25 10:59:08.228,1.50165,1.50181,1.00,1.93
2017.05.25 10:59:08.280,1.50165,1.50181,1.00,1.55
2017.05.25 10:59:10.260,1.50165,1.5018,1.00,1.17
2017.05.25 10:59:10.311,1.50164,1.5018,1.00,1.85
2017.05.25 10:59:10.619,1.50163,1.50175,1.00,1.13
2017.05.25 10:59:10.881,1.50161,1.50176,1.00,1.13
2017.05.25 10:59:10.933,1.50163,1.50176,1.00,1.13
2017.05.25 10:59:11.159,1.50161,1.50176,1.00,1.23
2017.05.25 10:59:11.668,1.50161,1.50176,1.00,1.10
2017.05.25 10:59:11.770,1.50161,1.50174,1.00,1.00
2017.05.25 10:59:12.436,1.50162,1.50174,1.00,1.00
2017.05.25 10:59:12.589,1.50162,1.50177,1.00,1.33
2017.05.25 10:59:13.101,1.50162,1.50175,1.00,1.00
2017.05.25 10:59:13.698,1.50162,1.50174,1.00,1.00
2017.05.25 10:59:14.334,1.50159,1.50174,1.00,1.00
2017.05.25 10:59:16.316,1.5016,1.50174,1.00,1.10
2017.05.25 10:59:16.368,1.5016,1.50177,1.10,1.17
2017.05.25 10:59:16.471,1.50161,1.50177,1.00,2.68
2017.05.25 10:59:16.778,1.50163,1.50178,1.00,1.07
2017.05.25 10:59:17.138,1.50165,1.50176,1.00,1.10
2017.05.25 10:59:17.291,1.50165,1.50178,1.00,1.00
2017.05.25 10:59:17.445,1.50167,1.5018,1.00,1.17
2017.05.25 10:59:17.948,1.50166,1.50179,1.00,1.00
2017.05.25 10:59:18.265,1.50168,1.50183,1.00,1.25
2017.05.25 10:59:18.367,1.50168,1.50183,1.00,1.00
2017.05.25 10:59:19.672,1.5017,1.50183,1.00,1.10
2017.05.25 10:59:19.877,1.50167,1.50183,1.12,1.27
2017.05.25 10:59:20.378,1.50169,1.50182,1.00,1.00
2017.05.25 10:59:20.904,1.50169,1.50184,1.00,1.13
2017.05.25 10:59:21.212,1.50172,1.50184,1.00,1.10
2017.05.25 10:59:21.417,1.50172,1.50187,1.00,1.23
2017.05.25 10:59:21.724,1.50174,1.50187,1.00,1.13
2017.05.25 10:59:21.982,1.50173,1.50189,1.12,1.42
2017.05.25 10:59:22.187,1.50172,1.50185,1.50,1.00
2017.05.25 10:59:22.703,1.5017,1.50185,1.50,1.13
2017.05.25 10:59:22.806,1.5017,1.50182,1.50,1.00
2017.05.25 10:59:23.458,1.50169,1.50182,1.87,1.00
2017.05.25 10:59:23.509,1.50169,1.50184,1.87,1.12
2017.05.25 10:59:23.561,1.50171,1.50184,1.00,1.00
2017.05.25 10:59:24.451,1.5017,1.50184,1.00,1.10
2017.05.25 10:59:24.770,1.50172,1.50182,1.00,1.00
2017.05.25 10:59:24.923,1.50172,1.50185,1.00,1.00
2017.05.25 10:59:25.798,1.50171,1.50185,1.00,1.00
2017.05.25 10:59:25.900,1.50172,1.50185,1.37,1.00
2017.05.25 10:59:26.155,1.50171,1.50185,1.00,1.00
2017.05.25 10:59:26.206,1.50171,1.50187,1.00,1.20
2017.05.25 10:59:26.258,1.5017,1.50187,1.00,1.95
2017.05.25 10:59:26.589,1.5017,1.50186,1.19,1.75
2017.05.25 10:59:26.794,1.50169,1.50186,1.12,1.85
2017.05.25 10:59:27.310,1.50166,1.50185,2.25,1.57
2017.05.25 10:59:27.361,1.50166,1.50185,2.50,1.45
2017.05.25 10:59:27.786,1.50165,1.50181,1.87,1.00
2017.05.25 10:59:28.157,1.50164,1.50182,2.70,1.00
2017.05.25 10:59:28.789,1.50165,1.50181,1.00,1.00
2017.05.25 10:59:28.998,1.50165,1.50183,1.00,2.55
2017.05.25 10:59:29.457,1.50165,1.50183,2.76,1.00
2017.05.25 10:59:30.377,1.50166,1.50183,1.64,1.00
2017.05.25 10:59:30.684,1.50165,1.50178,1.00,1.50
2017.05.25 10:59:30.735,1.50165,1.5018,1.00,1.00
2017.05.25 10:59:30.940,1.50168,1.5018,1.08,1.00
2017.05.25 10:59:31.092,1.50168,1.50185,1.83,1.00
2017.05.25 10:59:32.742,1.50169,1.50186,1.45,1.00
2017.05.25 10:59:33.255,1.50168,1.50186,1.10,1.50
2017.05.25 10:59:33.409,1.50166,1.50184,2.58,1.00
2017.05.25 10:59:33.927,1.50166,1.50183,1.83,1.00
2017.05.25 10:59:34.284,1.50167,1.50183,2.20,1.00
2017.05.25 10:59:34.335,1.50167,1.50185,2.20,1.50
2017.05.25 10:59:34.990,1.50167,1.50184,1.95,1.00
2017.05.25 10:59:35.520,1.50168,1.50185,2.39,1.00
2017.05.25 10:59:36.025,1.50168,1.50186,2.01,1.00
2017.05.25 10:59:40.040,1.50168,1.50186,3.14,1.00
2017.05.25 10:59:40.345,1.50168,1.50176,1.00,1.20
2017.05.25 10:59:40.602,1.50163,1.50174,1.00,1.00
2017.05.25 10:59:40.806,1.50157,1.50175,4.19,1.57
2017.05.25 10:59:41.010,1.50157,1.50172,2.69,1.00
2017.05.25 10:59:42.025,1.50153,1.50171,1.64,1.00
2017.05.25 10:59:42.434,1.50152,1.50171,2.20,1.50
2017.05.25 10:59:42.670,1.50151,1.50168,2.20,1.00
2017.05.25 10:59:43.268,1.5015,1.50167,3.89,1.00
2017.05.25 10:59:43.777,1.50151,1.50168,1.45,1.00
2017.05.25 10:59:45.156,1.50151,1.5017,1.73,1.00
2017.05.25 10:59:46.182,1.50152,1.50171,3.14,2.25
2017.05.25 10:59:46.691,1.50152,1.50171,2.39,1.50
2017.05.25 10:59:50.055,1.50153,1.50172,1.95,1.00
2017.05.25 10:59:50.159,1.50152,1.5017,1.64,1.00
2017.05.25 10:59:51.821,1.50152,1.50169,1.76,1.00
2017.05.25 10:59:52.589,1.50152,1.50168,1.76,1.00
2017.05.25 10:59:52.891,1.50154,1.50169,1.12,1.00
2017.05.25 10:59:53.031,1.50153,1.50171,1.20,1.00
2017.05.25 10:59:53.338,1.50153,1.50169,1.12,1.00
2017.05.25 10:59:53.491,1.50152,1.50169,1.76,1.00
2017.05.25 10:59:54.706,1.50154,1.5017,1.62,1.50
2017.05.25 10:59:55.252,1.50154,1.50169,1.39,1.00
2017.05.25 10:59:55.813,1.50154,1.50168,1.62,1.00
2017.05.25 10:59:56.328,1.50154,1.50168,1.62,1.00
2017.05.25 10:59:56.891,1.50154,1.50169,1.62,1.50
2017.05.25 10:59:58.212,1.50154,1.50169,2.14,1.50
2017.05.25 10:59:59.528,1.50154,1.50169,1.76,1.50
