2014.10.10 04:00:01.687,1.44772,1.44788,1.50,1.00
2014.10.10 04:00:06.876,1.44772,1.44789,1.00,1.50
2014.10.10 04:00:07.435,1.44773,1.44789,1.00,1.00
2014.10.10 04:00:08.350,1.44773,1.4479,1.00,1.00
2014.10.10 04:00:08.745,1.44776,1.4479,1.00,1.00
2014.10.10 04:00:09.207,1.44776,1.44792,1.00,1.50
2014.10.10 04:00:16.366,1.44774,1.44792,1.50,1.50
2014.10.10 04:00:36.012,1.44774,1.44789,1.50,1.00
2014.10.10 04:00:36.367,1.44771,1.44789,1.50,1.50
2014.10.10 04:00:36.468,1.44771,1.44787,1.50,1.00
2014.10.10 04:00:45.046,1.44772,1.44788,1.00,1.00
2014.10.10 04:00:49.672,1.44775,1.44789,1.00,1.00
2014.10.10 04:00:49.723,1.44775,1.44791,1.00,1.00
2014.10.10 04:00:51.666,1.44773,1.44789,1.00,1.00
2014.10.10 04:00:52.857,1.44775,1.44789,1.00,1.00
2014.10.10 04:00:52.908,1.44776,1.44792,1.00,1.00
2014.10.10 04:00:53.415,1.44775,1.44791,1.00,1.00
2014.10.10 04:00:53.466,1.44775,1.44789,1.00,1.00
2014.10.10 04:00:54.615,1.44773,1.44789,1.50,1.00
2014.10.10 04:00:55.549,1.44773,1.44791,1.00,1.50
2014.10.10 04:00:59.142,1.44773,1.4479,1.00,1.00
2014.10.10 04:01:18.090,1.44775,1.44791,1.00,1.00
2014.10.10 04:01:18.242,1.44776,1.44793,1.00,1.69
2014.10.10 04:01:18.294,1.44778,1.44794,1.12,1.00
2014.10.10 04:01:18.598,1.44783,1.44798,1.00,1.00
2014.10.10 04:01:44.225,1.44783,1.44799,1.00,1.00
2014.10.10 04:01:50.245,1.44783,1.448,1.00,1.00
2014.10.10 04:01:50.554,1.44782,1.44796,1.50,1.00
2014.10.10 04:01:50.707,1.4478,1.44795,1.00,1.00
2014.10.10 04:01:50.808,1.44778,1.44796,1.00,1.50
2014.10.10 04:01:50.914,1.44778,1.44794,1.00,1.00
2014.10.10 04:01:51.452,1.44778,1.4479,1.00,1.00
2014.10.10 04:01:51.554,1.44776,1.4479,1.00,1.00
2014.10.10 04:01:51.655,1.44776,1.44793,1.00,1.00
2014.10.10 04:01:51.816,1.44776,1.44791,1.00,1.00
2014.10.10 04:01:52.345,1.44776,1.44793,1.00,1.00
2014.10.10 04:01:52.960,1.44776,1.44794,1.00,1.50
2014.10.10 04:01:53.745,1.44777,1.44794,1.00,1.00
2014.10.10 04:01:54.283,1.44777,1.44795,1.50,1.50
2014.10.10 04:01:55.485,1.44779,1.44795,1.00,1.00
2014.10.10 04:02:00.797,1.44781,1.44795,1.00,1.00
2014.10.10 04:02:00.848,1.44781,1.44797,1.00,1.50
2014.10.10 04:02:04.405,1.44781,1.44797,1.00,1.69
2014.10.10 04:02:04.861,1.44784,1.44801,1.00,1.69
2014.10.10 04:02:04.962,1.44786,1.44801,1.00,1.69
2014.10.10 04:02:06.522,1.44788,1.44801,1.00,1.00
2014.10.10 04:02:09.055,1.44788,1.44803,1.00,1.00
2014.10.10 04:02:11.259,1.44788,1.448,1.00,1.00
2014.10.10 04:02:12.352,1.44788,1.44802,1.00,1.00
2014.10.10 04:02:14.075,1.44785,1.44802,1.50,1.00
2014.10.10 04:02:14.227,1.44785,1.448,1.00,1.00
2014.10.10 04:02:14.577,1.44782,1.448,3.00,1.00
2014.10.10 04:02:17.089,1.44782,1.44798,2.62,1.00
2014.10.10 04:02:32.922,1.44787,1.44798,1.00,1.00
2014.10.10 04:02:33.024,1.44787,1.44802,1.00,1.00
2014.10.10 04:02:33.227,1.44788,1.44804,1.50,1.00
2014.10.10 04:02:36.009,1.44788,1.44802,1.50,1.00
2014.10.10 04:02:36.312,1.44785,1.44799,1.00,1.00
2014.10.10 04:02:36.363,1.44783,1.44799,1.00,1.00
2014.10.10 04:02:36.868,1.44784,1.44799,1.50,1.00
2014.10.10 04:02:38.106,1.44784,1.448,1.50,1.00
2014.10.10 04:02:38.657,1.44784,1.44799,1.50,1.00
2014.10.10 04:02:40.395,1.44784,1.448,1.50,1.50
2014.10.10 04:02:40.497,1.44783,1.44798,1.00,1.00
2014.10.10 04:02:40.852,1.44782,1.44796,1.00,1.00
2014.10.10 04:02:41.409,1.44781,1.44796,2.25,1.00
2014.10.10 04:02:41.764,1.44778,1.44796,2.25,1.50
2014.10.10 04:02:41.815,1.44778,1.44792,1.50,1.00
2014.10.10 04:02:57.022,1.44778,1.44794,2.25,1.00
2014.10.10 04:02:57.831,1.44778,1.44791,2.25,1.00
2014.10.10 04:02:58.034,1.44775,1.44791,1.00,1.50
2014.10.10 04:02:58.084,1.44775,1.44786,1.00,1.00
2014.10.10 04:02:58.593,1.44774,1.44786,1.00,1.00
2014.10.10 04:03:00.373,1.44772,1.44786,1.00,1.00
2014.10.10 04:03:00.633,1.44772,1.44788,1.50,1.50
2014.10.10 04:03:01.401,1.44773,1.44789,1.00,1.50
2014.10.10 04:03:11.956,1.44774,1.44789,1.00,1.00
2014.10.10 04:03:12.924,1.44775,1.44791,1.00,1.00
2014.10.10 04:03:13.725,1.44774,1.4479,1.00,1.00
2014.10.10 04:03:14.239,1.44772,1.4479,1.50,1.50
2014.10.10 04:03:14.291,1.44772,1.44788,1.00,1.50
2014.10.10 04:03:14.798,1.44772,1.44789,1.50,1.00
2014.10.10 04:03:32.207,1.44772,1.44787,1.00,1.00
2014.10.10 04:03:32.513,1.4477,1.44785,1.00,1.00
2014.10.10 04:03:32.614,1.4477,1.44787,2.25,1.00
2014.10.10 04:03:32.716,1.44773,1.44787,1.00,1.00
2014.10.10 04:03:32.868,1.44774,1.4479,1.00,1.00
2014.10.10 04:03:34.560,1.44775,1.4479,1.00,1.00
2014.10.10 04:03:35.075,1.44776,1.4479,1.00,1.00
2014.10.10 04:03:59.515,1.44775,1.4479,1.00,1.00
2014.10.10 04:04:03.523,1.44775,1.44788,1.00,1.00
2014.10.10 04:04:03.726,1.44771,1.44786,1.00,1.00
2014.10.10 04:04:03.778,1.44768,1.44786,2.25,1.50
2014.10.10 04:04:03.980,1.44769,1.44783,1.00,1.00
2014.10.10 04:04:04.538,1.44769,1.44786,1.00,1.00
2014.10.10 04:04:05.416,1.44771,1.44787,1.00,1.00
2014.10.10 04:04:14.853,1.4477,1.44786,1.00,1.00
2014.10.10 04:04:15.443,1.44769,1.44786,1.50,1.00
2014.10.10 04:04:26.864,1.4477,1.44788,1.50,1.00
2014.10.10 04:04:26.965,1.44773,1.44789,1.00,1.00
2014.10.10 04:04:27.269,1.44775,1.44789,1.00,1.00
2014.10.10 04:04:27.862,1.44775,1.44791,1.50,1.00
2014.10.10 04:04:28.267,1.44777,1.44791,1.00,1.00
2014.10.10 04:04:28.318,1.44777,1.44793,1.00,1.00
2014.10.10 04:04:28.866,1.44778,1.44793,1.00,1.00
2014.10.10 04:04:33.276,1.44778,1.44793,1.37,1.00
2014.10.10 04:04:33.581,1.44794,1.44807,1.00,1.00
2014.10.10 04:04:33.683,1.44794,1.44811,1.00,1.00
2014.10.10 04:04:33.785,1.44794,1.44809,1.00,1.00
2014.10.10 04:04:34.325,1.44794,1.4481,1.00,1.00
2014.10.10 04:04:34.580,1.44792,1.4481,1.00,1.50
2014.10.10 04:04:37.737,1.44792,1.44812,2.25,1.87
2014.10.10 04:04:37.788,1.44792,1.44807,1.50,1.00
2014.10.10 04:04:38.041,1.4479,1.44806,1.50,1.00
2014.10.10 04:04:38.143,1.44788,1.44806,1.00,1.00
2014.10.10 04:04:40.515,1.4479,1.44806,1.00,1.00
2014.10.10 04:04:44.809,1.4479,1.44805,1.00,1.00
2014.10.10 04:04:47.682,1.4479,1.44805,1.00,1.37
2014.10.10 04:04:47.886,1.44787,1.44802,1.00,1.00
2014.10.10 04:04:47.988,1.44784,1.44801,1.00,1.00
2014.10.10 04:04:48.501,1.44783,1.44801,1.00,1.00
2014.10.10 04:04:49.048,1.44782,1.448,1.50,1.60
2014.10.10 04:04:49.352,1.44778,1.44792,1.00,1.50
2014.10.10 04:04:49.756,1.44776,1.44792,1.00,1.50
2014.10.10 04:04:51.113,1.44777,1.44792,1.00,1.00
2014.10.10 04:04:51.164,1.44779,1.44792,1.00,1.00
2014.10.10 04:04:51.316,1.44779,1.44794,1.00,1.00
2014.10.10 04:04:51.530,1.4478,1.44797,1.00,2.25
2014.10.10 04:04:53.938,1.44781,1.44797,1.00,1.50
2014.10.10 04:04:58.021,1.44784,1.44797,1.00,1.50
2014.10.10 04:04:58.172,1.44787,1.44803,1.00,1.50
2014.10.10 04:04:58.274,1.44787,1.44806,1.87,1.50
2014.10.10 04:04:58.324,1.44792,1.44806,1.00,1.00
2014.10.10 04:04:59.147,1.44792,1.44805,1.00,1.00
2014.10.10 04:04:59.884,1.44792,1.44804,1.00,1.00
2014.10.10 04:04:59.986,1.44789,1.44804,1.00,1.00
2014.10.10 04:05:00.543,1.44791,1.44804,1.00,1.00
2014.10.10 04:05:01.765,1.44789,1.44804,1.00,1.50
2014.10.10 04:05:01.866,1.44787,1.44804,1.00,1.50
2014.10.10 04:05:01.918,1.44787,1.44801,1.00,1.00
2014.10.10 04:05:02.209,1.44787,1.44803,1.00,1.00
2014.10.10 04:05:02.412,1.4479,1.44803,1.00,1.00
2014.10.10 04:05:02.514,1.44787,1.44803,1.00,1.00
2014.10.10 04:05:03.703,1.44789,1.44803,1.00,1.00
2014.10.10 04:05:03.804,1.44787,1.44803,1.00,1.00
2014.10.10 04:05:04.602,1.44789,1.44803,1.00,1.00
2014.10.10 04:05:04.755,1.44791,1.44806,1.00,2.25
2014.10.10 04:05:11.536,1.4479,1.44806,1.00,2.25
2014.10.10 04:05:28.658,1.4479,1.44806,1.00,1.37
2014.10.10 04:05:28.810,1.44787,1.44804,1.00,1.00
2014.10.10 04:05:28.962,1.44787,1.44804,1.00,1.37
2014.10.10 04:05:29.013,1.44785,1.44803,1.00,1.37
2014.10.10 04:05:29.215,1.44786,1.44804,1.00,2.62
2014.10.10 04:05:30.075,1.44787,1.44804,1.00,1.00
2014.10.10 04:05:31.835,1.44789,1.44804,1.00,1.00
2014.10.10 04:05:31.887,1.4479,1.44806,1.00,1.00
2014.10.10 04:05:34.223,1.4479,1.44805,1.00,1.00
2014.10.10 04:05:34.426,1.44788,1.44805,1.00,1.12
2014.10.10 04:05:39.479,1.44788,1.44803,1.00,1.00
2014.10.10 04:05:41.101,1.44789,1.44803,1.00,1.00
2014.10.10 04:05:41.536,1.44791,1.44803,1.00,1.00
2014.10.10 04:05:43.301,1.44791,1.44805,1.00,1.00
2014.10.10 04:05:45.719,1.44788,1.44805,1.00,1.00
2014.10.10 04:05:48.505,1.44788,1.44803,1.00,1.00
2014.10.10 04:05:50.128,1.44788,1.44805,1.00,1.00
2014.10.10 04:05:50.229,1.4479,1.44806,1.00,1.50
2014.10.10 04:05:50.583,1.44794,1.44807,1.00,1.00
2014.10.10 04:05:52.240,1.44792,1.44807,1.00,1.00
2014.10.10 04:05:52.785,1.44792,1.44807,1.00,1.37
2014.10.10 04:05:55.621,1.44791,1.44807,1.00,1.87
2014.10.10 04:05:58.853,1.44791,1.44805,1.00,1.12
2014.10.10 04:05:58.954,1.44788,1.448,1.00,1.12
2014.10.10 04:05:59.055,1.44783,1.44797,1.00,1.00
2014.10.10 04:05:59.157,1.44781,1.44795,1.00,1.00
2014.10.10 04:05:59.359,1.44776,1.44793,1.00,1.00
2014.10.10 04:05:59.562,1.44779,1.44792,1.00,1.00
2014.10.10 04:05:59.759,1.44777,1.44792,1.00,1.00
2014.10.10 04:06:00.063,1.44778,1.44794,1.00,1.00
2014.10.10 04:06:00.164,1.44776,1.44795,1.50,1.50
2014.10.10 04:06:00.367,1.44776,1.44795,1.00,1.87
2014.10.10 04:06:01.168,1.44776,1.44795,1.00,1.50
2014.10.10 04:06:04.325,1.44776,1.44793,1.50,1.00
2014.10.10 04:06:06.731,1.44776,1.44795,1.50,1.50
2014.10.10 04:06:06.782,1.44779,1.44795,1.00,1.00
2014.10.10 04:06:07.320,1.44778,1.44795,1.50,1.00
2014.10.10 04:06:08.033,1.44779,1.44795,1.00,1.00
2014.10.10 04:06:08.794,1.44778,1.44795,1.50,1.00
2014.10.10 04:06:09.305,1.44779,1.44795,1.00,1.12
2014.10.10 04:06:10.678,1.44778,1.44795,1.50,1.12
2014.10.10 04:06:11.742,1.44779,1.44795,1.00,1.12
2014.10.10 04:06:12.249,1.44778,1.44795,1.50,1.12
2014.10.10 04:06:12.554,1.4478,1.44796,2.25,1.00
2014.10.10 04:06:13.059,1.44781,1.44796,1.00,1.00
2014.10.10 04:06:13.262,1.44779,1.44796,1.50,1.00
2014.10.10 04:06:15.030,1.4478,1.44796,1.00,1.00
2014.10.10 04:06:15.700,1.4478,1.44796,1.00,1.37
2014.10.10 04:06:16.341,1.44779,1.44794,1.50,1.00
2014.10.10 04:06:16.865,1.4478,1.44794,1.00,1.00
2014.10.10 04:06:30.766,1.4478,1.44793,1.00,1.00
2014.10.10 04:06:31.809,1.44779,1.44793,1.50,1.00
2014.10.10 04:06:36.775,1.44779,1.44796,1.50,1.12
2014.10.10 04:06:36.928,1.44782,1.44797,1.00,1.00
2014.10.10 04:06:37.233,1.44787,1.44801,1.00,1.00
2014.10.10 04:06:37.436,1.44785,1.448,1.00,1.00
2014.10.10 04:06:37.975,1.44784,1.448,1.00,1.00
2014.10.10 04:06:38.790,1.44784,1.44801,1.00,1.00
2014.10.10 04:06:38.902,1.44788,1.44802,1.00,1.50
2014.10.10 04:06:39.104,1.44787,1.44805,1.50,2.62
2014.10.10 04:06:39.256,1.44788,1.44807,1.50,1.00
2014.10.10 04:06:39.308,1.44788,1.44805,1.00,1.00
2014.10.10 04:06:39.612,1.44788,1.44802,1.00,1.37
2014.10.10 04:06:39.662,1.44785,1.44802,1.00,1.37
2014.10.10 04:06:39.865,1.44782,1.44802,2.25,2.62
2014.10.10 04:06:41.723,1.44782,1.44797,1.00,1.00
2014.10.10 04:06:45.795,1.44783,1.44797,1.00,1.00
2014.10.10 04:06:46.149,1.44783,1.44795,1.00,1.00
2014.10.10 04:06:52.008,1.44782,1.44795,1.00,1.00
2014.10.10 04:06:53.108,1.44781,1.44795,1.50,1.00
2014.10.10 04:06:53.811,1.44782,1.44795,1.00,1.00
2014.10.10 04:06:55.517,1.44781,1.44795,1.50,1.00
2014.10.10 04:06:56.130,1.44782,1.44795,1.00,1.00
2014.10.10 04:06:56.766,1.44781,1.44795,1.50,1.00
2014.10.10 04:06:57.069,1.44783,1.44795,1.00,1.00
2014.10.10 04:06:57.759,1.44782,1.44795,1.50,1.00
2014.10.10 04:06:58.821,1.44783,1.44795,1.00,1.00
2014.10.10 04:06:59.473,1.4478,1.44795,1.50,1.00
2014.10.10 04:06:59.988,1.4478,1.44794,1.00,1.00
2014.10.10 04:07:00.089,1.4478,1.44792,1.00,1.00
2014.10.10 04:07:01.943,1.4478,1.44794,1.00,1.00
2014.10.10 04:07:04.912,1.4478,1.44792,1.00,1.00
2014.10.10 04:07:06.892,1.4478,1.44793,1.00,1.00
2014.10.10 04:07:07.581,1.44781,1.44793,1.00,1.00
2014.10.10 04:07:08.129,1.4478,1.44793,1.00,1.00
2014.10.10 04:07:11.341,1.44778,1.44792,1.00,1.00
2014.10.10 04:07:11.493,1.44776,1.44792,1.50,1.50
2014.10.10 04:07:19.682,1.44776,1.4479,1.50,1.00
2014.10.10 04:07:19.985,1.44773,1.44788,1.00,1.00
2014.10.10 04:07:20.110,1.4477,1.44788,4.87,1.00
2014.10.10 04:07:20.622,1.44771,1.44788,1.00,1.00
2014.10.10 04:07:20.926,1.44773,1.44788,1.00,1.00
2014.10.10 04:07:21.130,1.44775,1.44791,3.37,1.00
2014.10.10 04:07:21.898,1.44775,1.44793,3.00,1.00
2014.10.10 04:07:22.151,1.44778,1.44793,1.00,1.00
2014.10.10 04:07:22.203,1.44778,1.44795,1.00,1.00
2014.10.10 04:07:28.429,1.44777,1.44795,1.00,1.00
2014.10.10 04:07:37.424,1.44778,1.44795,1.50,1.00
2014.10.10 04:07:47.762,1.4478,1.44795,1.00,1.00
2014.10.10 04:07:48.268,1.44781,1.44796,1.00,1.00
2014.10.10 04:07:48.842,1.44781,1.44797,1.00,1.00
2014.10.10 04:07:49.480,1.44782,1.44797,1.00,1.00
2014.10.10 04:07:49.531,1.4478,1.44797,1.50,1.00
2014.10.10 04:07:51.368,1.44782,1.44797,1.00,1.00
2014.10.10 04:07:51.521,1.4478,1.44797,1.50,1.00
2014.10.10 04:07:55.249,1.44782,1.44797,1.00,1.00
2014.10.10 04:07:55.564,1.4478,1.44797,1.50,1.00
2014.10.10 04:07:56.850,1.4478,1.44795,1.00,1.00
2014.10.10 04:07:58.906,1.4478,1.44795,1.00,1.37
2014.10.10 04:07:59.159,1.44776,1.44792,1.00,1.00
2014.10.10 04:08:01.368,1.44778,1.44792,1.00,1.00
2014.10.10 04:08:04.709,1.44779,1.44792,1.00,1.00
2014.10.10 04:08:08.017,1.44779,1.44795,1.00,1.50
2014.10.10 04:08:11.838,1.44779,1.44791,1.00,1.00
2014.10.10 04:08:13.598,1.44778,1.44791,1.00,1.00
2014.10.10 04:08:14.150,1.44777,1.44793,1.50,1.12
2014.10.10 04:08:14.656,1.4478,1.44793,1.00,1.00
2014.10.10 04:08:16.460,1.4478,1.44791,1.00,1.00
2014.10.10 04:08:16.562,1.44776,1.44791,1.00,1.00
2014.10.10 04:08:16.866,1.44775,1.44788,1.00,1.00
2014.10.10 04:08:17.171,1.44772,1.44785,1.00,1.12
2014.10.10 04:08:17.511,1.44769,1.44785,1.50,1.12
2014.10.10 04:08:18.290,1.44768,1.44785,1.50,1.12
2014.10.10 04:08:26.097,1.44768,1.44783,1.00,1.00
2014.10.10 04:08:26.923,1.44768,1.44779,1.00,1.00
2014.10.10 04:08:27.421,1.44768,1.44777,1.00,1.00
2014.10.10 04:08:27.472,1.44765,1.44777,1.00,1.00
2014.10.10 04:08:27.523,1.44765,1.44775,1.00,1.00
2014.10.10 04:08:27.726,1.44762,1.44775,1.50,1.00
2014.10.10 04:08:33.265,1.44763,1.44775,1.00,1.00
2014.10.10 04:08:34.948,1.44764,1.44775,1.50,1.00
2014.10.10 04:08:35.049,1.44764,1.44777,1.50,1.00
2014.10.10 04:08:35.968,1.44763,1.44777,1.50,1.00
2014.10.10 04:08:36.762,1.44763,1.44775,1.00,1.87
2014.10.10 04:08:36.965,1.44747,1.44759,1.00,1.00
2014.10.10 04:08:37.081,1.4474,1.44756,1.50,1.00
2014.10.10 04:08:37.133,1.44738,1.44756,1.00,1.00
2014.10.10 04:08:37.285,1.44735,1.44757,3.75,1.50
2014.10.10 04:08:37.742,1.44735,1.44752,1.00,1.00
2014.10.10 04:08:39.340,1.44733,1.44752,1.00,1.00
2014.10.10 04:08:42.111,1.44732,1.44751,1.00,1.00
2014.10.10 04:08:42.162,1.44731,1.44749,1.00,1.00
2014.10.10 04:08:42.685,1.44731,1.4475,1.50,1.00
2014.10.10 04:08:43.341,1.44731,1.44751,2.25,1.50
2014.10.10 04:08:43.942,1.44732,1.44751,1.00,1.50
2014.10.10 04:08:57.160,1.44733,1.44751,1.87,1.00
2014.10.10 04:08:57.211,1.44733,1.44753,1.87,1.50
2014.10.10 04:08:57.864,1.44733,1.44753,1.00,2.25
2014.10.10 04:08:58.380,1.44732,1.44753,1.12,2.25
2014.10.10 04:08:58.923,1.44732,1.44753,1.37,2.25
2014.10.10 04:09:04.757,1.44734,1.44753,1.00,2.25
2014.10.10 04:09:09.412,1.44734,1.44754,1.00,1.50
2014.10.10 04:09:10.867,1.44735,1.44754,1.00,1.50
2014.10.10 04:09:11.546,1.44734,1.44754,1.87,1.50
2014.10.10 04:09:12.462,1.44735,1.44754,1.00,1.50
2014.10.10 04:09:13.125,1.44735,1.44751,1.00,1.00
2014.10.10 04:09:15.695,1.44734,1.44749,1.50,1.00
2014.10.10 04:09:16.297,1.44735,1.44749,1.00,1.00
2014.10.10 04:09:16.535,1.44735,1.44751,1.00,1.00
2014.10.10 04:09:17.368,1.44734,1.44751,1.50,1.00
2014.10.10 04:09:18.317,1.44734,1.44752,1.50,1.00
2014.10.10 04:09:18.875,1.44735,1.44752,1.00,1.00
2014.10.10 04:09:20.676,1.44734,1.44752,1.50,1.00
2014.10.10 04:09:21.386,1.44735,1.44752,1.00,1.00
2014.10.10 04:09:26.740,1.44734,1.44752,2.62,1.00
2014.10.10 04:09:27.294,1.44735,1.44752,1.00,1.00
2014.10.10 04:09:28.403,1.44734,1.44752,2.62,1.00
2014.10.10 04:09:28.946,1.44735,1.44752,1.00,1.00
2014.10.10 04:09:29.519,1.44734,1.44752,2.25,1.00
2014.10.10 04:09:30.231,1.44735,1.44752,1.00,1.00
2014.10.10 04:09:30.776,1.44734,1.44752,2.25,1.00
2014.10.10 04:09:32.776,1.44736,1.44752,1.00,1.00
2014.10.10 04:09:33.106,1.44734,1.44752,1.00,1.00
2014.10.10 04:09:33.614,1.44733,1.44752,1.87,1.00
2014.10.10 04:09:37.387,1.44733,1.44751,1.00,1.00
2014.10.10 04:09:37.862,1.44733,1.44751,1.00,1.37
2014.10.10 04:09:38.166,1.44731,1.44746,1.00,1.00
2014.10.10 04:09:38.268,1.44731,1.44748,1.00,1.00
2014.10.10 04:09:38.471,1.44731,1.44745,1.00,1.00
2014.10.10 04:09:38.521,1.44729,1.44745,1.00,1.00
2014.10.10 04:09:38.894,1.44729,1.44748,1.00,1.00
2014.10.10 04:09:39.847,1.44729,1.44748,1.37,1.00
2014.10.10 04:09:40.101,1.44728,1.44747,2.25,1.00
2014.10.10 04:09:40.455,1.44728,1.44743,1.50,1.00
2014.10.10 04:09:41.647,1.44728,1.44746,2.25,1.00
2014.10.10 04:09:42.592,1.44727,1.44746,1.50,1.00
2014.10.10 04:09:45.237,1.44728,1.44746,1.00,1.00
2014.10.10 04:09:52.004,1.44728,1.44746,1.00,1.37
2014.10.10 04:09:52.055,1.44725,1.44745,1.00,2.62
2014.10.10 04:09:52.106,1.44725,1.44743,1.00,1.12
2014.10.10 04:09:52.411,1.44723,1.44739,1.19,1.00
2014.10.10 04:09:52.664,1.44721,1.44739,1.00,1.00
2014.10.10 04:09:53.402,1.44721,1.44737,1.00,1.12
2014.10.10 04:09:53.453,1.44719,1.44737,1.00,1.87
2014.10.10 04:09:53.555,1.44717,1.44735,1.00,1.00
2014.10.10 04:09:53.858,1.44713,1.4473,1.00,1.00
2014.10.10 04:09:53.960,1.44711,1.4473,1.00,1.00
2014.10.10 04:09:54.633,1.44712,1.44731,1.00,1.00
2014.10.10 04:09:55.157,1.44711,1.44732,1.00,1.00
2014.10.10 04:09:59.544,1.4471,1.44733,2.81,1.50
2014.10.10 04:09:59.921,1.4471,1.44733,2.81,1.50
2014.10.10 04:10:00.224,1.44715,1.44733,1.00,1.00
2014.10.10 04:10:00.326,1.44715,1.44735,1.00,1.50
2014.10.10 04:10:00.784,1.44712,1.44734,1.87,1.00
2014.10.10 04:10:00.835,1.44714,1.44732,1.00,1.00
2014.10.10 04:10:00.936,1.44715,1.44734,1.00,1.00
2014.10.10 04:10:01.444,1.44716,1.44735,1.00,1.50
2014.10.10 04:10:09.440,1.44716,1.44735,1.37,1.50
2014.10.10 04:10:12.794,1.44727,1.44735,0.22,1.50
2014.10.10 04:10:20.649,1.44727,1.44733,0.33,1.00
2014.10.10 04:10:21.177,1.44727,1.44732,0.33,1.00
2014.10.10 04:10:28.969,1.44727,1.44731,0.33,1.00
2014.10.10 04:10:29.478,1.44727,1.44734,0.33,1.00
2014.10.10 04:10:29.937,1.44727,1.44736,0.33,1.00
2014.10.10 04:10:30.089,1.44727,1.44741,0.33,1.50
2014.10.10 04:10:31.926,1.44727,1.4474,0.33,1.00
2014.10.10 04:10:31.977,1.44727,1.44738,0.33,1.00
2014.10.10 04:10:32.281,1.44727,1.44735,0.33,1.00
2014.10.10 04:10:32.787,1.44727,1.44734,0.33,1.00
2014.10.10 04:10:32.838,1.44727,1.44736,0.33,1.00
2014.10.10 04:10:32.939,1.44727,1.44738,0.33,1.50
2014.10.10 04:10:32.990,1.44727,1.44741,0.33,1.00
2014.10.10 04:10:33.504,1.44727,1.44742,0.33,2.25
2014.10.10 04:10:35.088,1.44727,1.44737,0.33,1.00
2014.10.10 04:10:35.393,1.44727,1.44732,0.33,1.00
2014.10.10 04:10:37.415,1.44727,1.44734,0.33,1.00
2014.10.10 04:10:37.568,1.44727,1.44736,0.33,1.50
2014.10.10 04:10:37.972,1.44727,1.44739,0.33,1.00
2014.10.10 04:10:43.142,1.44727,1.4474,0.33,3.00
2014.10.10 04:10:43.648,1.44727,1.44741,0.33,2.25
2014.10.10 04:10:43.699,1.44727,1.44739,0.33,1.00
2014.10.10 04:10:44.218,1.44727,1.44738,0.33,1.00
2014.10.10 04:10:54.159,1.44727,1.44739,0.33,1.00
2014.10.10 04:11:00.124,1.44727,1.44738,0.33,1.00
2014.10.10 04:11:00.645,1.44727,1.44737,0.33,1.00
2014.10.10 04:11:07.288,1.44727,1.44738,0.33,1.00
2014.10.10 04:11:10.579,1.44727,1.44739,0.33,1.00
2014.10.10 04:11:10.883,1.44727,1.44743,2.33,1.50
2014.10.10 04:11:11.035,1.44727,1.4474,1.33,1.00
2014.10.10 04:11:11.339,1.44727,1.44738,0.33,1.00
2014.10.10 04:11:11.644,1.44727,1.44735,0.33,1.00
2014.10.10 04:11:14.637,1.44727,1.44733,0.33,1.00
2014.10.10 04:11:16.155,1.44727,1.44735,0.33,1.00
2014.10.10 04:11:16.256,1.44727,1.44739,0.33,1.00
2014.10.10 04:11:16.307,1.44727,1.44741,0.33,1.00
2014.10.10 04:11:16.712,1.44727,1.44739,0.33,1.00
2014.10.10 04:11:17.016,1.44727,1.44736,0.33,1.00
2014.10.10 04:11:17.168,1.44727,1.44738,0.33,1.00
2014.10.10 04:11:17.675,1.44727,1.44735,0.33,1.00
2014.10.10 04:11:18.131,1.44727,1.44733,0.33,1.00
2014.10.10 04:11:18.873,1.44727,1.44731,0.33,1.00
2014.10.10 04:11:19.228,1.44727,1.44733,0.33,1.50
2014.10.10 04:11:19.330,1.44727,1.44733,0.33,1.00
2014.10.10 04:11:19.433,1.44727,1.44735,0.33,1.50
2014.10.10 04:11:19.969,1.44727,1.44736,0.33,1.00
2014.10.10 04:11:21.793,1.44727,1.44734,0.33,1.00
2014.10.10 04:11:22.097,1.44727,1.44736,0.33,1.00
2014.10.10 04:11:22.619,1.44727,1.44735,0.33,1.50
2014.10.10 04:11:23.133,1.44727,1.44734,0.33,1.00
2014.10.10 04:11:23.488,1.44727,1.44737,0.33,2.25
2014.10.10 04:11:23.589,1.44727,1.44739,0.33,2.25
2014.10.10 04:11:25.618,1.44727,1.44734,0.33,1.00
2014.10.10 04:11:26.024,1.44727,1.44731,0.33,1.00
2014.10.10 04:11:27.347,1.44727,1.44734,0.33,1.50
2014.10.10 04:11:33.416,1.44727,1.44735,0.33,1.50
2014.10.10 04:11:34.034,1.44727,1.44735,0.33,1.37
2014.10.10 04:11:34.338,1.44727,1.44728,0.33,1.00
2014.10.10 04:11:34.441,1.44712,1.44726,1.00,1.12
2014.10.10 04:11:34.542,1.44706,1.44724,1.00,1.87
2014.10.10 04:11:34.645,1.44704,1.44721,1.25,1.00
2014.10.10 04:11:35.177,1.44703,1.44721,1.50,1.00
2014.10.10 04:11:35.702,1.44703,1.44722,1.00,1.87
2014.10.10 04:11:37.018,1.44702,1.44722,2.44,1.12
2014.10.10 04:11:37.221,1.44702,1.4472,1.69,1.00
2014.10.10 04:11:37.526,1.44707,1.44722,1.00,1.00
2014.10.10 04:11:37.627,1.44707,1.44724,1.00,1.00
2014.10.10 04:11:38.287,1.44708,1.44724,1.00,1.00
2014.10.10 04:11:39.206,1.4471,1.44726,1.50,1.00
2014.10.10 04:11:39.510,1.44712,1.44726,1.50,1.00
2014.10.10 04:11:40.171,1.44712,1.44727,1.50,2.25
2014.10.10 04:11:40.442,1.44705,1.44723,1.50,1.00
2014.10.10 04:11:40.493,1.44705,1.44723,1.00,1.37
2014.10.10 04:11:40.594,1.44703,1.44723,2.44,1.87
2014.10.10 04:11:42.177,1.44703,1.44722,1.69,1.37
2014.10.10 04:11:42.700,1.44703,1.4472,1.50,1.00
2014.10.10 04:11:44.321,1.44702,1.4472,1.69,1.00
2014.10.10 04:11:44.625,1.44704,1.4472,1.00,1.00
2014.10.10 04:11:44.777,1.44705,1.44722,1.12,1.00
2014.10.10 04:11:44.828,1.44707,1.44721,1.00,1.00
2014.10.10 04:11:45.030,1.44703,1.44721,1.50,1.50
2014.10.10 04:11:45.625,1.44705,1.44721,1.00,1.00
2014.10.10 04:11:45.727,1.44706,1.44723,1.00,1.00
2014.10.10 04:11:46.393,1.44707,1.44724,1.00,1.00
2014.10.10 04:11:51.136,1.44707,1.44723,1.00,1.00
2014.10.10 04:11:51.237,1.44705,1.44721,1.00,1.00
2014.10.10 04:11:51.440,1.44703,1.44721,1.00,1.00
2014.10.10 04:11:51.592,1.44702,1.44721,1.50,1.45
2014.10.10 04:11:51.687,1.44702,1.44721,1.50,1.00
2014.10.10 04:11:52.228,1.44703,1.44721,1.00,1.00
2014.10.10 04:11:52.869,1.44703,1.44717,2.25,1.00
2014.10.10 04:11:52.920,1.44701,1.44717,1.00,1.00
2014.10.10 04:11:53.073,1.44698,1.44715,1.50,1.00
2014.10.10 04:11:53.705,1.447,1.44715,1.00,1.00
2014.10.10 04:11:54.657,1.44701,1.44715,1.00,1.00
2014.10.10 04:11:56.052,1.44701,1.44718,1.50,1.50
2014.10.10 04:11:56.103,1.44703,1.44718,1.00,1.50
2014.10.10 04:11:56.205,1.44703,1.44721,1.50,3.00
2014.10.10 04:11:56.306,1.44705,1.44722,1.00,1.50
2014.10.10 04:11:56.357,1.44705,1.44724,2.25,1.12
2014.10.10 04:11:56.409,1.44707,1.44724,1.00,1.12
2014.10.10 04:12:01.496,1.44707,1.44725,1.00,1.12
2014.10.10 04:12:01.800,1.44707,1.44724,1.00,1.37
2014.10.10 04:12:02.003,1.44704,1.44722,1.00,2.62
2014.10.10 04:12:02.509,1.44703,1.44722,2.25,1.00
2014.10.10 04:12:07.776,1.44704,1.44722,1.00,1.00
2014.10.10 04:12:14.221,1.44704,1.44721,1.00,1.00
2014.10.10 04:12:19.063,1.44704,1.44718,1.00,1.00
2014.10.10 04:12:19.875,1.44704,1.44719,1.00,1.00
2014.10.10 04:12:19.926,1.44701,1.44719,1.50,1.00
2014.10.10 04:12:20.435,1.447,1.44719,2.62,1.00
2014.10.10 04:12:21.415,1.44703,1.44719,1.00,1.00
2014.10.10 04:12:21.718,1.44706,1.44718,1.00,1.00
2014.10.10 04:12:28.942,1.44706,1.44721,1.00,1.00
2014.10.10 04:12:29.798,1.44707,1.44721,1.00,1.00
2014.10.10 04:12:31.430,1.44714,1.44721,1.00,1.00
2014.10.10 04:12:31.482,1.44715,1.44724,1.00,1.00
2014.10.10 04:12:31.634,1.44715,1.44729,1.00,1.50
2014.10.10 04:12:32.141,1.44715,1.4473,1.00,1.00
2014.10.10 04:12:32.344,1.44712,1.44728,3.00,1.87
2014.10.10 04:12:32.445,1.4471,1.44724,1.00,1.50
2014.10.10 04:12:32.699,1.44704,1.44719,1.00,1.87
2014.10.10 04:12:32.851,1.44699,1.44715,1.00,1.00
2014.10.10 04:12:33.404,1.44698,1.44713,1.00,1.00
2014.10.10 04:12:33.557,1.44696,1.44713,1.00,1.00
2014.10.10 04:12:33.659,1.44695,1.44708,1.50,1.00
2014.10.10 04:12:33.761,1.44695,1.44711,1.50,1.00
2014.10.10 04:12:34.350,1.44697,1.44711,1.00,1.00
2014.10.10 04:12:34.603,1.44703,1.44719,1.00,1.00
2014.10.10 04:12:34.654,1.447,1.44719,2.25,1.00
2014.10.10 04:12:34.857,1.44704,1.44721,1.00,2.62
2014.10.10 04:12:35.382,1.44703,1.44721,1.00,1.50
2014.10.10 04:12:44.220,1.44702,1.4472,1.00,1.00
2014.10.10 04:12:48.296,1.44703,1.4472,1.00,1.00
2014.10.10 04:12:48.448,1.44703,1.44722,1.50,1.00
2014.10.10 04:12:48.550,1.4471,1.44722,1.00,1.00
2014.10.10 04:12:48.752,1.44713,1.44728,1.50,1.00
2014.10.10 04:12:48.905,1.44713,1.4473,2.25,1.00
2014.10.10 04:12:49.411,1.44712,1.4473,1.00,2.62
2014.10.10 04:12:49.462,1.44711,1.44728,1.00,1.00
2014.10.10 04:12:49.968,1.4471,1.44728,1.50,1.00
2014.10.10 04:12:50.272,1.4471,1.44728,2.62,1.00
2014.10.10 04:12:50.526,1.44721,1.44737,1.00,1.00
2014.10.10 04:12:50.627,1.44717,1.44734,1.00,1.00
2014.10.10 04:12:50.881,1.44715,1.44733,1.50,1.50
2014.10.10 04:12:53.483,1.44715,1.44731,1.00,1.00
2014.10.10 04:12:56.094,1.44715,1.44728,1.00,1.00
2014.10.10 04:12:56.145,1.44713,1.44728,1.00,1.37
2014.10.10 04:12:56.246,1.44713,1.44726,1.00,1.37
2014.10.10 04:12:56.348,1.44709,1.44726,1.00,1.37
2014.10.10 04:12:56.601,1.44709,1.44723,1.00,1.00
2014.10.10 04:12:56.702,1.44707,1.44723,1.00,1.00
2014.10.10 04:13:01.527,1.44705,1.44723,1.50,1.00
2014.10.10 04:13:05.867,1.44706,1.44724,1.00,1.00
2014.10.10 04:13:13.470,1.44707,1.44725,1.00,1.50
2014.10.10 04:13:20.398,1.44705,1.44725,2.62,1.50
2014.10.10 04:13:20.609,1.44705,1.44723,1.87,1.00
2014.10.10 04:13:20.934,1.44703,1.44721,2.25,1.00
2014.10.10 04:13:21.441,1.44702,1.4472,1.00,1.00
2014.10.10 04:13:22.697,1.44704,1.4472,1.50,1.00
2014.10.10 04:13:22.748,1.44704,1.44722,1.50,1.00
2014.10.10 04:13:22.901,1.44706,1.44722,1.00,1.50
2014.10.10 04:13:23.978,1.44705,1.4472,1.00,1.00
2014.10.10 04:13:24.301,1.44703,1.44718,1.00,1.00
2014.10.10 04:13:25.729,1.44703,1.4472,1.87,1.00
2014.10.10 04:13:25.830,1.44703,1.44718,1.50,1.00
2014.10.10 04:13:25.932,1.44703,1.4472,1.50,1.00
2014.10.10 04:13:27.824,1.44705,1.4472,1.00,1.00
2014.10.10 04:13:28.026,1.44708,1.44725,1.00,2.25
2014.10.10 04:13:28.532,1.44708,1.44724,1.50,1.00
2014.10.10 04:13:30.806,1.44711,1.44724,1.00,1.00
2014.10.10 04:13:31.172,1.44713,1.44724,1.00,1.00
2014.10.10 04:13:35.094,1.44709,1.44724,1.00,1.00
2014.10.10 04:13:43.596,1.44708,1.44724,2.62,1.00
2014.10.10 04:13:59.067,1.4471,1.44726,1.00,1.50
2014.10.10 04:14:01.808,1.44712,1.44727,1.00,1.00
2014.10.10 04:14:02.011,1.44708,1.44726,1.50,1.50
2014.10.10 04:14:02.113,1.44708,1.44724,1.50,1.50
2014.10.10 04:14:02.416,1.44705,1.4472,1.00,1.00
2014.10.10 04:14:03.401,1.44709,1.4472,1.00,1.00
2014.10.10 04:14:03.452,1.4471,1.44723,1.00,1.50
2014.10.10 04:14:03.756,1.44705,1.44722,1.00,3.00
2014.10.10 04:14:05.144,1.44707,1.44722,1.00,1.50
2014.10.10 04:14:05.447,1.4471,1.44722,1.00,1.00
2014.10.10 04:14:05.704,1.44707,1.44723,1.50,1.50
2014.10.10 04:14:05.856,1.44707,1.44721,1.00,1.00
2014.10.10 04:14:06.009,1.44704,1.44721,1.00,1.00
2014.10.10 04:14:06.515,1.44705,1.4472,1.00,1.00
2014.10.10 04:14:06.616,1.44705,1.44722,1.00,2.25
2014.10.10 04:14:07.415,1.44705,1.44722,3.37,1.50
2014.10.10 04:14:07.466,1.44708,1.44723,1.00,1.00
2014.10.10 04:14:07.619,1.4471,1.44727,1.00,1.00
2014.10.10 04:14:08.180,1.44711,1.44728,1.50,1.50
2014.10.10 04:14:13.008,1.4471,1.44728,1.50,1.50
2014.10.10 04:14:13.937,1.44711,1.44728,1.00,1.50
2014.10.10 04:14:14.440,1.4471,1.44728,1.50,1.50
2014.10.10 04:14:15.208,1.44712,1.44728,1.00,1.50
2014.10.10 04:14:21.698,1.44714,1.44728,1.00,1.00
2014.10.10 04:14:23.445,1.44714,1.44729,1.00,1.00
2014.10.10 04:14:29.988,1.44714,1.44728,1.00,1.00
2014.10.10 04:14:38.083,1.44714,1.44727,1.00,1.00
2014.10.10 04:14:38.235,1.44711,1.44727,1.00,1.00
2014.10.10 04:14:38.387,1.44711,1.44721,1.50,1.00
2014.10.10 04:14:38.540,1.44706,1.44719,1.00,1.00
2014.10.10 04:14:38.641,1.44703,1.44719,1.00,1.00
2014.10.10 04:14:39.159,1.44702,1.44718,1.00,1.00
2014.10.10 04:14:40.528,1.44701,1.44717,1.00,1.00
2014.10.10 04:14:41.143,1.44702,1.44717,1.00,1.00
2014.10.10 04:14:41.396,1.44705,1.44718,1.00,1.00
2014.10.10 04:14:41.599,1.44707,1.44723,1.00,1.00
2014.10.10 04:14:41.744,1.4471,1.44724,1.50,1.00
2014.10.10 04:14:41.796,1.4471,1.44726,1.50,1.00
2014.10.10 04:14:42.201,1.44712,1.44728,1.00,1.50
2014.10.10 04:14:42.404,1.44713,1.4473,1.12,1.50
2014.10.10 04:14:42.505,1.44717,1.44731,1.00,1.50
2014.10.10 04:14:42.607,1.44717,1.44734,1.00,1.12
2014.10.10 04:14:42.859,1.44719,1.44734,1.00,1.00
2014.10.10 04:14:43.067,1.44717,1.44734,1.00,1.00
2014.10.10 04:14:48.604,1.44717,1.44732,1.00,1.00
2014.10.10 04:14:48.908,1.44717,1.4473,1.00,1.00
2014.10.10 04:14:49.110,1.44711,1.44728,1.00,1.00
2014.10.10 04:14:50.408,1.44709,1.44727,2.25,1.00
2014.10.10 04:14:53.230,1.4471,1.44727,1.00,1.00
2014.10.10 04:14:53.331,1.44711,1.44729,1.50,1.50
2014.10.10 04:14:53.880,1.44712,1.44729,1.00,1.00
2014.10.10 04:14:57.105,1.44713,1.44729,1.00,1.00
2014.10.10 04:14:57.156,1.44714,1.44729,1.37,1.00
2014.10.10 04:14:57.259,1.44717,1.44735,1.00,1.50
2014.10.10 04:14:57.823,1.44717,1.44733,1.00,1.00
2014.10.10 04:14:57.925,1.44715,1.44733,1.50,1.50
2014.10.10 04:15:03.328,1.44715,1.4473,1.00,1.00
2014.10.10 04:15:03.532,1.44713,1.44729,1.00,1.00
2014.10.10 04:15:03.634,1.44712,1.44727,1.00,1.00
2014.10.10 04:15:04.088,1.44712,1.4473,1.50,2.62
2014.10.10 04:15:12.488,1.44712,1.44729,1.00,1.00
2014.10.10 04:15:12.589,1.44712,1.44725,1.00,1.00
2014.10.10 04:15:12.742,1.44709,1.44723,1.00,1.00
2014.10.10 04:15:12.843,1.44709,1.44721,1.00,1.00
2014.10.10 04:15:13.757,1.44706,1.44719,1.00,1.00
2014.10.10 04:15:13.859,1.44704,1.44719,1.00,1.00
2014.10.10 04:15:14.396,1.44704,1.44718,1.00,1.00
2014.10.10 04:15:14.762,1.44702,1.44718,2.25,1.50
2014.10.10 04:15:14.914,1.44703,1.44721,1.50,1.50
2014.10.10 04:15:14.964,1.44706,1.44721,1.00,1.50
2014.10.10 04:15:17.455,1.44707,1.44722,1.00,1.50
2014.10.10 04:15:17.759,1.44712,1.44725,1.00,1.00
2014.10.10 04:15:23.158,1.44712,1.44726,1.00,1.00
2014.10.10 04:15:24.335,1.44716,1.44726,1.00,1.00
2014.10.10 04:15:24.386,1.44717,1.44731,1.00,1.00
2014.10.10 04:15:24.437,1.44721,1.44731,1.00,1.00
2014.10.10 04:15:24.488,1.44721,1.44734,1.00,1.00
2014.10.10 04:15:24.590,1.44722,1.44737,1.00,1.00
2014.10.10 04:15:24.641,1.44725,1.44738,1.00,1.50
2014.10.10 04:15:24.743,1.44719,1.44737,1.50,1.50
2014.10.10 04:15:24.794,1.44719,1.44735,1.00,1.00
2014.10.10 04:15:25.306,1.44719,1.44733,1.00,1.00
2014.10.10 04:15:25.761,1.44718,1.44733,1.00,1.37
2014.10.10 04:15:26.267,1.44719,1.44733,1.00,1.37
2014.10.10 04:15:26.782,1.44718,1.44734,1.00,1.50
2014.10.10 04:15:26.833,1.4472,1.44734,1.00,1.00
2014.10.10 04:15:26.986,1.4472,1.44736,1.00,1.00
2014.10.10 04:15:27.239,1.44721,1.44739,1.50,1.00
2014.10.10 04:15:31.668,1.44722,1.44739,1.00,1.00
2014.10.10 04:15:32.005,1.44724,1.44739,1.00,1.00
2014.10.10 04:15:32.208,1.44724,1.44742,1.00,1.37
2014.10.10 04:15:32.364,1.44724,1.44742,1.87,1.00
2014.10.10 04:15:32.466,1.44729,1.44746,1.00,1.50
2014.10.10 04:15:32.567,1.44732,1.44747,1.00,1.50
2014.10.10 04:15:32.619,1.44732,1.44749,1.00,1.00
2014.10.10 04:15:32.771,1.44733,1.44752,1.00,3.00
2014.10.10 04:15:33.299,1.44734,1.44752,1.00,3.37
2014.10.10 04:15:34.485,1.44734,1.44752,1.00,3.37
2014.10.10 04:15:35.042,1.44734,1.44752,1.00,3.37
2014.10.10 04:15:38.175,1.44734,1.44752,1.00,3.37
2014.10.10 04:15:39.203,1.44734,1.44752,1.00,3.37
2014.10.10 04:15:40.765,1.44734,1.44752,1.00,3.37
2014.10.10 04:15:41.367,1.44734,1.44752,1.00,3.37
2014.10.10 04:15:42.398,1.44734,1.44746,1.00,1.12
2014.10.10 04:15:42.449,1.44731,1.44746,1.00,1.12
2014.10.10 04:15:42.500,1.44731,1.44743,1.00,1.00
2014.10.10 04:15:42.551,1.44729,1.44743,1.00,1.00
2014.10.10 04:15:42.804,1.44726,1.44743,1.00,1.00
2014.10.10 04:15:42.905,1.44726,1.44741,1.00,1.00
2014.10.10 04:15:43.057,1.44724,1.44741,1.50,1.50
2014.10.10 04:15:46.368,1.44725,1.44741,1.00,1.50
2014.10.10 04:15:46.419,1.44728,1.44741,1.00,1.00
2014.10.10 04:15:46.470,1.44728,1.44743,1.00,1.00
2014.10.10 04:15:46.622,1.44731,1.44744,1.00,1.00
2014.10.10 04:15:46.673,1.44731,1.44746,1.00,1.50
2014.10.10 04:15:47.194,1.44731,1.44747,1.00,1.00
2014.10.10 04:15:50.333,1.44731,1.44744,1.00,1.00
2014.10.10 04:15:50.486,1.44728,1.44744,1.00,1.37
2014.10.10 04:15:50.688,1.44725,1.44744,1.00,1.37
2014.10.10 04:15:51.924,1.44726,1.44744,1.00,1.37
2014.10.10 04:15:52.144,1.44727,1.44745,1.50,1.00
2014.10.10 04:15:52.245,1.44731,1.44745,1.00,1.00
2014.10.10 04:15:52.751,1.4473,1.44745,1.00,1.00
2014.10.10 04:15:58.419,1.44728,1.44745,1.00,1.37
2014.10.10 04:15:58.521,1.44726,1.44743,1.00,1.37
2014.10.10 04:15:58.572,1.44724,1.44741,1.50,1.12
2014.10.10 04:15:59.078,1.44724,1.44742,1.50,1.00
2014.10.10 04:16:00.175,1.44726,1.44743,1.00,1.00
2014.10.10 04:16:00.226,1.44726,1.44745,1.00,1.87
2014.10.10 04:16:00.328,1.44728,1.44746,1.00,1.00
2014.10.10 04:16:00.988,1.44729,1.44746,1.00,1.00
2014.10.10 04:16:01.615,1.44728,1.44746,1.50,1.00
2014.10.10 04:16:03.133,1.44727,1.44742,1.00,1.12
2014.10.10 04:16:03.235,1.44725,1.44742,1.00,1.12
2014.10.10 04:16:03.539,1.44723,1.44741,1.50,1.87
2014.10.10 04:16:04.047,1.44723,1.44741,1.50,1.87
2014.10.10 04:16:04.350,1.44728,1.44746,1.00,1.00
2014.10.10 04:16:04.852,1.44729,1.44746,1.00,1.00
2014.10.10 04:16:05.360,1.4473,1.44746,1.00,1.87
2014.10.10 04:16:06.347,1.4473,1.44744,1.00,1.00
2014.10.10 04:16:06.650,1.44725,1.44741,1.00,1.87
2014.10.10 04:16:06.953,1.44725,1.44741,1.00,2.62
2014.10.10 04:16:07.832,1.44725,1.44741,1.00,2.62
2014.10.10 04:16:08.439,1.44723,1.4474,1.00,1.12
2014.10.10 04:16:10.855,1.44723,1.4474,1.00,1.37
2014.10.10 04:16:12.419,1.44723,1.4474,1.00,1.12
2014.10.10 04:16:13.124,1.44722,1.4474,1.37,1.00
2014.10.10 04:16:13.646,1.44726,1.44741,1.00,1.00
2014.10.10 04:16:14.188,1.44725,1.44741,1.00,1.00
2014.10.10 04:16:15.882,1.44728,1.44741,1.00,1.00
2014.10.10 04:16:16.035,1.44729,1.44743,1.50,1.00
2014.10.10 04:16:16.086,1.44729,1.44745,1.00,2.25
2014.10.10 04:16:16.440,1.44727,1.44743,1.50,1.00
2014.10.10 04:16:17.078,1.44726,1.44742,1.50,1.00
2014.10.10 04:16:17.382,1.44724,1.4474,1.50,1.00
2014.10.10 04:16:21.830,1.44724,1.44739,1.00,1.00
2014.10.10 04:16:27.365,1.44723,1.44739,1.50,1.00
2014.10.10 04:16:28.548,1.44724,1.44741,1.00,1.50
2014.10.10 04:16:30.218,1.44724,1.4474,1.00,1.00
2014.10.10 04:16:37.635,1.44725,1.44741,1.00,1.00
2014.10.10 04:16:38.295,1.44726,1.44741,1.00,1.00
2014.10.10 04:16:38.346,1.44726,1.44743,1.50,1.50
2014.10.10 04:16:38.397,1.44731,1.44743,1.00,1.00
2014.10.10 04:16:38.549,1.44733,1.44746,1.00,1.50
2014.10.10 04:16:38.651,1.44731,1.44746,1.00,1.50
2014.10.10 04:16:38.752,1.44728,1.44744,1.00,1.00
2014.10.10 04:16:39.258,1.44728,1.44743,1.00,1.00
2014.10.10 04:16:39.869,1.44727,1.44743,1.00,1.50
2014.10.10 04:16:40.376,1.44728,1.44744,1.37,1.00
2014.10.10 04:16:40.477,1.4473,1.44746,1.00,1.50
2014.10.10 04:16:40.731,1.44732,1.44747,1.00,1.00
2014.10.10 04:16:46.643,1.44732,1.44746,1.00,1.00
2014.10.10 04:16:46.896,1.44727,1.44743,1.00,1.50
2014.10.10 04:16:47.402,1.44726,1.44742,1.00,1.00
2014.10.10 04:16:48.363,1.44727,1.44742,1.00,1.00
2014.10.10 04:16:48.873,1.44726,1.44742,1.50,1.00
2014.10.10 04:16:53.092,1.44727,1.44742,1.00,1.00
2014.10.10 04:16:53.193,1.44728,1.44744,1.00,1.50
2014.10.10 04:16:53.721,1.44729,1.44746,1.00,1.50
2014.10.10 04:16:54.652,1.44729,1.44744,1.00,1.00
2014.10.10 04:16:54.704,1.44727,1.44744,1.00,1.00
2014.10.10 04:16:54.856,1.44727,1.44742,1.00,1.00
2014.10.10 04:16:55.362,1.44727,1.44743,1.00,1.50
2014.10.10 04:16:56.263,1.44729,1.44744,1.00,1.00
2014.10.10 04:16:56.364,1.44729,1.44747,1.50,3.00
2014.10.10 04:16:56.467,1.44732,1.44747,1.00,2.25
2014.10.10 04:17:02.627,1.44729,1.44743,1.00,1.00
2014.10.10 04:17:02.881,1.44727,1.44742,1.00,1.00
2014.10.10 04:17:03.192,1.44725,1.44741,1.00,1.00
2014.10.10 04:17:04.732,1.44727,1.44743,1.00,2.25
2014.10.10 04:17:05.266,1.44728,1.44743,1.00,1.00
2014.10.10 04:17:05.703,1.4473,1.44743,1.00,1.00
2014.10.10 04:17:06.108,1.4473,1.44745,1.00,1.00
2014.10.10 04:17:10.685,1.4473,1.44746,1.00,1.50
2014.10.10 04:17:11.213,1.44731,1.44747,1.00,1.50
2014.10.10 04:17:12.192,1.44733,1.44747,1.00,1.00
2014.10.10 04:17:12.344,1.44735,1.4475,1.00,1.00
2014.10.10 04:17:12.496,1.44735,1.44752,1.00,2.62
2014.10.10 04:17:20.032,1.44733,1.44751,1.12,1.00
2014.10.10 04:17:20.083,1.44733,1.44749,1.12,1.00
2014.10.10 04:17:20.387,1.44729,1.44743,1.00,1.00
2014.10.10 04:17:21.081,1.44729,1.44744,1.00,2.25
2014.10.10 04:17:21.990,1.44729,1.44743,1.00,1.00
2014.10.10 04:17:22.142,1.44727,1.44743,2.25,1.00
2014.10.10 04:17:31.291,1.44728,1.44743,1.00,1.00
2014.10.10 04:17:31.840,1.44727,1.44743,1.50,1.00
2014.10.10 04:17:35.524,1.44726,1.44742,1.00,1.00
2014.10.10 04:17:41.101,1.44729,1.44742,1.00,1.00
2014.10.10 04:17:46.050,1.44726,1.44742,1.00,1.00
2014.10.10 04:17:46.568,1.44725,1.44742,1.50,1.00
2014.10.10 04:17:47.076,1.44725,1.44741,1.00,1.00
2014.10.10 04:17:47.283,1.44725,1.44738,1.00,1.00
2014.10.10 04:17:47.382,1.44722,1.44738,1.50,1.00
2014.10.10 04:17:47.686,1.44722,1.44738,1.00,1.37
2014.10.10 04:17:47.839,1.44719,1.44735,1.00,1.50
2014.10.10 04:17:48.922,1.44719,1.44734,1.00,1.00
2014.10.10 04:17:54.622,1.44719,1.44735,1.00,2.25
2014.10.10 04:17:55.574,1.4472,1.44735,1.00,1.00
2014.10.10 04:17:55.978,1.44718,1.44734,1.00,1.00
2014.10.10 04:18:06.696,1.44718,1.44734,1.37,1.00
2014.10.10 04:18:07.626,1.44723,1.44734,1.50,1.00
2014.10.10 04:18:07.677,1.44723,1.44736,1.50,1.00
2014.10.10 04:18:07.779,1.44723,1.44738,1.50,1.00
2014.10.10 04:18:07.830,1.44723,1.4474,1.50,1.00
2014.10.10 04:18:08.083,1.44728,1.4474,1.00,1.00
2014.10.10 04:18:08.387,1.44726,1.44741,1.00,1.00
2014.10.10 04:18:08.611,1.44728,1.44741,1.00,1.00
2014.10.10 04:18:08.864,1.44725,1.44741,1.50,1.00
2014.10.10 04:18:10.711,1.44724,1.44739,1.00,1.00
2014.10.10 04:18:11.065,1.44724,1.44736,1.00,1.00
2014.10.10 04:18:15.893,1.44719,1.44736,1.50,1.00
2014.10.10 04:18:16.249,1.44718,1.44734,1.00,1.00
2014.10.10 04:18:18.124,1.44719,1.44735,1.00,2.25
2014.10.10 04:18:18.427,1.44721,1.44737,1.00,2.25
2014.10.10 04:18:24.682,1.44722,1.44737,1.00,1.00
2014.10.10 04:18:26.005,1.44723,1.44739,1.00,1.00
2014.10.10 04:18:26.529,1.44722,1.44738,1.00,1.00
2014.10.10 04:18:36.380,1.4472,1.44738,3.75,1.50
2014.10.10 04:19:00.675,1.44718,1.44734,3.00,1.00
2014.10.10 04:19:00.976,1.44721,1.44734,1.00,1.00
2014.10.10 04:19:01.424,1.44721,1.44737,1.00,1.00
2014.10.10 04:19:01.526,1.44719,1.44737,1.50,1.50
2014.10.10 04:19:02.192,1.44719,1.44736,1.50,1.00
2014.10.10 04:19:05.917,1.44721,1.44736,1.00,1.00
2014.10.10 04:19:06.018,1.44718,1.44734,2.25,1.00
2014.10.10 04:19:06.069,1.44719,1.44736,1.00,1.00
2014.10.10 04:19:06.855,1.44721,1.44736,1.00,1.00
2014.10.10 04:19:06.957,1.44719,1.44736,1.00,1.00
2014.10.10 04:19:07.505,1.44718,1.44734,1.50,1.00
2014.10.10 04:19:09.825,1.44721,1.44735,1.00,1.00
2014.10.10 04:19:10.527,1.44721,1.44737,1.00,1.50
2014.10.10 04:19:12.573,1.44719,1.44737,2.25,1.50
2014.10.10 04:19:14.357,1.44721,1.44737,1.00,1.00
2014.10.10 04:19:15.202,1.44721,1.44738,1.50,1.50
2014.10.10 04:19:19.754,1.4472,1.44738,1.00,2.25
2014.10.10 04:19:20.482,1.44719,1.44737,1.12,1.00
2014.10.10 04:19:22.393,1.4472,1.44737,1.00,1.00
2014.10.10 04:19:22.697,1.44724,1.4474,1.00,1.00
2014.10.10 04:19:23.001,1.44721,1.44737,1.00,1.00
2014.10.10 04:19:26.388,1.44719,1.44737,1.50,1.50
2014.10.10 04:19:29.055,1.4472,1.44737,1.00,1.00
2014.10.10 04:19:38.601,1.44722,1.44737,1.00,1.00
2014.10.10 04:19:39.163,1.44722,1.44738,1.50,1.00
2014.10.10 04:20:28.316,1.44722,1.44736,1.00,1.00
2014.10.10 04:20:32.833,1.44722,1.44735,1.00,1.00
2014.10.10 04:20:33.087,1.4471,1.44725,1.00,1.00
2014.10.10 04:20:33.202,1.44707,1.44723,1.00,1.00
2014.10.10 04:20:33.254,1.44707,1.4472,1.00,1.00
2014.10.10 04:20:33.304,1.44702,1.4472,1.00,1.00
2014.10.10 04:20:33.355,1.447,1.44717,1.00,1.00
2014.10.10 04:20:33.813,1.44701,1.44713,1.00,1.00
2014.10.10 04:20:34.193,1.44703,1.44713,1.00,1.00
2014.10.10 04:20:34.244,1.44703,1.44715,1.00,1.50
2014.10.10 04:20:34.295,1.44701,1.44715,2.25,1.50
2014.10.10 04:20:34.346,1.44701,1.44717,2.25,1.50
2014.10.10 04:20:35.005,1.44702,1.44717,1.00,1.00
2014.10.10 04:20:35.056,1.44704,1.44717,1.00,1.00
2014.10.10 04:20:35.309,1.44707,1.44721,1.12,1.50
2014.10.10 04:20:35.841,1.44708,1.44722,1.00,1.00
2014.10.10 04:20:54.397,1.44709,1.44722,1.00,1.00
2014.10.10 04:20:54.548,1.44709,1.44724,1.50,1.00
2014.10.10 04:20:59.491,1.44707,1.44724,1.00,1.50
2014.10.10 04:20:59.644,1.44706,1.44721,1.00,1.00
2014.10.10 04:20:59.902,1.44703,1.44721,1.00,1.00
2014.10.10 04:21:00.416,1.44702,1.44721,1.00,1.50
2014.10.10 04:21:00.518,1.44702,1.44718,1.00,1.00
2014.10.10 04:21:01.025,1.44703,1.44718,1.00,1.00
2014.10.10 04:21:07.607,1.44705,1.44718,1.00,1.50
2014.10.10 04:21:07.809,1.44706,1.4472,1.00,1.00
2014.10.10 04:21:07.961,1.44705,1.44722,1.00,1.00
2014.10.10 04:21:08.113,1.44705,1.44724,1.00,1.00
2014.10.10 04:21:08.215,1.44705,1.44721,1.00,1.00
2014.10.10 04:21:09.205,1.44705,1.4472,1.50,1.00
2014.10.10 04:21:09.509,1.44708,1.4472,1.50,1.00
2014.10.10 04:21:09.560,1.44708,1.44722,1.50,1.00
2014.10.10 04:21:09.762,1.44708,1.44724,1.50,1.50
2014.10.10 04:21:11.111,1.44708,1.44723,1.00,1.00
2014.10.10 04:21:11.263,1.44705,1.44723,1.00,1.00
2014.10.10 04:21:11.314,1.44705,1.4472,1.00,1.00
2014.10.10 04:21:11.466,1.44703,1.44719,1.00,1.00
2014.10.10 04:21:11.619,1.44702,1.44717,1.00,1.00
2014.10.10 04:21:11.770,1.447,1.44717,1.00,1.00
2014.10.10 04:21:12.286,1.447,1.44718,1.00,1.50
2014.10.10 04:21:15.507,1.447,1.44716,1.00,1.00
2014.10.10 04:21:19.310,1.447,1.44718,1.50,2.25
2014.10.10 04:21:23.653,1.447,1.44717,1.50,1.00
2014.10.10 04:21:24.262,1.447,1.44718,1.50,1.00
2014.10.10 04:21:29.256,1.447,1.44717,1.00,1.00
2014.10.10 04:21:29.611,1.44699,1.44716,1.00,1.37
2014.10.10 04:21:30.186,1.44698,1.44715,1.50,1.12
2014.10.10 04:21:30.721,1.44697,1.44714,1.00,1.12
2014.10.10 04:21:31.024,1.44696,1.44712,1.00,1.00
2014.10.10 04:21:31.328,1.4469,1.44705,1.00,1.00
2014.10.10 04:21:31.683,1.44689,1.44707,1.00,1.00
2014.10.10 04:21:32.038,1.44688,1.44703,1.00,1.00
2014.10.10 04:21:32.348,1.44688,1.44701,1.00,1.00
2014.10.10 04:21:32.601,1.44688,1.44704,1.00,1.00
2014.10.10 04:21:32.855,1.4469,1.44705,1.00,1.00
2014.10.10 04:21:33.058,1.44688,1.44706,2.25,1.50
2014.10.10 04:21:33.109,1.44688,1.44704,1.00,1.00
2014.10.10 04:21:33.412,1.44687,1.447,1.00,1.00
2014.10.10 04:21:33.926,1.44686,1.447,1.00,1.00
2014.10.10 04:21:34.944,1.44685,1.447,2.25,1.00
2014.10.10 04:21:35.248,1.44688,1.44703,1.00,1.00
2014.10.10 04:21:35.552,1.44685,1.44699,1.00,1.00
2014.10.10 04:21:51.879,1.44687,1.44699,1.00,1.00
2014.10.10 04:21:51.930,1.44687,1.44702,1.00,1.00
2014.10.10 04:21:52.183,1.44688,1.44705,1.00,1.00
2014.10.10 04:21:52.284,1.44688,1.44702,1.00,1.00
2014.10.10 04:21:52.638,1.44691,1.44702,1.00,1.00
2014.10.10 04:21:52.689,1.44691,1.44704,1.50,1.00
2014.10.10 04:21:53.094,1.44693,1.44704,1.00,1.00
2014.10.10 04:21:53.246,1.44693,1.44706,1.00,1.00
2014.10.10 04:21:56.497,1.44692,1.44706,1.00,1.00
2014.10.10 04:21:57.041,1.44691,1.44706,1.50,1.00
2014.10.10 04:21:58.436,1.44692,1.44706,1.00,1.00
2014.10.10 04:21:58.538,1.44693,1.44708,1.00,1.00
2014.10.10 04:21:58.690,1.44697,1.44709,1.00,1.00
2014.10.10 04:21:59.209,1.44694,1.4471,1.87,1.00
2014.10.10 04:22:00.351,1.44694,1.4471,1.87,1.00
2014.10.10 04:22:02.054,1.44694,1.4471,1.87,1.00
2014.10.10 04:22:10.832,1.447,1.4471,1.00,1.00
2014.10.10 04:22:11.086,1.44702,1.44714,1.12,1.00
2014.10.10 04:22:11.188,1.447,1.44716,2.25,1.00
2014.10.10 04:22:11.696,1.44699,1.44716,1.87,1.00
2014.10.10 04:22:16.325,1.44699,1.44715,1.00,1.00
2014.10.10 04:22:16.477,1.44699,1.44713,1.00,1.00
2014.10.10 04:22:16.528,1.44697,1.44713,1.00,1.00
2014.10.10 04:22:16.629,1.44695,1.44713,3.37,1.00
2014.10.10 04:22:17.276,1.44695,1.44712,2.62,1.00
2014.10.10 04:22:21.230,1.44695,1.44711,1.50,1.00
2014.10.10 04:22:21.331,1.44695,1.44709,1.50,1.00
2014.10.10 04:22:21.483,1.44691,1.44706,1.50,1.00
2014.10.10 04:22:22.102,1.44691,1.44704,1.00,1.00
2014.10.10 04:22:22.615,1.4469,1.44704,1.00,1.00
2014.10.10 04:22:23.458,1.44691,1.44704,1.00,1.00
2014.10.10 04:22:23.661,1.44693,1.44709,1.37,1.50
2014.10.10 04:22:31.727,1.44693,1.44709,1.00,1.50
2014.10.10 04:22:32.233,1.44694,1.44709,1.12,1.50
2014.10.10 04:22:33.331,1.44694,1.44709,1.37,1.50
2014.10.10 04:22:33.947,1.44694,1.44709,1.37,1.50
2014.10.10 04:22:35.207,1.44697,1.44709,1.00,1.00
2014.10.10 04:22:35.726,1.44697,1.4471,1.00,1.00
2014.10.10 04:23:00.115,1.44697,1.44709,1.00,1.00
2014.10.10 04:23:06.195,1.44694,1.44709,1.12,1.00
2014.10.10 04:23:06.499,1.44693,1.44705,1.00,1.00
2014.10.10 04:23:07.024,1.44693,1.44704,1.00,1.00
2014.10.10 04:23:30.325,1.44692,1.44704,1.00,1.00
2014.10.10 04:23:33.805,1.44694,1.44704,1.00,1.00
2014.10.10 04:23:33.907,1.44694,1.44707,1.00,1.00
2014.10.10 04:23:34.147,1.44693,1.44709,1.00,1.00
2014.10.10 04:23:35.157,1.44693,1.44709,1.37,1.00
2014.10.10 04:23:35.834,1.44696,1.44709,1.00,1.00
2014.10.10 04:23:55.498,1.44697,1.44709,1.00,1.00
2014.10.10 04:23:56.013,1.44696,1.44709,1.50,1.00
2014.10.10 04:24:03.902,1.44697,1.44709,1.12,1.00
2014.10.10 04:24:04.055,1.44697,1.44713,1.12,1.00
2014.10.10 04:24:04.106,1.447,1.44713,1.00,1.00
2014.10.10 04:24:04.916,1.447,1.44715,1.00,1.00
2014.10.10 04:24:05.119,1.44702,1.44715,1.00,1.00
2014.10.10 04:24:07.026,1.44702,1.44716,1.00,1.00
2014.10.10 04:24:08.753,1.447,1.44716,1.00,1.00
2014.10.10 04:24:09.399,1.447,1.44715,1.00,1.00
2014.10.10 04:24:19.611,1.447,1.44715,1.00,1.87
2014.10.10 04:24:19.814,1.44691,1.44707,1.50,1.00
2014.10.10 04:24:19.967,1.44689,1.44706,2.25,1.00
2014.10.10 04:24:20.069,1.44688,1.44704,2.25,1.00
2014.10.10 04:24:20.380,1.44686,1.44698,2.25,1.00
2014.10.10 04:24:20.903,1.44685,1.44698,1.00,1.00
2014.10.10 04:24:31.742,1.44684,1.44698,1.50,1.00
2014.10.10 04:24:31.844,1.44682,1.44698,2.25,1.00
2014.10.10 04:24:40.125,1.44682,1.44697,2.25,1.00
2014.10.10 04:24:40.379,1.44682,1.44695,1.00,1.00
2014.10.10 04:24:40.531,1.44676,1.44695,1.00,1.50
2014.10.10 04:24:40.683,1.44676,1.44692,1.00,1.00
2014.10.10 04:24:41.190,1.44677,1.44691,1.00,1.00
2014.10.10 04:24:41.594,1.44679,1.44691,1.00,1.00
2014.10.10 04:24:41.898,1.44683,1.44694,1.00,1.00
2014.10.10 04:24:42.000,1.44683,1.44697,1.00,1.50
2014.10.10 04:24:42.051,1.44683,1.44699,1.00,1.00
2014.10.10 04:24:42.102,1.44686,1.44699,1.00,1.00
2014.10.10 04:24:42.203,1.44686,1.44701,1.00,1.00
2014.10.10 04:24:42.406,1.44686,1.44703,1.00,1.00
2014.10.10 04:24:42.612,1.44684,1.44701,1.00,1.00
2014.10.10 04:24:42.916,1.44681,1.44697,1.00,1.00
2014.10.10 04:24:43.464,1.44681,1.44698,2.25,1.00
2014.10.10 04:24:43.971,1.44682,1.44699,1.50,1.00
2014.10.10 04:24:44.986,1.44682,1.44701,2.25,1.00
2014.10.10 04:24:53.771,1.44682,1.447,2.25,1.00
2014.10.10 04:24:55.148,1.44682,1.44696,1.50,1.00
2014.10.10 04:24:55.300,1.4468,1.44696,1.00,1.50
2014.10.10 04:24:55.403,1.44678,1.44696,1.00,1.50
2014.10.10 04:24:55.912,1.44677,1.44695,1.00,1.50
2014.10.10 04:24:56.836,1.44678,1.44695,1.00,1.50
2014.10.10 04:24:56.938,1.44681,1.44695,1.00,1.00
2014.10.10 04:24:57.141,1.44682,1.44697,1.00,1.00
2014.10.10 04:24:57.344,1.44683,1.44695,1.00,1.00
2014.10.10 04:24:57.395,1.4468,1.44695,1.00,1.00
2014.10.10 04:24:58.957,1.44679,1.44695,1.00,1.00
2014.10.10 04:24:59.059,1.44678,1.44693,1.00,1.00
2014.10.10 04:24:59.580,1.44677,1.44694,1.00,1.00
2014.10.10 04:25:00.585,1.44677,1.44696,1.50,2.25
2014.10.10 04:25:00.788,1.44682,1.44696,1.00,1.00
2014.10.10 04:25:00.941,1.44679,1.44697,1.00,1.00
2014.10.10 04:25:01.194,1.44678,1.44694,1.00,1.50
2014.10.10 04:25:01.502,1.44675,1.44687,1.00,1.00
2014.10.10 04:25:01.603,1.44672,1.44687,1.50,1.00
2014.10.10 04:25:02.884,1.44673,1.4469,1.00,1.50
2014.10.10 04:25:03.238,1.44675,1.44691,1.00,1.00
2014.10.10 04:25:03.758,1.44678,1.44691,1.00,1.00
2014.10.10 04:25:03.983,1.44678,1.44694,1.00,1.50
2014.10.10 04:25:05.608,1.44679,1.44694,1.00,1.00
2014.10.10 04:25:05.761,1.44681,1.44694,1.00,1.00
2014.10.10 04:25:05.964,1.44679,1.44694,1.00,1.12
2014.10.10 04:25:06.015,1.44679,1.44692,1.00,1.00
2014.10.10 04:25:06.116,1.44676,1.44692,1.00,1.00
2014.10.10 04:25:06.319,1.44678,1.44693,1.00,1.50
2014.10.10 04:25:08.420,1.44678,1.44695,1.00,1.00
2014.10.10 04:25:12.646,1.44678,1.44696,1.00,1.50
2014.10.10 04:25:14.423,1.44679,1.44696,1.00,1.00
2014.10.10 04:25:14.928,1.4468,1.44696,1.00,1.50
2014.10.10 04:25:23.014,1.44678,1.44696,1.50,1.00
2014.10.10 04:25:30.417,1.44681,1.44696,1.00,1.00
2014.10.10 04:25:32.536,1.44681,1.44691,1.00,1.00
2014.10.10 04:25:40.916,1.44681,1.44693,1.00,1.00
2014.10.10 04:25:44.594,1.4468,1.44693,1.00,1.00
2014.10.10 04:25:54.805,1.44678,1.44693,3.00,1.00
2014.10.10 04:25:57.067,1.44678,1.44697,4.50,1.50
2014.10.10 04:26:00.547,1.4468,1.44697,1.00,1.50
2014.10.10 04:26:07.165,1.44681,1.44697,1.00,1.50
2014.10.10 04:26:10.081,1.44681,1.44696,1.00,1.00
2014.10.10 04:26:26.736,1.4468,1.44696,1.00,1.50
2014.10.10 04:26:27.875,1.4468,1.44694,1.00,1.00
2014.10.10 04:26:28.928,1.44678,1.44694,1.00,1.50
2014.10.10 04:26:35.137,1.44678,1.44693,1.00,1.50
2014.10.10 04:26:50.787,1.44681,1.44693,1.00,1.50
2014.10.10 04:26:55.446,1.44678,1.44693,1.00,2.25
2014.10.10 04:26:55.699,1.44678,1.4469,1.00,1.50
2014.10.10 04:26:56.246,1.44677,1.44689,1.00,1.00
2014.10.10 04:27:04.392,1.44677,1.44692,1.00,1.00
2014.10.10 04:27:06.771,1.44677,1.44693,1.00,2.25
2014.10.10 04:27:06.974,1.44679,1.44693,1.00,1.50
2014.10.10 04:27:07.480,1.44679,1.44695,1.00,1.00
2014.10.10 04:27:08.016,1.4468,1.44695,1.00,1.00
2014.10.10 04:27:15.675,1.44682,1.44695,1.00,1.00
2014.10.10 04:27:19.069,1.44684,1.44695,1.00,1.00
2014.10.10 04:27:19.221,1.44686,1.44698,1.00,1.00
2014.10.10 04:27:19.740,1.44686,1.44697,1.00,1.00
2014.10.10 04:27:35.230,1.44688,1.44697,1.00,1.00
2014.10.10 04:27:35.973,1.44688,1.44699,1.00,1.00
2014.10.10 04:27:36.277,1.44688,1.44701,1.00,1.00
2014.10.10 04:27:37.451,1.44689,1.44701,1.00,1.00
2014.10.10 04:27:39.772,1.44689,1.44702,1.00,1.50
2014.10.10 04:28:09.131,1.44691,1.44702,1.00,1.50
2014.10.10 04:28:09.386,1.44694,1.44706,1.00,1.00
2014.10.10 04:28:09.436,1.44696,1.44706,1.00,1.00
2014.10.10 04:28:09.951,1.44696,1.44707,1.00,1.00
2014.10.10 04:28:13.348,1.44696,1.4471,1.00,1.00
2014.10.10 04:28:14.189,1.44696,1.44711,1.00,2.25
2014.10.10 04:28:17.623,1.44698,1.44711,1.00,1.50
2014.10.10 04:28:17.877,1.44704,1.4472,1.00,2.25
2014.10.10 04:28:19.118,1.44703,1.4472,1.00,2.25
2014.10.10 04:28:19.270,1.44703,1.44716,1.00,1.00
2014.10.10 04:28:19.928,1.44701,1.44716,1.00,1.00
2014.10.10 04:28:42.812,1.44702,1.44716,1.00,1.00
2014.10.10 04:28:42.862,1.44702,1.44716,1.00,1.37
2014.10.10 04:28:43.268,1.44702,1.44716,1.00,1.12
2014.10.10 04:28:43.679,1.447,1.44716,1.00,1.12
2014.10.10 04:28:45.340,1.447,1.44717,1.00,1.37
2014.10.10 04:28:45.542,1.44699,1.44717,1.00,2.25
2014.10.10 04:28:45.593,1.44699,1.44709,1.00,1.00
2014.10.10 04:28:45.644,1.44696,1.44709,1.50,1.37
2014.10.10 04:28:45.796,1.44692,1.44705,1.00,2.25
2014.10.10 04:28:45.847,1.4469,1.44705,1.00,2.25
2014.10.10 04:28:45.999,1.44687,1.44701,1.00,1.00
2014.10.10 04:28:46.253,1.4468,1.44696,1.50,1.00
2014.10.10 04:28:46.304,1.4468,1.44694,1.50,1.00
2014.10.10 04:28:46.355,1.44674,1.44694,1.00,1.00
2014.10.10 04:28:46.406,1.44673,1.44691,1.50,1.00
2014.10.10 04:28:47.086,1.44673,1.4469,1.00,1.00
2014.10.10 04:28:47.605,1.44673,1.44689,1.00,1.00
2014.10.10 04:28:48.015,1.4467,1.44689,3.75,1.00
2014.10.10 04:28:48.168,1.4467,1.44687,3.00,1.00
2014.10.10 04:28:50.805,1.44669,1.44685,1.50,1.00
2014.10.10 04:28:51.316,1.44668,1.44685,1.50,1.00
2014.10.10 04:28:51.822,1.44667,1.44684,1.50,1.00
2014.10.10 04:28:54.190,1.44667,1.44686,1.50,1.50
2014.10.10 04:28:57.723,1.4467,1.44687,1.50,1.50
2014.10.10 04:28:58.029,1.44677,1.44693,1.12,1.00
2014.10.10 04:28:58.130,1.44677,1.44695,1.00,1.00
2014.10.10 04:28:58.181,1.44676,1.44691,1.00,1.00
2014.10.10 04:28:58.283,1.44678,1.44695,1.00,1.00
2014.10.10 04:28:58.435,1.44677,1.44693,1.00,1.00
2014.10.10 04:28:58.948,1.44677,1.44694,1.00,1.00
2014.10.10 04:28:59.515,1.44677,1.44695,1.00,1.00
2014.10.10 04:28:59.870,1.44678,1.44697,1.00,1.00
2014.10.10 04:28:59.921,1.44678,1.44695,1.00,1.00
2014.10.10 04:29:00.433,1.44679,1.44695,1.00,1.00
2014.10.10 04:29:01.400,1.44679,1.44697,1.00,1.87
2014.10.10 04:29:01.605,1.44681,1.44698,1.00,1.87
2014.10.10 04:29:01.910,1.44678,1.44694,2.25,1.00
2014.10.10 04:29:02.820,1.44678,1.44695,2.25,1.00
2014.10.10 04:29:03.278,1.44679,1.44698,1.00,1.50
2014.10.10 04:29:03.379,1.44681,1.44697,1.00,1.00
2014.10.10 04:29:09.065,1.44683,1.44697,1.00,1.00
2014.10.10 04:29:09.117,1.44683,1.44699,1.00,1.00
2014.10.10 04:29:09.218,1.44681,1.44698,1.50,1.00
2014.10.10 04:29:09.320,1.44679,1.44695,1.00,1.00
2014.10.10 04:29:09.624,1.44681,1.44696,1.00,1.00
2014.10.10 04:29:09.979,1.44679,1.44695,1.50,1.00
2014.10.10 04:29:10.342,1.44678,1.44691,1.00,1.00
2014.10.10 04:29:10.444,1.44674,1.44689,1.00,1.50
2014.10.10 04:29:10.596,1.44671,1.44689,2.10,1.50
2014.10.10 04:29:10.647,1.44671,1.44687,2.85,1.00
2014.10.10 04:29:11.287,1.44671,1.44688,1.50,1.00
2014.10.10 04:29:13.866,1.44673,1.44688,1.00,1.00
2014.10.10 04:29:13.975,1.44673,1.4469,1.00,1.00
2014.10.10 04:29:14.129,1.44677,1.44689,1.00,1.00
2014.10.10 04:29:14.382,1.4468,1.44694,1.00,1.00
2014.10.10 04:29:14.484,1.4468,1.44697,1.00,1.00
2014.10.10 04:29:16.146,1.44682,1.44697,1.00,1.00
2014.10.10 04:29:16.665,1.44682,1.447,1.50,1.87
2014.10.10 04:29:23.066,1.44682,1.44696,1.00,1.00
2014.10.10 04:29:23.319,1.44679,1.44696,1.50,1.00
2014.10.10 04:29:23.945,1.44678,1.44696,1.00,1.00
2014.10.10 04:29:24.675,1.4468,1.44697,1.00,1.87
2014.10.10 04:29:25.181,1.44681,1.44698,1.50,1.00
2014.10.10 04:29:28.751,1.44682,1.44698,1.00,1.00
2014.10.10 04:29:32.071,1.44682,1.44697,1.00,1.00
2014.10.10 04:29:32.223,1.4468,1.44697,1.00,1.00
2014.10.10 04:29:32.325,1.4468,1.44695,1.00,1.00
2014.10.10 04:29:32.940,1.44679,1.44695,1.50,1.00
2014.10.10 04:29:33.677,1.4468,1.44695,1.00,1.00
2014.10.10 04:29:33.879,1.4468,1.44699,1.50,1.87
2014.10.10 04:29:34.522,1.44681,1.44699,1.00,1.37
2014.10.10 04:29:43.179,1.44687,1.44699,1.00,1.00
2014.10.10 04:29:43.331,1.44689,1.44706,1.00,1.00
2014.10.10 04:29:43.483,1.44692,1.44707,1.00,1.00
2014.10.10 04:29:43.786,1.44694,1.44709,1.50,1.50
2014.10.10 04:29:43.988,1.44694,1.44711,1.50,1.50
2014.10.10 04:29:44.493,1.44694,1.44712,3.37,1.00
2014.10.10 04:29:44.746,1.44694,1.44714,2.62,2.62
2014.10.10 04:29:45.862,1.44696,1.44713,1.00,1.00
2014.10.10 04:29:46.953,1.44696,1.44712,1.00,1.00
2014.10.10 04:29:47.309,1.44695,1.44711,1.00,1.37
2014.10.10 04:29:47.410,1.44693,1.4471,1.50,1.37
2014.10.10 04:29:47.461,1.44693,1.4471,1.00,1.37
2014.10.10 04:29:47.766,1.44689,1.44699,1.00,1.00
2014.10.10 04:29:47.817,1.44684,1.44699,1.00,1.50
2014.10.10 04:29:48.277,1.44682,1.447,2.25,1.00
2014.10.10 04:29:51.847,1.44684,1.447,1.00,1.50
2014.10.10 04:29:53.886,1.44684,1.44701,1.00,1.00
2014.10.10 04:30:00.402,1.44684,1.44701,1.00,1.37
2014.10.10 04:30:01.717,1.44684,1.44701,1.00,1.12
2014.10.10 04:30:02.225,1.44684,1.44701,1.00,1.37
2014.10.10 04:30:03.690,1.44684,1.44701,1.00,1.12
2014.10.10 04:30:07.318,1.44685,1.44701,1.00,1.12
2014.10.10 04:30:07.623,1.4469,1.44705,1.00,1.00
2014.10.10 04:30:07.929,1.44693,1.44706,1.00,1.00
2014.10.10 04:30:08.081,1.44693,1.44708,1.00,1.00
2014.10.10 04:30:08.133,1.44691,1.44708,1.00,1.00
2014.10.10 04:30:08.234,1.44693,1.44708,1.00,1.00
2014.10.10 04:30:08.741,1.44693,1.44709,1.00,1.50
2014.10.10 04:30:09.046,1.44692,1.44702,1.00,1.50
2014.10.10 04:30:09.148,1.44687,1.447,1.00,1.00
2014.10.10 04:30:09.351,1.44687,1.44702,1.50,1.50
2014.10.10 04:30:09.604,1.44685,1.44703,1.00,1.00
2014.10.10 04:30:11.118,1.44685,1.44703,1.00,1.37
2014.10.10 04:30:11.544,1.44682,1.447,1.50,1.50
2014.10.10 04:30:12.358,1.44682,1.44699,2.25,1.00
2014.10.10 04:30:17.831,1.44682,1.44698,1.50,1.00
2014.10.10 04:30:18.085,1.4468,1.44698,1.00,1.50
2014.10.10 04:30:18.187,1.4468,1.44696,1.00,1.50
2014.10.10 04:30:22.130,1.44682,1.44696,1.00,1.00
2014.10.10 04:30:22.283,1.4468,1.44698,1.50,1.50
2014.10.10 04:30:22.435,1.44682,1.44697,1.00,1.00
2014.10.10 04:30:22.537,1.44682,1.447,1.00,2.25
2014.10.10 04:30:23.042,1.44683,1.447,1.00,1.00
2014.10.10 04:30:23.145,1.44685,1.447,1.00,1.00
2014.10.10 04:30:23.196,1.44685,1.44702,1.00,1.50
2014.10.10 04:30:24.834,1.44687,1.44702,1.00,1.00
2014.10.10 04:30:25.370,1.44687,1.44703,1.50,1.00
2014.10.10 04:30:25.863,1.44688,1.44705,1.00,1.00
2014.10.10 04:30:26.065,1.44687,1.44703,1.50,1.00
2014.10.10 04:30:27.473,1.44687,1.44702,1.00,1.00
2014.10.10 04:30:27.931,1.44686,1.44699,1.00,1.00
2014.10.10 04:30:28.483,1.44687,1.44703,1.00,1.87
2014.10.10 04:30:29.058,1.44688,1.44703,1.00,1.00
2014.10.10 04:30:33.457,1.44689,1.44705,1.00,1.00
2014.10.10 04:30:34.852,1.44689,1.44707,1.00,1.00
2014.10.10 04:30:36.516,1.44692,1.44708,1.00,1.12
2014.10.10 04:30:37.208,1.4469,1.44708,2.25,1.87
2014.10.10 04:30:41.722,1.44692,1.44708,1.00,1.00
2014.10.10 04:30:42.043,1.44694,1.44711,1.00,1.00
2014.10.10 04:30:42.297,1.44693,1.44709,2.25,1.00
2014.10.10 04:30:55.657,1.44694,1.4471,1.00,1.00
2014.10.10 04:31:00.515,1.44695,1.44711,1.50,1.00
2014.10.10 04:31:17.106,1.44695,1.44711,1.50,1.37
2014.10.10 04:31:17.946,1.44695,1.44711,1.50,1.00
2014.10.10 04:31:26.117,1.44698,1.44713,1.00,1.00
2014.10.10 04:31:26.421,1.44702,1.44717,1.00,1.00
2014.10.10 04:31:26.522,1.44702,1.44719,1.00,1.00
2014.10.10 04:31:29.774,1.44702,1.44717,1.00,1.00
2014.10.10 04:31:30.232,1.44699,1.44717,2.25,1.00
2014.10.10 04:31:31.907,1.447,1.44717,1.00,1.00
2014.10.10 04:31:32.211,1.44702,1.44717,1.00,1.00
2014.10.10 04:31:32.313,1.44703,1.44719,1.00,1.50
2014.10.10 04:31:33.192,1.44705,1.4472,1.00,1.00
2014.10.10 04:31:33.293,1.44703,1.4472,1.00,1.00
2014.10.10 04:31:34.161,1.44703,1.44718,1.00,1.00
2014.10.10 04:31:34.779,1.44702,1.44718,1.00,1.00
2014.10.10 04:31:36.304,1.447,1.44718,1.00,1.00
2014.10.10 04:31:39.734,1.447,1.44717,1.00,1.00
2014.10.10 04:31:39.785,1.44698,1.44716,1.50,1.50
2014.10.10 04:31:39.835,1.44697,1.44714,1.50,1.00
2014.10.10 04:31:40.139,1.44695,1.44713,1.50,2.25
2014.10.10 04:31:40.241,1.44695,1.44711,1.00,1.00
2014.10.10 04:31:44.621,1.44693,1.44711,1.00,1.50
2014.10.10 04:31:46.093,1.44694,1.44711,1.00,2.25
2014.10.10 04:31:48.133,1.44694,1.44711,1.37,1.50
2014.10.10 04:31:48.185,1.44697,1.44712,1.00,1.00
2014.10.10 04:31:48.287,1.44697,1.44714,1.00,2.25
2014.10.10 04:31:48.490,1.44699,1.44714,1.00,1.00
2014.10.10 04:31:48.629,1.44697,1.44714,1.00,1.50
2014.10.10 04:31:48.781,1.44696,1.44712,1.00,1.00
2014.10.10 04:31:48.832,1.44694,1.44712,1.00,1.50
2014.10.10 04:31:49.393,1.44694,1.44711,1.00,1.00
2014.10.10 04:31:49.904,1.44692,1.44707,1.00,1.00
2014.10.10 04:31:50.056,1.44689,1.44707,1.50,1.50
2014.10.10 04:31:50.701,1.44689,1.44706,1.50,1.00
2014.10.10 04:31:51.412,1.4469,1.44706,1.00,1.00
2014.10.10 04:31:51.665,1.44692,1.44708,1.00,1.00
2014.10.10 04:31:52.030,1.44692,1.4471,1.00,1.50
2014.10.10 04:31:55.112,1.44693,1.4471,1.00,1.00
2014.10.10 04:32:00.277,1.44695,1.44711,1.00,1.50
2014.10.10 04:32:09.399,1.44695,1.44713,1.00,1.00
2014.10.10 04:32:13.113,1.44696,1.44713,1.00,1.00
2014.10.10 04:32:13.216,1.44703,1.44713,1.12,1.00
2014.10.10 04:32:13.368,1.44703,1.44715,1.12,1.00
2014.10.10 04:32:13.419,1.44707,1.44719,1.00,1.00
2014.10.10 04:32:13.470,1.44707,1.44723,1.50,1.50
2014.10.10 04:32:13.571,1.44709,1.44724,1.00,1.50
2014.10.10 04:32:14.298,1.44709,1.44725,1.00,1.00
2014.10.10 04:32:17.778,1.4471,1.44725,1.00,1.00
2014.10.10 04:32:19.220,1.44712,1.44725,1.00,1.00
2014.10.10 04:32:20.391,1.44712,1.44727,1.00,1.00
2014.10.10 04:32:20.645,1.44713,1.44729,1.00,1.00
2014.10.10 04:32:23.168,1.44714,1.4473,1.00,1.00
2014.10.10 04:32:24.048,1.44715,1.4473,1.00,1.00
2014.10.10 04:32:24.151,1.44717,1.4473,1.00,1.00
2014.10.10 04:32:24.252,1.44717,1.44735,1.50,1.00
2014.10.10 04:32:24.570,1.44719,1.44736,1.50,1.00
2014.10.10 04:32:24.925,1.44723,1.44738,1.00,1.00
2014.10.10 04:32:25.027,1.44718,1.44735,1.50,1.00
2014.10.10 04:32:25.079,1.44718,1.44733,1.50,1.00
2014.10.10 04:32:25.333,1.44714,1.44731,1.00,1.00
2014.10.10 04:32:25.435,1.44714,1.44729,1.00,1.00
2014.10.10 04:32:25.790,1.44711,1.44729,1.00,1.00
2014.10.10 04:32:26.340,1.4471,1.44729,1.50,1.00
2014.10.10 04:32:26.757,1.44709,1.44726,1.00,1.00
2014.10.10 04:32:27.062,1.44706,1.44717,1.00,1.00
2014.10.10 04:32:27.113,1.44699,1.44717,1.00,1.00
2014.10.10 04:32:27.164,1.44699,1.44712,1.00,1.00
2014.10.10 04:32:27.316,1.44696,1.44712,1.00,1.00
2014.10.10 04:32:27.417,1.44694,1.44712,2.25,1.00
2014.10.10 04:32:29.917,1.44694,1.44712,2.17,1.00
2014.10.10 04:32:33.998,1.447,1.44715,1.00,2.25
2014.10.10 04:32:34.505,1.44699,1.44715,1.00,1.00
2014.10.10 04:32:34.931,1.44697,1.44716,2.25,1.50
2014.10.10 04:32:35.032,1.447,1.44719,1.00,1.50
2014.10.10 04:32:35.570,1.447,1.44719,2.25,1.37
2014.10.10 04:32:36.094,1.44699,1.44717,1.00,1.00
2014.10.10 04:32:37.668,1.447,1.44717,1.00,1.00
2014.10.10 04:32:37.973,1.44707,1.44723,1.00,1.00
2014.10.10 04:32:38.124,1.44707,1.44725,1.00,1.00
2014.10.10 04:32:38.176,1.44707,1.44722,1.00,1.00
2014.10.10 04:32:38.328,1.44704,1.44722,1.50,1.00
2014.10.10 04:32:38.530,1.44704,1.4472,1.00,1.00
2014.10.10 04:32:39.431,1.44704,1.44722,1.50,1.50
2014.10.10 04:32:39.685,1.44708,1.44722,1.00,1.00
2014.10.10 04:32:39.787,1.44708,1.44724,1.00,1.00
2014.10.10 04:32:40.294,1.44707,1.44723,1.00,1.00
2014.10.10 04:32:40.777,1.44705,1.44723,1.50,1.50
2014.10.10 04:32:41.019,1.44705,1.4472,1.00,1.00
2014.10.10 04:32:41.070,1.44703,1.44719,1.00,1.00
2014.10.10 04:32:41.171,1.44701,1.44719,1.00,1.00
2014.10.10 04:32:41.685,1.447,1.44719,1.00,1.00
2014.10.10 04:32:42.224,1.44699,1.44718,1.50,1.00
2014.10.10 04:32:42.477,1.44698,1.44715,1.50,1.00
2014.10.10 04:32:43.235,1.44699,1.44715,1.00,1.00
2014.10.10 04:32:43.286,1.44699,1.44717,1.50,1.00
2014.10.10 04:32:43.713,1.44703,1.44718,1.00,1.00
2014.10.10 04:32:44.730,1.44701,1.44716,1.00,1.00
2014.10.10 04:32:45.033,1.44698,1.44715,1.00,1.50
2014.10.10 04:32:45.188,1.447,1.44715,1.00,1.00
2014.10.10 04:32:45.240,1.447,1.44717,1.00,1.50
2014.10.10 04:32:45.750,1.44699,1.44717,2.25,1.50
2014.10.10 04:32:46.359,1.44699,1.44717,2.62,1.50
2014.10.10 04:32:46.461,1.44702,1.44718,1.00,1.00
2014.10.10 04:32:46.764,1.44708,1.44722,1.00,1.00
2014.10.10 04:32:46.815,1.44708,1.44724,1.50,1.00
2014.10.10 04:32:46.917,1.44708,1.44726,2.25,1.00
2014.10.10 04:32:47.120,1.4471,1.44727,1.00,1.50
2014.10.10 04:32:47.630,1.44711,1.44727,1.00,1.00
2014.10.10 04:32:48.340,1.44711,1.44729,1.00,1.50
2014.10.10 04:32:58.333,1.44713,1.44729,1.00,1.00
2014.10.10 04:32:58.486,1.44713,1.44731,2.25,2.25
2014.10.10 04:32:58.739,1.44714,1.44729,1.00,1.00
2014.10.10 04:32:58.790,1.44712,1.44729,1.00,1.00
2014.10.10 04:32:59.405,1.44711,1.44729,1.50,1.00
2014.10.10 04:33:04.119,1.44712,1.4473,1.00,3.00
2014.10.10 04:33:05.928,1.44713,1.44731,1.50,1.00
2014.10.10 04:33:06.538,1.44714,1.44731,1.00,1.00
2014.10.10 04:33:07.602,1.44714,1.44732,1.00,1.00
2014.10.10 04:33:08.114,1.44714,1.4473,1.00,1.00
2014.10.10 04:33:14.857,1.44714,1.44732,1.00,1.87
2014.10.10 04:33:14.908,1.44712,1.44732,2.25,1.87
2014.10.10 04:33:14.959,1.44715,1.44732,1.00,1.00
2014.10.10 04:33:15.467,1.44714,1.44733,2.25,1.00
2014.10.10 04:33:15.720,1.44716,1.44736,1.50,1.50
2014.10.10 04:33:15.771,1.44718,1.44736,1.50,1.00
2014.10.10 04:33:16.075,1.44713,1.44726,1.00,1.00
2014.10.10 04:33:16.176,1.44708,1.44723,1.00,1.00
2014.10.10 04:33:16.380,1.44705,1.44723,1.50,1.00
2014.10.10 04:33:17.278,1.44708,1.44725,1.00,1.00
2014.10.10 04:33:17.588,1.4471,1.44726,1.50,1.00
2014.10.10 04:33:17.858,1.4471,1.44728,2.25,1.50
2014.10.10 04:33:18.061,1.44711,1.44731,1.00,1.50
2014.10.10 04:33:18.586,1.44711,1.44731,1.00,1.87
2014.10.10 04:33:20.072,1.44712,1.44728,1.00,1.00
2014.10.10 04:33:20.174,1.4471,1.44729,1.00,1.12
2014.10.10 04:33:20.580,1.44709,1.44727,2.25,1.00
2014.10.10 04:33:22.163,1.4471,1.44727,1.00,1.00
2014.10.10 04:33:22.215,1.44711,1.44729,1.00,2.25
2014.10.10 04:33:22.316,1.44713,1.44729,1.00,1.50
2014.10.10 04:33:23.167,1.44715,1.44729,1.00,1.00
2014.10.10 04:33:23.218,1.44715,1.44731,1.00,1.00
2014.10.10 04:33:23.572,1.44716,1.44734,1.50,3.00
2014.10.10 04:33:25.100,1.44716,1.44733,1.00,1.00
2014.10.10 04:33:25.302,1.44714,1.4473,1.00,1.00
2014.10.10 04:33:26.061,1.44716,1.44732,1.50,1.00
2014.10.10 04:33:26.568,1.44717,1.44733,1.00,1.00
2014.10.10 04:33:28.146,1.44722,1.44734,1.00,1.00
2014.10.10 04:33:28.451,1.4473,1.44745,1.00,1.50
2014.10.10 04:33:28.554,1.44729,1.44742,1.00,1.00
2014.10.10 04:33:28.605,1.44726,1.44742,1.00,1.50
2014.10.10 04:33:28.757,1.44724,1.44741,1.00,1.50
2014.10.10 04:33:28.909,1.44724,1.44739,1.00,1.50
2014.10.10 04:33:29.213,1.44722,1.44739,1.00,1.00
2014.10.10 04:33:29.581,1.44722,1.44737,1.00,1.00
2014.10.10 04:33:30.150,1.44721,1.44738,1.50,1.87
2014.10.10 04:33:30.454,1.44712,1.44731,2.10,2.25
2014.10.10 04:33:30.506,1.44712,1.44729,2.10,1.50
2014.10.10 04:33:31.266,1.44711,1.44729,1.00,1.00
2014.10.10 04:33:31.673,1.44711,1.44726,1.00,1.00
2014.10.10 04:33:32.181,1.4471,1.44726,1.00,1.00
2014.10.10 04:33:32.337,1.44708,1.44726,1.50,1.00
2014.10.10 04:33:32.389,1.44708,1.44724,1.00,1.00
2014.10.10 04:33:32.440,1.44706,1.44723,2.25,1.00
2014.10.10 04:33:32.556,1.44706,1.44721,1.50,1.00
2014.10.10 04:33:32.607,1.44703,1.44721,1.00,1.37
2014.10.10 04:33:33.611,1.44703,1.44721,1.00,3.00
2014.10.10 04:33:33.712,1.44705,1.44721,1.00,2.25
2014.10.10 04:33:33.764,1.44705,1.44723,1.50,1.87
2014.10.10 04:33:34.169,1.44708,1.44722,1.00,1.00
2014.10.10 04:33:34.220,1.44708,1.44725,1.00,2.25
2014.10.10 04:33:35.777,1.44708,1.44728,3.75,1.87
2014.10.10 04:33:36.210,1.44707,1.44724,1.00,1.00
2014.10.10 04:33:36.715,1.44706,1.44724,1.00,1.12
2014.10.10 04:33:37.087,1.44705,1.44721,1.00,1.00
2014.10.10 04:33:37.826,1.44704,1.44721,1.00,1.37
2014.10.10 04:33:37.928,1.44705,1.44725,1.50,1.37
2014.10.10 04:33:37.979,1.44707,1.44725,1.00,1.87
2014.10.10 04:33:38.030,1.44707,1.44725,1.00,1.12
2014.10.10 04:33:38.536,1.44708,1.44725,1.50,1.00
2014.10.10 04:33:39.755,1.44708,1.44725,1.00,1.37
2014.10.10 04:33:39.857,1.44708,1.44725,1.00,1.37
2014.10.10 04:33:39.908,1.44706,1.44722,1.00,1.12
2014.10.10 04:33:40.160,1.44702,1.44721,1.00,2.25
2014.10.10 04:33:40.211,1.44702,1.44718,1.00,1.00
2014.10.10 04:33:40.363,1.447,1.44718,3.00,1.00
2014.10.10 04:33:40.873,1.447,1.44717,2.25,1.00
2014.10.10 04:33:42.787,1.447,1.44716,1.50,1.00
2014.10.10 04:33:43.762,1.44699,1.44716,1.00,1.00
2014.10.10 04:33:46.327,1.447,1.44716,1.00,1.37
2014.10.10 04:33:46.429,1.447,1.44718,1.50,1.87
2014.10.10 04:33:46.988,1.44702,1.4472,1.00,1.37
2014.10.10 04:33:47.292,1.44703,1.4472,1.00,1.37
2014.10.10 04:33:47.798,1.44702,1.4472,1.50,1.37
2014.10.10 04:33:48.576,1.44702,1.4472,1.50,1.00
2014.10.10 04:33:51.817,1.44703,1.4472,1.00,1.37
2014.10.10 04:33:52.324,1.44702,1.4472,2.25,1.87
2014.10.10 04:33:52.628,1.44705,1.4472,1.00,1.37
2014.10.10 04:33:52.881,1.44708,1.44723,1.00,1.87
2014.10.10 04:33:53.134,1.44706,1.44725,1.00,1.37
2014.10.10 04:33:53.235,1.44708,1.44725,1.00,1.37
2014.10.10 04:33:53.387,1.44709,1.44727,1.00,1.50
2014.10.10 04:33:53.438,1.44711,1.44728,1.00,1.12
2014.10.10 04:33:53.692,1.44714,1.44732,1.50,1.00
2014.10.10 04:33:55.284,1.44714,1.44732,1.50,1.37
2014.10.10 04:33:55.386,1.44712,1.4473,3.00,1.37
2014.10.10 04:33:55.689,1.44712,1.44729,1.00,1.87
2014.10.10 04:33:55.891,1.44709,1.44726,1.50,1.12
2014.10.10 04:33:56.410,1.44706,1.44725,1.50,1.37
2014.10.10 04:33:56.948,1.44706,1.44725,1.00,1.37
2014.10.10 04:34:01.705,1.44709,1.44725,1.00,1.00
2014.10.10 04:34:02.151,1.44713,1.44728,1.00,1.87
2014.10.10 04:34:02.202,1.44713,1.44728,1.00,1.50
2014.10.10 04:34:02.359,1.44713,1.4473,1.00,2.25
2014.10.10 04:34:03.196,1.44713,1.44731,1.50,1.50
2014.10.10 04:34:10.266,1.44714,1.44731,1.00,1.12
2014.10.10 04:34:13.442,1.44714,1.44731,1.00,1.37
2014.10.10 04:34:14.908,1.44714,1.44731,1.00,1.37
2014.10.10 04:34:15.126,1.44714,1.44731,1.00,1.00
2014.10.10 04:34:15.562,1.44716,1.44732,1.00,1.12
2014.10.10 04:34:21.821,1.44716,1.44734,1.50,1.50
2014.10.10 04:34:21.974,1.4472,1.44734,1.00,1.00
2014.10.10 04:34:22.278,1.44722,1.44735,1.00,1.00
2014.10.10 04:34:22.380,1.44722,1.44739,1.50,1.87
2014.10.10 04:34:23.259,1.44723,1.4474,1.00,1.50
2014.10.10 04:34:23.360,1.44723,1.44743,1.50,1.50
2014.10.10 04:34:23.512,1.44726,1.44743,1.00,1.50
2014.10.10 04:34:25.228,1.44726,1.44743,1.00,1.87
2014.10.10 04:34:27.432,1.44726,1.44743,1.00,1.50
2014.10.10 04:34:31.693,1.44726,1.44742,1.00,1.00
2014.10.10 04:34:40.102,1.44725,1.44742,1.00,1.12
2014.10.10 04:34:40.438,1.44725,1.44738,1.00,1.00
2014.10.10 04:34:40.540,1.44721,1.44738,1.50,1.00
2014.10.10 04:34:41.109,1.4472,1.44738,1.00,1.50
2014.10.10 04:34:44.181,1.4472,1.44733,1.00,1.12
2014.10.10 04:34:44.384,1.44716,1.44731,1.00,1.00
2014.10.10 04:34:44.486,1.44714,1.44731,1.00,1.00
2014.10.10 04:34:45.013,1.44713,1.44731,1.50,1.50
2014.10.10 04:34:53.285,1.44714,1.44731,1.00,1.00
2014.10.10 04:34:58.292,1.44713,1.4473,1.00,1.00
2014.10.10 04:35:03.321,1.44713,1.44727,1.00,1.00
2014.10.10 04:35:03.524,1.4471,1.44728,2.25,1.12
2014.10.10 04:35:03.625,1.4471,1.44726,1.50,1.12
2014.10.10 04:35:04.129,1.44709,1.44726,1.00,1.12
2014.10.10 04:35:05.144,1.44709,1.44727,1.50,1.00
2014.10.10 04:35:05.195,1.44709,1.44729,2.62,1.50
2014.10.10 04:35:17.863,1.44712,1.44729,1.00,1.00
2014.10.10 04:35:18.122,1.4471,1.44728,1.00,1.00
2014.10.10 04:35:26.376,1.44709,1.44727,2.25,1.00
2014.10.10 04:35:26.921,1.4471,1.44727,1.00,2.62
2014.10.10 04:35:28.381,1.4471,1.44724,1.00,1.00
2014.10.10 04:35:28.833,1.4471,1.44727,1.00,1.87
2014.10.10 04:35:30.119,1.4471,1.44725,1.00,1.00
2014.10.10 04:35:34.126,1.44711,1.44725,1.00,1.00
2014.10.10 04:35:34.229,1.44712,1.44727,1.00,1.00
2014.10.10 04:35:34.330,1.44713,1.44729,1.50,1.00
2014.10.10 04:35:34.751,1.44717,1.44731,1.12,1.00
2014.10.10 04:35:34.852,1.44718,1.44733,1.00,1.00
2014.10.10 04:35:34.903,1.44718,1.44735,1.00,1.00
2014.10.10 04:35:35.005,1.4472,1.44735,1.00,1.00
2014.10.10 04:35:36.300,1.4472,1.44736,1.00,1.00
2014.10.10 04:35:46.385,1.4472,1.44735,1.00,1.00
2014.10.10 04:35:46.980,1.44719,1.44733,1.00,1.00
2014.10.10 04:35:47.082,1.44716,1.44733,1.00,1.50
2014.10.10 04:35:47.386,1.44716,1.44731,1.00,1.00
2014.10.10 04:35:47.539,1.44713,1.44729,3.00,1.50
2014.10.10 04:35:48.049,1.44712,1.44729,1.00,2.25
2014.10.10 04:35:48.561,1.44713,1.44729,1.87,1.50
2014.10.10 04:35:53.231,1.44712,1.44728,1.00,1.00
2014.10.10 04:36:00.711,1.44713,1.4473,1.00,1.87
2014.10.10 04:36:00.919,1.44715,1.44731,1.00,1.50
2014.10.10 04:36:01.842,1.44713,1.44729,2.25,1.00
2014.10.10 04:36:02.338,1.44713,1.44727,1.50,1.00
2014.10.10 04:36:02.491,1.44711,1.44727,1.00,1.00
2014.10.10 04:36:02.592,1.4471,1.44725,1.00,1.00
2014.10.10 04:36:03.114,1.44709,1.44724,1.00,1.00
2014.10.10 04:36:06.604,1.44709,1.44725,1.00,1.00
2014.10.10 04:36:08.419,1.44709,1.44724,1.00,1.00
2014.10.10 04:36:10.315,1.4471,1.44724,1.00,1.00
2014.10.10 04:36:10.859,1.4471,1.44725,1.00,1.00
2014.10.10 04:36:15.528,1.44713,1.44725,1.00,1.50
2014.10.10 04:36:15.665,1.44709,1.44725,1.50,1.87
2014.10.10 04:36:16.023,1.44709,1.44723,1.00,1.00
2014.10.10 04:36:16.329,1.44709,1.44726,1.00,1.50
2014.10.10 04:36:16.879,1.4471,1.44726,1.00,1.50
2014.10.10 04:36:18.345,1.44712,1.44726,1.00,1.50
2014.10.10 04:36:19.097,1.44712,1.44725,1.00,1.00
2014.10.10 04:36:19.451,1.44712,1.44723,1.00,1.00
2014.10.10 04:36:19.603,1.4471,1.44723,1.00,1.00
2014.10.10 04:36:19.654,1.4471,1.4472,1.00,1.00
2014.10.10 04:36:19.907,1.44708,1.4472,1.00,1.00
2014.10.10 04:36:20.437,1.44706,1.4472,1.50,1.00
2014.10.10 04:36:28.715,1.44708,1.4472,1.00,1.50
2014.10.10 04:36:31.326,1.44709,1.4472,1.00,1.50
2014.10.10 04:36:31.529,1.44709,1.44723,1.00,1.00
2014.10.10 04:36:31.972,1.4471,1.44726,1.00,3.00
2014.10.10 04:36:33.164,1.4471,1.44723,1.00,1.00
2014.10.10 04:36:34.738,1.4471,1.44722,1.00,1.50
2014.10.10 04:36:35.136,1.44709,1.4472,1.00,1.00
2014.10.10 04:36:38.255,1.44707,1.4472,1.00,1.00
2014.10.10 04:36:45.100,1.44709,1.4472,1.00,1.00
2014.10.10 04:36:53.718,1.44709,1.44721,1.00,1.00
2014.10.10 04:36:56.738,1.44706,1.44721,1.00,1.00
2014.10.10 04:37:00.500,1.44705,1.44721,1.00,1.00
2014.10.10 04:37:01.010,1.44708,1.44722,1.00,1.00
2014.10.10 04:37:01.516,1.44707,1.44722,1.50,1.00
2014.10.10 04:37:10.813,1.44708,1.44722,1.00,1.00
2014.10.10 04:37:11.954,1.4471,1.44722,1.00,1.00
2014.10.10 04:37:12.006,1.4471,1.44725,1.00,1.00
2014.10.10 04:37:12.512,1.4471,1.44726,1.00,1.00
2014.10.10 04:37:12.614,1.44711,1.44728,1.00,1.50
2014.10.10 04:37:12.766,1.44713,1.44728,1.00,1.00
2014.10.10 04:37:12.817,1.44713,1.4473,1.00,1.50
2014.10.10 04:37:15.563,1.44714,1.4473,1.00,1.50
2014.10.10 04:37:16.325,1.44715,1.4473,1.00,1.00
2014.10.10 04:37:16.835,1.44714,1.44732,2.25,1.87
2014.10.10 04:37:16.937,1.44716,1.44732,1.00,1.50
2014.10.10 04:37:17.241,1.44718,1.44732,1.00,1.00
2014.10.10 04:37:19.047,1.44718,1.4473,1.00,1.00
2014.10.10 04:37:19.353,1.44715,1.4473,1.00,1.00
2014.10.10 04:37:19.894,1.44714,1.4473,1.00,1.00
2014.10.10 04:37:21.607,1.44715,1.4473,1.00,1.00
2014.10.10 04:37:23.074,1.44716,1.4473,1.00,1.00
2014.10.10 04:37:23.176,1.44714,1.44729,1.50,1.00
2014.10.10 04:37:23.277,1.44712,1.44728,2.25,1.00
2014.10.10 04:37:26.014,1.44713,1.44728,1.00,1.50
2014.10.10 04:37:26.874,1.44714,1.44728,1.00,1.50
2014.10.10 04:38:23.206,1.44714,1.44729,1.00,1.00
2014.10.10 04:38:29.940,1.44715,1.44729,1.00,1.00
2014.10.10 04:38:30.041,1.44718,1.44732,1.00,1.00
2014.10.10 04:38:30.143,1.44718,1.44735,1.00,1.00
2014.10.10 04:38:30.194,1.44718,1.44733,1.00,1.00
2014.10.10 04:38:30.700,1.44717,1.44733,1.00,1.00
2014.10.10 04:38:35.328,1.44717,1.44732,1.00,1.00
2014.10.10 04:38:35.585,1.44717,1.44734,1.00,1.00
2014.10.10 04:38:35.737,1.44719,1.44734,1.00,1.00
2014.10.10 04:38:35.890,1.44717,1.44734,2.25,1.00
2014.10.10 04:38:37.485,1.44717,1.44731,1.00,1.00
2014.10.10 04:38:37.586,1.44717,1.44733,1.00,1.00
2014.10.10 04:38:37.687,1.44717,1.4473,1.00,1.00
2014.10.10 04:38:37.789,1.44715,1.4473,1.00,1.50
2014.10.10 04:38:39.768,1.44716,1.44732,1.00,1.00
2014.10.10 04:38:39.970,1.44718,1.44733,1.00,1.00
2014.10.10 04:38:42.172,1.44719,1.44733,1.00,1.00
2014.10.10 04:38:44.593,1.44723,1.44735,1.00,1.00
2014.10.10 04:38:44.745,1.4473,1.44743,1.00,1.00
2014.10.10 04:38:44.998,1.44728,1.44746,2.25,1.50
2014.10.10 04:38:45.048,1.44732,1.44746,1.00,1.00
2014.10.10 04:38:45.251,1.44727,1.44743,1.00,1.00
2014.10.10 04:38:46.933,1.44725,1.44744,1.50,1.37
2014.10.10 04:38:47.439,1.44724,1.44742,2.25,1.50
2014.10.10 04:38:50.779,1.44722,1.44741,1.00,1.00
2014.10.10 04:38:51.589,1.44723,1.44741,1.00,1.00
2014.10.10 04:38:55.180,1.44725,1.44742,1.00,1.00
2014.10.10 04:38:55.838,1.44726,1.44742,1.00,1.00
2014.10.10 04:38:59.320,1.44724,1.44742,2.25,1.00
2014.10.10 04:39:11.905,1.44723,1.44742,1.50,1.87
2014.10.10 04:39:23.371,1.44724,1.44742,1.00,1.12
2014.10.10 04:39:25.461,1.44723,1.44742,1.00,1.00
2014.10.10 04:39:26.451,1.44724,1.44742,1.00,1.00
2014.10.10 04:39:26.993,1.44723,1.44742,1.00,1.00
2014.10.10 04:39:30.784,1.44724,1.44742,1.00,1.00
2014.10.10 04:39:31.579,1.44725,1.44742,1.00,1.00
2014.10.10 04:39:33.737,1.44725,1.44743,1.50,1.50
2014.10.10 04:39:35.655,1.44726,1.44743,1.00,1.00
2014.10.10 04:39:36.051,1.44724,1.44741,1.00,1.00
2014.10.10 04:39:36.356,1.44722,1.44737,1.00,1.00
2014.10.10 04:39:36.407,1.4472,1.44737,1.50,1.00
2014.10.10 04:39:36.943,1.44719,1.44737,2.25,1.50
2014.10.10 04:39:37.464,1.44719,1.44736,1.50,1.00
2014.10.10 04:39:37.717,1.44721,1.44736,1.37,1.00
2014.10.10 04:39:37.869,1.44724,1.44742,1.87,1.00
2014.10.10 04:39:38.073,1.44727,1.44743,1.00,1.00
2014.10.10 04:39:38.386,1.44729,1.44744,1.00,1.00
2014.10.10 04:39:38.853,1.44727,1.44743,1.50,1.00
2014.10.10 04:39:39.732,1.44725,1.44742,1.00,1.00
2014.10.10 04:39:40.137,1.44727,1.44743,1.00,1.50
2014.10.10 04:39:40.289,1.44729,1.44746,1.50,1.00
2014.10.10 04:39:40.809,1.4473,1.44746,1.00,1.00
2014.10.10 04:39:43.753,1.4473,1.44746,1.00,1.87
2014.10.10 04:39:43.804,1.44727,1.44743,1.00,1.00
2014.10.10 04:39:43.906,1.44725,1.44743,1.50,2.25
2014.10.10 04:39:44.007,1.44725,1.4474,1.00,1.00
2014.10.10 04:39:46.094,1.44726,1.4474,1.00,1.00
2014.10.10 04:39:46.296,1.44731,1.44747,1.50,1.00
2014.10.10 04:39:46.398,1.44734,1.44747,1.00,1.00
2014.10.10 04:39:46.550,1.44734,1.44749,1.00,1.00
2014.10.10 04:39:47.056,1.44734,1.4475,1.50,1.00
2014.10.10 04:39:47.208,1.44736,1.44752,1.00,1.00
2014.10.10 04:39:47.724,1.44735,1.44751,1.00,1.00
2014.10.10 04:39:47.876,1.44735,1.44753,1.00,1.50
2014.10.10 04:39:49.095,1.44735,1.44753,1.00,1.87
2014.10.10 04:39:49.298,1.4473,1.44749,1.00,2.62
2014.10.10 04:39:49.552,1.44734,1.44746,1.00,1.00
2014.10.10 04:39:49.603,1.44734,1.44749,1.00,1.50
2014.10.10 04:39:49.704,1.44732,1.44752,1.50,1.00
2014.10.10 04:39:49.806,1.44732,1.44749,1.00,1.00
2014.10.10 04:39:49.958,1.44729,1.44747,3.00,1.00
2014.10.10 04:39:50.413,1.44727,1.44746,1.50,1.00
2014.10.10 04:39:50.514,1.44727,1.44744,1.00,1.00
2014.10.10 04:39:50.616,1.44724,1.44744,1.50,1.00
2014.10.10 04:39:50.818,1.44723,1.44741,1.50,1.00
2014.10.10 04:39:51.598,1.44721,1.44737,1.00,1.00
2014.10.10 04:39:51.750,1.44719,1.44737,1.50,1.50
2014.10.10 04:39:51.902,1.44719,1.44735,1.50,1.00
2014.10.10 04:39:52.618,1.44719,1.44734,1.00,1.00
2014.10.10 04:39:52.719,1.44716,1.44734,2.25,1.87
2014.10.10 04:39:54.052,1.44717,1.44734,1.00,1.87
2014.10.10 04:39:54.356,1.44719,1.44734,1.00,1.00
2014.10.10 04:39:54.507,1.44716,1.44734,1.00,1.12
2014.10.10 04:39:55.013,1.44715,1.44734,1.00,1.12
2014.10.10 04:39:55.090,1.44714,1.44732,3.00,1.00
2014.10.10 04:39:55.907,1.44715,1.44733,1.00,1.00
2014.10.10 04:39:56.211,1.44718,1.44734,1.00,1.00
2014.10.10 04:39:56.414,1.44718,1.44736,1.50,1.00
2014.10.10 04:39:59.737,1.44719,1.44736,1.00,1.00
2014.10.10 04:40:02.690,1.44719,1.44738,1.50,1.00
2014.10.10 04:40:04.011,1.44719,1.44736,1.00,1.00
2014.10.10 04:40:07.912,1.44718,1.44736,1.00,1.00
2014.10.10 04:40:13.029,1.44721,1.44736,1.00,1.00
2014.10.10 04:40:13.140,1.44721,1.44738,1.00,1.50
2014.10.10 04:40:13.787,1.44721,1.44737,1.00,1.00
2014.10.10 04:40:15.877,1.44721,1.44738,1.00,1.00
2014.10.10 04:40:16.227,1.44721,1.44736,1.00,1.00
2014.10.10 04:40:18.030,1.44722,1.44736,1.00,1.00
2014.10.10 04:40:18.334,1.44724,1.44739,1.00,1.00
2014.10.10 04:40:26.414,1.44725,1.44739,1.00,1.00
2014.10.10 04:40:26.883,1.44725,1.44742,1.00,1.00
2014.10.10 04:40:27.603,1.44724,1.44742,1.50,1.00
2014.10.10 04:40:28.394,1.44724,1.44741,1.00,1.12
2014.10.10 04:40:28.900,1.44724,1.4474,1.00,1.37
2014.10.10 04:40:29.102,1.4472,1.44736,1.00,1.00
2014.10.10 04:40:29.860,1.44719,1.44734,1.00,1.50
2014.10.10 04:40:29.911,1.44716,1.44734,2.25,1.50
2014.10.10 04:40:29.962,1.44716,1.44731,2.25,1.00
2014.10.10 04:40:30.862,1.44716,1.44734,1.00,2.25
2014.10.10 04:40:31.435,1.44717,1.44734,1.00,1.50
2014.10.10 04:40:31.865,1.44718,1.44736,1.00,1.50
2014.10.10 04:40:37.059,1.44719,1.44736,1.00,1.00
2014.10.10 04:40:47.710,1.4472,1.44736,1.00,1.00
2014.10.10 04:41:06.407,1.44722,1.44738,1.00,1.50
2014.10.10 04:41:06.972,1.44723,1.44739,1.00,1.00
2014.10.10 04:41:10.329,1.44725,1.44739,1.00,1.00
2014.10.10 04:41:10.481,1.44727,1.44742,1.00,1.00
2014.10.10 04:41:11.165,1.44728,1.44743,1.00,1.50
2014.10.10 04:41:11.821,1.44727,1.44743,1.50,1.50
2014.10.10 04:41:12.024,1.44724,1.44742,1.00,1.12
2014.10.10 04:41:12.125,1.44724,1.4474,1.00,1.00
2014.10.10 04:41:14.139,1.44725,1.4474,1.00,1.00
2014.10.10 04:41:14.190,1.44725,1.44742,1.00,1.00
2014.10.10 04:41:14.241,1.44727,1.44742,1.50,1.00
2014.10.10 04:41:14.292,1.44727,1.44744,1.50,1.00
2014.10.10 04:41:14.836,1.44728,1.44744,1.00,1.00
2014.10.10 04:41:15.379,1.44727,1.44743,1.00,1.12
2014.10.10 04:41:15.481,1.44726,1.44742,1.00,1.87
2014.10.10 04:41:15.633,1.44722,1.4474,1.00,1.50
2014.10.10 04:41:25.749,1.44723,1.4474,1.00,1.00
2014.10.10 04:41:25.850,1.44725,1.44741,1.00,1.00
2014.10.10 04:41:25.951,1.44726,1.44743,1.00,1.87
2014.10.10 04:41:27.232,1.44728,1.44743,1.00,1.50
2014.10.10 04:41:27.537,1.44735,1.44746,1.00,1.00
2014.10.10 04:41:27.690,1.44735,1.4475,1.00,1.00
2014.10.10 04:41:28.207,1.44735,1.44751,1.00,1.50
2014.10.10 04:41:31.675,1.44735,1.44751,1.00,1.87
2014.10.10 04:41:31.726,1.44735,1.44748,1.00,1.00
2014.10.10 04:41:31.907,1.44727,1.44744,1.00,1.87
2014.10.10 04:41:32.262,1.44726,1.44742,1.00,1.00
2014.10.10 04:42:14.090,1.44731,1.44742,1.00,1.00
2014.10.10 04:42:14.243,1.44731,1.44744,1.00,1.00
2014.10.10 04:42:25.875,1.44729,1.44744,1.00,1.00
2014.10.10 04:42:26.391,1.44728,1.44744,1.00,1.00
2014.10.10 04:42:26.745,1.44726,1.44743,1.00,1.00
2014.10.10 04:42:28.830,1.44729,1.44743,1.00,1.00
2014.10.10 04:42:28.881,1.44729,1.44745,1.00,1.00
2014.10.10 04:42:29.033,1.44731,1.44745,1.00,1.00
2014.10.10 04:42:29.135,1.44732,1.44748,1.00,1.00
2014.10.10 04:42:29.338,1.44734,1.4475,1.00,1.00
2014.10.10 04:42:29.845,1.44734,1.44749,1.00,1.00
2014.10.10 04:42:29.997,1.44731,1.44749,2.25,1.50
2014.10.10 04:42:30.100,1.44732,1.44747,1.00,1.00
2014.10.10 04:42:30.302,1.44735,1.44751,1.00,1.00
2014.10.10 04:42:30.353,1.44737,1.44751,1.00,1.00
2014.10.10 04:42:30.893,1.44737,1.44752,1.00,1.00
2014.10.10 04:42:31.197,1.44744,1.44757,1.00,1.50
2014.10.10 04:42:31.299,1.44744,1.44759,1.50,1.00
2014.10.10 04:42:31.502,1.44744,1.44762,2.25,1.50
2014.10.10 04:42:35.734,1.44746,1.44764,1.00,2.62
2014.10.10 04:42:44.226,1.44745,1.44763,1.00,1.00
2014.10.10 04:42:53.531,1.44745,1.44764,1.00,1.50
2014.10.10 04:43:03.261,1.44748,1.44764,1.00,1.00
2014.10.10 04:43:03.413,1.44749,1.44767,1.00,2.25
2014.10.10 04:43:03.464,1.44747,1.44766,1.87,1.00
2014.10.10 04:43:03.515,1.44748,1.44766,1.37,1.00
2014.10.10 04:43:03.566,1.44749,1.44769,1.12,1.50
2014.10.10 04:43:03.617,1.44749,1.44769,2.62,1.50
2014.10.10 04:43:04.071,1.44754,1.4477,1.00,2.25
2014.10.10 04:43:04.223,1.44756,1.44773,1.50,1.00
2014.10.10 04:43:04.679,1.44753,1.44772,1.87,1.00
2014.10.10 04:43:04.831,1.44756,1.44772,1.00,1.00
2014.10.10 04:43:05.135,1.44758,1.44772,1.00,1.00
2014.10.10 04:43:05.515,1.44758,1.44774,1.00,1.00
2014.10.10 04:43:06.809,1.44761,1.44774,1.00,1.00
2014.10.10 04:43:06.860,1.44761,1.44776,1.00,1.00
2014.10.10 04:43:06.961,1.44761,1.4478,1.87,1.50
2014.10.10 04:43:07.062,1.44764,1.44781,1.00,1.00
2014.10.10 04:43:07.366,1.44767,1.44783,1.00,1.19
2014.10.10 04:43:07.519,1.44764,1.44781,1.00,1.00
2014.10.10 04:43:07.570,1.44764,1.44779,1.00,1.00
2014.10.10 04:43:08.076,1.44765,1.4478,1.00,1.00
2014.10.10 04:43:08.581,1.44766,1.44783,1.00,1.00
2014.10.10 04:43:09.105,1.44766,1.44784,2.62,1.50
2014.10.10 04:43:10.248,1.44768,1.44785,1.00,1.00
2014.10.10 04:43:10.769,1.4477,1.44787,1.00,1.00
2014.10.10 04:43:12.539,1.44768,1.44787,1.00,1.87
2014.10.10 04:43:12.590,1.44768,1.44783,1.00,1.00
2014.10.10 04:43:12.692,1.44763,1.44782,1.00,1.12
2014.10.10 04:43:13.230,1.44762,1.44781,1.00,1.50
2014.10.10 04:43:13.354,1.44761,1.44779,1.00,1.00
2014.10.10 04:43:13.865,1.44763,1.44781,1.50,1.50
2014.10.10 04:43:16.780,1.44765,1.44782,1.00,1.00
2014.10.10 04:43:19.573,1.44762,1.44779,1.50,1.00
2014.10.10 04:43:19.726,1.44759,1.44779,3.00,1.12
2014.10.10 04:43:19.777,1.44761,1.4478,1.00,1.37
2014.10.10 04:43:20.090,1.44759,1.44777,1.00,1.00
2014.10.10 04:43:25.503,1.44761,1.44777,1.00,1.00
2014.10.10 04:43:25.554,1.44761,1.44779,1.50,1.25
2014.10.10 04:43:27.083,1.44762,1.44781,1.12,1.00
2014.10.10 04:43:27.135,1.44763,1.44781,1.37,1.00
2014.10.10 04:43:27.186,1.44764,1.44783,1.12,1.00
2014.10.10 04:43:27.843,1.44764,1.44784,1.87,3.00
2014.10.10 04:43:30.103,1.44764,1.4478,1.00,1.00
2014.10.10 04:43:30.255,1.4476,1.44778,1.50,1.00
2014.10.10 04:43:30.510,1.44761,1.4478,1.00,1.00
2014.10.10 04:43:31.019,1.44761,1.44781,1.50,1.50
2014.10.10 04:43:32.691,1.44761,1.44781,1.87,1.50
2014.10.10 04:43:32.792,1.44763,1.44783,1.87,1.50
2014.10.10 04:43:33.564,1.44763,1.44783,1.87,1.50
2014.10.10 04:43:36.625,1.44766,1.44783,1.00,1.00
2014.10.10 04:43:37.304,1.44766,1.44784,1.00,1.50
2014.10.10 04:43:37.902,1.44769,1.44784,1.00,1.00
2014.10.10 04:43:37.953,1.44769,1.44786,1.00,1.00
2014.10.10 04:43:38.106,1.44771,1.44787,1.00,1.00
2014.10.10 04:43:38.788,1.44772,1.44787,1.50,1.00
2014.10.10 04:43:44.364,1.44772,1.4479,1.50,1.50
2014.10.10 04:43:46.008,1.44772,1.4479,1.50,1.87
2014.10.10 04:43:46.540,1.44772,1.44789,1.00,1.12
2014.10.10 04:43:47.085,1.44772,1.44789,1.00,1.37
2014.10.10 04:43:47.593,1.44772,1.44787,1.00,1.00
2014.10.10 04:43:48.121,1.44773,1.44788,1.00,1.00
2014.10.10 04:43:48.620,1.44773,1.44791,1.50,1.50
2014.10.10 04:43:49.574,1.44774,1.44791,1.00,1.50
2014.10.10 04:43:50.086,1.44775,1.44791,1.00,1.00
2014.10.10 04:43:56.162,1.44775,1.44793,1.50,1.12
2014.10.10 04:43:56.214,1.44777,1.44794,1.00,1.50
2014.10.10 04:43:56.670,1.44778,1.44796,1.00,1.00
2014.10.10 04:43:56.873,1.44779,1.44794,1.00,1.00
2014.10.10 04:43:57.025,1.44777,1.44794,1.00,1.00
2014.10.10 04:43:57.076,1.44779,1.44797,1.00,2.25
2014.10.10 04:43:57.127,1.44781,1.44797,1.00,1.00
2014.10.10 04:43:57.178,1.44781,1.44799,1.00,1.50
2014.10.10 04:43:57.229,1.44779,1.44799,3.75,1.50
2014.10.10 04:43:57.330,1.44781,1.44799,1.00,1.00
2014.10.10 04:43:57.651,1.44783,1.448,1.00,1.00
2014.10.10 04:43:58.262,1.44783,1.44801,1.50,1.00
2014.10.10 04:44:01.168,1.44786,1.44803,1.00,2.62
2014.10.10 04:44:01.320,1.44788,1.44805,1.50,1.00
2014.10.10 04:44:01.422,1.4479,1.44806,1.00,1.37
2014.10.10 04:44:01.935,1.44789,1.44804,1.00,1.00
2014.10.10 04:44:02.442,1.44789,1.44805,1.00,1.12
2014.10.10 04:44:06.883,1.44789,1.44806,1.00,1.12
2014.10.10 04:44:07.492,1.44789,1.44806,1.00,1.37
2014.10.10 04:44:10.342,1.44788,1.44805,1.00,1.12
2014.10.10 04:44:23.207,1.44788,1.44806,1.00,1.50
2014.10.10 04:44:27.705,1.44788,1.44806,1.00,1.37
2014.10.10 04:44:27.857,1.44786,1.44806,1.00,1.87
2014.10.10 04:44:28.262,1.44786,1.44802,1.00,1.00
2014.10.10 04:44:28.769,1.44785,1.44802,1.50,1.00
2014.10.10 04:44:29.275,1.44785,1.44801,1.00,1.00
2014.10.10 04:44:29.428,1.44783,1.44801,2.25,1.00
2014.10.10 04:44:33.920,1.44783,1.44799,1.00,1.00
2014.10.10 04:44:34.052,1.44781,1.44799,1.50,1.00
2014.10.10 04:44:34.103,1.44781,1.44797,1.00,1.00
2014.10.10 04:44:34.154,1.44779,1.44797,1.50,1.00
2014.10.10 04:44:34.205,1.44781,1.44797,1.00,1.00
2014.10.10 04:44:34.708,1.4478,1.44797,1.00,1.00
2014.10.10 04:44:35.248,1.4478,1.44796,1.00,1.12
2014.10.10 04:44:36.166,1.44778,1.44792,1.00,1.12
2014.10.10 04:44:36.218,1.44776,1.44792,1.50,1.12
2014.10.10 04:44:36.320,1.44774,1.44791,1.00,1.00
2014.10.10 04:44:36.472,1.44775,1.44793,1.00,1.00
2014.10.10 04:44:36.523,1.44775,1.44791,1.00,1.00
2014.10.10 04:44:36.878,1.44773,1.44791,2.25,1.50
2014.10.10 04:44:37.080,1.44775,1.44794,1.00,1.50
2014.10.10 04:44:37.131,1.44777,1.44794,1.00,1.00
2014.10.10 04:44:49.035,1.44777,1.44795,1.50,1.50
2014.10.10 04:44:51.981,1.44778,1.44796,1.00,1.00
2014.10.10 04:44:52.488,1.44779,1.44797,1.00,1.00
2014.10.10 04:44:57.852,1.44779,1.44796,1.00,1.00
2014.10.10 04:45:00.380,1.44778,1.44796,1.00,1.00
2014.10.10 04:45:00.921,1.44777,1.44795,1.00,1.00
2014.10.10 04:45:01.684,1.44776,1.44795,1.50,1.50
2014.10.10 04:45:02.556,1.44778,1.44795,1.00,1.00
2014.10.10 04:45:10.843,1.44778,1.44794,1.00,1.00
2014.10.10 04:45:11.147,1.44775,1.4479,1.00,1.00
2014.10.10 04:45:11.734,1.44774,1.4479,1.00,1.50
2014.10.10 04:45:25.131,1.44774,1.44791,1.00,1.00
2014.10.10 04:45:25.283,1.44774,1.44793,1.00,1.50
2014.10.10 04:45:40.571,1.44774,1.44792,1.00,1.00
2014.10.10 04:45:41.158,1.44774,1.44791,1.00,1.00
2014.10.10 04:45:41.311,1.44772,1.4479,1.50,1.00
2014.10.10 04:45:41.876,1.44772,1.44791,1.00,2.25
2014.10.10 04:45:46.709,1.44774,1.44791,1.00,1.50
2014.10.10 04:45:47.847,1.44774,1.44792,1.00,1.00
2014.10.10 04:45:51.035,1.44774,1.44793,1.00,1.00
2014.10.10 04:45:53.017,1.44774,1.44792,1.00,1.00
2014.10.10 04:45:53.323,1.44772,1.44791,2.25,1.00
2014.10.10 04:45:53.839,1.44772,1.4479,1.00,1.50
2014.10.10 04:45:54.347,1.44773,1.44789,1.50,1.00
2014.10.10 04:45:54.398,1.44773,1.44787,1.00,1.00
2014.10.10 04:45:59.729,1.44772,1.44787,1.00,1.50
2014.10.10 04:46:00.033,1.44774,1.44787,1.00,1.00
2014.10.10 04:46:01.054,1.44773,1.44787,2.25,1.00
2014.10.10 04:46:02.007,1.44774,1.44787,1.00,1.00
2014.10.10 04:46:03.990,1.44773,1.44789,2.25,1.50
2014.10.10 04:46:04.041,1.44777,1.44789,1.00,1.00
2014.10.10 04:46:04.345,1.44774,1.4479,2.25,1.50
2014.10.10 04:46:04.853,1.44775,1.4479,1.00,1.00
2014.10.10 04:46:08.037,1.44777,1.4479,1.00,1.00
2014.10.10 04:46:08.387,1.44775,1.4479,1.00,1.00
2014.10.10 04:46:16.149,1.44777,1.4479,1.00,1.00
2014.10.10 04:46:16.319,1.44775,1.4479,1.00,1.00
2014.10.10 04:46:22.231,1.44774,1.4479,1.00,1.50
2014.10.10 04:46:24.013,1.44775,1.4479,1.67,1.00
2014.10.10 04:46:24.459,1.44774,1.4479,1.00,1.50
2014.10.10 04:46:32.078,1.44772,1.4479,1.72,1.50
2014.10.10 04:46:32.129,1.44778,1.4479,1.00,1.50
2014.10.10 04:46:32.731,1.44777,1.4479,1.00,1.00
2014.10.10 04:46:34.048,1.44775,1.4479,1.42,1.00
2014.10.10 04:46:34.301,1.44773,1.4479,1.95,1.50
2014.10.10 04:46:35.068,1.44774,1.4479,1.42,1.50
2014.10.10 04:46:37.195,1.44774,1.44788,1.50,1.00
2014.10.10 04:46:37.710,1.44773,1.44788,1.50,1.00
2014.10.10 04:46:38.321,1.44772,1.44788,1.50,1.00
2014.10.10 04:46:38.689,1.44777,1.44788,1.00,1.00
2014.10.10 04:46:39.811,1.44778,1.44788,1.00,1.00
2014.10.10 04:46:40.307,1.44777,1.44791,1.00,2.25
2014.10.10 04:46:40.817,1.44778,1.44791,1.00,1.50
2014.10.10 04:46:41.734,1.44777,1.44791,1.00,1.00
2014.10.10 04:46:42.442,1.44779,1.44791,1.00,1.00
2014.10.10 04:46:42.493,1.44779,1.44793,1.00,1.00
2014.10.10 04:46:42.544,1.44781,1.44793,1.00,1.00
2014.10.10 04:46:43.365,1.44783,1.44793,1.00,1.00
2014.10.10 04:46:43.851,1.44779,1.44793,1.00,1.00
2014.10.10 04:46:43.952,1.44777,1.44793,1.00,1.50
2014.10.10 04:46:44.104,1.44775,1.44791,1.50,1.00
2014.10.10 04:46:44.409,1.44768,1.44783,1.60,1.00
2014.10.10 04:46:44.714,1.44766,1.4478,2.10,1.00
2014.10.10 04:46:45.019,1.44766,1.44778,1.00,1.00
2014.10.10 04:46:45.171,1.44766,1.44782,1.00,1.00
2014.10.10 04:46:45.677,1.44764,1.44779,1.00,1.00
2014.10.10 04:46:50.861,1.44766,1.44781,1.00,1.00
2014.10.10 04:46:51.167,1.44769,1.44782,1.00,1.00
2014.10.10 04:46:51.269,1.44766,1.44782,1.00,1.00
2014.10.10 04:46:52.155,1.44765,1.44782,1.50,1.00
2014.10.10 04:46:52.358,1.44767,1.44782,1.00,1.00
2014.10.10 04:46:52.774,1.44765,1.44782,1.50,1.00
2014.10.10 04:46:53.315,1.44765,1.44781,1.50,1.00
2014.10.10 04:46:53.858,1.44765,1.4478,1.00,1.00
2014.10.10 04:46:56.537,1.44764,1.4478,1.00,1.00
2014.10.10 04:46:57.084,1.44764,1.44781,1.50,1.00
2014.10.10 04:46:59.357,1.44764,1.44779,1.50,1.00
2014.10.10 04:46:59.862,1.44764,1.44776,1.00,1.00
2014.10.10 04:46:59.964,1.44764,1.44778,1.00,1.00
2014.10.10 04:47:00.940,1.44763,1.44778,1.00,1.00
2014.10.10 04:47:01.747,1.44764,1.44778,1.00,1.00
2014.10.10 04:47:02.458,1.44763,1.44778,1.00,1.00
2014.10.10 04:47:03.183,1.44764,1.44778,1.00,1.00
2014.10.10 04:47:04.137,1.44764,1.44779,1.00,2.62
2014.10.10 04:47:04.684,1.44763,1.44779,1.00,1.87
2014.10.10 04:47:05.395,1.44764,1.44779,1.00,1.87
2014.10.10 04:47:05.924,1.44763,1.44779,1.00,1.87
2014.10.10 04:47:06.462,1.44764,1.44779,1.00,1.87
2014.10.10 04:47:07.021,1.44763,1.44779,1.00,1.87
2014.10.10 04:47:07.523,1.44764,1.44779,1.00,1.87
2014.10.10 04:47:14.510,1.44762,1.44779,1.50,1.50
2014.10.10 04:47:14.823,1.44765,1.44779,1.00,1.50
2014.10.10 04:47:15.126,1.44765,1.44777,1.00,1.00
2014.10.10 04:47:15.279,1.44761,1.44777,1.00,1.50
2014.10.10 04:47:15.380,1.44762,1.44775,1.00,1.00
2014.10.10 04:47:15.585,1.4476,1.44775,1.00,1.00
2014.10.10 04:47:15.687,1.44756,1.44774,1.01,1.50
2014.10.10 04:47:15.840,1.44758,1.44774,1.00,3.37
2014.10.10 04:47:17.614,1.44758,1.44774,1.00,3.37
2014.10.10 04:47:17.928,1.44758,1.44771,1.00,1.00
2014.10.10 04:47:19.203,1.44755,1.44771,1.00,1.00
2014.10.10 04:47:20.280,1.44754,1.44769,1.50,1.00
2014.10.10 04:47:20.431,1.44751,1.44767,1.00,1.00
2014.10.10 04:47:20.583,1.4475,1.44765,1.00,1.00
2014.10.10 04:47:21.089,1.44749,1.44765,1.00,1.50
2014.10.10 04:47:21.403,1.44747,1.44765,1.50,1.50
2014.10.10 04:47:22.063,1.4475,1.44765,1.00,1.50
2014.10.10 04:47:22.727,1.44747,1.44765,1.00,1.50
2014.10.10 04:47:23.410,1.44749,1.44765,1.00,1.50
2014.10.10 04:47:25.057,1.44748,1.44765,1.00,1.50
2014.10.10 04:47:25.827,1.44749,1.44765,1.00,1.50
2014.10.10 04:47:28.601,1.44749,1.44764,1.00,1.00
2014.10.10 04:47:30.773,1.44747,1.44764,1.50,1.12
2014.10.10 04:47:30.825,1.44747,1.44761,1.50,1.00
2014.10.10 04:47:30.979,1.44741,1.44757,1.00,1.87
2014.10.10 04:47:31.031,1.44739,1.44757,1.50,1.87
2014.10.10 04:47:36.123,1.44739,1.44755,1.00,1.00
2014.10.10 04:47:36.702,1.44738,1.44755,1.00,1.00
2014.10.10 04:47:37.766,1.44739,1.44755,1.00,1.00
2014.10.10 04:47:38.938,1.44738,1.44755,1.00,1.50
2014.10.10 04:47:39.855,1.44739,1.44755,1.00,1.50
2014.10.10 04:47:41.068,1.44738,1.44755,1.00,1.50
2014.10.10 04:47:42.284,1.44739,1.44755,1.00,1.50
2014.10.10 04:47:42.843,1.44738,1.44755,1.00,1.50
2014.10.10 04:47:44.615,1.44739,1.44755,1.00,1.50
2014.10.10 04:47:45.123,1.44738,1.44755,1.00,1.50
2014.10.10 04:47:45.732,1.44739,1.44755,1.00,1.50
2014.10.10 04:48:00.301,1.44739,1.44756,1.50,1.00
2014.10.10 04:48:00.847,1.44739,1.44757,1.50,2.25
2014.10.10 04:48:02.211,1.44739,1.44757,1.87,2.25
2014.10.10 04:48:10.807,1.44739,1.44757,1.50,1.50
2014.10.10 04:48:16.088,1.44741,1.44757,1.00,1.00
2014.10.10 04:48:16.732,1.44739,1.44757,1.50,1.00
2014.10.10 04:48:26.781,1.44739,1.44756,1.00,1.00
2014.10.10 04:48:27.324,1.44738,1.44756,1.50,2.25
2014.10.10 04:48:34.786,1.44738,1.44757,1.50,1.00
2014.10.10 04:48:37.946,1.44738,1.44758,1.50,3.37
2014.10.10 04:48:38.725,1.44738,1.44755,1.00,1.00
2014.10.10 04:48:45.858,1.44738,1.44754,1.50,1.00
2014.10.10 04:48:46.112,1.44738,1.44756,2.25,1.00
2014.10.10 04:48:46.416,1.44738,1.44758,2.25,1.87
2014.10.10 04:48:46.924,1.44739,1.44758,1.00,1.87
2014.10.10 04:48:47.025,1.44743,1.44758,1.00,1.00
2014.10.10 04:48:47.127,1.44741,1.44758,1.50,1.00
2014.10.10 04:48:47.228,1.44742,1.44758,1.37,1.00
2014.10.10 04:48:47.279,1.44742,1.44761,1.87,1.50
2014.10.10 04:48:47.796,1.44746,1.44761,1.00,1.00
2014.10.10 04:48:53.567,1.44746,1.44763,1.50,1.00
2014.10.10 04:48:54.125,1.44746,1.44764,1.50,1.87
2014.10.10 04:48:55.643,1.44748,1.44764,1.00,1.00
2014.10.10 04:48:55.797,1.44749,1.44766,1.50,1.50
2014.10.10 04:48:55.848,1.44752,1.44767,1.00,1.00
2014.10.10 04:48:55.899,1.44753,1.44769,1.00,1.50
2014.10.10 04:48:55.951,1.44753,1.44771,2.25,2.25
2014.10.10 04:48:56.154,1.44754,1.44773,1.50,1.50
2014.10.10 04:48:56.610,1.44755,1.44775,2.25,1.50
2014.10.10 04:48:56.711,1.44757,1.44775,1.00,1.00
2014.10.10 04:48:57.321,1.44758,1.44775,1.00,1.00
2014.10.10 04:49:00.156,1.44758,1.44776,1.50,1.50
2014.10.10 04:49:00.663,1.44759,1.44776,1.00,1.50
2014.10.10 04:49:14.118,1.44759,1.44776,1.00,1.37
2014.10.10 04:49:14.633,1.44758,1.44776,2.25,1.37
2014.10.10 04:49:20.433,1.44758,1.44776,2.25,1.87
2014.10.10 04:49:20.958,1.44758,1.44776,2.25,1.87
2014.10.10 04:49:21.660,1.44758,1.44776,2.25,1.87
2014.10.10 04:49:25.074,1.44759,1.44776,1.00,1.00
2014.10.10 04:49:44.666,1.44758,1.44776,1.00,1.00
2014.10.10 04:49:47.953,1.4476,1.44776,1.00,1.00
2014.10.10 04:49:48.455,1.4476,1.44777,1.50,1.00
2014.10.10 04:49:48.969,1.4476,1.44778,1.50,1.50
2014.10.10 04:49:49.579,1.44762,1.44779,1.00,1.50
2014.10.10 04:49:55.660,1.44763,1.44779,1.00,1.00
2014.10.10 04:50:00.668,1.44763,1.44778,1.00,1.00
2014.10.10 04:50:01.187,1.44763,1.44779,1.00,1.00
2014.10.10 04:50:02.094,1.44763,1.44779,1.37,1.00
2014.10.10 04:50:02.399,1.44769,1.44786,1.12,1.00
2014.10.10 04:50:02.652,1.4477,1.44788,1.00,1.50
2014.10.10 04:50:21.633,1.4477,1.44787,1.50,1.00
2014.10.10 04:50:30.558,1.44771,1.44787,1.00,1.50
2014.10.10 04:50:43.311,1.4477,1.4479,1.50,2.25
2014.10.10 04:50:43.821,1.4477,1.4479,1.87,2.25
2014.10.10 04:50:45.009,1.4477,1.4479,1.87,2.25
2014.10.10 04:50:54.087,1.4477,1.44789,1.50,1.00
2014.10.10 04:50:54.392,1.44773,1.4479,1.00,1.50
2014.10.10 04:51:12.651,1.4477,1.44788,1.50,1.00
2014.10.10 04:51:18.131,1.44772,1.44789,1.00,1.00
2014.10.10 04:51:18.435,1.44778,1.44793,1.00,1.00
2014.10.10 04:51:18.486,1.44775,1.44793,1.00,2.25
2014.10.10 04:51:18.840,1.44774,1.44791,1.00,1.50
2014.10.10 04:51:18.943,1.44772,1.44791,1.00,1.50
2014.10.10 04:51:23.841,1.44773,1.44791,1.00,2.25
2014.10.10 04:51:25.474,1.44773,1.4479,1.00,1.00
2014.10.10 04:51:31.582,1.4477,1.44785,1.00,1.00
2014.10.10 04:51:38.992,1.44769,1.44785,1.00,1.00
2014.10.10 04:51:39.296,1.44768,1.44783,1.12,1.00
2014.10.10 04:51:41.483,1.44766,1.44782,1.50,1.00
2014.10.10 04:51:41.585,1.44765,1.4478,1.00,1.00
2014.10.10 04:51:41.889,1.44765,1.44777,1.00,1.00
2014.10.10 04:51:50.924,1.44763,1.44777,1.00,1.00
2014.10.10 04:52:08.376,1.44765,1.44777,1.00,1.00
2014.10.10 04:52:10.576,1.44766,1.44777,1.00,1.00
2014.10.10 04:52:16.037,1.44765,1.44777,1.00,1.00
2014.10.10 04:52:16.190,1.44763,1.44777,1.00,1.00
2014.10.10 04:52:16.241,1.44761,1.44777,1.12,1.00
2014.10.10 04:52:16.443,1.4476,1.44774,1.00,1.00
2014.10.10 04:52:16.747,1.4476,1.44772,1.00,1.00
2014.10.10 04:52:47.372,1.44756,1.44772,1.50,1.00
2014.10.10 04:52:47.574,1.44757,1.44768,1.00,1.00
2014.10.10 04:52:47.676,1.44756,1.4477,1.00,1.00
2014.10.10 04:52:47.727,1.44758,1.4477,1.00,1.00
2014.10.10 04:52:54.622,1.44755,1.4477,1.00,1.00
2014.10.10 04:52:55.377,1.44755,1.44769,1.00,1.00
2014.10.10 04:53:00.536,1.44755,1.44767,1.00,1.00
2014.10.10 04:53:19.363,1.44755,1.44771,1.00,1.00
2014.10.10 04:53:19.414,1.44759,1.44771,1.00,1.00
2014.10.10 04:53:19.717,1.44755,1.4477,1.00,1.00
2014.10.10 04:53:19.819,1.44755,1.44768,1.00,1.00
2014.10.10 04:53:25.649,1.44753,1.44768,1.00,1.00
2014.10.10 04:53:28.285,1.44752,1.44768,1.00,1.37
2014.10.10 04:53:28.387,1.44753,1.44764,1.37,1.00
2014.10.10 04:53:28.489,1.44759,1.44774,2.25,1.50
2014.10.10 04:53:28.591,1.44759,1.44774,1.00,1.87
2014.10.10 04:53:29.102,1.44759,1.44771,1.00,1.00
2014.10.10 04:53:30.123,1.44759,1.44769,1.00,1.00
2014.10.10 04:53:30.174,1.44754,1.44769,1.00,1.00
2014.10.10 04:53:30.275,1.44752,1.44769,1.00,1.37
2014.10.10 04:53:30.377,1.44758,1.44766,1.00,1.00
2014.10.10 04:53:30.478,1.44758,1.44768,1.00,1.00
2014.10.10 04:53:30.579,1.44758,1.4477,1.00,1.00
2014.10.10 04:53:31.342,1.44758,1.44768,1.00,1.00
2014.10.10 04:53:31.392,1.44754,1.44768,1.00,1.12
2014.10.10 04:53:31.443,1.44754,1.44765,1.00,1.00
2014.10.10 04:53:31.494,1.44751,1.44765,1.00,1.00
2014.10.10 04:53:32.527,1.44751,1.44762,1.00,1.00
2014.10.10 04:53:36.450,1.44747,1.44762,1.50,1.00
2014.10.10 04:53:36.501,1.44748,1.44764,1.00,1.00
2014.10.10 04:53:36.704,1.44748,1.44761,1.00,1.00
2014.10.10 04:53:36.756,1.44745,1.44761,1.00,1.50
2014.10.10 04:53:36.857,1.44743,1.44757,1.50,1.00
2014.10.10 04:53:37.171,1.44739,1.44754,1.00,1.00
2014.10.10 04:53:37.274,1.44734,1.4475,1.00,1.00
2014.10.10 04:53:37.941,1.44735,1.44751,1.00,1.00
2014.10.10 04:53:38.043,1.44734,1.44753,1.00,1.00
2014.10.10 04:53:38.295,1.44734,1.4475,1.00,1.00
2014.10.10 04:53:40.922,1.44737,1.44752,1.00,1.00
2014.10.10 04:53:41.024,1.44737,1.44754,1.00,1.00
2014.10.10 04:53:41.277,1.4474,1.44754,1.00,1.00
2014.10.10 04:53:41.480,1.44741,1.44758,1.00,1.50
2014.10.10 04:53:41.581,1.44744,1.44758,1.00,1.50
2014.10.10 04:53:41.683,1.44746,1.44761,1.00,1.00
2014.10.10 04:53:41.835,1.44746,1.44764,1.50,1.12
2014.10.10 04:53:41.936,1.44747,1.44766,1.50,1.87
2014.10.10 04:53:43.540,1.44747,1.44767,1.50,2.62
2014.10.10 04:53:48.587,1.44749,1.44767,1.00,2.25
2014.10.10 04:53:49.400,1.44747,1.44767,1.69,1.87
2014.10.10 04:53:49.502,1.44753,1.44767,1.00,1.00
2014.10.10 04:53:49.654,1.44755,1.44771,2.25,1.00
2014.10.10 04:53:49.705,1.44759,1.44775,1.00,1.87
2014.10.10 04:53:49.908,1.44757,1.44775,1.69,1.50
2014.10.10 04:53:49.959,1.44759,1.44775,1.00,1.00
2014.10.10 04:53:50.162,1.44754,1.44771,1.50,1.00
2014.10.10 04:53:50.366,1.44752,1.44769,1.00,1.00
2014.10.10 04:53:50.721,1.4475,1.44767,1.00,1.00
2014.10.10 04:53:51.240,1.4475,1.44766,1.00,1.00
2014.10.10 04:53:52.254,1.4475,1.44766,1.00,1.37
2014.10.10 04:53:56.683,1.44749,1.44766,1.00,1.37
2014.10.10 04:53:57.207,1.44749,1.44764,1.00,1.00
2014.10.10 04:54:12.066,1.44749,1.44767,1.00,1.87
2014.10.10 04:54:12.667,1.44749,1.44767,1.00,1.87
2014.10.10 04:54:13.268,1.44749,1.44767,1.00,1.87
2014.10.10 04:54:13.370,1.44749,1.44767,1.00,1.87
2014.10.10 04:54:14.711,1.44749,1.44767,1.00,1.87
2014.10.10 04:54:15.222,1.44749,1.44769,1.50,1.87
2014.10.10 04:54:16.748,1.4475,1.44769,1.00,1.87
2014.10.10 04:54:19.188,1.4475,1.44769,1.00,1.37
2014.10.10 04:54:19.542,1.44748,1.44764,1.00,1.12
2014.10.10 04:54:19.896,1.44748,1.44764,1.00,1.37
2014.10.10 04:54:20.048,1.44746,1.44764,1.50,1.87
2014.10.10 04:54:23.302,1.44746,1.44763,1.00,1.37
2014.10.10 04:54:23.352,1.44748,1.44763,1.00,1.37
2014.10.10 04:54:23.657,1.44758,1.44776,1.00,2.62
2014.10.10 04:54:29.730,1.44758,1.44776,1.00,1.12
2014.10.10 04:54:31.829,1.44759,1.44777,1.00,1.37
2014.10.10 04:54:32.588,1.44761,1.44777,1.00,1.37
2014.10.10 04:54:32.740,1.44763,1.4478,1.00,1.50
2014.10.10 04:54:32.892,1.44767,1.4478,1.00,1.00
2014.10.10 04:54:32.943,1.44768,1.44784,1.00,1.00
2014.10.10 04:54:33.348,1.44769,1.44787,1.00,1.00
2014.10.10 04:54:33.701,1.44772,1.4479,1.00,1.50
2014.10.10 04:54:34.005,1.44774,1.44791,1.00,1.00
2014.10.10 04:54:34.510,1.44774,1.44791,1.00,2.62
2014.10.10 04:54:34.612,1.44771,1.44791,1.00,4.12
2014.10.10 04:54:34.713,1.44769,1.44789,1.00,1.50
2014.10.10 04:54:34.865,1.44769,1.44785,1.00,1.00
2014.10.10 04:54:35.068,1.44767,1.44785,1.00,2.25
2014.10.10 04:54:35.371,1.44765,1.44785,1.00,2.25
2014.10.10 04:54:39.358,1.44765,1.44783,1.00,1.00
2014.10.10 04:54:40.445,1.44763,1.44783,1.00,1.50
2014.10.10 04:54:42.425,1.44763,1.44783,1.00,1.87
2014.10.10 04:54:42.974,1.44763,1.44783,1.00,1.87
2014.10.10 04:54:43.477,1.44763,1.44783,1.50,1.87
2014.10.10 04:54:44.006,1.44763,1.44783,1.00,1.87
2014.10.10 04:54:45.477,1.44763,1.44783,1.00,1.37
2014.10.10 04:54:45.942,1.44763,1.44783,1.00,2.25
2014.10.10 04:54:46.245,1.44763,1.44781,1.00,1.37
2014.10.10 04:54:46.397,1.44763,1.44782,1.00,1.00
2014.10.10 04:54:55.070,1.44763,1.44782,1.00,1.19
2014.10.10 04:54:55.273,1.44758,1.44776,1.00,1.00
2014.10.10 04:54:55.789,1.44758,1.44775,1.00,1.00
2014.10.10 04:54:56.387,1.44758,1.44776,1.00,1.00
2014.10.10 04:54:56.703,1.4476,1.44777,1.00,1.00
2014.10.10 04:54:57.058,1.44761,1.44781,1.50,2.25
2014.10.10 04:54:57.109,1.44764,1.44781,1.00,1.00
2014.10.10 04:54:57.618,1.44765,1.44782,1.00,1.00
2014.10.10 04:54:58.329,1.44768,1.44783,1.00,1.00
2014.10.10 04:54:58.582,1.44772,1.44789,1.00,2.25
2014.10.10 04:54:58.684,1.44774,1.44789,1.00,1.00
2014.10.10 04:54:58.836,1.44774,1.44792,1.00,1.50
2014.10.10 04:55:03.013,1.44774,1.44791,1.00,1.00
2014.10.10 04:55:06.670,1.44774,1.44788,1.00,1.00
2014.10.10 04:55:06.721,1.44772,1.44788,1.00,1.00
2014.10.10 04:55:06.823,1.44768,1.44787,1.12,1.00
2014.10.10 04:55:06.874,1.44768,1.44784,1.00,1.00
2014.10.10 04:55:07.178,1.44766,1.44784,1.50,1.50
2014.10.10 04:55:26.589,1.44766,1.44783,1.00,1.00
2014.10.10 04:55:27.203,1.44765,1.44784,1.00,3.00
2014.10.10 04:55:29.549,1.44765,1.44781,1.00,1.37
2014.10.10 04:55:29.701,1.44761,1.44777,1.00,1.50
2014.10.10 04:55:30.206,1.4476,1.44778,1.00,2.62
2014.10.10 04:55:30.494,1.44758,1.44777,1.25,1.87
2014.10.10 04:55:30.999,1.44758,1.44778,1.50,2.25
2014.10.10 04:55:31.742,1.44758,1.44777,1.50,1.00
2014.10.10 04:55:32.820,1.44758,1.44776,1.50,1.00
2014.10.10 04:55:35.603,1.44762,1.44776,1.00,1.00
2014.10.10 04:55:35.857,1.44762,1.44779,1.50,1.00
2014.10.10 04:55:36.009,1.44764,1.4478,1.00,1.00
2014.10.10 04:55:36.320,1.44764,1.44782,1.00,1.00
2014.10.10 04:55:46.676,1.44765,1.44782,1.00,1.00
2014.10.10 04:55:47.989,1.44764,1.44781,1.00,1.00
2014.10.10 04:55:48.394,1.44761,1.4478,1.00,1.50
2014.10.10 04:55:48.943,1.44761,1.44779,1.00,1.00
2014.10.10 04:55:50.324,1.44761,1.44778,1.00,1.00
2014.10.10 04:55:52.071,1.44761,1.44779,1.00,1.50
2014.10.10 04:55:52.762,1.44762,1.44779,1.00,1.50
2014.10.10 04:55:53.734,1.44762,1.4478,1.00,1.50
2014.10.10 04:55:54.810,1.44765,1.4478,1.00,1.00
2014.10.10 04:55:54.911,1.44765,1.44782,1.00,1.00
2014.10.10 04:55:55.013,1.44763,1.44781,1.00,1.50
2014.10.10 04:55:55.215,1.44767,1.44781,1.00,1.00
2014.10.10 04:55:55.367,1.44768,1.44784,1.00,1.00
2014.10.10 04:55:55.874,1.44768,1.44785,1.00,1.00
2014.10.10 04:55:56.831,1.44767,1.44785,1.50,1.50
2014.10.10 04:55:56.936,1.44767,1.44777,1.00,1.00
2014.10.10 04:55:56.987,1.44765,1.44777,1.00,1.00
2014.10.10 04:55:57.038,1.44765,1.44782,1.00,1.00
2014.10.10 04:55:57.241,1.44763,1.44781,1.50,1.00
2014.10.10 04:56:01.395,1.44765,1.44783,1.00,1.50
2014.10.10 04:56:01.750,1.44767,1.44783,1.00,1.00
2014.10.10 04:56:03.640,1.44768,1.44783,1.00,1.00
2014.10.10 04:56:03.691,1.44769,1.44785,1.00,1.00
2014.10.10 04:56:03.792,1.44772,1.44788,1.00,1.00
2014.10.10 04:56:04.096,1.44769,1.44785,1.00,1.12
2014.10.10 04:56:04.602,1.44772,1.44786,1.00,1.00
2014.10.10 04:56:04.653,1.44772,1.44788,1.00,1.50
2014.10.10 04:56:05.362,1.44772,1.44786,1.00,1.00
2014.10.10 04:56:05.464,1.44769,1.44785,1.00,1.00
2014.10.10 04:56:06.014,1.44768,1.44784,1.00,1.00
2014.10.10 04:56:06.685,1.44766,1.44784,2.25,1.00
2014.10.10 04:56:07.769,1.44768,1.44784,1.00,1.00
2014.10.10 04:56:08.359,1.44768,1.44783,1.00,1.00
2014.10.10 04:56:09.645,1.44766,1.44783,2.25,1.00
2014.10.10 04:56:10.881,1.44766,1.44784,2.25,1.00
2014.10.10 04:56:22.282,1.44768,1.44784,1.00,1.50
2014.10.10 04:56:32.433,1.44767,1.44783,1.00,1.00
2014.10.10 04:56:36.952,1.44769,1.44783,1.00,1.00
2014.10.10 04:56:37.256,1.44777,1.44791,1.50,1.00
2014.10.10 04:56:37.307,1.44777,1.44793,1.50,1.00
2014.10.10 04:56:37.410,1.44779,1.44793,1.00,1.00
2014.10.10 04:56:37.461,1.44781,1.44796,1.00,1.00
2014.10.10 04:56:38.605,1.44781,1.44797,1.00,1.00
2014.10.10 04:56:39.165,1.44781,1.44796,1.00,1.00
2014.10.10 04:56:39.575,1.44781,1.44785,1.00,1.00
2014.10.10 04:56:39.677,1.4477,1.44784,1.50,1.00
2014.10.10 04:56:39.829,1.44766,1.44783,1.60,1.50
2014.10.10 04:56:39.880,1.44767,1.4478,1.35,1.00
2014.10.10 04:56:40.234,1.44768,1.44782,1.00,1.00
2014.10.10 04:56:40.285,1.4477,1.44782,1.00,1.00
2014.10.10 04:56:40.336,1.4477,1.44784,1.00,1.12
2014.10.10 04:56:40.387,1.44768,1.44784,3.00,1.12
2014.10.10 04:56:40.438,1.4477,1.44786,1.00,1.37
2014.10.10 04:56:40.943,1.44769,1.44785,1.00,1.12
2014.10.10 04:56:42.886,1.44769,1.44781,1.00,1.00
2014.10.10 04:56:42.988,1.44766,1.44781,1.00,1.00
2014.10.10 04:56:43.510,1.44766,1.4478,1.00,1.00
2014.10.10 04:56:45.339,1.44766,1.44781,1.00,1.00
2014.10.10 04:56:45.899,1.44765,1.44781,1.00,1.00
2014.10.10 04:56:46.892,1.44764,1.44781,1.00,1.00
2014.10.10 04:56:47.199,1.44764,1.44779,1.00,1.12
2014.10.10 04:56:47.504,1.44758,1.44774,1.00,1.00
2014.10.10 04:56:47.605,1.44758,1.4477,1.00,1.00
2014.10.10 04:56:47.707,1.44753,1.44768,1.00,1.87
2014.10.10 04:56:47.809,1.4475,1.44767,1.50,1.12
2014.10.10 04:56:48.416,1.44752,1.44768,1.00,1.00
2014.10.10 04:56:48.720,1.44756,1.44771,1.50,1.00
2014.10.10 04:56:49.248,1.44756,1.44772,1.50,1.00
2014.10.10 04:56:49.857,1.44758,1.44772,1.00,1.50
2014.10.10 04:56:49.959,1.44758,1.44775,2.25,1.00
2014.10.10 04:56:50.415,1.44765,1.44776,1.00,1.00
2014.10.10 04:56:50.618,1.44765,1.44779,1.00,1.00
2014.10.10 04:56:50.770,1.44765,1.44782,1.00,1.50
2014.10.10 04:56:51.879,1.44765,1.44783,2.25,2.25
2014.10.10 04:56:55.880,1.44765,1.44781,2.25,1.00
2014.10.10 04:56:56.135,1.44765,1.44783,1.50,1.00
2014.10.10 04:56:56.237,1.44768,1.44783,1.00,1.00
2014.10.10 04:56:56.289,1.44768,1.44786,1.00,2.25
2014.10.10 04:56:56.340,1.44766,1.44783,2.25,1.00
2014.10.10 04:56:56.897,1.44766,1.44782,1.00,1.00
2014.10.10 04:56:57.252,1.44764,1.44782,2.25,2.25
2014.10.10 04:56:57.800,1.44764,1.44781,2.25,1.00
2014.10.10 04:56:58.053,1.44767,1.44781,1.50,1.00
2014.10.10 04:56:58.357,1.44765,1.44781,1.00,1.00
2014.10.10 04:56:58.873,1.44765,1.44779,1.00,1.00
2014.10.10 04:56:59.410,1.44765,1.44778,1.00,1.00
2014.10.10 04:56:59.628,1.44765,1.44781,1.00,1.00
2014.10.10 04:56:59.830,1.44767,1.4478,1.00,1.00
2014.10.10 04:57:00.033,1.44765,1.4478,1.00,1.00
2014.10.10 04:57:01.409,1.44765,1.44781,1.00,1.50
2014.10.10 04:57:01.561,1.44767,1.44781,1.00,1.00
2014.10.10 04:57:02.051,1.44767,1.44783,2.25,1.00
2014.10.10 04:57:02.572,1.44768,1.44784,1.00,1.00
2014.10.10 04:57:06.921,1.44768,1.4478,1.00,1.00
2014.10.10 04:57:06.972,1.44766,1.4478,1.00,1.00
2014.10.10 04:57:07.123,1.44766,1.44778,1.00,1.00
2014.10.10 04:57:07.174,1.44764,1.44778,2.25,1.00
2014.10.10 04:57:07.404,1.44764,1.44781,1.50,1.00
2014.10.10 04:57:07.456,1.44767,1.44781,1.00,1.00
2014.10.10 04:57:07.507,1.44767,1.44784,1.00,1.50
2014.10.10 04:57:07.660,1.44769,1.44784,1.00,1.00
2014.10.10 04:57:07.864,1.4477,1.44786,1.00,1.00
2014.10.10 04:57:08.082,1.4477,1.44784,1.00,1.00
2014.10.10 04:57:12.569,1.44769,1.44784,1.00,1.12
2014.10.10 04:57:13.388,1.44769,1.44781,1.00,1.00
2014.10.10 04:57:14.153,1.44769,1.44784,1.00,1.00
2014.10.10 04:57:16.138,1.44769,1.44781,1.00,1.00
2014.10.10 04:57:19.629,1.44769,1.44784,1.00,1.00
2014.10.10 04:57:27.131,1.44769,1.44782,1.00,1.00
2014.10.10 04:57:30.299,1.44769,1.4478,1.00,1.00
2014.10.10 04:57:36.677,1.44769,1.44778,1.00,1.00
2014.10.10 04:57:36.779,1.44766,1.44778,1.00,1.00
2014.10.10 04:57:36.880,1.44764,1.44779,1.00,1.00
2014.10.10 04:57:36.932,1.44764,1.44776,1.00,1.00
2014.10.10 04:57:37.387,1.44765,1.44778,1.00,1.00
2014.10.10 04:57:37.489,1.44766,1.44781,1.00,1.00
2014.10.10 04:57:38.693,1.44766,1.44779,1.00,1.00
2014.10.10 04:57:39.149,1.44766,1.44781,2.25,1.00
2014.10.10 04:57:42.397,1.44766,1.4478,2.25,1.00
2014.10.10 04:57:43.383,1.44767,1.4478,1.00,1.00
2014.10.10 04:57:43.550,1.44767,1.44783,1.50,1.00
2014.10.10 04:57:43.601,1.4477,1.44783,1.00,1.00
2014.10.10 04:57:44.130,1.4477,1.44784,1.00,1.00
2014.10.10 04:57:45.253,1.44771,1.44784,1.00,1.00
2014.10.10 04:57:46.040,1.4477,1.44784,1.00,1.00
2014.10.10 04:57:47.191,1.44771,1.44784,1.00,1.00
2014.10.10 04:57:47.740,1.4477,1.44784,1.50,1.00
2014.10.10 04:57:48.709,1.44769,1.44783,1.50,1.00
2014.10.10 04:57:49.214,1.44769,1.44782,1.00,1.00
2014.10.10 04:57:50.678,1.44769,1.44783,1.00,1.00
2014.10.10 04:57:51.189,1.44769,1.44784,1.00,1.00
2014.10.10 04:57:51.720,1.4477,1.44784,1.00,1.50
2014.10.10 04:58:01.500,1.4477,1.44785,1.00,1.00
2014.10.10 04:58:01.550,1.4477,1.44787,1.00,1.50
2014.10.10 04:58:01.703,1.4477,1.44787,1.37,1.50
2014.10.10 04:58:01.906,1.44777,1.44793,1.00,1.50
2014.10.10 04:58:02.210,1.44778,1.44791,1.00,1.00
2014.10.10 04:58:03.709,1.44777,1.44791,1.00,1.00
2014.10.10 04:58:03.812,1.44773,1.44789,1.50,1.00
2014.10.10 04:58:03.913,1.44775,1.44791,1.00,2.25
2014.10.10 04:58:04.217,1.44775,1.44788,1.00,1.00
2014.10.10 04:58:04.571,1.44771,1.44788,1.00,1.00
2014.10.10 04:58:05.248,1.44771,1.44787,1.00,1.00
2014.10.10 04:58:05.621,1.44771,1.44785,1.00,1.00
2014.10.10 04:58:12.684,1.44771,1.44787,1.00,1.37
2014.10.10 04:58:13.661,1.44771,1.44789,1.00,2.62
2014.10.10 04:58:14.675,1.44771,1.44789,1.00,2.25
2014.10.10 04:58:20.079,1.44772,1.44789,1.00,1.00
2014.10.10 04:58:22.870,1.44769,1.44787,1.50,1.00
2014.10.10 04:58:22.972,1.44772,1.44788,1.00,1.00
2014.10.10 04:58:25.139,1.44771,1.44787,1.00,1.00
2014.10.10 04:58:26.283,1.44771,1.44789,1.00,2.62
2014.10.10 04:58:32.885,1.44771,1.44787,1.00,1.12
2014.10.10 04:58:39.788,1.44771,1.44789,1.37,1.00
2014.10.10 04:58:39.890,1.44778,1.44791,1.00,1.00
2014.10.10 04:58:40.042,1.44778,1.44794,1.00,1.00
2014.10.10 04:58:41.188,1.44778,1.44794,1.00,1.37
2014.10.10 04:58:50.959,1.44778,1.44795,1.00,1.37
2014.10.10 04:58:51.162,1.44778,1.44796,1.00,2.25
2014.10.10 04:58:51.674,1.44779,1.44796,1.00,1.37
2014.10.10 04:58:51.928,1.4478,1.44797,1.00,1.12
2014.10.10 04:58:52.030,1.44784,1.448,1.00,1.37
2014.10.10 04:58:52.507,1.44784,1.448,1.00,1.37
2014.10.10 04:58:52.811,1.44785,1.44802,1.00,1.00
2014.10.10 04:58:52.862,1.44784,1.44798,1.00,1.00
2014.10.10 04:58:52.914,1.44782,1.44798,1.00,1.00
2014.10.10 04:58:53.015,1.44783,1.448,1.00,1.00
2014.10.10 04:58:53.320,1.44782,1.4479,1.00,1.00
2014.10.10 04:58:53.421,1.44779,1.44794,1.00,1.00
2014.10.10 04:58:53.523,1.44776,1.44791,1.00,1.00
2014.10.10 04:58:53.675,1.44773,1.44789,1.00,1.00
2014.10.10 04:58:53.726,1.44773,1.44791,1.00,1.50
2014.10.10 04:58:53.777,1.44772,1.44788,1.50,1.00
2014.10.10 04:58:55.633,1.44774,1.44788,1.00,1.00
2014.10.10 04:58:55.734,1.44772,1.44788,1.50,1.00
2014.10.10 04:58:56.503,1.44774,1.4479,1.00,1.87
2014.10.10 04:58:56.964,1.44777,1.44795,1.00,2.25
2014.10.10 04:58:57.471,1.44777,1.44794,1.00,1.00
2014.10.10 04:58:57.623,1.44777,1.44792,1.00,1.00
2014.10.10 04:58:57.726,1.44775,1.44791,1.00,1.00
2014.10.10 04:59:03.386,1.44775,1.4479,1.00,1.00
2014.10.10 04:59:05.160,1.44775,1.44788,1.00,1.00
2014.10.10 04:59:05.699,1.44774,1.44788,1.50,1.00
2014.10.10 04:59:25.529,1.44772,1.44788,1.00,1.50
2014.10.10 04:59:26.489,1.44772,1.44787,1.00,1.00
2014.10.10 04:59:26.742,1.44771,1.44785,1.00,1.00
2014.10.10 04:59:26.885,1.44769,1.44785,1.00,1.50
2014.10.10 04:59:27.426,1.44769,1.44784,1.00,1.00
2014.10.10 04:59:33.797,1.44769,1.44785,1.00,2.62
2014.10.10 04:59:33.999,1.44772,1.44787,1.00,1.00
2014.10.10 04:59:34.455,1.44773,1.44789,1.00,1.50
2014.10.10 04:59:37.007,1.44774,1.44789,1.00,1.00
2014.10.10 04:59:39.107,1.44774,1.4479,1.00,1.00
2014.10.10 04:59:43.363,1.44774,1.44789,1.00,1.00
2014.10.10 04:59:50.364,1.44774,1.4479,1.00,1.00
2014.10.10 04:59:50.515,1.44777,1.44791,1.00,1.00
2014.10.10 04:59:50.876,1.44779,1.44792,1.00,1.00
2014.10.10 04:59:51.338,1.44779,1.44794,1.00,1.00
2014.10.10 04:59:54.866,1.44779,1.4479,1.00,1.00
2014.10.10 04:59:55.376,1.44778,1.44791,1.00,1.00
2014.10.10 04:59:56.030,1.44777,1.44791,1.00,1.50
2014.10.10 04:59:56.577,1.44775,1.44791,1.00,1.50
