2013.06.11 06:00:00.059,1.41004,1.41026,1.32,2.25
2013.06.11 06:00:00.186,1.41002,1.41025,1.69,1.69
2013.06.11 06:00:00.726,1.40999,1.41025,3.19,1.69
2013.06.11 06:00:01.087,1.41002,1.41026,1.32,1.69
2013.06.11 06:00:01.447,1.41005,1.41028,1.32,1.50
2013.06.11 06:00:01.958,1.41004,1.41027,2.82,1.50
2013.06.11 06:00:02.137,1.41007,1.41028,1.32,1.50
2013.06.11 06:00:02.316,1.41009,1.41033,1.32,1.50
2013.06.11 06:00:02.886,1.41009,1.41034,2.07,1.50
2013.06.11 06:00:03.256,1.41007,1.41028,1.32,1.50
2013.06.11 06:00:03.376,1.41007,1.41028,1.32,1.50
2013.06.11 06:00:03.796,1.41006,1.41029,1.32,1.69
2013.06.11 06:00:03.991,1.41006,1.41029,1.32,1.69
2013.06.11 06:00:04.117,1.41005,1.41031,1.69,1.69
2013.06.11 06:00:04.176,1.41004,1.41031,3.19,2.44
2013.06.11 06:00:04.298,1.41006,1.41031,1.88,1.69
2013.06.11 06:00:04.367,1.41009,1.41032,1.13,1.50
2013.06.11 06:00:04.488,1.4101,1.41038,1.32,2.44
2013.06.11 06:00:04.730,1.41011,1.41035,2.07,1.69
2013.06.11 06:00:04.798,1.41009,1.41037,3.94,2.07
2013.06.11 06:00:04.917,1.41009,1.41037,2.44,2.07
2013.06.11 06:00:05.297,1.41012,1.41037,1.32,1.69
2013.06.11 06:00:05.476,1.41012,1.41037,1.32,2.07
2013.06.11 06:00:06.016,1.4101,1.41035,2.82,1.50
2013.06.11 06:00:06.375,1.4101,1.41035,1.13,1.50
2013.06.11 06:00:06.676,1.41005,1.41032,1.13,1.69
2013.06.11 06:00:06.977,1.41005,1.41031,1.32,1.69
2013.06.11 06:00:07.532,1.41005,1.41029,1.32,1.69
2013.06.11 06:00:08.336,1.41005,1.41028,1.32,1.69
2013.06.11 06:00:08.396,1.41002,1.41028,1.32,1.69
2013.06.11 06:00:09.083,1.41005,1.41028,1.32,1.69
2013.06.11 06:00:09.148,1.41007,1.41028,1.50,2.07
2013.06.11 06:00:09.387,1.41006,1.41028,1.32,1.50
2013.06.11 06:00:09.568,1.41004,1.4103,1.13,1.69
2013.06.11 06:00:09.869,1.40999,1.41025,1.69,1.50
2013.06.11 06:00:09.997,1.41001,1.41025,1.69,1.50
2013.06.11 06:00:10.059,1.41001,1.41025,1.69,1.50
2013.06.11 06:00:10.429,1.41002,1.41026,2.44,1.69
2013.06.11 06:00:10.668,1.41003,1.41027,2.44,2.07
2013.06.11 06:00:10.849,1.41005,1.41029,2.10,1.69
2013.06.11 06:00:11.156,1.41009,1.41031,1.13,1.69
2013.06.11 06:00:11.576,1.41005,1.41028,3.94,1.50
2013.06.11 06:00:12.007,1.41006,1.4103,2.44,2.82
2013.06.11 06:00:12.129,1.41006,1.4103,1.69,3.75
2013.06.11 06:00:12.436,1.41003,1.41028,2.07,1.88
2013.06.11 06:00:12.885,1.41003,1.41027,1.32,1.69
2013.06.11 06:00:13.305,1.41002,1.41026,2.07,1.88
2013.06.11 06:00:13.426,1.41002,1.41026,2.07,2.63
2013.06.11 06:00:13.787,1.41002,1.41026,2.07,1.13
2013.06.11 06:00:14.086,1.41,1.41024,2.82,1.13
2013.06.11 06:00:14.636,1.41,1.41022,1.69,1.50
2013.06.11 06:00:16.219,1.40998,1.41022,2.82,1.69
2013.06.11 06:00:17.665,1.41003,1.41024,1.50,1.69
2013.06.11 06:00:17.979,1.41002,1.41024,2.44,1.13
2013.06.11 06:00:18.516,1.41001,1.41024,1.69,1.13
2013.06.11 06:00:18.696,1.40997,1.41018,2.44,2.18
2013.06.11 06:00:18.816,1.40995,1.41018,2.07,3.87
2013.06.11 06:00:19.118,1.40996,1.41019,1.73,3.19
2013.06.11 06:00:19.599,1.40988,1.41016,1.32,3.19
2013.06.11 06:00:19.667,1.40991,1.41015,1.32,1.69
2013.06.11 06:00:19.847,1.40985,1.41012,1.32,2.44
2013.06.11 06:00:19.908,1.40984,1.41012,1.17,3.19
2013.06.11 06:00:20.266,1.40988,1.41013,1.32,1.69
2013.06.11 06:00:20.627,1.40992,1.41014,1.32,1.50
2013.06.11 06:00:20.746,1.40992,1.41014,1.32,1.50
2013.06.11 06:00:21.258,1.40995,1.41019,2.29,2.25
2013.06.11 06:00:21.326,1.40997,1.41021,1.69,3.00
2013.06.11 06:00:21.579,1.40993,1.41019,1.69,1.69
2013.06.11 06:00:21.648,1.40991,1.41018,1.69,1.69
2013.06.11 06:00:22.186,1.40994,1.41018,1.35,1.69
2013.06.11 06:00:22.487,1.40993,1.41018,1.92,2.07
2013.06.11 06:00:22.846,1.40991,1.41014,1.32,1.69
2013.06.11 06:00:22.966,1.4099,1.41014,2.07,1.69
2013.06.11 06:00:23.619,1.40991,1.41014,1.69,1.32
2013.06.11 06:00:23.738,1.40993,1.41014,1.50,1.69
2013.06.11 06:00:23.857,1.40991,1.41014,1.50,1.69
2013.06.11 06:00:23.978,1.40991,1.41014,1.50,1.69
2013.06.11 06:00:24.048,1.40993,1.4102,1.69,2.25
2013.06.11 06:00:24.287,1.40995,1.41019,1.50,1.50
2013.06.11 06:00:24.936,1.40996,1.41021,1.50,2.44
2013.06.11 06:00:25.457,1.40994,1.41021,2.44,3.19
2013.06.11 06:00:26.236,1.40993,1.41021,2.44,3.57
2013.06.11 06:00:26.556,1.40992,1.41019,1.69,1.69
2013.06.11 06:00:26.679,1.40992,1.41016,1.50,1.69
2013.06.11 06:00:27.295,1.40992,1.41017,1.50,1.69
2013.06.11 06:00:27.370,1.40992,1.4102,1.32,2.82
2013.06.11 06:00:27.441,1.40994,1.4102,1.32,2.82
2013.06.11 06:00:27.996,1.40996,1.4102,1.32,1.69
2013.06.11 06:00:28.389,1.40995,1.4102,1.32,2.82
2013.06.11 06:00:28.987,1.40996,1.41022,1.32,2.44
2013.06.11 06:00:29.485,1.40996,1.41019,1.32,1.69
2013.06.11 06:00:30.236,1.40994,1.41021,1.32,1.69
2013.06.11 06:00:30.429,1.40994,1.41021,2.07,1.69
2013.06.11 06:00:31.699,1.40994,1.41013,1.32,1.50
2013.06.11 06:00:31.829,1.40984,1.41012,1.50,2.44
2013.06.11 06:00:31.947,1.40983,1.41013,1.32,4.69
2013.06.11 06:00:32.126,1.40985,1.41012,1.50,2.44
2013.06.11 06:00:32.706,1.40982,1.41012,2.29,2.44
2013.06.11 06:00:32.927,1.40982,1.41006,1.50,1.69
2013.06.11 06:00:33.226,1.40974,1.40997,1.69,1.69
2013.06.11 06:00:33.466,1.40977,1.40998,1.50,1.69
2013.06.11 06:00:33.997,1.40979,1.40999,1.50,1.69
2013.06.11 06:00:35.207,1.4098,1.40999,2.25,1.69
2013.06.11 06:00:35.445,1.4098,1.41005,3.19,3.19
2013.06.11 06:00:36.596,1.40981,1.41006,2.44,1.69
2013.06.11 06:00:40.308,1.40981,1.41004,1.32,1.88
2013.06.11 06:00:40.907,1.40982,1.41004,1.50,2.07
2013.06.11 06:00:41.266,1.40984,1.41008,1.32,2.44
2013.06.11 06:00:41.628,1.40985,1.41007,1.13,2.07
2013.06.11 06:00:41.986,1.40987,1.41011,1.32,2.07
2013.06.11 06:00:42.746,1.4099,1.41007,1.13,1.50
2013.06.11 06:00:42.806,1.4099,1.41007,1.13,1.50
2013.06.11 06:00:46.298,1.40993,1.41007,1.13,1.50
2013.06.11 06:00:47.978,1.40993,1.41011,1.32,1.88
2013.06.11 06:00:48.337,1.40993,1.41009,2.07,1.50
2013.06.11 06:00:48.518,1.40995,1.4101,1.50,1.50
2013.06.11 06:00:49.159,1.40995,1.41013,1.50,1.50
2013.06.11 06:00:49.516,1.40994,1.4101,1.13,1.50
2013.06.11 06:00:50.137,1.40993,1.4101,1.69,1.50
2013.06.11 06:00:50.377,1.40991,1.41011,2.44,1.88
2013.06.11 06:00:51.227,1.40993,1.41011,1.69,1.88
2013.06.11 06:00:51.829,1.40991,1.41009,4.32,1.88
2013.06.11 06:00:55.975,1.40994,1.4101,1.69,1.50
2013.06.11 06:00:56.657,1.40992,1.41009,2.07,1.50
2013.06.11 06:00:57.198,1.40994,1.41009,1.32,1.50
2013.06.11 06:00:57.719,1.40995,1.4101,1.32,1.50
2013.06.11 06:00:58.017,1.40994,1.41013,1.69,1.35
2013.06.11 06:00:58.256,1.40992,1.4101,2.44,1.88
2013.06.11 06:00:58.476,1.40992,1.4101,2.44,1.50
2013.06.11 06:00:59.158,1.40998,1.41013,1.32,1.50
2013.06.11 06:00:59.277,1.40995,1.41014,1.32,1.50
2013.06.11 06:00:59.517,1.40993,1.41015,2.82,1.50
2013.06.11 06:00:59.699,1.40989,1.41007,1.69,1.13
2013.06.11 06:00:59.767,1.40987,1.41008,1.69,1.13
2013.06.11 06:00:59.826,1.40986,1.41008,1.50,1.32
2013.06.11 06:01:00.127,1.40982,1.41007,1.32,1.32
2013.06.11 06:01:00.636,1.40983,1.41008,1.69,2.07
2013.06.11 06:01:00.757,1.40983,1.41007,1.69,1.69
2013.06.11 06:01:01.296,1.40981,1.41006,3.19,1.50
2013.06.11 06:01:01.877,1.4098,1.41008,2.44,3.19
2013.06.11 06:01:02.237,1.40982,1.41004,1.69,1.69
2013.06.11 06:01:02.876,1.40983,1.41006,1.92,1.32
2013.06.11 06:01:03.296,1.40978,1.41,2.67,1.13
2013.06.11 06:01:03.356,1.40978,1.40999,2.67,1.13
2013.06.11 06:01:03.596,1.40979,1.41004,3.08,2.44
2013.06.11 06:01:04.017,1.40978,1.41004,1.92,1.69
2013.06.11 06:01:04.613,1.40978,1.41006,2.67,2.82
2013.06.11 06:01:04.686,1.40979,1.41006,1.17,2.82
2013.06.11 06:01:06.547,1.40978,1.41003,1.17,1.69
2013.06.11 06:01:06.968,1.40977,1.41004,2.44,1.69
2013.06.11 06:01:07.326,1.40979,1.41005,1.17,1.32
2013.06.11 06:01:07.888,1.4098,1.41005,1.77,1.32
2013.06.11 06:01:09.176,1.4098,1.41005,1.77,1.69
2013.06.11 06:01:09.296,1.40982,1.41008,1.69,1.69
2013.06.11 06:01:09.356,1.40982,1.41008,1.92,1.69
2013.06.11 06:01:09.716,1.40982,1.41004,1.17,1.88
2013.06.11 06:01:10.217,1.40982,1.41004,1.17,1.88
2013.06.11 06:01:10.747,1.40981,1.41004,2.67,1.13
2013.06.11 06:01:11.046,1.40983,1.41004,1.17,1.13
2013.06.11 06:01:11.566,1.40979,1.41004,1.17,1.32
2013.06.11 06:01:12.114,1.4098,1.41004,1.17,1.32
2013.06.11 06:01:12.428,1.40981,1.41003,1.17,1.88
2013.06.11 06:01:12.917,1.40985,1.41005,2.44,1.88
2013.06.11 06:01:15.166,1.40984,1.41003,1.88,1.50
2013.06.11 06:01:15.406,1.40984,1.41003,1.69,1.50
2013.06.11 06:01:16.149,1.40984,1.41004,4.50,1.88
2013.06.11 06:01:16.222,1.40984,1.41004,3.75,1.88
2013.06.11 06:01:16.758,1.40989,1.41005,2.10,1.13
2013.06.11 06:01:17.646,1.40989,1.41005,2.29,1.50
2013.06.11 06:01:17.827,1.40987,1.41004,1.13,1.88
2013.06.11 06:01:17.947,1.40987,1.41004,1.13,1.88
2013.06.11 06:01:18.486,1.40984,1.41005,1.73,1.88
2013.06.11 06:01:19.028,1.40984,1.41002,1.54,1.50
2013.06.11 06:01:19.576,1.40984,1.41004,1.54,1.50
2013.06.11 06:01:19.636,1.40981,1.41004,3.04,1.69
2013.06.11 06:01:19.696,1.40981,1.41005,3.04,2.07
2013.06.11 06:01:19.757,1.40978,1.41003,4.88,1.13
2013.06.11 06:01:20.816,1.40981,1.41003,1.69,1.13
2013.06.11 06:01:21.058,1.40975,1.40996,2.44,1.13
2013.06.11 06:01:21.118,1.40975,1.40998,1.69,1.88
2013.06.11 06:01:21.177,1.40974,1.40996,1.50,1.32
2013.06.11 06:01:21.297,1.40969,1.40998,1.69,2.44
2013.06.11 06:01:22.467,1.40974,1.40996,1.50,1.69
2013.06.11 06:01:23.061,1.40975,1.40996,1.50,1.69
2013.06.11 06:01:23.816,1.40974,1.40997,1.50,1.69
2013.06.11 06:01:24.056,1.40968,1.40995,2.44,1.32
2013.06.11 06:01:24.300,1.40972,1.40998,1.50,2.07
2013.06.11 06:01:24.861,1.40972,1.40998,1.50,1.69
2013.06.11 06:01:25.477,1.40966,1.40996,1.69,1.69
2013.06.11 06:01:26.187,1.40965,1.40993,2.44,1.69
2013.06.11 06:01:26.497,1.40964,1.40988,2.44,1.50
2013.06.11 06:01:26.615,1.4096,1.40989,1.32,2.44
2013.06.11 06:01:27.738,1.40958,1.40987,2.82,1.69
2013.06.11 06:01:28.106,1.40963,1.40987,1.50,1.69
2013.06.11 06:01:28.526,1.40959,1.40987,3.57,1.69
2013.06.11 06:01:28.646,1.4096,1.40986,1.69,1.69
2013.06.11 06:01:28.887,1.40954,1.40978,1.69,1.32
2013.06.11 06:01:29.007,1.40951,1.40978,1.69,1.32
2013.06.11 06:01:30.279,1.40952,1.40976,1.69,1.32
2013.06.11 06:01:31.507,1.40951,1.40977,1.88,2.44
2013.06.11 06:01:31.747,1.4095,1.40977,2.63,1.69
2013.06.11 06:01:32.176,1.40953,1.40977,1.69,3.00
2013.06.11 06:01:32.716,1.40952,1.40977,2.44,1.13
2013.06.11 06:01:33.017,1.40952,1.40975,2.44,1.50
2013.06.11 06:01:33.718,1.40958,1.4098,1.50,2.59
2013.06.11 06:01:33.956,1.40955,1.40975,1.69,1.50
2013.06.11 06:01:35.086,1.40957,1.40974,1.69,1.88
2013.06.11 06:01:37.069,1.40957,1.40975,1.69,1.88
2013.06.11 06:01:37.188,1.40957,1.40978,1.69,1.13
2013.06.11 06:01:37.367,1.40957,1.40974,1.69,1.88
2013.06.11 06:01:37.487,1.40952,1.40974,1.69,1.13
2013.06.11 06:01:37.666,1.40951,1.40969,1.50,1.13
2013.06.11 06:01:37.907,1.40942,1.40966,2.07,1.32
2013.06.11 06:01:37.967,1.40942,1.40963,1.50,1.32
2013.06.11 06:01:38.027,1.40938,1.40963,1.13,2.07
2013.06.11 06:01:38.506,1.4093,1.40958,1.69,2.07
2013.06.11 06:01:38.866,1.40923,1.4095,1.69,1.32
2013.06.11 06:01:39.476,1.40921,1.4095,3.19,1.13
2013.06.11 06:01:39.555,1.40925,1.40952,1.88,1.69
2013.06.11 06:01:40.516,1.40928,1.40955,2.44,1.69
2013.06.11 06:01:40.817,1.40929,1.40954,1.32,1.50
2013.06.11 06:01:41.126,1.40929,1.40951,2.44,1.50
2013.06.11 06:01:41.480,1.40928,1.4095,3.38,1.50
2013.06.11 06:01:41.856,1.40928,1.40952,1.69,1.13
2013.06.11 06:01:41.976,1.40927,1.40958,3.19,1.69
2013.06.11 06:01:44.026,1.4093,1.40957,2.44,1.13
2013.06.11 06:01:44.860,1.4093,1.40957,3.19,1.69
2013.06.11 06:01:45.227,1.40935,1.40958,1.50,1.88
2013.06.11 06:01:45.566,1.40935,1.40963,2.44,1.13
2013.06.11 06:01:46.986,1.40939,1.40963,1.69,1.69
2013.06.11 06:01:47.047,1.4094,1.40967,1.20,4.32
2013.06.11 06:01:47.226,1.40942,1.40972,1.95,4.69
2013.06.11 06:01:47.646,1.4094,1.40968,1.20,4.13
2013.06.11 06:01:48.601,1.40941,1.40966,1.20,1.32
2013.06.11 06:01:49.395,1.4094,1.40966,1.95,2.07
2013.06.11 06:01:49.518,1.4094,1.40966,1.69,2.07
2013.06.11 06:01:50.056,1.40943,1.40965,1.02,1.32
2013.06.11 06:01:50.488,1.40943,1.40965,1.02,2.07
2013.06.11 06:01:51.017,1.40944,1.40966,1.02,1.69
2013.06.11 06:01:51.077,1.40942,1.40967,1.20,1.69
2013.06.11 06:01:51.695,1.40944,1.4097,1.02,2.44
2013.06.11 06:01:52.216,1.40945,1.40969,1.02,1.69
2013.06.11 06:01:52.776,1.40944,1.40969,1.02,1.69
2013.06.11 06:01:53.496,1.40942,1.40969,1.20,1.69
2013.06.11 06:01:55.136,1.40944,1.4097,1.43,1.69
2013.06.11 06:01:55.260,1.40942,1.4097,1.43,1.69
2013.06.11 06:01:55.326,1.40942,1.4097,1.43,1.69
2013.06.11 06:01:55.857,1.40945,1.40971,1.43,2.07
2013.06.11 06:01:56.218,1.40946,1.40969,1.20,1.32
2013.06.11 06:01:56.458,1.40946,1.40972,1.20,2.07
2013.06.11 06:01:56.577,1.40949,1.40974,1.17,1.69
2013.06.11 06:01:57.138,1.40951,1.40976,1.17,1.69
2013.06.11 06:01:57.726,1.40951,1.40975,1.17,1.32
2013.06.11 06:01:57.786,1.40953,1.40975,1.17,1.32
2013.06.11 06:01:58.106,1.40951,1.40976,1.17,1.32
2013.06.11 06:01:58.786,1.40952,1.40976,1.17,1.69
2013.06.11 06:02:00.187,1.40953,1.40976,1.17,2.07
2013.06.11 06:02:00.707,1.4095,1.40976,1.92,1.32
2013.06.11 06:02:02.179,1.40951,1.40975,1.17,2.07
2013.06.11 06:02:02.249,1.40949,1.40975,1.17,2.44
2013.06.11 06:02:03.287,1.40942,1.40971,1.17,1.69
2013.06.11 06:02:03.647,1.40938,1.40965,1.92,1.32
2013.06.11 06:02:03.706,1.40938,1.40965,1.92,1.32
2013.06.11 06:02:10.596,1.40937,1.40964,1.69,1.69
2013.06.11 06:02:10.897,1.40934,1.40963,2.44,1.88
2013.06.11 06:02:11.017,1.40937,1.40964,1.32,2.44
2013.06.11 06:02:11.538,1.40937,1.40965,1.88,1.69
2013.06.11 06:02:13.496,1.40937,1.40964,1.69,1.69
2013.06.11 06:02:13.826,1.40937,1.40964,1.69,1.69
2013.06.11 06:02:15.275,1.40937,1.40965,1.69,1.69
2013.06.11 06:02:15.636,1.40935,1.40964,1.69,1.69
2013.06.11 06:02:16.616,1.40939,1.40965,1.69,3.19
2013.06.11 06:02:18.356,1.40936,1.40964,1.69,2.44
2013.06.11 06:02:19.327,1.40936,1.40964,3.19,2.44
2013.06.11 06:02:20.577,1.40939,1.40966,1.69,1.69
2013.06.11 06:02:20.936,1.40942,1.40969,2.44,3.19
2013.06.11 06:02:21.356,1.40944,1.40972,2.44,1.69
2013.06.11 06:02:23.090,1.40944,1.4097,1.69,1.69
2013.06.11 06:02:23.397,1.40957,1.4098,1.69,2.44
2013.06.11 06:02:23.518,1.40959,1.40985,1.69,1.69
2013.06.11 06:02:24.057,1.40962,1.40988,1.50,2.82
2013.06.11 06:02:24.426,1.40963,1.40988,1.50,2.44
2013.06.11 06:02:24.486,1.40962,1.4099,1.69,2.07
2013.06.11 06:02:24.667,1.40965,1.40991,1.32,2.63
2013.06.11 06:02:24.969,1.40967,1.40993,1.69,1.50
2013.06.11 06:02:25.277,1.40965,1.40992,3.94,2.25
2013.06.11 06:02:25.816,1.40966,1.4099,1.69,2.25
2013.06.11 06:02:26.356,1.40965,1.40991,2.44,2.25
2013.06.11 06:02:26.536,1.40967,1.40994,1.69,2.44
2013.06.11 06:02:27.321,1.40969,1.40996,1.69,1.69
2013.06.11 06:02:27.458,1.40969,1.40996,1.69,1.69
2013.06.11 06:02:29.316,1.40969,1.40994,1.69,1.50
2013.06.11 06:02:30.184,1.40971,1.40994,1.69,1.50
2013.06.11 06:02:30.607,1.40971,1.40997,1.69,1.69
2013.06.11 06:02:30.966,1.40971,1.40998,1.69,1.69
2013.06.11 06:02:32.809,1.40972,1.40996,1.69,1.32
2013.06.11 06:02:33.786,1.4097,1.40995,1.17,1.69
2013.06.11 06:02:33.937,1.40968,1.40995,1.17,1.69
2013.06.11 06:02:34.917,1.40969,1.40993,1.17,1.69
2013.06.11 06:02:35.430,1.40969,1.40992,1.17,1.69
2013.06.11 06:02:36.396,1.40969,1.40994,1.17,2.44
2013.06.11 06:02:36.519,1.40971,1.40998,1.17,3.94
2013.06.11 06:02:36.948,1.40972,1.41001,2.07,2.44
2013.06.11 06:02:37.067,1.40976,1.41003,1.32,2.82
2013.06.11 06:02:37.186,1.40977,1.41003,1.54,1.69
2013.06.11 06:02:37.367,1.40976,1.41003,2.29,2.44
2013.06.11 06:02:37.728,1.40978,1.41001,1.54,2.44
2013.06.11 06:02:37.966,1.40972,1.40997,1.32,1.69
2013.06.11 06:02:38.087,1.40972,1.40997,1.54,1.69
2013.06.11 06:02:38.206,1.40971,1.40997,1.69,1.69
2013.06.11 06:02:38.266,1.40971,1.40998,1.17,2.44
2013.06.11 06:02:38.385,1.4097,1.40998,1.69,2.44
2013.06.11 06:02:39.138,1.40971,1.40996,1.69,1.50
2013.06.11 06:02:39.496,1.40974,1.40997,1.17,1.69
2013.06.11 06:02:39.977,1.4097,1.40995,1.69,1.69
2013.06.11 06:02:40.096,1.40967,1.40991,1.92,2.44
2013.06.11 06:02:40.156,1.40967,1.40989,1.69,1.50
2013.06.11 06:02:40.217,1.40961,1.40986,2.07,1.50
2013.06.11 06:02:40.337,1.40958,1.40986,1.69,1.69
2013.06.11 06:02:40.518,1.40959,1.40984,1.17,1.50
2013.06.11 06:02:40.699,1.40957,1.40984,1.69,1.50
2013.06.11 06:02:40.877,1.40954,1.40984,2.44,1.69
2013.06.11 06:02:41.998,1.40954,1.40983,1.69,1.69
2013.06.11 06:02:42.701,1.40954,1.40982,1.69,2.44
2013.06.11 06:02:42.888,1.40959,1.40982,1.50,1.50
2013.06.11 06:02:42.949,1.40964,1.40987,1.13,1.13
2013.06.11 06:02:43.498,1.4096,1.40985,1.69,1.50
2013.06.11 06:02:43.626,1.40955,1.40984,2.07,2.44
2013.06.11 06:02:44.046,1.40955,1.40985,2.44,3.19
2013.06.11 06:02:44.226,1.40955,1.40984,2.44,1.69
2013.06.11 06:02:44.698,1.40955,1.40984,1.69,1.69
2013.06.11 06:02:45.206,1.40955,1.40982,1.69,1.69
2013.06.11 06:02:45.921,1.40955,1.4098,1.69,1.69
2013.06.11 06:02:45.996,1.40955,1.40981,1.69,1.69
2013.06.11 06:02:46.238,1.40959,1.40978,1.50,1.50
2013.06.11 06:02:46.539,1.40961,1.40983,1.50,1.32
2013.06.11 06:02:46.607,1.40962,1.40983,1.50,1.13
2013.06.11 06:02:46.730,1.40962,1.40989,2.44,2.44
2013.06.11 06:02:47.826,1.40962,1.40988,2.44,2.44
2013.06.11 06:02:48.067,1.40962,1.40986,1.69,1.50
2013.06.11 06:02:48.368,1.40965,1.40992,2.44,1.69
2013.06.11 06:02:48.427,1.40965,1.40993,1.69,2.44
2013.06.11 06:02:48.608,1.40965,1.4099,1.69,1.69
2013.06.11 06:02:48.786,1.40962,1.40988,1.69,2.44
2013.06.11 06:02:48.846,1.40961,1.40984,1.69,1.35
2013.06.11 06:02:49.206,1.40952,1.40976,2.44,1.32
2013.06.11 06:02:49.330,1.40955,1.40978,2.44,1.50
2013.06.11 06:02:49.401,1.40955,1.40982,2.44,1.69
2013.06.11 06:02:49.587,1.40961,1.40987,1.69,2.82
2013.06.11 06:02:49.826,1.40965,1.40991,1.69,1.69
2013.06.11 06:02:50.259,1.40965,1.40991,1.69,2.44
2013.06.11 06:02:50.378,1.40965,1.4099,1.69,1.88
2013.06.11 06:02:50.927,1.40963,1.40992,3.19,3.19
2013.06.11 06:02:51.366,1.40963,1.4099,3.19,1.13
2013.06.11 06:02:51.427,1.40961,1.40984,1.50,1.24
2013.06.11 06:02:51.486,1.40958,1.40978,1.69,1.50
2013.06.11 06:02:51.786,1.40952,1.40978,1.32,1.69
2013.06.11 06:02:51.987,1.40951,1.40979,1.32,1.69
2013.06.11 06:02:52.598,1.40949,1.40976,2.82,1.69
2013.06.11 06:02:52.956,1.40949,1.40973,1.69,1.32
2013.06.11 06:02:53.419,1.40949,1.40974,1.69,1.32
2013.06.11 06:02:53.616,1.40951,1.40974,1.32,1.88
2013.06.11 06:02:53.796,1.40954,1.40974,1.69,1.13
2013.06.11 06:02:53.857,1.40955,1.40974,1.69,1.13
2013.06.11 06:02:54.156,1.40958,1.40979,2.44,1.88
2013.06.11 06:02:54.337,1.40958,1.40983,3.19,1.32
2013.06.11 06:02:54.576,1.4096,1.40984,1.69,1.88
2013.06.11 06:02:55.037,1.40957,1.40977,1.50,2.07
2013.06.11 06:02:55.097,1.40951,1.40976,3.19,1.69
2013.06.11 06:02:55.158,1.40951,1.40971,2.25,1.69
2013.06.11 06:02:55.337,1.4094,1.40965,3.98,1.32
2013.06.11 06:02:55.636,1.40943,1.4097,1.73,1.69
2013.06.11 06:02:56.928,1.40944,1.4097,1.69,1.69
2013.06.11 06:02:58.207,1.40943,1.40968,1.69,1.69
2013.06.11 06:02:58.568,1.40939,1.40964,1.50,1.69
2013.06.11 06:02:58.928,1.40945,1.40962,1.32,1.13
2013.06.11 06:02:59.287,1.40951,1.40968,1.69,1.50
2013.06.11 06:02:59.468,1.40952,1.40974,1.35,1.88
2013.06.11 06:02:59.588,1.40959,1.40982,1.69,2.44
2013.06.11 06:02:59.647,1.40958,1.40983,1.69,1.69
2013.06.11 06:02:59.768,1.40961,1.4099,1.69,1.32
2013.06.11 06:03:00.488,1.40957,1.40986,1.69,1.69
2013.06.11 06:03:01.088,1.40953,1.40982,1.69,2.44
2013.06.11 06:03:02.497,1.40952,1.40979,1.69,2.07
2013.06.11 06:03:03.039,1.40949,1.40977,2.44,1.32
2013.06.11 06:03:03.566,1.40951,1.40978,1.69,1.32
2013.06.11 06:03:03.867,1.40956,1.4098,1.69,2.82
2013.06.11 06:03:04.437,1.40952,1.40982,1.69,2.82
2013.06.11 06:03:04.737,1.40952,1.40981,1.69,2.44
2013.06.11 06:03:05.038,1.40955,1.40982,1.69,1.69
2013.06.11 06:03:05.336,1.40956,1.40982,1.69,1.69
2013.06.11 06:03:05.983,1.40958,1.40987,2.44,2.44
2013.06.11 06:03:06.055,1.40958,1.40988,3.19,1.69
2013.06.11 06:03:06.308,1.40957,1.40985,1.69,1.13
2013.06.11 06:03:06.427,1.40958,1.40987,1.69,3.19
2013.06.11 06:03:06.789,1.40957,1.40985,1.69,1.69
2013.06.11 06:03:07.147,1.40956,1.40985,1.69,2.44
2013.06.11 06:03:07.270,1.40956,1.40985,1.69,1.69
2013.06.11 06:03:07.456,1.40954,1.40983,1.69,1.69
2013.06.11 06:03:09.846,1.40955,1.40979,1.69,1.50
2013.06.11 06:03:09.907,1.40954,1.40979,1.69,1.50
2013.06.11 06:03:09.967,1.40956,1.4098,1.69,1.50
2013.06.11 06:03:10.269,1.40959,1.40987,2.44,1.69
2013.06.11 06:03:10.396,1.40957,1.40986,1.69,1.69
2013.06.11 06:03:10.636,1.40956,1.40985,1.69,2.44
2013.06.11 06:03:11.026,1.40957,1.40985,1.02,4.69
2013.06.11 06:03:11.326,1.40957,1.40982,1.02,2.63
2013.06.11 06:03:11.653,1.40954,1.4098,1.02,2.07
2013.06.11 06:03:12.357,1.40954,1.40979,1.77,1.32
2013.06.11 06:03:13.267,1.40956,1.40979,1.02,1.32
2013.06.11 06:03:14.406,1.40958,1.40982,1.69,1.32
2013.06.11 06:03:14.767,1.40958,1.40982,1.02,1.69
2013.06.11 06:03:15.336,1.40957,1.40982,1.02,2.44
2013.06.11 06:03:15.396,1.40956,1.40982,1.32,1.69
2013.06.11 06:03:16.358,1.40956,1.40979,1.32,1.50
2013.06.11 06:03:16.597,1.40952,1.40977,1.88,2.44
2013.06.11 06:03:17.126,1.40952,1.40978,1.32,2.44
2013.06.11 06:03:18.377,1.40952,1.40979,1.32,1.69
2013.06.11 06:03:18.557,1.40952,1.40979,1.32,1.69
2013.06.11 06:03:18.738,1.40952,1.40981,1.32,1.69
2013.06.11 06:03:18.797,1.40954,1.40981,1.32,1.69
2013.06.11 06:03:19.157,1.40954,1.40977,1.02,1.50
2013.06.11 06:03:19.518,1.40945,1.40972,1.69,2.44
2013.06.11 06:03:19.917,1.40947,1.40972,1.02,2.44
2013.06.11 06:03:20.437,1.40948,1.40969,1.02,1.69
2013.06.11 06:03:20.676,1.40942,1.40968,2.44,2.44
2013.06.11 06:03:20.737,1.40942,1.40968,2.52,2.44
2013.06.11 06:03:20.856,1.40942,1.40968,1.69,2.44
2013.06.11 06:03:22.076,1.40941,1.40967,2.44,2.44
2013.06.11 06:03:22.256,1.40946,1.40967,1.50,2.44
2013.06.11 06:03:22.437,1.40943,1.40967,2.85,2.44
2013.06.11 06:03:22.688,1.40946,1.40967,1.50,2.44
2013.06.11 06:03:22.747,1.40948,1.40973,1.69,3.19
2013.06.11 06:03:23.047,1.40951,1.40976,1.69,1.69
2013.06.11 06:03:23.406,1.40956,1.4098,1.69,1.69
2013.06.11 06:03:23.847,1.40955,1.4098,2.44,2.82
2013.06.11 06:03:24.716,1.40955,1.40975,3.19,1.50
2013.06.11 06:03:25.256,1.40955,1.40975,1.69,1.50
2013.06.11 06:03:26.449,1.40954,1.40975,1.69,1.50
2013.06.11 06:03:26.566,1.40953,1.40976,2.29,1.50
2013.06.11 06:03:26.926,1.4095,1.40971,2.25,1.50
2013.06.11 06:03:27.169,1.40948,1.40971,1.69,2.25
2013.06.11 06:03:27.740,1.40948,1.40972,1.69,3.19
2013.06.11 06:03:28.338,1.40948,1.40972,1.69,1.69
2013.06.11 06:03:28.577,1.40947,1.40971,2.29,1.50
2013.06.11 06:03:28.637,1.40947,1.4097,1.54,1.69
2013.06.11 06:03:29.141,1.40945,1.40969,2.29,1.69
2013.06.11 06:03:29.647,1.40942,1.40967,1.69,1.50
2013.06.11 06:03:29.886,1.40942,1.40967,2.07,2.44
2013.06.11 06:03:30.758,1.40943,1.40968,1.32,2.44
2013.06.11 06:03:31.296,1.40945,1.40968,1.32,2.44
2013.06.11 06:03:31.944,1.40945,1.40966,1.32,1.50
2013.06.11 06:03:32.767,1.40944,1.40966,1.32,1.50
2013.06.11 06:03:32.949,1.40943,1.40966,1.50,1.50
2013.06.11 06:03:33.307,1.40944,1.40967,1.50,1.50
2013.06.11 06:03:33.846,1.40945,1.40967,1.50,3.00
2013.06.11 06:03:34.360,1.40945,1.40966,1.50,1.50
2013.06.11 06:03:34.886,1.40944,1.4097,1.50,2.44
2013.06.11 06:03:35.189,1.40945,1.40967,1.50,1.69
2013.06.11 06:03:36.466,1.40943,1.40969,1.69,1.69
2013.06.11 06:03:36.997,1.40943,1.4097,2.25,3.19
2013.06.11 06:03:39.061,1.40943,1.4097,1.69,1.69
2013.06.11 06:03:39.376,1.40946,1.4097,3.38,1.69
2013.06.11 06:03:39.617,1.40947,1.40971,2.07,1.69
2013.06.11 06:03:39.677,1.40949,1.40971,1.50,1.69
2013.06.11 06:03:40.197,1.40949,1.40971,1.35,1.69
2013.06.11 06:03:40.736,1.40949,1.40973,1.54,1.69
2013.06.11 06:03:41.296,1.40949,1.40973,1.54,1.69
2013.06.11 06:03:41.818,1.40949,1.40973,2.29,1.69
2013.06.11 06:03:44.662,1.40951,1.40973,2.44,1.69
2013.06.11 06:03:44.967,1.40953,1.40974,1.69,1.88
2013.06.11 06:03:45.208,1.40953,1.40974,1.69,1.13
2013.06.11 06:03:45.327,1.40956,1.40979,1.50,3.38
2013.06.11 06:03:45.686,1.40955,1.40976,1.50,1.13
2013.06.11 06:03:45.746,1.40955,1.40978,1.50,2.63
2013.06.11 06:03:46.287,1.40954,1.40975,1.50,1.50
2013.06.11 06:03:46.947,1.40955,1.40975,1.50,1.50
2013.06.11 06:03:47.337,1.40955,1.40975,1.50,1.50
2013.06.11 06:03:47.739,1.40955,1.40975,1.32,2.25
2013.06.11 06:03:49.256,1.40955,1.40976,1.32,2.44
2013.06.11 06:03:50.136,1.40955,1.40976,1.32,2.44
2013.06.11 06:03:50.567,1.40953,1.40977,1.50,2.44
2013.06.11 06:03:50.777,1.40954,1.40975,1.50,1.50
2013.06.11 06:03:51.196,1.40951,1.40976,1.02,2.44
2013.06.11 06:03:51.728,1.40951,1.40975,1.02,1.50
2013.06.11 06:03:52.256,1.40951,1.40973,1.02,1.50
2013.06.11 06:03:52.977,1.40951,1.40974,1.58,1.50
2013.06.11 06:03:53.396,1.40954,1.40973,1.50,1.50
2013.06.11 06:03:53.636,1.40948,1.40972,2.07,1.50
2013.06.11 06:03:53.698,1.40949,1.4097,1.02,1.50
2013.06.11 06:03:53.997,1.40946,1.40969,1.20,1.50
2013.06.11 06:03:54.056,1.40944,1.40969,1.02,3.94
2013.06.11 06:03:55.346,1.40938,1.40967,2.25,1.69
2013.06.11 06:03:55.408,1.40939,1.40967,1.02,1.69
2013.06.11 06:03:55.499,1.40938,1.40967,2.25,1.69
2013.06.11 06:03:56.191,1.40938,1.40962,1.02,2.44
2013.06.11 06:03:56.496,1.40933,1.4096,2.33,2.25
2013.06.11 06:03:56.617,1.40933,1.40962,2.33,1.69
2013.06.11 06:03:56.681,1.40934,1.40962,1.02,1.69
2013.06.11 06:03:57.186,1.40935,1.40962,1.69,1.69
2013.06.11 06:03:57.367,1.4094,1.40963,1.50,1.69
2013.06.11 06:03:57.727,1.40944,1.40964,1.20,1.69
2013.06.11 06:03:58.326,1.40945,1.40964,1.20,1.69
2013.06.11 06:03:58.627,1.40945,1.40968,1.58,1.69
2013.06.11 06:03:58.989,1.40948,1.40968,1.32,1.69
2013.06.11 06:04:00.630,1.40945,1.40969,1.58,2.82
2013.06.11 06:04:01.177,1.40942,1.40969,1.69,2.44
2013.06.11 06:04:01.867,1.40942,1.40968,1.69,1.69
2013.06.11 06:04:03.796,1.40946,1.4097,1.50,2.07
2013.06.11 06:04:04.041,1.40945,1.40971,2.07,1.69
2013.06.11 06:04:04.236,1.40947,1.40971,1.13,2.44
2013.06.11 06:04:04.356,1.40942,1.40971,4.13,1.69
2013.06.11 06:04:04.716,1.40943,1.40969,2.25,1.13
2013.06.11 06:04:04.776,1.40943,1.40969,2.25,1.13
2013.06.11 06:04:05.410,1.40943,1.40967,1.32,1.69
2013.06.11 06:04:08.968,1.40945,1.40968,2.25,3.19
2013.06.11 06:04:09.276,1.40947,1.40966,1.50,1.69
2013.06.11 06:04:15.680,1.4095,1.40969,1.32,1.69
2013.06.11 06:04:15.747,1.40952,1.40971,1.32,2.44
2013.06.11 06:04:16.166,1.40953,1.40978,2.07,2.44
2013.06.11 06:04:16.776,1.40951,1.40979,1.50,3.19
2013.06.11 06:04:17.143,1.40952,1.40978,1.50,1.69
2013.06.11 06:04:17.448,1.4095,1.40973,2.25,1.50
2013.06.11 06:04:17.989,1.40949,1.40973,1.50,1.50
2013.06.11 06:04:18.297,1.40947,1.40972,1.69,1.50
2013.06.11 06:04:19.296,1.40947,1.40972,1.69,1.69
2013.06.11 06:04:19.416,1.40947,1.40972,1.69,1.69
2013.06.11 06:04:21.306,1.40946,1.4097,1.69,1.69
2013.06.11 06:04:21.426,1.40951,1.4097,1.50,1.69
2013.06.11 06:04:21.666,1.4095,1.40972,1.69,1.13
2013.06.11 06:04:22.026,1.40952,1.40976,1.69,2.44
2013.06.11 06:04:22.397,1.40951,1.40972,1.32,1.69
2013.06.11 06:04:22.756,1.40946,1.40971,1.50,1.69
2013.06.11 06:04:22.996,1.40943,1.40972,1.54,4.69
2013.06.11 06:04:23.526,1.40945,1.40971,1.50,2.63
2013.06.11 06:04:23.900,1.4094,1.40967,3.79,2.44
2013.06.11 06:04:24.461,1.40941,1.40967,1.73,2.44
2013.06.11 06:04:24.917,1.40944,1.40967,1.50,1.69
2013.06.11 06:04:25.397,1.40943,1.40967,2.48,1.69
2013.06.11 06:04:25.456,1.40942,1.40967,2.10,1.69
2013.06.11 06:04:26.072,1.40941,1.40967,1.35,2.44
2013.06.11 06:04:26.397,1.40935,1.40961,2.48,1.69
2013.06.11 06:04:26.578,1.40935,1.40962,1.69,1.69
2013.06.11 06:04:27.419,1.40937,1.40967,1.73,2.44
2013.06.11 06:04:27.476,1.40941,1.40968,2.25,2.44
2013.06.11 06:04:27.847,1.40947,1.4097,1.50,1.69
2013.06.11 06:04:28.206,1.4095,1.40974,1.50,2.44
2013.06.11 06:04:28.387,1.40953,1.40974,1.54,1.69
2013.06.11 06:04:28.686,1.40956,1.40978,1.50,2.63
2013.06.11 06:04:29.298,1.40953,1.40978,1.73,3.38
2013.06.11 06:04:29.836,1.4095,1.40978,3.23,2.07
2013.06.11 06:04:30.327,1.4095,1.40976,1.73,2.25
2013.06.11 06:04:30.447,1.40949,1.40976,1.69,2.44
2013.06.11 06:04:30.506,1.40949,1.40974,1.73,1.69
2013.06.11 06:04:31.016,1.40946,1.4097,3.98,1.13
2013.06.11 06:04:32.437,1.40945,1.40971,2.48,1.32
2013.06.11 06:04:32.796,1.40946,1.40972,1.69,2.07
2013.06.11 06:04:32.892,1.40946,1.40972,1.69,2.07
2013.06.11 06:04:33.453,1.40948,1.40972,1.50,2.07
2013.06.11 06:04:33.997,1.40945,1.4097,1.69,1.69
2013.06.11 06:04:35.077,1.40949,1.40972,1.50,1.32
2013.06.11 06:04:36.766,1.40949,1.40972,1.50,1.69
2013.06.11 06:04:37.312,1.40949,1.40971,1.50,1.69
2013.06.11 06:04:37.678,1.40948,1.40973,2.44,2.07
2013.06.11 06:04:38.697,1.4095,1.40971,1.69,1.69
2013.06.11 06:04:42.447,1.40949,1.40971,1.50,1.69
2013.06.11 06:04:42.687,1.40948,1.4097,1.32,1.32
2013.06.11 06:04:42.807,1.40944,1.40971,1.47,1.32
2013.06.11 06:04:43.697,1.40944,1.40971,4.69,1.32
2013.06.11 06:04:47.348,1.40948,1.4097,3.27,1.13
2013.06.11 06:04:47.767,1.40949,1.40974,1.02,1.32
2013.06.11 06:04:48.346,1.4095,1.40974,1.02,1.32
2013.06.11 06:04:50.108,1.40952,1.40974,1.02,1.32
2013.06.11 06:04:50.227,1.40951,1.40974,1.02,1.32
2013.06.11 06:04:51.296,1.40948,1.40974,1.02,1.32
2013.06.11 06:04:51.817,1.40948,1.40974,1.02,1.32
2013.06.11 06:04:52.396,1.40949,1.40973,1.77,1.13
2013.06.11 06:04:52.976,1.40951,1.40973,1.02,1.13
2013.06.11 06:04:53.037,1.40949,1.40973,2.52,1.13
2013.06.11 06:04:53.096,1.40951,1.40973,1.02,1.13
2013.06.11 06:04:53.336,1.40951,1.40977,1.02,1.32
2013.06.11 06:04:53.516,1.40951,1.40975,1.02,1.88
2013.06.11 06:04:53.876,1.40951,1.40974,1.02,1.13
2013.06.11 06:04:54.177,1.40941,1.40969,1.21,2.07
2013.06.11 06:04:54.237,1.40941,1.40969,1.02,2.07
2013.06.11 06:04:56.358,1.40944,1.40967,1.02,1.69
2013.06.11 06:04:56.626,1.40944,1.40968,1.02,1.69
2013.06.11 06:04:57.167,1.40941,1.40966,1.32,1.88
2013.06.11 06:04:57.227,1.4094,1.40965,2.44,1.69
2013.06.11 06:04:57.756,1.4094,1.40965,2.44,1.88
2013.06.11 06:04:58.256,1.40938,1.40965,2.07,2.82
2013.06.11 06:04:58.376,1.40938,1.40965,1.32,2.07
2013.06.11 06:04:58.677,1.40944,1.40965,1.50,2.07
2013.06.11 06:04:58.737,1.40945,1.40968,1.69,1.69
2013.06.11 06:04:59.097,1.40945,1.40971,2.44,1.88
2013.06.11 06:04:59.158,1.40945,1.40973,2.44,1.69
2013.06.11 06:04:59.396,1.40946,1.40975,1.69,4.32
2013.06.11 06:04:59.970,1.40944,1.40973,1.69,2.44
2013.06.11 06:05:00.277,1.40942,1.40966,2.44,1.50
2013.06.11 06:05:00.639,1.40937,1.40966,2.44,1.50
2013.06.11 06:05:00.698,1.40937,1.40968,3.19,1.69
2013.06.11 06:05:01.236,1.40938,1.40968,1.69,1.69
2013.06.11 06:05:01.526,1.4094,1.40968,1.69,1.69
2013.06.11 06:05:03.447,1.40944,1.40968,1.69,2.25
2013.06.11 06:05:03.926,1.40944,1.40971,1.69,2.44
2013.06.11 06:05:04.541,1.40945,1.40974,1.69,3.19
2013.06.11 06:05:05.467,1.40941,1.40969,2.44,3.19
2013.06.11 06:05:05.886,1.40943,1.4097,2.44,2.44
2013.06.11 06:05:07.396,1.40944,1.40973,3.19,2.44
2013.06.11 06:05:08.624,1.40948,1.40973,1.69,2.07
2013.06.11 06:05:08.746,1.40948,1.40972,2.44,1.69
2013.06.11 06:05:09.086,1.40948,1.40973,1.69,1.32
2013.06.11 06:05:09.327,1.40949,1.40973,1.69,1.69
2013.06.11 06:05:09.566,1.40952,1.40978,1.69,3.94
2013.06.11 06:05:09.627,1.40953,1.40978,1.50,3.94
2013.06.11 06:05:09.747,1.40957,1.40988,3.00,2.44
2013.06.11 06:05:10.347,1.4096,1.40976,2.07,1.50
2013.06.11 06:05:10.587,1.40955,1.40982,1.69,2.44
2013.06.11 06:05:10.708,1.40955,1.4098,1.69,1.99
2013.06.11 06:05:10.767,1.40949,1.40973,2.63,1.69
2013.06.11 06:05:11.546,1.40951,1.40975,1.69,1.32
2013.06.11 06:05:12.637,1.40951,1.40976,1.69,1.88
2013.06.11 06:05:13.028,1.40949,1.40976,2.44,1.32
2013.06.11 06:05:13.624,1.40949,1.40976,2.44,2.07
2013.06.11 06:05:14.066,1.4095,1.40974,1.69,1.32
2013.06.11 06:05:15.067,1.40948,1.40974,2.44,1.32
2013.06.11 06:05:15.987,1.40947,1.40971,1.13,2.44
2013.06.11 06:05:16.226,1.40948,1.40971,1.69,1.88
2013.06.11 06:05:16.528,1.40954,1.40979,2.07,1.69
2013.06.11 06:05:17.038,1.40952,1.40981,2.25,2.44
2013.06.11 06:05:17.396,1.40954,1.40978,1.32,2.07
2013.06.11 06:05:17.756,1.40954,1.40981,1.32,1.69
2013.06.11 06:05:17.877,1.4096,1.40981,1.69,1.50
2013.06.11 06:05:18.000,1.4096,1.40986,2.44,1.88
2013.06.11 06:05:18.249,1.40962,1.4099,2.63,3.19
2013.06.11 06:05:18.309,1.40965,1.40991,1.50,1.69
2013.06.11 06:05:18.426,1.40969,1.40996,1.69,2.44
2013.06.11 06:05:18.966,1.40969,1.40997,2.44,2.07
2013.06.11 06:05:19.327,1.40968,1.40998,1.69,2.44
2013.06.11 06:05:20.698,1.40973,1.40999,1.50,1.69
2013.06.11 06:05:21.373,1.40971,1.40999,1.69,1.69
2013.06.11 06:05:21.449,1.40967,1.40994,2.44,2.44
2013.06.11 06:05:21.637,1.40964,1.40991,1.69,1.50
2013.06.11 06:05:22.176,1.40972,1.40991,1.13,1.69
2013.06.11 06:05:22.297,1.40973,1.40999,2.82,1.69
2013.06.11 06:05:22.358,1.40973,1.41,2.07,2.82
2013.06.11 06:05:22.537,1.40979,1.41007,1.32,1.69
2013.06.11 06:05:22.857,1.40979,1.41008,1.39,2.44
2013.06.11 06:05:24.866,1.40982,1.41009,1.39,1.69
2013.06.11 06:05:25.456,1.40984,1.41008,1.39,1.69
2013.06.11 06:05:25.697,1.40984,1.41004,1.39,2.44
2013.06.11 06:05:25.757,1.40982,1.41004,1.32,1.69
2013.06.11 06:05:25.877,1.40976,1.41004,1.39,1.69
2013.06.11 06:05:26.427,1.40978,1.41003,1.39,1.69
2013.06.11 06:05:26.787,1.40981,1.41003,1.13,1.69
2013.06.11 06:05:28.317,1.40981,1.41003,1.20,1.69
2013.06.11 06:05:28.404,1.40981,1.41003,1.13,1.69
2013.06.11 06:05:28.928,1.40982,1.41003,2.10,1.69
2013.06.11 06:05:28.988,1.40985,1.41005,1.13,1.50
2013.06.11 06:05:29.059,1.40987,1.41005,1.20,1.50
2013.06.11 06:05:29.237,1.40988,1.41012,2.07,2.25
2013.06.11 06:05:29.476,1.40988,1.41016,1.32,1.69
2013.06.11 06:05:29.836,1.40988,1.41015,1.32,2.82
2013.06.11 06:05:29.956,1.40988,1.41015,1.32,1.32
2013.06.11 06:05:30.496,1.40988,1.41012,1.32,1.50
2013.06.11 06:05:30.556,1.40985,1.41012,1.39,2.44
2013.06.11 06:05:31.096,1.40985,1.41014,2.14,1.69
2013.06.11 06:05:31.828,1.40987,1.41012,1.77,1.69
2013.06.11 06:05:31.947,1.40988,1.41012,2.07,1.69
2013.06.11 06:05:32.297,1.40985,1.41015,4.39,3.19
2013.06.11 06:05:32.435,1.40987,1.41015,1.39,1.69
2013.06.11 06:05:32.947,1.40987,1.41017,2.63,3.19
2013.06.11 06:05:33.007,1.40987,1.41014,1.88,2.44
2013.06.11 06:05:34.167,1.40988,1.41015,1.32,1.69
2013.06.11 06:05:34.910,1.40988,1.41015,2.44,1.69
2013.06.11 06:05:35.096,1.40992,1.41016,1.50,1.69
2013.06.11 06:05:35.277,1.40992,1.41018,1.69,2.44
2013.06.11 06:05:35.997,1.40992,1.41016,1.69,1.88
2013.06.11 06:05:36.178,1.40991,1.41014,1.69,1.13
2013.06.11 06:05:36.597,1.40991,1.41015,1.69,1.50
2013.06.11 06:05:37.417,1.40989,1.41016,1.69,2.82
2013.06.11 06:05:38.537,1.40986,1.41013,2.07,1.32
2013.06.11 06:05:38.717,1.40988,1.41014,1.69,2.07
2013.06.11 06:05:39.137,1.40992,1.41019,1.32,1.69
2013.06.11 06:05:39.977,1.4099,1.4102,1.69,1.69
2013.06.11 06:05:40.217,1.40991,1.41017,1.50,2.07
2013.06.11 06:05:40.279,1.40987,1.41016,1.69,2.44
2013.06.11 06:05:40.827,1.40985,1.41016,2.44,1.69
2013.06.11 06:05:40.947,1.40985,1.41014,1.69,1.13
2013.06.11 06:05:41.307,1.4098,1.41007,1.69,1.69
2013.06.11 06:05:43.207,1.40976,1.41005,2.82,1.69
2013.06.11 06:05:44.247,1.40977,1.41006,1.69,3.19
2013.06.11 06:05:44.366,1.40977,1.41006,1.69,3.19
2013.06.11 06:05:44.427,1.40981,1.41008,1.69,3.94
2013.06.11 06:05:44.738,1.40987,1.41013,1.32,1.69
2013.06.11 06:05:44.797,1.40987,1.41013,1.32,1.69
2013.06.11 06:05:44.977,1.40991,1.41019,1.69,1.69
2013.06.11 06:05:45.457,1.40988,1.41015,2.44,1.32
2013.06.11 06:05:45.637,1.40989,1.41017,2.44,1.69
2013.06.11 06:05:47.371,1.40989,1.41017,1.69,1.50
2013.06.11 06:05:48.113,1.40988,1.41016,1.69,1.50
2013.06.11 06:05:48.835,1.40987,1.41015,2.44,2.25
2013.06.11 06:05:49.749,1.40987,1.41015,1.69,1.50
2013.06.11 06:05:50.057,1.40982,1.41013,1.69,2.07
2013.06.11 06:05:50.984,1.40982,1.41012,1.69,2.07
2013.06.11 06:05:51.170,1.40979,1.41004,1.50,2.44
2013.06.11 06:05:51.417,1.40974,1.41001,3.19,1.50
2013.06.11 06:05:53.256,1.40977,1.41,1.69,1.50
2013.06.11 06:05:53.559,1.40978,1.41001,1.50,1.50
2013.06.11 06:05:53.800,1.40977,1.41001,1.50,1.69
2013.06.11 06:05:53.869,1.40979,1.41005,1.69,1.50
2013.06.11 06:05:55.197,1.40977,1.41001,1.13,2.44
2013.06.11 06:05:57.926,1.40978,1.40999,1.50,1.50
2013.06.11 06:05:58.046,1.40973,1.40998,1.32,1.50
2013.06.11 06:05:58.107,1.40973,1.40998,1.69,1.50
2013.06.11 06:06:00.677,1.40973,1.40998,2.44,1.50
2013.06.11 06:06:02.108,1.40973,1.40996,2.44,1.50
2013.06.11 06:06:02.648,1.40973,1.40996,2.44,1.50
2013.06.11 06:06:03.306,1.40973,1.41001,2.44,2.44
2013.06.11 06:06:03.486,1.40973,1.41001,2.44,2.44
2013.06.11 06:06:04.587,1.40974,1.41002,1.69,3.19
2013.06.11 06:06:05.128,1.40976,1.41002,2.25,1.69
2013.06.11 06:06:05.487,1.4098,1.41007,1.13,3.19
2013.06.11 06:06:06.528,1.40979,1.41007,1.88,2.25
2013.06.11 06:06:06.648,1.40979,1.41006,1.13,1.69
2013.06.11 06:06:06.767,1.40979,1.41004,1.17,1.69
2013.06.11 06:06:07.247,1.40977,1.41005,1.35,1.69
2013.06.11 06:06:07.727,1.40975,1.41001,1.32,1.69
2013.06.11 06:06:07.787,1.40975,1.41001,1.35,1.69
2013.06.11 06:06:07.907,1.40975,1.41001,1.32,1.69
2013.06.11 06:06:08.207,1.40977,1.41001,1.17,1.69
2013.06.11 06:06:08.840,1.40977,1.41,1.17,1.69
2013.06.11 06:06:09.466,1.40977,1.41,1.17,1.69
2013.06.11 06:06:09.827,1.40973,1.40998,2.10,1.69
2013.06.11 06:06:10.337,1.40977,1.41,1.17,1.69
2013.06.11 06:06:12.369,1.40975,1.41,1.35,1.69
2013.06.11 06:06:12.906,1.40975,1.40998,1.35,2.44
2013.06.11 06:06:13.423,1.40975,1.40998,1.32,3.19
2013.06.11 06:06:15.438,1.40971,1.41,2.10,4.69
2013.06.11 06:06:15.980,1.40975,1.41,1.32,2.44
2013.06.11 06:06:16.346,1.40978,1.41,1.13,1.69
2013.06.11 06:06:16.470,1.40977,1.41004,1.32,2.44
2013.06.11 06:06:16.540,1.40975,1.41001,1.69,1.69
2013.06.11 06:06:20.237,1.40974,1.41002,2.44,3.19
2013.06.11 06:06:20.686,1.40975,1.41002,2.44,2.44
2013.06.11 06:06:21.204,1.40975,1.41002,2.44,1.69
2013.06.11 06:06:23.517,1.40977,1.41003,1.69,1.69
2013.06.11 06:06:27.126,1.40975,1.41002,2.44,1.69
2013.06.11 06:06:28.320,1.40975,1.41002,1.69,1.69
2013.06.11 06:06:29.093,1.40974,1.41002,3.19,1.69
2013.06.11 06:06:29.597,1.40977,1.41005,1.69,2.44
2013.06.11 06:06:30.516,1.40977,1.41007,1.69,4.69
2013.06.11 06:06:30.787,1.40976,1.41004,2.44,3.94
2013.06.11 06:06:31.086,1.40975,1.41004,2.44,3.94
2013.06.11 06:06:31.818,1.40974,1.41003,1.69,1.69
2013.06.11 06:06:32.237,1.40977,1.41007,3.19,1.69
2013.06.11 06:06:32.596,1.40981,1.41007,1.32,2.44
2013.06.11 06:06:32.777,1.40981,1.41007,2.07,1.69
2013.06.11 06:06:33.090,1.40981,1.41007,2.07,1.69
2013.06.11 06:06:34.958,1.40981,1.41007,2.82,1.69
2013.06.11 06:06:39.146,1.40984,1.41008,1.50,1.69
2013.06.11 06:06:39.386,1.40979,1.41008,3.57,2.44
2013.06.11 06:06:39.447,1.4098,1.41008,1.69,1.69
2013.06.11 06:06:40.748,1.4098,1.41007,2.44,1.69
2013.06.11 06:06:42.157,1.4098,1.41005,1.13,1.69
2013.06.11 06:06:42.277,1.40975,1.41002,1.32,1.50
2013.06.11 06:06:42.397,1.40973,1.41002,1.32,2.44
2013.06.11 06:06:42.457,1.40972,1.41,1.88,1.69
2013.06.11 06:06:42.987,1.40972,1.41,1.20,2.44
2013.06.11 06:06:43.506,1.40971,1.41,1.77,2.44
2013.06.11 06:06:43.808,1.40971,1.41,2.52,2.44
2013.06.11 06:06:44.747,1.40973,1.40998,1.02,1.69
2013.06.11 06:06:45.977,1.40973,1.40996,1.02,1.69
2013.06.11 06:06:46.286,1.40973,1.41003,1.69,3.19
2013.06.11 06:06:46.648,1.40979,1.41005,1.69,2.44
2013.06.11 06:06:47.186,1.40977,1.41005,1.88,2.44
2013.06.11 06:06:47.537,1.40978,1.41005,1.77,2.44
2013.06.11 06:06:48.428,1.40984,1.41008,1.50,1.69
2013.06.11 06:06:48.787,1.40984,1.41009,1.58,3.19
2013.06.11 06:06:49.296,1.4098,1.41008,1.95,2.44
2013.06.11 06:06:49.587,1.4098,1.41008,1.69,2.44
2013.06.11 06:06:49.707,1.4098,1.41006,2.40,1.69
2013.06.11 06:06:49.826,1.40979,1.41006,1.69,1.69
2013.06.11 06:06:49.956,1.40979,1.41008,1.32,2.44
2013.06.11 06:06:50.076,1.40978,1.41008,2.44,2.44
2013.06.11 06:06:50.560,1.4098,1.41006,2.05,1.69
2013.06.11 06:06:50.626,1.40979,1.41006,1.69,1.69
2013.06.11 06:06:50.687,1.4098,1.41006,1.70,1.69
2013.06.11 06:06:50.806,1.40979,1.41006,1.69,1.69
2013.06.11 06:06:50.926,1.40979,1.41007,1.02,1.69
2013.06.11 06:06:52.818,1.40978,1.41006,1.69,1.69
2013.06.11 06:06:52.939,1.40977,1.41004,2.44,1.69
2013.06.11 06:06:53.297,1.4098,1.41004,1.13,2.25
2013.06.11 06:06:53.837,1.40979,1.41004,1.69,3.75
2013.06.11 06:06:53.957,1.40978,1.41002,3.19,1.69
2013.06.11 06:06:55.127,1.40978,1.41003,1.13,1.88
2013.06.11 06:06:55.247,1.40978,1.41003,1.13,3.00
2013.06.11 06:06:55.366,1.40978,1.41002,1.13,1.88
2013.06.11 06:06:55.907,1.40977,1.41001,1.69,1.50
2013.06.11 06:06:58.197,1.40976,1.41001,2.44,1.50
2013.06.11 06:06:58.678,1.40978,1.41001,1.50,1.69
2013.06.11 06:06:58.980,1.4098,1.41,2.25,1.50
2013.06.11 06:06:59.047,1.40983,1.41004,1.50,1.69
2013.06.11 06:06:59.647,1.40983,1.41009,1.69,2.44
2013.06.11 06:06:59.707,1.40987,1.41011,1.50,1.69
2013.06.11 06:07:00.008,1.40997,1.41014,3.38,2.44
2013.06.11 06:07:00.130,1.41001,1.41024,1.50,3.94
2013.06.11 06:07:00.258,1.40998,1.41024,1.50,3.94
2013.06.11 06:07:00.317,1.40997,1.41026,1.69,2.25
2013.06.11 06:07:02.746,1.40999,1.41026,1.69,1.69
2013.06.11 06:07:02.929,1.40999,1.41029,1.69,3.19
2013.06.11 06:07:03.287,1.41003,1.41029,1.50,3.19
2013.06.11 06:07:03.887,1.41002,1.41029,1.50,3.19
2013.06.11 06:07:04.624,1.41003,1.41026,1.50,1.69
2013.06.11 06:07:06.689,1.41004,1.41026,1.50,1.69
2013.06.11 06:07:06.989,1.4101,1.41036,1.50,2.44
2013.06.11 06:07:07.562,1.41011,1.41037,1.50,2.44
2013.06.11 06:07:08.068,1.41011,1.41037,1.50,2.44
2013.06.11 06:07:09.878,1.4101,1.41036,2.25,1.69
2013.06.11 06:07:10.380,1.41012,1.41035,1.50,1.69
2013.06.11 06:07:10.780,1.41011,1.41035,1.50,1.69
2013.06.11 06:07:11.524,1.41012,1.41035,1.54,1.69
2013.06.11 06:07:13.576,1.41011,1.41035,2.29,1.69
2013.06.11 06:07:15.193,1.41011,1.41031,2.29,1.69
2013.06.11 06:07:15.558,1.41004,1.41032,3.57,1.69
2013.06.11 06:07:15.686,1.41004,1.41032,2.85,2.25
2013.06.11 06:07:17.378,1.41006,1.41028,1.54,1.69
2013.06.11 06:07:17.798,1.41006,1.41028,1.50,1.69
2013.06.11 06:07:17.917,1.41001,1.41027,2.48,1.32
2013.06.11 06:07:18.037,1.41001,1.41024,2.44,1.13
2013.06.11 06:07:18.157,1.41001,1.41024,1.54,2.82
2013.06.11 06:07:18.456,1.41002,1.41024,1.50,1.69
2013.06.11 06:07:18.577,1.41002,1.41024,1.54,1.69
2013.06.11 06:07:20.527,1.41001,1.41026,1.73,2.07
2013.06.11 06:07:20.586,1.41001,1.41026,1.73,2.07
2013.06.11 06:07:20.707,1.41002,1.41025,2.48,1.32
2013.06.11 06:07:21.127,1.41002,1.41024,1.69,1.32
2013.06.11 06:07:21.837,1.41001,1.41025,2.44,1.69
2013.06.11 06:07:22.846,1.41006,1.41027,1.50,1.69
2013.06.11 06:07:22.969,1.41004,1.41027,2.25,1.69
2013.06.11 06:07:23.476,1.41006,1.41027,1.50,1.69
2013.06.11 06:07:23.657,1.41006,1.4103,1.69,1.69
2013.06.11 06:07:23.927,1.41007,1.4103,1.69,2.44
2013.06.11 06:07:24.227,1.41005,1.41028,1.69,1.88
2013.06.11 06:07:24.406,1.41001,1.41026,2.63,1.69
2013.06.11 06:07:24.827,1.41003,1.41026,1.50,1.69
2013.06.11 06:07:25.276,1.41003,1.41026,1.88,1.69
2013.06.11 06:07:25.788,1.41005,1.41028,1.13,1.69
2013.06.11 06:07:28.180,1.41005,1.4103,1.13,2.44
2013.06.11 06:07:31.497,1.41007,1.41031,1.32,1.69
2013.06.11 06:07:32.103,1.41008,1.41031,1.13,1.69
2013.06.11 06:07:32.347,1.41009,1.41031,1.50,1.69
2013.06.11 06:07:32.589,1.4101,1.41037,2.44,1.69
2013.06.11 06:07:32.647,1.41014,1.41039,1.32,1.69
2013.06.11 06:07:32.708,1.41016,1.41042,1.32,3.04
2013.06.11 06:07:33.128,1.41016,1.41039,1.32,1.13
2013.06.11 06:07:33.308,1.4101,1.41039,3.19,1.69
2013.06.11 06:07:33.437,1.4101,1.41034,1.69,1.13
2013.06.11 06:07:33.737,1.41008,1.41033,1.32,1.32
2013.06.11 06:07:34.307,1.41005,1.41034,2.07,2.07
2013.06.11 06:07:34.507,1.41008,1.41034,1.69,2.07
2013.06.11 06:07:34.866,1.41011,1.41036,2.25,2.44
2013.06.11 06:07:35.367,1.41012,1.41038,1.69,2.44
2013.06.11 06:07:35.924,1.41013,1.41038,1.69,2.44
2013.06.11 06:07:36.276,1.41014,1.41038,1.69,2.44
2013.06.11 06:07:36.338,1.41014,1.41041,1.88,2.44
2013.06.11 06:07:36.889,1.41014,1.41041,1.88,2.44
2013.06.11 06:07:37.087,1.41016,1.41041,1.69,2.44
2013.06.11 06:07:37.517,1.41017,1.41042,1.50,3.19
2013.06.11 06:07:37.707,1.41017,1.41041,1.50,2.44
2013.06.11 06:07:38.066,1.41015,1.41041,1.69,2.44
2013.06.11 06:07:38.250,1.41014,1.41041,1.88,2.44
2013.06.11 06:07:39.428,1.41014,1.41039,2.25,1.69
2013.06.11 06:07:39.488,1.41016,1.41041,1.50,1.69
2013.06.11 06:07:39.548,1.41016,1.41043,2.44,2.07
2013.06.11 06:07:40.816,1.41018,1.41044,2.07,1.69
2013.06.11 06:07:42.677,1.41019,1.41044,1.50,1.69
2013.06.11 06:07:43.160,1.41018,1.41044,1.69,1.69
2013.06.11 06:07:43.469,1.41019,1.41044,1.32,1.69
2013.06.11 06:07:43.827,1.41019,1.41042,1.32,1.50
2013.06.11 06:07:44.067,1.41014,1.41044,2.07,1.69
2013.06.11 06:07:44.187,1.41012,1.41039,3.57,1.50
2013.06.11 06:07:44.247,1.41012,1.41037,2.07,1.69
2013.06.11 06:07:44.767,1.41013,1.41041,1.69,1.69
2013.06.11 06:07:45.258,1.41008,1.41035,2.82,1.69
2013.06.11 06:07:45.377,1.41008,1.4103,1.69,1.50
2013.06.11 06:07:45.557,1.41005,1.4103,2.07,1.69
2013.06.11 06:07:46.277,1.41006,1.41032,1.32,1.69
2013.06.11 06:07:46.337,1.41008,1.41034,1.32,1.69
2013.06.11 06:07:46.959,1.41008,1.41032,1.32,2.25
2013.06.11 06:07:47.084,1.41007,1.41032,1.32,2.25
2013.06.11 06:07:47.207,1.41006,1.41032,1.32,2.25
2013.06.11 06:07:47.747,1.41007,1.41034,1.32,1.69
2013.06.11 06:07:48.108,1.41009,1.41034,1.32,1.69
2013.06.11 06:07:48.647,1.41009,1.41034,2.07,1.69
2013.06.11 06:07:49.378,1.41014,1.41037,1.69,1.50
2013.06.11 06:07:49.616,1.41009,1.41035,1.69,1.69
2013.06.11 06:07:49.798,1.41009,1.41034,1.69,2.25
2013.06.11 06:07:50.217,1.41009,1.41032,1.69,1.50
2013.06.11 06:07:50.782,1.41007,1.41032,1.32,1.69
2013.06.11 06:07:51.227,1.41015,1.41034,1.13,1.69
2013.06.11 06:07:51.996,1.41015,1.41038,1.32,1.69
2013.06.11 06:07:52.957,1.41017,1.41039,1.13,3.19
2013.06.11 06:07:53.077,1.41017,1.41039,1.32,1.69
2013.06.11 06:07:53.317,1.41016,1.41041,1.32,2.82
2013.06.11 06:07:53.888,1.41016,1.41041,1.32,1.69
2013.06.11 06:07:54.796,1.41019,1.41041,1.13,2.44
2013.06.11 06:07:55.016,1.41016,1.41041,1.32,1.32
2013.06.11 06:07:55.547,1.41016,1.41039,1.32,1.69
2013.06.11 06:07:56.007,1.41016,1.41039,1.32,1.32
2013.06.11 06:07:56.806,1.41018,1.4104,1.32,2.07
2013.06.11 06:07:57.536,1.41018,1.41038,1.32,2.44
2013.06.11 06:07:58.193,1.41018,1.41038,1.32,2.44
2013.06.11 06:07:58.707,1.41019,1.41039,1.13,1.50
2013.06.11 06:07:59.156,1.41015,1.41038,2.14,2.25
2013.06.11 06:07:59.457,1.4102,1.41039,1.13,2.07
2013.06.11 06:07:59.576,1.4102,1.41039,1.13,2.82
2013.06.11 06:08:00.166,1.4102,1.41039,1.13,2.07
2013.06.11 06:08:00.347,1.41018,1.41039,1.13,1.69
2013.06.11 06:08:00.586,1.41016,1.41039,1.13,2.44
2013.06.11 06:08:01.171,1.41016,1.41038,1.32,1.69
2013.06.11 06:08:01.747,1.41016,1.41035,1.32,1.13
2013.06.11 06:08:02.290,1.41015,1.41036,1.32,1.50
2013.06.11 06:08:02.360,1.41014,1.41035,2.07,1.50
2013.06.11 06:08:02.609,1.41014,1.4104,1.69,2.44
2013.06.11 06:08:03.123,1.41012,1.4104,1.02,3.19
2013.06.11 06:08:06.017,1.41014,1.4104,1.02,3.94
2013.06.11 06:08:07.244,1.41016,1.41039,1.02,1.69
2013.06.11 06:08:07.313,1.41016,1.4104,1.02,2.44
2013.06.11 06:08:07.781,1.41017,1.41042,1.69,1.69
2013.06.11 06:08:09.778,1.41018,1.41043,1.13,2.44
2013.06.11 06:08:10.087,1.41021,1.41043,1.13,2.44
2013.06.11 06:08:10.577,1.41022,1.41048,1.32,1.69
2013.06.11 06:08:10.757,1.41022,1.41047,1.32,2.82
2013.06.11 06:08:11.207,1.41023,1.41044,1.32,1.50
2013.06.11 06:08:13.986,1.41025,1.41048,1.32,3.64
2013.06.11 06:08:14.107,1.41029,1.4105,1.13,3.19
2013.06.11 06:08:15.058,1.41028,1.4105,1.13,1.69
2013.06.11 06:08:15.707,1.41029,1.41047,1.13,1.50
2013.06.11 06:08:16.217,1.41029,1.41047,1.13,1.50
2013.06.11 06:08:16.456,1.41029,1.41047,1.13,1.13
2013.06.11 06:08:17.967,1.41028,1.41047,1.13,1.69
2013.06.11 06:08:18.472,1.41028,1.41047,1.13,1.69
2013.06.11 06:08:20.280,1.41028,1.41047,1.13,1.69
2013.06.11 06:08:21.176,1.41028,1.41047,1.13,1.69
2013.06.11 06:08:24.416,1.41027,1.41045,1.13,1.32
2013.06.11 06:08:24.958,1.41025,1.41045,1.13,1.32
2013.06.11 06:08:25.197,1.41025,1.41043,1.13,1.88
2013.06.11 06:08:27.607,1.41022,1.41045,1.32,1.69
2013.06.11 06:08:28.157,1.41023,1.41046,1.13,1.69
2013.06.11 06:08:28.958,1.41027,1.41047,1.13,1.69
2013.06.11 06:08:29.251,1.41027,1.41048,1.13,1.69
2013.06.11 06:08:30.158,1.41027,1.41048,1.13,1.69
2013.06.11 06:08:30.697,1.41026,1.41048,1.13,1.69
2013.06.11 06:08:31.217,1.41029,1.41049,1.13,1.69
2013.06.11 06:08:32.428,1.41029,1.41051,1.13,1.69
2013.06.11 06:08:32.606,1.41027,1.41051,2.93,1.69
2013.06.11 06:08:32.946,1.41033,1.41053,1.13,1.69
2013.06.11 06:08:38.208,1.41031,1.41054,1.50,3.19
2013.06.11 06:08:40.728,1.41032,1.41053,1.50,1.69
2013.06.11 06:08:43.167,1.41032,1.41053,1.50,1.69
2013.06.11 06:08:45.577,1.41032,1.41051,1.50,2.44
2013.06.11 06:08:48.517,1.41031,1.41049,2.44,1.69
2013.06.11 06:08:49.620,1.41032,1.41049,1.88,1.69
2013.06.11 06:08:50.197,1.41032,1.41048,1.88,1.50
2013.06.11 06:08:50.319,1.41032,1.41048,1.13,1.50
2013.06.11 06:08:50.628,1.41025,1.41046,1.69,1.50
2013.06.11 06:08:51.047,1.4103,1.41048,1.13,1.69
2013.06.11 06:08:52.717,1.41029,1.41048,1.13,2.44
2013.06.11 06:08:53.318,1.41029,1.4105,1.50,1.69
2013.06.11 06:08:57.256,1.41029,1.4105,1.88,2.44
2013.06.11 06:08:57.567,1.41029,1.41049,1.88,1.69
2013.06.11 06:08:58.077,1.41029,1.41052,1.88,2.07
2013.06.11 06:08:59.499,1.41031,1.4105,1.50,1.69
2013.06.11 06:09:00.257,1.4103,1.4105,1.50,1.69
2013.06.11 06:09:01.177,1.4103,1.41049,1.50,1.69
2013.06.11 06:09:01.237,1.4103,1.41049,1.50,2.44
2013.06.11 06:09:01.297,1.4103,1.41049,1.50,3.19
2013.06.11 06:09:01.357,1.4103,1.41048,1.50,3.19
2013.06.11 06:09:02.177,1.41024,1.41047,1.32,1.69
2013.06.11 06:09:02.419,1.41024,1.41045,1.69,1.69
2013.06.11 06:09:02.976,1.41024,1.41044,1.69,1.69
2013.06.11 06:09:03.777,1.41024,1.41043,1.13,1.69
2013.06.11 06:09:03.957,1.41024,1.41046,1.13,2.44
2013.06.11 06:09:04.377,1.41024,1.41046,1.13,1.32
2013.06.11 06:09:05.014,1.41024,1.41047,1.50,1.69
2013.06.11 06:09:05.668,1.41025,1.41049,1.13,1.69
2013.06.11 06:09:05.789,1.41024,1.41049,1.50,3.19
2013.06.11 06:09:06.147,1.41025,1.41049,1.50,1.69
2013.06.11 06:09:06.347,1.41024,1.41045,1.50,2.44
2013.06.11 06:09:07.557,1.41025,1.41043,1.50,1.88
2013.06.11 06:09:09.417,1.41025,1.41045,1.13,1.69
2013.06.11 06:09:09.539,1.41025,1.41045,1.13,1.69
2013.06.11 06:09:09.661,1.41022,1.41044,2.07,1.32
2013.06.11 06:09:09.849,1.41022,1.41043,1.50,3.19
2013.06.11 06:09:09.977,1.41021,1.41043,1.13,2.82
2013.06.11 06:09:10.339,1.4102,1.41041,1.13,1.69
2013.06.11 06:09:10.527,1.41018,1.41039,1.13,1.69
2013.06.11 06:09:11.187,1.41019,1.41039,1.13,1.69
2013.06.11 06:09:11.826,1.41019,1.41038,1.13,1.69
2013.06.11 06:09:12.287,1.4102,1.41037,1.13,1.32
2013.06.11 06:09:12.559,1.41018,1.41039,1.88,1.69
2013.06.11 06:09:12.617,1.41018,1.41039,1.88,1.69
2013.06.11 06:09:13.037,1.41016,1.41038,1.13,1.69
2013.06.11 06:09:13.097,1.41016,1.41038,1.13,2.44
2013.06.11 06:09:13.721,1.41016,1.41038,1.13,1.69
2013.06.11 06:09:14.237,1.41013,1.41037,1.32,2.44
2013.06.11 06:09:14.787,1.41015,1.41037,1.50,1.69
2013.06.11 06:09:15.032,1.41015,1.41038,1.13,1.69
2013.06.11 06:09:15.573,1.41015,1.41038,1.13,1.69
2013.06.11 06:09:17.247,1.41016,1.41039,1.13,2.82
2013.06.11 06:09:17.617,1.41016,1.41039,1.13,2.07
2013.06.11 06:09:18.208,1.41016,1.41039,1.13,1.69
2013.06.11 06:09:18.637,1.41016,1.41037,1.13,1.69
2013.06.11 06:09:19.294,1.41015,1.41036,1.13,2.07
2013.06.11 06:09:20.477,1.41015,1.41036,1.13,2.07
2013.06.11 06:09:21.029,1.41013,1.41036,1.32,2.07
2013.06.11 06:09:21.678,1.41013,1.41034,1.32,2.07
2013.06.11 06:09:21.917,1.41015,1.41036,1.13,1.69
2013.06.11 06:09:22.449,1.41013,1.41036,1.32,1.69
2013.06.11 06:09:22.657,1.41012,1.41036,1.73,1.69
2013.06.11 06:09:23.337,1.41014,1.41032,1.13,1.50
2013.06.11 06:09:24.107,1.41014,1.41032,1.13,1.32
2013.06.11 06:09:24.347,1.41013,1.41033,1.13,1.69
2013.06.11 06:09:24.408,1.41012,1.41033,1.13,1.69
2013.06.11 06:09:24.647,1.41012,1.41033,1.13,1.69
2013.06.11 06:09:25.398,1.41012,1.41033,1.13,1.69
2013.06.11 06:09:26.847,1.41013,1.41031,1.13,2.07
2013.06.11 06:09:26.929,1.41013,1.41031,1.13,2.07
2013.06.11 06:09:27.487,1.41012,1.41033,1.13,1.69
2013.06.11 06:09:27.607,1.41013,1.41033,1.13,2.07
2013.06.11 06:09:28.176,1.41013,1.41032,1.13,1.69
2013.06.11 06:09:30.341,1.41011,1.41032,1.88,2.07
2013.06.11 06:09:33.427,1.41014,1.41032,1.13,2.07
2013.06.11 06:09:33.977,1.41011,1.41032,1.88,2.07
2013.06.11 06:09:34.722,1.41011,1.41032,1.88,2.07
2013.06.11 06:09:35.856,1.41011,1.4103,1.88,1.50
2013.06.11 06:09:37.297,1.4101,1.4103,1.88,1.88
2013.06.11 06:09:37.939,1.4101,1.4103,1.88,1.13
2013.06.11 06:09:38.318,1.4101,1.41029,1.88,1.50
2013.06.11 06:09:38.819,1.4101,1.41029,1.13,1.50
2013.06.11 06:09:39.384,1.4101,1.41029,1.13,1.50
2013.06.11 06:09:39.930,1.4101,1.4103,1.13,1.32
2013.06.11 06:09:40.427,1.41003,1.41025,2.25,1.69
2013.06.11 06:09:40.487,1.41003,1.41025,1.50,1.69
2013.06.11 06:09:40.547,1.40998,1.41022,1.69,1.50
2013.06.11 06:09:40.906,1.40996,1.41019,1.69,1.50
2013.06.11 06:09:41.207,1.40996,1.41022,1.69,1.50
2013.06.11 06:09:41.427,1.40996,1.41022,1.69,1.50
2013.06.11 06:09:41.737,1.40994,1.41021,1.32,1.69
2013.06.11 06:09:41.857,1.40995,1.41019,1.32,2.44
2013.06.11 06:09:42.217,1.40994,1.41015,1.32,2.25
2013.06.11 06:09:42.537,1.40995,1.41013,1.32,1.50
2013.06.11 06:09:42.969,1.40994,1.41013,1.32,1.50
2013.06.11 06:09:43.281,1.40994,1.41016,1.32,2.25
2013.06.11 06:09:43.407,1.40995,1.41013,1.32,1.50
2013.06.11 06:09:43.947,1.40995,1.41014,1.32,1.50
2013.06.11 06:09:44.196,1.40995,1.41015,2.37,1.50
2013.06.11 06:09:44.436,1.40996,1.41018,2.25,1.69
2013.06.11 06:09:44.796,1.40997,1.4102,1.13,1.32
2013.06.11 06:09:45.413,1.40994,1.41021,2.37,2.82
2013.06.11 06:09:45.968,1.40994,1.41017,1.32,1.50
2013.06.11 06:09:46.218,1.40995,1.41016,1.32,1.50
2013.06.11 06:09:46.577,1.40997,1.41019,1.32,1.50
2013.06.11 06:09:46.637,1.40997,1.4102,1.32,1.13
2013.06.11 06:09:46.817,1.40999,1.41022,1.32,1.50
2013.06.11 06:09:47.096,1.40999,1.41022,1.13,1.50
2013.06.11 06:09:48.817,1.40998,1.41022,1.13,1.50
2013.06.11 06:09:49.177,1.40998,1.41017,1.32,1.50
2013.06.11 06:09:49.237,1.40999,1.4102,1.32,2.25
2013.06.11 06:09:49.418,1.40999,1.41019,1.32,1.50
2013.06.11 06:09:49.537,1.40993,1.41013,1.32,1.50
2013.06.11 06:09:49.597,1.40993,1.41013,1.39,1.50
2013.06.11 06:09:50.018,1.40989,1.41008,1.39,1.50
2013.06.11 06:09:50.380,1.40989,1.4101,1.32,1.50
2013.06.11 06:09:52.038,1.40989,1.4101,1.20,1.50
2013.06.11 06:09:52.598,1.40989,1.41013,1.20,2.44
2013.06.11 06:09:52.739,1.40989,1.41011,1.20,1.50
2013.06.11 06:09:54.307,1.40986,1.41009,1.32,1.50
2013.06.11 06:09:54.548,1.40981,1.41005,2.07,2.44
2013.06.11 06:09:55.099,1.40983,1.41007,1.13,1.69
2013.06.11 06:09:55.171,1.40993,1.41007,1.88,1.69
2013.06.11 06:09:55.477,1.40999,1.41025,1.32,1.69
2013.06.11 06:09:55.719,1.40999,1.41022,1.32,1.50
2013.06.11 06:09:56.463,1.40998,1.41021,1.32,1.69
2013.06.11 06:09:56.531,1.40997,1.41019,1.32,2.25
2013.06.11 06:09:56.717,1.40997,1.41018,1.32,1.50
2013.06.11 06:09:56.957,1.40996,1.41018,1.39,1.50
2013.06.11 06:09:57.268,1.40995,1.41017,2.89,1.50
2013.06.11 06:09:57.327,1.40995,1.41018,2.70,1.50
2013.06.11 06:09:57.457,1.40995,1.4102,2.70,1.50
2013.06.11 06:09:57.962,1.40998,1.41015,1.13,1.50
2013.06.11 06:09:58.028,1.40999,1.41015,1.13,1.50
2013.06.11 06:09:58.088,1.40994,1.41012,1.58,1.69
2013.06.11 06:09:58.209,1.40992,1.41012,1.95,1.69
2013.06.11 06:09:58.268,1.40989,1.41013,1.47,1.69
2013.06.11 06:09:59.296,1.40992,1.41017,1.32,2.44
2013.06.11 06:09:59.797,1.40992,1.41015,1.32,1.69
2013.06.11 06:10:00.747,1.4099,1.41016,2.07,1.69
2013.06.11 06:10:01.537,1.4099,1.41017,2.07,1.69
2013.06.11 06:10:02.091,1.4099,1.41018,2.07,2.44
2013.06.11 06:10:02.287,1.4099,1.41017,1.32,1.69
2013.06.11 06:10:02.832,1.4099,1.41017,1.32,2.44
2013.06.11 06:10:02.978,1.4099,1.41016,1.32,1.69
2013.06.11 06:10:03.717,1.4099,1.41014,1.32,3.19
2013.06.11 06:10:04.277,1.4099,1.41013,1.32,1.88
2013.06.11 06:10:06.468,1.40989,1.41012,1.32,1.13
2013.06.11 06:10:06.587,1.40985,1.41013,2.07,1.69
2013.06.11 06:10:06.768,1.40983,1.4101,1.32,3.94
2013.06.11 06:10:06.888,1.40983,1.41003,1.32,1.32
2013.06.11 06:10:07.128,1.40975,1.41004,1.69,2.44
2013.06.11 06:10:07.428,1.40972,1.41,2.44,2.44
2013.06.11 06:10:07.992,1.4097,1.41,1.69,3.94
2013.06.11 06:10:09.488,1.40974,1.41,1.50,3.19
2013.06.11 06:10:09.608,1.40975,1.41,1.69,1.69
2013.06.11 06:10:09.727,1.40978,1.41006,1.88,3.19
2013.06.11 06:10:10.288,1.4098,1.41006,2.07,2.44
2013.06.11 06:10:11.098,1.4098,1.41005,1.32,1.69
2013.06.11 06:10:11.157,1.4098,1.41008,1.32,1.32
2013.06.11 06:10:11.697,1.40982,1.41009,1.13,2.07
2013.06.11 06:10:11.997,1.40983,1.41009,1.13,1.69
2013.06.11 06:10:12.058,1.40983,1.4101,1.32,1.69
2013.06.11 06:10:12.663,1.40983,1.4101,1.32,1.69
2013.06.11 06:10:12.971,1.40985,1.4101,1.13,1.69
2013.06.11 06:10:13.277,1.40985,1.41012,1.32,1.69
2013.06.11 06:10:13.339,1.40985,1.41013,1.32,1.32
2013.06.11 06:10:13.399,1.40985,1.41013,1.69,1.69
2013.06.11 06:10:13.768,1.40985,1.41012,2.44,1.69
2013.06.11 06:10:14.128,1.40985,1.41012,2.44,1.69
2013.06.11 06:10:16.837,1.40987,1.41012,1.69,1.69
2013.06.11 06:10:17.077,1.40984,1.41012,1.69,1.69
2013.06.11 06:10:20.048,1.40983,1.41011,3.19,2.44
2013.06.11 06:10:20.587,1.40986,1.41011,1.13,2.44
2013.06.11 06:10:21.098,1.40987,1.41011,1.13,1.69
2013.06.11 06:10:21.458,1.40987,1.41008,1.13,2.44
2013.06.11 06:10:21.517,1.40987,1.41008,1.13,1.69
2013.06.11 06:10:22.439,1.40984,1.4101,1.69,2.44
2013.06.11 06:10:22.627,1.40984,1.4101,1.69,1.69
2013.06.11 06:10:24.417,1.40989,1.41012,1.50,2.44
2013.06.11 06:10:24.837,1.40983,1.41008,1.69,1.50
2013.06.11 06:10:25.017,1.40979,1.41005,1.32,1.69
2013.06.11 06:10:25.557,1.40978,1.41008,1.69,1.69
2013.06.11 06:10:28.548,1.40981,1.41008,1.69,1.69
2013.06.11 06:10:29.198,1.4098,1.41009,1.69,1.69
2013.06.11 06:10:30.297,1.40981,1.4101,1.69,2.44
2013.06.11 06:10:30.838,1.40981,1.41008,1.69,1.69
2013.06.11 06:10:31.234,1.40981,1.41007,1.69,1.69
2013.06.11 06:10:31.536,1.40982,1.41006,1.69,1.13
2013.06.11 06:10:36.018,1.40981,1.41006,1.69,1.50
2013.06.11 06:10:36.257,1.4098,1.41008,2.07,2.82
2013.06.11 06:10:36.828,1.4098,1.41006,1.69,1.50
2013.06.11 06:10:36.947,1.4098,1.41007,1.69,3.19
2013.06.11 06:10:37.247,1.40979,1.41005,1.69,2.44
2013.06.11 06:10:37.899,1.40979,1.41005,1.69,2.44
2013.06.11 06:10:38.246,1.40975,1.41002,1.69,1.69
2013.06.11 06:10:39.256,1.40976,1.41004,1.69,1.69
2013.06.11 06:10:40.629,1.40976,1.41004,1.69,1.69
2013.06.11 06:10:41.228,1.40974,1.41002,4.13,1.69
2013.06.11 06:10:42.306,1.40974,1.41002,4.13,1.69
2013.06.11 06:10:42.608,1.40974,1.41002,4.13,1.69
2013.06.11 06:10:43.249,1.40974,1.41002,4.13,1.69
2013.06.11 06:10:43.707,1.40974,1.41002,3.75,1.69
2013.06.11 06:10:44.237,1.40974,1.41002,3.75,1.69
2013.06.11 06:10:45.359,1.40974,1.41002,3.75,1.69
2013.06.11 06:10:46.798,1.4098,1.41004,1.13,1.69
2013.06.11 06:10:47.218,1.40982,1.41004,1.50,1.69
2013.06.11 06:10:47.459,1.40983,1.4101,1.69,1.69
2013.06.11 06:10:47.756,1.40982,1.41008,1.69,2.44
2013.06.11 06:10:48.248,1.4098,1.41006,1.32,1.69
2013.06.11 06:10:48.488,1.40979,1.41006,1.69,1.69
2013.06.11 06:10:48.958,1.40977,1.41001,1.13,1.69
2013.06.11 06:10:49.017,1.40976,1.41001,2.25,1.69
2013.06.11 06:10:49.548,1.40975,1.41001,2.25,1.69
2013.06.11 06:10:50.455,1.40975,1.41,2.44,1.69
2013.06.11 06:10:50.757,1.40976,1.40999,1.69,2.07
2013.06.11 06:10:54.217,1.40979,1.41002,1.69,2.67
2013.06.11 06:10:54.280,1.4098,1.41002,1.50,1.69
2013.06.11 06:10:54.340,1.4098,1.41006,2.25,1.69
2013.06.11 06:10:55.060,1.40982,1.41005,1.50,1.69
2013.06.11 06:10:56.007,1.40982,1.41008,2.44,1.69
2013.06.11 06:10:56.384,1.40982,1.41006,1.69,1.69
2013.06.11 06:10:58.758,1.40985,1.41007,2.44,1.50
2013.06.11 06:10:58.997,1.40985,1.41012,1.69,1.32
2013.06.11 06:10:59.640,1.40984,1.41015,3.19,3.94
2013.06.11 06:11:01.630,1.40985,1.41011,1.32,1.69
2013.06.11 06:11:01.689,1.40988,1.41011,1.32,1.69
2013.06.11 06:11:02.047,1.40989,1.41015,1.88,1.69
2013.06.11 06:11:02.407,1.4099,1.41014,1.32,1.69
2013.06.11 06:11:03.254,1.40988,1.41015,1.32,3.19
2013.06.11 06:11:03.989,1.40988,1.41015,1.32,3.19
2013.06.11 06:11:06.497,1.40988,1.41014,2.82,1.69
2013.06.11 06:11:06.737,1.40988,1.41017,2.07,1.69
2013.06.11 06:11:09.248,1.40991,1.41018,1.32,3.19
2013.06.11 06:11:09.837,1.4099,1.41017,2.07,1.69
2013.06.11 06:11:12.368,1.4099,1.41016,2.44,1.50
2013.06.11 06:11:12.865,1.4099,1.41013,1.88,2.44
2013.06.11 06:11:12.928,1.4099,1.41008,1.88,1.13
2013.06.11 06:11:12.988,1.40986,1.41003,1.35,1.50
2013.06.11 06:11:13.048,1.40985,1.41003,2.25,2.25
2013.06.11 06:11:13.111,1.40984,1.41002,2.07,2.25
2013.06.11 06:11:13.667,1.40979,1.41002,1.13,1.50
2013.06.11 06:11:14.061,1.40979,1.41001,1.13,2.25
2013.06.11 06:11:17.078,1.40973,1.41,1.50,1.69
2013.06.11 06:11:17.197,1.40971,1.40997,1.32,1.50
2013.06.11 06:11:17.377,1.40973,1.40997,2.07,1.50
2013.06.11 06:11:17.919,1.40975,1.41002,1.13,3.19
2013.06.11 06:11:17.985,1.40976,1.41002,1.50,1.50
2013.06.11 06:11:18.287,1.40976,1.41005,2.25,2.07
2013.06.11 06:11:19.815,1.40977,1.41005,1.69,1.69
2013.06.11 06:11:20.789,1.40975,1.41002,1.32,1.69
2013.06.11 06:11:22.327,1.40978,1.41005,1.69,2.25
2013.06.11 06:11:23.487,1.40979,1.41005,1.69,1.69
2013.06.11 06:11:23.788,1.4098,1.41009,2.44,1.69
2013.06.11 06:11:26.408,1.40984,1.41007,1.69,1.69
2013.06.11 06:11:26.646,1.40987,1.41014,1.69,3.19
2013.06.11 06:11:26.707,1.40988,1.41014,1.69,2.44
2013.06.11 06:11:27.217,1.4099,1.41016,1.50,2.44
2013.06.11 06:11:27.569,1.40992,1.41016,1.50,2.44
2013.06.11 06:11:28.134,1.40993,1.41019,1.50,2.44
2013.06.11 06:11:28.519,1.40989,1.41019,2.44,2.44
2013.06.11 06:11:28.911,1.40989,1.41019,2.07,2.44
2013.06.11 06:11:29.097,1.40995,1.4102,1.69,1.69
2013.06.11 06:11:29.159,1.40996,1.41022,1.69,2.44
2013.06.11 06:11:29.459,1.41004,1.41033,1.69,3.19
2013.06.11 06:11:29.579,1.41006,1.41035,1.69,2.44
2013.06.11 06:11:30.167,1.41005,1.41035,3.19,2.44
2013.06.11 06:11:30.527,1.41007,1.41037,2.44,2.82
2013.06.11 06:11:31.557,1.41008,1.41034,3.19,1.32
2013.06.11 06:11:32.109,1.41005,1.41029,2.44,1.13
2013.06.11 06:11:33.143,1.41006,1.41033,2.44,1.69
2013.06.11 06:11:36.885,1.41006,1.41033,2.44,1.69
2013.06.11 06:11:37.659,1.41006,1.41033,2.44,1.69
2013.06.11 06:11:37.959,1.41006,1.41029,1.69,1.50
2013.06.11 06:11:38.507,1.41002,1.41029,2.44,2.25
2013.06.11 06:11:39.347,1.41001,1.41031,5.25,1.69
2013.06.11 06:11:39.887,1.41003,1.41029,1.69,1.69
2013.06.11 06:11:40.327,1.41,1.41029,3.00,1.69
2013.06.11 06:11:41.258,1.41004,1.4103,1.73,1.69
2013.06.11 06:11:41.318,1.41005,1.41032,1.73,2.07
2013.06.11 06:11:42.377,1.41003,1.41032,1.73,2.07
2013.06.11 06:11:42.797,1.41005,1.41032,1.69,2.82
2013.06.11 06:11:45.027,1.41002,1.41031,2.48,2.82
2013.06.11 06:11:48.267,1.41,1.4103,2.67,1.69
2013.06.11 06:11:48.391,1.41001,1.4103,2.48,2.44
2013.06.11 06:11:48.946,1.41002,1.41032,3.23,2.07
2013.06.11 06:11:49.467,1.41005,1.41032,1.69,1.32
2013.06.11 06:11:49.648,1.41006,1.41036,2.29,2.44
2013.06.11 06:11:50.009,1.41005,1.41033,1.73,1.69
2013.06.11 06:11:50.067,1.41005,1.41035,2.44,2.44
2013.06.11 06:11:50.187,1.41005,1.41035,2.48,2.44
2013.06.11 06:11:50.307,1.41005,1.41035,2.44,3.19
2013.06.11 06:11:50.378,1.41005,1.41035,2.48,3.19
2013.06.11 06:11:50.997,1.41004,1.41032,1.73,2.44
2013.06.11 06:11:51.537,1.41004,1.41033,1.69,3.19
2013.06.11 06:11:51.897,1.41006,1.41035,1.69,1.69
2013.06.11 06:11:52.198,1.41002,1.41029,1.69,1.69
2013.06.11 06:11:52.559,1.41002,1.41023,2.82,1.50
2013.06.11 06:11:52.682,1.40999,1.41025,2.44,1.32
2013.06.11 06:11:52.747,1.40998,1.41025,1.13,1.32
2013.06.11 06:11:55.127,1.40997,1.41024,2.07,1.32
2013.06.11 06:11:58.518,1.40999,1.41019,1.69,1.50
2013.06.11 06:11:58.638,1.41,1.41025,1.69,1.32
2013.06.11 06:11:59.198,1.41001,1.41023,1.69,1.32
2013.06.11 06:12:00.127,1.41001,1.41026,2.44,1.88
2013.06.11 06:12:00.618,1.41004,1.41028,2.44,1.69
2013.06.11 06:12:00.798,1.41006,1.41029,2.25,1.32
2013.06.11 06:12:01.038,1.41009,1.41033,1.69,1.32
2013.06.11 06:12:01.727,1.4101,1.41035,2.25,1.69
2013.06.11 06:12:01.811,1.41012,1.41037,1.69,1.32
2013.06.11 06:12:02.238,1.41014,1.41038,3.19,1.32
2013.06.11 06:12:02.698,1.41013,1.41041,1.88,2.44
2013.06.11 06:12:04.108,1.41013,1.41038,2.63,1.32
2013.06.11 06:12:04.469,1.41009,1.41032,1.88,2.44
2013.06.11 06:12:04.530,1.41007,1.41032,2.25,1.32
2013.06.11 06:12:05.189,1.41007,1.41031,1.50,1.32
2013.06.11 06:12:05.696,1.41007,1.4103,2.25,1.69
2013.06.11 06:12:06.606,1.41008,1.41029,1.50,1.32
2013.06.11 06:12:08.047,1.41004,1.41029,1.69,1.32
2013.06.11 06:12:08.647,1.41005,1.41029,1.69,1.32
2013.06.11 06:12:09.212,1.41007,1.41032,1.69,1.69
2013.06.11 06:12:09.337,1.41009,1.41032,1.50,1.69
2013.06.11 06:12:10.812,1.41009,1.41037,1.69,2.44
2013.06.11 06:12:12.848,1.41005,1.41033,1.69,1.69
2013.06.11 06:12:13.807,1.41008,1.41033,1.69,1.69
2013.06.11 06:12:14.347,1.41008,1.41034,1.13,2.44
2013.06.11 06:12:17.298,1.41009,1.41034,1.13,2.44
2013.06.11 06:12:17.889,1.41008,1.41034,1.13,1.69
2013.06.11 06:12:18.487,1.41009,1.41034,1.88,1.69
2013.06.11 06:12:19.064,1.41006,1.41031,1.69,2.44
2013.06.11 06:12:19.137,1.41004,1.41031,2.07,2.44
2013.06.11 06:12:20.177,1.41004,1.41026,1.13,1.69
2013.06.11 06:12:20.480,1.40995,1.41022,1.69,1.32
2013.06.11 06:12:20.550,1.40994,1.41019,1.69,1.32
2013.06.11 06:12:20.609,1.40994,1.41018,1.50,1.32
2013.06.11 06:12:20.670,1.40991,1.41018,1.69,2.82
2013.06.11 06:12:21.208,1.40988,1.4101,2.07,1.50
2013.06.11 06:12:21.267,1.40987,1.4101,1.32,1.69
2013.06.11 06:12:23.528,1.40988,1.41012,3.19,1.69
2013.06.11 06:12:23.887,1.40993,1.41017,1.69,1.32
2013.06.11 06:12:28.188,1.40995,1.41018,1.50,1.32
2013.06.11 06:12:28.997,1.40994,1.4102,2.25,1.32
2013.06.11 06:12:29.417,1.40994,1.4102,2.63,1.32
2013.06.11 06:12:31.807,1.40996,1.4102,1.69,1.32
2013.06.11 06:12:32.623,1.40995,1.41022,1.69,1.32
2013.06.11 06:12:34.078,1.40995,1.41021,1.69,1.69
2013.06.11 06:12:34.139,1.40994,1.41021,3.19,2.44
2013.06.11 06:12:34.317,1.40991,1.41012,1.32,2.25
2013.06.11 06:12:34.437,1.40988,1.41012,2.44,1.13
2013.06.11 06:12:34.617,1.4099,1.41017,1.69,1.69
2013.06.11 06:12:34.677,1.40994,1.4102,1.69,1.32
2013.06.11 06:12:34.963,1.40995,1.41021,1.50,2.44
2013.06.11 06:12:36.112,1.40996,1.4102,1.50,1.69
2013.06.11 06:12:36.297,1.40994,1.41018,1.50,1.69
2013.06.11 06:12:36.875,1.40993,1.4102,2.48,2.44
2013.06.11 06:12:39.737,1.40993,1.4102,3.19,2.44
2013.06.11 06:12:39.857,1.40993,1.4102,2.48,1.69
2013.06.11 06:12:39.980,1.40993,1.4102,3.19,1.32
2013.06.11 06:12:40.097,1.40993,1.4102,2.48,1.32
2013.06.11 06:12:40.834,1.40993,1.41023,3.23,2.07
2013.06.11 06:12:41.077,1.40992,1.41021,2.10,1.69
2013.06.11 06:12:41.259,1.40991,1.41015,1.50,1.69
2013.06.11 06:12:41.318,1.40986,1.41012,2.82,1.50
2013.06.11 06:12:41.378,1.40986,1.41012,3.33,1.50
2013.06.11 06:12:41.497,1.40986,1.41012,2.07,3.00
2013.06.11 06:12:41.617,1.40986,1.41012,2.10,2.25
2013.06.11 06:12:41.737,1.40986,1.41012,2.07,2.25
2013.06.11 06:12:41.857,1.40986,1.41012,2.10,2.25
2013.06.11 06:12:41.917,1.40986,1.41012,2.07,2.25
2013.06.11 06:12:42.590,1.40986,1.41012,2.85,2.25
2013.06.11 06:12:43.437,1.40988,1.4101,1.32,1.50
2013.06.11 06:12:43.997,1.40982,1.4101,3.23,1.50
2013.06.11 06:12:44.469,1.40981,1.41006,1.73,3.90
2013.06.11 06:12:44.528,1.40978,1.41001,1.69,1.50
2013.06.11 06:12:44.587,1.40978,1.41001,1.73,1.50
2013.06.11 06:12:44.708,1.40976,1.40999,1.69,1.32
2013.06.11 06:12:44.827,1.40974,1.40999,1.73,1.32
2013.06.11 06:12:44.947,1.40974,1.40999,1.69,1.32
2013.06.11 06:12:45.518,1.40976,1.41003,2.44,1.32
2013.06.11 06:12:45.817,1.40976,1.41003,2.44,1.32
2013.06.11 06:12:47.238,1.40978,1.41004,1.69,1.13
2013.06.11 06:12:49.217,1.4098,1.41005,1.69,2.25
2013.06.11 06:12:49.279,1.4098,1.41005,1.69,1.50
2013.06.11 06:12:49.338,1.40984,1.41007,1.50,1.13
2013.06.11 06:12:49.639,1.40979,1.41002,1.13,1.88
2013.06.11 06:12:49.817,1.4098,1.41005,2.44,1.50
2013.06.11 06:12:50.968,1.40979,1.41006,1.69,2.25
2013.06.11 06:12:51.547,1.4098,1.41005,1.69,1.50
2013.06.11 06:12:54.247,1.40978,1.41003,1.69,1.50
2013.06.11 06:12:54.790,1.40978,1.41004,1.69,2.25
2013.06.11 06:12:55.475,1.40978,1.41003,1.69,2.25
2013.06.11 06:12:55.669,1.40978,1.41001,1.69,1.13
2013.06.11 06:12:55.788,1.40973,1.41,1.32,2.25
2013.06.11 06:12:57.607,1.40974,1.40999,1.32,1.50
2013.06.11 06:13:00.020,1.40973,1.40999,2.07,1.50
2013.06.11 06:13:01.647,1.40977,1.40999,1.50,1.50
2013.06.11 06:13:02.356,1.40979,1.40998,1.50,1.50
2013.06.11 06:13:03.867,1.40978,1.40998,1.50,1.50
2013.06.11 06:13:03.929,1.40976,1.40998,1.69,1.50
2013.06.11 06:13:04.168,1.40977,1.41001,1.50,1.13
2013.06.11 06:13:04.816,1.40977,1.41001,2.44,1.13
2013.06.11 06:13:05.327,1.40978,1.41,1.88,1.88
2013.06.11 06:13:05.997,1.40978,1.41,1.32,1.13
2013.06.11 06:13:06.677,1.40977,1.40999,1.69,1.50
2013.06.11 06:13:09.088,1.40977,1.40998,1.69,1.13
2013.06.11 06:13:09.208,1.40977,1.40992,1.50,1.62
2013.06.11 06:13:09.269,1.40973,1.40988,1.50,1.32
2013.06.11 06:13:09.449,1.40968,1.40988,1.13,1.32
2013.06.11 06:13:09.508,1.40964,1.40988,2.44,1.32
2013.06.11 06:13:09.569,1.40961,1.40988,1.69,1.32
2013.06.11 06:13:10.597,1.40964,1.40991,3.19,1.50
2013.06.11 06:13:14.157,1.40966,1.40993,1.69,1.50
2013.06.11 06:13:15.578,1.40964,1.40991,1.69,1.32
2013.06.11 06:13:21.368,1.40966,1.40988,1.69,2.25
2013.06.11 06:13:21.877,1.40966,1.40988,1.69,2.25
2013.06.11 06:13:22.587,1.40963,1.40988,2.82,1.50
2013.06.11 06:13:23.147,1.40963,1.40988,3.94,1.50
2013.06.11 06:13:23.447,1.40962,1.40988,2.07,3.94
2013.06.11 06:13:26.518,1.40965,1.40991,1.69,1.69
2013.06.11 06:13:27.068,1.40962,1.40987,3.57,1.50
2013.06.11 06:13:27.707,1.40962,1.40987,2.07,1.69
2013.06.11 06:13:32.833,1.40962,1.40986,1.32,1.69
2013.06.11 06:13:33.523,1.40962,1.40987,1.32,3.57
2013.06.11 06:13:33.825,1.40961,1.40987,1.32,3.57
2013.06.11 06:13:37.678,1.40961,1.40981,1.32,2.07
2013.06.11 06:13:38.058,1.40957,1.40979,1.32,1.50
2013.06.11 06:13:38.178,1.40957,1.40982,1.69,1.32
2013.06.11 06:13:38.987,1.40957,1.40982,1.32,1.32
2013.06.11 06:13:39.589,1.40957,1.40982,1.32,1.32
2013.06.11 06:13:39.927,1.40957,1.40982,1.32,2.07
2013.06.11 06:13:41.458,1.40952,1.40974,2.07,1.13
2013.06.11 06:13:41.578,1.40952,1.4097,1.50,1.69
2013.06.11 06:13:41.757,1.40945,1.40968,2.07,1.50
2013.06.11 06:13:41.997,1.40945,1.40967,1.32,2.25
2013.06.11 06:13:44.758,1.40941,1.40967,1.32,2.25
2013.06.11 06:13:49.188,1.40944,1.40966,1.32,1.88
2013.06.11 06:13:49.427,1.40936,1.4096,1.32,1.88
2013.06.11 06:13:49.608,1.4093,1.40957,2.48,1.13
2013.06.11 06:13:49.727,1.4093,1.40957,1.69,1.13
2013.06.11 06:13:50.427,1.40941,1.40957,1.50,1.13
2013.06.11 06:13:50.728,1.40959,1.4099,7.85,1.13
2013.06.11 06:13:50.908,1.40982,1.41011,2.82,2.25
2013.06.11 06:13:51.087,1.40983,1.41007,1.32,1.69
2013.06.11 06:13:51.777,1.40983,1.4101,1.32,2.44
2013.06.11 06:13:52.617,1.40983,1.41007,1.32,1.32
2013.06.11 06:13:52.677,1.40983,1.41006,1.32,1.69
2013.06.11 06:13:52.988,1.40977,1.41,1.69,2.25
2013.06.11 06:13:53.229,1.40974,1.40994,1.69,1.50
2013.06.11 06:13:53.291,1.40974,1.40994,1.50,1.69
2013.06.11 06:13:53.480,1.4097,1.40994,1.32,1.32
2013.06.11 06:13:53.539,1.40967,1.4099,1.32,1.88
2013.06.11 06:13:53.600,1.40963,1.4099,1.92,1.88
2013.06.11 06:13:54.228,1.40966,1.40992,1.69,1.69
2013.06.11 06:13:54.670,1.40971,1.40992,1.50,1.69
2013.06.11 06:13:54.967,1.40971,1.40994,1.69,2.07
2013.06.11 06:13:55.027,1.40968,1.40994,1.69,2.82
2013.06.11 06:13:55.687,1.40968,1.40994,1.69,2.07
2013.06.11 06:13:56.180,1.40969,1.40989,1.69,1.13
2013.06.11 06:13:56.239,1.40966,1.40988,1.69,1.13
2013.06.11 06:13:56.358,1.40964,1.4099,2.44,1.50
2013.06.11 06:13:56.600,1.40964,1.40988,1.69,1.32
2013.06.11 06:13:56.788,1.40958,1.40984,3.19,1.69
2013.06.11 06:13:57.327,1.40955,1.40986,3.19,2.82
2013.06.11 06:13:59.157,1.4096,1.40987,2.63,2.44
2013.06.11 06:13:59.467,1.40969,1.40992,1.13,1.69
2013.06.11 06:13:59.767,1.40971,1.40996,1.17,1.69
2013.06.11 06:13:59.827,1.40973,1.40997,1.32,2.07
2013.06.11 06:14:00.732,1.40972,1.40999,1.32,3.57
2013.06.11 06:14:01.267,1.40973,1.40996,1.32,1.69
2013.06.11 06:14:04.538,1.40972,1.40991,1.32,1.50
2013.06.11 06:14:04.598,1.40971,1.40989,1.32,1.50
2013.06.11 06:14:04.718,1.4097,1.40989,1.50,1.50
2013.06.11 06:14:04.778,1.40965,1.40988,1.32,1.50
2013.06.11 06:14:05.401,1.40964,1.4099,1.32,1.69
2013.06.11 06:14:05.894,1.40965,1.4099,1.32,1.69
2013.06.11 06:14:06.767,1.40965,1.40987,1.32,1.50
2013.06.11 06:14:06.947,1.40965,1.4099,2.07,1.69
2013.06.11 06:14:07.007,1.40968,1.40991,1.32,1.69
2013.06.11 06:14:07.127,1.40969,1.40992,1.32,1.69
2013.06.11 06:14:07.187,1.40969,1.40992,1.32,1.69
2013.06.11 06:14:07.596,1.40969,1.40994,1.32,1.69
2013.06.11 06:14:07.777,1.40967,1.40994,1.32,1.69
2013.06.11 06:14:09.347,1.40967,1.40991,1.13,1.69
2013.06.11 06:14:09.897,1.40967,1.40991,1.13,3.19
2013.06.11 06:14:10.199,1.40961,1.40986,1.69,1.50
2013.06.11 06:14:10.259,1.40958,1.40986,1.88,2.44
2013.06.11 06:14:12.298,1.40954,1.40982,1.69,2.25
2013.06.11 06:14:12.816,1.40954,1.4098,1.69,1.69
2013.06.11 06:14:13.168,1.40957,1.4098,1.32,1.69
2013.06.11 06:14:13.287,1.40965,1.40984,1.13,1.69
2013.06.11 06:14:13.467,1.40965,1.40986,1.13,1.32
2013.06.11 06:14:14.007,1.40965,1.40986,1.13,1.69
2013.06.11 06:14:14.067,1.40962,1.40986,1.50,2.44
2013.06.11 06:14:14.308,1.40956,1.40982,1.69,1.69
2013.06.11 06:14:15.183,1.40956,1.40983,1.69,2.44
2013.06.11 06:14:15.928,1.40956,1.40981,1.69,1.69
2013.06.11 06:14:20.208,1.40957,1.40984,1.69,1.69
2013.06.11 06:14:20.567,1.40966,1.40988,1.13,1.69
2013.06.11 06:14:21.057,1.40966,1.40986,1.13,1.69
2013.06.11 06:14:21.688,1.40964,1.40986,1.13,3.19
2013.06.11 06:14:22.048,1.40963,1.40986,1.13,2.44
2013.06.11 06:14:22.570,1.40963,1.40986,1.13,2.44
2013.06.11 06:14:22.923,1.40963,1.40985,1.13,1.69
2013.06.11 06:14:23.468,1.40963,1.40983,1.13,1.69
2013.06.11 06:14:23.828,1.40963,1.40983,1.13,2.82
2013.06.11 06:14:24.017,1.40963,1.40986,1.32,2.44
2013.06.11 06:14:24.078,1.40966,1.40986,1.13,2.44
2013.06.11 06:14:25.428,1.40966,1.40987,1.13,2.44
2013.06.11 06:14:26.277,1.40966,1.40987,1.88,3.19
2013.06.11 06:14:26.747,1.40966,1.40987,1.69,1.50
2013.06.11 06:14:26.928,1.40971,1.40995,1.32,1.69
2013.06.11 06:14:26.988,1.40971,1.40997,1.32,1.69
2013.06.11 06:14:27.048,1.40975,1.41,1.13,2.44
2013.06.11 06:14:27.228,1.4098,1.41003,1.13,3.19
2013.06.11 06:14:29.030,1.4098,1.41,1.13,2.44
2013.06.11 06:14:29.577,1.4098,1.40999,1.13,1.50
2013.06.11 06:14:29.947,1.4098,1.40999,1.13,1.50
2013.06.11 06:14:31.087,1.40974,1.40997,2.44,1.50
2013.06.11 06:14:31.888,1.40976,1.41,1.69,1.69
2013.06.11 06:14:32.187,1.40973,1.41002,2.44,1.32
2013.06.11 06:14:32.488,1.40973,1.40998,1.69,1.50
2013.06.11 06:14:33.029,1.40974,1.40997,1.69,1.50
2013.06.11 06:14:33.588,1.40974,1.40999,1.69,1.69
2013.06.11 06:14:36.747,1.40969,1.40998,2.44,2.44
2013.06.11 06:14:38.097,1.40969,1.40994,1.69,1.50
2013.06.11 06:14:38.627,1.40968,1.40994,1.69,1.69
2013.06.11 06:14:38.688,1.40968,1.40996,1.69,1.69
2013.06.11 06:14:38.927,1.40968,1.40996,1.69,1.69
2013.06.11 06:14:39.439,1.40968,1.40993,1.69,1.50
2013.06.11 06:14:39.755,1.40968,1.40993,1.69,1.50
2013.06.11 06:14:40.177,1.4097,1.40994,1.69,1.69
2013.06.11 06:14:40.237,1.4097,1.40997,1.69,2.44
2013.06.11 06:14:40.742,1.4097,1.40997,1.69,2.44
2013.06.11 06:14:41.328,1.40973,1.40994,1.69,3.19
2013.06.11 06:14:43.697,1.40968,1.40995,2.44,1.32
2013.06.11 06:14:48.362,1.40972,1.40996,1.69,1.50
2013.06.11 06:14:48.560,1.40973,1.41,1.69,1.69
2013.06.11 06:14:48.618,1.40973,1.41,1.69,1.69
2013.06.11 06:14:49.817,1.40974,1.41001,1.69,1.69
2013.06.11 06:14:53.037,1.40977,1.41001,1.50,1.69
2013.06.11 06:14:56.159,1.40975,1.40999,1.50,1.69
2013.06.11 06:14:56.279,1.40974,1.40995,1.32,1.50
2013.06.11 06:14:56.578,1.40965,1.40994,2.82,1.69
2013.06.11 06:14:56.697,1.40968,1.40995,1.32,2.44
2013.06.11 06:14:56.998,1.40972,1.40995,1.13,2.44
2013.06.11 06:14:57.237,1.40978,1.40997,1.13,1.69
2013.06.11 06:14:57.357,1.40978,1.40997,1.13,1.69
2013.06.11 06:14:57.897,1.40978,1.40999,1.13,2.44
2013.06.11 06:15:00.917,1.40979,1.41003,1.13,2.44
2013.06.11 06:15:03.548,1.40978,1.41004,1.32,2.44
2013.06.11 06:15:04.548,1.40976,1.41005,1.13,1.32
2013.06.11 06:15:04.837,1.40976,1.41005,1.32,1.32
2013.06.11 06:15:05.237,1.40981,1.41006,1.88,2.07
2013.06.11 06:15:05.298,1.40981,1.41007,1.13,2.07
2013.06.11 06:15:05.357,1.40981,1.41007,2.07,1.32
2013.06.11 06:15:07.277,1.40982,1.41009,1.13,1.69
2013.06.11 06:15:07.612,1.40986,1.41009,1.13,1.69
2013.06.11 06:15:07.687,1.40985,1.41012,2.07,1.13
2013.06.11 06:15:08.128,1.40986,1.41009,1.13,1.50
2013.06.11 06:15:08.441,1.40987,1.4101,1.13,1.69
2013.06.11 06:15:08.688,1.40984,1.41011,2.07,1.69
2013.06.11 06:15:08.941,1.40988,1.4101,1.13,1.69
2013.06.11 06:15:09.007,1.40988,1.41011,1.13,2.44
2013.06.11 06:15:09.187,1.40987,1.41011,1.13,3.19
2013.06.11 06:15:10.319,1.40987,1.41006,1.13,1.69
2013.06.11 06:15:10.499,1.40981,1.41004,1.13,1.69
2013.06.11 06:15:10.618,1.40976,1.41001,1.13,1.50
2013.06.11 06:15:10.977,1.40973,1.41003,1.32,1.69
2013.06.11 06:15:11.530,1.40977,1.41003,1.13,1.69
2013.06.11 06:15:15.327,1.40979,1.41003,1.88,1.69
2013.06.11 06:15:15.871,1.40981,1.41004,1.13,1.69
2013.06.11 06:15:17.297,1.40981,1.41006,1.88,1.32
2013.06.11 06:15:17.817,1.40986,1.41008,1.13,1.50
2013.06.11 06:15:17.997,1.40987,1.41015,1.13,1.69
2013.06.11 06:15:19.178,1.40987,1.41014,1.13,1.69
2013.06.11 06:15:20.010,1.40987,1.41014,1.13,1.69
2013.06.11 06:15:22.138,1.40989,1.41015,1.50,1.69
2013.06.11 06:15:22.198,1.4099,1.41019,1.50,1.69
2013.06.11 06:15:22.890,1.40991,1.4102,1.13,2.44
2013.06.11 06:15:23.417,1.40988,1.4102,1.32,3.94
2013.06.11 06:15:23.967,1.40988,1.4102,1.32,2.44
2013.06.11 06:15:24.517,1.40988,1.41016,1.50,2.07
2013.06.11 06:15:24.877,1.40988,1.41016,1.13,1.69
2013.06.11 06:15:27.288,1.40986,1.41016,1.32,1.69
2013.06.11 06:15:27.858,1.40987,1.41015,1.32,1.69
2013.06.11 06:15:28.287,1.40989,1.41016,1.32,1.69
2013.06.11 06:15:28.613,1.40988,1.41017,1.88,1.69
2013.06.11 06:15:28.857,1.40988,1.41014,1.88,2.44
2013.06.11 06:15:28.917,1.40987,1.41014,1.32,2.44
2013.06.11 06:15:29.037,1.40981,1.41008,2.44,1.50
2013.06.11 06:15:29.578,1.40986,1.41012,1.69,1.69
2013.06.11 06:15:29.638,1.40984,1.41014,2.82,1.69
2013.06.11 06:15:29.939,1.40987,1.41013,1.32,1.69
2013.06.11 06:15:30.058,1.40984,1.41012,1.32,1.69
2013.06.11 06:15:30.178,1.40986,1.41009,1.69,1.50
2013.06.11 06:15:30.479,1.40985,1.4101,1.88,1.69
2013.06.11 06:15:30.845,1.40984,1.41013,1.50,1.69
2013.06.11 06:15:30.968,1.40986,1.41016,1.69,3.19
2013.06.11 06:15:31.088,1.40984,1.41015,1.69,1.69
2013.06.11 06:15:31.388,1.40984,1.4101,1.32,1.69
2013.06.11 06:15:31.507,1.40985,1.4101,1.32,1.69
2013.06.11 06:15:31.687,1.40979,1.41009,2.07,1.69
2013.06.11 06:15:31.809,1.40979,1.41008,1.88,1.69
2013.06.11 06:15:32.167,1.4098,1.41007,1.88,1.69
2013.06.11 06:15:32.288,1.40981,1.41009,1.50,1.69
2013.06.11 06:15:32.348,1.40981,1.41007,1.50,1.69
2013.06.11 06:15:32.798,1.4098,1.41009,2.07,1.69
2013.06.11 06:15:33.277,1.40983,1.4101,1.50,2.44
2013.06.11 06:15:33.818,1.40977,1.41006,1.69,1.69
2013.06.11 06:15:34.362,1.40982,1.41009,1.13,1.69
2013.06.11 06:15:34.428,1.40983,1.41011,1.13,2.44
2013.06.11 06:15:34.849,1.40984,1.41012,1.50,1.69
2013.06.11 06:15:35.391,1.40984,1.41009,1.88,2.44
2013.06.11 06:15:35.637,1.4098,1.41007,1.50,2.44
2013.06.11 06:15:35.878,1.40976,1.41007,2.82,2.44
2013.06.11 06:15:36.058,1.40978,1.4101,2.44,2.44
2013.06.11 06:15:36.435,1.40985,1.41011,1.50,2.44
2013.06.11 06:15:37.791,1.40985,1.41011,1.88,3.19
2013.06.11 06:15:40.580,1.40985,1.41011,1.88,3.19
2013.06.11 06:15:42.595,1.40984,1.4101,1.13,1.69
2013.06.11 06:15:45.300,1.40985,1.4101,1.88,1.69
2013.06.11 06:15:45.358,1.40986,1.41014,2.44,2.44
2013.06.11 06:15:45.479,1.40987,1.41018,2.44,2.44
2013.06.11 06:15:45.540,1.40988,1.41019,2.44,1.69
2013.06.11 06:15:45.838,1.40992,1.4102,1.69,2.44
2013.06.11 06:15:45.897,1.40992,1.41019,1.69,1.69
2013.06.11 06:15:46.018,1.4099,1.41019,1.69,1.69
2013.06.11 06:15:46.377,1.40991,1.41018,1.32,1.69
2013.06.11 06:15:46.677,1.4099,1.41016,1.32,1.50
2013.06.11 06:15:46.738,1.40989,1.41015,1.69,1.50
2013.06.11 06:15:47.299,1.4099,1.41016,1.32,1.50
2013.06.11 06:15:47.359,1.40991,1.4102,1.32,1.69
2013.06.11 06:15:47.747,1.40989,1.41017,1.69,1.69
2013.06.11 06:15:48.168,1.40989,1.41015,1.32,2.25
2013.06.11 06:15:48.288,1.4099,1.41018,1.69,1.69
2013.06.11 06:15:48.943,1.40994,1.41018,1.69,2.44
2013.06.11 06:15:49.489,1.40992,1.41015,1.50,1.69
2013.06.11 06:15:50.078,1.40993,1.41014,1.50,1.50
2013.06.11 06:15:50.823,1.40993,1.41014,1.50,1.50
2013.06.11 06:15:51.207,1.40994,1.41014,1.50,1.69
2013.06.11 06:15:52.446,1.40995,1.41014,1.50,2.44
2013.06.11 06:15:52.879,1.40995,1.41014,1.50,2.44
2013.06.11 06:15:53.615,1.40998,1.41014,1.50,1.69
2013.06.11 06:15:55.288,1.40998,1.41015,1.88,2.44
2013.06.11 06:15:56.807,1.40997,1.41014,1.88,1.69
2013.06.11 06:15:58.217,1.40995,1.41015,1.88,1.69
2013.06.11 06:15:58.357,1.40998,1.41015,1.50,1.69
2013.06.11 06:15:59.683,1.40998,1.41015,1.88,1.69
2013.06.11 06:16:03.897,1.40998,1.41014,1.88,1.69
2013.06.11 06:16:04.408,1.40997,1.41014,1.50,1.69
2013.06.11 06:16:04.587,1.40999,1.41015,1.50,1.69
2013.06.11 06:16:06.479,1.40999,1.41015,1.50,1.50
2013.06.11 06:16:10.400,1.40999,1.41015,1.50,1.69
2013.06.11 06:16:10.991,1.40998,1.41019,1.88,2.44
2013.06.11 06:16:11.240,1.40997,1.4102,1.50,1.69
2013.06.11 06:16:11.360,1.40998,1.41021,1.13,1.69
2013.06.11 06:16:11.538,1.40997,1.4102,1.13,1.69
2013.06.11 06:16:12.018,1.40997,1.4102,1.13,3.19
2013.06.11 06:16:12.197,1.40997,1.41018,2.25,1.69
2013.06.11 06:16:12.478,1.40997,1.41018,1.50,2.44
2013.06.11 06:16:12.539,1.40994,1.41015,1.20,1.69
2013.06.11 06:16:12.958,1.40996,1.41016,1.13,3.19
2013.06.11 06:16:13.438,1.40995,1.41013,1.88,1.69
2013.06.11 06:16:13.640,1.40991,1.41014,1.50,2.44
2013.06.11 06:16:13.829,1.40995,1.41013,1.88,1.69
2013.06.11 06:16:14.067,1.40992,1.41013,1.50,1.69
2013.06.11 06:16:14.608,1.40993,1.41013,1.50,1.69
2013.06.11 06:16:15.208,1.40995,1.41014,1.50,1.69
2013.06.11 06:16:15.947,1.40995,1.41012,1.50,1.69
2013.06.11 06:16:17.855,1.40995,1.41011,1.88,2.44
2013.06.11 06:16:18.208,1.40995,1.41008,1.13,1.69
2013.06.11 06:16:18.388,1.40993,1.41011,1.88,2.44
2013.06.11 06:16:18.449,1.40993,1.4101,1.13,1.69
2013.06.11 06:16:18.758,1.40992,1.41013,2.25,2.44
2013.06.11 06:16:19.180,1.40985,1.41012,1.13,1.69
2013.06.11 06:16:21.545,1.40985,1.41012,1.50,1.69
2013.06.11 06:16:21.848,1.4099,1.41017,2.63,1.69
2013.06.11 06:16:22.868,1.4099,1.41015,1.88,1.69
2013.06.11 06:16:23.591,1.4099,1.41016,1.88,1.69
2013.06.11 06:16:24.440,1.40992,1.41016,1.88,1.69
2013.06.11 06:16:25.419,1.40992,1.41016,1.88,1.69
2013.06.11 06:16:25.776,1.40992,1.41019,2.07,2.07
2013.06.11 06:16:28.358,1.40995,1.41019,1.13,1.69
2013.06.11 06:16:28.479,1.40996,1.4102,1.13,1.69
2013.06.11 06:16:29.038,1.40996,1.41021,1.32,1.69
2013.06.11 06:16:29.817,1.40996,1.41021,1.32,1.69
2013.06.11 06:16:30.520,1.40996,1.41021,2.07,1.69
2013.06.11 06:16:30.849,1.40996,1.41021,2.07,1.69
2013.06.11 06:16:31.408,1.40999,1.41021,1.13,1.69
2013.06.11 06:16:31.948,1.40999,1.41021,1.13,1.69
2013.06.11 06:16:32.341,1.41003,1.41022,2.07,1.13
2013.06.11 06:16:32.458,1.41005,1.41026,1.69,2.07
2013.06.11 06:16:32.580,1.41005,1.41033,2.82,1.69
2013.06.11 06:16:32.699,1.41011,1.41039,1.32,2.63
2013.06.11 06:16:32.938,1.4101,1.41037,1.88,1.69
2013.06.11 06:16:33.117,1.41005,1.41034,1.32,1.69
2013.06.11 06:16:33.622,1.41005,1.41033,1.32,1.69
2013.06.11 06:16:33.748,1.41003,1.41032,1.32,1.69
2013.06.11 06:16:33.809,1.41003,1.41031,1.13,1.69
2013.06.11 06:16:34.168,1.41006,1.41035,1.32,1.69
2013.06.11 06:16:34.228,1.41006,1.41036,1.32,1.69
2013.06.11 06:16:37.450,1.41008,1.41036,1.13,2.44
2013.06.11 06:16:38.128,1.41008,1.41037,1.13,3.94
2013.06.11 06:16:41.338,1.41008,1.41033,1.69,1.69
2013.06.11 06:16:41.918,1.41008,1.41033,1.69,1.69
2013.06.11 06:16:42.509,1.41008,1.41033,1.69,1.69
2013.06.11 06:16:43.438,1.41008,1.41034,1.69,1.69
2013.06.11 06:16:45.933,1.41011,1.41035,1.13,1.69
2013.06.11 06:16:46.178,1.41012,1.41037,1.50,1.69
2013.06.11 06:16:46.238,1.41011,1.41037,2.63,2.44
2013.06.11 06:16:46.598,1.41015,1.41039,1.32,2.07
2013.06.11 06:16:46.659,1.41018,1.41041,1.13,1.69
2013.06.11 06:16:46.778,1.41021,1.41046,1.32,1.32
2013.06.11 06:16:46.900,1.41022,1.4105,1.88,1.69
2013.06.11 06:16:47.438,1.41022,1.41051,2.63,2.07
2013.06.11 06:16:47.739,1.41022,1.41047,1.13,1.69
2013.06.11 06:16:47.799,1.41022,1.41044,1.13,1.13
2013.06.11 06:16:48.280,1.41017,1.41037,1.69,1.50
2013.06.11 06:16:48.339,1.41011,1.41035,1.50,1.69
2013.06.11 06:16:48.459,1.41009,1.41034,1.32,1.92
2013.06.11 06:16:48.520,1.41004,1.41033,1.69,1.54
2013.06.11 06:16:48.828,1.41001,1.41029,1.32,1.69
2013.06.11 06:16:50.018,1.40998,1.41029,2.07,1.69
2013.06.11 06:16:50.768,1.40999,1.41029,1.32,1.69
2013.06.11 06:16:50.828,1.40999,1.41027,1.13,1.69
2013.06.11 06:16:51.613,1.41001,1.41025,1.32,1.69
2013.06.11 06:16:51.930,1.40998,1.41024,1.13,1.69
2013.06.11 06:16:52.049,1.40994,1.41021,1.50,1.69
2013.06.11 06:16:52.108,1.40993,1.41022,1.32,3.19
2013.06.11 06:16:52.715,1.40993,1.41018,1.32,1.69
2013.06.11 06:16:53.949,1.40994,1.4102,1.13,1.69
2013.06.11 06:16:54.130,1.40994,1.41021,2.07,1.69
2013.06.11 06:16:54.188,1.40994,1.41021,3.57,1.69
2013.06.11 06:16:54.490,1.40998,1.41023,1.13,1.69
2013.06.11 06:16:55.958,1.41002,1.41026,1.13,2.44
2013.06.11 06:16:56.317,1.41001,1.41027,1.13,1.69
2013.06.11 06:16:56.678,1.4101,1.41031,1.50,1.69
2013.06.11 06:16:56.738,1.4101,1.41032,1.50,1.69
2013.06.11 06:16:57.098,1.41013,1.41034,1.50,1.69
2013.06.11 06:16:57.158,1.41013,1.41037,1.50,1.69
2013.06.11 06:16:57.278,1.41013,1.41038,2.44,1.69
2013.06.11 06:16:57.817,1.41015,1.4104,1.50,2.44
2013.06.11 06:16:58.520,1.41015,1.41041,1.50,1.69
2013.06.11 06:16:59.155,1.41015,1.41041,2.25,1.69
2013.06.11 06:17:00.107,1.41014,1.41041,1.32,1.69
2013.06.11 06:17:00.349,1.41015,1.41041,1.88,1.69
2013.06.11 06:17:00.887,1.41018,1.41042,1.13,1.69
2013.06.11 06:17:01.148,1.41015,1.41042,1.13,1.69
2013.06.11 06:17:02.010,1.41015,1.41043,1.69,1.69
2013.06.11 06:17:02.599,1.41013,1.41043,1.13,2.44
2013.06.11 06:17:03.238,1.41013,1.41039,2.44,1.69
2013.06.11 06:17:07.087,1.41014,1.41038,1.32,1.69
2013.06.11 06:17:07.207,1.41015,1.41042,1.32,1.69
2013.06.11 06:17:07.568,1.41016,1.41046,2.82,1.69
2013.06.11 06:17:08.718,1.41021,1.41046,2.07,1.69
2013.06.11 06:17:09.022,1.41025,1.41052,1.32,2.44
2013.06.11 06:17:09.208,1.41026,1.41053,1.32,1.69
2013.06.11 06:17:09.708,1.41026,1.41055,1.32,2.44
2013.06.11 06:17:10.925,1.41026,1.41054,1.32,1.69
2013.06.11 06:17:12.449,1.41023,1.41052,1.32,2.44
2013.06.11 06:17:13.072,1.41025,1.41054,1.69,3.94
2013.06.11 06:17:13.869,1.41023,1.41052,3.57,1.69
2013.06.11 06:17:14.528,1.41022,1.41051,1.32,2.44
2013.06.11 06:17:14.947,1.41021,1.4105,1.32,3.19
2013.06.11 06:17:15.007,1.41021,1.4105,1.32,3.19
2013.06.11 06:17:15.907,1.41021,1.41049,1.32,2.44
2013.06.11 06:17:16.148,1.41021,1.41043,1.32,1.50
2013.06.11 06:17:16.860,1.41019,1.41047,1.32,2.44
2013.06.11 06:17:17.279,1.41019,1.41047,1.32,1.69
2013.06.11 06:17:17.597,1.41019,1.41044,1.32,1.50
2013.06.11 06:17:18.737,1.41018,1.41044,2.07,1.50
2013.06.11 06:17:19.179,1.41019,1.41044,1.13,1.50
2013.06.11 06:17:19.910,1.41019,1.41044,1.13,2.44
2013.06.11 06:17:20.099,1.41017,1.4104,1.69,1.69
2013.06.11 06:17:20.760,1.41012,1.41039,1.69,1.69
2013.06.11 06:17:21.948,1.41012,1.41039,1.69,1.69
2013.06.11 06:17:22.549,1.41013,1.41037,1.69,1.69
2013.06.11 06:17:23.459,1.41012,1.41039,1.69,2.44
2013.06.11 06:17:27.029,1.41013,1.41039,1.69,2.44
2013.06.11 06:17:28.069,1.41011,1.41037,1.69,1.69
2013.06.11 06:17:28.699,1.41011,1.41037,1.69,1.50
2013.06.11 06:17:29.312,1.41011,1.41037,1.69,1.69
2013.06.11 06:17:29.858,1.41012,1.41039,1.69,1.69
2013.06.11 06:17:32.139,1.41011,1.41039,1.88,1.69
2013.06.11 06:17:32.760,1.41011,1.4104,1.88,2.44
2013.06.11 06:17:33.860,1.41011,1.41039,1.13,1.69
2013.06.11 06:17:33.980,1.4101,1.41036,1.69,2.44
2013.06.11 06:17:34.528,1.41011,1.4104,1.69,2.44
2013.06.11 06:17:35.744,1.41011,1.4104,1.69,2.44
2013.06.11 06:17:38.240,1.41011,1.41039,1.69,1.69
2013.06.11 06:17:38.549,1.41011,1.41038,1.69,3.19
2013.06.11 06:17:38.907,1.41009,1.41032,1.69,2.44
2013.06.11 06:17:38.967,1.41009,1.41032,1.32,2.44
2013.06.11 06:17:39.478,1.41009,1.41032,1.32,1.69
2013.06.11 06:17:40.085,1.41009,1.41032,1.32,2.44
2013.06.11 06:17:40.637,1.4101,1.41032,1.13,1.69
2013.06.11 06:17:40.720,1.41009,1.41032,1.13,1.69
2013.06.11 06:17:40.958,1.4101,1.41032,1.13,2.44
2013.06.11 06:17:41.077,1.41009,1.41032,1.13,1.69
2013.06.11 06:17:41.663,1.41008,1.41032,1.69,1.50
2013.06.11 06:17:42.328,1.41008,1.41032,1.69,1.50
2013.06.11 06:17:43.239,1.41008,1.41032,1.69,1.50
2013.06.11 06:17:43.717,1.41008,1.41032,1.69,2.25
2013.06.11 06:17:45.178,1.41008,1.41031,1.88,1.50
2013.06.11 06:17:45.297,1.41008,1.41029,1.32,1.50
2013.06.11 06:17:45.481,1.41008,1.41029,1.32,2.25
2013.06.11 06:17:45.858,1.41008,1.41031,1.32,1.69
2013.06.11 06:17:45.918,1.41008,1.41031,1.32,1.69
2013.06.11 06:17:46.628,1.41007,1.4103,1.32,1.50
2013.06.11 06:17:47.489,1.41007,1.4103,1.32,2.25
2013.06.11 06:17:47.728,1.41004,1.41028,1.32,2.25
2013.06.11 06:17:48.328,1.41008,1.41026,1.32,1.50
2013.06.11 06:17:48.687,1.41008,1.41026,1.13,1.50
2013.06.11 06:17:50.938,1.41007,1.41025,1.13,1.50
2013.06.11 06:17:51.338,1.41001,1.41024,2.82,1.50
2013.06.11 06:17:53.807,1.41004,1.41024,1.32,2.25
2013.06.11 06:17:54.324,1.41004,1.41024,1.32,1.50
2013.06.11 06:17:54.758,1.41005,1.41025,1.32,1.69
2013.06.11 06:17:55.057,1.41001,1.41026,2.07,1.69
2013.06.11 06:17:55.298,1.41001,1.41023,1.32,1.50
2013.06.11 06:17:55.478,1.41001,1.41024,1.32,1.69
2013.06.11 06:17:55.718,1.40997,1.41022,2.07,1.69
2013.06.11 06:17:55.838,1.40996,1.41021,1.69,1.69
2013.06.11 06:17:56.198,1.40992,1.41018,2.44,2.25
2013.06.11 06:17:56.258,1.40991,1.41017,1.69,1.69
2013.06.11 06:17:57.929,1.40991,1.41016,1.69,1.69
2013.06.11 06:17:59.217,1.4099,1.41016,2.07,1.69
2013.06.11 06:18:00.828,1.4099,1.41018,1.32,2.44
2013.06.11 06:18:04.667,1.4099,1.41018,1.32,2.44
2013.06.11 06:18:05.274,1.40989,1.41017,2.07,1.69
2013.06.11 06:18:05.810,1.40989,1.41017,2.07,2.44
2013.06.11 06:18:13.438,1.4099,1.41018,1.32,1.69
2013.06.11 06:18:14.048,1.4099,1.41013,1.32,1.50
2013.06.11 06:18:14.109,1.40989,1.41013,1.13,1.69
2013.06.11 06:18:14.169,1.40989,1.41004,1.13,1.13
2013.06.11 06:18:14.409,1.40973,1.41001,3.19,2.07
2013.06.11 06:18:14.588,1.40973,1.40997,2.44,1.50
2013.06.11 06:18:14.709,1.40972,1.40998,1.69,1.69
2013.06.11 06:18:15.009,1.40973,1.41,1.69,1.69
2013.06.11 06:18:15.678,1.40973,1.40994,2.44,1.13
2013.06.11 06:18:15.798,1.40963,1.4099,3.19,2.48
2013.06.11 06:18:15.918,1.40963,1.40987,1.69,1.13
2013.06.11 06:18:16.291,1.4096,1.40989,2.44,1.32
2013.06.11 06:18:17.917,1.40965,1.40986,1.50,1.32
2013.06.11 06:18:18.229,1.40974,1.40998,2.44,1.32
2013.06.11 06:18:18.819,1.40972,1.41,1.69,1.69
2013.06.11 06:18:19.967,1.40971,1.41,4.69,1.69
2013.06.11 06:18:20.898,1.40971,1.40996,2.44,1.69
2013.06.11 06:18:21.078,1.4097,1.40992,1.69,1.50
2013.06.11 06:18:21.139,1.40968,1.40992,1.32,1.69
2013.06.11 06:18:21.260,1.40963,1.40992,2.07,2.44
2013.06.11 06:18:21.778,1.40968,1.40991,1.13,1.69
2013.06.11 06:18:22.367,1.40968,1.40993,1.13,2.63
2013.06.11 06:18:24.288,1.40968,1.40991,1.13,1.69
2013.06.11 06:18:27.288,1.40968,1.40989,1.13,1.69
2013.06.11 06:18:27.529,1.40963,1.4099,2.07,3.19
2013.06.11 06:18:28.049,1.40963,1.40988,2.07,1.69
2013.06.11 06:18:28.168,1.40963,1.40987,1.13,2.44
2013.06.11 06:18:28.229,1.40958,1.40985,1.69,2.44
2013.06.11 06:18:29.506,1.40956,1.40985,2.44,1.69
2013.06.11 06:18:29.820,1.40958,1.40985,1.69,1.69
2013.06.11 06:18:30.000,1.40959,1.40987,1.32,1.32
2013.06.11 06:18:30.358,1.40963,1.40986,1.13,1.32
2013.06.11 06:18:30.478,1.4096,1.40986,1.32,3.19
2013.06.11 06:18:30.948,1.4096,1.40984,1.32,1.69
2013.06.11 06:18:31.307,1.40961,1.40984,1.13,1.69
2013.06.11 06:18:32.797,1.40962,1.40983,1.13,1.69
2013.06.11 06:18:33.420,1.40963,1.40983,1.13,1.69
2013.06.11 06:18:35.581,1.40963,1.40986,1.13,3.19
2013.06.11 06:18:36.970,1.40962,1.40986,1.88,3.19
2013.06.11 06:18:37.328,1.40962,1.40975,1.50,2.44
2013.06.11 06:18:37.387,1.40949,1.40975,1.88,2.44
2013.06.11 06:18:37.455,1.40948,1.40975,1.50,2.82
2013.06.11 06:18:37.519,1.40948,1.40972,1.50,2.44
2013.06.11 06:18:37.580,1.40947,1.40972,1.50,2.82
2013.06.11 06:18:37.877,1.4094,1.40971,3.19,1.69
2013.06.11 06:18:38.557,1.4094,1.40966,3.19,2.43
2013.06.11 06:18:38.738,1.40935,1.4096,1.69,1.69
2013.06.11 06:18:38.920,1.40941,1.40961,1.69,1.50
2013.06.11 06:18:39.098,1.40941,1.40967,2.44,2.07
2013.06.11 06:18:39.158,1.40942,1.40968,1.69,2.44
2013.06.11 06:18:39.459,1.40947,1.4097,1.32,3.57
2013.06.11 06:18:40.149,1.40946,1.40968,2.44,1.50
2013.06.11 06:18:40.328,1.40946,1.40966,1.32,1.88
2013.06.11 06:18:40.568,1.40945,1.40967,1.32,1.88
2013.06.11 06:18:40.868,1.40945,1.40967,1.32,1.13
2013.06.11 06:18:43.068,1.40946,1.40967,1.32,1.69
2013.06.11 06:18:43.998,1.40942,1.40967,1.32,1.32
2013.06.11 06:18:44.582,1.40941,1.40968,1.32,3.19
2013.06.11 06:18:44.858,1.40941,1.40968,1.69,3.19
2013.06.11 06:18:45.160,1.40947,1.40965,1.32,1.50
2013.06.11 06:18:45.218,1.40945,1.40966,3.94,1.13
2013.06.11 06:18:45.338,1.40945,1.40974,2.44,3.00
2013.06.11 06:18:45.399,1.40944,1.40967,2.44,1.13
2013.06.11 06:18:45.907,1.40946,1.40968,2.82,1.32
2013.06.11 06:18:46.089,1.40945,1.40953,1.50,1.50
2013.06.11 06:18:46.208,1.40944,1.40956,1.50,1.50
2013.06.11 06:18:46.328,1.40928,1.40952,2.44,2.10
2013.06.11 06:18:46.388,1.40927,1.40952,1.50,2.29
2013.06.11 06:18:46.508,1.40927,1.40952,1.50,3.19
2013.06.11 06:18:46.569,1.40922,1.40951,1.32,1.69
2013.06.11 06:18:46.628,1.40922,1.40951,1.32,1.69
2013.06.11 06:18:46.988,1.40922,1.40955,2.07,1.69
2013.06.11 06:18:47.108,1.40925,1.40957,2.07,2.44
2013.06.11 06:18:47.647,1.40925,1.40958,1.32,2.44
2013.06.11 06:18:48.158,1.40925,1.40953,1.32,1.69
2013.06.11 06:18:49.039,1.40928,1.40953,1.32,1.32
2013.06.11 06:18:49.428,1.40928,1.40952,1.13,1.69
2013.06.11 06:18:49.609,1.4092,1.40952,2.44,3.94
2013.06.11 06:18:49.728,1.40917,1.40949,1.69,4.13
2013.06.11 06:18:50.229,1.40916,1.40949,1.69,3.38
2013.06.11 06:18:51.148,1.40918,1.40949,2.44,1.69
2013.06.11 06:18:52.717,1.40919,1.4095,1.69,1.69
2013.06.11 06:18:53.018,1.40925,1.40951,1.32,2.44
2013.06.11 06:18:53.319,1.40926,1.40952,1.32,2.63
2013.06.11 06:18:53.438,1.40924,1.40949,1.13,3.94
2013.06.11 06:18:53.509,1.4092,1.40947,2.07,1.32
2013.06.11 06:18:53.569,1.4092,1.40947,1.32,2.07
2013.06.11 06:18:53.808,1.40921,1.40947,1.69,1.69
2013.06.11 06:18:55.457,1.40925,1.40945,1.13,1.69
2013.06.11 06:18:55.530,1.40919,1.40945,1.69,1.69
2013.06.11 06:18:55.719,1.40916,1.40942,1.69,1.13
2013.06.11 06:18:55.780,1.40915,1.40942,1.32,2.07
2013.06.11 06:18:57.458,1.40917,1.40937,1.32,1.50
2013.06.11 06:18:57.578,1.40917,1.40939,1.32,1.88
2013.06.11 06:18:58.059,1.40915,1.40938,1.69,1.50
2013.06.11 06:18:58.358,1.40892,1.40915,1.50,1.35
2013.06.11 06:18:58.417,1.40885,1.40913,1.50,1.92
2013.06.11 06:18:58.479,1.4088,1.40911,1.69,1.69
2013.06.11 06:18:58.601,1.4088,1.40907,3.19,1.69
2013.06.11 06:18:58.958,1.40883,1.40912,1.69,1.69
2013.06.11 06:19:00.000,1.40884,1.40913,1.69,2.29
2013.06.11 06:19:00.358,1.40888,1.40914,1.69,2.44
2013.06.11 06:19:02.218,1.40888,1.40912,1.69,1.69
2013.06.11 06:19:02.528,1.40886,1.40916,1.32,2.82
2013.06.11 06:19:02.648,1.40885,1.40912,2.44,1.50
2013.06.11 06:19:02.708,1.40885,1.40912,2.44,1.69
2013.06.11 06:19:03.189,1.40885,1.40908,1.32,1.13
2013.06.11 06:19:03.428,1.40877,1.40905,1.69,1.69
2013.06.11 06:19:03.848,1.40876,1.409,1.09,1.17
2013.06.11 06:19:04.088,1.40863,1.40891,1.32,2.07
2013.06.11 06:19:04.148,1.40863,1.40891,1.32,2.07
2013.06.11 06:19:04.208,1.40865,1.40891,1.69,1.32
2013.06.11 06:19:04.328,1.40869,1.40895,1.09,1.69
2013.06.11 06:19:04.568,1.40864,1.40896,1.69,1.69
2013.06.11 06:19:04.747,1.40866,1.40896,1.69,1.32
2013.06.11 06:19:04.807,1.40866,1.40897,1.69,1.69
2013.06.11 06:19:05.168,1.40872,1.40898,1.13,1.69
2013.06.11 06:19:05.289,1.40872,1.40899,1.88,1.69
2013.06.11 06:19:05.830,1.40875,1.409,1.32,1.69
2013.06.11 06:19:06.308,1.4088,1.40901,1.32,1.50
2013.06.11 06:19:06.828,1.40879,1.409,1.32,2.25
2013.06.11 06:19:06.948,1.40875,1.40897,1.32,1.73
2013.06.11 06:19:07.009,1.40874,1.40895,1.13,1.32
2013.06.11 06:19:07.070,1.40869,1.40893,1.69,2.07
2013.06.11 06:19:07.310,1.40873,1.40894,1.69,1.50
2013.06.11 06:19:07.491,1.40873,1.409,1.69,3.19
2013.06.11 06:19:07.558,1.4087,1.40899,5.82,1.69
2013.06.11 06:19:07.742,1.40869,1.40896,1.69,1.13
2013.06.11 06:19:08.529,1.40869,1.40896,1.69,1.88
2013.06.11 06:19:09.161,1.40867,1.40897,2.82,2.63
2013.06.11 06:19:09.409,1.40873,1.409,1.32,1.69
2013.06.11 06:19:09.589,1.40873,1.40902,2.44,1.69
2013.06.11 06:19:10.138,1.40874,1.40903,1.69,1.69
2013.06.11 06:19:10.200,1.4088,1.40906,1.32,1.69
2013.06.11 06:19:10.258,1.40883,1.4091,1.32,2.44
2013.06.11 06:19:10.798,1.40885,1.40913,1.13,2.44
2013.06.11 06:19:11.189,1.40886,1.40915,1.32,3.19
2013.06.11 06:19:12.189,1.40891,1.40915,1.32,2.25
2013.06.11 06:19:12.549,1.40893,1.40919,1.69,1.13
2013.06.11 06:19:12.668,1.40892,1.40919,1.69,2.82
2013.06.11 06:19:12.788,1.4089,1.40918,2.82,1.50
2013.06.11 06:19:13.328,1.40887,1.40918,4.32,2.44
2013.06.11 06:19:13.878,1.40891,1.40921,2.44,1.69
2013.06.11 06:19:14.378,1.40891,1.4092,3.57,1.69
2013.06.11 06:19:14.689,1.40897,1.40917,1.32,1.50
2013.06.11 06:19:15.107,1.40897,1.40924,1.32,3.19
2013.06.11 06:19:15.228,1.40897,1.4092,1.32,1.50
2013.06.11 06:19:15.348,1.40892,1.40919,1.69,1.69
2013.06.11 06:19:16.288,1.40891,1.40919,1.69,1.69
2013.06.11 06:19:17.038,1.40895,1.40923,1.69,2.44
2013.06.11 06:19:17.398,1.40898,1.40927,1.69,1.69
2013.06.11 06:19:18.209,1.40895,1.40922,1.69,4.54
2013.06.11 06:19:18.510,1.40889,1.40915,1.69,1.32
2013.06.11 06:19:19.058,1.40892,1.40918,1.69,2.07
2013.06.11 06:19:19.418,1.40894,1.40923,2.44,1.69
2013.06.11 06:19:19.895,1.40899,1.40924,1.32,1.69
2013.06.11 06:19:21.597,1.40901,1.40924,1.32,1.69
2013.06.11 06:19:22.709,1.40901,1.40926,1.32,1.69
2013.06.11 06:19:23.298,1.40902,1.40928,2.07,1.69
2013.06.11 06:19:24.010,1.40902,1.40928,1.69,1.69
2013.06.11 06:19:24.551,1.40901,1.40928,2.07,1.69
2013.06.11 06:19:25.468,1.40901,1.40928,2.07,1.69
2013.06.11 06:19:25.648,1.40902,1.40932,1.32,2.44
2013.06.11 06:19:25.708,1.40902,1.40933,1.32,2.82
2013.06.11 06:19:26.478,1.40905,1.4093,1.32,1.69
2013.06.11 06:19:26.899,1.40905,1.40932,2.82,1.69
2013.06.11 06:19:27.079,1.40905,1.40932,2.07,1.69
2013.06.11 06:19:27.199,1.40906,1.40932,1.32,3.94
2013.06.11 06:19:27.378,1.40905,1.40931,1.32,1.69
2013.06.11 06:19:27.438,1.40904,1.4093,1.32,1.69
2013.06.11 06:19:27.498,1.40904,1.4093,1.32,2.44
2013.06.11 06:19:29.797,1.40905,1.40932,1.32,1.69
2013.06.11 06:19:29.858,1.40905,1.40932,1.32,1.69
2013.06.11 06:19:30.738,1.40904,1.4093,1.32,3.19
2013.06.11 06:19:30.798,1.40902,1.4093,1.50,3.19
2013.06.11 06:19:30.920,1.40899,1.40927,1.32,1.54
2013.06.11 06:19:31.278,1.40896,1.40923,1.32,1.69
2013.06.11 06:19:31.338,1.40895,1.40923,2.07,1.69
2013.06.11 06:19:31.519,1.40895,1.40922,1.13,2.44
2013.06.11 06:19:33.638,1.40893,1.40921,1.69,1.69
2013.06.11 06:19:33.968,1.40893,1.40921,1.32,1.69
2013.06.11 06:19:34.880,1.40893,1.40919,2.07,1.69
2013.06.11 06:19:35.400,1.40894,1.4092,1.32,1.69
2013.06.11 06:19:37.378,1.40896,1.4092,1.13,1.69
2013.06.11 06:19:37.678,1.40895,1.40922,1.32,1.69
2013.06.11 06:19:38.218,1.40895,1.40922,2.07,1.69
2013.06.11 06:19:41.088,1.40894,1.40921,1.32,1.69
2013.06.11 06:19:41.742,1.40894,1.40921,1.32,1.69
2013.06.11 06:19:41.808,1.40894,1.40921,2.44,1.69
2013.06.11 06:19:41.928,1.40897,1.4092,1.13,1.69
2013.06.11 06:19:42.518,1.40895,1.40921,1.32,1.69
2013.06.11 06:19:44.888,1.40894,1.40917,1.13,1.69
2013.06.11 06:19:45.469,1.40895,1.40921,1.13,3.19
2013.06.11 06:19:46.359,1.40895,1.40921,1.13,3.19
2013.06.11 06:19:46.748,1.4089,1.40918,1.32,1.69
2013.06.11 06:19:47.048,1.40893,1.40918,1.13,1.69
2013.06.11 06:19:47.408,1.40893,1.40921,1.50,2.44
2013.06.11 06:19:47.529,1.40896,1.40923,2.44,1.69
2013.06.11 06:19:48.068,1.40895,1.40924,1.69,1.32
2013.06.11 06:19:50.613,1.40894,1.40922,2.82,2.44
2013.06.11 06:19:50.920,1.40886,1.40915,1.32,1.69
2013.06.11 06:19:51.434,1.40883,1.4091,1.32,1.69
2013.06.11 06:19:51.739,1.40884,1.40911,1.69,1.69
2013.06.11 06:19:51.858,1.40888,1.40915,2.07,1.69
2013.06.11 06:19:52.038,1.4089,1.40915,2.25,1.69
2013.06.11 06:19:52.348,1.40887,1.40915,1.32,1.69
2013.06.11 06:19:52.958,1.40887,1.40912,1.32,2.44
2013.06.11 06:19:53.198,1.40883,1.40909,1.32,1.69
2013.06.11 06:19:53.558,1.40886,1.40911,1.69,1.69
2013.06.11 06:19:53.618,1.40886,1.40911,1.69,1.69
2013.06.11 06:19:53.858,1.40886,1.40911,1.69,1.69
2013.06.11 06:19:54.709,1.40888,1.40913,1.69,1.69
2013.06.11 06:19:55.119,1.40887,1.40911,1.32,1.69
2013.06.11 06:19:55.179,1.40884,1.40908,1.32,1.69
2013.06.11 06:19:55.482,1.40876,1.40898,2.25,1.69
2013.06.11 06:19:55.668,1.40875,1.40898,1.50,1.69
2013.06.11 06:19:55.849,1.40875,1.40898,1.50,1.69
2013.06.11 06:19:56.160,1.40875,1.40901,1.69,2.82
2013.06.11 06:19:56.220,1.40876,1.40901,2.25,1.69
2013.06.11 06:19:56.278,1.40877,1.40902,1.69,1.69
2013.06.11 06:19:56.399,1.40881,1.40904,1.50,2.44
2013.06.11 06:19:56.578,1.40881,1.40904,2.07,1.69
2013.06.11 06:19:56.758,1.40882,1.40904,1.69,1.69
2013.06.11 06:19:56.878,1.40882,1.40908,1.69,1.69
2013.06.11 06:19:57.459,1.40882,1.40908,3.94,1.69
2013.06.11 06:19:57.938,1.40882,1.40906,1.13,1.69
2013.06.11 06:19:58.248,1.40878,1.40903,2.44,1.69
2013.06.11 06:19:58.944,1.4088,1.40903,1.50,1.69
2013.06.11 06:19:59.278,1.40882,1.40903,1.88,2.44
2013.06.11 06:20:00.118,1.40882,1.40903,1.50,1.69
2013.06.11 06:20:00.418,1.40884,1.40903,1.32,1.50
2013.06.11 06:20:00.479,1.40882,1.40908,1.32,1.54
2013.06.11 06:20:00.538,1.40882,1.40908,1.32,1.54
2013.06.11 06:20:01.045,1.40883,1.40908,1.69,1.54
2013.06.11 06:20:01.108,1.40883,1.40908,1.69,2.29
2013.06.11 06:20:01.509,1.40882,1.40905,2.44,1.69
2013.06.11 06:20:01.688,1.40883,1.40904,1.13,1.69
2013.06.11 06:20:01.748,1.40883,1.40903,1.13,1.69
2013.06.11 06:20:02.108,1.40882,1.40905,1.50,2.44
2013.06.11 06:20:02.647,1.40882,1.40902,2.07,1.69
2013.06.11 06:20:03.158,1.40881,1.40902,2.07,1.69
2013.06.11 06:20:03.788,1.40882,1.40904,1.13,1.69
2013.06.11 06:20:03.858,1.40883,1.40904,1.13,1.69
2013.06.11 06:20:03.929,1.40881,1.40907,1.32,1.69
2013.06.11 06:20:04.120,1.40881,1.40903,1.32,1.69
2013.06.11 06:20:04.478,1.40876,1.40897,1.50,1.32
2013.06.11 06:20:04.538,1.40876,1.40897,1.50,1.32
2013.06.11 06:20:04.899,1.40877,1.40896,1.69,1.32
2013.06.11 06:20:05.019,1.40874,1.40895,1.69,1.13
2013.06.11 06:20:05.258,1.40878,1.40901,2.10,2.44
2013.06.11 06:20:05.690,1.40881,1.40901,1.50,3.19
2013.06.11 06:20:06.477,1.40881,1.40901,1.50,1.69
2013.06.11 06:20:06.898,1.40881,1.40903,1.50,2.44
2013.06.11 06:20:07.708,1.40883,1.40903,1.88,1.69
2013.06.11 06:20:07.828,1.40883,1.40903,1.88,1.69
2013.06.11 06:20:08.440,1.40884,1.40903,1.13,1.69
2013.06.11 06:20:12.779,1.40885,1.40904,1.50,2.44
2013.06.11 06:20:12.838,1.40885,1.40903,1.50,1.69
2013.06.11 06:20:13.078,1.40884,1.40903,1.50,1.69
2013.06.11 06:20:13.509,1.40883,1.40899,1.50,1.50
2013.06.11 06:20:13.748,1.40883,1.409,1.50,1.69
2013.06.11 06:20:13.988,1.40877,1.409,2.07,1.69
2013.06.11 06:20:14.060,1.40877,1.40902,2.07,1.69
2013.06.11 06:20:14.298,1.40882,1.40896,1.13,1.32
2013.06.11 06:20:14.358,1.40878,1.40896,1.02,1.32
2013.06.11 06:20:14.420,1.40874,1.40887,1.50,1.50
2013.06.11 06:20:14.718,1.40855,1.40885,1.69,2.44
2013.06.11 06:20:16.415,1.40858,1.40888,1.69,3.19
2013.06.11 06:20:17.047,1.40857,1.40888,2.44,3.19
2013.06.11 06:20:18.438,1.40857,1.40883,1.69,1.32
2013.06.11 06:20:18.558,1.40856,1.40873,1.13,1.32
2013.06.11 06:20:18.619,1.40842,1.40871,4.32,1.13
2013.06.11 06:20:19.058,1.40845,1.4087,1.69,1.69
2013.06.11 06:20:19.191,1.40845,1.40873,1.69,1.69
2013.06.11 06:20:19.488,1.40844,1.40871,2.44,1.69
2013.06.11 06:20:19.788,1.40838,1.4087,2.44,2.44
2013.06.11 06:20:20.669,1.40841,1.40871,2.44,2.44
2013.06.11 06:20:21.908,1.40843,1.40871,2.82,1.69
2013.06.11 06:20:22.209,1.4085,1.40879,1.69,2.07
2013.06.11 06:20:22.269,1.40846,1.40873,1.32,1.69
2013.06.11 06:20:22.389,1.40844,1.40873,1.32,1.69
2013.06.11 06:20:22.571,1.40841,1.40871,1.69,1.69
2013.06.11 06:20:22.989,1.40842,1.40873,1.69,1.69
2013.06.11 06:20:23.625,1.40843,1.40874,2.25,3.57
2013.06.11 06:20:24.008,1.40844,1.40874,1.50,2.82
2013.06.11 06:20:24.537,1.40842,1.40874,2.44,3.57
2013.06.11 06:20:24.945,1.40843,1.40873,1.50,1.69
2013.06.11 06:20:25.688,1.40845,1.40874,2.25,3.57
2013.06.11 06:20:26.049,1.40853,1.40879,1.13,4.69
2013.06.11 06:20:26.109,1.40853,1.4088,1.13,1.69
2013.06.11 06:20:26.228,1.40853,1.40879,1.32,1.69
2013.06.11 06:20:26.419,1.40853,1.40878,1.13,2.44
2013.06.11 06:20:26.478,1.40849,1.40877,1.69,1.69
2013.06.11 06:20:26.538,1.40847,1.40877,1.13,1.69
2013.06.11 06:20:26.719,1.40848,1.40877,1.88,1.69
2013.06.11 06:20:27.079,1.40851,1.40878,3.19,1.69
2013.06.11 06:20:27.139,1.40853,1.40883,1.69,2.07
2013.06.11 06:20:27.767,1.40857,1.40886,2.44,1.69
2013.06.11 06:20:28.321,1.40853,1.40882,2.44,2.44
2013.06.11 06:20:28.629,1.40853,1.40877,1.69,1.69
2013.06.11 06:20:28.979,1.40856,1.4088,1.69,1.69
2013.06.11 06:20:29.038,1.40858,1.40881,2.07,1.69
2013.06.11 06:20:29.278,1.40858,1.40881,1.32,1.69
2013.06.11 06:20:30.979,1.40862,1.40886,2.82,1.50
2013.06.11 06:20:31.278,1.40865,1.40893,1.32,1.32
2013.06.11 06:20:32.258,1.40872,1.40894,1.32,1.50
2013.06.11 06:20:32.557,1.40868,1.40893,1.69,2.44
2013.06.11 06:20:32.858,1.40866,1.40892,2.07,1.50
2013.06.11 06:20:33.519,1.40866,1.40893,1.32,2.44
2013.06.11 06:20:33.578,1.40866,1.40893,1.32,1.69
2013.06.11 06:20:33.758,1.40869,1.40897,1.32,1.69
2013.06.11 06:20:33.939,1.40875,1.409,1.32,1.69
2013.06.11 06:20:34.643,1.40876,1.409,1.32,1.69
2013.06.11 06:20:35.160,1.40875,1.409,1.32,2.44
2013.06.11 06:20:36.138,1.40875,1.409,2.07,2.44
2013.06.11 06:20:40.808,1.40875,1.409,1.32,1.69
2013.06.11 06:20:42.928,1.40875,1.409,2.07,1.69
2013.06.11 06:20:44.057,1.40875,1.409,2.07,1.69
2013.06.11 06:20:46.859,1.40877,1.409,1.32,1.69
2013.06.11 06:20:46.919,1.40877,1.40904,1.32,2.44
2013.06.11 06:20:47.340,1.40878,1.40904,2.82,1.69
2013.06.11 06:20:47.458,1.40878,1.40905,3.57,1.69
2013.06.11 06:20:47.638,1.40878,1.40903,4.32,1.50
2013.06.11 06:20:48.177,1.4088,1.40907,1.32,1.69
2013.06.11 06:20:48.328,1.4088,1.40907,1.32,2.44
2013.06.11 06:20:48.759,1.4088,1.40905,1.32,1.50
2013.06.11 06:20:49.121,1.40881,1.40904,1.32,1.50
2013.06.11 06:20:57.660,1.40881,1.40907,1.32,2.07
2013.06.11 06:20:58.189,1.40881,1.40907,1.32,2.07
2013.06.11 06:21:05.248,1.40879,1.40907,2.63,1.69
2013.06.11 06:21:05.730,1.4088,1.40902,1.69,1.32
2013.06.11 06:21:05.851,1.4088,1.40906,1.69,1.69
2013.06.11 06:21:06.029,1.4088,1.40903,1.50,2.44
2013.06.11 06:21:06.093,1.40875,1.40903,1.50,2.44
2013.06.11 06:21:06.280,1.40871,1.40901,2.44,1.69
2013.06.11 06:21:06.639,1.40871,1.40899,1.69,2.44
2013.06.11 06:21:06.939,1.40866,1.40897,3.94,2.44
2013.06.11 06:21:07.178,1.40872,1.409,1.32,1.69
2013.06.11 06:21:07.538,1.40876,1.40904,1.69,1.32
2013.06.11 06:21:08.078,1.4088,1.40911,1.69,1.69
2013.06.11 06:21:08.958,1.40884,1.40913,1.69,1.69
2013.06.11 06:21:09.079,1.40887,1.40914,1.32,1.69
2013.06.11 06:21:09.260,1.40891,1.40915,1.32,2.44
2013.06.11 06:21:09.800,1.4089,1.40918,1.32,1.69
2013.06.11 06:21:10.102,1.40883,1.40911,1.69,1.69
2013.06.11 06:21:14.450,1.40882,1.40905,1.69,1.43
2013.06.11 06:21:14.519,1.4088,1.40905,1.69,1.62
2013.06.11 06:21:14.578,1.4088,1.40903,1.50,1.32
2013.06.11 06:21:14.639,1.40875,1.40904,2.44,1.32
2013.06.11 06:21:14.939,1.40874,1.409,1.13,1.24
2013.06.11 06:21:19.398,1.40872,1.40901,1.69,2.74
2013.06.11 06:21:20.569,1.40876,1.40901,2.44,1.24
2013.06.11 06:21:21.118,1.40876,1.40903,2.44,2.37
2013.06.11 06:21:23.939,1.40877,1.40902,1.50,3.12
2013.06.11 06:21:24.425,1.40876,1.40903,3.19,1.24
2013.06.11 06:21:25.278,1.40876,1.40904,2.44,2.37
2013.06.11 06:21:25.708,1.40877,1.40903,2.07,1.32
2013.06.11 06:21:27.677,1.40878,1.40903,1.69,1.32
2013.06.11 06:21:28.188,1.40879,1.40903,1.54,2.07
2013.06.11 06:21:29.251,1.40879,1.40903,1.35,1.32
2013.06.11 06:21:29.488,1.4088,1.40903,3.00,1.32
2013.06.11 06:21:29.728,1.40885,1.40906,1.50,1.69
2013.06.11 06:21:30.029,1.40887,1.40915,2.25,2.44
2013.06.11 06:21:30.468,1.40888,1.40918,2.44,2.25
2013.06.11 06:21:30.648,1.40892,1.40919,2.25,1.32
2013.06.11 06:21:31.241,1.40892,1.40922,2.29,1.32
2013.06.11 06:21:32.888,1.40893,1.40921,2.44,1.32
2013.06.11 06:21:32.948,1.40895,1.40922,1.54,1.69
2013.06.11 06:21:33.009,1.40897,1.40922,2.44,1.50
2013.06.11 06:21:33.190,1.409,1.40928,1.69,2.44
2013.06.11 06:21:33.320,1.40901,1.40932,1.69,2.74
2013.06.11 06:21:33.621,1.40904,1.40931,1.13,2.74
2013.06.11 06:21:34.167,1.40902,1.40929,1.69,1.32
2013.06.11 06:21:35.188,1.40901,1.40927,1.50,1.32
2013.06.11 06:21:35.608,1.40899,1.40922,1.69,1.69
2013.06.11 06:21:36.057,1.409,1.40924,2.44,1.32
2013.06.11 06:21:36.808,1.40901,1.40922,1.50,1.32
2013.06.11 06:21:37.818,1.40901,1.40924,1.69,2.07
2013.06.11 06:21:37.938,1.40904,1.40924,1.50,2.07
2013.06.11 06:21:38.239,1.40908,1.40927,1.50,1.69
2013.06.11 06:21:38.299,1.40908,1.40928,1.50,1.69
2013.06.11 06:21:38.538,1.4091,1.40934,1.69,1.69
2013.06.11 06:21:38.598,1.40911,1.40938,1.69,2.07
2013.06.11 06:21:38.908,1.40915,1.4094,2.25,2.07
2013.06.11 06:21:39.610,1.40915,1.40939,1.50,1.32
2013.06.11 06:21:39.679,1.40915,1.40939,1.50,1.32
2013.06.11 06:21:40.167,1.40913,1.40939,2.44,1.32
2013.06.11 06:21:40.470,1.40916,1.40944,1.69,3.19
2013.06.11 06:21:40.539,1.40916,1.40943,1.50,1.69
2013.06.11 06:21:41.658,1.40916,1.40944,1.69,1.32
2013.06.11 06:21:42.440,1.40916,1.40944,1.50,2.44
2013.06.11 06:21:42.679,1.40918,1.40946,2.25,1.69
2013.06.11 06:21:43.640,1.40917,1.40949,2.44,4.69
2013.06.11 06:21:43.698,1.40918,1.40949,1.50,4.69
2013.06.11 06:21:44.226,1.4092,1.40949,1.69,2.44
2013.06.11 06:21:44.958,1.4092,1.4095,1.69,3.19
2013.06.11 06:21:45.506,1.40922,1.4095,1.50,3.19
2013.06.11 06:21:45.818,1.40924,1.40951,2.63,1.69
2013.06.11 06:21:45.878,1.40924,1.40948,1.88,1.62
2013.06.11 06:21:45.999,1.40922,1.40948,1.69,1.99
2013.06.11 06:21:46.118,1.40918,1.40946,1.69,1.32
2013.06.11 06:21:46.179,1.40918,1.40946,1.69,1.69
2013.06.11 06:21:46.760,1.40918,1.40948,1.69,1.69
2013.06.11 06:21:47.998,1.40917,1.40946,1.69,1.69
2013.06.11 06:21:48.871,1.40919,1.40949,2.29,1.69
2013.06.11 06:21:49.214,1.40926,1.40953,1.54,1.69
2013.06.11 06:21:49.728,1.40922,1.40948,1.69,1.13
2013.06.11 06:21:50.257,1.40922,1.40948,1.69,1.13
2013.06.11 06:21:51.179,1.40921,1.40948,1.54,1.32
2013.06.11 06:21:52.448,1.40923,1.40948,1.69,1.32
2013.06.11 06:21:54.458,1.40922,1.4095,1.69,1.32
2013.06.11 06:21:55.398,1.40927,1.40949,1.88,1.32
2013.06.11 06:21:55.525,1.40934,1.40959,1.17,1.69
2013.06.11 06:21:55.889,1.40927,1.40958,1.69,1.69
2013.06.11 06:21:56.009,1.40926,1.40951,1.69,1.32
2013.06.11 06:21:56.068,1.40926,1.40951,1.69,1.32
2013.06.11 06:21:57.209,1.40924,1.4095,1.69,2.07
2013.06.11 06:21:57.878,1.40924,1.40949,1.69,1.32
2013.06.11 06:21:58.229,1.40924,1.40949,1.69,1.32
2013.06.11 06:21:59.048,1.40917,1.40945,2.63,1.69
2013.06.11 06:21:59.229,1.40918,1.40942,1.50,1.69
2013.06.11 06:21:59.529,1.40921,1.40945,1.73,1.69
2013.06.11 06:21:59.648,1.40921,1.40944,1.13,1.32
2013.06.11 06:21:59.949,1.40913,1.40937,1.69,1.32
2013.06.11 06:22:00.489,1.40907,1.40935,1.69,1.69
2013.06.11 06:22:00.790,1.40907,1.40933,1.69,1.69
2013.06.11 06:22:00.852,1.40907,1.40933,1.50,1.69
2013.06.11 06:22:00.981,1.40905,1.40934,1.69,1.69
2013.06.11 06:22:01.159,1.40909,1.40936,1.69,2.44
2013.06.11 06:22:01.671,1.4091,1.40937,1.69,2.44
2013.06.11 06:22:02.129,1.4091,1.40932,1.69,1.50
2013.06.11 06:22:02.430,1.40901,1.40929,2.07,1.69
2013.06.11 06:22:02.789,1.40901,1.40925,1.13,1.69
2013.06.11 06:22:03.137,1.40898,1.40924,1.32,1.69
2013.06.11 06:22:03.209,1.40902,1.40924,1.13,1.69
2013.06.11 06:22:03.528,1.40902,1.40924,1.13,3.19
2013.06.11 06:22:04.960,1.40893,1.40924,2.25,3.19
2013.06.11 06:22:05.721,1.40891,1.40923,1.69,2.07
2013.06.11 06:22:05.782,1.40889,1.4092,1.69,1.69
2013.06.11 06:22:05.909,1.40886,1.40916,1.69,1.88
2013.06.11 06:22:06.268,1.40883,1.40914,1.69,1.50
2013.06.11 06:22:08.280,1.40885,1.40913,1.69,1.69
2013.06.11 06:22:09.698,1.40887,1.40913,1.69,1.50
2013.06.11 06:22:10.248,1.4089,1.40917,1.69,1.69
2013.06.11 06:22:10.549,1.40894,1.40921,1.69,3.49
2013.06.11 06:22:10.809,1.40894,1.40923,1.69,2.44
2013.06.11 06:22:13.199,1.40891,1.4092,1.69,1.69
2013.06.11 06:22:13.678,1.40891,1.40919,1.69,1.69
2013.06.11 06:22:18.218,1.40891,1.40919,2.44,1.69
2013.06.11 06:22:19.238,1.40891,1.40919,2.44,1.69
2013.06.11 06:22:19.800,1.40891,1.40919,2.44,1.69
2013.06.11 06:22:19.979,1.40884,1.40913,1.69,2.44
2013.06.11 06:22:20.158,1.40888,1.40914,1.88,2.44
2013.06.11 06:22:20.279,1.40891,1.40918,2.07,1.69
2013.06.11 06:22:20.460,1.40891,1.40918,1.32,2.44
2013.06.11 06:22:20.807,1.40887,1.40914,2.07,2.63
2013.06.11 06:22:21.460,1.40887,1.40914,2.07,2.63
2013.06.11 06:22:22.425,1.40887,1.40914,2.82,1.88
2013.06.11 06:22:23.188,1.4089,1.40917,1.69,1.69
2013.06.11 06:22:23.248,1.40892,1.4092,1.69,1.69
2013.06.11 06:22:23.608,1.40892,1.40924,2.44,3.38
2013.06.11 06:22:26.350,1.40893,1.40923,1.69,1.69
2013.06.11 06:22:26.468,1.40893,1.40919,1.50,3.19
2013.06.11 06:22:26.593,1.40893,1.40916,1.69,1.69
2013.06.11 06:22:26.658,1.40893,1.40917,2.44,2.44
2013.06.11 06:22:26.778,1.40892,1.40917,1.69,2.44
2013.06.11 06:22:26.838,1.40891,1.40917,2.44,1.69
2013.06.11 06:22:27.078,1.40896,1.40924,1.69,1.69
2013.06.11 06:22:28.388,1.40896,1.40925,1.69,3.57
2013.06.11 06:22:28.628,1.40895,1.40925,1.69,3.57
2013.06.11 06:22:34.428,1.40891,1.40921,1.69,2.07
2013.06.11 06:22:35.908,1.40889,1.40918,1.69,1.32
2013.06.11 06:22:36.209,1.40886,1.40915,1.69,1.69
2013.06.11 06:22:37.678,1.40887,1.40917,1.69,2.44
2013.06.11 06:22:38.048,1.4089,1.40918,2.44,1.32
2013.06.11 06:22:40.259,1.4089,1.40918,2.44,1.32
2013.06.11 06:22:40.838,1.40893,1.40921,1.69,1.32
2013.06.11 06:22:41.078,1.40895,1.40924,1.69,2.07
2013.06.11 06:22:41.139,1.40897,1.40924,1.69,1.32
2013.06.11 06:22:44.646,1.40897,1.40923,1.69,1.32
2013.06.11 06:22:45.938,1.40896,1.40923,2.44,1.32
2013.06.11 06:22:47.568,1.40895,1.40923,1.69,2.07
2013.06.11 06:22:48.489,1.40895,1.40923,1.69,2.07
2013.06.11 06:22:50.588,1.40895,1.40923,1.69,2.82
2013.06.11 06:22:52.801,1.40895,1.40925,1.69,2.44
2013.06.11 06:22:55.378,1.40897,1.40925,1.50,1.69
2013.06.11 06:22:55.710,1.40893,1.40921,2.07,3.19
2013.06.11 06:22:56.317,1.40892,1.4092,2.07,1.69
2013.06.11 06:22:58.601,1.40892,1.40918,1.69,1.69
2013.06.11 06:23:00.711,1.40893,1.40919,1.69,2.44
2013.06.11 06:23:03.538,1.40893,1.40919,1.50,1.69
2013.06.11 06:23:05.058,1.40894,1.40919,1.50,1.69
2013.06.11 06:23:05.118,1.40895,1.40921,1.88,2.44
2013.06.11 06:23:05.178,1.40896,1.40921,1.50,1.69
2013.06.11 06:23:05.238,1.40896,1.40926,3.19,1.69
2013.06.11 06:23:06.409,1.40897,1.40926,2.07,1.69
2013.06.11 06:23:06.471,1.40897,1.40927,2.82,1.69
2013.06.11 06:23:06.650,1.40901,1.40931,2.44,2.07
2013.06.11 06:23:07.289,1.40901,1.40929,1.69,2.07
2013.06.11 06:23:10.460,1.40901,1.40929,1.69,1.32
2013.06.11 06:23:18.130,1.409,1.40926,2.44,1.69
2013.06.11 06:23:18.308,1.40898,1.40926,1.32,2.44
2013.06.11 06:23:20.338,1.40898,1.40926,2.07,1.69
2013.06.11 06:23:21.057,1.40898,1.40926,2.07,1.69
2013.06.11 06:23:21.360,1.40898,1.40926,1.32,2.44
2013.06.11 06:23:22.238,1.40899,1.40924,1.32,1.69
2013.06.11 06:23:22.478,1.40899,1.40924,1.32,1.69
2013.06.11 06:23:22.559,1.40899,1.40924,1.32,1.69
2013.06.11 06:23:22.927,1.40899,1.40924,1.32,1.69
2013.06.11 06:23:23.311,1.40899,1.40926,1.32,3.19
2013.06.11 06:23:24.919,1.40899,1.40925,2.07,1.69
2013.06.11 06:23:27.830,1.40899,1.40925,2.07,1.69
2013.06.11 06:23:28.833,1.40899,1.40926,2.07,2.44
2013.06.11 06:23:29.078,1.40899,1.40924,1.69,2.44
2013.06.11 06:23:29.659,1.40899,1.40926,1.69,2.44
2013.06.11 06:23:30.322,1.40898,1.40924,1.69,1.69
2013.06.11 06:23:33.044,1.40897,1.40926,2.63,2.44
2013.06.11 06:23:33.938,1.40897,1.40924,1.69,1.69
2013.06.11 06:23:40.777,1.40897,1.40924,1.69,1.69
2013.06.11 06:23:42.010,1.40897,1.40922,1.88,1.69
2013.06.11 06:23:46.878,1.40899,1.40924,2.44,2.44
2013.06.11 06:23:47.607,1.40903,1.40924,1.69,1.69
2013.06.11 06:23:47.729,1.40913,1.40932,1.13,1.50
2013.06.11 06:23:47.789,1.40916,1.40937,1.13,1.69
2013.06.11 06:23:48.148,1.4091,1.40939,1.69,2.07
2013.06.11 06:23:48.568,1.40913,1.40939,1.32,1.69
2013.06.11 06:23:48.751,1.40912,1.40935,1.13,2.44
2013.06.11 06:23:48.820,1.40908,1.40932,1.69,2.82
2013.06.11 06:23:49.118,1.40908,1.40932,2.07,1.69
2013.06.11 06:23:49.687,1.40908,1.40935,1.32,3.19
2013.06.11 06:23:49.959,1.4091,1.40938,1.69,2.29
2013.06.11 06:23:50.208,1.40911,1.40939,2.25,2.44
2013.06.11 06:23:50.510,1.40918,1.40942,1.13,2.44
2013.06.11 06:23:50.729,1.40918,1.40943,1.13,2.44
2013.06.11 06:23:51.688,1.40918,1.40941,1.32,1.69
2013.06.11 06:23:53.439,1.40919,1.40945,2.07,1.69
2013.06.11 06:23:53.499,1.40925,1.40948,1.13,1.69
2013.06.11 06:23:53.618,1.40924,1.40949,1.32,1.69
2013.06.11 06:23:54.159,1.40919,1.40946,1.69,1.50
2013.06.11 06:23:54.219,1.40917,1.40944,2.44,2.63
2013.06.11 06:23:54.280,1.40917,1.40941,1.69,2.07
2013.06.11 06:23:54.459,1.40914,1.4094,1.69,1.32
2013.06.11 06:23:54.580,1.40914,1.4094,1.69,2.07
2013.06.11 06:23:55.007,1.40907,1.40935,1.69,1.88
2013.06.11 06:23:55.428,1.40908,1.40934,1.69,1.50
2013.06.11 06:23:57.633,1.40908,1.40933,1.50,1.69
2013.06.11 06:23:57.939,1.40901,1.40928,1.69,2.44
2013.06.11 06:23:58.059,1.40905,1.4093,1.69,1.54
2013.06.11 06:23:58.132,1.40905,1.4093,1.69,1.54
2013.06.11 06:23:58.439,1.40911,1.40935,1.50,2.44
2013.06.11 06:23:58.499,1.40911,1.40938,1.69,1.92
2013.06.11 06:23:58.679,1.40912,1.40937,1.50,1.69
2013.06.11 06:23:59.220,1.40912,1.40938,1.50,1.32
2013.06.11 06:23:59.798,1.4091,1.40939,1.69,3.19
2013.06.11 06:24:00.749,1.40908,1.40938,1.69,1.69
2013.06.11 06:24:01.109,1.40908,1.40939,1.69,3.19
2013.06.11 06:24:01.318,1.40908,1.40939,1.69,2.44
2013.06.11 06:24:01.618,1.40911,1.40941,2.44,2.82
2013.06.11 06:24:02.509,1.40911,1.40941,2.44,4.32
2013.06.11 06:24:02.629,1.40911,1.40941,3.19,2.07
2013.06.11 06:24:03.499,1.40914,1.40941,2.44,2.07
2013.06.11 06:24:04.963,1.40915,1.40941,1.50,2.63
2013.06.11 06:24:05.150,1.40917,1.40943,1.69,1.50
2013.06.11 06:24:05.214,1.40919,1.40944,1.50,1.69
2013.06.11 06:24:05.341,1.40925,1.4095,1.50,3.60
2013.06.11 06:24:05.771,1.4092,1.40945,2.44,1.69
2013.06.11 06:24:05.951,1.40921,1.40946,2.44,1.69
2013.06.11 06:24:06.069,1.40928,1.40954,1.32,1.32
2013.06.11 06:24:09.709,1.40931,1.40957,1.69,1.69
2013.06.11 06:24:10.250,1.40931,1.40955,1.69,1.88
2013.06.11 06:24:13.070,1.4093,1.40955,2.44,1.88
2013.06.11 06:24:14.483,1.40931,1.40954,1.69,1.88
2013.06.11 06:24:14.821,1.40929,1.40952,1.50,1.50
2013.06.11 06:24:15.120,1.40927,1.40949,1.69,1.88
2013.06.11 06:24:15.669,1.40927,1.40949,1.69,1.88
2013.06.11 06:24:15.849,1.40923,1.40946,3.19,1.50
2013.06.11 06:24:16.379,1.40923,1.40946,2.44,1.50
2013.06.11 06:24:16.858,1.40925,1.40943,2.25,1.32
2013.06.11 06:24:16.979,1.40924,1.40944,1.69,1.32
2013.06.11 06:24:17.399,1.40926,1.4095,1.50,1.69
2013.06.11 06:24:17.458,1.40929,1.40952,1.50,2.07
2013.06.11 06:24:17.699,1.40929,1.40947,1.50,1.13
2013.06.11 06:24:17.758,1.40926,1.40947,1.69,1.13
2013.06.11 06:24:18.308,1.40926,1.40952,2.44,1.69
2013.06.11 06:24:18.488,1.40928,1.40959,1.69,2.25
2013.06.11 06:24:20.888,1.4093,1.40955,1.69,1.24
2013.06.11 06:24:24.348,1.40933,1.40954,2.25,1.24
2013.06.11 06:24:24.668,1.40933,1.40954,1.50,1.24
2013.06.11 06:24:28.159,1.40931,1.40954,1.69,1.24
2013.06.11 06:24:28.369,1.4093,1.40951,2.25,1.99
2013.06.11 06:24:28.728,1.40926,1.40948,2.44,1.24
2013.06.11 06:24:28.968,1.40926,1.40951,2.44,2.55
2013.06.11 06:24:29.092,1.40927,1.40951,1.69,1.50
2013.06.11 06:24:29.400,1.40928,1.40952,1.69,1.80
2013.06.11 06:24:31.209,1.4093,1.40955,1.69,1.13
2013.06.11 06:24:32.418,1.40932,1.40956,1.69,1.99
2013.06.11 06:24:32.479,1.40933,1.40956,1.69,1.99
2013.06.11 06:24:35.202,1.40935,1.40958,2.44,1.99
2013.06.11 06:24:35.337,1.40931,1.40953,2.44,1.24
2013.06.11 06:24:36.247,1.40931,1.40952,1.69,1.05
2013.06.11 06:24:37.188,1.40929,1.40952,2.07,1.05
2013.06.11 06:24:37.919,1.40929,1.40953,2.82,1.99
2013.06.11 06:24:38.918,1.40929,1.40952,2.82,1.32
2013.06.11 06:24:39.038,1.40926,1.4095,3.38,1.50
2013.06.11 06:24:39.159,1.40926,1.40948,2.44,1.50
2013.06.11 06:24:39.339,1.40919,1.40943,2.44,1.69
2013.06.11 06:24:39.399,1.40919,1.40945,1.69,1.62
2013.06.11 06:24:39.459,1.40917,1.40946,3.19,1.32
2013.06.11 06:24:39.701,1.40921,1.40948,3.38,1.50
2013.06.11 06:24:40.470,1.40921,1.40944,1.88,1.69
2013.06.11 06:24:41.240,1.40925,1.40946,1.50,1.69
2013.06.11 06:24:42.843,1.40925,1.40948,1.50,3.00
2013.06.11 06:24:43.198,1.40925,1.40943,1.50,1.50
2013.06.11 06:24:43.759,1.40919,1.40944,1.69,1.69
2013.06.11 06:24:44.199,1.40919,1.40944,1.69,1.69
2013.06.11 06:24:45.248,1.40919,1.40945,1.69,1.69
2013.06.11 06:24:45.777,1.40922,1.40948,1.69,1.50
2013.06.11 06:24:47.953,1.40921,1.40948,1.69,1.69
2013.06.11 06:24:54.409,1.40921,1.40945,1.50,3.19
2013.06.11 06:24:54.597,1.40912,1.40936,2.63,1.50
2013.06.11 06:24:54.660,1.40912,1.40935,1.69,1.32
2013.06.11 06:24:55.016,1.40911,1.40936,1.69,1.50
2013.06.11 06:24:55.548,1.40907,1.40935,2.63,1.50
2013.06.11 06:24:57.538,1.40906,1.40933,1.88,1.50
2013.06.11 06:24:57.718,1.40907,1.40935,2.44,1.69
2013.06.11 06:24:57.778,1.40911,1.40935,1.50,1.69
2013.06.11 06:24:57.898,1.40913,1.40934,1.32,1.50
2013.06.11 06:24:58.469,1.40908,1.40933,1.69,2.25
2013.06.11 06:24:58.528,1.40907,1.40933,1.69,1.50
2013.06.11 06:25:00.209,1.40906,1.40931,2.44,2.44
2013.06.11 06:25:01.368,1.40908,1.40932,1.69,1.69
2013.06.11 06:25:02.739,1.40905,1.40932,1.69,1.69
2013.06.11 06:25:02.799,1.40905,1.40929,1.69,1.69
2013.06.11 06:25:03.161,1.40901,1.40929,2.44,2.44
2013.06.11 06:25:04.299,1.40903,1.40928,1.69,1.69
2013.06.11 06:25:05.333,1.40901,1.40929,1.69,1.69
2013.06.11 06:25:07.468,1.40902,1.40931,1.69,3.94
2013.06.11 06:25:07.819,1.40902,1.40931,1.69,3.94
2013.06.11 06:25:09.039,1.40902,1.40931,1.69,3.19
2013.06.11 06:25:09.558,1.40902,1.40929,2.44,1.69
2013.06.11 06:25:12.328,1.40902,1.40928,1.69,1.50
2013.06.11 06:25:12.969,1.40902,1.40927,1.69,1.69
2013.06.11 06:25:13.526,1.40902,1.40927,1.69,2.44
2013.06.11 06:25:14.808,1.40902,1.40927,1.69,2.44
2013.06.11 06:25:16.549,1.40902,1.40926,1.69,1.50
2013.06.11 06:25:16.670,1.40902,1.40925,1.69,2.25
2013.06.11 06:25:16.852,1.409,1.40927,1.69,3.57
2013.06.11 06:25:16.920,1.409,1.40923,1.88,1.69
2013.06.11 06:25:17.219,1.409,1.40925,1.13,1.69
2013.06.11 06:25:23.719,1.409,1.40926,2.63,1.69
2013.06.11 06:25:24.391,1.409,1.40927,1.88,2.25
2013.06.11 06:25:24.569,1.40902,1.40928,1.69,1.69
2013.06.11 06:25:25.268,1.409,1.40925,1.69,2.44
2013.06.11 06:25:25.508,1.40896,1.40925,2.44,3.19
2013.06.11 06:25:25.690,1.40896,1.40924,2.44,1.69
2013.06.11 06:25:25.929,1.40902,1.40928,1.69,1.69
2013.06.11 06:25:26.170,1.40903,1.40925,1.50,2.82
2013.06.11 06:25:26.230,1.40896,1.40915,2.25,1.13
2013.06.11 06:25:26.349,1.40889,1.40914,1.69,1.13
2013.06.11 06:25:26.409,1.40888,1.40915,1.69,2.44
2013.06.11 06:25:26.529,1.40881,1.40907,3.19,2.48
2013.06.11 06:25:26.806,1.4088,1.40907,1.50,2.67
2013.06.11 06:25:26.889,1.40877,1.40906,1.69,1.50
2013.06.11 06:25:27.078,1.40877,1.40907,1.69,2.48
2013.06.11 06:25:27.379,1.40876,1.40907,2.63,2.48
2013.06.11 06:25:27.718,1.40876,1.40905,3.38,1.50
2013.06.11 06:25:28.354,1.40876,1.40904,1.69,1.50
2013.06.11 06:25:28.659,1.40876,1.40903,1.88,1.50
2013.06.11 06:25:29.549,1.40873,1.40903,2.63,1.50
2013.06.11 06:25:30.199,1.40874,1.40903,1.69,2.44
2013.06.11 06:25:35.108,1.40876,1.40903,1.69,3.75
2013.06.11 06:25:35.618,1.40876,1.40903,1.69,3.00
2013.06.11 06:25:36.789,1.40876,1.40903,1.69,1.69
2013.06.11 06:25:37.438,1.40877,1.40903,1.69,1.69
2013.06.11 06:25:37.939,1.40877,1.40904,2.44,1.69
2013.06.11 06:25:39.259,1.40877,1.40904,2.44,2.44
2013.06.11 06:25:43.248,1.40878,1.40903,1.69,1.69
2013.06.11 06:25:46.269,1.40876,1.40903,1.69,1.69
2013.06.11 06:25:51.175,1.40876,1.40903,1.69,1.69
2013.06.11 06:25:53.390,1.40875,1.40903,1.69,1.69
2013.06.11 06:25:57.580,1.40875,1.40903,2.44,1.69
2013.06.11 06:26:00.290,1.40876,1.40904,1.69,1.69
2013.06.11 06:26:01.248,1.40875,1.40903,1.69,2.44
2013.06.11 06:26:03.129,1.40874,1.40901,1.69,1.69
2013.06.11 06:26:03.488,1.40868,1.40898,2.44,1.69
2013.06.11 06:26:09.459,1.40867,1.40897,2.44,2.44
2013.06.11 06:26:11.189,1.40867,1.40897,2.44,1.69
2013.06.11 06:26:12.111,1.40866,1.40896,1.50,1.69
2013.06.11 06:26:12.469,1.40866,1.40897,1.88,1.69
2013.06.11 06:26:12.829,1.4087,1.40899,1.13,2.44
2013.06.11 06:26:13.009,1.40868,1.40898,1.13,1.32
2013.06.11 06:26:13.188,1.40868,1.40899,1.50,2.44
2013.06.11 06:26:13.249,1.4087,1.40899,1.88,2.44
2013.06.11 06:26:13.368,1.40871,1.40901,2.25,2.44
2013.06.11 06:26:13.729,1.40872,1.40898,1.50,1.32
2013.06.11 06:26:14.432,1.40872,1.40901,1.50,1.69
2013.06.11 06:26:14.978,1.40871,1.40901,2.25,2.44
2013.06.11 06:26:15.490,1.40874,1.40903,1.50,1.69
2013.06.11 06:26:15.612,1.40874,1.40902,1.50,1.69
2013.06.11 06:26:15.680,1.40874,1.40902,1.50,1.69
2013.06.11 06:26:15.980,1.40878,1.40907,1.50,2.07
2013.06.11 06:26:16.770,1.40876,1.40907,2.25,2.82
2013.06.11 06:26:19.188,1.40876,1.40906,1.50,2.07
2013.06.11 06:26:21.189,1.40876,1.40906,1.50,1.32
2013.06.11 06:26:22.349,1.40876,1.40906,2.25,1.13
2013.06.11 06:26:23.610,1.40876,1.40906,2.44,1.32
2013.06.11 06:26:24.569,1.40876,1.40906,1.69,1.32
2013.06.11 06:26:26.619,1.40878,1.40908,1.69,1.32
2013.06.11 06:26:27.552,1.40876,1.40906,2.44,1.32
2013.06.11 06:26:27.741,1.40874,1.40902,2.44,1.69
2013.06.11 06:26:27.809,1.40874,1.40898,2.44,1.32
2013.06.11 06:26:28.728,1.40875,1.40898,1.69,1.13
2013.06.11 06:26:29.630,1.40875,1.40898,1.69,1.13
2013.06.11 06:26:34.455,1.40874,1.40898,1.69,1.13
2013.06.11 06:26:37.198,1.40876,1.40901,1.69,1.32
2013.06.11 06:26:38.851,1.40878,1.40903,1.69,1.32
2013.06.11 06:26:41.209,1.40878,1.40903,1.69,1.88
2013.06.11 06:26:41.511,1.4088,1.40905,1.69,1.69
2013.06.11 06:26:42.658,1.40881,1.4091,2.44,1.69
2013.06.11 06:26:45.078,1.40879,1.4091,1.69,3.19
2013.06.11 06:26:46.919,1.4088,1.40908,2.44,1.69
2013.06.11 06:26:47.004,1.4088,1.4091,2.44,2.44
2013.06.11 06:26:52.381,1.40882,1.40909,1.69,1.69
2013.06.11 06:26:52.759,1.40886,1.40912,1.32,1.69
2013.06.11 06:26:52.818,1.40886,1.40914,1.32,2.44
2013.06.11 06:26:53.454,1.40886,1.40914,2.82,1.32
2013.06.11 06:26:53.988,1.40888,1.40916,1.69,3.38
2013.06.11 06:26:55.538,1.40889,1.40915,2.44,2.63
2013.06.11 06:26:57.408,1.40895,1.40914,1.50,1.13
2013.06.11 06:26:57.709,1.40899,1.40921,1.50,1.13
2013.06.11 06:26:57.769,1.409,1.40925,1.69,1.88
2013.06.11 06:26:57.829,1.409,1.40925,1.69,1.13
2013.06.11 06:26:58.249,1.40896,1.40924,2.44,1.32
2013.06.11 06:26:59.649,1.40906,1.40923,1.50,2.44
2013.06.11 06:27:00.009,1.40914,1.40941,1.32,1.69
2013.06.11 06:27:00.491,1.40912,1.40941,1.32,2.44
2013.06.11 06:27:01.029,1.40908,1.40936,2.29,1.69
2013.06.11 06:27:01.640,1.40909,1.40939,1.69,3.94
2013.06.11 06:27:02.168,1.40909,1.40938,2.44,1.32
2013.06.11 06:27:02.528,1.40907,1.40931,1.69,1.32
2013.06.11 06:27:03.008,1.4091,1.40931,1.69,1.13
2013.06.11 06:27:03.068,1.4091,1.40936,2.44,1.69
2013.06.11 06:27:03.189,1.4091,1.40937,1.69,1.69
2013.06.11 06:27:05.449,1.40908,1.40938,3.94,1.50
2013.06.11 06:27:05.749,1.40914,1.40941,1.88,1.69
2013.06.11 06:27:06.049,1.40912,1.40937,1.50,1.69
2013.06.11 06:27:06.569,1.40909,1.40938,1.69,2.44
2013.06.11 06:27:07.460,1.4091,1.40939,2.44,2.44
2013.06.11 06:27:08.602,1.40909,1.40937,2.44,1.69
2013.06.11 06:27:10.950,1.4091,1.40938,1.69,2.25
2013.06.11 06:27:13.359,1.40911,1.40939,2.82,1.32
2013.06.11 06:27:14.769,1.40913,1.4094,1.69,1.32
2013.06.11 06:27:14.889,1.40913,1.40939,1.69,2.25
2013.06.11 06:27:15.069,1.40908,1.40937,1.69,1.32
2013.06.11 06:27:15.190,1.40907,1.40932,2.44,1.32
2013.06.11 06:27:15.669,1.40912,1.40936,1.17,2.07
2013.06.11 06:27:15.850,1.40917,1.40944,1.32,1.69
2013.06.11 06:27:16.329,1.40921,1.40948,1.69,2.25
2013.06.11 06:27:16.630,1.40915,1.40945,1.69,2.82
2013.06.11 06:27:18.981,1.40915,1.40944,1.69,1.69
2013.06.11 06:27:19.499,1.4092,1.40947,2.07,1.50
2013.06.11 06:27:19.980,1.40921,1.40949,1.32,1.88
2013.06.11 06:27:20.339,1.40927,1.40953,1.69,1.32
2013.06.11 06:27:21.491,1.40927,1.40956,1.69,1.32
2013.06.11 06:27:21.848,1.40927,1.40956,1.69,1.69
2013.06.11 06:27:22.599,1.40927,1.40957,1.69,1.32
2013.06.11 06:27:23.130,1.4093,1.40957,1.69,1.32
2013.06.11 06:27:24.510,1.40933,1.40962,2.82,1.32
2013.06.11 06:27:24.809,1.40938,1.40964,1.69,1.32
2013.06.11 06:27:26.149,1.40938,1.40964,1.69,2.44
2013.06.11 06:27:28.188,1.40937,1.40963,1.69,1.69
2013.06.11 06:27:28.649,1.4094,1.40964,1.69,1.50
2013.06.11 06:27:29.240,1.40936,1.40964,3.94,1.69
2013.06.11 06:27:30.345,1.40939,1.40963,1.69,1.50
2013.06.11 06:27:30.919,1.40939,1.40963,1.69,1.50
2013.06.11 06:27:31.292,1.40939,1.40963,1.69,1.50
2013.06.11 06:27:31.549,1.40935,1.40958,1.69,1.69
2013.06.11 06:27:31.671,1.4093,1.40958,1.69,1.69
2013.06.11 06:27:32.089,1.40929,1.4096,4.32,1.69
2013.06.11 06:27:32.271,1.40934,1.40961,2.82,2.44
2013.06.11 06:27:32.571,1.40933,1.40959,1.69,1.32
2013.06.11 06:27:33.110,1.4093,1.40961,1.69,1.69
2013.06.11 06:27:34.500,1.40934,1.40962,1.32,2.44
2013.06.11 06:27:34.559,1.40936,1.40962,1.32,1.69
2013.06.11 06:27:34.860,1.40929,1.40958,2.07,2.07
2013.06.11 06:27:34.980,1.40929,1.40957,1.32,1.69
2013.06.11 06:27:35.279,1.40927,1.40955,1.54,1.69
2013.06.11 06:27:38.191,1.40927,1.40957,2.10,1.69
2013.06.11 06:27:38.309,1.40928,1.40957,1.88,1.69
2013.06.11 06:27:38.632,1.40928,1.40955,1.88,1.32
2013.06.11 06:27:39.179,1.40925,1.40952,1.69,1.32
2013.06.11 06:27:43.439,1.40923,1.40952,1.69,1.32
2013.06.11 06:27:44.489,1.40924,1.40952,1.69,1.32
2013.06.11 06:27:46.139,1.40923,1.40952,1.69,2.07
2013.06.11 06:27:47.906,1.40923,1.40952,1.69,2.07
2013.06.11 06:27:48.231,1.40923,1.40952,1.69,2.82
2013.06.11 06:27:50.568,1.40924,1.40952,1.69,2.82
2013.06.11 06:27:52.614,1.40922,1.40952,2.44,2.82
2013.06.11 06:27:52.739,1.40919,1.40945,1.54,1.32
2013.06.11 06:27:53.350,1.40916,1.40945,1.54,1.32
2013.06.11 06:27:54.479,1.40916,1.40944,1.54,1.32
2013.06.11 06:27:54.839,1.40916,1.40946,3.79,1.69
2013.06.11 06:27:54.971,1.4092,1.40945,1.69,2.07
2013.06.11 06:27:55.330,1.40919,1.40944,1.69,1.50
2013.06.11 06:27:55.725,1.4092,1.40938,1.50,1.13
2013.06.11 06:27:55.852,1.40916,1.40938,1.32,1.50
2013.06.11 06:27:55.981,1.40916,1.40938,1.69,1.13
2013.06.11 06:27:56.100,1.40916,1.40939,1.69,2.07
2013.06.11 06:27:56.282,1.4091,1.40933,1.32,1.50
2013.06.11 06:27:56.589,1.40913,1.40937,1.69,2.44
2013.06.11 06:27:56.709,1.40913,1.40937,2.07,2.44
2013.06.11 06:27:56.769,1.40913,1.40932,1.32,1.50
2013.06.11 06:27:56.891,1.4091,1.40933,1.32,1.69
2013.06.11 06:27:57.010,1.40906,1.40935,3.57,1.32
2013.06.11 06:27:58.809,1.40904,1.40933,1.69,3.57
2013.06.11 06:27:59.179,1.40904,1.4093,1.69,2.44
2013.06.11 06:27:59.480,1.40907,1.40932,1.69,3.38
2013.06.11 06:27:59.779,1.40903,1.40932,1.69,2.82
2013.06.11 06:28:02.168,1.40903,1.40932,2.07,2.82
2013.06.11 06:28:05.169,1.40903,1.40932,1.69,2.07
2013.06.11 06:28:05.679,1.40903,1.40932,1.69,2.07
2013.06.11 06:28:08.216,1.40903,1.40932,1.69,1.32
2013.06.11 06:28:11.830,1.40902,1.4093,1.50,1.69
2013.06.11 06:28:12.188,1.40901,1.40927,1.88,1.32
2013.06.11 06:28:14.674,1.40902,1.4093,1.32,2.44
2013.06.11 06:28:14.859,1.40906,1.40933,1.32,2.07
2013.06.11 06:28:17.925,1.40906,1.40933,1.32,2.07
2013.06.11 06:28:18.719,1.40907,1.40932,1.69,1.32
2013.06.11 06:28:19.040,1.40909,1.40932,2.10,1.13
2013.06.11 06:28:19.160,1.4091,1.40935,1.32,2.82
2013.06.11 06:28:19.280,1.40907,1.40934,1.69,1.69
2013.06.11 06:28:19.400,1.40905,1.40934,1.32,2.07
2013.06.11 06:28:19.643,1.40905,1.40924,1.69,1.13
2013.06.11 06:28:19.771,1.40893,1.40919,1.39,1.69
2013.06.11 06:28:19.841,1.4089,1.40919,2.44,1.69
2013.06.11 06:28:19.900,1.40895,1.4092,1.17,1.13
2013.06.11 06:28:20.082,1.40904,1.40926,1.32,2.25
2013.06.11 06:28:20.201,1.40902,1.40927,1.32,1.69
2013.06.11 06:28:20.332,1.40899,1.40928,2.29,1.32
2013.06.11 06:28:20.401,1.40902,1.40929,1.32,1.32
2013.06.11 06:28:20.519,1.40904,1.40928,2.44,1.13
2013.06.11 06:28:21.035,1.40906,1.40933,1.69,2.07
2013.06.11 06:28:22.601,1.40907,1.40933,1.69,1.32
2013.06.11 06:28:22.959,1.40909,1.40937,3.19,1.32
2013.06.11 06:28:24.809,1.40909,1.40937,1.69,1.32
2013.06.11 06:28:25.831,1.40909,1.40938,1.69,1.32
2013.06.11 06:28:28.459,1.40909,1.40936,2.25,1.32
2013.06.11 06:28:29.479,1.40909,1.40938,1.88,4.32
2013.06.11 06:28:30.092,1.40913,1.40936,1.32,1.69
2013.06.11 06:28:30.402,1.40917,1.40941,1.32,2.44
2013.06.11 06:28:31.268,1.40914,1.40937,1.32,1.69
2013.06.11 06:28:31.470,1.40911,1.40932,2.07,1.13
2013.06.11 06:28:31.589,1.40905,1.40932,2.82,3.75
2013.06.11 06:28:31.649,1.40902,1.40928,1.69,1.32
2013.06.11 06:28:31.891,1.40899,1.40927,1.69,2.07
2013.06.11 06:28:33.959,1.40899,1.40926,1.32,2.82
2013.06.11 06:28:36.286,1.40899,1.40924,1.32,1.32
2013.06.11 06:28:41.039,1.409,1.40923,1.69,2.25
2013.06.11 06:28:41.340,1.40906,1.40923,1.69,1.50
2013.06.11 06:28:41.459,1.40908,1.40931,3.19,1.88
2013.06.11 06:28:41.519,1.40911,1.40931,1.69,1.50
2013.06.11 06:28:41.579,1.40911,1.40933,1.69,1.13
2013.06.11 06:28:42.058,1.40913,1.40936,1.69,1.69
2013.06.11 06:28:43.286,1.40911,1.40938,1.69,1.69
2013.06.11 06:28:45.509,1.40914,1.40937,1.69,1.13
2013.06.11 06:28:45.629,1.40915,1.4094,1.69,2.25
2013.06.11 06:28:45.697,1.40916,1.4094,2.44,1.69
2013.06.11 06:28:45.763,1.40916,1.4094,2.44,1.50
2013.06.11 06:28:45.889,1.4092,1.40947,1.69,1.69
2013.06.11 06:28:46.009,1.4092,1.40948,1.69,1.69
2013.06.11 06:28:49.770,1.40923,1.4095,1.69,2.44
2013.06.11 06:28:50.148,1.40925,1.4095,2.44,1.69
2013.06.11 06:28:50.219,1.40926,1.40955,1.69,1.69
2013.06.11 06:28:51.359,1.40926,1.40955,2.44,1.69
2013.06.11 06:28:51.479,1.40926,1.40948,1.69,1.50
2013.06.11 06:28:52.203,1.40926,1.40949,1.69,1.69
2013.06.11 06:28:52.529,1.40926,1.40949,1.69,1.69
2013.06.11 06:28:53.079,1.40926,1.40948,1.69,1.13
2013.06.11 06:28:53.420,1.40926,1.4095,2.44,1.69
2013.06.11 06:28:53.480,1.40933,1.4095,1.69,1.50
2013.06.11 06:28:53.539,1.40931,1.40957,2.44,1.69
2013.06.11 06:28:53.959,1.40929,1.40957,1.69,2.44
2013.06.11 06:28:54.409,1.40927,1.40953,1.69,1.32
2013.06.11 06:28:54.719,1.40924,1.40946,1.69,1.32
2013.06.11 06:28:54.860,1.40921,1.40945,1.69,1.13
2013.06.11 06:28:55.099,1.40922,1.40945,1.69,1.32
2013.06.11 06:28:55.657,1.40923,1.40945,1.69,1.32
2013.06.11 06:28:55.911,1.40925,1.40945,1.69,1.32
2013.06.11 06:28:56.269,1.40927,1.40952,1.69,1.32
2013.06.11 06:28:56.389,1.40927,1.40956,1.69,1.69
2013.06.11 06:28:59.009,1.40929,1.40957,1.69,1.69
2013.06.11 06:29:00.439,1.40932,1.40958,2.44,1.50
2013.06.11 06:29:00.680,1.40938,1.40965,2.44,2.07
2013.06.11 06:29:00.799,1.40939,1.4096,1.69,1.50
2013.06.11 06:29:01.061,1.40939,1.40968,2.44,2.44
2013.06.11 06:29:02.073,1.40939,1.40968,1.69,1.32
2013.06.11 06:29:02.769,1.40937,1.40965,1.69,1.32
2013.06.11 06:29:03.599,1.40936,1.40965,1.69,1.32
2013.06.11 06:29:04.139,1.40938,1.40964,2.44,1.69
2013.06.11 06:29:08.111,1.40938,1.40965,1.69,2.07
2013.06.11 06:29:13.329,1.40937,1.40965,2.44,2.07
2013.06.11 06:29:14.650,1.40939,1.40965,1.69,2.07
2013.06.11 06:29:16.579,1.40939,1.4096,1.69,1.13
2013.06.11 06:29:16.760,1.40937,1.4096,1.69,1.32
2013.06.11 06:29:16.820,1.40935,1.40959,2.44,1.13
2013.06.11 06:29:17.359,1.40933,1.40962,1.69,1.69
2013.06.11 06:29:17.480,1.40933,1.40957,2.44,1.69
2013.06.11 06:29:17.601,1.40932,1.40955,2.44,1.32
2013.06.11 06:29:17.720,1.40926,1.40955,2.44,1.32
2013.06.11 06:29:18.259,1.40927,1.40954,1.69,1.32
2013.06.11 06:29:18.840,1.40927,1.40953,3.19,1.32
2013.06.11 06:29:21.852,1.4093,1.40955,1.32,1.69
2013.06.11 06:29:21.909,1.40936,1.40955,1.73,1.50
2013.06.11 06:29:21.970,1.40937,1.40956,1.13,1.50
2013.06.11 06:29:22.089,1.40944,1.40962,1.88,1.50
2013.06.11 06:29:22.150,1.40944,1.40963,1.88,1.50
2013.06.11 06:29:22.209,1.40944,1.4097,1.88,1.32
2013.06.11 06:29:22.330,1.40944,1.4097,1.88,1.32
2013.06.11 06:29:22.688,1.40948,1.40972,1.69,1.32
2013.06.11 06:29:23.796,1.40948,1.40969,1.69,1.32
2013.06.11 06:29:24.180,1.40948,1.40969,1.69,1.32
2013.06.11 06:29:24.751,1.40947,1.40969,1.69,1.13
2013.06.11 06:29:25.720,1.40948,1.40968,1.69,1.13
2013.06.11 06:29:26.049,1.40948,1.40968,2.44,1.13
2013.06.11 06:29:26.350,1.40955,1.4097,1.69,1.13
2013.06.11 06:29:26.470,1.40958,1.4098,1.69,1.13
2013.06.11 06:29:26.590,1.40959,1.40984,1.32,1.54
2013.06.11 06:29:26.650,1.4096,1.40985,1.69,2.07
2013.06.11 06:29:27.231,1.40959,1.4098,1.32,2.07
2013.06.11 06:29:27.421,1.40955,1.40977,1.69,2.44
2013.06.11 06:29:27.492,1.40952,1.40975,1.69,1.50
2013.06.11 06:29:28.388,1.40953,1.40977,1.69,2.44
2013.06.11 06:29:28.449,1.40953,1.40977,3.19,1.50
2013.06.11 06:29:28.509,1.40958,1.40981,2.07,1.69
2013.06.11 06:29:28.628,1.40959,1.40982,1.32,1.69
2013.06.11 06:29:28.989,1.40958,1.4098,1.32,2.25
2013.06.11 06:29:29.049,1.40952,1.40977,3.19,1.50
2013.06.11 06:29:29.109,1.40952,1.40977,3.19,1.50
2013.06.11 06:29:29.469,1.40952,1.40975,1.13,1.69
2013.06.11 06:29:29.529,1.40954,1.40977,1.13,1.69
2013.06.11 06:29:29.649,1.40955,1.40978,1.32,1.50
2013.06.11 06:29:29.769,1.40953,1.40978,1.69,1.69
2013.06.11 06:29:29.828,1.4095,1.40978,2.44,1.69
2013.06.11 06:29:29.949,1.40953,1.40978,1.13,1.69
2013.06.11 06:29:30.068,1.40954,1.40979,1.32,2.44
2013.06.11 06:29:30.369,1.40952,1.40971,1.69,2.25
2013.06.11 06:29:30.429,1.40947,1.40971,1.88,2.25
2013.06.11 06:29:30.549,1.40947,1.40971,1.88,2.25
2013.06.11 06:29:30.848,1.40946,1.4097,1.13,1.50
2013.06.11 06:29:30.969,1.4094,1.40968,1.32,1.88
2013.06.11 06:29:31.149,1.40941,1.40964,1.32,1.50
2013.06.11 06:29:31.469,1.40935,1.40963,1.13,1.50
2013.06.11 06:29:32.009,1.40936,1.40963,1.32,1.50
2013.06.11 06:29:32.549,1.40937,1.40964,1.32,3.19
2013.06.11 06:29:34.101,1.40937,1.40964,1.69,3.19
2013.06.11 06:29:34.161,1.40942,1.40965,1.32,1.50
2013.06.11 06:29:34.280,1.40946,1.40972,2.07,2.82
2013.06.11 06:29:34.339,1.40951,1.40972,1.13,2.07
2013.06.11 06:29:34.459,1.40953,1.40975,1.32,1.69
2013.06.11 06:29:34.579,1.40952,1.40978,3.19,1.69
2013.06.11 06:29:34.949,1.40952,1.40978,2.07,1.69
2013.06.11 06:29:35.010,1.40948,1.40974,1.69,1.69
2013.06.11 06:29:35.409,1.40945,1.40972,1.69,1.69
2013.06.11 06:29:35.529,1.40942,1.40971,1.69,2.07
2013.06.11 06:29:36.611,1.40943,1.40971,2.44,1.69
2013.06.11 06:29:37.452,1.40944,1.4097,2.82,1.69
2013.06.11 06:29:37.580,1.40945,1.40967,1.32,2.25
2013.06.11 06:29:37.699,1.40945,1.40967,1.32,2.44
2013.06.11 06:29:38.069,1.40942,1.40966,2.44,1.50
2013.06.11 06:29:38.249,1.4094,1.40961,1.69,1.69
2013.06.11 06:29:38.837,1.40937,1.40962,1.32,2.44
2013.06.11 06:29:39.673,1.40938,1.40963,1.69,2.44
2013.06.11 06:29:39.755,1.40926,1.40955,2.44,1.32
2013.06.11 06:29:39.939,1.40925,1.40954,1.32,3.57
2013.06.11 06:29:40.614,1.40924,1.40951,1.50,2.44
2013.06.11 06:29:41.372,1.40922,1.40951,2.82,1.69
2013.06.11 06:29:41.928,1.40924,1.40953,2.44,3.57
2013.06.11 06:29:44.179,1.40926,1.40949,1.69,1.69
2013.06.11 06:29:44.239,1.4093,1.4095,1.69,1.13
2013.06.11 06:29:44.540,1.40927,1.40956,2.44,2.07
2013.06.11 06:29:44.659,1.40928,1.40956,1.69,2.44
2013.06.11 06:29:45.200,1.40929,1.40957,1.69,2.82
2013.06.11 06:29:45.261,1.40932,1.40957,1.69,1.69
2013.06.11 06:29:45.803,1.40936,1.40965,2.82,1.54
2013.06.11 06:29:47.770,1.4094,1.40966,2.29,1.32
2013.06.11 06:29:49.310,1.40941,1.40966,1.69,1.69
2013.06.11 06:29:49.848,1.40943,1.40966,2.25,2.07
2013.06.11 06:29:50.359,1.40942,1.40966,2.25,1.69
2013.06.11 06:29:50.748,1.40943,1.40966,1.50,2.07
2013.06.11 06:29:51.129,1.40946,1.40966,2.10,2.07
2013.06.11 06:29:51.190,1.40941,1.40966,3.04,1.69
2013.06.11 06:29:51.430,1.40944,1.40969,1.54,1.69
2013.06.11 06:29:51.490,1.40944,1.40971,1.54,1.50
2013.06.11 06:29:51.611,1.40948,1.40971,1.50,1.50
2013.06.11 06:29:52.043,1.40945,1.40969,1.69,1.54
2013.06.11 06:29:52.480,1.40947,1.40971,1.69,1.54
2013.06.11 06:29:53.999,1.40949,1.40975,2.29,2.07
2013.06.11 06:29:55.111,1.40949,1.40971,1.50,1.69
2013.06.11 06:29:56.780,1.40947,1.40971,2.44,1.69
2013.06.11 06:29:58.448,1.40947,1.40971,2.29,1.69
2013.06.11 06:29:59.033,1.4095,1.40974,1.69,1.32
2013.06.11 06:29:59.653,1.4095,1.40974,1.69,1.32
2013.06.11 06:29:59.839,1.4095,1.40974,1.69,1.32
2013.06.11 06:29:59.959,1.40949,1.40971,2.85,3.12
2013.06.11 06:30:00.261,1.40938,1.40964,1.69,1.73
2013.06.11 06:30:01.061,1.40938,1.40962,1.69,1.35
2013.06.11 06:30:01.419,1.4094,1.40963,1.50,1.17
2013.06.11 06:30:02.099,1.40939,1.40963,2.44,1.54
2013.06.11 06:30:02.639,1.40939,1.40963,1.69,1.54
2013.06.11 06:30:02.699,1.40938,1.40959,1.50,1.13
2013.06.11 06:30:02.759,1.40937,1.40959,1.50,2.10
2013.06.11 06:30:02.879,1.40931,1.40952,1.69,1.13
2013.06.11 06:30:02.939,1.40929,1.40952,1.69,1.13
2013.06.11 06:30:03.120,1.40931,1.4095,2.25,2.67
2013.06.11 06:30:03.300,1.40932,1.40955,1.32,1.17
2013.06.11 06:30:03.482,1.40935,1.40956,1.69,1.54
2013.06.11 06:30:03.789,1.40935,1.40957,1.69,2.10
2013.06.11 06:30:04.259,1.40939,1.40962,1.69,1.35
2013.06.11 06:30:05.759,1.40937,1.40963,1.69,2.29
2013.06.11 06:30:06.640,1.40939,1.40962,1.69,1.50
2013.06.11 06:30:06.998,1.40943,1.40966,3.19,1.32
2013.06.11 06:30:07.659,1.40942,1.40968,1.69,1.17
2013.06.11 06:30:08.769,1.40941,1.40964,3.94,1.32
2013.06.11 06:30:09.792,1.4094,1.40961,1.69,1.13
2013.06.11 06:30:09.910,1.40938,1.40963,1.69,1.32
2013.06.11 06:30:10.150,1.40937,1.40963,1.69,1.32
2013.06.11 06:30:10.699,1.40937,1.40961,1.69,1.32
2013.06.11 06:30:11.519,1.40936,1.40958,1.69,1.13
2013.06.11 06:30:12.156,1.40935,1.4096,2.44,1.17
2013.06.11 06:30:12.689,1.40936,1.4096,1.69,1.17
2013.06.11 06:30:13.073,1.40937,1.40959,1.69,1.13
2013.06.11 06:30:13.380,1.4094,1.40959,2.44,1.13
2013.06.11 06:30:13.439,1.40941,1.40966,2.29,2.07
2013.06.11 06:30:13.499,1.40944,1.40966,2.44,1.13
2013.06.11 06:30:13.799,1.40951,1.40974,1.69,2.10
2013.06.11 06:30:13.859,1.40951,1.40979,2.44,1.69
2013.06.11 06:30:13.919,1.40952,1.40979,1.69,2.44
2013.06.11 06:30:15.169,1.40953,1.40981,1.69,1.32
2013.06.11 06:30:15.839,1.4095,1.40981,1.69,1.32
2013.06.11 06:30:16.140,1.40956,1.40981,1.50,1.32
2013.06.11 06:30:16.959,1.40952,1.40976,2.44,1.54
2013.06.11 06:30:17.019,1.40952,1.40974,1.69,1.17
2013.06.11 06:30:17.559,1.40951,1.40974,1.50,2.29
2013.06.11 06:30:18.080,1.40947,1.40974,1.69,2.29
2013.06.11 06:30:18.832,1.40946,1.40974,2.44,2.29
2013.06.11 06:30:20.440,1.40946,1.4097,1.69,1.54
2013.06.11 06:30:23.748,1.40943,1.4097,2.44,1.54
2013.06.11 06:30:24.679,1.40941,1.40969,1.69,1.54
2013.06.11 06:30:25.959,1.40941,1.40969,1.69,1.54
2013.06.11 06:30:26.449,1.40942,1.40969,1.69,1.54
2013.06.11 06:30:26.569,1.40942,1.40968,1.69,2.29
2013.06.11 06:30:26.929,1.4094,1.40968,1.69,3.04
2013.06.11 06:30:27.930,1.40942,1.40967,1.54,1.69
2013.06.11 06:30:27.990,1.40942,1.40967,3.04,1.69
2013.06.11 06:30:28.050,1.40944,1.40967,1.69,1.50
2013.06.11 06:30:28.289,1.40948,1.40974,1.69,1.32
2013.06.11 06:30:29.559,1.40949,1.4098,1.69,4.69
2013.06.11 06:30:31.781,1.40946,1.40977,2.44,3.19
2013.06.11 06:30:32.080,1.40945,1.40975,1.69,1.69
2013.06.11 06:30:32.320,1.40944,1.40973,1.69,1.69
2013.06.11 06:30:32.562,1.40941,1.40961,1.69,2.10
2013.06.11 06:30:32.690,1.40939,1.40961,1.69,2.29
2013.06.11 06:30:32.990,1.40945,1.40969,1.13,1.69
2013.06.11 06:30:33.050,1.40946,1.40969,1.50,1.69
2013.06.11 06:30:33.449,1.40946,1.40972,2.82,1.88
2013.06.11 06:30:33.953,1.40948,1.40972,1.32,1.50
2013.06.11 06:30:34.080,1.40948,1.40972,2.07,1.50
2013.06.11 06:30:34.319,1.40949,1.40975,2.44,1.92
2013.06.11 06:30:34.440,1.40961,1.4098,1.35,1.32
2013.06.11 06:30:34.560,1.40963,1.40986,1.54,2.25
2013.06.11 06:30:34.679,1.40963,1.4099,1.54,1.69
2013.06.11 06:30:34.860,1.40963,1.40991,1.54,1.32
2013.06.11 06:30:35.045,1.40965,1.40994,1.69,2.29
2013.06.11 06:30:35.229,1.40967,1.40993,1.69,1.54
2013.06.11 06:30:35.589,1.40972,1.41001,1.54,1.32
2013.06.11 06:30:35.897,1.40972,1.41002,1.54,2.67
2013.06.11 06:30:36.210,1.40971,1.40997,2.44,1.69
2013.06.11 06:30:36.270,1.40971,1.40997,2.44,1.69
2013.06.11 06:30:36.799,1.40971,1.40998,2.44,2.29
2013.06.11 06:30:37.439,1.40968,1.40996,2.44,1.32
2013.06.11 06:30:38.179,1.40967,1.40993,2.44,1.32
2013.06.11 06:30:38.241,1.40966,1.40989,1.69,1.13
2013.06.11 06:30:38.300,1.40965,1.40987,2.44,1.13
2013.06.11 06:30:38.540,1.40961,1.40987,2.44,1.69
2013.06.11 06:30:39.085,1.4096,1.40988,1.69,2.67
2013.06.11 06:30:39.849,1.40957,1.40986,1.69,1.54
2013.06.11 06:30:40.449,1.40956,1.40984,1.69,2.07
2013.06.11 06:30:40.990,1.40955,1.40982,2.44,1.69
2013.06.11 06:30:41.399,1.40955,1.40976,1.69,2.10
2013.06.11 06:30:41.459,1.40954,1.40976,2.44,2.29
2013.06.11 06:30:41.709,1.40949,1.40973,1.54,1.54
2013.06.11 06:30:41.829,1.40951,1.40977,1.17,1.50
2013.06.11 06:30:42.131,1.40954,1.40982,1.54,3.94
2013.06.11 06:30:42.189,1.40957,1.40982,1.69,2.82
2013.06.11 06:30:42.370,1.40958,1.40982,1.69,2.29
2013.06.11 06:30:43.329,1.40956,1.40979,2.44,2.10
2013.06.11 06:30:43.656,1.40955,1.40975,2.44,1.35
2013.06.11 06:30:43.732,1.40952,1.40972,1.17,1.13
2013.06.11 06:30:46.162,1.40952,1.40972,1.17,1.50
2013.06.11 06:30:46.671,1.40952,1.40972,1.92,1.50
2013.06.11 06:30:48.959,1.40952,1.40972,3.04,1.13
2013.06.11 06:30:49.019,1.40955,1.40972,1.69,1.13
2013.06.11 06:30:49.259,1.40955,1.40979,2.44,2.76
2013.06.11 06:30:51.029,1.40958,1.40981,1.69,1.03
2013.06.11 06:30:53.149,1.40957,1.40982,1.69,1.03
2013.06.11 06:30:54.032,1.4096,1.40986,1.69,3.04
2013.06.11 06:30:54.150,1.40961,1.40986,2.44,1.54
2013.06.11 06:30:57.170,1.40966,1.4099,1.69,1.69
2013.06.11 06:30:57.289,1.40967,1.40993,1.69,2.48
2013.06.11 06:30:57.939,1.40967,1.40992,1.69,1.69
2013.06.11 06:30:58.479,1.40968,1.40992,1.69,1.69
2013.06.11 06:30:59.094,1.40968,1.40992,1.69,1.69
2013.06.11 06:31:00.090,1.40966,1.40992,1.69,1.69
2013.06.11 06:31:01.310,1.40963,1.40989,3.19,1.69
2013.06.11 06:31:05.269,1.40963,1.4099,2.44,1.69
2013.06.11 06:31:06.817,1.40963,1.40987,2.44,2.10
2013.06.11 06:31:06.940,1.40962,1.40984,1.69,1.35
2013.06.11 06:31:07.254,1.40959,1.40985,1.54,3.19
2013.06.11 06:31:07.852,1.40959,1.40985,1.54,3.19
2013.06.11 06:31:08.379,1.40959,1.40984,1.54,2.44
2013.06.11 06:31:09.190,1.40959,1.40983,1.54,2.44
2013.06.11 06:31:09.669,1.40959,1.40978,1.54,1.50
2013.06.11 06:31:09.789,1.40957,1.40978,1.69,1.50
2013.06.11 06:31:10.320,1.40954,1.40978,2.44,1.88
2013.06.11 06:31:10.680,1.40954,1.40977,2.44,2.25
2013.06.11 06:31:11.359,1.40952,1.40975,3.19,1.50
2013.06.11 06:31:11.880,1.40955,1.40974,1.69,1.50
2013.06.11 06:31:13.387,1.40955,1.40973,1.69,1.50
2013.06.11 06:31:13.909,1.40953,1.40971,1.69,1.50
2013.06.11 06:31:14.040,1.40951,1.40971,1.32,1.50
2013.06.11 06:31:14.350,1.40952,1.40976,1.13,2.44
2013.06.11 06:31:14.470,1.40956,1.40977,1.88,1.88
2013.06.11 06:31:14.649,1.40956,1.40978,1.13,1.88
2013.06.11 06:31:14.709,1.40958,1.4098,1.13,1.50
2013.06.11 06:31:15.009,1.4095,1.40976,1.69,1.50
2013.06.11 06:31:15.251,1.40953,1.40981,1.35,3.19
2013.06.11 06:31:15.369,1.40954,1.40984,1.35,2.29
2013.06.11 06:31:17.910,1.40954,1.40983,1.69,2.44
2013.06.11 06:31:18.270,1.40953,1.40982,1.69,2.44
2013.06.11 06:31:18.820,1.40951,1.40979,1.54,1.69
2013.06.11 06:31:19.730,1.40951,1.4098,3.04,1.69
2013.06.11 06:31:25.336,1.4095,1.40978,3.04,1.69
2013.06.11 06:31:26.530,1.40948,1.40977,1.69,1.69
2013.06.11 06:31:26.770,1.40943,1.40971,1.69,1.69
2013.06.11 06:31:27.189,1.40941,1.40968,2.07,2.29
2013.06.11 06:31:27.549,1.40938,1.40963,1.32,2.29
2013.06.11 06:31:28.450,1.40938,1.40965,1.32,3.04
2013.06.11 06:31:28.979,1.40938,1.40964,1.32,1.54
2013.06.11 06:31:30.391,1.40938,1.40965,3.57,3.04
2013.06.11 06:31:30.581,1.40942,1.40968,1.69,1.69
2013.06.11 06:31:31.549,1.40941,1.40966,2.67,1.69
2013.06.11 06:31:31.730,1.40943,1.40968,1.50,2.44
2013.06.11 06:31:32.091,1.40945,1.40973,2.29,1.69
2013.06.11 06:31:32.629,1.40945,1.40975,2.29,2.29
2013.06.11 06:31:32.996,1.40946,1.40975,1.69,2.29
2013.06.11 06:31:36.920,1.40947,1.40974,2.44,1.78
2013.06.11 06:31:37.279,1.40949,1.40974,2.44,1.03
2013.06.11 06:31:37.708,1.40946,1.40972,1.69,1.03
2013.06.11 06:31:38.249,1.4095,1.40975,1.69,1.03
2013.06.11 06:31:40.209,1.40949,1.40977,1.69,2.15
2013.06.11 06:31:40.731,1.4095,1.40976,1.69,1.43
2013.06.11 06:31:40.790,1.40952,1.40976,2.44,1.24
2013.06.11 06:31:40.850,1.40953,1.40977,1.69,1.69
2013.06.11 06:31:40.910,1.40954,1.40977,1.69,1.69
2013.06.11 06:31:41.349,1.40951,1.40979,2.29,1.69
2013.06.11 06:31:45.759,1.4095,1.40978,1.54,1.32
2013.06.11 06:31:48.999,1.40949,1.40977,1.69,1.17
2013.06.11 06:31:50.609,1.40949,1.40977,1.69,1.92
2013.06.11 06:31:53.249,1.40949,1.40976,1.69,1.69
2013.06.11 06:31:53.610,1.40949,1.40975,1.69,1.69
2013.06.11 06:31:59.019,1.40949,1.40976,2.44,1.69
2013.06.11 06:31:59.970,1.4095,1.40976,1.69,1.69
2013.06.11 06:32:00.274,1.40954,1.40979,1.69,1.69
2013.06.11 06:32:00.520,1.40951,1.40976,1.54,1.69
2013.06.11 06:32:00.640,1.40952,1.40979,3.04,3.19
2013.06.11 06:32:00.943,1.4095,1.4098,2.44,2.44
2013.06.11 06:32:01.076,1.40951,1.40978,1.69,2.44
2013.06.11 06:32:01.390,1.40947,1.40975,3.19,1.69
2013.06.11 06:32:02.450,1.40949,1.40978,1.69,3.19
2013.06.11 06:32:03.286,1.40953,1.4098,1.69,1.69
2013.06.11 06:32:03.411,1.40955,1.4098,1.69,1.69
2013.06.11 06:32:03.472,1.4096,1.40981,1.50,1.69
2013.06.11 06:32:03.592,1.40964,1.40981,1.50,1.50
2013.06.11 06:32:03.831,1.40963,1.40987,1.69,1.69
2013.06.11 06:32:03.949,1.40964,1.4099,1.50,2.44
2013.06.11 06:32:04.010,1.40964,1.4099,1.69,1.69
2013.06.11 06:32:04.550,1.40965,1.40993,1.69,2.07
2013.06.11 06:32:04.851,1.40966,1.40993,1.50,1.32
2013.06.11 06:32:05.158,1.40971,1.40991,1.50,2.67
2013.06.11 06:32:05.282,1.40972,1.40994,1.69,1.17
2013.06.11 06:32:05.462,1.40972,1.40999,1.69,1.32
2013.06.11 06:32:05.581,1.40976,1.41002,2.25,1.69
2013.06.11 06:32:05.700,1.40979,1.41005,1.50,1.54
2013.06.11 06:32:06.250,1.40979,1.41006,1.50,1.92
2013.06.11 06:32:07.490,1.40979,1.41006,1.69,1.17
2013.06.11 06:32:07.901,1.40979,1.41007,2.44,1.17
2013.06.11 06:32:08.021,1.40983,1.41008,2.44,3.04
2013.06.11 06:32:09.419,1.40982,1.41008,3.19,2.67
2013.06.11 06:32:10.820,1.40982,1.41008,1.69,4.54
2013.06.11 06:32:10.941,1.4098,1.41005,1.69,1.17
2013.06.11 06:32:11.061,1.40977,1.41003,3.57,1.17
2013.06.11 06:32:11.421,1.40974,1.40999,1.69,1.32
2013.06.11 06:32:11.779,1.40979,1.40998,1.92,1.13
2013.06.11 06:32:12.105,1.40982,1.40998,1.54,1.13
2013.06.11 06:32:12.730,1.40982,1.40996,1.54,1.13
2013.06.11 06:32:12.970,1.40983,1.41011,3.19,1.69
2013.06.11 06:32:13.211,1.40986,1.41009,2.44,1.92
2013.06.11 06:32:13.570,1.40977,1.41001,2.44,1.17
2013.06.11 06:32:13.631,1.40977,1.40999,1.50,1.32
2013.06.11 06:32:13.810,1.40972,1.40996,2.44,2.29
2013.06.11 06:32:14.235,1.40975,1.41001,3.19,2.10
2013.06.11 06:32:14.313,1.40975,1.41005,1.69,3.57
2013.06.11 06:32:14.571,1.40977,1.41007,2.44,1.32
2013.06.11 06:32:14.630,1.40982,1.41005,2.44,1.50
2013.06.11 06:32:15.109,1.40981,1.41009,1.69,1.32
2013.06.11 06:32:15.474,1.40978,1.40996,1.69,1.35
2013.06.11 06:32:15.540,1.40978,1.40995,1.69,1.35
2013.06.11 06:32:15.779,1.40979,1.41,2.44,1.17
2013.06.11 06:32:16.019,1.40979,1.41006,3.79,2.63
2013.06.11 06:32:16.139,1.40983,1.41005,1.69,1.13
2013.06.11 06:32:16.320,1.40983,1.41005,1.69,1.32
2013.06.11 06:32:16.380,1.40983,1.41008,2.44,1.32
2013.06.11 06:32:16.619,1.40986,1.41009,1.50,1.32
2013.06.11 06:32:17.040,1.40984,1.41009,1.50,1.32
2013.06.11 06:32:17.471,1.40979,1.41,2.25,1.17
2013.06.11 06:32:17.590,1.40974,1.41002,2.44,1.32
2013.06.11 06:32:17.899,1.40977,1.41001,1.69,1.17
2013.06.11 06:32:18.079,1.40983,1.41007,1.69,1.54
2013.06.11 06:32:19.979,1.40983,1.4101,2.44,3.04
2013.06.11 06:32:20.552,1.40983,1.4101,1.69,3.79
2013.06.11 06:32:22.390,1.40983,1.41004,2.44,2.29
2013.06.11 06:32:22.509,1.40979,1.41001,1.69,1.54
2013.06.11 06:32:22.570,1.40978,1.40998,1.69,1.13
2013.06.11 06:32:22.749,1.4098,1.41001,1.32,1.69
2013.06.11 06:32:22.810,1.4098,1.41001,2.07,1.50
2013.06.11 06:32:22.869,1.4098,1.41006,1.69,1.32
2013.06.11 06:32:23.049,1.40982,1.41011,2.44,1.69
2013.06.11 06:32:24.319,1.40982,1.41013,3.19,3.19
2013.06.11 06:32:24.859,1.40983,1.41006,1.69,2.29
2013.06.11 06:32:25.621,1.40981,1.41004,1.69,1.17
2013.06.11 06:32:25.799,1.40977,1.41006,3.19,4.17
2013.06.11 06:32:25.920,1.40977,1.41006,1.69,3.42
2013.06.11 06:32:26.270,1.40976,1.41004,1.69,1.54
2013.06.11 06:32:26.581,1.40978,1.41001,1.69,2.29
2013.06.11 06:32:30.281,1.40978,1.40998,1.69,1.73
2013.06.11 06:32:30.339,1.40971,1.40998,1.69,1.92
2013.06.11 06:32:30.520,1.40973,1.40998,1.69,1.17
2013.06.11 06:32:30.579,1.40976,1.40999,1.69,1.54
2013.06.11 06:32:32.789,1.40975,1.41002,1.69,3.04
2013.06.11 06:32:34.969,1.40978,1.41004,1.50,1.54
2013.06.11 06:32:35.029,1.4098,1.41004,1.50,1.54
2013.06.11 06:32:35.089,1.4098,1.41005,1.69,1.92
2013.06.11 06:32:35.285,1.40981,1.41008,2.44,1.69
2013.06.11 06:32:38.910,1.4098,1.41009,2.07,1.32
2013.06.11 06:32:39.279,1.40978,1.41007,1.32,1.32
2013.06.11 06:32:39.789,1.40981,1.41009,1.69,2.82
2013.06.11 06:32:40.339,1.40983,1.41008,1.50,1.17
2013.06.11 06:32:40.769,1.40984,1.41008,2.25,1.17
2013.06.11 06:32:41.363,1.40984,1.4101,2.44,1.35
2013.06.11 06:32:41.540,1.40992,1.41013,2.10,2.44
2013.06.11 06:32:41.607,1.40997,1.4102,1.69,1.32
2013.06.11 06:32:42.991,1.40996,1.41023,1.69,1.32
2013.06.11 06:32:44.160,1.41002,1.41023,2.10,1.32
2013.06.11 06:32:44.223,1.41005,1.41027,1.35,1.32
2013.06.11 06:32:44.290,1.41009,1.4103,1.13,1.69
2013.06.11 06:32:44.531,1.41005,1.41027,1.50,1.69
2013.06.11 06:32:44.830,1.41003,1.41027,1.54,2.44
2013.06.11 06:32:48.910,1.41003,1.41023,1.35,3.19
2013.06.11 06:32:49.330,1.41001,1.41021,1.54,1.50
2013.06.11 06:32:49.390,1.40999,1.41021,1.69,1.50
2013.06.11 06:32:49.509,1.40999,1.4102,1.50,1.69
2013.06.11 06:32:49.931,1.40996,1.4102,1.54,3.19
2013.06.11 06:32:49.992,1.40996,1.4102,1.54,2.44
2013.06.11 06:32:50.169,1.41002,1.41028,2.07,1.54
2013.06.11 06:32:50.349,1.41005,1.41033,1.32,3.19
2013.06.11 06:32:52.042,1.41006,1.41032,1.69,1.69
2013.06.11 06:32:52.282,1.4101,1.41036,1.69,2.29
2013.06.11 06:32:52.459,1.4101,1.41039,2.44,2.44
2013.06.11 06:32:52.579,1.41013,1.4104,1.69,1.69
2013.06.11 06:32:52.760,1.41012,1.41038,1.69,2.29
2013.06.11 06:32:52.879,1.41012,1.41035,1.69,2.29
2013.06.11 06:32:53.789,1.41011,1.41036,1.69,1.54
2013.06.11 06:32:54.760,1.41015,1.41038,1.69,1.69
2013.06.11 06:32:55.299,1.41016,1.41039,1.69,2.44
2013.06.11 06:32:55.600,1.41014,1.41036,1.50,1.54
2013.06.11 06:32:55.960,1.41013,1.41036,1.69,2.29
2013.06.11 06:32:57.660,1.41011,1.41037,2.07,1.54
2013.06.11 06:33:00.289,1.41012,1.41035,1.50,2.82
2013.06.11 06:33:01.000,1.41011,1.41034,1.69,1.69
2013.06.11 06:33:01.979,1.41011,1.41033,1.69,2.44
2013.06.11 06:33:03.799,1.41011,1.41031,1.69,2.25
2013.06.11 06:33:04.616,1.41012,1.4103,1.50,1.50
2013.06.11 06:33:04.980,1.41011,1.41032,1.69,1.69
2013.06.11 06:33:05.509,1.41011,1.41032,1.50,1.69
2013.06.11 06:33:05.712,1.41011,1.41031,1.50,2.44
2013.06.11 06:33:05.951,1.41007,1.41026,1.69,1.50
2013.06.11 06:33:06.130,1.41007,1.41029,1.69,1.69
2013.06.11 06:33:06.312,1.4101,1.41032,1.69,2.10
2013.06.11 06:33:06.621,1.41009,1.41031,1.69,1.73
2013.06.11 06:33:06.740,1.41009,1.4103,1.69,1.35
2013.06.11 06:33:07.041,1.41008,1.41029,1.69,1.54
2013.06.11 06:33:07.459,1.41005,1.41023,1.69,1.50
2013.06.11 06:33:07.520,1.41005,1.41023,1.69,1.50
2013.06.11 06:33:07.579,1.41003,1.41023,2.25,1.69
2013.06.11 06:33:07.945,1.41003,1.41017,1.50,2.29
2013.06.11 06:33:08.191,1.40998,1.41017,2.44,2.10
2013.06.11 06:33:08.253,1.40998,1.41019,2.82,1.35
2013.06.11 06:33:08.501,1.40999,1.4102,1.32,1.54
2013.06.11 06:33:08.620,1.40996,1.4102,2.07,1.69
2013.06.11 06:33:08.679,1.40996,1.4102,1.32,1.69
2013.06.11 06:33:09.026,1.40995,1.41022,2.07,1.69
2013.06.11 06:33:09.349,1.40995,1.4102,1.32,2.29
2013.06.11 06:33:09.650,1.40996,1.41023,1.69,1.69
2013.06.11 06:33:09.709,1.40996,1.41023,2.44,2.44
2013.06.11 06:33:10.070,1.41,1.41026,1.69,1.69
2013.06.11 06:33:10.309,1.41002,1.41027,1.69,2.44
2013.06.11 06:33:10.969,1.41005,1.41026,1.69,1.69
2013.06.11 06:33:12.209,1.41005,1.41026,1.69,2.44
2013.06.11 06:33:12.269,1.41002,1.41025,1.69,1.50
2013.06.11 06:33:12.450,1.40997,1.41022,1.69,2.44
2013.06.11 06:33:12.630,1.40996,1.4102,1.69,1.54
2013.06.11 06:33:12.811,1.40996,1.4102,1.69,2.29
2013.06.11 06:33:13.109,1.40992,1.4102,1.69,2.29
2013.06.11 06:33:13.809,1.40992,1.41018,1.69,2.29
2013.06.11 06:33:17.110,1.40991,1.41016,1.69,1.69
2013.06.11 06:33:17.471,1.40991,1.41013,1.69,1.50
2013.06.11 06:33:17.790,1.4099,1.41015,1.69,2.44
2013.06.11 06:33:18.431,1.40989,1.41014,1.69,2.44
2013.06.11 06:33:18.959,1.4099,1.41014,1.69,1.69
2013.06.11 06:33:19.079,1.40995,1.41019,1.32,1.69
2013.06.11 06:33:19.700,1.40996,1.41021,1.69,2.44
2013.06.11 06:33:21.419,1.40996,1.4102,1.69,1.69
2013.06.11 06:33:24.083,1.40997,1.4102,1.69,1.69
2013.06.11 06:33:24.390,1.40997,1.41017,1.50,2.29
2013.06.11 06:33:24.570,1.4099,1.41017,1.69,2.29
2013.06.11 06:33:24.631,1.40988,1.41016,1.32,1.54
2013.06.11 06:33:29.059,1.40992,1.4102,1.69,3.79
2013.06.11 06:33:31.340,1.40993,1.4102,1.32,1.54
2013.06.11 06:33:31.399,1.40993,1.41021,1.32,3.04
2013.06.11 06:33:32.931,1.40994,1.41021,1.32,1.54
2013.06.11 06:33:34.255,1.40994,1.41021,2.07,1.54
2013.06.11 06:33:35.601,1.40997,1.41021,1.69,1.54
2013.06.11 06:33:37.193,1.40997,1.4102,1.69,1.35
2013.06.11 06:33:37.740,1.40997,1.4102,1.69,1.35
2013.06.11 06:33:39.909,1.40997,1.4102,1.69,1.35
2013.06.11 06:33:40.210,1.41001,1.41024,1.69,1.17
2013.06.11 06:33:41.448,1.41002,1.41024,1.69,1.35
2013.06.11 06:33:42.147,1.41002,1.41024,1.69,1.35
2013.06.11 06:33:42.740,1.41002,1.41024,1.69,1.35
2013.06.11 06:33:44.679,1.41013,1.41024,2.25,1.35
2013.06.11 06:33:44.922,1.41016,1.41035,1.69,2.33
2013.06.11 06:33:44.981,1.41016,1.41041,1.69,1.69
2013.06.11 06:33:46.771,1.41016,1.41042,2.44,1.32
2013.06.11 06:33:47.239,1.41016,1.41038,2.44,1.88
2013.06.11 06:33:47.870,1.41018,1.41038,1.32,1.88
2013.06.11 06:33:48.171,1.4103,1.41044,1.13,1.50
2013.06.11 06:33:48.230,1.4103,1.41051,1.13,1.50
2013.06.11 06:33:48.289,1.4103,1.41052,1.13,1.32
2013.06.11 06:33:48.589,1.41028,1.41051,1.32,2.25
2013.06.11 06:33:48.709,1.41028,1.41053,2.07,1.50
2013.06.11 06:33:50.073,1.41028,1.41052,1.32,1.50
2013.06.11 06:33:50.890,1.41029,1.41054,1.32,1.50
2013.06.11 06:33:51.249,1.41028,1.4105,1.32,1.35
2013.06.11 06:33:51.491,1.41025,1.41047,2.44,1.50
2013.06.11 06:33:51.550,1.41024,1.41047,1.69,4.35
2013.06.11 06:33:51.609,1.41022,1.41046,1.69,1.54
2013.06.11 06:33:53.110,1.41022,1.41044,1.69,1.69
2013.06.11 06:33:53.177,1.41025,1.41045,1.69,1.35
2013.06.11 06:33:53.480,1.41021,1.41046,2.44,1.54
2013.06.11 06:33:53.841,1.41018,1.41045,2.44,1.69
2013.06.11 06:33:53.899,1.41017,1.41047,3.94,1.69
2013.06.11 06:33:53.960,1.41017,1.41047,5.07,1.69
2013.06.11 06:33:54.202,1.41017,1.41044,2.07,2.29
2013.06.11 06:33:54.261,1.41018,1.41042,1.50,1.54
2013.06.11 06:33:54.620,1.41033,1.4106,2.44,1.69
2013.06.11 06:33:54.680,1.41035,1.41064,2.44,1.69
2013.06.11 06:33:54.740,1.41039,1.41064,1.54,1.69
2013.06.11 06:33:54.920,1.41035,1.41062,2.82,1.69
2013.06.11 06:33:55.042,1.41035,1.41059,1.32,1.69
2013.06.11 06:33:56.364,1.41029,1.41052,1.69,1.50
2013.06.11 06:33:56.909,1.41029,1.41051,1.69,2.25
2013.06.11 06:33:58.258,1.41029,1.41051,1.69,2.25
2013.06.11 06:33:58.380,1.41027,1.4105,1.69,1.50
2013.06.11 06:33:59.139,1.41027,1.41051,1.69,1.69
2013.06.11 06:33:59.412,1.41027,1.4105,1.69,1.50
2013.06.11 06:33:59.919,1.41027,1.4105,1.69,1.50
2013.06.11 06:34:00.220,1.41025,1.41047,1.32,1.69
2013.06.11 06:34:00.660,1.41024,1.41047,2.44,1.69
2013.06.11 06:34:01.235,1.41025,1.41048,1.32,1.69
2013.06.11 06:34:01.721,1.41026,1.41047,3.38,1.50
2013.06.11 06:34:01.962,1.41031,1.41053,2.48,1.28
2013.06.11 06:34:02.019,1.41035,1.41058,1.32,1.69
2013.06.11 06:34:02.439,1.41035,1.41057,1.69,1.69
2013.06.11 06:34:06.439,1.41037,1.4106,1.69,1.50
2013.06.11 06:34:06.861,1.41037,1.41063,1.69,1.69
2013.06.11 06:34:07.459,1.41036,1.41063,2.07,1.69
2013.06.11 06:34:08.001,1.41036,1.41063,2.07,1.69
2013.06.11 06:34:08.919,1.41036,1.4106,2.07,3.23
2013.06.11 06:34:09.279,1.41042,1.41066,1.32,1.13
2013.06.11 06:34:09.460,1.41046,1.41071,1.13,1.54
2013.06.11 06:34:09.519,1.41041,1.41067,3.19,2.29
2013.06.11 06:34:10.242,1.41042,1.41067,2.44,2.10
2013.06.11 06:34:10.710,1.41041,1.41061,1.69,2.10
2013.06.11 06:34:10.950,1.41038,1.41061,1.69,2.29
2013.06.11 06:34:11.310,1.41032,1.4106,1.69,1.54
2013.06.11 06:34:11.370,1.41032,1.41055,1.69,1.35
2013.06.11 06:34:11.491,1.41029,1.41055,1.69,1.54
2013.06.11 06:34:12.102,1.41033,1.41056,1.69,2.10
2013.06.11 06:34:14.570,1.41032,1.41062,2.44,3.79
2013.06.11 06:34:15.299,1.4103,1.41059,1.69,1.50
2013.06.11 06:34:15.856,1.4103,1.4106,1.69,3.04
2013.06.11 06:34:17.580,1.4103,1.4106,1.69,2.29
2013.06.11 06:34:19.539,1.41032,1.4106,1.69,1.54
2013.06.11 06:34:20.050,1.41036,1.41061,1.69,1.54
2013.06.11 06:34:20.619,1.41037,1.41061,1.69,1.54
2013.06.11 06:34:21.690,1.41035,1.41062,1.69,3.04
2013.06.11 06:34:23.389,1.41037,1.41064,1.69,1.69
2013.06.11 06:34:23.754,1.41039,1.41067,1.69,4.17
2013.06.11 06:34:24.091,1.41047,1.41073,1.54,1.88
2013.06.11 06:34:25.029,1.41049,1.41075,2.10,1.69
2013.06.11 06:34:25.149,1.41051,1.4108,1.69,3.79
2013.06.11 06:34:26.770,1.41049,1.41079,3.04,1.69
2013.06.11 06:34:27.129,1.41055,1.41082,2.07,1.69
2013.06.11 06:34:27.689,1.41055,1.41083,2.07,2.07
2013.06.11 06:34:28.650,1.41052,1.41076,2.07,3.04
2013.06.11 06:34:28.842,1.41047,1.41072,1.02,2.29
2013.06.11 06:34:28.961,1.41043,1.41069,1.20,1.54
2013.06.11 06:34:29.020,1.41043,1.41069,1.50,1.54
2013.06.11 06:34:29.140,1.41044,1.41069,1.50,1.54
2013.06.11 06:34:29.441,1.41049,1.41072,2.25,1.32
2013.06.11 06:34:29.559,1.41049,1.41076,2.44,1.54
2013.06.11 06:34:29.740,1.41049,1.41078,1.69,1.69
2013.06.11 06:34:29.800,1.41051,1.41079,1.69,1.69
2013.06.11 06:34:29.981,1.41053,1.41083,1.69,2.44
2013.06.11 06:34:30.099,1.41055,1.41083,2.07,1.69
2013.06.11 06:34:30.822,1.41058,1.41084,1.32,1.69
2013.06.11 06:34:31.329,1.41058,1.41086,1.32,3.79
2013.06.11 06:34:31.829,1.41058,1.41081,1.32,2.10
2013.06.11 06:34:31.953,1.41055,1.41081,2.44,2.29
2013.06.11 06:34:32.320,1.41053,1.41081,2.44,3.04
2013.06.11 06:34:32.382,1.41053,1.41079,2.44,1.54
2013.06.11 06:34:32.690,1.41047,1.41077,2.44,3.04
2013.06.11 06:34:32.811,1.41048,1.41077,1.69,2.29
2013.06.11 06:34:34.361,1.4105,1.41077,1.69,3.04
2013.06.11 06:34:34.811,1.4105,1.41072,1.50,1.69
2013.06.11 06:34:34.990,1.41047,1.4107,1.32,1.69
2013.06.11 06:34:35.109,1.41047,1.41073,1.32,2.25
2013.06.11 06:34:35.169,1.41047,1.41073,1.32,1.50
2013.06.11 06:34:35.711,1.41046,1.41073,1.32,1.69
2013.06.11 06:34:35.831,1.41044,1.41071,1.92,1.69
2013.06.11 06:34:36.393,1.41044,1.41068,1.54,1.69
2013.06.11 06:34:36.926,1.41043,1.41071,2.29,1.69
2013.06.11 06:34:37.229,1.41045,1.41071,1.17,2.44
2013.06.11 06:34:37.731,1.41046,1.41071,1.32,1.69
2013.06.11 06:34:37.851,1.41046,1.41071,1.32,1.69
2013.06.11 06:34:38.029,1.41049,1.4107,1.13,2.44
2013.06.11 06:34:38.510,1.41048,1.41072,1.32,1.69
2013.06.11 06:34:38.689,1.41048,1.41072,1.69,1.69
2013.06.11 06:34:39.230,1.4105,1.41072,1.69,1.69
2013.06.11 06:34:40.209,1.4105,1.41073,2.07,2.29
2013.06.11 06:34:40.900,1.41048,1.4107,1.32,1.50
2013.06.11 06:34:41.021,1.41042,1.41071,2.82,1.54
2013.06.11 06:34:41.140,1.41044,1.41072,1.17,1.69
2013.06.11 06:34:41.499,1.41046,1.41075,1.32,2.82
2013.06.11 06:34:41.801,1.41049,1.41077,1.69,2.29
2013.06.11 06:34:42.407,1.4105,1.41077,1.54,2.44
2013.06.11 06:34:42.699,1.41055,1.4108,2.25,3.57
2013.06.11 06:34:42.819,1.41055,1.4108,1.50,1.32
2013.06.11 06:34:42.880,1.41053,1.41081,3.57,1.32
2013.06.11 06:34:43.003,1.41058,1.41081,1.69,1.50
2013.06.11 06:34:43.191,1.41054,1.41081,1.69,1.69
2013.06.11 06:34:43.370,1.41051,1.4108,1.54,2.44
2013.06.11 06:34:44.909,1.41051,1.41079,1.54,2.44
2013.06.11 06:34:45.484,1.41052,1.41083,1.69,2.44
2013.06.11 06:34:51.139,1.41053,1.41082,1.69,2.44
2013.06.11 06:34:51.680,1.41055,1.41085,1.69,2.29
2013.06.11 06:34:52.161,1.41056,1.41084,1.69,1.54
2013.06.11 06:34:59.399,1.41056,1.41082,1.69,1.69
2013.06.11 06:34:59.699,1.4105,1.41078,1.69,3.04
2013.06.11 06:35:01.309,1.41048,1.41077,2.44,1.69
2013.06.11 06:35:01.620,1.41051,1.41076,1.50,1.69
2013.06.11 06:35:03.141,1.41053,1.41078,1.69,1.54
2013.06.11 06:35:03.940,1.41054,1.41078,1.69,2.29
2013.06.11 06:35:04.500,1.41054,1.41078,1.69,2.29
2013.06.11 06:35:04.750,1.41051,1.41075,1.69,1.69
2013.06.11 06:35:05.073,1.41049,1.41073,1.69,1.54
2013.06.11 06:35:05.429,1.41047,1.41072,1.32,2.29
2013.06.11 06:35:06.068,1.41046,1.41072,1.69,2.29
2013.06.11 06:35:06.621,1.41046,1.41069,1.69,1.50
2013.06.11 06:35:07.250,1.41046,1.41071,1.69,2.29
2013.06.11 06:35:08.539,1.41059,1.41071,1.50,1.54
2013.06.11 06:35:10.199,1.41051,1.41076,2.44,3.04
2013.06.11 06:35:10.319,1.41051,1.41076,2.44,3.04
2013.06.11 06:35:10.632,1.41051,1.41076,3.19,3.04
2013.06.11 06:35:11.465,1.41051,1.41076,2.33,3.04
2013.06.11 06:35:12.979,1.4105,1.41074,1.69,1.69
2013.06.11 06:35:13.480,1.41048,1.41074,1.69,1.69
2013.06.11 06:35:14.550,1.41048,1.41076,1.69,2.67
2013.06.11 06:35:15.040,1.41048,1.41069,1.69,2.10
2013.06.11 06:35:15.159,1.41047,1.41069,2.07,2.85
2013.06.11 06:35:15.279,1.41045,1.41066,1.69,1.35
2013.06.11 06:35:15.400,1.41045,1.41066,1.69,1.35
2013.06.11 06:35:15.640,1.41046,1.41068,1.35,1.32
2013.06.11 06:35:15.700,1.41046,1.4107,1.73,1.32
2013.06.11 06:35:15.999,1.41048,1.41074,1.69,1.32
2013.06.11 06:35:16.300,1.41048,1.41073,1.69,1.50
2013.06.11 06:35:18.409,1.41047,1.41073,1.54,1.69
2013.06.11 06:35:18.530,1.41047,1.41073,1.54,1.69
2013.06.11 06:35:18.890,1.41045,1.41069,2.44,1.69
2013.06.11 06:35:19.010,1.41045,1.41068,1.32,1.69
2013.06.11 06:35:19.531,1.41041,1.41068,2.29,3.57
2013.06.11 06:35:20.070,1.41041,1.41067,2.29,1.50
2013.06.11 06:35:20.613,1.41041,1.41068,2.29,2.07
2013.06.11 06:35:21.209,1.41042,1.41069,2.44,1.32
2013.06.11 06:35:21.756,1.41045,1.4107,1.17,1.32
2013.06.11 06:35:22.198,1.41047,1.41071,1.54,1.32
2013.06.11 06:35:24.779,1.41045,1.41071,1.69,2.44
2013.06.11 06:35:24.840,1.41044,1.41071,1.32,2.44
2013.06.11 06:35:25.079,1.41042,1.41068,1.92,2.44
2013.06.11 06:35:25.381,1.41046,1.41071,2.07,2.44
2013.06.11 06:35:25.500,1.41046,1.4107,2.07,1.69
2013.06.11 06:35:25.879,1.4105,1.41072,2.07,1.35
2013.06.11 06:35:26.070,1.41051,1.41073,1.32,1.50
2013.06.11 06:35:26.961,1.41051,1.41073,1.32,2.25
2013.06.11 06:35:27.079,1.41051,1.41071,1.32,1.50
2013.06.11 06:35:28.629,1.41051,1.41074,2.07,2.44
2013.06.11 06:35:29.290,1.41051,1.41074,2.07,3.19
2013.06.11 06:35:30.810,1.41051,1.41073,1.88,2.44
2013.06.11 06:35:34.681,1.41051,1.41072,1.13,2.44
2013.06.11 06:35:36.319,1.41051,1.41072,1.13,1.69
2013.06.11 06:35:36.863,1.41051,1.41072,1.13,1.69
2013.06.11 06:35:38.312,1.41051,1.41072,1.13,1.69
2013.06.11 06:35:42.639,1.41051,1.41071,1.13,1.69
2013.06.11 06:35:42.820,1.41045,1.41065,1.50,1.50
2013.06.11 06:35:43.001,1.41038,1.41062,1.69,1.50
2013.06.11 06:35:43.061,1.41034,1.41061,1.32,2.44
2013.06.11 06:35:43.188,1.41034,1.41059,1.13,1.69
2013.06.11 06:35:43.253,1.41036,1.41059,1.92,1.69
2013.06.11 06:35:43.680,1.41034,1.41061,1.69,3.19
2013.06.11 06:35:45.002,1.41034,1.41058,1.50,1.69
2013.06.11 06:35:47.631,1.41035,1.41057,1.50,1.69
2013.06.11 06:35:48.407,1.41035,1.41057,1.50,1.69
2013.06.11 06:35:48.739,1.41035,1.41057,1.50,1.69
2013.06.11 06:35:51.001,1.41034,1.41056,1.50,2.44
2013.06.11 06:35:51.973,1.41034,1.41056,1.50,1.69
2013.06.11 06:35:53.720,1.41034,1.41056,1.50,1.69
2013.06.11 06:35:54.050,1.41034,1.41056,1.50,2.44
2013.06.11 06:35:55.740,1.41034,1.41056,1.50,1.69
2013.06.11 06:35:56.550,1.41034,1.41057,1.50,1.69
2013.06.11 06:36:00.101,1.41035,1.41061,1.69,1.69
2013.06.11 06:36:00.161,1.41035,1.41063,1.69,2.44
2013.06.11 06:36:00.339,1.41036,1.41064,1.69,1.69
2013.06.11 06:36:00.520,1.41036,1.41064,1.69,1.69
2013.06.11 06:36:01.234,1.41036,1.41065,1.69,2.44
2013.06.11 06:36:02.970,1.41036,1.41066,2.44,1.69
2013.06.11 06:36:04.490,1.41038,1.41068,2.44,2.44
2013.06.11 06:36:05.729,1.41038,1.41068,3.19,2.44
2013.06.11 06:36:06.692,1.41038,1.41062,1.69,1.35
2013.06.11 06:36:06.811,1.41036,1.41062,1.69,2.29
2013.06.11 06:36:07.175,1.41041,1.41067,1.35,3.19
2013.06.11 06:36:07.253,1.41041,1.41069,1.69,1.69
2013.06.11 06:36:07.502,1.41046,1.41071,2.07,1.54
2013.06.11 06:36:08.040,1.41049,1.41069,1.69,1.50
2013.06.11 06:36:08.339,1.41046,1.4107,2.10,1.69
2013.06.11 06:36:08.400,1.41046,1.41069,2.10,1.69
2013.06.11 06:36:09.280,1.41046,1.4107,1.35,1.32
2013.06.11 06:36:09.841,1.41046,1.41069,1.35,1.69
2013.06.11 06:36:10.551,1.41046,1.41069,1.35,2.07
2013.06.11 06:36:10.670,1.41044,1.41069,1.54,2.07
2013.06.11 06:36:10.730,1.41043,1.41069,1.69,2.07
2013.06.11 06:36:10.911,1.41042,1.41065,1.32,2.10
2013.06.11 06:36:11.151,1.41035,1.41061,1.69,1.32
2013.06.11 06:36:11.331,1.41034,1.41064,3.19,1.54
2013.06.11 06:36:11.691,1.41042,1.41069,1.50,1.69
2013.06.11 06:36:11.750,1.4104,1.41069,1.54,2.44
2013.06.11 06:36:11.990,1.41042,1.41069,1.69,1.69
2013.06.11 06:36:12.350,1.41041,1.41065,1.69,1.69
2013.06.11 06:36:12.410,1.41041,1.41065,1.69,1.69
2013.06.11 06:36:12.711,1.41035,1.41063,2.44,1.69
2013.06.11 06:36:13.071,1.41031,1.41061,1.69,3.19
2013.06.11 06:36:13.312,1.41032,1.41058,1.69,2.44
2013.06.11 06:36:13.792,1.41029,1.41054,1.69,2.29
2013.06.11 06:36:13.971,1.4103,1.41052,1.50,1.17
2013.06.11 06:36:14.509,1.4103,1.41052,1.50,1.17
2013.06.11 06:36:15.249,1.4103,1.41051,1.69,1.17
2013.06.11 06:36:15.795,1.4103,1.41053,2.44,1.32
2013.06.11 06:36:16.053,1.41029,1.41052,2.44,1.32
2013.06.11 06:36:16.540,1.41028,1.41055,3.19,1.17
2013.06.11 06:36:17.439,1.41027,1.41054,1.69,3.04
2013.06.11 06:36:17.975,1.41027,1.41053,1.69,1.32
2013.06.11 06:36:19.504,1.41027,1.41053,1.69,1.69
2013.06.11 06:36:20.110,1.41028,1.41053,2.07,1.69
2013.06.11 06:36:20.170,1.41029,1.41054,1.54,1.32
2013.06.11 06:36:20.710,1.41032,1.41057,2.29,1.69
2013.06.11 06:36:20.770,1.41032,1.4106,2.29,2.44
2013.06.11 06:36:22.231,1.41032,1.41057,1.54,1.69
2013.06.11 06:36:25.140,1.41032,1.41057,2.29,1.69
2013.06.11 06:36:26.331,1.41032,1.41058,3.04,1.69
2013.06.11 06:36:30.563,1.41032,1.4106,1.54,2.44
2013.06.11 06:36:32.532,1.41026,1.41055,1.54,1.69
2013.06.11 06:36:33.140,1.41027,1.41056,1.69,1.69
2013.06.11 06:36:34.689,1.41027,1.41057,1.69,1.69
2013.06.11 06:36:35.163,1.41027,1.41057,1.69,1.69
2013.06.11 06:36:35.350,1.41026,1.41054,1.54,1.69
2013.06.11 06:36:35.949,1.41028,1.41056,2.44,1.69
2013.06.11 06:36:36.694,1.41026,1.41053,1.54,1.69
2013.06.11 06:36:36.819,1.41026,1.41052,1.54,1.32
2013.06.11 06:36:37.339,1.41023,1.41051,2.29,1.69
2013.06.11 06:36:39.763,1.41022,1.41048,1.17,1.69
2013.06.11 06:36:40.103,1.41024,1.4105,2.44,2.44
2013.06.11 06:36:40.410,1.41029,1.4105,2.44,1.50
2013.06.11 06:36:40.470,1.41029,1.41052,2.44,2.85
2013.06.11 06:36:40.530,1.41027,1.41052,1.69,2.10
2013.06.11 06:36:40.592,1.41026,1.41052,2.44,2.10
2013.06.11 06:36:40.902,1.41032,1.41055,1.13,2.03
2013.06.11 06:36:41.079,1.41027,1.41055,2.48,1.69
2013.06.11 06:36:41.260,1.41031,1.41057,2.07,1.69
2013.06.11 06:36:41.560,1.41037,1.41059,1.13,1.69
2013.06.11 06:36:42.231,1.41037,1.41059,1.50,2.44
2013.06.11 06:36:42.491,1.41037,1.41058,1.50,1.69
2013.06.11 06:36:42.860,1.41036,1.41057,1.73,1.50
2013.06.11 06:36:43.140,1.41036,1.41057,1.73,1.69
2013.06.11 06:36:43.261,1.41034,1.41058,1.13,1.32
2013.06.11 06:36:43.380,1.41034,1.41055,1.88,1.50
2013.06.11 06:36:43.501,1.41033,1.4106,2.29,2.07
2013.06.11 06:36:43.562,1.41033,1.4106,1.54,1.32
2013.06.11 06:36:43.864,1.41032,1.41059,2.07,2.25
2013.06.11 06:36:44.170,1.41034,1.41061,1.92,1.69
2013.06.11 06:36:44.230,1.41034,1.41061,2.67,1.69
2013.06.11 06:36:44.481,1.41036,1.41063,2.44,1.69
2013.06.11 06:36:44.999,1.41037,1.41064,1.69,1.54
2013.06.11 06:36:45.525,1.41037,1.41064,1.69,1.54
2013.06.11 06:36:46.053,1.41036,1.41064,2.25,1.54
2013.06.11 06:36:47.980,1.41036,1.41063,2.44,1.69
2013.06.11 06:36:51.420,1.41037,1.41064,1.69,1.54
2013.06.11 06:36:51.540,1.41035,1.41063,2.07,1.69
2013.06.11 06:36:52.750,1.41035,1.41062,2.07,1.69
2013.06.11 06:36:53.089,1.41035,1.41062,1.32,1.69
2013.06.11 06:36:53.270,1.41035,1.41062,2.07,1.69
2013.06.11 06:36:53.930,1.41034,1.41061,2.67,1.69
2013.06.11 06:36:54.280,1.41035,1.4106,1.69,1.69
2013.06.11 06:36:54.760,1.41038,1.41063,1.69,1.69
2013.06.11 06:36:55.649,1.41039,1.41064,2.44,2.29
2013.06.11 06:36:55.921,1.41039,1.41061,1.69,1.69
2013.06.11 06:36:56.219,1.41033,1.4106,2.07,1.69
2013.06.11 06:36:56.279,1.41033,1.4106,1.69,1.69
2013.06.11 06:36:56.399,1.4103,1.41059,1.69,1.69
2013.06.11 06:36:56.466,1.41028,1.41051,2.07,1.50
2013.06.11 06:36:56.530,1.41023,1.4105,1.69,1.32
2013.06.11 06:36:56.649,1.41025,1.41051,2.29,1.32
2013.06.11 06:36:56.710,1.41027,1.41052,1.54,2.07
2013.06.11 06:36:57.501,1.4103,1.41059,2.44,2.44
2013.06.11 06:36:57.679,1.4103,1.4106,3.19,1.69
2013.06.11 06:37:00.941,1.41031,1.41061,2.44,1.54
2013.06.11 06:37:02.210,1.41029,1.41059,2.29,1.69
2013.06.11 06:37:03.180,1.4103,1.4106,1.69,2.25
2013.06.11 06:37:03.300,1.41031,1.4106,1.50,1.69
2013.06.11 06:37:03.720,1.41034,1.41064,1.69,1.69
2013.06.11 06:37:03.780,1.41036,1.41064,1.69,1.69
2013.06.11 06:37:04.420,1.41033,1.41043,1.50,1.50
2013.06.11 06:37:04.480,1.41032,1.41042,1.50,1.13
2013.06.11 06:37:04.600,1.41024,1.41039,1.13,1.54
2013.06.11 06:37:04.660,1.41011,1.41038,3.19,1.32
2013.06.11 06:37:04.779,1.41011,1.41037,1.69,1.69
2013.06.11 06:37:04.900,1.41011,1.41037,1.69,1.69
2013.06.11 06:37:04.960,1.41013,1.41041,1.54,1.69
2013.06.11 06:37:05.470,1.41013,1.41043,2.29,1.69
2013.06.11 06:37:07.929,1.41011,1.41039,3.19,3.04
2013.06.11 06:37:07.989,1.41011,1.41036,1.69,1.17
2013.06.11 06:37:09.259,1.41009,1.41036,1.13,2.29
2013.06.11 06:37:09.682,1.41011,1.41036,1.69,1.54
2013.06.11 06:37:10.111,1.41012,1.41037,1.69,2.07
2013.06.11 06:37:10.291,1.41003,1.41024,2.44,1.32
2013.06.11 06:37:10.471,1.41,1.41025,1.69,1.69
2013.06.11 06:37:10.532,1.40999,1.41024,2.44,1.69
2013.06.11 06:37:11.139,1.41,1.41024,2.29,1.69
2013.06.11 06:37:11.570,1.41,1.41027,2.29,3.19
2013.06.11 06:37:13.670,1.41,1.41026,2.48,1.69
2013.06.11 06:37:14.309,1.41,1.41025,2.48,1.69
2013.06.11 06:37:14.870,1.41,1.41023,2.48,1.69
2013.06.11 06:37:14.930,1.41004,1.41023,1.50,1.50
2013.06.11 06:37:15.051,1.41009,1.41028,1.13,2.63
2013.06.11 06:37:15.229,1.41002,1.41027,1.92,1.69
2013.06.11 06:37:15.290,1.41001,1.41027,1.17,2.82
2013.06.11 06:37:15.850,1.41002,1.41028,2.29,2.07
2013.06.11 06:37:16.529,1.41003,1.41028,2.44,2.07
2013.06.11 06:37:21.100,1.41003,1.41028,1.69,2.07
2013.06.11 06:37:21.650,1.41006,1.41027,1.50,2.07
2013.06.11 06:37:22.011,1.41011,1.41034,1.69,1.50
2013.06.11 06:37:22.072,1.41011,1.41037,1.69,1.32
2013.06.11 06:37:22.190,1.41012,1.41038,1.50,2.82
2013.06.11 06:37:22.551,1.40999,1.41024,1.32,1.50
2013.06.11 06:37:22.729,1.40997,1.41024,2.07,1.69
2013.06.11 06:37:23.271,1.40997,1.41022,2.07,1.50
2013.06.11 06:37:24.451,1.40997,1.41023,2.63,2.44
2013.06.11 06:37:25.579,1.40997,1.41023,1.13,3.94
2013.06.11 06:37:26.115,1.40997,1.41023,2.07,1.69
2013.06.11 06:37:26.419,1.40998,1.41023,1.32,1.69
2013.06.11 06:37:26.728,1.41008,1.41036,1.69,1.69
2013.06.11 06:37:26.792,1.41007,1.41036,1.69,1.69
2013.06.11 06:37:28.200,1.41006,1.41034,2.67,1.69
2013.06.11 06:37:29.735,1.4101,1.41035,1.69,1.50
2013.06.11 06:37:30.040,1.41024,1.41048,2.10,1.69
2013.06.11 06:37:30.279,1.41018,1.41047,2.29,1.69
2013.06.11 06:37:30.400,1.41023,1.41047,2.10,1.69
2013.06.11 06:37:30.520,1.41026,1.41052,1.17,1.69
2013.06.11 06:37:30.580,1.41026,1.41053,1.92,2.44
2013.06.11 06:37:30.700,1.41026,1.41052,1.17,1.69
2013.06.11 06:37:30.760,1.41023,1.41049,3.04,1.69
2013.06.11 06:37:30.824,1.41023,1.41049,2.29,1.69
2013.06.11 06:37:31.640,1.41023,1.41046,2.29,1.69
2013.06.11 06:37:32.120,1.4102,1.41046,1.32,1.69
2013.06.11 06:37:32.182,1.41019,1.41046,1.17,1.69
2013.06.11 06:37:32.540,1.4102,1.41047,1.32,2.44
2013.06.11 06:37:33.544,1.4102,1.41048,1.32,2.44
2013.06.11 06:37:34.102,1.41022,1.41051,1.69,1.69
2013.06.11 06:37:34.416,1.41022,1.41048,1.69,1.69
2013.06.11 06:37:35.892,1.41016,1.41045,2.44,2.44
2013.06.11 06:37:36.310,1.41014,1.41043,3.79,1.69
2013.06.11 06:37:37.630,1.41022,1.41043,2.10,1.69
2013.06.11 06:37:37.690,1.41022,1.41046,2.29,1.69
2013.06.11 06:37:38.251,1.4102,1.41046,1.69,1.69
2013.06.11 06:37:38.430,1.41023,1.41047,1.99,1.50
2013.06.11 06:37:38.732,1.41028,1.41052,1.17,1.69
2013.06.11 06:37:39.438,1.41028,1.41052,1.17,2.44
2013.06.11 06:37:39.742,1.41029,1.41054,2.67,3.19
2013.06.11 06:37:40.684,1.41027,1.41052,1.32,3.04
2013.06.11 06:37:40.810,1.41024,1.41049,1.69,2.44
2013.06.11 06:37:40.872,1.41023,1.4105,1.32,1.69
2013.06.11 06:37:42.370,1.41019,1.4105,3.19,1.69
2013.06.11 06:37:42.909,1.4102,1.41049,1.69,1.69
2013.06.11 06:37:43.881,1.4102,1.41049,1.69,2.44
2013.06.11 06:37:46.931,1.41023,1.41046,1.32,1.69
2013.06.11 06:37:47.290,1.41014,1.41039,1.69,1.69
2013.06.11 06:37:47.410,1.41011,1.41039,1.69,3.19
2013.06.11 06:37:48.071,1.41009,1.41039,3.42,3.19
2013.06.11 06:37:49.111,1.4101,1.41039,1.92,1.69
2013.06.11 06:37:49.170,1.4102,1.4104,2.48,1.69
2013.06.11 06:37:49.231,1.41023,1.41042,1.13,1.50
2013.06.11 06:37:49.290,1.41023,1.41043,1.13,1.50
2013.06.11 06:37:49.350,1.41023,1.41046,1.32,3.57
2013.06.11 06:37:49.410,1.41023,1.41046,1.32,2.07
2013.06.11 06:37:49.471,1.41022,1.41046,1.92,2.07
2013.06.11 06:37:49.531,1.41017,1.41044,1.54,1.69
2013.06.11 06:37:50.280,1.41017,1.41043,1.54,2.25
2013.06.11 06:37:50.341,1.41016,1.41042,1.35,1.69
2013.06.11 06:37:50.880,1.41015,1.41044,3.42,1.69
2013.06.11 06:37:51.182,1.4102,1.41048,1.32,2.44
2013.06.11 06:37:51.242,1.41018,1.41046,2.25,2.44
2013.06.11 06:37:51.480,1.41018,1.41045,1.32,1.69
2013.06.11 06:37:52.400,1.41019,1.41046,2.67,1.69
2013.06.11 06:37:52.701,1.41024,1.41048,2.48,1.69
2013.06.11 06:37:53.000,1.41022,1.41047,1.17,2.44
2013.06.11 06:37:53.119,1.4102,1.41047,3.04,2.44
2013.06.11 06:37:53.300,1.4102,1.41043,3.04,1.50
2013.06.11 06:37:53.941,1.41014,1.41041,1.92,1.69
2013.06.11 06:37:54.560,1.41014,1.41041,1.32,3.79
2013.06.11 06:37:54.813,1.41009,1.41041,1.54,3.79
2013.06.11 06:37:54.883,1.41008,1.41036,1.54,1.69
2013.06.11 06:37:55.004,1.41005,1.41034,1.32,1.69
2013.06.11 06:37:55.311,1.41004,1.41026,1.50,1.50
2013.06.11 06:37:56.173,1.41002,1.41025,1.69,2.25
2013.06.11 06:37:56.373,1.40999,1.41021,1.69,1.50
2013.06.11 06:37:56.440,1.40996,1.41021,3.19,1.50
2013.06.11 06:37:56.740,1.40998,1.41017,2.10,1.13
2013.06.11 06:37:56.919,1.40997,1.41021,2.29,1.69
2013.06.11 06:37:57.220,1.41002,1.41025,2.10,2.07
2013.06.11 06:37:57.730,1.41002,1.41025,2.10,1.32
2013.06.11 06:37:58.030,1.41004,1.41029,1.32,2.07
2013.06.11 06:37:58.150,1.41005,1.41029,1.35,1.32
2013.06.11 06:37:58.269,1.41003,1.41027,2.29,1.32
2013.06.11 06:37:59.441,1.41003,1.4102,2.10,1.50
2013.06.11 06:37:59.499,1.40995,1.4102,1.69,1.50
2013.06.11 06:37:59.920,1.41001,1.4102,2.10,1.69
2013.06.11 06:37:59.980,1.41001,1.41025,2.29,3.57
2013.06.11 06:38:00.942,1.40997,1.41025,2.29,2.44
2013.06.11 06:38:01.419,1.40996,1.41023,1.92,2.44
2013.06.11 06:38:02.209,1.40997,1.41022,1.17,2.82
2013.06.11 06:38:02.710,1.40997,1.41022,1.17,1.69
2013.06.11 06:38:03.530,1.40997,1.41022,1.17,1.69
2013.06.11 06:38:04.525,1.40997,1.41022,1.17,1.69
2013.06.11 06:38:04.950,1.40995,1.41018,1.32,1.54
2013.06.11 06:38:05.070,1.40992,1.41018,1.69,1.54
2013.06.11 06:38:05.372,1.40987,1.41017,1.69,2.44
2013.06.11 06:38:10.930,1.40992,1.41016,1.69,1.69
2013.06.11 06:38:11.290,1.40996,1.41018,2.85,1.69
2013.06.11 06:38:11.600,1.40996,1.41021,3.23,2.07
2013.06.11 06:38:12.168,1.40996,1.41021,3.98,1.69
2013.06.11 06:38:12.291,1.40998,1.41023,1.17,2.44
2013.06.11 06:38:12.830,1.40998,1.4102,1.17,1.32
2013.06.11 06:38:13.657,1.40998,1.4102,1.17,1.32
2013.06.11 06:38:15.213,1.40998,1.41018,1.17,1.13
2013.06.11 06:38:16.510,1.40997,1.41019,1.17,1.69
2013.06.11 06:38:16.570,1.40997,1.41021,1.17,3.57
2013.06.11 06:38:16.751,1.40998,1.41021,2.29,1.69
2013.06.11 06:38:16.810,1.40998,1.41024,1.54,1.69
2013.06.11 06:38:17.121,1.41001,1.41025,2.67,1.69
2013.06.11 06:38:17.480,1.40998,1.41016,1.32,1.50
2013.06.11 06:38:17.540,1.40994,1.41014,1.69,1.13
2013.06.11 06:38:17.601,1.40993,1.41014,2.07,1.13
2013.06.11 06:38:18.020,1.40988,1.41015,3.04,2.07
2013.06.11 06:38:23.951,1.40989,1.41016,2.29,2.63
2013.06.11 06:38:24.070,1.4099,1.41016,2.07,2.44
2013.06.11 06:38:24.131,1.40993,1.41016,1.32,1.69
2013.06.11 06:38:24.310,1.4099,1.41019,2.82,2.29
2013.06.11 06:38:24.860,1.40993,1.41017,1.32,1.69
2013.06.11 06:38:24.920,1.40996,1.4102,2.10,3.57
2013.06.11 06:38:25.040,1.40996,1.4102,2.67,1.69
2013.06.11 06:38:25.580,1.40996,1.41022,2.67,2.44
2013.06.11 06:38:26.099,1.40996,1.41023,2.67,1.69
2013.06.11 06:38:26.679,1.40996,1.41023,2.67,2.44
2013.06.11 06:38:27.839,1.40998,1.41018,1.17,1.69
2013.06.11 06:38:28.140,1.40993,1.41017,1.13,1.69
2013.06.11 06:38:28.201,1.40993,1.41016,1.13,1.69
2013.06.11 06:38:28.740,1.40991,1.41017,1.17,1.69
2013.06.11 06:38:29.100,1.40989,1.41015,1.17,2.44
2013.06.11 06:38:29.772,1.40988,1.41011,2.67,1.69
2013.06.11 06:38:30.329,1.40988,1.41009,2.67,1.50
2013.06.11 06:38:30.915,1.40988,1.41007,2.29,1.50
2013.06.11 06:38:31.460,1.40988,1.41009,2.10,1.69
2013.06.11 06:38:32.038,1.40988,1.41009,2.10,1.69
2013.06.11 06:38:34.719,1.40991,1.41012,1.35,1.69
2013.06.11 06:38:34.780,1.40991,1.41015,2.10,1.69
2013.06.11 06:38:35.211,1.40994,1.41018,1.32,1.69
2013.06.11 06:38:35.282,1.40998,1.41022,2.67,1.69
2013.06.11 06:38:36.222,1.40999,1.41023,1.17,1.69
2013.06.11 06:38:36.640,1.41001,1.41026,1.73,1.69
2013.06.11 06:38:36.701,1.41001,1.41027,1.17,1.69
2013.06.11 06:38:38.420,1.41011,1.41031,2.10,2.07
2013.06.11 06:38:38.603,1.41013,1.41031,1.54,1.13
2013.06.11 06:38:38.670,1.41013,1.41037,1.92,3.19
2013.06.11 06:38:39.571,1.41013,1.41035,1.92,1.50
2013.06.11 06:38:40.440,1.41013,1.41037,1.13,3.94
2013.06.11 06:38:40.560,1.41008,1.41033,1.54,3.19
2013.06.11 06:38:40.683,1.41008,1.41027,1.35,1.50
2013.06.11 06:38:40.810,1.41,1.41027,1.13,1.50
2013.06.11 06:38:41.050,1.41004,1.41032,2.29,3.19
2013.06.11 06:38:42.650,1.41004,1.41032,3.04,2.44
2013.06.11 06:38:42.748,1.41005,1.41032,1.54,2.44
2013.06.11 06:38:43.950,1.41004,1.41031,4.17,1.69
2013.06.11 06:38:44.251,1.41003,1.41028,3.04,1.69
2013.06.11 06:38:44.313,1.41005,1.41031,1.54,4.69
2013.06.11 06:38:44.380,1.41008,1.41031,1.50,3.94
2013.06.11 06:38:45.229,1.41008,1.4103,1.88,1.69
2013.06.11 06:38:45.570,1.41001,1.41027,1.69,1.69
2013.06.11 06:38:48.370,1.40999,1.41026,1.69,2.44
2013.06.11 06:38:48.670,1.40998,1.41023,1.69,1.50
2013.06.11 06:38:48.790,1.40994,1.4102,2.29,1.69
2013.06.11 06:38:49.031,1.40992,1.41019,2.67,2.44
2013.06.11 06:38:49.508,1.40992,1.41018,1.54,2.44
2013.06.11 06:38:49.812,1.40993,1.41017,1.92,1.69
2013.06.11 06:38:49.932,1.40994,1.41018,1.17,1.69
2013.06.11 06:38:51.420,1.40995,1.41018,1.32,3.19
2013.06.11 06:38:52.230,1.40995,1.4102,1.32,3.94
2013.06.11 06:38:52.724,1.40997,1.4102,1.35,1.69
2013.06.11 06:38:53.272,1.40996,1.41022,1.69,1.69
2013.06.11 06:38:53.340,1.40996,1.41022,2.44,1.69
2013.06.11 06:38:53.401,1.40997,1.41022,2.44,1.69
2013.06.11 06:38:53.939,1.40995,1.4102,1.69,1.50
2013.06.11 06:38:54.002,1.40992,1.4102,2.63,1.69
2013.06.11 06:38:54.240,1.40992,1.41016,1.69,1.50
2013.06.11 06:38:56.671,1.40994,1.4102,1.69,2.44
2013.06.11 06:38:57.391,1.40992,1.4102,1.69,2.44
2013.06.11 06:38:58.450,1.40993,1.41016,2.44,1.50
2013.06.11 06:38:58.510,1.40995,1.4102,1.32,1.69
2013.06.11 06:39:01.194,1.40997,1.41021,2.07,1.69
2013.06.11 06:39:01.499,1.40998,1.41022,1.32,1.69
2013.06.11 06:39:02.001,1.40998,1.41023,1.32,1.69
2013.06.11 06:39:03.351,1.41,1.41023,1.13,1.32
2013.06.11 06:39:03.470,1.40998,1.41023,1.50,1.69
2013.06.11 06:39:04.049,1.41,1.41022,1.13,1.69
2013.06.11 06:39:07.320,1.40995,1.41021,2.44,2.07
2013.06.11 06:39:07.831,1.40997,1.41023,1.69,1.69
2013.06.11 06:39:10.771,1.40997,1.41022,1.69,2.44
2013.06.11 06:39:12.161,1.40997,1.41022,2.44,2.44
2013.06.11 06:39:12.521,1.41,1.41027,2.44,1.69
2013.06.11 06:39:12.700,1.41001,1.41029,1.69,1.32
2013.06.11 06:39:13.120,1.41003,1.41029,2.44,1.50
2013.06.11 06:39:16.092,1.41003,1.41032,2.44,3.79
2013.06.11 06:39:18.621,1.41003,1.41028,2.29,1.69
2013.06.11 06:39:18.826,1.40999,1.41026,1.54,1.69
2013.06.11 06:39:19.034,1.40996,1.41023,2.29,1.69
2013.06.11 06:39:19.812,1.40995,1.41022,2.44,1.69
2013.06.11 06:39:19.870,1.40996,1.41022,1.69,2.44
2013.06.11 06:39:20.469,1.40997,1.41022,1.50,2.44
2013.06.11 06:39:21.491,1.40995,1.41022,3.19,1.69
2013.06.11 06:39:21.850,1.40999,1.41024,1.69,1.54
2013.06.11 06:39:22.210,1.40995,1.41024,2.44,1.54
2013.06.11 06:39:24.240,1.40993,1.41023,3.79,2.44
2013.06.11 06:39:24.789,1.40993,1.41022,1.54,2.44
2013.06.11 06:39:25.710,1.40993,1.41017,2.29,1.50
2013.06.11 06:39:25.770,1.40993,1.41013,1.35,1.50
2013.06.11 06:39:25.834,1.40992,1.41013,1.35,2.25
2013.06.11 06:39:25.969,1.40986,1.4101,2.29,1.50
2013.06.11 06:39:26.047,1.40985,1.4101,2.10,2.25
2013.06.11 06:39:26.183,1.40989,1.4101,2.29,1.69
2013.06.11 06:39:26.301,1.40989,1.41014,2.29,1.69
2013.06.11 06:39:30.089,1.40989,1.4101,2.29,1.50
2013.06.11 06:39:31.122,1.40989,1.41008,2.29,1.50
2013.06.11 06:39:31.434,1.40986,1.41004,2.29,1.50
2013.06.11 06:39:32.151,1.40986,1.41004,2.29,1.50
2013.06.11 06:39:32.332,1.40979,1.41,2.48,1.50
2013.06.11 06:39:32.511,1.40979,1.41,1.17,1.50
2013.06.11 06:39:32.870,1.40977,1.41,2.10,1.69
2013.06.11 06:39:33.621,1.40977,1.41,2.10,2.44
2013.06.11 06:39:34.981,1.40978,1.41002,1.17,1.69
2013.06.11 06:39:35.040,1.40977,1.41002,1.35,1.69
2013.06.11 06:39:35.990,1.40978,1.41002,1.35,1.69
2013.06.11 06:39:41.272,1.40978,1.41002,1.35,1.50
2013.06.11 06:39:41.800,1.40977,1.41001,1.35,1.50
2013.06.11 06:39:41.882,1.40977,1.41001,1.73,2.25
2013.06.11 06:39:42.324,1.40978,1.41001,1.54,2.25
2013.06.11 06:39:42.591,1.40978,1.41004,2.10,2.44
2013.06.11 06:39:42.650,1.40978,1.41004,2.10,1.69
2013.06.11 06:39:44.119,1.40982,1.41005,2.29,1.69
2013.06.11 06:39:44.240,1.40982,1.41007,2.29,1.69
2013.06.11 06:39:47.214,1.40982,1.41008,2.29,1.69
2013.06.11 06:39:51.910,1.40985,1.41009,1.35,1.69
2013.06.11 06:39:52.030,1.40982,1.4101,3.04,1.69
2013.06.11 06:39:52.381,1.40982,1.4101,2.29,1.69
2013.06.11 06:39:53.150,1.40984,1.41008,1.54,1.69
2013.06.11 06:39:56.230,1.40982,1.41009,3.04,2.44
2013.06.11 06:40:00.451,1.40984,1.4101,1.54,1.50
2013.06.11 06:40:00.630,1.40985,1.41013,1.73,3.19
2013.06.11 06:40:00.990,1.40985,1.4101,1.73,1.50
2013.06.11 06:40:01.710,1.40985,1.41011,1.13,1.69
2013.06.11 06:40:02.939,1.40986,1.41012,1.13,2.44
2013.06.11 06:40:05.030,1.40985,1.41012,1.13,1.69
2013.06.11 06:40:06.103,1.40985,1.41012,1.13,1.69
2013.06.11 06:40:07.440,1.40987,1.4101,1.17,2.44
2013.06.11 06:40:11.599,1.40986,1.4101,1.73,2.44
2013.06.11 06:40:15.190,1.40987,1.4101,1.92,2.44
2013.06.11 06:40:15.491,1.4099,1.41011,2.48,2.44
2013.06.11 06:40:17.429,1.4099,1.41011,2.67,2.44
2013.06.11 06:40:23.360,1.4099,1.4101,2.48,1.69
2013.06.11 06:40:27.047,1.40991,1.41014,1.17,1.69
2013.06.11 06:40:30.950,1.40991,1.41014,1.92,1.69
2013.06.11 06:40:31.498,1.4099,1.41014,2.67,2.44
2013.06.11 06:40:31.910,1.40992,1.41014,1.17,1.50
2013.06.11 06:40:32.621,1.40993,1.41014,2.67,1.13
2013.06.11 06:40:34.022,1.40994,1.41014,1.17,1.50
2013.06.11 06:40:34.150,1.40998,1.41014,2.10,1.50
2013.06.11 06:40:34.211,1.41001,1.41018,1.17,1.13
2013.06.11 06:40:34.341,1.41001,1.41025,1.17,3.57
2013.06.11 06:40:34.701,1.40998,1.41017,3.04,1.13
2013.06.11 06:40:34.943,1.40996,1.41018,1.73,1.32
2013.06.11 06:40:35.420,1.40997,1.41017,1.35,1.50
2013.06.11 06:40:35.481,1.41002,1.4102,2.10,1.69
2013.06.11 06:40:35.780,1.41002,1.41029,1.92,1.69
2013.06.11 06:40:35.901,1.41011,1.41029,1.32,1.69
2013.06.11 06:40:36.141,1.41012,1.41035,1.69,1.17
2013.06.11 06:40:36.201,1.41013,1.41039,1.88,1.69
2013.06.11 06:40:36.321,1.41015,1.41039,2.48,1.69
2013.06.11 06:40:36.381,1.41013,1.41039,1.32,1.69
2013.06.11 06:40:36.622,1.41009,1.41033,2.10,1.69
2013.06.11 06:40:36.680,1.41005,1.41033,2.07,1.69
2013.06.11 06:40:36.924,1.41003,1.41027,2.82,2.44
2013.06.11 06:40:37.231,1.41003,1.41029,3.04,2.07
2013.06.11 06:40:37.471,1.41002,1.41025,2.44,1.13
2013.06.11 06:40:37.530,1.41001,1.41025,1.50,1.32
2013.06.11 06:40:37.651,1.41,1.41023,2.10,1.69
2013.06.11 06:40:37.950,1.41001,1.41027,1.54,2.44
2013.06.11 06:40:38.550,1.41002,1.4103,1.54,3.19
2013.06.11 06:40:41.102,1.41002,1.4103,2.29,1.69
2013.06.11 06:40:41.463,1.41004,1.41032,3.19,1.69
2013.06.11 06:40:41.651,1.41007,1.41036,2.44,2.67
2013.06.11 06:40:41.771,1.41009,1.41036,2.44,2.67
2013.06.11 06:40:42.860,1.41012,1.41039,1.69,1.54
2013.06.11 06:40:43.161,1.41016,1.41043,1.32,1.69
2013.06.11 06:40:43.222,1.41014,1.41042,1.32,1.69
2013.06.11 06:40:43.280,1.41012,1.41039,2.44,1.69
2013.06.11 06:40:45.920,1.41012,1.41039,1.69,1.69
2013.06.11 06:40:46.082,1.4101,1.41035,1.54,3.75
2013.06.11 06:40:46.144,1.41009,1.41035,2.10,3.94
2013.06.11 06:40:46.213,1.41009,1.41032,1.54,1.69
2013.06.11 06:40:46.577,1.41008,1.41029,2.10,1.69
2013.06.11 06:40:46.642,1.41008,1.4103,2.10,1.69
2013.06.11 06:40:46.702,1.41006,1.41024,1.13,1.50
2013.06.11 06:40:46.761,1.41006,1.41024,1.13,2.25
2013.06.11 06:40:46.822,1.40999,1.41019,1.69,1.13
2013.06.11 06:40:46.880,1.40994,1.41019,2.29,1.32
2013.06.11 06:40:46.941,1.40997,1.4102,2.10,1.32
2013.06.11 06:40:47.000,1.40997,1.41022,2.29,2.44
2013.06.11 06:40:47.551,1.40996,1.41025,2.25,1.69
2013.06.11 06:40:48.420,1.41011,1.41029,1.32,2.44
2013.06.11 06:40:48.782,1.41003,1.41028,1.50,2.44
2013.06.11 06:40:48.853,1.41003,1.41028,1.50,3.19
2013.06.11 06:40:48.921,1.41,1.41025,1.73,2.44
2013.06.11 06:40:50.951,1.41001,1.41025,1.17,1.69
2013.06.11 06:40:51.013,1.41003,1.41027,1.17,1.69
2013.06.11 06:40:52.189,1.41003,1.41029,1.92,3.94
2013.06.11 06:40:54.640,1.41003,1.41029,2.29,3.00
2013.06.11 06:40:55.000,1.41016,1.4104,1.13,1.69
2013.06.11 06:40:55.060,1.41016,1.41042,1.32,2.07
2013.06.11 06:40:55.120,1.41016,1.41042,1.32,2.44
2013.06.11 06:40:55.240,1.41016,1.4104,1.32,1.54
2013.06.11 06:40:55.600,1.41009,1.4103,1.69,1.50
2013.06.11 06:40:55.660,1.41005,1.4103,1.69,1.69
2013.06.11 06:40:55.781,1.41003,1.41028,1.69,2.44
2013.06.11 06:40:55.900,1.41001,1.41028,1.32,2.44
2013.06.11 06:40:55.960,1.41,1.41024,1.32,1.69
2013.06.11 06:40:56.492,1.40996,1.41024,2.25,1.69
2013.06.11 06:40:58.569,1.40997,1.41024,1.13,1.69
2013.06.11 06:40:58.750,1.41004,1.41029,1.13,2.44
2013.06.11 06:41:00.740,1.41004,1.4103,1.88,2.44
2013.06.11 06:41:01.150,1.41008,1.41031,1.32,1.69
2013.06.11 06:41:01.451,1.41016,1.41037,1.13,1.69
2013.06.11 06:41:01.510,1.41009,1.41036,2.44,2.44
2013.06.11 06:41:01.570,1.41008,1.41033,1.69,2.44
2013.06.11 06:41:02.110,1.41006,1.41033,1.69,2.44
2013.06.11 06:41:02.610,1.41006,1.41031,1.69,2.25
2013.06.11 06:41:03.122,1.41004,1.41031,3.04,2.44
2013.06.11 06:41:06.430,1.41009,1.41031,1.32,1.50
2013.06.11 06:41:06.791,1.41016,1.41038,1.32,1.50
2013.06.11 06:41:07.155,1.41005,1.41027,1.20,1.69
2013.06.11 06:41:07.221,1.41005,1.41027,1.20,1.69
2013.06.11 06:41:07.400,1.41003,1.41028,1.13,1.69
2013.06.11 06:41:08.901,1.41003,1.41025,1.13,2.44
2013.06.11 06:41:09.482,1.41001,1.41019,1.13,1.69
2013.06.11 06:41:09.542,1.40998,1.41019,1.13,2.44
2013.06.11 06:41:10.080,1.40996,1.4102,1.13,2.44
2013.06.11 06:41:11.591,1.40997,1.41019,1.13,1.69
2013.06.11 06:41:15.430,1.40997,1.41018,1.88,1.69
2013.06.11 06:41:15.790,1.40999,1.41018,1.13,1.69
2013.06.11 06:41:18.421,1.40997,1.41019,1.50,1.69
2013.06.11 06:41:22.161,1.41,1.41016,1.13,1.69
2013.06.11 06:41:22.462,1.41008,1.41025,1.13,3.94
2013.06.11 06:41:22.581,1.41011,1.41032,1.13,2.44
2013.06.11 06:41:24.070,1.41007,1.41033,1.50,1.69
2013.06.11 06:41:25.720,1.41007,1.4103,1.13,1.54
2013.06.11 06:41:25.780,1.41005,1.41025,1.50,1.69
2013.06.11 06:41:26.020,1.41,1.41023,1.69,1.69
2013.06.11 06:41:27.080,1.40998,1.41024,2.85,1.69
2013.06.11 06:41:27.201,1.40999,1.41024,1.69,1.69
2013.06.11 06:41:27.630,1.40999,1.41023,1.69,1.69
2013.06.11 06:41:28.592,1.41,1.41021,1.50,1.69
2013.06.11 06:41:31.139,1.41,1.41021,2.25,1.69
2013.06.11 06:41:31.681,1.41,1.41021,2.25,1.69
2013.06.11 06:41:34.790,1.41001,1.41021,1.50,1.69
2013.06.11 06:41:37.098,1.41001,1.41021,1.50,1.69
2013.06.11 06:41:41.600,1.41,1.41021,1.50,1.69
2013.06.11 06:41:43.642,1.41,1.41023,1.50,1.69
2013.06.11 06:41:45.221,1.41,1.41023,1.50,1.69
2013.06.11 06:41:45.982,1.41001,1.41022,1.50,1.69
2013.06.11 06:41:46.693,1.41001,1.41022,1.50,1.69
2013.06.11 06:41:47.250,1.41001,1.41022,1.50,1.69
2013.06.11 06:41:47.461,1.41,1.41021,2.44,1.69
2013.06.11 06:41:47.681,1.41,1.41021,1.69,1.69
2013.06.11 06:41:48.269,1.41,1.41021,1.69,1.69
2013.06.11 06:41:48.571,1.41007,1.41025,1.13,1.69
2013.06.11 06:41:48.751,1.41014,1.41034,1.32,1.32
2013.06.11 06:41:48.811,1.41015,1.41034,1.35,2.44
2013.06.11 06:41:48.872,1.41021,1.41035,1.32,1.50
2013.06.11 06:41:49.172,1.41015,1.41038,1.35,1.69
2013.06.11 06:41:49.291,1.41016,1.4104,1.32,3.19
2013.06.11 06:41:49.352,1.41013,1.4104,1.50,2.44
2013.06.11 06:41:49.471,1.41011,1.41035,1.50,1.69
2013.06.11 06:41:49.841,1.41011,1.4103,1.50,1.69
2013.06.11 06:41:50.080,1.41003,1.41026,2.44,3.94
2013.06.11 06:41:50.620,1.41005,1.41026,1.50,1.69
2013.06.11 06:41:52.094,1.41004,1.41024,1.69,1.69
2013.06.11 06:41:52.170,1.40998,1.41021,1.50,1.69
2013.06.11 06:41:52.671,1.40999,1.41022,1.50,1.69
2013.06.11 06:41:52.732,1.40997,1.41023,1.32,2.44
2013.06.11 06:41:56.484,1.41,1.41026,1.35,1.69
2013.06.11 06:42:00.490,1.41,1.41028,1.54,2.44
2013.06.11 06:42:01.044,1.40999,1.41027,1.54,2.44
2013.06.11 06:42:05.152,1.41,1.41024,2.85,1.69
2013.06.11 06:42:07.140,1.41,1.41024,1.35,1.69
2013.06.11 06:42:09.147,1.41,1.41024,1.35,1.69
2013.06.11 06:42:11.582,1.40999,1.41022,1.54,1.69
2013.06.11 06:42:12.001,1.41,1.41025,1.35,1.69
2013.06.11 06:42:12.421,1.41006,1.41026,1.50,1.69
2013.06.11 06:42:12.481,1.41006,1.41026,2.25,1.69
2013.06.11 06:42:12.600,1.4101,1.41031,1.13,3.04
2013.06.11 06:42:12.660,1.4101,1.4103,1.13,1.69
2013.06.11 06:42:12.782,1.41004,1.41022,1.50,2.07
2013.06.11 06:42:12.971,1.40997,1.41021,1.69,2.07
2013.06.11 06:42:13.510,1.41,1.41022,1.69,1.69
2013.06.11 06:42:16.419,1.40998,1.41022,3.94,1.69
2013.06.11 06:42:16.661,1.40998,1.41025,1.50,1.54
2013.06.11 06:42:16.900,1.40998,1.41025,2.25,1.54
2013.06.11 06:42:17.262,1.41006,1.41026,1.13,2.44
2013.06.11 06:42:17.321,1.41006,1.4103,1.13,1.32
2013.06.11 06:42:19.091,1.41006,1.41027,1.50,1.69
2013.06.11 06:42:21.639,1.41006,1.41026,1.50,1.69
2013.06.11 06:42:24.570,1.41005,1.41025,1.13,1.69
2013.06.11 06:42:24.812,1.40995,1.41018,1.77,2.48
2013.06.11 06:42:24.871,1.40995,1.41016,1.58,2.29
2013.06.11 06:42:24.931,1.40992,1.41016,1.20,2.67
2013.06.11 06:42:24.990,1.40991,1.41016,1.50,2.67
2013.06.11 06:42:25.540,1.40989,1.41016,2.07,1.54
2013.06.11 06:42:27.962,1.40991,1.41012,1.50,1.69
2013.06.11 06:42:32.641,1.40992,1.41012,2.63,1.69
2013.06.11 06:42:32.881,1.40993,1.41016,2.07,1.32
2013.06.11 06:42:32.941,1.40993,1.41017,2.07,1.32
2013.06.11 06:42:37.110,1.40995,1.4102,1.50,1.69
2013.06.11 06:42:38.482,1.40995,1.4102,1.50,1.69
2013.06.11 06:42:43.739,1.40995,1.41021,1.50,1.69
2013.06.11 06:42:44.291,1.40997,1.41022,2.25,1.32
2013.06.11 06:42:45.240,1.40998,1.41023,1.50,3.94
2013.06.11 06:42:46.990,1.40998,1.41023,1.50,3.19
2013.06.11 06:42:47.310,1.41004,1.41023,1.32,2.44
2013.06.11 06:42:47.492,1.41004,1.4102,1.50,1.13
2013.06.11 06:42:47.552,1.41001,1.41018,1.50,1.32
2013.06.11 06:42:47.610,1.40995,1.41018,2.44,3.42
2013.06.11 06:42:47.791,1.40994,1.41015,1.88,1.54
2013.06.11 06:42:48.091,1.40991,1.41012,2.07,2.29
2013.06.11 06:42:48.272,1.40989,1.41011,1.69,1.54
2013.06.11 06:42:48.631,1.40988,1.41014,2.07,1.54
2013.06.11 06:42:48.811,1.4099,1.41014,1.13,2.29
2013.06.11 06:42:48.931,1.40991,1.41015,1.69,1.54
2013.06.11 06:42:51.740,1.40989,1.41018,1.73,3.19
2013.06.11 06:42:52.789,1.40989,1.41018,1.73,1.69
2013.06.11 06:42:57.902,1.4099,1.41018,1.13,2.44
2013.06.11 06:42:59.234,1.4099,1.41018,1.88,3.94
2013.06.11 06:43:01.155,1.4099,1.41018,1.88,2.44
2013.06.11 06:43:01.340,1.40989,1.41019,2.85,1.69
2013.06.11 06:43:02.489,1.40993,1.41019,1.13,2.44
2013.06.11 06:43:02.800,1.40995,1.41024,1.69,1.69
2013.06.11 06:43:02.859,1.40995,1.41024,1.69,1.69
2013.06.11 06:43:07.301,1.40995,1.41021,2.07,1.69
2013.06.11 06:43:08.141,1.40998,1.41021,1.32,1.69
2013.06.11 06:43:08.440,1.41004,1.41025,1.69,1.09
2013.06.11 06:43:08.501,1.41004,1.41028,1.88,1.09
2013.06.11 06:43:08.620,1.41004,1.41026,1.69,1.09
2013.06.11 06:43:08.860,1.41004,1.41025,1.50,3.94
2013.06.11 06:43:09.040,1.40992,1.41016,2.07,1.32
2013.06.11 06:43:09.100,1.40992,1.41011,2.07,2.10
2013.06.11 06:43:09.401,1.40981,1.41,1.50,1.32
2013.06.11 06:43:09.461,1.40981,1.41003,1.88,1.32
2013.06.11 06:43:09.581,1.40988,1.41007,1.13,2.44
2013.06.11 06:43:12.692,1.40987,1.41009,2.07,1.69
2013.06.11 06:43:15.251,1.40987,1.41009,2.07,2.07
2013.06.11 06:43:16.882,1.40985,1.41008,1.32,2.44
2013.06.11 06:43:17.429,1.40984,1.41005,1.69,1.69
2013.06.11 06:43:18.661,1.40984,1.41006,1.69,1.69
2013.06.11 06:43:23.022,1.40985,1.41006,1.13,1.69
2013.06.11 06:43:23.083,1.40985,1.41004,1.50,1.69
2013.06.11 06:43:23.381,1.40982,1.41004,1.50,1.69
2013.06.11 06:43:23.561,1.40979,1.41003,2.07,1.32
2013.06.11 06:43:24.142,1.40979,1.41003,2.07,1.69
2013.06.11 06:43:24.781,1.4098,1.41003,1.50,1.69
2013.06.11 06:43:24.899,1.4098,1.41003,1.50,1.69
2013.06.11 06:43:25.650,1.40981,1.41003,1.50,1.69
2013.06.11 06:43:25.771,1.4098,1.41003,1.50,1.69
2013.06.11 06:43:26.310,1.40986,1.41008,1.13,2.44
2013.06.11 06:43:27.172,1.40986,1.41005,1.13,1.69
2013.06.11 06:43:27.302,1.40982,1.41005,2.25,1.69
2013.06.11 06:43:27.840,1.40982,1.41003,1.50,1.69
2013.06.11 06:43:28.351,1.40979,1.41004,1.32,2.07
2013.06.11 06:43:30.051,1.40982,1.41003,1.50,2.07
2013.06.11 06:43:30.171,1.40983,1.41003,1.50,1.69
2013.06.11 06:43:30.680,1.4098,1.41005,2.44,1.32
2013.06.11 06:43:31.405,1.40986,1.41007,1.13,1.69
2013.06.11 06:43:31.976,1.40986,1.41006,1.13,1.69
2013.06.11 06:43:35.763,1.40986,1.41006,1.13,1.69
2013.06.11 06:43:36.876,1.40986,1.41005,1.13,1.69
2013.06.11 06:43:37.523,1.40983,1.41002,1.88,2.44
2013.06.11 06:43:37.643,1.40983,1.41002,1.50,3.94
2013.06.11 06:43:37.711,1.40981,1.41002,1.50,4.69
2013.06.11 06:43:37.770,1.40977,1.41001,1.13,2.44
2013.06.11 06:43:37.830,1.40977,1.40999,1.13,3.19
2013.06.11 06:43:38.132,1.40977,1.40994,1.50,1.54
2013.06.11 06:43:38.194,1.40977,1.40994,1.13,1.54
2013.06.11 06:43:38.262,1.40977,1.40993,1.13,1.50
2013.06.11 06:43:38.320,1.40977,1.40993,1.13,2.44
2013.06.11 06:43:38.441,1.40969,1.40984,1.13,1.32
2013.06.11 06:43:38.620,1.40962,1.40984,1.32,1.32
2013.06.11 06:43:38.800,1.40962,1.40984,1.13,1.32
2013.06.11 06:43:38.981,1.40951,1.40975,1.69,1.50
2013.06.11 06:43:39.042,1.40951,1.40974,1.50,1.32
2013.06.11 06:43:39.401,1.40946,1.40974,1.32,1.32
2013.06.11 06:43:39.760,1.40946,1.40974,1.32,1.32
2013.06.11 06:43:39.940,1.40941,1.40969,1.69,2.07
2013.06.11 06:43:40.061,1.40941,1.40969,1.69,2.07
2013.06.11 06:43:40.120,1.40941,1.40969,1.13,3.57
2013.06.11 06:43:40.561,1.40946,1.40972,1.13,3.19
2013.06.11 06:43:45.461,1.40942,1.40966,1.13,1.69
2013.06.11 06:43:46.162,1.40942,1.40969,1.13,3.19
2013.06.11 06:43:46.280,1.40942,1.40966,1.32,1.69
2013.06.11 06:43:48.762,1.40945,1.40968,1.17,1.69
2013.06.11 06:43:48.892,1.40941,1.40967,1.32,1.69
2013.06.11 06:43:49.431,1.4094,1.40968,1.54,2.82
2013.06.11 06:43:49.611,1.40948,1.40972,1.13,2.07
2013.06.11 06:43:50.421,1.40947,1.4096,1.13,1.69
2013.06.11 06:43:50.661,1.40944,1.40957,1.13,1.32
2013.06.11 06:43:50.721,1.40938,1.40955,1.50,2.44
2013.06.11 06:43:50.841,1.40938,1.40962,1.13,1.69
2013.06.11 06:43:50.961,1.40937,1.40962,1.13,1.69
2013.06.11 06:43:51.021,1.40937,1.40962,1.13,1.69
2013.06.11 06:43:51.203,1.4094,1.40965,1.50,1.69
2013.06.11 06:43:51.262,1.40942,1.40965,1.50,1.32
2013.06.11 06:43:51.441,1.40942,1.40965,1.50,1.32
2013.06.11 06:43:51.752,1.40945,1.40968,1.50,1.32
2013.06.11 06:43:51.936,1.40946,1.40972,1.32,1.32
2013.06.11 06:43:52.004,1.40946,1.40971,1.32,1.32
2013.06.11 06:43:54.004,1.40946,1.40972,1.32,1.69
2013.06.11 06:43:56.470,1.4094,1.4097,2.29,1.54
2013.06.11 06:43:56.787,1.4094,1.40965,1.35,1.32
2013.06.11 06:43:58.782,1.40939,1.40964,1.54,1.69
2013.06.11 06:43:59.310,1.40937,1.40962,2.29,1.69
2013.06.11 06:44:00.460,1.40939,1.40961,1.50,1.69
2013.06.11 06:44:00.821,1.40946,1.40968,1.50,1.13
2013.06.11 06:44:00.880,1.40945,1.40968,1.50,1.13
2013.06.11 06:44:01.001,1.40942,1.40968,1.69,1.13
2013.06.11 06:44:01.300,1.40942,1.40969,1.69,1.92
2013.06.11 06:44:01.361,1.40945,1.40968,1.50,1.32
2013.06.11 06:44:01.421,1.40945,1.40968,1.69,1.32
2013.06.11 06:44:02.080,1.40945,1.40968,1.32,1.69
2013.06.11 06:44:03.621,1.40948,1.40969,1.50,1.69
2013.06.11 06:44:03.741,1.4095,1.40969,1.50,1.69
2013.06.11 06:44:04.040,1.40948,1.40969,1.69,1.69
2013.06.11 06:44:04.403,1.40948,1.40972,1.69,1.69
2013.06.11 06:44:05.650,1.40947,1.40972,1.69,1.69
2013.06.11 06:44:08.180,1.40947,1.40972,1.69,1.13
2013.06.11 06:44:10.530,1.40947,1.40971,1.69,1.13
2013.06.11 06:44:18.040,1.40949,1.40973,1.50,2.07
2013.06.11 06:44:18.590,1.40949,1.40971,1.50,1.69
2013.06.11 06:44:27.086,1.40946,1.40972,1.69,1.13
2013.06.11 06:44:28.300,1.40947,1.40973,2.44,1.13
2013.06.11 06:44:29.783,1.40947,1.40972,1.69,1.32
2013.06.11 06:44:30.141,1.40952,1.40979,1.92,1.69
2013.06.11 06:44:30.200,1.40958,1.40979,1.69,1.50
2013.06.11 06:44:30.261,1.40959,1.40985,2.44,1.32
2013.06.11 06:44:30.501,1.40962,1.40985,1.69,1.13
2013.06.11 06:44:30.802,1.40966,1.40992,1.54,1.32
2013.06.11 06:44:31.530,1.40966,1.40992,1.54,1.32
2013.06.11 06:44:31.711,1.40966,1.4099,1.54,1.32
2013.06.11 06:44:33.190,1.40965,1.40991,1.69,1.92
2013.06.11 06:44:33.986,1.40965,1.40991,1.69,1.17
2013.06.11 06:44:35.996,1.40963,1.40989,3.19,1.69
2013.06.11 06:44:36.461,1.40966,1.40989,1.50,1.69
2013.06.11 06:44:38.371,1.40963,1.40991,2.44,1.54
2013.06.11 06:44:39.723,1.40964,1.4099,1.69,1.32
2013.06.11 06:44:40.350,1.40964,1.4099,3.19,1.32
2013.06.11 06:44:40.590,1.40968,1.40993,3.19,1.32
2013.06.11 06:44:46.101,1.4097,1.40995,1.69,1.92
2013.06.11 06:44:48.222,1.40969,1.40994,2.44,1.32
2013.06.11 06:44:48.733,1.4097,1.40993,1.69,1.32
2013.06.11 06:44:49.900,1.40969,1.40995,2.44,1.17
2013.06.11 06:44:50.220,1.40974,1.40999,1.32,1.32
2013.06.11 06:44:50.522,1.40984,1.41008,1.32,1.69
2013.06.11 06:44:50.821,1.40984,1.41011,2.07,1.54
2013.06.11 06:44:51.233,1.40986,1.41012,1.32,1.69
2013.06.11 06:44:52.910,1.40987,1.4101,1.32,2.10
2013.06.11 06:44:52.982,1.40986,1.4101,1.32,2.10
2013.06.11 06:44:53.162,1.40987,1.4101,1.32,3.60
2013.06.11 06:44:53.520,1.40982,1.41007,2.07,3.04
2013.06.11 06:44:54.002,1.40985,1.41008,2.25,1.69
2013.06.11 06:44:54.354,1.40987,1.41008,1.32,3.19
2013.06.11 06:44:54.604,1.4099,1.41008,1.32,1.69
2013.06.11 06:44:54.792,1.40985,1.41008,1.69,2.44
2013.06.11 06:44:54.971,1.40984,1.41006,1.50,1.69
2013.06.11 06:44:56.116,1.40984,1.41006,1.50,1.69
2013.06.11 06:44:59.372,1.40985,1.41006,1.69,1.50
2013.06.11 06:44:59.550,1.40992,1.41012,1.32,1.50
2013.06.11 06:44:59.670,1.40992,1.41011,1.32,1.35
2013.06.11 06:44:59.910,1.40985,1.41009,1.69,1.13
2013.06.11 06:44:59.970,1.40984,1.41009,2.44,1.32
2013.06.11 06:45:00.282,1.40986,1.4101,1.69,1.50
2013.06.11 06:45:00.461,1.40985,1.4101,2.07,2.44
2013.06.11 06:45:00.580,1.40985,1.4101,2.07,2.44
2013.06.11 06:45:00.882,1.4098,1.41004,1.69,1.50
2013.06.11 06:45:01.422,1.40984,1.41004,1.50,1.69
2013.06.11 06:45:01.615,1.40981,1.41003,1.50,2.25
2013.06.11 06:45:01.687,1.40981,1.41002,1.32,1.54
2013.06.11 06:45:01.872,1.40972,1.40995,1.69,1.50
2013.06.11 06:45:01.934,1.4097,1.40995,3.00,1.50
2013.06.11 06:45:02.441,1.4097,1.40997,3.00,1.69
2013.06.11 06:45:02.862,1.40974,1.41,1.54,2.44
2013.06.11 06:45:02.982,1.40975,1.41002,1.54,2.82
2013.06.11 06:45:03.042,1.40979,1.41005,2.29,2.44
2013.06.11 06:45:03.101,1.40979,1.41005,1.69,1.69
2013.06.11 06:45:03.162,1.40979,1.41008,1.69,1.69
2013.06.11 06:45:03.721,1.40989,1.41009,1.69,1.50
2013.06.11 06:45:03.793,1.40989,1.41012,1.50,1.54
2013.06.11 06:45:03.867,1.40985,1.41011,1.69,1.50
2013.06.11 06:45:04.050,1.40985,1.41009,1.69,1.50
2013.06.11 06:45:04.373,1.40982,1.41005,1.69,2.25
2013.06.11 06:45:04.780,1.40982,1.41005,1.69,1.50
2013.06.11 06:45:05.020,1.40975,1.41002,2.29,1.32
2013.06.11 06:45:05.141,1.40973,1.41001,1.69,1.69
2013.06.11 06:45:05.201,1.40972,1.41,1.50,1.32
2013.06.11 06:45:05.261,1.40969,1.40999,1.50,1.69
2013.06.11 06:45:05.441,1.40968,1.40999,1.50,2.07
2013.06.11 06:45:05.501,1.40968,1.40996,1.13,2.44
2013.06.11 06:45:06.282,1.40965,1.40994,1.50,1.69
2013.06.11 06:45:06.531,1.40961,1.40988,1.69,1.69
2013.06.11 06:45:06.651,1.4096,1.40988,1.50,2.44
2013.06.11 06:45:06.832,1.40958,1.40985,1.13,3.19
2013.06.11 06:45:07.071,1.40956,1.4098,1.13,1.69
2013.06.11 06:45:07.193,1.40953,1.4098,1.13,1.69
2013.06.11 06:45:07.752,1.40956,1.40984,1.69,1.54
2013.06.11 06:45:07.990,1.40957,1.40985,1.69,1.54
2013.06.11 06:45:09.391,1.40957,1.40986,1.54,1.32
2013.06.11 06:45:10.171,1.40959,1.40988,1.69,1.69
2013.06.11 06:45:10.530,1.40965,1.4099,1.50,1.54
2013.06.11 06:45:11.677,1.40965,1.40988,1.50,1.54
2013.06.11 06:45:17.930,1.40961,1.40986,1.69,2.29
2013.06.11 06:45:18.231,1.40964,1.40984,1.50,1.50
2013.06.11 06:45:18.411,1.40964,1.40989,1.69,1.69
2013.06.11 06:45:18.711,1.40967,1.40991,1.54,1.88
2013.06.11 06:45:19.012,1.40968,1.40995,1.50,2.29
2013.06.11 06:45:19.131,1.40965,1.40994,1.69,2.07
2013.06.11 06:45:19.252,1.40968,1.40992,1.50,1.32
2013.06.11 06:45:19.551,1.40963,1.40992,2.44,2.07
2013.06.11 06:45:19.672,1.40964,1.40992,2.85,1.32
2013.06.11 06:45:20.032,1.40969,1.40996,1.69,1.54
2013.06.11 06:45:21.500,1.40967,1.40996,2.44,2.29
2013.06.11 06:45:21.560,1.40967,1.40995,2.44,1.69
2013.06.11 06:45:21.920,1.40969,1.40993,1.69,1.50
2013.06.11 06:45:22.923,1.40969,1.40993,1.69,2.44
2013.06.11 06:45:23.222,1.40966,1.40991,1.69,2.63
2013.06.11 06:45:23.582,1.40958,1.40976,1.69,1.69
2013.06.11 06:45:23.702,1.40954,1.40975,1.54,1.13
2013.06.11 06:45:23.761,1.40954,1.40982,1.54,1.50
2013.06.11 06:45:23.821,1.40954,1.40984,1.54,3.00
2013.06.11 06:45:24.632,1.40957,1.40984,1.69,1.69
2013.06.11 06:45:24.934,1.40962,1.40987,1.69,1.35
2013.06.11 06:45:25.425,1.40959,1.40987,2.44,1.54
2013.06.11 06:45:26.212,1.40962,1.40987,2.44,1.54
2013.06.11 06:45:26.333,1.40965,1.40989,1.69,1.32
2013.06.11 06:45:26.402,1.40965,1.4099,1.69,1.32
2013.06.11 06:45:27.361,1.40966,1.40989,1.69,1.32
2013.06.11 06:45:30.350,1.4097,1.40994,1.69,1.50
2013.06.11 06:45:30.890,1.40966,1.40995,1.69,2.63
2013.06.11 06:45:31.541,1.40965,1.40994,2.29,1.32
2013.06.11 06:45:32.441,1.40967,1.40993,2.44,1.32
2013.06.11 06:45:35.021,1.40965,1.40994,1.54,1.69
2013.06.11 06:45:35.624,1.40965,1.40993,1.54,1.32
2013.06.11 06:45:36.173,1.40962,1.40988,1.54,2.44
2013.06.11 06:45:36.241,1.40959,1.40988,1.54,2.44
2013.06.11 06:45:36.602,1.40958,1.40985,1.54,1.69
2013.06.11 06:45:37.157,1.40958,1.40985,1.54,1.69
2013.06.11 06:45:37.950,1.40958,1.40985,1.54,1.69
2013.06.11 06:45:38.781,1.4096,1.40988,1.69,3.19
2013.06.11 06:45:44.212,1.4096,1.40989,2.44,1.50
2013.06.11 06:45:44.950,1.40963,1.40989,1.69,2.25
2013.06.11 06:45:45.012,1.40963,1.40987,1.69,1.69
2013.06.11 06:45:51.712,1.40961,1.40989,2.44,1.50
2013.06.11 06:45:56.742,1.40961,1.40989,2.44,1.32
2013.06.11 06:45:58.002,1.4096,1.40989,2.44,1.50
2013.06.11 06:45:58.541,1.40961,1.40989,1.69,1.50
2013.06.11 06:46:00.361,1.40962,1.40989,1.69,1.50
2013.06.11 06:46:02.575,1.40962,1.40989,1.69,1.50
2013.06.11 06:46:04.000,1.40961,1.40988,2.44,1.69
2013.06.11 06:46:07.824,1.40958,1.40987,1.54,3.19
2013.06.11 06:46:09.355,1.40957,1.4098,2.44,1.35
2013.06.11 06:46:09.428,1.40957,1.4098,1.69,1.54
2013.06.11 06:46:09.496,1.40957,1.40976,1.69,1.50
2013.06.11 06:46:09.572,1.40951,1.40975,1.69,1.69
2013.06.11 06:46:09.751,1.40948,1.40974,1.69,1.69
2013.06.11 06:46:10.371,1.40945,1.40974,2.67,1.69
2013.06.11 06:46:11.670,1.40949,1.40974,1.50,2.44
2013.06.11 06:46:11.731,1.40949,1.40974,1.69,1.69
2013.06.11 06:46:13.583,1.40948,1.40976,2.44,1.69
2013.06.11 06:46:17.633,1.40948,1.40976,1.69,2.25
2013.06.11 06:46:18.140,1.40948,1.40976,1.69,2.25
2013.06.11 06:46:22.131,1.40946,1.40972,2.44,1.50
2013.06.11 06:46:22.651,1.40949,1.40972,1.69,1.50
2013.06.11 06:46:22.891,1.40947,1.40973,1.69,1.69
2013.06.11 06:46:24.871,1.40947,1.40973,2.44,1.69
2013.06.11 06:46:26.310,1.40947,1.40973,1.69,1.69
2013.06.11 06:46:27.510,1.40946,1.40973,1.69,1.69
2013.06.11 06:46:28.086,1.40946,1.40973,1.69,1.69
2013.06.11 06:46:28.281,1.40945,1.40972,1.69,1.69
2013.06.11 06:46:28.400,1.40943,1.40968,2.29,1.50
2013.06.11 06:46:28.580,1.40943,1.40968,1.54,1.69
2013.06.11 06:46:28.701,1.40943,1.4097,1.54,1.69
2013.06.11 06:46:29.005,1.4094,1.40968,1.69,1.50
2013.06.11 06:46:29.312,1.40937,1.40965,2.29,1.69
2013.06.11 06:46:29.671,1.40937,1.4096,1.54,1.32
2013.06.11 06:46:29.910,1.40938,1.40961,2.44,1.32
2013.06.11 06:46:30.882,1.40937,1.40962,2.29,1.50
2013.06.11 06:46:31.292,1.40939,1.40964,1.69,2.07
2013.06.11 06:46:31.816,1.40938,1.40964,1.69,1.50
2013.06.11 06:46:36.972,1.40941,1.40965,1.69,1.50
2013.06.11 06:46:37.150,1.40944,1.4097,3.04,1.13
2013.06.11 06:46:37.511,1.4095,1.40973,1.50,1.13
2013.06.11 06:46:37.631,1.4095,1.40976,1.69,2.29
2013.06.11 06:46:38.170,1.40948,1.40976,1.69,2.29
2013.06.11 06:46:39.171,1.4095,1.40976,1.69,3.42
2013.06.11 06:46:39.721,1.4095,1.40973,1.54,1.32
2013.06.11 06:46:39.780,1.4095,1.40974,1.54,1.32
2013.06.11 06:46:39.901,1.40953,1.40977,1.92,2.82
2013.06.11 06:46:40.201,1.40962,1.40987,1.32,1.88
2013.06.11 06:46:40.501,1.40965,1.40992,3.19,1.69
2013.06.11 06:46:40.981,1.40967,1.40996,2.44,1.54
2013.06.11 06:46:42.552,1.40969,1.40995,2.29,2.07
2013.06.11 06:46:43.481,1.40969,1.40993,1.69,1.50
2013.06.11 06:46:43.840,1.40965,1.40991,1.69,3.75
2013.06.11 06:46:45.755,1.40973,1.40991,1.61,2.25
2013.06.11 06:46:46.071,1.40971,1.40984,1.32,2.10
2013.06.11 06:46:46.252,1.40969,1.40984,1.50,2.10
2013.06.11 06:46:46.372,1.40963,1.40979,1.69,2.10
2013.06.11 06:46:46.433,1.40961,1.40983,1.35,1.69
2013.06.11 06:46:46.492,1.40959,1.40981,1.54,1.69
2013.06.11 06:46:46.611,1.40956,1.40981,1.54,1.69
2013.06.11 06:46:46.915,1.40952,1.40978,1.92,1.69
2013.06.11 06:46:47.631,1.40951,1.40979,1.32,1.69
2013.06.11 06:46:48.831,1.4095,1.40979,2.82,2.25
2013.06.11 06:46:49.921,1.40952,1.4098,1.69,1.50
2013.06.11 06:46:51.411,1.40951,1.40976,1.69,2.25
2013.06.11 06:46:51.532,1.40949,1.40975,2.07,1.69
2013.06.11 06:46:52.189,1.40948,1.40976,1.92,1.50
2013.06.11 06:46:52.891,1.40948,1.40975,1.54,1.69
2013.06.11 06:46:53.821,1.40947,1.40975,1.17,2.25
2013.06.11 06:46:53.882,1.40944,1.40972,1.32,1.50
2013.06.11 06:46:54.391,1.40944,1.40973,1.69,3.42
2013.06.11 06:46:56.852,1.40944,1.4097,1.69,1.50
2013.06.11 06:46:56.971,1.40943,1.4097,2.44,2.25
2013.06.11 06:46:57.211,1.4094,1.40967,2.07,2.10
2013.06.11 06:46:57.521,1.4094,1.40967,2.44,2.29
2013.06.11 06:46:57.865,1.40942,1.40966,2.25,1.54
2013.06.11 06:46:59.410,1.40941,1.40966,1.50,1.54
2013.06.11 06:46:59.930,1.40941,1.40966,1.69,1.54
2013.06.11 06:47:00.171,1.40942,1.40967,1.50,1.54
2013.06.11 06:47:00.291,1.40945,1.4097,1.69,1.69
2013.06.11 06:47:00.530,1.40946,1.40973,1.69,1.69
2013.06.11 06:47:00.891,1.40946,1.40977,2.44,3.00
2013.06.11 06:47:02.081,1.40947,1.40977,1.69,1.69
2013.06.11 06:47:04.074,1.40949,1.40975,1.54,1.69
2013.06.11 06:47:04.202,1.40953,1.40979,1.54,1.32
2013.06.11 06:47:04.321,1.40952,1.40978,1.54,1.50
2013.06.11 06:47:04.500,1.4095,1.40978,1.17,1.69
2013.06.11 06:47:06.371,1.4095,1.40975,1.17,1.50
2013.06.11 06:47:06.968,1.40949,1.40973,2.29,1.50
2013.06.11 06:47:07.540,1.40949,1.40975,2.29,2.25
2013.06.11 06:47:10.460,1.40948,1.40973,1.32,2.29
2013.06.11 06:47:10.520,1.40945,1.40973,2.82,2.29
2013.06.11 06:47:11.034,1.40945,1.40972,1.32,1.17
2013.06.11 06:47:11.501,1.40947,1.40972,1.32,1.17
2013.06.11 06:47:14.161,1.40944,1.4097,2.07,1.54
2013.06.11 06:47:14.221,1.40944,1.4097,2.07,1.54
2013.06.11 06:47:14.470,1.40944,1.40971,1.69,3.04
2013.06.11 06:47:15.441,1.40944,1.40971,1.69,2.29
2013.06.11 06:47:15.614,1.40944,1.4097,1.69,2.46
2013.06.11 06:47:15.671,1.40944,1.40967,1.50,1.13
2013.06.11 06:47:15.792,1.40944,1.40961,1.50,3.23
2013.06.11 06:47:15.972,1.40937,1.40957,1.50,1.13
2013.06.11 06:47:16.521,1.40932,1.40961,1.54,1.69
2013.06.11 06:47:17.011,1.40936,1.40965,1.69,3.04
2013.06.11 06:47:17.151,1.40938,1.40965,1.69,2.29
2013.06.11 06:47:18.730,1.40936,1.40966,1.54,2.44
2013.06.11 06:47:21.771,1.40934,1.40962,1.69,1.54
2013.06.11 06:47:23.490,1.40935,1.40961,1.69,2.25
2013.06.11 06:47:26.479,1.40933,1.4096,2.44,1.69
2013.06.11 06:47:27.501,1.40933,1.40961,2.44,2.25
2013.06.11 06:47:27.741,1.40933,1.40961,3.19,1.50
2013.06.11 06:47:27.801,1.40936,1.40962,1.69,2.85
2013.06.11 06:47:28.042,1.40938,1.40963,2.44,2.29
2013.06.11 06:47:31.521,1.40942,1.40963,1.69,2.29
2013.06.11 06:47:31.810,1.40943,1.40968,1.50,3.42
2013.06.11 06:47:31.871,1.40944,1.40967,2.25,1.17
2013.06.11 06:47:32.231,1.40948,1.40969,1.69,2.29
2013.06.11 06:47:32.291,1.40948,1.40972,1.69,1.54
2013.06.11 06:47:32.352,1.4095,1.40973,1.69,3.79
2013.06.11 06:47:32.531,1.4095,1.40973,2.44,3.60
2013.06.11 06:47:32.591,1.40952,1.40975,1.69,1.88
2013.06.11 06:47:32.711,1.40953,1.40975,2.44,1.13
2013.06.11 06:47:32.891,1.40956,1.40979,1.69,1.73
2013.06.11 06:47:33.012,1.40959,1.40979,1.50,1.73
2013.06.11 06:47:33.552,1.40959,1.4098,1.50,2.10
2013.06.11 06:47:33.853,1.40956,1.40981,2.44,4.35
2013.06.11 06:47:34.451,1.40956,1.4098,1.69,1.54
2013.06.11 06:47:35.003,1.40957,1.40978,1.50,1.35
2013.06.11 06:47:35.061,1.40957,1.4098,1.50,1.54
2013.06.11 06:47:35.301,1.40957,1.40979,2.25,1.35
2013.06.11 06:47:35.600,1.40957,1.4098,1.69,1.54
2013.06.11 06:47:36.213,1.40957,1.40981,2.44,2.85
2013.06.11 06:47:36.723,1.40957,1.40981,1.69,2.29
2013.06.11 06:47:37.271,1.40958,1.40981,1.69,2.29
2013.06.11 06:47:38.271,1.40956,1.40981,1.69,2.29
2013.06.11 06:47:38.801,1.40956,1.40981,1.69,2.29
2013.06.11 06:47:39.390,1.40953,1.40979,1.69,1.54
2013.06.11 06:47:41.754,1.40951,1.40978,1.69,1.54
2013.06.11 06:47:45.282,1.40951,1.40978,1.69,1.54
2013.06.11 06:47:49.071,1.40951,1.40978,1.69,1.54
2013.06.11 06:47:49.251,1.40957,1.40978,1.50,1.54
2013.06.11 06:47:49.612,1.40953,1.40978,2.44,1.54
2013.06.11 06:47:50.283,1.40953,1.40978,1.69,1.54
2013.06.11 06:47:51.412,1.40953,1.40977,1.69,1.54
2013.06.11 06:47:53.480,1.40953,1.4098,1.69,1.54
2013.06.11 06:47:55.498,1.40953,1.40978,1.69,1.54
2013.06.11 06:47:58.271,1.4095,1.40979,2.44,1.54
2013.06.11 06:48:00.161,1.40951,1.40977,1.69,1.54
2013.06.11 06:48:00.281,1.40948,1.40977,1.69,2.29
2013.06.11 06:48:00.701,1.40951,1.40977,1.50,2.10
2013.06.11 06:48:01.240,1.40949,1.40977,1.69,2.85
2013.06.11 06:48:02.200,1.40952,1.40977,1.50,2.29
2013.06.11 06:48:02.740,1.40952,1.40976,2.25,1.69
2013.06.11 06:48:02.951,1.40952,1.40976,2.25,1.69
2013.06.11 06:48:05.193,1.40952,1.40976,2.25,2.29
2013.06.11 06:48:06.016,1.40954,1.40976,1.50,1.54
2013.06.11 06:48:07.471,1.40951,1.40977,1.69,2.29
2013.06.11 06:48:07.531,1.40951,1.40977,1.69,2.29
2013.06.11 06:48:08.191,1.40949,1.40975,1.69,2.29
2013.06.11 06:48:08.311,1.40946,1.40975,1.69,4.35
2013.06.11 06:48:08.371,1.40947,1.40975,1.69,3.60
2013.06.11 06:48:08.613,1.40947,1.40975,1.69,3.04
2013.06.11 06:48:08.733,1.40947,1.40974,2.07,1.32
2013.06.11 06:48:08.911,1.40949,1.40975,1.54,1.69
2013.06.11 06:48:08.974,1.40951,1.40974,2.29,1.32
2013.06.11 06:48:09.221,1.40957,1.4098,1.32,1.54
2013.06.11 06:48:09.701,1.40955,1.4098,1.69,1.54
2013.06.11 06:48:10.002,1.40958,1.4098,1.50,1.54
2013.06.11 06:48:10.123,1.40954,1.4098,1.69,1.54
2013.06.11 06:48:10.312,1.40952,1.4098,1.69,2.85
2013.06.11 06:48:10.432,1.4095,1.40975,1.69,1.69
2013.06.11 06:48:10.793,1.40947,1.40972,1.54,1.50
2013.06.11 06:48:11.369,1.40948,1.40972,2.44,2.25
2013.06.11 06:48:11.450,1.40954,1.40978,1.69,2.44
2013.06.11 06:48:11.512,1.40954,1.40978,1.69,2.44
2013.06.11 06:48:11.634,1.40956,1.40978,1.69,1.69
2013.06.11 06:48:12.171,1.40955,1.40978,1.69,1.69
2013.06.11 06:48:12.412,1.40955,1.40979,1.69,3.00
2013.06.11 06:48:14.411,1.40955,1.40978,1.69,1.69
2013.06.11 06:48:14.950,1.40953,1.40979,3.19,2.25
2013.06.11 06:48:15.501,1.40955,1.40978,1.54,1.69
2013.06.11 06:48:16.065,1.40955,1.40982,1.54,1.69
2013.06.11 06:48:16.252,1.40959,1.40982,1.50,1.69
2013.06.11 06:48:17.532,1.40958,1.40982,1.69,1.69
2013.06.11 06:48:18.652,1.40956,1.40983,2.44,1.69
2013.06.11 06:48:18.713,1.40957,1.40983,3.19,1.69
2013.06.11 06:48:18.772,1.40961,1.40986,1.69,2.44
2013.06.11 06:48:18.892,1.40963,1.40988,1.32,2.29
2013.06.11 06:48:21.521,1.40964,1.40988,1.32,2.29
2013.06.11 06:48:22.113,1.40964,1.40988,1.32,2.29
2013.06.11 06:48:25.381,1.40968,1.40988,1.50,2.29
2013.06.11 06:48:25.681,1.40965,1.40988,1.69,3.04
2013.06.11 06:48:27.312,1.40964,1.40989,1.32,1.69
2013.06.11 06:48:27.561,1.40966,1.40989,1.13,1.69
2013.06.11 06:48:29.561,1.40966,1.40989,1.13,1.69
2013.06.11 06:48:33.820,1.40966,1.40991,1.13,3.19
2013.06.11 06:48:35.762,1.40967,1.40991,1.13,4.69
2013.06.11 06:48:42.002,1.40964,1.40991,1.69,2.44
2013.06.11 06:48:45.853,1.40966,1.40991,1.54,1.69
2013.06.11 06:48:45.974,1.40966,1.40992,1.54,2.44
2013.06.11 06:48:46.222,1.40969,1.40996,1.69,1.69
2013.06.11 06:48:47.121,1.4097,1.40998,1.69,1.69
2013.06.11 06:48:47.182,1.40973,1.40998,1.69,1.69
2013.06.11 06:48:47.301,1.40978,1.41003,1.32,1.54
2013.06.11 06:48:47.832,1.40978,1.41005,1.32,3.79
2013.06.11 06:48:48.585,1.40978,1.41004,2.07,3.04
2013.06.11 06:48:49.117,1.40979,1.41002,1.32,1.54
2013.06.11 06:48:49.470,1.40976,1.41001,1.32,2.29
2013.06.11 06:48:49.531,1.40975,1.40999,2.07,1.54
2013.06.11 06:48:56.071,1.40972,1.40998,1.69,1.69
2013.06.11 06:48:56.781,1.40972,1.40996,1.69,1.69
2013.06.11 06:48:59.261,1.40968,1.40997,1.54,1.69
2013.06.11 06:49:01.356,1.4097,1.40997,1.69,1.69
2013.06.11 06:49:03.702,1.40973,1.41,1.69,2.29
2013.06.11 06:49:03.761,1.40977,1.41003,1.32,1.54
2013.06.11 06:49:06.080,1.40979,1.41003,1.32,2.29
2013.06.11 06:49:06.201,1.4098,1.41003,1.69,1.54
2013.06.11 06:49:06.562,1.40993,1.41007,1.73,1.69
2013.06.11 06:49:06.982,1.40993,1.41016,1.32,1.69
2013.06.11 06:49:07.504,1.40988,1.41014,1.69,1.69
2013.06.11 06:49:07.812,1.40985,1.41012,1.69,1.69
2013.06.11 06:49:08.374,1.40985,1.41012,1.69,2.44
2013.06.11 06:49:09.266,1.40984,1.41011,1.69,1.69
2013.06.11 06:49:09.914,1.40984,1.4101,1.69,1.69
2013.06.11 06:49:10.582,1.40983,1.41011,1.69,1.69
2013.06.11 06:49:11.243,1.40983,1.41013,1.69,1.69
2013.06.11 06:49:14.765,1.40985,1.41012,1.69,1.69
2013.06.11 06:49:15.072,1.40983,1.41007,1.69,1.50
2013.06.11 06:49:15.133,1.40982,1.41008,2.10,1.69
2013.06.11 06:49:15.371,1.40978,1.41006,1.32,1.69
2013.06.11 06:49:16.241,1.40979,1.41007,1.69,1.69
2013.06.11 06:49:17.183,1.40979,1.41008,2.44,1.69
2013.06.11 06:49:17.870,1.40979,1.41008,2.44,1.69
2013.06.11 06:49:18.291,1.40984,1.41009,1.69,1.54
2013.06.11 06:49:18.872,1.40986,1.41014,2.44,1.35
2013.06.11 06:49:19.231,1.40988,1.41015,3.19,2.29
2013.06.11 06:49:19.532,1.40989,1.41016,1.32,1.54
2013.06.11 06:49:20.071,1.40988,1.41015,2.44,1.69
2013.06.11 06:49:20.631,1.40988,1.41014,3.19,2.44
2013.06.11 06:49:20.691,1.4099,1.41014,1.69,2.44
2013.06.11 06:49:21.231,1.40988,1.4101,1.69,1.35
2013.06.11 06:49:22.281,1.40988,1.41011,1.69,2.85
2013.06.11 06:49:22.870,1.40988,1.41011,2.44,2.85
2013.06.11 06:49:23.280,1.40988,1.4101,3.19,1.35
2013.06.11 06:49:24.211,1.40988,1.4101,2.44,1.35
2013.06.11 06:49:24.887,1.40988,1.4101,2.44,1.35
2013.06.11 06:49:24.952,1.40988,1.41011,1.69,2.85
2013.06.11 06:49:26.841,1.40988,1.41011,1.50,2.29
2013.06.11 06:49:27.081,1.40988,1.41012,1.50,2.29
2013.06.11 06:49:27.501,1.4098,1.41008,1.69,1.17
2013.06.11 06:49:28.040,1.4098,1.41008,3.19,1.17
2013.06.11 06:49:30.492,1.40979,1.41009,1.69,2.67
2013.06.11 06:49:31.272,1.40978,1.41006,2.29,1.69
2013.06.11 06:49:31.631,1.40976,1.41004,3.60,1.69
2013.06.11 06:49:34.921,1.40975,1.41001,1.69,2.44
2013.06.11 06:49:35.461,1.40975,1.41003,1.69,3.79
2013.06.11 06:49:38.561,1.40973,1.41003,3.00,3.79
2013.06.11 06:49:39.052,1.40977,1.41003,2.44,2.10
2013.06.11 06:49:40.532,1.40979,1.41003,2.44,2.10
2013.06.11 06:49:41.971,1.4098,1.41003,1.69,3.04
2013.06.11 06:49:42.274,1.40974,1.41001,1.69,1.69
2013.06.11 06:49:42.582,1.40969,1.40997,1.69,2.29
2013.06.11 06:49:45.221,1.4097,1.40996,1.69,1.92
2013.06.11 06:49:45.580,1.40968,1.40996,2.29,2.07
2013.06.11 06:49:45.641,1.40972,1.40996,1.69,2.82
2013.06.11 06:49:46.002,1.40968,1.40992,1.69,2.10
2013.06.11 06:49:46.061,1.40968,1.40992,1.69,2.85
2013.06.11 06:49:46.121,1.40969,1.4099,1.50,1.17
2013.06.11 06:49:46.181,1.40968,1.4099,1.32,1.17
2013.06.11 06:49:46.721,1.40959,1.40989,3.94,1.73
2013.06.11 06:49:47.301,1.40963,1.40989,1.69,1.92
2013.06.11 06:49:52.851,1.40963,1.40989,1.69,1.92
2013.06.11 06:49:58.522,1.40964,1.40989,1.69,1.92
2013.06.11 06:50:00.821,1.40964,1.40989,2.44,1.92
2013.06.11 06:50:00.881,1.40966,1.40989,1.69,1.73
2013.06.11 06:50:01.241,1.40975,1.40994,1.50,1.54
2013.06.11 06:50:01.301,1.40975,1.40994,2.25,1.54
2013.06.11 06:50:01.601,1.4098,1.41004,1.69,1.88
2013.06.11 06:50:02.265,1.40976,1.41001,1.69,1.32
2013.06.11 06:50:07.502,1.40974,1.41001,1.69,1.69
2013.06.11 06:50:08.303,1.40974,1.41001,1.69,1.69
2013.06.11 06:50:09.385,1.40977,1.41001,1.69,1.50
2013.06.11 06:50:09.906,1.40976,1.41001,2.44,1.69
2013.06.11 06:50:10.213,1.40977,1.41001,1.69,1.73
2013.06.11 06:50:11.821,1.40974,1.41003,2.44,2.48
2013.06.11 06:50:11.881,1.40973,1.40983,1.69,1.35
2013.06.11 06:50:11.943,1.40969,1.40986,1.50,2.10
2013.06.11 06:50:12.122,1.40968,1.40986,1.69,2.10
2013.06.11 06:50:12.184,1.40968,1.4099,1.69,1.13
2013.06.11 06:50:12.302,1.4097,1.40991,2.63,1.69
2013.06.11 06:50:12.362,1.40972,1.40993,1.50,2.07
2013.06.11 06:50:12.843,1.40972,1.40998,2.44,1.13
2013.06.11 06:50:13.044,1.40974,1.40993,1.13,2.07
2013.06.11 06:50:13.103,1.40974,1.40997,1.88,1.69
2013.06.11 06:50:13.461,1.40972,1.40996,2.44,2.48
2013.06.11 06:50:13.701,1.4097,1.40996,1.69,2.48
2013.06.11 06:50:14.244,1.40971,1.40996,1.69,2.48
2013.06.11 06:50:15.155,1.40969,1.40994,2.44,1.69
2013.06.11 06:50:15.223,1.40969,1.40994,1.69,1.32
2013.06.11 06:50:15.462,1.40963,1.40993,3.19,1.32
2013.06.11 06:50:15.701,1.40967,1.40995,2.44,1.92
2013.06.11 06:50:16.002,1.4097,1.40995,1.69,1.92
2013.06.11 06:50:16.062,1.4097,1.40995,1.69,1.73
2013.06.11 06:50:18.091,1.40972,1.40995,2.44,1.73
2013.06.11 06:50:18.631,1.40973,1.40996,2.44,2.48
2013.06.11 06:50:18.972,1.40973,1.40996,2.44,2.48
2013.06.11 06:50:21.581,1.40971,1.40995,1.50,1.17
2013.06.11 06:50:21.703,1.40965,1.40993,2.44,1.32
2013.06.11 06:50:21.941,1.40963,1.40989,2.44,2.67
2013.06.11 06:50:22.471,1.40965,1.40989,1.69,2.67
2013.06.11 06:50:22.732,1.40965,1.40989,1.69,2.67
2013.06.11 06:50:22.852,1.40968,1.40994,1.69,1.92
2013.06.11 06:50:23.981,1.40967,1.40994,1.69,1.17
2013.06.11 06:50:26.722,1.40968,1.40994,1.69,1.17
2013.06.11 06:50:28.871,1.40966,1.40995,1.69,1.92
2013.06.11 06:50:29.411,1.40965,1.40995,3.57,2.67
2013.06.11 06:50:29.961,1.40966,1.40993,2.44,1.13
2013.06.11 06:50:31.531,1.40966,1.40994,2.44,2.10
2013.06.11 06:50:32.744,1.40968,1.40993,1.69,1.50
2013.06.11 06:50:32.861,1.40967,1.40993,1.69,1.69
2013.06.11 06:50:33.668,1.40967,1.40993,1.69,1.69
2013.06.11 06:50:34.682,1.40967,1.40993,1.69,1.32
2013.06.11 06:50:35.243,1.40968,1.40991,1.69,1.13
2013.06.11 06:50:35.680,1.40969,1.40992,1.69,2.07
2013.06.11 06:50:36.290,1.40968,1.40993,1.69,1.69
2013.06.11 06:50:37.091,1.40972,1.40993,1.69,1.50
2013.06.11 06:50:38.011,1.40971,1.40993,1.69,1.50
2013.06.11 06:50:38.680,1.40968,1.40992,2.44,1.50
2013.06.11 06:50:39.342,1.40969,1.40993,1.69,1.88
2013.06.11 06:50:39.722,1.4097,1.40993,1.69,1.88
2013.06.11 06:50:40.442,1.4097,1.40993,1.69,1.69
2013.06.11 06:50:40.506,1.4097,1.40992,1.69,1.13
2013.06.11 06:50:41.052,1.40975,1.40993,1.69,1.13
2013.06.11 06:50:41.112,1.40977,1.41,1.69,1.13
2013.06.11 06:50:41.173,1.40979,1.41004,1.32,2.48
2013.06.11 06:50:41.234,1.40981,1.41006,1.32,2.29
2013.06.11 06:50:41.292,1.40982,1.41006,1.69,2.29
2013.06.11 06:50:41.650,1.40982,1.41006,2.07,2.85
2013.06.11 06:50:42.311,1.40981,1.41006,2.07,2.85
2013.06.11 06:50:43.910,1.40982,1.41004,1.69,1.35
2013.06.11 06:50:47.532,1.40982,1.41008,1.69,1.54
2013.06.11 06:50:47.771,1.40982,1.41008,1.69,2.67
2013.06.11 06:50:54.911,1.40982,1.41006,2.07,1.69
2013.06.11 06:50:55.351,1.40982,1.41007,2.44,2.44
2013.06.11 06:50:55.871,1.40981,1.41007,1.69,1.69
2013.06.11 06:50:56.471,1.40981,1.41008,1.69,1.92
2013.06.11 06:50:57.254,1.40982,1.41007,2.44,1.69
2013.06.11 06:50:57.561,1.40987,1.41008,1.50,1.54
2013.06.11 06:50:57.875,1.40987,1.41008,1.50,1.54
2013.06.11 06:50:57.957,1.40986,1.41004,1.69,1.13
2013.06.11 06:50:58.143,1.40984,1.41002,1.69,1.35
2013.06.11 06:50:58.201,1.40979,1.41001,1.69,1.35
2013.06.11 06:50:58.501,1.40974,1.41001,1.69,1.73
2013.06.11 06:50:58.741,1.40974,1.41001,1.69,1.73
2013.06.11 06:50:59.292,1.40974,1.41001,1.69,1.73
2013.06.11 06:50:59.839,1.40975,1.41001,1.50,1.73
2013.06.11 06:51:00.142,1.40975,1.41001,1.50,1.73
2013.06.11 06:51:00.453,1.4098,1.40998,1.50,2.10
2013.06.11 06:51:00.691,1.40976,1.40998,1.50,2.67
2013.06.11 06:51:00.874,1.40975,1.40998,1.50,2.48
2013.06.11 06:51:01.112,1.40976,1.40998,1.50,2.48
2013.06.11 06:51:01.232,1.40976,1.40998,1.50,2.48
2013.06.11 06:51:01.533,1.40975,1.40998,1.50,2.48
2013.06.11 06:51:02.071,1.40975,1.40998,1.50,2.48
2013.06.11 06:51:03.090,1.40975,1.41,1.50,2.10
2013.06.11 06:51:03.213,1.40975,1.41,1.50,1.54
2013.06.11 06:51:03.481,1.40976,1.41002,1.69,3.23
2013.06.11 06:51:04.151,1.40976,1.41002,1.69,3.23
2013.06.11 06:51:04.691,1.4098,1.41001,1.69,1.73
2013.06.11 06:51:04.931,1.40982,1.41006,1.13,1.50
2013.06.11 06:51:05.470,1.40986,1.41007,2.25,2.67
2013.06.11 06:51:05.755,1.40987,1.41007,1.50,2.67
2013.06.11 06:51:06.181,1.4099,1.41007,2.48,1.35
2013.06.11 06:51:06.362,1.40993,1.41007,1.50,1.35
2013.06.11 06:51:06.481,1.40991,1.41013,1.92,1.50
2013.06.11 06:51:06.601,1.40991,1.41013,1.92,1.50
2013.06.11 06:51:06.661,1.40991,1.4102,1.92,1.35
2013.06.11 06:51:07.021,1.40993,1.4102,2.48,1.35
2013.06.11 06:51:07.201,1.40993,1.4102,1.50,1.35
2013.06.11 06:51:07.502,1.40995,1.4102,1.05,1.50
2013.06.11 06:51:07.621,1.40995,1.41022,1.80,1.32
2013.06.11 06:51:08.032,1.40995,1.41023,1.05,2.44
2013.06.11 06:51:08.626,1.40995,1.41023,1.13,2.44
2013.06.11 06:51:09.212,1.40995,1.41023,1.28,2.82
2013.06.11 06:51:09.533,1.40995,1.41021,1.28,1.69
2013.06.11 06:51:09.592,1.40995,1.41021,1.47,2.85
2013.06.11 06:51:09.712,1.40995,1.41024,3.19,1.69
2013.06.11 06:51:09.831,1.40995,1.41024,3.00,2.44
2013.06.11 06:51:10.193,1.40998,1.41024,1.35,1.69
2013.06.11 06:51:10.550,1.41001,1.41024,1.73,1.05
2013.06.11 06:51:10.791,1.41001,1.41024,1.73,1.05
2013.06.11 06:51:11.341,1.41001,1.41026,1.35,1.32
2013.06.11 06:51:11.461,1.40999,1.41023,1.88,1.24
2013.06.11 06:51:12.011,1.40998,1.41022,2.25,1.32
2013.06.11 06:51:12.331,1.40999,1.41022,1.50,2.07
2013.06.11 06:51:13.931,1.40997,1.41022,1.50,2.07
2013.06.11 06:51:13.991,1.40995,1.41022,2.10,2.07
2013.06.11 06:51:14.290,1.40995,1.41022,1.35,1.32
2013.06.11 06:51:14.751,1.40995,1.41022,2.29,1.32
2013.06.11 06:51:15.463,1.40994,1.41023,3.79,1.69
2013.06.11 06:51:16.065,1.40995,1.41023,1.54,2.07
2013.06.11 06:51:17.152,1.40994,1.41022,1.54,2.44
2013.06.11 06:51:17.691,1.40995,1.41022,1.54,2.44
2013.06.11 06:51:18.004,1.41005,1.41031,1.50,1.69
2013.06.11 06:51:18.075,1.41005,1.41034,1.69,1.69
2013.06.11 06:51:18.142,1.41006,1.41035,1.69,1.69
2013.06.11 06:51:18.384,1.41009,1.41038,1.54,2.82
2013.06.11 06:51:18.452,1.41015,1.41038,1.32,1.13
2013.06.11 06:51:18.573,1.41015,1.4104,3.42,1.50
2013.06.11 06:51:19.111,1.41017,1.41045,1.54,2.82
2013.06.11 06:51:19.411,1.4102,1.41044,1.32,1.13
2013.06.11 06:51:19.950,1.41019,1.41045,2.29,2.07
2013.06.11 06:51:20.611,1.4102,1.41047,2.29,1.32
2013.06.11 06:51:21.711,1.4102,1.41046,1.69,1.92
2013.06.11 06:51:22.253,1.4102,1.41043,1.69,1.32
2013.06.11 06:51:23.375,1.4102,1.41043,1.69,1.32
2013.06.11 06:51:24.189,1.4102,1.41046,1.69,1.92
2013.06.11 06:51:24.732,1.4102,1.41046,1.69,1.92
2013.06.11 06:51:24.851,1.41018,1.41042,2.44,1.13
2013.06.11 06:51:24.972,1.41018,1.41046,1.69,1.17
2013.06.11 06:51:25.511,1.4102,1.41043,1.69,1.32
2013.06.11 06:51:25.891,1.41018,1.41043,1.69,2.82
2013.06.11 06:51:26.073,1.41013,1.41039,2.44,2.44
2013.06.11 06:51:26.432,1.41012,1.41035,1.69,1.50
2013.06.11 06:51:26.792,1.41007,1.41029,1.69,1.50
2013.06.11 06:51:27.933,1.41007,1.4103,1.69,1.50
2013.06.11 06:51:27.994,1.41006,1.4103,1.69,1.50
2013.06.11 06:51:28.302,1.41006,1.41026,1.69,2.10
2013.06.11 06:51:28.422,1.41004,1.41025,1.69,1.35
2013.06.11 06:51:28.542,1.41001,1.41026,1.69,2.67
2013.06.11 06:51:28.841,1.41003,1.41026,1.69,2.10
2013.06.11 06:51:30.631,1.41,1.41026,1.69,2.67
2013.06.11 06:51:30.863,1.41,1.41026,2.07,2.67
2013.06.11 06:51:31.223,1.41015,1.41037,1.50,1.69
2013.06.11 06:51:31.282,1.41011,1.41036,1.88,1.69
2013.06.11 06:51:31.761,1.41008,1.41037,1.69,3.57
2013.06.11 06:51:32.001,1.4101,1.41036,1.69,2.82
2013.06.11 06:51:32.061,1.41008,1.41036,1.69,3.57
2013.06.11 06:51:32.421,1.41012,1.41036,2.29,2.82
2013.06.11 06:51:32.850,1.41014,1.41037,1.54,2.07
2013.06.11 06:51:34.842,1.41016,1.41041,3.04,1.69
2013.06.11 06:51:35.541,1.41016,1.41041,1.69,3.19
2013.06.11 06:51:35.842,1.41015,1.41038,1.69,1.69
2013.06.11 06:51:36.141,1.41008,1.41032,2.82,2.44
2013.06.11 06:51:36.383,1.41011,1.41036,1.54,1.13
2013.06.11 06:51:37.592,1.41011,1.41034,1.54,1.13
2013.06.11 06:51:37.895,1.41006,1.41033,2.29,1.69
2013.06.11 06:51:39.310,1.41006,1.41031,2.29,1.88
2013.06.11 06:51:39.951,1.41006,1.41031,1.54,1.13
2013.06.11 06:51:40.712,1.41006,1.41031,2.29,1.88
2013.06.11 06:51:41.904,1.41006,1.41031,1.54,1.32
2013.06.11 06:51:42.442,1.41006,1.41035,2.29,1.32
2013.06.11 06:51:42.503,1.41006,1.41036,3.79,1.32
2013.06.11 06:51:42.862,1.4101,1.41038,2.44,1.17
2013.06.11 06:51:43.376,1.41014,1.41041,3.19,1.32
2013.06.11 06:51:44.632,1.41014,1.41042,2.44,1.17
2013.06.11 06:51:44.991,1.41016,1.41038,1.69,1.13
2013.06.11 06:51:46.361,1.41014,1.41038,1.54,1.13
2013.06.11 06:51:47.881,1.41015,1.41039,1.54,1.32
2013.06.11 06:51:48.961,1.41015,1.41042,1.54,1.32
2013.06.11 06:51:50.822,1.41015,1.41042,1.54,1.32
2013.06.11 06:51:51.349,1.41015,1.41042,1.54,1.32
2013.06.11 06:51:52.741,1.41015,1.41042,1.54,1.32
2013.06.11 06:51:52.925,1.41014,1.41042,1.54,1.32
2013.06.11 06:51:54.281,1.41014,1.41039,1.54,1.69
2013.06.11 06:51:57.071,1.41013,1.4104,2.44,1.54
2013.06.11 06:52:01.259,1.41015,1.41041,1.69,1.54
2013.06.11 06:52:01.792,1.41015,1.41042,2.44,3.04
2013.06.11 06:52:05.001,1.41011,1.41039,1.69,1.69
2013.06.11 06:52:05.843,1.4102,1.41042,1.50,2.07
2013.06.11 06:52:05.913,1.41019,1.41044,1.69,1.32
2013.06.11 06:52:06.451,1.41015,1.41042,1.54,2.44
2013.06.11 06:52:06.752,1.41015,1.41039,1.54,1.50
2013.06.11 06:52:07.683,1.41015,1.41042,1.54,2.44
2013.06.11 06:52:09.062,1.41015,1.4104,1.54,1.69
2013.06.11 06:52:09.241,1.41018,1.4104,1.54,1.50
2013.06.11 06:52:10.061,1.41018,1.41041,1.54,1.69
2013.06.11 06:52:10.603,1.41022,1.41049,1.54,4.92
2013.06.11 06:52:10.961,1.41021,1.41048,1.69,1.54
2013.06.11 06:52:12.932,1.41027,1.41051,1.32,4.54
2013.06.11 06:52:12.991,1.41028,1.41054,1.54,1.13
2013.06.11 06:52:13.062,1.41028,1.41057,3.60,1.32
2013.06.11 06:52:13.121,1.41028,1.41057,3.00,1.17
2013.06.11 06:52:13.241,1.41027,1.41052,1.69,1.13
2013.06.11 06:52:13.543,1.41026,1.41052,1.69,2.07
2013.06.11 06:52:14.491,1.41025,1.41052,3.19,1.69
2013.06.11 06:52:19.414,1.41026,1.41052,1.50,1.32
2013.06.11 06:52:19.542,1.41028,1.41055,2.25,1.69
2013.06.11 06:52:19.879,1.41028,1.41056,2.25,1.32
2013.06.11 06:52:19.949,1.41033,1.41061,2.25,1.32
2013.06.11 06:52:21.641,1.41034,1.41062,1.50,2.07
2013.06.11 06:52:22.194,1.41034,1.41059,2.25,1.13
2013.06.11 06:52:22.741,1.41034,1.41061,1.50,2.07
2013.06.11 06:52:24.084,1.41033,1.41059,1.50,1.32
2013.06.11 06:52:25.092,1.41036,1.41059,3.23,1.32
2013.06.11 06:52:25.272,1.4104,1.41063,2.10,1.13
2013.06.11 06:52:25.331,1.41041,1.41063,1.50,1.13
2013.06.11 06:52:25.511,1.41042,1.41069,2.85,2.44
2013.06.11 06:52:25.632,1.41046,1.41068,1.17,1.69
2013.06.11 06:52:26.182,1.41046,1.41073,2.29,1.32
2013.06.11 06:52:26.721,1.41049,1.41072,1.17,2.44
2013.06.11 06:52:26.781,1.41049,1.41072,1.35,1.69
2013.06.11 06:52:30.051,1.41046,1.41072,1.69,1.32
2013.06.11 06:52:31.161,1.41046,1.4107,1.69,1.13
2013.06.11 06:52:31.449,1.41045,1.4107,1.69,1.32
2013.06.11 06:52:32.675,1.41045,1.41072,1.69,2.07
2013.06.11 06:52:32.991,1.41045,1.4107,1.69,1.32
2013.06.11 06:52:33.471,1.41041,1.4107,3.19,1.32
2013.06.11 06:52:33.531,1.41041,1.41067,1.69,2.25
2013.06.11 06:52:33.592,1.4104,1.41067,2.07,2.44
2013.06.11 06:52:33.711,1.4104,1.41064,1.32,1.50
2013.06.11 06:52:33.957,1.41034,1.41061,1.92,1.69
2013.06.11 06:52:34.901,1.41034,1.41061,1.92,2.44
2013.06.11 06:52:36.261,1.41033,1.41059,1.69,1.50
2013.06.11 06:52:36.381,1.4103,1.41058,1.54,1.13
2013.06.11 06:52:36.921,1.41034,1.41055,1.69,1.13
2013.06.11 06:52:37.552,1.41034,1.41055,1.69,1.13
2013.06.11 06:52:43.111,1.41031,1.41055,1.69,1.88
2013.06.11 06:52:44.811,1.41031,1.41055,1.69,1.32
2013.06.11 06:52:47.375,1.41031,1.41055,1.69,1.88
2013.06.11 06:52:47.692,1.41026,1.41044,1.50,1.13
2013.06.11 06:52:48.051,1.41029,1.41054,2.44,1.50
2013.06.11 06:52:48.111,1.41029,1.41053,2.44,1.50
2013.06.11 06:52:48.671,1.41028,1.41053,3.19,1.50
2013.06.11 06:52:48.851,1.41028,1.41049,1.69,1.13
2013.06.11 06:53:00.651,1.41027,1.41049,2.44,1.13
2013.06.11 06:53:01.012,1.4103,1.41049,2.44,1.13
2013.06.11 06:53:02.211,1.41028,1.41049,1.69,1.13
2013.06.11 06:53:03.354,1.41028,1.41049,1.69,1.13
2013.06.11 06:53:03.413,1.41026,1.41049,3.19,1.13
2013.06.11 06:53:06.311,1.41028,1.41049,1.69,1.13
2013.06.11 06:53:06.432,1.41032,1.41052,1.69,1.13
2013.06.11 06:53:06.551,1.41032,1.41054,1.69,1.32
2013.06.11 06:53:06.674,1.41034,1.41058,1.69,1.32
2013.06.11 06:53:06.792,1.41038,1.41061,1.69,1.69
2013.06.11 06:53:07.291,1.41041,1.41064,1.50,3.42
2013.06.11 06:53:07.367,1.41041,1.41064,2.44,1.92
2013.06.11 06:53:07.961,1.41037,1.41064,2.29,2.07
2013.06.11 06:53:08.201,1.41041,1.41064,2.25,1.69
2013.06.11 06:53:08.441,1.41041,1.41065,2.44,1.32
2013.06.11 06:53:09.001,1.41043,1.41067,1.54,1.32
2013.06.11 06:53:10.360,1.41043,1.41067,2.29,2.07
2013.06.11 06:53:11.130,1.41043,1.41066,2.29,1.88
2013.06.11 06:53:11.431,1.4105,1.41077,2.44,2.29
2013.06.11 06:53:11.491,1.4105,1.41078,1.69,2.82
2013.06.11 06:53:12.948,1.41049,1.41076,1.54,2.44
2013.06.11 06:53:20.892,1.41049,1.41073,4.35,1.69
2013.06.11 06:53:21.071,1.41054,1.41079,1.69,1.69
2013.06.11 06:53:22.011,1.41055,1.41081,1.69,2.07
2013.06.11 06:53:22.632,1.41055,1.4108,2.44,1.32
2013.06.11 06:53:23.313,1.41055,1.4108,2.44,1.32
2013.06.11 06:53:23.691,1.41056,1.41079,1.32,1.69
2013.06.11 06:53:24.232,1.41055,1.41079,1.32,1.69
2013.06.11 06:53:24.352,1.41052,1.41077,1.69,1.32
2013.06.11 06:53:24.473,1.41052,1.41075,1.13,1.32
2013.06.11 06:53:25.012,1.41049,1.41073,1.69,1.32
2013.06.11 06:53:25.541,1.41051,1.41072,1.50,1.32
2013.06.11 06:53:26.296,1.41051,1.41072,1.50,1.32
2013.06.11 06:53:26.641,1.41053,1.41072,1.88,1.32
2013.06.11 06:53:26.821,1.41056,1.41074,1.50,1.32
2013.06.11 06:53:26.882,1.41055,1.41074,2.44,1.13
2013.06.11 06:53:27.001,1.41055,1.4108,2.44,2.44
2013.06.11 06:53:27.181,1.41057,1.4108,1.50,1.69
2013.06.11 06:53:27.241,1.41058,1.41081,2.29,1.32
2013.06.11 06:53:27.781,1.41058,1.41081,1.69,1.32
2013.06.11 06:53:28.643,1.41059,1.41084,2.29,2.07
2013.06.11 06:53:29.148,1.41062,1.41084,1.50,2.07
2013.06.11 06:53:29.701,1.41062,1.41083,1.50,1.69
2013.06.11 06:53:30.251,1.41062,1.41083,2.25,1.69
2013.06.11 06:53:30.372,1.41062,1.41084,2.25,1.32
2013.06.11 06:53:30.552,1.41064,1.41086,2.10,1.69
2013.06.11 06:53:30.681,1.41064,1.41088,1.54,1.69
2013.06.11 06:53:30.742,1.4106,1.41088,2.29,1.69
2013.06.11 06:53:32.024,1.4106,1.41088,3.79,1.69
2013.06.11 06:53:32.727,1.41062,1.41088,2.44,1.69
2013.06.11 06:53:33.233,1.41062,1.41088,3.19,1.69
2013.06.11 06:53:33.807,1.41064,1.41088,1.69,1.69
2013.06.11 06:53:34.182,1.41068,1.41092,1.69,2.29
2013.06.11 06:53:34.361,1.4107,1.41092,2.10,1.69
2013.06.11 06:53:34.421,1.4107,1.41093,2.10,1.69
2013.06.11 06:53:34.541,1.41077,1.41094,2.25,2.44
2013.06.11 06:53:34.601,1.4108,1.41094,1.35,1.50
2013.06.11 06:53:34.782,1.4108,1.41103,1.35,2.44
2013.06.11 06:53:34.962,1.41075,1.41102,2.44,1.69
2013.06.11 06:53:35.202,1.41073,1.41102,2.25,1.69
2013.06.11 06:53:35.922,1.41075,1.41102,1.69,1.69
2013.06.11 06:53:36.333,1.41077,1.41102,1.69,1.69
2013.06.11 06:53:36.871,1.41076,1.41101,1.32,1.69
2013.06.11 06:53:37.231,1.41082,1.41105,1.13,1.69
2013.06.11 06:53:37.653,1.41076,1.41101,2.07,1.69
2013.06.11 06:53:37.713,1.41076,1.41098,1.69,1.69
2013.06.11 06:53:37.831,1.41067,1.41096,1.88,2.44
2013.06.11 06:53:37.952,1.41073,1.41096,1.17,2.44
2013.06.11 06:53:39.964,1.41074,1.41096,1.32,3.19
2013.06.11 06:53:40.301,1.41073,1.41096,1.92,1.69
2013.06.11 06:53:40.481,1.4107,1.41098,2.63,2.44
2013.06.11 06:53:40.675,1.4107,1.41094,1.69,1.69
2013.06.11 06:53:40.982,1.41062,1.41088,1.32,1.69
2013.06.11 06:53:41.101,1.41059,1.41089,2.29,1.69
2013.06.11 06:53:43.551,1.4106,1.41087,1.54,1.69
2013.06.11 06:53:45.713,1.4106,1.41088,3.04,1.69
2013.06.11 06:53:45.954,1.4106,1.41088,2.67,1.69
2013.06.11 06:53:46.174,1.4106,1.41087,1.92,1.69
2013.06.11 06:53:46.662,1.41057,1.41083,5.10,1.69
2013.06.11 06:53:47.502,1.41057,1.41081,2.10,1.69
2013.06.11 06:53:48.052,1.41058,1.41082,1.54,1.69
2013.06.11 06:53:48.374,1.41061,1.41082,1.35,1.69
2013.06.11 06:53:50.471,1.41059,1.41082,1.54,2.44
2013.06.11 06:53:51.941,1.41059,1.41083,1.54,2.44
2013.06.11 06:53:54.675,1.41059,1.41083,1.54,2.44
2013.06.11 06:53:55.201,1.41059,1.41083,1.54,1.69
2013.06.11 06:53:56.222,1.41059,1.41083,1.54,2.44
2013.06.11 06:53:56.928,1.41059,1.41083,1.54,3.19
2013.06.11 06:53:58.141,1.41062,1.41083,1.35,1.69
2013.06.11 06:53:59.242,1.4106,1.41082,3.04,2.44
2013.06.11 06:53:59.932,1.4106,1.41084,2.29,1.69
2013.06.11 06:54:00.542,1.41061,1.41088,1.50,2.44
2013.06.11 06:54:00.782,1.41062,1.41087,1.50,1.50
2013.06.11 06:54:00.963,1.41059,1.41084,1.50,1.50
2013.06.11 06:54:01.083,1.41058,1.41083,1.69,2.44
2013.06.11 06:54:01.654,1.41059,1.41085,1.69,1.69
2013.06.11 06:54:01.782,1.41059,1.41086,1.69,2.44
2013.06.11 06:54:02.082,1.41059,1.41087,3.94,1.69
2013.06.11 06:54:02.442,1.41059,1.41083,2.44,1.50
2013.06.11 06:54:02.802,1.41059,1.41083,2.44,2.25
2013.06.11 06:54:03.308,1.41059,1.41082,2.44,1.50
2013.06.11 06:54:03.551,1.41059,1.41085,2.25,1.69
2013.06.11 06:54:04.931,1.41061,1.41087,1.69,1.69
2013.06.11 06:54:04.991,1.41073,1.4109,1.50,1.69
2013.06.11 06:54:05.052,1.41075,1.41091,1.50,1.69
2013.06.11 06:54:05.292,1.41075,1.41098,1.50,1.69
2013.06.11 06:54:05.351,1.4108,1.41099,1.50,1.35
2013.06.11 06:54:05.653,1.41077,1.41101,3.19,2.44
2013.06.11 06:54:05.773,1.4108,1.41101,1.50,3.19
2013.06.11 06:54:06.083,1.41078,1.41101,1.69,2.07
2013.06.11 06:54:06.611,1.41077,1.411,1.69,1.17
2013.06.11 06:54:06.973,1.41074,1.41095,1.69,1.73
2013.06.11 06:54:07.033,1.4107,1.41095,2.44,1.73
2013.06.11 06:54:07.581,1.41072,1.41095,1.69,1.73
2013.06.11 06:54:08.454,1.4107,1.41095,2.44,1.73
2013.06.11 06:54:09.873,1.41071,1.41095,1.69,2.48
2013.06.11 06:54:10.621,1.41071,1.41094,1.69,1.13
2013.06.11 06:54:11.314,1.4107,1.41094,2.07,1.32
2013.06.11 06:54:11.552,1.41067,1.41093,1.69,1.69
2013.06.11 06:54:11.614,1.41064,1.41092,1.54,2.44
2013.06.11 06:54:13.661,1.41071,1.41093,2.44,2.10
2013.06.11 06:54:13.782,1.41071,1.41098,2.44,1.32
2013.06.11 06:54:13.901,1.41071,1.41099,2.44,1.17
2013.06.11 06:54:14.202,1.41072,1.41096,1.69,1.50
2013.06.11 06:54:14.262,1.41071,1.41095,2.44,2.07
2013.06.11 06:54:14.321,1.41071,1.41095,2.44,4.17
2013.06.11 06:54:14.564,1.41068,1.41094,2.44,1.54
2013.06.11 06:54:14.682,1.41071,1.41094,1.69,1.35
2013.06.11 06:54:14.863,1.41069,1.41099,2.29,3.04
2013.06.11 06:54:15.972,1.41069,1.41097,1.54,1.69
2013.06.11 06:54:16.031,1.41068,1.41096,1.54,2.44
2013.06.11 06:54:17.342,1.4107,1.41095,2.44,1.69
2013.06.11 06:54:17.462,1.41073,1.41099,1.69,1.54
2013.06.11 06:54:17.582,1.41073,1.41099,2.44,1.54
2013.06.11 06:54:18.372,1.41075,1.41099,1.69,1.54
2013.06.11 06:54:18.612,1.41076,1.41104,2.44,1.32
2013.06.11 06:54:19.937,1.41076,1.41104,1.69,1.88
2013.06.11 06:54:20.382,1.41076,1.41103,1.69,2.07
2013.06.11 06:54:20.872,1.41075,1.41099,2.44,1.32
2013.06.11 06:54:21.003,1.41071,1.41097,1.69,2.07
2013.06.11 06:54:21.591,1.41072,1.41095,1.69,1.32
2013.06.11 06:54:22.093,1.41073,1.41095,1.69,1.32
2013.06.11 06:54:22.748,1.41073,1.41095,2.44,1.32
2013.06.11 06:54:23.112,1.4107,1.41091,2.25,1.54
2013.06.11 06:54:23.173,1.4107,1.41091,1.50,1.54
2013.06.11 06:54:23.232,1.41067,1.41089,3.57,1.32
2013.06.11 06:54:23.531,1.41067,1.4109,2.07,1.92
2013.06.11 06:54:23.652,1.41068,1.4109,1.69,1.17
2013.06.11 06:54:23.832,1.4107,1.41092,1.69,1.17
2013.06.11 06:54:23.893,1.41071,1.41094,1.69,2.67
2013.06.11 06:54:24.012,1.41072,1.41097,2.29,1.69
2013.06.11 06:54:24.072,1.41072,1.411,3.04,2.44
2013.06.11 06:54:24.613,1.41077,1.41101,1.69,1.32
2013.06.11 06:54:25.092,1.41077,1.41104,2.44,2.07
2013.06.11 06:54:25.663,1.41076,1.41104,1.54,2.82
2013.06.11 06:54:25.722,1.41076,1.41104,1.54,2.82
2013.06.11 06:54:25.841,1.4108,1.41104,1.69,1.32
2013.06.11 06:54:26.367,1.41083,1.41104,1.50,1.32
2013.06.11 06:54:26.782,1.41084,1.41104,1.50,1.32
2013.06.11 06:54:27.083,1.41082,1.411,1.50,1.32
2013.06.11 06:54:27.202,1.41083,1.41101,1.50,1.69
2013.06.11 06:54:27.322,1.41085,1.41109,1.69,2.82
2013.06.11 06:54:27.501,1.41085,1.41109,1.54,1.69
2013.06.11 06:54:27.621,1.41085,1.41112,1.54,1.32
2013.06.11 06:54:28.152,1.41085,1.41112,1.69,2.29
2013.06.11 06:54:28.701,1.41085,1.41109,1.69,1.32
2013.06.11 06:54:28.883,1.41086,1.41109,1.50,2.07
2013.06.11 06:54:30.162,1.41085,1.41109,1.69,2.07
2013.06.11 06:54:30.725,1.41082,1.41107,2.07,1.54
2013.06.11 06:54:30.852,1.41082,1.41105,1.32,1.69
2013.06.11 06:54:31.153,1.41085,1.41106,1.69,1.13
2013.06.11 06:54:31.342,1.41087,1.41108,1.69,1.50
2013.06.11 06:54:31.701,1.41081,1.41106,2.82,1.32
2013.06.11 06:54:31.881,1.4108,1.41107,2.29,1.32
2013.06.11 06:54:33.161,1.4108,1.41109,1.54,1.32
2013.06.11 06:54:33.738,1.4108,1.41108,2.29,1.69
2013.06.11 06:54:34.271,1.4108,1.41108,2.29,1.69
2013.06.11 06:54:34.781,1.4108,1.41108,2.29,1.69
2013.06.11 06:54:35.021,1.4108,1.41106,2.29,1.69
2013.06.11 06:54:36.821,1.41081,1.41108,1.69,2.44
2013.06.11 06:54:38.282,1.41078,1.41104,1.69,1.32
2013.06.11 06:54:38.831,1.41078,1.41105,2.10,2.44
2013.06.11 06:54:39.531,1.4108,1.41104,1.54,1.69
2013.06.11 06:54:40.038,1.41078,1.41105,2.10,2.44
2013.06.11 06:54:41.641,1.4108,1.41106,1.54,3.19
2013.06.11 06:54:42.361,1.41081,1.41104,2.44,1.17
2013.06.11 06:54:42.421,1.41081,1.41104,2.44,1.17
2013.06.11 06:54:42.482,1.41081,1.41102,1.69,1.32
2013.06.11 06:54:42.783,1.4108,1.41101,1.69,1.13
2013.06.11 06:54:43.322,1.41082,1.41101,2.44,1.13
2013.06.11 06:54:43.682,1.41085,1.41109,1.69,1.50
2013.06.11 06:54:43.922,1.41088,1.41113,1.69,1.54
2013.06.11 06:54:45.672,1.4109,1.4111,1.50,1.69
2013.06.11 06:54:46.032,1.41082,1.411,1.54,2.25
2013.06.11 06:54:46.212,1.41076,1.411,1.50,1.69
2013.06.11 06:54:46.742,1.41075,1.41099,2.44,1.88
2013.06.11 06:54:47.281,1.41075,1.411,1.69,2.44
2013.06.11 06:54:47.941,1.41075,1.41099,3.19,1.50
2013.06.11 06:54:48.501,1.41076,1.41099,1.69,1.50
2013.06.11 06:54:48.832,1.41076,1.41102,2.44,1.32
2013.06.11 06:54:51.432,1.41076,1.41099,2.44,1.50
2013.06.11 06:54:51.552,1.41076,1.411,2.44,1.32
2013.06.11 06:54:52.091,1.41077,1.41099,1.32,1.13
2013.06.11 06:54:53.221,1.41077,1.411,1.32,1.32
2013.06.11 06:54:53.342,1.41076,1.411,3.19,2.82
2013.06.11 06:54:53.643,1.41076,1.411,2.44,3.57
2013.06.11 06:54:55.971,1.41076,1.41099,1.69,2.07
2013.06.11 06:54:56.262,1.41076,1.41099,1.69,2.82
2013.06.11 06:54:57.352,1.41076,1.411,1.69,1.32
2013.06.11 06:54:57.412,1.41076,1.41096,1.69,2.10
2013.06.11 06:54:57.712,1.41068,1.41092,1.69,1.50
2013.06.11 06:54:57.772,1.41065,1.41093,1.54,2.07
2013.06.11 06:54:57.832,1.41064,1.41093,1.54,2.07
2013.06.11 06:54:58.072,1.41062,1.41087,2.29,1.32
2013.06.11 06:54:58.311,1.41065,1.41092,1.54,1.69
2013.06.11 06:54:58.492,1.41063,1.41089,1.35,1.69
2013.06.11 06:54:59.342,1.41062,1.41084,2.10,1.32
2013.06.11 06:54:59.402,1.41061,1.41083,1.50,2.29
2013.06.11 06:54:59.584,1.41061,1.41085,2.25,1.54
2013.06.11 06:54:59.764,1.41056,1.41082,1.69,1.69
2013.06.11 06:54:59.883,1.41055,1.41079,3.04,1.32
2013.06.11 06:55:00.002,1.41056,1.41083,1.69,1.92
2013.06.11 06:55:00.544,1.41056,1.41084,3.04,1.32
2013.06.11 06:55:00.661,1.41056,1.41084,2.29,2.07
2013.06.11 06:55:00.723,1.41055,1.41076,2.07,1.17
2013.06.11 06:55:00.841,1.41051,1.41076,1.69,1.54
2013.06.11 06:55:00.903,1.4105,1.41073,1.50,1.32
2013.06.11 06:55:00.962,1.41049,1.41071,1.50,2.85
2013.06.11 06:55:01.370,1.41045,1.41068,2.44,1.17
2013.06.11 06:55:01.912,1.41041,1.41068,2.44,1.17
2013.06.11 06:55:01.972,1.41041,1.41067,1.69,1.32
2013.06.11 06:55:02.992,1.41039,1.41063,1.69,1.17
2013.06.11 06:55:03.413,1.41041,1.41065,1.69,2.67
2013.06.11 06:55:03.591,1.41041,1.41065,2.07,2.29
2013.06.11 06:55:03.894,1.41041,1.41065,2.07,2.29
2013.06.11 06:55:04.132,1.41041,1.41065,1.32,2.67
2013.06.11 06:55:04.311,1.41039,1.41063,1.69,1.17
2013.06.11 06:55:05.696,1.41039,1.41063,2.44,1.17
2013.06.11 06:55:06.121,1.4104,1.41069,2.44,2.07
2013.06.11 06:55:06.241,1.4104,1.41069,2.44,2.07
2013.06.11 06:55:06.934,1.41042,1.41069,1.69,2.07
2013.06.11 06:55:07.475,1.41039,1.41065,2.07,1.92
2013.06.11 06:55:08.723,1.41039,1.41065,1.69,2.48
2013.06.11 06:55:10.571,1.41039,1.41065,2.44,1.73
2013.06.11 06:55:10.715,1.41041,1.41065,1.69,1.73
2013.06.11 06:55:11.192,1.4104,1.41065,2.63,1.17
2013.06.11 06:55:11.912,1.41052,1.41069,1.35,1.13
2013.06.11 06:55:12.092,1.41053,1.41075,2.63,1.69
2013.06.11 06:55:12.213,1.4105,1.41076,1.69,1.69
2013.06.11 06:55:12.754,1.41047,1.41077,2.25,1.69
2013.06.11 06:55:13.923,1.41047,1.41073,2.25,3.04
2013.06.11 06:55:14.043,1.41044,1.41069,1.69,1.92
2013.06.11 06:55:14.463,1.41045,1.41074,2.25,1.69
2013.06.11 06:55:14.762,1.41048,1.41078,2.44,1.69
2013.06.11 06:55:15.276,1.41048,1.41076,1.69,2.29
2013.06.11 06:55:15.789,1.41048,1.41076,1.69,2.29
2013.06.11 06:55:19.461,1.41047,1.41076,2.25,3.04
2013.06.11 06:55:21.553,1.41048,1.41074,1.69,3.04
2013.06.11 06:55:21.911,1.41047,1.41072,1.50,1.69
2013.06.11 06:55:24.081,1.41047,1.41073,1.50,1.54
2013.06.11 06:55:24.611,1.41045,1.41073,2.25,1.54
2013.06.11 06:55:25.151,1.41047,1.41073,2.44,1.54
2013.06.11 06:55:25.706,1.41047,1.41073,1.69,1.54
2013.06.11 06:55:27.121,1.41047,1.41073,2.44,1.54
2013.06.11 06:55:27.182,1.41048,1.41073,1.69,1.54
2013.06.11 06:55:29.221,1.4105,1.41076,2.29,2.44
2013.06.11 06:55:31.323,1.4105,1.41077,1.69,2.44
2013.06.11 06:55:31.441,1.4105,1.41077,1.69,1.69
2013.06.11 06:55:31.741,1.41049,1.41075,1.69,1.69
2013.06.11 06:55:31.801,1.41048,1.41074,1.50,1.69
2013.06.11 06:55:31.861,1.41048,1.41074,1.50,1.32
2013.06.11 06:55:32.942,1.41048,1.41072,1.69,1.13
2013.06.11 06:55:33.503,1.41049,1.41072,1.69,1.13
2013.06.11 06:55:34.022,1.41051,1.41072,2.44,1.13
2013.06.11 06:55:34.524,1.41048,1.41071,2.44,2.07
2013.06.11 06:55:34.582,1.41048,1.41068,1.69,1.32
2013.06.11 06:55:34.642,1.41047,1.41068,1.69,1.13
2013.06.11 06:55:34.824,1.41045,1.41071,2.44,1.32
2013.06.11 06:55:34.893,1.41044,1.41071,1.69,2.07
2013.06.11 06:55:35.014,1.41043,1.41072,2.44,3.42
2013.06.11 06:55:35.133,1.41042,1.41069,1.69,1.32
2013.06.11 06:55:35.853,1.41038,1.41065,1.54,2.44
2013.06.11 06:55:35.911,1.41037,1.41064,1.54,2.44
2013.06.11 06:55:36.691,1.41035,1.41061,1.54,1.69
2013.06.11 06:55:37.171,1.41032,1.4106,1.54,1.69
2013.06.11 06:55:39.771,1.41033,1.41062,2.29,1.32
2013.06.11 06:55:41.562,1.41033,1.41061,2.29,1.69
2013.06.11 06:55:41.862,1.41032,1.41051,1.54,2.25
2013.06.11 06:55:42.721,1.41032,1.4105,1.54,1.50
2013.06.11 06:55:43.082,1.41029,1.41051,2.25,1.50
2013.06.11 06:55:43.502,1.41028,1.41053,1.50,2.25
2013.06.11 06:55:43.681,1.41032,1.41056,3.19,1.17
2013.06.11 06:55:44.221,1.41033,1.41057,1.69,1.32
2013.06.11 06:55:45.203,1.41037,1.41055,1.50,1.32
2013.06.11 06:55:45.583,1.41034,1.41058,1.69,1.92
2013.06.11 06:55:45.714,1.41031,1.41057,1.69,1.92
2013.06.11 06:55:46.265,1.4103,1.41057,1.69,2.67
2013.06.11 06:55:47.761,1.41025,1.41054,3.79,1.69
2013.06.11 06:55:47.881,1.41027,1.41054,1.69,3.19
2013.06.11 06:55:49.631,1.41025,1.41054,3.04,3.57
2013.06.11 06:55:55.351,1.41025,1.41053,1.54,1.69
2013.06.11 06:55:56.952,1.41022,1.41047,1.50,1.69
2013.06.11 06:55:58.362,1.4102,1.41049,1.54,3.19
2013.06.11 06:56:00.283,1.4102,1.41049,3.04,3.57
2013.06.11 06:56:03.421,1.41024,1.41049,1.69,1.69
2013.06.11 06:56:03.550,1.41025,1.4105,1.54,1.32
2013.06.11 06:56:03.852,1.41027,1.41055,1.69,1.32
2013.06.11 06:56:10.604,1.41026,1.41053,1.69,1.69
2013.06.11 06:56:15.132,1.41024,1.41053,1.54,1.69
2013.06.11 06:56:16.431,1.41025,1.41054,2.29,1.32
2013.06.11 06:56:17.058,1.41025,1.41052,1.54,1.69
2013.06.11 06:56:17.301,1.41027,1.41054,1.50,1.32
2013.06.11 06:56:17.482,1.41026,1.41053,1.50,1.69
2013.06.11 06:56:17.543,1.41026,1.41054,1.50,2.63
2013.06.11 06:56:17.903,1.41031,1.4105,1.50,1.69
2013.06.11 06:56:18.022,1.41029,1.41054,1.69,2.63
2013.06.11 06:56:18.144,1.41029,1.41054,1.54,2.07
2013.06.11 06:56:19.011,1.41028,1.41053,3.04,1.32
2013.06.11 06:56:22.722,1.41031,1.41054,1.54,1.32
2013.06.11 06:56:24.622,1.4103,1.41055,3.04,2.07
2013.06.11 06:56:26.673,1.41029,1.41055,2.44,1.69
2013.06.11 06:56:26.733,1.41032,1.41056,1.69,1.92
2013.06.11 06:56:26.912,1.41034,1.41055,1.69,1.32
2013.06.11 06:56:27.091,1.41035,1.41061,1.69,2.07
2013.06.11 06:56:27.513,1.41041,1.41066,1.69,2.44
2013.06.11 06:56:27.931,1.41041,1.41067,2.44,1.69
2013.06.11 06:56:28.678,1.41039,1.41065,1.69,2.29
2013.06.11 06:56:28.804,1.41035,1.41061,1.69,3.04
2013.06.11 06:56:28.863,1.41032,1.41059,1.69,1.54
2013.06.11 06:56:29.161,1.41026,1.41053,3.19,1.69
2013.06.11 06:56:32.012,1.41027,1.41053,1.69,1.54
2013.06.11 06:56:32.131,1.41028,1.41053,1.50,1.54
2013.06.11 06:56:34.560,1.41028,1.41053,1.50,1.54
2013.06.11 06:56:36.203,1.41026,1.41053,3.94,1.54
2013.06.11 06:56:37.331,1.41027,1.41053,1.69,1.54
2013.06.11 06:56:37.451,1.41027,1.41054,2.44,1.54
2013.06.11 06:56:38.642,1.41027,1.41051,1.69,2.44
2013.06.11 06:56:42.072,1.41026,1.41052,2.44,1.54
2013.06.11 06:56:44.091,1.41026,1.41053,1.69,1.54
2013.06.11 06:56:44.751,1.41025,1.4105,1.69,1.69
2013.06.11 06:56:45.992,1.41022,1.41049,1.69,1.69
2013.06.11 06:56:46.842,1.41023,1.41048,1.69,2.07
2013.06.11 06:56:47.881,1.41022,1.4105,1.69,2.44
2013.06.11 06:56:48.556,1.41022,1.41047,1.69,1.69
2013.06.11 06:56:50.703,1.41025,1.41047,1.32,1.69
2013.06.11 06:56:50.765,1.41029,1.41047,1.17,1.50
2013.06.11 06:56:50.942,1.41029,1.41056,1.92,1.32
2013.06.11 06:56:51.006,1.41029,1.41055,1.32,1.54
2013.06.11 06:56:51.071,1.41025,1.41053,2.44,1.69
2013.06.11 06:56:51.312,1.4103,1.41056,1.69,1.69
2013.06.11 06:56:51.913,1.41032,1.41059,2.82,1.32
2013.06.11 06:56:53.882,1.41037,1.41061,1.32,1.69
2013.06.11 06:56:54.535,1.41037,1.41061,2.07,2.44
2013.06.11 06:56:55.103,1.41038,1.41061,1.32,1.69
2013.06.11 06:56:55.464,1.41042,1.41064,4.17,1.32
2013.06.11 06:56:55.523,1.41042,1.41066,4.17,2.44
2013.06.11 06:56:56.063,1.41044,1.41068,1.50,1.69
2013.06.11 06:56:56.122,1.41045,1.41069,1.69,2.07
2013.06.11 06:56:56.421,1.41044,1.41069,2.44,1.32
2013.06.11 06:56:57.262,1.41043,1.41069,2.29,1.32
2013.06.11 06:56:57.793,1.4104,1.41064,1.50,2.29
2013.06.11 06:56:57.912,1.41038,1.41064,1.13,1.54
2013.06.11 06:56:57.973,1.41038,1.41062,1.50,1.69
2013.06.11 06:56:58.033,1.41042,1.41067,1.69,1.50
2013.06.11 06:56:58.272,1.41041,1.41068,1.54,1.69
2013.06.11 06:56:58.512,1.41039,1.41066,1.69,1.69
2013.06.11 06:56:59.173,1.41043,1.41066,1.50,1.69
2013.06.11 06:56:59.533,1.41046,1.41067,2.44,1.50
2013.06.11 06:56:59.832,1.41049,1.41073,1.54,1.69
2013.06.11 06:57:00.372,1.41049,1.41073,1.54,2.44
2013.06.11 06:57:00.842,1.41048,1.41071,1.32,1.69
2013.06.11 06:57:01.141,1.41045,1.41069,1.54,2.44
2013.06.11 06:57:02.502,1.41044,1.41068,1.92,1.69
2013.06.11 06:57:02.624,1.41042,1.41068,1.32,1.69
2013.06.11 06:57:04.184,1.41044,1.41067,1.73,1.69
2013.06.11 06:57:04.541,1.41047,1.4107,2.07,1.69
2013.06.11 06:57:05.453,1.41047,1.41071,2.07,3.57
2013.06.11 06:57:06.245,1.41047,1.41071,2.44,1.69
2013.06.11 06:57:06.892,1.41047,1.41071,2.44,1.69
2013.06.11 06:57:07.074,1.41047,1.41067,1.50,1.69
2013.06.11 06:57:07.134,1.41044,1.41067,2.10,3.19
2013.06.11 06:57:07.432,1.41039,1.41063,1.69,1.69
2013.06.11 06:57:07.491,1.41038,1.41063,1.32,2.44
2013.06.11 06:57:07.672,1.41036,1.41059,1.35,1.32
2013.06.11 06:57:07.793,1.41036,1.41057,1.35,1.32
2013.06.11 06:57:08.211,1.41036,1.41062,1.17,1.69
2013.06.11 06:57:09.921,1.41036,1.41062,2.67,2.82
2013.06.11 06:57:12.222,1.41047,1.41062,1.35,2.44
2013.06.11 06:57:12.463,1.4105,1.41075,1.13,1.54
2013.06.11 06:57:12.703,1.41049,1.41073,1.69,1.35
2013.06.11 06:57:13.254,1.41046,1.41073,1.69,1.35
2013.06.11 06:57:13.313,1.41044,1.41072,2.44,2.29
2013.06.11 06:57:14.065,1.41042,1.41068,3.19,1.54
2013.06.11 06:57:14.422,1.41039,1.41067,1.69,3.04
2013.06.11 06:57:15.712,1.41039,1.41066,1.69,1.54
2013.06.11 06:57:18.153,1.4104,1.41069,1.69,2.29
2013.06.11 06:57:20.241,1.41038,1.41066,1.69,3.04
2013.06.11 06:57:21.501,1.41035,1.41064,2.44,1.69
2013.06.11 06:57:24.303,1.41036,1.41062,1.69,1.54
2013.06.11 06:57:24.662,1.41033,1.41056,1.32,2.29
2013.06.11 06:57:25.201,1.41035,1.41057,1.69,1.54
2013.06.11 06:57:26.284,1.41035,1.41057,1.69,1.54
2013.06.11 06:57:26.582,1.41038,1.41064,1.50,1.88
2013.06.11 06:57:26.704,1.41038,1.41064,2.25,1.88
2013.06.11 06:57:27.014,1.41039,1.41062,1.50,1.50
2013.06.11 06:57:27.391,1.41039,1.41062,1.50,1.50
2013.06.11 06:57:30.371,1.41038,1.41063,1.50,2.44
2013.06.11 06:57:30.851,1.41038,1.41066,1.50,3.79
2013.06.11 06:57:30.973,1.41045,1.41066,1.32,2.10
2013.06.11 06:57:31.094,1.41048,1.41072,1.32,1.69
2013.06.11 06:57:31.274,1.41048,1.41073,1.32,2.44
2013.06.11 06:57:31.631,1.4105,1.41076,2.82,1.92
2013.06.11 06:57:31.992,1.41049,1.41074,1.69,2.07
2013.06.11 06:57:32.291,1.4104,1.41068,1.69,2.44
2013.06.11 06:57:33.541,1.41041,1.4107,1.69,1.69
2013.06.11 06:57:33.662,1.41045,1.4107,1.32,1.69
2013.06.11 06:57:33.781,1.41047,1.41072,2.82,1.69
2013.06.11 06:57:34.264,1.41045,1.4107,1.69,2.25
2013.06.11 06:57:34.621,1.41043,1.4107,1.32,1.50
2013.06.11 06:57:34.683,1.41046,1.4107,1.50,1.50
2013.06.11 06:57:34.984,1.41062,1.41074,1.35,1.50
2013.06.11 06:57:35.044,1.41062,1.41076,1.35,2.44
2013.06.11 06:57:35.162,1.41062,1.41085,1.92,2.44
2013.06.11 06:57:35.223,1.41061,1.41078,1.88,1.35
2013.06.11 06:57:35.522,1.41052,1.4108,2.44,1.69
2013.06.11 06:57:35.642,1.41055,1.4108,1.69,2.44
2013.06.11 06:57:36.002,1.41052,1.41079,1.69,1.69
2013.06.11 06:57:36.123,1.41048,1.41076,1.69,1.69
2013.06.11 06:57:37.492,1.41053,1.41079,3.00,1.73
2013.06.11 06:57:37.552,1.41054,1.4108,1.69,1.73
2013.06.11 06:57:38.111,1.41054,1.4108,2.44,1.73
2013.06.11 06:57:38.632,1.41055,1.4108,2.25,1.73
2013.06.11 06:57:39.472,1.41056,1.4108,1.50,1.73
2013.06.11 06:57:40.002,1.41054,1.4108,1.69,2.29
2013.06.11 06:57:40.063,1.41055,1.41081,1.69,3.04
2013.06.11 06:57:40.373,1.41057,1.41081,2.44,2.10
2013.06.11 06:57:40.649,1.41061,1.41081,2.25,2.10
2013.06.11 06:57:40.714,1.41061,1.41085,2.25,1.54
2013.06.11 06:57:42.024,1.41059,1.41085,1.69,1.54
2013.06.11 06:57:42.172,1.41059,1.41086,3.19,3.04
2013.06.11 06:57:42.722,1.41059,1.41084,2.44,1.17
2013.06.11 06:57:42.844,1.41056,1.41082,2.44,2.07
2013.06.11 06:57:42.913,1.41056,1.4108,1.69,1.17
2013.06.11 06:57:43.471,1.41056,1.4108,1.69,1.17
2013.06.11 06:57:43.851,1.41056,1.41079,1.69,1.32
2013.06.11 06:57:44.402,1.4106,1.41079,1.50,1.32
2013.06.11 06:57:44.911,1.41059,1.41079,1.50,1.32
2013.06.11 06:57:46.992,1.41061,1.41084,1.50,1.32
2013.06.11 06:57:47.292,1.41065,1.41092,2.07,1.32
2013.06.11 06:57:47.532,1.41069,1.41093,1.50,1.92
2013.06.11 06:57:47.725,1.41067,1.41088,1.69,1.35
2013.06.11 06:57:48.087,1.41064,1.41087,1.69,1.54
2013.06.11 06:57:48.391,1.41059,1.4108,2.82,1.50
2013.06.11 06:57:48.451,1.41059,1.41078,2.07,1.50
2013.06.11 06:57:48.572,1.41059,1.4108,1.32,1.69
2013.06.11 06:57:48.631,1.41059,1.41078,1.32,2.10
2013.06.11 06:57:48.763,1.41051,1.41075,1.13,1.17
2013.06.11 06:57:48.829,1.41051,1.41074,1.13,1.54
2013.06.11 06:57:51.701,1.41049,1.41074,1.13,1.54
2013.06.11 06:57:53.013,1.41049,1.41074,1.69,1.92
2013.06.11 06:57:53.552,1.41045,1.41072,1.69,1.69
2013.06.11 06:57:54.551,1.41045,1.41069,1.69,1.69
2013.06.11 06:57:54.982,1.41045,1.41069,1.69,2.29
2013.06.11 06:57:55.041,1.41045,1.41066,1.69,1.32
2013.06.11 06:57:55.712,1.41042,1.41066,1.69,2.07
2013.06.11 06:57:56.421,1.41042,1.41063,3.49,1.13
2013.06.11 06:57:56.922,1.41049,1.41063,2.10,1.13
2013.06.11 06:57:56.983,1.41052,1.4107,1.65,2.82
2013.06.11 06:57:57.162,1.41056,1.41073,1.05,2.29
2013.06.11 06:57:57.222,1.41056,1.41075,1.05,1.69
2013.06.11 06:57:57.342,1.41054,1.41075,1.24,1.69
2013.06.11 06:57:57.402,1.41059,1.41077,1.05,1.69
2013.06.11 06:57:57.521,1.41056,1.41078,1.43,1.32
2013.06.11 06:57:57.823,1.4105,1.41075,2.29,1.32
2013.06.11 06:57:58.062,1.41054,1.41079,2.10,2.44
2013.06.11 06:57:58.647,1.41055,1.41079,1.32,2.44
2013.06.11 06:57:58.892,1.41065,1.41089,2.18,2.44
2013.06.11 06:57:59.012,1.41066,1.4109,1.24,1.69
2013.06.11 06:57:59.732,1.41064,1.41087,1.88,1.69
2013.06.11 06:57:59.974,1.41064,1.4109,1.50,1.69
2013.06.11 06:58:00.039,1.41065,1.41091,1.69,2.44
2013.06.11 06:58:00.368,1.4107,1.41092,2.25,1.92
2013.06.11 06:58:00.913,1.41071,1.41088,2.25,1.13
2013.06.11 06:58:01.212,1.41072,1.41096,1.69,1.32
2013.06.11 06:58:01.272,1.41073,1.41098,1.69,1.88
2013.06.11 06:58:01.392,1.41073,1.41101,1.69,1.69
2013.06.11 06:58:01.512,1.4107,1.41097,2.44,2.29
2013.06.11 06:58:02.302,1.41069,1.41093,1.69,1.32
2013.06.11 06:58:02.662,1.41094,1.4111,1.13,3.04
2013.06.11 06:58:02.844,1.41083,1.41109,2.44,1.17
2013.06.11 06:58:02.903,1.41085,1.41112,1.54,2.44
2013.06.11 06:58:03.443,1.41086,1.4111,1.50,1.69
2013.06.11 06:58:04.682,1.41086,1.41109,1.50,1.69
2013.06.11 06:58:05.172,1.41086,1.41111,1.50,3.19
2013.06.11 06:58:07.342,1.41087,1.41111,1.50,1.69
2013.06.11 06:58:08.525,1.4109,1.41113,1.50,1.69
2013.06.11 06:58:09.045,1.4109,1.41113,1.50,1.69
2013.06.11 06:58:09.411,1.4109,1.4111,1.50,1.69
2013.06.11 06:58:09.722,1.4109,1.4111,1.32,1.69
2013.06.11 06:58:09.964,1.41083,1.41106,1.50,1.54
2013.06.11 06:58:10.562,1.41082,1.41106,1.50,2.29
2013.06.11 06:58:10.701,1.41082,1.41106,1.50,2.29
2013.06.11 06:58:11.122,1.41082,1.41105,1.50,1.69
2013.06.11 06:58:12.382,1.41083,1.41106,2.25,2.67
2013.06.11 06:58:12.942,1.41081,1.41106,3.00,2.29
2013.06.11 06:58:13.242,1.41081,1.41102,2.07,2.63
2013.06.11 06:58:13.362,1.41081,1.41094,1.32,1.35
2013.06.11 06:58:13.483,1.41072,1.41096,1.35,1.73
2013.06.11 06:58:13.543,1.41067,1.41096,2.25,1.73
2013.06.11 06:58:14.023,1.41073,1.41094,1.32,1.17
2013.06.11 06:58:14.084,1.41073,1.41095,1.50,1.13
2013.06.11 06:58:14.143,1.41075,1.41095,1.50,1.13
2013.06.11 06:58:14.502,1.41078,1.41101,1.50,1.54
2013.06.11 06:58:14.623,1.41081,1.41101,1.50,1.54
2013.06.11 06:58:14.742,1.4108,1.41101,1.50,1.54
2013.06.11 06:58:14.802,1.41081,1.41101,1.50,1.54
2013.06.11 06:58:15.042,1.4108,1.41101,1.50,2.29
2013.06.11 06:58:16.062,1.41079,1.411,1.50,1.69
2013.06.11 06:58:16.742,1.41079,1.411,1.32,1.69
2013.06.11 06:58:17.308,1.41078,1.41101,2.44,1.32
2013.06.11 06:58:17.374,1.41077,1.41101,1.69,1.32
2013.06.11 06:58:17.973,1.41077,1.411,3.00,1.32
2013.06.11 06:58:19.351,1.41077,1.411,3.00,1.32
2013.06.11 06:58:20.683,1.4108,1.41102,1.50,2.07
2013.06.11 06:58:22.832,1.41075,1.41097,1.13,1.54
2013.06.11 06:58:23.012,1.41072,1.41099,1.69,2.29
2013.06.11 06:58:24.447,1.41072,1.41097,1.69,1.54
2013.06.11 06:58:25.210,1.41072,1.41097,2.44,1.54
2013.06.11 06:58:28.177,1.4107,1.41097,1.69,1.54
2013.06.11 06:58:29.352,1.41071,1.41097,1.50,1.54
2013.06.11 06:58:31.411,1.41072,1.41097,1.50,1.54
2013.06.11 06:58:34.303,1.4107,1.41097,1.50,1.54
2013.06.11 06:58:36.467,1.4107,1.41097,1.50,1.54
2013.06.11 06:58:37.101,1.41069,1.41096,2.25,2.44
2013.06.11 06:58:37.602,1.4107,1.41096,1.50,2.44
2013.06.11 06:58:38.381,1.4107,1.41096,2.25,2.44
2013.06.11 06:58:39.423,1.41071,1.41095,1.50,1.50
2013.06.11 06:58:40.422,1.41071,1.41095,1.50,1.69
2013.06.11 06:58:47.502,1.4107,1.41095,1.50,1.69
2013.06.11 06:58:48.013,1.4107,1.41093,1.50,1.50
2013.06.11 06:58:50.913,1.4107,1.41093,1.50,1.69
2013.06.11 06:58:50.972,1.4107,1.41093,1.50,3.79
2013.06.11 06:58:51.272,1.41065,1.4109,1.32,2.29
2013.06.11 06:58:51.513,1.41063,1.41086,1.69,2.10
2013.06.11 06:58:51.572,1.41061,1.41086,1.13,3.04
2013.06.11 06:58:57.087,1.41062,1.41089,2.44,2.29
2013.06.11 06:58:57.612,1.41062,1.41089,1.69,2.29
2013.06.11 06:58:58.492,1.41064,1.41089,1.69,2.29
2013.06.11 06:58:58.732,1.41068,1.41092,1.50,2.07
2013.06.11 06:58:58.972,1.4107,1.41093,2.44,1.32
2013.06.11 06:58:59.212,1.41071,1.41093,1.69,1.13
2013.06.11 06:58:59.572,1.41076,1.41101,2.44,1.54
2013.06.11 06:58:59.813,1.4108,1.41109,2.25,2.44
2013.06.11 06:59:00.403,1.41081,1.41109,1.50,2.44
2013.06.11 06:59:00.522,1.41082,1.41106,1.50,1.69
2013.06.11 06:59:01.332,1.41082,1.41104,1.50,1.50
2013.06.11 06:59:01.882,1.41081,1.41103,1.50,1.13
2013.06.11 06:59:02.374,1.41081,1.41103,1.50,1.13
2013.06.11 06:59:02.952,1.41081,1.41103,1.50,1.13
2013.06.11 06:59:04.142,1.41081,1.41103,2.25,1.13
2013.06.11 06:59:05.352,1.41081,1.41105,2.25,2.07
2013.06.11 06:59:06.263,1.41082,1.41104,2.44,2.07
2013.06.11 06:59:06.602,1.41082,1.41104,1.50,1.69
2013.06.11 06:59:07.452,1.41081,1.41104,1.50,1.88
2013.06.11 06:59:08.714,1.41081,1.41104,1.69,1.69
2013.06.11 06:59:08.905,1.41081,1.41103,1.69,1.50
2013.06.11 06:59:09.322,1.41082,1.41105,1.69,1.50
2013.06.11 06:59:09.443,1.41085,1.41104,1.69,1.50
2013.06.11 06:59:10.002,1.41084,1.41105,1.69,1.50
2013.06.11 06:59:12.037,1.41084,1.41105,1.69,1.88
2013.06.11 06:59:17.072,1.41083,1.41101,1.69,1.35
2013.06.11 06:59:17.612,1.41081,1.41101,2.44,1.35
2013.06.11 06:59:17.919,1.41081,1.41101,1.69,1.35
2013.06.11 06:59:18.925,1.4108,1.41101,2.44,1.35
2013.06.11 06:59:19.044,1.4108,1.41101,1.69,1.35
2013.06.11 06:59:19.282,1.41077,1.41099,2.44,1.50
2013.06.11 06:59:19.402,1.41077,1.411,1.69,2.25
2013.06.11 06:59:19.462,1.41076,1.411,1.69,2.25
2013.06.11 06:59:20.464,1.41076,1.41101,1.69,2.48
2013.06.11 06:59:21.842,1.41071,1.41098,2.29,1.88
2013.06.11 06:59:22.142,1.41074,1.41095,1.69,1.13
2013.06.11 06:59:23.541,1.41074,1.41101,2.25,2.29
2013.06.11 06:59:27.303,1.41071,1.41096,4.17,1.32
2013.06.11 06:59:27.844,1.41071,1.41095,4.17,1.13
2013.06.11 06:59:30.253,1.41076,1.41101,1.69,3.04
2013.06.11 06:59:30.442,1.41076,1.411,1.69,1.69
2013.06.11 06:59:32.913,1.41076,1.41097,1.69,1.50
2013.06.11 06:59:38.863,1.41075,1.411,1.69,1.69
2013.06.11 06:59:39.282,1.41078,1.41101,1.69,2.29
2013.06.11 06:59:39.583,1.41083,1.41103,1.50,1.50
2013.06.11 06:59:40.142,1.41083,1.41105,1.50,1.88
2013.06.11 06:59:41.382,1.4108,1.41103,1.69,1.13
2013.06.11 06:59:41.922,1.41079,1.41102,1.69,1.88
2013.06.11 06:59:41.982,1.41078,1.41102,1.69,1.88
2013.06.11 06:59:43.734,1.41074,1.41098,2.07,2.25
2013.06.11 06:59:44.364,1.41076,1.41095,1.32,2.25
2013.06.11 06:59:44.751,1.41076,1.41094,1.32,1.50
2013.06.11 06:59:44.812,1.41073,1.41094,1.88,1.50
2013.06.11 06:59:45.373,1.41073,1.41095,1.32,2.25
2013.06.11 06:59:47.222,1.41075,1.41092,1.32,1.50
2013.06.11 06:59:47.761,1.41073,1.41092,1.88,2.25
2013.06.11 06:59:48.132,1.41073,1.41095,1.88,1.50
2013.06.11 06:59:48.682,1.41077,1.41095,1.69,1.50
2013.06.11 06:59:49.344,1.41077,1.41095,1.13,1.50
2013.06.11 06:59:49.463,1.41072,1.41091,1.32,1.50
2013.06.11 06:59:50.013,1.41071,1.41091,1.32,1.50
2013.06.11 06:59:51.112,1.41072,1.4109,1.32,2.85
2013.06.11 06:59:51.415,1.41063,1.41084,2.07,2.44
2013.06.11 06:59:51.952,1.41063,1.41087,1.69,1.69
2013.06.11 06:59:52.074,1.41064,1.4109,1.69,1.54
2013.06.11 06:59:52.563,1.41067,1.41093,1.35,1.69
2013.06.11 06:59:52.684,1.41063,1.41091,2.07,1.54
2013.06.11 06:59:52.742,1.41065,1.4109,1.13,1.69
2013.06.11 06:59:52.922,1.41066,1.41086,1.13,1.50
2013.06.11 06:59:53.042,1.41066,1.41084,1.13,1.69
2013.06.11 06:59:53.162,1.41061,1.41086,1.13,2.44
2013.06.11 06:59:53.704,1.41062,1.41088,1.50,1.92
2013.06.11 06:59:54.143,1.41063,1.41088,1.32,1.92
2013.06.11 06:59:54.202,1.41063,1.41088,1.50,1.92
2013.06.11 06:59:55.672,1.41066,1.41088,2.07,2.29
2013.06.11 06:59:56.143,1.41069,1.41088,1.32,2.29
2013.06.11 06:59:56.287,1.41076,1.41096,1.50,1.35
2013.06.11 06:59:56.412,1.41076,1.41101,1.50,1.69
2013.06.11 06:59:56.472,1.41084,1.41103,1.50,1.69
2013.06.11 06:59:56.592,1.41084,1.41107,2.44,1.69
2013.06.11 06:59:56.712,1.41083,1.411,1.69,2.10
2013.06.11 06:59:56.772,1.41081,1.411,3.19,2.10
2013.06.11 06:59:57.622,1.41081,1.41099,1.69,1.35
2013.06.11 06:59:58.382,1.41081,1.41102,2.44,1.50
2013.06.11 06:59:58.562,1.41081,1.41106,1.32,2.29
2013.06.11 06:59:59.126,1.41081,1.41104,2.44,1.50
2013.06.11 06:59:59.422,1.4108,1.41102,1.50,2.10
2013.06.11 06:59:59.481,1.4108,1.41102,1.13,2.48
2013.06.11 06:59:59.733,1.4108,1.41102,1.32,1.35
