2012.12.06 02:00:01.385,1.24632,1.24651,1.73,2.48
2012.12.06 02:00:08.424,1.24629,1.2465,1.73,1.73
2012.12.06 02:00:08.784,1.24628,1.24648,2.48,1.73
2012.12.06 02:00:09.334,1.24625,1.24646,1.73,1.73
2012.12.06 02:00:10.835,1.24625,1.24646,1.73,1.73
2012.12.06 02:00:11.346,1.24625,1.24646,1.73,1.73
2012.12.06 02:00:11.960,1.24625,1.24646,1.73,1.73
2012.12.06 02:00:14.137,1.24625,1.24646,1.73,1.73
2012.12.06 02:00:15.324,1.24624,1.24646,2.48,1.73
2012.12.06 02:00:19.434,1.24626,1.24646,1.73,1.73
2012.12.06 02:00:19.554,1.24626,1.24646,2.88,1.50
2012.12.06 02:00:21.055,1.24627,1.24646,2.48,1.50
2012.12.06 02:00:21.554,1.2463,1.24651,1.73,1.73
2012.12.06 02:00:28.425,1.24629,1.24652,1.73,2.03
2012.12.06 02:00:33.115,1.24628,1.24649,1.73,2.48
2012.12.06 02:00:48.116,1.24629,1.24649,1.73,1.73
2012.12.06 02:00:49.615,1.24627,1.24649,1.73,1.73
2012.12.06 02:00:49.916,1.24626,1.24645,1.73,1.73
2012.12.06 02:00:50.515,1.24629,1.24649,1.73,2.70
2012.12.06 02:00:50.884,1.24629,1.24651,1.73,1.73
2012.12.06 02:00:51.395,1.24631,1.24652,1.73,2.63
2012.12.06 02:01:00.405,1.24632,1.2465,2.48,1.50
2012.12.06 02:01:00.764,1.24631,1.24648,1.50,1.73
2012.12.06 02:01:00.824,1.24631,1.24648,1.50,1.73
2012.12.06 02:01:15.255,1.24631,1.24651,1.50,1.58
2012.12.06 02:01:15.374,1.24632,1.2465,1.50,1.35
2012.12.06 02:01:15.555,1.24635,1.24653,1.73,1.73
2012.12.06 02:01:15.616,1.24636,1.24654,2.48,1.73
2012.12.06 02:01:15.685,1.24636,1.24657,2.48,2.55
2012.12.06 02:01:15.865,1.24636,1.24657,1.73,1.95
2012.12.06 02:01:16.133,1.24636,1.24657,1.73,2.78
2012.12.06 02:01:16.760,1.24634,1.24657,1.73,1.58
2012.12.06 02:01:17.766,1.24634,1.24656,1.73,2.48
2012.12.06 02:01:22.905,1.24638,1.24656,1.50,2.48
2012.12.06 02:01:23.026,1.24638,1.24656,1.73,1.73
2012.12.06 02:01:23.154,1.24635,1.24657,1.73,1.73
2012.12.06 02:01:23.275,1.24636,1.24658,1.73,3.00
2012.12.06 02:01:23.335,1.24636,1.24658,1.73,3.23
2012.12.06 02:01:23.695,1.24636,1.24658,1.73,2.25
2012.12.06 02:01:23.757,1.24636,1.24657,1.73,1.50
2012.12.06 02:01:23.886,1.24636,1.24657,1.73,1.73
2012.12.06 02:01:24.424,1.24636,1.24659,1.73,3.23
2012.12.06 02:01:24.484,1.24635,1.24658,1.73,2.48
2012.12.06 02:01:24.545,1.24635,1.24658,1.73,2.48
2012.12.06 02:01:25.145,1.24636,1.24658,2.48,1.73
2012.12.06 02:01:26.006,1.24637,1.24658,1.73,1.73
2012.12.06 02:01:26.655,1.24637,1.24659,1.73,1.73
2012.12.06 02:01:28.985,1.24637,1.2466,2.48,1.73
2012.12.06 02:01:29.285,1.24639,1.2466,1.73,1.73
2012.12.06 02:01:29.835,1.24639,1.2466,1.73,1.73
2012.12.06 02:01:30.446,1.24641,1.2466,1.73,1.73
2012.12.06 02:01:30.565,1.24641,1.24661,2.48,2.25
2012.12.06 02:01:30.625,1.24642,1.24662,1.73,1.50
2012.12.06 02:01:30.684,1.24643,1.24662,1.73,1.50
2012.12.06 02:01:30.986,1.24643,1.24661,2.20,1.50
2012.12.06 02:01:31.046,1.24643,1.24664,2.20,1.50
2012.12.06 02:01:31.164,1.24643,1.2466,1.23,2.10
2012.12.06 02:01:31.680,1.24641,1.24661,1.73,1.50
2012.12.06 02:01:31.814,1.24641,1.24661,1.50,1.73
2012.12.06 02:01:31.937,1.2464,1.24662,2.48,3.23
2012.12.06 02:01:32.494,1.24639,1.24659,1.73,2.48
2012.12.06 02:01:32.795,1.24639,1.2466,2.25,2.48
2012.12.06 02:01:34.415,1.24635,1.24655,2.48,1.73
2012.12.06 02:01:34.966,1.24634,1.24655,1.73,1.73
2012.12.06 02:01:36.395,1.24634,1.24655,1.73,1.73
2012.12.06 02:01:45.864,1.24636,1.24655,1.73,1.73
2012.12.06 02:01:46.320,1.24632,1.24651,1.73,1.73
2012.12.06 02:01:53.904,1.24635,1.24652,1.88,1.73
2012.12.06 02:01:54.264,1.24637,1.24654,1.73,1.50
2012.12.06 02:01:55.294,1.24637,1.24655,1.73,1.73
2012.12.06 02:01:55.854,1.24634,1.24655,1.73,1.73
2012.12.06 02:01:58.594,1.24634,1.24655,1.50,3.42
2012.12.06 02:02:00.196,1.24632,1.24652,1.73,1.73
2012.12.06 02:02:00.705,1.24632,1.24652,1.73,1.73
2012.12.06 02:02:05.382,1.24632,1.24651,2.48,1.73
2012.12.06 02:02:07.033,1.24632,1.24653,2.48,1.58
2012.12.06 02:02:07.370,1.24637,1.24654,1.73,1.50
2012.12.06 02:02:07.555,1.24637,1.24655,1.73,2.48
2012.12.06 02:02:07.805,1.24634,1.24654,1.35,1.73
2012.12.06 02:02:13.591,1.24644,1.24655,1.50,1.50
2012.12.06 02:02:13.895,1.24651,1.24665,2.48,1.73
2012.12.06 02:02:14.134,1.24652,1.24667,1.73,1.50
2012.12.06 02:02:14.814,1.24654,1.24669,1.73,1.50
2012.12.06 02:02:14.939,1.24656,1.24671,1.50,1.73
2012.12.06 02:02:15.486,1.24656,1.24671,1.50,1.73
2012.12.06 02:02:17.905,1.24656,1.24671,1.50,1.73
2012.12.06 02:02:23.224,1.24656,1.24671,1.50,1.73
2012.12.06 02:02:25.445,1.24656,1.24673,1.73,1.73
2012.12.06 02:02:26.047,1.24656,1.24673,1.73,1.73
2012.12.06 02:02:26.548,1.24653,1.2467,1.73,1.50
2012.12.06 02:02:27.193,1.24656,1.24671,1.73,1.73
2012.12.06 02:02:27.869,1.24655,1.24671,1.73,2.48
2012.12.06 02:02:29.775,1.24655,1.24672,1.73,1.50
2012.12.06 02:02:30.044,1.24656,1.24674,1.73,2.25
2012.12.06 02:02:32.764,1.24656,1.24673,1.73,1.50
2012.12.06 02:02:34.674,1.24656,1.24674,2.48,1.50
2012.12.06 02:02:35.714,1.24656,1.24674,2.48,1.50
2012.12.06 02:02:39.164,1.24656,1.24674,1.73,2.25
2012.12.06 02:02:39.545,1.24656,1.24674,1.73,3.23
2012.12.06 02:02:39.684,1.24656,1.24674,1.73,2.25
2012.12.06 02:02:39.985,1.24659,1.24675,1.52,1.88
2012.12.06 02:02:40.535,1.2466,1.24676,2.48,1.88
2012.12.06 02:02:41.044,1.24661,1.24678,3.08,1.50
2012.12.06 02:02:49.456,1.24661,1.24676,1.73,1.50
2012.12.06 02:02:49.648,1.24661,1.24678,1.73,1.50
2012.12.06 02:02:49.716,1.24661,1.24678,1.73,1.50
2012.12.06 02:02:50.254,1.24661,1.24676,1.73,1.50
2012.12.06 02:02:51.118,1.24661,1.24678,2.48,1.50
2012.12.06 02:02:51.246,1.24661,1.24677,1.73,1.73
2012.12.06 02:02:51.485,1.24662,1.24677,1.73,1.50
2012.12.06 02:02:52.026,1.24661,1.24677,1.50,1.73
2012.12.06 02:02:52.565,1.24661,1.24674,1.50,1.50
2012.12.06 02:02:52.925,1.24661,1.24677,1.50,1.73
2012.12.06 02:02:53.465,1.24661,1.24677,2.85,1.73
2012.12.06 02:02:54.005,1.24661,1.24677,2.10,1.50
2012.12.06 02:02:54.436,1.24661,1.24677,1.50,1.73
2012.12.06 02:02:54.976,1.24662,1.24678,1.73,2.25
2012.12.06 02:02:55.036,1.24661,1.24678,1.73,2.48
2012.12.06 02:02:55.585,1.24664,1.24677,1.50,1.50
2012.12.06 02:02:56.124,1.24664,1.24677,1.50,1.50
2012.12.06 02:02:56.666,1.24664,1.24677,1.50,1.50
2012.12.06 02:02:56.726,1.24664,1.24677,1.50,1.50
2012.12.06 02:02:57.064,1.24665,1.24677,1.50,1.50
2012.12.06 02:02:57.554,1.24667,1.24679,1.73,1.50
2012.12.06 02:02:58.095,1.24667,1.24683,1.73,1.13
2012.12.06 02:02:59.165,1.24667,1.24683,2.48,1.13
2012.12.06 02:02:59.226,1.2467,1.24686,1.73,1.73
2012.12.06 02:02:59.835,1.24675,1.24694,1.73,1.73
2012.12.06 02:03:00.335,1.24675,1.24692,1.73,1.13
2012.12.06 02:03:00.575,1.24674,1.24691,1.73,3.00
2012.12.06 02:03:01.146,1.24674,1.2469,1.73,2.10
2012.12.06 02:03:01.325,1.24674,1.24691,1.73,2.10
2012.12.06 02:03:01.981,1.24674,1.2469,1.73,1.35
2012.12.06 02:03:03.545,1.24674,1.24691,2.48,2.25
2012.12.06 02:03:05.875,1.24675,1.24691,2.48,1.50
2012.12.06 02:03:05.995,1.24675,1.24691,2.48,1.50
2012.12.06 02:03:06.545,1.24675,1.24691,2.48,1.13
2012.12.06 02:03:06.767,1.24675,1.24691,1.73,1.13
2012.12.06 02:03:09.787,1.24674,1.24689,1.50,1.73
2012.12.06 02:03:10.894,1.24673,1.24689,1.50,2.48
2012.12.06 02:03:11.884,1.2467,1.24688,2.48,1.73
2012.12.06 02:03:12.005,1.2467,1.24688,2.48,1.73
2012.12.06 02:03:12.368,1.2467,1.24684,1.73,1.50
2012.12.06 02:03:12.674,1.24663,1.24681,4.50,3.23
2012.12.06 02:03:12.915,1.24659,1.24675,6.00,1.73
2012.12.06 02:03:13.155,1.24659,1.24678,1.73,1.73
2012.12.06 02:03:16.485,1.24657,1.24678,1.73,3.23
2012.12.06 02:03:18.355,1.24657,1.24679,2.48,1.73
2012.12.06 02:03:19.734,1.24657,1.24679,2.48,1.73
2012.12.06 02:03:19.857,1.24658,1.24679,1.73,1.73
2012.12.06 02:03:19.992,1.2466,1.2468,1.73,3.00
2012.12.06 02:03:20.257,1.24663,1.24681,1.50,1.50
2012.12.06 02:03:20.445,1.2466,1.24681,1.73,3.23
2012.12.06 02:03:20.926,1.24662,1.24681,1.73,1.73
2012.12.06 02:03:20.985,1.24662,1.24681,1.73,1.73
2012.12.06 02:03:21.105,1.24662,1.24682,2.48,1.50
2012.12.06 02:03:21.585,1.2466,1.24681,3.23,1.73
2012.12.06 02:03:21.706,1.2466,1.24682,3.23,1.73
2012.12.06 02:03:22.124,1.24664,1.24681,1.50,3.23
2012.12.06 02:03:22.484,1.24661,1.24681,1.73,1.50
2012.12.06 02:03:22.904,1.2466,1.24681,3.23,1.73
2012.12.06 02:03:23.145,1.2466,1.24681,2.48,1.50
2012.12.06 02:03:23.505,1.24662,1.24683,1.73,3.23
2012.12.06 02:03:23.566,1.24662,1.2468,1.50,1.35
2012.12.06 02:03:24.044,1.2466,1.2468,3.23,1.50
2012.12.06 02:03:24.464,1.2466,1.2468,1.73,1.73
2012.12.06 02:03:24.971,1.24661,1.24682,1.50,2.48
2012.12.06 02:03:25.044,1.24661,1.24682,1.73,1.73
2012.12.06 02:03:25.442,1.2466,1.2468,1.73,1.73
2012.12.06 02:03:25.510,1.2466,1.2468,3.23,1.50
2012.12.06 02:03:25.956,1.24662,1.2468,1.50,1.35
2012.12.06 02:03:26.375,1.24661,1.24681,1.73,1.73
2012.12.06 02:03:26.717,1.24661,1.2468,1.73,1.13
2012.12.06 02:03:27.024,1.2466,1.24681,1.73,2.48
2012.12.06 02:03:27.265,1.24661,1.24682,2.48,1.73
2012.12.06 02:03:47.451,1.24661,1.24682,1.73,1.73
2012.12.06 02:03:48.497,1.24661,1.24683,3.23,1.73
2012.12.06 02:03:48.999,1.24668,1.24683,1.73,1.50
2012.12.06 02:03:49.558,1.24666,1.24684,1.73,1.50
2012.12.06 02:03:49.995,1.24668,1.24685,2.25,1.73
2012.12.06 02:03:50.115,1.24668,1.24685,2.48,1.50
2012.12.06 02:03:54.193,1.24668,1.24686,2.48,1.73
2012.12.06 02:03:55.465,1.24669,1.24686,1.73,1.73
2012.12.06 02:03:55.825,1.24668,1.24685,1.73,1.50
2012.12.06 02:03:58.304,1.24668,1.24685,1.73,1.50
2012.12.06 02:03:58.826,1.24668,1.24686,2.85,1.50
2012.12.06 02:03:59.365,1.24667,1.24683,1.35,1.50
2012.12.06 02:03:59.607,1.24667,1.24684,1.73,1.50
2012.12.06 02:04:00.036,1.24668,1.24686,1.73,1.50
2012.12.06 02:04:00.642,1.24669,1.24687,1.73,1.73
2012.12.06 02:04:01.164,1.24669,1.24686,1.73,1.73
2012.12.06 02:04:04.054,1.24669,1.24687,2.48,1.73
2012.12.06 02:04:04.417,1.24674,1.24689,1.50,2.85
2012.12.06 02:04:04.489,1.24674,1.24689,1.50,1.35
2012.12.06 02:04:04.558,1.24674,1.2469,2.38,1.13
2012.12.06 02:04:04.626,1.24674,1.24689,2.38,1.13
2012.12.06 02:04:04.865,1.24674,1.2469,1.73,1.50
2012.12.06 02:04:04.987,1.24673,1.2469,1.50,2.48
2012.12.06 02:04:05.115,1.24673,1.2469,1.50,2.48
2012.12.06 02:04:08.074,1.24673,1.24689,1.50,1.73
2012.12.06 02:04:10.407,1.24671,1.24689,1.73,2.85
2012.12.06 02:04:11.193,1.24671,1.2469,1.73,3.23
2012.12.06 02:04:13.294,1.24671,1.2469,1.73,2.48
2012.12.06 02:04:16.420,1.24671,1.2469,1.73,2.48
2012.12.06 02:04:22.664,1.2467,1.24689,1.73,1.73
2012.12.06 02:04:23.084,1.2467,1.24691,2.48,2.48
2012.12.06 02:04:26.435,1.2467,1.24688,1.73,2.25
2012.12.06 02:04:26.794,1.24668,1.24685,1.73,1.50
2012.12.06 02:04:26.855,1.24668,1.24685,1.73,1.73
2012.12.06 02:04:27.176,1.24666,1.24684,1.73,1.50
2012.12.06 02:04:27.424,1.24663,1.24684,2.10,1.73
2012.12.06 02:04:29.117,1.24664,1.24683,1.73,1.73
2012.12.06 02:04:29.615,1.24668,1.24687,1.35,3.23
2012.12.06 02:04:29.674,1.24665,1.24685,2.48,1.73
2012.12.06 02:04:30.175,1.24665,1.24683,1.73,2.48
2012.12.06 02:04:30.675,1.24666,1.24684,1.73,1.73
2012.12.06 02:04:31.845,1.24668,1.24685,1.35,1.73
2012.12.06 02:04:42.395,1.24666,1.24684,1.73,1.50
2012.12.06 02:04:42.706,1.24665,1.24684,1.73,1.73
2012.12.06 02:04:42.775,1.24665,1.24684,1.73,1.73
2012.12.06 02:04:47.645,1.24664,1.24682,1.50,1.73
2012.12.06 02:04:48.004,1.24664,1.24682,1.50,2.48
2012.12.06 02:04:48.325,1.24662,1.24682,1.73,3.23
2012.12.06 02:04:50.705,1.24664,1.24681,2.25,1.73
2012.12.06 02:04:50.884,1.24665,1.24681,1.73,1.73
2012.12.06 02:04:51.065,1.24665,1.24684,1.73,1.73
2012.12.06 02:04:51.425,1.24667,1.24684,1.73,1.73
2012.12.06 02:04:51.796,1.24665,1.24683,1.73,1.73
2012.12.06 02:04:52.984,1.24663,1.24683,1.73,1.73
2012.12.06 02:04:54.644,1.24664,1.24683,1.73,1.73
2012.12.06 02:04:55.656,1.24663,1.2468,1.73,1.50
2012.12.06 02:04:55.835,1.24659,1.24677,2.25,1.73
2012.12.06 02:04:56.195,1.2466,1.24676,1.50,1.73
2012.12.06 02:04:56.315,1.24656,1.24676,2.48,2.48
2012.12.06 02:04:56.376,1.24655,1.24676,2.48,3.98
2012.12.06 02:04:58.170,1.24655,1.24675,1.73,1.73
2012.12.06 02:05:01.286,1.24655,1.24675,1.73,1.73
2012.12.06 02:05:01.826,1.24657,1.24676,1.73,1.73
2012.12.06 02:05:02.417,1.24657,1.24676,1.73,1.73
2012.12.06 02:05:02.934,1.24657,1.24676,1.73,1.73
2012.12.06 02:05:03.299,1.24656,1.24676,1.73,3.23
2012.12.06 02:05:03.365,1.24656,1.24675,1.50,1.50
2012.12.06 02:05:03.664,1.24659,1.24676,1.50,2.48
2012.12.06 02:05:03.725,1.24659,1.24676,2.25,1.73
2012.12.06 02:05:04.264,1.24658,1.24676,2.25,2.48
2012.12.06 02:05:04.885,1.24658,1.24676,2.25,1.73
2012.12.06 02:05:05.215,1.24654,1.24672,1.73,1.50
2012.12.06 02:05:05.574,1.24654,1.24669,1.50,1.73
2012.12.06 02:05:05.756,1.24651,1.24669,1.50,1.73
2012.12.06 02:05:06.287,1.24648,1.24664,1.73,1.50
2012.12.06 02:05:06.595,1.24649,1.24668,1.73,1.73
2012.12.06 02:05:06.655,1.24649,1.24669,1.73,3.23
2012.12.06 02:05:07.215,1.24651,1.2467,1.50,1.73
2012.12.06 02:05:07.894,1.24651,1.2467,1.50,1.73
2012.12.06 02:05:09.796,1.24649,1.24669,2.48,2.48
2012.12.06 02:05:10.095,1.24649,1.24669,1.50,3.23
2012.12.06 02:05:10.450,1.24649,1.2467,1.73,2.48
2012.12.06 02:05:11.004,1.24649,1.2467,1.73,3.23
2012.12.06 02:05:11.385,1.24649,1.24665,1.73,1.73
2012.12.06 02:05:11.745,1.24647,1.24666,3.23,1.73
2012.12.06 02:05:11.805,1.2465,1.24668,1.50,1.73
2012.12.06 02:05:12.106,1.24652,1.24671,1.35,3.98
2012.12.06 02:05:12.585,1.24651,1.24668,1.73,1.50
2012.12.06 02:05:12.884,1.24651,1.2467,1.73,1.73
2012.12.06 02:05:13.004,1.2465,1.24668,1.13,1.73
2012.12.06 02:05:13.495,1.24649,1.24668,1.13,1.73
2012.12.06 02:05:16.366,1.24649,1.24668,1.13,1.73
2012.12.06 02:05:18.125,1.24649,1.2467,1.13,1.73
2012.12.06 02:05:20.435,1.24649,1.24668,1.13,1.73
2012.12.06 02:05:21.904,1.24649,1.24667,1.13,1.73
2012.12.06 02:05:22.234,1.24648,1.24665,1.13,1.73
2012.12.06 02:05:23.297,1.24648,1.24665,1.13,1.73
2012.12.06 02:05:24.345,1.24648,1.24665,1.13,1.73
2012.12.06 02:05:29.745,1.24648,1.24665,1.13,2.48
2012.12.06 02:05:34.916,1.24645,1.24665,2.10,1.73
2012.12.06 02:05:35.625,1.24647,1.24665,1.73,1.73
2012.12.06 02:05:40.336,1.24647,1.24665,2.48,1.73
2012.12.06 02:05:41.195,1.24648,1.24665,1.50,1.73
2012.12.06 02:05:41.255,1.24648,1.24665,1.50,1.73
2012.12.06 02:05:43.117,1.24649,1.24666,1.50,1.73
2012.12.06 02:05:50.476,1.24651,1.24671,1.50,1.73
2012.12.06 02:05:50.596,1.24652,1.24672,2.48,3.23
2012.12.06 02:05:50.894,1.24652,1.24672,2.48,2.48
2012.12.06 02:05:53.189,1.24652,1.24672,1.73,2.48
2012.12.06 02:06:01.735,1.24652,1.24672,3.60,2.48
2012.12.06 02:06:07.161,1.24652,1.24673,5.10,1.73
2012.12.06 02:06:07.237,1.24656,1.24676,1.73,1.50
2012.12.06 02:06:09.424,1.24656,1.24677,1.73,4.28
2012.12.06 02:06:23.914,1.24656,1.24677,1.73,2.48
2012.12.06 02:06:30.876,1.24656,1.24677,1.73,2.48
2012.12.06 02:06:31.936,1.24656,1.24676,1.73,1.50
2012.12.06 02:06:38.685,1.24657,1.24677,1.73,3.23
2012.12.06 02:06:39.884,1.24657,1.24677,1.73,2.48
2012.12.06 02:06:57.804,1.24657,1.24677,1.73,2.48
2012.12.06 02:06:58.347,1.24657,1.24676,1.73,1.50
2012.12.06 02:07:01.295,1.24659,1.24677,1.50,1.73
2012.12.06 02:07:01.975,1.24659,1.24678,1.73,1.50
2012.12.06 02:07:02.036,1.2466,1.24681,1.73,3.00
2012.12.06 02:07:02.215,1.24661,1.24681,1.73,1.50
2012.12.06 02:07:02.645,1.2466,1.24681,2.48,1.50
2012.12.06 02:07:05.625,1.2466,1.24681,2.48,2.25
2012.12.06 02:07:05.946,1.2466,1.24681,1.73,3.00
2012.12.06 02:07:06.067,1.2466,1.24679,1.50,1.73
2012.12.06 02:07:06.125,1.24659,1.24676,1.13,1.50
2012.12.06 02:07:06.735,1.24658,1.24676,2.48,1.50
2012.12.06 02:07:08.805,1.24658,1.24678,2.48,1.73
2012.12.06 02:07:11.854,1.24658,1.24678,2.48,1.73
2012.12.06 02:07:12.685,1.24658,1.24677,1.73,1.73
2012.12.06 02:07:16.518,1.24658,1.24677,1.73,1.73
2012.12.06 02:07:19.268,1.24658,1.24677,1.73,1.73
2012.12.06 02:07:20.058,1.24658,1.24677,1.73,1.73
2012.12.06 02:07:24.868,1.24657,1.24675,2.10,1.50
2012.12.06 02:07:25.204,1.24658,1.24679,1.73,3.23
2012.12.06 02:07:28.656,1.24658,1.24678,1.73,1.73
2012.12.06 02:07:28.905,1.24658,1.24678,2.48,1.73
2012.12.06 02:07:29.531,1.24658,1.24678,2.48,1.73
2012.12.06 02:07:31.458,1.24658,1.24678,2.48,1.73
2012.12.06 02:07:31.658,1.24658,1.24679,1.73,1.73
2012.12.06 02:07:32.195,1.24662,1.24682,1.73,3.00
2012.12.06 02:07:33.057,1.24662,1.24682,1.73,3.00
2012.12.06 02:07:43.334,1.24663,1.24682,2.48,1.50
2012.12.06 02:07:45.127,1.24663,1.24682,3.23,1.50
2012.12.06 02:07:45.406,1.24663,1.24682,2.48,1.50
2012.12.06 02:07:51.160,1.2466,1.24682,1.73,1.50
2012.12.06 02:07:53.635,1.24662,1.24683,1.73,3.23
2012.12.06 02:07:54.295,1.24662,1.24682,1.73,1.50
2012.12.06 02:07:55.146,1.2466,1.24682,2.48,2.63
2012.12.06 02:07:55.265,1.2466,1.24679,2.48,1.73
2012.12.06 02:07:55.388,1.2466,1.24676,1.73,1.50
2012.12.06 02:07:55.524,1.24655,1.24676,3.23,2.48
2012.12.06 02:08:00.167,1.24656,1.24679,3.52,2.48
2012.12.06 02:08:00.225,1.24656,1.24679,3.52,2.48
2012.12.06 02:08:00.286,1.24656,1.24679,3.98,2.48
2012.12.06 02:08:00.405,1.24656,1.24678,2.48,1.50
2012.12.06 02:08:00.835,1.24658,1.24677,1.73,1.50
2012.12.06 02:08:00.956,1.24656,1.24676,3.23,1.50
2012.12.06 02:08:10.885,1.24656,1.24676,2.48,1.50
2012.12.06 02:08:12.724,1.24659,1.24677,1.73,1.73
2012.12.06 02:08:20.905,1.24658,1.24677,1.73,1.73
2012.12.06 02:08:29.098,1.24659,1.24679,1.35,2.48
2012.12.06 02:08:29.170,1.24659,1.24679,1.35,2.48
2012.12.06 02:08:29.475,1.24658,1.24676,1.73,1.50
2012.12.06 02:08:29.655,1.24659,1.24677,1.73,1.50
2012.12.06 02:08:29.834,1.24659,1.24677,1.73,1.50
2012.12.06 02:08:30.386,1.24659,1.24676,1.73,1.50
2012.12.06 02:08:32.400,1.24659,1.24675,1.73,1.50
2012.12.06 02:08:32.705,1.24654,1.24672,1.73,1.50
2012.12.06 02:08:32.766,1.24653,1.24671,1.73,1.73
2012.12.06 02:08:33.126,1.24652,1.2467,1.73,3.23
2012.12.06 02:08:33.244,1.24652,1.2467,1.73,2.48
2012.12.06 02:08:38.985,1.24652,1.2467,2.25,1.73
2012.12.06 02:08:43.575,1.24652,1.24671,1.50,2.48
2012.12.06 02:08:46.086,1.24652,1.2467,1.50,1.73
2012.12.06 02:08:46.265,1.2465,1.2467,1.73,1.73
2012.12.06 02:08:46.448,1.24651,1.2467,1.73,1.73
2012.12.06 02:08:54.195,1.2465,1.2467,3.23,1.73
2012.12.06 02:09:07.515,1.2465,1.2467,2.48,2.48
2012.12.06 02:09:07.635,1.24651,1.2467,1.50,3.23
2012.12.06 02:09:08.115,1.24651,1.2467,1.50,2.48
2012.12.06 02:09:13.275,1.24651,1.2467,2.25,2.48
2012.12.06 02:09:13.335,1.24652,1.2467,1.73,2.48
2012.12.06 02:09:19.095,1.24651,1.2467,1.73,3.23
2012.12.06 02:09:20.765,1.24651,1.2467,1.73,3.23
2012.12.06 02:09:25.484,1.24653,1.2467,1.73,1.73
2012.12.06 02:09:28.996,1.24651,1.24671,2.48,2.48
2012.12.06 02:09:31.157,1.24651,1.24671,2.48,2.48
2012.12.06 02:09:32.916,1.24651,1.24671,1.73,2.48
2012.12.06 02:09:35.476,1.24651,1.24671,1.73,2.48
2012.12.06 02:09:38.197,1.24651,1.24671,1.73,2.48
2012.12.06 02:09:46.696,1.24651,1.24671,1.73,2.48
2012.12.06 02:10:01.688,1.24652,1.24671,2.48,2.48
2012.12.06 02:10:10.236,1.2465,1.24671,1.73,2.48
2012.12.06 02:10:10.475,1.24649,1.2467,1.73,2.48
2012.12.06 02:10:11.015,1.2465,1.2467,1.50,1.73
2012.12.06 02:10:12.626,1.2465,1.2467,1.50,1.73
2012.12.06 02:10:14.216,1.24651,1.2467,1.50,1.73
2012.12.06 02:10:18.725,1.24651,1.2467,2.25,1.73
2012.12.06 02:10:24.219,1.24651,1.2467,1.50,1.73
2012.12.06 02:10:24.466,1.24648,1.24669,3.75,2.48
2012.12.06 02:10:24.586,1.24652,1.24669,1.50,1.35
2012.12.06 02:10:24.645,1.24652,1.24669,1.73,1.35
2012.12.06 02:10:24.766,1.24652,1.2467,1.73,1.73
2012.12.06 02:10:25.126,1.24656,1.24667,3.75,1.50
2012.12.06 02:10:25.455,1.24661,1.24676,1.73,1.35
2012.12.06 02:10:26.646,1.24661,1.24678,1.73,1.73
2012.12.06 02:10:27.516,1.24658,1.24677,2.25,1.73
2012.12.06 02:10:28.004,1.24658,1.24674,1.50,1.73
2012.12.06 02:10:32.626,1.24655,1.24677,3.38,1.73
2012.12.06 02:10:33.705,1.24656,1.24677,1.50,1.73
2012.12.06 02:10:39.475,1.24656,1.24677,1.50,1.73
2012.12.06 02:10:40.615,1.24656,1.24677,1.50,1.73
2012.12.06 02:10:42.056,1.24655,1.24677,4.13,1.73
2012.12.06 02:10:42.585,1.24655,1.24677,2.63,2.48
2012.12.06 02:10:43.376,1.24655,1.24677,2.63,2.48
2012.12.06 02:10:46.446,1.24655,1.24677,1.88,2.48
2012.12.06 02:10:51.655,1.24655,1.24677,2.63,2.48
2012.12.06 02:10:51.776,1.24659,1.24679,1.73,2.48
2012.12.06 02:10:54.321,1.24659,1.24679,1.73,1.73
2012.12.06 02:10:55.145,1.24659,1.24677,1.73,1.50
2012.12.06 02:11:00.316,1.24659,1.24677,1.73,1.50
2012.12.06 02:11:00.866,1.24657,1.24677,1.73,1.73
2012.12.06 02:11:13.345,1.24658,1.24677,1.73,1.73
2012.12.06 02:11:14.546,1.24656,1.24675,2.48,1.73
2012.12.06 02:11:14.666,1.24656,1.24674,2.48,1.73
2012.12.06 02:11:15.168,1.24653,1.2467,1.73,1.73
2012.12.06 02:11:15.712,1.24653,1.2467,1.50,1.73
2012.12.06 02:11:16.255,1.24653,1.24671,1.50,1.73
2012.12.06 02:11:18.906,1.24652,1.24672,2.25,1.73
2012.12.06 02:11:20.291,1.24652,1.24674,2.25,2.48
2012.12.06 02:11:21.017,1.24652,1.24673,1.50,1.73
2012.12.06 02:11:22.705,1.24653,1.24671,1.50,1.73
2012.12.06 02:11:24.445,1.24653,1.24673,1.50,1.73
2012.12.06 02:11:27.435,1.24653,1.24674,2.25,2.48
2012.12.06 02:11:28.917,1.24653,1.24673,2.25,1.73
2012.12.06 02:11:37.227,1.24655,1.24674,1.50,2.48
2012.12.06 02:11:37.638,1.24656,1.24675,1.50,2.48
2012.12.06 02:11:37.716,1.24658,1.24675,1.50,1.50
2012.12.06 02:11:38.426,1.24658,1.24676,1.50,1.54
2012.12.06 02:11:38.966,1.24654,1.24673,2.25,2.48
2012.12.06 02:11:40.507,1.24654,1.24673,1.50,1.73
2012.12.06 02:11:41.328,1.24654,1.24673,1.50,1.73
2012.12.06 02:11:42.955,1.24652,1.24674,1.50,2.48
2012.12.06 02:11:43.215,1.24654,1.24673,1.73,1.73
2012.12.06 02:11:45.135,1.24653,1.24673,1.73,1.73
2012.12.06 02:11:45.885,1.24653,1.24673,1.73,1.73
2012.12.06 02:11:46.447,1.24652,1.24671,3.23,1.73
2012.12.06 02:11:46.992,1.2465,1.24669,2.25,1.73
2012.12.06 02:11:47.415,1.2465,1.2467,1.50,2.48
2012.12.06 02:11:52.795,1.24649,1.24669,1.50,1.73
2012.12.06 02:12:02.326,1.24649,1.24669,1.50,1.73
2012.12.06 02:12:02.566,1.24646,1.24665,3.00,2.29
2012.12.06 02:12:02.626,1.24646,1.24665,2.25,2.29
2012.12.06 02:12:02.687,1.24647,1.24667,1.50,1.73
2012.12.06 02:12:03.220,1.24647,1.24667,3.00,1.73
2012.12.06 02:12:03.857,1.24647,1.24667,1.50,2.48
2012.12.06 02:12:06.095,1.24647,1.24667,1.50,2.48
2012.12.06 02:12:08.536,1.24647,1.24668,3.75,1.73
2012.12.06 02:12:11.836,1.24651,1.24668,1.50,1.50
2012.12.06 02:12:15.196,1.24651,1.24668,1.50,1.50
2012.12.06 02:12:15.796,1.24652,1.2467,1.50,1.73
2012.12.06 02:12:17.780,1.24652,1.24672,1.50,1.73
2012.12.06 02:12:18.206,1.24656,1.24675,1.50,1.73
2012.12.06 02:12:18.325,1.24656,1.24675,1.73,2.48
2012.12.06 02:12:21.186,1.24657,1.24677,2.25,1.73
2012.12.06 02:12:23.675,1.24657,1.24676,1.50,1.73
2012.12.06 02:12:23.735,1.24657,1.24675,1.50,1.73
2012.12.06 02:12:24.166,1.24656,1.24673,1.73,1.73
2012.12.06 02:12:40.445,1.24659,1.24676,1.50,2.48
2012.12.06 02:12:40.505,1.24659,1.24676,2.48,1.73
2012.12.06 02:13:02.885,1.24661,1.24679,1.73,1.73
2012.12.06 02:13:03.005,1.24661,1.24681,2.48,1.73
2012.12.06 02:13:04.665,1.24661,1.24681,3.23,1.73
2012.12.06 02:13:06.414,1.24661,1.24682,3.23,1.73
2012.12.06 02:13:06.925,1.24662,1.24681,2.48,1.73
2012.12.06 02:13:10.397,1.24662,1.24681,1.73,1.50
2012.12.06 02:13:12.685,1.24662,1.24682,1.73,1.50
2012.12.06 02:13:13.297,1.24663,1.24682,1.73,1.73
2012.12.06 02:13:13.476,1.24663,1.24682,1.73,1.73
2012.12.06 02:13:14.527,1.2466,1.2468,1.35,3.23
2012.12.06 02:13:15.656,1.24662,1.2468,1.73,1.73
2012.12.06 02:13:15.777,1.24662,1.24682,2.48,2.48
2012.12.06 02:13:15.836,1.24662,1.24682,2.48,1.73
2012.12.06 02:13:16.196,1.24666,1.24684,2.25,1.73
2012.12.06 02:13:16.258,1.24666,1.24684,2.48,1.50
2012.12.06 02:13:16.518,1.24666,1.24684,1.73,1.50
2012.12.06 02:13:17.888,1.24666,1.24687,1.73,2.48
2012.12.06 02:13:18.225,1.24671,1.24691,1.50,1.73
2012.12.06 02:13:22.515,1.24671,1.24691,1.50,1.73
2012.12.06 02:13:23.876,1.2467,1.24691,1.50,2.48
2012.12.06 02:13:31.202,1.24669,1.2469,1.50,2.48
2012.12.06 02:13:32.510,1.24669,1.2469,1.50,2.48
2012.12.06 02:13:34.755,1.24669,1.24684,2.25,1.50
2012.12.06 02:13:35.115,1.24666,1.24682,1.73,1.50
2012.12.06 02:13:35.445,1.24666,1.24681,1.73,1.50
2012.12.06 02:13:36.797,1.24665,1.24683,2.10,1.50
2012.12.06 02:13:36.916,1.24665,1.24686,1.73,2.48
2012.12.06 02:13:37.453,1.24665,1.24686,1.73,2.48
2012.12.06 02:13:37.797,1.24668,1.24687,1.73,2.25
2012.12.06 02:13:38.013,1.24668,1.24685,1.13,1.73
2012.12.06 02:13:38.195,1.24666,1.24685,1.73,1.73
2012.12.06 02:13:38.315,1.24666,1.24685,1.73,1.73
2012.12.06 02:13:38.376,1.24666,1.24685,1.73,1.73
2012.12.06 02:13:38.986,1.24665,1.24685,1.73,1.73
2012.12.06 02:13:39.536,1.24666,1.24685,1.73,1.73
2012.12.06 02:13:40.217,1.24666,1.24684,1.73,1.50
2012.12.06 02:13:40.456,1.24662,1.2468,1.73,1.50
2012.12.06 02:13:40.516,1.24661,1.2468,1.50,1.73
2012.12.06 02:13:41.138,1.2466,1.24678,1.73,1.50
2012.12.06 02:13:42.655,1.2466,1.24678,1.73,1.50
2012.12.06 02:13:43.607,1.24664,1.24679,1.50,1.73
2012.12.06 02:13:43.668,1.24665,1.24681,1.50,1.92
2012.12.06 02:13:43.737,1.24667,1.2468,1.50,1.73
2012.12.06 02:13:44.285,1.24668,1.24685,2.48,1.69
2012.12.06 02:13:44.645,1.24668,1.24685,2.48,1.69
2012.12.06 02:13:44.766,1.24668,1.24684,1.50,1.73
2012.12.06 02:13:45.065,1.24666,1.24683,1.73,1.50
2012.12.06 02:13:45.742,1.24666,1.24684,1.73,1.73
2012.12.06 02:13:46.063,1.24659,1.24678,3.23,1.50
2012.12.06 02:13:46.127,1.24659,1.24678,3.23,1.50
2012.12.06 02:13:46.684,1.2466,1.24678,2.48,1.50
2012.12.06 02:13:48.754,1.24664,1.2468,1.50,1.73
2012.12.06 02:13:51.935,1.24661,1.24679,1.50,1.73
2012.12.06 02:13:56.865,1.24664,1.24682,1.50,7.17
2012.12.06 02:14:00.366,1.2466,1.24679,1.73,1.73
2012.12.06 02:14:03.557,1.2466,1.24679,1.73,1.73
2012.12.06 02:14:05.466,1.24664,1.2468,1.50,1.73
2012.12.06 02:14:08.386,1.2466,1.24681,3.23,1.73
2012.12.06 02:14:11.476,1.2466,1.24681,2.48,1.73
2012.12.06 02:14:18.976,1.24663,1.24681,1.50,1.73
2012.12.06 02:14:20.245,1.24664,1.24681,1.50,1.73
2012.12.06 02:14:21.096,1.2466,1.2468,3.23,1.73
2012.12.06 02:14:21.276,1.2466,1.24679,1.50,2.85
2012.12.06 02:14:37.236,1.24659,1.24679,2.25,2.85
2012.12.06 02:14:48.418,1.24659,1.24679,2.48,3.23
2012.12.06 02:14:48.477,1.2466,1.24679,1.73,1.73
2012.12.06 02:15:08.560,1.2466,1.24681,1.73,2.85
2012.12.06 02:15:09.887,1.2466,1.24681,1.73,2.85
2012.12.06 02:15:12.485,1.2466,1.24681,1.73,2.85
2012.12.06 02:15:16.545,1.24659,1.24681,1.73,2.10
2012.12.06 02:15:22.446,1.24659,1.24681,1.73,2.10
2012.12.06 02:15:23.700,1.24659,1.24681,2.48,2.10
2012.12.06 02:15:23.966,1.24659,1.24681,2.48,2.10
2012.12.06 02:15:24.425,1.24659,1.24681,2.48,2.10
2012.12.06 02:15:25.277,1.2466,1.24681,1.73,2.10
2012.12.06 02:15:26.406,1.24659,1.24681,3.23,3.42
2012.12.06 02:15:26.716,1.24656,1.24676,1.73,1.73
2012.12.06 02:15:31.456,1.24657,1.24677,2.48,2.48
2012.12.06 02:15:31.817,1.24658,1.2468,1.73,3.59
2012.12.06 02:15:32.205,1.24659,1.2468,1.73,2.84
2012.12.06 02:15:32.745,1.24659,1.24681,2.48,2.10
2012.12.06 02:15:41.083,1.2466,1.24681,1.50,2.48
2012.12.06 02:15:41.146,1.24661,1.24682,2.48,2.48
2012.12.06 02:15:42.426,1.24661,1.24681,1.73,1.73
2012.12.06 02:15:42.546,1.2466,1.24681,2.48,2.48
2012.12.06 02:15:42.696,1.2466,1.24681,3.23,2.48
2012.12.06 02:15:47.067,1.2466,1.24681,3.23,2.48
2012.12.06 02:15:47.667,1.24662,1.24683,1.73,1.73
2012.12.06 02:15:48.025,1.24661,1.24684,3.23,1.73
2012.12.06 02:15:48.539,1.24664,1.24685,1.73,3.23
2012.12.06 02:15:49.015,1.24665,1.24684,1.73,1.73
2012.12.06 02:15:49.177,1.24665,1.24684,1.50,2.48
2012.12.06 02:15:51.238,1.24662,1.24684,1.73,2.48
2012.12.06 02:15:51.776,1.24663,1.24681,1.50,1.73
2012.12.06 02:15:52.296,1.24663,1.24681,1.50,1.73
2012.12.06 02:15:56.996,1.24661,1.24681,1.50,1.73
2012.12.06 02:15:57.813,1.24662,1.24683,1.50,3.23
2012.12.06 02:16:03.196,1.2466,1.24679,1.73,1.73
2012.12.06 02:16:08.428,1.2466,1.24681,2.48,1.73
2012.12.06 02:16:11.655,1.24662,1.2468,1.50,1.73
2012.12.06 02:16:11.776,1.24662,1.24681,1.50,1.73
2012.12.06 02:16:12.569,1.24662,1.24681,1.73,1.73
2012.12.06 02:16:12.926,1.24666,1.24682,2.25,1.73
2012.12.06 02:16:14.827,1.24662,1.24682,1.73,2.48
2012.12.06 02:16:17.008,1.24661,1.24682,2.48,2.48
2012.12.06 02:16:17.447,1.24661,1.24682,1.73,2.48
2012.12.06 02:16:27.365,1.24661,1.24681,1.73,2.48
2012.12.06 02:16:28.043,1.24661,1.24681,1.73,2.48
2012.12.06 02:16:29.466,1.24662,1.24681,1.73,2.48
2012.12.06 02:16:33.248,1.2466,1.2468,2.48,1.73
2012.12.06 02:16:33.850,1.2466,1.2468,2.48,1.73
2012.12.06 02:16:34.096,1.24662,1.2468,2.48,1.73
2012.12.06 02:16:34.277,1.24663,1.24682,2.48,2.48
2012.12.06 02:16:35.065,1.24663,1.24682,1.73,1.73
2012.12.06 02:16:35.766,1.24663,1.24682,2.48,2.48
2012.12.06 02:16:35.945,1.24663,1.24681,1.73,2.48
2012.12.06 02:16:36.486,1.24661,1.2468,1.73,1.73
2012.12.06 02:16:40.466,1.2466,1.24678,1.73,2.25
2012.12.06 02:16:40.527,1.2466,1.24678,1.50,2.48
2012.12.06 02:16:41.047,1.24657,1.24678,2.48,3.23
2012.12.06 02:16:42.552,1.24656,1.24677,2.48,1.73
2012.12.06 02:16:45.960,1.24655,1.24675,2.48,1.73
2012.12.06 02:16:46.029,1.24654,1.24673,1.50,3.23
2012.12.06 02:16:46.573,1.24652,1.2467,1.73,1.73
2012.12.06 02:16:49.115,1.24655,1.24668,1.50,1.50
2012.12.06 02:16:49.656,1.24655,1.24672,1.50,1.73
2012.12.06 02:16:50.206,1.24654,1.24672,1.73,1.73
2012.12.06 02:16:50.267,1.24654,1.24672,1.73,1.73
2012.12.06 02:16:50.815,1.24653,1.24671,2.48,2.48
2012.12.06 02:16:54.946,1.24654,1.24672,1.50,2.48
2012.12.06 02:17:00.765,1.24654,1.24672,1.50,2.48
2012.12.06 02:17:07.396,1.24655,1.24672,1.50,1.73
2012.12.06 02:17:07.516,1.24655,1.24673,1.50,3.98
2012.12.06 02:17:07.637,1.24657,1.24673,1.73,2.48
2012.12.06 02:17:07.758,1.24657,1.24675,1.73,3.23
2012.12.06 02:17:07.886,1.24657,1.24675,1.73,2.48
2012.12.06 02:17:09.776,1.24657,1.24675,1.73,1.73
2012.12.06 02:17:15.546,1.24656,1.24675,3.98,1.73
2012.12.06 02:17:25.747,1.24656,1.24675,3.23,1.73
2012.12.06 02:17:29.331,1.2466,1.24676,1.50,1.73
2012.12.06 02:17:32.531,1.24658,1.24676,3.23,1.73
2012.12.06 02:17:39.777,1.24658,1.24676,3.23,1.73
2012.12.06 02:17:41.674,1.24659,1.2468,1.50,2.48
2012.12.06 02:17:42.284,1.24662,1.2468,1.50,1.73
2012.12.06 02:17:42.625,1.24662,1.24681,1.50,2.85
2012.12.06 02:17:56.436,1.24662,1.24681,1.50,1.35
2012.12.06 02:17:56.807,1.2466,1.24679,2.25,1.35
2012.12.06 02:17:57.107,1.24659,1.24667,3.00,1.35
2012.12.06 02:17:57.467,1.24652,1.24664,1.35,1.73
2012.12.06 02:17:57.648,1.24653,1.24665,1.50,1.35
2012.12.06 02:17:58.198,1.24649,1.24667,1.20,2.78
2012.12.06 02:17:59.255,1.2465,1.24667,1.13,2.78
2012.12.06 02:18:01.187,1.2465,1.24667,1.13,2.78
2012.12.06 02:18:02.736,1.2465,1.24666,1.13,1.13
2012.12.06 02:18:03.286,1.2465,1.24666,1.13,1.13
2012.12.06 02:18:04.326,1.2465,1.24666,1.13,1.13
2012.12.06 02:18:09.035,1.2465,1.24666,1.13,1.13
2012.12.06 02:18:12.226,1.24652,1.24666,1.50,1.13
2012.12.06 02:18:13.497,1.24652,1.24666,1.50,1.73
2012.12.06 02:18:13.857,1.24647,1.24664,1.58,4.47
2012.12.06 02:18:13.976,1.24647,1.24664,1.95,3.42
2012.12.06 02:18:14.216,1.24642,1.24661,3.00,1.73
2012.12.06 02:18:17.808,1.24642,1.2466,1.50,1.29
2012.12.06 02:18:17.884,1.24641,1.24659,1.50,1.29
2012.12.06 02:18:17.947,1.24641,1.2466,1.50,1.73
2012.12.06 02:18:20.859,1.24641,1.24662,1.50,1.73
2012.12.06 02:18:26.857,1.24641,1.24662,1.50,3.98
2012.12.06 02:18:27.255,1.24641,1.24662,2.25,3.23
2012.12.06 02:18:29.327,1.24641,1.2466,2.25,1.73
2012.12.06 02:18:29.588,1.24641,1.2466,2.48,1.73
2012.12.06 02:18:31.196,1.24645,1.24663,2.25,1.73
2012.12.06 02:18:31.506,1.24645,1.24666,2.25,2.48
2012.12.06 02:18:31.626,1.24645,1.24666,2.48,2.48
2012.12.06 02:18:32.145,1.24647,1.24664,1.50,1.73
2012.12.06 02:18:32.724,1.24646,1.24664,1.50,2.48
2012.12.06 02:18:33.392,1.24646,1.24664,1.50,2.48
2012.12.06 02:18:34.395,1.24646,1.24664,1.50,1.73
2012.12.06 02:18:35.022,1.24646,1.24664,1.50,1.73
2012.12.06 02:18:35.387,1.24646,1.24664,1.50,1.73
2012.12.06 02:18:35.915,1.24646,1.24664,1.50,1.73
2012.12.06 02:18:42.488,1.24646,1.24664,1.50,1.73
2012.12.06 02:18:47.146,1.24648,1.24664,1.50,1.73
2012.12.06 02:18:47.686,1.24645,1.24662,2.48,1.50
2012.12.06 02:18:47.805,1.24642,1.24662,1.88,3.23
2012.12.06 02:18:47.985,1.24642,1.24657,1.13,1.73
2012.12.06 02:18:48.046,1.2464,1.24657,1.13,1.73
2012.12.06 02:18:48.556,1.24638,1.24657,2.33,2.48
2012.12.06 02:18:48.915,1.24638,1.24657,2.33,2.48
2012.12.06 02:18:49.096,1.24642,1.2466,1.50,1.73
2012.12.06 02:18:49.585,1.2464,1.24661,2.25,3.60
2012.12.06 02:18:50.406,1.24641,1.2466,1.50,2.48
2012.12.06 02:18:50.766,1.24637,1.24656,1.58,1.73
2012.12.06 02:18:53.138,1.24637,1.24656,1.58,1.73
2012.12.06 02:18:56.018,1.24637,1.24655,1.58,1.73
2012.12.06 02:18:56.601,1.24638,1.24655,1.05,1.73
2012.12.06 02:18:56.671,1.24638,1.24657,3.30,1.73
2012.12.06 02:18:57.020,1.24645,1.24661,1.13,2.20
2012.12.06 02:18:57.239,1.24643,1.24657,1.13,1.73
2012.12.06 02:18:57.308,1.24643,1.2466,1.13,1.73
2012.12.06 02:18:58.186,1.24645,1.24662,1.88,2.10
2012.12.06 02:18:58.629,1.24648,1.24662,1.50,1.43
2012.12.06 02:19:08.866,1.24649,1.24665,1.50,2.48
2012.12.06 02:19:09.666,1.24649,1.24667,1.50,3.98
2012.12.06 02:19:12.916,1.24646,1.24666,1.50,1.73
2012.12.06 02:19:13.476,1.24646,1.24664,1.50,1.73
2012.12.06 02:19:13.797,1.24645,1.24664,1.50,2.48
2012.12.06 02:19:20.206,1.24645,1.24664,1.50,2.48
2012.12.06 02:19:20.887,1.24645,1.24664,1.50,2.48
2012.12.06 02:19:21.006,1.24646,1.24666,1.50,1.73
2012.12.06 02:19:21.956,1.24646,1.24666,1.50,3.98
2012.12.06 02:19:23.577,1.24646,1.24665,1.50,1.73
2012.12.06 02:19:23.697,1.24648,1.24665,1.50,1.73
2012.12.06 02:19:27.375,1.24648,1.24665,1.50,1.73
2012.12.06 02:19:34.676,1.24648,1.24665,1.50,2.48
2012.12.06 02:19:40.397,1.24648,1.24665,1.50,2.48
2012.12.06 02:19:40.696,1.24646,1.24665,1.50,3.23
2012.12.06 02:19:42.553,1.24646,1.24665,1.50,3.23
2012.12.06 02:19:51.066,1.24646,1.24662,1.50,2.48
2012.12.06 02:19:51.498,1.24646,1.24664,1.50,1.17
2012.12.06 02:19:51.736,1.24646,1.24665,1.50,2.48
2012.12.06 02:19:58.057,1.24646,1.24664,1.50,1.73
2012.12.06 02:19:58.706,1.24643,1.24664,1.50,3.23
2012.12.06 02:19:59.126,1.24643,1.24661,1.50,1.50
2012.12.06 02:19:59.456,1.24643,1.24661,1.50,2.25
2012.12.06 02:19:59.936,1.24643,1.24661,1.50,1.50
2012.12.06 02:20:08.727,1.24641,1.24656,1.35,1.50
2012.12.06 02:20:09.064,1.24641,1.24654,1.13,1.73
2012.12.06 02:20:09.189,1.24639,1.24654,1.13,1.73
2012.12.06 02:20:09.557,1.24636,1.24652,1.88,1.73
2012.12.06 02:20:10.107,1.24633,1.24646,1.28,1.73
2012.12.06 02:20:10.408,1.24633,1.24648,1.13,2.31
2012.12.06 02:20:10.586,1.24633,1.24648,1.88,3.06
2012.12.06 02:20:11.087,1.24633,1.24648,1.88,3.06
2012.12.06 02:20:11.454,1.24629,1.24647,1.13,2.48
2012.12.06 02:20:13.831,1.24628,1.24647,1.50,2.48
2012.12.06 02:20:17.159,1.24628,1.24647,1.50,2.48
2012.12.06 02:20:17.796,1.24627,1.24646,1.50,1.73
2012.12.06 02:20:19.667,1.24628,1.24645,1.73,1.73
2012.12.06 02:20:19.787,1.24631,1.24648,1.50,1.73
2012.12.06 02:20:20.163,1.24632,1.24649,1.50,1.35
2012.12.06 02:20:20.685,1.24633,1.24649,1.50,1.35
2012.12.06 02:20:21.889,1.24631,1.24649,1.50,1.35
2012.12.06 02:20:22.676,1.24631,1.24649,1.50,2.10
2012.12.06 02:20:24.216,1.24632,1.2465,1.50,1.35
2012.12.06 02:20:24.725,1.24634,1.24651,1.50,1.73
2012.12.06 02:20:27.086,1.24635,1.24652,1.50,1.73
2012.12.06 02:20:27.546,1.24635,1.24652,1.50,1.73
2012.12.06 02:20:29.126,1.24635,1.24652,1.73,2.29
2012.12.06 02:20:29.186,1.24629,1.24651,2.48,1.73
2012.12.06 02:20:29.247,1.24629,1.2465,1.73,3.23
2012.12.06 02:20:29.789,1.2463,1.24651,2.25,1.73
2012.12.06 02:20:30.341,1.2463,1.24649,2.25,1.35
2012.12.06 02:20:30.468,1.24629,1.24644,1.50,1.35
2012.12.06 02:20:30.537,1.24629,1.24643,1.50,1.73
2012.12.06 02:20:30.871,1.24627,1.24643,1.88,1.73
2012.12.06 02:20:31.088,1.24627,1.24643,2.10,1.73
2012.12.06 02:20:31.211,1.2463,1.24643,1.50,1.73
2012.12.06 02:20:32.047,1.2463,1.24646,1.73,1.88
2012.12.06 02:20:32.110,1.2463,1.24643,1.73,1.50
2012.12.06 02:20:32.181,1.24628,1.24649,3.23,1.73
2012.12.06 02:20:32.319,1.24629,1.24648,1.73,1.73
2012.12.06 02:20:32.512,1.24637,1.24651,1.73,1.50
2012.12.06 02:20:32.577,1.24637,1.24651,1.73,1.50
2012.12.06 02:20:32.697,1.24635,1.24651,1.35,1.73
2012.12.06 02:20:33.250,1.24634,1.24651,1.73,1.73
2012.12.06 02:20:33.378,1.24631,1.2465,1.73,1.73
2012.12.06 02:20:33.497,1.2463,1.2465,1.50,1.73
2012.12.06 02:20:34.324,1.24632,1.24651,2.25,1.88
2012.12.06 02:20:34.460,1.24635,1.24652,1.50,1.35
2012.12.06 02:20:34.828,1.24634,1.24654,3.23,2.10
2012.12.06 02:20:35.316,1.24636,1.24654,1.73,1.35
2012.12.06 02:20:35.617,1.2464,1.24656,1.50,1.35
2012.12.06 02:20:35.977,1.2464,1.24657,1.50,1.12
2012.12.06 02:20:36.157,1.24638,1.24653,1.73,1.13
2012.12.06 02:20:36.216,1.24638,1.24653,1.73,1.13
2012.12.06 02:20:36.518,1.24635,1.24653,1.73,1.35
2012.12.06 02:20:36.636,1.24635,1.24656,1.73,2.48
2012.12.06 02:20:36.758,1.24635,1.24655,1.73,1.73
2012.12.06 02:20:36.958,1.24635,1.24653,1.73,1.73
2012.12.06 02:20:37.017,1.24635,1.24653,1.73,1.73
2012.12.06 02:20:37.407,1.24635,1.24654,1.73,2.48
2012.12.06 02:20:37.917,1.24634,1.24652,1.73,1.50
2012.12.06 02:20:38.550,1.24636,1.24655,2.48,1.73
2012.12.06 02:20:38.618,1.24636,1.24655,2.48,1.73
2012.12.06 02:20:38.797,1.24635,1.24653,1.73,1.35
2012.12.06 02:20:40.297,1.24634,1.24654,2.48,1.73
2012.12.06 02:20:40.806,1.24634,1.24654,2.48,1.73
2012.12.06 02:20:41.571,1.24634,1.24655,2.10,2.48
2012.12.06 02:20:41.886,1.24634,1.24655,1.73,1.73
2012.12.06 02:20:42.067,1.24634,1.24655,1.73,1.73
2012.12.06 02:20:42.128,1.24634,1.24653,1.50,1.73
2012.12.06 02:20:42.557,1.24634,1.24652,1.50,1.73
2012.12.06 02:20:42.617,1.24634,1.24652,1.50,2.48
2012.12.06 02:20:42.676,1.24633,1.24649,1.50,1.73
2012.12.06 02:20:43.157,1.24631,1.24647,1.05,1.73
2012.12.06 02:20:43.517,1.24628,1.24647,1.50,1.73
2012.12.06 02:20:43.717,1.24628,1.24647,1.73,1.73
2012.12.06 02:20:44.906,1.24628,1.2465,2.48,1.73
2012.12.06 02:20:45.087,1.24632,1.24652,2.48,1.73
2012.12.06 02:20:47.996,1.24636,1.24654,1.73,2.63
2012.12.06 02:20:48.240,1.24633,1.24653,1.50,1.73
2012.12.06 02:20:48.307,1.24632,1.24652,3.00,1.73
2012.12.06 02:20:48.367,1.24633,1.24652,1.50,1.73
2012.12.06 02:20:48.546,1.24634,1.24652,1.73,1.73
2012.12.06 02:20:51.577,1.24635,1.24654,1.73,1.13
2012.12.06 02:20:51.757,1.24637,1.24655,2.48,1.50
2012.12.06 02:20:52.067,1.24635,1.24656,2.48,2.48
2012.12.06 02:20:52.627,1.24636,1.24656,1.73,1.73
2012.12.06 02:20:53.387,1.24636,1.24656,1.73,1.73
2012.12.06 02:20:54.406,1.24636,1.24654,2.48,1.73
2012.12.06 02:20:54.857,1.24635,1.24653,2.48,1.73
2012.12.06 02:20:55.158,1.24635,1.24651,1.05,1.73
2012.12.06 02:20:55.905,1.24632,1.24649,2.48,1.73
2012.12.06 02:20:57.687,1.24634,1.24652,3.23,1.73
2012.12.06 02:20:57.807,1.24635,1.24654,1.73,2.48
2012.12.06 02:20:58.109,1.24635,1.24653,1.73,1.73
2012.12.06 02:20:59.246,1.24636,1.24656,1.50,1.73
2012.12.06 02:20:59.548,1.24639,1.24657,1.73,1.73
2012.12.06 02:21:00.106,1.24639,1.24658,1.73,1.73
2012.12.06 02:21:00.620,1.24639,1.24657,1.73,1.73
2012.12.06 02:21:00.758,1.24639,1.24658,1.73,1.50
2012.12.06 02:21:01.516,1.24638,1.24656,1.35,2.25
2012.12.06 02:21:01.576,1.24638,1.24656,1.13,2.48
2012.12.06 02:21:02.117,1.24638,1.24657,1.13,1.73
2012.12.06 02:21:02.238,1.24638,1.24658,3.60,3.75
2012.12.06 02:21:02.597,1.24638,1.24659,3.60,2.48
2012.12.06 02:21:03.183,1.24638,1.24658,1.73,1.73
2012.12.06 02:21:03.247,1.24638,1.24658,1.73,1.50
2012.12.06 02:21:03.756,1.24638,1.24659,2.85,2.25
2012.12.06 02:21:05.156,1.24638,1.24659,2.85,1.50
2012.12.06 02:21:05.216,1.24638,1.24656,1.88,1.73
2012.12.06 02:21:05.870,1.24636,1.24656,3.00,1.73
2012.12.06 02:21:08.477,1.24637,1.24656,1.50,1.73
2012.12.06 02:21:08.836,1.24641,1.2466,3.00,1.73
2012.12.06 02:21:09.427,1.24644,1.24663,1.50,1.73
2012.12.06 02:21:09.560,1.24641,1.2466,1.73,1.73
2012.12.06 02:21:11.408,1.24641,1.24661,1.73,1.73
2012.12.06 02:21:11.921,1.24641,1.24661,1.73,1.73
2012.12.06 02:21:12.477,1.24639,1.2466,2.85,1.73
2012.12.06 02:21:14.297,1.24639,1.24661,3.23,1.73
2012.12.06 02:21:15.369,1.24639,1.24656,1.13,1.73
2012.12.06 02:21:15.679,1.24639,1.24656,1.13,2.48
2012.12.06 02:21:16.110,1.24634,1.24652,3.00,1.73
2012.12.06 02:21:16.300,1.24632,1.24651,2.10,1.73
2012.12.06 02:21:16.368,1.24632,1.24649,1.13,1.54
2012.12.06 02:21:16.607,1.24631,1.24645,1.13,1.54
2012.12.06 02:21:16.910,1.24629,1.24645,1.50,1.54
2012.12.06 02:21:17.098,1.24629,1.24645,1.50,1.73
2012.12.06 02:21:17.277,1.2463,1.24649,1.35,2.10
2012.12.06 02:21:17.817,1.2463,1.2465,1.35,2.10
2012.12.06 02:21:18.336,1.2463,1.2465,1.73,1.73
2012.12.06 02:21:19.648,1.24632,1.24652,1.35,1.73
2012.12.06 02:21:19.767,1.24634,1.24652,1.50,1.73
2012.12.06 02:21:20.127,1.24641,1.24655,2.25,1.18
2012.12.06 02:21:20.528,1.24642,1.24656,1.73,2.48
2012.12.06 02:21:21.047,1.24642,1.24661,1.73,1.73
2012.12.06 02:21:22.497,1.2464,1.24658,1.50,1.73
2012.12.06 02:21:22.797,1.2464,1.24658,1.50,1.73
2012.12.06 02:21:24.236,1.24639,1.2466,1.50,2.77
2012.12.06 02:21:25.376,1.24639,1.2466,1.50,2.77
2012.12.06 02:21:28.017,1.24639,1.2466,1.50,2.77
2012.12.06 02:21:28.998,1.24639,1.24659,1.50,1.73
2012.12.06 02:21:29.120,1.2464,1.2466,1.50,2.48
2012.12.06 02:21:30.716,1.24638,1.24656,1.50,1.73
2012.12.06 02:21:31.077,1.24635,1.24651,2.25,2.48
2012.12.06 02:21:31.257,1.24635,1.24651,1.50,2.48
2012.12.06 02:21:32.341,1.24634,1.24651,1.73,1.73
2012.12.06 02:21:33.696,1.24635,1.24651,1.73,1.73
2012.12.06 02:21:34.477,1.24635,1.24651,1.73,1.73
2012.12.06 02:21:34.718,1.24636,1.24657,1.73,2.85
2012.12.06 02:21:34.836,1.24636,1.24652,1.50,1.73
2012.12.06 02:21:35.136,1.24635,1.24652,1.73,1.50
2012.12.06 02:21:35.558,1.24637,1.24657,1.50,1.73
2012.12.06 02:21:36.107,1.24637,1.24657,1.50,1.73
2012.12.06 02:21:36.227,1.24635,1.24655,3.08,2.48
2012.12.06 02:21:36.288,1.24635,1.24655,2.25,2.18
2012.12.06 02:21:36.527,1.24637,1.24656,1.50,2.48
2012.12.06 02:21:36.827,1.24638,1.24659,2.33,3.23
2012.12.06 02:21:36.886,1.24637,1.24653,1.35,1.50
2012.12.06 02:21:37.246,1.24632,1.24653,4.13,1.73
2012.12.06 02:21:37.308,1.24632,1.24654,3.23,1.73
2012.12.06 02:21:40.127,1.24633,1.24651,1.73,1.73
2012.12.06 02:21:40.246,1.24637,1.24654,1.73,2.48
2012.12.06 02:21:40.426,1.24637,1.24654,1.50,2.48
2012.12.06 02:21:42.128,1.24633,1.24651,1.73,1.73
2012.12.06 02:21:42.307,1.24628,1.24647,2.25,1.73
2012.12.06 02:21:42.926,1.24629,1.24649,1.50,1.73
2012.12.06 02:21:43.697,1.24629,1.2465,1.73,2.48
2012.12.06 02:21:43.905,1.24631,1.24648,1.50,1.73
2012.12.06 02:21:44.426,1.24632,1.24649,1.50,1.73
2012.12.06 02:21:44.666,1.24632,1.24651,1.50,2.10
2012.12.06 02:21:44.787,1.24633,1.24652,3.23,2.25
2012.12.06 02:21:45.296,1.24633,1.24652,2.48,1.50
2012.12.06 02:21:45.856,1.24633,1.24652,2.48,1.50
2012.12.06 02:21:45.916,1.24633,1.24652,3.60,1.50
2012.12.06 02:21:46.216,1.24638,1.24656,1.88,3.98
2012.12.06 02:21:46.729,1.24638,1.24655,1.50,1.73
2012.12.06 02:21:46.819,1.24634,1.24653,1.73,3.98
2012.12.06 02:21:48.907,1.24633,1.24652,3.23,2.25
2012.12.06 02:21:49.087,1.24633,1.24649,2.25,1.73
2012.12.06 02:21:51.606,1.24633,1.24651,1.50,1.73
2012.12.06 02:21:51.727,1.24633,1.24652,1.73,2.25
2012.12.06 02:21:52.027,1.24633,1.24652,2.48,1.50
2012.12.06 02:21:52.916,1.24633,1.24652,2.48,1.50
2012.12.06 02:21:54.227,1.24633,1.2465,1.73,1.50
2012.12.06 02:21:54.469,1.24631,1.24652,1.73,2.63
2012.12.06 02:21:54.656,1.2463,1.2465,1.73,1.50
2012.12.06 02:21:54.716,1.2463,1.2465,1.73,1.50
2012.12.06 02:21:55.068,1.24629,1.24649,2.48,1.50
2012.12.06 02:21:57.356,1.2463,1.24649,1.73,1.73
2012.12.06 02:21:57.416,1.2463,1.2465,1.73,3.23
2012.12.06 02:21:57.758,1.24631,1.24647,1.13,1.73
2012.12.06 02:21:58.306,1.24629,1.24647,2.48,1.73
2012.12.06 02:21:58.826,1.24629,1.24646,2.48,1.73
2012.12.06 02:22:05.387,1.24628,1.24647,1.73,1.73
2012.12.06 02:22:06.377,1.24628,1.24647,3.23,1.73
2012.12.06 02:22:06.497,1.24635,1.24651,1.73,1.50
2012.12.06 02:22:06.886,1.24637,1.24658,1.35,4.73
2012.12.06 02:22:08.168,1.24636,1.24653,1.73,1.50
2012.12.06 02:22:08.765,1.24634,1.24655,1.73,2.25
2012.12.06 02:22:11.156,1.24633,1.24652,1.73,1.50
2012.12.06 02:22:12.535,1.24633,1.24654,2.48,3.00
2012.12.06 02:22:15.363,1.24634,1.24655,1.73,1.50
2012.12.06 02:22:15.963,1.24635,1.24656,1.73,1.73
2012.12.06 02:22:16.276,1.24635,1.24657,2.48,2.48
2012.12.06 02:22:29.406,1.24639,1.24658,1.58,1.73
2012.12.06 02:22:30.747,1.24641,1.24658,1.73,1.50
2012.12.06 02:22:31.474,1.24642,1.2466,1.73,2.40
2012.12.06 02:22:32.088,1.24644,1.2466,1.50,1.65
2012.12.06 02:22:32.334,1.24642,1.24663,1.73,1.73
2012.12.06 02:22:32.636,1.24642,1.24662,2.48,1.73
2012.12.06 02:22:32.756,1.24642,1.24662,1.73,1.73
2012.12.06 02:22:32.876,1.24642,1.24662,1.73,1.73
2012.12.06 02:22:33.236,1.24642,1.24661,1.73,1.73
2012.12.06 02:22:34.322,1.2464,1.2466,2.48,1.73
2012.12.06 02:22:35.617,1.24645,1.2466,1.50,1.73
2012.12.06 02:22:35.737,1.24646,1.2466,1.73,1.50
2012.12.06 02:22:39.678,1.24646,1.24661,1.58,1.50
2012.12.06 02:22:39.808,1.24646,1.24661,1.58,2.25
2012.12.06 02:22:39.927,1.24646,1.2466,1.58,1.73
2012.12.06 02:22:40.166,1.2464,1.2466,1.58,1.73
2012.12.06 02:22:40.686,1.2464,1.24657,1.58,1.73
2012.12.06 02:22:41.457,1.2464,1.24657,1.58,1.73
2012.12.06 02:22:42.537,1.2464,1.24659,1.58,1.73
2012.12.06 02:22:42.977,1.2464,1.24658,1.58,1.73
2012.12.06 02:22:46.943,1.2464,1.24658,1.58,1.73
2012.12.06 02:22:48.959,1.2464,1.24658,1.58,1.73
2012.12.06 02:22:49.027,1.2464,1.24658,1.58,1.73
2012.12.06 02:22:49.147,1.24642,1.2466,1.73,1.73
2012.12.06 02:22:49.269,1.24643,1.2466,1.58,1.50
2012.12.06 02:22:49.396,1.24644,1.24664,3.08,2.25
2012.12.06 02:22:52.559,1.24644,1.24664,3.08,2.25
2012.12.06 02:22:55.513,1.24644,1.24664,3.08,2.25
2012.12.06 02:22:58.857,1.24646,1.24664,1.73,1.50
2012.12.06 02:23:00.589,1.24646,1.24664,1.73,2.25
2012.12.06 02:23:00.908,1.24644,1.24661,1.73,1.88
2012.12.06 02:23:01.150,1.24642,1.2466,1.73,2.48
2012.12.06 02:23:01.710,1.24641,1.2466,1.73,2.48
2012.12.06 02:23:01.897,1.24641,1.2466,1.73,1.50
2012.12.06 02:23:02.473,1.24641,1.2466,1.73,1.50
2012.12.06 02:23:05.938,1.2464,1.2466,3.08,1.50
2012.12.06 02:23:07.256,1.2464,1.2466,3.08,1.50
2012.12.06 02:23:10.117,1.2464,1.2466,2.48,2.25
2012.12.06 02:23:11.937,1.24639,1.24656,1.73,1.50
2012.12.06 02:23:14.297,1.24639,1.24656,1.73,1.50
2012.12.06 02:23:19.282,1.24641,1.2466,1.73,1.50
2012.12.06 02:23:19.360,1.24641,1.24661,1.73,2.10
2012.12.06 02:23:19.908,1.24641,1.24661,1.73,2.85
2012.12.06 02:23:22.597,1.24641,1.24658,1.73,1.73
2012.12.06 02:23:24.127,1.24638,1.24656,3.98,1.73
2012.12.06 02:23:24.866,1.24639,1.24656,1.73,1.73
2012.12.06 02:23:26.416,1.24639,1.24656,1.73,1.73
2012.12.06 02:23:28.037,1.24639,1.24656,1.73,1.73
2012.12.06 02:23:29.746,1.24638,1.24656,2.48,1.73
2012.12.06 02:23:29.927,1.24638,1.24657,1.73,1.73
2012.12.06 02:23:30.047,1.24638,1.24658,2.48,1.73
2012.12.06 02:23:30.347,1.24638,1.24656,1.73,1.73
2012.12.06 02:23:30.786,1.24636,1.24656,3.98,1.73
2012.12.06 02:23:30.846,1.24636,1.24656,3.98,1.73
2012.12.06 02:23:33.819,1.24636,1.24655,1.73,2.48
2012.12.06 02:23:33.948,1.24634,1.24653,2.48,1.73
2012.12.06 02:23:34.548,1.24634,1.24651,2.48,1.73
2012.12.06 02:23:35.107,1.24635,1.24653,1.73,1.73
2012.12.06 02:23:36.146,1.24634,1.24651,2.33,1.73
2012.12.06 02:23:37.214,1.24634,1.24651,1.73,1.50
2012.12.06 02:23:42.507,1.24635,1.24654,1.73,1.73
2012.12.06 02:23:42.990,1.24636,1.24654,2.48,1.50
2012.12.06 02:23:47.494,1.24638,1.24656,1.58,2.48
2012.12.06 02:23:50.310,1.24636,1.24656,3.23,2.48
2012.12.06 02:23:55.368,1.24636,1.24654,3.98,1.73
2012.12.06 02:24:03.226,1.24636,1.24656,3.23,2.48
2012.12.06 02:24:08.957,1.24634,1.24653,3.23,1.50
2012.12.06 02:24:11.618,1.24635,1.24655,1.73,1.73
2012.12.06 02:24:17.007,1.24635,1.24653,1.73,1.50
2012.12.06 02:24:17.557,1.24634,1.24652,1.73,1.50
2012.12.06 02:24:17.806,1.24634,1.24652,1.73,1.50
2012.12.06 02:24:18.986,1.24634,1.24653,1.73,2.25
2012.12.06 02:24:28.887,1.24632,1.2465,3.23,1.50
2012.12.06 02:24:29.067,1.24633,1.2465,1.73,1.73
2012.12.06 02:24:32.869,1.24633,1.24652,2.48,2.48
2012.12.06 02:24:33.199,1.24633,1.24652,2.48,2.48
2012.12.06 02:24:35.276,1.24633,1.24652,2.48,2.48
2012.12.06 02:24:37.600,1.24633,1.24652,2.48,1.73
2012.12.06 02:24:37.728,1.24633,1.24654,3.23,2.48
2012.12.06 02:24:40.177,1.24634,1.24654,1.73,2.48
2012.12.06 02:24:50.268,1.24635,1.24654,1.35,1.50
2012.12.06 02:24:50.327,1.24634,1.24653,2.10,1.50
2012.12.06 02:24:52.096,1.24635,1.24654,1.35,1.73
2012.12.06 02:24:52.217,1.24638,1.24656,1.50,1.73
2012.12.06 02:24:52.336,1.24638,1.24656,1.73,1.50
2012.12.06 02:24:53.366,1.24637,1.24656,1.73,1.50
2012.12.06 02:24:54.212,1.24635,1.24654,2.10,1.50
2012.12.06 02:24:54.276,1.24635,1.24653,2.63,1.73
2012.12.06 02:24:54.397,1.24635,1.24653,2.25,2.25
2012.12.06 02:24:55.406,1.24633,1.24651,1.50,1.73
2012.12.06 02:24:56.927,1.24631,1.24647,2.25,1.73
2012.12.06 02:24:57.047,1.24629,1.24647,1.73,1.73
2012.12.06 02:24:57.633,1.24626,1.24644,2.85,1.73
2012.12.06 02:25:04.417,1.2463,1.24648,1.73,1.73
2012.12.06 02:25:04.597,1.24631,1.2465,1.73,3.98
2012.12.06 02:25:10.581,1.24631,1.24649,1.73,1.50
2012.12.06 02:25:10.769,1.2463,1.24649,1.73,2.48
2012.12.06 02:25:17.357,1.2463,1.24649,1.35,1.73
2012.12.06 02:25:17.668,1.2463,1.2465,1.73,2.48
2012.12.06 02:25:19.906,1.24634,1.2465,1.73,3.23
2012.12.06 02:25:20.266,1.24634,1.24652,2.48,1.50
2012.12.06 02:25:20.626,1.24635,1.24654,2.10,1.73
2012.12.06 02:25:21.238,1.24639,1.24655,1.73,1.73
2012.12.06 02:25:21.741,1.24638,1.24657,3.23,1.73
2012.12.06 02:25:22.259,1.24638,1.24657,2.48,1.73
2012.12.06 02:25:22.816,1.24638,1.24657,2.10,1.73
2012.12.06 02:25:27.437,1.24639,1.2466,1.73,2.85
2012.12.06 02:25:28.906,1.24639,1.2466,1.73,1.50
2012.12.06 02:25:28.966,1.24643,1.24661,1.73,3.98
2012.12.06 02:25:29.506,1.24646,1.24664,1.73,1.73
2012.12.06 02:25:30.798,1.24643,1.24661,2.48,1.73
2012.12.06 02:25:30.857,1.24643,1.24661,2.48,1.73
2012.12.06 02:25:40.227,1.24642,1.24662,2.48,1.73
2012.12.06 02:25:40.646,1.24642,1.24663,2.48,1.73
2012.12.06 02:25:41.291,1.24643,1.24664,2.48,1.73
2012.12.06 02:25:47.377,1.24646,1.24665,1.35,1.73
2012.12.06 02:25:47.737,1.24646,1.24666,2.10,1.50
2012.12.06 02:25:47.918,1.24644,1.24664,1.88,2.48
2012.12.06 02:25:48.043,1.24645,1.24665,1.73,1.73
2012.12.06 02:25:48.228,1.24645,1.24665,1.73,1.50
2012.12.06 02:25:48.468,1.24645,1.24666,1.73,2.25
2012.12.06 02:25:50.238,1.24645,1.24666,1.73,2.48
2012.12.06 02:25:50.910,1.24647,1.24669,1.73,3.23
2012.12.06 02:25:51.467,1.24648,1.24669,1.73,2.48
2012.12.06 02:25:52.508,1.24648,1.24669,1.73,2.48
2012.12.06 02:25:53.826,1.24647,1.24667,1.73,1.50
2012.12.06 02:25:57.629,1.24647,1.24669,1.73,2.48
2012.12.06 02:25:59.198,1.24648,1.24668,1.73,1.73
2012.12.06 02:25:59.497,1.24646,1.24667,2.48,1.73
2012.12.06 02:25:59.957,1.24646,1.24664,1.50,1.73
2012.12.06 02:26:00.137,1.24646,1.24664,1.50,1.73
2012.12.06 02:26:00.198,1.24648,1.24664,1.50,1.73
2012.12.06 02:26:00.907,1.24648,1.24666,1.50,1.73
2012.12.06 02:26:01.694,1.24645,1.24664,1.73,1.73
2012.12.06 02:26:04.209,1.24646,1.24665,1.73,2.48
2012.12.06 02:26:16.358,1.24646,1.24667,1.73,1.73
2012.12.06 02:26:16.967,1.24648,1.24667,1.50,1.73
2012.12.06 02:26:17.507,1.24648,1.24669,1.73,3.23
2012.12.06 02:26:18.148,1.24648,1.24668,1.50,1.73
2012.12.06 02:26:31.566,1.24648,1.24667,1.73,1.73
2012.12.06 02:26:31.808,1.24644,1.24664,2.85,1.73
2012.12.06 02:26:38.609,1.24645,1.24665,1.50,1.73
2012.12.06 02:26:38.815,1.24644,1.24664,1.35,1.73
2012.12.06 02:26:38.890,1.24643,1.24664,2.10,1.73
2012.12.06 02:26:43.488,1.24643,1.2466,1.73,1.73
2012.12.06 02:26:43.907,1.24643,1.24659,1.50,1.73
2012.12.06 02:26:45.813,1.24643,1.24659,1.50,1.73
2012.12.06 02:26:48.057,1.24639,1.24658,1.28,2.33
2012.12.06 02:26:48.117,1.24639,1.24658,1.05,2.33
2012.12.06 02:26:48.477,1.2464,1.24659,1.05,2.27
2012.12.06 02:26:48.597,1.2464,1.24657,1.05,1.73
2012.12.06 02:26:49.301,1.24638,1.24659,3.00,2.27
2012.12.06 02:26:49.788,1.24641,1.24657,1.50,1.73
2012.12.06 02:27:03.469,1.24639,1.24655,1.50,1.73
2012.12.06 02:27:03.591,1.24634,1.24652,1.73,1.73
2012.12.06 02:27:03.658,1.24634,1.24654,1.73,2.48
2012.12.06 02:27:03.838,1.24639,1.24656,1.73,3.23
2012.12.06 02:27:04.382,1.24639,1.24656,2.48,2.48
2012.12.06 02:27:04.458,1.24641,1.24656,1.73,2.25
2012.12.06 02:27:04.828,1.24642,1.24658,2.48,1.95
2012.12.06 02:27:05.387,1.2464,1.24658,2.48,1.20
2012.12.06 02:27:05.506,1.2464,1.24663,2.85,5.10
2012.12.06 02:27:09.596,1.24645,1.24664,2.48,1.73
2012.12.06 02:27:12.157,1.24648,1.24666,1.50,1.73
2012.12.06 02:27:12.517,1.24648,1.24667,1.73,2.25
2012.12.06 02:27:12.577,1.24648,1.24667,1.73,2.25
2012.12.06 02:27:12.696,1.24647,1.24667,2.85,1.50
2012.12.06 02:27:13.007,1.24647,1.24665,2.10,2.25
2012.12.06 02:27:13.317,1.24644,1.24663,2.25,1.73
2012.12.06 02:27:13.658,1.24644,1.24663,1.50,1.73
2012.12.06 02:27:16.859,1.24642,1.24663,2.25,1.73
2012.12.06 02:27:17.457,1.24642,1.24663,2.25,1.73
2012.12.06 02:27:18.337,1.24644,1.24664,1.73,2.48
2012.12.06 02:27:18.397,1.24644,1.24662,1.73,1.73
2012.12.06 02:27:27.508,1.24647,1.24663,1.50,1.73
2012.12.06 02:27:27.633,1.24648,1.24665,1.73,1.73
2012.12.06 02:27:29.466,1.24647,1.24662,1.35,1.50
2012.12.06 02:27:29.717,1.24646,1.24662,1.50,1.73
2012.12.06 02:27:30.219,1.24643,1.24661,2.48,1.73
2012.12.06 02:27:32.374,1.24643,1.24663,2.48,1.73
2012.12.06 02:27:32.444,1.24643,1.24663,2.48,1.73
2012.12.06 02:27:32.969,1.24643,1.24662,1.73,1.73
2012.12.06 02:27:33.027,1.24642,1.24662,3.23,1.73
2012.12.06 02:27:35.036,1.24643,1.24662,1.73,1.73
2012.12.06 02:27:35.547,1.24643,1.24662,1.88,1.73
2012.12.06 02:27:36.687,1.24643,1.24662,1.13,1.73
2012.12.06 02:27:40.937,1.24644,1.24661,1.50,1.73
2012.12.06 02:27:41.057,1.24644,1.24662,1.73,1.73
2012.12.06 02:27:41.778,1.24644,1.24662,1.73,1.73
2012.12.06 02:27:48.660,1.24644,1.24662,1.73,1.73
2012.12.06 02:27:49.387,1.24644,1.24662,1.73,1.73
2012.12.06 02:27:52.629,1.24645,1.24664,1.50,1.73
2012.12.06 02:27:52.867,1.24647,1.24666,1.73,1.73
2012.12.06 02:27:53.368,1.24647,1.24666,2.48,1.73
2012.12.06 02:27:53.667,1.24648,1.24668,1.73,1.73
2012.12.06 02:27:58.938,1.24648,1.24668,3.23,1.73
2012.12.06 02:28:00.157,1.24648,1.24668,2.48,1.73
2012.12.06 02:28:00.397,1.24646,1.24666,2.85,1.73
2012.12.06 02:28:00.645,1.24646,1.24666,3.42,1.73
2012.12.06 02:28:01.687,1.24648,1.24666,2.48,1.73
2012.12.06 02:28:02.739,1.24648,1.24666,2.48,1.73
2012.12.06 02:28:02.858,1.24648,1.24666,2.48,1.50
2012.12.06 02:28:03.785,1.24649,1.24668,1.73,1.73
2012.12.06 02:28:05.657,1.24647,1.24668,2.85,3.23
2012.12.06 02:28:06.141,1.24648,1.24667,1.73,2.48
2012.12.06 02:28:09.277,1.2465,1.24668,1.73,2.48
2012.12.06 02:28:09.583,1.24648,1.24668,1.73,1.73
2012.12.06 02:28:10.227,1.24651,1.24668,1.73,1.73
2012.12.06 02:28:15.820,1.24653,1.24673,2.48,2.48
2012.12.06 02:28:16.132,1.24657,1.24674,1.73,1.50
2012.12.06 02:28:16.328,1.24657,1.24669,1.88,1.73
2012.12.06 02:28:16.811,1.24651,1.24669,3.83,1.73
2012.12.06 02:28:16.882,1.24651,1.24669,2.70,1.73
2012.12.06 02:28:22.577,1.2465,1.24669,1.50,1.73
2012.12.06 02:28:24.748,1.2465,1.24669,1.50,1.73
2012.12.06 02:28:25.126,1.2465,1.24669,2.25,1.73
2012.12.06 02:28:25.744,1.24652,1.2467,1.50,2.10
2012.12.06 02:28:28.707,1.2465,1.24669,1.50,1.73
2012.12.06 02:28:34.718,1.2465,1.24669,1.50,1.73
2012.12.06 02:28:36.727,1.2465,1.24669,1.50,1.73
2012.12.06 02:28:36.969,1.24651,1.24671,1.73,1.73
2012.12.06 02:28:39.807,1.2465,1.24671,1.73,2.48
2012.12.06 02:28:40.167,1.24647,1.24666,3.15,1.73
2012.12.06 02:28:52.427,1.24647,1.24667,1.50,1.73
2012.12.06 02:29:20.437,1.24645,1.24667,2.85,1.73
2012.12.06 02:29:55.446,1.24645,1.24668,1.35,2.48
2012.12.06 02:30:03.929,1.24644,1.24663,1.73,1.73
2012.12.06 02:30:04.227,1.24644,1.24663,1.73,1.73
2012.12.06 02:30:21.656,1.24644,1.24666,2.48,1.73
2012.12.06 02:30:22.496,1.24644,1.24668,2.48,3.23
2012.12.06 02:30:28.568,1.24644,1.24668,2.48,3.23
2012.12.06 02:30:29.175,1.24644,1.24668,2.48,3.23
2012.12.06 02:30:34.157,1.24646,1.24667,1.73,1.73
2012.12.06 02:30:34.752,1.24645,1.24667,2.48,1.73
2012.12.06 02:30:41.088,1.24645,1.24667,2.48,1.73
2012.12.06 02:31:03.297,1.24647,1.24665,1.50,1.73
2012.12.06 02:31:03.889,1.24647,1.24668,1.88,2.48
2012.12.06 02:31:04.010,1.24648,1.24668,2.25,3.23
2012.12.06 02:31:04.078,1.24647,1.24666,2.63,1.73
2012.12.06 02:31:04.139,1.24649,1.24666,1.13,1.73
2012.12.06 02:31:04.699,1.24647,1.24668,1.73,1.73
2012.12.06 02:31:04.957,1.24647,1.24667,2.33,1.73
2012.12.06 02:31:06.887,1.24647,1.24667,1.58,1.73
2012.12.06 02:31:13.785,1.24649,1.24667,1.73,1.73
2012.12.06 02:31:13.981,1.24648,1.24663,1.50,1.73
2012.12.06 02:31:14.489,1.24646,1.24664,1.73,1.50
2012.12.06 02:31:14.847,1.24645,1.24664,1.50,2.48
2012.12.06 02:31:14.968,1.24644,1.24664,1.50,2.48
2012.12.06 02:31:15.478,1.24643,1.24664,1.73,1.65
2012.12.06 02:31:15.987,1.24643,1.24664,1.73,1.65
2012.12.06 02:31:20.677,1.24644,1.24664,3.23,1.73
2012.12.06 02:31:21.047,1.24644,1.24664,1.73,1.73
2012.12.06 02:31:21.858,1.24646,1.24664,1.50,1.50
2012.12.06 02:31:21.977,1.24646,1.24664,1.50,1.73
2012.12.06 02:31:22.769,1.24644,1.24664,1.50,2.48
2012.12.06 02:31:22.969,1.24643,1.24664,2.48,2.48
2012.12.06 02:31:24.548,1.24644,1.24664,1.50,2.48
2012.12.06 02:31:24.608,1.24644,1.24664,1.50,1.73
2012.12.06 02:31:27.838,1.24644,1.24665,2.25,1.73
2012.12.06 02:31:31.716,1.24644,1.24664,1.50,1.73
2012.12.06 02:31:33.160,1.24643,1.24664,2.48,1.73
2012.12.06 02:31:35.528,1.24643,1.24663,2.48,1.73
2012.12.06 02:31:36.269,1.24643,1.24663,1.73,1.73
2012.12.06 02:31:40.677,1.24641,1.24662,1.73,1.73
2012.12.06 02:31:41.168,1.24638,1.24659,1.73,1.73
2012.12.06 02:31:43.877,1.24638,1.24658,1.73,3.23
2012.12.06 02:31:44.238,1.24637,1.24654,1.73,1.50
2012.12.06 02:31:44.299,1.24635,1.24654,3.00,2.48
2012.12.06 02:31:44.418,1.24635,1.24654,3.00,1.73
2012.12.06 02:31:44.597,1.24635,1.24657,3.23,3.23
2012.12.06 02:31:44.908,1.24638,1.24657,2.48,1.50
2012.12.06 02:31:45.148,1.2464,1.24658,2.48,2.25
2012.12.06 02:31:50.257,1.2464,1.24658,2.10,1.50
2012.12.06 02:31:52.041,1.2464,1.24658,1.73,1.50
2012.12.06 02:31:52.317,1.24639,1.24658,2.85,1.50
2012.12.06 02:31:52.379,1.24641,1.24659,1.73,1.50
2012.12.06 02:31:52.438,1.24639,1.24658,3.60,1.73
2012.12.06 02:31:52.797,1.24639,1.24656,1.13,2.48
2012.12.06 02:31:53.348,1.24636,1.24656,1.73,1.73
2012.12.06 02:31:54.697,1.24635,1.24656,2.48,2.48
2012.12.06 02:31:57.577,1.24636,1.24656,1.73,2.48
2012.12.06 02:31:58.085,1.24638,1.24656,1.50,2.48
2012.12.06 02:32:03.398,1.24635,1.24656,1.73,2.48
2012.12.06 02:32:03.948,1.24635,1.24656,1.73,2.48
2012.12.06 02:32:04.919,1.24637,1.24656,1.73,2.48
2012.12.06 02:32:08.368,1.24637,1.24656,1.73,3.23
2012.12.06 02:32:08.904,1.24637,1.24655,1.73,2.48
2012.12.06 02:32:13.249,1.24637,1.24655,3.23,2.48
2012.12.06 02:32:13.628,1.24641,1.24655,1.50,1.73
2012.12.06 02:32:14.806,1.2464,1.24655,1.50,1.73
2012.12.06 02:32:15.441,1.24637,1.24655,1.73,1.73
2012.12.06 02:32:22.648,1.24637,1.24655,1.73,1.73
2012.12.06 02:32:29.836,1.24636,1.24655,1.73,1.73
2012.12.06 02:32:32.832,1.24637,1.24655,1.73,1.73
2012.12.06 02:32:32.898,1.24638,1.24656,2.25,1.73
2012.12.06 02:32:41.387,1.24638,1.24658,2.25,2.48
2012.12.06 02:32:41.928,1.24638,1.24658,2.25,1.73
2012.12.06 02:32:44.867,1.24638,1.24657,2.25,1.73
2012.12.06 02:32:45.657,1.24638,1.24656,2.25,1.73
2012.12.06 02:32:50.828,1.24638,1.24657,2.25,1.73
2012.12.06 02:32:55.658,1.24638,1.24655,1.50,1.73
2012.12.06 02:32:58.857,1.24638,1.24655,1.50,1.73
2012.12.06 02:32:59.278,1.24637,1.24655,1.50,1.73
2012.12.06 02:32:59.639,1.24638,1.24656,2.25,1.73
2012.12.06 02:32:59.699,1.24638,1.24652,1.50,1.73
2012.12.06 02:32:59.973,1.24638,1.24652,1.50,1.50
2012.12.06 02:33:00.169,1.24636,1.24652,3.00,1.29
2012.12.06 02:33:00.231,1.24636,1.24653,2.25,2.67
2012.12.06 02:33:00.635,1.24636,1.24652,3.75,1.73
2012.12.06 02:33:00.711,1.24636,1.24654,4.50,1.73
2012.12.06 02:33:01.019,1.24645,1.24656,1.50,1.50
2012.12.06 02:33:01.077,1.24645,1.24657,1.50,2.25
2012.12.06 02:33:01.257,1.24644,1.24657,1.73,2.25
2012.12.06 02:33:01.519,1.24644,1.24654,1.73,1.50
2012.12.06 02:33:01.938,1.24641,1.24657,2.10,2.25
2012.12.06 02:33:03.479,1.24641,1.24662,2.10,1.73
2012.12.06 02:33:03.609,1.24641,1.24662,2.10,1.73
2012.12.06 02:33:04.027,1.24642,1.24663,1.35,1.73
2012.12.06 02:33:05.037,1.24644,1.24663,1.35,2.48
2012.12.06 02:33:06.098,1.24642,1.24657,1.35,1.50
2012.12.06 02:33:06.218,1.24641,1.24657,1.13,1.73
2012.12.06 02:33:06.458,1.24639,1.24657,1.73,1.73
2012.12.06 02:33:07.768,1.24637,1.24656,1.73,1.73
2012.12.06 02:33:07.828,1.24638,1.24656,1.73,1.73
2012.12.06 02:33:07.889,1.24636,1.24654,2.85,1.73
2012.12.06 02:33:18.188,1.24632,1.24653,2.85,1.73
2012.12.06 02:33:18.799,1.24631,1.24649,1.73,1.73
2012.12.06 02:33:19.037,1.2463,1.24649,1.35,1.73
2012.12.06 02:33:22.985,1.24629,1.2465,1.73,1.73
2012.12.06 02:33:38.619,1.24629,1.24649,1.65,1.73
2012.12.06 02:33:39.612,1.24629,1.24651,2.48,1.73
2012.12.06 02:33:43.918,1.24628,1.2465,3.00,3.23
2012.12.06 02:33:44.524,1.24628,1.2465,3.00,3.23
2012.12.06 02:33:48.858,1.2463,1.2465,1.50,1.73
2012.12.06 02:33:49.038,1.24631,1.2465,1.73,1.50
2012.12.06 02:33:49.587,1.24631,1.24651,1.73,1.73
2012.12.06 02:33:53.293,1.24631,1.24652,1.73,1.73
2012.12.06 02:33:54.128,1.24633,1.24652,1.50,1.73
2012.12.06 02:33:54.489,1.24639,1.24654,1.50,1.50
2012.12.06 02:33:54.728,1.24641,1.24658,1.35,2.10
2012.12.06 02:33:54.848,1.24645,1.24661,1.50,1.13
2012.12.06 02:33:54.979,1.24645,1.24663,1.50,1.73
2012.12.06 02:33:56.668,1.24645,1.24665,1.50,2.48
2012.12.06 02:33:56.849,1.24649,1.24668,1.73,2.25
2012.12.06 02:33:56.908,1.24649,1.24668,1.50,3.23
2012.12.06 02:33:57.268,1.24649,1.24668,1.73,1.50
2012.12.06 02:33:57.818,1.24649,1.24668,1.73,1.50
2012.12.06 02:33:59.299,1.24649,1.24669,1.73,1.73
2012.12.06 02:34:09.647,1.24648,1.24668,2.48,2.25
2012.12.06 02:34:09.957,1.24645,1.24666,1.73,2.48
2012.12.06 02:34:24.220,1.24645,1.24665,1.73,1.73
2012.12.06 02:34:33.019,1.24645,1.24665,1.73,1.73
2012.12.06 02:34:46.837,1.24645,1.24663,3.98,1.73
2012.12.06 02:34:47.377,1.24645,1.24663,1.73,1.73
2012.12.06 02:34:47.568,1.24642,1.24662,1.50,2.48
2012.12.06 02:34:47.628,1.24641,1.24662,2.25,3.23
2012.12.06 02:34:47.689,1.24644,1.24662,1.50,2.48
2012.12.06 02:34:47.808,1.24644,1.24662,1.73,1.50
2012.12.06 02:34:58.439,1.24643,1.24663,1.73,1.50
2012.12.06 02:34:59.066,1.24643,1.24664,1.73,3.23
2012.12.06 02:35:04.259,1.24643,1.24663,1.73,1.50
2012.12.06 02:35:09.649,1.24644,1.24663,1.73,1.50
2012.12.06 02:35:12.401,1.24644,1.24663,2.48,1.50
2012.12.06 02:35:15.140,1.24644,1.24663,1.73,1.50
2012.12.06 02:35:27.716,1.24643,1.24663,1.73,3.00
2012.12.06 02:35:28.018,1.24642,1.24661,2.25,1.73
2012.12.06 02:35:35.059,1.2464,1.24657,2.10,1.73
2012.12.06 02:35:35.298,1.24639,1.24657,1.73,2.48
2012.12.06 02:35:35.827,1.24638,1.24657,1.73,2.48
2012.12.06 02:35:40.887,1.24637,1.24657,1.73,3.23
2012.12.06 02:35:42.417,1.24636,1.24657,1.73,3.98
2012.12.06 02:35:42.719,1.24635,1.24651,1.73,1.73
2012.12.06 02:35:43.038,1.24633,1.24649,1.13,1.73
2012.12.06 02:35:43.288,1.2463,1.24649,1.58,1.73
2012.12.06 02:35:44.418,1.2463,1.2465,2.33,1.73
2012.12.06 02:35:44.647,1.2463,1.24651,2.33,2.48
2012.12.06 02:35:45.522,1.24635,1.24654,1.73,2.85
2012.12.06 02:35:45.708,1.24634,1.24652,1.50,1.73
2012.12.06 02:35:45.957,1.24632,1.24652,2.48,1.73
2012.12.06 02:35:46.679,1.24633,1.24653,2.25,1.73
2012.12.06 02:35:47.498,1.24636,1.24653,1.73,1.73
2012.12.06 02:35:48.027,1.24636,1.24652,1.73,2.48
2012.12.06 02:35:48.148,1.24636,1.24654,1.73,1.35
2012.12.06 02:35:48.751,1.24636,1.24655,3.23,2.48
2012.12.06 02:35:49.257,1.24641,1.24654,1.73,1.50
2012.12.06 02:35:49.378,1.24641,1.2466,1.73,3.60
2012.12.06 02:35:49.618,1.2464,1.24659,1.73,1.73
2012.12.06 02:35:50.159,1.24641,1.2466,2.48,2.85
2012.12.06 02:35:51.730,1.24641,1.24657,1.50,1.73
2012.12.06 02:35:54.488,1.24638,1.24657,1.50,1.73
2012.12.06 02:35:55.035,1.24637,1.24655,1.50,1.73
2012.12.06 02:36:00.728,1.24637,1.24658,1.50,3.23
2012.12.06 02:36:00.800,1.24637,1.24657,1.50,1.73
2012.12.06 02:36:01.007,1.24639,1.24658,1.50,1.73
2012.12.06 02:36:07.429,1.24639,1.24657,1.50,2.48
2012.12.06 02:36:07.918,1.24639,1.24659,1.73,3.23
2012.12.06 02:36:08.558,1.24641,1.24659,1.50,2.48
2012.12.06 02:36:10.510,1.24641,1.24659,1.50,2.48
2012.12.06 02:36:18.137,1.24641,1.24659,1.73,3.23
2012.12.06 02:36:24.579,1.24639,1.24659,1.73,3.23
2012.12.06 02:36:27.918,1.24639,1.24659,1.73,3.23
2012.12.06 02:36:28.249,1.24639,1.24659,1.73,3.23
2012.12.06 02:36:29.066,1.24639,1.24659,1.73,3.98
2012.12.06 02:36:30.169,1.24637,1.24657,2.10,1.73
2012.12.06 02:36:30.470,1.24635,1.24652,2.48,2.25
2012.12.06 02:36:30.599,1.24636,1.24652,1.73,2.25
2012.12.06 02:36:30.659,1.24635,1.24652,2.25,2.48
2012.12.06 02:36:30.780,1.24633,1.24652,3.23,1.73
2012.12.06 02:36:30.959,1.24633,1.24652,3.98,1.73
2012.12.06 02:36:31.141,1.24632,1.24652,3.23,1.73
2012.12.06 02:36:31.269,1.24632,1.24655,2.48,1.73
2012.12.06 02:36:31.390,1.24632,1.24655,2.48,1.73
2012.12.06 02:36:32.455,1.24635,1.24656,2.25,2.48
2012.12.06 02:36:32.810,1.24634,1.24654,1.50,1.35
2012.12.06 02:36:36.539,1.24634,1.24655,1.50,2.85
2012.12.06 02:36:36.599,1.24634,1.24654,1.50,1.35
2012.12.06 02:36:36.777,1.24636,1.24654,1.50,1.35
2012.12.06 02:36:42.576,1.24635,1.24654,1.50,2.10
2012.12.06 02:36:43.279,1.24634,1.24654,1.73,2.10
2012.12.06 02:36:45.407,1.24635,1.24655,2.25,1.73
2012.12.06 02:36:45.922,1.24635,1.24656,2.25,1.73
2012.12.06 02:37:00.587,1.24635,1.24655,2.25,1.73
2012.12.06 02:37:03.339,1.24637,1.24656,1.73,1.73
2012.12.06 02:37:38.658,1.24636,1.24653,1.73,1.73
2012.12.06 02:37:41.187,1.24636,1.24654,1.50,1.73
2012.12.06 02:37:42.618,1.24636,1.24654,1.50,1.73
2012.12.06 02:37:42.977,1.24634,1.24654,2.10,1.73
2012.12.06 02:37:43.418,1.24634,1.24653,2.10,1.73
2012.12.06 02:37:43.538,1.24635,1.24653,1.50,1.73
2012.12.06 02:37:43.785,1.24632,1.2465,1.35,3.77
2012.12.06 02:37:43.979,1.24631,1.24648,1.73,1.73
2012.12.06 02:37:44.039,1.2463,1.24648,1.73,1.73
2012.12.06 02:37:45.808,1.24629,1.24648,1.50,1.73
2012.12.06 02:37:45.868,1.24629,1.24648,1.50,1.73
2012.12.06 02:37:45.988,1.2463,1.24649,1.73,3.23
2012.12.06 02:37:47.659,1.24633,1.24652,1.58,2.48
2012.12.06 02:37:47.779,1.24633,1.24652,1.95,2.25
2012.12.06 02:37:47.958,1.24633,1.24652,1.88,1.73
2012.12.06 02:37:48.199,1.24631,1.24652,1.73,1.73
2012.12.06 02:37:48.718,1.24631,1.24652,1.73,1.73
2012.12.06 02:37:48.928,1.2463,1.24648,3.23,1.73
2012.12.06 02:37:55.638,1.2463,1.24648,2.48,1.73
2012.12.06 02:37:56.308,1.2463,1.24649,2.48,1.73
2012.12.06 02:38:01.146,1.24631,1.2465,1.73,1.73
2012.12.06 02:38:01.783,1.24631,1.2465,1.73,1.73
2012.12.06 02:38:03.328,1.2463,1.24647,2.25,1.73
2012.12.06 02:38:03.868,1.2463,1.24646,1.50,1.73
2012.12.06 02:38:04.389,1.24628,1.24646,3.38,1.73
2012.12.06 02:38:05.160,1.24628,1.24646,3.38,1.73
2012.12.06 02:38:05.699,1.24629,1.24649,1.50,2.48
2012.12.06 02:38:05.768,1.24629,1.24649,3.23,1.73
2012.12.06 02:38:06.188,1.24635,1.24651,1.50,2.40
2012.12.06 02:38:06.519,1.24635,1.24651,1.73,1.50
2012.12.06 02:38:07.078,1.24635,1.24651,2.48,1.50
2012.12.06 02:38:08.911,1.24633,1.24651,1.35,1.50
2012.12.06 02:38:09.108,1.2463,1.24649,2.10,1.73
2012.12.06 02:38:10.322,1.2463,1.24649,2.48,1.73
2012.12.06 02:38:10.508,1.24633,1.24651,2.10,1.50
2012.12.06 02:38:14.234,1.24632,1.24649,1.73,1.73
2012.12.06 02:38:14.739,1.24633,1.24652,1.50,1.73
2012.12.06 02:38:14.878,1.24634,1.24655,1.73,2.48
2012.12.06 02:38:15.240,1.2464,1.24657,1.54,1.50
2012.12.06 02:38:15.808,1.2464,1.24656,2.29,1.50
2012.12.06 02:38:16.117,1.2464,1.24655,2.29,1.50
2012.12.06 02:38:16.359,1.24643,1.2466,2.10,2.10
2012.12.06 02:38:16.479,1.24645,1.2466,1.54,1.50
2012.12.06 02:38:16.781,1.24643,1.2466,1.69,2.48
2012.12.06 02:38:16.983,1.24641,1.24658,1.50,1.73
2012.12.06 02:38:17.678,1.24637,1.24658,1.88,2.48
2012.12.06 02:38:20.630,1.24642,1.24658,1.13,1.73
2012.12.06 02:38:20.930,1.24644,1.24662,2.10,1.50
2012.12.06 02:38:21.470,1.24644,1.24662,1.50,2.48
2012.12.06 02:38:21.539,1.24644,1.24662,2.25,2.48
2012.12.06 02:38:22.808,1.24644,1.24662,1.50,1.73
2012.12.06 02:38:27.221,1.24642,1.24662,1.73,2.48
2012.12.06 02:38:27.529,1.24641,1.24659,1.50,1.73
2012.12.06 02:38:27.829,1.24641,1.2466,1.73,1.73
2012.12.06 02:38:28.142,1.24642,1.24661,1.73,1.73
2012.12.06 02:38:28.210,1.24641,1.24662,2.48,1.50
2012.12.06 02:38:28.722,1.24644,1.24663,1.73,1.50
2012.12.06 02:38:29.529,1.24645,1.24666,2.48,2.48
2012.12.06 02:38:33.569,1.24646,1.24665,1.73,1.73
2012.12.06 02:38:33.629,1.24646,1.24665,1.73,1.50
2012.12.06 02:38:33.688,1.24646,1.24665,1.73,1.50
2012.12.06 02:38:33.809,1.24645,1.24665,1.73,1.50
2012.12.06 02:38:34.367,1.24645,1.24665,1.73,1.50
2012.12.06 02:38:38.438,1.24644,1.24662,1.73,1.50
2012.12.06 02:38:38.558,1.24643,1.2466,1.32,1.73
2012.12.06 02:38:39.106,1.24641,1.2466,1.73,1.73
2012.12.06 02:38:39.738,1.2464,1.2466,1.73,1.73
2012.12.06 02:38:40.068,1.24641,1.24659,2.85,1.73
2012.12.06 02:38:40.249,1.24641,1.24659,2.25,1.73
2012.12.06 02:38:40.868,1.24639,1.24659,2.25,1.73
2012.12.06 02:38:46.938,1.2464,1.2466,2.25,1.73
2012.12.06 02:38:47.659,1.24644,1.24666,2.25,3.98
2012.12.06 02:38:47.961,1.24646,1.24666,1.73,2.48
2012.12.06 02:38:48.088,1.24648,1.24666,1.73,1.73
2012.12.06 02:38:48.449,1.2465,1.2467,1.73,1.73
2012.12.06 02:38:48.570,1.24653,1.2467,1.73,1.73
2012.12.06 02:38:49.109,1.24654,1.24672,2.48,1.73
2012.12.06 02:38:52.121,1.24652,1.24671,1.50,1.35
2012.12.06 02:38:52.329,1.24649,1.24668,1.13,2.48
2012.12.06 02:38:52.810,1.24647,1.24668,3.23,1.73
2012.12.06 02:38:53.190,1.24648,1.24668,2.25,2.48
2012.12.06 02:38:53.249,1.24647,1.24665,2.25,1.73
2012.12.06 02:38:53.309,1.24648,1.24665,1.50,2.10
2012.12.06 02:38:53.791,1.24644,1.24663,1.50,1.73
2012.12.06 02:38:56.244,1.24645,1.24664,1.50,1.73
2012.12.06 02:38:56.690,1.24644,1.24663,3.98,1.73
2012.12.06 02:38:56.928,1.24646,1.24666,1.35,2.85
2012.12.06 02:38:57.169,1.24645,1.24666,2.48,1.73
2012.12.06 02:38:57.289,1.24644,1.24663,3.98,1.73
2012.12.06 02:38:57.590,1.24645,1.24665,1.73,2.85
2012.12.06 02:38:57.948,1.24643,1.24663,2.25,1.73
2012.12.06 02:39:00.698,1.24641,1.24661,3.75,1.73
2012.12.06 02:39:01.059,1.24643,1.24662,1.50,2.48
2012.12.06 02:39:01.369,1.24642,1.24661,1.73,1.73
2012.12.06 02:39:01.728,1.2464,1.24659,1.73,2.48
2012.12.06 02:39:01.978,1.2464,1.24659,1.73,2.48
2012.12.06 02:39:02.040,1.2464,1.24659,1.50,2.48
2012.12.06 02:39:02.279,1.24641,1.2466,2.33,1.73
2012.12.06 02:39:02.818,1.24642,1.2466,1.73,1.73
2012.12.06 02:39:03.251,1.24641,1.24657,2.48,3.23
2012.12.06 02:39:05.388,1.24638,1.24655,1.50,1.73
2012.12.06 02:39:08.248,1.24637,1.24655,1.73,1.73
2012.12.06 02:39:08.369,1.24637,1.24655,1.50,2.48
2012.12.06 02:39:08.971,1.24636,1.24655,1.50,1.73
2012.12.06 02:39:11.409,1.24634,1.24654,2.25,1.73
2012.12.06 02:39:11.712,1.24636,1.24655,1.50,2.48
2012.12.06 02:39:11.781,1.24636,1.24655,1.73,2.48
2012.12.06 02:39:12.288,1.24637,1.24656,1.73,1.73
2012.12.06 02:39:28.042,1.24636,1.24657,1.73,1.73
2012.12.06 02:39:28.110,1.24638,1.24655,1.50,1.73
2012.12.06 02:39:28.409,1.24638,1.24656,1.50,3.98
2012.12.06 02:39:28.649,1.24638,1.24656,1.50,1.73
2012.12.06 02:39:29.196,1.2464,1.24656,1.50,1.73
2012.12.06 02:39:36.669,1.2464,1.24656,1.50,1.73
2012.12.06 02:39:36.848,1.24639,1.24658,1.50,1.73
2012.12.06 02:39:37.270,1.24639,1.24658,1.50,2.48
2012.12.06 02:39:39.369,1.24638,1.24657,1.50,1.73
2012.12.06 02:39:39.909,1.24639,1.24656,2.10,1.50
2012.12.06 02:39:40.353,1.24638,1.24655,1.73,1.50
2012.12.06 02:39:40.419,1.24638,1.24655,1.50,1.73
2012.12.06 02:39:40.949,1.24638,1.24657,1.50,2.48
2012.12.06 02:39:41.389,1.24638,1.24655,1.50,2.48
2012.12.06 02:39:41.570,1.24637,1.24656,1.50,1.73
2012.12.06 02:39:41.748,1.24639,1.24658,1.73,2.48
2012.12.06 02:39:41.869,1.24642,1.2466,2.25,2.48
2012.12.06 02:39:42.409,1.24644,1.24661,1.50,1.73
2012.12.06 02:39:43.919,1.24643,1.24661,1.50,1.73
2012.12.06 02:39:51.479,1.24641,1.2466,2.25,1.73
2012.12.06 02:39:52.578,1.2464,1.2466,1.50,1.73
2012.12.06 02:39:53.448,1.2464,1.2466,2.25,1.73
2012.12.06 02:39:53.568,1.24641,1.24661,1.50,3.53
2012.12.06 02:40:00.787,1.24643,1.24661,1.73,1.73
2012.12.06 02:40:06.391,1.24645,1.24663,2.48,3.23
2012.12.06 02:40:06.939,1.24645,1.24663,1.73,2.48
2012.12.06 02:40:11.769,1.24644,1.24661,1.73,1.73
2012.12.06 02:40:12.290,1.24645,1.24663,1.50,1.73
2012.12.06 02:40:12.599,1.24648,1.24664,1.50,1.73
2012.12.06 02:40:13.019,1.24648,1.24664,2.48,1.50
2012.12.06 02:40:13.079,1.24648,1.24666,2.48,2.25
2012.12.06 02:40:13.728,1.24648,1.24668,2.48,2.48
2012.12.06 02:40:13.898,1.24648,1.24668,2.48,2.48
2012.12.06 02:40:14.918,1.24649,1.24668,1.73,2.48
2012.12.06 02:40:16.720,1.24648,1.24666,2.25,1.73
2012.12.06 02:40:16.839,1.24648,1.24666,1.50,1.73
2012.12.06 02:40:18.808,1.24648,1.24667,1.50,2.48
2012.12.06 02:40:18.929,1.24649,1.24667,1.73,2.48
2012.12.06 02:40:19.554,1.24649,1.24668,1.73,2.48
2012.12.06 02:40:20.720,1.24649,1.24665,1.73,1.50
2012.12.06 02:40:21.079,1.24646,1.24664,3.00,2.48
2012.12.06 02:40:21.139,1.24645,1.24662,1.73,2.48
2012.12.06 02:40:21.263,1.24644,1.24662,1.73,1.73
2012.12.06 02:40:21.508,1.24642,1.2466,1.50,1.73
2012.12.06 02:40:22.194,1.24643,1.2466,1.50,1.73
2012.12.06 02:40:22.262,1.24646,1.24661,1.50,1.05
2012.12.06 02:40:22.572,1.24642,1.24663,1.13,4.73
2012.12.06 02:40:22.818,1.24641,1.24662,3.38,1.73
2012.12.06 02:40:23.459,1.24644,1.24663,1.50,1.73
2012.12.06 02:40:23.578,1.24646,1.24662,1.73,1.50
2012.12.06 02:40:30.719,1.24646,1.24664,1.73,2.48
2012.12.06 02:40:32.408,1.24645,1.24664,1.73,2.48
2012.12.06 02:40:33.729,1.24645,1.24664,1.73,2.48
2012.12.06 02:40:34.808,1.24646,1.24664,1.73,2.48
2012.12.06 02:40:35.350,1.24644,1.24664,3.23,3.23
2012.12.06 02:40:35.539,1.24644,1.24663,3.23,1.73
2012.12.06 02:40:35.961,1.24643,1.2466,1.50,1.73
2012.12.06 02:40:36.030,1.24644,1.2466,1.50,1.73
2012.12.06 02:40:36.448,1.24647,1.2466,2.25,2.25
2012.12.06 02:40:36.628,1.24647,1.2466,1.50,1.50
2012.12.06 02:40:37.179,1.24646,1.24664,1.50,1.73
2012.12.06 02:40:38.179,1.24646,1.24664,2.25,1.73
2012.12.06 02:40:38.629,1.24648,1.24664,1.50,1.73
2012.12.06 02:40:39.969,1.24647,1.24667,1.13,1.73
2012.12.06 02:40:40.328,1.24647,1.24667,1.88,1.50
2012.12.06 02:40:41.198,1.24647,1.24667,1.13,2.25
2012.12.06 02:40:41.259,1.24646,1.24664,1.35,2.25
2012.12.06 02:40:47.409,1.24644,1.24664,1.50,2.48
2012.12.06 02:40:47.470,1.24643,1.24663,2.25,1.73
2012.12.06 02:40:47.529,1.24643,1.24663,2.25,1.73
2012.12.06 02:40:47.709,1.24644,1.24664,1.73,1.73
2012.12.06 02:40:48.248,1.24646,1.24664,1.50,1.73
2012.12.06 02:40:49.439,1.24646,1.24665,1.50,1.73
2012.12.06 02:40:49.750,1.24649,1.24664,1.13,1.73
2012.12.06 02:40:50.109,1.24652,1.24667,1.13,1.36
2012.12.06 02:40:51.218,1.24653,1.24671,1.50,2.34
2012.12.06 02:40:51.578,1.24659,1.24671,1.50,1.59
2012.12.06 02:40:51.639,1.24659,1.24672,1.50,1.35
2012.12.06 02:40:51.911,1.24659,1.24675,1.50,1.13
2012.12.06 02:40:53.139,1.24657,1.24676,2.25,1.73
2012.12.06 02:40:53.199,1.24658,1.24676,1.73,1.50
2012.12.06 02:40:53.500,1.24662,1.24679,1.50,2.85
2012.12.06 02:40:53.679,1.24662,1.24679,1.50,2.85
2012.12.06 02:40:58.301,1.24662,1.2468,1.50,2.48
2012.12.06 02:40:58.840,1.24662,1.2468,1.50,3.23
2012.12.06 02:40:59.378,1.24663,1.2468,1.50,1.73
2012.12.06 02:41:00.060,1.2466,1.2468,1.73,2.48
2012.12.06 02:41:00.421,1.24663,1.2468,1.50,1.73
2012.12.06 02:41:00.611,1.24666,1.24682,1.50,1.73
2012.12.06 02:41:01.140,1.24664,1.24683,1.73,2.48
2012.12.06 02:41:01.787,1.24665,1.24683,1.50,2.48
2012.12.06 02:41:02.249,1.24664,1.24681,1.73,1.73
2012.12.06 02:41:03.619,1.24664,1.24681,1.73,1.73
2012.12.06 02:41:03.979,1.24659,1.2468,1.88,2.48
2012.12.06 02:41:04.229,1.24659,1.24678,1.88,1.73
2012.12.06 02:41:05.429,1.24659,1.24677,1.13,1.73
2012.12.06 02:41:07.079,1.24657,1.24677,1.50,1.73
2012.12.06 02:41:09.813,1.24657,1.24677,1.73,1.73
2012.12.06 02:41:09.954,1.24658,1.24677,1.73,1.73
2012.12.06 02:41:10.023,1.24659,1.24677,1.73,1.73
2012.12.06 02:41:10.100,1.24659,1.24677,1.73,1.73
2012.12.06 02:41:11.129,1.24659,1.24675,1.73,1.50
2012.12.06 02:41:11.550,1.24658,1.24678,1.73,1.73
2012.12.06 02:41:11.729,1.24657,1.24675,1.73,2.48
2012.12.06 02:41:11.790,1.24657,1.24675,1.50,2.48
2012.12.06 02:41:12.350,1.24657,1.24675,1.50,2.48
2012.12.06 02:41:12.621,1.24654,1.24674,3.23,2.48
2012.12.06 02:41:12.690,1.24654,1.24674,2.25,3.23
2012.12.06 02:41:12.989,1.24655,1.24674,1.73,1.73
2012.12.06 02:41:13.050,1.24654,1.24673,2.48,1.73
2012.12.06 02:41:13.169,1.24653,1.24673,2.48,1.73
2012.12.06 02:41:14.660,1.24656,1.24675,1.50,2.48
2012.12.06 02:41:24.159,1.24656,1.24675,1.50,1.73
2012.12.06 02:41:31.891,1.24654,1.24673,1.73,1.73
2012.12.06 02:41:34.329,1.24655,1.24675,2.48,1.73
2012.12.06 02:41:42.631,1.24654,1.24673,1.73,1.73
2012.12.06 02:41:43.103,1.24657,1.24676,1.73,3.23
2012.12.06 02:41:44.319,1.24658,1.24677,1.73,1.73
2012.12.06 02:41:44.579,1.24658,1.24678,1.73,1.73
2012.12.06 02:41:45.404,1.24658,1.24678,1.73,1.73
2012.12.06 02:41:46.374,1.24661,1.24679,1.50,1.73
2012.12.06 02:41:46.679,1.24662,1.24683,2.48,1.73
2012.12.06 02:41:46.930,1.24663,1.24683,1.73,1.73
2012.12.06 02:41:47.349,1.2466,1.2468,1.88,1.73
2012.12.06 02:41:51.119,1.2466,1.2468,1.13,1.73
2012.12.06 02:41:54.842,1.2466,1.2468,1.88,1.73
2012.12.06 02:41:55.498,1.2466,1.2468,1.13,2.48
2012.12.06 02:41:56.848,1.2466,1.2468,1.13,2.48
2012.12.06 02:41:59.749,1.24658,1.24678,1.73,1.73
2012.12.06 02:42:00.549,1.24658,1.24679,1.73,1.73
2012.12.06 02:42:02.218,1.24658,1.24679,1.73,1.73
2012.12.06 02:42:03.367,1.24658,1.24678,1.73,1.73
2012.12.06 02:42:05.561,1.24658,1.24678,2.48,1.73
2012.12.06 02:42:05.688,1.24658,1.2468,3.00,1.73
2012.12.06 02:42:07.588,1.24658,1.2468,1.50,2.48
2012.12.06 02:42:07.899,1.2466,1.24678,1.13,1.73
2012.12.06 02:42:08.448,1.2466,1.24677,1.13,1.73
2012.12.06 02:42:08.508,1.24659,1.24677,1.13,1.73
2012.12.06 02:42:09.799,1.24659,1.24677,1.13,1.73
2012.12.06 02:42:19.399,1.24659,1.24678,1.88,1.73
2012.12.06 02:42:22.499,1.24656,1.24677,1.50,1.73
2012.12.06 02:42:22.801,1.24661,1.24679,1.50,3.23
2012.12.06 02:42:27.490,1.24664,1.24684,2.25,1.73
2012.12.06 02:42:27.970,1.24666,1.24687,1.50,2.48
2012.12.06 02:42:28.530,1.24666,1.24687,1.50,1.73
2012.12.06 02:42:31.381,1.24665,1.24685,1.50,1.73
2012.12.06 02:42:31.509,1.24663,1.24684,1.73,1.73
2012.12.06 02:42:41.408,1.24665,1.24685,1.50,1.73
2012.12.06 02:42:41.770,1.24665,1.24685,1.50,1.73
2012.12.06 02:42:42.527,1.24665,1.24686,2.25,1.73
2012.12.06 02:42:43.991,1.24665,1.24686,2.25,1.73
2012.12.06 02:42:47.411,1.24665,1.24686,2.25,1.73
2012.12.06 02:42:48.949,1.24665,1.24686,2.25,1.73
2012.12.06 02:42:50.271,1.24665,1.24686,2.25,1.73
2012.12.06 02:42:53.486,1.24665,1.24686,2.25,1.73
2012.12.06 02:42:58.986,1.24665,1.24686,2.25,2.48
2012.12.06 02:43:05.818,1.24665,1.24686,3.75,1.73
2012.12.06 02:43:06.383,1.24665,1.24686,2.25,1.73
2012.12.06 02:43:14.191,1.24665,1.24686,1.73,2.48
2012.12.06 02:43:47.068,1.24665,1.24685,2.48,1.73
2012.12.06 02:44:06.657,1.24665,1.24682,1.73,1.50
2012.12.06 02:44:06.958,1.24664,1.24685,3.00,2.48
2012.12.06 02:44:07.259,1.24667,1.24685,1.50,1.73
2012.12.06 02:44:07.318,1.24667,1.24686,1.50,1.73
2012.12.06 02:44:07.438,1.24667,1.24686,1.73,1.73
2012.12.06 02:44:07.879,1.24665,1.24685,1.73,2.48
2012.12.06 02:44:13.859,1.24665,1.24685,1.73,2.48
2012.12.06 02:44:17.575,1.24665,1.24685,3.60,2.48
2012.12.06 02:44:17.879,1.24668,1.24687,2.48,1.50
2012.12.06 02:44:18.939,1.24668,1.24686,2.48,1.73
2012.12.06 02:44:19.199,1.2467,1.24688,1.73,1.50
2012.12.06 02:44:21.128,1.2467,1.24688,1.73,1.50
2012.12.06 02:44:22.269,1.2467,1.24687,1.73,1.50
2012.12.06 02:44:24.448,1.24667,1.24687,2.10,1.50
2012.12.06 02:44:24.568,1.24667,1.24687,1.13,2.48
2012.12.06 02:44:24.688,1.24669,1.24687,1.73,2.25
2012.12.06 02:44:25.349,1.24671,1.24691,1.73,1.73
2012.12.06 02:44:26.378,1.24671,1.2469,1.73,1.73
2012.12.06 02:44:26.745,1.24671,1.24689,1.73,1.50
2012.12.06 02:44:27.075,1.24671,1.24691,1.73,1.73
2012.12.06 02:44:28.099,1.24672,1.24691,1.50,1.73
2012.12.06 02:44:28.709,1.24671,1.2469,2.48,2.48
2012.12.06 02:44:28.838,1.24672,1.2469,1.50,1.73
2012.12.06 02:44:29.029,1.24673,1.24692,1.73,1.73
2012.12.06 02:44:29.449,1.24677,1.24696,2.29,1.73
2012.12.06 02:44:29.570,1.24677,1.24697,2.29,2.48
2012.12.06 02:44:30.060,1.24679,1.24698,1.73,1.73
2012.12.06 02:44:34.468,1.24677,1.24699,3.08,2.48
2012.12.06 02:44:35.005,1.24677,1.24698,2.48,1.73
2012.12.06 02:44:35.718,1.24678,1.24698,1.73,1.73
2012.12.06 02:44:38.912,1.24677,1.24699,1.73,3.23
2012.12.06 02:44:39.219,1.24677,1.24697,1.73,2.48
2012.12.06 02:44:39.460,1.24676,1.24696,1.73,2.25
2012.12.06 02:44:39.580,1.24675,1.24694,1.73,1.73
2012.12.06 02:44:40.041,1.24674,1.24694,3.04,1.73
2012.12.06 02:44:43.202,1.24674,1.24694,3.04,1.73
2012.12.06 02:44:43.459,1.24676,1.24694,1.73,1.73
2012.12.06 02:44:43.639,1.24674,1.24695,1.73,1.73
2012.12.06 02:44:44.325,1.24674,1.24695,1.73,1.73
2012.12.06 02:44:48.638,1.24673,1.24695,3.23,2.48
2012.12.06 02:44:49.015,1.24675,1.24695,1.73,1.73
2012.12.06 02:44:52.638,1.24675,1.24695,1.73,1.73
2012.12.06 02:44:58.178,1.24675,1.24694,1.73,1.50
2012.12.06 02:44:59.760,1.24678,1.24694,1.73,1.50
2012.12.06 02:45:00.144,1.24676,1.24695,1.35,1.73
2012.12.06 02:45:05.389,1.24677,1.24695,1.73,1.73
2012.12.06 02:45:05.449,1.24677,1.24695,1.73,1.73
2012.12.06 02:45:10.168,1.24673,1.24693,3.23,1.73
2012.12.06 02:45:10.709,1.2467,1.2469,3.23,2.48
2012.12.06 02:45:11.129,1.2467,1.24689,1.54,1.73
2012.12.06 02:45:11.188,1.2467,1.24689,2.14,1.73
2012.12.06 02:45:11.248,1.2467,1.24689,2.14,1.50
2012.12.06 02:45:11.848,1.24675,1.24692,1.73,1.73
2012.12.06 02:45:12.449,1.24675,1.24692,1.73,1.73
2012.12.06 02:45:12.860,1.24674,1.24692,1.73,2.48
2012.12.06 02:45:15.711,1.24673,1.2469,2.48,1.50
2012.12.06 02:45:15.840,1.24671,1.24688,1.50,1.73
2012.12.06 02:45:16.018,1.24674,1.24693,1.50,3.75
2012.12.06 02:45:18.478,1.24674,1.24692,1.73,1.73
2012.12.06 02:45:29.599,1.24673,1.24693,1.50,1.73
2012.12.06 02:45:29.958,1.24675,1.24693,1.73,1.73
2012.12.06 02:45:30.085,1.24676,1.24694,1.73,1.73
2012.12.06 02:45:31.948,1.24676,1.24695,1.73,2.48
2012.12.06 02:45:35.139,1.24679,1.24695,1.50,1.73
2012.12.06 02:45:35.260,1.24679,1.24696,1.73,2.25
2012.12.06 02:45:36.319,1.24682,1.24699,1.73,1.50
2012.12.06 02:45:36.820,1.24682,1.24702,1.73,2.48
2012.12.06 02:45:38.430,1.24683,1.24705,2.48,2.48
2012.12.06 02:45:38.769,1.24683,1.24703,1.73,1.73
2012.12.06 02:45:39.438,1.24683,1.24705,2.25,1.73
2012.12.06 02:45:39.558,1.24683,1.24705,2.48,1.73
2012.12.06 02:45:39.859,1.24682,1.24702,1.73,1.73
2012.12.06 02:45:40.230,1.24682,1.24703,1.73,2.48
2012.12.06 02:45:40.725,1.24683,1.24705,2.48,2.48
2012.12.06 02:45:44.819,1.24684,1.24703,1.73,1.73
2012.12.06 02:46:00.820,1.24682,1.24704,2.48,2.48
2012.12.06 02:46:01.308,1.2468,1.24698,1.50,1.73
2012.12.06 02:46:01.369,1.2468,1.24699,1.50,1.73
2012.12.06 02:46:01.489,1.2468,1.24699,1.50,1.73
2012.12.06 02:46:01.548,1.2468,1.24699,1.73,1.73
2012.12.06 02:46:02.620,1.24681,1.24701,1.73,2.48
2012.12.06 02:46:03.179,1.2468,1.24701,3.23,2.48
2012.12.06 02:46:06.380,1.2468,1.247,2.48,1.73
2012.12.06 02:46:12.500,1.2468,1.247,1.73,1.73
2012.12.06 02:46:13.119,1.24681,1.247,1.73,1.73
2012.12.06 02:46:15.328,1.24681,1.24701,1.73,3.23
2012.12.06 02:46:15.632,1.24678,1.24698,3.23,1.73
2012.12.06 02:46:16.179,1.24678,1.24699,1.73,3.23
2012.12.06 02:46:18.882,1.24678,1.24699,2.48,2.48
2012.12.06 02:46:19.445,1.24681,1.24699,1.39,2.48
2012.12.06 02:46:19.758,1.24681,1.24696,1.39,1.73
2012.12.06 02:46:20.298,1.24677,1.24694,1.50,2.48
2012.12.06 02:46:20.835,1.24678,1.24696,1.39,3.23
2012.12.06 02:46:21.539,1.24678,1.24696,1.39,1.73
2012.12.06 02:46:23.039,1.24678,1.24697,2.14,3.60
2012.12.06 02:46:23.550,1.24679,1.24697,2.14,2.10
2012.12.06 02:46:26.608,1.24679,1.24697,2.14,2.10
2012.12.06 02:46:27.869,1.24679,1.24697,1.39,2.10
2012.12.06 02:46:28.229,1.24678,1.24694,2.14,1.73
2012.12.06 02:46:34.050,1.24677,1.24694,1.50,1.73
2012.12.06 02:46:34.583,1.24676,1.24694,3.00,1.73
2012.12.06 02:46:46.520,1.24675,1.24692,3.00,1.73
2012.12.06 02:46:46.639,1.24676,1.24692,1.50,1.73
2012.12.06 02:46:46.761,1.24676,1.24692,1.73,1.50
2012.12.06 02:46:46.879,1.24677,1.24692,1.73,1.50
2012.12.06 02:46:47.929,1.24677,1.24695,1.73,1.50
2012.12.06 02:46:48.109,1.24677,1.24695,1.50,1.73
2012.12.06 02:46:52.659,1.24675,1.24694,1.50,2.48
2012.12.06 02:46:59.748,1.24675,1.24694,1.50,2.48
2012.12.06 02:47:04.108,1.24674,1.24691,1.50,1.58
2012.12.06 02:47:08.518,1.24674,1.24692,2.25,1.58
2012.12.06 02:47:19.041,1.24676,1.24692,2.25,1.58
2012.12.06 02:47:21.530,1.24677,1.24694,1.50,1.73
2012.12.06 02:47:22.442,1.24677,1.24694,1.50,1.73
2012.12.06 02:47:24.530,1.24677,1.24694,2.25,1.73
2012.12.06 02:47:25.079,1.24677,1.24694,1.50,1.73
2012.12.06 02:47:26.079,1.24675,1.24693,1.50,1.73
2012.12.06 02:47:26.400,1.24674,1.24691,1.50,1.73
2012.12.06 02:47:27.509,1.24674,1.24691,1.50,1.73
2012.12.06 02:47:29.278,1.24673,1.24691,1.50,1.73
2012.12.06 02:47:32.439,1.24673,1.24691,1.50,1.73
2012.12.06 02:47:39.170,1.24673,1.24691,2.25,2.48
2012.12.06 02:47:41.211,1.24671,1.24691,1.73,5.10
2012.12.06 02:47:41.459,1.24668,1.24687,3.98,1.73
2012.12.06 02:47:41.520,1.24669,1.24688,1.50,2.48
2012.12.06 02:47:42.059,1.24669,1.24687,1.50,1.73
2012.12.06 02:47:43.758,1.24669,1.24687,1.50,1.73
2012.12.06 02:47:44.332,1.24669,1.24685,1.50,1.73
2012.12.06 02:47:48.148,1.24669,1.24687,1.50,2.48
2012.12.06 02:48:02.230,1.24667,1.24685,1.73,1.73
2012.12.06 02:48:02.349,1.24666,1.24683,1.73,1.73
2012.12.06 02:48:02.840,1.24663,1.24683,1.73,1.73
2012.12.06 02:48:03.370,1.24665,1.24684,1.50,2.48
2012.12.06 02:48:03.429,1.24665,1.24684,1.50,1.73
2012.12.06 02:48:03.489,1.24666,1.24684,1.65,1.73
2012.12.06 02:48:04.040,1.24666,1.24684,1.73,1.73
2012.12.06 02:48:12.529,1.24663,1.24682,2.48,1.73
2012.12.06 02:48:13.660,1.24663,1.24682,1.73,2.48
2012.12.06 02:48:16.660,1.24666,1.24684,1.73,2.48
2012.12.06 02:48:18.687,1.24665,1.24683,1.73,1.73
2012.12.06 02:48:18.989,1.24665,1.24683,2.22,3.23
2012.12.06 02:48:19.548,1.24667,1.24683,1.73,1.73
2012.12.06 02:48:23.270,1.24665,1.24681,1.24,1.73
2012.12.06 02:48:23.920,1.24665,1.24681,1.24,1.73
2012.12.06 02:48:29.349,1.24663,1.24681,2.97,1.73
2012.12.06 02:48:29.409,1.24664,1.24681,1.50,1.73
2012.12.06 02:48:29.589,1.24664,1.2468,1.99,2.48
2012.12.06 02:48:30.314,1.24661,1.24677,1.99,1.73
2012.12.06 02:48:30.499,1.24661,1.24677,1.24,1.73
2012.12.06 02:48:31.289,1.24661,1.24675,1.24,1.73
2012.12.06 02:48:31.469,1.2466,1.24675,2.25,1.73
2012.12.06 02:48:31.780,1.24661,1.24678,1.24,1.92
2012.12.06 02:48:31.840,1.24661,1.24678,1.47,1.17
2012.12.06 02:48:31.899,1.24661,1.24679,2.22,1.92
2012.12.06 02:48:32.153,1.24664,1.24681,1.24,3.23
2012.12.06 02:48:32.598,1.24665,1.24681,1.24,2.48
2012.12.06 02:48:36.691,1.24663,1.24681,1.50,1.73
2012.12.06 02:48:37.280,1.24663,1.24681,1.50,1.73
2012.12.06 02:48:39.979,1.24663,1.24681,1.50,2.48
2012.12.06 02:48:40.339,1.24662,1.24681,1.73,3.23
2012.12.06 02:48:40.519,1.24662,1.24681,1.73,2.48
2012.12.06 02:48:42.965,1.24662,1.24681,1.73,3.23
2012.12.06 02:48:43.210,1.24662,1.24681,1.73,1.73
2012.12.06 02:48:43.719,1.24665,1.24683,1.50,1.73
2012.12.06 02:48:44.384,1.24662,1.24681,2.48,1.73
2012.12.06 02:48:46.120,1.24665,1.24683,1.50,3.23
2012.12.06 02:48:48.159,1.24663,1.24681,1.73,1.73
2012.12.06 02:48:48.920,1.24663,1.24681,1.73,1.73
2012.12.06 02:48:55.279,1.24664,1.2468,1.43,1.73
2012.12.06 02:48:55.339,1.24664,1.2468,1.43,1.73
2012.12.06 02:48:55.878,1.24662,1.24677,2.40,1.73
2012.12.06 02:48:59.890,1.24664,1.24681,1.73,1.73
2012.12.06 02:49:03.359,1.24664,1.24682,1.73,2.48
2012.12.06 02:49:06.450,1.24666,1.24682,1.43,1.73
2012.12.06 02:49:06.751,1.24666,1.24681,1.65,2.25
2012.12.06 02:49:07.082,1.24666,1.24681,1.43,1.73
2012.12.06 02:49:07.926,1.24666,1.24684,1.43,2.48
2012.12.06 02:49:09.798,1.24665,1.24684,1.50,2.48
2012.12.06 02:49:11.198,1.24664,1.24684,2.25,1.73
2012.12.06 02:49:24.548,1.24664,1.24684,2.25,1.73
2012.12.06 02:49:27.539,1.24664,1.24684,1.50,3.23
2012.12.06 02:49:43.917,1.24667,1.24684,1.50,1.73
2012.12.06 02:49:44.055,1.24667,1.24685,1.73,2.48
2012.12.06 02:49:46.590,1.24667,1.24684,1.73,1.73
2012.12.06 02:49:46.709,1.24667,1.24684,1.73,1.73
2012.12.06 02:49:47.319,1.24666,1.24684,1.73,1.73
2012.12.06 02:49:52.959,1.24662,1.24681,1.73,1.73
2012.12.06 02:49:53.138,1.24661,1.24679,2.25,2.10
2012.12.06 02:49:53.319,1.24661,1.24678,1.50,2.34
2012.12.06 02:49:53.439,1.2466,1.24679,1.73,1.73
2012.12.06 02:49:54.219,1.24658,1.24679,2.48,1.73
2012.12.06 02:50:01.371,1.24658,1.24679,2.48,1.73
2012.12.06 02:50:05.159,1.24658,1.24679,2.48,1.73
2012.12.06 02:50:07.870,1.24658,1.24679,1.73,2.48
2012.12.06 02:50:12.799,1.24657,1.24677,1.73,1.73
2012.12.06 02:50:19.889,1.24658,1.24677,1.50,3.23
2012.12.06 02:50:20.199,1.24654,1.24674,1.50,2.10
2012.12.06 02:50:21.300,1.24654,1.24674,1.50,2.85
2012.12.06 02:50:21.359,1.24654,1.24673,1.50,1.73
2012.12.06 02:50:33.830,1.24654,1.24672,1.43,3.23
2012.12.06 02:50:44.380,1.24652,1.24672,1.50,3.98
2012.12.06 02:50:46.099,1.24652,1.2467,1.50,1.73
2012.12.06 02:50:46.910,1.24649,1.24669,1.73,2.48
2012.12.06 02:50:47.090,1.24655,1.24673,1.73,1.73
2012.12.06 02:50:53.250,1.24659,1.24675,1.73,1.73
2012.12.06 02:50:53.760,1.24659,1.24676,1.73,2.48
2012.12.06 02:50:54.359,1.24658,1.24676,1.50,3.98
2012.12.06 02:50:54.660,1.24661,1.24674,1.50,1.73
2012.12.06 02:50:54.780,1.24661,1.24675,1.73,1.50
2012.12.06 02:50:54.839,1.24661,1.24677,1.73,1.20
2012.12.06 02:50:54.900,1.24662,1.24678,1.35,2.18
2012.12.06 02:50:55.198,1.24662,1.24679,1.13,2.48
2012.12.06 02:50:55.259,1.24662,1.24679,1.13,3.23
2012.12.06 02:50:55.439,1.24662,1.24677,1.73,2.25
2012.12.06 02:50:55.559,1.24662,1.24679,1.73,1.73
2012.12.06 02:50:55.619,1.24662,1.24679,1.50,1.73
2012.12.06 02:51:00.400,1.24657,1.24678,2.25,2.48
2012.12.06 02:51:00.639,1.24663,1.24677,1.50,1.73
2012.12.06 02:51:00.999,1.24663,1.2468,1.73,1.73
2012.12.06 02:51:01.419,1.24663,1.24681,1.73,2.48
2012.12.06 02:51:04.140,1.24664,1.24683,1.50,3.23
2012.12.06 02:51:05.381,1.24664,1.24683,1.50,1.73
2012.12.06 02:51:05.971,1.24664,1.24682,1.50,1.73
2012.12.06 02:51:06.150,1.24662,1.24681,2.10,1.73
2012.12.06 02:51:06.270,1.24661,1.2468,1.88,1.73
2012.12.06 02:51:06.510,1.24665,1.24682,1.50,1.73
2012.12.06 02:51:06.690,1.24668,1.24684,1.73,2.85
2012.12.06 02:51:06.750,1.24668,1.24684,1.73,1.35
2012.12.06 02:51:07.349,1.24668,1.24685,1.73,1.73
2012.12.06 02:51:07.769,1.24666,1.24685,1.73,2.48
2012.12.06 02:51:08.189,1.24665,1.24684,2.25,2.48
2012.12.06 02:51:09.139,1.24665,1.24685,1.50,3.23
2012.12.06 02:51:09.199,1.24665,1.24685,1.50,3.23
2012.12.06 02:51:09.965,1.24666,1.24685,1.50,3.08
2012.12.06 02:51:10.040,1.24668,1.24687,1.73,2.48
2012.12.06 02:51:10.910,1.24666,1.24684,1.73,2.33
2012.12.06 02:51:11.030,1.24666,1.24683,1.50,1.73
2012.12.06 02:51:11.878,1.24664,1.24682,1.50,1.73
2012.12.06 02:51:14.499,1.24664,1.24682,1.50,1.73
2012.12.06 02:51:15.030,1.24664,1.24682,1.50,1.73
2012.12.06 02:51:16.489,1.24664,1.24682,2.25,2.48
2012.12.06 02:51:17.880,1.24664,1.24684,2.25,4.58
2012.12.06 02:51:20.239,1.24665,1.24684,1.35,3.98
2012.12.06 02:51:23.485,1.24668,1.24684,1.35,2.48
2012.12.06 02:51:24.680,1.24668,1.24686,2.33,1.73
2012.12.06 02:51:25.219,1.2467,1.24688,3.00,1.73
2012.12.06 02:51:25.711,1.24671,1.24688,1.50,1.73
2012.12.06 02:51:26.271,1.24671,1.24688,1.50,1.73
2012.12.06 02:51:26.890,1.24671,1.24688,1.50,1.73
2012.12.06 02:51:27.742,1.24671,1.24688,1.50,1.73
2012.12.06 02:51:28.711,1.24669,1.24689,2.29,1.73
2012.12.06 02:51:28.890,1.24668,1.24688,1.35,1.73
2012.12.06 02:51:29.009,1.24667,1.24688,3.98,2.10
2012.12.06 02:51:29.568,1.24667,1.24684,1.50,1.73
2012.12.06 02:51:30.051,1.24667,1.24683,1.50,1.73
2012.12.06 02:51:30.613,1.24666,1.24684,1.35,1.73
2012.12.06 02:51:31.809,1.24667,1.24687,1.50,1.73
2012.12.06 02:51:41.479,1.24667,1.24686,1.50,1.73
2012.12.06 02:51:42.623,1.24667,1.24686,1.50,1.73
2012.12.06 02:51:55.170,1.24667,1.24688,1.50,2.48
2012.12.06 02:51:55.289,1.2467,1.2469,1.73,1.73
2012.12.06 02:52:00.899,1.24672,1.2469,1.50,1.35
2012.12.06 02:52:01.557,1.2467,1.24689,1.73,1.35
2012.12.06 02:52:02.523,1.2467,1.24689,1.73,2.10
2012.12.06 02:52:03.279,1.24671,1.24689,2.25,1.35
2012.12.06 02:52:05.635,1.2467,1.24689,1.73,1.35
2012.12.06 02:52:13.099,1.24671,1.24689,2.25,1.35
2012.12.06 02:52:13.734,1.24671,1.24689,2.25,1.35
2012.12.06 02:52:17.519,1.24671,1.2469,2.25,2.10
2012.12.06 02:52:19.649,1.24671,1.24689,1.50,1.73
2012.12.06 02:52:22.570,1.24671,1.2469,2.25,2.10
2012.12.06 02:52:22.629,1.24671,1.24689,1.50,1.73
2012.12.06 02:52:35.979,1.2467,1.2469,1.73,1.35
2012.12.06 02:52:36.923,1.2467,1.2469,1.73,1.35
2012.12.06 02:52:47.530,1.24671,1.2469,1.50,2.10
2012.12.06 02:52:53.010,1.24671,1.24689,1.50,1.73
2012.12.06 02:52:53.070,1.24671,1.2469,1.73,2.10
2012.12.06 02:52:53.129,1.24673,1.2469,2.25,2.10
2012.12.06 02:52:53.191,1.24673,1.2469,2.48,2.10
2012.12.06 02:52:53.309,1.24671,1.2469,2.48,2.10
2012.12.06 02:52:53.670,1.24669,1.2469,2.48,2.10
2012.12.06 02:52:59.709,1.2467,1.24689,1.50,1.73
2012.12.06 02:53:04.779,1.24672,1.24689,1.20,1.73
2012.12.06 02:53:16.969,1.24672,1.24691,1.20,1.73
2012.12.06 02:53:19.670,1.24671,1.24691,2.25,1.73
2012.12.06 02:53:19.729,1.24671,1.24691,1.50,1.73
2012.12.06 02:53:21.019,1.2467,1.24691,1.50,1.73
2012.12.06 02:53:21.606,1.24671,1.24691,1.50,1.73
2012.12.06 02:53:22.837,1.24671,1.24692,1.50,2.85
2012.12.06 02:53:27.889,1.24671,1.24692,2.25,2.10
2012.12.06 02:53:27.949,1.24676,1.24693,1.50,3.23
2012.12.06 02:53:28.070,1.24676,1.24693,1.73,1.73
2012.12.06 02:53:28.440,1.24676,1.24695,1.73,2.48
2012.12.06 02:53:28.918,1.24676,1.24696,2.48,2.10
2012.12.06 02:53:29.280,1.24681,1.24698,1.50,1.73
2012.12.06 02:53:29.700,1.24683,1.24702,2.82,1.23
2012.12.06 02:53:29.759,1.24683,1.24703,2.82,3.98
2012.12.06 02:53:29.944,1.24683,1.24702,2.29,3.23
2012.12.06 02:53:30.250,1.24683,1.247,1.50,1.73
2012.12.06 02:53:30.369,1.24683,1.247,1.50,2.48
2012.12.06 02:53:30.489,1.24684,1.247,1.73,1.73
2012.12.06 02:53:30.609,1.24682,1.24699,1.73,1.73
2012.12.06 02:53:31.220,1.24683,1.24702,1.73,1.73
2012.12.06 02:53:31.780,1.24682,1.24703,2.48,1.73
2012.12.06 02:53:38.421,1.24682,1.24703,4.58,1.73
2012.12.06 02:53:38.637,1.24685,1.24703,1.73,1.73
2012.12.06 02:53:39.259,1.24684,1.24705,1.73,1.73
2012.12.06 02:53:41.279,1.24685,1.24706,1.73,3.23
2012.12.06 02:53:43.210,1.24685,1.24706,1.73,3.23
2012.12.06 02:53:45.760,1.24686,1.24706,1.73,3.23
2012.12.06 02:53:49.110,1.24684,1.24706,2.48,3.23
2012.12.06 02:53:49.290,1.24684,1.24703,1.50,1.73
2012.12.06 02:53:56.269,1.24681,1.24697,1.73,1.73
2012.12.06 02:53:56.658,1.24679,1.24697,1.13,1.73
2012.12.06 02:53:57.180,1.24679,1.24696,1.13,1.73
2012.12.06 02:53:57.769,1.24679,1.24696,1.13,1.73
2012.12.06 02:53:58.619,1.24679,1.24696,1.13,1.73
2012.12.06 02:54:02.361,1.24678,1.24696,2.25,1.65
2012.12.06 02:54:02.879,1.24678,1.24696,1.50,1.73
2012.12.06 02:54:08.880,1.24678,1.24696,1.50,2.48
2012.12.06 02:54:10.130,1.24677,1.24694,1.50,1.73
2012.12.06 02:54:10.489,1.24677,1.24695,1.50,1.73
2012.12.06 02:54:15.002,1.24681,1.24695,1.47,1.73
2012.12.06 02:54:15.979,1.2468,1.24695,1.47,1.73
2012.12.06 02:54:17.080,1.2468,1.24695,1.47,1.73
2012.12.06 02:54:20.010,1.2468,1.24695,1.47,1.73
2012.12.06 02:54:22.021,1.2468,1.24695,1.47,1.73
2012.12.06 02:54:22.141,1.2468,1.24695,2.44,1.73
2012.12.06 02:54:22.560,1.24681,1.24698,2.22,1.73
2012.12.06 02:54:22.811,1.24681,1.24698,3.19,1.73
2012.12.06 02:54:23.204,1.24683,1.247,1.73,1.73
2012.12.06 02:54:23.389,1.24683,1.247,1.50,1.73
2012.12.06 02:54:23.449,1.24683,1.247,1.73,1.73
2012.12.06 02:54:23.869,1.24683,1.24701,2.25,2.10
2012.12.06 02:54:29.948,1.24682,1.24699,2.44,1.73
2012.12.06 02:54:32.189,1.2468,1.24695,1.73,1.73
2012.12.06 02:54:32.549,1.24676,1.24695,3.23,1.73
2012.12.06 02:54:33.563,1.24676,1.24695,3.23,1.73
2012.12.06 02:54:35.050,1.24676,1.24693,2.48,1.73
2012.12.06 02:54:42.359,1.24676,1.24693,3.23,1.73
2012.12.06 02:54:43.860,1.24676,1.24693,1.73,1.73
2012.12.06 02:54:44.519,1.24674,1.24694,2.25,2.48
2012.12.06 02:54:45.060,1.24673,1.24693,3.75,1.73
2012.12.06 02:54:45.687,1.24674,1.24693,1.50,1.73
2012.12.06 02:54:47.720,1.24675,1.24695,1.50,2.48
2012.12.06 02:54:47.900,1.24676,1.24695,1.73,1.73
2012.12.06 02:54:48.769,1.24676,1.24696,1.73,2.48
2012.12.06 02:54:49.229,1.24676,1.24696,1.73,2.48
2012.12.06 02:54:51.490,1.24678,1.24696,2.48,1.73
2012.12.06 02:54:51.551,1.24682,1.24698,1.50,1.73
2012.12.06 02:54:51.670,1.24682,1.24697,1.50,2.25
2012.12.06 02:54:52.699,1.24677,1.24694,1.50,1.50
2012.12.06 02:54:52.759,1.24675,1.24694,3.30,1.50
2012.12.06 02:54:53.939,1.24675,1.24695,3.00,1.73
2012.12.06 02:54:54.119,1.24676,1.24697,1.50,3.23
2012.12.06 02:54:54.651,1.24676,1.24695,1.50,1.73
2012.12.06 02:54:55.147,1.24675,1.24697,3.00,3.23
2012.12.06 02:54:57.243,1.24675,1.24697,3.00,3.23
2012.12.06 02:55:00.199,1.24679,1.24697,1.24,2.48
2012.12.06 02:55:07.449,1.24678,1.24695,1.24,1.73
2012.12.06 02:55:08.479,1.24679,1.24695,1.15,1.73
2012.12.06 02:55:14.179,1.24679,1.24696,1.15,1.73
2012.12.06 02:55:14.669,1.24677,1.24696,2.65,1.73
2012.12.06 02:55:17.730,1.24677,1.24696,1.50,1.73
2012.12.06 02:55:18.690,1.24677,1.24696,2.25,1.73
2012.12.06 02:55:23.690,1.24677,1.24696,1.50,1.73
2012.12.06 02:55:25.240,1.24678,1.24694,2.25,1.73
2012.12.06 02:55:25.603,1.24679,1.24696,1.50,1.73
2012.12.06 02:55:25.731,1.24679,1.24696,2.25,1.73
2012.12.06 02:55:26.291,1.2468,1.24699,1.50,2.48
2012.12.06 02:55:26.842,1.2468,1.24699,1.50,1.73
2012.12.06 02:55:26.970,1.24681,1.24699,1.73,1.73
2012.12.06 02:55:27.330,1.24682,1.24701,1.73,1.73
2012.12.06 02:55:27.632,1.24681,1.24699,1.50,1.73
2012.12.06 02:55:27.702,1.24681,1.24701,2.48,2.48
2012.12.06 02:55:27.771,1.24681,1.24701,2.48,2.48
2012.12.06 02:55:32.811,1.24683,1.24701,1.73,1.73
2012.12.06 02:55:33.369,1.24686,1.24705,1.50,1.73
2012.12.06 02:55:35.470,1.24686,1.24705,1.50,1.73
2012.12.06 02:55:35.710,1.24686,1.24705,1.50,1.73
2012.12.06 02:55:39.429,1.24686,1.24705,1.50,1.73
2012.12.06 02:55:39.944,1.24686,1.24705,1.50,1.73
2012.12.06 02:55:41.104,1.24686,1.24705,1.50,1.73
2012.12.06 02:55:43.047,1.24686,1.24705,1.50,1.73
2012.12.06 02:55:44.122,1.24684,1.24703,3.98,1.73
2012.12.06 02:55:44.187,1.24684,1.24703,3.00,2.48
2012.12.06 02:55:52.480,1.24683,1.24702,3.23,1.73
2012.12.06 02:56:00.911,1.24683,1.24703,3.23,1.73
2012.12.06 02:56:04.161,1.24683,1.24703,3.00,1.73
2012.12.06 02:56:04.490,1.24683,1.24702,3.23,1.35
2012.12.06 02:56:05.102,1.24683,1.24702,3.23,1.35
2012.12.06 02:56:06.337,1.24684,1.24702,3.75,1.35
2012.12.06 02:56:08.900,1.24688,1.24702,1.50,1.35
2012.12.06 02:56:09.021,1.24688,1.24706,4.35,2.25
2012.12.06 02:56:09.139,1.2469,1.24706,1.35,1.88
2012.12.06 02:56:09.260,1.24689,1.24706,3.23,2.10
2012.12.06 02:56:09.440,1.24687,1.24703,2.25,1.73
2012.12.06 02:56:10.079,1.24685,1.24703,2.25,1.73
2012.12.06 02:56:10.580,1.24687,1.24704,2.07,1.73
2012.12.06 02:56:14.309,1.24687,1.24703,2.07,1.73
2012.12.06 02:56:17.550,1.24687,1.24703,2.07,1.73
2012.12.06 02:56:17.790,1.24689,1.24707,2.29,1.35
2012.12.06 02:56:17.850,1.24689,1.24707,3.04,1.35
2012.12.06 02:56:18.739,1.2469,1.24706,1.54,1.35
2012.12.06 02:56:19.172,1.2469,1.24706,1.32,1.92
2012.12.06 02:56:19.243,1.2469,1.24707,1.54,1.35
2012.12.06 02:56:20.269,1.24693,1.24707,1.32,1.35
2012.12.06 02:56:25.580,1.24689,1.24707,2.48,2.10
2012.12.06 02:56:26.280,1.24688,1.24707,3.75,1.35
2012.12.06 02:56:26.810,1.24688,1.24708,3.98,2.85
2012.12.06 02:56:32.521,1.24688,1.24704,1.73,1.73
2012.12.06 02:56:33.070,1.24688,1.24705,1.50,1.73
2012.12.06 02:56:33.579,1.24686,1.24703,2.25,1.73
2012.12.06 02:56:35.299,1.24684,1.24703,4.73,1.73
2012.12.06 02:56:37.179,1.24685,1.24701,2.25,1.73
2012.12.06 02:56:39.241,1.24684,1.24698,1.50,1.73
2012.12.06 02:56:39.362,1.24682,1.24698,1.13,1.73
2012.12.06 02:56:39.431,1.24682,1.24701,1.35,1.73
2012.12.06 02:56:39.680,1.24683,1.24703,1.73,2.48
2012.12.06 02:56:39.801,1.24683,1.24703,1.73,3.23
2012.12.06 02:56:40.400,1.24682,1.24701,2.10,1.73
2012.12.06 02:56:44.042,1.24682,1.24698,1.35,1.73
2012.12.06 02:56:45.911,1.24682,1.24698,2.10,1.73
2012.12.06 02:56:52.300,1.24681,1.24699,3.08,2.48
2012.12.06 02:56:52.420,1.24682,1.24699,1.58,2.48
2012.12.06 02:56:53.054,1.24683,1.24699,1.58,2.48
2012.12.06 02:56:57.220,1.24682,1.24699,1.35,2.48
2012.12.06 02:56:57.770,1.24683,1.24699,1.35,2.48
2012.12.06 02:56:58.292,1.24683,1.24698,1.58,1.73
2012.12.06 02:56:58.865,1.24682,1.24698,2.33,2.48
2012.12.06 02:57:01.720,1.24683,1.247,1.58,1.73
2012.12.06 02:57:02.352,1.24683,1.247,1.58,1.73
2012.12.06 02:57:06.069,1.24682,1.247,1.73,2.48
2012.12.06 02:57:06.399,1.24681,1.24698,2.25,1.73
2012.12.06 02:57:06.520,1.2468,1.24698,2.10,2.48
2012.12.06 02:57:06.976,1.2468,1.24698,1.50,2.48
2012.12.06 02:57:07.532,1.2468,1.24698,1.50,1.73
2012.12.06 02:57:08.901,1.2468,1.24698,3.00,1.73
2012.12.06 02:57:10.679,1.2468,1.24699,3.00,1.73
2012.12.06 02:57:10.800,1.2468,1.24699,3.60,1.73
2012.12.06 02:57:16.242,1.24682,1.247,1.73,2.48
2012.12.06 02:57:16.309,1.24682,1.247,1.73,2.48
2012.12.06 02:57:16.611,1.24682,1.24702,1.73,1.73
2012.12.06 02:57:16.852,1.24685,1.24702,1.73,1.73
2012.12.06 02:57:17.219,1.24682,1.24702,3.60,3.23
2012.12.06 02:57:17.540,1.24684,1.24702,1.73,3.23
2012.12.06 02:57:37.009,1.24683,1.24701,3.23,1.73
2012.12.06 02:57:38.400,1.24683,1.24702,3.23,1.73
2012.12.06 02:57:38.711,1.24683,1.24701,3.23,1.73
2012.12.06 02:57:39.230,1.24683,1.24701,3.23,1.73
2012.12.06 02:57:39.810,1.24683,1.24701,3.23,1.73
2012.12.06 02:57:40.506,1.24683,1.24702,1.73,1.73
2012.12.06 02:57:44.642,1.24683,1.24702,2.48,2.48
2012.12.06 02:57:46.743,1.24684,1.24703,1.73,2.10
2012.12.06 02:57:47.230,1.24686,1.24702,1.50,1.73
2012.12.06 02:57:47.353,1.24686,1.24702,1.50,1.73
2012.12.06 02:57:48.749,1.24684,1.24703,3.23,2.48
2012.12.06 02:58:00.277,1.24683,1.24701,1.73,1.73
2012.12.06 02:58:02.019,1.24683,1.24701,1.69,1.73
2012.12.06 02:58:10.412,1.24683,1.247,1.69,1.73
2012.12.06 02:58:14.140,1.24684,1.247,1.47,3.60
2012.12.06 02:58:14.692,1.24682,1.24697,1.69,1.73
2012.12.06 02:58:44.769,1.24684,1.24701,1.62,1.35
2012.12.06 02:58:48.173,1.24684,1.24701,1.62,2.10
2012.12.06 02:58:50.810,1.24683,1.24701,2.37,1.73
2012.12.06 02:58:55.862,1.24685,1.24701,1.39,1.73
2012.12.06 02:58:56.040,1.24684,1.24701,1.62,1.73
2012.12.06 02:59:04.700,1.24686,1.24703,1.50,1.73
2012.12.06 02:59:05.130,1.24686,1.24705,2.25,1.73
2012.12.06 02:59:05.550,1.24689,1.24707,1.73,1.73
2012.12.06 02:59:05.610,1.24689,1.24707,1.73,1.73
2012.12.06 02:59:05.729,1.2469,1.24707,2.48,1.73
2012.12.06 02:59:05.791,1.24692,1.24711,1.73,2.48
2012.12.06 02:59:06.339,1.24693,1.24711,1.73,1.73
2012.12.06 02:59:24.392,1.24693,1.24712,2.48,2.10
2012.12.06 02:59:26.620,1.24695,1.24712,1.35,2.10
2012.12.06 02:59:32.379,1.24694,1.24712,1.58,2.85
2012.12.06 02:59:32.441,1.24693,1.2471,2.33,2.48
2012.12.06 02:59:32.560,1.24692,1.2471,2.85,3.23
2012.12.06 02:59:32.921,1.24696,1.2471,1.35,2.48
2012.12.06 02:59:33.160,1.24696,1.24711,1.35,1.73
2012.12.06 02:59:34.030,1.24695,1.24712,1.35,2.85
2012.12.06 02:59:36.933,1.24695,1.24712,1.35,2.85
2012.12.06 02:59:38.002,1.24696,1.24712,1.35,2.85
2012.12.06 02:59:38.524,1.24695,1.24711,1.35,2.48
2012.12.06 02:59:41.610,1.24691,1.24711,2.10,2.48
2012.12.06 02:59:41.731,1.24691,1.24711,1.73,2.48
2012.12.06 02:59:44.267,1.24693,1.24712,1.73,1.73
2012.12.06 02:59:44.799,1.24692,1.24712,2.25,2.48
2012.12.06 02:59:45.755,1.24692,1.24712,3.75,3.23
2012.12.06 02:59:47.865,1.24693,1.24713,1.50,2.48
2012.12.06 02:59:48.403,1.24693,1.24713,1.50,2.48
2012.12.06 02:59:50.712,1.24694,1.24712,1.54,1.73
2012.12.06 02:59:50.960,1.24697,1.24716,1.73,3.23
2012.12.06 02:59:51.520,1.24698,1.24717,1.50,1.73
2012.12.06 02:59:52.471,1.24698,1.24717,1.50,1.73
2012.12.06 02:59:52.711,1.24697,1.24716,1.73,1.73
2012.12.06 02:59:52.770,1.24697,1.24716,1.50,1.73
2012.12.06 02:59:52.910,1.24697,1.24717,1.73,2.48
2012.12.06 02:59:53.220,1.24697,1.24717,1.50,3.23
2012.12.06 02:59:53.579,1.24696,1.24716,2.48,1.73
2012.12.06 02:59:54.090,1.24696,1.24717,3.23,2.48
2012.12.06 02:59:54.330,1.24697,1.24716,1.73,1.73
2012.12.06 02:59:57.520,1.24696,1.24714,1.73,2.48
2012.12.06 02:59:57.847,1.24695,1.24714,3.00,2.48
2012.12.06 02:59:58.690,1.24695,1.24713,2.25,1.73
2012.12.06 02:59:58.809,1.24695,1.24716,3.23,2.48
2012.12.06 02:59:59.881,1.24697,1.24716,1.73,1.73
