2012.12.18 08:00:00.027,1.24985,1.25004,1.73,1.63
2012.12.18 08:00:00.156,1.24985,1.25005,1.73,2.63
2012.12.18 08:00:00.702,1.24985,1.25002,3.23,1.73
2012.12.18 08:00:01.063,1.24986,1.25004,1.73,1.54
2012.12.18 08:00:01.125,1.24986,1.25001,1.73,1.73
2012.12.18 08:00:01.254,1.24984,1.25001,1.50,1.73
2012.12.18 08:00:01.683,1.24982,1.24999,2.25,1.73
2012.12.18 08:00:02.243,1.24982,1.25,1.73,1.03
2012.12.18 08:00:03.833,1.24981,1.25,2.25,1.13
2012.12.18 08:00:04.193,1.24979,1.24997,2.40,1.73
2012.12.18 08:00:04.672,1.24979,1.24996,1.65,1.73
2012.12.18 08:00:04.923,1.24979,1.24997,2.40,3.23
2012.12.18 08:00:05.102,1.24977,1.24995,3.23,1.13
2012.12.18 08:00:05.552,1.24977,1.24995,3.00,1.13
2012.12.18 08:00:06.402,1.24978,1.24995,1.50,1.13
2012.12.18 08:00:06.462,1.24977,1.24995,1.50,1.88
2012.12.18 08:00:09.753,1.24977,1.24995,2.25,1.78
2012.12.18 08:00:09.914,1.2498,1.24995,2.25,1.13
2012.12.18 08:00:10.415,1.24979,1.24995,1.50,1.13
2012.12.18 08:00:10.724,1.24985,1.24998,1.54,2.53
2012.12.18 08:00:11.053,1.2498,1.24996,1.65,1.88
2012.12.18 08:00:11.234,1.24979,1.24996,1.50,2.10
2012.12.18 08:00:11.663,1.24979,1.24997,1.65,4.50
2012.12.18 08:00:11.976,1.24984,1.24997,1.50,1.73
2012.12.18 08:00:12.485,1.24984,1.24999,1.50,1.13
2012.12.18 08:00:13.853,1.24981,1.24996,1.50,1.73
2012.12.18 08:00:14.394,1.2498,1.24997,1.13,1.73
2012.12.18 08:00:14.823,1.2498,1.24996,1.13,1.73
2012.12.18 08:00:15.933,1.24979,1.24996,1.13,1.73
2012.12.18 08:00:16.953,1.2498,1.24996,1.13,2.48
2012.12.18 08:00:20.180,1.24981,1.24997,1.73,1.73
2012.12.18 08:00:22.954,1.2498,1.24996,1.13,1.73
2012.12.18 08:00:23.203,1.24983,1.25,2.25,2.44
2012.12.18 08:00:24.653,1.24981,1.24998,1.73,1.73
2012.12.18 08:00:25.073,1.2498,1.24997,1.65,3.23
2012.12.18 08:00:25.194,1.2498,1.24997,1.88,3.23
2012.12.18 08:00:25.493,1.2498,1.24995,1.13,1.73
2012.12.18 08:00:25.823,1.24979,1.24994,1.13,1.73
2012.12.18 08:00:26.444,1.24977,1.24993,3.23,1.13
2012.12.18 08:00:26.773,1.24976,1.24992,1.50,1.88
2012.12.18 08:00:27.282,1.24974,1.24992,1.13,1.88
2012.12.18 08:00:28.153,1.24975,1.24991,1.13,1.73
2012.12.18 08:00:29.327,1.24973,1.2499,3.23,1.35
2012.12.18 08:00:29.453,1.24973,1.24988,2.40,1.13
2012.12.18 08:00:29.820,1.24973,1.24989,3.15,1.13
2012.12.18 08:00:29.902,1.24973,1.24991,3.30,1.13
2012.12.18 08:00:29.972,1.24973,1.2499,2.55,1.63
2012.12.18 08:00:30.493,1.24973,1.2499,2.63,1.73
2012.12.18 08:00:31.005,1.24973,1.2499,1.88,1.73
2012.12.18 08:00:32.002,1.24973,1.2499,1.80,1.73
2012.12.18 08:00:32.883,1.24973,1.24989,1.05,1.50
2012.12.18 08:00:32.943,1.2497,1.24988,3.90,1.13
2012.12.18 08:00:33.302,1.2497,1.24987,2.40,1.13
2012.12.18 08:00:33.927,1.2497,1.24987,2.48,1.13
2012.12.18 08:00:34.253,1.24975,1.24987,1.50,1.13
2012.12.18 08:00:34.734,1.24974,1.24989,1.73,1.35
2012.12.18 08:00:35.034,1.24973,1.24986,1.65,1.73
2012.12.18 08:00:35.633,1.24972,1.24989,1.88,2.75
2012.12.18 08:00:35.754,1.24969,1.24988,3.04,2.00
2012.12.18 08:00:35.826,1.24969,1.24988,2.29,3.13
2012.12.18 08:00:36.137,1.24967,1.24985,2.63,1.73
2012.12.18 08:00:36.263,1.24967,1.24985,2.63,2.48
2012.12.18 08:00:37.525,1.24967,1.24985,1.88,1.63
2012.12.18 08:00:37.596,1.24968,1.24986,2.48,1.59
2012.12.18 08:00:38.854,1.24968,1.24986,2.48,1.78
2012.12.18 08:00:39.357,1.24969,1.24986,1.73,1.03
2012.12.18 08:00:39.902,1.24968,1.24986,1.73,1.13
2012.12.18 08:00:43.332,1.24968,1.24986,1.73,1.13
2012.12.18 08:00:47.294,1.24967,1.24984,1.88,1.54
2012.12.18 08:00:47.358,1.24965,1.24981,1.73,1.13
2012.12.18 08:00:47.484,1.24964,1.24981,1.88,1.35
2012.12.18 08:00:47.745,1.24963,1.2498,1.50,1.13
2012.12.18 08:00:48.325,1.24961,1.24979,1.13,1.78
2012.12.18 08:00:49.509,1.24962,1.24979,1.88,1.03
2012.12.18 08:00:49.814,1.24965,1.24981,2.29,1.03
2012.12.18 08:00:50.124,1.24967,1.24984,1.13,1.63
2012.12.18 08:00:50.672,1.24968,1.24986,1.73,1.13
2012.12.18 08:00:50.954,1.24969,1.24987,1.73,2.53
2012.12.18 08:00:51.686,1.24968,1.24982,2.25,1.35
2012.12.18 08:00:51.754,1.24968,1.24982,1.50,1.35
2012.12.18 08:00:53.192,1.24965,1.24982,3.00,2.10
2012.12.18 08:00:54.662,1.24964,1.2498,1.50,1.13
2012.12.18 08:00:55.253,1.24964,1.2498,1.50,1.13
2012.12.18 08:00:56.562,1.24962,1.2498,1.73,1.13
2012.12.18 08:00:58.713,1.24964,1.24981,1.50,1.03
2012.12.18 08:01:00.484,1.24973,1.2499,1.73,2.00
2012.12.18 08:01:00.553,1.24973,1.2499,1.73,2.00
2012.12.18 08:01:01.213,1.24971,1.24989,1.50,1.54
2012.12.18 08:01:01.273,1.2497,1.24989,2.63,2.29
2012.12.18 08:01:01.633,1.24967,1.24988,1.73,3.04
2012.12.18 08:01:02.394,1.24967,1.24988,2.48,3.04
2012.12.18 08:01:03.383,1.24969,1.24988,1.73,2.29
2012.12.18 08:01:08.583,1.24974,1.24988,1.50,1.63
2012.12.18 08:01:10.633,1.24969,1.24989,2.48,2.94
2012.12.18 08:01:11.634,1.2497,1.24989,1.54,2.38
2012.12.18 08:01:11.694,1.2497,1.24989,1.54,2.38
2012.12.18 08:01:12.203,1.24974,1.24992,1.73,3.88
2012.12.18 08:01:15.243,1.2497,1.24987,2.85,1.13
2012.12.18 08:01:15.423,1.2497,1.24987,1.73,1.35
2012.12.18 08:01:17.016,1.24966,1.24982,1.73,1.13
2012.12.18 08:01:17.085,1.24966,1.24982,1.73,1.13
2012.12.18 08:01:18.184,1.24967,1.24983,1.13,2.38
2012.12.18 08:01:18.603,1.24968,1.24986,1.88,1.03
2012.12.18 08:01:19.143,1.2497,1.24987,1.73,2.00
2012.12.18 08:01:19.965,1.24972,1.24989,1.13,2.23
2012.12.18 08:01:20.038,1.24976,1.24989,1.50,1.48
2012.12.18 08:01:20.357,1.24977,1.24994,2.48,1.85
2012.12.18 08:01:20.484,1.24972,1.24992,1.88,1.13
2012.12.18 08:01:20.543,1.24972,1.24991,1.88,1.13
2012.12.18 08:01:20.663,1.24973,1.24991,1.73,1.88
2012.12.18 08:01:20.724,1.24973,1.24991,1.73,1.13
2012.12.18 08:01:21.273,1.24972,1.24991,2.63,2.53
2012.12.18 08:01:21.572,1.24972,1.24991,1.88,3.28
2012.12.18 08:01:22.114,1.24972,1.24991,1.88,4.03
2012.12.18 08:01:23.676,1.24969,1.24985,1.73,1.13
2012.12.18 08:01:23.984,1.24965,1.24984,3.00,1.73
2012.12.18 08:01:25.543,1.2496,1.24978,2.63,1.50
2012.12.18 08:01:25.603,1.2496,1.24978,2.63,1.73
2012.12.18 08:01:25.905,1.24961,1.24977,1.05,2.38
2012.12.18 08:01:26.154,1.2496,1.24977,1.13,3.88
2012.12.18 08:01:26.493,1.24961,1.24977,1.13,2.48
2012.12.18 08:01:27.787,1.24961,1.24976,1.05,1.73
2012.12.18 08:01:27.973,1.2496,1.24976,1.47,2.10
2012.12.18 08:01:28.611,1.24957,1.24972,1.50,1.35
2012.12.18 08:01:28.693,1.24954,1.2497,2.40,1.13
2012.12.18 08:01:29.019,1.24952,1.2497,2.29,1.13
2012.12.18 08:01:29.090,1.24952,1.24969,2.29,2.48
2012.12.18 08:01:29.886,1.24952,1.24969,1.73,1.63
2012.12.18 08:01:30.013,1.24951,1.24969,1.69,2.38
2012.12.18 08:01:30.556,1.24952,1.24969,1.73,1.73
2012.12.18 08:01:31.127,1.24951,1.24969,1.13,1.73
2012.12.18 08:01:31.377,1.24951,1.24967,1.13,2.48
2012.12.18 08:01:31.685,1.24951,1.24967,1.50,1.25
2012.12.18 08:01:31.873,1.24949,1.24966,2.48,1.13
2012.12.18 08:01:31.949,1.24949,1.24965,1.73,2.53
2012.12.18 08:01:32.444,1.24947,1.24963,1.13,1.73
2012.12.18 08:01:32.639,1.24947,1.24963,1.13,1.73
2012.12.18 08:01:33.675,1.24945,1.24963,2.10,3.88
2012.12.18 08:01:34.044,1.24944,1.24962,1.73,2.00
2012.12.18 08:01:34.163,1.24943,1.2496,1.13,1.13
2012.12.18 08:01:34.530,1.2494,1.24956,2.29,1.13
2012.12.18 08:01:34.888,1.24939,1.24954,2.25,1.54
2012.12.18 08:01:35.511,1.24939,1.24954,2.29,2.44
2012.12.18 08:01:35.593,1.24933,1.2495,2.59,1.88
2012.12.18 08:01:35.664,1.24936,1.24949,1.32,1.13
2012.12.18 08:01:35.964,1.24932,1.24949,1.43,1.88
2012.12.18 08:01:36.219,1.24934,1.24949,1.28,1.13
2012.12.18 08:01:36.295,1.24934,1.2495,1.28,1.13
2012.12.18 08:01:36.886,1.24936,1.24955,1.65,1.97
2012.12.18 08:01:37.855,1.24941,1.24957,1.73,1.54
2012.12.18 08:01:37.924,1.24941,1.24958,1.73,1.13
2012.12.18 08:01:38.317,1.2494,1.24959,2.55,1.88
2012.12.18 08:01:39.915,1.24941,1.24959,2.48,1.13
2012.12.18 08:01:40.044,1.24941,1.24956,1.73,1.50
2012.12.18 08:01:40.225,1.24937,1.24955,3.23,1.58
2012.12.18 08:01:40.354,1.24937,1.24954,1.73,1.73
2012.12.18 08:01:40.893,1.24939,1.24958,1.73,2.30
2012.12.18 08:01:41.554,1.24942,1.24958,1.73,1.13
2012.12.18 08:01:42.004,1.24939,1.24958,1.73,1.13
2012.12.18 08:01:42.553,1.24942,1.24957,1.73,1.73
2012.12.18 08:01:42.674,1.24942,1.24958,1.73,1.88
2012.12.18 08:01:42.792,1.24942,1.24958,1.73,1.65
2012.12.18 08:01:43.314,1.24941,1.24958,1.73,1.65
2012.12.18 08:01:43.983,1.24944,1.2496,1.65,2.10
2012.12.18 08:01:44.879,1.24941,1.24959,1.73,1.13
2012.12.18 08:01:48.143,1.24947,1.2496,1.13,1.73
2012.12.18 08:01:48.264,1.24947,1.24965,2.63,2.87
2012.12.18 08:01:49.054,1.24947,1.24964,1.13,1.50
2012.12.18 08:01:49.137,1.24945,1.2496,2.10,1.50
2012.12.18 08:01:49.456,1.24941,1.2496,2.10,3.00
2012.12.18 08:01:49.525,1.24941,1.2496,2.10,3.23
2012.12.18 08:01:50.063,1.24941,1.2496,1.88,4.03
2012.12.18 08:01:50.183,1.24941,1.24958,1.13,1.63
2012.12.18 08:01:52.384,1.24939,1.24955,1.73,1.47
2012.12.18 08:01:52.574,1.24939,1.24952,1.50,1.54
2012.12.18 08:01:53.035,1.24938,1.24953,1.50,1.73
2012.12.18 08:01:53.430,1.24934,1.24953,2.29,1.73
2012.12.18 08:01:53.504,1.24933,1.2495,1.05,1.73
2012.12.18 08:01:53.773,1.24932,1.24948,1.73,1.35
2012.12.18 08:01:53.956,1.2493,1.24948,3.23,1.35
2012.12.18 08:01:54.100,1.2493,1.24948,1.50,2.10
2012.12.18 08:01:54.166,1.24931,1.24948,1.73,1.35
2012.12.18 08:01:54.293,1.2493,1.24948,1.50,1.35
2012.12.18 08:01:54.535,1.24931,1.24949,1.50,1.13
2012.12.18 08:01:54.769,1.24931,1.24947,1.50,1.35
2012.12.18 08:01:55.301,1.2493,1.24947,2.40,2.10
2012.12.18 08:01:55.373,1.2493,1.24947,2.25,1.35
2012.12.18 08:01:55.706,1.2493,1.24949,2.55,1.13
2012.12.18 08:01:55.841,1.24932,1.2495,1.65,1.88
2012.12.18 08:01:56.194,1.24932,1.2495,1.50,1.13
2012.12.18 08:01:56.316,1.24932,1.2495,1.50,1.13
2012.12.18 08:01:56.383,1.24932,1.2495,1.65,1.13
2012.12.18 08:01:56.625,1.24931,1.2495,1.73,1.13
2012.12.18 08:01:57.484,1.2493,1.24949,2.63,1.13
2012.12.18 08:01:59.153,1.24932,1.2495,2.48,1.13
2012.12.18 08:01:59.273,1.24932,1.2495,2.48,1.13
2012.12.18 08:01:59.624,1.24932,1.2495,1.73,1.13
2012.12.18 08:01:59.983,1.2493,1.24947,2.48,1.13
2012.12.18 08:02:00.930,1.2493,1.24947,1.73,2.55
2012.12.18 08:02:02.586,1.24932,1.24949,1.13,1.88
2012.12.18 08:02:02.713,1.24932,1.2495,1.13,1.13
2012.12.18 08:02:02.854,1.24932,1.2495,1.88,1.13
2012.12.18 08:02:03.245,1.24933,1.24949,2.48,1.13
2012.12.18 08:02:03.433,1.24932,1.24949,3.38,1.13
2012.12.18 08:02:03.804,1.24932,1.24949,1.88,2.63
2012.12.18 08:02:05.553,1.24929,1.24947,3.00,1.05
2012.12.18 08:02:05.855,1.24929,1.24941,1.50,1.05
2012.12.18 08:02:06.165,1.2493,1.24947,3.38,2.19
2012.12.18 08:02:06.294,1.2493,1.24947,2.63,1.54
2012.12.18 08:02:06.844,1.24931,1.24949,1.73,1.59
2012.12.18 08:02:07.023,1.24931,1.24949,2.48,1.03
2012.12.18 08:02:07.146,1.24933,1.24951,2.48,2.00
2012.12.18 08:02:07.394,1.24937,1.24951,1.13,1.40
2012.12.18 08:02:07.840,1.24934,1.2495,1.50,1.13
2012.12.18 08:02:07.908,1.24933,1.2495,1.73,1.13
2012.12.18 08:02:08.426,1.24931,1.24947,1.65,1.35
2012.12.18 08:02:08.499,1.24931,1.24945,1.50,1.88
2012.12.18 08:02:08.636,1.24927,1.24944,1.73,1.13
2012.12.18 08:02:08.903,1.24927,1.24942,1.50,1.13
2012.12.18 08:02:09.294,1.24925,1.24942,1.88,1.13
2012.12.18 08:02:11.946,1.24926,1.24941,1.65,1.73
2012.12.18 08:02:12.502,1.24927,1.24944,2.40,2.44
2012.12.18 08:02:12.753,1.24927,1.24944,1.65,1.69
2012.12.18 08:02:12.876,1.24927,1.24945,1.88,1.88
2012.12.18 08:02:12.956,1.24932,1.24947,1.35,2.94
2012.12.18 08:02:13.100,1.24932,1.24947,2.18,1.40
2012.12.18 08:02:13.295,1.24933,1.2495,1.43,1.22
2012.12.18 08:02:13.854,1.24935,1.24951,1.05,1.69
2012.12.18 08:02:14.364,1.24934,1.24951,1.73,1.88
2012.12.18 08:02:14.915,1.24934,1.24952,2.10,2.44
2012.12.18 08:02:15.422,1.24935,1.24952,2.48,1.69
2012.12.18 08:02:15.985,1.24938,1.24953,1.54,1.50
2012.12.18 08:02:16.114,1.24938,1.24957,1.54,2.40
2012.12.18 08:02:16.304,1.24937,1.24956,1.98,1.50
2012.12.18 08:02:16.367,1.24937,1.24954,2.48,1.73
2012.12.18 08:02:16.923,1.24937,1.24957,1.73,4.82
2012.12.18 08:02:17.163,1.24936,1.24955,3.23,1.73
2012.12.18 08:02:17.464,1.24935,1.2495,1.73,1.13
2012.12.18 08:02:17.973,1.24934,1.24949,1.50,1.13
2012.12.18 08:02:18.284,1.24932,1.24949,1.73,1.88
2012.12.18 08:02:18.465,1.24931,1.24948,1.88,1.13
2012.12.18 08:02:19.206,1.24932,1.24947,1.73,1.35
2012.12.18 08:02:19.336,1.24932,1.24947,1.50,1.35
2012.12.18 08:02:19.703,1.24929,1.24946,2.85,1.35
2012.12.18 08:02:20.203,1.24929,1.24942,1.73,1.50
2012.12.18 08:02:20.744,1.24929,1.24941,1.50,1.73
2012.12.18 08:02:22.531,1.24926,1.24941,1.65,1.73
2012.12.18 08:02:23.403,1.24926,1.24941,1.73,1.73
2012.12.18 08:02:24.116,1.24928,1.24944,1.73,1.13
2012.12.18 08:02:24.723,1.24928,1.24944,1.73,1.88
2012.12.18 08:02:25.832,1.24928,1.24944,1.73,2.44
2012.12.18 08:02:25.892,1.24927,1.24943,1.73,1.32
2012.12.18 08:02:26.074,1.24926,1.24943,1.73,2.29
2012.12.18 08:02:26.734,1.24925,1.24941,1.20,2.48
2012.12.18 08:02:27.313,1.24925,1.24941,1.05,1.35
2012.12.18 08:02:30.736,1.24924,1.2494,1.58,1.13
2012.12.18 08:02:31.012,1.24925,1.24938,1.05,1.50
2012.12.18 08:02:31.135,1.24924,1.24938,1.05,1.73
2012.12.18 08:02:31.384,1.24923,1.2494,2.48,2.63
2012.12.18 08:02:31.624,1.24923,1.2494,1.73,3.28
2012.12.18 08:02:33.235,1.24923,1.2494,2.48,3.05
2012.12.18 08:02:33.484,1.24923,1.24941,2.48,1.65
2012.12.18 08:02:33.964,1.24922,1.2494,2.63,1.13
2012.12.18 08:02:36.163,1.24923,1.2494,2.48,1.69
2012.12.18 08:02:37.136,1.24924,1.2494,1.73,1.69
2012.12.18 08:02:37.207,1.24924,1.24941,2.48,2.87
2012.12.18 08:02:37.750,1.24924,1.24941,1.73,2.44
2012.12.18 08:02:38.443,1.24924,1.24941,2.48,1.13
2012.12.18 08:02:38.744,1.24924,1.2494,1.73,1.69
2012.12.18 08:02:38.803,1.24924,1.2494,1.73,2.44
2012.12.18 08:02:39.163,1.24925,1.24942,1.73,1.03
2012.12.18 08:02:39.725,1.24925,1.24944,1.73,2.85
2012.12.18 08:02:42.303,1.24927,1.24944,1.73,1.88
2012.12.18 08:02:42.363,1.24928,1.24944,1.13,1.50
2012.12.18 08:02:42.493,1.24928,1.24944,1.13,1.50
2012.12.18 08:02:42.615,1.24929,1.24947,1.73,1.69
2012.12.18 08:02:42.744,1.24931,1.24948,1.13,1.40
2012.12.18 08:02:42.873,1.24931,1.24949,1.13,1.73
2012.12.18 08:02:43.059,1.24928,1.24946,2.48,1.69
2012.12.18 08:02:43.197,1.24929,1.24945,1.73,1.17
2012.12.18 08:02:45.982,1.24926,1.24943,1.13,1.13
2012.12.18 08:02:46.463,1.24926,1.24942,1.13,1.50
2012.12.18 08:02:46.524,1.24926,1.24944,1.13,1.65
2012.12.18 08:02:46.947,1.24926,1.24943,1.13,1.13
2012.12.18 08:02:47.018,1.24926,1.24943,1.13,1.88
2012.12.18 08:02:48.072,1.24926,1.24943,1.13,1.13
2012.12.18 08:02:49.083,1.24926,1.24943,1.88,1.13
2012.12.18 08:02:49.445,1.24926,1.24943,1.88,1.13
2012.12.18 08:02:49.754,1.24929,1.24947,1.73,2.57
2012.12.18 08:02:53.216,1.2493,1.24948,1.73,1.13
2012.12.18 08:02:53.584,1.24932,1.24951,1.73,2.48
2012.12.18 08:02:53.893,1.24933,1.24951,1.73,1.50
2012.12.18 08:02:54.118,1.24933,1.24951,1.73,1.73
2012.12.18 08:02:59.334,1.24934,1.24952,1.73,1.13
2012.12.18 08:03:00.294,1.24935,1.24953,2.48,1.13
2012.12.18 08:03:00.892,1.24935,1.24953,2.48,2.44
2012.12.18 08:03:01.193,1.24934,1.24949,1.73,1.73
2012.12.18 08:03:01.896,1.24931,1.24949,1.73,1.73
2012.12.18 08:03:02.274,1.24932,1.2495,1.73,2.38
2012.12.18 08:03:02.645,1.24937,1.24953,1.13,1.40
2012.12.18 08:03:02.893,1.24938,1.24955,1.73,1.88
2012.12.18 08:03:03.388,1.2494,1.24957,1.35,2.38
2012.12.18 08:03:03.703,1.24942,1.24959,1.13,1.97
2012.12.18 08:03:03.763,1.24942,1.24959,1.13,1.32
2012.12.18 08:03:03.886,1.24941,1.2496,1.88,3.23
2012.12.18 08:03:03.955,1.24941,1.24957,2.63,1.73
2012.12.18 08:03:04.023,1.24941,1.24957,2.63,1.50
2012.12.18 08:03:04.144,1.24941,1.24956,3.23,1.13
2012.12.18 08:03:10.006,1.24942,1.24958,1.13,1.50
2012.12.18 08:03:10.073,1.24942,1.24959,1.88,2.94
2012.12.18 08:03:13.494,1.24941,1.24958,2.48,2.82
2012.12.18 08:03:13.553,1.24941,1.24957,1.73,1.73
2012.12.18 08:03:14.203,1.24939,1.24955,1.73,1.65
2012.12.18 08:03:15.637,1.24939,1.24956,1.73,1.73
2012.12.18 08:03:16.318,1.24939,1.24956,1.73,1.73
2012.12.18 08:03:18.626,1.24937,1.24955,2.48,1.73
2012.12.18 08:03:19.496,1.24937,1.24956,2.48,2.48
2012.12.18 08:03:24.605,1.24939,1.24956,2.48,2.19
2012.12.18 08:03:24.913,1.24939,1.24957,2.48,2.94
2012.12.18 08:03:29.393,1.24939,1.24956,2.63,1.78
2012.12.18 08:03:32.034,1.2494,1.24956,1.73,1.69
2012.12.18 08:03:32.593,1.24938,1.24956,1.88,2.34
2012.12.18 08:03:41.355,1.24941,1.24956,1.50,3.09
2012.12.18 08:03:41.663,1.24948,1.24959,1.73,1.32
2012.12.18 08:03:42.068,1.24943,1.24961,3.79,1.13
2012.12.18 08:03:42.135,1.24943,1.2496,2.29,1.88
2012.12.18 08:03:42.443,1.2494,1.24956,1.73,1.35
2012.12.18 08:03:42.984,1.24937,1.24954,2.25,1.13
2012.12.18 08:03:44.101,1.24944,1.24954,1.50,1.13
2012.12.18 08:03:44.343,1.2495,1.24959,1.73,1.40
2012.12.18 08:03:44.463,1.24946,1.24957,1.50,1.54
2012.12.18 08:03:44.523,1.24945,1.24957,1.50,1.54
2012.12.18 08:03:44.763,1.24942,1.24957,1.88,1.54
2012.12.18 08:03:46.005,1.24941,1.24958,2.48,1.50
2012.12.18 08:03:46.554,1.24942,1.24961,3.23,1.88
2012.12.18 08:03:47.034,1.24941,1.24959,2.48,1.73
2012.12.18 08:03:47.154,1.24941,1.24959,2.25,2.48
2012.12.18 08:03:47.919,1.24947,1.24959,1.32,1.73
2012.12.18 08:03:48.055,1.2495,1.2496,1.13,1.40
2012.12.18 08:03:48.254,1.24947,1.24959,1.50,1.13
2012.12.18 08:03:48.443,1.24945,1.24962,1.58,1.13
2012.12.18 08:03:48.502,1.24945,1.24963,1.73,2.63
2012.12.18 08:03:48.563,1.24945,1.24961,1.73,1.13
2012.12.18 08:03:49.065,1.24942,1.24959,1.50,1.17
2012.12.18 08:03:50.385,1.24941,1.24958,1.73,1.35
2012.12.18 08:03:51.568,1.24941,1.24957,1.73,1.69
2012.12.18 08:03:51.635,1.24942,1.24959,1.50,1.73
2012.12.18 08:03:52.195,1.24941,1.24958,1.73,1.69
2012.12.18 08:03:52.265,1.24939,1.24956,1.73,1.13
2012.12.18 08:03:52.804,1.24938,1.24956,1.73,2.63
2012.12.18 08:03:54.394,1.24938,1.24956,2.48,1.13
2012.12.18 08:03:55.847,1.24938,1.24955,1.73,2.29
2012.12.18 08:03:55.929,1.24936,1.24952,1.73,1.88
2012.12.18 08:03:56.385,1.24933,1.24948,2.48,1.35
2012.12.18 08:03:56.645,1.24932,1.24948,2.25,1.92
2012.12.18 08:03:57.147,1.24931,1.24948,1.73,1.17
2012.12.18 08:03:58.404,1.2493,1.24947,2.48,2.10
2012.12.18 08:03:59.048,1.2493,1.24948,1.73,1.17
2012.12.18 08:04:02.605,1.24929,1.24948,3.23,1.73
2012.12.18 08:04:02.794,1.24931,1.24948,1.73,1.35
2012.12.18 08:04:03.095,1.24936,1.24951,1.73,1.50
2012.12.18 08:04:03.438,1.24938,1.24955,1.73,1.88
2012.12.18 08:04:04.105,1.24937,1.24954,2.48,1.35
2012.12.18 08:04:07.949,1.2494,1.24956,3.08,1.32
2012.12.18 08:04:08.295,1.24945,1.24958,1.50,1.73
2012.12.18 08:04:08.615,1.24944,1.24963,2.48,1.73
2012.12.18 08:04:08.684,1.24944,1.24963,2.48,2.25
2012.12.18 08:04:08.743,1.24944,1.24962,1.73,1.73
2012.12.18 08:04:09.163,1.24945,1.24963,1.58,1.73
2012.12.18 08:04:09.223,1.24945,1.24963,1.58,1.50
2012.12.18 08:04:09.342,1.24947,1.24964,1.73,1.50
2012.12.18 08:04:10.303,1.24945,1.24964,2.33,1.50
2012.12.18 08:04:10.845,1.24947,1.24964,1.73,1.50
2012.12.18 08:04:14.473,1.24948,1.24966,1.73,2.63
2012.12.18 08:04:15.394,1.24949,1.24967,2.48,1.63
2012.12.18 08:04:15.696,1.24949,1.24968,1.73,2.38
2012.12.18 08:04:20.619,1.2495,1.24967,1.73,1.73
2012.12.18 08:04:22.049,1.2495,1.24967,1.50,2.38
2012.12.18 08:04:25.093,1.24948,1.24967,3.38,1.73
2012.12.18 08:04:27.853,1.24948,1.24966,1.88,1.73
2012.12.18 08:04:29.882,1.24948,1.24968,2.63,4.44
2012.12.18 08:04:30.412,1.24948,1.24966,1.73,1.88
2012.12.18 08:04:31.165,1.24948,1.24966,2.48,1.13
2012.12.18 08:04:32.002,1.24948,1.24966,2.48,1.88
2012.12.18 08:04:32.542,1.24948,1.24966,3.23,1.13
2012.12.18 08:04:34.818,1.24949,1.24967,1.50,1.88
2012.12.18 08:04:36.965,1.2495,1.24968,2.25,1.92
2012.12.18 08:04:37.156,1.24953,1.24968,1.73,1.35
2012.12.18 08:04:37.295,1.24953,1.2497,3.98,1.50
2012.12.18 08:04:37.566,1.24955,1.24973,1.73,2.38
2012.12.18 08:04:37.907,1.24956,1.24973,1.73,1.63
2012.12.18 08:04:38.064,1.24955,1.24974,1.73,1.54
2012.12.18 08:04:38.394,1.24955,1.24971,2.48,1.50
2012.12.18 08:04:38.513,1.24955,1.24972,1.73,2.48
2012.12.18 08:04:39.064,1.24957,1.24973,1.73,1.73
2012.12.18 08:04:44.655,1.24956,1.24972,1.73,1.73
2012.12.18 08:04:44.724,1.24956,1.24972,1.50,1.73
2012.12.18 08:04:44.785,1.24956,1.2497,1.50,1.73
2012.12.18 08:04:44.973,1.24952,1.24968,2.48,1.50
2012.12.18 08:04:45.225,1.24951,1.24968,1.50,1.73
2012.12.18 08:04:47.803,1.24951,1.2497,1.50,2.94
2012.12.18 08:04:47.865,1.24953,1.2497,1.50,2.19
2012.12.18 08:04:55.625,1.24954,1.24971,1.50,1.13
2012.12.18 08:04:55.933,1.24962,1.24976,1.73,1.40
2012.12.18 08:04:56.053,1.24962,1.24978,1.73,1.63
2012.12.18 08:04:56.593,1.24963,1.2498,1.13,1.73
2012.12.18 08:04:57.133,1.24963,1.24981,1.13,2.48
2012.12.18 08:04:57.853,1.24963,1.24981,1.13,3.23
2012.12.18 08:04:57.973,1.24964,1.24983,2.48,1.88
2012.12.18 08:04:58.215,1.24969,1.24984,1.69,3.13
2012.12.18 08:04:58.286,1.24969,1.24984,1.69,1.50
2012.12.18 08:05:02.663,1.2497,1.24986,1.54,1.73
2012.12.18 08:05:02.785,1.24969,1.24986,2.29,1.73
2012.12.18 08:05:02.914,1.2497,1.24986,1.73,1.50
2012.12.18 08:05:03.275,1.24966,1.24979,1.50,1.13
2012.12.18 08:05:03.515,1.24967,1.2498,1.73,1.13
2012.12.18 08:05:03.693,1.24964,1.2498,1.91,1.13
2012.12.18 08:05:03.814,1.24962,1.24979,1.28,1.88
2012.12.18 08:05:04.135,1.24965,1.24982,1.50,1.35
2012.12.18 08:05:04.264,1.24965,1.24982,1.73,1.35
2012.12.18 08:05:07.063,1.24966,1.24983,1.73,2.10
2012.12.18 08:05:07.594,1.24965,1.24983,1.73,2.10
2012.12.18 08:05:15.515,1.24963,1.24979,1.73,1.13
2012.12.18 08:05:16.064,1.2496,1.24978,1.73,2.48
2012.12.18 08:05:17.037,1.24959,1.24978,1.88,3.13
2012.12.18 08:05:18.124,1.24959,1.24977,2.48,1.63
2012.12.18 08:05:18.511,1.24962,1.24978,1.73,1.88
2012.12.18 08:05:19.003,1.24961,1.24978,1.73,1.88
2012.12.18 08:05:20.056,1.24959,1.24978,1.73,1.88
2012.12.18 08:05:20.243,1.24958,1.24974,1.13,1.73
2012.12.18 08:05:20.782,1.24958,1.24974,1.88,1.73
2012.12.18 08:05:23.273,1.2496,1.24978,2.25,1.88
2012.12.18 08:05:23.394,1.24959,1.24978,2.29,1.88
2012.12.18 08:05:23.457,1.2496,1.24978,1.73,1.50
2012.12.18 08:05:24.003,1.2496,1.24978,1.73,1.13
2012.12.18 08:05:24.564,1.2496,1.24977,2.48,1.73
2012.12.18 08:05:27.154,1.24958,1.24976,4.73,1.35
2012.12.18 08:05:27.613,1.24958,1.2497,3.23,1.13
2012.12.18 08:05:27.696,1.24956,1.24973,2.48,2.10
2012.12.18 08:05:28.396,1.24957,1.24975,1.13,2.44
2012.12.18 08:05:32.293,1.24957,1.24974,1.13,1.13
2012.12.18 08:05:33.003,1.24957,1.24974,1.13,1.13
2012.12.18 08:05:35.633,1.24957,1.24973,1.13,1.73
2012.12.18 08:05:39.833,1.24958,1.24974,1.50,1.78
2012.12.18 08:05:40.180,1.24958,1.24974,1.73,1.78
2012.12.18 08:05:40.509,1.24957,1.24974,1.88,1.13
2012.12.18 08:05:41.243,1.24956,1.24974,1.88,1.88
2012.12.18 08:05:41.734,1.24954,1.24969,2.25,1.13
2012.12.18 08:05:41.913,1.24954,1.24969,1.50,1.13
2012.12.18 08:05:45.323,1.24954,1.24969,1.50,1.13
2012.12.18 08:05:45.861,1.24953,1.24969,1.50,1.13
2012.12.18 08:05:48.576,1.24951,1.24965,1.50,1.54
2012.12.18 08:05:48.765,1.24957,1.24967,1.73,1.13
2012.12.18 08:05:48.883,1.24958,1.2497,1.50,1.78
2012.12.18 08:05:49.138,1.24959,1.24974,1.73,1.50
2012.12.18 08:05:49.384,1.24961,1.24975,2.29,1.63
2012.12.18 08:05:50.003,1.24961,1.24977,1.54,1.73
2012.12.18 08:05:50.193,1.24958,1.24976,3.23,1.35
2012.12.18 08:05:50.253,1.24957,1.24974,2.63,1.13
2012.12.18 08:05:50.614,1.24954,1.24971,2.25,2.29
2012.12.18 08:05:52.304,1.24955,1.24971,2.63,1.63
2012.12.18 08:05:52.604,1.24957,1.24972,1.50,1.88
2012.12.18 08:05:52.843,1.24954,1.24971,1.65,1.73
2012.12.18 08:05:55.604,1.24955,1.24972,2.40,1.13
2012.12.18 08:05:55.904,1.24955,1.24971,1.65,1.73
2012.12.18 08:05:55.964,1.24957,1.24971,1.73,1.50
2012.12.18 08:05:56.025,1.24957,1.24973,1.73,1.78
2012.12.18 08:05:56.204,1.24959,1.24975,1.73,1.63
2012.12.18 08:05:56.383,1.24961,1.24975,2.48,1.40
2012.12.18 08:05:56.683,1.24961,1.24979,1.73,2.38
2012.12.18 08:05:56.744,1.24961,1.24979,1.50,2.38
2012.12.18 08:05:57.283,1.24958,1.24977,3.23,3.88
2012.12.18 08:05:57.974,1.24959,1.24977,1.73,2.38
2012.12.18 08:05:59.707,1.24959,1.24978,1.50,2.25
2012.12.18 08:06:00.688,1.24959,1.24978,1.73,2.48
2012.12.18 08:06:03.470,1.24959,1.24978,1.50,2.25
2012.12.18 08:06:04.234,1.24958,1.24975,1.50,2.25
2012.12.18 08:06:04.365,1.24956,1.24975,1.73,2.48
2012.12.18 08:06:04.956,1.24956,1.24974,1.73,2.48
2012.12.18 08:06:05.353,1.24954,1.24972,4.88,1.73
2012.12.18 08:06:10.753,1.24955,1.24973,1.73,1.88
2012.12.18 08:06:11.736,1.24955,1.24973,2.48,1.88
2012.12.18 08:06:12.263,1.24955,1.24971,1.73,1.73
2012.12.18 08:06:13.497,1.24955,1.24971,1.73,1.73
2012.12.18 08:06:14.405,1.24956,1.24973,1.73,1.13
2012.12.18 08:06:14.715,1.24956,1.2497,1.50,1.73
2012.12.18 08:06:15.265,1.24953,1.24971,1.69,1.73
2012.12.18 08:06:15.644,1.24956,1.2497,1.50,1.73
2012.12.18 08:06:15.764,1.24955,1.2497,1.73,1.65
2012.12.18 08:06:15.886,1.24955,1.2497,1.50,1.13
2012.12.18 08:06:16.134,1.24956,1.2497,1.50,1.13
2012.12.18 08:06:16.484,1.24956,1.2497,1.50,1.65
2012.12.18 08:06:16.853,1.24953,1.24971,2.48,1.13
2012.12.18 08:06:18.695,1.24954,1.24971,1.73,1.13
2012.12.18 08:06:19.324,1.24954,1.2497,1.73,1.13
2012.12.18 08:06:19.869,1.24954,1.24971,1.73,1.13
2012.12.18 08:06:25.834,1.24956,1.24971,1.73,1.13
2012.12.18 08:06:26.394,1.24956,1.24972,1.88,1.73
2012.12.18 08:06:26.753,1.24956,1.24972,1.88,1.73
2012.12.18 08:06:26.814,1.24956,1.24972,1.88,2.48
2012.12.18 08:06:28.014,1.24955,1.24972,1.73,1.73
2012.12.18 08:06:28.656,1.24955,1.24972,2.25,2.48
2012.12.18 08:06:29.193,1.24955,1.24972,1.50,2.48
2012.12.18 08:06:30.104,1.24955,1.24972,2.25,2.48
2012.12.18 08:06:30.283,1.24955,1.24972,1.50,3.98
2012.12.18 08:06:30.703,1.24954,1.2497,1.50,1.73
2012.12.18 08:06:31.064,1.24954,1.24972,2.48,3.88
2012.12.18 08:06:31.756,1.24954,1.24969,1.73,2.25
2012.12.18 08:06:31.898,1.24954,1.24969,2.48,1.50
2012.12.18 08:06:32.444,1.24956,1.24969,1.32,1.50
2012.12.18 08:06:32.564,1.24956,1.24971,2.07,2.15
2012.12.18 08:06:33.123,1.24957,1.24972,1.73,2.48
2012.12.18 08:06:33.820,1.24957,1.24973,5.48,1.63
2012.12.18 08:06:34.145,1.24962,1.24974,1.73,1.40
2012.12.18 08:06:34.453,1.24958,1.24974,1.73,1.50
2012.12.18 08:06:34.574,1.24957,1.24973,1.50,1.73
2012.12.18 08:06:34.817,1.24955,1.24971,2.48,1.54
2012.12.18 08:06:34.954,1.24954,1.2497,3.00,1.92
2012.12.18 08:06:35.315,1.2495,1.24964,1.50,1.92
2012.12.18 08:06:35.385,1.24947,1.24963,1.50,1.69
2012.12.18 08:06:35.455,1.24946,1.24962,2.25,1.13
2012.12.18 08:06:35.644,1.24944,1.24962,1.50,1.13
2012.12.18 08:06:35.974,1.24945,1.24963,1.13,2.94
2012.12.18 08:06:36.273,1.24949,1.24961,1.50,2.00
2012.12.18 08:06:36.398,1.24949,1.24965,2.25,1.93
2012.12.18 08:06:36.466,1.24949,1.24965,2.48,1.70
2012.12.18 08:06:36.855,1.24947,1.24965,2.29,1.73
2012.12.18 08:06:38.605,1.24949,1.24965,2.25,1.63
2012.12.18 08:06:38.875,1.24949,1.24967,2.48,1.63
2012.12.18 08:06:39.774,1.24951,1.24965,1.73,1.40
2012.12.18 08:06:39.894,1.24953,1.24965,1.73,1.40
2012.12.18 08:06:40.014,1.24953,1.24969,1.73,1.40
2012.12.18 08:06:40.463,1.24953,1.24971,1.73,1.63
2012.12.18 08:06:40.767,1.24957,1.24973,1.73,2.90
2012.12.18 08:06:41.016,1.24957,1.24974,1.73,3.00
2012.12.18 08:06:41.457,1.24955,1.24972,2.29,2.48
2012.12.18 08:06:41.584,1.24955,1.24972,2.29,2.48
2012.12.18 08:06:41.904,1.24952,1.24969,2.48,1.73
2012.12.18 08:06:42.504,1.2495,1.24969,3.08,1.63
2012.12.18 08:06:43.045,1.24955,1.24971,1.50,1.63
2012.12.18 08:06:43.174,1.24955,1.24972,2.48,1.63
2012.12.18 08:06:43.713,1.24955,1.24973,1.73,1.63
2012.12.18 08:06:44.133,1.24954,1.24971,2.48,1.54
2012.12.18 08:06:44.434,1.24951,1.24968,4.88,1.73
2012.12.18 08:06:44.938,1.24953,1.2497,1.50,1.63
2012.12.18 08:06:45.081,1.24955,1.24971,1.73,2.34
2012.12.18 08:06:45.289,1.24955,1.24971,1.50,1.59
2012.12.18 08:06:45.856,1.24953,1.24969,1.73,1.73
2012.12.18 08:06:46.824,1.24955,1.24969,1.50,1.73
2012.12.18 08:06:47.184,1.24956,1.24971,1.50,1.78
2012.12.18 08:06:47.428,1.24956,1.24973,2.48,2.00
2012.12.18 08:06:49.604,1.24955,1.24971,1.73,1.13
2012.12.18 08:06:49.964,1.24952,1.2497,3.57,1.73
2012.12.18 08:06:50.085,1.24953,1.2497,2.07,2.48
2012.12.18 08:06:50.274,1.24954,1.2497,1.73,2.38
2012.12.18 08:06:50.394,1.24954,1.2497,2.48,1.63
2012.12.18 08:06:50.814,1.24956,1.24973,1.73,1.63
2012.12.18 08:06:50.994,1.24955,1.24973,1.13,2.38
2012.12.18 08:06:51.192,1.24955,1.24973,1.13,2.38
2012.12.18 08:06:52.338,1.24953,1.24971,1.92,2.48
2012.12.18 08:06:52.689,1.24953,1.24968,1.32,1.73
2012.12.18 08:06:53.017,1.24949,1.24963,2.25,1.13
2012.12.18 08:06:53.090,1.24949,1.24964,1.73,1.88
2012.12.18 08:06:53.605,1.24948,1.24964,1.73,1.13
2012.12.18 08:06:54.584,1.24948,1.24965,2.48,1.35
2012.12.18 08:06:55.514,1.24948,1.24965,1.73,1.35
2012.12.18 08:07:00.278,1.24951,1.24967,1.13,1.73
2012.12.18 08:07:00.554,1.24951,1.24968,1.13,1.73
2012.12.18 08:07:00.936,1.24951,1.24969,1.88,1.73
2012.12.18 08:07:02.425,1.24951,1.24968,1.13,1.73
2012.12.18 08:07:02.985,1.24951,1.24968,1.13,1.73
2012.12.18 08:07:04.973,1.24952,1.24969,1.73,1.54
2012.12.18 08:07:05.515,1.24956,1.2497,1.50,1.13
2012.12.18 08:07:05.703,1.24958,1.24974,1.13,2.53
2012.12.18 08:07:05.885,1.24958,1.24974,1.13,1.63
2012.12.18 08:07:05.944,1.24956,1.24973,1.50,2.48
2012.12.18 08:07:06.064,1.24956,1.24973,2.48,1.73
2012.12.18 08:07:06.602,1.24956,1.24971,1.73,1.17
2012.12.18 08:07:07.213,1.24955,1.24973,1.73,1.73
2012.12.18 08:07:07.277,1.24955,1.24973,1.50,1.73
2012.12.18 08:07:08.439,1.24954,1.24969,1.73,1.73
2012.12.18 08:07:09.894,1.24953,1.24965,1.13,1.50
2012.12.18 08:07:09.954,1.24952,1.24965,1.13,1.50
2012.12.18 08:07:10.496,1.24951,1.24967,1.35,1.54
2012.12.18 08:07:11.194,1.24953,1.2497,1.13,2.94
2012.12.18 08:07:11.253,1.24953,1.2497,1.13,1.40
2012.12.18 08:07:11.434,1.24953,1.2497,1.13,1.50
2012.12.18 08:07:11.626,1.24953,1.24967,1.13,1.73
2012.12.18 08:07:12.173,1.24953,1.24967,1.13,2.48
2012.12.18 08:07:14.933,1.24953,1.24967,1.13,1.73
2012.12.18 08:07:16.675,1.24953,1.24968,1.13,1.73
2012.12.18 08:07:17.203,1.24953,1.24968,1.13,1.50
2012.12.18 08:07:17.806,1.24953,1.24967,1.13,1.50
2012.12.18 08:07:19.243,1.24953,1.2497,1.13,1.73
2012.12.18 08:07:21.975,1.24954,1.2497,1.13,1.50
2012.12.18 08:07:22.153,1.24954,1.24971,1.13,2.90
2012.12.18 08:07:22.636,1.24955,1.24973,1.13,1.88
2012.12.18 08:07:22.703,1.24955,1.24972,1.13,1.88
2012.12.18 08:07:25.644,1.24955,1.2497,1.13,1.50
2012.12.18 08:07:26.436,1.24955,1.24971,1.13,2.25
2012.12.18 08:07:26.985,1.24956,1.24974,1.54,2.00
2012.12.18 08:07:27.054,1.24956,1.24974,1.54,1.35
2012.12.18 08:07:27.415,1.24957,1.24976,2.85,1.88
2012.12.18 08:07:27.724,1.2496,1.24976,1.13,1.50
2012.12.18 08:07:27.845,1.2496,1.24975,1.13,1.73
2012.12.18 08:07:29.613,1.2496,1.24975,1.13,1.50
2012.12.18 08:07:32.904,1.2496,1.24975,1.13,1.50
2012.12.18 08:07:32.982,1.2496,1.24975,1.13,1.73
2012.12.18 08:07:34.394,1.2496,1.24975,1.13,1.73
2012.12.18 08:07:36.304,1.2496,1.24974,1.13,1.73
2012.12.18 08:07:36.906,1.24959,1.24974,1.35,1.73
2012.12.18 08:07:39.064,1.2496,1.24976,1.13,3.13
2012.12.18 08:07:39.184,1.24961,1.24976,1.13,2.15
2012.12.18 08:07:39.305,1.2496,1.24976,2.03,2.15
2012.12.18 08:07:39.917,1.2496,1.24977,2.25,2.90
2012.12.18 08:07:40.105,1.2496,1.24977,1.88,3.13
2012.12.18 08:07:42.374,1.24961,1.24977,1.73,1.63
2012.12.18 08:07:42.877,1.24959,1.24978,1.73,1.78
2012.12.18 08:07:44.835,1.24959,1.24977,1.73,1.63
2012.12.18 08:07:45.385,1.24958,1.24978,3.38,1.69
2012.12.18 08:07:45.694,1.24958,1.24977,1.13,1.63
2012.12.18 08:07:45.813,1.24961,1.24978,1.73,2.34
2012.12.18 08:07:46.396,1.24958,1.24978,1.13,3.09
2012.12.18 08:07:46.914,1.24959,1.24978,1.73,2.34
2012.12.18 08:07:50.439,1.24957,1.24975,1.13,3.23
2012.12.18 08:07:50.974,1.24958,1.24975,1.88,2.48
2012.12.18 08:07:51.453,1.2496,1.24976,1.73,1.73
2012.12.18 08:07:53.464,1.24959,1.24975,1.73,1.32
2012.12.18 08:07:53.776,1.24955,1.24972,2.48,1.50
2012.12.18 08:07:54.323,1.24954,1.2497,1.88,1.50
2012.12.18 08:07:54.693,1.24952,1.2497,2.44,1.50
2012.12.18 08:07:55.860,1.24953,1.2497,1.13,1.50
2012.12.18 08:07:57.097,1.24952,1.24969,2.67,1.50
2012.12.18 08:07:57.225,1.24952,1.24969,2.10,1.73
2012.12.18 08:07:57.295,1.24952,1.24968,2.10,1.50
2012.12.18 08:07:58.425,1.24952,1.24965,1.35,1.50
2012.12.18 08:07:58.638,1.24949,1.24965,1.54,2.48
2012.12.18 08:07:59.714,1.24947,1.24966,2.29,1.73
2012.12.18 08:07:59.775,1.24947,1.24966,1.73,2.48
2012.12.18 08:08:00.451,1.24947,1.24966,1.65,2.38
2012.12.18 08:08:01.255,1.24947,1.24966,1.73,2.38
2012.12.18 08:08:01.814,1.24948,1.24966,1.58,1.73
2012.12.18 08:08:02.287,1.24948,1.24966,1.50,1.50
2012.12.18 08:08:02.793,1.24948,1.24967,2.25,1.73
2012.12.18 08:08:03.333,1.24951,1.24967,1.73,1.73
2012.12.18 08:08:06.784,1.24951,1.24968,1.73,1.63
2012.12.18 08:08:07.205,1.2495,1.24965,1.50,1.73
2012.12.18 08:08:07.334,1.24948,1.24965,1.73,1.73
2012.12.18 08:08:07.396,1.24948,1.24962,1.73,1.32
2012.12.18 08:08:07.905,1.24944,1.24961,1.13,1.35
2012.12.18 08:08:08.516,1.24946,1.24963,1.73,2.00
2012.12.18 08:08:09.039,1.24947,1.24964,1.73,2.38
2012.12.18 08:08:16.606,1.24949,1.24963,1.73,1.73
2012.12.18 08:08:16.793,1.24943,1.24962,2.85,1.54
2012.12.18 08:08:17.643,1.24944,1.24962,1.35,1.92
2012.12.18 08:08:17.765,1.24946,1.24963,1.88,1.40
2012.12.18 08:08:18.313,1.24947,1.24964,1.73,1.88
2012.12.18 08:08:20.577,1.24951,1.24966,2.63,1.40
2012.12.18 08:08:20.823,1.24951,1.24968,2.63,2.15
2012.12.18 08:08:31.632,1.24953,1.24969,1.50,1.73
2012.12.18 08:08:32.294,1.24953,1.24969,1.73,1.50
2012.12.18 08:08:37.143,1.24953,1.2497,2.48,1.13
2012.12.18 08:08:37.265,1.24954,1.2497,1.73,1.13
2012.12.18 08:08:37.626,1.24959,1.24972,1.73,1.03
2012.12.18 08:08:41.405,1.2496,1.24978,2.48,1.13
2012.12.18 08:08:44.945,1.24957,1.24975,2.48,1.50
2012.12.18 08:08:45.125,1.24956,1.24971,1.54,1.58
2012.12.18 08:08:45.313,1.24956,1.24971,2.48,1.35
2012.12.18 08:08:45.496,1.24958,1.24974,2.48,2.38
2012.12.18 08:08:45.983,1.24959,1.24976,1.73,2.57
2012.12.18 08:08:46.993,1.24959,1.24976,2.48,1.35
2012.12.18 08:08:49.259,1.24962,1.24976,1.73,1.35
2012.12.18 08:08:49.803,1.24962,1.24976,2.48,1.35
2012.12.18 08:08:51.204,1.24962,1.24976,2.48,1.35
2012.12.18 08:08:54.765,1.24962,1.24977,2.48,1.13
2012.12.18 08:09:00.794,1.24961,1.24978,1.73,1.78
2012.12.18 08:09:03.596,1.2496,1.24976,1.73,1.13
2012.12.18 08:09:11.626,1.24958,1.24976,1.73,1.88
2012.12.18 08:09:12.344,1.24958,1.24976,1.50,1.88
2012.12.18 08:09:16.932,1.24958,1.24976,1.73,1.88
2012.12.18 08:09:17.723,1.24958,1.24976,1.73,1.88
2012.12.18 08:09:19.944,1.24959,1.24976,2.48,1.88
2012.12.18 08:09:20.185,1.24959,1.24975,1.73,1.73
2012.12.18 08:09:20.734,1.24956,1.24974,1.73,1.50
2012.12.18 08:09:21.424,1.24956,1.24974,1.73,1.50
2012.12.18 08:09:22.346,1.24954,1.24974,4.13,2.48
2012.12.18 08:09:22.854,1.24954,1.24973,1.88,2.48
2012.12.18 08:09:24.708,1.24956,1.24974,1.73,2.48
2012.12.18 08:09:25.264,1.24956,1.24974,2.40,1.50
2012.12.18 08:09:25.624,1.2496,1.24975,1.65,1.35
2012.12.18 08:09:25.954,1.2496,1.24977,1.73,1.35
2012.12.18 08:09:28.353,1.24958,1.24976,2.40,1.88
2012.12.18 08:09:29.424,1.24958,1.24974,1.73,1.73
2012.12.18 08:09:29.905,1.24957,1.24974,1.73,2.25
2012.12.18 08:09:29.975,1.24959,1.24977,1.73,1.25
2012.12.18 08:09:30.564,1.24958,1.24976,2.48,1.88
2012.12.18 08:09:31.094,1.24957,1.24975,1.73,1.32
2012.12.18 08:09:31.623,1.24955,1.24973,2.10,1.73
2012.12.18 08:09:32.263,1.24954,1.24973,2.63,2.48
2012.12.18 08:09:32.764,1.24956,1.24973,1.73,1.73
2012.12.18 08:09:33.394,1.24956,1.24973,1.65,1.73
2012.12.18 08:09:35.174,1.24954,1.24974,2.63,2.48
2012.12.18 08:09:35.534,1.24954,1.24972,3.23,1.13
2012.12.18 08:09:39.165,1.24952,1.2497,3.23,1.69
2012.12.18 08:09:42.285,1.24952,1.24969,2.48,1.50
2012.12.18 08:09:42.343,1.24952,1.24971,1.73,3.28
2012.12.18 08:09:42.403,1.24952,1.24971,1.73,2.53
2012.12.18 08:09:46.780,1.24953,1.2497,2.48,1.50
2012.12.18 08:09:47.763,1.24952,1.2497,3.23,2.25
2012.12.18 08:09:48.303,1.24952,1.24971,1.73,1.65
2012.12.18 08:09:49.426,1.24954,1.24971,1.73,1.65
2012.12.18 08:09:49.744,1.24955,1.24971,1.73,1.65
2012.12.18 08:09:52.128,1.24955,1.24971,1.73,1.88
2012.12.18 08:09:52.476,1.24955,1.24971,1.73,1.50
2012.12.18 08:09:53.551,1.24954,1.24971,1.13,2.48
2012.12.18 08:10:00.694,1.24954,1.24968,1.13,1.50
2012.12.18 08:10:00.754,1.24954,1.24968,1.13,1.50
2012.12.18 08:10:00.894,1.24954,1.24969,1.13,1.50
2012.12.18 08:10:01.385,1.2495,1.24966,2.29,1.50
2012.12.18 08:10:05.554,1.2495,1.24966,1.73,1.50
2012.12.18 08:10:05.673,1.24951,1.24969,1.73,2.53
2012.12.18 08:10:13.615,1.2495,1.24961,3.23,1.32
2012.12.18 08:10:13.744,1.2495,1.24961,2.48,1.32
2012.12.18 08:10:13.805,1.24948,1.24961,1.50,1.54
2012.12.18 08:10:14.151,1.24947,1.24961,1.58,2.29
2012.12.18 08:10:14.231,1.24947,1.24961,1.73,1.73
2012.12.18 08:10:14.296,1.24947,1.24961,1.73,1.50
2012.12.18 08:10:14.805,1.24948,1.24964,1.73,1.50
2012.12.18 08:10:15.364,1.24948,1.24966,1.80,1.88
2012.12.18 08:10:15.795,1.24948,1.24965,1.80,1.50
2012.12.18 08:10:17.805,1.24948,1.24966,1.80,1.13
2012.12.18 08:10:23.165,1.24948,1.24966,1.73,1.13
2012.12.18 08:10:26.594,1.24948,1.24965,1.73,2.10
2012.12.18 08:10:26.967,1.24945,1.24959,2.48,1.50
2012.12.18 08:10:27.523,1.24942,1.24959,1.88,1.50
2012.12.18 08:10:28.868,1.24942,1.24959,1.88,1.73
2012.12.18 08:10:29.074,1.24942,1.24959,1.88,1.50
2012.12.18 08:10:30.296,1.24942,1.24959,2.63,1.50
2012.12.18 08:10:42.284,1.24942,1.24959,1.73,1.88
2012.12.18 08:10:44.224,1.24941,1.24958,1.73,1.73
2012.12.18 08:10:44.487,1.24939,1.24953,1.73,1.73
2012.12.18 08:10:44.734,1.24939,1.24957,1.88,3.04
2012.12.18 08:10:44.916,1.24941,1.24959,2.48,2.53
2012.12.18 08:10:44.984,1.24941,1.24959,2.48,2.30
2012.12.18 08:10:45.535,1.24942,1.2496,1.73,2.22
2012.12.18 08:10:46.573,1.24942,1.24959,1.73,1.13
2012.12.18 08:10:46.874,1.24948,1.24963,1.35,1.13
2012.12.18 08:10:47.234,1.24952,1.24968,1.50,1.63
2012.12.18 08:10:47.296,1.24951,1.24968,1.73,1.55
2012.12.18 08:10:47.484,1.24953,1.2497,1.73,3.09
2012.12.18 08:10:47.854,1.24953,1.2497,2.48,2.44
2012.12.18 08:10:49.934,1.24953,1.2497,1.73,1.13
2012.12.18 08:10:59.768,1.24953,1.2497,2.48,1.35
2012.12.18 08:11:03.753,1.24953,1.24971,3.23,1.73
2012.12.18 08:11:05.897,1.24953,1.2497,2.48,2.48
2012.12.18 08:11:06.258,1.24952,1.24967,1.73,1.92
2012.12.18 08:11:06.786,1.2495,1.24967,1.73,1.17
2012.12.18 08:11:08.565,1.2495,1.24967,1.73,1.17
2012.12.18 08:11:09.365,1.24952,1.24969,1.88,1.13
2012.12.18 08:11:09.721,1.24956,1.24972,1.13,2.25
2012.12.18 08:11:09.962,1.24956,1.24974,1.13,2.53
2012.12.18 08:11:10.529,1.24957,1.24975,1.20,1.13
2012.12.18 08:11:10.913,1.24958,1.24975,1.73,1.88
2012.12.18 08:11:12.014,1.24958,1.24976,3.23,3.42
2012.12.18 08:11:12.642,1.24958,1.24976,3.98,2.85
2012.12.18 08:11:18.674,1.2496,1.24977,2.63,1.73
2012.12.18 08:11:18.914,1.24963,1.2498,1.73,1.78
2012.12.18 08:11:19.094,1.24969,1.24982,1.13,1.40
2012.12.18 08:11:19.461,1.24969,1.24986,1.13,1.73
2012.12.18 08:11:20.108,1.24968,1.24982,1.73,1.13
2012.12.18 08:11:20.294,1.24965,1.24981,2.40,1.88
2012.12.18 08:11:20.356,1.24965,1.2498,1.65,1.65
2012.12.18 08:11:20.664,1.24963,1.24976,1.50,1.13
2012.12.18 08:11:20.784,1.24959,1.24974,2.40,1.13
2012.12.18 08:11:22.637,1.24956,1.24973,3.23,1.65
2012.12.18 08:11:22.895,1.24956,1.24972,1.73,1.73
2012.12.18 08:11:23.134,1.24955,1.24972,1.73,1.73
2012.12.18 08:11:23.259,1.24955,1.2497,1.73,1.73
2012.12.18 08:11:23.803,1.24954,1.24971,1.73,3.23
2012.12.18 08:11:23.864,1.24952,1.24962,2.29,1.13
2012.12.18 08:11:24.223,1.24946,1.24958,1.32,1.73
2012.12.18 08:11:24.416,1.24943,1.24959,1.73,1.73
2012.12.18 08:11:25.684,1.24944,1.24959,1.13,1.73
2012.12.18 08:11:26.105,1.24949,1.24963,1.17,1.44
2012.12.18 08:11:26.224,1.24953,1.24966,1.13,2.04
2012.12.18 08:11:26.905,1.24954,1.2497,1.73,1.73
2012.12.18 08:11:27.446,1.24953,1.24969,1.20,1.73
2012.12.18 08:11:27.516,1.24953,1.24967,1.20,1.50
2012.12.18 08:11:27.645,1.24951,1.24967,1.50,2.44
2012.12.18 08:11:27.705,1.24951,1.24963,1.50,1.50
2012.12.18 08:11:27.764,1.2495,1.24963,1.88,1.73
2012.12.18 08:11:28.315,1.24948,1.24963,1.13,1.73
2012.12.18 08:11:28.376,1.24948,1.24963,1.13,1.73
2012.12.18 08:11:29.163,1.24948,1.24964,1.13,2.48
2012.12.18 08:11:29.764,1.24948,1.24964,1.13,2.48
2012.12.18 08:11:30.284,1.24947,1.24964,1.13,2.48
2012.12.18 08:11:30.875,1.24948,1.24964,1.13,1.73
2012.12.18 08:11:31.394,1.24948,1.24964,1.13,1.73
2012.12.18 08:11:31.804,1.24948,1.24963,1.13,1.73
2012.12.18 08:11:32.454,1.24945,1.24961,1.73,1.13
2012.12.18 08:11:32.515,1.24946,1.24963,1.50,2.48
2012.12.18 08:11:32.984,1.24945,1.24963,2.48,1.63
2012.12.18 08:11:33.554,1.24944,1.24961,1.69,2.25
2012.12.18 08:11:33.614,1.24944,1.24961,1.69,2.48
2012.12.18 08:11:34.115,1.24943,1.2496,1.50,1.73
2012.12.18 08:11:34.595,1.24941,1.24959,1.73,1.88
2012.12.18 08:11:35.143,1.2494,1.24958,1.88,1.73
2012.12.18 08:11:35.564,1.24943,1.24958,1.17,1.50
2012.12.18 08:11:35.624,1.24943,1.2496,1.17,2.30
2012.12.18 08:11:35.685,1.24941,1.2496,2.85,2.53
2012.12.18 08:11:36.004,1.2494,1.2496,3.23,2.63
2012.12.18 08:11:37.334,1.24941,1.24958,1.54,2.48
2012.12.18 08:11:37.633,1.24942,1.24958,1.54,3.88
2012.12.18 08:11:37.694,1.24942,1.24958,1.54,2.90
2012.12.18 08:11:38.172,1.24944,1.2496,1.69,1.73
2012.12.18 08:11:38.353,1.24944,1.2496,1.69,2.38
2012.12.18 08:11:38.415,1.24944,1.24961,1.69,1.73
2012.12.18 08:11:38.944,1.24944,1.24962,1.62,3.00
2012.12.18 08:11:39.464,1.24945,1.24962,1.65,2.25
2012.12.18 08:11:39.587,1.24947,1.24962,1.47,1.50
2012.12.18 08:11:39.955,1.24947,1.24962,1.47,2.25
2012.12.18 08:11:40.088,1.24947,1.24962,1.54,2.25
2012.12.18 08:11:40.295,1.24947,1.24962,1.54,2.48
2012.12.18 08:11:40.745,1.24947,1.24962,1.32,2.48
2012.12.18 08:11:41.264,1.24944,1.2496,1.62,1.73
2012.12.18 08:11:41.323,1.24944,1.2496,1.62,1.73
2012.12.18 08:11:42.201,1.24944,1.2496,1.69,1.73
2012.12.18 08:11:42.804,1.24944,1.2496,1.13,1.73
2012.12.18 08:11:44.862,1.24944,1.24962,1.13,3.13
2012.12.18 08:11:47.085,1.24941,1.24957,1.35,1.50
2012.12.18 08:11:47.594,1.24942,1.24958,1.13,1.73
2012.12.18 08:11:48.153,1.24942,1.24959,1.88,1.73
2012.12.18 08:11:49.075,1.24942,1.24962,1.88,3.88
2012.12.18 08:11:50.953,1.24942,1.24962,1.88,5.00
2012.12.18 08:11:51.087,1.24941,1.24956,2.48,1.50
2012.12.18 08:11:51.395,1.24938,1.24952,1.62,4.73
2012.12.18 08:11:51.465,1.24938,1.24951,1.54,2.18
2012.12.18 08:11:51.536,1.24938,1.24951,1.54,3.68
2012.12.18 08:11:51.795,1.24938,1.24951,1.54,2.10
2012.12.18 08:11:51.865,1.24938,1.24948,1.54,2.10
2012.12.18 08:11:52.227,1.2493,1.2494,1.13,7.92
2012.12.18 08:11:52.414,1.24928,1.24935,1.61,1.32
2012.12.18 08:11:52.475,1.24927,1.24936,2.25,1.32
2012.12.18 08:11:52.620,1.24927,1.24942,3.00,1.63
2012.12.18 08:11:52.875,1.2493,1.24943,1.32,1.78
2012.12.18 08:11:53.006,1.2493,1.24944,2.29,1.40
2012.12.18 08:11:53.136,1.2493,1.24944,1.32,1.63
2012.12.18 08:11:53.805,1.2493,1.24947,1.32,1.73
2012.12.18 08:11:54.433,1.24928,1.24942,2.82,1.88
2012.12.18 08:11:54.494,1.24927,1.24942,1.50,1.88
2012.12.18 08:11:55.031,1.24926,1.24942,1.50,1.88
2012.12.18 08:11:56.146,1.24925,1.24942,3.23,1.69
2012.12.18 08:11:57.174,1.24926,1.24944,1.50,3.23
2012.12.18 08:11:57.475,1.24928,1.24945,1.88,1.63
2012.12.18 08:11:58.065,1.24933,1.24947,1.50,1.73
2012.12.18 08:11:58.138,1.24934,1.24948,1.73,1.03
2012.12.18 08:11:58.325,1.24931,1.24946,1.50,1.13
2012.12.18 08:11:58.395,1.24929,1.24946,3.00,1.13
2012.12.18 08:11:58.515,1.24929,1.24946,2.25,1.13
2012.12.18 08:11:58.954,1.24933,1.24951,2.25,1.13
2012.12.18 08:11:59.084,1.24932,1.2495,1.50,1.88
2012.12.18 08:11:59.205,1.24932,1.24948,2.25,1.73
2012.12.18 08:11:59.676,1.24932,1.24945,1.50,1.35
2012.12.18 08:11:59.816,1.24929,1.24945,2.25,1.35
2012.12.18 08:12:00.125,1.24927,1.24945,3.00,1.95
2012.12.18 08:12:00.703,1.24927,1.24945,3.75,1.20
2012.12.18 08:12:01.227,1.24928,1.24945,2.48,2.70
2012.12.18 08:12:01.356,1.24928,1.24945,2.25,2.70
2012.12.18 08:12:02.734,1.24929,1.24945,1.50,1.95
2012.12.18 08:12:03.035,1.24932,1.24948,1.73,1.63
2012.12.18 08:12:03.783,1.24933,1.2495,1.50,1.88
2012.12.18 08:12:04.027,1.24936,1.24953,1.73,2.10
2012.12.18 08:12:04.464,1.24934,1.24951,3.00,2.63
2012.12.18 08:12:05.169,1.24934,1.24949,2.40,1.73
2012.12.18 08:12:05.311,1.24936,1.24953,1.73,1.63
2012.12.18 08:12:05.815,1.24935,1.24953,1.88,1.73
2012.12.18 08:12:06.193,1.24935,1.24951,2.63,1.73
2012.12.18 08:12:06.313,1.24935,1.24952,2.63,2.29
2012.12.18 08:12:06.646,1.24935,1.24952,1.65,2.29
2012.12.18 08:12:08.205,1.24934,1.24951,1.50,2.29
2012.12.18 08:12:08.703,1.24934,1.24951,1.88,1.73
2012.12.18 08:12:08.943,1.24935,1.24953,2.48,1.73
2012.12.18 08:12:09.605,1.24936,1.24953,1.50,1.73
2012.12.18 08:12:09.800,1.24933,1.2495,1.50,1.13
2012.12.18 08:12:10.074,1.24932,1.2495,2.82,1.13
2012.12.18 08:12:10.874,1.24931,1.24946,1.73,1.35
2012.12.18 08:12:11.236,1.24929,1.24944,2.25,1.13
2012.12.18 08:12:12.854,1.24928,1.24945,1.88,1.73
2012.12.18 08:12:13.033,1.2493,1.24947,1.13,1.63
2012.12.18 08:12:15.621,1.24932,1.24949,1.50,2.53
2012.12.18 08:12:15.944,1.24931,1.24948,1.50,1.73
2012.12.18 08:12:16.246,1.24931,1.24942,1.50,1.13
2012.12.18 08:12:16.317,1.24929,1.24942,1.50,1.13
2012.12.18 08:12:16.448,1.24926,1.24941,1.73,1.50
2012.12.18 08:12:16.576,1.24926,1.24941,1.50,1.73
2012.12.18 08:12:16.706,1.24926,1.24941,1.50,1.65
2012.12.18 08:12:17.015,1.24924,1.2494,1.50,1.65
2012.12.18 08:12:17.085,1.24924,1.24938,1.50,1.65
2012.12.18 08:12:17.647,1.24923,1.24938,1.50,1.73
2012.12.18 08:12:17.953,1.24919,1.24933,1.73,1.65
2012.12.18 08:12:18.014,1.24919,1.24932,1.50,1.73
2012.12.18 08:12:18.547,1.24917,1.24932,1.50,1.73
2012.12.18 08:12:19.606,1.24916,1.24927,1.50,1.35
2012.12.18 08:12:19.917,1.24911,1.24925,1.95,1.13
2012.12.18 08:12:20.044,1.2491,1.24925,3.15,1.88
2012.12.18 08:12:20.288,1.2491,1.24923,1.20,1.73
2012.12.18 08:12:20.473,1.24911,1.24926,1.43,1.13
2012.12.18 08:12:20.607,1.24911,1.24925,1.43,1.03
2012.12.18 08:12:20.795,1.24911,1.24926,1.20,1.63
2012.12.18 08:12:21.405,1.24906,1.24923,3.23,2.40
2012.12.18 08:12:21.463,1.24906,1.24918,1.73,1.13
2012.12.18 08:12:21.787,1.24902,1.24915,1.39,1.88
2012.12.18 08:12:21.868,1.24901,1.24914,1.58,3.83
2012.12.18 08:12:21.937,1.249,1.24914,1.58,1.73
2012.12.18 08:12:22.010,1.24899,1.24914,1.95,2.48
2012.12.18 08:12:22.516,1.24896,1.24913,1.50,1.35
2012.12.18 08:12:22.676,1.24896,1.24913,1.50,1.35
2012.12.18 08:12:24.684,1.24895,1.24913,3.23,1.35
2012.12.18 08:12:24.755,1.24895,1.24913,3.23,1.35
2012.12.18 08:12:24.941,1.24896,1.24914,1.35,3.23
2012.12.18 08:12:25.184,1.24898,1.24914,1.13,1.50
2012.12.18 08:12:25.506,1.24902,1.24915,2.10,2.15
2012.12.18 08:12:25.756,1.24901,1.24917,1.73,3.00
2012.12.18 08:12:25.824,1.24901,1.24917,1.35,2.85
2012.12.18 08:12:26.134,1.24906,1.24921,1.73,1.40
2012.12.18 08:12:26.194,1.24904,1.24921,2.40,3.13
2012.12.18 08:12:27.175,1.24905,1.24921,1.65,2.48
2012.12.18 08:12:27.594,1.24906,1.24923,1.73,1.78
2012.12.18 08:12:28.683,1.24905,1.24923,1.13,1.88
2012.12.18 08:12:31.446,1.24908,1.24925,1.13,2.38
2012.12.18 08:12:31.753,1.24908,1.24926,1.13,1.50
2012.12.18 08:12:32.255,1.24908,1.24927,1.88,3.13
2012.12.18 08:12:32.515,1.2491,1.24928,1.73,1.88
2012.12.18 08:12:32.757,1.24912,1.24928,1.35,1.50
2012.12.18 08:12:33.005,1.24911,1.24928,2.10,1.73
2012.12.18 08:12:33.076,1.24911,1.24928,2.48,1.88
2012.12.18 08:12:34.404,1.2491,1.24926,1.73,1.73
2012.12.18 08:12:34.960,1.24908,1.24925,1.13,1.50
2012.12.18 08:12:36.023,1.24908,1.24926,1.88,2.48
2012.12.18 08:12:37.824,1.24908,1.24926,1.13,2.48
2012.12.18 08:12:37.944,1.24908,1.24926,1.13,2.48
2012.12.18 08:12:38.065,1.24907,1.24921,3.23,1.92
2012.12.18 08:12:38.378,1.24907,1.24918,2.25,1.13
2012.12.18 08:12:38.800,1.24903,1.24919,1.73,1.17
2012.12.18 08:12:38.869,1.24902,1.24919,1.73,1.92
2012.12.18 08:12:39.234,1.24901,1.24918,2.33,1.13
2012.12.18 08:12:39.594,1.24904,1.24922,3.75,2.38
2012.12.18 08:12:39.654,1.2491,1.24923,1.13,1.63
2012.12.18 08:12:39.835,1.2491,1.24924,1.28,1.50
2012.12.18 08:12:40.035,1.24911,1.24928,1.80,2.38
2012.12.18 08:12:40.575,1.24911,1.24928,1.88,1.73
2012.12.18 08:12:41.098,1.24912,1.24929,1.13,1.13
2012.12.18 08:12:41.931,1.24912,1.24929,1.13,1.13
2012.12.18 08:12:42.004,1.24912,1.24929,1.13,1.13
2012.12.18 08:12:42.126,1.24912,1.2493,1.88,1.03
2012.12.18 08:12:42.268,1.24917,1.24931,1.13,2.38
2012.12.18 08:12:42.455,1.24919,1.24932,1.13,1.44
2012.12.18 08:12:42.584,1.24919,1.24932,1.13,1.44
2012.12.18 08:12:44.476,1.24916,1.24929,2.10,1.50
2012.12.18 08:12:44.604,1.24915,1.24931,2.25,2.29
2012.12.18 08:12:45.143,1.24912,1.24928,1.73,1.73
2012.12.18 08:12:45.784,1.2491,1.24928,2.63,1.73
2012.12.18 08:12:46.384,1.2491,1.24927,1.88,1.73
2012.12.18 08:12:46.932,1.2491,1.24927,1.13,1.73
2012.12.18 08:12:48.245,1.2491,1.24927,1.13,1.73
2012.12.18 08:12:50.174,1.2491,1.24928,1.88,2.48
2012.12.18 08:12:50.488,1.24911,1.24928,1.73,2.29
2012.12.18 08:12:50.974,1.24912,1.2493,1.73,1.54
2012.12.18 08:12:51.335,1.24917,1.24933,1.73,1.03
2012.12.18 08:12:52.018,1.24919,1.24928,1.73,3.75
2012.12.18 08:12:52.215,1.24912,1.24929,1.13,2.29
2012.12.18 08:12:53.475,1.24912,1.2493,2.63,1.35
2012.12.18 08:12:54.047,1.24913,1.24929,2.25,1.35
2012.12.18 08:12:54.634,1.24912,1.24927,1.13,1.54
2012.12.18 08:12:55.645,1.2491,1.24927,1.50,2.44
2012.12.18 08:12:55.955,1.24912,1.24926,1.50,1.88
2012.12.18 08:12:56.205,1.24911,1.24928,1.73,2.67
2012.12.18 08:12:56.704,1.24911,1.24928,1.73,2.82
2012.12.18 08:12:57.245,1.24914,1.24928,1.13,2.29
2012.12.18 08:12:57.605,1.24916,1.24931,1.13,1.54
2012.12.18 08:12:57.675,1.24916,1.24931,1.13,1.54
2012.12.18 08:12:58.234,1.24915,1.24928,1.13,1.54
2012.12.18 08:12:58.295,1.24913,1.24931,1.35,2.48
2012.12.18 08:12:58.413,1.24915,1.24931,1.13,1.73
2012.12.18 08:12:58.534,1.24915,1.24931,1.13,1.73
2012.12.18 08:12:58.774,1.24915,1.24931,1.13,1.73
2012.12.18 08:13:03.145,1.24914,1.24932,1.35,3.04
2012.12.18 08:13:04.004,1.24914,1.24924,1.73,1.13
2012.12.18 08:13:04.153,1.24911,1.24925,2.63,2.74
2012.12.18 08:13:04.292,1.24913,1.24928,1.13,2.18
2012.12.18 08:13:04.628,1.24914,1.2493,2.25,1.69
2012.12.18 08:13:04.945,1.24915,1.2493,1.50,1.69
2012.12.18 08:13:05.374,1.24914,1.2493,1.50,2.44
2012.12.18 08:13:09.396,1.24915,1.2493,1.50,1.69
2012.12.18 08:13:09.524,1.24917,1.2493,1.73,1.69
2012.12.18 08:13:14.497,1.24916,1.24933,2.48,1.73
2012.12.18 08:13:14.846,1.24916,1.24933,1.50,1.73
2012.12.18 08:13:16.715,1.24914,1.2493,1.73,1.73
2012.12.18 08:13:17.228,1.24914,1.24931,1.13,3.54
2012.12.18 08:13:18.517,1.24914,1.2493,1.13,1.73
2012.12.18 08:13:20.414,1.24914,1.24929,1.13,1.73
2012.12.18 08:13:23.539,1.24914,1.2493,1.13,2.48
2012.12.18 08:13:23.843,1.24914,1.2493,2.10,1.73
2012.12.18 08:13:24.205,1.24919,1.24934,1.73,1.54
2012.12.18 08:13:26.717,1.2492,1.24936,1.32,1.73
2012.12.18 08:13:27.145,1.24923,1.2494,1.73,1.73
2012.12.18 08:13:27.443,1.24923,1.24942,1.73,2.48
2012.12.18 08:13:29.764,1.24922,1.24941,2.48,1.73
2012.12.18 08:13:30.266,1.24922,1.24942,3.98,1.73
2012.12.18 08:13:30.804,1.24924,1.24941,1.73,1.13
2012.12.18 08:13:31.405,1.24922,1.24941,3.98,1.13
2012.12.18 08:13:31.834,1.24927,1.24942,1.73,1.50
2012.12.18 08:13:31.894,1.24927,1.24939,1.73,1.32
2012.12.18 08:13:32.196,1.24923,1.24936,1.20,1.35
2012.12.18 08:13:32.324,1.24923,1.24936,1.20,1.35
2012.12.18 08:13:32.445,1.24923,1.24938,2.10,1.73
2012.12.18 08:13:32.624,1.24923,1.24939,2.10,1.17
2012.12.18 08:13:32.754,1.24923,1.24938,1.88,1.35
2012.12.18 08:13:33.054,1.24922,1.24938,2.25,2.10
2012.12.18 08:13:33.704,1.24922,1.24938,1.50,2.10
2012.12.18 08:13:34.745,1.24923,1.24939,1.50,1.92
2012.12.18 08:13:36.855,1.24921,1.24936,1.50,1.35
2012.12.18 08:13:36.973,1.24921,1.24936,1.50,1.35
2012.12.18 08:13:39.219,1.24923,1.24941,1.50,1.73
2012.12.18 08:13:39.293,1.24925,1.24942,1.50,1.73
2012.12.18 08:13:43.855,1.24924,1.24942,1.50,1.73
2012.12.18 08:13:44.366,1.24924,1.24942,3.00,1.73
2012.12.18 08:13:44.885,1.24924,1.24942,3.00,1.73
2012.12.18 08:13:45.685,1.24924,1.24942,3.00,1.73
2012.12.18 08:13:52.394,1.24925,1.24942,2.25,2.10
2012.12.18 08:13:52.718,1.24926,1.24942,1.50,2.10
2012.12.18 08:13:53.653,1.24925,1.24942,1.50,2.85
2012.12.18 08:13:54.405,1.24925,1.24942,1.50,2.10
2012.12.18 08:13:55.052,1.24925,1.24942,2.25,2.10
2012.12.18 08:13:55.873,1.24925,1.24942,1.50,2.10
2012.12.18 08:13:56.964,1.24924,1.24942,1.50,2.85
2012.12.18 08:13:58.683,1.24924,1.24942,2.25,2.10
2012.12.18 08:14:03.424,1.24924,1.24941,1.50,1.35
2012.12.18 08:14:08.223,1.24924,1.24941,2.25,1.35
2012.12.18 08:14:08.844,1.24924,1.24941,3.00,1.35
2012.12.18 08:14:10.346,1.24926,1.24945,1.73,1.88
2012.12.18 08:14:17.016,1.24927,1.24946,2.48,2.10
2012.12.18 08:14:20.355,1.24927,1.24946,2.48,2.85
2012.12.18 08:14:22.375,1.24927,1.24946,1.73,2.10
2012.12.18 08:14:27.903,1.24927,1.24946,1.73,2.10
2012.12.18 08:14:29.001,1.24926,1.24943,2.48,1.73
2012.12.18 08:14:29.277,1.24922,1.24939,2.55,1.73
2012.12.18 08:14:29.806,1.24922,1.24939,1.65,1.73
2012.12.18 08:14:30.025,1.24922,1.2494,3.15,1.88
2012.12.18 08:14:30.286,1.24926,1.24943,1.65,1.44
2012.12.18 08:14:30.795,1.24927,1.24944,1.73,1.88
2012.12.18 08:14:31.266,1.24927,1.24944,1.73,1.88
2012.12.18 08:14:31.796,1.24926,1.24944,1.73,1.88
2012.12.18 08:14:32.477,1.24926,1.2494,1.73,1.88
2012.12.18 08:14:32.546,1.24923,1.24939,1.73,1.13
2012.12.18 08:14:32.676,1.24923,1.24938,1.50,1.73
2012.12.18 08:14:32.925,1.24919,1.24935,2.48,1.88
2012.12.18 08:14:33.116,1.24917,1.24931,1.73,2.48
2012.12.18 08:14:33.547,1.24916,1.24932,1.88,1.73
2012.12.18 08:14:34.146,1.24913,1.24931,2.40,1.73
2012.12.18 08:14:36.616,1.24912,1.24931,3.60,2.48
2012.12.18 08:14:36.864,1.24912,1.24929,2.63,1.73
2012.12.18 08:14:37.168,1.24915,1.24933,1.50,3.13
2012.12.18 08:14:37.355,1.24915,1.24933,3.23,1.73
2012.12.18 08:14:38.524,1.24917,1.24934,1.73,1.88
2012.12.18 08:14:38.705,1.24919,1.24936,2.48,1.88
2012.12.18 08:14:38.885,1.24921,1.24937,2.63,1.63
2012.12.18 08:14:39.015,1.24923,1.24938,1.50,3.23
2012.12.18 08:14:39.915,1.24924,1.24939,1.50,1.13
2012.12.18 08:14:39.986,1.24924,1.24941,1.73,2.10
2012.12.18 08:14:40.955,1.24926,1.24942,2.25,2.10
2012.12.18 08:14:41.404,1.24926,1.24942,2.48,1.35
2012.12.18 08:14:48.384,1.24927,1.24943,1.73,1.88
2012.12.18 08:14:48.565,1.24928,1.24945,3.23,2.85
2012.12.18 08:14:48.695,1.24931,1.24947,1.88,1.59
2012.12.18 08:14:50.085,1.24931,1.24946,1.13,1.13
2012.12.18 08:14:50.220,1.24928,1.24944,2.48,1.73
2012.12.18 08:14:50.585,1.24926,1.24942,1.73,2.25
2012.12.18 08:14:50.955,1.24922,1.24939,3.38,1.73
2012.12.18 08:14:51.015,1.24923,1.2494,1.73,1.73
2012.12.18 08:14:56.594,1.24925,1.24941,2.48,1.13
2012.12.18 08:14:56.714,1.24924,1.2494,1.50,1.17
2012.12.18 08:14:57.478,1.24923,1.2494,2.48,1.17
2012.12.18 08:14:59.023,1.24923,1.24941,1.88,1.73
2012.12.18 08:14:59.084,1.24924,1.24943,1.73,2.94
2012.12.18 08:14:59.145,1.24924,1.24943,1.73,2.29
2012.12.18 08:14:59.734,1.24924,1.24943,2.48,2.07
2012.12.18 08:15:00.175,1.24924,1.24941,1.73,1.73
2012.12.18 08:15:00.295,1.24923,1.24941,2.48,1.88
2012.12.18 08:15:00.479,1.24922,1.24937,1.50,2.67
2012.12.18 08:15:00.604,1.24919,1.24936,2.48,1.73
2012.12.18 08:15:00.798,1.24919,1.24937,1.73,1.54
2012.12.18 08:15:01.585,1.2492,1.24937,1.73,1.32
2012.12.18 08:15:02.136,1.2492,1.24937,2.48,1.54
2012.12.18 08:15:03.608,1.24921,1.24939,1.73,1.73
2012.12.18 08:15:03.684,1.24921,1.24939,1.73,1.73
2012.12.18 08:15:06.555,1.24924,1.2494,1.73,1.13
2012.12.18 08:15:06.675,1.24923,1.24939,2.48,1.73
2012.12.18 08:15:06.916,1.24921,1.24939,1.73,1.73
2012.12.18 08:15:07.224,1.24921,1.24939,2.48,1.63
2012.12.18 08:15:09.104,1.24921,1.2494,1.73,1.13
2012.12.18 08:15:09.778,1.2492,1.24939,3.23,1.73
2012.12.18 08:15:13.464,1.2492,1.24939,2.48,3.13
2012.12.18 08:15:14.494,1.2492,1.24939,2.48,2.38
2012.12.18 08:15:15.033,1.24923,1.2494,2.48,1.88
2012.12.18 08:15:15.607,1.24923,1.2494,1.73,1.88
2012.12.18 08:15:16.075,1.24923,1.2494,1.73,1.65
2012.12.18 08:15:18.314,1.24925,1.24942,2.48,2.10
2012.12.18 08:15:19.824,1.24927,1.24942,1.73,2.10
2012.12.18 08:15:20.006,1.24927,1.24944,1.73,2.48
2012.12.18 08:15:20.075,1.24928,1.24945,1.73,3.28
2012.12.18 08:15:20.398,1.24931,1.24946,1.73,1.70
2012.12.18 08:15:20.945,1.24931,1.24947,3.23,1.13
2012.12.18 08:15:21.314,1.24931,1.24949,3.23,2.10
2012.12.18 08:15:21.443,1.24931,1.24949,3.23,2.10
2012.12.18 08:15:33.735,1.24932,1.24946,1.73,1.65
2012.12.18 08:15:33.794,1.24932,1.24946,1.73,2.40
2012.12.18 08:15:33.914,1.24932,1.24946,1.73,2.40
2012.12.18 08:15:36.334,1.24931,1.24948,3.23,2.10
2012.12.18 08:15:37.315,1.24932,1.24948,1.73,1.13
2012.12.18 08:15:37.625,1.24933,1.24948,1.73,1.13
2012.12.18 08:15:37.684,1.24933,1.2495,1.73,1.50
2012.12.18 08:15:37.805,1.24935,1.24951,1.73,1.50
2012.12.18 08:15:38.344,1.24935,1.24953,1.73,1.47
2012.12.18 08:15:47.255,1.24935,1.24954,2.48,2.78
2012.12.18 08:15:57.557,1.24938,1.24954,1.73,1.13
2012.12.18 08:15:57.866,1.24939,1.24957,1.88,1.97
2012.12.18 08:16:05.735,1.24943,1.24958,1.73,1.35
2012.12.18 08:16:07.894,1.2494,1.24957,1.73,1.88
2012.12.18 08:16:09.904,1.24938,1.24954,1.73,2.25
2012.12.18 08:16:10.027,1.24937,1.24954,1.73,2.48
2012.12.18 08:16:10.814,1.24937,1.24956,1.73,2.48
2012.12.18 08:16:13.355,1.24937,1.24953,2.48,1.32
2012.12.18 08:16:13.534,1.24937,1.24949,1.73,3.00
2012.12.18 08:16:13.656,1.24934,1.24946,1.73,1.13
2012.12.18 08:16:13.988,1.24932,1.24941,1.13,1.65
2012.12.18 08:16:14.176,1.24928,1.24943,2.48,3.23
2012.12.18 08:16:14.245,1.24928,1.24943,2.48,2.25
2012.12.18 08:16:14.305,1.24928,1.24943,2.48,1.50
2012.12.18 08:16:14.426,1.24927,1.24943,2.48,1.73
2012.12.18 08:16:15.434,1.24927,1.24943,1.73,1.73
2012.12.18 08:16:17.137,1.24925,1.24944,3.98,2.48
2012.12.18 08:16:17.386,1.24925,1.24943,3.98,1.73
2012.12.18 08:16:17.575,1.24926,1.24944,2.63,3.15
2012.12.18 08:16:17.755,1.24928,1.24945,2.48,4.17
2012.12.18 08:16:18.424,1.24931,1.24945,1.13,2.48
2012.12.18 08:16:18.604,1.2493,1.24946,3.64,1.50
2012.12.18 08:16:18.966,1.24936,1.24952,1.54,4.40
2012.12.18 08:16:19.214,1.24936,1.24953,1.54,2.25
2012.12.18 08:16:19.274,1.24936,1.24953,1.54,2.48
2012.12.18 08:16:19.515,1.24938,1.24954,1.73,1.50
2012.12.18 08:16:19.756,1.24935,1.24951,1.73,1.35
2012.12.18 08:16:20.147,1.24934,1.24948,2.29,1.50
2012.12.18 08:16:20.337,1.24935,1.24953,1.73,2.90
2012.12.18 08:16:21.074,1.24935,1.24953,2.48,1.50
2012.12.18 08:16:21.305,1.24935,1.24953,2.48,1.50
2012.12.18 08:16:22.035,1.24935,1.24952,1.73,1.50
2012.12.18 08:16:22.156,1.24935,1.2495,1.73,1.50
2012.12.18 08:16:22.404,1.24934,1.24953,3.04,2.48
2012.12.18 08:16:22.545,1.24935,1.24953,1.73,1.50
2012.12.18 08:16:23.094,1.24937,1.24954,1.73,3.00
2012.12.18 08:16:23.754,1.24938,1.24955,1.13,2.40
2012.12.18 08:16:24.255,1.24936,1.24952,1.73,2.25
2012.12.18 08:16:24.375,1.24937,1.24952,1.13,2.25
2012.12.18 08:16:24.434,1.24937,1.24952,1.13,2.25
2012.12.18 08:16:24.623,1.24935,1.24952,2.48,2.25
2012.12.18 08:16:25.250,1.24935,1.24952,1.73,3.75
2012.12.18 08:16:26.894,1.24934,1.24952,1.73,1.50
2012.12.18 08:16:27.464,1.24934,1.24952,1.73,1.65
2012.12.18 08:16:27.945,1.24933,1.24949,2.63,1.50
2012.12.18 08:16:29.721,1.24933,1.24949,1.88,1.50
2012.12.18 08:16:29.790,1.24933,1.24949,1.88,1.73
2012.12.18 08:16:30.354,1.24933,1.24949,1.13,3.04
2012.12.18 08:16:30.536,1.24933,1.24949,1.69,1.50
2012.12.18 08:16:31.084,1.24933,1.24949,1.69,1.50
2012.12.18 08:16:33.485,1.24932,1.24949,1.73,2.25
2012.12.18 08:16:33.608,1.24931,1.24947,2.55,1.73
2012.12.18 08:16:36.885,1.24929,1.24945,1.73,1.50
2012.12.18 08:16:37.424,1.24929,1.24945,1.73,1.50
2012.12.18 08:16:40.554,1.24931,1.24945,1.54,1.50
2012.12.18 08:16:40.855,1.24932,1.24949,1.13,1.40
2012.12.18 08:16:40.985,1.24934,1.24951,1.73,1.50
2012.12.18 08:16:44.127,1.24934,1.24951,1.73,1.50
2012.12.18 08:16:44.554,1.24933,1.24952,3.50,1.50
2012.12.18 08:16:44.740,1.24934,1.24948,1.73,1.50
2012.12.18 08:16:45.059,1.24934,1.24952,1.73,1.73
2012.12.18 08:16:45.246,1.24934,1.24952,1.73,1.50
2012.12.18 08:16:45.380,1.24934,1.24952,1.73,1.50
2012.12.18 08:16:45.704,1.24934,1.24951,2.48,2.25
2012.12.18 08:16:46.234,1.24932,1.2495,2.44,1.50
2012.12.18 08:16:49.050,1.24932,1.24949,2.63,1.50
2012.12.18 08:16:52.507,1.24932,1.24949,1.13,1.73
2012.12.18 08:16:52.639,1.24931,1.24946,1.13,1.50
2012.12.18 08:16:52.957,1.24929,1.24941,1.73,1.50
2012.12.18 08:16:53.027,1.24929,1.24941,1.50,1.73
2012.12.18 08:16:53.336,1.24925,1.24942,2.10,2.48
2012.12.18 08:16:53.405,1.24925,1.24942,1.88,2.48
2012.12.18 08:16:54.035,1.24925,1.24942,1.50,3.88
2012.12.18 08:16:54.594,1.24922,1.24941,2.63,1.73
2012.12.18 08:16:55.144,1.24924,1.24941,1.73,1.73
2012.12.18 08:16:56.981,1.24925,1.24942,1.73,2.25
2012.12.18 08:16:57.905,1.24923,1.24942,1.73,3.23
2012.12.18 08:17:00.334,1.24925,1.24942,1.73,2.48
2012.12.18 08:17:02.074,1.24924,1.24942,1.73,2.48
2012.12.18 08:17:02.437,1.24922,1.24939,1.50,1.73
2012.12.18 08:17:02.989,1.24918,1.24935,2.82,1.13
2012.12.18 08:17:03.296,1.24918,1.24935,3.79,1.13
2012.12.18 08:17:03.546,1.2492,1.24937,1.88,2.48
2012.12.18 08:17:05.544,1.24923,1.2494,2.25,1.88
2012.12.18 08:17:07.804,1.24924,1.2494,1.73,1.13
2012.12.18 08:17:07.925,1.24924,1.2494,1.73,1.13
2012.12.18 08:17:10.355,1.24923,1.24939,1.50,1.73
2012.12.18 08:17:11.715,1.24922,1.24938,1.73,1.73
2012.12.18 08:17:11.896,1.24921,1.24934,1.50,1.73
2012.12.18 08:17:13.554,1.24919,1.24935,1.73,1.13
2012.12.18 08:17:14.104,1.24922,1.24937,1.73,3.04
2012.12.18 08:17:14.405,1.24922,1.2494,2.29,3.19
2012.12.18 08:17:14.804,1.24924,1.24939,1.73,1.50
2012.12.18 08:17:15.090,1.2492,1.24934,1.50,1.88
2012.12.18 08:17:17.636,1.2492,1.24936,1.50,1.73
2012.12.18 08:17:17.884,1.24924,1.24939,1.13,2.90
2012.12.18 08:17:18.424,1.24923,1.24939,1.65,1.73
2012.12.18 08:17:18.544,1.24921,1.24937,2.25,1.73
2012.12.18 08:17:18.666,1.24922,1.24936,1.50,2.48
2012.12.18 08:17:21.216,1.24916,1.24934,1.73,1.73
2012.12.18 08:17:21.456,1.24915,1.24933,2.48,1.73
2012.12.18 08:17:21.527,1.24915,1.24929,2.48,1.69
2012.12.18 08:17:21.597,1.24915,1.24926,1.50,1.13
2012.12.18 08:17:21.789,1.24914,1.24926,2.25,1.13
2012.12.18 08:17:22.275,1.2491,1.24925,1.50,1.73
2012.12.18 08:17:22.792,1.24907,1.24924,1.73,1.73
2012.12.18 08:17:23.354,1.24905,1.24924,3.98,2.48
2012.12.18 08:17:23.777,1.24903,1.24918,1.73,1.69
2012.12.18 08:17:23.904,1.24903,1.24917,1.50,1.35
2012.12.18 08:17:24.446,1.24903,1.24917,1.50,1.88
2012.12.18 08:17:25.017,1.249,1.24918,2.63,1.69
2012.12.18 08:17:33.457,1.24903,1.24917,1.50,1.13
2012.12.18 08:17:35.030,1.24905,1.2492,1.13,1.73
2012.12.18 08:17:35.552,1.24905,1.24921,1.13,1.73
2012.12.18 08:17:35.736,1.24905,1.24922,1.13,1.13
2012.12.18 08:17:39.548,1.24905,1.24923,1.13,1.88
2012.12.18 08:17:41.914,1.24905,1.24923,4.13,1.13
2012.12.18 08:17:44.487,1.2491,1.24924,1.13,2.38
2012.12.18 08:17:44.795,1.24915,1.24927,1.50,2.38
2012.12.18 08:17:44.918,1.24915,1.24929,1.50,1.03
2012.12.18 08:17:45.048,1.24915,1.2493,2.25,1.03
2012.12.18 08:17:45.704,1.24915,1.2493,1.50,1.13
2012.12.18 08:17:46.254,1.24915,1.2493,1.50,1.13
2012.12.18 08:17:47.194,1.24915,1.24929,1.50,1.13
2012.12.18 08:17:48.796,1.24915,1.24929,1.50,1.13
2012.12.18 08:17:49.315,1.24915,1.24929,1.50,1.13
2012.12.18 08:17:56.434,1.24912,1.24929,1.13,1.73
2012.12.18 08:18:05.924,1.24914,1.24931,1.50,2.53
2012.12.18 08:18:06.058,1.24915,1.24931,2.07,1.63
2012.12.18 08:18:06.384,1.2492,1.24931,1.13,1.40
2012.12.18 08:18:06.566,1.24922,1.24937,1.73,1.63
2012.12.18 08:18:06.745,1.2492,1.24939,1.65,1.73
2012.12.18 08:18:06.865,1.2492,1.24937,1.13,1.73
2012.12.18 08:18:08.344,1.24922,1.2494,1.50,3.38
2012.12.18 08:18:08.587,1.24921,1.2494,1.50,3.83
2012.12.18 08:18:08.714,1.2492,1.24939,1.88,1.73
2012.12.18 08:18:08.954,1.24921,1.2494,1.73,2.63
2012.12.18 08:18:09.774,1.24923,1.24939,2.25,1.73
2012.12.18 08:18:10.364,1.24923,1.24939,1.50,1.73
2012.12.18 08:18:10.951,1.24923,1.24939,1.50,1.73
2012.12.18 08:18:13.845,1.24925,1.2494,1.50,1.78
2012.12.18 08:18:14.353,1.24925,1.24942,1.50,4.25
2012.12.18 08:18:14.865,1.24925,1.24942,1.50,3.50
2012.12.18 08:18:17.376,1.24925,1.24942,1.50,2.00
2012.12.18 08:18:17.645,1.24924,1.24942,1.50,2.00
2012.12.18 08:18:18.177,1.24924,1.24942,1.50,1.35
2012.12.18 08:18:18.745,1.24925,1.24942,2.48,2.10
2012.12.18 08:18:18.864,1.24925,1.24942,3.00,2.10
2012.12.18 08:18:18.925,1.24925,1.24942,2.25,2.10
2012.12.18 08:18:21.264,1.24924,1.24942,1.65,2.53
2012.12.18 08:18:21.804,1.24923,1.24942,1.65,1.88
2012.12.18 08:18:24.304,1.24927,1.24943,1.13,2.38
2012.12.18 08:18:24.951,1.24927,1.24943,1.50,1.35
2012.12.18 08:18:25.075,1.24926,1.2494,1.50,1.13
2012.12.18 08:18:25.580,1.24924,1.24941,1.50,1.50
2012.12.18 08:18:25.645,1.24923,1.24941,3.23,1.50
2012.12.18 08:18:27.114,1.24921,1.24939,3.23,1.35
2012.12.18 08:18:27.876,1.24922,1.24939,1.50,1.35
2012.12.18 08:18:29.747,1.24921,1.24935,1.73,1.69
2012.12.18 08:18:29.819,1.2492,1.24933,2.25,1.35
2012.12.18 08:18:30.128,1.24919,1.24931,1.50,1.35
2012.12.18 08:18:30.660,1.24914,1.24929,1.50,1.13
2012.12.18 08:18:31.236,1.24914,1.24931,2.48,1.35
2012.12.18 08:18:31.764,1.24914,1.24931,2.48,1.35
2012.12.18 08:18:32.205,1.24914,1.24931,2.48,1.35
2012.12.18 08:18:34.147,1.24914,1.24932,1.50,2.10
2012.12.18 08:18:35.344,1.24915,1.24932,1.50,1.35
2012.12.18 08:18:37.263,1.24915,1.24932,1.50,2.10
2012.12.18 08:18:37.850,1.24915,1.24932,1.50,1.35
2012.12.18 08:18:39.196,1.24914,1.24932,2.25,1.35
2012.12.18 08:18:39.766,1.24914,1.24931,2.25,1.13
2012.12.18 08:18:40.302,1.24914,1.24931,1.50,2.53
2012.12.18 08:18:43.505,1.24914,1.2493,1.50,1.13
2012.12.18 08:18:45.215,1.24913,1.24929,1.50,1.13
2012.12.18 08:18:48.517,1.24913,1.24932,2.25,2.75
2012.12.18 08:18:48.974,1.24913,1.2493,3.00,1.35
2012.12.18 08:18:49.705,1.24913,1.2493,2.48,1.35
2012.12.18 08:18:50.224,1.24915,1.2493,1.50,1.35
2012.12.18 08:18:52.412,1.24913,1.2493,3.00,1.35
2012.12.18 08:19:05.257,1.24913,1.24926,1.50,1.88
2012.12.18 08:19:05.575,1.24912,1.24926,1.50,1.88
2012.12.18 08:19:05.814,1.2491,1.24926,1.50,1.13
2012.12.18 08:19:05.874,1.2491,1.24926,1.50,1.13
2012.12.18 08:19:06.489,1.24908,1.24927,3.00,1.13
2012.12.18 08:19:07.855,1.24908,1.24925,2.25,1.35
2012.12.18 08:19:07.925,1.24908,1.24923,1.50,1.13
2012.12.18 08:19:08.536,1.24906,1.24922,2.48,1.73
2012.12.18 08:19:08.605,1.24906,1.2492,2.25,1.54
2012.12.18 08:19:09.156,1.24904,1.2492,1.50,2.67
2012.12.18 08:19:09.286,1.24904,1.2492,1.50,1.92
2012.12.18 08:19:10.214,1.24904,1.2492,1.73,1.92
2012.12.18 08:19:12.336,1.24903,1.24915,1.73,1.35
2012.12.18 08:19:12.637,1.24901,1.24915,1.50,1.35
2012.12.18 08:19:12.886,1.24901,1.24917,1.50,1.17
2012.12.18 08:19:13.006,1.24903,1.24918,1.50,2.59
2012.12.18 08:19:13.564,1.24906,1.24919,1.65,1.49
2012.12.18 08:19:13.624,1.24906,1.24919,1.65,1.13
2012.12.18 08:19:14.167,1.24905,1.24923,1.65,2.94
2012.12.18 08:19:14.734,1.24906,1.24923,2.44,1.63
2012.12.18 08:19:14.977,1.24909,1.24924,2.63,1.63
2012.12.18 08:19:15.417,1.24909,1.24925,1.50,1.35
2012.12.18 08:19:15.935,1.24908,1.24925,1.50,1.35
2012.12.18 08:19:16.805,1.24906,1.24921,1.50,1.13
2012.12.18 08:19:17.223,1.24904,1.24921,1.65,1.13
2012.12.18 08:19:17.736,1.24903,1.24921,1.65,1.13
2012.12.18 08:19:22.655,1.24902,1.24919,2.10,1.73
2012.12.18 08:19:24.733,1.24902,1.24919,1.13,2.48
2012.12.18 08:19:29.805,1.24903,1.2492,1.13,1.73
2012.12.18 08:19:29.865,1.24905,1.24921,1.50,1.13
2012.12.18 08:19:30.463,1.24905,1.24923,1.50,1.13
2012.12.18 08:19:31.014,1.24905,1.24922,1.50,1.13
2012.12.18 08:19:31.374,1.24906,1.24924,1.50,3.32
2012.12.18 08:19:32.016,1.24905,1.24924,2.25,2.67
2012.12.18 08:19:32.324,1.24907,1.24924,1.50,2.67
2012.12.18 08:19:32.505,1.24908,1.24924,1.50,2.44
2012.12.18 08:19:32.685,1.24907,1.24925,2.40,1.50
2012.12.18 08:19:32.888,1.24908,1.24925,1.50,1.50
2012.12.18 08:19:33.435,1.24908,1.24927,1.50,3.15
2012.12.18 08:19:33.754,1.24907,1.24925,1.65,1.73
2012.12.18 08:19:34.267,1.24908,1.24926,2.25,1.73
2012.12.18 08:19:34.884,1.24908,1.24926,2.48,1.73
2012.12.18 08:19:41.485,1.24909,1.24926,1.73,1.73
2012.12.18 08:19:42.385,1.2491,1.24925,1.73,1.73
2012.12.18 08:19:45.025,1.24909,1.24926,2.48,1.73
2012.12.18 08:19:45.554,1.2491,1.24926,1.73,1.73
2012.12.18 08:19:46.025,1.2491,1.24925,1.50,1.54
2012.12.18 08:19:46.085,1.24909,1.24925,1.73,1.54
2012.12.18 08:19:46.445,1.24907,1.24924,1.13,1.73
2012.12.18 08:19:46.735,1.24907,1.24924,1.13,1.73
2012.12.18 08:19:47.254,1.24906,1.24922,1.88,1.73
2012.12.18 08:19:48.406,1.24907,1.24924,1.88,1.73
2012.12.18 08:19:48.715,1.24907,1.24924,1.88,2.25
2012.12.18 08:19:49.186,1.24906,1.24922,2.44,1.73
2012.12.18 08:19:49.315,1.24907,1.24924,1.13,1.73
2012.12.18 08:19:52.245,1.24907,1.24922,1.13,1.50
2012.12.18 08:19:52.544,1.24907,1.24922,1.13,1.73
2012.12.18 08:19:53.254,1.24907,1.24924,1.88,2.44
2012.12.18 08:19:53.375,1.24907,1.24924,2.63,1.88
2012.12.18 08:19:54.154,1.24907,1.24924,1.13,1.73
2012.12.18 08:19:54.646,1.24906,1.24924,2.85,3.23
2012.12.18 08:19:55.595,1.24906,1.24924,1.50,3.38
2012.12.18 08:19:55.664,1.24905,1.24921,1.73,1.88
2012.12.18 08:19:55.845,1.24905,1.2492,1.50,1.13
2012.12.18 08:19:55.967,1.24904,1.24919,1.73,1.13
2012.12.18 08:19:56.157,1.24905,1.24921,1.13,1.73
2012.12.18 08:19:56.845,1.24907,1.24924,1.73,1.54
2012.12.18 08:19:56.906,1.24907,1.24925,2.29,2.19
2012.12.18 08:19:57.274,1.24908,1.24924,2.29,1.13
2012.12.18 08:19:57.575,1.24908,1.24924,1.54,1.13
2012.12.18 08:19:58.945,1.24907,1.24924,2.63,1.88
2012.12.18 08:20:03.945,1.24909,1.24926,1.73,1.35
2012.12.18 08:20:04.735,1.24911,1.24928,1.73,1.73
2012.12.18 08:20:05.281,1.24908,1.24927,1.73,3.23
2012.12.18 08:20:13.714,1.24907,1.24926,2.48,2.48
2012.12.18 08:20:17.075,1.24907,1.24924,1.88,1.13
2012.12.18 08:20:17.576,1.24907,1.24923,1.13,1.73
2012.12.18 08:20:18.155,1.24907,1.24924,1.88,2.63
2012.12.18 08:20:18.577,1.24911,1.24927,1.73,1.73
2012.12.18 08:20:18.946,1.24907,1.24924,1.73,1.58
2012.12.18 08:20:19.366,1.24907,1.24924,1.73,3.08
2012.12.18 08:20:23.125,1.24906,1.24923,2.48,1.50
2012.12.18 08:20:26.595,1.24906,1.2492,1.73,1.50
2012.12.18 08:20:26.724,1.24905,1.24922,1.73,1.73
2012.12.18 08:20:26.905,1.24907,1.24922,1.73,1.50
2012.12.18 08:20:27.265,1.24906,1.24922,1.73,1.50
2012.12.18 08:20:27.626,1.24913,1.24926,1.13,1.73
2012.12.18 08:20:28.055,1.24913,1.2493,1.88,1.73
2012.12.18 08:20:28.705,1.24913,1.2493,1.95,1.73
2012.12.18 08:20:29.255,1.24913,1.2493,1.95,1.73
2012.12.18 08:20:29.435,1.24913,1.24928,1.05,1.28
2012.12.18 08:20:29.736,1.24911,1.24923,1.50,1.73
2012.12.18 08:20:29.866,1.24905,1.24921,1.73,1.73
2012.12.18 08:20:30.178,1.24904,1.24921,1.88,3.23
2012.12.18 08:20:38.184,1.24903,1.24919,1.88,1.73
2012.12.18 08:20:41.169,1.24903,1.2492,1.88,1.73
2012.12.18 08:20:41.385,1.24905,1.24921,1.17,3.23
2012.12.18 08:20:41.716,1.24911,1.24924,1.13,1.40
2012.12.18 08:20:41.775,1.24907,1.24925,1.73,3.75
2012.12.18 08:20:42.137,1.24908,1.24924,1.73,1.50
2012.12.18 08:20:42.268,1.24907,1.24926,2.48,2.25
2012.12.18 08:20:42.445,1.24907,1.24926,2.48,1.50
2012.12.18 08:20:42.989,1.24908,1.24926,1.73,1.73
2012.12.18 08:20:43.062,1.24908,1.24926,3.42,1.50
2012.12.18 08:20:43.916,1.24911,1.24927,1.13,1.50
2012.12.18 08:20:44.286,1.24911,1.24927,1.13,1.50
2012.12.18 08:20:44.824,1.24911,1.24927,1.13,1.50
2012.12.18 08:20:45.329,1.24911,1.24927,1.13,1.50
2012.12.18 08:20:50.065,1.24913,1.24926,1.05,2.25
2012.12.18 08:20:50.755,1.24913,1.24924,1.05,1.50
2012.12.18 08:20:51.656,1.24909,1.24923,1.54,2.25
2012.12.18 08:20:51.906,1.24907,1.24923,1.13,1.50
2012.12.18 08:20:52.156,1.24904,1.24922,1.73,1.65
2012.12.18 08:20:52.345,1.24903,1.2492,1.54,1.73
2012.12.18 08:20:54.846,1.24901,1.24921,1.88,1.13
2012.12.18 08:20:58.275,1.24904,1.24921,1.73,1.88
2012.12.18 08:20:59.064,1.24904,1.24921,1.73,1.13
2012.12.18 08:20:59.605,1.24906,1.24922,1.13,1.73
2012.12.18 08:21:01.946,1.24906,1.24923,1.88,1.73
2012.12.18 08:21:02.545,1.24906,1.24922,1.88,2.25
2012.12.18 08:21:02.848,1.24908,1.24925,1.54,1.13
2012.12.18 08:21:03.096,1.24912,1.24927,1.13,1.63
2012.12.18 08:21:03.296,1.24907,1.24926,4.50,1.73
2012.12.18 08:21:03.725,1.24907,1.2492,1.50,1.13
2012.12.18 08:21:04.035,1.24904,1.2492,2.48,1.13
2012.12.18 08:21:04.479,1.24903,1.2492,1.73,1.88
2012.12.18 08:21:04.754,1.24902,1.24919,1.88,1.73
2012.12.18 08:21:05.015,1.24903,1.2492,1.73,2.53
2012.12.18 08:21:08.242,1.24902,1.2492,2.63,1.13
2012.12.18 08:21:11.254,1.24902,1.2492,2.63,1.13
2012.12.18 08:21:12.897,1.24903,1.2492,3.23,1.13
2012.12.18 08:21:12.964,1.24905,1.2492,1.73,1.13
2012.12.18 08:21:13.493,1.24905,1.2492,1.73,1.13
2012.12.18 08:21:14.355,1.24903,1.2492,2.48,1.69
2012.12.18 08:21:14.784,1.24903,1.2492,1.73,1.69
2012.12.18 08:21:15.475,1.24903,1.2492,2.48,1.69
2012.12.18 08:21:15.675,1.24904,1.24921,2.48,1.13
2012.12.18 08:21:15.813,1.24905,1.24921,1.50,1.13
2012.12.18 08:21:15.878,1.24904,1.24921,1.73,1.88
2012.12.18 08:21:16.365,1.24905,1.24921,1.35,1.73
2012.12.18 08:21:16.425,1.24906,1.24923,1.13,2.30
2012.12.18 08:21:16.544,1.24907,1.24924,2.63,1.25
2012.12.18 08:21:17.145,1.24907,1.24925,1.88,1.73
2012.12.18 08:21:17.328,1.24907,1.24926,1.88,1.73
2012.12.18 08:21:19.285,1.24907,1.24926,4.13,1.73
2012.12.18 08:21:19.414,1.24909,1.24927,1.73,2.44
2012.12.18 08:21:20.084,1.24909,1.24928,1.73,1.69
2012.12.18 08:21:20.506,1.24909,1.24928,2.48,2.25
2012.12.18 08:21:21.053,1.24908,1.24928,2.48,3.00
2012.12.18 08:21:22.318,1.24911,1.24928,1.28,1.54
2012.12.18 08:21:22.637,1.24912,1.24928,3.00,1.54
2012.12.18 08:21:22.947,1.24912,1.24928,3.98,1.54
2012.12.18 08:21:23.315,1.24912,1.24928,2.48,1.54
2012.12.18 08:21:23.895,1.24912,1.24928,1.73,1.54
2012.12.18 08:21:24.420,1.24912,1.2493,3.23,1.13
2012.12.18 08:21:24.943,1.24912,1.24928,2.48,1.73
2012.12.18 08:21:25.064,1.24912,1.24928,2.25,1.73
2012.12.18 08:21:27.924,1.24912,1.24929,1.73,2.10
2012.12.18 08:21:31.415,1.24912,1.2493,2.48,2.82
2012.12.18 08:21:31.655,1.24913,1.2493,1.73,1.13
2012.12.18 08:21:33.334,1.24912,1.24929,2.48,2.48
2012.12.18 08:21:33.634,1.24912,1.24929,2.48,1.73
2012.12.18 08:21:34.186,1.24913,1.2493,1.73,1.69
2012.12.18 08:21:35.826,1.24914,1.24933,1.88,2.90
2012.12.18 08:21:36.135,1.24918,1.24937,1.88,3.09
2012.12.18 08:21:36.254,1.24919,1.24937,1.73,2.34
2012.12.18 08:21:37.206,1.24919,1.24934,1.73,1.13
2012.12.18 08:21:37.515,1.24916,1.24933,2.48,1.13
2012.12.18 08:21:37.636,1.24916,1.24933,2.48,1.13
2012.12.18 08:21:38.205,1.24917,1.24933,1.73,1.13
2012.12.18 08:21:38.266,1.24919,1.24934,1.73,1.25
2012.12.18 08:21:38.399,1.24919,1.24936,1.88,1.78
2012.12.18 08:21:38.715,1.2492,1.24936,1.73,1.13
2012.12.18 08:21:39.275,1.2492,1.24938,3.23,1.35
2012.12.18 08:21:39.646,1.2492,1.24939,3.23,1.35
2012.12.18 08:21:39.837,1.24924,1.2494,1.50,2.72
2012.12.18 08:21:43.264,1.24922,1.24939,1.73,1.35
2012.12.18 08:21:43.784,1.24922,1.2494,1.73,1.35
2012.12.18 08:21:44.337,1.24922,1.24938,1.50,1.35
2012.12.18 08:21:47.196,1.24921,1.24937,1.88,1.13
2012.12.18 08:21:47.744,1.24921,1.2494,3.38,1.35
2012.12.18 08:21:49.222,1.24921,1.24939,2.63,1.35
2012.12.18 08:21:49.675,1.2492,1.24937,3.15,1.13
2012.12.18 08:21:50.292,1.2492,1.24937,1.50,1.13
2012.12.18 08:21:50.796,1.24916,1.24932,2.25,3.30
2012.12.18 08:21:51.541,1.24914,1.24932,1.35,2.48
2012.12.18 08:21:51.918,1.24913,1.2493,2.25,2.44
2012.12.18 08:21:52.284,1.24916,1.24931,1.88,3.13
2012.12.18 08:21:54.935,1.24916,1.24932,1.88,1.73
2012.12.18 08:21:55.176,1.24916,1.24933,3.57,1.69
2012.12.18 08:21:55.239,1.24917,1.24934,1.73,1.17
2012.12.18 08:21:55.545,1.24915,1.2493,1.50,1.88
2012.12.18 08:21:59.077,1.24916,1.24932,1.50,1.69
2012.12.18 08:21:59.269,1.24916,1.24933,1.73,2.44
2012.12.18 08:21:59.926,1.24916,1.24933,1.73,2.44
2012.12.18 08:22:05.778,1.24917,1.24934,1.35,1.35
2012.12.18 08:22:06.146,1.24921,1.24936,1.73,1.03
2012.12.18 08:22:06.374,1.24921,1.24938,1.50,2.00
2012.12.18 08:22:06.507,1.24921,1.24938,2.48,1.35
2012.12.18 08:22:15.819,1.24922,1.24941,2.48,2.85
2012.12.18 08:22:16.064,1.24922,1.24941,3.23,2.10
2012.12.18 08:22:21.846,1.24924,1.24943,2.37,2.38
2012.12.18 08:22:21.907,1.24928,1.24943,1.73,1.63
2012.12.18 08:22:21.975,1.24928,1.24944,1.73,1.63
2012.12.18 08:22:22.094,1.24928,1.24944,1.73,1.63
2012.12.18 08:22:22.755,1.24926,1.24943,2.48,1.32
2012.12.18 08:22:22.937,1.24925,1.24942,1.73,1.50
2012.12.18 08:22:23.246,1.24924,1.2494,1.73,1.50
2012.12.18 08:22:23.316,1.24923,1.2494,1.73,1.65
2012.12.18 08:22:23.785,1.24922,1.2494,2.48,1.73
2012.12.18 08:22:26.344,1.24922,1.24939,2.48,1.92
2012.12.18 08:22:26.545,1.24922,1.24936,2.48,1.13
2012.12.18 08:22:28.370,1.24922,1.24936,1.73,1.13
2012.12.18 08:22:29.105,1.2492,1.24934,1.73,1.73
2012.12.18 08:22:29.626,1.24919,1.24934,1.13,1.73
2012.12.18 08:22:30.516,1.24919,1.24935,1.13,2.48
2012.12.18 08:22:31.420,1.24919,1.24935,1.13,2.25
2012.12.18 08:22:31.489,1.24919,1.24936,1.88,2.53
2012.12.18 08:22:32.045,1.24919,1.24936,1.88,1.13
2012.12.18 08:22:40.647,1.24919,1.24931,1.73,1.13
2012.12.18 08:22:40.777,1.24917,1.24931,1.73,1.35
2012.12.18 08:22:41.086,1.24914,1.24929,1.73,1.13
2012.12.18 08:22:44.355,1.24915,1.24931,1.73,1.13
2012.12.18 08:22:44.596,1.24913,1.2493,2.48,1.13
2012.12.18 08:22:45.996,1.24912,1.24929,1.88,1.88
2012.12.18 08:22:50.765,1.24913,1.2493,1.73,1.13
2012.12.18 08:22:55.046,1.24914,1.24929,1.73,1.13
2012.12.18 08:22:55.584,1.24912,1.24929,1.88,1.88
2012.12.18 08:22:55.765,1.24912,1.24927,1.73,1.13
2012.12.18 08:22:57.946,1.24911,1.24927,1.73,1.88
2012.12.18 08:22:58.256,1.24907,1.24923,2.48,1.13
2012.12.18 08:22:58.565,1.24906,1.2492,1.32,1.73
2012.12.18 08:23:00.245,1.24904,1.24921,1.05,2.38
2012.12.18 08:23:00.928,1.24907,1.24921,1.50,2.38
2012.12.18 08:23:01.197,1.24907,1.24923,1.65,2.34
2012.12.18 08:23:01.725,1.24907,1.24923,1.73,1.13
2012.12.18 08:23:03.586,1.24907,1.24923,1.73,1.88
2012.12.18 08:23:03.650,1.24907,1.24923,1.73,1.88
2012.12.18 08:23:03.838,1.24904,1.24923,3.38,3.38
2012.12.18 08:23:04.145,1.24904,1.24918,1.88,1.50
2012.12.18 08:23:04.565,1.24904,1.2492,1.88,1.73
2012.12.18 08:23:06.995,1.24904,1.2492,1.65,1.73
2012.12.18 08:23:07.356,1.24903,1.24918,1.73,1.13
2012.12.18 08:23:07.874,1.24903,1.24918,1.73,1.13
2012.12.18 08:23:08.635,1.24903,1.24917,1.73,3.38
2012.12.18 08:23:08.938,1.24897,1.24913,1.73,3.19
2012.12.18 08:23:09.186,1.24895,1.2491,2.55,1.13
2012.12.18 08:23:09.246,1.24895,1.2491,1.73,1.13
2012.12.18 08:23:09.376,1.24893,1.2491,2.63,1.13
2012.12.18 08:23:10.054,1.24893,1.24909,1.80,1.73
2012.12.18 08:23:12.455,1.24893,1.24909,1.80,1.54
2012.12.18 08:23:13.344,1.24893,1.2491,1.88,1.13
2012.12.18 08:23:20.235,1.24894,1.2491,1.50,1.73
2012.12.18 08:23:20.295,1.24894,1.24911,1.73,2.44
2012.12.18 08:23:21.175,1.24894,1.24911,1.73,1.69
2012.12.18 08:23:21.485,1.24897,1.24912,1.13,1.73
2012.12.18 08:23:21.546,1.24897,1.24914,1.88,2.38
2012.12.18 08:23:22.325,1.249,1.24915,1.50,2.63
2012.12.18 08:23:22.386,1.24899,1.24915,1.73,2.63
2012.12.18 08:23:22.505,1.24899,1.24914,1.73,1.50
2012.12.18 08:23:23.026,1.24897,1.24915,1.92,2.29
2012.12.18 08:23:23.225,1.24896,1.24911,1.50,1.88
2012.12.18 08:23:23.896,1.24896,1.24913,2.10,1.54
2012.12.18 08:23:24.204,1.24901,1.24915,1.13,1.73
2012.12.18 08:23:24.567,1.24901,1.24917,1.13,1.73
2012.12.18 08:23:24.765,1.249,1.24916,1.13,1.73
2012.12.18 08:23:24.886,1.24898,1.24916,1.35,2.48
2012.12.18 08:23:25.329,1.24897,1.24916,2.10,2.48
2012.12.18 08:23:25.815,1.24902,1.24918,1.65,1.63
2012.12.18 08:23:25.936,1.24902,1.24919,1.88,1.78
2012.12.18 08:23:26.556,1.24902,1.24919,1.88,1.13
2012.12.18 08:23:27.065,1.24902,1.24919,1.88,1.88
2012.12.18 08:23:27.638,1.24904,1.24921,2.48,1.92
2012.12.18 08:23:28.096,1.24904,1.24922,2.29,2.34
2012.12.18 08:23:28.155,1.24904,1.24922,2.29,2.12
2012.12.18 08:23:28.457,1.24908,1.24924,1.73,1.73
2012.12.18 08:23:33.979,1.24906,1.24923,1.73,1.73
2012.12.18 08:23:34.045,1.24906,1.24923,1.73,1.73
2012.12.18 08:23:37.126,1.24904,1.24921,1.73,1.35
2012.12.18 08:23:37.376,1.24903,1.24918,1.73,1.13
2012.12.18 08:23:37.896,1.24903,1.24919,1.73,1.35
2012.12.18 08:23:43.015,1.24904,1.24922,1.88,1.13
2012.12.18 08:23:43.198,1.24905,1.24923,2.48,1.13
2012.12.18 08:23:49.120,1.24905,1.24923,1.88,3.04
2012.12.18 08:23:49.366,1.24905,1.24922,1.88,1.88
2012.12.18 08:23:52.806,1.24905,1.24922,1.13,1.88
2012.12.18 08:23:53.756,1.24905,1.24922,1.13,1.88
2012.12.18 08:23:55.075,1.24905,1.24922,1.13,1.88
2012.12.18 08:23:55.196,1.24903,1.24922,3.60,1.88
2012.12.18 08:23:55.688,1.24903,1.24921,1.50,2.67
2012.12.18 08:23:55.755,1.24902,1.24919,1.88,1.13
2012.12.18 08:23:58.008,1.24907,1.24923,2.25,2.38
2012.12.18 08:23:58.436,1.24907,1.24924,1.73,1.73
2012.12.18 08:23:58.566,1.24907,1.24922,1.73,1.73
2012.12.18 08:23:58.688,1.24907,1.24925,1.73,1.88
2012.12.18 08:23:59.345,1.24907,1.24925,1.73,1.88
2012.12.18 08:23:59.686,1.24908,1.24925,1.73,1.88
2012.12.18 08:24:00.391,1.24908,1.24925,1.73,1.13
2012.12.18 08:24:00.935,1.24912,1.24925,1.50,1.13
2012.12.18 08:24:02.696,1.24911,1.24927,1.50,2.67
2012.12.18 08:24:03.236,1.24912,1.24926,1.50,1.13
2012.12.18 08:24:04.696,1.24909,1.24925,1.73,1.13
2012.12.18 08:24:06.786,1.24909,1.24925,1.73,1.13
2012.12.18 08:24:07.124,1.24912,1.24926,1.50,1.13
2012.12.18 08:24:08.726,1.24905,1.24923,1.73,1.73
2012.12.18 08:24:08.786,1.24904,1.24921,2.48,1.47
2012.12.18 08:24:08.916,1.24904,1.2492,1.50,2.63
2012.12.18 08:24:09.378,1.24902,1.2492,1.73,2.63
2012.12.18 08:24:09.675,1.24902,1.2492,1.73,2.63
2012.12.18 08:24:10.846,1.24901,1.2492,2.63,1.88
2012.12.18 08:24:10.904,1.24905,1.24921,1.13,3.13
2012.12.18 08:24:11.273,1.24906,1.24922,1.13,1.40
2012.12.18 08:24:11.867,1.24903,1.24921,1.69,2.63
2012.12.18 08:24:12.188,1.24903,1.24918,1.13,1.50
2012.12.18 08:24:12.647,1.249,1.24916,1.58,1.50
2012.12.18 08:24:12.775,1.249,1.24916,1.35,1.50
2012.12.18 08:24:13.518,1.249,1.24917,1.35,1.55
2012.12.18 08:24:13.593,1.24898,1.24917,1.35,2.30
2012.12.18 08:24:13.839,1.24896,1.24912,3.08,1.73
2012.12.18 08:24:14.045,1.24894,1.24912,2.48,1.73
2012.12.18 08:24:14.719,1.24894,1.24911,1.73,1.50
2012.12.18 08:24:15.156,1.24894,1.24913,2.63,1.80
2012.12.18 08:24:15.215,1.24894,1.24913,2.63,1.50
2012.12.18 08:24:19.547,1.24894,1.24912,2.63,1.73
2012.12.18 08:24:19.734,1.24894,1.24912,2.63,1.73
2012.12.18 08:24:25.526,1.24894,1.24913,1.88,3.13
2012.12.18 08:24:28.904,1.24894,1.24913,1.88,2.48
2012.12.18 08:24:32.605,1.24894,1.2491,1.73,2.10
2012.12.18 08:24:32.667,1.24892,1.24908,1.50,1.73
2012.12.18 08:24:32.736,1.24891,1.24908,2.48,1.73
2012.12.18 08:24:33.370,1.24891,1.24906,1.73,1.73
2012.12.18 08:24:33.852,1.24891,1.24906,1.50,1.73
2012.12.18 08:24:33.977,1.24892,1.24909,1.65,5.15
2012.12.18 08:24:35.086,1.24892,1.24909,1.65,1.88
2012.12.18 08:24:35.876,1.24892,1.24909,1.73,1.13
2012.12.18 08:24:38.106,1.24893,1.24911,2.48,1.77
2012.12.18 08:24:38.615,1.24893,1.24909,1.73,1.13
2012.12.18 08:24:38.928,1.24893,1.24906,1.73,1.17
2012.12.18 08:24:39.295,1.24888,1.24904,1.73,1.13
2012.12.18 08:24:39.474,1.24886,1.24904,2.48,1.88
2012.12.18 08:24:43.396,1.24885,1.24904,4.13,2.44
2012.12.18 08:24:43.816,1.24885,1.24901,1.73,1.35
2012.12.18 08:24:45.116,1.24885,1.24901,1.73,1.35
2012.12.18 08:24:45.508,1.24888,1.24905,1.73,1.03
2012.12.18 08:24:46.125,1.24888,1.24905,1.73,1.03
2012.12.18 08:24:46.664,1.24891,1.24907,1.13,1.63
2012.12.18 08:24:46.849,1.24891,1.24907,1.88,2.38
2012.12.18 08:24:47.394,1.24892,1.24909,1.73,2.82
2012.12.18 08:24:48.278,1.24892,1.24909,1.73,3.75
2012.12.18 08:24:48.868,1.24891,1.24909,1.13,2.90
2012.12.18 08:24:49.175,1.24889,1.24908,2.67,2.48
2012.12.18 08:24:50.507,1.24889,1.24908,2.85,3.13
2012.12.18 08:24:51.484,1.24889,1.24907,2.85,1.63
2012.12.18 08:24:52.062,1.2489,1.24908,1.13,2.90
2012.12.18 08:24:53.145,1.24889,1.24906,2.48,1.13
2012.12.18 08:24:53.327,1.24888,1.24903,1.73,1.13
2012.12.18 08:24:55.516,1.24888,1.24903,1.73,1.88
2012.12.18 08:25:01.905,1.24886,1.24903,2.63,1.88
2012.12.18 08:25:03.646,1.24886,1.24903,2.63,1.13
2012.12.18 08:25:05.758,1.24884,1.24901,3.90,1.35
2012.12.18 08:25:05.826,1.24884,1.24901,3.90,1.35
2012.12.18 08:25:06.339,1.24884,1.24901,1.73,2.10
2012.12.18 08:25:14.266,1.24882,1.24901,1.88,1.69
2012.12.18 08:25:19.684,1.24882,1.249,1.13,2.48
2012.12.18 08:25:21.075,1.24882,1.24898,1.05,1.50
2012.12.18 08:25:21.955,1.24882,1.24898,1.13,1.50
2012.12.18 08:25:22.466,1.24882,1.24901,1.88,2.44
2012.12.18 08:25:22.715,1.24883,1.24901,1.35,2.85
2012.12.18 08:25:23.255,1.24882,1.24898,1.13,1.50
2012.12.18 08:25:25.657,1.24882,1.24898,1.13,1.50
2012.12.18 08:25:28.105,1.24882,1.24898,1.13,1.50
2012.12.18 08:25:32.506,1.24882,1.24899,1.13,1.50
2012.12.18 08:25:32.686,1.24882,1.249,1.13,1.50
2012.12.18 08:25:33.215,1.24883,1.249,1.73,1.50
2012.12.18 08:25:35.385,1.24887,1.24903,1.13,1.50
2012.12.18 08:25:36.247,1.24887,1.249,1.13,1.50
2012.12.18 08:25:36.378,1.24887,1.24899,1.13,1.50
2012.12.18 08:25:36.505,1.24884,1.24899,1.54,1.50
2012.12.18 08:25:37.055,1.24884,1.24897,1.13,2.25
2012.12.18 08:25:38.775,1.24882,1.24899,1.13,3.88
2012.12.18 08:25:41.536,1.24882,1.24899,1.13,3.23
2012.12.18 08:25:46.547,1.24883,1.24898,1.73,1.50
2012.12.18 08:25:46.675,1.24883,1.249,1.73,3.88
2012.12.18 08:25:49.736,1.24884,1.24901,1.73,2.25
2012.12.18 08:25:50.986,1.24882,1.249,1.05,1.73
2012.12.18 08:26:05.259,1.24884,1.249,1.13,1.50
2012.12.18 08:26:05.576,1.24887,1.24903,1.73,1.13
2012.12.18 08:26:06.779,1.24888,1.24905,1.13,2.48
2012.12.18 08:26:07.046,1.2489,1.24907,1.73,1.55
2012.12.18 08:26:08.616,1.2489,1.24908,1.13,2.48
2012.12.18 08:26:09.665,1.2489,1.24905,1.13,1.73
2012.12.18 08:26:09.785,1.2489,1.24905,1.13,1.73
2012.12.18 08:26:09.845,1.2489,1.24906,1.13,2.25
2012.12.18 08:26:10.514,1.2489,1.24907,1.13,1.50
2012.12.18 08:26:10.754,1.2489,1.24908,1.13,3.98
2012.12.18 08:26:10.945,1.24889,1.24908,1.73,3.98
2012.12.18 08:26:12.134,1.24891,1.24907,1.13,2.25
2012.12.18 08:26:12.675,1.24891,1.24906,1.13,1.50
2012.12.18 08:26:13.300,1.24891,1.24907,1.88,2.25
2012.12.18 08:26:14.467,1.24891,1.24907,1.88,1.50
2012.12.18 08:26:15.785,1.24891,1.24907,1.13,1.50
2012.12.18 08:26:23.345,1.24888,1.24905,1.73,2.25
2012.12.18 08:26:23.526,1.24888,1.24904,1.88,2.25
2012.12.18 08:26:24.075,1.24888,1.24905,1.88,4.03
2012.12.18 08:26:24.196,1.24889,1.24905,1.73,1.65
2012.12.18 08:26:26.595,1.2489,1.24907,1.35,1.50
2012.12.18 08:26:30.572,1.24891,1.24908,1.13,1.73
2012.12.18 08:26:32.365,1.2489,1.24907,1.88,2.48
2012.12.18 08:26:34.637,1.24889,1.24906,1.35,1.73
2012.12.18 08:26:35.379,1.2489,1.24908,1.35,2.48
2012.12.18 08:26:36.665,1.24892,1.24905,1.13,1.50
2012.12.18 08:26:37.205,1.24892,1.24907,1.13,2.48
2012.12.18 08:26:40.565,1.24892,1.24907,1.13,1.50
2012.12.18 08:26:41.667,1.24892,1.24907,1.13,1.73
2012.12.18 08:26:44.966,1.24891,1.24905,1.13,1.73
2012.12.18 08:26:45.505,1.24891,1.24905,1.13,1.50
2012.12.18 08:26:47.685,1.24891,1.24905,1.13,1.50
2012.12.18 08:27:03.395,1.24891,1.24908,1.13,1.88
2012.12.18 08:27:04.255,1.24891,1.24908,1.13,1.88
2012.12.18 08:27:06.068,1.24891,1.24905,1.13,1.50
2012.12.18 08:27:06.604,1.24891,1.24907,1.13,1.73
2012.12.18 08:27:08.327,1.24893,1.24908,1.13,1.40
2012.12.18 08:27:08.574,1.24893,1.24908,1.13,1.50
2012.12.18 08:27:12.455,1.24893,1.24908,1.13,1.50
2012.12.18 08:27:12.575,1.24893,1.24908,1.13,1.50
2012.12.18 08:27:15.119,1.24893,1.24909,1.13,3.23
2012.12.18 08:27:16.086,1.24893,1.24909,1.13,2.48
2012.12.18 08:27:16.205,1.24893,1.24909,1.13,2.25
2012.12.18 08:27:19.775,1.24893,1.24908,1.13,1.50
2012.12.18 08:27:19.956,1.24893,1.24908,1.13,2.25
2012.12.18 08:27:20.245,1.24893,1.24908,1.13,1.50
2012.12.18 08:27:22.575,1.24893,1.2491,1.13,1.65
2012.12.18 08:27:22.883,1.24894,1.24911,2.19,1.32
2012.12.18 08:27:23.025,1.24894,1.24909,2.07,2.63
2012.12.18 08:27:23.174,1.24892,1.24907,1.73,2.48
2012.12.18 08:27:23.256,1.24892,1.24907,1.73,2.48
2012.12.18 08:27:23.625,1.24892,1.24907,1.28,1.73
2012.12.18 08:27:23.996,1.24892,1.24909,1.73,2.63
2012.12.18 08:27:24.566,1.24891,1.24909,2.48,2.63
2012.12.18 08:27:25.475,1.24891,1.24907,1.73,1.50
2012.12.18 08:27:25.536,1.24892,1.24907,1.73,1.73
2012.12.18 08:27:26.238,1.24892,1.24906,1.65,1.73
2012.12.18 08:27:26.365,1.24892,1.24906,1.50,1.73
2012.12.18 08:27:26.919,1.24888,1.24904,3.60,2.48
2012.12.18 08:27:28.736,1.24888,1.24904,4.35,1.50
2012.12.18 08:27:41.636,1.24889,1.24905,2.48,1.88
2012.12.18 08:27:48.406,1.24886,1.24903,2.48,1.69
2012.12.18 08:27:48.586,1.24885,1.24901,2.48,1.13
2012.12.18 08:27:49.176,1.24887,1.24903,1.13,1.73
2012.12.18 08:27:49.235,1.24888,1.24904,1.13,3.13
2012.12.18 08:27:51.875,1.24885,1.24902,2.29,1.13
2012.12.18 08:27:52.056,1.24884,1.249,2.10,1.88
2012.12.18 08:27:53.156,1.24887,1.24902,1.13,1.63
2012.12.18 08:27:53.285,1.24889,1.24904,1.13,2.38
2012.12.18 08:27:53.875,1.24889,1.24905,1.13,3.88
2012.12.18 08:27:54.337,1.24888,1.24903,1.13,1.73
2012.12.18 08:27:54.707,1.24888,1.24903,1.13,1.50
2012.12.18 08:27:55.074,1.24888,1.24904,1.13,3.23
2012.12.18 08:27:56.208,1.24885,1.24901,1.35,2.48
2012.12.18 08:28:02.616,1.24881,1.249,2.48,1.13
2012.12.18 08:28:02.808,1.24881,1.249,1.73,2.63
2012.12.18 08:28:02.889,1.24879,1.249,2.29,4.03
2012.12.18 08:28:03.155,1.24878,1.24893,1.13,1.73
2012.12.18 08:28:03.215,1.24877,1.24892,1.50,1.13
2012.12.18 08:28:03.455,1.24876,1.24894,2.85,1.73
2012.12.18 08:28:39.730,1.24875,1.24894,1.88,1.73
2012.12.18 08:28:42.905,1.24875,1.24892,1.13,1.73
2012.12.18 08:28:44.856,1.24876,1.24893,1.73,1.73
2012.12.18 08:28:45.415,1.24875,1.24892,1.13,1.73
2012.12.18 08:28:45.967,1.24875,1.24892,1.13,1.50
2012.12.18 08:28:46.266,1.24876,1.24894,1.73,2.48
2012.12.18 08:28:48.626,1.24882,1.24894,1.54,1.73
2012.12.18 08:28:48.985,1.24882,1.24897,1.54,2.10
2012.12.18 08:28:49.584,1.24882,1.24899,1.54,2.48
2012.12.18 08:28:50.355,1.24879,1.24899,1.54,2.48
2012.12.18 08:28:53.583,1.2488,1.24898,1.54,1.73
2012.12.18 08:28:53.917,1.2488,1.24897,1.54,1.73
2012.12.18 08:28:54.286,1.24877,1.24894,3.04,1.13
2012.12.18 08:28:54.406,1.24876,1.24894,1.88,1.13
2012.12.18 08:28:54.527,1.24879,1.24895,1.35,2.25
2012.12.18 08:28:54.717,1.24881,1.24896,1.13,1.32
2012.12.18 08:28:56.616,1.24881,1.24897,1.13,1.73
2012.12.18 08:28:57.166,1.24881,1.24898,1.88,2.40
2012.12.18 08:28:57.405,1.24881,1.24898,1.13,2.40
2012.12.18 08:28:58.035,1.24881,1.24898,1.13,2.40
2012.12.18 08:28:58.932,1.24881,1.24898,1.88,1.65
2012.12.18 08:28:59.326,1.24885,1.24901,1.13,1.63
2012.12.18 08:28:59.386,1.24886,1.24901,1.13,1.40
2012.12.18 08:29:00.016,1.24886,1.24902,1.13,1.73
2012.12.18 08:29:01.556,1.24886,1.24903,1.88,3.28
2012.12.18 08:29:01.796,1.24887,1.24903,1.13,2.25
2012.12.18 08:29:02.597,1.2489,1.24903,1.35,1.50
2012.12.18 08:29:02.956,1.24891,1.24905,1.73,1.40
2012.12.18 08:29:03.142,1.24888,1.24905,1.13,1.55
2012.12.18 08:29:03.267,1.24886,1.24903,2.07,3.23
2012.12.18 08:29:04.614,1.24885,1.24901,1.13,1.63
2012.12.18 08:29:05.466,1.24885,1.24903,1.88,1.13
2012.12.18 08:29:06.840,1.24885,1.24899,1.13,1.50
2012.12.18 08:29:07.811,1.24885,1.24898,1.13,1.50
2012.12.18 08:29:07.949,1.24884,1.24898,1.13,1.73
2012.12.18 08:29:09.231,1.2488,1.24898,1.13,1.88
2012.12.18 08:29:09.487,1.2488,1.24896,1.13,1.73
2012.12.18 08:29:12.815,1.2488,1.24896,1.35,2.48
2012.12.18 08:29:13.236,1.2488,1.24896,2.03,2.48
2012.12.18 08:29:14.456,1.2488,1.24896,1.35,2.48
2012.12.18 08:29:14.637,1.2488,1.24897,1.35,2.25
2012.12.18 08:29:14.947,1.24884,1.24901,1.13,3.69
2012.12.18 08:29:15.349,1.24882,1.24899,2.48,1.50
2012.12.18 08:29:15.535,1.24882,1.24899,1.73,2.48
2012.12.18 08:29:15.955,1.24882,1.24899,1.13,3.23
2012.12.18 08:29:16.148,1.24882,1.24899,1.88,1.73
2012.12.18 08:29:16.616,1.24882,1.24897,1.88,1.50
2012.12.18 08:29:16.857,1.24879,1.24891,1.13,1.50
2012.12.18 08:29:17.426,1.2487,1.24891,2.44,2.10
2012.12.18 08:29:17.966,1.24872,1.2489,1.17,2.85
2012.12.18 08:29:18.326,1.24872,1.2489,1.17,2.85
2012.12.18 08:29:18.853,1.24872,1.24887,1.17,1.50
2012.12.18 08:29:20.236,1.24872,1.24886,1.17,1.50
2012.12.18 08:29:20.952,1.24871,1.24887,1.35,1.50
2012.12.18 08:29:23.057,1.24871,1.24887,1.35,2.25
2012.12.18 08:29:25.749,1.24871,1.24887,1.35,1.50
2012.12.18 08:29:25.926,1.24871,1.24889,1.35,2.15
2012.12.18 08:29:26.408,1.2487,1.24887,1.73,1.65
2012.12.18 08:29:26.657,1.24868,1.24884,1.13,1.73
2012.12.18 08:29:26.846,1.24869,1.24885,1.13,1.73
2012.12.18 08:29:26.907,1.24867,1.24884,1.54,1.73
2012.12.18 08:29:26.977,1.24867,1.24884,2.47,1.88
2012.12.18 08:29:27.516,1.24873,1.24886,1.35,1.40
2012.12.18 08:29:27.707,1.24876,1.2489,1.13,1.63
2012.12.18 08:29:28.215,1.24876,1.24889,1.13,1.63
2012.12.18 08:29:28.755,1.24876,1.24891,1.13,2.38
2012.12.18 08:29:30.355,1.24876,1.24893,1.13,3.28
2012.12.18 08:29:30.896,1.24876,1.24893,1.88,1.13
2012.12.18 08:29:33.065,1.24877,1.24893,1.73,1.13
2012.12.18 08:29:33.186,1.24877,1.24893,2.48,1.88
2012.12.18 08:29:33.247,1.24877,1.24893,2.33,1.13
2012.12.18 08:29:33.606,1.24876,1.24893,1.13,3.38
2012.12.18 08:29:35.672,1.24873,1.2489,3.83,1.69
2012.12.18 08:29:35.987,1.24871,1.24887,1.50,1.73
2012.12.18 08:29:36.177,1.24873,1.24888,1.05,1.73
2012.12.18 08:29:36.818,1.24872,1.24888,2.03,1.63
2012.12.18 08:29:37.365,1.24872,1.24889,2.10,3.23
2012.12.18 08:29:37.915,1.24872,1.24889,2.10,2.48
2012.12.18 08:29:38.216,1.24878,1.24889,1.13,1.73
2012.12.18 08:29:38.518,1.24876,1.2489,1.13,2.15
2012.12.18 08:29:38.589,1.24876,1.24891,1.13,2.48
2012.12.18 08:29:44.475,1.24875,1.24891,1.13,3.04
2012.12.18 08:29:46.882,1.24875,1.24889,1.13,1.50
2012.12.18 08:29:47.018,1.24875,1.24889,1.13,1.73
2012.12.18 08:29:47.397,1.24875,1.24891,1.13,2.19
2012.12.18 08:29:47.528,1.24877,1.24891,2.63,1.40
2012.12.18 08:29:47.597,1.24879,1.24892,1.73,1.40
2012.12.18 08:29:47.726,1.24878,1.24894,1.73,3.09
2012.12.18 08:29:48.286,1.24877,1.24893,2.10,1.32
2012.12.18 08:29:49.734,1.24877,1.24895,2.10,3.23
2012.12.18 08:29:50.896,1.24877,1.24894,1.35,2.48
2012.12.18 08:29:52.090,1.24875,1.24893,1.13,1.88
2012.12.18 08:29:52.337,1.24874,1.24891,2.10,1.73
2012.12.18 08:29:56.836,1.24874,1.2489,2.10,3.23
2012.12.18 08:29:56.956,1.24874,1.2489,2.10,3.23
2012.12.18 08:30:01.786,1.2487,1.24889,2.48,2.48
2012.12.18 08:30:01.907,1.2487,1.24888,2.25,1.73
2012.12.18 08:30:02.237,1.2487,1.24888,1.73,2.48
2012.12.18 08:30:06.047,1.24873,1.24887,1.35,2.48
2012.12.18 08:30:06.312,1.24875,1.24892,1.13,2.33
2012.12.18 08:30:06.379,1.24876,1.24892,1.73,1.50
2012.12.18 08:30:06.709,1.24876,1.24892,1.65,2.38
2012.12.18 08:30:10.778,1.24876,1.24892,1.73,1.50
2012.12.18 08:30:11.385,1.24876,1.24894,1.73,1.13
2012.12.18 08:30:12.695,1.24876,1.24894,1.73,3.38
2012.12.18 08:30:12.877,1.24875,1.24891,1.88,1.50
2012.12.18 08:30:13.405,1.24875,1.24889,1.65,1.73
2012.12.18 08:30:16.380,1.24875,1.24892,1.88,1.50
2012.12.18 08:30:16.506,1.24875,1.24892,1.88,1.73
2012.12.18 08:30:16.686,1.24876,1.24893,1.73,1.73
2012.12.18 08:30:16.806,1.24876,1.24893,1.73,1.73
2012.12.18 08:30:25.758,1.24874,1.24889,1.73,1.13
2012.12.18 08:30:26.087,1.2487,1.24885,1.73,1.73
2012.12.18 08:30:26.445,1.24869,1.24887,1.35,1.73
2012.12.18 08:30:26.506,1.24874,1.24887,1.35,1.63
2012.12.18 08:30:27.056,1.24871,1.24887,1.35,1.73
2012.12.18 08:30:27.117,1.24871,1.24887,1.13,1.73
2012.12.18 08:30:27.178,1.2487,1.24887,3.38,1.73
2012.12.18 08:30:29.127,1.2487,1.24886,1.13,1.73
2012.12.18 08:30:30.865,1.24867,1.24885,2.10,2.48
2012.12.18 08:30:34.129,1.24871,1.24886,1.13,1.50
2012.12.18 08:30:34.200,1.24873,1.24887,1.35,2.15
2012.12.18 08:30:34.738,1.24871,1.24887,2.07,1.73
2012.12.18 08:30:36.008,1.24871,1.24886,1.50,1.50
2012.12.18 08:30:36.427,1.24867,1.24885,2.78,2.25
2012.12.18 08:30:36.558,1.24867,1.24886,2.63,2.48
2012.12.18 08:30:37.075,1.24867,1.24886,2.63,2.48
2012.12.18 08:30:37.596,1.24868,1.24887,1.88,4.13
2012.12.18 08:30:38.146,1.24867,1.24886,3.38,3.98
2012.12.18 08:30:43.736,1.24868,1.24884,1.13,1.73
2012.12.18 08:30:45.176,1.24868,1.24882,1.13,1.73
2012.12.18 08:30:45.717,1.24868,1.24883,1.88,1.73
2012.12.18 08:30:45.789,1.24868,1.24883,1.88,1.73
2012.12.18 08:30:46.586,1.24868,1.24884,1.13,1.54
2012.12.18 08:30:46.709,1.2487,1.24887,1.88,1.73
2012.12.18 08:30:46.777,1.24872,1.24887,1.13,1.73
2012.12.18 08:30:47.259,1.2487,1.24887,1.13,2.63
2012.12.18 08:30:47.388,1.24869,1.24884,1.88,1.73
2012.12.18 08:30:47.589,1.24868,1.24884,1.13,1.73
2012.12.18 08:30:49.426,1.24867,1.24885,2.67,2.48
2012.12.18 08:30:56.481,1.24867,1.24884,2.10,1.73
2012.12.18 08:30:59.559,1.24867,1.24884,2.10,1.50
2012.12.18 08:31:01.337,1.24867,1.24884,2.10,2.29
2012.12.18 08:31:02.356,1.24866,1.24882,1.73,1.73
2012.12.18 08:31:02.716,1.24867,1.24884,1.73,2.48
2012.12.18 08:31:03.645,1.24867,1.24884,1.73,1.73
2012.12.18 08:31:12.079,1.2487,1.24886,1.35,1.50
2012.12.18 08:31:12.266,1.24874,1.24888,1.73,2.15
2012.12.18 08:31:12.815,1.24874,1.24889,1.73,1.50
2012.12.18 08:31:13.727,1.24871,1.2489,1.73,2.48
2012.12.18 08:31:15.297,1.24871,1.24891,1.88,3.23
2012.12.18 08:31:15.356,1.24871,1.2489,1.88,1.73
2012.12.18 08:31:17.096,1.24873,1.24891,1.73,1.88
2012.12.18 08:31:17.157,1.24873,1.24892,1.73,3.42
2012.12.18 08:31:17.219,1.24875,1.24892,1.13,2.48
2012.12.18 08:31:17.288,1.24875,1.24892,1.13,2.25
2012.12.18 08:31:17.668,1.24877,1.24894,1.73,1.50
2012.12.18 08:31:17.876,1.24876,1.24894,1.88,1.50
2012.12.18 08:31:18.056,1.24876,1.24894,1.88,3.23
2012.12.18 08:31:18.115,1.24876,1.24895,2.63,2.48
2012.12.18 08:31:18.236,1.24876,1.24895,1.88,3.00
2012.12.18 08:31:19.764,1.24877,1.24894,1.73,1.50
2012.12.18 08:31:20.136,1.24876,1.24893,1.13,1.50
2012.12.18 08:31:20.316,1.24876,1.24894,2.63,1.50
2012.12.18 08:31:21.289,1.24876,1.24894,1.88,1.73
2012.12.18 08:31:21.826,1.24876,1.24894,1.13,3.23
2012.12.18 08:31:24.654,1.24876,1.24894,1.13,2.48
2012.12.18 08:31:27.185,1.24876,1.24894,1.13,1.73
2012.12.18 08:31:27.987,1.24876,1.24893,1.13,1.50
2012.12.18 08:31:28.596,1.24876,1.24894,1.13,1.73
2012.12.18 08:31:29.676,1.24876,1.24895,1.88,3.23
2012.12.18 08:31:29.796,1.24876,1.24895,3.60,1.50
2012.12.18 08:31:30.038,1.24884,1.24898,1.13,2.82
2012.12.18 08:31:30.106,1.24884,1.24898,1.13,2.07
2012.12.18 08:31:31.356,1.24884,1.24901,1.13,2.48
2012.12.18 08:31:32.199,1.24888,1.24903,1.13,2.25
2012.12.18 08:31:32.646,1.24888,1.24903,1.88,2.15
2012.12.18 08:31:33.145,1.24888,1.24906,2.63,2.25
2012.12.18 08:31:33.694,1.24888,1.24905,1.88,1.50
2012.12.18 08:31:33.826,1.24888,1.24906,1.73,2.25
2012.12.18 08:31:33.887,1.24888,1.24905,2.48,1.50
2012.12.18 08:31:34.306,1.24894,1.24902,1.35,1.50
2012.12.18 08:31:34.381,1.24891,1.24906,1.35,2.25
2012.12.18 08:31:34.765,1.24891,1.24907,1.13,1.13
2012.12.18 08:31:34.926,1.24891,1.24907,2.10,1.88
2012.12.18 08:31:35.229,1.24889,1.24904,1.88,1.73
2012.12.18 08:31:35.477,1.24889,1.24904,2.10,2.48
2012.12.18 08:31:35.666,1.24889,1.24903,1.13,1.73
2012.12.18 08:31:35.972,1.24887,1.24901,2.07,1.88
2012.12.18 08:31:36.299,1.24886,1.24903,3.42,2.85
2012.12.18 08:31:37.365,1.24884,1.24903,1.73,2.85
2012.12.18 08:31:37.546,1.24884,1.24902,1.73,1.13
2012.12.18 08:31:37.607,1.24885,1.24903,1.73,2.10
2012.12.18 08:31:38.096,1.24886,1.24902,1.73,1.13
2012.12.18 08:31:38.751,1.24886,1.24903,1.65,2.10
2012.12.18 08:31:39.084,1.24889,1.24904,1.09,1.73
2012.12.18 08:31:39.396,1.24887,1.24904,3.15,1.50
2012.12.18 08:31:39.795,1.24889,1.24904,1.13,1.73
2012.12.18 08:31:40.336,1.2489,1.24905,1.13,1.40
2012.12.18 08:31:40.457,1.2489,1.24906,1.13,3.13
2012.12.18 08:31:42.166,1.24887,1.24905,1.50,1.50
2012.12.18 08:31:42.719,1.2489,1.24904,1.50,1.88
2012.12.18 08:31:43.657,1.24889,1.24904,1.73,1.88
2012.12.18 08:31:44.393,1.24886,1.24904,1.13,2.63
2012.12.18 08:31:46.407,1.24887,1.24904,1.50,1.88
2012.12.18 08:31:46.468,1.24889,1.24906,1.73,3.69
2012.12.18 08:31:46.897,1.24887,1.24904,2.25,1.88
2012.12.18 08:31:47.450,1.24886,1.24904,1.13,3.38
2012.12.18 08:31:47.756,1.24886,1.24903,1.65,1.88
2012.12.18 08:31:48.057,1.24886,1.24902,1.47,1.73
2012.12.18 08:31:48.118,1.24886,1.24903,1.69,1.65
2012.12.18 08:31:48.658,1.24887,1.24904,1.73,1.13
2012.12.18 08:31:49.037,1.24885,1.24903,1.88,2.63
2012.12.18 08:31:50.236,1.24885,1.24902,1.13,2.25
2012.12.18 08:31:50.475,1.24886,1.24903,1.69,1.65
2012.12.18 08:31:51.044,1.24886,1.24904,1.69,3.28
2012.12.18 08:31:51.724,1.24886,1.24904,1.69,2.63
2012.12.18 08:31:52.432,1.24886,1.24901,1.32,1.35
2012.12.18 08:31:52.499,1.24885,1.24901,1.54,2.48
2012.12.18 08:31:53.056,1.24884,1.24897,1.35,1.50
2012.12.18 08:31:54.067,1.2488,1.24897,1.69,1.50
2012.12.18 08:31:54.616,1.24879,1.24897,3.00,1.50
2012.12.18 08:31:54.917,1.24879,1.24896,1.54,2.25
2012.12.18 08:31:55.245,1.24877,1.24896,2.78,2.48
2012.12.18 08:31:56.546,1.24877,1.24893,2.78,1.73
2012.12.18 08:31:56.786,1.24875,1.24893,3.23,2.48
2012.12.18 08:31:58.823,1.24876,1.24893,2.10,2.48
2012.12.18 08:31:59.076,1.24879,1.24896,1.35,2.48
2012.12.18 08:31:59.197,1.24878,1.24896,1.54,2.63
2012.12.18 08:31:59.399,1.24878,1.24893,1.32,1.73
2012.12.18 08:31:59.707,1.24877,1.24895,2.10,1.73
2012.12.18 08:32:02.407,1.24876,1.24894,1.69,1.50
2012.12.18 08:32:02.536,1.24874,1.24893,2.85,3.23
2012.12.18 08:32:02.837,1.24874,1.24889,1.50,1.13
2012.12.18 08:32:03.387,1.24874,1.24889,1.50,1.13
2012.12.18 08:32:03.518,1.24874,1.2489,1.35,1.50
2012.12.18 08:32:03.590,1.2487,1.24889,1.73,1.88
2012.12.18 08:32:03.658,1.24871,1.24887,1.73,1.73
2012.12.18 08:32:03.797,1.24871,1.24889,1.73,2.63
2012.12.18 08:32:03.916,1.24871,1.24889,1.73,2.63
2012.12.18 08:32:04.277,1.24875,1.24889,1.13,2.38
2012.12.18 08:32:04.806,1.24873,1.24891,1.73,1.35
2012.12.18 08:32:09.246,1.24873,1.24892,2.48,2.10
2012.12.18 08:32:09.607,1.24875,1.24893,1.13,2.25
2012.12.18 08:32:10.159,1.24876,1.24893,1.73,1.50
2012.12.18 08:32:10.928,1.24876,1.24894,1.73,3.79
2012.12.18 08:32:11.117,1.24876,1.24894,1.73,3.23
2012.12.18 08:32:12.551,1.24875,1.24893,1.13,1.73
2012.12.18 08:32:15.976,1.24875,1.24892,1.88,1.73
2012.12.18 08:32:16.096,1.24875,1.24892,1.13,1.73
2012.12.18 08:32:16.218,1.24873,1.2489,2.48,1.13
2012.12.18 08:32:16.347,1.24873,1.2489,2.48,1.13
2012.12.18 08:32:16.406,1.24873,1.24889,2.48,1.88
2012.12.18 08:32:17.367,1.24869,1.24887,2.22,1.73
2012.12.18 08:32:17.558,1.24867,1.24882,1.13,1.88
2012.12.18 08:32:17.687,1.24865,1.24882,1.73,1.13
2012.12.18 08:32:20.291,1.2487,1.24885,1.95,1.73
2012.12.18 08:32:20.597,1.24876,1.24889,1.13,1.40
2012.12.18 08:32:20.910,1.24876,1.24891,1.13,1.73
2012.12.18 08:32:21.266,1.24876,1.24892,1.13,1.50
2012.12.18 08:32:21.578,1.2488,1.24894,1.13,1.40
2012.12.18 08:32:21.647,1.2488,1.24895,1.13,1.40
2012.12.18 08:32:22.156,1.24882,1.24896,1.73,1.50
2012.12.18 08:32:22.628,1.24882,1.24898,1.73,1.50
2012.12.18 08:32:23.036,1.24882,1.249,1.73,2.78
2012.12.18 08:32:23.545,1.24882,1.24899,1.73,1.65
2012.12.18 08:32:23.986,1.24882,1.24899,1.73,2.40
2012.12.18 08:32:27.315,1.24882,1.24899,1.73,1.65
2012.12.18 08:32:28.586,1.24882,1.249,2.25,1.13
2012.12.18 08:32:28.981,1.24882,1.249,2.48,1.13
2012.12.18 08:32:29.486,1.24882,1.249,1.73,1.88
2012.12.18 08:32:30.336,1.24882,1.249,2.48,1.88
2012.12.18 08:32:32.187,1.24882,1.249,3.60,1.13
2012.12.18 08:32:32.488,1.2489,1.24905,1.73,1.50
2012.12.18 08:32:32.877,1.2489,1.24907,1.73,1.78
2012.12.18 08:32:33.434,1.24887,1.24904,1.54,2.48
2012.12.18 08:32:33.567,1.24887,1.24904,1.73,1.50
2012.12.18 08:32:34.106,1.24891,1.24907,1.73,1.13
2012.12.18 08:32:34.466,1.24891,1.24909,1.73,2.67
2012.12.18 08:32:34.957,1.24888,1.24904,2.10,1.50
2012.12.18 08:32:35.256,1.24885,1.24901,3.04,1.73
2012.12.18 08:32:36.476,1.24883,1.249,1.88,1.73
2012.12.18 08:32:36.821,1.24883,1.24901,1.88,3.00
2012.12.18 08:32:36.886,1.24884,1.24901,1.73,2.25
2012.12.18 08:32:42.866,1.24884,1.24901,1.73,1.50
2012.12.18 08:32:43.285,1.24884,1.24901,1.73,1.50
2012.12.18 08:32:43.349,1.24884,1.24901,1.73,1.73
2012.12.18 08:32:45.153,1.24881,1.24901,2.63,3.98
2012.12.18 08:32:45.936,1.24882,1.24901,1.13,3.98
2012.12.18 08:32:47.555,1.24882,1.249,1.13,1.73
2012.12.18 08:32:48.540,1.24882,1.24901,2.63,3.23
2012.12.18 08:32:49.069,1.24882,1.249,1.88,2.48
2012.12.18 08:32:51.885,1.24881,1.249,2.63,1.73
2012.12.18 08:32:53.429,1.24882,1.249,1.13,1.73
2012.12.18 08:32:53.975,1.24882,1.249,1.13,1.73
2012.12.18 08:33:01.117,1.24885,1.24902,1.88,2.48
2012.12.18 08:33:01.666,1.24885,1.24901,1.88,1.73
2012.12.18 08:33:03.135,1.24885,1.24902,1.13,1.73
2012.12.18 08:33:09.848,1.24884,1.24901,1.73,1.13
2012.12.18 08:33:10.395,1.24884,1.24901,1.73,2.63
2012.12.18 08:33:11.277,1.24884,1.24901,1.65,2.63
2012.12.18 08:33:12.365,1.24884,1.24901,1.73,2.63
2012.12.18 08:33:12.956,1.24884,1.24901,1.73,2.44
2012.12.18 08:33:13.616,1.24884,1.24901,1.73,1.32
2012.12.18 08:33:13.737,1.24891,1.24904,1.73,2.15
2012.12.18 08:33:14.036,1.24891,1.24908,1.35,2.55
2012.12.18 08:33:14.216,1.24889,1.24905,2.03,1.50
2012.12.18 08:33:14.277,1.24889,1.24905,2.25,1.50
2012.12.18 08:33:15.536,1.24889,1.24906,1.13,1.88
2012.12.18 08:33:15.656,1.24889,1.24906,1.88,1.13
2012.12.18 08:33:16.195,1.24888,1.24905,1.13,1.50
2012.12.18 08:33:16.257,1.24888,1.24905,1.13,2.25
2012.12.18 08:33:16.806,1.24888,1.24905,1.13,2.25
2012.12.18 08:33:23.047,1.24889,1.24906,1.13,3.38
2012.12.18 08:33:23.173,1.24891,1.24906,1.73,1.13
2012.12.18 08:33:23.477,1.24894,1.2491,1.13,1.73
2012.12.18 08:33:23.536,1.24894,1.2491,1.13,1.73
2012.12.18 08:33:40.776,1.24898,1.24913,1.73,1.69
2012.12.18 08:33:40.959,1.249,1.24915,1.50,2.38
2012.12.18 08:33:41.147,1.249,1.24915,1.73,2.15
2012.12.18 08:33:41.268,1.24901,1.24915,1.73,1.40
2012.12.18 08:33:41.715,1.24903,1.2492,1.73,1.13
2012.12.18 08:33:42.848,1.24906,1.24923,1.73,2.38
2012.12.18 08:33:42.916,1.24906,1.24923,2.48,2.15
2012.12.18 08:33:43.277,1.24906,1.24923,1.73,1.73
2012.12.18 08:33:43.938,1.24905,1.24923,1.88,2.48
2012.12.18 08:33:44.128,1.24904,1.24922,1.88,1.73
2012.12.18 08:33:44.436,1.24902,1.24916,1.73,1.88
2012.12.18 08:33:44.497,1.24902,1.24916,1.50,1.88
2012.12.18 08:33:44.687,1.24901,1.24916,1.50,1.88
2012.12.18 08:33:44.807,1.24898,1.24916,1.13,2.63
2012.12.18 08:33:45.696,1.24899,1.24916,1.65,1.13
2012.12.18 08:33:46.187,1.24903,1.24917,1.88,1.73
2012.12.18 08:33:46.496,1.24902,1.24919,2.48,2.29
2012.12.18 08:33:46.616,1.24903,1.24919,1.13,2.29
2012.12.18 08:33:47.276,1.24903,1.24919,2.63,1.73
2012.12.18 08:33:47.745,1.24903,1.24921,3.38,1.88
2012.12.18 08:33:48.442,1.24903,1.2492,2.63,1.73
2012.12.18 08:33:48.640,1.24903,1.24917,2.48,1.13
2012.12.18 08:33:48.710,1.24896,1.24907,1.88,2.07
2012.12.18 08:33:48.786,1.24899,1.24907,2.48,2.44
2012.12.18 08:33:48.929,1.24896,1.24908,1.13,1.73
2012.12.18 08:33:49.056,1.24899,1.24909,2.48,1.50
2012.12.18 08:33:49.309,1.24898,1.2491,1.73,1.50
2012.12.18 08:33:49.617,1.24897,1.24911,1.54,1.13
2012.12.18 08:33:49.858,1.24898,1.24914,1.73,2.25
2012.12.18 08:33:50.237,1.24897,1.24913,1.54,1.73
2012.12.18 08:33:50.678,1.24898,1.24913,1.54,1.50
2012.12.18 08:33:50.957,1.24898,1.24913,2.29,1.73
2012.12.18 08:33:51.327,1.24901,1.24912,1.73,1.50
2012.12.18 08:33:51.447,1.24899,1.24914,2.63,1.73
2012.12.18 08:33:51.507,1.24899,1.24914,1.13,1.73
2012.12.18 08:33:53.853,1.24899,1.24914,1.13,3.13
2012.12.18 08:33:54.428,1.24899,1.24914,1.13,2.48
2012.12.18 08:33:55.836,1.24899,1.24913,1.13,1.73
2012.12.18 08:33:56.386,1.24899,1.24913,1.13,1.28
2012.12.18 08:33:56.913,1.24899,1.24913,1.13,1.28
2012.12.18 08:33:57.220,1.249,1.24913,1.65,1.28
2012.12.18 08:33:57.737,1.24899,1.24913,1.13,1.50
2012.12.18 08:34:00.547,1.24899,1.24912,1.13,1.50
2012.12.18 08:34:00.870,1.24901,1.24913,1.13,1.50
2012.12.18 08:34:01.426,1.249,1.24917,1.13,2.55
2012.12.18 08:34:03.495,1.24901,1.24917,1.13,1.73
2012.12.18 08:34:04.396,1.24899,1.24916,1.73,2.48
2012.12.18 08:34:05.455,1.24898,1.24917,2.85,4.13
2012.12.18 08:34:06.657,1.24898,1.24916,2.48,1.13
2012.12.18 08:34:06.791,1.24898,1.24916,2.25,3.28
2012.12.18 08:34:07.967,1.24896,1.24911,1.13,1.73
2012.12.18 08:34:08.277,1.24895,1.24913,1.35,1.73
2012.12.18 08:34:08.337,1.24896,1.24913,1.13,1.73
2012.12.18 08:34:09.316,1.24896,1.24914,1.13,3.04
2012.12.18 08:34:09.636,1.24899,1.24914,1.13,1.73
2012.12.18 08:34:09.996,1.24897,1.2491,3.38,1.32
2012.12.18 08:34:10.177,1.24896,1.2491,1.50,1.54
2012.12.18 08:34:10.299,1.24893,1.24911,3.23,1.35
2012.12.18 08:34:10.368,1.24893,1.24911,3.23,1.35
2012.12.18 08:34:10.857,1.24895,1.24913,2.10,1.73
2012.12.18 08:34:10.934,1.24898,1.24914,1.35,1.63
2012.12.18 08:34:11.468,1.24899,1.24916,1.13,3.04
2012.12.18 08:34:16.107,1.24901,1.24916,1.50,1.73
2012.12.18 08:34:16.660,1.24901,1.24918,2.48,1.88
2012.12.18 08:34:17.501,1.24902,1.24919,1.73,2.10
2012.12.18 08:34:19.437,1.24902,1.24919,1.73,1.88
2012.12.18 08:34:24.603,1.249,1.24917,1.13,1.50
2012.12.18 08:34:24.947,1.24899,1.24914,1.65,1.73
2012.12.18 08:34:26.929,1.24899,1.24914,1.50,1.73
2012.12.18 08:34:28.316,1.24899,1.24914,1.50,1.73
2012.12.18 08:34:28.701,1.24899,1.24914,1.88,1.73
2012.12.18 08:34:28.947,1.249,1.24918,1.28,3.13
2012.12.18 08:34:45.127,1.24902,1.2492,1.13,1.73
2012.12.18 08:34:49.408,1.24902,1.24918,1.35,1.73
2012.12.18 08:34:49.477,1.24906,1.24918,1.50,1.73
2012.12.18 08:34:49.776,1.2491,1.24924,1.13,2.45
2012.12.18 08:34:50.276,1.2491,1.24927,2.10,2.48
2012.12.18 08:34:50.636,1.24913,1.2493,1.50,2.48
2012.12.18 08:34:51.446,1.24912,1.24928,1.88,1.73
2012.12.18 08:34:51.997,1.24912,1.24928,1.13,3.23
2012.12.18 08:34:52.506,1.24911,1.24926,1.13,2.25
2012.12.18 08:34:52.627,1.24909,1.24926,1.13,2.48
2012.12.18 08:34:55.047,1.24909,1.24923,1.17,1.50
2012.12.18 08:34:55.597,1.24908,1.24924,1.69,2.48
2012.12.18 08:34:56.950,1.24907,1.24923,1.13,3.23
2012.12.18 08:34:57.019,1.24906,1.24923,1.65,3.88
2012.12.18 08:35:03.397,1.24907,1.24923,1.88,1.63
2012.12.18 08:35:04.816,1.24907,1.24924,1.80,1.88
2012.12.18 08:35:05.996,1.24908,1.24924,1.54,1.88
2012.12.18 08:35:06.055,1.24909,1.24923,1.47,1.73
2012.12.18 08:35:06.599,1.24909,1.24925,1.69,1.50
2012.12.18 08:35:07.228,1.24909,1.24924,1.54,1.50
2012.12.18 08:35:07.418,1.24908,1.24925,1.73,1.32
2012.12.18 08:35:07.486,1.24908,1.24925,1.73,1.32
2012.12.18 08:35:07.796,1.24907,1.24922,2.25,1.73
2012.12.18 08:35:08.297,1.24907,1.2492,1.88,1.73
2012.12.18 08:35:08.417,1.24907,1.2492,1.50,1.73
2012.12.18 08:35:09.898,1.24907,1.2492,1.73,1.73
2012.12.18 08:35:11.596,1.24907,1.24924,1.73,2.48
2012.12.18 08:35:13.329,1.24906,1.24924,1.73,2.48
2012.12.18 08:35:13.735,1.24905,1.24924,1.73,2.48
2012.12.18 08:35:18.147,1.24903,1.24922,1.88,1.73
2012.12.18 08:35:18.526,1.24909,1.24924,1.73,1.73
2012.12.18 08:35:20.155,1.24909,1.24925,1.73,3.88
2012.12.18 08:35:26.085,1.24906,1.24924,1.88,1.50
2012.12.18 08:35:26.277,1.24906,1.24924,1.13,1.73
2012.12.18 08:35:27.871,1.24906,1.24925,1.13,3.28
2012.12.18 08:35:30.358,1.24907,1.24924,1.73,1.40
2012.12.18 08:35:31.360,1.24907,1.24925,1.73,1.13
2012.12.18 08:35:31.796,1.24906,1.24926,1.95,3.88
2012.12.18 08:35:32.158,1.24906,1.24924,1.95,1.73
2012.12.18 08:35:32.606,1.24906,1.24924,1.58,1.35
2012.12.18 08:35:33.416,1.24906,1.24923,2.48,1.32
2012.12.18 08:35:33.657,1.24904,1.2492,1.69,1.73
2012.12.18 08:35:33.715,1.24904,1.24923,2.44,2.63
2012.12.18 08:35:34.076,1.24907,1.24924,1.73,1.13
2012.12.18 08:35:36.256,1.24906,1.24924,1.73,2.75
2012.12.18 08:35:44.057,1.24907,1.24924,1.73,1.13
2012.12.18 08:35:44.437,1.24908,1.24925,1.13,2.48
2012.12.18 08:35:47.239,1.24906,1.24923,2.29,1.50
2012.12.18 08:35:47.309,1.24906,1.24923,1.54,3.00
2012.12.18 08:35:47.557,1.24906,1.24922,1.54,1.73
2012.12.18 08:35:48.436,1.24906,1.24922,2.29,1.73
2012.12.18 08:35:48.967,1.24906,1.24918,2.07,1.13
2012.12.18 08:35:49.206,1.24906,1.24921,1.50,1.35
2012.12.18 08:35:49.358,1.24906,1.24922,1.50,1.73
2012.12.18 08:35:49.887,1.24906,1.24922,1.50,1.73
2012.12.18 08:35:54.136,1.24906,1.24923,1.50,2.48
2012.12.18 08:35:55.316,1.24906,1.24923,1.88,2.48
2012.12.18 08:35:55.497,1.2491,1.24923,1.35,1.73
2012.12.18 08:35:55.675,1.24908,1.24923,1.13,1.73
2012.12.18 08:35:55.857,1.24911,1.24925,1.50,1.88
2012.12.18 08:35:55.978,1.24911,1.24925,1.50,1.88
2012.12.18 08:35:56.846,1.24911,1.24925,1.73,1.13
2012.12.18 08:35:58.690,1.24911,1.24925,1.50,1.13
2012.12.18 08:36:06.536,1.24907,1.24925,1.54,1.73
2012.12.18 08:36:07.067,1.24907,1.24925,1.54,1.73
2012.12.18 08:36:07.426,1.24906,1.24922,1.69,2.48
2012.12.18 08:36:08.987,1.24901,1.24919,3.19,1.73
2012.12.18 08:36:09.178,1.24901,1.24919,3.04,2.48
2012.12.18 08:36:10.826,1.24896,1.24915,2.67,3.23
2012.12.18 08:36:11.498,1.24896,1.24915,3.04,2.48
2012.12.18 08:36:12.046,1.24901,1.24916,1.73,1.73
2012.12.18 08:36:12.555,1.24901,1.24918,1.73,1.73
2012.12.18 08:36:13.619,1.24901,1.24921,1.73,1.48
2012.12.18 08:36:13.746,1.24909,1.24922,1.54,2.98
2012.12.18 08:36:13.926,1.24907,1.24922,1.35,2.25
2012.12.18 08:36:13.987,1.24907,1.24922,1.35,1.73
2012.12.18 08:36:14.286,1.24906,1.24923,2.48,2.48
2012.12.18 08:36:14.346,1.24906,1.24923,1.73,3.13
2012.12.18 08:36:14.907,1.24906,1.24922,1.73,1.73
2012.12.18 08:36:16.162,1.24906,1.24922,1.73,1.73
2012.12.18 08:36:18.399,1.24903,1.24919,2.40,1.65
2012.12.18 08:36:18.706,1.24903,1.24919,1.50,1.88
2012.12.18 08:36:25.836,1.24906,1.24919,1.32,1.88
2012.12.18 08:36:26.198,1.24906,1.24922,3.04,2.33
2012.12.18 08:36:26.268,1.24906,1.24922,2.48,2.48
2012.12.18 08:36:26.798,1.24906,1.2492,1.73,1.50
2012.12.18 08:36:26.867,1.24906,1.2492,1.73,2.40
2012.12.18 08:36:26.927,1.24906,1.2492,1.50,2.63
2012.12.18 08:36:30.008,1.24902,1.24918,1.73,1.73
2012.12.18 08:36:33.296,1.24902,1.24917,1.73,2.48
2012.12.18 08:36:34.256,1.24902,1.24917,1.73,2.48
2012.12.18 08:36:34.318,1.24902,1.24917,1.73,1.73
2012.12.18 08:36:34.447,1.24902,1.24919,2.48,1.73
2012.12.18 08:36:35.347,1.24903,1.2492,1.73,1.88
2012.12.18 08:36:40.478,1.24903,1.2492,1.73,1.13
2012.12.18 08:36:42.186,1.24903,1.24921,1.88,1.13
2012.12.18 08:36:50.845,1.24903,1.24921,1.88,1.13
2012.12.18 08:36:51.207,1.24907,1.24923,1.88,1.50
2012.12.18 08:36:51.276,1.24909,1.24926,1.73,2.07
2012.12.18 08:36:51.996,1.24907,1.24926,2.44,1.50
2012.12.18 08:36:55.727,1.24907,1.24925,2.29,2.10
2012.12.18 08:36:56.028,1.24904,1.24921,1.73,2.10
2012.12.18 08:36:56.227,1.24902,1.2492,1.73,1.73
2012.12.18 08:36:58.757,1.24901,1.24919,1.73,1.73
2012.12.18 08:36:59.456,1.24901,1.24918,1.73,1.73
2012.12.18 08:36:59.757,1.24901,1.24916,1.73,1.50
2012.12.18 08:37:00.297,1.24902,1.24918,1.13,1.50
2012.12.18 08:37:00.866,1.24905,1.2492,1.73,1.65
2012.12.18 08:37:00.926,1.24905,1.24921,1.73,1.88
2012.12.18 08:37:03.811,1.24904,1.2492,1.73,1.50
2012.12.18 08:37:03.876,1.24904,1.2492,1.73,1.73
2012.12.18 08:37:18.819,1.24904,1.24919,1.13,1.50
2012.12.18 08:37:19.009,1.24904,1.2492,1.13,1.50
2012.12.18 08:37:19.228,1.24905,1.24922,1.73,3.94
2012.12.18 08:37:23.059,1.24904,1.24921,1.73,1.73
2012.12.18 08:37:23.186,1.24903,1.24921,2.48,1.73
2012.12.18 08:37:23.246,1.24903,1.24921,2.48,1.73
2012.12.18 08:37:27.853,1.249,1.24918,2.48,1.73
2012.12.18 08:37:29.876,1.249,1.24917,1.73,1.50
2012.12.18 08:37:30.187,1.249,1.24917,1.73,2.25
2012.12.18 08:37:30.738,1.249,1.24916,1.73,1.50
2012.12.18 08:37:31.541,1.249,1.24916,1.73,1.88
2012.12.18 08:37:32.096,1.24898,1.24914,2.48,1.13
2012.12.18 08:37:32.339,1.24894,1.24909,1.73,1.13
2012.12.18 08:37:32.867,1.24894,1.24911,2.48,2.10
2012.12.18 08:37:34.386,1.24894,1.24911,2.48,1.35
2012.12.18 08:37:35.878,1.24893,1.2491,1.73,1.13
2012.12.18 08:37:36.068,1.24892,1.24908,1.73,1.50
2012.12.18 08:37:37.106,1.24891,1.2491,3.04,2.38
2012.12.18 08:37:37.346,1.24892,1.24911,1.54,2.25
2012.12.18 08:37:37.931,1.24892,1.24911,2.29,1.50
2012.12.18 08:37:38.756,1.24891,1.2491,1.13,1.13
2012.12.18 08:37:41.746,1.24892,1.24911,1.73,1.78
2012.12.18 08:37:43.663,1.24894,1.24911,1.13,2.25
2012.12.18 08:37:43.788,1.24892,1.24911,2.10,1.50
2012.12.18 08:37:44.110,1.24897,1.24914,1.73,2.72
2012.12.18 08:37:50.518,1.24897,1.24915,1.73,1.13
2012.12.18 08:37:50.647,1.24895,1.24913,3.19,1.50
2012.12.18 08:37:51.186,1.24895,1.24914,3.19,1.50
2012.12.18 08:37:53.785,1.24898,1.24915,1.73,1.50
2012.12.18 08:37:54.326,1.24898,1.24915,1.65,1.50
2012.12.18 08:37:55.107,1.24898,1.24915,1.73,1.50
2012.12.18 08:37:59.016,1.24896,1.24915,2.44,1.50
2012.12.18 08:37:59.545,1.24898,1.24916,1.35,2.25
2012.12.18 08:37:59.605,1.24898,1.24916,1.35,1.50
2012.12.18 08:38:00.102,1.24898,1.24916,2.10,1.40
2012.12.18 08:38:00.646,1.24898,1.24916,1.35,2.15
2012.12.18 08:38:01.198,1.24902,1.24917,1.73,1.65
2012.12.18 08:38:01.457,1.24902,1.2492,1.13,1.40
2012.12.18 08:38:01.997,1.24902,1.24921,1.13,3.65
2012.12.18 08:38:06.756,1.24904,1.24921,1.73,2.25
2012.12.18 08:38:08.307,1.24904,1.24921,1.73,1.50
2012.12.18 08:38:08.848,1.24904,1.24921,1.73,1.50
2012.12.18 08:38:09.597,1.24904,1.24921,1.73,1.50
2012.12.18 08:38:10.118,1.24904,1.24921,1.73,1.50
2012.12.18 08:38:10.428,1.24904,1.24921,1.73,1.50
2012.12.18 08:38:12.936,1.24909,1.24921,1.54,1.40
2012.12.18 08:38:13.246,1.24909,1.24921,1.54,1.50
2012.12.18 08:38:13.427,1.24909,1.24921,1.54,1.50
2012.12.18 08:38:13.548,1.24909,1.24923,1.32,2.25
2012.12.18 08:38:14.056,1.24909,1.24922,1.54,1.50
2012.12.18 08:38:14.606,1.24909,1.24922,1.54,1.50
2012.12.18 08:38:14.917,1.24909,1.24923,1.54,1.50
2012.12.18 08:38:15.577,1.24909,1.24923,1.54,1.50
2012.12.18 08:38:16.137,1.24909,1.24925,2.29,1.50
2012.12.18 08:38:16.498,1.24906,1.24922,2.89,1.13
2012.12.18 08:38:16.556,1.24906,1.24922,1.35,1.13
2012.12.18 08:38:17.154,1.24903,1.24921,3.49,1.05
2012.12.18 08:38:17.217,1.24903,1.2492,2.74,1.05
2012.12.18 08:38:17.357,1.24904,1.24921,1.43,1.80
2012.12.18 08:38:18.949,1.24903,1.2492,1.24,2.15
2012.12.18 08:38:20.460,1.24902,1.2492,2.14,1.70
2012.12.18 08:38:21.072,1.24902,1.2492,1.92,1.80
2012.12.18 08:38:21.621,1.24903,1.2492,1.20,1.50
2012.12.18 08:38:25.037,1.24908,1.24921,1.54,2.15
2012.12.18 08:38:25.218,1.24905,1.24921,1.69,1.40
2012.12.18 08:38:25.526,1.24903,1.24921,1.95,3.38
2012.12.18 08:38:29.426,1.24903,1.2492,1.02,1.50
2012.12.18 08:38:30.062,1.24904,1.24921,1.02,3.38
2012.12.18 08:38:30.677,1.24903,1.24918,1.77,1.13
2012.12.18 08:38:30.856,1.24901,1.24918,1.13,1.88
2012.12.18 08:38:30.979,1.24901,1.24917,1.13,1.13
2012.12.18 08:38:31.107,1.24899,1.24917,1.73,2.63
2012.12.18 08:38:31.409,1.24899,1.24916,1.73,1.55
2012.12.18 08:38:31.957,1.249,1.24918,1.73,1.88
2012.12.18 08:38:36.458,1.24903,1.24919,1.13,3.13
2012.12.18 08:38:37.076,1.24903,1.24919,1.13,2.15
2012.12.18 08:38:37.458,1.24901,1.24918,1.73,1.69
2012.12.18 08:38:37.637,1.24899,1.24916,3.23,1.13
2012.12.18 08:38:40.937,1.24899,1.24917,3.23,1.13
2012.12.18 08:38:41.277,1.24899,1.24918,3.98,2.48
2012.12.18 08:38:41.408,1.24901,1.24919,3.98,1.40
2012.12.18 08:38:41.917,1.24904,1.24922,1.73,2.44
2012.12.18 08:38:42.472,1.24903,1.24921,3.23,1.13
2012.12.18 08:38:43.019,1.24903,1.24921,2.48,1.13
2012.12.18 08:38:43.798,1.24903,1.24921,2.48,1.13
2012.12.18 08:38:44.340,1.24906,1.24923,1.73,1.92
2012.12.18 08:38:47.341,1.24904,1.24921,3.23,1.13
2012.12.18 08:38:47.897,1.24904,1.2492,1.73,1.13
2012.12.18 08:38:48.491,1.24902,1.24918,1.50,1.35
2012.12.18 08:38:49.025,1.249,1.24916,1.32,1.35
2012.12.18 08:38:49.556,1.249,1.24917,2.07,2.10
2012.12.18 08:38:51.420,1.24899,1.24916,1.73,1.35
2012.12.18 08:38:53.036,1.24899,1.24916,2.48,1.35
2012.12.18 08:38:53.802,1.24899,1.24916,2.25,1.35
2012.12.18 08:38:55.626,1.24899,1.24917,1.50,2.10
2012.12.18 08:38:56.170,1.249,1.24916,1.50,1.25
2012.12.18 08:38:56.977,1.24901,1.24916,2.25,1.25
2012.12.18 08:38:57.039,1.24901,1.24918,2.25,1.70
2012.12.18 08:38:57.109,1.24903,1.24919,1.50,2.27
2012.12.18 08:38:57.177,1.24904,1.24919,2.25,2.19
2012.12.18 08:38:57.249,1.24906,1.24919,1.50,2.19
2012.12.18 08:38:57.618,1.24906,1.24921,1.50,1.03
2012.12.18 08:39:00.311,1.24906,1.24923,1.50,2.10
2012.12.18 08:39:04.328,1.24905,1.24921,2.25,1.13
2012.12.18 08:39:05.746,1.24905,1.24921,1.50,1.13
2012.12.18 08:39:07.978,1.24905,1.24924,3.19,2.38
2012.12.18 08:39:08.047,1.24905,1.24924,3.04,2.53
2012.12.18 08:39:08.295,1.24905,1.24924,3.04,2.38
2012.12.18 08:39:08.536,1.24905,1.24924,3.79,1.13
2012.12.18 08:39:11.807,1.24905,1.24924,3.23,1.13
2012.12.18 08:39:16.811,1.24906,1.24923,1.50,2.48
2012.12.18 08:39:17.136,1.24905,1.24921,2.48,2.10
2012.12.18 08:39:17.316,1.24905,1.24921,2.48,2.10
2012.12.18 08:39:17.799,1.24901,1.2492,3.75,1.73
2012.12.18 08:39:18.746,1.24901,1.2492,3.75,1.73
2012.12.18 08:39:25.161,1.24904,1.24921,1.73,3.60
2012.12.18 08:39:28.646,1.24909,1.2492,1.32,1.63
2012.12.18 08:39:28.706,1.24909,1.2492,1.32,2.38
2012.12.18 08:39:28.886,1.24906,1.2492,2.29,2.15
2012.12.18 08:39:29.007,1.24905,1.2492,1.35,1.63
2012.12.18 08:39:29.518,1.24903,1.2492,1.54,1.73
2012.12.18 08:39:33.951,1.24905,1.24921,1.73,2.38
2012.12.18 08:39:34.876,1.24905,1.24922,1.73,2.10
2012.12.18 08:39:35.216,1.24905,1.24922,1.73,2.10
2012.12.18 08:39:37.216,1.24905,1.24922,1.73,2.10
2012.12.18 08:39:37.777,1.249,1.24917,1.73,1.65
2012.12.18 08:39:38.928,1.24903,1.24921,1.50,2.67
2012.12.18 08:39:40.536,1.24903,1.24921,1.73,2.10
2012.12.18 08:39:41.866,1.24905,1.24922,1.50,2.63
2012.12.18 08:39:51.998,1.24903,1.24921,1.13,1.73
2012.12.18 08:40:08.167,1.24906,1.24922,1.73,1.13
2012.12.18 08:40:08.609,1.24908,1.24923,1.73,1.35
2012.12.18 08:40:09.172,1.24908,1.24924,1.73,1.35
2012.12.18 08:40:09.416,1.24906,1.24925,2.48,2.85
2012.12.18 08:40:10.234,1.24906,1.24925,2.48,2.85
2012.12.18 08:40:11.217,1.24906,1.24925,1.73,2.85
2012.12.18 08:40:11.987,1.24906,1.24925,1.73,2.85
2012.12.18 08:40:12.106,1.24906,1.24925,1.73,2.85
2012.12.18 08:40:12.665,1.24906,1.24925,1.73,2.63
2012.12.18 08:40:15.197,1.24909,1.24926,1.73,1.73
2012.12.18 08:40:15.560,1.24908,1.24925,1.73,2.44
2012.12.18 08:40:15.762,1.24908,1.24925,1.73,3.42
2012.12.18 08:40:15.956,1.24908,1.24922,2.10,1.50
2012.12.18 08:40:16.527,1.24905,1.24923,1.65,1.88
2012.12.18 08:40:17.031,1.24905,1.24923,1.73,1.13
2012.12.18 08:40:18.257,1.24909,1.24925,1.73,3.50
2012.12.18 08:40:21.507,1.24908,1.24924,1.65,2.63
2012.12.18 08:40:22.623,1.24908,1.24924,1.73,2.40
2012.12.18 08:40:23.207,1.24908,1.24923,1.73,1.13
2012.12.18 08:40:25.447,1.24908,1.24923,1.73,1.88
2012.12.18 08:40:25.688,1.24909,1.24926,1.69,2.25
2012.12.18 08:40:25.937,1.24915,1.24927,1.54,2.15
2012.12.18 08:40:26.237,1.24914,1.24925,1.58,2.63
2012.12.18 08:40:26.297,1.24909,1.24925,1.73,2.63
2012.12.18 08:40:26.836,1.24908,1.24924,1.73,1.73
2012.12.18 08:40:27.730,1.24908,1.24924,1.73,1.73
2012.12.18 08:40:28.682,1.24908,1.24924,1.73,2.10
2012.12.18 08:40:31.117,1.24907,1.24923,1.50,2.44
2012.12.18 08:40:31.177,1.24907,1.24922,1.73,1.17
2012.12.18 08:40:31.416,1.24906,1.24918,2.48,1.35
2012.12.18 08:40:36.042,1.24903,1.24919,1.73,1.13
2012.12.18 08:40:36.654,1.24902,1.24919,1.73,1.13
2012.12.18 08:40:36.721,1.24902,1.2492,1.73,1.50
2012.12.18 08:40:37.235,1.24903,1.2492,2.40,1.50
2012.12.18 08:40:37.998,1.24903,1.2492,3.23,1.73
2012.12.18 08:40:38.187,1.24902,1.24919,2.48,2.25
2012.12.18 08:40:38.372,1.24901,1.24918,1.54,1.73
2012.12.18 08:40:38.438,1.24899,1.24918,2.33,2.10
2012.12.18 08:40:38.557,1.24898,1.24917,3.23,1.88
2012.12.18 08:40:39.358,1.249,1.24917,1.13,2.40
2012.12.18 08:40:39.492,1.24903,1.24918,1.35,1.50
2012.12.18 08:40:39.798,1.24902,1.24918,2.13,1.50
2012.12.18 08:40:39.916,1.24902,1.24921,3.48,1.78
2012.12.18 08:40:42.397,1.24909,1.24924,1.54,2.85
2012.12.18 08:40:42.539,1.24908,1.24923,1.36,1.13
2012.12.18 08:40:42.667,1.24908,1.24924,1.73,1.13
2012.12.18 08:40:46.097,1.24905,1.24922,1.73,1.88
2012.12.18 08:40:46.637,1.24905,1.24922,1.73,1.88
2012.12.18 08:40:46.878,1.24908,1.24922,1.54,1.13
2012.12.18 08:40:47.427,1.24905,1.24922,3.23,1.65
2012.12.18 08:40:47.968,1.2491,1.24924,1.73,1.13
2012.12.18 08:40:49.107,1.2491,1.24926,1.73,1.65
2012.12.18 08:40:49.168,1.2491,1.24926,1.73,1.65
2012.12.18 08:40:55.916,1.2491,1.24927,1.73,1.88
2012.12.18 08:40:56.217,1.24909,1.24925,1.13,2.48
2012.12.18 08:40:56.517,1.2491,1.24926,1.73,1.65
2012.12.18 08:40:57.289,1.2491,1.24927,1.73,1.88
2012.12.18 08:40:57.791,1.24909,1.24925,1.88,1.73
2012.12.18 08:41:05.747,1.24909,1.24925,1.73,1.35
2012.12.18 08:41:05.869,1.24909,1.24925,1.73,1.13
2012.12.18 08:41:06.416,1.24909,1.24924,1.73,1.13
2012.12.18 08:41:09.617,1.24909,1.24926,1.73,1.54
2012.12.18 08:41:09.798,1.24912,1.24928,1.73,1.47
2012.12.18 08:41:10.398,1.2491,1.24927,1.73,1.47
2012.12.18 08:41:10.458,1.2491,1.24927,1.73,1.69
2012.12.18 08:41:10.965,1.24907,1.24926,2.63,1.73
2012.12.18 08:41:12.350,1.24908,1.24927,1.73,3.19
2012.12.18 08:41:13.627,1.24908,1.24927,1.73,2.44
2012.12.18 08:41:20.778,1.24911,1.24928,1.73,2.42
2012.12.18 08:41:20.851,1.24912,1.24928,1.73,1.95
2012.12.18 08:41:21.379,1.24913,1.2493,1.73,1.13
2012.12.18 08:41:21.447,1.24913,1.2493,1.73,1.88
2012.12.18 08:41:25.327,1.24917,1.24933,1.73,1.92
2012.12.18 08:41:26.001,1.24917,1.24933,1.73,2.67
2012.12.18 08:41:26.746,1.24917,1.24932,1.73,1.13
2012.12.18 08:41:26.868,1.24918,1.24933,1.13,1.73
2012.12.18 08:41:26.998,1.24918,1.24936,1.88,2.15
2012.12.18 08:41:27.359,1.24923,1.24937,2.48,1.63
2012.12.18 08:41:27.744,1.24924,1.24942,2.48,2.38
2012.12.18 08:41:28.049,1.24924,1.24941,1.73,1.63
2012.12.18 08:41:28.583,1.24925,1.24942,2.40,1.88
2012.12.18 08:41:29.247,1.24925,1.24942,1.65,1.78
2012.12.18 08:41:29.909,1.24923,1.24942,2.48,1.13
2012.12.18 08:41:30.437,1.24923,1.24942,1.65,1.78
2012.12.18 08:41:31.096,1.24923,1.24941,1.65,1.63
2012.12.18 08:41:31.654,1.24923,1.24941,1.73,2.38
2012.12.18 08:41:32.573,1.24925,1.24942,1.50,1.78
2012.12.18 08:41:35.526,1.24923,1.2494,2.40,1.73
2012.12.18 08:41:35.827,1.24923,1.24938,1.50,1.73
2012.12.18 08:41:36.126,1.2492,1.24936,2.40,1.73
2012.12.18 08:41:36.676,1.2492,1.24937,2.48,1.73
2012.12.18 08:41:37.996,1.2492,1.24935,1.73,1.35
2012.12.18 08:41:38.120,1.24919,1.24934,1.73,4.28
2012.12.18 08:41:38.250,1.24919,1.24934,1.50,2.37
2012.12.18 08:41:38.377,1.24919,1.24934,1.50,1.88
2012.12.18 08:41:39.087,1.24918,1.24934,1.73,2.53
2012.12.18 08:41:40.138,1.24919,1.24937,1.73,1.73
2012.12.18 08:41:40.437,1.24921,1.24939,2.25,1.54
2012.12.18 08:41:40.796,1.24921,1.2494,2.48,1.35
2012.12.18 08:41:41.528,1.24922,1.24939,1.73,1.73
2012.12.18 08:41:42.417,1.2492,1.24938,2.48,2.29
2012.12.18 08:41:42.820,1.2492,1.24938,2.48,2.29
2012.12.18 08:41:43.367,1.24918,1.24935,2.48,2.10
2012.12.18 08:41:43.797,1.24918,1.24935,1.73,1.35
2012.12.18 08:41:45.596,1.24916,1.24935,1.73,2.10
2012.12.18 08:41:46.658,1.24918,1.24935,1.54,2.10
2012.12.18 08:41:46.839,1.24924,1.2494,1.73,1.70
2012.12.18 08:41:47.336,1.24926,1.24942,1.13,1.58
2012.12.18 08:41:47.943,1.24926,1.24942,1.13,1.80
2012.12.18 08:41:48.387,1.24925,1.24942,1.35,2.48
2012.12.18 08:41:48.776,1.24925,1.24942,1.35,2.48
2012.12.18 08:41:49.298,1.24925,1.24942,1.35,2.48
2012.12.18 08:41:53.928,1.24927,1.24944,2.97,2.48
2012.12.18 08:41:54.114,1.24932,1.24947,1.73,1.92
2012.12.18 08:41:58.165,1.24932,1.24951,3.23,2.10
2012.12.18 08:42:00.894,1.24932,1.24949,2.48,1.73
2012.12.18 08:42:02.040,1.24932,1.24949,1.73,1.73
2012.12.18 08:42:03.137,1.24932,1.24951,1.73,2.48
2012.12.18 08:42:04.209,1.24931,1.24948,1.73,1.73
2012.12.18 08:42:04.638,1.24927,1.24947,1.73,2.48
2012.12.18 08:42:06.826,1.24926,1.24947,2.48,4.63
2012.12.18 08:42:07.073,1.24926,1.24947,2.48,3.98
2012.12.18 08:42:09.484,1.24926,1.24945,1.73,1.54
2012.12.18 08:42:11.019,1.24926,1.24946,1.73,1.54
2012.12.18 08:42:11.362,1.24925,1.24945,1.73,1.73
2012.12.18 08:42:11.878,1.24927,1.24943,1.50,1.35
2012.12.18 08:42:11.997,1.24925,1.24943,2.48,1.35
2012.12.18 08:42:12.728,1.24926,1.24943,1.73,1.13
2012.12.18 08:42:13.123,1.24926,1.24945,3.98,1.65
2012.12.18 08:42:14.136,1.24926,1.24943,3.98,1.13
2012.12.18 08:42:14.688,1.24928,1.24943,2.48,1.13
2012.12.18 08:42:14.988,1.24928,1.24943,3.23,2.63
2012.12.18 08:42:15.537,1.24926,1.24943,2.48,2.63
2012.12.18 08:42:16.607,1.24926,1.24943,1.73,1.88
2012.12.18 08:42:17.629,1.24925,1.24941,1.73,1.13
2012.12.18 08:42:17.757,1.24923,1.24939,3.23,1.35
2012.12.18 08:42:18.058,1.24926,1.2494,1.73,1.13
2012.12.18 08:42:18.298,1.24924,1.24943,1.73,4.03
2012.12.18 08:42:18.827,1.24923,1.24941,1.73,1.73
2012.12.18 08:42:21.352,1.24922,1.24939,3.23,1.73
2012.12.18 08:42:21.430,1.24924,1.2494,1.73,1.73
2012.12.18 08:42:21.988,1.24921,1.2494,2.48,1.73
2012.12.18 08:42:22.578,1.24923,1.2494,2.29,1.50
2012.12.18 08:42:23.766,1.24924,1.24942,1.73,1.73
2012.12.18 08:42:25.247,1.24924,1.24942,1.73,2.48
2012.12.18 08:42:25.967,1.24924,1.24941,1.73,1.50
2012.12.18 08:42:27.476,1.24924,1.2494,2.29,1.50
2012.12.18 08:42:28.818,1.24924,1.24942,2.29,1.73
2012.12.18 08:42:30.427,1.24924,1.24942,1.54,2.48
2012.12.18 08:42:30.956,1.24922,1.24942,1.58,3.23
2012.12.18 08:42:32.157,1.24922,1.2494,2.33,1.92
2012.12.18 08:42:32.628,1.2492,1.24937,2.48,1.35
2012.12.18 08:42:32.701,1.2492,1.24937,2.48,1.35
2012.12.18 08:42:39.108,1.2492,1.24937,3.23,1.35
2012.12.18 08:42:39.300,1.24922,1.24939,1.73,1.35
2012.12.18 08:42:43.936,1.24923,1.2494,1.50,2.10
2012.12.18 08:42:45.897,1.24926,1.2494,3.00,2.48
2012.12.18 08:42:46.018,1.2493,1.24943,1.54,3.80
2012.12.18 08:42:46.527,1.24931,1.24943,1.73,2.25
2012.12.18 08:42:46.646,1.24931,1.24948,1.73,3.38
2012.12.18 08:42:48.946,1.24929,1.24948,3.42,2.84
2012.12.18 08:42:49.826,1.24929,1.24948,3.42,2.84
2012.12.18 08:42:50.657,1.24932,1.24947,1.73,1.86
2012.12.18 08:42:51.328,1.24926,1.24942,1.73,1.73
2012.12.18 08:42:59.648,1.24926,1.24942,1.73,2.48
2012.12.18 08:43:00.298,1.24924,1.2494,1.58,2.85
2012.12.18 08:43:01.181,1.2492,1.24936,1.50,1.73
2012.12.18 08:43:01.619,1.24917,1.24936,2.48,2.75
2012.12.18 08:43:04.969,1.24918,1.24937,2.48,1.35
2012.12.18 08:43:21.887,1.24918,1.24937,1.73,2.38
2012.12.18 08:43:26.022,1.2492,1.24938,1.73,2.38
2012.12.18 08:43:27.888,1.24918,1.24937,2.29,1.73
2012.12.18 08:43:28.137,1.24919,1.24937,1.73,1.73
2012.12.18 08:43:28.448,1.24917,1.24936,3.23,1.35
2012.12.18 08:43:29.060,1.24916,1.24933,1.73,1.35
2012.12.18 08:43:30.438,1.24917,1.24934,1.73,1.35
2012.12.18 08:43:30.570,1.24919,1.24936,1.50,1.35
2012.12.18 08:43:31.118,1.24917,1.24934,3.23,1.35
2012.12.18 08:43:42.197,1.24915,1.24934,3.23,2.85
2012.12.18 08:43:42.392,1.24917,1.24934,1.73,2.48
2012.12.18 08:43:42.577,1.24917,1.24935,2.48,1.50
2012.12.18 08:43:42.952,1.24917,1.24934,2.48,1.50
2012.12.18 08:43:43.258,1.24917,1.24933,1.73,1.50
2012.12.18 08:43:43.899,1.24917,1.24933,1.73,2.25
2012.12.18 08:43:45.477,1.24917,1.24932,1.73,1.50
2012.12.18 08:43:45.778,1.24917,1.24931,1.73,1.50
2012.12.18 08:43:46.087,1.24917,1.24933,1.73,1.50
2012.12.18 08:43:46.640,1.24917,1.24932,1.73,1.50
2012.12.18 08:43:48.309,1.24917,1.24932,1.73,1.50
2012.12.18 08:43:49.707,1.24917,1.24934,1.73,2.25
2012.12.18 08:43:50.207,1.24918,1.24935,1.73,1.50
2012.12.18 08:43:52.850,1.24918,1.24934,2.29,1.65
2012.12.18 08:43:53.103,1.24918,1.24934,1.54,1.73
2012.12.18 08:43:53.788,1.24918,1.24934,1.54,2.25
2012.12.18 08:43:54.337,1.24918,1.24934,1.54,2.25
2012.12.18 08:43:54.717,1.24919,1.24935,1.35,1.50
2012.12.18 08:43:54.898,1.24918,1.24935,1.54,1.73
2012.12.18 08:43:55.309,1.24917,1.24934,3.04,1.50
2012.12.18 08:43:56.477,1.24921,1.24936,1.73,1.50
2012.12.18 08:43:56.538,1.24921,1.24938,1.73,2.25
2012.12.18 08:43:57.068,1.24921,1.24938,1.73,2.90
2012.12.18 08:43:58.069,1.24921,1.24938,1.73,1.50
2012.12.18 08:43:59.348,1.2492,1.24938,1.73,2.25
2012.12.18 08:43:59.477,1.24918,1.24938,2.29,3.23
2012.12.18 08:43:59.869,1.24917,1.24936,1.73,2.44
2012.12.18 08:44:00.397,1.24916,1.24932,2.29,1.13
2012.12.18 08:44:00.869,1.24917,1.24933,1.73,1.35
2012.12.18 08:44:01.188,1.24921,1.24935,1.50,2.00
2012.12.18 08:44:01.248,1.24918,1.24934,1.73,1.35
2012.12.18 08:44:01.380,1.2492,1.24935,2.48,1.03
2012.12.18 08:44:01.507,1.2492,1.24936,2.48,1.13
2012.12.18 08:44:07.778,1.24919,1.24936,1.54,1.63
2012.12.18 08:44:08.198,1.24919,1.24938,2.29,2.38
2012.12.18 08:44:08.518,1.24916,1.24932,1.73,1.13
2012.12.18 08:44:08.770,1.24917,1.24933,1.73,2.63
2012.12.18 08:44:09.327,1.24916,1.24933,2.48,1.13
2012.12.18 08:44:09.876,1.24916,1.24935,2.48,1.73
2012.12.18 08:44:10.190,1.24919,1.24938,1.58,2.25
2012.12.18 08:44:11.337,1.24922,1.24938,1.69,1.50
2012.12.18 08:44:11.640,1.24926,1.2494,2.48,2.15
2012.12.18 08:44:11.711,1.24926,1.2494,2.48,1.40
2012.12.18 08:44:12.111,1.24924,1.2494,1.73,1.35
2012.12.18 08:44:12.670,1.24924,1.2494,1.73,1.35
2012.12.18 08:44:14.219,1.24925,1.24942,1.73,1.88
2012.12.18 08:44:16.681,1.24925,1.24943,3.04,1.13
2012.12.18 08:44:16.812,1.2493,1.24946,1.73,1.40
2012.12.18 08:44:17.058,1.2493,1.24947,1.73,4.63
2012.12.18 08:44:17.568,1.24928,1.24946,1.73,1.50
2012.12.18 08:44:17.927,1.24926,1.24946,2.48,1.50
2012.12.18 08:44:18.348,1.24927,1.24944,1.73,1.50
2012.12.18 08:44:18.657,1.24925,1.24941,3.04,1.50
2012.12.18 08:44:18.867,1.24926,1.24945,1.73,1.50
2012.12.18 08:44:18.928,1.24926,1.2494,1.73,1.50
2012.12.18 08:44:19.107,1.24927,1.24945,1.73,1.50
2012.12.18 08:44:20.797,1.24926,1.24944,2.29,1.50
2012.12.18 08:44:21.037,1.24926,1.24942,1.54,1.73
2012.12.18 08:44:21.277,1.24926,1.24944,1.54,1.50
2012.12.18 08:44:21.337,1.24926,1.24945,1.54,2.48
2012.12.18 08:44:21.577,1.24927,1.24946,1.73,2.90
2012.12.18 08:44:22.106,1.24927,1.24946,1.73,1.50
2012.12.18 08:44:24.711,1.24926,1.24944,1.54,1.50
2012.12.18 08:44:24.837,1.24926,1.24943,1.54,1.50
2012.12.18 08:44:25.448,1.24926,1.24944,1.54,1.50
2012.12.18 08:44:25.899,1.24925,1.24944,3.23,1.73
2012.12.18 08:44:26.447,1.24925,1.24945,3.23,1.73
2012.12.18 08:44:28.420,1.24925,1.24943,2.48,2.48
2012.12.18 08:44:28.607,1.24924,1.24942,1.73,1.73
2012.12.18 08:44:29.163,1.2492,1.24938,2.29,1.73
2012.12.18 08:44:29.231,1.24919,1.24938,2.48,2.29
2012.12.18 08:44:29.597,1.24919,1.24937,1.73,2.38
2012.12.18 08:44:32.757,1.24917,1.24933,1.58,1.73
2012.12.18 08:44:33.263,1.24917,1.24934,1.58,1.73
2012.12.18 08:44:33.577,1.24919,1.24936,1.73,2.25
2012.12.18 08:44:34.487,1.2492,1.24937,1.73,1.73
2012.12.18 08:44:34.998,1.24926,1.24938,1.73,1.73
2012.12.18 08:44:35.299,1.24927,1.24939,1.73,1.40
2012.12.18 08:44:35.428,1.24928,1.24942,1.73,1.35
2012.12.18 08:44:35.738,1.24933,1.24945,1.73,2.33
2012.12.18 08:44:35.800,1.24933,1.24943,1.73,1.03
2012.12.18 08:44:35.989,1.24933,1.24948,1.73,1.78
2012.12.18 08:44:36.118,1.24934,1.2495,1.73,1.22
2012.12.18 08:44:36.368,1.24935,1.24953,1.73,3.13
2012.12.18 08:44:36.667,1.24936,1.24954,1.73,2.38
2012.12.18 08:44:39.089,1.24936,1.24954,1.73,1.50
2012.12.18 08:44:39.508,1.24937,1.24954,2.48,3.00
2012.12.18 08:44:39.598,1.24937,1.24954,1.73,1.50
2012.12.18 08:44:39.889,1.24937,1.24953,1.73,1.50
2012.12.18 08:44:40.809,1.24936,1.24955,3.23,1.73
2012.12.18 08:44:40.936,1.24937,1.24954,1.73,2.25
2012.12.18 08:44:40.996,1.24936,1.24954,3.23,2.25
2012.12.18 08:44:42.679,1.2494,1.24957,1.73,1.73
2012.12.18 08:44:42.748,1.2494,1.24957,1.73,1.50
2012.12.18 08:44:43.267,1.2494,1.24958,2.48,2.25
2012.12.18 08:44:43.991,1.24942,1.24961,2.29,2.15
2012.12.18 08:44:45.497,1.24943,1.2496,1.54,1.50
2012.12.18 08:44:46.687,1.24943,1.2496,1.54,1.50
2012.12.18 08:44:46.929,1.24942,1.24959,1.73,1.50
2012.12.18 08:44:47.178,1.24941,1.24959,3.60,2.25
2012.12.18 08:44:47.299,1.24941,1.24957,2.85,1.50
2012.12.18 08:44:47.979,1.24942,1.24959,1.73,1.88
2012.12.18 08:44:50.898,1.2494,1.24959,3.04,2.00
2012.12.18 08:44:51.257,1.2494,1.24959,1.54,3.28
2012.12.18 08:44:52.848,1.24939,1.24957,2.70,2.25
2012.12.18 08:44:53.303,1.24939,1.24957,2.14,2.25
2012.12.18 08:44:56.319,1.24939,1.24956,1.54,1.73
2012.12.18 08:44:56.391,1.24939,1.24955,1.54,1.73
2012.12.18 08:44:59.050,1.24934,1.2495,3.98,1.73
2012.12.18 08:44:59.119,1.24934,1.24953,3.79,1.73
2012.12.18 08:45:00.007,1.24937,1.24955,2.10,3.04
2012.12.18 08:45:00.138,1.24942,1.24958,1.73,2.15
2012.12.18 08:45:00.677,1.24941,1.24959,1.73,1.50
2012.12.18 08:45:01.357,1.24943,1.24962,1.73,2.25
2012.12.18 08:45:01.777,1.24942,1.2496,2.48,1.50
2012.12.18 08:45:02.171,1.24942,1.24958,1.73,1.50
2012.12.18 08:45:02.676,1.24942,1.24959,2.48,1.50
2012.12.18 08:45:03.119,1.24942,1.24958,1.73,1.50
2012.12.18 08:45:03.606,1.24942,1.24959,1.73,1.50
2012.12.18 08:45:04.547,1.24943,1.24958,1.73,1.50
2012.12.18 08:45:04.739,1.24942,1.24958,1.73,1.50
2012.12.18 08:45:05.147,1.24942,1.24961,1.73,2.48
2012.12.18 08:45:06.619,1.24944,1.24961,1.54,2.48
2012.12.18 08:45:07.146,1.24947,1.24963,1.73,1.40
2012.12.18 08:45:10.616,1.24945,1.24963,2.29,1.50
2012.12.18 08:45:11.690,1.24945,1.24962,1.73,1.50
2012.12.18 08:45:11.758,1.24945,1.24961,1.73,1.73
2012.12.18 08:45:11.936,1.24946,1.24961,2.07,1.73
2012.12.18 08:45:12.237,1.24946,1.24962,2.29,1.50
2012.12.18 08:45:12.358,1.24946,1.24964,2.29,1.73
2012.12.18 08:45:13.214,1.24946,1.24964,2.29,1.50
2012.12.18 08:45:14.182,1.24946,1.24964,2.29,1.50
2012.12.18 08:45:14.249,1.24946,1.24964,2.29,1.73
2012.12.18 08:45:14.755,1.24947,1.24964,1.73,1.50
2012.12.18 08:45:14.937,1.24947,1.24964,1.73,1.73
2012.12.18 08:45:15.518,1.24947,1.24964,1.73,1.73
2012.12.18 08:45:16.378,1.2495,1.24966,1.73,2.10
2012.12.18 08:45:17.016,1.2495,1.24965,1.73,1.35
2012.12.18 08:45:17.137,1.2495,1.24963,1.73,1.13
2012.12.18 08:45:17.891,1.2495,1.24963,1.73,1.13
2012.12.18 08:45:18.019,1.24952,1.24966,1.50,1.35
2012.12.18 08:45:18.089,1.24952,1.24965,2.25,1.35
2012.12.18 08:45:18.409,1.24951,1.24968,1.73,2.38
2012.12.18 08:45:18.913,1.24956,1.24968,2.14,1.50
2012.12.18 08:45:19.098,1.24961,1.24971,1.92,1.78
2012.12.18 08:45:19.277,1.2496,1.24971,1.13,2.10
2012.12.18 08:45:19.831,1.24958,1.24971,1.17,2.85
2012.12.18 08:45:20.076,1.24956,1.24971,1.54,2.93
2012.12.18 08:45:22.107,1.24956,1.24969,1.73,1.13
2012.12.18 08:45:22.228,1.24953,1.24967,1.73,1.13
2012.12.18 08:45:22.820,1.24951,1.24967,2.48,1.35
2012.12.18 08:45:23.608,1.24953,1.24967,1.73,1.13
2012.12.18 08:45:25.468,1.24958,1.24968,1.32,1.13
2012.12.18 08:45:25.977,1.24961,1.2497,1.50,1.13
2012.12.18 08:45:26.370,1.24957,1.24967,1.54,1.13
2012.12.18 08:45:26.438,1.24958,1.2497,1.54,1.13
2012.12.18 08:45:26.958,1.24957,1.2497,1.73,1.35
2012.12.18 08:45:30.428,1.24955,1.2497,1.73,1.35
2012.12.18 08:45:30.967,1.24957,1.24972,1.73,1.50
2012.12.18 08:45:31.028,1.24958,1.24971,1.54,1.13
2012.12.18 08:45:31.566,1.24961,1.24975,2.10,1.13
2012.12.18 08:45:32.307,1.24958,1.24971,1.73,1.35
2012.12.18 08:45:32.427,1.24958,1.24971,1.73,1.35
2012.12.18 08:45:41.249,1.24953,1.24969,1.50,1.73
2012.12.18 08:45:50.628,1.24952,1.24967,1.50,1.73
2012.12.18 08:45:50.810,1.24951,1.24965,1.50,1.73
2012.12.18 08:45:51.337,1.2495,1.24965,1.73,1.73
2012.12.18 08:45:53.989,1.24948,1.24965,1.73,2.63
2012.12.18 08:45:54.177,1.24948,1.24965,1.50,2.63
2012.12.18 08:45:55.592,1.24945,1.24963,1.50,1.88
2012.12.18 08:45:55.929,1.24942,1.24958,3.57,1.13
2012.12.18 08:45:56.074,1.24942,1.24957,2.25,1.73
2012.12.18 08:45:57.968,1.2494,1.24957,3.23,1.73
2012.12.18 08:45:59.129,1.2494,1.24957,2.48,1.73
2012.12.18 08:45:59.199,1.24943,1.24958,1.50,1.13
2012.12.18 08:45:59.687,1.24946,1.24963,1.73,3.13
2012.12.18 08:46:00.057,1.24946,1.24963,1.73,2.48
2012.12.18 08:46:03.787,1.24947,1.24963,1.50,2.48
2012.12.18 08:46:06.988,1.24945,1.24959,1.50,1.73
2012.12.18 08:46:07.669,1.24941,1.24955,1.73,1.88
2012.12.18 08:46:07.738,1.2494,1.24955,1.73,1.88
2012.12.18 08:46:07.920,1.2494,1.24954,1.50,1.73
2012.12.18 08:46:08.477,1.24938,1.24952,1.50,1.73
2012.12.18 08:46:12.497,1.24938,1.24954,1.50,2.48
2012.12.18 08:46:16.348,1.2494,1.24954,2.07,1.73
2012.12.18 08:46:16.530,1.24942,1.24957,1.73,1.70
2012.12.18 08:46:16.599,1.24943,1.24958,1.73,2.45
2012.12.18 08:46:17.138,1.24943,1.24959,1.73,1.73
2012.12.18 08:46:17.198,1.24943,1.24959,1.73,1.73
2012.12.18 08:46:20.257,1.24943,1.24959,1.73,2.48
2012.12.18 08:46:20.708,1.24943,1.2496,1.73,1.73
2012.12.18 08:46:21.267,1.24944,1.24961,1.73,1.73
2012.12.18 08:46:21.508,1.24946,1.24961,1.73,1.50
2012.12.18 08:46:23.348,1.24946,1.24962,1.73,2.63
2012.12.18 08:46:23.988,1.24946,1.24961,1.73,1.50
2012.12.18 08:46:24.240,1.24944,1.24959,2.33,1.50
2012.12.18 08:46:24.311,1.24943,1.24959,3.23,1.73
2012.12.18 08:46:24.619,1.2494,1.24954,1.32,1.13
2012.12.18 08:46:24.987,1.24938,1.24954,1.73,1.13
2012.12.18 08:46:25.509,1.24939,1.24954,1.73,1.13
2012.12.18 08:46:26.037,1.24939,1.24953,1.73,1.13
2012.12.18 08:46:33.737,1.2494,1.24953,1.50,1.35
2012.12.18 08:46:34.297,1.2494,1.24953,1.73,1.13
2012.12.18 08:46:35.237,1.24939,1.24953,1.73,1.13
2012.12.18 08:46:37.208,1.24939,1.24957,2.48,2.63
2012.12.18 08:46:37.278,1.2494,1.24957,1.58,1.73
2012.12.18 08:46:37.638,1.24944,1.24957,1.50,1.73
2012.12.18 08:46:37.895,1.24945,1.24959,1.73,1.35
2012.12.18 08:46:38.479,1.24946,1.24961,1.73,1.35
2012.12.18 08:46:39.113,1.24946,1.24961,1.73,1.35
2012.12.18 08:46:40.778,1.24946,1.24961,1.73,1.35
2012.12.18 08:46:43.710,1.24946,1.24963,1.73,2.63
2012.12.18 08:46:43.838,1.24947,1.24963,1.73,1.50
2012.12.18 08:46:44.198,1.24947,1.24964,2.48,1.78
2012.12.18 08:46:45.159,1.24953,1.24965,1.50,1.40
2012.12.18 08:46:45.303,1.24953,1.24966,1.54,1.48
2012.12.18 08:46:45.490,1.24951,1.24964,1.35,1.03
2012.12.18 08:46:50.910,1.24949,1.24965,1.73,1.13
2012.12.18 08:46:51.767,1.2495,1.24966,2.10,1.13
2012.12.18 08:46:55.828,1.24951,1.24965,3.23,1.13
2012.12.18 08:46:56.187,1.24955,1.24966,1.54,1.13
2012.12.18 08:47:01.788,1.24953,1.24967,1.32,1.13
2012.12.18 08:47:01.848,1.24953,1.24967,1.32,1.88
2012.12.18 08:47:02.150,1.24953,1.24965,1.32,1.13
2012.12.18 08:47:02.457,1.24951,1.24965,2.10,1.50
2012.12.18 08:47:12.677,1.24948,1.24965,1.54,1.50
2012.12.18 08:47:12.939,1.24951,1.24965,1.54,1.50
2012.12.18 08:47:13.477,1.24953,1.24965,1.73,1.13
2012.12.18 08:47:13.717,1.24953,1.24968,1.73,1.28
2012.12.18 08:47:13.837,1.24953,1.24968,1.73,1.28
2012.12.18 08:47:14.138,1.24953,1.24969,1.73,1.28
2012.12.18 08:47:16.247,1.24951,1.24967,2.29,1.50
2012.12.18 08:47:16.307,1.24951,1.24967,2.29,1.50
2012.12.18 08:47:16.852,1.2495,1.24965,1.47,1.50
2012.12.18 08:47:17.167,1.24951,1.24966,1.65,1.50
2012.12.18 08:47:34.219,1.2495,1.24967,3.98,1.13
2012.12.18 08:47:34.353,1.2495,1.24966,3.23,1.13
2012.12.18 08:47:34.538,1.24955,1.24968,1.73,1.50
2012.12.18 08:47:34.598,1.24955,1.24968,1.73,1.28
2012.12.18 08:47:37.257,1.24956,1.24971,1.73,1.50
2012.12.18 08:47:37.788,1.24956,1.24973,2.48,3.00
2012.12.18 08:47:41.939,1.24955,1.24967,1.50,1.13
2012.12.18 08:47:42.498,1.24952,1.24968,1.54,1.13
2012.12.18 08:47:43.152,1.24954,1.24969,2.18,2.63
2012.12.18 08:47:43.219,1.24954,1.24969,2.18,1.88
2012.12.18 08:47:43.527,1.24956,1.24973,1.54,3.53
2012.12.18 08:47:43.829,1.2496,1.24974,1.73,3.30
2012.12.18 08:47:44.198,1.24958,1.24974,1.77,1.28
2012.12.18 08:47:44.319,1.24959,1.24973,1.73,1.28
2012.12.18 08:47:44.568,1.24958,1.24971,1.13,1.73
2012.12.18 08:47:44.988,1.24954,1.24969,1.73,1.50
2012.12.18 08:47:45.502,1.24953,1.2497,1.73,1.73
2012.12.18 08:47:45.628,1.24953,1.2497,1.73,2.48
2012.12.18 08:47:45.988,1.24951,1.24969,1.54,2.48
2012.12.18 08:47:46.168,1.24949,1.24967,2.48,1.73
2012.12.18 08:47:47.157,1.2495,1.24966,1.73,1.63
2012.12.18 08:47:47.462,1.24947,1.24966,1.73,2.94
2012.12.18 08:47:47.761,1.24945,1.24963,1.65,1.13
2012.12.18 08:47:47.835,1.24947,1.24964,1.65,1.92
2012.12.18 08:47:48.619,1.24945,1.24963,1.65,1.13
2012.12.18 08:47:49.180,1.24944,1.24963,1.73,2.53
2012.12.18 08:47:49.688,1.24946,1.24963,2.48,1.13
2012.12.18 08:47:50.244,1.24949,1.24965,1.32,1.35
2012.12.18 08:47:50.577,1.24949,1.24965,1.54,1.13
2012.12.18 08:47:54.798,1.2495,1.24965,1.73,1.35
2012.12.18 08:47:55.107,1.2495,1.24966,2.48,1.35
2012.12.18 08:48:00.538,1.24952,1.24968,1.73,1.13
2012.12.18 08:48:05.157,1.24953,1.2497,1.73,1.73
2012.12.18 08:48:08.131,1.24952,1.2497,2.67,2.10
2012.12.18 08:48:11.909,1.24952,1.24969,1.73,1.35
2012.12.18 08:48:12.098,1.24952,1.24969,1.73,1.35
2012.12.18 08:48:12.647,1.24951,1.2497,2.10,4.25
2012.12.18 08:48:21.447,1.24952,1.24969,1.35,1.35
2012.12.18 08:48:24.868,1.2495,1.24968,1.92,1.35
2012.12.18 08:48:25.129,1.2495,1.24965,1.17,1.35
2012.12.18 08:48:25.448,1.2495,1.24965,1.54,1.28
2012.12.18 08:48:25.568,1.2495,1.24966,1.32,1.28
2012.12.18 08:48:25.691,1.2495,1.24966,1.54,1.50
2012.12.18 08:48:29.873,1.24949,1.24966,1.73,2.48
2012.12.18 08:48:30.553,1.24949,1.24966,2.48,1.73
2012.12.18 08:48:32.409,1.24949,1.24961,1.50,1.35
2012.12.18 08:48:33.210,1.24949,1.24964,1.50,1.73
2012.12.18 08:48:36.910,1.24948,1.24964,2.48,2.10
2012.12.18 08:48:40.481,1.24948,1.24963,2.48,1.50
2012.12.18 08:48:40.612,1.2495,1.24966,1.73,2.48
2012.12.18 08:48:40.682,1.24951,1.24967,1.54,2.15
2012.12.18 08:48:41.030,1.24953,1.24968,1.54,1.25
2012.12.18 08:48:41.358,1.24954,1.24969,2.48,1.35
2012.12.18 08:48:42.210,1.24952,1.24968,2.48,1.58
2012.12.18 08:48:44.317,1.2495,1.24961,1.54,1.50
2012.12.18 08:48:44.437,1.24948,1.24964,2.29,4.13
2012.12.18 08:48:44.500,1.24948,1.24964,2.29,2.85
2012.12.18 08:48:44.627,1.24948,1.24964,1.50,2.10
2012.12.18 08:48:45.369,1.24948,1.24964,1.32,1.35
2012.12.18 08:48:45.487,1.24949,1.24965,1.54,1.35
2012.12.18 08:48:59.907,1.24948,1.24965,3.04,1.35
2012.12.18 08:49:01.877,1.24948,1.24965,2.48,1.35
2012.12.18 08:49:11.170,1.24948,1.24963,1.73,2.10
2012.12.18 08:49:11.238,1.24948,1.24963,1.73,2.10
2012.12.18 08:49:11.420,1.24947,1.24962,2.29,2.78
2012.12.18 08:49:11.551,1.24947,1.24963,2.29,1.73
2012.12.18 08:49:11.928,1.24948,1.24961,1.73,1.13
2012.12.18 08:49:12.717,1.24946,1.24962,2.48,1.35
2012.12.18 08:49:14.239,1.24948,1.24962,1.54,1.13
2012.12.18 08:49:14.419,1.24949,1.24966,1.73,1.88
2012.12.18 08:49:14.847,1.24951,1.24963,1.13,1.13
2012.12.18 08:49:15.028,1.24951,1.24964,1.35,1.13
2012.12.18 08:49:15.288,1.24951,1.24963,1.35,1.13
2012.12.18 08:49:16.477,1.24948,1.24963,1.73,1.13
2012.12.18 08:49:19.747,1.24947,1.24962,1.50,2.63
2012.12.18 08:49:21.278,1.24946,1.24962,1.50,3.38
2012.12.18 08:49:22.309,1.24946,1.24962,1.50,2.63
2012.12.18 08:49:22.788,1.24948,1.24965,1.50,2.48
2012.12.18 08:49:22.880,1.24948,1.24965,1.73,2.48
2012.12.18 08:49:24.029,1.24947,1.24963,1.73,2.48
2012.12.18 08:49:24.541,1.24946,1.24963,1.73,1.73
2012.12.18 08:49:26.968,1.24947,1.24965,1.73,3.88
2012.12.18 08:49:27.058,1.24947,1.24965,1.73,3.88
2012.12.18 08:49:27.299,1.24947,1.24964,1.73,1.73
2012.12.18 08:49:27.827,1.24944,1.24962,3.42,1.73
2012.12.18 08:49:31.308,1.24947,1.24964,1.73,1.73
2012.12.18 08:49:31.687,1.24947,1.24964,1.73,1.73
2012.12.18 08:49:34.159,1.24945,1.24964,2.29,2.48
2012.12.18 08:49:41.148,1.24948,1.24964,2.25,1.73
2012.12.18 08:49:41.269,1.24947,1.24965,1.50,2.48
2012.12.18 08:49:41.518,1.24946,1.24964,3.00,1.13
2012.12.18 08:49:41.638,1.24946,1.24964,3.23,1.13
2012.12.18 08:49:45.789,1.24947,1.24966,2.25,2.48
2012.12.18 08:49:48.837,1.24949,1.24966,2.25,3.69
2012.12.18 08:49:49.209,1.2495,1.24966,1.50,2.29
2012.12.18 08:49:51.473,1.2495,1.24966,1.50,1.73
2012.12.18 08:49:53.278,1.2495,1.24967,2.48,3.38
2012.12.18 08:49:58.402,1.2495,1.24966,3.98,1.35
2012.12.18 08:49:58.997,1.2495,1.24965,3.98,1.35
2012.12.18 08:49:59.299,1.2495,1.24963,1.50,1.17
2012.12.18 08:49:59.442,1.2495,1.24965,2.25,1.50
2012.12.18 08:49:59.628,1.24951,1.24967,1.54,1.84
2012.12.18 08:50:00.658,1.24954,1.24968,1.73,1.35
2012.12.18 08:50:01.918,1.24954,1.24972,1.73,2.48
2012.12.18 08:50:07.268,1.24957,1.24974,1.50,1.73
2012.12.18 08:50:07.689,1.24955,1.24968,2.48,1.13
2012.12.18 08:50:07.823,1.24953,1.24968,2.82,1.35
2012.12.18 08:50:08.419,1.24951,1.24967,1.13,2.10
2012.12.18 08:50:08.944,1.24951,1.24968,1.73,2.25
2012.12.18 08:50:09.024,1.24955,1.24968,1.50,1.50
2012.12.18 08:50:09.450,1.24955,1.24971,2.29,1.63
2012.12.18 08:50:09.579,1.24957,1.24972,1.73,2.75
2012.12.18 08:50:09.779,1.24957,1.24972,1.73,1.35
2012.12.18 08:50:10.309,1.24959,1.24973,1.50,1.35
2012.12.18 08:50:13.538,1.24956,1.24969,2.25,1.13
2012.12.18 08:50:14.138,1.24951,1.24965,1.50,1.35
2012.12.18 08:50:14.677,1.24951,1.24966,1.50,1.13
2012.12.18 08:50:15.217,1.24951,1.24966,2.25,1.35
2012.12.18 08:50:16.548,1.24952,1.24967,2.25,1.73
2012.12.18 08:50:18.107,1.24952,1.24966,1.50,1.73
2012.12.18 08:50:18.658,1.24951,1.24965,2.25,1.35
2012.12.18 08:50:20.159,1.24951,1.24967,1.73,1.73
2012.12.18 08:50:20.688,1.24952,1.24967,1.73,1.50
2012.12.18 08:50:21.340,1.24952,1.24967,1.73,1.50
2012.12.18 08:50:21.587,1.24952,1.24967,1.73,1.50
2012.12.18 08:50:22.069,1.24952,1.24968,1.73,1.35
2012.12.18 08:50:24.629,1.24951,1.24968,3.23,2.10
2012.12.18 08:50:24.747,1.24951,1.24966,3.00,1.73
2012.12.18 08:50:26.049,1.24952,1.24968,1.73,2.25
2012.12.18 08:50:26.587,1.24955,1.24968,1.50,1.50
2012.12.18 08:50:32.048,1.24951,1.24968,2.48,1.50
2012.12.18 08:50:32.168,1.24951,1.24968,2.48,1.50
2012.12.18 08:50:42.708,1.24955,1.24971,2.25,1.35
2012.12.18 08:50:42.899,1.24955,1.24971,1.50,1.35
2012.12.18 08:50:43.147,1.24955,1.24971,3.00,1.35
2012.12.18 08:50:43.712,1.24958,1.24975,1.50,2.90
2012.12.18 08:50:46.779,1.24957,1.24973,1.50,1.50
2012.12.18 08:50:47.039,1.24958,1.24975,1.73,2.07
2012.12.18 08:50:47.358,1.24957,1.24975,1.50,2.07
2012.12.18 08:50:47.819,1.24959,1.24975,2.25,1.25
2012.12.18 08:50:47.888,1.24959,1.24975,3.00,1.25
2012.12.18 08:50:47.948,1.2496,1.24975,1.50,1.25
2012.12.18 08:50:48.498,1.2496,1.24978,2.48,1.50
2012.12.18 08:50:50.688,1.2496,1.24978,3.23,2.25
2012.12.18 08:50:52.230,1.2496,1.24977,2.48,1.50
2012.12.18 08:50:52.300,1.2496,1.24977,2.25,1.50
2012.12.18 08:50:52.428,1.24959,1.24977,3.00,1.50
2012.12.18 08:50:52.968,1.24959,1.24974,1.50,1.50
2012.12.18 08:50:54.647,1.24962,1.24974,3.00,1.50
2012.12.18 08:50:54.708,1.24962,1.24976,3.23,1.88
2012.12.18 08:50:54.767,1.24964,1.24976,2.29,1.13
2012.12.18 08:50:55.067,1.24964,1.24978,1.35,1.25
2012.12.18 08:50:55.430,1.24961,1.24976,1.50,1.35
2012.12.18 08:50:56.278,1.24961,1.24979,1.73,2.00
2012.12.18 08:50:57.068,1.24963,1.2498,2.48,1.73
2012.12.18 08:50:57.249,1.24965,1.24981,1.73,2.38
2012.12.18 08:50:57.500,1.24964,1.2498,3.04,1.13
2012.12.18 08:50:57.688,1.24964,1.2498,2.48,1.35
2012.12.18 08:50:59.293,1.24964,1.24982,2.48,1.73
2012.12.18 08:51:00.151,1.24964,1.24981,1.73,1.73
2012.12.18 08:51:00.339,1.24961,1.24976,2.29,1.35
2012.12.18 08:51:00.768,1.24961,1.24977,2.48,1.73
2012.12.18 08:51:01.129,1.24961,1.24977,1.73,1.73
2012.12.18 08:51:01.259,1.24964,1.2498,1.50,2.10
2012.12.18 08:51:01.560,1.24961,1.24977,2.48,1.73
2012.12.18 08:51:01.818,1.2496,1.24977,1.50,1.73
2012.12.18 08:51:06.819,1.24958,1.24977,3.23,2.48
2012.12.18 08:51:06.879,1.24958,1.24976,3.00,1.43
2012.12.18 08:51:06.938,1.24958,1.24975,1.50,1.73
2012.12.18 08:51:07.658,1.24957,1.24975,2.48,2.48
2012.12.18 08:51:08.247,1.24957,1.24974,2.48,1.73
2012.12.18 08:51:08.629,1.24957,1.24975,1.50,2.38
2012.12.18 08:51:08.939,1.24963,1.24975,1.32,1.03
2012.12.18 08:51:08.998,1.24963,1.24975,2.29,1.03
2012.12.18 08:51:11.182,1.24964,1.24979,1.73,1.73
2012.12.18 08:51:11.320,1.24969,1.24979,1.32,1.35
2012.12.18 08:51:11.848,1.24969,1.24982,1.54,1.73
2012.12.18 08:51:12.529,1.24966,1.24982,2.10,1.35
2012.12.18 08:51:13.037,1.24966,1.24982,2.10,1.13
2012.12.18 08:51:13.397,1.24966,1.24984,2.85,1.73
2012.12.18 08:51:16.199,1.24968,1.24981,2.10,1.13
2012.12.18 08:51:16.502,1.24968,1.24981,1.35,1.13
2012.12.18 08:51:18.451,1.24967,1.24984,1.54,1.35
2012.12.18 08:51:18.522,1.24967,1.24984,2.29,1.35
2012.12.18 08:51:18.767,1.2497,1.24987,1.54,2.84
2012.12.18 08:51:21.417,1.2497,1.24987,1.54,1.73
2012.12.18 08:51:22.948,1.2497,1.24987,1.54,1.73
2012.12.18 08:51:23.189,1.24967,1.24984,2.10,1.50
2012.12.18 08:51:23.487,1.24964,1.24979,3.04,1.73
2012.12.18 08:51:24.195,1.24964,1.24979,2.29,1.73
2012.12.18 08:51:25.868,1.24964,1.2498,1.73,1.73
2012.12.18 08:51:26.049,1.24965,1.24982,1.73,1.73
2012.12.18 08:51:26.814,1.24965,1.24982,1.73,1.73
2012.12.18 08:51:28.779,1.24963,1.24979,1.54,1.50
2012.12.18 08:51:29.175,1.24963,1.24978,1.54,1.73
2012.12.18 08:51:29.429,1.24964,1.24981,1.54,2.38
2012.12.18 08:51:29.489,1.24964,1.24981,1.54,2.90
2012.12.18 08:51:29.727,1.24964,1.24982,1.54,3.00
2012.12.18 08:51:30.355,1.24964,1.24981,2.29,1.13
2012.12.18 08:51:30.500,1.24962,1.24976,2.63,1.35
2012.12.18 08:51:30.568,1.24961,1.24975,1.50,1.13
2012.12.18 08:51:30.989,1.2496,1.24979,3.04,2.38
2012.12.18 08:51:33.228,1.24964,1.24981,1.73,1.73
2012.12.18 08:51:34.300,1.24965,1.24982,1.73,1.63
2012.12.18 08:51:36.157,1.2497,1.24984,1.50,3.88
2012.12.18 08:51:36.278,1.24971,1.24984,1.73,2.15
2012.12.18 08:51:36.578,1.2497,1.24987,1.73,1.13
2012.12.18 08:51:37.079,1.24972,1.24987,1.73,1.50
2012.12.18 08:51:37.649,1.24969,1.24985,1.73,1.58
2012.12.18 08:51:38.197,1.24967,1.24985,1.73,3.08
2012.12.18 08:51:38.938,1.24965,1.24985,2.48,3.08
2012.12.18 08:51:39.058,1.24964,1.24984,1.73,1.73
2012.12.18 08:51:39.418,1.24966,1.24985,1.73,3.08
2012.12.18 08:51:40.618,1.24966,1.24983,1.73,1.58
2012.12.18 08:51:40.739,1.24965,1.24981,1.73,1.50
2012.12.18 08:51:40.984,1.24963,1.24979,1.73,1.50
2012.12.18 08:51:41.051,1.24962,1.24979,3.04,1.50
2012.12.18 08:51:41.608,1.24963,1.24981,1.73,2.29
2012.12.18 08:51:41.728,1.24962,1.24981,3.60,1.54
2012.12.18 08:51:41.848,1.24962,1.24979,2.10,2.48
2012.12.18 08:51:45.444,1.24965,1.24979,1.50,1.73
2012.12.18 08:51:45.806,1.24965,1.24978,1.73,1.73
2012.12.18 08:51:46.599,1.24961,1.24978,1.32,1.50
2012.12.18 08:51:46.688,1.24961,1.24979,2.29,1.63
2012.12.18 08:51:47.629,1.24965,1.24982,1.73,1.88
2012.12.18 08:51:48.178,1.24965,1.24983,3.23,1.35
2012.12.18 08:51:48.790,1.24965,1.24983,2.48,2.10
2012.12.18 08:51:49.218,1.24965,1.24977,1.73,1.35
2012.12.18 08:51:49.407,1.24962,1.24977,1.13,1.35
2012.12.18 08:51:49.540,1.24961,1.24976,1.13,1.17
2012.12.18 08:51:49.729,1.2496,1.24974,1.50,1.88
2012.12.18 08:51:49.912,1.24962,1.24974,1.32,1.73
2012.12.18 08:51:50.234,1.24961,1.24977,2.33,1.35
2012.12.18 08:51:50.429,1.24963,1.24976,1.73,1.50
2012.12.18 08:51:50.549,1.24962,1.2498,1.73,1.73
2012.12.18 08:51:50.670,1.24966,1.24981,1.54,2.38
2012.12.18 08:51:50.979,1.24967,1.24984,1.73,2.48
2012.12.18 08:51:55.388,1.24968,1.24986,1.73,1.73
2012.12.18 08:51:58.600,1.24968,1.24986,1.73,1.73
2012.12.18 08:51:58.668,1.24968,1.24986,1.73,1.50
2012.12.18 08:51:58.728,1.24972,1.24988,1.54,1.73
2012.12.18 08:51:58.971,1.2497,1.24988,1.73,1.73
2012.12.18 08:51:59.901,1.24967,1.24986,3.15,1.73
2012.12.18 08:52:00.209,1.24966,1.24983,1.73,1.58
2012.12.18 08:52:00.939,1.24964,1.24983,3.04,1.58
2012.12.18 08:52:02.849,1.24965,1.24983,2.48,2.33
2012.12.18 08:52:03.919,1.24968,1.24984,1.32,2.48
2012.12.18 08:52:04.179,1.24968,1.24984,1.54,2.48
2012.12.18 08:52:06.588,1.24971,1.24989,1.73,2.15
2012.12.18 08:52:07.155,1.2497,1.24989,3.23,1.88
2012.12.18 08:52:07.340,1.2497,1.24989,3.23,1.13
2012.12.18 08:52:07.650,1.2497,1.24988,3.00,1.73
2012.12.18 08:52:08.208,1.2497,1.24987,1.50,1.73
2012.12.18 08:52:08.718,1.2497,1.24987,1.73,1.65
2012.12.18 08:52:09.298,1.24968,1.24986,1.50,1.28
2012.12.18 08:52:09.538,1.24966,1.24984,4.54,1.05
2012.12.18 08:52:10.103,1.24964,1.2498,1.50,1.13
2012.12.18 08:52:10.665,1.24962,1.24981,2.48,2.85
2012.12.18 08:52:11.468,1.24962,1.24981,2.25,4.35
2012.12.18 08:52:12.078,1.24962,1.24979,1.73,1.73
2012.12.18 08:52:12.528,1.24962,1.2498,2.25,1.88
2012.12.18 08:52:13.068,1.2496,1.24979,1.73,1.73
2012.12.18 08:52:13.618,1.2496,1.2498,3.04,1.13
2012.12.18 08:52:13.739,1.2496,1.2498,3.04,1.13
2012.12.18 08:52:19.269,1.24963,1.2498,1.50,1.88
2012.12.18 08:52:19.780,1.24962,1.24976,2.25,1.35
2012.12.18 08:52:23.069,1.24962,1.24978,1.50,1.73
2012.12.18 08:52:23.129,1.24962,1.24979,2.48,2.03
2012.12.18 08:52:25.878,1.24963,1.24979,1.73,1.13
2012.12.18 08:52:30.459,1.24962,1.24979,1.73,1.13
2012.12.18 08:52:30.639,1.24965,1.24983,1.73,2.94
2012.12.18 08:52:32.602,1.24966,1.24983,3.23,1.73
2012.12.18 08:52:34.121,1.24966,1.2498,1.50,1.13
2012.12.18 08:52:35.979,1.24965,1.2498,1.73,1.88
2012.12.18 08:52:36.593,1.24966,1.2498,1.50,1.88
2012.12.18 08:52:37.380,1.24965,1.2498,1.73,1.88
2012.12.18 08:52:38.078,1.24965,1.24981,2.48,2.10
2012.12.18 08:52:38.318,1.24965,1.2498,1.50,1.13
2012.12.18 08:52:38.899,1.24966,1.2498,1.50,1.13
2012.12.18 08:52:39.954,1.24965,1.2498,1.50,1.13
2012.12.18 08:52:40.517,1.24962,1.2498,2.48,1.13
2012.12.18 08:52:42.588,1.24962,1.2498,1.73,2.63
2012.12.18 08:52:43.129,1.24964,1.24981,1.13,1.40
2012.12.18 08:52:43.269,1.24964,1.24981,1.13,1.40
2012.12.18 08:52:43.508,1.24968,1.24983,1.73,1.40
2012.12.18 08:52:43.568,1.2497,1.24985,1.73,1.40
2012.12.18 08:52:43.989,1.24973,1.24989,1.73,2.00
2012.12.18 08:52:44.052,1.24973,1.24989,1.73,2.00
2012.12.18 08:52:54.519,1.24971,1.24987,1.73,1.13
2012.12.18 08:52:55.603,1.2497,1.24987,2.48,1.13
2012.12.18 08:52:55.979,1.24968,1.24983,3.23,1.50
2012.12.18 08:52:56.099,1.24968,1.24987,2.48,2.53
2012.12.18 08:52:56.158,1.2497,1.24986,1.73,1.73
2012.12.18 08:52:56.219,1.2497,1.24983,1.73,1.73
2012.12.18 08:52:56.409,1.2497,1.24985,1.73,1.73
2012.12.18 08:52:56.468,1.2497,1.24985,1.73,1.73
2012.12.18 08:52:56.649,1.24968,1.24986,2.48,2.38
2012.12.18 08:52:56.768,1.24968,1.24986,2.48,2.15
2012.12.18 08:52:56.890,1.2497,1.24987,1.73,1.03
2012.12.18 08:52:57.379,1.2497,1.24986,2.48,1.73
2012.12.18 08:52:57.438,1.2497,1.24986,2.48,2.48
2012.12.18 08:52:57.679,1.24969,1.24987,3.23,2.53
2012.12.18 08:52:58.320,1.24968,1.24987,1.73,2.63
2012.12.18 08:53:00.192,1.24968,1.24987,1.73,4.13
2012.12.18 08:53:00.880,1.24968,1.24987,1.73,4.03
2012.12.18 08:53:01.689,1.24968,1.24987,2.48,1.63
2012.12.18 08:53:02.028,1.2497,1.24989,1.73,3.73
2012.12.18 08:53:04.259,1.2497,1.24989,1.73,4.58
2012.12.18 08:53:12.010,1.24971,1.24988,2.10,3.23
2012.12.18 08:53:20.467,1.24971,1.24988,1.13,2.48
2012.12.18 08:53:27.189,1.24974,1.2499,1.13,2.94
2012.12.18 08:53:27.379,1.24976,1.2499,1.13,1.44
2012.12.18 08:53:30.800,1.24976,1.24995,2.48,3.69
2012.12.18 08:53:33.150,1.24976,1.24994,1.73,1.73
2012.12.18 08:53:35.195,1.24979,1.24994,1.13,1.73
2012.12.18 08:53:35.342,1.2498,1.24997,2.22,1.63
2012.12.18 08:53:35.470,1.24981,1.24999,1.73,1.63
2012.12.18 08:53:35.979,1.24982,1.25,1.73,1.73
2012.12.18 08:53:37.519,1.24981,1.24999,1.73,1.73
2012.12.18 08:53:37.758,1.2498,1.25,3.94,3.23
2012.12.18 08:53:38.067,1.2498,1.24999,1.88,1.73
2012.12.18 08:53:39.389,1.24981,1.25,1.13,2.48
2012.12.18 08:53:39.912,1.24982,1.25001,3.23,1.73
2012.12.18 08:53:40.120,1.24985,1.25002,1.73,3.05
2012.12.18 08:53:40.190,1.24983,1.25,1.35,1.32
2012.12.18 08:53:40.259,1.24982,1.24999,2.85,1.50
2012.12.18 08:53:40.559,1.24982,1.24999,2.48,1.50
2012.12.18 08:53:40.681,1.24982,1.24999,2.48,1.50
2012.12.18 08:53:40.813,1.24982,1.24998,2.48,2.48
2012.12.18 08:53:41.358,1.24979,1.24998,1.73,3.88
2012.12.18 08:53:42.878,1.24983,1.25001,1.88,3.88
2012.12.18 08:53:43.989,1.24984,1.25001,1.73,1.73
2012.12.18 08:53:44.111,1.24984,1.24998,1.73,1.32
2012.12.18 08:53:44.498,1.24981,1.24995,1.73,1.32
2012.12.18 08:53:44.558,1.24981,1.24995,1.73,1.32
2012.12.18 08:53:44.870,1.24981,1.24996,1.50,1.35
2012.12.18 08:53:44.943,1.2498,1.24996,1.50,1.35
2012.12.18 08:53:45.722,1.2498,1.24996,1.65,1.54
2012.12.18 08:53:45.792,1.2498,1.24997,1.13,1.63
2012.12.18 08:53:45.860,1.24979,1.24997,2.85,1.40
2012.12.18 08:53:46.108,1.2498,1.24998,2.63,1.63
2012.12.18 08:53:47.350,1.24979,1.24996,1.73,2.29
2012.12.18 08:53:47.421,1.24977,1.24994,1.88,1.73
2012.12.18 08:53:47.968,1.24976,1.24995,1.35,1.73
2012.12.18 08:53:50.670,1.24975,1.24993,1.35,2.38
2012.12.18 08:53:50.741,1.24974,1.24991,1.50,1.73
2012.12.18 08:53:51.049,1.24972,1.24989,1.13,1.54
2012.12.18 08:53:51.168,1.24971,1.24987,1.35,1.73
2012.12.18 08:53:51.730,1.24975,1.24989,1.35,1.32
2012.12.18 08:53:51.800,1.24975,1.2499,1.35,1.44
2012.12.18 08:53:52.349,1.24976,1.24991,1.13,1.54
2012.12.18 08:53:52.851,1.24976,1.24994,1.88,2.94
2012.12.18 08:53:54.917,1.24976,1.24994,1.65,2.94
2012.12.18 08:53:57.224,1.24976,1.24994,1.88,2.94
2012.12.18 08:53:57.768,1.24976,1.24994,1.13,3.69
2012.12.18 08:53:58.349,1.24976,1.24994,2.63,2.19
2012.12.18 08:53:58.618,1.24976,1.24994,1.13,2.94
2012.12.18 08:53:59.049,1.24976,1.24994,1.88,1.44
2012.12.18 08:53:59.800,1.24977,1.24995,2.25,1.44
2012.12.18 08:54:00.109,1.24979,1.24995,1.88,1.44
2012.12.18 08:54:00.172,1.24979,1.24995,2.10,1.44
2012.12.18 08:54:00.735,1.24981,1.25,1.88,1.73
2012.12.18 08:54:01.359,1.2498,1.24999,2.85,2.48
2012.12.18 08:54:01.719,1.24982,1.24999,1.73,1.63
2012.12.18 08:54:02.688,1.2498,1.24999,2.85,2.48
2012.12.18 08:54:02.997,1.2498,1.24998,2.10,1.73
2012.12.18 08:54:03.469,1.2498,1.24998,1.35,1.73
2012.12.18 08:54:04.138,1.24983,1.25001,2.10,1.50
2012.12.18 08:54:05.109,1.24984,1.25002,1.35,3.88
2012.12.18 08:54:08.497,1.24984,1.25002,1.35,3.23
2012.12.18 08:54:08.923,1.24984,1.25002,1.13,3.00
2012.12.18 08:54:10.046,1.24984,1.25002,1.13,3.23
2012.12.18 08:54:11.760,1.24985,1.25002,1.13,3.04
2012.12.18 08:54:12.208,1.24986,1.25002,2.63,2.29
2012.12.18 08:54:13.308,1.24986,1.25002,2.63,1.54
2012.12.18 08:54:13.619,1.24989,1.25006,1.88,2.48
2012.12.18 08:54:13.751,1.24989,1.25006,2.10,2.48
2012.12.18 08:54:13.818,1.24995,1.25006,1.13,1.73
2012.12.18 08:54:13.998,1.24995,1.25008,1.13,1.05
2012.12.18 08:54:14.378,1.24995,1.25008,1.35,5.10
2012.12.18 08:54:14.929,1.24994,1.25008,1.35,5.10
2012.12.18 08:54:15.510,1.24996,1.25008,1.13,5.10
2012.12.18 08:54:15.821,1.24999,1.25008,1.13,4.13
2012.12.18 08:54:15.888,1.24999,1.25012,1.88,1.10
2012.12.18 08:54:16.384,1.24998,1.25014,1.17,2.10
2012.12.18 08:54:16.458,1.24998,1.25014,1.17,2.10
2012.12.18 08:54:16.813,1.25004,1.25018,2.29,3.20
2012.12.18 08:54:16.899,1.25005,1.2502,1.73,1.63
2012.12.18 08:54:17.221,1.25002,1.25019,1.73,1.73
2012.12.18 08:54:17.531,1.25,1.25018,1.13,1.73
2012.12.18 08:54:18.059,1.24998,1.25015,1.69,1.73
2012.12.18 08:54:19.118,1.24999,1.25017,1.13,2.48
2012.12.18 08:54:19.299,1.25007,1.25018,1.54,1.40
2012.12.18 08:54:19.419,1.25005,1.25018,2.10,2.15
2012.12.18 08:54:19.540,1.25003,1.25018,1.13,1.78
2012.12.18 08:54:20.284,1.25,1.25018,1.73,1.65
2012.12.18 08:54:20.353,1.25,1.25018,1.73,1.88
2012.12.18 08:54:20.427,1.24999,1.25015,1.73,1.13
2012.12.18 08:54:20.957,1.24997,1.25014,1.50,1.65
2012.12.18 08:54:21.149,1.24996,1.25013,2.25,1.13
2012.12.18 08:54:21.389,1.24995,1.25013,1.50,1.13
2012.12.18 08:54:21.448,1.25001,1.25014,1.32,2.20
2012.12.18 08:54:21.509,1.25001,1.25014,1.54,1.40
2012.12.18 08:54:21.629,1.24999,1.25016,1.54,1.63
2012.12.18 08:54:21.690,1.24999,1.25016,1.32,1.63
2012.12.18 08:54:22.858,1.24998,1.25017,1.73,3.88
2012.12.18 08:54:23.098,1.24995,1.25013,2.25,1.13
2012.12.18 08:54:24.399,1.24997,1.25014,3.00,3.20
2012.12.18 08:54:24.578,1.25001,1.25015,1.54,1.13
2012.12.18 08:54:24.638,1.25001,1.25016,1.54,1.50
2012.12.18 08:54:25.058,1.25001,1.25015,2.29,1.50
2012.12.18 08:54:25.577,1.25001,1.25016,2.29,1.50
2012.12.18 08:54:25.700,1.25003,1.25019,1.54,1.58
2012.12.18 08:54:25.910,1.25001,1.25019,2.63,1.58
2012.12.18 08:54:25.979,1.25,1.25019,2.48,1.58
2012.12.18 08:54:26.519,1.24998,1.25017,1.73,2.48
2012.12.18 08:54:28.331,1.24999,1.25018,1.50,1.73
2012.12.18 08:54:28.970,1.24996,1.25013,2.29,1.73
2012.12.18 08:54:29.041,1.24995,1.25013,3.23,2.48
2012.12.18 08:54:29.718,1.24996,1.25016,1.73,1.80
2012.12.18 08:54:30.276,1.24998,1.25012,1.73,1.73
2012.12.18 08:54:30.819,1.24998,1.25012,1.73,1.73
2012.12.18 08:54:30.939,1.24995,1.25013,2.29,2.48
2012.12.18 08:54:33.398,1.24997,1.25013,1.32,1.73
2012.12.18 08:54:33.581,1.25001,1.25013,1.73,1.50
2012.12.18 08:54:33.770,1.24993,1.25011,1.32,1.73
2012.12.18 08:54:33.840,1.24993,1.2501,1.32,1.73
2012.12.18 08:54:33.958,1.24993,1.25006,1.32,1.73
2012.12.18 08:54:34.199,1.24992,1.25006,1.32,1.73
2012.12.18 08:54:34.619,1.24994,1.25009,1.50,1.73
2012.12.18 08:54:34.679,1.24994,1.25012,1.73,2.38
2012.12.18 08:54:34.798,1.24995,1.25012,1.73,1.63
2012.12.18 08:54:35.311,1.24996,1.25012,1.88,1.73
2012.12.18 08:54:35.438,1.24997,1.25012,1.32,1.73
2012.12.18 08:54:36.109,1.24997,1.25015,2.29,1.73
2012.12.18 08:54:38.339,1.24997,1.25015,1.73,1.73
2012.12.18 08:54:42.037,1.24997,1.25014,1.73,2.38
2012.12.18 08:54:45.078,1.24998,1.25014,1.50,1.63
2012.12.18 08:54:47.838,1.25,1.25015,1.50,2.15
2012.12.18 08:54:47.959,1.25,1.25015,1.73,1.50
2012.12.18 08:54:48.569,1.25,1.25016,1.73,1.50
2012.12.18 08:54:49.330,1.24998,1.25013,1.73,1.50
2012.12.18 08:54:49.639,1.24994,1.25008,2.44,1.73
2012.12.18 08:54:50.100,1.24993,1.2501,1.88,1.73
2012.12.18 08:54:51.849,1.24993,1.2501,1.13,1.73
2012.12.18 08:54:51.922,1.24993,1.2501,1.73,1.73
2012.12.18 08:54:52.238,1.24997,1.25012,1.54,1.40
2012.12.18 08:54:52.539,1.24997,1.25009,1.54,1.50
2012.12.18 08:54:52.781,1.24997,1.25012,1.54,2.25
2012.12.18 08:54:53.218,1.24995,1.25013,1.73,1.73
2012.12.18 08:54:53.458,1.24995,1.25014,2.48,1.73
2012.12.18 08:54:57.708,1.24996,1.25014,1.54,1.73
2012.12.18 08:55:00.450,1.24995,1.25013,1.73,1.73
2012.12.18 08:55:05.639,1.24994,1.25013,1.73,3.23
2012.12.18 08:55:06.798,1.24993,1.25008,2.29,1.50
2012.12.18 08:55:10.630,1.24993,1.25008,1.17,1.50
2012.12.18 08:55:10.998,1.24992,1.25009,2.29,2.85
2012.12.18 08:55:11.550,1.2499,1.25005,1.73,1.73
2012.12.18 08:55:11.625,1.24989,1.25008,1.73,3.23
2012.12.18 08:55:11.990,1.24988,1.25007,2.29,1.73
2012.12.18 08:55:16.151,1.24988,1.25007,1.54,2.48
2012.12.18 08:55:16.475,1.24988,1.25003,2.58,1.50
2012.12.18 08:55:16.548,1.24988,1.25002,2.58,1.50
2012.12.18 08:55:16.617,1.24988,1.25003,2.58,1.50
2012.12.18 08:55:16.837,1.24988,1.25004,1.54,1.50
2012.12.18 08:55:22.113,1.24986,1.25002,1.73,1.50
2012.12.18 08:55:22.299,1.24984,1.25,2.29,1.50
2012.12.18 08:55:22.860,1.24986,1.25001,1.73,2.25
2012.12.18 08:55:23.049,1.24986,1.25003,1.73,2.38
2012.12.18 08:55:23.168,1.24986,1.25003,1.73,2.15
2012.12.18 08:55:23.588,1.24986,1.25004,1.73,1.73
2012.12.18 08:55:23.768,1.24986,1.25003,1.73,2.25
2012.12.18 08:55:24.288,1.24986,1.25002,1.73,1.50
2012.12.18 08:55:26.400,1.24982,1.24999,1.73,1.35
2012.12.18 08:55:26.709,1.2498,1.24998,1.73,1.50
2012.12.18 08:55:26.768,1.2498,1.24997,2.48,1.50
2012.12.18 08:55:28.690,1.24978,1.24997,1.73,2.15
2012.12.18 08:55:30.352,1.24978,1.2499,1.73,1.50
2012.12.18 08:55:30.484,1.24975,1.24989,1.73,1.50
2012.12.18 08:55:30.551,1.24974,1.24989,1.50,2.48
2012.12.18 08:55:30.748,1.24971,1.24989,1.73,1.73
2012.12.18 08:55:30.870,1.24976,1.24992,2.29,1.50
2012.12.18 08:55:30.938,1.24976,1.24993,2.29,3.13
2012.12.18 08:55:30.998,1.24976,1.24992,2.29,1.40
2012.12.18 08:55:31.250,1.24977,1.24994,1.73,2.23
2012.12.18 08:55:33.250,1.24977,1.24994,1.73,1.35
2012.12.18 08:55:33.378,1.24978,1.24996,2.29,1.40
2012.12.18 08:55:34.669,1.24978,1.24996,1.73,1.47
2012.12.18 08:55:34.849,1.24976,1.24993,1.73,1.73
2012.12.18 08:55:35.370,1.24976,1.24995,1.73,3.28
2012.12.18 08:55:36.320,1.24976,1.24993,1.73,1.17
2012.12.18 08:55:36.378,1.24976,1.24993,1.73,1.17
2012.12.18 08:55:38.289,1.24976,1.24995,1.73,3.38
2012.12.18 08:55:38.598,1.24976,1.24992,1.73,1.73
2012.12.18 08:55:39.548,1.24976,1.24993,1.73,1.58
2012.12.18 08:55:39.668,1.24976,1.24993,1.73,1.58
2012.12.18 08:55:39.788,1.24976,1.24993,1.73,2.33
2012.12.18 08:55:42.148,1.24973,1.2499,1.13,1.73
2012.12.18 08:55:42.508,1.2497,1.24988,2.29,1.73
2012.12.18 08:55:42.748,1.24971,1.24991,2.48,2.38
2012.12.18 08:55:43.107,1.24978,1.24991,1.73,1.40
2012.12.18 08:55:43.232,1.24978,1.24995,1.73,3.13
2012.12.18 08:55:43.467,1.24978,1.24995,1.73,1.63
2012.12.18 08:55:51.029,1.24978,1.24995,1.73,2.10
2012.12.18 08:55:51.089,1.24978,1.24995,1.73,3.08
2012.12.18 08:55:51.168,1.24975,1.24993,1.54,1.58
2012.12.18 08:55:51.302,1.24974,1.24991,1.73,1.73
2012.12.18 08:55:51.733,1.24976,1.24991,1.54,1.73
2012.12.18 08:55:51.859,1.24976,1.24994,1.54,2.38
2012.12.18 08:55:52.098,1.24976,1.24994,1.54,1.73
2012.12.18 08:55:53.168,1.24975,1.24994,2.48,1.73
2012.12.18 08:55:53.438,1.24975,1.24993,2.29,1.73
2012.12.18 08:55:53.797,1.24976,1.24994,1.73,1.40
2012.12.18 08:55:53.923,1.24977,1.24996,1.73,3.23
2012.12.18 08:55:54.168,1.24975,1.24996,2.29,1.73
2012.12.18 08:55:56.173,1.24974,1.24993,1.73,1.50
2012.12.18 08:55:56.501,1.24972,1.2499,2.29,1.50
2012.12.18 08:55:57.044,1.2497,1.24987,2.48,1.65
2012.12.18 08:55:57.120,1.2497,1.24987,2.48,1.88
2012.12.18 08:55:57.521,1.2497,1.24989,2.63,1.50
2012.12.18 08:55:58.889,1.24973,1.24989,1.13,1.50
2012.12.18 08:56:00.169,1.24972,1.24989,1.88,1.50
2012.12.18 08:56:00.500,1.24972,1.24988,1.13,1.73
2012.12.18 08:56:00.808,1.24971,1.24988,1.13,1.50
2012.12.18 08:56:01.468,1.24972,1.2499,1.88,1.73
2012.12.18 08:56:03.569,1.24974,1.24991,1.73,1.73
2012.12.18 08:56:03.691,1.24977,1.24995,1.50,1.73
2012.12.18 08:56:03.760,1.24977,1.24996,1.73,3.13
2012.12.18 08:56:04.298,1.24979,1.24995,1.50,1.73
2012.12.18 08:56:04.432,1.24978,1.24993,1.73,1.73
2012.12.18 08:56:05.358,1.24972,1.24991,2.48,2.44
2012.12.18 08:56:05.481,1.24972,1.24989,1.50,1.88
2012.12.18 08:56:05.849,1.2497,1.24989,1.88,2.63
2012.12.18 08:56:06.171,1.24969,1.24987,1.73,1.73
2012.12.18 08:56:06.748,1.24969,1.24985,1.73,1.40
2012.12.18 08:56:07.049,1.24965,1.24982,1.73,1.73
2012.12.18 08:56:08.129,1.24965,1.24982,1.73,1.73
2012.12.18 08:56:10.229,1.24963,1.24982,1.88,2.48
2012.12.18 08:56:10.979,1.24963,1.2498,1.13,1.63
2012.12.18 08:56:11.868,1.24963,1.24981,1.88,2.38
2012.12.18 08:56:11.929,1.24964,1.24981,1.73,2.38
2012.12.18 08:56:12.109,1.24969,1.24983,1.73,1.40
2012.12.18 08:56:12.169,1.24969,1.24985,1.73,3.57
2012.12.18 08:56:12.480,1.2497,1.24987,1.73,1.63
2012.12.18 08:56:12.600,1.2497,1.24987,1.73,1.63
2012.12.18 08:56:13.125,1.24969,1.24987,1.73,1.73
2012.12.18 08:56:13.671,1.24965,1.24984,2.48,1.73
2012.12.18 08:56:18.259,1.24965,1.24983,2.48,1.73
2012.12.18 08:56:20.818,1.24964,1.24982,1.73,1.50
2012.12.18 08:56:21.133,1.24962,1.24978,1.32,1.73
2012.12.18 08:56:21.259,1.24962,1.24979,1.54,2.38
2012.12.18 08:56:21.798,1.24963,1.24981,1.13,1.63
2012.12.18 08:56:22.339,1.24963,1.24982,1.13,3.69
2012.12.18 08:56:23.109,1.24963,1.24982,1.13,3.98
2012.12.18 08:56:23.231,1.24963,1.2498,1.13,1.73
2012.12.18 08:56:24.423,1.24964,1.24981,1.54,1.63
2012.12.18 08:56:24.611,1.24967,1.24982,1.73,1.63
2012.12.18 08:56:25.507,1.24965,1.24983,1.73,1.73
2012.12.18 08:56:25.645,1.24964,1.24982,1.73,2.48
2012.12.18 08:56:26.881,1.24963,1.24983,2.63,3.88
2012.12.18 08:56:27.074,1.24967,1.24983,1.73,1.50
2012.12.18 08:56:27.142,1.24969,1.24984,1.73,1.40
2012.12.18 08:56:27.281,1.24966,1.24978,1.73,3.00
2012.12.18 08:56:27.469,1.24963,1.24978,1.73,3.00
2012.12.18 08:56:27.830,1.24963,1.2498,1.73,1.63
2012.12.18 08:56:27.960,1.24961,1.24979,3.04,1.73
2012.12.18 08:56:28.468,1.2496,1.24977,1.50,1.73
2012.12.18 08:56:28.829,1.24957,1.24976,1.88,1.73
2012.12.18 08:56:29.009,1.2496,1.24977,1.50,1.54
2012.12.18 08:56:29.319,1.24964,1.2498,1.73,2.38
2012.12.18 08:56:29.628,1.24965,1.24982,1.88,2.29
2012.12.18 08:56:29.690,1.24965,1.24982,2.63,1.32
2012.12.18 08:56:30.474,1.24965,1.24982,1.88,2.07
2012.12.18 08:56:32.488,1.24965,1.24983,1.13,2.48
2012.12.18 08:56:34.631,1.24968,1.24984,2.48,2.48
2012.12.18 08:56:34.700,1.24968,1.24984,2.48,1.73
2012.12.18 08:56:34.769,1.24968,1.24984,2.48,1.73
2012.12.18 08:56:41.779,1.2497,1.24987,1.13,1.73
2012.12.18 08:56:41.968,1.24971,1.24988,2.48,1.50
2012.12.18 08:56:42.698,1.24971,1.24987,1.73,1.50
2012.12.18 08:56:42.998,1.24971,1.24985,1.73,1.73
2012.12.18 08:56:43.331,1.24968,1.24985,1.73,1.50
2012.12.18 08:56:46.409,1.24968,1.24985,1.73,1.50
2012.12.18 08:56:46.936,1.24968,1.24987,2.48,1.73
2012.12.18 08:56:48.101,1.24968,1.24987,1.73,1.73
2012.12.18 08:56:48.648,1.24968,1.24988,3.23,3.38
2012.12.18 08:57:00.318,1.24969,1.24986,1.88,1.73
2012.12.18 08:57:02.080,1.24969,1.24986,2.48,2.44
2012.12.18 08:57:02.211,1.24968,1.24985,1.73,1.13
2012.12.18 08:57:02.520,1.24968,1.24986,1.88,2.94
2012.12.18 08:57:02.653,1.24968,1.24986,1.88,2.29
2012.12.18 08:57:03.611,1.24968,1.24985,2.25,1.13
2012.12.18 08:57:03.741,1.24966,1.24981,1.50,2.48
2012.12.18 08:57:03.869,1.24964,1.24981,1.73,1.73
2012.12.18 08:57:03.929,1.24963,1.24982,1.73,1.69
2012.12.18 08:57:04.310,1.24965,1.24982,2.10,2.29
2012.12.18 08:57:04.828,1.24965,1.24982,2.10,2.29
2012.12.18 08:57:05.333,1.24965,1.24984,3.45,2.48
2012.12.18 08:57:06.419,1.24967,1.24984,1.73,1.73
2012.12.18 08:57:06.479,1.24967,1.24984,2.60,1.50
2012.12.18 08:57:06.538,1.24968,1.24986,1.73,1.32
2012.12.18 08:57:07.099,1.24971,1.24989,1.58,1.63
2012.12.18 08:57:07.278,1.24971,1.2499,1.58,2.48
2012.12.18 08:57:09.246,1.24971,1.2499,1.73,1.73
2012.12.18 08:57:09.689,1.24973,1.24992,1.50,1.78
2012.12.18 08:57:09.752,1.24972,1.2499,2.89,1.73
2012.12.18 08:57:09.940,1.24971,1.24985,1.50,1.54
2012.12.18 08:57:10.070,1.24971,1.24985,1.73,1.54
2012.12.18 08:57:10.908,1.2497,1.24986,1.50,1.73
2012.12.18 08:57:11.719,1.24967,1.24985,1.73,1.73
2012.12.18 08:57:12.449,1.24967,1.24985,2.48,1.73
2012.12.18 08:57:21.330,1.24967,1.24984,1.50,1.73
2012.12.18 08:57:32.765,1.24965,1.24984,1.73,3.04
2012.12.18 08:57:36.881,1.24967,1.24983,3.23,1.35
2012.12.18 08:57:37.129,1.24969,1.24986,1.73,1.63
2012.12.18 08:57:37.188,1.24969,1.24987,1.73,1.73
2012.12.18 08:57:37.428,1.24967,1.24987,3.23,2.38
2012.12.18 08:57:37.918,1.2497,1.24987,1.73,2.82
2012.12.18 08:57:38.438,1.24968,1.24986,2.48,1.32
2012.12.18 08:57:42.558,1.24968,1.24985,1.73,1.50
2012.12.18 08:57:42.618,1.24967,1.24984,1.73,1.50
2012.12.18 08:57:42.978,1.24966,1.24981,3.23,1.32
2012.12.18 08:57:45.350,1.24966,1.24981,1.73,1.32
2012.12.18 08:57:45.480,1.24966,1.24981,2.48,1.13
2012.12.18 08:57:45.809,1.2497,1.24986,2.33,1.44
2012.12.18 08:57:45.870,1.2497,1.24986,2.33,1.22
2012.12.18 08:57:46.378,1.2497,1.24988,2.33,1.13
2012.12.18 08:57:49.580,1.2497,1.24988,3.08,2.63
2012.12.18 08:57:49.652,1.24973,1.24988,1.13,1.13
2012.12.18 08:57:50.149,1.24973,1.24988,1.13,1.32
2012.12.18 08:57:54.839,1.24972,1.24988,2.48,1.88
2012.12.18 08:57:56.059,1.24973,1.24988,2.48,1.13
2012.12.18 08:57:57.679,1.24973,1.24989,1.88,1.32
2012.12.18 08:58:00.340,1.24974,1.24989,1.73,1.32
2012.12.18 08:58:01.859,1.24972,1.24988,2.48,1.32
2012.12.18 08:58:03.420,1.24974,1.2499,1.73,1.50
2012.12.18 08:58:10.730,1.24973,1.2499,1.73,2.25
2012.12.18 08:58:10.790,1.24973,1.2499,2.48,2.48
2012.12.18 08:58:10.978,1.24973,1.2499,2.48,2.25
2012.12.18 08:58:11.349,1.24975,1.2499,1.73,1.73
2012.12.18 08:58:11.888,1.24974,1.2499,1.73,1.50
2012.12.18 08:58:15.180,1.24975,1.2499,1.73,1.73
2012.12.18 08:58:15.739,1.24973,1.2499,1.73,1.73
2012.12.18 08:58:18.869,1.24976,1.24992,1.73,1.69
2012.12.18 08:58:19.173,1.24977,1.24989,2.10,1.54
2012.12.18 08:58:19.300,1.24975,1.24988,4.20,1.54
2012.12.18 08:58:19.434,1.24976,1.24991,1.50,2.10
2012.12.18 08:58:19.559,1.24976,1.24992,1.73,2.85
2012.12.18 08:58:20.039,1.24973,1.24988,1.73,1.54
2012.12.18 08:58:20.120,1.24972,1.24987,1.73,1.54
2012.12.18 08:58:20.430,1.24971,1.24987,1.73,1.54
2012.12.18 08:58:20.979,1.24971,1.24987,1.73,1.54
2012.12.18 08:58:27.930,1.24971,1.24989,2.48,2.48
2012.12.18 08:58:29.199,1.24972,1.24989,1.73,1.73
2012.12.18 08:58:30.468,1.24972,1.24989,1.73,1.73
2012.12.18 08:58:31.019,1.2497,1.24987,1.73,1.73
2012.12.18 08:58:31.088,1.24969,1.24987,1.73,2.48
2012.12.18 08:58:33.929,1.24969,1.24987,2.48,2.29
2012.12.18 08:58:34.494,1.24969,1.24986,1.73,1.54
2012.12.18 08:58:35.038,1.24969,1.24986,1.73,1.54
2012.12.18 08:58:35.400,1.2497,1.24988,1.73,1.13
2012.12.18 08:58:36.226,1.24972,1.24988,1.73,1.13
2012.12.18 08:58:39.260,1.24971,1.24988,1.73,1.13
2012.12.18 08:58:39.572,1.24971,1.24988,1.73,1.13
2012.12.18 08:58:44.408,1.24971,1.24988,1.88,1.54
2012.12.18 08:58:45.069,1.24971,1.24988,1.73,2.29
2012.12.18 08:58:45.370,1.24971,1.24987,1.50,2.29
2012.12.18 08:58:45.549,1.24971,1.24988,1.73,1.73
2012.12.18 08:58:45.738,1.24972,1.24989,1.73,2.38
2012.12.18 08:58:46.938,1.24971,1.24988,2.48,2.10
2012.12.18 08:58:47.059,1.24971,1.24988,2.48,2.10
2012.12.18 08:58:48.369,1.24972,1.24987,1.73,1.35
2012.12.18 08:58:48.908,1.24967,1.24985,3.23,1.54
2012.12.18 08:58:49.230,1.24967,1.24985,3.23,1.54
2012.12.18 08:58:50.133,1.24967,1.24985,2.48,1.54
2012.12.18 08:58:50.380,1.24968,1.24986,1.73,1.54
2012.12.18 08:58:50.951,1.24971,1.24989,1.73,1.50
2012.12.18 08:58:51.021,1.24973,1.2499,2.48,2.90
2012.12.18 08:58:51.271,1.24972,1.24991,3.23,1.73
2012.12.18 08:58:54.090,1.2497,1.24987,1.73,1.73
2012.12.18 08:59:12.000,1.24969,1.24985,2.48,1.54
2012.12.18 08:59:12.589,1.24968,1.24984,2.48,1.73
2012.12.18 08:59:14.881,1.24966,1.24984,4.13,1.54
2012.12.18 08:59:14.951,1.24967,1.24984,1.73,1.54
2012.12.18 08:59:15.259,1.24969,1.24986,1.73,2.10
2012.12.18 08:59:16.219,1.24969,1.24986,2.48,1.73
2012.12.18 08:59:16.804,1.24973,1.24988,1.73,1.13
2012.12.18 08:59:17.119,1.24975,1.24991,1.13,2.82
2012.12.18 08:59:17.180,1.24975,1.24991,1.13,2.07
2012.12.18 08:59:17.358,1.24976,1.24993,1.73,1.73
2012.12.18 08:59:19.038,1.24975,1.24993,1.80,2.48
2012.12.18 08:59:19.158,1.24975,1.24992,1.80,1.73
2012.12.18 08:59:19.400,1.24974,1.24993,1.73,2.48
2012.12.18 08:59:19.710,1.24974,1.24993,1.73,1.73
2012.12.18 08:59:20.960,1.24977,1.24994,1.73,1.13
2012.12.18 08:59:21.090,1.24976,1.24995,1.73,2.63
2012.12.18 08:59:21.450,1.24976,1.24995,2.48,3.38
2012.12.18 08:59:22.369,1.24976,1.24995,2.48,3.42
2012.12.18 08:59:22.839,1.24976,1.24995,1.73,3.42
2012.12.18 08:59:23.358,1.24976,1.24995,2.48,2.44
2012.12.18 08:59:26.370,1.2498,1.24996,1.73,1.32
2012.12.18 08:59:26.750,1.2498,1.24997,1.73,1.50
2012.12.18 08:59:28.609,1.24981,1.25,3.00,2.63
2012.12.18 08:59:28.669,1.24981,1.24999,1.65,2.25
2012.12.18 08:59:29.088,1.24981,1.24998,1.73,1.50
2012.12.18 08:59:29.270,1.24981,1.24998,1.73,1.73
2012.12.18 08:59:29.388,1.24981,1.24997,1.73,1.50
2012.12.18 08:59:29.508,1.24981,1.24997,1.73,1.73
2012.12.18 08:59:30.022,1.24979,1.24998,1.73,2.48
2012.12.18 08:59:30.268,1.24979,1.24998,2.33,1.50
2012.12.18 08:59:30.508,1.24978,1.24998,1.73,2.48
2012.12.18 08:59:30.629,1.24978,1.24995,1.73,1.32
2012.12.18 08:59:30.955,1.24977,1.24991,3.68,1.50
2012.12.18 08:59:31.389,1.24971,1.2499,2.48,1.73
2012.12.18 08:59:34.161,1.24972,1.2499,1.73,1.73
2012.12.18 08:59:34.479,1.24973,1.2499,1.58,1.50
2012.12.18 08:59:34.868,1.24977,1.24994,1.73,2.53
2012.12.18 08:59:35.858,1.24979,1.24996,1.73,2.25
2012.12.18 08:59:36.390,1.24979,1.24996,1.73,1.69
2012.12.18 08:59:39.681,1.24979,1.24994,1.73,3.00
2012.12.18 08:59:39.811,1.24977,1.2499,1.50,1.54
2012.12.18 08:59:40.059,1.24976,1.24993,2.48,2.25
2012.12.18 08:59:40.360,1.24976,1.24988,1.50,1.54
2012.12.18 08:59:40.660,1.24977,1.24992,1.58,2.25
2012.12.18 08:59:40.788,1.24978,1.24994,1.73,2.15
2012.12.18 08:59:41.399,1.24978,1.24993,1.73,1.13
2012.12.18 08:59:41.531,1.24977,1.24992,1.73,1.13
2012.12.18 08:59:41.721,1.24977,1.24994,1.73,1.73
2012.12.18 08:59:42.090,1.24976,1.24994,1.13,1.50
2012.12.18 08:59:42.778,1.24977,1.24995,1.73,1.13
2012.12.18 08:59:44.130,1.24976,1.24994,1.13,1.50
2012.12.18 08:59:44.562,1.24979,1.24996,1.73,2.15
2012.12.18 08:59:45.949,1.24981,1.24999,1.73,1.73
2012.12.18 08:59:46.321,1.24982,1.25,1.58,3.00
2012.12.18 08:59:47.792,1.24981,1.25,1.88,3.23
2012.12.18 08:59:48.750,1.24981,1.24999,1.13,2.25
2012.12.18 08:59:49.059,1.24985,1.25002,2.63,1.50
2012.12.18 08:59:49.118,1.24985,1.25002,2.63,1.50
2012.12.18 08:59:50.461,1.24989,1.25006,1.73,1.73
2012.12.18 08:59:50.840,1.2499,1.25007,1.73,1.50
2012.12.18 08:59:51.329,1.24993,1.2501,1.73,2.40
2012.12.18 08:59:51.798,1.2499,1.25009,3.08,1.65
2012.12.18 08:59:54.403,1.24992,1.2501,1.73,2.40
2012.12.18 08:59:55.608,1.24996,1.25009,3.23,1.13
2012.12.18 08:59:55.938,1.25001,1.25014,1.58,1.40
2012.12.18 08:59:56.240,1.24998,1.25012,2.18,1.50
2012.12.18 08:59:56.420,1.24998,1.25009,2.18,1.32
2012.12.18 08:59:56.479,1.24998,1.25008,1.20,1.54
2012.12.18 08:59:56.550,1.24993,1.25007,1.73,1.54
2012.12.18 08:59:58.255,1.2499,1.25007,2.48,2.29
2012.12.18 08:59:58.380,1.24995,1.25009,1.54,1.54
2012.12.18 08:59:58.707,1.25,1.25012,1.58,1.40
2012.12.18 08:59:58.936,1.25001,1.25017,2.14,3.00
2012.12.18 08:59:59.153,1.25007,1.25017,3.00,1.50
2012.12.18 08:59:59.490,1.25014,1.25028,1.21,1.95
2012.12.18 08:59:59.970,1.25011,1.25024,1.47,1.13
