2010.01.26 23:00:00.315,1.565,1.56535,1.50,1.00
2010.01.26 23:00:00.675,1.56495,1.5654,1.50,1.50
2010.01.26 23:00:01.085,1.5648,1.56535,1.50,1.50
2010.01.26 23:00:03.754,1.5648,1.56535,1.50,1.60
2010.01.26 23:00:03.984,1.5644,1.5653,1.50,1.50
2010.01.26 23:00:09.793,1.5645,1.56525,1.50,1.50
2010.01.26 23:00:12.062,1.56455,1.56525,1.00,1.50
2010.01.26 23:00:12.362,1.56475,1.5653,1.50,1.50
2010.01.26 23:00:14.711,1.56475,1.5653,1.60,1.50
2010.01.26 23:00:24.459,1.56475,1.5653,1.50,1.60
2010.01.26 23:00:57.691,1.5649,1.5653,1.50,1.50
2010.01.26 23:01:06.769,1.5649,1.5653,1.50,1.60
2010.01.26 23:01:10.558,1.5648,1.56515,1.00,1.50
2010.01.26 23:01:10.918,1.5644,1.56515,1.50,1.60
2010.01.26 23:01:13.417,1.5646,1.56505,1.50,1.50
2010.01.26 23:01:17.886,1.56465,1.5652,1.50,1.50
2010.01.26 23:01:22.525,1.56465,1.5653,1.50,1.60
2010.01.26 23:01:23.215,1.56465,1.56515,1.50,1.50
2010.01.26 23:01:25.824,1.56465,1.56515,1.50,1.60
2010.01.26 23:01:27.674,1.5646,1.56505,1.50,1.50
2010.01.26 23:01:28.064,1.5645,1.56505,1.50,1.60
2010.01.26 23:01:28.284,1.56445,1.565,1.50,1.50
2010.01.26 23:01:28.464,1.56435,1.565,2.80,1.60
2010.01.26 23:01:28.684,1.56435,1.565,1.50,1.60
2010.01.26 23:01:32.063,1.56435,1.565,1.50,1.50
2010.01.26 23:01:38.751,1.5642,1.5648,1.50,1.50
2010.01.26 23:01:39.031,1.56425,1.5648,1.00,1.50
2010.01.26 23:01:39.201,1.56435,1.565,1.50,1.50
2010.01.26 23:01:39.321,1.5645,1.56505,1.50,1.60
2010.01.26 23:01:40.691,1.5645,1.56505,1.60,1.60
2010.01.26 23:01:41.680,1.5645,1.56505,1.60,1.50
2010.01.26 23:01:49.718,1.5645,1.56485,1.50,1.50
2010.01.26 23:01:51.691,1.5644,1.5648,1.60,1.60
2010.01.26 23:01:51.918,1.5644,1.5648,1.60,1.50
2010.01.26 23:01:52.438,1.5645,1.56485,1.50,1.50
2010.01.26 23:01:56.817,1.5645,1.56495,1.50,1.50
2010.01.26 23:02:00.906,1.5646,1.565,1.50,1.50
2010.01.26 23:02:24.080,1.56465,1.56515,1.50,2.80
2010.01.26 23:02:24.380,1.56465,1.56515,1.50,1.60
2010.01.26 23:02:41.566,1.5646,1.565,1.50,1.50
2010.01.26 23:03:13.638,1.56465,1.56505,1.50,1.00
2010.01.26 23:03:13.968,1.56465,1.5651,1.50,1.50
2010.01.26 23:03:20.637,1.56465,1.5651,1.50,1.60
2010.01.26 23:03:28.955,1.5646,1.56495,1.50,1.50
2010.01.26 23:03:29.125,1.56465,1.5651,1.50,1.60
2010.01.26 23:03:29.704,1.56455,1.56495,1.50,1.60
2010.01.26 23:03:30.054,1.56455,1.56495,1.50,1.50
2010.01.26 23:03:30.734,1.56455,1.56495,1.60,1.50
2010.01.26 23:03:33.764,1.56455,1.56495,1.60,1.60
2010.01.26 23:03:35.483,1.5647,1.5651,1.50,1.60
2010.01.26 23:03:36.403,1.5647,1.56505,1.50,1.00
2010.01.26 23:03:36.573,1.5647,1.565,1.50,1.50
2010.01.26 23:03:37.612,1.5647,1.565,1.50,1.60
2010.01.26 23:03:40.022,1.5648,1.56505,1.50,1.00
2010.01.26 23:03:41.882,1.5648,1.5651,1.50,1.50
2010.01.26 23:03:43.311,1.5647,1.565,1.50,1.50
2010.01.26 23:03:45.670,1.5647,1.565,1.60,1.50
2010.01.26 23:03:49.360,1.5647,1.565,1.60,1.50
2010.01.26 23:03:49.530,1.5648,1.5651,1.50,1.50
2010.01.26 23:03:50.639,1.5648,1.5651,1.60,1.50
2010.01.26 23:03:50.929,1.5648,1.5651,1.50,1.50
2010.01.26 23:03:58.338,1.5648,1.5651,1.50,1.60
2010.01.26 23:03:58.987,1.5648,1.5651,1.50,1.50
2010.01.26 23:03:59.337,1.5649,1.5652,1.50,1.50
2010.01.26 23:03:59.857,1.56495,1.5653,1.50,1.50
2010.01.26 23:04:01.137,1.56485,1.5653,3.00,1.50
2010.01.26 23:04:01.427,1.56485,1.5653,1.50,1.60
2010.01.26 23:04:03.756,1.56485,1.56525,1.50,1.70
2010.01.26 23:04:12.574,1.56475,1.5651,1.50,1.50
2010.01.26 23:04:13.744,1.56455,1.56495,1.50,1.60
2010.01.26 23:04:13.904,1.56455,1.565,1.50,1.60
2010.01.26 23:04:14.134,1.56445,1.5649,1.50,1.50
2010.01.26 23:04:15.423,1.56435,1.5648,1.50,1.60
2010.01.26 23:04:18.293,1.56445,1.5648,1.50,1.50
2010.01.26 23:04:19.502,1.56435,1.56485,1.50,1.10
2010.01.26 23:04:19.722,1.56435,1.5649,1.50,1.50
2010.01.26 23:04:21.242,1.56455,1.56495,1.50,1.50
2010.01.26 23:04:21.652,1.56455,1.56505,1.50,1.60
2010.01.26 23:04:21.822,1.56455,1.56505,1.50,1.50
2010.01.26 23:04:25.181,1.56465,1.56495,1.50,1.50
2010.01.26 23:04:28.950,1.5646,1.5649,1.50,1.50
2010.01.26 23:04:33.609,1.56455,1.56485,1.50,1.60
2010.01.26 23:04:33.949,1.56455,1.56485,1.50,1.50
2010.01.26 23:04:37.708,1.56435,1.56475,1.50,1.50
2010.01.26 23:04:38.358,1.56435,1.56475,1.60,1.50
2010.01.26 23:04:39.018,1.5644,1.56475,1.00,1.50
2010.01.26 23:04:39.318,1.5644,1.5648,1.60,1.60
2010.01.26 23:04:41.967,1.5644,1.5648,1.60,1.00
2010.01.26 23:04:42.537,1.5644,1.5648,1.60,1.00
2010.01.26 23:04:42.827,1.5644,1.5648,1.60,1.50
2010.01.26 23:04:46.346,1.5645,1.56495,1.50,1.50
2010.01.26 23:04:47.806,1.5644,1.56475,1.00,1.50
2010.01.26 23:04:48.136,1.5645,1.56495,1.50,1.50
2010.01.26 23:04:49.945,1.5644,1.56475,1.30,1.60
2010.01.26 23:04:50.305,1.56435,1.5647,1.50,1.50
2010.01.26 23:04:50.645,1.56445,1.5648,1.50,1.10
2010.01.26 23:04:50.975,1.56445,1.5654,1.50,1.50
2010.01.26 23:04:52.334,1.56445,1.56525,1.50,2.60
2010.01.26 23:04:52.554,1.5644,1.56525,1.50,1.20
2010.01.26 23:04:52.775,1.5645,1.56535,1.50,1.00
2010.01.26 23:04:53.054,1.5644,1.56525,1.50,1.00
2010.01.26 23:04:54.294,1.56445,1.56525,1.50,1.00
2010.01.26 23:04:54.514,1.56445,1.56535,1.50,1.60
2010.01.26 23:04:54.684,1.56445,1.56535,1.50,1.50
2010.01.26 23:04:54.914,1.5645,1.5654,1.50,1.50
2010.01.26 23:04:56.184,1.5647,1.56545,1.50,1.50
2010.01.26 23:04:56.413,1.5647,1.56555,1.50,1.10
2010.01.26 23:04:56.594,1.5647,1.5656,1.50,1.50
2010.01.26 23:04:58.663,1.5648,1.56555,1.50,1.60
2010.01.26 23:05:03.462,1.5648,1.56555,1.50,1.50
2010.01.26 23:05:03.812,1.5648,1.5656,1.50,1.50
2010.01.26 23:05:04.792,1.56475,1.5654,1.50,1.50
2010.01.26 23:05:05.152,1.56485,1.56545,1.50,1.50
2010.01.26 23:05:05.501,1.56475,1.5654,1.50,1.50
2010.01.26 23:05:06.591,1.5647,1.56525,1.50,1.50
2010.01.26 23:05:06.761,1.5647,1.56525,1.50,1.60
2010.01.26 23:05:07.621,1.5647,1.56525,1.50,1.50
2010.01.26 23:05:07.971,1.5647,1.56525,1.50,1.60
2010.01.26 23:05:08.321,1.5647,1.56525,1.50,1.50
2010.01.26 23:05:09.061,1.5647,1.56525,1.50,1.60
2010.01.26 23:05:09.860,1.5647,1.56525,1.60,1.50
2010.01.26 23:05:11.370,1.5647,1.56535,1.60,1.10
2010.01.26 23:05:11.790,1.5647,1.56525,1.50,1.00
2010.01.26 23:05:11.960,1.5647,1.56535,1.60,1.10
2010.01.26 23:05:12.479,1.5647,1.56525,1.60,1.50
2010.01.26 23:05:12.829,1.5647,1.56525,1.50,1.60
2010.01.26 23:05:13.509,1.5647,1.56525,1.60,1.50
2010.01.26 23:05:14.959,1.5647,1.56525,1.50,1.60
2010.01.26 23:05:15.479,1.5647,1.56525,1.60,1.50
2010.01.26 23:05:19.418,1.5647,1.56525,1.50,1.60
2010.01.26 23:05:19.758,1.5647,1.56525,1.60,1.50
2010.01.26 23:05:25.167,1.5647,1.5651,1.50,1.50
2010.01.26 23:05:27.756,1.5646,1.5651,3.00,1.60
2010.01.26 23:05:28.446,1.5647,1.56515,1.50,1.10
2010.01.26 23:05:29.316,1.5647,1.5651,1.50,1.60
2010.01.26 23:05:29.836,1.5647,1.5651,1.50,1.00
2010.01.26 23:05:30.515,1.5647,1.5651,1.50,1.60
2010.01.26 23:05:47.081,1.5647,1.5651,1.50,1.50
2010.01.26 23:05:47.251,1.5648,1.5652,1.50,1.10
2010.01.26 23:05:47.601,1.5647,1.56565,3.00,1.60
2010.01.26 23:05:49.771,1.56495,1.5656,1.50,1.60
2010.01.26 23:05:55.879,1.56505,1.5656,1.50,1.00
2010.01.26 23:05:56.989,1.56505,1.5656,1.50,1.60
2010.01.26 23:05:57.509,1.565,1.56555,1.30,1.60
2010.01.26 23:05:57.739,1.5648,1.5654,1.50,3.10
2010.01.26 23:05:58.089,1.56475,1.5654,1.50,6.30
2010.01.26 23:05:58.798,1.5648,1.56545,1.60,6.30
2010.01.26 23:05:59.388,1.5648,1.5654,1.60,3.20
2010.01.26 23:06:00.828,1.5649,1.56555,1.50,6.30
2010.01.26 23:06:01.068,1.5649,1.56555,1.60,6.30
2010.01.26 23:06:01.298,1.56505,1.56555,1.50,3.10
2010.01.26 23:06:01.478,1.56505,1.56555,1.50,6.30
2010.01.26 23:06:02.318,1.56485,1.56545,1.50,1.50
2010.01.26 23:06:02.667,1.56485,1.5654,1.50,3.90
2010.01.26 23:06:03.007,1.56465,1.56525,1.60,1.50
2010.01.26 23:06:03.297,1.56425,1.5652,1.60,1.50
2010.01.26 23:06:03.577,1.564,1.5648,1.60,1.50
2010.01.26 23:06:04.787,1.5639,1.5645,1.50,1.50
2010.01.26 23:06:05.117,1.56395,1.56455,1.60,1.50
2010.01.26 23:06:05.457,1.56395,1.5649,1.50,3.20
2010.01.26 23:06:05.807,1.56415,1.565,1.50,1.50
2010.01.26 23:06:06.157,1.56385,1.56495,1.50,1.50
2010.01.26 23:06:07.526,1.56385,1.5646,1.50,1.50
2010.01.26 23:06:08.236,1.5639,1.56465,1.50,1.50
2010.01.26 23:06:08.866,1.56405,1.5646,1.50,1.60
2010.01.26 23:06:09.386,1.56395,1.5645,1.20,1.50
2010.01.26 23:06:09.606,1.564,1.5645,1.00,1.50
2010.01.26 23:06:09.887,1.564,1.5645,2.90,1.50
2010.01.26 23:06:10.116,1.5641,1.56465,1.60,1.60
2010.01.26 23:06:10.356,1.5641,1.56465,1.50,1.60
2010.01.26 23:06:10.746,1.564,1.56475,1.60,2.90
2010.01.26 23:06:11.086,1.5641,1.56475,1.60,1.50
2010.01.26 23:06:11.775,1.5643,1.56475,1.20,1.50
2010.01.26 23:06:12.116,1.5644,1.5648,1.50,1.50
2010.01.26 23:06:13.515,1.564,1.56475,1.60,1.50
2010.01.26 23:06:14.395,1.56405,1.5647,1.00,1.50
2010.01.26 23:06:14.635,1.56435,1.5649,1.50,1.20
2010.01.26 23:06:14.905,1.56435,1.56505,1.50,1.50
2010.01.26 23:06:17.494,1.56445,1.56505,1.60,1.50
2010.01.26 23:06:19.723,1.56465,1.5652,1.50,1.20
2010.01.26 23:06:20.063,1.5646,1.56525,1.60,1.60
2010.01.26 23:06:20.173,1.56455,1.5652,1.50,1.60
2010.01.26 23:06:20.333,1.5645,1.565,1.50,1.50
2010.01.26 23:06:22.663,1.5645,1.5649,1.50,1.60
2010.01.26 23:06:24.974,1.5645,1.56495,1.50,1.50
2010.01.26 23:06:25.094,1.56445,1.56495,2.80,1.60
2010.01.26 23:06:25.264,1.56445,1.56495,1.50,1.60
2010.01.26 23:06:28.163,1.56445,1.56495,1.50,1.00
2010.01.26 23:06:31.662,1.56445,1.565,1.50,1.60
2010.01.26 23:06:33.932,1.56455,1.565,1.50,1.50
2010.01.26 23:06:37.731,1.56455,1.565,1.50,1.60
2010.01.26 23:07:22.600,1.56455,1.565,1.50,1.50
2010.01.26 23:07:35.787,1.56465,1.5651,1.50,1.50
2010.01.26 23:07:41.846,1.56465,1.56505,1.50,1.60
2010.01.26 23:07:44.735,1.56465,1.56505,1.50,1.50
2010.01.26 23:07:44.905,1.56465,1.5651,1.50,1.50
2010.01.26 23:07:45.025,1.56465,1.5651,1.50,2.60
2010.01.26 23:07:45.205,1.56465,1.56495,1.50,1.50
2010.01.26 23:07:46.234,1.5646,1.5649,1.50,1.50
2010.01.26 23:07:48.094,1.56445,1.56485,1.50,1.50
2010.01.26 23:07:48.614,1.56445,1.5648,1.50,1.50
2010.01.26 23:07:54.772,1.56445,1.56485,1.50,1.50
2010.01.26 23:07:55.362,1.56435,1.5648,1.20,1.50
2010.01.26 23:07:55.652,1.5643,1.5648,1.50,1.50
2010.01.26 23:08:00.191,1.5643,1.5648,1.60,1.50
2010.01.26 23:08:00.481,1.56445,1.56485,1.50,1.50
2010.01.26 23:08:00.771,1.56435,1.56485,1.50,1.50
2010.01.26 23:08:02.920,1.56455,1.56485,1.50,1.50
2010.01.26 23:08:05.700,1.5645,1.5648,1.50,1.50
2010.01.26 23:08:06.460,1.5645,1.5648,1.60,1.50
2010.01.26 23:08:06.630,1.5645,1.5648,1.60,1.50
2010.01.26 23:08:06.870,1.56455,1.56485,1.50,1.50
2010.01.26 23:08:08.499,1.56445,1.56485,1.50,1.50
2010.01.26 23:08:09.609,1.5645,1.56485,1.00,1.50
2010.01.26 23:08:09.849,1.56455,1.56495,1.50,1.50
2010.01.26 23:08:11.728,1.56455,1.56495,1.60,1.50
2010.01.26 23:08:12.009,1.5646,1.5651,1.50,1.50
2010.01.26 23:08:12.698,1.5647,1.5651,1.50,1.50
2010.01.26 23:08:15.617,1.56465,1.5651,1.50,1.50
2010.01.26 23:08:18.377,1.5648,1.5651,1.50,1.50
2010.01.26 23:08:21.746,1.56485,1.5655,1.50,1.50
2010.01.26 23:08:24.045,1.56485,1.5654,1.60,1.50
2010.01.26 23:08:24.385,1.565,1.56545,1.50,1.50
2010.01.26 23:08:27.855,1.565,1.56545,1.60,1.50
2010.01.26 23:08:28.024,1.56505,1.56585,1.50,1.50
2010.01.26 23:08:38.962,1.56505,1.5657,1.50,1.50
2010.01.26 23:08:42.011,1.565,1.56565,1.50,1.50
2010.01.26 23:08:42.581,1.5649,1.5656,1.60,1.50
2010.01.26 23:08:46.450,1.5649,1.5656,1.50,1.60
2010.01.26 23:08:46.740,1.5649,1.56555,1.50,1.50
2010.01.26 23:08:51.819,1.56495,1.5656,1.60,1.60
2010.01.26 23:08:59.397,1.56495,1.5656,1.50,1.60
2010.01.26 23:08:59.737,1.5648,1.56555,1.50,1.60
2010.01.26 23:09:00.017,1.56465,1.56555,1.60,1.60
2010.01.26 23:09:06.895,1.56465,1.56545,1.50,1.00
2010.01.26 23:09:07.295,1.56455,1.5654,1.60,1.50
2010.01.26 23:09:12.064,1.5645,1.56535,1.50,1.50
2010.01.26 23:09:16.353,1.56445,1.56515,1.50,1.50
2010.01.26 23:09:19.902,1.56445,1.5649,1.50,1.00
2010.01.26 23:09:20.192,1.56435,1.56485,1.50,1.50
2010.01.26 23:09:22.581,1.56435,1.56485,1.60,1.50
2010.01.26 23:09:22.981,1.56455,1.56495,1.50,1.50
2010.01.26 23:09:24.481,1.56465,1.565,1.50,1.50
2010.01.26 23:09:26.660,1.5647,1.565,1.00,1.50
2010.01.26 23:09:26.840,1.5647,1.565,1.00,1.50
2010.01.26 23:09:27.001,1.56475,1.56505,1.50,1.50
2010.01.26 23:09:27.350,1.56475,1.56505,1.60,1.50
2010.01.26 23:09:27.510,1.5648,1.56545,1.50,1.50
2010.01.26 23:09:28.750,1.5648,1.56535,1.60,1.50
2010.01.26 23:09:31.269,1.56465,1.5653,1.50,1.50
2010.01.26 23:09:31.439,1.56455,1.56535,1.20,1.70
2010.01.26 23:09:31.559,1.5645,1.5653,1.60,1.50
2010.01.26 23:09:37.408,1.56455,1.5653,1.00,1.50
2010.01.26 23:09:37.578,1.56455,1.56535,1.60,1.60
2010.01.26 23:09:38.028,1.56465,1.56545,1.60,1.50
2010.01.26 23:09:38.198,1.5647,1.56535,1.50,1.00
2010.01.26 23:09:38.528,1.56455,1.56535,1.60,1.60
2010.01.26 23:09:40.527,1.5645,1.5653,1.60,1.50
2010.01.26 23:09:41.157,1.56455,1.5653,1.50,1.50
2010.01.26 23:09:46.606,1.56455,1.56525,1.50,1.00
2010.01.26 23:09:46.776,1.56445,1.56525,1.60,1.60
2010.01.26 23:09:47.355,1.56445,1.56525,1.60,2.00
2010.01.26 23:09:48.585,1.5644,1.5652,1.50,2.00
2010.01.26 23:09:53.114,1.56425,1.565,1.60,1.50
2010.01.26 23:09:53.564,1.56425,1.565,2.90,1.50
2010.01.26 23:09:53.914,1.56425,1.56515,1.50,2.00
2010.01.26 23:09:54.254,1.5641,1.565,2.80,1.50
2010.01.26 23:09:54.634,1.56415,1.5651,1.50,1.60
2010.01.26 23:09:54.974,1.56415,1.5652,1.00,1.50
2010.01.26 23:09:56.313,1.56405,1.56495,1.40,1.50
2010.01.26 23:09:56.613,1.5641,1.565,1.00,1.60
2010.01.26 23:09:57.773,1.56415,1.5649,1.00,1.50
2010.01.26 23:09:58.063,1.5642,1.56495,1.50,1.50
2010.01.26 23:09:59.802,1.5642,1.565,1.60,1.50
2010.01.26 23:10:00.042,1.56425,1.5651,1.50,1.50
2010.01.26 23:10:00.842,1.56435,1.56515,1.50,1.50
2010.01.26 23:10:06.221,1.56435,1.5651,1.50,1.00
2010.01.26 23:10:06.451,1.5643,1.56505,1.50,1.50
2010.01.26 23:10:09.020,1.56445,1.56525,1.60,1.60
2010.01.26 23:10:09.310,1.56445,1.56525,1.60,2.00
2010.01.26 23:10:11.919,1.56455,1.56535,1.50,1.60
2010.01.26 23:10:12.149,1.5646,1.56545,1.50,1.50
2010.01.26 23:10:12.559,1.56465,1.5655,1.50,1.50
2010.01.26 23:10:16.328,1.5646,1.56545,1.50,1.50
2010.01.26 23:10:20.287,1.56455,1.56545,1.50,1.70
2010.01.26 23:10:21.497,1.5646,1.56545,1.50,1.50
2010.01.26 23:10:26.236,1.56465,1.5655,1.50,1.50
2010.01.26 23:10:26.696,1.56465,1.5655,1.60,1.50
2010.01.26 23:10:26.866,1.56465,1.5655,1.60,1.50
2010.01.26 23:10:27.756,1.56465,1.5655,1.50,1.50
2010.01.26 23:10:29.225,1.56465,1.5655,1.60,1.50
2010.01.26 23:10:30.535,1.56465,1.5655,1.50,1.50
2010.01.26 23:10:30.825,1.56465,1.5655,1.60,1.50
2010.01.26 23:10:31.855,1.56465,1.5655,1.50,1.50
2010.01.26 23:10:32.204,1.56465,1.5655,1.60,1.50
2010.01.26 23:10:32.324,1.56465,1.5655,1.60,1.50
2010.01.26 23:10:38.593,1.56465,1.5655,1.50,1.50
2010.01.26 23:10:38.923,1.56455,1.56545,1.50,1.50
2010.01.26 23:10:41.252,1.5645,1.56535,1.50,1.50
2010.01.26 23:10:41.762,1.56455,1.56545,1.50,1.50
2010.01.26 23:10:55.619,1.56455,1.56545,1.60,1.50
2010.01.26 23:10:55.969,1.56465,1.5655,1.50,1.50
2010.01.26 23:10:57.729,1.56465,1.5655,1.60,1.50
2010.01.26 23:11:05.736,1.5647,1.5654,2.40,2.40
2010.01.26 23:11:05.916,1.56475,1.5654,2.40,4.80
2010.01.26 23:11:41.598,1.56475,1.5654,4.80,2.40
2010.01.26 23:11:41.938,1.56525,1.56595,1.50,1.10
2010.01.26 23:11:42.238,1.5653,1.566,2.40,1.60
2010.01.26 23:11:42.568,1.5651,1.566,4.80,1.60
2010.01.26 23:11:42.917,1.56525,1.56585,2.40,1.60
2010.01.26 23:11:43.597,1.56525,1.56585,2.40,1.60
2010.01.26 23:11:43.887,1.56525,1.56585,2.40,1.60
2010.01.26 23:11:44.167,1.5653,1.56585,2.40,1.60
2010.01.26 23:11:46.227,1.5653,1.5657,2.40,1.50
2010.01.26 23:11:46.337,1.5653,1.5658,2.40,1.50
2010.01.26 23:11:46.517,1.56525,1.5658,2.40,1.50
2010.01.26 23:11:46.627,1.5652,1.5659,4.80,1.50
2010.01.26 23:11:46.866,1.56525,1.5659,4.80,1.50
2010.01.26 23:11:47.776,1.56525,1.5659,4.80,1.60
2010.01.26 23:11:48.566,1.56515,1.5658,6.30,4.80
2010.01.26 23:11:48.796,1.56515,1.56575,1.50,4.80
2010.01.26 23:11:56.294,1.56515,1.5657,1.50,1.50
2010.01.26 23:11:56.464,1.56515,1.5657,1.50,6.30
2010.01.26 23:12:02.283,1.56525,1.56575,1.50,1.00
2010.01.26 23:12:02.573,1.56515,1.5657,1.50,6.30
2010.01.26 23:12:07.202,1.56505,1.5655,5.40,1.50
2010.01.26 23:12:07.322,1.56505,1.5655,3.90,1.50
2010.01.26 23:12:07.501,1.56505,1.5655,1.50,1.50
2010.01.26 23:12:08.741,1.56515,1.5658,1.50,6.30
2010.01.26 23:12:10.831,1.5653,1.5657,1.50,4.80
2010.01.26 23:12:11.061,1.5653,1.56575,1.50,1.50
2010.01.26 23:12:14.440,1.56545,1.56585,1.50,4.00
2010.01.26 23:12:14.550,1.56545,1.56585,1.50,3.90
2010.01.26 23:12:14.720,1.56555,1.56585,1.50,2.40
2010.01.26 23:12:14.880,1.56515,1.5658,1.50,4.80
2010.01.26 23:12:15.230,1.56515,1.56585,1.50,4.80
2010.01.26 23:12:16.769,1.56545,1.56595,1.50,1.50
2010.01.26 23:12:20.408,1.5656,1.56605,1.50,4.80
2010.01.26 23:12:20.588,1.5656,1.5661,1.50,3.90
2010.01.26 23:12:34.205,1.5656,1.5661,1.50,4.00
2010.01.26 23:12:34.495,1.5656,1.5661,1.50,3.90
2010.01.26 23:12:35.195,1.5656,1.5661,1.50,4.00
2010.01.26 23:12:35.365,1.56555,1.5661,1.70,3.90
2010.01.26 23:12:35.755,1.5656,1.5661,1.50,4.00
2010.01.26 23:12:38.534,1.5655,1.56605,1.50,1.50
2010.01.26 23:12:38.824,1.56535,1.566,4.80,4.80
2010.01.26 23:12:39.124,1.5653,1.56595,6.30,4.80
2010.01.26 23:12:39.404,1.56525,1.56585,1.60,4.80
2010.01.26 23:12:39.624,1.5653,1.56595,6.30,4.80
2010.01.26 23:12:47.062,1.5655,1.56595,1.50,2.40
2010.01.26 23:12:47.232,1.5655,1.5661,1.50,4.00
2010.01.26 23:12:47.452,1.5655,1.5661,1.50,3.90
2010.01.26 23:12:50.651,1.56565,1.5661,1.50,3.90
2010.01.26 23:12:50.871,1.56565,1.5661,1.50,1.50
2010.01.26 23:12:52.471,1.56555,1.56605,2.40,1.50
2010.01.26 23:12:52.641,1.5654,1.56605,3.90,6.30
2010.01.26 23:12:52.811,1.5654,1.566,1.50,4.80
2010.01.26 23:12:53.800,1.5656,1.56605,1.30,3.90
2010.01.26 23:12:54.150,1.5654,1.566,1.50,4.80
2010.01.26 23:12:56.350,1.5653,1.56575,1.50,1.50
2010.01.26 23:12:56.460,1.5651,1.56565,2.40,1.50
2010.01.26 23:12:56.580,1.56495,1.56565,4.80,1.50
2010.01.26 23:12:56.700,1.56515,1.56555,1.50,2.40
2010.01.26 23:12:56.820,1.56515,1.5657,1.50,1.50
2010.01.26 23:12:58.689,1.56515,1.5656,1.50,1.60
2010.01.26 23:13:07.858,1.56525,1.5656,1.50,1.60
2010.01.26 23:13:09.397,1.56525,1.5656,1.50,1.50
2010.01.26 23:13:10.566,1.56525,1.5656,1.50,1.60
2010.01.26 23:13:17.695,1.56525,1.5656,1.50,1.50
2010.01.26 23:13:19.514,1.56525,1.5656,1.50,1.60
2010.01.26 23:13:22.833,1.5651,1.56545,1.50,1.10
2010.01.26 23:13:23.063,1.56465,1.56535,6.30,1.50
2010.01.26 23:13:23.303,1.56465,1.56535,1.50,3.90
2010.01.26 23:13:26.023,1.56475,1.56525,1.50,4.00
2010.01.26 23:13:27.003,1.5649,1.56525,1.50,1.00
2010.01.26 23:13:28.612,1.5649,1.5653,1.50,1.60
2010.01.26 23:13:28.782,1.5649,1.5653,1.50,1.60
2010.01.26 23:13:29.682,1.5649,1.56525,1.50,1.00
2010.01.26 23:13:31.181,1.5649,1.5653,1.50,1.50
2010.01.26 23:13:31.481,1.56495,1.56535,1.50,2.40
2010.01.26 23:13:31.642,1.56495,1.5655,3.90,2.40
2010.01.26 23:13:31.751,1.56495,1.5656,6.30,2.40
2010.01.26 23:13:32.921,1.56495,1.56535,6.30,1.10
2010.01.26 23:13:33.141,1.56495,1.56525,4.80,1.50
2010.01.26 23:13:33.361,1.56485,1.56525,1.50,1.50
2010.01.26 23:13:35.470,1.56495,1.56525,1.50,4.00
2010.01.26 23:13:35.650,1.56495,1.56525,1.50,1.50
2010.01.26 23:13:35.810,1.5651,1.56535,1.50,2.40
2010.01.26 23:13:36.030,1.5651,1.5658,1.50,4.80
2010.01.26 23:13:42.629,1.5651,1.5656,1.50,2.40
2010.01.26 23:13:42.799,1.5651,1.5656,1.50,1.50
2010.01.26 23:13:42.968,1.5651,1.5656,1.50,3.90
2010.01.26 23:13:44.068,1.565,1.56545,1.50,2.50
2010.01.26 23:13:44.339,1.5648,1.5653,1.50,2.40
2010.01.26 23:13:44.628,1.56485,1.5653,1.50,2.40
2010.01.26 23:13:44.968,1.56485,1.5654,1.50,4.80
2010.01.26 23:13:46.498,1.56465,1.5651,1.50,3.90
2010.01.26 23:13:46.728,1.5648,1.5651,1.50,2.40
2010.01.26 23:13:46.898,1.5648,1.56535,1.50,2.40
2010.01.26 23:13:47.358,1.56485,1.56555,1.50,4.80
2010.01.26 23:13:47.578,1.56475,1.5653,1.50,2.40
2010.01.26 23:13:47.807,1.56475,1.56525,1.50,2.40
2010.01.26 23:13:48.517,1.5647,1.5653,1.50,2.40
2010.01.26 23:13:48.857,1.5647,1.5652,1.50,4.80
2010.01.26 23:13:49.207,1.5647,1.56535,6.30,6.30
2010.01.26 23:13:49.897,1.56475,1.5654,6.30,6.30
2010.01.26 23:13:50.357,1.56475,1.56535,1.50,2.40
2010.01.26 23:13:50.927,1.5648,1.56535,1.50,2.40
2010.01.26 23:13:51.087,1.5648,1.5654,3.90,2.40
2010.01.26 23:13:52.466,1.5648,1.5654,2.40,3.90
2010.01.26 23:13:52.646,1.56475,1.56535,1.50,2.40
2010.01.26 23:13:54.406,1.5647,1.56535,6.30,4.00
2010.01.26 23:13:54.756,1.5647,1.56535,6.30,6.40
2010.01.26 23:13:55.256,1.5647,1.5653,6.30,1.20
2010.01.26 23:13:55.436,1.5647,1.5652,1.50,1.50
2010.01.26 23:13:55.605,1.5647,1.5652,1.50,3.90
2010.01.26 23:13:57.765,1.5647,1.5652,1.50,2.40
2010.01.26 23:13:57.925,1.5647,1.56525,1.50,3.90
2010.01.26 23:13:58.165,1.5647,1.56525,1.50,6.30
2010.01.26 23:13:58.735,1.56465,1.56525,3.90,3.90
2010.01.26 23:13:59.765,1.5647,1.5651,1.50,1.50
2010.01.26 23:14:08.992,1.56475,1.56515,1.50,1.60
2010.01.26 23:14:16.001,1.5647,1.5651,1.50,1.50
2010.01.26 23:14:38.955,1.56475,1.56515,1.50,1.60
2010.01.26 23:14:40.015,1.5647,1.565,1.50,1.50
2010.01.26 23:14:42.605,1.5646,1.565,2.80,1.50
2010.01.26 23:14:42.784,1.5646,1.565,1.50,1.50
2010.01.26 23:14:43.794,1.5646,1.56505,1.50,4.10
2010.01.26 23:14:45.284,1.56455,1.56485,1.50,1.50
2010.01.26 23:14:47.773,1.5647,1.565,1.50,4.80
2010.01.26 23:14:48.053,1.5647,1.5651,1.50,1.60
2010.01.26 23:14:49.542,1.56475,1.56505,1.50,1.50
2010.01.26 23:14:50.042,1.56465,1.5651,1.20,1.60
2010.01.26 23:14:50.392,1.5646,1.5651,1.50,1.60
2010.01.26 23:14:53.481,1.5646,1.5651,1.50,1.50
2010.01.26 23:14:53.652,1.56465,1.5651,1.50,1.50
2010.01.26 23:15:06.698,1.5646,1.565,1.50,1.50
2010.01.26 23:15:21.185,1.56455,1.56495,1.60,1.60
2010.01.26 23:15:21.875,1.5646,1.5651,1.50,6.40
2010.01.26 23:15:22.225,1.5646,1.5651,1.50,1.60
2010.01.26 23:15:24.114,1.56465,1.56515,1.50,3.90
2010.01.26 23:15:24.404,1.56465,1.56525,3.90,5.20
2010.01.26 23:15:24.624,1.56465,1.56525,3.90,3.90
2010.01.26 23:15:27.804,1.56465,1.56515,3.90,1.50
2010.01.26 23:15:28.143,1.56465,1.56515,1.50,1.50
2010.01.26 23:15:30.583,1.5647,1.5652,1.50,1.60
2010.01.26 23:15:31.372,1.56475,1.56525,1.50,3.90
2010.01.26 23:15:31.662,1.56475,1.56525,1.50,1.50
2010.01.26 23:15:34.692,1.5648,1.56525,1.00,1.50
2010.01.26 23:15:34.932,1.5648,1.5653,1.60,1.50
2010.01.26 23:15:36.681,1.56485,1.56535,1.50,1.00
2010.01.26 23:15:36.852,1.56485,1.5654,1.50,6.30
2010.01.26 23:15:36.961,1.56485,1.5654,1.50,1.60
2010.01.26 23:15:39.461,1.5648,1.56525,6.30,1.50
2010.01.26 23:15:41.700,1.56485,1.56525,1.50,1.60
2010.01.26 23:15:44.759,1.56485,1.56525,1.50,1.50
2010.01.26 23:15:44.979,1.56485,1.56535,1.50,6.00
2010.01.26 23:15:45.089,1.56485,1.5654,1.50,6.40
2010.01.26 23:15:45.149,1.56485,1.5654,1.50,1.60
2010.01.26 23:15:45.389,1.5648,1.5653,4.00,1.50
2010.01.26 23:15:45.629,1.5648,1.5653,1.60,1.50
2010.01.26 23:15:58.126,1.5648,1.5653,1.50,1.60
2010.01.26 23:15:58.246,1.5648,1.5653,1.50,1.60
2010.01.26 23:15:58.416,1.56475,1.56525,1.50,1.50
2010.01.26 23:16:28.249,1.56475,1.5651,1.50,1.50
2010.01.26 23:17:13.158,1.56475,1.5651,1.60,1.50
2010.01.26 23:17:13.328,1.5648,1.56515,1.50,1.60
2010.01.26 23:17:37.862,1.56475,1.56515,1.80,1.50
2010.01.26 23:17:50.079,1.56475,1.5652,2.80,1.50
2010.01.26 23:17:50.319,1.56485,1.56525,1.50,1.50
2010.01.26 23:17:59.217,1.56475,1.5652,1.50,1.50
2010.01.26 23:17:59.557,1.56485,1.56525,1.50,1.50
2010.01.26 23:18:03.816,1.56445,1.5652,6.30,3.90
2010.01.26 23:18:03.986,1.5644,1.56505,1.60,1.50
2010.01.26 23:18:04.706,1.5644,1.56505,1.50,1.50
2010.01.26 23:18:05.036,1.5645,1.56505,1.60,1.50
2010.01.26 23:18:05.665,1.5645,1.56505,1.50,1.50
2010.01.26 23:18:06.825,1.5645,1.56505,1.60,1.50
2010.01.26 23:18:07.165,1.5645,1.56505,1.50,1.60
2010.01.26 23:18:07.395,1.5645,1.56505,1.60,1.50
2010.01.26 23:18:10.224,1.56455,1.565,1.00,1.50
2010.01.26 23:18:10.394,1.56455,1.5651,1.60,6.40
2010.01.26 23:18:10.554,1.56455,1.5651,1.60,1.60
2010.01.26 23:18:11.554,1.5646,1.5651,1.00,1.50
2010.01.26 23:18:12.014,1.56455,1.5651,1.60,1.60
2010.01.26 23:18:12.314,1.5646,1.5651,1.00,1.50
2010.01.26 23:18:13.243,1.56455,1.5651,1.60,1.60
2010.01.26 23:18:13.414,1.5646,1.5651,1.00,1.50
2010.01.26 23:18:13.644,1.56465,1.5652,1.50,1.50
2010.01.26 23:18:13.873,1.5647,1.56525,1.50,2.40
2010.01.26 23:18:14.204,1.5647,1.5653,1.50,3.90
2010.01.26 23:18:14.603,1.5647,1.5653,1.50,4.00
2010.01.26 23:18:14.903,1.5647,1.56515,1.00,1.50
2010.01.26 23:18:15.263,1.5647,1.5651,1.60,1.50
2010.01.26 23:18:15.643,1.5646,1.5649,5.20,1.50
2010.01.26 23:18:15.983,1.56465,1.56495,1.50,1.50
2010.01.26 23:18:16.373,1.5646,1.56495,1.50,1.50
2010.01.26 23:18:16.943,1.56455,1.56485,1.50,1.50
2010.01.26 23:18:19.182,1.56455,1.565,1.50,1.50
2010.01.26 23:18:20.862,1.56455,1.565,1.60,1.50
2010.01.26 23:18:21.921,1.56455,1.565,1.50,1.50
2010.01.26 23:18:23.351,1.5647,1.56505,1.50,1.50
2010.01.26 23:18:25.031,1.56485,1.56515,1.50,1.20
2010.01.26 23:18:25.201,1.56485,1.5653,1.50,1.50
2010.01.26 23:18:25.321,1.565,1.56545,1.50,2.40
2010.01.26 23:18:25.501,1.565,1.56555,1.50,1.50
2010.01.26 23:18:25.661,1.56495,1.56545,1.50,1.50
2010.01.26 23:18:27.690,1.56505,1.56555,1.60,2.90
2010.01.26 23:18:28.370,1.56505,1.56545,1.50,1.50
2010.01.26 23:18:28.650,1.56465,1.5654,6.40,6.30
2010.01.26 23:18:31.439,1.5648,1.5654,1.50,4.80
2010.01.26 23:18:31.859,1.5648,1.56545,6.30,2.40
2010.01.26 23:18:32.459,1.5648,1.5654,3.90,2.40
2010.01.26 23:18:32.579,1.5648,1.5654,1.50,2.40
2010.01.26 23:18:34.378,1.56495,1.5654,1.50,2.40
2010.01.26 23:18:34.598,1.56495,1.5655,1.50,1.50
2010.01.26 23:18:40.427,1.56515,1.56555,1.50,3.90
2010.01.26 23:18:40.667,1.5651,1.5655,1.50,1.50
2010.01.26 23:18:41.407,1.5648,1.56545,1.60,1.50
2010.01.26 23:18:41.627,1.5648,1.5653,1.50,1.50
2010.01.26 23:18:43.336,1.5651,1.5654,1.50,7.60
2010.01.26 23:18:43.566,1.5652,1.5655,1.50,1.50
2010.01.26 23:18:49.925,1.56475,1.5654,1.50,1.50
2010.01.26 23:18:50.094,1.56475,1.5654,1.60,1.50
2010.01.26 23:18:50.315,1.56475,1.5654,4.00,1.50
2010.01.26 23:18:50.484,1.56475,1.5655,4.00,6.30
2010.01.26 23:18:50.654,1.56475,1.5655,6.40,6.30
2010.01.26 23:18:55.703,1.56485,1.5654,6.30,1.50
2010.01.26 23:18:56.103,1.56485,1.5654,1.50,1.50
2010.01.26 23:19:14.069,1.56485,1.5654,1.50,1.60
2010.01.26 23:19:14.189,1.5648,1.56525,3.90,1.50
2010.01.26 23:19:14.549,1.5648,1.56525,1.50,1.50
2010.01.26 23:19:18.688,1.5648,1.56525,1.60,1.50
2010.01.26 23:19:22.857,1.5648,1.56535,1.60,6.30
2010.01.26 23:19:23.087,1.5648,1.56535,1.60,1.50
2010.01.26 23:19:27.316,1.5648,1.56535,1.50,1.60
2010.01.26 23:19:27.426,1.5648,1.56525,1.50,1.50
2010.01.26 23:19:33.594,1.5648,1.56525,1.60,1.50
2010.01.26 23:19:43.232,1.5649,1.5653,1.50,1.50
2010.01.26 23:19:43.452,1.56485,1.56515,1.50,1.50
2010.01.26 23:19:45.062,1.565,1.56515,1.00,1.50
2010.01.26 23:19:45.402,1.565,1.5653,1.50,1.50
2010.01.26 23:19:45.631,1.5649,1.5652,1.50,1.50
2010.01.26 23:20:11.455,1.56475,1.5652,1.50,1.50
2010.01.26 23:20:14.414,1.5647,1.56505,1.50,1.50
2010.01.26 23:20:17.703,1.5648,1.5651,1.50,1.50
2010.01.26 23:20:23.322,1.5647,1.56505,1.60,1.50
2010.01.26 23:20:23.682,1.5647,1.56505,1.50,1.50
2010.01.26 23:21:02.063,1.56455,1.565,1.50,1.50
2010.01.26 23:21:03.992,1.56465,1.56505,1.50,1.50
2010.01.26 23:21:13.440,1.5646,1.5649,1.50,1.50
2010.01.26 23:21:14.700,1.5645,1.56485,1.50,1.50
2010.01.26 23:21:16.499,1.5644,1.5648,1.50,1.50
2010.01.26 23:21:16.670,1.5644,1.56485,1.50,1.50
2010.01.26 23:21:36.115,1.56435,1.5647,1.50,1.50
2010.01.26 23:21:36.394,1.56435,1.5646,1.50,1.50
2010.01.26 23:21:47.242,1.5642,1.5646,1.50,1.70
2010.01.26 23:21:53.410,1.56415,1.5645,1.50,1.50
2010.01.26 23:22:02.528,1.56405,1.5644,1.50,1.50
2010.01.26 23:22:04.678,1.56395,1.5643,1.50,1.50
2010.01.26 23:22:10.296,1.5638,1.56415,1.50,1.50
2010.01.26 23:22:10.586,1.56385,1.56425,1.50,3.90
2010.01.26 23:22:10.936,1.56385,1.56425,1.50,1.50
2010.01.26 23:22:14.185,1.5638,1.56415,1.50,1.50
2010.01.26 23:22:25.223,1.5637,1.56405,1.50,1.50
2010.01.26 23:22:25.463,1.5638,1.56415,1.50,3.90
2010.01.26 23:22:25.683,1.5638,1.56415,1.50,1.50
2010.01.26 23:22:26.753,1.56395,1.56425,1.50,2.40
2010.01.26 23:22:27.032,1.56405,1.5646,1.50,2.40
2010.01.26 23:22:27.262,1.56405,1.5648,1.50,1.50
2010.01.26 23:22:27.502,1.56405,1.5648,1.50,3.90
2010.01.26 23:22:27.782,1.56415,1.5648,1.50,1.50
2010.01.26 23:22:29.672,1.56415,1.5647,1.50,1.60
2010.01.26 23:22:31.001,1.56415,1.5647,1.50,1.60
2010.01.26 23:22:31.181,1.56415,1.56455,1.50,1.20
2010.01.26 23:22:31.351,1.5641,1.5644,1.50,1.50
2010.01.26 23:22:32.321,1.56415,1.5645,1.50,1.50
2010.01.26 23:22:32.551,1.5641,1.5644,1.50,1.50
2010.01.26 23:22:41.449,1.56425,1.56455,1.50,3.60
2010.01.26 23:22:41.629,1.56425,1.56455,1.50,2.40
2010.01.26 23:22:41.739,1.56405,1.56455,1.50,1.50
2010.01.26 23:22:43.809,1.5641,1.5645,1.60,1.60
2010.01.26 23:22:50.367,1.5641,1.5645,1.50,1.60
2010.01.26 23:22:50.547,1.56405,1.56435,1.50,1.50
2010.01.26 23:22:52.706,1.56405,1.56435,1.50,1.60
2010.01.26 23:22:53.646,1.564,1.5643,1.50,1.50
2010.01.26 23:22:54.346,1.5639,1.56425,1.60,1.50
2010.01.26 23:22:54.696,1.5639,1.56425,1.50,1.50
2010.01.26 23:22:56.895,1.5637,1.564,3.20,1.50
2010.01.26 23:22:57.115,1.56355,1.564,1.50,1.50
2010.01.26 23:22:58.155,1.56355,1.5639,1.60,1.50
2010.01.26 23:22:58.375,1.56365,1.564,1.50,2.40
2010.01.26 23:22:58.605,1.56365,1.5642,1.50,6.30
2010.01.26 23:22:58.945,1.56355,1.56405,7.60,1.50
2010.01.26 23:22:59.185,1.56355,1.56405,1.50,1.50
2010.01.26 23:22:59.405,1.5636,1.5641,1.50,1.50
2010.01.26 23:22:59.814,1.5636,1.5641,1.60,1.50
2010.01.26 23:23:00.564,1.56365,1.5642,1.50,1.50
2010.01.26 23:23:01.794,1.56365,1.5642,1.50,6.30
2010.01.26 23:23:05.623,1.5637,1.5642,1.00,6.30
2010.01.26 23:23:05.853,1.5637,1.5642,1.60,1.50
2010.01.26 23:23:07.733,1.56375,1.5642,1.00,1.50
2010.01.26 23:23:07.902,1.56385,1.56425,1.50,1.50
2010.01.26 23:23:10.792,1.56385,1.56425,1.60,1.50
2010.01.26 23:23:12.561,1.5638,1.5642,1.50,1.50
2010.01.26 23:23:15.301,1.5639,1.56425,1.50,1.50
2010.01.26 23:23:20.340,1.5639,1.5642,1.50,1.50
2010.01.26 23:23:22.319,1.56355,1.56415,2.40,1.50
2010.01.26 23:23:22.539,1.56355,1.5642,1.60,1.50
2010.01.26 23:23:22.769,1.56355,1.5642,6.40,1.50
2010.01.26 23:23:23.759,1.56365,1.5642,1.60,1.50
2010.01.26 23:23:25.838,1.5638,1.5642,1.50,1.50
2010.01.26 23:23:27.778,1.5638,1.5642,1.60,1.50
2010.01.26 23:23:32.521,1.56395,1.56425,1.50,1.50
2010.01.26 23:23:34.970,1.56395,1.56425,1.60,1.50
2010.01.26 23:23:36.210,1.5638,1.5642,4.00,1.50
2010.01.26 23:23:36.390,1.5638,1.5642,1.60,1.50
2010.01.26 23:23:37.829,1.5638,1.5642,1.50,1.50
2010.01.26 23:23:38.049,1.5638,1.5641,1.50,1.50
2010.01.26 23:23:39.709,1.56375,1.56405,1.60,1.50
2010.01.26 23:23:45.508,1.56385,1.5641,1.00,1.50
2010.01.26 23:23:46.197,1.5638,1.5641,1.50,1.50
2010.01.26 23:23:47.667,1.56385,1.5641,1.00,1.50
2010.01.26 23:23:51.956,1.56385,1.5642,1.60,1.50
2010.01.26 23:23:52.236,1.56385,1.56425,1.60,1.50
2010.01.26 23:23:52.576,1.5639,1.56425,1.00,1.50
2010.01.26 23:23:55.525,1.564,1.56425,1.00,1.50
2010.01.26 23:23:55.705,1.56395,1.5643,1.50,1.50
2010.01.26 23:23:55.875,1.56385,1.56425,1.50,1.50
2010.01.26 23:23:56.445,1.56385,1.56425,1.60,1.50
2010.01.26 23:23:59.635,1.56395,1.5643,1.50,1.50
2010.01.26 23:24:00.674,1.56395,1.5643,1.60,1.50
2010.01.26 23:24:01.714,1.564,1.5643,1.00,1.50
2010.01.26 23:24:09.672,1.5642,1.56465,1.00,1.50
2010.01.26 23:24:12.071,1.5642,1.5645,1.00,1.50
2010.01.26 23:24:12.181,1.5643,1.56455,1.00,1.50
2010.01.26 23:24:12.511,1.5642,1.5645,1.00,1.50
2010.01.26 23:24:12.911,1.5641,1.56455,1.60,1.50
2010.01.26 23:24:13.851,1.56415,1.56455,1.00,1.50
2010.01.26 23:24:14.741,1.5641,1.56455,1.60,1.50
2010.01.26 23:24:17.420,1.5641,1.5645,1.60,1.00
2010.01.26 23:24:17.480,1.5641,1.5644,1.00,1.50
2010.01.26 23:24:17.530,1.5641,1.56445,1.00,1.50
2010.01.26 23:24:18.580,1.56405,1.56445,1.50,1.50
2010.01.26 23:24:21.009,1.56415,1.5645,1.50,1.50
2010.01.26 23:24:23.248,1.56395,1.5643,1.50,1.50
2010.01.26 23:24:23.528,1.56395,1.5643,1.60,1.50
2010.01.26 23:24:24.008,1.56395,1.5643,1.50,1.50
2010.01.26 23:24:25.298,1.56385,1.56425,1.60,1.50
2010.01.26 23:24:26.008,1.56395,1.56435,1.50,1.60
2010.01.26 23:24:26.178,1.56395,1.56435,1.50,1.50
2010.01.26 23:24:26.468,1.5641,1.5645,1.50,2.80
2010.01.26 23:24:26.758,1.5641,1.5645,1.50,1.50
2010.01.26 23:24:28.657,1.5641,1.5645,1.60,1.50
2010.01.26 23:24:29.657,1.56405,1.56445,1.50,1.50
2010.01.26 23:24:30.677,1.56395,1.56435,1.60,1.50
2010.01.26 23:24:31.667,1.56395,1.56435,1.50,1.50
2010.01.26 23:24:32.686,1.56395,1.56435,1.60,1.50
2010.01.26 23:24:32.806,1.56395,1.56435,1.50,1.50
2010.01.26 23:24:33.146,1.56385,1.56425,1.60,1.50
2010.01.26 23:24:46.333,1.56375,1.5641,4.80,1.50
2010.01.26 23:24:46.503,1.5637,1.5641,1.60,1.50
2010.01.26 23:24:47.503,1.56375,1.5641,1.00,1.50
2010.01.26 23:24:47.743,1.5638,1.56415,1.50,1.50
2010.01.26 23:24:48.732,1.5638,1.56415,1.60,1.50
2010.01.26 23:25:04.629,1.5638,1.56415,1.60,1.50
2010.01.26 23:25:35.002,1.56385,1.56415,1.00,1.50
2010.01.26 23:25:35.341,1.56385,1.5642,1.60,1.50
2010.01.26 23:25:36.671,1.5639,1.56435,1.50,3.90
2010.01.26 23:25:36.961,1.5639,1.56435,1.60,1.50
2010.01.26 23:25:39.020,1.5639,1.5643,1.50,1.50
2010.01.26 23:25:41.000,1.5639,1.56435,1.60,1.50
2010.01.26 23:25:49.098,1.564,1.5644,1.60,1.50
2010.01.26 23:25:50.358,1.564,1.56435,1.00,1.50
2010.01.26 23:25:50.717,1.564,1.5644,1.60,1.50
2010.01.26 23:25:53.327,1.56365,1.5643,4.80,1.50
2010.01.26 23:25:53.497,1.56355,1.5643,6.30,6.30
2010.01.26 23:25:53.677,1.5636,1.5643,4.80,1.50
2010.01.26 23:25:56.456,1.5637,1.5643,5.60,1.50
2010.01.26 23:25:56.806,1.56385,1.56435,1.50,3.90
2010.01.26 23:25:57.106,1.56385,1.56435,1.50,1.50
2010.01.26 23:25:57.746,1.56385,1.56435,1.60,1.50
2010.01.26 23:25:57.916,1.56395,1.56435,1.50,1.50
2010.01.26 23:26:00.185,1.5639,1.56435,1.50,1.50
2010.01.26 23:26:03.584,1.5639,1.56435,1.60,1.50
2010.01.26 23:26:04.984,1.5639,1.56425,1.00,1.50
2010.01.26 23:26:05.144,1.56385,1.56425,1.60,1.50
2010.01.26 23:26:05.484,1.5638,1.5642,1.80,1.50
2010.01.26 23:26:05.764,1.56375,1.56415,1.60,1.50
2010.01.26 23:26:06.114,1.56375,1.56415,1.50,1.50
2010.01.26 23:26:06.454,1.56365,1.5641,1.60,1.50
2010.01.26 23:26:07.364,1.56365,1.5641,4.00,1.50
2010.01.26 23:26:07.593,1.56365,1.5641,1.60,1.50
2010.01.26 23:26:07.813,1.5636,1.56405,2.40,1.50
2010.01.26 23:26:08.053,1.56355,1.56405,4.80,1.50
2010.01.26 23:26:08.273,1.56345,1.56405,2.40,3.90
2010.01.26 23:26:08.633,1.56355,1.56415,4.90,2.80
2010.01.26 23:26:08.983,1.56355,1.56415,4.90,1.50
2010.01.26 23:26:10.393,1.5637,1.5642,1.50,1.50
2010.01.26 23:26:11.552,1.5638,1.5642,1.60,1.50
2010.01.26 23:26:12.532,1.56385,1.5642,1.00,1.50
2010.01.26 23:26:12.752,1.56385,1.5642,1.00,1.50
2010.01.26 23:26:14.772,1.5638,1.5642,1.50,1.60
2010.01.26 23:26:14.942,1.56365,1.56415,2.40,1.50
2010.01.26 23:26:15.291,1.56355,1.56415,4.90,1.50
2010.01.26 23:26:15.631,1.5637,1.5643,6.30,1.50
2010.01.26 23:26:15.981,1.56385,1.56435,1.50,1.60
2010.01.26 23:26:16.331,1.5638,1.5642,1.50,1.50
2010.01.26 23:26:17.711,1.5638,1.5642,1.60,1.50
2010.01.26 23:26:18.341,1.5638,1.5642,1.50,1.50
2010.01.26 23:26:18.561,1.56375,1.56415,1.60,1.50
2010.01.26 23:26:18.731,1.5637,1.5642,6.40,1.50
2010.01.26 23:26:19.151,1.5637,1.5642,1.60,1.50
2010.01.26 23:26:25.079,1.56375,1.5642,1.00,1.50
2010.01.26 23:26:25.409,1.5638,1.5642,1.50,1.50
2010.01.26 23:26:27.978,1.5638,1.56415,1.50,1.00
2010.01.26 23:26:28.139,1.56375,1.5641,1.00,1.50
2010.01.26 23:26:29.888,1.56365,1.56405,1.60,1.50
2010.01.26 23:26:30.588,1.56355,1.56415,2.90,2.40
2010.01.26 23:26:30.928,1.5636,1.56425,2.40,4.80
2010.01.26 23:26:34.147,1.5636,1.56405,2.40,1.50
2010.01.26 23:26:34.327,1.56355,1.56405,2.40,1.50
2010.01.26 23:26:34.507,1.5635,1.56405,1.60,1.50
2010.01.26 23:26:35.787,1.5636,1.56405,1.00,1.50
2010.01.26 23:26:36.246,1.5636,1.5641,1.50,6.40
2010.01.26 23:26:36.426,1.56345,1.56405,6.40,1.50
2010.01.26 23:26:37.126,1.56345,1.564,2.40,1.50
2010.01.26 23:26:37.696,1.56335,1.564,6.40,3.90
2010.01.26 23:26:38.146,1.5635,1.564,1.50,2.40
2010.01.26 23:26:38.366,1.5635,1.56405,1.50,3.90
2010.01.26 23:26:40.685,1.5635,1.56405,1.60,3.90
2010.01.26 23:26:41.235,1.5636,1.56405,1.50,2.40
2010.01.26 23:26:41.565,1.5636,1.5641,1.50,1.60
2010.01.26 23:26:44.334,1.5636,1.5641,1.50,1.60
2010.01.26 23:26:44.455,1.5635,1.56405,6.40,1.50
2010.01.26 23:26:44.574,1.5635,1.56405,1.60,3.90
2010.01.26 23:26:44.854,1.5635,1.56405,1.60,1.50
2010.01.26 23:26:52.223,1.56365,1.56405,1.50,1.50
2010.01.26 23:26:54.642,1.56365,1.56405,1.60,1.50
2010.01.26 23:26:55.612,1.56385,1.56425,1.60,1.60
2010.01.26 23:26:55.902,1.5639,1.56435,1.50,6.40
2010.01.26 23:26:56.192,1.5639,1.56435,1.50,1.50
2010.01.26 23:26:59.041,1.5639,1.56435,1.50,3.90
2010.01.26 23:26:59.281,1.56385,1.56435,1.50,3.90
2010.01.26 23:26:59.451,1.5638,1.56425,1.60,1.50
2010.01.26 23:26:59.791,1.5638,1.56425,1.50,1.50
2010.01.26 23:27:00.191,1.5637,1.56415,1.50,1.50
2010.01.26 23:27:04.560,1.56385,1.56415,1.00,1.50
2010.01.26 23:27:04.670,1.56385,1.56425,1.60,1.60
2010.01.26 23:27:04.840,1.5639,1.5643,1.50,1.50
2010.01.26 23:27:05.420,1.5639,1.56435,1.50,1.50
2010.01.26 23:27:06.089,1.5639,1.5643,1.50,1.50
2010.01.26 23:27:06.429,1.5639,1.56435,1.50,1.50
2010.01.26 23:27:08.409,1.5639,1.56435,1.50,1.60
2010.01.26 23:27:08.689,1.5639,1.5643,1.50,1.50
2010.01.26 23:27:09.778,1.5639,1.5643,1.50,2.80
2010.01.26 23:27:10.298,1.56385,1.56415,1.50,1.50
2010.01.26 23:27:13.067,1.5637,1.5641,1.60,1.50
2010.01.26 23:27:13.288,1.5637,1.5641,1.50,1.50
2010.01.26 23:27:13.527,1.5637,1.5641,1.60,1.50
2010.01.26 23:27:17.806,1.5639,1.5643,1.50,3.90
2010.01.26 23:27:17.967,1.5639,1.5643,1.50,1.50
2010.01.26 23:27:20.816,1.5639,1.5643,1.60,1.50
2010.01.26 23:27:21.635,1.5639,1.5643,1.50,1.50
2010.01.26 23:27:26.644,1.56385,1.56415,1.50,1.50
2010.01.26 23:27:30.113,1.5639,1.56425,1.50,1.50
2010.01.26 23:27:31.743,1.5639,1.56425,1.60,1.50
2010.01.26 23:27:36.552,1.564,1.56435,1.50,1.50
2010.01.26 23:27:37.891,1.5639,1.5643,1.50,1.50
2010.01.26 23:27:41.581,1.5639,1.5643,1.50,1.60
2010.01.26 23:27:41.880,1.56375,1.56425,1.50,1.50
2010.01.26 23:27:44.780,1.56375,1.56425,1.60,1.50
2010.01.26 23:27:45.000,1.5639,1.5643,1.50,1.50
2010.01.26 23:27:51.078,1.56385,1.56425,1.60,1.60
2010.01.26 23:28:03.435,1.56395,1.56435,1.60,6.40
2010.01.26 23:28:03.605,1.56395,1.56435,1.60,4.00
2010.01.26 23:28:03.775,1.56395,1.56435,1.60,1.60
2010.01.26 23:28:04.406,1.56395,1.56435,1.60,1.50
2010.01.26 23:28:08.185,1.56395,1.56435,1.60,1.60
2010.01.26 23:28:08.524,1.56395,1.5643,1.60,1.50
2010.01.26 23:28:11.303,1.56395,1.5643,1.60,1.50
2010.01.26 23:28:11.534,1.56395,1.5643,1.60,1.50
2010.01.26 23:28:18.962,1.5639,1.56425,1.50,1.50
2010.01.26 23:28:27.950,1.56395,1.56425,1.00,1.50
2010.01.26 23:28:28.120,1.56395,1.5643,1.60,1.50
2010.01.26 23:28:28.819,1.56395,1.5643,1.50,1.50
2010.01.26 23:28:29.169,1.56395,1.5643,1.60,1.50
2010.01.26 23:28:29.339,1.56395,1.5643,1.50,1.50
2010.01.26 23:28:29.559,1.56395,1.5643,1.60,1.50
2010.01.26 23:28:29.799,1.56395,1.5643,1.50,1.50
2010.01.26 23:28:30.199,1.5638,1.5643,6.30,1.50
2010.01.26 23:28:30.419,1.5638,1.56415,3.90,1.50
2010.01.26 23:28:30.769,1.5638,1.56415,1.50,1.50
2010.01.26 23:28:39.367,1.5638,1.5642,1.60,1.70
2010.01.26 23:28:39.697,1.5638,1.56415,1.50,1.60
2010.01.26 23:28:39.867,1.5638,1.56415,1.50,1.50
2010.01.26 23:28:40.037,1.56375,1.56405,1.50,1.50
2010.01.26 23:28:48.925,1.5636,1.564,2.30,1.50
2010.01.26 23:28:49.215,1.5636,1.564,1.50,1.50
2010.01.26 23:28:50.074,1.56375,1.56405,1.50,1.50
2010.01.26 23:28:54.563,1.56375,1.56405,1.50,1.60
2010.01.26 23:28:54.733,1.56365,1.564,1.50,1.50
2010.01.26 23:28:54.913,1.5637,1.5641,1.60,1.50
2010.01.26 23:28:55.363,1.5638,1.5641,1.50,1.50
2010.01.26 23:29:04.311,1.56385,1.56415,1.50,1.50
2010.01.26 23:29:41.362,1.5639,1.5642,1.50,1.50
2010.01.26 23:29:41.652,1.5639,1.5643,1.50,1.50
2010.01.26 23:29:42.002,1.564,1.5643,1.50,1.50
2010.01.26 23:29:42.342,1.56395,1.5643,1.00,1.50
2010.01.26 23:29:42.692,1.564,1.5643,1.50,1.50
2010.01.26 23:29:44.481,1.56405,1.5643,1.00,1.50
2010.01.26 23:29:44.961,1.56405,1.56435,1.60,1.50
2010.01.26 23:29:57.578,1.56405,1.5643,1.00,1.50
2010.01.26 23:29:57.748,1.564,1.5643,1.50,1.50
2010.01.26 23:30:01.957,1.564,1.5643,1.60,1.50
2010.01.26 23:30:02.197,1.56405,1.56445,1.50,1.50
2010.01.26 23:30:02.717,1.5641,1.5645,1.50,1.60
2010.01.26 23:30:03.767,1.5641,1.5645,1.60,1.60
2010.01.26 23:30:04.047,1.5641,1.56445,1.00,1.50
2010.01.26 23:30:04.567,1.56405,1.56445,1.60,1.50
2010.01.26 23:30:10.735,1.564,1.5643,1.50,1.50
2010.01.26 23:30:12.134,1.56405,1.5643,1.00,1.50
2010.01.26 23:30:12.425,1.5641,1.56465,1.50,1.50
2010.01.26 23:30:12.994,1.5639,1.5645,1.50,1.50
2010.01.26 23:30:13.225,1.5639,1.5645,1.50,5.20
2010.01.26 23:30:13.404,1.5639,1.56435,1.50,1.50
2010.01.26 23:30:13.804,1.564,1.5643,1.50,1.50
2010.01.26 23:30:16.803,1.5639,1.56425,1.50,1.50
2010.01.26 23:30:21.042,1.5639,1.56425,1.50,1.60
2010.01.26 23:30:21.272,1.56385,1.5642,1.60,1.50
2010.01.26 23:30:21.562,1.56385,1.5642,1.60,1.50
2010.01.26 23:30:31.320,1.56375,1.56415,1.60,1.50
2010.01.26 23:30:46.886,1.5638,1.56415,1.50,1.50
2010.01.26 23:30:49.805,1.56375,1.56415,1.60,1.50
2010.01.26 23:30:50.536,1.5637,1.564,1.60,1.50
2010.01.26 23:30:51.175,1.5637,1.56395,1.60,2.40
2010.01.26 23:30:51.465,1.56355,1.56385,3.90,1.50
2010.01.26 23:30:51.695,1.56345,1.56375,1.60,1.50
2010.01.26 23:30:52.815,1.56345,1.56375,1.50,1.50
2010.01.26 23:30:53.045,1.56345,1.56375,1.60,1.50
2010.01.26 23:30:53.335,1.56355,1.56385,1.50,1.60
2010.01.26 23:30:53.795,1.5634,1.56375,1.50,4.80
2010.01.26 23:30:54.145,1.56325,1.5636,3.90,1.50
2010.01.26 23:30:54.364,1.5631,1.56355,2.40,1.50
2010.01.26 23:30:54.594,1.56305,1.56355,2.40,1.50
2010.01.26 23:30:54.824,1.563,1.5634,2.40,1.50
2010.01.26 23:30:55.324,1.56295,1.5634,1.50,1.50
2010.01.26 23:30:57.703,1.56295,1.5635,1.50,2.90
2010.01.26 23:30:57.983,1.56295,1.5635,1.50,1.60
2010.01.26 23:30:58.454,1.56295,1.56335,1.50,1.50
2010.01.26 23:30:58.683,1.5629,1.5632,4.90,1.50
2010.01.26 23:30:58.903,1.5629,1.56335,1.50,1.50
2010.01.26 23:31:00.503,1.56315,1.56355,1.50,1.60
2010.01.26 23:31:00.853,1.5632,1.56355,1.50,1.60
2010.01.26 23:31:01.203,1.5632,1.56365,1.50,1.60
2010.01.26 23:31:03.363,1.5632,1.56355,1.50,1.50
2010.01.26 23:31:04.942,1.56315,1.5636,1.50,1.60
2010.01.26 23:31:05.162,1.56325,1.5636,1.50,1.50
2010.01.26 23:31:05.442,1.5632,1.5637,1.50,1.60
2010.01.26 23:31:05.622,1.5632,1.5637,1.50,1.50
2010.01.26 23:31:06.322,1.5633,1.56375,1.50,1.60
2010.01.26 23:31:08.601,1.5633,1.56375,1.60,1.50
2010.01.26 23:31:08.831,1.56335,1.56385,1.50,1.50
2010.01.26 23:31:09.781,1.56335,1.56385,1.60,1.50
2010.01.26 23:31:10.300,1.56335,1.5638,1.50,1.60
2010.01.26 23:31:10.591,1.56345,1.5637,1.50,1.00
2010.01.26 23:31:10.880,1.5633,1.5637,1.50,1.60
2010.01.26 23:31:11.400,1.5633,1.56365,1.50,1.20
2010.01.26 23:31:11.690,1.5633,1.5637,1.50,6.30
2010.01.26 23:31:11.970,1.5633,1.5637,1.50,1.50
2010.01.26 23:31:12.580,1.5635,1.5638,1.50,1.60
2010.01.26 23:31:12.930,1.5635,1.5638,1.50,1.50
2010.01.26 23:31:13.280,1.56355,1.5639,1.50,1.50
2010.01.26 23:31:14.709,1.56355,1.5639,1.50,1.60
2010.01.26 23:31:15.169,1.56375,1.56405,1.50,7.70
2010.01.26 23:31:15.349,1.56375,1.56405,1.50,4.00
2010.01.26 23:31:15.459,1.56375,1.56405,1.50,1.50
2010.01.26 23:31:15.860,1.5636,1.56405,1.50,1.50
2010.01.26 23:31:18.199,1.56365,1.5641,1.50,1.50
2010.01.26 23:31:23.817,1.5638,1.56415,1.50,1.50
2010.01.26 23:31:24.097,1.56385,1.5642,1.50,1.60
2010.01.26 23:31:26.197,1.5638,1.56415,1.50,1.50
2010.01.26 23:31:26.727,1.5638,1.56415,1.50,1.60
2010.01.26 23:31:28.596,1.5637,1.56395,2.40,1.50
2010.01.26 23:31:28.816,1.56365,1.56395,1.50,1.50
2010.01.26 23:31:29.356,1.56365,1.56395,1.50,1.60
2010.01.26 23:31:29.716,1.56355,1.56385,1.50,1.50
2010.01.26 23:31:30.066,1.5636,1.56395,1.50,1.50
2010.01.26 23:31:30.986,1.56365,1.564,1.50,1.50
2010.01.26 23:31:31.745,1.56365,1.564,1.60,1.50
2010.01.26 23:31:32.435,1.56375,1.5641,1.50,1.60
2010.01.26 23:31:34.644,1.56375,1.5641,1.60,1.60
2010.01.26 23:31:40.703,1.5638,1.5641,1.00,1.50
2010.01.26 23:31:40.873,1.56385,1.56415,1.50,1.60
2010.01.26 23:31:42.263,1.56385,1.56415,3.10,1.60
2010.01.26 23:31:42.862,1.56385,1.56415,3.20,1.60
2010.01.26 23:31:45.852,1.56385,1.56415,1.60,1.60
2010.01.26 23:31:46.192,1.5638,1.5641,1.50,1.60
2010.01.26 23:31:46.722,1.5637,1.5641,1.60,1.60
2010.01.26 23:31:47.182,1.56355,1.56395,1.50,1.50
2010.01.26 23:31:48.701,1.56355,1.56395,1.50,1.60
2010.01.26 23:31:49.391,1.56355,1.56385,1.50,1.00
2010.01.26 23:31:49.621,1.56345,1.56385,6.30,1.60
2010.01.26 23:31:49.911,1.56345,1.56385,1.50,1.60
2010.01.26 23:31:50.861,1.56345,1.56385,1.60,1.60
2010.01.26 23:31:51.550,1.56335,1.5638,1.50,1.50
2010.01.26 23:31:51.900,1.56345,1.56385,1.50,1.60
2010.01.26 23:31:54.820,1.56345,1.56385,1.60,1.60
2010.01.26 23:31:55.859,1.56335,1.5638,6.30,1.50
2010.01.26 23:31:56.219,1.5633,1.56375,2.40,1.60
2010.01.26 23:31:56.569,1.5633,1.56375,1.50,1.50
2010.01.26 23:31:56.929,1.56325,1.5636,1.50,1.50
2010.01.26 23:31:59.579,1.5633,1.5636,1.00,1.50
2010.01.26 23:31:59.749,1.5633,1.5637,1.60,1.60
2010.01.26 23:32:02.808,1.5633,1.5637,1.60,1.50
2010.01.26 23:32:02.868,1.5633,1.5637,1.50,1.60
2010.01.26 23:32:03.108,1.56335,1.5637,1.50,1.60
2010.01.26 23:32:04.587,1.56335,1.5637,1.60,1.50
2010.01.26 23:32:04.767,1.56345,1.5638,1.50,1.50
2010.01.26 23:32:13.625,1.56345,1.5637,1.50,1.60
2010.01.26 23:32:13.855,1.56335,1.5637,1.50,3.10
2010.01.26 23:32:16.805,1.56335,1.5637,1.50,3.20
2010.01.26 23:32:17.565,1.5633,1.56365,1.50,1.50
2010.01.26 23:32:19.714,1.5633,1.56365,1.50,1.60
2010.01.26 23:32:35.160,1.5633,1.56355,1.50,1.60
2010.01.26 23:32:35.280,1.56325,1.56355,1.60,3.10
2010.01.26 23:32:35.390,1.56325,1.56355,1.50,3.10
2010.01.26 23:32:48.757,1.56325,1.56355,1.50,1.50
2010.01.26 23:32:48.927,1.5633,1.5637,1.50,1.60
2010.01.26 23:32:52.536,1.5633,1.5637,1.60,1.50
2010.01.26 23:32:58.685,1.56345,1.56375,1.50,1.50
2010.01.26 23:33:06.792,1.56345,1.56375,1.60,1.50
2010.01.26 23:33:23.588,1.5636,1.56395,1.50,1.00
2010.01.26 23:33:24.148,1.5636,1.564,1.50,1.50
2010.01.26 23:33:24.798,1.5637,1.564,1.60,1.50
2010.01.26 23:33:25.198,1.56355,1.56385,6.00,1.50
2010.01.26 23:33:25.368,1.56355,1.56385,2.40,1.50
2010.01.26 23:33:25.478,1.5635,1.56385,1.60,1.50
2010.01.26 23:33:25.818,1.5635,1.56385,1.50,1.50
2010.01.26 23:33:26.278,1.56345,1.56375,1.50,1.50
2010.01.26 23:33:28.097,1.5634,1.5637,1.60,1.50
2010.01.26 23:33:30.977,1.56345,1.56375,1.50,1.50
2010.01.26 23:33:35.225,1.56345,1.56375,1.60,1.50
2010.01.26 23:33:35.386,1.5635,1.56385,6.30,1.50
2010.01.26 23:33:35.745,1.5635,1.56385,3.90,1.50
2010.01.26 23:33:36.675,1.5635,1.56385,4.00,1.50
2010.01.26 23:33:37.355,1.5635,1.56385,4.00,1.50
2010.01.26 23:33:37.655,1.5636,1.5639,1.50,1.50
2010.01.26 23:33:40.195,1.56365,1.5641,6.40,1.50
2010.01.26 23:33:40.535,1.5637,1.5642,6.30,1.50
2010.01.26 23:33:44.873,1.56375,1.5642,1.00,1.50
2010.01.26 23:33:45.043,1.56375,1.5642,1.00,1.50
2010.01.26 23:33:45.163,1.56395,1.56435,1.50,2.00
2010.01.26 23:33:45.343,1.5638,1.5642,2.40,1.50
2010.01.26 23:33:45.523,1.56375,1.5642,1.50,1.50
2010.01.26 23:33:47.003,1.56385,1.5642,1.60,1.50
2010.01.26 23:33:47.633,1.56405,1.56425,1.50,1.60
2010.01.26 23:33:47.973,1.564,1.5643,1.70,1.60
2010.01.26 23:33:48.212,1.56375,1.56435,6.70,3.10
2010.01.26 23:33:48.682,1.5637,1.5642,1.50,1.50
2010.01.26 23:33:48.912,1.56355,1.56415,1.60,1.50
2010.01.26 23:33:49.142,1.56365,1.56415,1.00,1.50
2010.01.26 23:33:49.442,1.56375,1.5642,1.60,1.50
2010.01.26 23:33:49.712,1.56365,1.56405,1.60,1.50
2010.01.26 23:33:49.942,1.56365,1.56405,4.00,1.50
2010.01.26 23:33:50.233,1.5637,1.56405,1.40,1.50
2010.01.26 23:33:50.582,1.56385,1.5642,1.50,1.50
2010.01.26 23:33:51.632,1.56405,1.5643,1.50,1.60
2010.01.26 23:33:51.861,1.56415,1.5643,1.50,1.60
2010.01.26 23:33:53.811,1.564,1.5641,4.80,1.50
2010.01.26 23:33:54.151,1.5639,1.56405,1.00,1.50
2010.01.26 23:33:54.441,1.56355,1.56405,4.40,1.50
2010.01.26 23:33:54.621,1.56375,1.5642,1.50,1.50
2010.01.26 23:33:55.671,1.56385,1.5642,1.60,1.50
2010.01.26 23:33:56.690,1.5639,1.5642,1.00,1.50
2010.01.26 23:33:59.520,1.56405,1.56425,1.50,1.60
2010.01.26 23:33:59.870,1.56395,1.56425,1.60,3.10
2010.01.26 23:34:00.679,1.56395,1.56425,1.60,3.10
2010.01.26 23:34:01.489,1.564,1.56425,1.00,3.10
2010.01.26 23:34:01.660,1.56405,1.56425,1.50,1.60
2010.01.26 23:34:02.699,1.56405,1.56425,1.60,1.60
2010.01.26 23:34:03.509,1.56405,1.56425,1.50,1.60
2010.01.26 23:34:03.859,1.564,1.56425,1.50,1.60
2010.01.26 23:34:04.139,1.56395,1.56425,1.60,3.10
2010.01.26 23:34:08.958,1.56405,1.56435,1.50,3.10
2010.01.26 23:34:10.597,1.56395,1.56425,1.60,3.10
2010.01.26 23:34:11.177,1.56395,1.56425,1.50,3.10
2010.01.26 23:34:11.297,1.5639,1.5642,1.00,1.50
2010.01.26 23:34:14.056,1.5639,1.5641,1.00,1.60
2010.01.26 23:34:18.835,1.56395,1.5642,1.00,1.50
2010.01.26 23:34:18.995,1.564,1.56435,1.50,2.40
2010.01.26 23:34:19.325,1.564,1.5644,1.50,1.50
2010.01.26 23:34:20.685,1.564,1.5644,1.60,1.50
2010.01.26 23:34:21.124,1.5639,1.5642,6.20,1.50
2010.01.26 23:34:21.345,1.56395,1.5642,1.00,1.50
2010.01.26 23:34:21.514,1.564,1.5644,1.50,1.50
2010.01.26 23:34:21.684,1.564,1.5644,1.50,1.90
2010.01.26 23:34:21.864,1.564,1.5644,1.50,1.50
2010.01.26 23:34:22.774,1.5639,1.5642,2.50,1.50
2010.01.26 23:34:23.104,1.5639,1.5642,1.00,1.50
2010.01.26 23:34:25.063,1.56405,1.56435,1.50,2.40
2010.01.26 23:34:25.233,1.56405,1.56445,1.50,1.90
2010.01.26 23:34:25.394,1.56405,1.56445,1.50,1.50
2010.01.26 23:34:25.844,1.56405,1.5645,1.50,1.50
2010.01.26 23:34:26.843,1.56415,1.5645,1.60,1.50
2010.01.26 23:34:27.563,1.56415,1.5645,1.50,1.60
2010.01.26 23:34:27.853,1.56405,1.5643,1.00,3.10
2010.01.26 23:34:28.083,1.56405,1.5645,1.70,1.50
2010.01.26 23:34:28.603,1.564,1.56445,2.40,1.50
2010.01.26 23:34:28.843,1.56395,1.56445,1.00,1.60
2010.01.26 23:34:29.172,1.5636,1.5642,1.00,1.50
2010.01.26 23:34:29.512,1.5637,1.56425,1.50,1.50
2010.01.26 23:34:30.542,1.56375,1.56405,1.50,1.50
2010.01.26 23:34:30.902,1.5638,1.5641,1.50,1.50
2010.01.26 23:34:31.292,1.56395,1.56425,1.50,1.50
2010.01.26 23:34:33.752,1.56395,1.56425,1.60,1.50
2010.01.26 23:34:34.851,1.564,1.56425,1.00,1.50
2010.01.26 23:34:35.021,1.56405,1.56435,1.50,1.50
2010.01.26 23:34:36.731,1.56405,1.56435,1.60,1.50
2010.01.26 23:34:36.971,1.56395,1.5642,1.60,1.50
2010.01.26 23:34:37.251,1.56385,1.5642,1.50,1.50
2010.01.26 23:34:38.660,1.5638,1.5642,1.80,1.50
2010.01.26 23:34:39.290,1.56395,1.56425,1.50,1.50
2010.01.26 23:34:41.920,1.56395,1.56425,1.60,1.50
2010.01.26 23:34:44.029,1.5639,1.5642,1.00,1.50
2010.01.26 23:34:45.569,1.56395,1.56425,1.50,1.50
2010.01.26 23:34:46.698,1.56395,1.56425,1.60,1.50
2010.01.26 23:34:48.518,1.56395,1.56425,1.50,1.50
2010.01.26 23:34:48.758,1.5639,1.5642,1.00,1.50
2010.01.26 23:34:50.687,1.5639,1.5642,1.00,1.50
2010.01.26 23:34:51.317,1.56395,1.5642,1.00,1.50
2010.01.26 23:34:51.657,1.56395,1.56425,1.60,1.50
2010.01.26 23:34:53.317,1.564,1.5644,1.50,1.50
2010.01.26 23:34:54.696,1.564,1.5644,1.60,1.50
2010.01.26 23:35:00.845,1.5639,1.56435,1.20,1.50
2010.01.26 23:35:01.135,1.56385,1.56435,6.40,1.50
2010.01.26 23:35:01.495,1.56385,1.56435,4.00,1.50
2010.01.26 23:35:06.754,1.564,1.5644,1.60,1.50
2010.01.26 23:35:16.701,1.5641,1.5644,1.00,1.50
2010.01.26 23:35:16.881,1.5641,1.56445,1.00,1.50
2010.01.26 23:35:17.061,1.56415,1.5645,1.50,1.50
2010.01.26 23:35:17.281,1.56415,1.5645,1.60,1.50
2010.01.26 23:35:17.501,1.56415,1.5646,1.60,1.90
2010.01.26 23:35:17.661,1.56415,1.5646,1.60,1.50
2010.01.26 23:35:20.140,1.5643,1.5647,1.50,4.80
2010.01.26 23:35:20.370,1.5643,1.56475,1.50,1.90
2010.01.26 23:35:20.550,1.5643,1.5647,1.50,1.00
2010.01.26 23:35:20.730,1.5643,1.56475,1.50,1.50
2010.01.26 23:35:21.410,1.5642,1.56475,4.90,1.50
2010.01.26 23:35:21.700,1.5642,1.56475,2.50,1.50
2010.01.26 23:35:22.210,1.5642,1.5645,2.40,1.50
2010.01.26 23:35:22.440,1.56405,1.5645,1.00,1.50
2010.01.26 23:35:22.830,1.56405,1.5645,1.00,1.50
2010.01.26 23:35:23.589,1.56405,1.5644,1.00,1.50
2010.01.26 23:35:24.061,1.56405,1.5644,1.00,1.50
2010.01.26 23:35:24.339,1.56415,1.5646,1.60,1.90
2010.01.26 23:35:24.569,1.56415,1.56475,4.00,4.30
2010.01.26 23:35:24.799,1.56415,1.5647,4.00,1.00
2010.01.26 23:35:25.069,1.56405,1.5645,1.00,1.50
2010.01.26 23:35:25.549,1.5641,1.56455,1.60,1.50
2010.01.26 23:35:25.779,1.56415,1.5647,1.50,6.30
2010.01.26 23:35:26.339,1.56415,1.5646,1.50,1.50
2010.01.26 23:35:26.689,1.56415,1.5646,6.30,1.50
2010.01.26 23:35:27.039,1.56415,1.5646,1.60,1.50
2010.01.26 23:35:27.998,1.56425,1.56465,1.50,1.50
2010.01.26 23:35:28.118,1.5642,1.5646,2.40,1.50
2010.01.26 23:35:28.358,1.56415,1.5646,1.60,1.50
2010.01.26 23:35:28.948,1.56425,1.56465,1.50,1.50
2010.01.26 23:35:29.988,1.56415,1.5646,4.00,1.50
2010.01.26 23:35:30.168,1.56415,1.5646,1.60,1.50
2010.01.26 23:35:31.098,1.56425,1.5646,1.00,1.50
2010.01.26 23:35:31.258,1.5644,1.5646,1.60,1.50
2010.01.26 23:35:31.438,1.56435,1.5647,5.20,2.40
2010.01.26 23:35:31.607,1.56435,1.56475,6.30,1.00
2010.01.26 23:35:31.767,1.56435,1.5649,4.80,1.50
2010.01.26 23:35:32.157,1.56435,1.5648,4.80,1.50
2010.01.26 23:35:32.507,1.5643,1.5648,4.80,1.50
2010.01.26 23:35:33.727,1.56435,1.5648,1.50,1.50
2010.01.26 23:35:34.917,1.5643,1.56465,4.80,1.50
2010.01.26 23:35:35.097,1.56425,1.56465,4.00,1.50
2010.01.26 23:35:35.277,1.56425,1.56465,1.60,1.50
2010.01.26 23:35:36.836,1.56425,1.56455,1.50,1.50
2010.01.26 23:35:37.426,1.5643,1.56455,1.00,1.50
2010.01.26 23:35:37.716,1.5645,1.5649,1.50,1.90
2010.01.26 23:35:38.066,1.5645,1.5649,1.50,1.50
2010.01.26 23:35:38.706,1.5645,1.5649,1.60,1.50
2010.01.26 23:35:39.926,1.5645,1.5647,1.50,1.60
2010.01.26 23:35:40.085,1.56435,1.56455,2.40,1.50
2010.01.26 23:35:40.256,1.56425,1.5645,1.00,1.50
2010.01.26 23:35:40.476,1.56435,1.56465,1.50,7.60
2010.01.26 23:35:40.645,1.56435,1.56465,1.50,1.50
2010.01.26 23:35:41.345,1.56435,1.56465,1.50,1.60
2010.01.26 23:35:41.695,1.56415,1.5645,3.90,1.50
2010.01.26 23:35:42.045,1.56415,1.5645,1.50,1.50
2010.01.26 23:35:43.495,1.56415,1.5645,1.60,1.50
2010.01.26 23:35:43.725,1.56415,1.5645,1.60,1.50
2010.01.26 23:35:43.894,1.56425,1.56455,1.50,1.50
2010.01.26 23:35:45.724,1.56425,1.56455,1.60,1.50
2010.01.26 23:35:51.543,1.56415,1.5645,1.60,1.60
2010.01.26 23:35:51.813,1.56415,1.56445,1.50,1.00
2010.01.26 23:35:52.093,1.5641,1.5644,1.00,1.50
2010.01.26 23:35:52.722,1.56415,1.56445,1.50,1.50
2010.01.26 23:35:54.102,1.56405,1.5644,1.60,1.50
2010.01.26 23:35:54.392,1.564,1.56425,1.00,1.50
2010.01.26 23:35:54.632,1.5639,1.5642,1.60,1.50
2010.01.26 23:35:54.862,1.564,1.5644,1.60,1.50
2010.01.26 23:35:55.382,1.564,1.5644,1.50,1.60
2010.01.26 23:35:56.132,1.56405,1.5644,1.00,1.50
2010.01.26 23:35:56.472,1.564,1.5644,1.50,1.60
2010.01.26 23:35:57.121,1.5641,1.5644,1.50,1.00
2010.01.26 23:35:57.471,1.5641,1.56445,1.50,1.50
2010.01.26 23:35:57.862,1.5641,1.56445,1.60,1.50
2010.01.26 23:35:58.101,1.5641,1.56455,1.60,1.50
2010.01.26 23:35:59.791,1.5641,1.56445,1.50,1.50
2010.01.26 23:36:01.860,1.5642,1.5645,1.50,1.50
2010.01.26 23:36:02.150,1.5643,1.5646,1.50,1.50
2010.01.26 23:36:02.440,1.5642,1.5646,1.50,1.50
2010.01.26 23:36:03.360,1.5642,1.5645,1.50,1.60
2010.01.26 23:36:03.580,1.5642,1.5645,1.50,1.50
2010.01.26 23:36:05.739,1.5641,1.5644,1.60,1.50
2010.01.26 23:36:05.909,1.5641,1.5644,1.50,1.50
2010.01.26 23:36:06.139,1.564,1.56445,1.90,1.70
2010.01.26 23:36:06.489,1.5639,1.56425,1.50,1.50
2010.01.26 23:36:08.738,1.564,1.56425,2.40,1.50
2010.01.26 23:36:08.859,1.564,1.56435,3.90,1.60
2010.01.26 23:36:10.258,1.5641,1.5644,1.50,1.60
2010.01.26 23:36:11.848,1.5641,1.5644,1.50,1.50
2010.01.26 23:36:15.127,1.5641,1.56435,1.50,1.00
2010.01.26 23:36:15.307,1.56395,1.56425,1.50,1.50
2010.01.26 23:36:15.477,1.56385,1.56415,1.90,1.50
2010.01.26 23:36:15.717,1.56385,1.56415,1.50,1.50
2010.01.26 23:36:15.877,1.56385,1.5641,1.00,1.50
2010.01.26 23:36:16.047,1.56385,1.5643,1.60,1.50
2010.01.26 23:36:28.674,1.56385,1.5642,1.60,1.60
2010.01.26 23:36:30.924,1.56385,1.5643,1.60,1.50
2010.01.26 23:36:32.023,1.56395,1.56435,1.50,1.50
2010.01.26 23:36:33.293,1.56405,1.5644,1.50,1.50
2010.01.26 23:36:33.513,1.5641,1.56445,1.50,1.50
2010.01.26 23:36:33.802,1.56415,1.56455,1.50,1.50
2010.01.26 23:36:35.022,1.56415,1.56455,1.60,1.50
2010.01.26 23:36:35.812,1.5642,1.56455,1.00,1.50
2010.01.26 23:36:36.692,1.5642,1.56455,1.00,1.50
2010.01.26 23:36:37.312,1.56415,1.5644,1.50,1.60
2010.01.26 23:36:37.652,1.5638,1.5642,1.50,1.50
2010.01.26 23:36:38.241,1.56415,1.56435,1.50,1.60
2010.01.26 23:36:38.521,1.56415,1.56445,1.50,1.00
2010.01.26 23:36:38.811,1.56415,1.56455,1.50,1.50
2010.01.26 23:36:39.551,1.56415,1.5645,1.50,1.50
2010.01.26 23:36:39.831,1.56405,1.56445,2.40,1.50
2010.01.26 23:36:40.071,1.564,1.56445,1.50,1.50
2010.01.26 23:36:40.301,1.564,1.56445,1.60,1.50
2010.01.26 23:36:40.541,1.5642,1.5646,1.50,4.30
2010.01.26 23:36:40.781,1.5642,1.5646,1.50,1.90
2010.01.26 23:36:41.231,1.5642,1.5646,1.50,1.50
2010.01.26 23:36:42.601,1.5643,1.5646,1.50,1.60
2010.01.26 23:36:42.661,1.5642,1.56455,3.10,1.50
2010.01.26 23:36:42.720,1.5642,1.56455,1.50,1.50
2010.01.26 23:36:43.170,1.5642,1.56455,1.50,1.60
2010.01.26 23:36:43.520,1.56405,1.5645,1.50,1.50
2010.01.26 23:36:44.220,1.5641,1.56465,1.50,1.60
2010.01.26 23:36:44.501,1.5641,1.56455,6.40,1.50
2010.01.26 23:36:44.780,1.5641,1.56465,6.40,1.50
2010.01.26 23:36:45.360,1.56425,1.56475,1.50,1.50
2010.01.26 23:36:46.759,1.56435,1.56475,1.60,1.50
2010.01.26 23:36:47.589,1.5644,1.56475,1.00,1.50
2010.01.26 23:36:48.809,1.56435,1.56475,1.50,1.50
2010.01.26 23:36:50.019,1.56435,1.56475,1.60,1.50
2010.01.26 23:36:53.428,1.5644,1.56475,1.00,1.50
2010.01.26 23:36:57.287,1.56435,1.56465,1.60,1.50
2010.01.26 23:36:58.337,1.56435,1.56465,1.50,1.50
2010.01.26 23:37:06.545,1.5643,1.5646,1.00,1.50
2010.01.26 23:37:07.115,1.5643,1.56465,1.60,1.50
2010.01.26 23:37:07.394,1.5642,1.5646,1.50,1.50
2010.01.26 23:37:07.724,1.5641,1.56465,2.00,7.60
2010.01.26 23:37:08.064,1.5641,1.56465,4.00,1.50
2010.01.26 23:37:09.334,1.56425,1.5647,1.50,1.00
2010.01.26 23:37:09.514,1.56425,1.56475,1.50,1.50
2010.01.26 23:37:10.574,1.56435,1.56475,1.60,1.50
2010.01.26 23:37:11.653,1.5644,1.56475,1.00,1.50
2010.01.26 23:37:12.843,1.56435,1.56475,1.60,1.60
2010.01.26 23:37:13.173,1.56435,1.56465,1.50,1.50
2010.01.26 23:37:13.453,1.56435,1.5646,1.00,1.50
2010.01.26 23:37:13.743,1.56435,1.56465,1.60,1.50
2010.01.26 23:37:15.342,1.56435,1.56465,1.50,1.50
2010.01.26 23:37:15.972,1.56435,1.56465,1.60,1.50
2010.01.26 23:37:16.542,1.56435,1.56465,1.50,1.50
2010.01.26 23:37:19.602,1.56435,1.56465,1.60,1.50
2010.01.26 23:37:19.841,1.56435,1.56465,1.50,1.50
2010.01.26 23:37:20.411,1.56435,1.56465,1.60,1.50
2010.01.26 23:37:21.321,1.56435,1.56465,1.50,1.50
2010.01.26 23:37:25.870,1.56435,1.56465,1.60,1.50
2010.01.26 23:37:26.580,1.56435,1.56465,1.50,1.50
2010.01.26 23:37:32.209,1.56425,1.5646,1.50,1.50
2010.01.26 23:37:34.648,1.56435,1.56465,1.50,1.50
2010.01.26 23:37:47.495,1.56435,1.56475,1.60,1.70
2010.01.26 23:37:47.885,1.56435,1.56465,1.50,1.50
2010.01.26 23:37:50.874,1.56435,1.56475,1.60,1.50
2010.01.26 23:37:51.044,1.56435,1.56465,1.60,1.50
2010.01.26 23:37:51.384,1.56435,1.56465,1.50,1.50
2010.01.26 23:37:55.773,1.56415,1.5645,1.00,1.50
2010.01.26 23:37:56.123,1.5641,1.5645,1.50,1.50
2010.01.26 23:37:57.793,1.5641,1.5644,1.50,1.60
2010.01.26 23:38:00.262,1.5641,1.5644,1.50,1.50
2010.01.26 23:38:00.432,1.5642,1.5645,1.50,1.50
2010.01.26 23:38:00.812,1.56425,1.5646,1.50,1.60
2010.01.26 23:38:00.972,1.56425,1.5646,1.50,1.50
2010.01.26 23:38:04.940,1.56425,1.5647,1.60,1.50
2010.01.26 23:38:05.400,1.56425,1.5647,1.50,1.50
2010.01.26 23:38:05.890,1.56425,1.5647,1.60,1.50
2010.01.26 23:38:06.110,1.56425,1.5647,1.50,1.50
2010.01.26 23:38:08.730,1.56425,1.5647,1.60,1.50
2010.01.26 23:38:09.010,1.56425,1.5647,1.50,1.50
2010.01.26 23:38:10.209,1.56425,1.56465,1.50,1.00
2010.01.26 23:38:10.379,1.56425,1.5646,1.50,1.50
2010.01.26 23:38:12.469,1.56425,1.5645,1.50,1.60
2010.01.26 23:38:13.049,1.5642,1.5645,1.50,3.10
2010.01.26 23:38:18.497,1.5642,1.5645,1.60,1.50
2010.01.26 23:38:18.667,1.56425,1.5646,1.50,1.60
2010.01.26 23:38:18.897,1.56425,1.5646,1.50,1.50
2010.01.26 23:38:19.077,1.56435,1.56475,1.50,1.90
2010.01.26 23:38:19.437,1.56435,1.56475,1.50,1.50
2010.01.26 23:38:24.646,1.56435,1.56475,1.60,1.50
2010.01.26 23:38:27.585,1.5644,1.56475,1.00,1.50
2010.01.26 23:38:49.300,1.56435,1.56465,1.60,1.50
2010.01.26 23:38:49.760,1.56435,1.56465,1.50,1.50
2010.01.26 23:38:50.270,1.56435,1.56465,1.60,1.50
2010.01.26 23:38:50.779,1.56435,1.56465,1.50,1.50
2010.01.26 23:38:55.558,1.56435,1.56465,1.60,1.50
2010.01.26 23:38:56.818,1.56435,1.56465,1.50,1.50
2010.01.26 23:39:20.572,1.56435,1.56465,1.60,1.50
2010.01.26 23:39:36.889,1.5644,1.56475,1.50,1.50
2010.01.26 23:39:37.578,1.5644,1.56475,1.60,1.50
2010.01.26 23:39:37.868,1.5644,1.56475,1.60,1.50
2010.01.26 23:39:39.788,1.5644,1.56475,1.50,1.50
2010.01.26 23:39:40.778,1.5644,1.56475,1.60,1.50
2010.01.26 23:39:42.347,1.56435,1.56465,1.60,1.50
2010.01.26 23:39:42.527,1.56435,1.56465,1.60,1.50
2010.01.26 23:39:59.883,1.56435,1.56465,1.50,1.50
2010.01.26 23:40:01.692,1.56435,1.56465,1.60,1.50
2010.01.26 23:40:01.923,1.56435,1.56465,1.50,1.50
2010.01.26 23:40:02.992,1.5644,1.56475,1.50,1.50
2010.01.26 23:40:14.799,1.5644,1.56475,1.60,1.50
2010.01.26 23:40:15.949,1.5644,1.56475,1.50,1.50
2010.01.26 23:40:17.789,1.56435,1.5647,1.60,1.50
2010.01.26 23:40:18.029,1.5644,1.56475,1.60,1.50
2010.01.26 23:40:18.548,1.5644,1.56475,1.00,1.50
2010.01.26 23:40:18.948,1.5644,1.56475,1.00,1.50
2010.01.26 23:40:19.518,1.5644,1.56475,1.50,1.50
2010.01.26 23:40:19.978,1.5644,1.56475,1.00,1.50
2010.01.26 23:40:21.238,1.5644,1.56475,1.50,1.50
2010.01.26 23:40:40.594,1.5644,1.56475,1.60,1.50
2010.01.26 23:40:41.173,1.5644,1.56465,1.60,1.60
2010.01.26 23:40:42.683,1.5644,1.56465,1.50,1.60
2010.01.26 23:40:45.392,1.5644,1.56475,1.50,1.50
2010.01.26 23:40:48.162,1.5643,1.56475,2.90,1.50
2010.01.26 23:40:48.392,1.5643,1.56475,1.60,1.50
2010.01.26 23:40:48.742,1.5642,1.56465,2.00,1.50
2010.01.26 23:40:49.072,1.5642,1.56465,1.60,1.50
2010.01.26 23:41:20.864,1.5642,1.56465,1.50,1.50
2010.01.26 23:41:21.034,1.56415,1.56455,1.60,1.50
2010.01.26 23:41:23.933,1.56415,1.56455,1.60,1.60
2010.01.26 23:42:09.082,1.56425,1.56455,1.00,1.50
2010.01.26 23:42:09.302,1.5644,1.56465,1.50,2.40
2010.01.26 23:42:09.542,1.5645,1.56475,1.50,1.00
2010.01.26 23:42:09.782,1.5645,1.5649,1.50,2.00
2010.01.26 23:42:10.062,1.5645,1.5649,1.50,1.50
2010.01.26 23:42:10.292,1.56455,1.565,1.50,1.50
2010.01.26 23:42:11.772,1.56455,1.565,1.60,1.50
2010.01.26 23:42:20.660,1.5645,1.5649,1.60,1.50
2010.01.26 23:42:22.709,1.5645,1.5649,1.60,1.60
2010.01.26 23:42:33.416,1.5645,1.5649,1.60,3.20
2010.01.26 23:42:41.225,1.5645,1.56485,1.00,1.50
2010.01.26 23:42:59.300,1.5645,1.5648,1.00,1.60
2010.01.26 23:42:59.660,1.56445,1.56475,1.60,1.50
2010.01.26 23:42:59.830,1.56445,1.56475,1.50,1.50
2010.01.26 23:43:00.060,1.56445,1.56465,1.00,1.50
2010.01.26 23:43:00.230,1.56445,1.56485,1.60,1.50
2010.01.26 23:43:01.640,1.5645,1.56485,1.00,1.50
2010.01.26 23:43:01.990,1.5645,1.56485,1.00,1.50
2010.01.26 23:43:03.219,1.5645,1.5648,1.00,1.50
2010.01.26 23:43:25.634,1.5647,1.565,1.50,1.00
2010.01.26 23:43:25.964,1.56465,1.56495,2.40,1.50
2010.01.26 23:43:26.184,1.56455,1.56495,1.00,1.50
2010.01.26 23:43:26.364,1.56455,1.56485,1.00,1.50
2010.01.26 23:43:26.544,1.5645,1.56485,1.00,1.50
2010.01.26 23:43:28.313,1.56455,1.56485,1.00,1.50
2010.01.26 23:43:28.553,1.5646,1.5649,1.50,1.50
2010.01.26 23:43:29.693,1.5646,1.5649,1.60,1.50
2010.01.26 23:43:30.623,1.56465,1.5649,1.00,1.50
2010.01.26 23:43:30.863,1.5646,1.5649,1.50,1.50
2010.01.26 23:43:31.273,1.56455,1.5648,1.00,1.50
2010.01.26 23:43:35.102,1.5646,1.5649,1.60,1.50
2010.01.26 23:43:35.702,1.5646,1.56495,1.60,1.50
2010.01.26 23:43:36.921,1.56465,1.56495,1.00,1.50
2010.01.26 23:43:40.060,1.56465,1.56495,1.00,3.10
2010.01.26 23:43:44.999,1.56455,1.56485,1.60,1.50
2010.01.26 23:43:46.009,1.5646,1.56495,1.60,3.10
2010.01.26 23:43:47.739,1.5646,1.56495,1.50,3.20
2010.01.26 23:43:48.029,1.56455,1.56485,1.60,1.50
2010.01.26 23:43:48.708,1.5646,1.56485,1.00,1.50
2010.01.26 23:43:49.068,1.5646,1.56495,1.60,3.10
2010.01.26 23:43:49.968,1.5646,1.56495,1.60,1.50
2010.01.26 23:43:50.748,1.56465,1.56495,1.00,1.50
2010.01.26 23:43:51.628,1.5646,1.56495,1.60,1.50
2010.01.26 23:43:53.877,1.56465,1.56495,1.00,1.50
2010.01.26 23:43:54.047,1.5647,1.565,1.50,1.50
2010.01.26 23:43:54.567,1.5647,1.565,1.50,1.60
2010.01.26 23:43:54.747,1.5646,1.56495,1.60,1.50
2010.01.26 23:43:55.617,1.56465,1.56495,1.00,1.50
2010.01.26 23:43:58.086,1.56465,1.56495,1.00,1.50
2010.01.26 23:43:58.256,1.5647,1.565,1.50,1.50
2010.01.26 23:43:59.296,1.5647,1.565,1.50,1.60
2010.01.26 23:43:59.476,1.5646,1.56495,4.00,1.50
2010.01.26 23:43:59.656,1.5646,1.56495,1.60,1.50
2010.01.26 23:44:00.726,1.56465,1.56495,1.00,1.50
2010.01.26 23:44:03.325,1.5647,1.565,1.50,1.50
2010.01.26 23:44:04.675,1.5648,1.5651,1.50,1.50
2010.01.26 23:44:04.905,1.5648,1.5651,1.60,1.50
2010.01.26 23:44:05.125,1.56485,1.5652,1.50,1.90
2010.01.26 23:44:05.414,1.5649,1.56525,1.50,1.50
2010.01.26 23:44:07.114,1.56475,1.5652,7.60,1.50
2010.01.26 23:44:07.294,1.56475,1.5652,3.90,1.50
2010.01.26 23:44:07.584,1.56475,1.5652,1.50,1.50
2010.01.26 23:44:08.634,1.56465,1.56505,6.30,1.50
2010.01.26 23:44:08.924,1.5646,1.565,1.00,1.50
2010.01.26 23:44:09.223,1.56455,1.565,1.50,1.50
2010.01.26 23:44:09.853,1.56455,1.5649,1.60,1.50
2010.01.26 23:44:10.013,1.56455,1.56505,1.60,6.30
2010.01.26 23:44:10.243,1.56455,1.56505,1.60,1.50
2010.01.26 23:44:11.833,1.5647,1.56505,1.50,1.50
2010.01.26 23:44:14.013,1.56465,1.56495,1.50,1.50
2010.01.26 23:44:14.552,1.56465,1.56495,1.60,1.50
2010.01.26 23:44:14.852,1.56475,1.56505,1.50,1.60
2010.01.26 23:44:15.082,1.56465,1.56495,1.50,1.50
2010.01.26 23:44:15.832,1.5647,1.56505,1.50,1.50
2010.01.26 23:44:18.801,1.56465,1.56495,1.50,1.50
2010.01.26 23:44:19.711,1.56465,1.56495,1.60,1.50
2010.01.26 23:44:20.710,1.56465,1.56495,1.50,1.50
2010.01.26 23:44:23.800,1.5647,1.56505,1.50,1.50
2010.01.26 23:44:24.150,1.5648,1.56515,1.50,1.50
2010.01.26 23:44:25.690,1.5648,1.56515,1.50,1.60
2010.01.26 23:44:26.669,1.5648,1.56515,1.60,1.50
2010.01.26 23:44:27.609,1.56465,1.56495,6.30,1.50
2010.01.26 23:44:27.899,1.5648,1.56515,1.50,4.00
2010.01.26 23:44:28.119,1.5648,1.56515,1.50,1.60
2010.01.26 23:44:29.668,1.5648,1.56515,1.60,1.60
2010.01.26 23:44:29.998,1.5648,1.56515,1.60,1.50
2010.01.26 23:44:30.978,1.5649,1.56515,1.20,1.50
2010.01.26 23:44:31.158,1.5651,1.56535,1.50,2.80
2010.01.26 23:44:31.328,1.5651,1.56535,1.50,1.00
2010.01.26 23:44:31.618,1.5651,1.5654,1.50,2.00
2010.01.26 23:44:31.968,1.5651,1.5654,1.50,1.60
2010.01.26 23:44:32.468,1.565,1.5653,1.50,1.60
2010.01.26 23:44:32.818,1.5649,1.56525,1.50,1.50
2010.01.26 23:44:33.148,1.56475,1.56505,6.70,1.50
2010.01.26 23:44:33.378,1.5647,1.56505,2.00,1.50
2010.01.26 23:44:34.687,1.56475,1.56505,1.60,1.50
2010.01.26 23:44:35.667,1.56475,1.56505,1.50,1.60
2010.01.26 23:44:37.037,1.56475,1.56505,1.60,1.50
2010.01.26 23:44:37.217,1.56475,1.56505,1.60,1.50
2010.01.26 23:44:37.516,1.5648,1.56515,1.50,1.60
2010.01.26 23:44:37.737,1.5648,1.56515,1.50,3.20
2010.01.26 23:44:37.956,1.56475,1.56505,1.60,1.50
2010.01.26 23:44:38.746,1.56475,1.56505,1.50,1.60
2010.01.26 23:44:39.666,1.56465,1.56495,1.60,1.50
2010.01.26 23:44:40.006,1.56475,1.56505,1.50,1.60
2010.01.26 23:44:40.296,1.5648,1.56515,1.50,3.20
2010.01.26 23:44:40.636,1.56475,1.56505,1.60,1.50
2010.01.26 23:44:41.885,1.56475,1.56505,1.50,1.60
2010.01.26 23:44:42.505,1.56465,1.56505,3.20,1.60
2010.01.26 23:44:42.965,1.56465,1.565,1.60,1.60
2010.01.26 23:44:49.614,1.56465,1.565,1.60,1.60
2010.01.26 23:44:51.254,1.56465,1.56495,1.50,1.00
2010.01.26 23:44:51.434,1.56455,1.5649,2.40,1.50
2010.01.26 23:44:51.663,1.56445,1.56485,1.00,1.50
2010.01.26 23:44:51.893,1.56435,1.56485,2.40,1.50
2010.01.26 23:44:52.243,1.5643,1.56485,3.90,1.50
2010.01.26 23:44:52.593,1.5643,1.56485,1.50,1.50
2010.01.26 23:44:52.933,1.5643,1.56485,1.50,1.60
2010.01.26 23:44:53.623,1.5643,1.56485,1.60,1.50
2010.01.26 23:44:53.863,1.5643,1.56485,2.90,1.50
2010.01.26 23:44:54.033,1.56445,1.5649,1.50,1.60
2010.01.26 23:44:56.932,1.56445,1.56485,1.50,1.60
2010.01.26 23:44:57.292,1.56445,1.5648,1.50,1.50
2010.01.26 23:44:59.431,1.56445,1.56475,1.50,1.00
2010.01.26 23:44:59.601,1.56445,1.5646,1.50,1.00
2010.01.26 23:44:59.711,1.5643,1.5644,2.40,2.40
2010.01.26 23:44:59.821,1.56425,1.56445,1.00,5.60
2010.01.26 23:44:59.991,1.56425,1.5643,1.00,1.60
2010.01.26 23:45:00.051,1.56385,1.5643,1.50,1.60
2010.01.26 23:45:00.411,1.5637,1.56415,1.60,1.50
2010.01.26 23:45:00.771,1.5636,1.5641,1.90,2.40
2010.01.26 23:45:01.151,1.56375,1.56415,1.00,4.80
2010.01.26 23:45:01.501,1.56375,1.56425,1.60,1.50
2010.01.26 23:45:02.201,1.5641,1.5643,1.50,2.40
2010.01.26 23:45:02.551,1.5639,1.56465,4.80,1.50
2010.01.26 23:45:02.841,1.56385,1.5647,1.50,2.40
2010.01.26 23:45:03.190,1.5638,1.56465,6.40,1.50
2010.01.26 23:45:03.460,1.56415,1.5647,1.50,1.50
2010.01.26 23:45:05.860,1.56425,1.5646,1.50,1.60
2010.01.26 23:45:06.090,1.5642,1.56455,1.50,1.50
2010.01.26 23:45:09.729,1.56415,1.56445,1.50,1.50
2010.01.26 23:45:11.218,1.564,1.56425,4.80,1.50
2010.01.26 23:45:11.498,1.56395,1.56425,2.00,1.50
2010.01.26 23:45:11.728,1.56395,1.56425,1.60,1.50
2010.01.26 23:45:12.348,1.56395,1.56425,1.50,3.20
2010.01.26 23:45:12.708,1.56385,1.5641,1.00,1.50
2010.01.26 23:45:13.058,1.5638,1.5641,1.50,1.50
2010.01.26 23:45:13.628,1.5638,1.5641,1.60,1.50
2010.01.26 23:45:13.858,1.56385,1.5642,1.50,1.50
2010.01.26 23:45:14.608,1.56395,1.56425,1.50,1.50
2010.01.26 23:45:15.528,1.5639,1.5642,1.00,1.50
2010.01.26 23:45:15.867,1.5639,1.56435,3.90,1.20
2010.01.26 23:45:16.217,1.5641,1.56435,1.50,1.20
2010.01.26 23:45:16.567,1.56395,1.56435,6.30,1.20
2010.01.26 23:45:17.827,1.56405,1.56425,2.40,1.50
2010.01.26 23:45:18.187,1.56405,1.56435,1.50,1.20
2010.01.26 23:45:18.577,1.56405,1.56455,1.50,1.50
2010.01.26 23:45:18.876,1.564,1.5644,1.60,1.50
2010.01.26 23:45:20.176,1.564,1.5644,1.50,1.50
2010.01.26 23:45:20.936,1.56395,1.56425,4.00,1.50
2010.01.26 23:45:21.286,1.56395,1.56425,1.60,1.50
2010.01.26 23:45:21.637,1.564,1.5643,1.60,1.50
2010.01.26 23:45:22.366,1.564,1.5643,1.50,1.50
2010.01.26 23:45:22.666,1.56395,1.56425,1.00,1.50
2010.01.26 23:45:24.385,1.564,1.56415,1.60,1.50
2010.01.26 23:45:24.726,1.56415,1.5645,1.50,1.00
2010.01.26 23:45:24.965,1.56415,1.56465,1.50,1.00
2010.01.26 23:45:25.205,1.564,1.5647,1.60,1.50
2010.01.26 23:45:27.624,1.56415,1.5646,1.00,1.50
2010.01.26 23:45:27.975,1.56435,1.56465,1.50,1.50
2010.01.26 23:45:30.734,1.56445,1.56465,1.00,1.60
2010.01.26 23:45:31.594,1.5644,1.56465,1.50,1.60
2010.01.26 23:45:31.834,1.56435,1.5646,1.60,1.60
2010.01.26 23:45:32.004,1.56435,1.56465,1.60,3.10
2010.01.26 23:45:33.083,1.5642,1.5645,4.00,1.50
2010.01.26 23:45:33.263,1.56435,1.56465,1.50,1.50
2010.01.26 23:45:33.433,1.56435,1.56465,1.50,5.50
2010.01.26 23:45:33.663,1.56435,1.56465,1.50,3.10
2010.01.26 23:45:34.773,1.5643,1.5646,1.00,3.10
2010.01.26 23:45:34.943,1.56435,1.5646,1.00,1.50
2010.01.26 23:45:35.123,1.56445,1.56475,1.50,3.20
2010.01.26 23:45:35.343,1.5644,1.5646,1.00,1.60
2010.01.26 23:45:36.782,1.56435,1.5646,1.60,1.60
2010.01.26 23:45:40.362,1.56435,1.5646,1.00,3.10
2010.01.26 23:45:40.711,1.5643,1.5646,1.60,3.10
2010.01.26 23:45:41.051,1.5644,1.5647,1.50,3.10
2010.01.26 23:45:41.401,1.5644,1.5647,1.50,1.50
2010.01.26 23:45:41.681,1.5643,1.5646,3.20,1.50
2010.01.26 23:45:41.911,1.56435,1.5646,1.00,1.50
2010.01.26 23:45:42.201,1.5644,1.5647,1.50,1.50
2010.01.26 23:45:43.891,1.5644,1.5647,1.60,1.50
2010.01.26 23:45:48.020,1.5644,1.5647,1.50,1.60
2010.01.26 23:45:51.399,1.56445,1.56475,1.60,1.60
2010.01.26 23:45:53.128,1.56445,1.5647,1.50,1.00
2010.01.26 23:45:53.348,1.5644,1.5647,1.50,1.60
2010.01.26 23:46:02.596,1.5643,1.5646,3.10,1.50
2010.01.26 23:46:02.826,1.5642,1.56455,6.70,1.50
2010.01.26 23:46:03.106,1.5642,1.56455,1.50,1.50
2010.01.26 23:46:05.096,1.5643,1.5646,1.50,1.50
2010.01.26 23:46:06.836,1.56435,1.56465,1.50,1.50
2010.01.26 23:46:07.645,1.56435,1.56465,1.60,1.50
2010.01.26 23:46:29.090,1.5644,1.5648,1.50,1.60
2010.01.26 23:46:30.760,1.5644,1.5648,1.60,1.60
2010.01.26 23:46:31.429,1.5644,1.5648,1.50,1.60
2010.01.26 23:46:31.609,1.56435,1.56465,1.60,1.50
2010.01.26 23:46:42.796,1.5643,1.5646,1.00,1.50
2010.01.26 23:46:43.086,1.5643,1.5646,1.00,3.10
2010.01.26 23:46:43.816,1.56425,1.56455,1.60,1.00
2010.01.26 23:46:44.746,1.5643,1.5646,1.00,3.20
2010.01.26 23:46:54.684,1.56425,1.5646,1.60,3.10
2010.01.26 23:46:54.983,1.56425,1.5645,1.60,1.60
2010.01.26 23:46:57.353,1.56425,1.56455,1.50,1.60
2010.01.26 23:46:57.703,1.5642,1.5645,1.50,1.50
2010.01.26 23:46:58.393,1.5642,1.56445,1.60,1.60
2010.01.26 23:46:58.833,1.5642,1.5645,1.60,1.50
2010.01.26 23:46:59.592,1.5642,1.5645,1.60,1.60
2010.01.26 23:46:59.642,1.5642,1.5645,1.60,1.50
2010.01.26 23:47:01.052,1.56415,1.5644,1.00,1.50
2010.01.26 23:47:02.782,1.5641,1.5644,1.60,1.60
2010.01.26 23:47:03.711,1.56415,1.5644,1.00,1.50
2010.01.26 23:47:04.181,1.5641,1.5644,1.50,1.60
2010.01.26 23:47:04.541,1.56405,1.5643,1.00,1.50
2010.01.26 23:47:05.741,1.564,1.5643,1.60,1.50
2010.01.26 23:47:06.941,1.56395,1.56425,1.00,1.50
2010.01.26 23:47:08.710,1.56395,1.56425,1.00,1.60
2010.01.26 23:47:09.470,1.56395,1.56425,1.00,1.50
2010.01.26 23:47:09.640,1.564,1.5643,1.50,1.60
2010.01.26 23:47:10.720,1.564,1.5643,1.60,1.50
2010.01.26 23:47:11.230,1.56405,1.5643,1.00,1.50
2010.01.26 23:47:26.336,1.5641,1.56445,1.00,3.10
2010.01.26 23:47:26.626,1.5641,1.56445,1.60,1.60
2010.01.26 23:47:35.394,1.5641,1.56445,1.00,3.10
2010.01.26 23:47:36.194,1.5642,1.56445,1.50,1.60
2010.01.26 23:47:38.763,1.5642,1.56445,1.60,1.60
2010.01.26 23:47:44.792,1.56425,1.5646,1.60,1.60
2010.01.26 23:47:45.091,1.56425,1.5646,1.60,3.20
2010.01.26 23:47:45.371,1.56435,1.56455,1.50,1.60
2010.01.26 23:47:46.701,1.56435,1.56455,1.60,1.60
2010.01.26 23:47:47.691,1.56435,1.56465,1.60,1.50
2010.01.26 23:47:47.931,1.5644,1.56465,1.00,1.50
2010.01.26 23:47:48.221,1.5644,1.5648,1.60,1.50
2010.01.26 23:47:49.710,1.56445,1.5648,1.00,1.50
2010.01.26 23:47:51.610,1.5644,1.5648,1.60,1.60
2010.01.26 23:47:52.130,1.5645,1.5648,1.00,1.50
2010.01.26 23:47:52.290,1.5645,1.56485,1.50,1.60
2010.01.26 23:47:52.400,1.5645,1.56485,1.50,5.30
2010.01.26 23:47:52.510,1.5644,1.5647,1.50,1.50
2010.01.26 23:47:52.900,1.5643,1.5646,1.50,1.50
2010.01.26 23:47:56.789,1.5643,1.5646,1.60,1.50
2010.01.26 23:47:57.259,1.5643,1.56465,3.20,1.60
2010.01.26 23:47:57.479,1.56415,1.5644,1.00,1.50
2010.01.26 23:47:57.658,1.5642,1.56445,4.80,1.50
2010.01.26 23:47:57.989,1.5642,1.56445,2.40,1.50
2010.01.26 23:47:58.348,1.56415,1.56445,1.50,1.50
2010.01.26 23:48:02.338,1.5642,1.5644,1.50,1.60
2010.01.26 23:48:02.847,1.56425,1.5644,1.50,1.60
2010.01.26 23:48:03.117,1.56405,1.56435,1.50,1.50
2010.01.26 23:48:04.837,1.56405,1.56435,1.50,1.60
2010.01.26 23:48:08.276,1.564,1.56435,1.60,1.60
2010.01.26 23:48:08.396,1.564,1.5643,1.50,1.00
2010.01.26 23:48:08.626,1.564,1.56435,1.60,1.60
2010.01.26 23:48:08.796,1.564,1.5643,1.50,1.00
2010.01.26 23:48:09.186,1.56395,1.56425,1.60,1.60
2010.01.26 23:48:10.925,1.5639,1.56415,1.50,1.00
2010.01.26 23:48:11.265,1.56385,1.56415,1.60,1.60
2010.01.26 23:48:11.595,1.56375,1.5641,1.50,1.60
2010.01.26 23:48:11.775,1.56375,1.5641,1.60,1.50
2010.01.26 23:48:12.655,1.56375,1.5641,1.60,1.60
2010.01.26 23:48:13.495,1.56375,1.56405,1.50,1.00
2010.01.26 23:48:17.734,1.56375,1.5641,1.60,1.50
2010.01.26 23:48:18.084,1.56385,1.56415,1.50,1.60
2010.01.26 23:48:19.903,1.56385,1.56415,1.60,1.60
2010.01.26 23:48:20.253,1.56385,1.56415,1.50,1.60
2010.01.26 23:48:20.553,1.56375,1.5641,1.60,1.50
2010.01.26 23:48:21.703,1.56375,1.5641,1.60,1.60
2010.01.26 23:48:22.352,1.56375,1.56405,1.50,1.00
2010.01.26 23:48:27.951,1.56375,1.5641,1.60,1.60
2010.01.26 23:48:28.291,1.56375,1.56405,1.50,1.00
2010.01.26 23:48:32.010,1.56375,1.5641,1.60,1.60
2010.01.26 23:48:32.290,1.56375,1.56405,1.50,1.00
2010.01.26 23:48:35.569,1.56385,1.56415,1.50,1.50
2010.01.26 23:48:35.909,1.56385,1.56415,1.50,1.60
2010.01.26 23:48:36.249,1.56385,1.56425,1.50,1.60
2010.01.26 23:48:39.908,1.56385,1.56425,1.60,1.60
2010.01.26 23:48:46.887,1.56385,1.56415,1.00,1.50
2010.01.26 23:48:47.187,1.56385,1.56405,1.00,1.50
2010.01.26 23:48:47.297,1.56385,1.56415,1.50,1.50
2010.01.26 23:48:56.324,1.56385,1.56415,1.50,1.60
2010.01.26 23:48:58.284,1.56385,1.56415,1.50,1.50
2010.01.26 23:48:59.813,1.56385,1.56415,1.50,1.60
2010.01.26 23:49:00.163,1.56385,1.56415,1.50,1.60
2010.01.26 23:49:02.593,1.56385,1.56415,1.50,1.50
2010.01.26 23:49:02.823,1.56385,1.56415,1.50,1.60
2010.01.26 23:49:06.852,1.56385,1.56415,1.50,1.60
2010.01.26 23:49:17.999,1.56385,1.56415,1.50,1.50
2010.01.26 23:49:19.069,1.56385,1.56415,1.60,1.50
2010.01.26 23:49:19.419,1.56385,1.56415,1.50,1.50
2010.01.26 23:49:20.099,1.56385,1.56415,1.60,1.50
2010.01.26 23:49:23.758,1.5639,1.56415,1.00,1.50
2010.01.26 23:49:29.567,1.56395,1.56415,1.00,1.50
2010.01.26 23:49:29.976,1.564,1.56425,1.00,1.50
2010.01.26 23:49:30.496,1.564,1.5643,1.60,1.50
2010.01.26 23:49:34.255,1.564,1.5642,1.00,1.50
2010.01.26 23:49:34.615,1.56395,1.5642,1.00,1.50
2010.01.26 23:49:38.514,1.5636,1.56405,6.80,1.50
2010.01.26 23:49:38.744,1.5636,1.56405,2.00,1.50
2010.01.26 23:49:39.104,1.5636,1.56405,1.60,1.50
2010.01.26 23:49:39.684,1.56365,1.56405,1.70,1.50
2010.01.26 23:49:39.984,1.56355,1.564,4.00,1.50
2010.01.26 23:49:40.284,1.56355,1.564,1.60,1.50
2010.01.26 23:49:40.564,1.56375,1.564,1.00,1.50
2010.01.26 23:49:40.904,1.56375,1.56405,1.00,1.50
2010.01.26 23:49:43.653,1.5637,1.56405,1.50,3.10
2010.01.26 23:49:43.943,1.56365,1.56395,1.50,1.50
2010.01.26 23:49:44.113,1.56365,1.5639,1.00,1.50
2010.01.26 23:49:44.353,1.56365,1.56395,1.60,1.50
2010.01.26 23:49:46.322,1.56365,1.56395,1.50,1.60
2010.01.26 23:49:46.592,1.56365,1.56385,1.00,1.50
2010.01.26 23:49:46.882,1.5637,1.56405,1.50,1.50
2010.01.26 23:49:47.702,1.56375,1.56405,1.00,1.50
2010.01.26 23:49:49.322,1.5637,1.56405,1.50,1.50
2010.01.26 23:49:49.561,1.56365,1.56395,1.60,1.50
2010.01.26 23:49:52.831,1.5636,1.56385,1.00,1.50
2010.01.26 23:49:53.451,1.56365,1.56395,1.50,1.50
2010.01.26 23:49:54.630,1.56365,1.56395,1.60,1.50
2010.01.26 23:49:55.710,1.5636,1.56385,1.00,1.50
2010.01.26 23:49:56.050,1.5636,1.56395,1.50,1.60
2010.01.26 23:49:56.400,1.5636,1.56385,1.00,1.50
2010.01.26 23:49:56.750,1.56365,1.56395,1.00,1.50
2010.01.26 23:49:56.930,1.5637,1.56395,1.00,1.50
2010.01.26 23:49:57.090,1.5637,1.564,1.00,1.60
2010.01.26 23:49:57.270,1.5638,1.56415,1.00,1.50
2010.01.26 23:49:57.670,1.5638,1.56415,1.00,3.10
2010.01.26 23:49:58.009,1.56375,1.56405,1.00,1.50
2010.01.26 23:49:58.359,1.56365,1.56395,1.00,1.50
2010.01.26 23:49:59.539,1.56375,1.564,1.00,3.10
2010.01.26 23:50:00.129,1.56375,1.56405,1.60,1.50
2010.01.26 23:50:00.399,1.5639,1.5642,1.50,1.50
2010.01.26 23:50:02.638,1.5639,1.5642,1.60,1.50
2010.01.26 23:50:04.388,1.56385,1.56415,1.80,1.50
2010.01.26 23:50:05.588,1.56395,1.56415,1.70,1.50
2010.01.26 23:50:05.928,1.564,1.56435,3.10,1.60
2010.01.26 23:50:06.268,1.564,1.56435,1.50,3.20
2010.01.26 23:50:06.548,1.56395,1.5643,1.50,1.50
2010.01.26 23:50:06.888,1.56395,1.5643,1.60,1.50
2010.01.26 23:50:07.218,1.564,1.56435,1.50,1.50
2010.01.26 23:50:07.847,1.564,1.56435,1.60,1.50
2010.01.26 23:50:10.676,1.5641,1.56445,1.00,1.50
2010.01.26 23:50:12.166,1.56415,1.56455,1.50,1.60
2010.01.26 23:50:13.086,1.5643,1.56455,1.00,1.50
2010.01.26 23:50:13.386,1.5643,1.5646,1.60,1.60
2010.01.26 23:50:13.896,1.5642,1.56455,1.60,1.50
2010.01.26 23:50:14.246,1.56405,1.56445,2.00,1.50
2010.01.26 23:50:14.525,1.56405,1.56445,1.60,1.50
2010.01.26 23:50:14.865,1.56415,1.56455,1.50,1.50
2010.01.26 23:50:16.395,1.56425,1.56465,1.50,2.00
2010.01.26 23:50:16.755,1.56425,1.56465,1.50,1.60
2010.01.26 23:50:17.615,1.5643,1.56465,1.00,1.50
2010.01.26 23:50:17.965,1.56425,1.56465,1.50,1.50
2010.01.26 23:50:18.835,1.56425,1.56465,1.60,1.50
2010.01.26 23:50:20.044,1.56425,1.56465,1.50,1.60
2010.01.26 23:50:20.394,1.5643,1.56465,1.00,1.50
2010.01.26 23:50:20.724,1.56435,1.56465,1.50,1.50
2010.01.26 23:50:26.453,1.5643,1.5646,1.50,1.50
2010.01.26 23:50:26.812,1.56435,1.56465,1.50,1.50
2010.01.26 23:50:27.682,1.56435,1.56465,1.60,1.50
2010.01.26 23:50:28.672,1.5644,1.56465,1.00,1.50
2010.01.26 23:50:29.192,1.56425,1.5646,2.40,1.50
2010.01.26 23:50:29.362,1.5642,1.5646,1.50,1.50
2010.01.26 23:50:29.582,1.56425,1.5646,1.50,1.60
2010.01.26 23:50:29.742,1.56415,1.56455,4.80,1.60
2010.01.26 23:50:29.922,1.56405,1.5644,2.40,1.50
2010.01.26 23:50:30.322,1.564,1.5644,1.60,1.50
2010.01.26 23:50:30.962,1.564,1.5644,1.00,1.50
2010.01.26 23:50:33.831,1.56405,1.56445,1.50,1.50
2010.01.26 23:50:34.801,1.56405,1.56445,1.60,1.50
2010.01.26 23:50:35.141,1.56405,1.56445,1.50,1.50
2010.01.26 23:50:35.440,1.564,1.5644,1.00,1.50
2010.01.26 23:50:40.489,1.56405,1.56445,1.50,1.50
2010.01.26 23:50:41.719,1.5641,1.56445,1.00,1.50
2010.01.26 23:50:42.649,1.56415,1.56445,1.00,1.50
2010.01.26 23:50:49.397,1.564,1.56425,1.00,1.50
2010.01.26 23:50:50.137,1.5639,1.56425,1.00,1.60
2010.01.26 23:50:50.307,1.5639,1.56415,1.00,1.50
2010.01.26 23:50:50.947,1.56385,1.56415,1.50,1.50
2010.01.26 23:50:51.297,1.5638,1.56405,1.00,1.50
2010.01.26 23:50:56.156,1.5638,1.56415,1.60,1.50
2010.01.26 23:50:59.525,1.56385,1.56415,1.00,1.50
2010.01.26 23:51:18.730,1.5638,1.56415,1.60,1.50
2010.01.26 23:51:21.639,1.56385,1.56415,1.00,1.50
2010.01.26 23:51:33.007,1.56385,1.56405,1.00,1.50
2010.01.26 23:51:33.227,1.5638,1.56405,1.00,1.50
2010.01.26 23:51:42.014,1.56385,1.56415,3.20,1.50
2010.01.26 23:51:43.714,1.5639,1.56415,1.00,1.50
2010.01.26 23:51:55.121,1.56385,1.56415,3.10,1.50
2010.01.26 23:51:55.291,1.5638,1.56405,1.00,1.50
2010.01.26 23:51:56.041,1.56385,1.56405,1.00,1.50
2010.01.26 23:51:56.381,1.56385,1.56415,1.00,1.50
2010.01.26 23:51:56.731,1.5638,1.56405,1.00,1.50
2010.01.26 23:51:58.741,1.5638,1.56415,1.60,1.50
2010.01.26 23:51:58.980,1.5639,1.56425,1.60,1.50
2010.01.26 23:51:59.220,1.5639,1.56425,1.50,1.60
2010.01.26 23:51:59.390,1.5635,1.564,1.00,1.50
2010.01.26 23:51:59.750,1.5634,1.56395,1.00,1.50
2010.01.26 23:52:00.950,1.56355,1.5638,1.00,1.50
2010.01.26 23:52:01.180,1.56355,1.5639,1.60,1.50
2010.01.26 23:52:02.749,1.5636,1.5639,1.00,1.50
2010.01.26 23:52:03.090,1.56365,1.56395,1.50,1.50
2010.01.26 23:52:03.689,1.5637,1.56405,1.50,1.50
2010.01.26 23:52:04.569,1.56375,1.56405,1.00,1.50
2010.01.26 23:52:04.689,1.56375,1.56405,1.00,1.50
2010.01.26 23:52:09.278,1.5638,1.5641,1.00,1.50
2010.01.26 23:52:09.518,1.5637,1.5641,1.00,1.50
2010.01.26 23:52:10.788,1.56365,1.564,1.60,1.50
2010.01.26 23:52:12.217,1.5637,1.5641,1.00,1.50
2010.01.26 23:52:12.897,1.56365,1.5641,1.60,1.60
2010.01.26 23:52:13.237,1.56365,1.564,1.60,1.50
2010.01.26 23:52:21.415,1.56375,1.56405,1.50,1.50
2010.01.26 23:52:22.715,1.56375,1.56405,1.60,1.50
2010.01.26 23:52:23.744,1.5638,1.56405,1.00,1.50
2010.01.26 23:52:28.824,1.56375,1.564,1.00,1.50
2010.01.26 23:52:29.343,1.5637,1.564,1.60,1.50
2010.01.26 23:52:30.283,1.56375,1.564,1.00,1.50
2010.01.26 23:52:30.503,1.56375,1.564,1.00,1.50
2010.01.26 23:52:30.793,1.56365,1.56395,1.60,1.50
2010.01.26 23:52:40.191,1.56365,1.5639,1.00,1.50
2010.01.26 23:52:51.928,1.5637,1.5639,1.00,1.50
2010.01.26 23:53:07.354,1.5637,1.56395,1.00,1.50
2010.01.26 23:53:11.533,1.5637,1.56405,1.00,1.70
2010.01.26 23:53:13.882,1.5637,1.56385,1.00,1.50
2010.01.26 23:53:18.341,1.56375,1.56385,1.00,1.50
2010.01.26 23:53:18.571,1.56375,1.56395,1.00,1.50
2010.01.26 23:53:19.781,1.56365,1.56395,1.60,1.50
2010.01.26 23:53:20.121,1.56365,1.56385,1.00,1.50
2010.01.26 23:53:20.401,1.56355,1.56385,1.50,1.50
2010.01.26 23:53:21.041,1.56345,1.5637,1.00,1.50
2010.01.26 23:53:21.331,1.56355,1.5638,1.00,1.50
2010.01.26 23:53:22.310,1.5636,1.5639,1.60,1.50
2010.01.26 23:53:22.950,1.56365,1.564,1.60,1.50
2010.01.26 23:53:23.630,1.56365,1.56395,1.00,1.50
2010.01.26 23:53:24.150,1.56365,1.564,1.60,1.50
2010.01.26 23:53:24.550,1.5637,1.564,1.00,1.50
2010.01.26 23:53:25.360,1.56365,1.564,1.00,1.50
2010.01.26 23:53:27.019,1.5637,1.56405,1.50,1.50
2010.01.26 23:53:28.609,1.5637,1.56405,3.10,1.50
2010.01.26 23:53:28.959,1.5638,1.5641,1.00,1.50
2010.01.26 23:53:36.187,1.56375,1.5641,1.50,1.50
2010.01.26 23:53:36.537,1.5637,1.564,1.00,1.50
2010.01.26 23:53:40.836,1.56375,1.5641,1.50,1.50
2010.01.26 23:53:41.826,1.5638,1.5641,1.00,1.50
2010.01.26 23:53:44.295,1.56375,1.564,1.00,1.50
2010.01.26 23:53:45.864,1.5638,1.5641,1.00,1.50
2010.01.26 23:53:46.905,1.56385,1.5641,1.00,1.50
2010.01.26 23:53:47.704,1.5638,1.5641,1.00,1.50
2010.01.26 23:53:47.934,1.5638,1.5641,1.00,1.50
2010.01.26 23:53:50.784,1.56375,1.5641,1.50,1.50
2010.01.26 23:53:50.954,1.5637,1.564,1.00,1.50
2010.01.26 23:54:04.190,1.56365,1.564,1.50,1.50
2010.01.26 23:54:04.430,1.56355,1.56385,1.00,1.50
2010.01.26 23:54:04.650,1.56345,1.5638,1.00,1.50
2010.01.26 23:54:04.880,1.5634,1.5638,1.00,1.50
2010.01.26 23:54:05.210,1.56335,1.5637,4.80,1.50
2010.01.26 23:54:05.500,1.56335,1.5637,1.00,1.50
2010.01.26 23:54:06.410,1.5635,1.5639,1.00,1.00
2010.01.26 23:54:06.740,1.56355,1.564,1.50,2.40
2010.01.26 23:54:07.480,1.56355,1.56405,1.50,1.50
2010.01.26 23:54:07.759,1.56355,1.56405,1.60,1.50
2010.01.26 23:54:08.719,1.56355,1.5639,1.00,1.50
2010.01.26 23:54:09.809,1.56365,1.56395,1.50,1.50
2010.01.26 23:54:10.659,1.56365,1.56395,1.60,1.50
2010.01.26 23:54:11.648,1.5637,1.56395,1.00,1.50
2010.01.26 23:54:13.718,1.56365,1.56395,1.60,1.50
2010.01.26 23:54:20.726,1.5636,1.564,2.40,1.50
2010.01.26 23:54:20.906,1.56355,1.564,6.40,1.50
2010.01.26 23:54:23.386,1.56355,1.564,4.00,1.50
2010.01.26 23:54:23.735,1.5636,1.564,1.00,1.50
2010.01.26 23:54:23.795,1.56365,1.56405,1.50,1.50
2010.01.26 23:54:24.205,1.56365,1.56395,1.50,1.50
2010.01.26 23:54:25.595,1.56365,1.56395,1.60,1.50
2010.01.26 23:54:25.945,1.56365,1.56395,1.60,1.50
2010.01.26 23:54:35.833,1.5637,1.56405,1.00,1.50
2010.01.26 23:54:39.712,1.5637,1.56405,1.00,1.50
2010.01.26 23:54:40.012,1.5637,1.56395,1.00,1.50
2010.01.26 23:54:40.182,1.56365,1.56395,1.60,1.50
2010.01.26 23:54:46.200,1.56365,1.56395,1.60,1.50
2010.01.26 23:54:46.380,1.5637,1.56405,1.50,1.50
2010.01.26 23:54:47.850,1.5637,1.56405,1.60,1.50
2010.01.26 23:54:48.199,1.5637,1.564,1.00,1.50
2010.01.26 23:54:49.800,1.5637,1.56405,1.60,1.50
2010.01.26 23:54:51.879,1.5637,1.564,1.00,1.50
2010.01.26 23:54:52.269,1.56375,1.56405,1.50,1.50
2010.01.26 23:54:53.748,1.56375,1.56405,1.60,1.50
2010.01.26 23:54:54.648,1.5638,1.56405,1.00,1.50
2010.01.26 23:54:56.438,1.5638,1.5641,1.60,1.50
2010.01.26 23:54:56.818,1.5638,1.5641,1.50,1.50
2010.01.26 23:54:57.117,1.5638,1.5641,1.60,1.50
2010.01.26 23:54:57.338,1.5638,1.5641,1.50,1.50
2010.01.26 23:54:58.157,1.56375,1.5641,1.00,1.50
2010.01.26 23:54:58.547,1.56385,1.56425,1.60,1.50
2010.01.26 23:54:58.897,1.5639,1.5642,1.00,1.50
2010.01.26 23:54:59.237,1.5639,1.56425,1.60,1.50
2010.01.26 23:54:59.567,1.56385,1.5644,1.60,1.50
2010.01.26 23:54:59.907,1.5639,1.5644,2.40,1.50
2010.01.26 23:55:00.606,1.56385,1.5644,6.40,1.50
2010.01.26 23:55:00.907,1.56385,1.5644,4.00,1.50
2010.01.26 23:55:01.247,1.56385,1.5644,1.60,1.50
2010.01.26 23:55:01.587,1.5638,1.5643,6.40,1.50
2010.01.26 23:55:02.326,1.5638,1.5643,4.00,1.50
2010.01.26 23:55:03.796,1.5638,1.5643,2.40,1.50
2010.01.26 23:55:03.976,1.56385,1.5643,1.00,1.50
2010.01.26 23:55:04.206,1.5639,1.56435,1.50,1.50
2010.01.26 23:55:11.304,1.564,1.5644,1.50,1.50
2010.01.26 23:55:11.594,1.5641,1.56445,1.50,3.90
2010.01.26 23:55:11.934,1.5641,1.56445,1.50,1.50
2010.01.26 23:55:13.244,1.56415,1.5645,1.50,4.00
2010.01.26 23:55:13.604,1.5642,1.56455,1.50,3.90
2010.01.26 23:55:13.954,1.5641,1.56455,1.60,1.50
2010.01.26 23:55:14.354,1.5641,1.56445,1.50,1.50
2010.01.26 23:55:16.063,1.56425,1.56455,1.00,1.50
2010.01.26 23:55:16.413,1.5642,1.56455,1.50,1.50
2010.01.26 23:55:16.753,1.5641,1.56455,1.60,1.50
2010.01.26 23:55:17.103,1.5641,1.56445,1.50,1.50
2010.01.26 23:55:21.892,1.5642,1.5645,1.50,1.60
2010.01.26 23:55:22.181,1.5642,1.5645,1.50,1.50
2010.01.26 23:55:22.512,1.56425,1.5646,1.50,1.50
2010.01.26 23:55:24.781,1.56425,1.5646,1.60,1.50
2010.01.26 23:55:30.470,1.56415,1.5645,4.00,1.50
2010.01.26 23:55:30.700,1.56415,1.5645,1.50,1.50
2010.01.26 23:55:31.280,1.5641,1.5645,1.00,1.50
2010.01.26 23:55:31.559,1.56415,1.56465,2.40,1.50
2010.01.26 23:55:33.459,1.56415,1.56465,2.40,1.60
2010.01.26 23:55:33.799,1.56405,1.5645,1.60,1.50
2010.01.26 23:55:39.018,1.56415,1.5645,1.50,1.50
2010.01.26 23:55:39.368,1.5641,1.5644,1.50,1.50
2010.01.26 23:55:39.897,1.5641,1.5645,1.50,1.50
2010.01.26 23:55:40.187,1.5641,1.5645,1.60,1.50
2010.01.26 23:55:40.757,1.56415,1.5646,1.50,1.50
2010.01.26 23:55:41.847,1.56415,1.5646,1.60,1.50
2010.01.26 23:55:43.526,1.56425,1.56465,1.50,1.60
2010.01.26 23:55:43.757,1.56425,1.56465,1.50,1.50
2010.01.26 23:55:45.736,1.56425,1.56465,1.60,1.50
2010.01.26 23:55:46.476,1.56435,1.56475,1.50,1.50
2010.01.26 23:55:47.805,1.56435,1.56475,1.60,1.50
2010.01.26 23:55:48.165,1.56445,1.56485,1.50,1.50
2010.01.26 23:55:49.555,1.5645,1.56495,1.50,2.80
2010.01.26 23:55:50.005,1.5645,1.56495,1.50,1.50
2010.01.26 23:55:50.395,1.56455,1.56505,1.60,4.80
2010.01.26 23:55:50.734,1.56455,1.5651,4.00,1.50
2010.01.26 23:55:51.994,1.5647,1.5652,1.50,3.90
2010.01.26 23:55:52.284,1.5647,1.5651,1.50,1.50
2010.01.26 23:55:52.504,1.5647,1.5652,1.50,2.80
2010.01.26 23:55:52.794,1.5647,1.5652,1.50,1.50
2010.01.26 23:55:53.714,1.5648,1.5652,1.50,1.60
2010.01.26 23:55:54.803,1.5648,1.5652,1.60,1.50
2010.01.26 23:55:57.413,1.5648,1.5652,1.60,3.90
2010.01.26 23:56:01.832,1.5649,1.5652,1.50,1.50
2010.01.26 23:56:10.890,1.5648,1.56515,1.50,1.60
2010.01.26 23:56:11.190,1.56465,1.5651,1.90,1.50
2010.01.26 23:56:11.480,1.56465,1.5651,1.50,1.50
2010.01.26 23:56:14.099,1.56465,1.56515,1.60,2.40
2010.01.26 23:56:14.279,1.56465,1.5652,1.60,6.30
2010.01.26 23:56:14.439,1.56465,1.5652,1.60,3.90
2010.01.26 23:56:14.789,1.56465,1.5652,1.60,1.50
2010.01.26 23:56:16.379,1.5647,1.5652,1.00,3.90
2010.01.26 23:56:16.498,1.56475,1.5652,1.50,1.50
2010.01.26 23:56:19.568,1.56465,1.56505,1.60,1.50
2010.01.26 23:56:20.727,1.56465,1.56495,1.50,1.50
2010.01.26 23:56:21.757,1.56465,1.56495,1.60,1.50
2010.01.26 23:56:34.344,1.56465,1.56485,1.00,1.50
2010.01.26 23:56:41.682,1.5646,1.5648,1.00,1.50
2010.01.26 23:56:52.680,1.56455,1.5647,1.00,1.50
2010.01.26 23:56:55.819,1.5644,1.5647,1.50,1.50
2010.01.26 23:56:55.999,1.56435,1.56455,2.40,1.50
2010.01.26 23:56:56.179,1.5643,1.56455,1.00,1.50
2010.01.26 23:56:57.218,1.56415,1.56445,5.60,1.50
2010.01.26 23:56:57.608,1.56415,1.5644,1.00,1.50
2010.01.26 23:56:59.688,1.56415,1.5644,1.00,1.50
2010.01.26 23:56:59.858,1.56415,1.5644,1.00,1.50
2010.01.26 23:57:00.038,1.5641,1.5644,1.00,1.50
2010.01.26 23:57:00.258,1.56405,1.5643,5.10,1.50
2010.01.26 23:57:01.698,1.5641,1.5643,1.00,1.50
2010.01.26 23:57:01.987,1.56405,1.5643,1.00,1.50
2010.01.26 23:57:02.737,1.5641,1.5643,1.00,1.50
2010.01.26 23:57:03.817,1.5641,1.56435,1.00,1.50
2010.01.26 23:57:04.117,1.5642,1.5644,1.00,1.50
2010.01.26 23:57:09.026,1.56415,1.5644,1.00,1.50
2010.01.26 23:57:09.256,1.56415,1.5643,1.00,1.50
2010.01.26 23:57:10.355,1.5641,1.5643,1.00,1.50
2010.01.26 23:57:10.515,1.5641,1.5643,1.00,1.50
2010.01.26 23:57:12.005,1.56415,1.5643,1.00,1.50
2010.01.26 23:57:12.355,1.5638,1.56415,3.30,1.50
2010.01.26 23:57:12.415,1.5638,1.56415,1.00,1.50
2010.01.26 23:57:12.765,1.56375,1.56415,1.00,1.50
2010.01.26 23:57:12.935,1.56375,1.56405,1.00,1.50
2010.01.26 23:57:16.234,1.564,1.5643,1.00,1.90
2010.01.26 23:57:16.574,1.56405,1.56425,1.00,1.50
2010.01.26 23:57:16.914,1.564,1.5642,1.00,1.50
2010.01.26 23:57:18.593,1.564,1.5643,1.00,1.50
2010.01.26 23:57:19.443,1.5641,1.5644,1.00,1.50
2010.01.26 23:57:19.613,1.56405,1.5643,1.00,1.50
2010.01.26 23:57:22.532,1.5641,1.5644,1.00,1.50
2010.01.26 23:57:22.812,1.5641,1.56445,1.00,1.50
2010.01.26 23:57:23.142,1.56415,1.56445,1.00,1.50
2010.01.26 23:57:23.432,1.5642,1.56455,1.00,1.50
2010.01.26 23:57:27.501,1.56425,1.56455,1.00,1.50
2010.01.26 23:57:32.330,1.5642,1.56455,1.60,1.50
2010.01.26 23:57:32.510,1.5642,1.56455,1.60,1.50
2010.01.26 23:57:32.620,1.5642,1.56445,1.00,1.50
2010.01.26 23:57:46.148,1.56415,1.56445,1.00,1.50
2010.01.26 23:57:46.318,1.56415,1.5644,1.00,1.50
2010.01.26 23:57:47.467,1.5642,1.5644,1.00,1.50
2010.01.26 23:57:49.037,1.5642,1.5645,1.00,1.50
2010.01.26 23:57:50.727,1.56425,1.5645,1.00,1.50
2010.01.26 23:57:54.916,1.56415,1.56445,2.50,1.50
2010.01.26 23:57:55.216,1.56415,1.5644,1.00,1.50
2010.01.26 23:57:55.446,1.56415,1.56455,1.00,1.50
2010.01.26 23:57:55.676,1.56415,1.56455,2.50,1.50
2010.01.26 23:57:55.896,1.56415,1.56455,1.00,1.50
2010.01.26 23:58:06.044,1.56415,1.5646,1.00,1.50
2010.01.26 23:58:06.273,1.56415,1.5646,2.50,1.50
2010.01.26 23:58:06.923,1.56415,1.5646,4.90,1.50
2010.01.26 23:58:07.333,1.56415,1.5646,1.00,1.50
2010.01.26 23:58:08.792,1.56425,1.5646,1.00,1.50
2010.01.26 23:58:08.962,1.56425,1.5646,1.60,1.50
2010.01.26 23:58:10.652,1.5643,1.5646,1.00,1.50
2010.01.26 23:58:11.642,1.56435,1.5646,1.00,1.50
2010.01.26 23:58:12.862,1.56435,1.56465,1.60,1.50
2010.01.26 23:58:13.091,1.5644,1.56465,1.00,1.50
2010.01.26 23:58:13.321,1.5644,1.5648,1.60,1.50
2010.01.26 23:58:14.671,1.56445,1.5648,1.00,1.50
2010.01.26 23:58:15.591,1.5645,1.5648,1.00,1.50
2010.01.26 23:58:15.651,1.5645,1.5648,1.00,1.50
2010.01.26 23:58:31.767,1.56455,1.5649,1.00,1.50
2010.01.26 23:58:32.407,1.5646,1.5649,1.00,1.50
2010.01.26 23:58:41.565,1.56475,1.56505,1.00,1.50
2010.01.26 23:58:41.915,1.56475,1.565,1.00,1.50
2010.01.26 23:58:47.393,1.5648,1.565,1.00,1.50
2010.01.26 23:58:47.693,1.56475,1.565,1.00,1.50
2010.01.26 23:58:48.033,1.5647,1.56495,1.00,1.50
2010.01.26 23:58:48.323,1.5646,1.5649,1.00,1.50
2010.01.26 23:58:50.592,1.5646,1.565,1.00,1.50
2010.01.26 23:58:50.832,1.56465,1.565,1.00,1.50
2010.01.26 23:58:51.412,1.5645,1.56495,2.50,1.50
2010.01.26 23:58:52.082,1.5645,1.56495,4.90,1.50
2010.01.26 23:58:53.242,1.56455,1.56495,1.00,1.50
2010.01.26 23:58:53.512,1.56455,1.565,1.00,1.50
2010.01.26 23:58:56.211,1.56455,1.565,2.50,1.50
2010.01.26 23:58:56.491,1.56455,1.565,4.90,1.50
2010.01.26 23:58:56.781,1.56455,1.5649,2.50,1.50
2010.01.26 23:58:57.171,1.56455,1.5649,1.00,1.50
2010.01.26 23:58:57.511,1.56455,1.5649,2.50,1.50
2010.01.26 23:58:58.051,1.56455,1.5649,1.00,1.50
2010.01.26 23:58:59.210,1.5645,1.5649,2.40,1.50
2010.01.26 23:58:59.480,1.5644,1.5648,4.90,1.50
2010.01.26 23:58:59.760,1.56445,1.56475,2.40,1.50
2010.01.26 23:58:59.980,1.5644,1.56475,2.40,1.50
2010.01.26 23:59:00.620,1.56435,1.56495,2.50,2.90
2010.01.26 23:59:00.960,1.56435,1.5649,2.40,1.30
2010.01.26 23:59:01.300,1.5643,1.5649,4.90,1.00
2010.01.26 23:59:01.580,1.56435,1.5649,2.40,1.00
2010.01.26 23:59:02.140,1.5644,1.56485,1.00,2.40
2010.01.26 23:59:02.500,1.56445,1.56505,4.90,1.00
2010.01.26 23:59:05.409,1.5645,1.56505,2.40,1.00
2010.01.26 23:59:07.119,1.5645,1.5651,2.50,3.30
2010.01.26 23:59:07.808,1.5645,1.56505,2.40,1.00
2010.01.26 23:59:08.098,1.5645,1.5651,2.50,3.30
2010.01.26 23:59:09.888,1.5645,1.5651,1.00,3.30
2010.01.26 23:59:10.758,1.56445,1.56505,4.90,1.00
2010.01.26 23:59:10.927,1.5645,1.5651,1.00,3.30
2010.01.26 23:59:12.587,1.56445,1.56505,2.50,2.50
2010.01.26 23:59:13.107,1.5645,1.56505,1.00,2.40
2010.01.26 23:59:13.717,1.56445,1.56505,2.50,2.50
2010.01.26 23:59:14.067,1.5645,1.56505,1.00,2.40
2010.01.26 23:59:14.986,1.56445,1.56505,2.50,2.50
2010.01.26 23:59:15.327,1.5645,1.56505,1.00,2.40
2010.01.26 23:59:16.266,1.56455,1.56505,1.00,2.40
2010.01.26 23:59:16.606,1.56455,1.5651,1.00,4.90
2010.01.26 23:59:16.956,1.56455,1.5651,1.00,4.80
2010.01.26 23:59:17.666,1.56455,1.5651,1.00,4.90
2010.01.26 23:59:17.966,1.56455,1.5651,1.00,4.80
2010.01.26 23:59:18.846,1.56455,1.5651,1.00,2.40
2010.01.26 23:59:19.145,1.56455,1.56515,2.50,1.00
2010.01.26 23:59:20.605,1.56455,1.56515,4.90,1.00
2010.01.26 23:59:22.655,1.56455,1.56515,2.50,1.00
2010.01.26 23:59:23.395,1.56455,1.56515,4.90,1.00
2010.01.26 23:59:23.564,1.56455,1.56515,2.50,1.00
2010.01.26 23:59:24.214,1.56455,1.56515,1.00,2.50
2010.01.26 23:59:26.584,1.56455,1.5651,1.00,1.30
2010.01.26 23:59:27.144,1.56455,1.5651,1.00,6.10
2010.01.26 23:59:27.723,1.56455,1.56505,1.00,1.00
2010.01.26 23:59:28.773,1.56455,1.565,1.00,1.00
2010.01.26 23:59:30.043,1.5645,1.5649,1.00,1.00
2010.01.26 23:59:33.422,1.56455,1.565,1.00,1.00
2010.01.26 23:59:33.762,1.56455,1.565,2.50,1.00
2010.01.26 23:59:33.882,1.56455,1.565,1.00,1.00
2010.01.26 23:59:38.791,1.56465,1.56505,1.00,1.00
2010.01.26 23:59:41.560,1.56455,1.565,1.00,1.00
2010.01.26 23:59:46.069,1.56465,1.56505,1.00,1.00
