2010.09.07 12:00:01.811,1.39885,1.39905,1.00,2.70
2010.09.07 12:00:02.451,1.3988,1.39895,1.00,1.60
2010.09.07 12:00:05.548,1.3988,1.39905,1.20,2.50
2010.09.07 12:00:05.796,1.3988,1.399,1.60,1.60
2010.09.07 12:00:06.352,1.3988,1.399,1.00,1.60
2010.09.07 12:00:06.592,1.3988,1.399,1.60,1.60
2010.09.07 12:00:06.902,1.3988,1.399,1.00,1.60
2010.09.07 12:00:07.860,1.3988,1.399,1.00,1.60
2010.09.07 12:00:08.155,1.3988,1.399,1.00,1.60
2010.09.07 12:00:08.452,1.3988,1.39905,1.80,2.60
2010.09.07 12:00:09.322,1.3988,1.399,1.60,1.00
2010.09.07 12:00:09.653,1.3988,1.39895,1.00,1.60
2010.09.07 12:00:10.437,1.3988,1.399,1.00,1.60
2010.09.07 12:00:10.782,1.3988,1.39905,1.00,3.20
2010.09.07 12:00:11.702,1.39875,1.399,1.10,1.60
2010.09.07 12:00:12.022,1.39875,1.399,1.00,3.20
2010.09.07 12:00:12.224,1.3988,1.399,1.00,3.20
2010.09.07 12:00:12.526,1.3988,1.399,1.00,1.60
2010.09.07 12:00:14.610,1.3988,1.39905,1.90,3.90
2010.09.07 12:00:14.888,1.3988,1.399,1.00,3.20
2010.09.07 12:00:15.150,1.3988,1.399,1.00,1.60
2010.09.07 12:00:16.351,1.3988,1.399,1.00,3.20
2010.09.07 12:00:17.554,1.39875,1.399,1.80,2.00
2010.09.07 12:00:17.810,1.39875,1.399,1.90,1.60
2010.09.07 12:00:18.090,1.3988,1.39905,1.00,3.20
2010.09.07 12:00:18.369,1.3988,1.39905,1.00,2.40
2010.09.07 12:00:19.412,1.3988,1.39905,1.00,2.40
2010.09.07 12:00:20.532,1.3988,1.39905,1.00,2.40
2010.09.07 12:00:21.582,1.3988,1.39905,1.00,2.40
2010.09.07 12:00:22.059,1.3988,1.39905,1.00,2.40
2010.09.07 12:00:23.571,1.39885,1.3991,1.60,1.30
2010.09.07 12:00:24.630,1.39885,1.3991,1.70,1.20
2010.09.07 12:00:25.337,1.3988,1.39905,2.80,1.60
2010.09.07 12:00:25.462,1.3988,1.39905,2.70,1.60
2010.09.07 12:00:25.592,1.3988,1.3989,1.00,1.60
2010.09.07 12:00:25.720,1.39875,1.399,1.50,2.00
2010.09.07 12:00:26.151,1.39875,1.399,1.00,1.60
2010.09.07 12:00:26.163,1.39875,1.399,1.00,2.40
2010.09.07 12:00:26.294,1.39875,1.399,1.00,2.40
2010.09.07 12:00:27.779,1.39875,1.399,1.00,2.40
2010.09.07 12:00:28.489,1.39875,1.399,1.00,2.40
2010.09.07 12:00:28.660,1.39875,1.399,1.00,3.20
2010.09.07 12:00:29.627,1.39875,1.399,1.00,2.40
2010.09.07 12:00:29.810,1.39875,1.3989,1.00,1.60
2010.09.07 12:00:30.028,1.39875,1.399,1.00,1.60
2010.09.07 12:00:30.243,1.39875,1.399,1.00,3.40
2010.09.07 12:00:31.090,1.39875,1.399,1.00,4.00
2010.09.07 12:00:31.410,1.39875,1.399,1.00,4.00
2010.09.07 12:00:31.732,1.39875,1.399,2.00,1.60
2010.09.07 12:00:32.051,1.39875,1.399,2.80,1.60
2010.09.07 12:00:32.441,1.39885,1.399,1.00,1.60
2010.09.07 12:00:32.701,1.39875,1.39895,1.00,3.20
2010.09.07 12:00:32.955,1.39875,1.39895,1.00,1.60
2010.09.07 12:00:33.378,1.39875,1.39895,1.80,1.60
2010.09.07 12:00:33.726,1.3987,1.3989,1.00,1.60
2010.09.07 12:00:34.729,1.39865,1.39885,3.10,1.60
2010.09.07 12:00:35.041,1.39865,1.39875,1.60,1.60
2010.09.07 12:00:35.381,1.39865,1.39875,1.60,1.60
2010.09.07 12:00:35.745,1.3986,1.3988,1.00,1.60
2010.09.07 12:00:36.675,1.39865,1.3988,1.00,1.60
2010.09.07 12:00:36.941,1.39865,1.39885,1.00,2.40
2010.09.07 12:00:37.193,1.39865,1.39885,1.00,1.60
2010.09.07 12:00:37.451,1.3987,1.39885,1.00,1.60
2010.09.07 12:00:38.393,1.3987,1.39885,1.00,1.60
2010.09.07 12:00:38.741,1.3987,1.39885,1.00,1.60
2010.09.07 12:00:39.689,1.39865,1.39885,1.30,1.60
2010.09.07 12:00:39.986,1.39875,1.39895,1.00,2.40
2010.09.07 12:00:40.371,1.39875,1.39895,1.00,1.60
2010.09.07 12:00:40.616,1.39875,1.39895,1.00,1.60
2010.09.07 12:00:42.090,1.39875,1.399,1.90,2.40
2010.09.07 12:00:42.293,1.39875,1.399,1.90,2.60
2010.09.07 12:00:42.499,1.39875,1.399,2.40,2.40
2010.09.07 12:00:42.702,1.39875,1.399,5.20,1.60
2010.09.07 12:00:43.213,1.3988,1.399,1.00,2.70
2010.09.07 12:00:43.401,1.3987,1.39885,1.00,1.60
2010.09.07 12:00:44.984,1.3987,1.39895,1.00,2.40
2010.09.07 12:00:45.680,1.3987,1.39885,1.00,1.60
2010.09.07 12:00:46.012,1.39865,1.39885,1.10,1.60
2010.09.07 12:00:50.892,1.39865,1.39885,1.00,1.60
2010.09.07 12:00:51.016,1.3986,1.39885,2.70,1.60
2010.09.07 12:00:51.138,1.3986,1.39885,1.90,1.60
2010.09.07 12:00:52.514,1.3986,1.39885,2.70,1.60
2010.09.07 12:00:52.682,1.3986,1.39885,1.90,1.60
2010.09.07 12:00:53.019,1.3986,1.39885,2.70,1.60
2010.09.07 12:00:53.743,1.3986,1.39885,1.90,1.60
2010.09.07 12:00:54.079,1.3986,1.39885,2.70,1.60
2010.09.07 12:00:54.412,1.3986,1.39885,1.10,1.60
2010.09.07 12:00:54.888,1.3986,1.3988,1.00,1.60
2010.09.07 12:00:55.072,1.3986,1.39885,1.60,2.40
2010.09.07 12:00:55.249,1.3986,1.39885,1.60,1.60
2010.09.07 12:00:55.429,1.3986,1.39885,1.00,1.60
2010.09.07 12:00:56.146,1.3987,1.39885,1.00,1.60
2010.09.07 12:00:56.493,1.39865,1.39885,1.90,1.60
2010.09.07 12:00:56.921,1.39865,1.39885,1.00,1.60
2010.09.07 12:00:57.467,1.39865,1.39885,1.00,1.60
2010.09.07 12:00:57.684,1.3987,1.39885,1.00,1.60
2010.09.07 12:00:58.015,1.3987,1.39895,1.00,1.60
2010.09.07 12:00:58.576,1.3987,1.39895,1.80,1.60
2010.09.07 12:00:58.861,1.3987,1.39895,1.90,1.60
2010.09.07 12:01:01.019,1.3987,1.39895,1.10,1.60
2010.09.07 12:01:01.350,1.3987,1.39895,1.00,1.70
2010.09.07 12:01:01.479,1.39865,1.39885,1.80,1.60
2010.09.07 12:01:01.602,1.39865,1.39885,1.00,1.60
2010.09.07 12:01:02.121,1.3987,1.3989,1.00,1.60
2010.09.07 12:01:02.472,1.3987,1.3989,1.60,1.60
2010.09.07 12:01:02.822,1.3987,1.3989,1.00,1.60
2010.09.07 12:01:04.796,1.39865,1.39895,2.80,1.60
2010.09.07 12:01:05.590,1.3987,1.39895,1.00,3.20
2010.09.07 12:01:07.172,1.3987,1.39895,1.00,1.00
2010.09.07 12:01:07.780,1.3987,1.3989,1.00,1.60
2010.09.07 12:01:07.994,1.3987,1.3989,1.00,1.60
2010.09.07 12:01:09.481,1.3987,1.3989,1.10,1.60
2010.09.07 12:01:10.080,1.3987,1.3989,1.50,1.60
2010.09.07 12:01:10.421,1.39875,1.3989,1.00,1.60
2010.09.07 12:01:10.660,1.39875,1.399,2.70,2.60
2010.09.07 12:01:10.872,1.39875,1.399,2.70,3.00
2010.09.07 12:01:11.383,1.39875,1.39895,1.00,1.60
2010.09.07 12:01:11.730,1.39875,1.39895,1.00,1.80
2010.09.07 12:01:13.310,1.39875,1.39895,1.00,1.60
2010.09.07 12:01:13.470,1.39875,1.399,1.00,2.60
2010.09.07 12:01:14.006,1.39875,1.399,1.00,8.60
2010.09.07 12:01:14.127,1.39875,1.399,1.00,8.40
2010.09.07 12:01:14.242,1.39875,1.39885,1.00,1.60
2010.09.07 12:01:14.363,1.3987,1.39885,1.00,1.60
2010.09.07 12:01:14.484,1.3987,1.39895,1.00,3.60
2010.09.07 12:01:14.814,1.3987,1.3989,1.00,1.00
2010.09.07 12:01:15.117,1.3986,1.39885,1.40,1.60
2010.09.07 12:01:15.414,1.3986,1.39885,2.30,1.60
2010.09.07 12:01:16.009,1.3986,1.39885,3.10,1.60
2010.09.07 12:01:16.055,1.3987,1.39895,1.00,1.70
2010.09.07 12:01:17.337,1.3987,1.39895,1.00,1.70
2010.09.07 12:01:17.667,1.3987,1.399,1.00,3.20
2010.09.07 12:01:17.983,1.3987,1.399,1.00,3.20
2010.09.07 12:01:18.555,1.39875,1.399,1.00,3.20
2010.09.07 12:01:18.911,1.3988,1.39905,1.00,2.40
2010.09.07 12:01:19.113,1.3988,1.399,1.00,1.60
2010.09.07 12:01:19.623,1.39875,1.399,2.70,2.40
2010.09.07 12:01:19.835,1.39875,1.399,1.10,2.40
2010.09.07 12:01:20.370,1.39875,1.399,1.90,2.40
2010.09.07 12:01:20.710,1.39875,1.399,1.10,2.40
2010.09.07 12:01:21.454,1.39875,1.3989,1.10,1.60
2010.09.07 12:01:21.554,1.39875,1.399,1.00,4.10
2010.09.07 12:01:21.650,1.39875,1.3989,1.80,1.60
2010.09.07 12:01:22.028,1.39875,1.3989,1.00,1.60
2010.09.07 12:01:22.137,1.3987,1.3989,1.90,1.60
2010.09.07 12:01:22.484,1.3987,1.3989,1.00,1.60
2010.09.07 12:01:23.122,1.3987,1.39895,1.00,1.00
2010.09.07 12:01:24.754,1.3987,1.39895,1.00,1.00
2010.09.07 12:01:25.106,1.3987,1.39895,1.00,2.40
2010.09.07 12:01:26.008,1.3987,1.39895,1.00,2.40
2010.09.07 12:01:26.529,1.39875,1.39895,1.00,2.40
2010.09.07 12:01:26.870,1.39875,1.39895,1.00,1.00
2010.09.07 12:01:27.564,1.39865,1.3989,1.90,1.60
2010.09.07 12:01:27.761,1.39865,1.39895,3.60,3.20
2010.09.07 12:01:28.086,1.39865,1.39895,3.60,2.40
2010.09.07 12:01:28.292,1.39865,1.39895,2.70,2.40
2010.09.07 12:01:29.597,1.3987,1.3989,1.00,1.60
2010.09.07 12:01:31.282,1.3987,1.3989,1.00,3.20
2010.09.07 12:01:31.548,1.39865,1.3988,1.00,1.60
2010.09.07 12:01:32.020,1.39865,1.3989,1.00,3.20
2010.09.07 12:01:32.141,1.39865,1.3989,1.00,1.60
2010.09.07 12:01:32.456,1.39865,1.3989,1.00,1.00
2010.09.07 12:01:32.571,1.39865,1.39895,1.50,3.20
2010.09.07 12:01:32.910,1.39865,1.39895,1.40,3.30
2010.09.07 12:01:33.590,1.39865,1.39895,1.50,3.40
2010.09.07 12:01:34.513,1.39865,1.39895,3.00,3.40
2010.09.07 12:01:36.301,1.39865,1.39895,1.00,3.40
2010.09.07 12:01:36.469,1.39865,1.3989,1.00,2.70
2010.09.07 12:01:37.153,1.3986,1.39885,1.40,1.00
2010.09.07 12:01:37.494,1.3986,1.3989,4.00,3.30
2010.09.07 12:01:38.140,1.3986,1.39885,1.80,1.00
2010.09.07 12:01:38.479,1.3986,1.39885,2.20,1.00
2010.09.07 12:01:40.420,1.3986,1.3989,2.30,3.30
2010.09.07 12:01:40.518,1.3986,1.39885,2.20,1.00
2010.09.07 12:01:40.957,1.3986,1.39885,1.00,1.00
2010.09.07 12:01:42.262,1.3986,1.3989,1.50,3.40
2010.09.07 12:01:43.623,1.3986,1.39885,1.40,1.00
2010.09.07 12:01:44.009,1.3986,1.39885,1.80,1.00
2010.09.07 12:01:44.209,1.39865,1.3989,1.60,1.60
2010.09.07 12:01:45.877,1.39865,1.3989,1.60,1.70
2010.09.07 12:01:46.089,1.3987,1.3989,1.60,1.70
2010.09.07 12:01:46.248,1.3987,1.3989,1.60,1.00
2010.09.07 12:01:46.309,1.3987,1.3989,1.60,1.00
2010.09.07 12:01:47.083,1.3987,1.39895,1.60,1.70
2010.09.07 12:01:48.950,1.3987,1.39895,1.70,3.20
2010.09.07 12:01:49.071,1.39865,1.3989,1.00,1.60
2010.09.07 12:01:49.745,1.39865,1.3989,1.00,5.10
2010.09.07 12:01:49.875,1.39865,1.39885,1.00,1.60
2010.09.07 12:01:50.522,1.3987,1.3989,1.00,1.60
2010.09.07 12:01:50.866,1.39875,1.399,1.00,1.00
2010.09.07 12:01:51.212,1.39875,1.39905,1.80,3.20
2010.09.07 12:01:51.833,1.39875,1.39905,3.40,3.20
2010.09.07 12:01:52.048,1.39875,1.39905,4.20,3.40
2010.09.07 12:01:52.452,1.39875,1.39895,1.60,1.00
2010.09.07 12:01:53.273,1.39865,1.3988,1.00,1.60
2010.09.07 12:01:53.625,1.39865,1.3989,1.20,1.00
2010.09.07 12:01:54.272,1.39865,1.39895,1.10,1.60
2010.09.07 12:01:56.137,1.39865,1.39895,1.00,1.60
2010.09.07 12:01:56.624,1.39865,1.39895,3.00,2.80
2010.09.07 12:01:57.198,1.3987,1.3989,1.00,1.60
2010.09.07 12:01:57.424,1.3987,1.3989,1.10,1.60
2010.09.07 12:01:57.867,1.3987,1.3989,1.00,1.70
2010.09.07 12:01:58.380,1.39865,1.3989,1.10,1.60
2010.09.07 12:01:59.574,1.39865,1.3988,1.00,1.60
2010.09.07 12:01:59.934,1.3986,1.3988,1.80,1.60
2010.09.07 12:02:00.139,1.3986,1.3987,1.00,1.60
2010.09.07 12:02:00.313,1.39855,1.3987,1.10,1.60
2010.09.07 12:02:00.493,1.3985,1.3987,1.00,1.60
2010.09.07 12:02:03.720,1.3985,1.3987,1.00,1.60
2010.09.07 12:02:04.370,1.3985,1.3987,1.00,1.60
2010.09.07 12:02:04.554,1.39855,1.39885,2.40,3.20
2010.09.07 12:02:04.899,1.39855,1.39885,4.20,3.20
2010.09.07 12:02:05.759,1.3986,1.39885,1.60,3.20
2010.09.07 12:02:06.085,1.3986,1.39885,1.90,2.40
2010.09.07 12:02:06.276,1.39865,1.39885,1.00,1.60
2010.09.07 12:02:06.834,1.3986,1.39885,3.60,1.60
2010.09.07 12:02:07.378,1.3986,1.39885,2.80,1.60
2010.09.07 12:02:08.245,1.3986,1.39885,3.70,1.80
2010.09.07 12:02:08.413,1.39865,1.39885,1.00,1.60
2010.09.07 12:02:08.581,1.39875,1.3989,1.60,1.00
2010.09.07 12:02:08.743,1.39875,1.39895,1.60,1.60
2010.09.07 12:02:09.365,1.39875,1.39895,1.60,1.70
2010.09.07 12:02:09.600,1.39875,1.39895,1.60,1.60
2010.09.07 12:02:10.301,1.39875,1.3989,1.60,1.00
2010.09.07 12:02:10.804,1.39865,1.3989,2.00,2.40
2010.09.07 12:02:11.097,1.39865,1.3989,3.00,1.80
2010.09.07 12:02:11.385,1.3987,1.39895,2.00,1.00
2010.09.07 12:02:12.060,1.3987,1.39895,1.00,1.00
2010.09.07 12:02:13.419,1.3987,1.39895,1.00,1.00
2010.09.07 12:02:14.230,1.39865,1.39895,3.50,1.00
2010.09.07 12:02:14.371,1.39865,1.39895,3.50,1.00
2010.09.07 12:02:14.946,1.39865,1.39895,2.70,1.60
2010.09.07 12:02:15.132,1.39865,1.3989,1.00,1.00
2010.09.07 12:02:15.501,1.39865,1.3989,1.00,1.00
2010.09.07 12:02:15.693,1.39865,1.3989,1.00,1.00
2010.09.07 12:02:16.406,1.39865,1.3989,2.30,1.00
2010.09.07 12:02:16.661,1.3987,1.3989,1.00,1.00
2010.09.07 12:02:17.637,1.39865,1.3989,2.30,1.00
2010.09.07 12:02:17.985,1.3987,1.3989,1.00,1.00
2010.09.07 12:02:18.332,1.39865,1.3989,1.00,1.00
2010.09.07 12:02:18.529,1.3987,1.3989,1.00,1.00
2010.09.07 12:02:21.620,1.3987,1.39895,1.00,1.00
2010.09.07 12:02:22.289,1.39865,1.39895,3.00,1.00
2010.09.07 12:02:22.452,1.39865,1.39895,3.80,1.00
2010.09.07 12:02:22.789,1.39865,1.3989,3.00,1.60
2010.09.07 12:02:23.343,1.39865,1.3989,2.60,1.60
2010.09.07 12:02:23.699,1.39855,1.3988,2.00,1.60
2010.09.07 12:02:23.905,1.39855,1.39875,2.00,1.60
2010.09.07 12:02:24.376,1.39855,1.39875,1.00,1.60
2010.09.07 12:02:24.591,1.39855,1.3988,3.10,1.00
2010.09.07 12:02:24.931,1.39855,1.39885,2.70,1.60
2010.09.07 12:02:25.831,1.39855,1.3988,1.00,2.60
2010.09.07 12:02:26.077,1.3985,1.39875,1.00,1.60
2010.09.07 12:02:26.540,1.3985,1.39875,1.10,1.60
2010.09.07 12:02:27.636,1.39845,1.3987,2.30,1.60
2010.09.07 12:02:28.141,1.39845,1.3987,1.90,1.60
2010.09.07 12:02:28.332,1.39845,1.3987,2.20,1.80
2010.09.07 12:02:28.520,1.39845,1.3987,3.90,1.00
2010.09.07 12:02:29.471,1.39845,1.3986,1.00,1.60
2010.09.07 12:02:30.008,1.39845,1.3987,2.30,1.00
2010.09.07 12:02:30.225,1.39845,1.3987,3.90,1.00
2010.09.07 12:02:30.651,1.3984,1.3986,1.10,1.60
2010.09.07 12:02:30.989,1.3984,1.3986,1.00,1.60
2010.09.07 12:02:31.321,1.39845,1.39865,1.00,2.40
2010.09.07 12:02:31.970,1.39845,1.3987,2.70,1.00
2010.09.07 12:02:32.318,1.39845,1.39875,4.40,3.40
2010.09.07 12:02:32.664,1.3985,1.39875,2.80,2.00
2010.09.07 12:02:33.309,1.3985,1.39875,1.60,1.60
2010.09.07 12:02:33.606,1.39845,1.39875,4.40,3.20
2010.09.07 12:02:33.902,1.39845,1.39875,4.30,3.40
2010.09.07 12:02:34.189,1.39845,1.39875,2.70,3.40
2010.09.07 12:02:34.781,1.39845,1.39875,4.30,3.40
2010.09.07 12:02:35.108,1.3985,1.39875,1.00,1.60
2010.09.07 12:02:35.419,1.3985,1.3988,2.30,1.00
2010.09.07 12:02:36.003,1.3985,1.3988,1.90,1.00
2010.09.07 12:02:36.260,1.3985,1.39875,1.00,2.40
2010.09.07 12:02:36.510,1.3985,1.3987,1.00,1.00
2010.09.07 12:02:37.013,1.3984,1.3987,2.30,2.80
2010.09.07 12:02:37.366,1.3984,1.3987,1.10,2.80
2010.09.07 12:02:39.064,1.39845,1.3987,1.60,1.00
2010.09.07 12:02:39.197,1.3984,1.3987,2.70,2.60
2010.09.07 12:02:39.322,1.3984,1.3987,3.50,2.60
2010.09.07 12:02:39.643,1.3984,1.3987,4.30,2.60
2010.09.07 12:02:40.222,1.3984,1.3987,4.60,2.50
2010.09.07 12:02:40.635,1.39845,1.3987,1.60,1.00
2010.09.07 12:02:41.491,1.39845,1.3987,1.60,1.00
2010.09.07 12:02:45.029,1.39845,1.3987,2.70,1.00
2010.09.07 12:02:45.834,1.39845,1.39875,2.80,1.60
2010.09.07 12:02:47.229,1.39845,1.39875,2.80,3.20
2010.09.07 12:02:47.373,1.39845,1.39875,2.80,1.60
2010.09.07 12:02:47.773,1.39845,1.3987,2.70,1.00
2010.09.07 12:02:48.021,1.3983,1.3985,1.00,1.60
2010.09.07 12:02:48.259,1.3983,1.3986,1.60,2.40
2010.09.07 12:02:48.818,1.3983,1.3986,3.80,2.50
2010.09.07 12:02:49.169,1.3983,1.3986,1.00,4.40
2010.09.07 12:02:49.697,1.39825,1.3985,2.30,1.60
2010.09.07 12:02:50.052,1.39825,1.3985,3.10,1.60
2010.09.07 12:02:50.387,1.39825,1.39855,3.00,1.00
2010.09.07 12:02:50.964,1.39825,1.3985,2.60,1.60
2010.09.07 12:02:51.903,1.39825,1.3985,2.60,1.80
2010.09.07 12:02:52.485,1.39825,1.3985,1.00,1.00
2010.09.07 12:02:53.392,1.39825,1.39855,1.00,2.10
2010.09.07 12:02:54.253,1.39825,1.39855,2.60,1.70
2010.09.07 12:02:55.693,1.39825,1.39855,2.70,1.60
2010.09.07 12:02:57.041,1.39825,1.39855,2.70,1.60
2010.09.07 12:02:57.519,1.39825,1.39855,2.60,1.70
2010.09.07 12:02:57.810,1.39825,1.39855,4.30,1.00
2010.09.07 12:02:57.959,1.39825,1.3985,4.30,1.00
2010.09.07 12:02:58.424,1.39825,1.3985,4.30,1.00
2010.09.07 12:02:59.441,1.39825,1.39855,4.40,1.00
2010.09.07 12:03:01.041,1.39825,1.39855,1.90,2.10
2010.09.07 12:03:01.603,1.3983,1.39855,1.00,4.40
2010.09.07 12:03:01.772,1.39825,1.39855,1.10,4.90
2010.09.07 12:03:01.940,1.39825,1.39855,1.10,4.10
2010.09.07 12:03:02.520,1.39825,1.39855,1.10,4.90
2010.09.07 12:03:03.202,1.39825,1.39855,1.10,4.10
2010.09.07 12:03:05.038,1.39825,1.39855,1.10,4.90
2010.09.07 12:03:05.229,1.39825,1.39855,1.10,4.10
2010.09.07 12:03:06.994,1.39825,1.39855,1.10,4.50
2010.09.07 12:03:10.213,1.3983,1.3985,1.00,1.60
2010.09.07 12:03:10.242,1.3983,1.3985,1.00,1.00
2010.09.07 12:03:10.461,1.3983,1.39855,1.00,4.40
2010.09.07 12:03:10.899,1.3983,1.39855,1.00,2.80
2010.09.07 12:03:11.040,1.3983,1.39855,1.00,2.40
2010.09.07 12:03:11.182,1.39825,1.39855,1.10,2.40
2010.09.07 12:03:11.627,1.39825,1.39855,4.40,1.60
2010.09.07 12:03:11.861,1.39825,1.39855,4.40,1.00
2010.09.07 12:03:12.090,1.39825,1.39855,4.40,1.60
2010.09.07 12:03:13.663,1.39825,1.39855,4.40,1.00
2010.09.07 12:03:14.543,1.39825,1.39855,4.30,1.00
2010.09.07 12:03:14.833,1.39825,1.3985,2.70,2.40
2010.09.07 12:03:16.040,1.39825,1.3985,2.80,2.40
2010.09.07 12:03:16.099,1.39825,1.3985,2.80,3.20
2010.09.07 12:03:16.439,1.39825,1.3985,2.80,2.40
2010.09.07 12:03:18.079,1.39825,1.3985,2.80,3.20
2010.09.07 12:03:19.319,1.39825,1.3985,2.70,3.40
2010.09.07 12:03:19.371,1.39825,1.3985,2.70,3.80
2010.09.07 12:03:19.421,1.39825,1.39845,1.00,2.40
2010.09.07 12:03:19.471,1.3982,1.39845,1.00,2.40
2010.09.07 12:03:19.787,1.3982,1.39845,1.00,2.80
2010.09.07 12:03:21.575,1.3982,1.39845,1.00,3.00
2010.09.07 12:03:22.212,1.3982,1.39845,1.00,2.80
2010.09.07 12:03:22.533,1.39825,1.39845,1.60,1.00
2010.09.07 12:03:23.146,1.3982,1.3984,1.00,1.60
2010.09.07 12:03:23.440,1.39825,1.39845,5.60,1.60
2010.09.07 12:03:23.942,1.3983,1.39845,1.90,1.60
2010.09.07 12:03:24.197,1.3983,1.39855,1.00,1.60
2010.09.07 12:03:24.752,1.3983,1.3986,1.90,1.60
2010.09.07 12:03:26.062,1.3983,1.3986,1.90,1.70
2010.09.07 12:03:26.660,1.3983,1.3986,2.00,1.70
2010.09.07 12:03:26.912,1.3983,1.3986,2.00,2.00
2010.09.07 12:03:27.238,1.3983,1.3986,1.00,2.00
2010.09.07 12:03:28.079,1.3983,1.3986,1.00,2.10
2010.09.07 12:03:29.370,1.3983,1.3986,1.00,2.00
2010.09.07 12:03:30.548,1.3983,1.3986,1.90,1.70
2010.09.07 12:03:31.388,1.3983,1.3986,2.00,1.70
2010.09.07 12:03:32.419,1.3983,1.3986,2.00,1.60
2010.09.07 12:03:33.959,1.3983,1.3986,1.90,1.70
2010.09.07 12:03:35.070,1.3983,1.3986,2.00,1.60
2010.09.07 12:03:35.259,1.3983,1.3986,2.80,1.60
2010.09.07 12:03:35.448,1.3983,1.3986,2.80,1.00
2010.09.07 12:03:35.999,1.39835,1.3986,1.00,1.00
2010.09.07 12:03:36.614,1.39835,1.3986,1.00,2.40
2010.09.07 12:03:36.811,1.3983,1.3986,2.80,2.40
2010.09.07 12:03:37.016,1.3983,1.3986,1.00,4.00
2010.09.07 12:03:37.213,1.39835,1.3985,1.00,1.60
2010.09.07 12:03:37.857,1.3983,1.3985,1.00,1.60
2010.09.07 12:03:38.440,1.39835,1.3985,1.00,1.60
2010.09.07 12:03:38.721,1.3983,1.3985,1.00,1.60
2010.09.07 12:03:39.691,1.39825,1.3985,1.00,1.60
2010.09.07 12:03:43.099,1.39825,1.39855,1.00,3.20
2010.09.07 12:03:43.284,1.3983,1.39855,1.00,3.20
2010.09.07 12:03:44.520,1.39825,1.39855,1.00,3.20
2010.09.07 12:03:45.879,1.39825,1.39855,1.00,3.20
2010.09.07 12:03:46.189,1.39835,1.39855,1.00,3.20
2010.09.07 12:03:46.729,1.3983,1.39855,1.00,3.20
2010.09.07 12:03:47.478,1.3983,1.39855,1.00,4.00
2010.09.07 12:03:50.408,1.3983,1.39855,1.00,3.20
2010.09.07 12:03:50.825,1.3983,1.39845,1.00,1.00
2010.09.07 12:03:50.934,1.39825,1.39845,1.00,1.00
2010.09.07 12:03:51.261,1.3982,1.39845,1.00,1.00
2010.09.07 12:03:51.972,1.3982,1.39845,2.00,1.00
2010.09.07 12:03:54.174,1.39825,1.39845,1.00,1.00
2010.09.07 12:03:54.742,1.3982,1.39845,2.00,1.00
2010.09.07 12:03:55.371,1.3982,1.39845,1.00,1.60
2010.09.07 12:03:55.790,1.39815,1.39845,1.00,1.60
2010.09.07 12:03:56.838,1.39815,1.3984,1.00,1.60
2010.09.07 12:03:59.959,1.3981,1.3984,1.30,1.60
2010.09.07 12:04:00.009,1.3981,1.3984,1.10,1.60
2010.09.07 12:04:00.158,1.3981,1.39835,1.10,1.60
2010.09.07 12:04:00.780,1.3981,1.39835,1.00,3.20
2010.09.07 12:04:02.309,1.39805,1.39835,2.60,3.40
2010.09.07 12:04:02.617,1.39805,1.39835,3.10,3.20
2010.09.07 12:04:02.786,1.3981,1.39835,1.00,2.40
2010.09.07 12:04:03.397,1.3981,1.3984,1.10,4.00
2010.09.07 12:04:03.720,1.39815,1.3984,1.00,1.60
2010.09.07 12:04:04.220,1.39815,1.3984,1.00,2.00
2010.09.07 12:04:04.390,1.3981,1.3984,1.10,4.40
2010.09.07 12:04:04.559,1.3981,1.3984,1.10,3.20
2010.09.07 12:04:04.949,1.39805,1.39835,4.80,1.00
2010.09.07 12:04:05.434,1.39805,1.39835,4.40,1.00
2010.09.07 12:04:07.019,1.39805,1.39835,4.80,1.00
2010.09.07 12:04:07.402,1.3981,1.39835,1.00,1.00
2010.09.07 12:04:07.708,1.3981,1.3984,1.10,3.60
2010.09.07 12:04:07.820,1.3981,1.3984,1.10,4.40
2010.09.07 12:04:08.256,1.3981,1.3984,1.10,3.60
2010.09.07 12:04:08.943,1.3981,1.39835,1.00,2.40
2010.09.07 12:04:10.109,1.3981,1.39835,1.00,1.00
2010.09.07 12:04:12.259,1.39805,1.39835,2.70,1.00
2010.09.07 12:04:12.942,1.39805,1.3983,2.70,1.60
2010.09.07 12:04:13.258,1.3981,1.3983,1.00,1.60
2010.09.07 12:04:13.576,1.3981,1.39835,1.70,2.40
2010.09.07 12:04:13.695,1.39805,1.3983,1.90,1.60
2010.09.07 12:04:13.814,1.39805,1.3983,1.90,4.00
2010.09.07 12:04:14.252,1.3981,1.39835,1.60,4.10
2010.09.07 12:04:14.371,1.3981,1.39835,1.60,4.90
2010.09.07 12:04:14.884,1.39825,1.39835,1.60,1.60
2010.09.07 12:04:15.239,1.39815,1.39845,2.00,3.20
2010.09.07 12:04:15.584,1.39815,1.3984,1.00,1.00
2010.09.07 12:04:16.224,1.39815,1.3984,1.00,1.60
2010.09.07 12:04:16.571,1.3982,1.3984,1.00,1.60
2010.09.07 12:04:16.911,1.39825,1.3984,1.00,1.60
2010.09.07 12:04:17.139,1.3982,1.3984,1.00,1.00
2010.09.07 12:04:17.260,1.3982,1.3984,1.00,1.60
2010.09.07 12:04:17.617,1.3981,1.3984,1.10,1.60
2010.09.07 12:04:17.748,1.3981,1.3984,1.50,3.20
2010.09.07 12:04:17.872,1.3981,1.3984,2.80,1.60
2010.09.07 12:04:17.990,1.3981,1.3984,2.80,2.40
2010.09.07 12:04:18.609,1.3981,1.3984,3.10,1.60
2010.09.07 12:04:18.952,1.39815,1.39845,1.40,3.30
2010.09.07 12:04:19.759,1.39815,1.39845,1.00,3.30
2010.09.07 12:04:19.929,1.39815,1.39845,1.00,4.90
2010.09.07 12:04:21.541,1.39815,1.39845,1.10,4.90
2010.09.07 12:04:22.069,1.39815,1.39845,1.10,4.80
2010.09.07 12:04:22.249,1.39815,1.39845,1.10,5.20
2010.09.07 12:04:22.427,1.39815,1.39845,1.10,4.80
2010.09.07 12:04:23.360,1.39815,1.39845,1.00,5.00
2010.09.07 12:04:23.801,1.39815,1.39845,1.00,6.60
2010.09.07 12:04:23.941,1.39815,1.3984,1.00,1.00
2010.09.07 12:04:24.080,1.3981,1.3984,1.00,2.10
2010.09.07 12:04:24.220,1.39805,1.39835,1.10,1.60
2010.09.07 12:04:24.363,1.39805,1.3983,1.00,2.00
2010.09.07 12:04:25.035,1.398,1.39825,1.10,1.00
2010.09.07 12:04:25.663,1.398,1.3983,1.10,4.80
2010.09.07 12:04:26.318,1.39805,1.3983,1.00,4.00
2010.09.07 12:04:26.637,1.39805,1.3983,1.80,1.00
2010.09.07 12:04:26.934,1.39805,1.3983,1.80,1.00
2010.09.07 12:04:27.533,1.39805,1.3983,1.00,1.00
2010.09.07 12:04:27.790,1.398,1.3983,1.10,3.20
2010.09.07 12:04:28.050,1.39805,1.3983,1.60,2.40
2010.09.07 12:04:28.309,1.39805,1.3983,1.60,1.60
2010.09.07 12:04:29.100,1.398,1.3983,1.20,1.70
2010.09.07 12:04:29.436,1.39805,1.3983,1.60,1.70
2010.09.07 12:04:29.684,1.39805,1.3983,1.60,1.60
2010.09.07 12:04:29.931,1.39805,1.3983,1.90,1.60
2010.09.07 12:04:30.506,1.39805,1.3983,1.90,1.00
2010.09.07 12:04:30.671,1.39805,1.3983,1.90,2.40
2010.09.07 12:04:30.841,1.39805,1.3983,1.90,1.60
2010.09.07 12:04:31.010,1.39805,1.3983,1.90,1.00
2010.09.07 12:04:31.180,1.39805,1.3983,2.00,1.00
2010.09.07 12:04:32.417,1.39805,1.3983,1.90,1.00
2010.09.07 12:04:32.673,1.39805,1.3983,1.90,1.60
2010.09.07 12:04:33.090,1.39805,1.3983,1.90,2.40
2010.09.07 12:04:33.719,1.39805,1.3983,1.90,1.00
2010.09.07 12:04:35.001,1.39805,1.3983,3.60,1.00
2010.09.07 12:04:35.503,1.398,1.39825,1.00,1.00
2010.09.07 12:04:35.577,1.398,1.39825,1.00,1.60
2010.09.07 12:04:36.255,1.39795,1.39825,4.30,1.70
2010.09.07 12:04:37.796,1.39795,1.39825,4.40,1.60
2010.09.07 12:04:38.558,1.39795,1.39825,4.30,1.70
2010.09.07 12:04:39.079,1.398,1.39825,1.60,1.70
2010.09.07 12:04:42.249,1.398,1.39825,2.60,1.60
2010.09.07 12:04:42.394,1.3981,1.39825,1.60,1.00
2010.09.07 12:04:42.792,1.3981,1.3983,1.60,1.60
2010.09.07 12:04:42.937,1.3981,1.39835,1.60,2.40
2010.09.07 12:04:43.070,1.3981,1.3983,1.60,1.60
2010.09.07 12:04:46.839,1.3981,1.39835,1.60,2.40
2010.09.07 12:04:51.801,1.39805,1.39835,1.60,2.40
2010.09.07 12:04:52.009,1.39805,1.39835,1.60,3.20
2010.09.07 12:04:52.049,1.39805,1.39835,1.90,3.20
2010.09.07 12:04:52.405,1.39805,1.39835,2.70,3.20
2010.09.07 12:04:52.880,1.39805,1.39835,2.70,2.40
2010.09.07 12:04:57.529,1.39805,1.39835,1.10,1.60
2010.09.07 12:04:57.719,1.39805,1.39835,1.10,2.80
2010.09.07 12:04:57.911,1.39805,1.39835,1.10,3.60
2010.09.07 12:04:58.100,1.39805,1.39835,1.50,1.00
2010.09.07 12:04:58.290,1.3981,1.39835,1.00,1.00
2010.09.07 12:05:00.442,1.3981,1.39835,1.10,1.00
2010.09.07 12:05:01.104,1.3981,1.39835,1.00,1.00
2010.09.07 12:05:01.379,1.3981,1.39835,1.00,1.60
2010.09.07 12:05:01.711,1.3981,1.39835,1.00,2.40
2010.09.07 12:05:02.041,1.3981,1.39835,1.10,1.60
2010.09.07 12:05:02.755,1.3981,1.39835,1.00,1.00
2010.09.07 12:05:02.870,1.3981,1.39835,1.00,1.60
2010.09.07 12:05:03.098,1.3981,1.39835,1.00,2.40
2010.09.07 12:05:03.580,1.3981,1.39835,1.00,2.50
2010.09.07 12:05:04.599,1.3981,1.39835,1.00,2.40
2010.09.07 12:05:10.001,1.3981,1.39835,1.00,1.00
2010.09.07 12:05:10.514,1.39815,1.3984,1.00,1.00
2010.09.07 12:05:11.152,1.39815,1.3984,1.00,1.00
2010.09.07 12:05:11.457,1.39815,1.3984,1.00,1.00
2010.09.07 12:05:11.621,1.39815,1.3984,1.00,2.90
2010.09.07 12:05:11.793,1.3981,1.3984,1.00,2.40
2010.09.07 12:05:11.961,1.3981,1.3984,1.00,1.00
2010.09.07 12:05:12.361,1.3981,1.3984,1.00,2.40
2010.09.07 12:05:12.533,1.3981,1.39835,1.00,1.60
2010.09.07 12:05:13.211,1.3981,1.39835,1.00,1.20
2010.09.07 12:05:13.551,1.39805,1.39835,1.10,3.60
2010.09.07 12:05:14.711,1.39805,1.39835,1.10,3.60
2010.09.07 12:05:15.010,1.39805,1.39835,1.10,3.60
2010.09.07 12:05:15.091,1.39805,1.39835,2.70,3.20
2010.09.07 12:05:15.169,1.3981,1.39835,1.60,3.20
2010.09.07 12:05:15.459,1.3981,1.39835,1.60,2.40
2010.09.07 12:05:15.949,1.3981,1.39835,1.60,3.20
2010.09.07 12:05:16.271,1.3981,1.39835,1.60,2.40
2010.09.07 12:05:16.919,1.3981,1.39835,1.60,1.60
2010.09.07 12:05:17.661,1.3981,1.39835,1.60,2.40
2010.09.07 12:05:18.145,1.3981,1.39825,1.60,2.80
2010.09.07 12:05:18.366,1.398,1.3982,1.00,1.00
2010.09.07 12:05:18.579,1.39795,1.3982,1.70,2.40
2010.09.07 12:05:19.151,1.39795,1.3981,1.70,1.00
2010.09.07 12:05:19.330,1.39795,1.3981,1.70,1.60
2010.09.07 12:05:19.677,1.39795,1.3981,1.00,1.60
2010.09.07 12:05:20.124,1.398,1.3981,1.00,1.00
2010.09.07 12:05:20.386,1.3979,1.3982,2.80,2.00
2010.09.07 12:05:20.986,1.39785,1.39805,1.20,1.60
2010.09.07 12:05:21.279,1.39785,1.39795,1.00,1.00
2010.09.07 12:05:21.895,1.39775,1.398,1.00,4.80
2010.09.07 12:05:22.195,1.39775,1.39795,1.00,1.00
2010.09.07 12:05:22.542,1.39775,1.398,1.00,1.00
2010.09.07 12:05:22.886,1.39775,1.398,1.00,1.00
2010.09.07 12:05:23.241,1.39775,1.398,2.20,1.00
2010.09.07 12:05:23.563,1.3978,1.39805,1.00,1.60
2010.09.07 12:05:23.893,1.39775,1.39805,5.00,1.60
2010.09.07 12:05:25.148,1.39785,1.39805,1.00,1.60
2010.09.07 12:05:27.622,1.3978,1.39805,1.00,1.60
2010.09.07 12:05:28.192,1.3978,1.3981,2.80,4.40
2010.09.07 12:05:28.346,1.39785,1.3981,1.00,3.60
2010.09.07 12:05:28.481,1.39785,1.3981,1.00,4.40
2010.09.07 12:05:29.479,1.3978,1.3981,2.80,4.50
2010.09.07 12:05:29.824,1.3978,1.3981,2.80,3.70
2010.09.07 12:05:30.003,1.3978,1.3981,2.80,3.80
2010.09.07 12:05:30.661,1.3978,1.398,1.00,2.40
2010.09.07 12:05:31.005,1.3978,1.398,1.00,3.20
2010.09.07 12:05:31.695,1.3978,1.398,1.00,1.60
2010.09.07 12:05:32.364,1.3978,1.3981,1.00,4.40
2010.09.07 12:05:32.722,1.3978,1.3981,1.00,3.60
2010.09.07 12:05:33.066,1.39785,1.3981,1.00,1.60
2010.09.07 12:05:33.412,1.39785,1.39805,1.00,1.00
2010.09.07 12:05:34.055,1.39785,1.3981,1.00,5.20
2010.09.07 12:05:34.905,1.39785,1.3981,1.00,4.80
2010.09.07 12:05:35.063,1.39785,1.3981,1.00,1.00
2010.09.07 12:05:35.577,1.39785,1.3981,1.00,1.60
2010.09.07 12:05:36.219,1.39785,1.3981,1.00,1.00
2010.09.07 12:05:36.559,1.39785,1.3981,1.00,1.60
2010.09.07 12:05:37.180,1.39785,1.3981,1.00,1.00
2010.09.07 12:05:37.608,1.39785,1.3981,1.00,1.60
2010.09.07 12:05:37.789,1.39785,1.3981,1.00,1.00
2010.09.07 12:05:38.329,1.39785,1.3981,1.00,1.60
2010.09.07 12:05:40.121,1.39785,1.3981,1.00,2.00
2010.09.07 12:05:40.260,1.39785,1.3981,1.00,2.80
2010.09.07 12:05:40.291,1.3978,1.3981,1.00,2.80
2010.09.07 12:05:40.323,1.3978,1.39805,1.00,1.00
2010.09.07 12:05:40.825,1.3978,1.39805,1.00,1.60
2010.09.07 12:05:40.858,1.3978,1.39805,1.00,1.60
2010.09.07 12:05:40.916,1.3978,1.39805,1.00,1.00
2010.09.07 12:05:40.939,1.3978,1.3981,1.00,6.80
2010.09.07 12:05:41.431,1.3978,1.3981,1.00,5.20
2010.09.07 12:05:42.885,1.3978,1.39805,1.00,1.60
2010.09.07 12:05:43.318,1.3978,1.39805,1.00,2.40
2010.09.07 12:05:43.389,1.3978,1.39805,1.00,3.20
2010.09.07 12:05:43.459,1.39785,1.39805,1.00,3.20
2010.09.07 12:05:44.506,1.39785,1.39815,1.70,2.40
2010.09.07 12:05:44.860,1.39785,1.39815,2.00,2.40
2010.09.07 12:05:45.040,1.39785,1.39815,2.80,2.40
2010.09.07 12:05:45.464,1.39785,1.39815,2.80,3.20
2010.09.07 12:05:46.109,1.39785,1.39815,2.80,2.40
2010.09.07 12:05:47.977,1.39785,1.39815,2.80,2.40
2010.09.07 12:05:49.400,1.39785,1.3981,2.70,1.00
2010.09.07 12:05:49.580,1.39785,1.3981,1.00,1.70
2010.09.07 12:05:50.690,1.39785,1.3981,1.00,1.80
2010.09.07 12:05:51.686,1.39785,1.3981,1.10,1.60
2010.09.07 12:05:51.977,1.39785,1.39815,2.70,2.50
2010.09.07 12:05:52.261,1.39785,1.39815,2.70,3.30
2010.09.07 12:05:52.622,1.3979,1.39815,1.00,3.20
2010.09.07 12:05:53.160,1.3979,1.39815,1.00,2.40
2010.09.07 12:05:54.088,1.39785,1.39815,2.80,2.40
2010.09.07 12:05:54.309,1.3979,1.39815,1.00,3.20
2010.09.07 12:05:54.529,1.3979,1.39815,1.00,2.40
2010.09.07 12:05:56.070,1.39785,1.39815,2.80,2.40
2010.09.07 12:05:56.359,1.39785,1.39815,2.80,3.20
2010.09.07 12:05:56.509,1.39785,1.39815,2.80,2.40
2010.09.07 12:05:56.919,1.39785,1.3981,1.70,1.00
2010.09.07 12:05:57.586,1.3979,1.3981,1.00,1.00
2010.09.07 12:05:59.699,1.3979,1.39815,1.00,3.20
2010.09.07 12:05:59.783,1.39795,1.39815,1.00,1.60
2010.09.07 12:06:00.023,1.39795,1.39815,1.00,1.00
2010.09.07 12:06:00.268,1.3979,1.3982,2.80,1.60
2010.09.07 12:06:00.848,1.39795,1.3982,1.00,1.60
2010.09.07 12:06:11.101,1.39795,1.3982,1.00,3.20
2010.09.07 12:06:11.513,1.3979,1.39815,1.00,1.00
2010.09.07 12:06:11.857,1.39795,1.39825,1.00,2.40
2010.09.07 12:06:12.206,1.39805,1.39825,1.00,2.40
2010.09.07 12:06:12.761,1.39805,1.39825,1.00,1.60
2010.09.07 12:06:13.409,1.39805,1.3983,1.00,2.80
2010.09.07 12:06:13.730,1.398,1.39825,1.00,2.40
2010.09.07 12:06:14.406,1.398,1.39825,1.00,1.60
2010.09.07 12:06:14.733,1.398,1.39825,1.00,1.00
2010.09.07 12:06:15.063,1.398,1.3983,1.00,3.20
2010.09.07 12:06:15.240,1.398,1.3983,1.00,2.40
2010.09.07 12:06:15.592,1.398,1.3983,1.00,2.80
2010.09.07 12:06:16.088,1.39805,1.3983,1.00,2.40
2010.09.07 12:06:16.256,1.398,1.39825,1.00,1.00
2010.09.07 12:06:16.735,1.39805,1.3983,1.70,1.60
2010.09.07 12:06:16.909,1.3981,1.39835,1.00,3.20
2010.09.07 12:06:17.073,1.3981,1.39835,1.00,1.60
2010.09.07 12:06:18.539,1.39815,1.39835,1.00,1.60
2010.09.07 12:06:19.301,1.3982,1.39835,1.00,1.60
2010.09.07 12:06:20.681,1.39815,1.39835,1.00,1.60
2010.09.07 12:06:20.854,1.39815,1.3984,1.70,3.20
2010.09.07 12:06:21.280,1.3982,1.3984,1.00,2.00
2010.09.07 12:06:21.518,1.39805,1.3982,1.00,1.00
2010.09.07 12:06:21.756,1.398,1.39825,2.00,1.00
2010.09.07 12:06:21.994,1.398,1.3983,2.00,5.20
2010.09.07 12:06:22.507,1.398,1.3983,2.00,6.80
2010.09.07 12:06:23.089,1.398,1.39825,2.00,1.00
2010.09.07 12:06:23.380,1.39805,1.39825,1.00,1.00
2010.09.07 12:06:23.671,1.39805,1.3983,1.00,6.80
2010.09.07 12:06:23.892,1.39805,1.39825,1.00,1.00
2010.09.07 12:06:24.110,1.398,1.39825,2.00,1.00
2010.09.07 12:06:24.600,1.398,1.3983,2.00,6.90
2010.09.07 12:06:24.711,1.398,1.3983,2.00,6.80
2010.09.07 12:06:24.872,1.39805,1.3983,1.00,6.80
2010.09.07 12:06:24.978,1.39805,1.39825,1.00,1.00
2010.09.07 12:06:25.709,1.39805,1.3983,1.00,6.80
2010.09.07 12:06:27.058,1.39805,1.39825,1.00,1.00
2010.09.07 12:06:28.058,1.39805,1.3983,1.00,6.80
2010.09.07 12:06:28.988,1.39805,1.3983,1.00,4.00
2010.09.07 12:06:29.390,1.39805,1.3983,1.00,3.20
2010.09.07 12:06:29.529,1.39805,1.3983,1.00,2.40
2010.09.07 12:06:30.302,1.3981,1.3983,1.00,2.40
2010.09.07 12:06:30.589,1.39815,1.3983,1.00,2.40
2010.09.07 12:06:33.471,1.39815,1.39835,1.00,1.00
2010.09.07 12:06:34.011,1.3981,1.3983,1.00,1.60
2010.09.07 12:06:35.724,1.39815,1.3983,1.00,1.60
2010.09.07 12:06:35.829,1.3981,1.3983,1.00,1.60
2010.09.07 12:06:39.691,1.39815,1.3983,1.00,1.60
2010.09.07 12:06:42.379,1.3981,1.3983,1.00,1.60
2010.09.07 12:06:43.242,1.3981,1.39835,1.00,1.60
2010.09.07 12:06:43.439,1.3981,1.39835,1.00,2.40
2010.09.07 12:06:43.639,1.3981,1.39835,1.00,3.20
2010.09.07 12:06:43.839,1.3981,1.39835,1.00,2.40
2010.09.07 12:06:44.420,1.3981,1.39835,1.00,3.20
2010.09.07 12:06:44.943,1.39805,1.39835,1.00,1.60
2010.09.07 12:06:45.132,1.39805,1.3983,1.00,3.20
2010.09.07 12:06:46.670,1.39805,1.3983,1.00,2.40
2010.09.07 12:06:46.859,1.39805,1.39825,1.00,1.00
2010.09.07 12:06:47.239,1.39805,1.3983,1.00,3.20
2010.09.07 12:06:47.704,1.3981,1.3983,1.00,3.20
2010.09.07 12:06:48.053,1.3981,1.3983,1.00,2.40
2010.09.07 12:06:50.449,1.3981,1.3983,1.00,1.60
2010.09.07 12:06:50.648,1.3981,1.3983,1.00,2.40
2010.09.07 12:06:54.169,1.3981,1.3983,1.00,2.40
2010.09.07 12:06:54.391,1.3981,1.39835,1.00,2.80
2010.09.07 12:06:54.610,1.3981,1.39835,1.00,2.80
2010.09.07 12:06:55.759,1.3981,1.39835,1.00,2.40
2010.09.07 12:06:55.945,1.39815,1.39835,1.00,1.60
2010.09.07 12:06:56.661,1.39815,1.39835,1.00,1.00
2010.09.07 12:06:58.802,1.3982,1.39835,1.00,1.00
2010.09.07 12:06:59.486,1.39825,1.39845,1.80,1.00
2010.09.07 12:06:59.752,1.39825,1.3985,2.10,1.00
2010.09.07 12:07:00.651,1.39825,1.3985,2.20,1.00
2010.09.07 12:07:02.029,1.39825,1.39855,2.20,2.80
2010.09.07 12:07:02.366,1.39825,1.39855,2.20,2.00
2010.09.07 12:07:02.519,1.3983,1.39855,2.30,1.60
2010.09.07 12:07:02.652,1.3983,1.3986,2.60,2.80
2010.09.07 12:07:02.911,1.3983,1.3986,2.60,3.60
2010.09.07 12:07:03.339,1.3983,1.3986,1.20,3.60
2010.09.07 12:07:03.474,1.3983,1.3986,1.20,2.40
2010.09.07 12:07:03.822,1.3983,1.3986,1.80,2.00
2010.09.07 12:07:04.161,1.3983,1.39855,2.00,1.00
2010.09.07 12:07:04.501,1.3983,1.39855,2.10,1.00
2010.09.07 12:07:05.058,1.39835,1.3986,1.00,3.60
2010.09.07 12:07:06.539,1.3983,1.3986,2.10,3.60
2010.09.07 12:07:07.016,1.39835,1.3986,1.00,3.60
2010.09.07 12:07:07.150,1.39835,1.39855,1.00,1.00
2010.09.07 12:07:07.429,1.39835,1.3986,1.00,3.60
2010.09.07 12:07:07.570,1.3983,1.3986,2.10,3.60
2010.09.07 12:07:08.616,1.3983,1.39855,1.00,2.90
2010.09.07 12:07:08.968,1.39825,1.39845,1.00,1.00
2010.09.07 12:07:09.113,1.39825,1.39845,1.00,4.40
2010.09.07 12:07:09.250,1.39825,1.39845,1.00,5.20
2010.09.07 12:07:09.950,1.39825,1.3984,1.00,1.00
2010.09.07 12:07:10.089,1.39825,1.39845,1.00,5.20
2010.09.07 12:07:10.730,1.3982,1.3984,1.00,1.00
2010.09.07 12:07:11.051,1.3982,1.39845,1.00,1.60
2010.09.07 12:07:12.313,1.39825,1.3985,1.00,1.60
2010.09.07 12:07:12.570,1.39825,1.3985,1.00,1.00
2010.09.07 12:07:13.929,1.3983,1.3985,1.00,1.00
2010.09.07 12:07:14.431,1.3983,1.39855,1.00,2.00
2010.09.07 12:07:15.113,1.39835,1.3986,1.00,3.20
2010.09.07 12:07:15.312,1.39835,1.3986,1.00,1.60
2010.09.07 12:07:16.426,1.3984,1.3986,1.00,1.00
2010.09.07 12:07:17.924,1.3984,1.39865,1.00,3.20
2010.09.07 12:07:18.168,1.39845,1.39865,1.00,2.40
2010.09.07 12:07:18.404,1.3985,1.39865,1.00,2.40
2010.09.07 12:07:18.593,1.3985,1.3987,1.00,1.60
2010.09.07 12:07:18.781,1.3984,1.3987,1.30,1.60
2010.09.07 12:07:18.973,1.39845,1.3987,1.00,1.60
2010.09.07 12:07:19.466,1.39855,1.3987,1.00,1.60
2010.09.07 12:07:19.662,1.3986,1.3989,1.00,6.10
2010.09.07 12:07:19.845,1.3986,1.3989,1.00,5.30
2010.09.07 12:07:20.902,1.3986,1.3989,1.00,5.40
2010.09.07 12:07:21.243,1.3986,1.3989,1.10,5.30
2010.09.07 12:07:21.583,1.3986,1.3989,1.10,4.90
2010.09.07 12:07:21.755,1.39865,1.3989,1.60,4.10
2010.09.07 12:07:21.933,1.39865,1.3989,1.60,2.50
2010.09.07 12:07:22.412,1.39865,1.3989,2.40,2.50
2010.09.07 12:07:22.580,1.39865,1.3989,2.50,2.40
2010.09.07 12:07:22.749,1.39865,1.3989,1.70,2.40
2010.09.07 12:07:24.214,1.39865,1.3989,2.80,2.40
2010.09.07 12:07:24.399,1.39865,1.3989,2.00,2.40
2010.09.07 12:07:24.768,1.39865,1.3989,1.90,2.50
2010.09.07 12:07:25.789,1.39865,1.3989,1.90,2.90
2010.09.07 12:07:27.411,1.39865,1.3989,2.00,2.40
2010.09.07 12:07:27.570,1.39865,1.3989,3.60,2.40
2010.09.07 12:07:27.729,1.39865,1.3989,2.80,2.40
2010.09.07 12:07:28.171,1.39865,1.3989,2.00,2.40
2010.09.07 12:07:28.945,1.39865,1.3989,4.40,1.60
2010.09.07 12:07:29.295,1.39865,1.3989,3.60,1.60
2010.09.07 12:07:29.420,1.39865,1.3989,2.80,1.60
2010.09.07 12:07:31.438,1.39865,1.3989,3.60,1.60
2010.09.07 12:07:31.730,1.39865,1.3989,2.80,1.60
2010.09.07 12:07:31.828,1.39865,1.3989,3.00,1.60
2010.09.07 12:07:33.939,1.39865,1.3989,3.80,1.60
2010.09.07 12:07:34.980,1.39865,1.3989,2.80,1.60
2010.09.07 12:07:35.311,1.39865,1.3989,2.70,1.70
2010.09.07 12:07:35.419,1.39865,1.3988,1.00,1.60
2010.09.07 12:07:36.805,1.3987,1.3988,1.00,1.60
2010.09.07 12:07:39.172,1.3987,1.3988,1.00,1.60
2010.09.07 12:07:39.280,1.3987,1.39895,1.00,6.20
2010.09.07 12:07:39.389,1.3986,1.39885,3.40,1.00
2010.09.07 12:07:40.096,1.39865,1.39885,1.00,2.40
2010.09.07 12:07:40.445,1.3986,1.39885,1.40,2.40
2010.09.07 12:07:40.795,1.3986,1.39885,1.00,2.40
2010.09.07 12:07:41.486,1.39865,1.39885,1.00,2.40
2010.09.07 12:07:41.834,1.3986,1.39885,1.00,2.40
2010.09.07 12:07:42.453,1.3986,1.39885,2.30,1.00
2010.09.07 12:07:42.743,1.3986,1.3989,4.00,1.60
2010.09.07 12:07:43.031,1.39865,1.3989,1.00,1.60
2010.09.07 12:07:45.230,1.39865,1.3989,1.00,1.60
2010.09.07 12:07:48.222,1.3986,1.3989,2.60,1.60
2010.09.07 12:07:49.209,1.3986,1.3989,2.20,2.00
2010.09.07 12:07:49.380,1.3986,1.39885,1.00,1.00
2010.09.07 12:07:49.550,1.3986,1.39885,1.00,1.00
2010.09.07 12:07:49.903,1.39855,1.39885,1.10,1.00
2010.09.07 12:07:50.044,1.39855,1.39885,3.40,2.40
2010.09.07 12:07:50.191,1.39865,1.39885,1.00,1.00
2010.09.07 12:07:50.332,1.3986,1.39885,1.00,1.00
2010.09.07 12:07:52.476,1.39855,1.39885,1.30,1.00
2010.09.07 12:07:54.297,1.3986,1.39885,2.20,1.00
2010.09.07 12:07:54.334,1.3987,1.39885,1.00,1.00
2010.09.07 12:07:54.845,1.3987,1.39885,1.80,1.00
2010.09.07 12:07:54.909,1.3986,1.39885,2.60,1.00
2010.09.07 12:07:55.745,1.3986,1.39885,1.00,1.60
2010.09.07 12:07:56.432,1.3986,1.39885,1.10,1.60
2010.09.07 12:07:57.700,1.3986,1.39885,1.90,1.60
2010.09.07 12:07:57.773,1.3986,1.39885,1.10,1.60
2010.09.07 12:07:58.100,1.3986,1.39885,1.90,1.60
2010.09.07 12:07:58.641,1.3986,1.39885,2.10,1.60
2010.09.07 12:07:58.982,1.3986,1.39885,2.00,1.60
2010.09.07 12:07:59.055,1.39865,1.3989,1.90,1.60
2010.09.07 12:07:59.311,1.39865,1.3989,1.10,1.60
2010.09.07 12:07:59.561,1.39865,1.39895,4.40,2.00
2010.09.07 12:07:59.810,1.39865,1.39895,4.00,2.00
2010.09.07 12:08:00.312,1.3987,1.39895,1.80,1.60
2010.09.07 12:08:01.334,1.3987,1.39895,1.00,1.60
2010.09.07 12:08:01.975,1.39875,1.39895,1.00,1.60
2010.09.07 12:08:02.420,1.39865,1.39895,1.70,1.70
2010.09.07 12:08:02.879,1.3987,1.39895,1.00,1.70
2010.09.07 12:08:03.731,1.3987,1.39895,1.00,1.60
2010.09.07 12:08:03.989,1.39865,1.39895,1.30,1.60
2010.09.07 12:08:04.641,1.3987,1.39895,1.00,1.60
2010.09.07 12:08:04.802,1.39865,1.3989,1.40,1.60
2010.09.07 12:08:05.300,1.3986,1.39885,2.70,1.00
2010.09.07 12:08:05.469,1.3986,1.3989,2.80,1.60
2010.09.07 12:08:05.643,1.39865,1.3989,1.00,1.60
2010.09.07 12:08:06.147,1.3986,1.3989,2.80,1.60
2010.09.07 12:08:06.500,1.3986,1.3989,1.90,2.00
2010.09.07 12:08:06.845,1.39855,1.3988,2.50,1.00
2010.09.07 12:08:07.204,1.39855,1.3988,2.50,1.00
2010.09.07 12:08:07.485,1.39855,1.3988,2.60,1.00
2010.09.07 12:08:07.760,1.39855,1.3988,2.50,1.00
2010.09.07 12:08:08.702,1.3986,1.39885,1.60,1.60
2010.09.07 12:08:09.043,1.3986,1.39885,1.60,2.40
2010.09.07 12:08:09.380,1.3986,1.39885,1.70,1.60
2010.09.07 12:08:11.689,1.3986,1.39885,1.60,1.60
2010.09.07 12:08:12.208,1.3986,1.39885,1.70,1.60
2010.09.07 12:08:12.470,1.3986,1.39885,1.60,2.40
2010.09.07 12:08:12.732,1.3987,1.3989,1.00,1.00
2010.09.07 12:08:13.253,1.3987,1.39895,2.90,1.00
2010.09.07 12:08:14.355,1.3987,1.39895,2.70,1.00
2010.09.07 12:08:14.703,1.39865,1.3989,1.40,1.00
2010.09.07 12:08:14.961,1.39865,1.3989,1.00,1.00
2010.09.07 12:08:15.861,1.39865,1.3989,1.00,1.00
2010.09.07 12:08:16.540,1.39865,1.39885,1.00,1.00
2010.09.07 12:08:17.856,1.3986,1.39885,1.90,1.00
2010.09.07 12:08:21.768,1.3986,1.39885,1.00,1.00
2010.09.07 12:08:25.189,1.3986,1.39885,1.90,1.00
2010.09.07 12:08:25.390,1.3986,1.3989,2.00,4.40
2010.09.07 12:08:25.589,1.3986,1.3989,2.00,4.00
2010.09.07 12:08:26.032,1.3986,1.3989,2.00,3.20
2010.09.07 12:08:26.480,1.39865,1.3989,1.00,2.40
2010.09.07 12:08:26.740,1.39865,1.3989,1.00,2.40
2010.09.07 12:08:27.001,1.39865,1.3989,1.00,2.60
2010.09.07 12:08:27.891,1.39865,1.3989,1.00,2.50
2010.09.07 12:08:30.656,1.39865,1.3989,1.00,2.40
2010.09.07 12:08:30.958,1.39865,1.39895,1.30,2.50
2010.09.07 12:08:31.597,1.39865,1.3989,1.00,1.60
2010.09.07 12:08:31.791,1.39865,1.39895,1.00,1.60
2010.09.07 12:08:32.300,1.39865,1.39895,1.00,1.60
2010.09.07 12:08:33.381,1.39865,1.39895,1.00,1.70
2010.09.07 12:08:33.985,1.39865,1.39895,2.30,1.70
2010.09.07 12:08:34.282,1.39865,1.39895,1.00,1.60
2010.09.07 12:08:34.431,1.39865,1.39895,2.00,3.20
2010.09.07 12:08:34.581,1.39865,1.39895,2.40,3.20
2010.09.07 12:08:34.733,1.3987,1.39895,1.00,1.70
2010.09.07 12:08:35.204,1.3987,1.39895,1.10,1.60
2010.09.07 12:08:36.452,1.3987,1.39895,1.00,1.80
2010.09.07 12:08:37.241,1.3987,1.39895,1.10,1.60
2010.09.07 12:08:41.400,1.3987,1.39895,1.00,1.70
2010.09.07 12:08:41.989,1.3987,1.39895,1.10,1.60
2010.09.07 12:08:43.558,1.3987,1.39895,1.00,1.70
2010.09.07 12:08:44.019,1.3987,1.39895,1.00,1.80
2010.09.07 12:08:45.566,1.3987,1.3989,1.00,1.00
2010.09.07 12:08:45.622,1.3987,1.3989,1.00,1.40
2010.09.07 12:08:45.679,1.39865,1.3989,4.40,1.40
2010.09.07 12:08:46.024,1.39865,1.3989,1.10,3.10
2010.09.07 12:08:46.379,1.39865,1.3989,1.10,2.00
2010.09.07 12:08:46.725,1.39865,1.3989,2.30,2.00
2010.09.07 12:08:47.027,1.3987,1.3989,1.00,1.00
2010.09.07 12:08:47.627,1.3987,1.39895,1.00,1.70
2010.09.07 12:08:49.988,1.3987,1.39895,1.10,1.60
2010.09.07 12:08:50.769,1.3987,1.39895,1.00,1.70
2010.09.07 12:08:51.358,1.3987,1.39895,1.10,1.60
2010.09.07 12:08:51.821,1.39875,1.39895,1.00,1.60
2010.09.07 12:08:52.589,1.39875,1.39895,1.00,1.80
2010.09.07 12:08:53.271,1.3987,1.39895,1.90,1.60
2010.09.07 12:08:53.499,1.3987,1.39895,1.10,1.60
2010.09.07 12:08:54.557,1.3987,1.39895,1.10,2.40
2010.09.07 12:08:54.772,1.3987,1.39895,1.10,3.20
2010.09.07 12:08:56.304,1.3987,1.39895,1.10,1.60
2010.09.07 12:08:56.606,1.39875,1.39895,1.00,1.60
2010.09.07 12:08:56.775,1.39875,1.399,1.00,2.40
2010.09.07 12:08:57.239,1.39875,1.399,1.00,1.60
2010.09.07 12:08:57.441,1.39875,1.399,1.70,1.60
2010.09.07 12:08:57.616,1.3987,1.399,1.00,1.60
2010.09.07 12:08:58.172,1.39875,1.399,1.60,1.60
2010.09.07 12:08:58.515,1.3987,1.39895,1.00,1.00
2010.09.07 12:08:59.833,1.39875,1.39905,1.00,4.40
2010.09.07 12:08:59.921,1.39875,1.39905,1.00,4.50
2010.09.07 12:09:00.326,1.39875,1.39905,1.00,4.90
2010.09.07 12:09:00.427,1.3987,1.399,1.00,1.20
2010.09.07 12:09:00.523,1.3987,1.399,1.00,2.00
2010.09.07 12:09:00.612,1.3987,1.39895,1.00,1.00
2010.09.07 12:09:00.791,1.3987,1.39895,1.00,1.00
2010.09.07 12:09:02.348,1.39865,1.39895,1.30,1.00
2010.09.07 12:09:02.547,1.39865,1.3989,1.00,1.60
2010.09.07 12:09:02.746,1.39865,1.39895,1.20,1.90
2010.09.07 12:09:02.993,1.39865,1.39895,1.20,1.00
2010.09.07 12:09:03.345,1.3987,1.39895,1.00,1.00
2010.09.07 12:09:05.231,1.3987,1.39895,1.00,1.00
2010.09.07 12:09:05.549,1.3987,1.39895,1.20,1.00
2010.09.07 12:09:06.765,1.39875,1.399,1.00,1.00
2010.09.07 12:09:07.351,1.39885,1.39905,1.00,5.00
2010.09.07 12:09:07.613,1.39885,1.3991,1.80,1.60
2010.09.07 12:09:09.525,1.39885,1.3991,1.80,1.70
2010.09.07 12:09:10.382,1.39885,1.3991,3.00,1.70
2010.09.07 12:09:11.912,1.39885,1.3991,2.80,1.70
2010.09.07 12:09:12.116,1.39885,1.39905,1.10,1.60
2010.09.07 12:09:12.326,1.3988,1.39905,1.10,2.40
2010.09.07 12:09:12.810,1.3988,1.39905,1.00,2.40
2010.09.07 12:09:13.142,1.3988,1.39905,1.00,2.50
2010.09.07 12:09:13.473,1.3988,1.39905,1.00,2.50
2010.09.07 12:09:14.125,1.39885,1.39905,1.00,2.50
2010.09.07 12:09:14.438,1.39885,1.39905,1.80,1.00
2010.09.07 12:09:15.981,1.3988,1.39905,1.00,2.40
2010.09.07 12:09:16.296,1.39875,1.399,1.00,1.20
2010.09.07 12:09:16.612,1.3988,1.399,1.00,1.20
2010.09.07 12:09:17.691,1.39875,1.399,2.30,1.20
2010.09.07 12:09:17.862,1.39875,1.399,1.00,1.20
2010.09.07 12:09:18.742,1.39875,1.399,1.60,2.00
2010.09.07 12:09:19.025,1.3987,1.399,1.30,2.00
2010.09.07 12:09:20.813,1.39875,1.3989,1.00,1.60
2010.09.07 12:09:21.107,1.3987,1.399,1.00,3.40
2010.09.07 12:09:21.412,1.39875,1.399,1.00,3.60
2010.09.07 12:09:22.402,1.39875,1.399,1.00,3.80
2010.09.07 12:09:22.744,1.39875,1.399,1.00,2.00
2010.09.07 12:09:23.082,1.39875,1.39905,1.00,1.60
2010.09.07 12:09:24.560,1.3988,1.39905,1.00,1.60
2010.09.07 12:09:25.321,1.3988,1.3991,1.10,3.60
2010.09.07 12:09:25.874,1.3988,1.3991,1.00,3.70
2010.09.07 12:09:27.009,1.3988,1.3991,1.10,3.60
2010.09.07 12:09:28.365,1.3988,1.3991,1.00,3.70
2010.09.07 12:09:29.191,1.3988,1.3991,1.10,2.00
2010.09.07 12:09:29.452,1.3988,1.3991,1.00,2.10
2010.09.07 12:09:29.714,1.3988,1.3991,1.10,2.00
2010.09.07 12:09:30.226,1.39885,1.3991,1.00,2.00
2010.09.07 12:09:30.393,1.39885,1.3991,1.60,1.60
2010.09.07 12:09:30.562,1.39885,1.3991,1.70,1.60
2010.09.07 12:09:31.050,1.39885,1.3991,1.00,1.60
2010.09.07 12:09:32.026,1.3988,1.3991,1.10,1.60
2010.09.07 12:09:32.244,1.39885,1.3991,1.00,1.60
2010.09.07 12:09:33.531,1.3988,1.399,1.50,1.60
2010.09.07 12:09:33.713,1.3988,1.399,1.10,1.60
2010.09.07 12:09:34.940,1.39885,1.399,1.00,1.60
2010.09.07 12:09:35.542,1.3988,1.399,1.90,1.60
2010.09.07 12:09:36.140,1.3988,1.399,1.10,1.60
2010.09.07 12:09:36.647,1.3988,1.399,1.00,1.60
2010.09.07 12:09:36.914,1.3988,1.39895,1.00,1.60
2010.09.07 12:09:37.404,1.39875,1.39895,1.00,1.60
2010.09.07 12:09:38.246,1.3988,1.39895,1.00,1.60
2010.09.07 12:09:38.774,1.39875,1.39895,1.00,1.60
2010.09.07 12:09:39.013,1.39875,1.3989,1.00,1.60
2010.09.07 12:09:40.994,1.3987,1.3989,1.00,1.60
2010.09.07 12:09:41.241,1.3987,1.3989,1.10,1.60
2010.09.07 12:09:41.491,1.3987,1.3989,1.00,1.60
2010.09.07 12:09:42.652,1.39875,1.3989,1.00,1.60
2010.09.07 12:09:43.770,1.3987,1.3988,2.70,1.60
2010.09.07 12:09:43.920,1.3987,1.3988,1.10,1.60
2010.09.07 12:09:44.338,1.3987,1.3988,1.00,1.60
2010.09.07 12:09:44.593,1.3987,1.3989,1.10,1.60
2010.09.07 12:09:45.264,1.39875,1.3989,1.00,1.60
2010.09.07 12:09:49.222,1.39875,1.3989,1.00,1.60
2010.09.07 12:09:49.556,1.3988,1.3989,1.00,1.60
2010.09.07 12:09:49.717,1.39875,1.399,1.00,1.60
2010.09.07 12:09:49.873,1.39875,1.399,1.00,2.40
2010.09.07 12:09:51.684,1.39875,1.399,1.00,2.50
2010.09.07 12:09:52.641,1.39875,1.399,1.80,1.60
2010.09.07 12:09:53.160,1.3988,1.399,1.00,1.60
2010.09.07 12:09:53.341,1.3988,1.399,1.60,1.60
2010.09.07 12:09:53.704,1.3988,1.39905,1.80,1.30
2010.09.07 12:09:53.895,1.3988,1.39905,1.00,1.00
2010.09.07 12:09:54.883,1.3988,1.39905,1.00,1.00
2010.09.07 12:09:55.899,1.3988,1.3991,1.00,3.40
2010.09.07 12:10:00.696,1.3988,1.3991,1.00,3.80
2010.09.07 12:10:00.728,1.3988,1.3991,1.10,3.70
2010.09.07 12:10:00.831,1.3988,1.3991,1.10,2.90
2010.09.07 12:10:00.861,1.3988,1.3991,1.10,2.10
2010.09.07 12:10:01.257,1.39885,1.3991,1.00,1.70
2010.09.07 12:10:01.299,1.39885,1.3991,1.00,1.70
2010.09.07 12:10:01.451,1.39885,1.3991,1.10,1.60
2010.09.07 12:10:02.573,1.39885,1.3991,1.80,1.00
2010.09.07 12:10:02.730,1.39885,1.3991,2.60,1.00
2010.09.07 12:10:02.890,1.39885,1.39915,2.60,3.80
2010.09.07 12:10:03.052,1.39885,1.3991,2.60,1.80
2010.09.07 12:10:03.509,1.39885,1.399,1.60,1.60
2010.09.07 12:10:03.551,1.39885,1.399,1.00,1.60
2010.09.07 12:10:03.715,1.3988,1.399,1.10,1.60
2010.09.07 12:10:04.065,1.3988,1.399,1.90,1.60
2010.09.07 12:10:04.715,1.3988,1.399,1.80,1.60
2010.09.07 12:10:04.974,1.3988,1.3991,2.70,4.40
2010.09.07 12:10:05.236,1.3988,1.3991,3.10,3.40
2010.09.07 12:10:05.491,1.3988,1.39905,3.10,1.00
2010.09.07 12:10:06.409,1.3988,1.39905,2.70,1.00
2010.09.07 12:10:07.497,1.3988,1.39905,1.90,1.00
2010.09.07 12:10:07.690,1.39875,1.39895,1.00,1.60
2010.09.07 12:10:07.876,1.39875,1.39895,1.00,1.60
2010.09.07 12:10:09.353,1.3987,1.39895,2.80,1.60
2010.09.07 12:10:12.231,1.3987,1.39895,3.20,1.60
2010.09.07 12:10:12.441,1.3987,1.39895,2.80,1.60
2010.09.07 12:10:12.512,1.3987,1.39895,2.70,1.60
2010.09.07 12:10:12.580,1.3987,1.3989,1.00,1.60
2010.09.07 12:10:12.960,1.3987,1.3988,1.00,1.60
2010.09.07 12:10:13.068,1.3987,1.3989,1.00,2.70
2010.09.07 12:10:13.143,1.39875,1.399,1.00,2.00
2010.09.07 12:10:13.526,1.39875,1.399,1.10,1.60
2010.09.07 12:10:13.879,1.39875,1.399,1.00,1.70
2010.09.07 12:10:14.563,1.3987,1.399,3.20,3.30
2010.09.07 12:10:15.268,1.3988,1.399,1.60,3.20
2010.09.07 12:10:15.553,1.39875,1.399,1.00,3.20
2010.09.07 12:10:15.791,1.39875,1.399,1.00,1.60
2010.09.07 12:10:16.031,1.39875,1.399,1.00,1.60
2010.09.07 12:10:16.466,1.39875,1.399,1.10,1.60
2010.09.07 12:10:16.703,1.3988,1.399,1.00,1.60
2010.09.07 12:10:17.261,1.3988,1.39905,1.90,1.00
2010.09.07 12:10:18.630,1.3988,1.3991,3.20,3.40
2010.09.07 12:10:18.838,1.3988,1.399,1.10,1.60
2010.09.07 12:10:19.015,1.39885,1.399,1.00,1.60
2010.09.07 12:10:19.191,1.3988,1.399,1.10,1.60
2010.09.07 12:10:21.670,1.39885,1.399,1.00,1.60
2010.09.07 12:10:22.164,1.3988,1.399,1.10,1.60
2010.09.07 12:10:22.311,1.3988,1.39905,2.80,1.00
2010.09.07 12:10:22.731,1.3988,1.39905,2.80,1.60
2010.09.07 12:10:22.940,1.3988,1.399,1.00,1.60
2010.09.07 12:10:23.383,1.3988,1.39895,1.00,1.60
2010.09.07 12:10:23.593,1.3988,1.399,1.00,1.60
2010.09.07 12:10:26.341,1.39875,1.399,1.00,1.60
2010.09.07 12:10:26.620,1.39875,1.399,1.00,1.60
2010.09.07 12:10:26.699,1.39875,1.399,1.00,1.60
2010.09.07 12:10:26.849,1.39875,1.399,1.00,1.60
2010.09.07 12:10:26.930,1.39875,1.399,1.70,1.60
2010.09.07 12:10:27.268,1.39885,1.3991,1.00,7.20
2010.09.07 12:10:27.347,1.39885,1.3991,1.00,4.50
2010.09.07 12:10:27.419,1.39885,1.3991,1.00,3.70
2010.09.07 12:10:28.617,1.39885,1.3991,1.00,3.80
2010.09.07 12:10:32.658,1.39885,1.3991,1.00,3.40
2010.09.07 12:10:33.099,1.39885,1.3991,1.00,9.80
2010.09.07 12:10:33.449,1.39875,1.39895,1.00,1.60
2010.09.07 12:10:33.796,1.39875,1.399,1.00,3.70
2010.09.07 12:10:34.568,1.39875,1.399,1.00,3.60
2010.09.07 12:10:34.891,1.39875,1.399,1.00,3.20
2010.09.07 12:10:35.220,1.39875,1.399,1.00,3.40
2010.09.07 12:10:40.375,1.39875,1.39895,1.00,1.00
2010.09.07 12:10:40.479,1.39875,1.399,1.00,4.60
2010.09.07 12:10:41.931,1.39875,1.399,1.00,3.80
2010.09.07 12:10:42.250,1.39875,1.399,1.00,3.60
2010.09.07 12:10:42.540,1.39875,1.399,1.00,3.20
2010.09.07 12:10:43.469,1.39875,1.39895,1.00,1.60
2010.09.07 12:10:44.047,1.39865,1.39895,1.30,2.40
2010.09.07 12:10:44.230,1.3987,1.39895,1.00,1.60
2010.09.07 12:10:50.278,1.3987,1.39895,1.00,1.00
2010.09.07 12:10:50.440,1.3987,1.399,1.00,4.00
2010.09.07 12:10:50.602,1.3987,1.399,2.90,1.60
2010.09.07 12:10:50.940,1.39875,1.399,1.00,1.60
2010.09.07 12:10:51.239,1.39875,1.399,1.80,1.00
2010.09.07 12:10:52.030,1.39875,1.399,1.00,1.00
2010.09.07 12:10:53.001,1.39875,1.399,1.00,1.00
2010.09.07 12:10:53.451,1.3988,1.399,1.00,1.00
2010.09.07 12:10:55.195,1.39875,1.399,1.00,2.40
2010.09.07 12:10:55.981,1.39875,1.399,1.00,2.40
2010.09.07 12:10:56.960,1.39875,1.399,1.00,2.60
2010.09.07 12:10:58.260,1.39875,1.39895,1.00,1.00
2010.09.07 12:10:59.031,1.39875,1.399,1.00,2.80
2010.09.07 12:10:59.370,1.39875,1.399,1.00,2.80
2010.09.07 12:11:05.529,1.39875,1.399,1.00,2.90
2010.09.07 12:11:05.681,1.39875,1.3989,1.00,1.60
2010.09.07 12:11:07.901,1.39865,1.3989,1.00,2.40
2010.09.07 12:11:07.947,1.39865,1.3989,1.00,1.00
2010.09.07 12:11:08.534,1.3986,1.3989,3.80,1.00
2010.09.07 12:11:08.883,1.3987,1.3989,1.00,1.00
2010.09.07 12:11:09.560,1.39865,1.3989,1.00,1.00
2010.09.07 12:11:10.790,1.3986,1.3988,1.10,1.60
2010.09.07 12:11:11.155,1.3986,1.3989,1.10,2.40
2010.09.07 12:11:11.334,1.3986,1.3989,1.10,1.00
2010.09.07 12:11:11.946,1.3986,1.3989,1.00,3.00
2010.09.07 12:11:12.204,1.3986,1.3989,1.10,2.80
2010.09.07 12:11:13.610,1.3986,1.3989,1.10,2.40
2010.09.07 12:11:13.885,1.3986,1.3989,1.10,2.50
2010.09.07 12:11:14.150,1.39865,1.3989,1.00,2.40
2010.09.07 12:11:16.929,1.3986,1.3989,1.00,3.00
2010.09.07 12:11:17.049,1.3986,1.3989,2.70,2.60
2010.09.07 12:11:17.469,1.39865,1.3989,1.00,1.60
2010.09.07 12:11:17.587,1.3987,1.3989,1.00,1.60
2010.09.07 12:11:17.690,1.3987,1.3989,1.00,1.60
2010.09.07 12:11:17.800,1.3987,1.3989,1.10,1.60
2010.09.07 12:11:18.209,1.3987,1.3989,1.00,1.60
2010.09.07 12:11:21.082,1.3987,1.3989,1.10,1.60
2010.09.07 12:11:21.205,1.3987,1.39895,2.80,1.60
2010.09.07 12:11:23.421,1.39875,1.39895,1.20,1.60
2010.09.07 12:11:23.551,1.39875,1.3989,2.90,1.00
2010.09.07 12:11:23.675,1.39875,1.399,3.30,1.00
2010.09.07 12:11:23.792,1.39875,1.39895,3.30,1.00
2010.09.07 12:11:24.033,1.39875,1.39905,3.30,3.30
2010.09.07 12:11:24.794,1.39875,1.399,2.60,1.00
2010.09.07 12:11:25.143,1.39875,1.399,1.80,1.70
2010.09.07 12:11:26.523,1.39875,1.399,1.80,1.60
2010.09.07 12:11:30.549,1.39875,1.399,1.70,1.60
2010.09.07 12:11:30.662,1.39875,1.39895,1.00,1.60
2010.09.07 12:11:30.771,1.39875,1.39895,1.00,3.20
2010.09.07 12:11:31.443,1.39865,1.39885,1.70,1.00
2010.09.07 12:11:31.671,1.39865,1.39885,3.40,1.00
2010.09.07 12:11:31.903,1.39875,1.39895,1.80,1.60
2010.09.07 12:11:32.220,1.39875,1.399,1.90,1.60
2010.09.07 12:11:32.893,1.39875,1.399,1.80,1.70
2010.09.07 12:11:33.260,1.39875,1.399,1.80,1.60
2010.09.07 12:11:33.449,1.39875,1.399,1.00,1.60
2010.09.07 12:11:33.640,1.39875,1.399,1.00,2.40
2010.09.07 12:11:34.010,1.39875,1.399,1.00,1.60
2010.09.07 12:11:34.886,1.39865,1.3989,1.80,1.60
2010.09.07 12:11:35.172,1.3987,1.39885,1.00,1.60
2010.09.07 12:11:35.658,1.3987,1.39885,1.00,3.20
2010.09.07 12:11:35.936,1.39865,1.3988,1.00,1.00
2010.09.07 12:11:36.659,1.39865,1.39885,1.00,1.60
2010.09.07 12:11:37.295,1.39865,1.39885,1.00,1.00
2010.09.07 12:11:38.567,1.3986,1.39885,1.00,1.00
2010.09.07 12:11:38.992,1.3986,1.39885,1.00,1.00
2010.09.07 12:11:39.228,1.3986,1.39885,2.00,2.40
2010.09.07 12:11:39.610,1.3986,1.39885,2.80,1.60
2010.09.07 12:11:39.944,1.3986,1.39885,2.80,2.40
2010.09.07 12:11:40.276,1.3986,1.39885,1.70,3.20
2010.09.07 12:11:40.804,1.39855,1.39885,1.00,3.20
2010.09.07 12:11:41.085,1.3986,1.39885,1.00,3.20
2010.09.07 12:11:43.377,1.39855,1.39885,1.00,3.30
2010.09.07 12:11:43.492,1.39855,1.39885,1.00,4.10
2010.09.07 12:11:43.509,1.39855,1.39885,1.00,4.90
2010.09.07 12:11:45.021,1.39855,1.3988,1.00,1.00
2010.09.07 12:11:47.424,1.39855,1.3988,1.00,1.00
2010.09.07 12:11:51.350,1.39855,1.3988,1.00,1.00
2010.09.07 12:11:51.756,1.39855,1.3988,1.00,1.00
2010.09.07 12:11:51.873,1.39855,1.3988,1.00,1.00
2010.09.07 12:11:51.891,1.39855,1.3988,1.00,2.80
2010.09.07 12:11:51.904,1.39855,1.39875,1.00,1.00
2010.09.07 12:11:52.063,1.3985,1.39875,1.70,2.40
2010.09.07 12:11:52.083,1.3985,1.39875,1.70,1.60
2010.09.07 12:11:52.109,1.3985,1.39875,1.00,3.20
2010.09.07 12:11:52.664,1.3985,1.39875,1.00,4.00
2010.09.07 12:11:52.910,1.3985,1.39875,1.00,3.20
2010.09.07 12:11:53.852,1.3985,1.39875,1.00,4.00
2010.09.07 12:11:54.191,1.3985,1.39875,1.00,3.20
2010.09.07 12:11:54.537,1.3985,1.39875,1.00,4.00
2010.09.07 12:11:54.811,1.3985,1.39875,1.00,3.20
2010.09.07 12:11:55.683,1.3985,1.39875,1.00,4.00
2010.09.07 12:11:55.842,1.3985,1.39865,1.00,1.60
2010.09.07 12:11:55.983,1.3985,1.39875,1.00,4.00
2010.09.07 12:12:09.891,1.39845,1.3987,1.00,1.00
2010.09.07 12:12:10.103,1.39845,1.39865,1.00,1.60
2010.09.07 12:12:10.400,1.39845,1.39865,1.00,1.60
2010.09.07 12:12:11.803,1.39845,1.3986,1.00,1.60
2010.09.07 12:12:12.023,1.3984,1.3986,2.70,1.60
2010.09.07 12:12:12.548,1.3984,1.39865,1.90,2.70
2010.09.07 12:12:12.838,1.3984,1.39865,1.10,1.60
2010.09.07 12:12:13.139,1.39845,1.39865,1.00,1.60
2010.09.07 12:12:13.728,1.39845,1.39865,1.10,1.60
2010.09.07 12:12:14.011,1.39845,1.39865,1.00,1.60
2010.09.07 12:12:17.408,1.39845,1.39865,1.00,1.60
2010.09.07 12:12:21.909,1.39845,1.39865,1.00,1.60
2010.09.07 12:12:22.121,1.39845,1.39865,1.00,1.60
2010.09.07 12:12:28.287,1.39845,1.3986,1.00,1.60
2010.09.07 12:12:28.508,1.39835,1.3986,1.10,1.60
2010.09.07 12:12:29.139,1.3984,1.3986,1.00,1.60
2010.09.07 12:12:29.486,1.3984,1.3986,1.10,1.60
2010.09.07 12:12:32.091,1.3984,1.3986,1.00,1.60
2010.09.07 12:12:32.261,1.3984,1.3986,1.00,1.60
2010.09.07 12:12:32.441,1.39835,1.3986,1.00,1.60
2010.09.07 12:12:32.980,1.3984,1.3986,1.00,1.60
2010.09.07 12:12:33.494,1.3984,1.39865,1.00,1.60
2010.09.07 12:12:35.151,1.3984,1.3987,1.10,2.40
2010.09.07 12:12:35.479,1.39845,1.3987,1.00,2.60
2010.09.07 12:12:36.326,1.3984,1.3987,2.70,2.40
2010.09.07 12:12:36.584,1.3984,1.39865,2.70,1.60
2010.09.07 12:12:37.128,1.3984,1.39865,1.90,1.60
2010.09.07 12:12:37.816,1.3984,1.39865,1.10,1.60
2010.09.07 12:12:38.111,1.3984,1.39865,1.90,1.60
2010.09.07 12:12:38.262,1.3984,1.3987,1.90,3.70
2010.09.07 12:12:38.890,1.3984,1.3987,2.60,3.80
2010.09.07 12:12:39.854,1.3984,1.39865,2.60,1.00
2010.09.07 12:12:40.342,1.3984,1.39865,2.70,1.00
2010.09.07 12:12:40.573,1.3984,1.3986,1.10,1.60
2010.09.07 12:12:41.520,1.3984,1.39865,1.10,2.70
2010.09.07 12:12:42.151,1.3984,1.39865,1.10,1.60
2010.09.07 12:12:42.341,1.3984,1.39865,1.90,1.60
2010.09.07 12:12:43.259,1.3984,1.39865,1.10,1.60
2010.09.07 12:12:43.822,1.3984,1.39865,1.90,1.60
2010.09.07 12:12:44.219,1.3984,1.39865,1.10,1.60
2010.09.07 12:12:44.883,1.3984,1.3986,1.00,1.60
2010.09.07 12:12:45.699,1.39835,1.3986,1.10,1.60
2010.09.07 12:12:50.836,1.3984,1.3986,1.00,1.60
2010.09.07 12:12:52.220,1.39835,1.3986,1.00,1.60
2010.09.07 12:12:53.175,1.3984,1.39865,1.60,4.60
2010.09.07 12:12:53.371,1.3984,1.39865,1.90,2.60
2010.09.07 12:12:53.911,1.3984,1.39865,1.90,2.40
2010.09.07 12:12:54.832,1.3984,1.39865,3.60,2.40
2010.09.07 12:12:54.935,1.3984,1.39865,3.50,2.40
2010.09.07 12:12:55.120,1.39845,1.39865,1.60,1.00
2010.09.07 12:12:55.220,1.39845,1.3987,1.60,1.00
2010.09.07 12:12:55.319,1.3984,1.39865,3.50,1.60
2010.09.07 12:12:55.420,1.39845,1.3987,1.60,1.00
2010.09.07 12:12:56.942,1.39845,1.3987,1.70,1.00
2010.09.07 12:12:57.124,1.39845,1.3987,1.60,1.20
2010.09.07 12:12:57.514,1.3984,1.39865,3.60,1.60
2010.09.07 12:12:58.524,1.3984,1.39855,1.00,1.60
2010.09.07 12:12:59.238,1.39835,1.39855,1.00,1.60
2010.09.07 12:12:59.514,1.39835,1.39855,1.00,1.60
2010.09.07 12:13:00.107,1.39835,1.3986,1.90,2.10
2010.09.07 12:13:00.388,1.39835,1.3986,1.90,1.60
2010.09.07 12:13:01.694,1.39835,1.3986,2.00,2.00
2010.09.07 12:13:01.980,1.39835,1.3986,1.80,1.60
2010.09.07 12:13:02.247,1.39845,1.39865,1.60,3.60
2010.09.07 12:13:02.519,1.3983,1.39855,4.40,1.00
2010.09.07 12:13:03.151,1.3983,1.39855,1.20,2.40
2010.09.07 12:13:03.468,1.39835,1.39855,1.60,1.60
2010.09.07 12:13:04.179,1.3984,1.39875,3.10,1.30
2010.09.07 12:13:04.524,1.3984,1.39875,2.80,1.30
2010.09.07 12:13:04.896,1.3984,1.3987,2.70,2.00
2010.09.07 12:13:05.246,1.3984,1.39875,4.80,1.70
2010.09.07 12:13:06.030,1.3984,1.39845,1.60,1.60
2010.09.07 12:13:06.359,1.3984,1.3987,1.60,2.40
2010.09.07 12:13:07.019,1.3984,1.3987,1.60,1.60
2010.09.07 12:13:07.367,1.3983,1.3986,2.40,2.10
2010.09.07 12:13:07.884,1.3983,1.39855,2.00,1.00
2010.09.07 12:13:08.216,1.3983,1.39855,1.00,1.00
2010.09.07 12:13:08.538,1.3982,1.3985,1.50,1.00
2010.09.07 12:13:09.140,1.3982,1.3985,1.00,1.00
2010.09.07 12:13:09.784,1.3982,1.3985,1.00,1.20
2010.09.07 12:13:10.106,1.3982,1.39845,1.00,1.00
2010.09.07 12:13:10.425,1.3982,1.39845,1.00,1.00
2010.09.07 12:13:12.181,1.3982,1.39845,1.00,1.00
2010.09.07 12:13:12.687,1.39815,1.39845,1.00,3.20
2010.09.07 12:13:12.901,1.39815,1.39845,1.00,1.60
2010.09.07 12:13:13.430,1.3983,1.39845,1.00,1.00
2010.09.07 12:13:13.647,1.3982,1.3985,2.30,3.30
2010.09.07 12:13:13.997,1.3982,1.3985,1.00,1.60
2010.09.07 12:13:14.634,1.39815,1.3984,1.00,1.00
2010.09.07 12:13:14.885,1.3981,1.39835,1.20,1.00
2010.09.07 12:13:15.145,1.39805,1.39835,2.70,1.60
2010.09.07 12:13:16.037,1.3981,1.3984,1.10,1.00
2010.09.07 12:13:16.364,1.3981,1.3984,1.10,1.00
2010.09.07 12:13:17.260,1.3981,1.3984,1.50,1.00
2010.09.07 12:13:17.735,1.3981,1.3984,1.40,1.00
2010.09.07 12:13:18.790,1.3981,1.3984,1.50,1.00
2010.09.07 12:13:19.491,1.39815,1.3984,1.00,1.00
2010.09.07 12:13:19.930,1.39815,1.3984,1.00,1.00
2010.09.07 12:13:20.007,1.39815,1.3984,1.00,1.00
2010.09.07 12:13:20.073,1.39815,1.3984,1.00,1.00
2010.09.07 12:13:20.521,1.3982,1.3984,1.00,1.00
2010.09.07 12:13:20.603,1.39815,1.3983,1.00,1.60
2010.09.07 12:13:21.463,1.39805,1.39825,1.60,1.60
2010.09.07 12:13:21.803,1.39795,1.39825,1.00,1.60
2010.09.07 12:13:22.160,1.39795,1.3982,1.00,1.00
2010.09.07 12:13:22.511,1.3979,1.3982,1.00,1.00
2010.09.07 12:13:22.855,1.3979,1.3982,1.00,1.60
2010.09.07 12:13:23.479,1.39795,1.39825,1.00,1.70
2010.09.07 12:13:23.809,1.39785,1.3982,2.90,2.10
2010.09.07 12:13:24.126,1.39795,1.3982,1.60,1.70
2010.09.07 12:13:24.896,1.3979,1.39815,1.60,2.40
2010.09.07 12:13:25.244,1.39785,1.39815,1.50,3.20
2010.09.07 12:13:25.473,1.39785,1.39815,1.50,3.30
2010.09.07 12:13:25.788,1.39785,1.39815,2.30,3.30
2010.09.07 12:13:26.024,1.39785,1.39815,1.50,3.20
2010.09.07 12:13:26.266,1.39785,1.3981,1.90,1.00
2010.09.07 12:13:26.526,1.39785,1.3981,1.00,1.00
2010.09.07 12:13:26.785,1.39785,1.39815,1.00,4.60
2010.09.07 12:13:27.425,1.39785,1.39815,1.00,4.60
2010.09.07 12:13:27.802,1.39785,1.39815,1.80,4.60
2010.09.07 12:13:27.994,1.39785,1.3981,1.00,1.60
2010.09.07 12:13:28.520,1.39785,1.398,1.00,1.60
2010.09.07 12:13:29.824,1.3978,1.398,1.10,1.60
2010.09.07 12:13:30.117,1.3978,1.398,1.00,1.60
2010.09.07 12:13:30.405,1.39775,1.398,2.70,1.60
2010.09.07 12:13:31.036,1.39785,1.3981,1.00,1.60
2010.09.07 12:13:31.344,1.39785,1.3981,1.00,1.70
2010.09.07 12:13:31.642,1.39785,1.3981,1.00,1.00
2010.09.07 12:13:32.276,1.39785,1.39815,1.00,3.30
2010.09.07 12:13:32.555,1.39785,1.3981,1.00,1.60
2010.09.07 12:13:33.113,1.39785,1.3981,1.00,1.70
2010.09.07 12:13:33.754,1.39785,1.3981,1.00,1.60
2010.09.07 12:13:33.984,1.3979,1.39815,1.00,3.30
2010.09.07 12:13:34.203,1.3979,1.39815,1.00,1.70
2010.09.07 12:13:35.162,1.3979,1.39815,1.00,1.60
2010.09.07 12:13:35.730,1.3979,1.39815,1.10,1.60
2010.09.07 12:13:36.023,1.3979,1.39815,1.80,1.70
2010.09.07 12:13:36.516,1.3979,1.3982,4.30,4.00
2010.09.07 12:13:36.861,1.3979,1.3982,4.30,4.10
2010.09.07 12:13:37.031,1.3979,1.3982,2.70,3.30
2010.09.07 12:13:37.390,1.3979,1.3982,2.70,4.00
2010.09.07 12:13:37.737,1.3979,1.3981,1.00,1.00
2010.09.07 12:13:38.088,1.39785,1.3981,1.10,2.40
2010.09.07 12:13:38.436,1.39785,1.3981,1.00,3.20
2010.09.07 12:13:39.066,1.39785,1.398,1.00,1.60
2010.09.07 12:13:40.971,1.39785,1.3981,1.00,3.20
2010.09.07 12:13:41.130,1.39785,1.398,1.00,1.60
2010.09.07 12:13:41.290,1.39785,1.3981,1.00,2.50
2010.09.07 12:13:41.956,1.3978,1.3981,1.10,4.00
2010.09.07 12:13:42.274,1.3978,1.398,1.00,1.60
2010.09.07 12:13:42.621,1.39775,1.398,3.50,1.60
2010.09.07 12:13:42.940,1.3978,1.39805,1.00,1.00
2010.09.07 12:13:43.281,1.3978,1.39805,1.10,1.00
2010.09.07 12:13:44.272,1.3978,1.398,1.00,1.60
2010.09.07 12:13:45.061,1.3978,1.398,2.70,1.60
2010.09.07 12:13:45.221,1.3978,1.3981,2.70,3.00
2010.09.07 12:13:45.381,1.3978,1.3981,4.30,3.00
2010.09.07 12:13:45.869,1.3978,1.3981,4.30,2.60
2010.09.07 12:13:46.684,1.3978,1.3981,4.30,3.00
2010.09.07 12:13:47.012,1.3978,1.3981,4.30,2.60
2010.09.07 12:13:48.370,1.3978,1.3981,4.70,2.60
2010.09.07 12:13:48.872,1.39785,1.3981,1.00,2.40
2010.09.07 12:13:48.998,1.3978,1.3981,4.70,2.50
2010.09.07 12:13:49.101,1.39785,1.3981,1.90,1.60
2010.09.07 12:13:49.444,1.39785,1.3981,2.70,1.60
2010.09.07 12:13:50.632,1.39785,1.3981,4.20,1.60
2010.09.07 12:13:51.160,1.39785,1.3981,3.20,3.20
2010.09.07 12:13:51.591,1.39785,1.3981,2.40,3.20
2010.09.07 12:13:51.874,1.3978,1.3981,4.70,3.20
2010.09.07 12:13:52.146,1.39785,1.3981,1.60,3.20
2010.09.07 12:13:52.721,1.39785,1.3981,2.40,3.20
2010.09.07 12:13:53.061,1.39785,1.3981,1.00,3.20
2010.09.07 12:13:53.397,1.3978,1.3981,2.70,3.30
2010.09.07 12:13:54.374,1.3978,1.398,1.90,1.60
2010.09.07 12:13:54.714,1.3978,1.3981,1.90,3.20
2010.09.07 12:13:55.050,1.3978,1.3981,2.70,3.20
2010.09.07 12:13:56.181,1.3978,1.3981,1.90,3.20
2010.09.07 12:13:56.300,1.3978,1.3981,2.70,3.20
2010.09.07 12:13:56.813,1.3978,1.398,2.60,1.60
2010.09.07 12:13:56.982,1.3978,1.398,1.00,1.60
2010.09.07 12:13:57.360,1.3978,1.398,1.00,1.60
2010.09.07 12:13:57.549,1.39775,1.398,4.70,1.60
2010.09.07 12:13:58.621,1.39775,1.398,4.30,1.60
2010.09.07 12:13:59.184,1.39775,1.398,3.50,1.60
2010.09.07 12:13:59.973,1.39775,1.398,1.10,1.60
2010.09.07 12:14:01.049,1.39775,1.398,2.70,1.60
2010.09.07 12:14:01.249,1.39775,1.398,1.90,1.60
2010.09.07 12:14:01.760,1.39775,1.398,2.70,1.60
2010.09.07 12:14:02.021,1.39775,1.398,1.90,1.60
2010.09.07 12:14:02.745,1.39775,1.398,1.10,1.60
2010.09.07 12:14:03.071,1.3978,1.398,1.00,1.60
2010.09.07 12:14:04.001,1.39775,1.398,1.90,1.60
2010.09.07 12:14:04.865,1.3978,1.398,1.00,1.60
2010.09.07 12:14:05.173,1.3978,1.39805,1.00,3.60
2010.09.07 12:14:05.501,1.3978,1.39805,1.00,3.20
2010.09.07 12:14:06.752,1.39775,1.39805,1.80,3.40
2010.09.07 12:14:07.032,1.39775,1.39805,1.90,3.60
2010.09.07 12:14:07.634,1.39775,1.39805,1.90,3.20
2010.09.07 12:14:07.834,1.3978,1.39805,1.00,3.20
2010.09.07 12:14:08.946,1.39775,1.39805,2.70,3.30
2010.09.07 12:14:09.196,1.3977,1.398,1.90,3.20
2010.09.07 12:14:09.444,1.3977,1.398,1.10,3.30
2010.09.07 12:14:09.794,1.3978,1.398,1.00,2.00
2010.09.07 12:14:10.145,1.3978,1.39805,1.00,3.00
2010.09.07 12:14:10.949,1.3978,1.39805,1.00,2.60
2010.09.07 12:14:11.330,1.3978,1.39805,1.00,2.50
2010.09.07 12:14:11.522,1.39775,1.398,1.80,1.00
2010.09.07 12:14:11.960,1.3977,1.398,1.90,2.40
2010.09.07 12:14:12.089,1.3977,1.398,1.90,3.20
2010.09.07 12:14:12.350,1.3977,1.398,1.10,3.20
2010.09.07 12:14:12.609,1.3977,1.39795,1.00,1.00
2010.09.07 12:14:13.179,1.3977,1.39795,1.80,1.00
2010.09.07 12:14:13.663,1.39775,1.398,1.00,3.20
2010.09.07 12:14:13.982,1.3977,1.398,1.90,9.30
2010.09.07 12:14:14.144,1.3977,1.39795,2.60,1.60
2010.09.07 12:14:14.864,1.3977,1.39795,1.80,1.60
2010.09.07 12:14:15.187,1.3977,1.39795,1.10,1.60
2010.09.07 12:14:18.440,1.3977,1.39795,1.00,1.60
2010.09.07 12:14:18.533,1.39765,1.39795,3.50,3.20
2010.09.07 12:14:18.921,1.39765,1.39795,2.70,3.20
2010.09.07 12:14:20.151,1.39765,1.39795,3.50,3.20
2010.09.07 12:14:20.339,1.39765,1.39795,2.70,3.20
2010.09.07 12:14:20.722,1.39765,1.39795,3.50,3.20
2010.09.07 12:14:21.492,1.39765,1.39795,1.90,3.20
2010.09.07 12:14:23.291,1.39765,1.39795,1.80,3.40
2010.09.07 12:14:24.719,1.3977,1.39795,1.00,2.60
2010.09.07 12:14:25.189,1.3977,1.39795,1.00,2.40
2010.09.07 12:14:26.303,1.39765,1.39795,1.90,3.20
2010.09.07 12:14:26.469,1.39765,1.39795,1.90,2.40
2010.09.07 12:14:26.799,1.39765,1.39795,1.00,2.40
2010.09.07 12:14:27.012,1.3977,1.39795,1.00,2.40
2010.09.07 12:14:27.433,1.39775,1.39795,1.00,2.40
2010.09.07 12:14:27.641,1.39775,1.39795,1.00,1.00
2010.09.07 12:14:27.851,1.3977,1.39795,1.70,1.00
2010.09.07 12:14:28.654,1.39775,1.39795,1.60,1.00
2010.09.07 12:14:30.164,1.3978,1.398,1.60,2.40
2010.09.07 12:14:30.414,1.3978,1.398,1.60,1.00
2010.09.07 12:14:31.045,1.3978,1.398,1.60,1.00
2010.09.07 12:14:32.691,1.39775,1.398,2.00,1.00
2010.09.07 12:14:33.591,1.39775,1.398,1.00,2.80
2010.09.07 12:14:34.181,1.39775,1.39795,1.00,1.00
2010.09.07 12:14:35.325,1.39775,1.398,1.70,1.00
2010.09.07 12:14:37.188,1.3978,1.398,1.60,1.00
2010.09.07 12:14:37.853,1.3978,1.39805,1.60,3.60
2010.09.07 12:14:38.890,1.3978,1.39805,1.60,2.80
2010.09.07 12:14:39.030,1.3978,1.39805,1.60,3.60
2010.09.07 12:14:39.300,1.3978,1.39805,1.60,3.20
2010.09.07 12:14:39.569,1.3978,1.39805,1.60,2.40
2010.09.07 12:14:40.720,1.3978,1.39805,1.60,3.20
2010.09.07 12:14:41.099,1.3978,1.39805,1.60,2.40
2010.09.07 12:14:41.298,1.3978,1.39805,1.60,3.20
2010.09.07 12:14:41.399,1.3978,1.39805,1.60,2.40
2010.09.07 12:14:41.871,1.3978,1.39805,1.70,2.40
2010.09.07 12:14:42.435,1.3978,1.39805,1.70,1.60
2010.09.07 12:14:43.318,1.3978,1.39805,1.60,1.70
2010.09.07 12:14:43.594,1.39775,1.39805,6.30,1.70
2010.09.07 12:14:43.861,1.39775,1.39805,4.70,1.70
2010.09.07 12:14:44.424,1.39775,1.398,6.30,1.00
2010.09.07 12:14:45.450,1.3978,1.39805,1.00,1.60
2010.09.07 12:14:45.851,1.39775,1.39805,6.40,1.60
2010.09.07 12:14:46.531,1.39775,1.39805,6.00,1.60
2010.09.07 12:14:46.697,1.3978,1.39805,1.00,3.20
2010.09.07 12:14:47.013,1.39775,1.39805,5.60,1.70
2010.09.07 12:14:47.961,1.3978,1.3981,2.80,1.60
2010.09.07 12:14:48.305,1.3978,1.3981,4.40,1.60
2010.09.07 12:14:48.464,1.39785,1.3981,1.00,1.60
2010.09.07 12:14:48.623,1.39785,1.3981,1.00,1.00
2010.09.07 12:14:48.990,1.39785,1.39805,2.70,1.60
2010.09.07 12:14:49.166,1.39795,1.39815,1.60,1.00
2010.09.07 12:14:49.926,1.39795,1.3982,1.60,5.00
2010.09.07 12:14:50.266,1.39795,1.3982,4.00,1.60
2010.09.07 12:14:50.627,1.39795,1.3982,3.70,1.60
2010.09.07 12:14:50.983,1.39795,1.3982,1.70,3.20
2010.09.07 12:14:51.321,1.39795,1.3982,1.60,3.30
2010.09.07 12:14:51.663,1.39795,1.3982,1.60,4.10
2010.09.07 12:14:52.209,1.39795,1.3982,5.20,2.40
2010.09.07 12:14:52.432,1.39795,1.3982,5.20,1.60
2010.09.07 12:14:52.651,1.398,1.3982,1.00,1.60
2010.09.07 12:14:53.597,1.39805,1.3983,2.00,2.40
2010.09.07 12:14:53.905,1.39805,1.3983,3.60,1.60
2010.09.07 12:14:54.192,1.39805,1.3983,1.90,1.00
2010.09.07 12:14:54.538,1.39805,1.3983,2.30,1.00
2010.09.07 12:14:54.827,1.39805,1.39835,2.00,2.10
2010.09.07 12:14:55.112,1.39805,1.39835,2.00,1.70
2010.09.07 12:14:55.404,1.39805,1.3983,1.90,1.00
2010.09.07 12:14:56.318,1.39805,1.3983,2.00,2.40
2010.09.07 12:14:56.504,1.39815,1.3983,1.60,1.00
2010.09.07 12:14:57.000,1.39805,1.3983,1.90,1.00
2010.09.07 12:14:57.391,1.39805,1.39835,5.10,2.60
2010.09.07 12:14:57.443,1.39805,1.39835,3.50,2.60
2010.09.07 12:14:58.093,1.39805,1.39835,2.70,2.60
2010.09.07 12:14:58.436,1.39805,1.3983,2.70,1.00
2010.09.07 12:14:59.757,1.39805,1.39835,3.60,2.40
2010.09.07 12:15:00.106,1.39815,1.39835,1.80,2.50
2010.09.07 12:15:00.496,1.39815,1.39835,1.00,1.70
2010.09.07 12:15:00.839,1.39815,1.39835,2.70,1.00
2010.09.07 12:15:01.460,1.39815,1.3984,3.20,1.00
2010.09.07 12:15:01.805,1.3981,1.39835,2.00,1.00
2010.09.07 12:15:02.152,1.3981,1.39835,1.00,2.50
2010.09.07 12:15:03.705,1.3981,1.39835,1.00,2.40
2010.09.07 12:15:04.252,1.3981,1.39835,1.00,3.20
2010.09.07 12:15:04.460,1.3981,1.39835,1.00,2.40
2010.09.07 12:15:05.707,1.3981,1.39835,2.60,1.60
2010.09.07 12:15:05.846,1.3981,1.39835,1.80,1.60
2010.09.07 12:15:05.985,1.3981,1.39835,1.10,1.60
2010.09.07 12:15:06.442,1.3981,1.39835,1.00,1.60
2010.09.07 12:15:06.581,1.3981,1.39835,1.00,1.60
2010.09.07 12:15:07.753,1.3981,1.39835,1.00,1.80
2010.09.07 12:15:07.962,1.39815,1.3984,4.30,1.00
2010.09.07 12:15:08.436,1.39815,1.3984,4.00,1.00
2010.09.07 12:15:08.659,1.39815,1.39835,2.40,2.50
2010.09.07 12:15:08.875,1.39815,1.39835,1.60,2.40
2010.09.07 12:15:09.858,1.39815,1.39835,1.60,1.80
2010.09.07 12:15:10.094,1.39815,1.39835,1.60,1.60
2010.09.07 12:15:10.686,1.39815,1.39835,1.60,1.80
2010.09.07 12:15:11.224,1.39815,1.39835,1.60,2.50
2010.09.07 12:15:11.922,1.39815,1.39835,1.60,2.40
2010.09.07 12:15:12.852,1.39815,1.39835,1.60,2.60
2010.09.07 12:15:13.268,1.39815,1.39835,1.80,1.80
2010.09.07 12:15:13.493,1.39815,1.3984,5.90,1.00
2010.09.07 12:15:13.723,1.3982,1.3984,1.00,1.00
2010.09.07 12:15:13.951,1.3982,1.39845,1.00,1.80
2010.09.07 12:15:14.502,1.3982,1.39845,1.10,1.60
2010.09.07 12:15:14.840,1.39825,1.39845,1.60,1.60
2010.09.07 12:15:15.650,1.39825,1.39845,1.60,1.80
2010.09.07 12:15:15.987,1.39825,1.3985,2.70,1.00
2010.09.07 12:15:16.637,1.39825,1.3985,4.30,1.00
2010.09.07 12:15:17.236,1.39825,1.3985,5.10,1.00
2010.09.07 12:15:17.534,1.39825,1.3985,4.30,1.00
2010.09.07 12:15:18.248,1.39825,1.3985,1.60,1.70
2010.09.07 12:15:18.456,1.39825,1.39845,1.60,1.60
2010.09.07 12:15:19.125,1.39825,1.39845,1.80,1.60
2010.09.07 12:15:19.476,1.39825,1.3985,1.80,1.00
2010.09.07 12:15:19.826,1.39825,1.39845,1.80,1.00
2010.09.07 12:15:22.131,1.39825,1.3985,1.80,1.00
2010.09.07 12:15:22.775,1.3982,1.39845,1.00,2.40
2010.09.07 12:15:23.246,1.39825,1.39845,1.60,2.60
2010.09.07 12:15:23.466,1.39825,1.39845,1.60,2.40
2010.09.07 12:15:26.622,1.39825,1.39845,1.60,1.00
2010.09.07 12:15:26.841,1.39825,1.3985,1.80,1.00
2010.09.07 12:15:27.750,1.39825,1.3985,1.00,1.00
2010.09.07 12:15:27.859,1.3982,1.39845,1.10,1.60
2010.09.07 12:15:28.316,1.3982,1.39845,1.00,1.60
2010.09.07 12:15:28.994,1.3982,1.39845,1.00,1.80
2010.09.07 12:15:41.959,1.3982,1.39845,1.00,1.60
2010.09.07 12:15:42.239,1.3982,1.39845,1.90,1.60
2010.09.07 12:15:42.341,1.3982,1.39845,1.10,1.60
2010.09.07 12:15:43.271,1.39825,1.39845,1.60,1.60
2010.09.07 12:15:43.524,1.39825,1.3985,1.60,1.00
2010.09.07 12:15:46.058,1.3982,1.39845,1.90,1.60
2010.09.07 12:15:46.585,1.3983,1.39845,1.00,1.60
2010.09.07 12:15:46.756,1.3983,1.39855,1.00,2.90
2010.09.07 12:15:47.306,1.3983,1.3985,1.00,1.00
2010.09.07 12:15:47.465,1.39825,1.39845,1.60,1.60
2010.09.07 12:15:48.458,1.39825,1.39855,5.20,3.40
2010.09.07 12:15:49.054,1.3983,1.39855,1.00,3.20
2010.09.07 12:15:49.471,1.3983,1.39855,1.00,4.00
2010.09.07 12:15:49.733,1.39825,1.39855,5.20,3.20
2010.09.07 12:15:50.002,1.39825,1.39855,5.10,3.40
2010.09.07 12:15:50.271,1.39825,1.39855,5.90,3.40
2010.09.07 12:15:50.849,1.39825,1.3985,5.90,1.00
2010.09.07 12:15:51.127,1.39825,1.39845,1.00,1.60
2010.09.07 12:15:51.490,1.3982,1.39845,1.10,1.60
2010.09.07 12:15:52.202,1.3982,1.39845,1.90,1.60
2010.09.07 12:15:52.486,1.39825,1.39845,1.00,1.60
2010.09.07 12:15:53.036,1.39825,1.39845,1.60,1.60
2010.09.07 12:15:53.628,1.3982,1.3985,1.90,3.40
2010.09.07 12:15:53.953,1.39825,1.3985,1.00,3.20
2010.09.07 12:15:54.591,1.39825,1.3985,1.00,3.20
2010.09.07 12:15:54.901,1.3982,1.3985,1.90,3.30
2010.09.07 12:15:55.271,1.39825,1.3985,1.60,3.30
2010.09.07 12:15:55.583,1.39825,1.3985,1.60,3.20
2010.09.07 12:15:57.790,1.39825,1.3985,1.60,3.30
2010.09.07 12:15:59.711,1.3982,1.3985,1.90,3.30
2010.09.07 12:16:00.213,1.3982,1.39845,1.60,1.00
2010.09.07 12:16:00.423,1.3982,1.39845,1.00,1.70
2010.09.07 12:16:00.631,1.39815,1.39845,5.20,1.70
2010.09.07 12:16:01.598,1.3982,1.3985,1.10,3.80
2010.09.07 12:16:01.846,1.3982,1.3985,1.10,3.30
2010.09.07 12:16:03.069,1.3982,1.3985,1.10,9.30
2010.09.07 12:16:03.616,1.39815,1.3984,3.30,1.00
2010.09.07 12:16:03.785,1.39815,1.39845,3.70,1.00
2010.09.07 12:16:03.952,1.3982,1.3985,1.10,3.40
2010.09.07 12:16:04.751,1.3982,1.3985,1.10,3.30
2010.09.07 12:16:05.083,1.3982,1.3984,1.00,1.00
2010.09.07 12:16:05.848,1.39815,1.39835,3.30,1.60
2010.09.07 12:16:06.183,1.39815,1.3984,3.30,2.40
2010.09.07 12:16:06.513,1.39815,1.3984,3.30,1.60
2010.09.07 12:16:07.135,1.39815,1.39845,3.60,3.60
2010.09.07 12:16:07.424,1.3982,1.39845,1.00,3.60
2010.09.07 12:16:09.286,1.39815,1.39835,1.90,1.60
2010.09.07 12:16:10.693,1.39815,1.39845,4.40,9.20
2010.09.07 12:16:11.031,1.3982,1.39845,1.00,4.20
2010.09.07 12:16:11.153,1.3982,1.39845,1.00,2.60
2010.09.07 12:16:11.272,1.3982,1.39845,1.00,8.40
2010.09.07 12:16:11.392,1.3982,1.39835,1.00,1.60
2010.09.07 12:16:11.722,1.39815,1.39835,2.70,1.60
2010.09.07 12:16:11.850,1.39815,1.39835,2.60,1.60
2010.09.07 12:16:13.389,1.39815,1.3984,3.40,1.00
2010.09.07 12:16:14.040,1.39815,1.3984,2.60,1.00
2010.09.07 12:16:15.353,1.39815,1.39845,3.90,3.40
2010.09.07 12:16:15.453,1.39825,1.39845,1.00,1.00
2010.09.07 12:16:15.534,1.39825,1.3985,1.80,2.10
2010.09.07 12:16:15.695,1.39825,1.39845,1.80,1.00
2010.09.07 12:16:16.156,1.3982,1.39845,1.00,6.80
2010.09.07 12:16:16.234,1.39815,1.39835,5.60,1.00
2010.09.07 12:16:16.313,1.39815,1.39835,2.40,2.40
2010.09.07 12:16:16.747,1.39815,1.39845,4.40,1.00
2010.09.07 12:16:17.097,1.3982,1.39845,1.00,1.00
2010.09.07 12:16:17.747,1.3982,1.3985,1.90,4.50
2010.09.07 12:16:18.049,1.39815,1.3984,6.30,1.00
2010.09.07 12:16:18.347,1.39815,1.39835,3.20,1.60
2010.09.07 12:16:18.720,1.39815,1.3984,4.90,1.00
2010.09.07 12:16:19.066,1.39815,1.3984,3.20,1.60
2010.09.07 12:16:20.723,1.39805,1.3983,4.80,3.40
2010.09.07 12:16:20.851,1.39805,1.3983,4.10,3.20
2010.09.07 12:16:21.065,1.3981,1.3983,1.00,2.40
2010.09.07 12:16:21.198,1.3981,1.3983,1.00,1.00
2010.09.07 12:16:21.621,1.3981,1.3983,1.00,1.60
2010.09.07 12:16:21.753,1.3981,1.3983,1.00,2.40
2010.09.07 12:16:22.789,1.39805,1.3983,3.20,2.40
2010.09.07 12:16:22.979,1.39815,1.3984,1.60,3.00
2010.09.07 12:16:23.164,1.39815,1.3984,1.60,2.80
2010.09.07 12:16:24.791,1.39815,1.3984,2.40,2.80
2010.09.07 12:16:25.121,1.39815,1.3984,1.60,2.80
2010.09.07 12:16:25.444,1.39815,1.3984,2.40,2.80
2010.09.07 12:16:25.766,1.39815,1.3984,1.60,2.80
2010.09.07 12:16:27.350,1.39815,1.3984,2.40,2.40
2010.09.07 12:16:27.718,1.39815,1.3984,3.20,2.40
2010.09.07 12:16:27.818,1.3982,1.39845,1.00,1.00
2010.09.07 12:16:27.913,1.3982,1.39845,1.00,1.00
2010.09.07 12:16:28.101,1.3982,1.39845,1.00,1.00
2010.09.07 12:16:28.290,1.3982,1.39845,1.00,1.00
2010.09.07 12:16:28.610,1.3982,1.39845,1.00,1.00
2010.09.07 12:16:29.512,1.39825,1.3985,1.00,3.00
2010.09.07 12:16:29.650,1.39825,1.3985,1.00,2.90
2010.09.07 12:16:29.932,1.39825,1.39845,1.00,1.00
2010.09.07 12:16:31.919,1.39825,1.3985,1.00,2.90
2010.09.07 12:16:35.561,1.39825,1.3985,1.00,2.80
2010.09.07 12:16:35.690,1.39825,1.3985,1.00,2.90
2010.09.07 12:16:35.942,1.39825,1.3985,1.80,2.50
2010.09.07 12:16:36.340,1.39825,1.3985,1.90,2.40
2010.09.07 12:16:41.704,1.39825,1.3985,1.80,2.40
2010.09.07 12:16:41.853,1.39825,1.3985,1.90,2.40
2010.09.07 12:16:42.183,1.3983,1.3985,1.00,2.40
2010.09.07 12:16:43.748,1.39835,1.3985,1.00,2.40
2010.09.07 12:16:43.961,1.3983,1.39855,1.70,3.20
2010.09.07 12:16:44.165,1.3983,1.39855,1.70,3.60
2010.09.07 12:16:44.666,1.3983,1.39855,1.60,3.60
2010.09.07 12:16:45.694,1.39835,1.39855,1.00,3.20
2010.09.07 12:16:45.850,1.3983,1.39855,1.70,3.20
2010.09.07 12:16:46.502,1.3983,1.39855,1.70,3.60
2010.09.07 12:16:47.799,1.39825,1.3985,3.60,1.00
2010.09.07 12:16:47.997,1.39825,1.3985,4.20,1.00
2010.09.07 12:16:48.181,1.39825,1.3985,2.60,1.00
2010.09.07 12:16:48.865,1.39825,1.3985,2.70,1.00
2010.09.07 12:16:49.220,1.3983,1.3985,1.00,1.20
2010.09.07 12:16:49.883,1.3982,1.3985,1.00,1.60
2010.09.07 12:16:50.221,1.39815,1.3985,4.80,1.70
2010.09.07 12:16:50.901,1.39815,1.3985,4.80,2.10
2010.09.07 12:16:52.931,1.3982,1.3985,1.00,2.00
2010.09.07 12:16:53.262,1.39825,1.3985,1.60,2.00
2010.09.07 12:16:53.781,1.39825,1.3985,3.20,2.00
2010.09.07 12:16:54.390,1.39825,1.3985,1.60,2.00
2010.09.07 12:16:55.230,1.39825,1.3985,1.60,1.60
2010.09.07 12:16:58.501,1.3983,1.3985,1.00,1.00
2010.09.07 12:16:58.655,1.39825,1.39855,2.90,2.60
2010.09.07 12:16:59.092,1.39825,1.39855,4.60,2.40
2010.09.07 12:16:59.246,1.39835,1.39855,1.60,1.00
2010.09.07 12:17:00.336,1.3983,1.39855,1.00,2.40
2010.09.07 12:17:00.682,1.39825,1.39845,1.80,1.60
2010.09.07 12:17:01.257,1.39825,1.3985,1.00,1.00
2010.09.07 12:17:01.486,1.39825,1.3985,1.00,1.00
2010.09.07 12:17:01.717,1.3982,1.39845,1.90,1.00
2010.09.07 12:17:02.067,1.3982,1.39845,1.00,1.00
2010.09.07 12:17:02.409,1.39815,1.39845,1.90,2.00
2010.09.07 12:17:02.742,1.3981,1.3984,2.70,2.40
2010.09.07 12:17:03.027,1.39805,1.39835,4.40,1.60
2010.09.07 12:17:03.538,1.39815,1.39835,1.60,3.20
2010.09.07 12:17:03.815,1.39805,1.39835,5.00,1.70
2010.09.07 12:17:04.092,1.39805,1.39835,3.50,3.70
2010.09.07 12:17:04.686,1.39805,1.3983,3.50,1.00
2010.09.07 12:17:04.966,1.39805,1.39835,3.50,3.30
2010.09.07 12:17:05.634,1.39805,1.39835,4.30,2.50
2010.09.07 12:17:05.973,1.39805,1.39835,4.40,1.00
2010.09.07 12:17:06.265,1.39805,1.39835,5.90,1.00
2010.09.07 12:17:06.568,1.39805,1.3982,4.40,1.60
2010.09.07 12:17:07.055,1.39805,1.3982,3.20,1.60
2010.09.07 12:17:07.309,1.398,1.3983,1.00,3.60
2010.09.07 12:17:07.947,1.3979,1.3982,4.40,1.00
2010.09.07 12:17:08.192,1.39795,1.3982,1.60,1.60
2010.09.07 12:17:09.081,1.398,1.3982,1.00,1.00
2010.09.07 12:17:09.428,1.39805,1.39825,1.00,1.00
2010.09.07 12:17:09.662,1.39805,1.3983,1.00,4.00
2010.09.07 12:17:09.905,1.398,1.3983,2.00,4.20
2010.09.07 12:17:10.461,1.398,1.39825,2.00,2.40
2010.09.07 12:17:10.729,1.3981,1.39825,1.70,1.00
2010.09.07 12:17:10.988,1.3981,1.39835,1.00,1.00
2010.09.07 12:17:11.552,1.3981,1.3984,1.00,2.00
2010.09.07 12:17:11.900,1.39815,1.3983,1.00,1.60
2010.09.07 12:17:12.558,1.3981,1.3983,1.00,1.60
2010.09.07 12:17:12.896,1.398,1.39825,2.30,1.60
2010.09.07 12:17:13.250,1.39805,1.3983,1.60,1.70
2010.09.07 12:17:13.949,1.39805,1.39835,1.90,1.20
2010.09.07 12:17:14.973,1.3981,1.39835,1.00,1.20
2010.09.07 12:17:15.284,1.39805,1.3983,1.00,1.00
2010.09.07 12:17:15.592,1.39805,1.3983,1.00,3.00
2010.09.07 12:17:15.901,1.398,1.3983,4.30,3.00
2010.09.07 12:17:16.323,1.398,1.3983,4.30,2.60
2010.09.07 12:17:16.554,1.39805,1.3983,1.60,2.40
2010.09.07 12:17:17.011,1.39805,1.3983,1.00,2.40
2010.09.07 12:17:17.590,1.39805,1.3983,1.60,2.40
2010.09.07 12:17:18.640,1.39795,1.39825,5.20,3.20
2010.09.07 12:17:19.371,1.39795,1.39825,4.40,3.20
2010.09.07 12:17:20.070,1.39795,1.39825,5.10,3.30
2010.09.07 12:17:20.133,1.39805,1.39825,1.60,3.30
2010.09.07 12:17:20.192,1.39805,1.39825,1.60,1.00
2010.09.07 12:17:20.251,1.39805,1.3983,1.60,3.70
2010.09.07 12:17:20.765,1.39805,1.3983,1.60,3.30
2010.09.07 12:17:20.839,1.39795,1.39825,4.30,3.40
2010.09.07 12:17:21.563,1.398,1.39825,1.00,1.60
2010.09.07 12:17:21.925,1.39805,1.39825,1.60,1.60
2010.09.07 12:17:22.279,1.398,1.39825,1.10,1.60
2010.09.07 12:17:22.451,1.398,1.3982,1.10,1.60
2010.09.07 12:17:22.800,1.398,1.3982,1.00,1.60
2010.09.07 12:17:25.375,1.398,1.3982,1.00,1.80
2010.09.07 12:17:25.675,1.398,1.39825,1.00,1.00
2010.09.07 12:17:26.031,1.398,1.3982,1.00,1.00
2010.09.07 12:17:26.875,1.398,1.3983,1.90,3.80
2010.09.07 12:17:28.070,1.398,1.3983,1.10,3.80
2010.09.07 12:17:29.160,1.398,1.3983,1.90,3.80
2010.09.07 12:17:29.312,1.398,1.3983,1.10,3.80
2010.09.07 12:17:33.530,1.398,1.3983,1.90,3.80
2010.09.07 12:17:34.942,1.39805,1.3983,1.60,3.80
2010.09.07 12:17:35.791,1.398,1.39825,1.00,1.00
2010.09.07 12:17:36.121,1.398,1.39825,1.00,1.70
2010.09.07 12:17:37.091,1.398,1.3982,1.00,1.00
2010.09.07 12:17:37.231,1.39805,1.3982,1.60,1.00
2010.09.07 12:17:37.705,1.39805,1.3982,1.90,1.00
2010.09.07 12:17:37.824,1.39805,1.3983,3.50,2.60
2010.09.07 12:17:37.928,1.39805,1.3983,3.50,1.00
2010.09.07 12:17:38.031,1.39805,1.3983,3.50,2.60
2010.09.07 12:17:38.132,1.39805,1.39825,3.50,1.00
2010.09.07 12:17:38.795,1.39805,1.39825,1.90,1.00
2010.09.07 12:17:39.143,1.39805,1.3983,1.90,3.80
2010.09.07 12:17:39.831,1.39805,1.3983,1.90,3.00
2010.09.07 12:17:40.167,1.398,1.39825,1.00,1.60
2010.09.07 12:17:40.477,1.398,1.39825,1.00,2.40
2010.09.07 12:17:41.533,1.398,1.39825,1.00,2.40
2010.09.07 12:17:41.876,1.398,1.39825,2.20,1.60
2010.09.07 12:17:42.556,1.398,1.3982,1.00,1.20
2010.09.07 12:17:42.788,1.3979,1.39815,2.80,2.80
2010.09.07 12:17:44.644,1.3979,1.39815,2.70,1.00
2010.09.07 12:17:45.210,1.3979,1.39805,1.60,1.00
2010.09.07 12:17:45.475,1.3978,1.3981,1.10,3.20
2010.09.07 12:17:45.741,1.3978,1.39805,1.10,1.00
2010.09.07 12:17:46.041,1.3978,1.39805,1.00,1.00
2010.09.07 12:17:46.341,1.3978,1.398,1.00,1.00
2010.09.07 12:17:46.975,1.3978,1.398,1.00,1.00
2010.09.07 12:17:47.110,1.39775,1.398,2.70,1.00
2010.09.07 12:17:48.337,1.39775,1.398,2.70,2.00
2010.09.07 12:17:49.611,1.3978,1.398,1.00,1.60
2010.09.07 12:17:50.351,1.39775,1.398,1.90,2.80
2010.09.07 12:17:50.992,1.39775,1.398,1.90,8.80
2010.09.07 12:17:51.073,1.39775,1.398,1.90,8.40
2010.09.07 12:17:51.731,1.39765,1.3979,3.50,1.60
2010.09.07 12:17:52.028,1.39775,1.3979,1.00,1.00
2010.09.07 12:17:52.380,1.3977,1.3979,1.50,1.00
2010.09.07 12:17:52.672,1.39775,1.39805,1.60,2.00
2010.09.07 12:17:53.015,1.3977,1.398,1.10,2.00
2010.09.07 12:17:53.611,1.39775,1.398,1.60,1.60
2010.09.07 12:17:53.955,1.39775,1.398,1.60,2.00
2010.09.07 12:17:54.568,1.39775,1.398,1.60,3.60
2010.09.07 12:17:54.888,1.39775,1.398,1.60,4.40
2010.09.07 12:17:55.202,1.39775,1.39795,1.60,1.00
2010.09.07 12:17:55.882,1.3977,1.39795,1.00,1.00
2010.09.07 12:17:56.409,1.3977,1.398,1.00,4.60
2010.09.07 12:17:58.751,1.39775,1.398,1.60,4.40
2010.09.07 12:17:58.831,1.39775,1.398,1.60,2.00
2010.09.07 12:17:58.914,1.39775,1.398,1.60,1.00
2010.09.07 12:17:59.685,1.39785,1.39805,3.20,1.00
2010.09.07 12:18:00.341,1.39785,1.3981,3.20,1.00
2010.09.07 12:18:01.232,1.39785,1.3981,3.20,1.00
2010.09.07 12:18:01.542,1.39785,1.3981,3.50,1.00
2010.09.07 12:18:01.852,1.39795,1.3981,1.60,1.00
2010.09.07 12:18:02.488,1.39785,1.3981,3.30,2.40
2010.09.07 12:18:02.801,1.39785,1.3981,3.20,1.70
2010.09.07 12:18:03.857,1.39795,1.3981,1.60,1.70
2010.09.07 12:18:04.111,1.39795,1.3981,1.60,1.00
2010.09.07 12:18:05.457,1.39795,1.3981,1.60,1.00
2010.09.07 12:18:07.244,1.39785,1.3981,3.50,1.00
2010.09.07 12:18:07.403,1.39795,1.3981,1.60,1.00
2010.09.07 12:18:07.553,1.39795,1.3981,1.60,1.00
2010.09.07 12:18:08.326,1.39795,1.39815,1.60,1.00
2010.09.07 12:18:08.609,1.39795,1.3982,3.50,1.00
2010.09.07 12:18:09.156,1.39795,1.39815,1.90,1.00
2010.09.07 12:18:09.573,1.39795,1.39815,1.60,1.60
2010.09.07 12:18:09.919,1.398,1.39815,1.60,1.00
2010.09.07 12:18:10.267,1.39795,1.39815,1.60,1.00
2010.09.07 12:18:10.912,1.39785,1.39815,1.90,3.60
2010.09.07 12:18:11.252,1.39785,1.3981,1.90,1.00
2010.09.07 12:18:12.483,1.39785,1.3981,1.80,1.00
2010.09.07 12:18:12.730,1.39785,1.3981,1.80,1.00
2010.09.07 12:18:12.921,1.39785,1.39805,1.80,1.60
2010.09.07 12:18:13.110,1.3978,1.39805,1.50,1.60
2010.09.07 12:18:13.302,1.3978,1.39805,1.00,4.00
2010.09.07 12:18:13.763,1.39775,1.398,1.90,1.60
2010.09.07 12:18:14.004,1.39775,1.39805,1.80,2.00
2010.09.07 12:18:14.241,1.39775,1.39805,1.80,1.70
2010.09.07 12:18:14.805,1.3977,1.398,2.80,2.00
2010.09.07 12:18:15.153,1.3977,1.398,2.80,2.80
2010.09.07 12:18:15.803,1.3977,1.39795,2.80,1.00
2010.09.07 12:18:16.143,1.3977,1.398,2.80,2.50
2010.09.07 12:18:16.452,1.3978,1.398,1.60,1.00
2010.09.07 12:18:16.759,1.39765,1.3979,2.80,4.00
2010.09.07 12:18:17.418,1.39755,1.3978,5.70,1.00
2010.09.07 12:18:17.694,1.39755,1.39785,5.30,1.60
2010.09.07 12:18:18.365,1.3976,1.39785,1.00,1.00
2010.09.07 12:18:18.666,1.3976,1.3978,1.00,1.00
2010.09.07 12:18:18.956,1.39765,1.3978,1.70,1.00
2010.09.07 12:18:19.393,1.39765,1.3978,2.80,1.00
2010.09.07 12:18:19.685,1.39765,1.39795,4.40,4.50
2010.09.07 12:18:20.031,1.39765,1.39795,4.40,5.30
2010.09.07 12:18:20.650,1.39765,1.3978,1.60,1.00
2010.09.07 12:18:20.941,1.39765,1.3978,1.60,1.00
2010.09.07 12:18:21.520,1.39765,1.39785,2.00,1.00
2010.09.07 12:18:21.809,1.39765,1.3979,2.20,1.60
2010.09.07 12:18:22.159,1.39765,1.39795,2.20,2.40
2010.09.07 12:18:22.509,1.39775,1.39795,1.60,1.60
2010.09.07 12:18:22.853,1.3977,1.39795,1.00,1.60
2010.09.07 12:18:23.194,1.39775,1.39795,1.60,1.60
2010.09.07 12:18:24.242,1.39775,1.39795,1.60,1.60
2010.09.07 12:18:25.594,1.3977,1.39795,1.00,1.60
2010.09.07 12:18:25.943,1.39765,1.39795,4.80,1.60
2010.09.07 12:18:26.171,1.3977,1.39795,1.60,1.60
2010.09.07 12:18:26.761,1.3977,1.398,1.00,1.00
2010.09.07 12:18:26.983,1.3978,1.398,1.60,1.00
2010.09.07 12:18:27.683,1.3978,1.398,1.60,1.60
2010.09.07 12:18:28.027,1.3978,1.398,1.60,1.60
2010.09.07 12:18:28.210,1.3978,1.398,1.60,1.00
2010.09.07 12:18:28.961,1.3978,1.398,1.60,1.00
2010.09.07 12:18:29.518,1.3977,1.39795,1.00,1.60
2010.09.07 12:18:29.736,1.3977,1.39795,2.40,1.00
2010.09.07 12:18:30.273,1.3978,1.398,1.60,1.60
2010.09.07 12:18:32.137,1.39775,1.39805,1.00,1.70
2010.09.07 12:18:32.403,1.39775,1.3981,1.00,12.50
2010.09.07 12:18:32.660,1.3977,1.39805,1.00,4.40
2010.09.07 12:18:33.100,1.3977,1.398,1.00,2.70
2010.09.07 12:18:33.357,1.39765,1.398,3.00,5.90
2010.09.07 12:18:33.612,1.39765,1.398,2.60,6.70
2010.09.07 12:18:33.904,1.39765,1.398,1.10,6.50
2010.09.07 12:18:34.426,1.39765,1.39795,2.70,3.20
2010.09.07 12:18:34.716,1.39765,1.39795,2.70,3.40
2010.09.07 12:18:36.097,1.39765,1.39795,2.60,3.40
2010.09.07 12:18:36.654,1.39765,1.39795,3.00,3.40
2010.09.07 12:18:38.798,1.3977,1.39795,1.00,1.80
2010.09.07 12:18:39.010,1.39775,1.398,1.60,4.80
2010.09.07 12:18:39.204,1.3978,1.398,1.60,3.20
2010.09.07 12:18:39.402,1.3978,1.398,1.60,2.40
2010.09.07 12:18:39.713,1.39775,1.398,3.50,3.20
2010.09.07 12:18:40.329,1.39775,1.398,3.50,4.00
2010.09.07 12:18:40.822,1.39775,1.398,3.50,4.40
2010.09.07 12:18:41.008,1.3977,1.398,1.00,1.20
2010.09.07 12:18:41.424,1.3977,1.398,1.00,1.20
2010.09.07 12:18:41.605,1.3977,1.398,1.00,2.00
2010.09.07 12:18:41.780,1.3977,1.39795,1.00,1.00
2010.09.07 12:18:42.101,1.3977,1.3979,1.00,1.00
2010.09.07 12:18:42.425,1.3976,1.39785,2.00,1.00
2010.09.07 12:18:43.090,1.3976,1.3978,1.00,1.60
2010.09.07 12:18:43.436,1.39755,1.3978,2.70,1.60
2010.09.07 12:18:44.300,1.39755,1.3978,3.10,1.60
2010.09.07 12:18:44.561,1.3976,1.39785,2.00,2.40
2010.09.07 12:18:45.080,1.3976,1.39785,1.90,2.40
2010.09.07 12:18:45.725,1.3976,1.3979,1.90,4.80
2010.09.07 12:18:46.919,1.3976,1.3979,2.00,4.90
2010.09.07 12:18:47.219,1.3976,1.3979,1.90,4.90
2010.09.07 12:18:47.706,1.3976,1.3979,1.90,4.90
2010.09.07 12:18:47.799,1.3976,1.39785,1.90,3.30
2010.09.07 12:18:48.079,1.3976,1.39785,1.90,4.10
2010.09.07 12:18:48.179,1.3976,1.39785,1.90,3.30
2010.09.07 12:18:49.442,1.3976,1.39785,2.00,3.20
2010.09.07 12:18:49.641,1.3976,1.39785,2.00,1.00
2010.09.07 12:18:49.841,1.3976,1.3979,2.00,2.90
2010.09.07 12:18:50.363,1.3976,1.3979,2.00,3.70
2010.09.07 12:18:51.380,1.3976,1.3979,3.20,2.50
2010.09.07 12:18:51.720,1.3976,1.3979,3.20,1.70
2010.09.07 12:18:52.391,1.3976,1.3979,3.20,2.50
2010.09.07 12:18:54.978,1.39765,1.39785,1.00,1.60
2010.09.07 12:18:55.281,1.39765,1.39795,1.00,4.90
2010.09.07 12:18:55.431,1.3976,1.39795,3.20,5.10
2010.09.07 12:18:56.193,1.3976,1.39795,2.80,5.50
2010.09.07 12:18:56.423,1.3976,1.39795,2.80,5.50
2010.09.07 12:18:56.654,1.3976,1.39795,2.70,5.50
2010.09.07 12:18:56.804,1.39765,1.39795,1.60,5.50
2010.09.07 12:18:56.950,1.39765,1.39795,3.20,3.80
2010.09.07 12:18:57.099,1.39765,1.39795,3.20,3.70
2010.09.07 12:18:57.712,1.3976,1.39795,1.90,5.70
2010.09.07 12:18:57.950,1.3976,1.39795,1.90,5.70
2010.09.07 12:18:58.190,1.3976,1.39795,2.00,5.90
2010.09.07 12:18:58.430,1.39765,1.39795,1.00,5.70
2010.09.07 12:18:59.060,1.39765,1.39795,1.00,4.50
2010.09.07 12:18:59.334,1.3976,1.3979,2.00,1.60
2010.09.07 12:19:01.422,1.3976,1.3979,2.80,1.60
2010.09.07 12:19:01.553,1.3976,1.3979,2.80,2.40
2010.09.07 12:19:01.809,1.3976,1.3979,2.80,1.60
2010.09.07 12:19:01.939,1.39765,1.3979,1.00,1.60
2010.09.07 12:19:02.070,1.39765,1.3979,1.60,1.60
2010.09.07 12:19:02.239,1.39765,1.3979,1.60,2.40
2010.09.07 12:19:02.409,1.39765,1.3979,1.60,1.60
2010.09.07 12:19:02.928,1.39765,1.3979,2.30,2.40
2010.09.07 12:19:03.095,1.39775,1.3979,1.60,2.40
2010.09.07 12:19:03.373,1.39775,1.3979,1.60,1.00
2010.09.07 12:19:03.642,1.39775,1.39795,1.60,1.60
2010.09.07 12:19:04.287,1.3976,1.3979,2.80,1.60
2010.09.07 12:19:04.451,1.39765,1.3979,1.00,1.60
2010.09.07 12:19:04.612,1.39765,1.3979,1.60,1.60
2010.09.07 12:19:04.932,1.39765,1.39795,1.60,4.00
2010.09.07 12:19:05.090,1.39765,1.39795,1.60,4.80
2010.09.07 12:19:05.557,1.39765,1.3979,1.60,1.00
2010.09.07 12:19:05.905,1.39765,1.3979,1.00,1.00
2010.09.07 12:19:06.259,1.39765,1.3979,4.30,1.00
2010.09.07 12:19:06.590,1.39765,1.39795,4.40,2.40
2010.09.07 12:19:07.243,1.39765,1.39795,4.40,3.20
2010.09.07 12:19:07.700,1.39765,1.39795,4.40,2.40
2010.09.07 12:19:09.075,1.39765,1.39795,4.40,3.20
2010.09.07 12:19:09.973,1.39765,1.39795,4.40,2.40
2010.09.07 12:19:12.333,1.39765,1.39795,4.40,2.80
2010.09.07 12:19:12.830,1.39765,1.39795,4.40,3.60
2010.09.07 12:19:13.259,1.39765,1.39795,4.40,2.80
2010.09.07 12:19:14.457,1.39765,1.3979,4.30,1.00
2010.09.07 12:19:14.692,1.39765,1.3979,2.70,1.00
2010.09.07 12:19:14.925,1.39765,1.3979,1.10,1.00
2010.09.07 12:19:15.251,1.39765,1.3979,1.00,1.00
2010.09.07 12:19:15.509,1.39765,1.39795,1.60,3.70
2010.09.07 12:19:16.789,1.39765,1.39795,5.00,3.30
2010.09.07 12:19:17.118,1.39775,1.39795,1.60,1.00
2010.09.07 12:19:17.360,1.39775,1.39795,1.60,1.60
2010.09.07 12:19:18.362,1.39775,1.3979,1.60,1.00
2010.09.07 12:19:19.501,1.39775,1.39795,1.60,1.20
2010.09.07 12:19:19.643,1.39765,1.3979,1.10,1.20
2010.09.07 12:19:19.961,1.39765,1.3979,1.10,2.00
2010.09.07 12:19:20.112,1.39765,1.39795,2.80,3.60
2010.09.07 12:19:20.591,1.39765,1.39795,4.40,2.90
2010.09.07 12:19:21.582,1.39765,1.39795,4.30,2.90
2010.09.07 12:19:24.905,1.3977,1.39795,1.00,2.90
2010.09.07 12:19:25.431,1.39775,1.39795,1.00,2.80
2010.09.07 12:19:25.572,1.39775,1.39795,1.00,2.40
2010.09.07 12:19:25.716,1.39775,1.398,1.80,1.70
2010.09.07 12:19:26.564,1.39775,1.39805,2.90,3.70
2010.09.07 12:19:26.791,1.39775,1.39805,2.90,3.60
2010.09.07 12:19:27.021,1.39775,1.39805,4.90,3.20
2010.09.07 12:19:27.686,1.39775,1.39805,4.90,2.40
2010.09.07 12:19:27.985,1.39775,1.39805,5.00,1.60
2010.09.07 12:19:29.187,1.39775,1.39805,3.40,1.60
2010.09.07 12:19:29.444,1.39775,1.39805,5.00,1.60
2010.09.07 12:19:29.707,1.3978,1.398,1.00,1.00
2010.09.07 12:19:30.328,1.39775,1.39805,5.00,1.70
2010.09.07 12:19:30.624,1.39775,1.39805,5.00,2.50
2010.09.07 12:19:30.921,1.39775,1.39805,5.00,3.30
2010.09.07 12:19:32.515,1.39775,1.398,5.00,1.00
2010.09.07 12:19:32.667,1.39775,1.398,5.00,2.40
2010.09.07 12:19:32.989,1.39775,1.398,4.20,3.20
2010.09.07 12:19:33.354,1.39775,1.39795,1.70,1.00
2010.09.07 12:19:33.708,1.3977,1.3979,2.00,2.50
2010.09.07 12:19:34.444,1.39765,1.3979,1.80,2.40
2010.09.07 12:19:34.687,1.39765,1.3979,2.50,1.60
2010.09.07 12:19:35.251,1.39765,1.3978,1.60,1.00
2010.09.07 12:19:35.504,1.3976,1.3978,1.00,1.00
2010.09.07 12:19:36.809,1.39765,1.3978,1.00,1.00
2010.09.07 12:19:37.123,1.3976,1.3978,1.00,1.00
2010.09.07 12:19:37.440,1.3976,1.39785,1.60,2.00
2010.09.07 12:19:38.041,1.39755,1.3978,2.20,1.60
2010.09.07 12:19:38.524,1.39755,1.39775,1.90,1.00
2010.09.07 12:19:39.305,1.39755,1.39775,3.90,1.00
2010.09.07 12:19:39.583,1.3976,1.39785,1.80,1.00
2010.09.07 12:19:42.490,1.3976,1.39785,1.60,1.00
2010.09.07 12:19:42.649,1.39755,1.39785,4.20,1.00
2010.09.07 12:19:43.026,1.3976,1.39785,1.00,1.60
2010.09.07 12:19:43.209,1.3976,1.39785,1.80,1.00
2010.09.07 12:19:44.962,1.3976,1.39785,1.80,1.00
2010.09.07 12:19:45.276,1.3976,1.39785,1.60,1.00
2010.09.07 12:19:45.413,1.3976,1.39785,1.60,1.60
2010.09.07 12:19:45.545,1.3976,1.39785,1.00,2.40
2010.09.07 12:19:45.682,1.3976,1.39785,1.80,1.60
2010.09.07 12:19:46.383,1.39765,1.39785,1.60,1.00
2010.09.07 12:19:47.314,1.39765,1.39785,1.60,1.00
2010.09.07 12:19:47.505,1.3976,1.39785,1.90,1.00
2010.09.07 12:19:47.854,1.3976,1.3978,2.30,1.00
2010.09.07 12:19:48.051,1.3976,1.39785,2.20,1.00
2010.09.07 12:19:49.121,1.3976,1.39785,1.80,1.00
2010.09.07 12:19:50.320,1.39765,1.39785,1.80,1.00
2010.09.07 12:19:50.504,1.39775,1.39785,1.00,1.00
2010.09.07 12:19:50.873,1.39775,1.3979,1.00,2.40
2010.09.07 12:19:51.017,1.39775,1.39795,1.00,1.00
2010.09.07 12:19:51.585,1.3977,1.3979,1.90,1.00
2010.09.07 12:19:52.014,1.3977,1.3979,1.00,1.00
2010.09.07 12:19:52.374,1.39765,1.3979,1.90,4.00
2010.09.07 12:19:52.727,1.39765,1.3979,2.00,4.10
2010.09.07 12:19:52.936,1.39765,1.3979,4.10,1.60
2010.09.07 12:19:53.426,1.39765,1.3979,3.70,1.70
2010.09.07 12:19:53.640,1.39775,1.39785,1.60,1.00
2010.09.07 12:19:54.186,1.39775,1.3979,1.60,1.00
2010.09.07 12:19:54.825,1.39765,1.3979,3.70,1.00
2010.09.07 12:19:55.253,1.3977,1.3979,1.00,1.00
2010.09.07 12:19:55.465,1.39775,1.39785,1.60,1.00
2010.09.07 12:19:56.496,1.39765,1.39785,3.70,1.00
2010.09.07 12:19:57.062,1.39765,1.3979,3.70,1.00
2010.09.07 12:19:57.560,1.39765,1.3979,4.10,1.00
2010.09.07 12:19:58.642,1.39765,1.39785,3.90,1.00
2010.09.07 12:19:58.911,1.39765,1.39785,1.60,1.00
2010.09.07 12:19:59.190,1.3976,1.39785,3.30,1.00
2010.09.07 12:20:00.236,1.3976,1.3979,3.30,4.20
2010.09.07 12:20:00.422,1.39775,1.39795,1.60,2.40
2010.09.07 12:20:00.608,1.39775,1.3979,1.60,1.20
2010.09.07 12:20:00.784,1.3977,1.3979,1.00,1.00
2010.09.07 12:20:01.140,1.3977,1.39795,1.70,3.60
2010.09.07 12:20:01.335,1.3977,1.39795,1.90,3.20
2010.09.07 12:20:01.997,1.3977,1.39795,1.90,2.40
2010.09.07 12:20:02.362,1.39775,1.39795,1.80,2.50
2010.09.07 12:20:03.020,1.39765,1.39785,1.00,1.60
2010.09.07 12:20:03.369,1.39765,1.39785,1.00,1.70
2010.09.07 12:20:04.351,1.39765,1.39785,1.00,1.60
2010.09.07 12:20:06.459,1.39765,1.3979,1.00,1.60
2010.09.07 12:20:06.812,1.3977,1.3979,1.00,1.60
2010.09.07 12:20:07.049,1.3976,1.3979,3.40,3.20
2010.09.07 12:20:08.186,1.3976,1.39785,3.30,1.00
2010.09.07 12:20:09.989,1.39765,1.3979,1.00,3.20
2010.09.07 12:20:10.192,1.3977,1.3979,1.60,1.60
2010.09.07 12:20:10.715,1.39775,1.3979,1.00,1.60
2010.09.07 12:20:10.933,1.39775,1.3979,1.80,1.00
2010.09.07 12:20:11.143,1.39775,1.39795,1.80,1.00
2010.09.07 12:20:11.825,1.39775,1.39795,1.80,1.00
2010.09.07 12:20:13.500,1.39775,1.39795,1.80,1.00
2010.09.07 12:20:13.900,1.39775,1.39795,1.80,1.00
2010.09.07 12:20:14.107,1.39785,1.39795,1.60,1.00
2010.09.07 12:20:14.297,1.39775,1.39795,2.60,1.00
2010.09.07 12:20:14.483,1.3978,1.39795,1.00,1.00
2010.09.07 12:20:14.795,1.39785,1.39795,1.60,1.00
2010.09.07 12:20:15.611,1.39775,1.39795,1.60,1.00
2010.09.07 12:20:15.801,1.3977,1.39795,2.00,2.40
2010.09.07 12:20:15.994,1.39785,1.39795,1.00,3.20
2010.09.07 12:20:16.498,1.3978,1.39795,1.60,1.00
2010.09.07 12:20:16.845,1.3977,1.398,2.90,1.70
2010.09.07 12:20:17.200,1.3978,1.39795,1.00,1.00
2010.09.07 12:20:17.548,1.3977,1.39795,1.60,4.10
2010.09.07 12:20:17.894,1.3977,1.3979,1.70,1.00
2010.09.07 12:20:18.340,1.3977,1.3979,1.90,1.00
2010.09.07 12:20:18.707,1.3977,1.398,2.90,3.20
2010.09.07 12:20:19.028,1.39785,1.39795,1.80,1.00
2010.09.07 12:20:19.344,1.39775,1.39795,1.80,1.00
2010.09.07 12:20:19.938,1.3978,1.398,1.00,1.00
2010.09.07 12:20:20.244,1.39785,1.39805,1.80,2.50
2010.09.07 12:20:20.547,1.39785,1.398,1.80,1.00
2010.09.07 12:20:21.164,1.39785,1.39805,1.80,1.60
2010.09.07 12:20:21.485,1.39775,1.39805,2.20,5.30
2010.09.07 12:20:21.782,1.39775,1.39805,2.20,4.50
2010.09.07 12:20:22.382,1.39775,1.39805,3.80,4.50
2010.09.07 12:20:22.652,1.39775,1.39805,3.80,4.40
2010.09.07 12:20:22.920,1.39775,1.39805,2.20,4.40
2010.09.07 12:20:23.190,1.39775,1.39805,2.20,5.20
2010.09.07 12:20:23.519,1.39775,1.39805,3.80,5.20
2010.09.07 12:20:23.836,1.39775,1.39805,3.80,4.40
2010.09.07 12:20:24.770,1.39775,1.39805,2.20,4.40
2010.09.07 12:20:25.859,1.39775,1.39805,3.80,5.20
2010.09.07 12:20:26.232,1.3978,1.39805,1.00,5.40
2010.09.07 12:20:26.665,1.3978,1.39805,1.00,3.70
2010.09.07 12:20:27.012,1.3978,1.39805,1.00,2.90
2010.09.07 12:20:28.056,1.39775,1.39805,3.70,4.60
2010.09.07 12:20:28.318,1.39775,1.39805,3.80,4.50
2010.09.07 12:20:28.830,1.39775,1.39805,3.80,5.30
2010.09.07 12:20:29.685,1.3978,1.39805,1.00,5.40
2010.09.07 12:20:29.958,1.3978,1.39805,1.00,3.70
2010.09.07 12:20:30.232,1.3978,1.398,1.00,1.60
2010.09.07 12:20:31.630,1.3978,1.39795,1.00,1.00
2010.09.07 12:20:32.311,1.3978,1.39805,1.00,2.00
2010.09.07 12:20:32.639,1.39775,1.398,3.90,1.60
2010.09.07 12:20:32.965,1.39775,1.398,3.50,1.60
2010.09.07 12:20:33.913,1.39775,1.398,3.40,1.60
2010.09.07 12:20:35.930,1.3978,1.39805,1.00,1.00
2010.09.07 12:20:39.201,1.3978,1.39805,1.00,1.00
2010.09.07 12:20:39.779,1.3978,1.39805,1.00,1.00
2010.09.07 12:20:39.983,1.3978,1.398,1.00,1.60
2010.09.07 12:20:42.384,1.3979,1.398,1.80,1.00
2010.09.07 12:20:42.896,1.3979,1.3981,2.10,1.00
2010.09.07 12:20:43.105,1.398,1.3982,1.00,1.00
2010.09.07 12:20:44.254,1.398,1.39825,1.00,1.60
2010.09.07 12:20:45.623,1.398,1.39825,1.00,1.60
2010.09.07 12:20:46.830,1.39795,1.39825,4.80,1.60
2010.09.07 12:20:47.288,1.398,1.39825,1.00,3.30
2010.09.07 12:20:47.527,1.398,1.39825,1.00,1.60
2010.09.07 12:20:47.757,1.39795,1.39815,1.80,1.00
2010.09.07 12:20:48.016,1.39795,1.3982,1.80,1.00
2010.09.07 12:20:48.717,1.39805,1.39815,1.60,1.00
2010.09.07 12:20:48.998,1.39795,1.3982,1.80,1.60
2010.09.07 12:20:49.558,1.39795,1.3982,1.00,1.60
2010.09.07 12:20:49.837,1.39795,1.3982,1.00,1.60
2010.09.07 12:20:51.108,1.3979,1.39815,1.10,1.60
2010.09.07 12:20:51.358,1.3979,1.3982,1.00,3.20
2010.09.07 12:20:51.879,1.3979,1.39815,1.00,1.00
2010.09.07 12:20:52.847,1.3979,1.3982,1.00,3.40
2010.09.07 12:20:53.171,1.3979,1.3982,1.00,3.80
2010.09.07 12:20:53.512,1.3979,1.3982,1.00,3.40
2010.09.07 12:20:53.852,1.3979,1.39815,1.00,1.00
2010.09.07 12:20:55.422,1.39795,1.39815,1.00,1.00
2010.09.07 12:20:55.904,1.398,1.3982,1.80,1.70
2010.09.07 12:20:56.356,1.3981,1.39825,1.00,1.60
2010.09.07 12:20:57.275,1.3981,1.39825,1.00,1.70
2010.09.07 12:20:57.635,1.39805,1.3983,1.60,2.40
2010.09.07 12:20:57.981,1.398,1.3983,1.20,2.00
2010.09.07 12:20:59.193,1.398,1.3983,1.10,8.10
2010.09.07 12:20:59.322,1.398,1.3982,1.00,1.00
2010.09.07 12:20:59.450,1.398,1.3982,1.00,1.00
2010.09.07 12:20:59.581,1.39795,1.3982,1.00,1.00
2010.09.07 12:21:00.075,1.39795,1.3982,2.40,1.00
2010.09.07 12:21:00.763,1.39795,1.3982,2.00,1.00
2010.09.07 12:21:01.105,1.39795,1.3982,1.00,1.00
2010.09.07 12:21:01.266,1.398,1.3982,1.00,1.00
2010.09.07 12:21:01.752,1.398,1.3982,1.00,1.00
2010.09.07 12:21:01.901,1.398,1.39825,1.00,1.70
2010.09.07 12:21:02.200,1.39795,1.39825,2.80,3.30
2010.09.07 12:21:02.919,1.398,1.3982,1.00,1.00
2010.09.07 12:21:03.265,1.398,1.39825,1.00,1.80
2010.09.07 12:21:04.202,1.3981,1.3983,1.00,2.30
2010.09.07 12:21:04.457,1.39805,1.3983,1.60,1.60
2010.09.07 12:21:04.960,1.398,1.3983,1.00,1.70
2010.09.07 12:21:06.191,1.398,1.3983,1.00,1.70
2010.09.07 12:21:06.502,1.398,1.3983,1.00,1.60
2010.09.07 12:21:06.865,1.39805,1.3983,1.00,1.00
2010.09.07 12:21:08.891,1.39805,1.3983,1.00,1.00
2010.09.07 12:21:09.189,1.39805,1.3983,1.00,1.00
2010.09.07 12:21:10.400,1.39805,1.3983,1.00,1.00
2010.09.07 12:21:11.573,1.39805,1.3983,1.00,1.00
2010.09.07 12:21:12.961,1.3981,1.3983,1.00,1.00
2010.09.07 12:21:15.171,1.3982,1.3983,1.00,1.00
2010.09.07 12:21:15.655,1.3982,1.39835,1.00,1.00
2010.09.07 12:21:15.793,1.3982,1.3984,1.00,1.60
2010.09.07 12:21:15.922,1.3982,1.3984,1.00,2.40
2010.09.07 12:21:16.787,1.3982,1.3984,1.00,1.60
2010.09.07 12:21:17.761,1.39815,1.3984,2.20,1.60
2010.09.07 12:21:18.108,1.3982,1.3984,1.00,1.60
2010.09.07 12:21:19.535,1.39815,1.3984,1.00,1.60
2010.09.07 12:21:21.592,1.39815,1.3984,1.00,1.60
2010.09.07 12:21:26.360,1.39815,1.3984,1.00,1.60
2010.09.07 12:21:26.660,1.39815,1.3984,1.00,3.20
2010.09.07 12:21:27.395,1.3981,1.39835,1.00,1.60
2010.09.07 12:21:28.041,1.3981,1.39835,1.00,1.60
2010.09.07 12:21:28.886,1.3981,1.39835,1.00,1.60
2010.09.07 12:21:29.549,1.3981,1.39835,1.00,1.60
2010.09.07 12:21:30.611,1.3981,1.3983,1.00,1.60
2010.09.07 12:21:30.844,1.3981,1.3983,1.00,1.60
2010.09.07 12:21:31.403,1.39805,1.3983,1.00,1.00
2010.09.07 12:21:32.080,1.39805,1.3983,2.50,1.00
2010.09.07 12:21:33.852,1.39805,1.3983,1.00,3.20
2010.09.07 12:21:34.198,1.39805,1.3983,3.90,1.00
2010.09.07 12:21:34.477,1.39815,1.3983,1.00,1.00
2010.09.07 12:21:35.094,1.39815,1.39835,1.00,1.00
2010.09.07 12:21:35.371,1.39815,1.3984,1.00,2.50
2010.09.07 12:21:36.413,1.39815,1.3984,1.80,2.50
2010.09.07 12:21:36.598,1.3982,1.3984,1.00,1.60
2010.09.07 12:21:36.774,1.39825,1.3984,1.60,1.00
2010.09.07 12:21:37.276,1.39825,1.3985,1.60,2.40
2010.09.07 12:21:37.792,1.39825,1.39845,1.60,1.00
2010.09.07 12:21:38.162,1.3982,1.39845,1.00,2.60
2010.09.07 12:21:38.512,1.39815,1.3984,1.00,1.00
2010.09.07 12:21:38.819,1.3981,1.3984,2.70,1.70
2010.09.07 12:21:39.431,1.3981,1.3984,3.10,1.70
2010.09.07 12:21:40.425,1.3981,1.39835,3.20,1.00
2010.09.07 12:21:40.932,1.3981,1.39835,3.10,1.00
2010.09.07 12:21:41.253,1.39815,1.3984,1.00,1.60
2010.09.07 12:21:41.412,1.39815,1.3984,2.40,1.00
2010.09.07 12:21:41.916,1.3981,1.3984,2.80,1.60
2010.09.07 12:21:42.257,1.3981,1.3984,1.10,1.60
2010.09.07 12:21:42.892,1.3981,1.3984,1.50,1.60
2010.09.07 12:21:43.129,1.3981,1.3984,1.10,1.60
2010.09.07 12:21:43.849,1.3981,1.3984,1.10,1.70
2010.09.07 12:21:44.594,1.3981,1.3984,1.10,2.00
2010.09.07 12:21:44.935,1.39815,1.3984,1.00,2.80
2010.09.07 12:21:45.316,1.3981,1.3984,1.70,3.60
2010.09.07 12:21:45.670,1.3981,1.3984,1.60,2.40
2010.09.07 12:21:46.019,1.39805,1.39835,3.50,1.00
2010.09.07 12:21:46.357,1.398,1.39825,2.50,1.00
2010.09.07 12:21:46.712,1.39795,1.3982,1.60,2.40
2010.09.07 12:21:47.353,1.3979,1.3982,1.00,2.50
2010.09.07 12:21:47.702,1.3979,1.3981,1.00,1.00
2010.09.07 12:21:48.046,1.3979,1.3982,2.00,4.40
2010.09.07 12:21:48.417,1.39795,1.3982,1.00,5.00
2010.09.07 12:21:48.767,1.39795,1.3982,1.00,3.20
2010.09.07 12:21:49.409,1.39795,1.39825,1.00,1.60
2010.09.07 12:21:50.098,1.398,1.39825,1.00,1.00
2010.09.07 12:21:50.750,1.398,1.39825,1.00,1.00
2010.09.07 12:21:51.100,1.398,1.39825,1.00,1.00
2010.09.07 12:21:52.270,1.39795,1.3982,2.30,2.40
2010.09.07 12:21:52.632,1.39795,1.3982,1.00,2.40
2010.09.07 12:21:53.313,1.39795,1.3982,1.00,3.20
2010.09.07 12:21:53.991,1.39795,1.3982,1.00,3.30
2010.09.07 12:21:54.333,1.3979,1.3982,3.20,3.30
2010.09.07 12:21:55.565,1.3979,1.3982,1.00,3.60
2010.09.07 12:21:55.754,1.3979,1.3982,1.00,3.30
2010.09.07 12:21:55.944,1.3979,1.39815,1.00,2.80
2010.09.07 12:21:56.279,1.39785,1.39815,1.90,2.80
2010.09.07 12:21:56.478,1.39785,1.3981,1.00,1.00
2010.09.07 12:21:56.661,1.39785,1.3981,2.20,1.00
2010.09.07 12:21:57.340,1.39785,1.3981,1.00,1.00
2010.09.07 12:21:57.692,1.39785,1.3981,2.20,1.00
2010.09.07 12:21:57.827,1.3978,1.3981,1.00,2.40
2010.09.07 12:21:58.033,1.3978,1.3981,1.00,1.60
2010.09.07 12:21:58.164,1.39775,1.3981,2.70,2.00
2010.09.07 12:21:58.455,1.39775,1.39805,2.70,1.00
2010.09.07 12:21:58.584,1.39775,1.39805,3.10,1.60
2010.09.07 12:21:59.050,1.3978,1.39805,1.00,1.60
2010.09.07 12:21:59.390,1.39775,1.39805,3.10,1.60
2010.09.07 12:21:59.946,1.39775,1.39805,2.70,1.60
2010.09.07 12:22:00.116,1.39775,1.39805,4.50,1.60
2010.09.07 12:22:00.284,1.3978,1.3981,1.00,1.70
2010.09.07 12:22:00.450,1.39785,1.3981,1.60,1.60
2010.09.07 12:22:00.611,1.39785,1.3981,1.60,2.40
2010.09.07 12:22:01.182,1.39785,1.3981,1.60,1.60
2010.09.07 12:22:02.230,1.39785,1.3981,1.70,1.60
2010.09.07 12:22:02.509,1.39785,1.3981,2.40,1.00
2010.09.07 12:22:02.994,1.39785,1.39815,2.40,3.30
2010.09.07 12:22:03.162,1.39785,1.3981,3.20,1.00
2010.09.07 12:22:03.384,1.39785,1.39815,2.00,1.60
2010.09.07 12:22:03.923,1.3979,1.39815,1.00,1.60
2010.09.07 12:22:04.147,1.39795,1.3982,1.00,2.40
2010.09.07 12:22:04.843,1.39785,1.39805,2.60,1.60
2010.09.07 12:22:06.725,1.39785,1.39805,1.00,1.60
2010.09.07 12:22:06.890,1.39785,1.39805,1.00,1.60
2010.09.07 12:22:07.614,1.3978,1.39805,1.00,3.40
2010.09.07 12:22:08.641,1.3978,1.398,1.00,1.00
2010.09.07 12:22:09.220,1.3978,1.39805,1.00,4.20
2010.09.07 12:22:09.481,1.39775,1.398,3.50,1.00
2010.09.07 12:22:09.959,1.39775,1.39805,3.50,4.20
2010.09.07 12:22:11.318,1.39775,1.39805,1.90,4.20
2010.09.07 12:22:14.118,1.39775,1.398,1.90,1.00
2010.09.07 12:22:14.299,1.39775,1.39795,1.90,1.00
2010.09.07 12:22:14.662,1.39775,1.39795,1.60,1.00
2010.09.07 12:22:15.021,1.3977,1.39795,1.00,1.60
2010.09.07 12:22:15.685,1.39775,1.39795,1.00,1.60
2010.09.07 12:22:16.017,1.39775,1.398,2.70,1.00
2010.09.07 12:22:16.255,1.39775,1.398,1.00,1.00
2010.09.07 12:22:17.532,1.39775,1.398,1.00,1.00
2010.09.07 12:22:19.891,1.39775,1.398,1.00,1.00
2010.09.07 12:22:20.204,1.39775,1.398,1.60,2.60
2010.09.07 12:22:20.837,1.3977,1.39795,1.00,2.40
2010.09.07 12:22:21.185,1.3977,1.39795,1.00,2.40
2010.09.07 12:22:21.873,1.3977,1.39795,1.50,1.60
2010.09.07 12:22:22.749,1.3977,1.39795,1.10,1.60
2010.09.07 12:22:23.141,1.3977,1.39795,1.00,2.40
2010.09.07 12:22:23.497,1.39765,1.39795,3.10,3.20
2010.09.07 12:22:23.704,1.39765,1.39795,3.20,1.60
2010.09.07 12:22:23.945,1.39765,1.39795,4.80,1.60
2010.09.07 12:22:24.181,1.39765,1.39795,4.70,3.20
2010.09.07 12:22:24.829,1.39765,1.39785,1.10,1.60
2010.09.07 12:22:26.152,1.39765,1.39785,1.00,1.60
2010.09.07 12:22:26.991,1.39765,1.39785,1.00,1.60
2010.09.07 12:22:27.274,1.39765,1.3979,1.00,1.00
2010.09.07 12:22:27.618,1.39765,1.39795,1.00,3.80
2010.09.07 12:22:27.845,1.3976,1.39785,1.90,1.60
2010.09.07 12:22:28.071,1.3976,1.39785,1.10,1.60
2010.09.07 12:22:28.300,1.3976,1.39785,2.70,1.60
2010.09.07 12:22:28.653,1.39765,1.3979,1.00,2.00
2010.09.07 12:22:29.003,1.39765,1.3979,1.00,1.00
2010.09.07 12:22:29.724,1.3976,1.39785,1.10,2.00
2010.09.07 12:22:30.292,1.39775,1.39795,1.00,1.00
2010.09.07 12:22:30.486,1.39775,1.398,1.10,2.00
2010.09.07 12:22:31.030,1.3977,1.39795,1.00,1.60
2010.09.07 12:22:31.376,1.39765,1.39795,1.10,3.20
2010.09.07 12:22:32.410,1.3976,1.39785,1.00,1.60
2010.09.07 12:22:32.747,1.3976,1.3979,1.10,1.60
2010.09.07 12:22:33.604,1.39765,1.3979,1.00,1.00
2010.09.07 12:22:33.891,1.3976,1.3979,1.10,1.00
2010.09.07 12:22:35.093,1.39765,1.3979,1.00,2.00
2010.09.07 12:22:35.325,1.3976,1.39785,1.00,1.00
2010.09.07 12:22:35.896,1.39755,1.39785,1.00,1.70
2010.09.07 12:22:36.584,1.39755,1.39785,1.10,1.60
2010.09.07 12:22:37.260,1.39755,1.39785,1.10,1.00
2010.09.07 12:22:37.606,1.39765,1.3979,1.60,3.20
2010.09.07 12:22:37.953,1.39765,1.3979,1.60,1.60
2010.09.07 12:22:38.724,1.39765,1.39785,1.60,1.00
2010.09.07 12:22:39.020,1.39765,1.3979,1.70,1.60
2010.09.07 12:22:39.363,1.39765,1.3979,1.00,3.20
2010.09.07 12:22:40.058,1.3976,1.39785,1.70,1.00
2010.09.07 12:22:40.814,1.39765,1.39785,1.00,1.00
2010.09.07 12:22:41.360,1.39765,1.3979,1.00,3.20
2010.09.07 12:22:41.801,1.3976,1.39785,2.90,1.00
2010.09.07 12:22:42.169,1.3976,1.39785,2.10,1.00
2010.09.07 12:22:42.521,1.3977,1.3979,1.00,4.00
2010.09.07 12:22:42.867,1.3977,1.3979,1.00,1.60
2010.09.07 12:22:43.448,1.39765,1.39795,4.30,1.60
2010.09.07 12:22:43.739,1.39775,1.398,3.10,1.00
2010.09.07 12:22:44.024,1.3978,1.39805,1.00,1.60
2010.09.07 12:22:44.603,1.3978,1.39805,1.00,2.40
2010.09.07 12:22:44.903,1.39775,1.39805,2.30,4.10
2010.09.07 12:22:45.195,1.39775,1.39805,3.90,4.10
2010.09.07 12:22:45.485,1.39775,1.39805,5.60,2.40
2010.09.07 12:22:46.113,1.3978,1.39805,1.00,2.40
2010.09.07 12:22:46.790,1.3978,1.39805,1.00,2.40
2010.09.07 12:22:47.130,1.3978,1.39805,1.00,3.20
2010.09.07 12:22:47.419,1.3978,1.39805,1.00,3.30
2010.09.07 12:22:47.571,1.39775,1.39805,4.70,4.20
2010.09.07 12:22:48.035,1.39775,1.39805,4.80,3.40
2010.09.07 12:22:48.149,1.39775,1.39805,4.80,2.60
2010.09.07 12:22:48.270,1.3978,1.398,1.00,1.00
2010.09.07 12:22:48.806,1.39775,1.398,1.90,1.00
2010.09.07 12:22:48.939,1.39775,1.398,1.00,1.60
2010.09.07 12:22:49.285,1.39775,1.39795,1.00,1.60
2010.09.07 12:22:50.962,1.39775,1.39795,1.00,2.40
2010.09.07 12:22:51.293,1.3977,1.39795,1.00,2.40
2010.09.07 12:22:52.260,1.3977,1.3979,1.00,1.60
2010.09.07 12:22:52.463,1.3977,1.3979,1.00,1.60
2010.09.07 12:22:52.862,1.39765,1.3979,1.00,1.60
2010.09.07 12:22:54.514,1.39765,1.3979,1.00,1.70
2010.09.07 12:22:54.960,1.3977,1.3979,1.00,1.70
2010.09.07 12:22:55.041,1.3977,1.39795,1.90,1.00
2010.09.07 12:22:56.754,1.3977,1.3979,1.90,1.60
2010.09.07 12:22:56.854,1.3977,1.3979,1.00,1.60
2010.09.07 12:22:56.952,1.39765,1.3979,1.00,1.60
2010.09.07 12:22:57.548,1.3976,1.3979,1.10,2.40
2010.09.07 12:22:57.792,1.3976,1.3979,1.10,3.20
2010.09.07 12:22:58.041,1.3976,1.3979,1.10,3.30
2010.09.07 12:22:58.532,1.3978,1.3979,1.60,3.20
2010.09.07 12:22:58.781,1.3978,1.3979,1.60,1.60
2010.09.07 12:22:59.222,1.3978,1.39795,1.60,1.00
2010.09.07 12:22:59.484,1.3978,1.398,1.60,1.60
2010.09.07 12:22:59.730,1.3978,1.398,1.60,1.60
2010.09.07 12:23:00.835,1.3978,1.398,1.60,2.40
2010.09.07 12:23:00.977,1.39775,1.39795,2.00,1.60
2010.09.07 12:23:01.114,1.39775,1.39795,1.60,1.60
2010.09.07 12:23:01.243,1.39775,1.39795,1.70,1.60
2010.09.07 12:23:01.375,1.39775,1.398,3.70,1.00
2010.09.07 12:23:01.710,1.39775,1.398,4.00,1.00
2010.09.07 12:23:01.864,1.39775,1.398,4.80,1.00
2010.09.07 12:23:02.541,1.3978,1.398,1.00,1.00
2010.09.07 12:23:03.412,1.3978,1.398,1.60,1.00
2010.09.07 12:23:03.680,1.39775,1.39785,1.00,1.60
2010.09.07 12:23:04.263,1.39765,1.3979,1.60,1.00
2010.09.07 12:23:04.598,1.39755,1.3978,1.90,1.00
2010.09.07 12:23:04.926,1.39755,1.39785,5.40,2.40
2010.09.07 12:23:05.276,1.3976,1.39785,1.00,1.00
2010.09.07 12:23:05.964,1.39765,1.39785,1.60,1.00
2010.09.07 12:23:06.170,1.3976,1.39785,1.00,1.00
2010.09.07 12:23:06.370,1.3976,1.39785,1.00,1.00
2010.09.07 12:23:07.103,1.3976,1.39785,1.00,1.00
2010.09.07 12:23:08.384,1.39765,1.3979,1.00,3.20
2010.09.07 12:23:08.620,1.3976,1.39785,2.70,1.60
2010.09.07 12:23:09.270,1.3976,1.39785,2.70,2.40
2010.09.07 12:23:09.508,1.3976,1.39785,1.00,2.40
2010.09.07 12:23:10.195,1.39765,1.39785,1.00,3.20
2010.09.07 12:23:10.550,1.39775,1.3979,1.00,1.60
2010.09.07 12:23:10.876,1.39775,1.3979,1.00,1.00
2010.09.07 12:23:11.195,1.39775,1.39795,1.00,1.80
2010.09.07 12:23:12.562,1.3977,1.39795,3.20,1.60
2010.09.07 12:23:13.410,1.39765,1.3979,2.60,1.60
2010.09.07 12:23:14.024,1.3977,1.3979,1.00,1.60
2010.09.07 12:23:14.349,1.3977,1.39795,1.40,1.00
2010.09.07 12:23:15.316,1.3977,1.398,1.40,3.20
2010.09.07 12:23:15.666,1.3977,1.398,1.40,1.70
2010.09.07 12:23:16.936,1.3977,1.398,1.50,1.70
2010.09.07 12:23:18.119,1.3977,1.398,1.40,1.70
2010.09.07 12:23:18.777,1.3977,1.39795,1.00,1.00
2010.09.07 12:23:18.964,1.39765,1.39795,3.10,1.00
2010.09.07 12:23:19.615,1.39765,1.39795,1.00,3.20
2010.09.07 12:23:19.953,1.39765,1.39795,1.00,4.80
2010.09.07 12:23:21.316,1.39765,1.39795,1.00,5.00
2010.09.07 12:23:21.518,1.39765,1.39785,1.00,1.00
2010.09.07 12:23:21.716,1.39755,1.39785,4.70,1.00
2010.09.07 12:23:22.017,1.39755,1.39785,4.60,1.00
2010.09.07 12:23:22.560,1.3976,1.39785,1.00,1.00
2010.09.07 12:23:22.817,1.39765,1.3979,1.00,1.30
2010.09.07 12:23:23.064,1.39765,1.3978,1.00,1.60
2010.09.07 12:23:23.388,1.39765,1.3979,1.00,3.00
2010.09.07 12:23:24.326,1.39765,1.3979,1.00,1.00
2010.09.07 12:23:24.603,1.39765,1.39785,1.00,1.00
2010.09.07 12:23:25.465,1.39765,1.3979,1.00,3.00
2010.09.07 12:23:25.691,1.39765,1.3979,1.00,1.00
2010.09.07 12:23:26.353,1.39765,1.39785,1.00,1.00
2010.09.07 12:23:27.155,1.39765,1.3979,1.00,2.40
2010.09.07 12:23:27.304,1.39765,1.3979,1.90,1.00
2010.09.07 12:23:27.450,1.39765,1.3979,2.70,1.00
2010.09.07 12:23:27.602,1.39765,1.39795,4.30,1.70
2010.09.07 12:23:27.751,1.39765,1.39795,2.70,1.70
2010.09.07 12:23:28.693,1.39765,1.39795,1.00,1.70
2010.09.07 12:23:28.923,1.39765,1.39795,2.60,1.60
2010.09.07 12:23:29.155,1.3977,1.39795,1.00,1.00
2010.09.07 12:23:29.725,1.3977,1.39795,1.00,1.00
2010.09.07 12:23:30.074,1.3977,1.39795,1.00,1.00
2010.09.07 12:23:30.422,1.39775,1.398,1.00,2.40
2010.09.07 12:23:30.646,1.39775,1.398,1.00,1.00
2010.09.07 12:23:31.637,1.39775,1.398,1.00,1.20
2010.09.07 12:23:31.865,1.39775,1.39795,1.00,1.60
2010.09.07 12:23:32.094,1.3977,1.39795,1.00,1.60
2010.09.07 12:23:32.753,1.3977,1.39795,1.00,2.40
2010.09.07 12:23:33.432,1.3977,1.3979,1.00,1.00
2010.09.07 12:23:33.618,1.3977,1.39785,1.00,1.00
2010.09.07 12:23:33.710,1.39765,1.39785,1.00,1.00
2010.09.07 12:23:34.131,1.39765,1.39785,1.00,1.00
2010.09.07 12:23:34.234,1.39765,1.3979,1.00,1.00
2010.09.07 12:23:34.434,1.39765,1.3979,1.00,1.00
2010.09.07 12:23:34.771,1.39765,1.3979,1.00,1.00
2010.09.07 12:23:35.455,1.39765,1.3979,1.00,1.00
2010.09.07 12:23:35.696,1.39765,1.39795,1.10,4.10
2010.09.07 12:23:35.937,1.3977,1.39795,1.00,3.00
2010.09.07 12:23:36.316,1.3977,1.39795,1.00,2.60
2010.09.07 12:23:36.545,1.3977,1.39795,1.00,1.00
2010.09.07 12:23:38.825,1.3977,1.39795,1.00,1.60
2010.09.07 12:23:39.412,1.39765,1.3979,1.00,1.20
2010.09.07 12:23:39.652,1.39755,1.39785,1.10,3.20
2010.09.07 12:23:41.457,1.39755,1.39785,1.10,3.30
2010.09.07 12:23:41.975,1.39755,1.39785,1.00,9.20
2010.09.07 12:23:42.149,1.3975,1.39775,1.10,1.60
2010.09.07 12:23:42.984,1.39755,1.39775,1.00,1.60
2010.09.07 12:23:44.313,1.3975,1.39775,1.00,3.20
2010.09.07 12:23:44.933,1.3975,1.3977,1.00,1.00
2010.09.07 12:23:45.240,1.3975,1.39775,1.00,3.20
2010.09.07 12:23:45.686,1.3975,1.39775,1.00,3.20
2010.09.07 12:23:45.957,1.3975,1.39775,1.00,3.20
2010.09.07 12:23:46.234,1.39755,1.39775,1.00,1.00
2010.09.07 12:23:46.507,1.39755,1.3978,1.10,1.00
2010.09.07 12:23:47.497,1.39755,1.3978,1.00,1.60
2010.09.07 12:23:47.642,1.39755,1.3978,1.00,1.00
2010.09.07 12:23:48.065,1.3975,1.3978,2.70,2.90
2010.09.07 12:23:48.532,1.3975,1.3978,2.70,2.50
2010.09.07 12:23:48.779,1.3975,1.39775,1.10,1.60
2010.09.07 12:23:49.026,1.39755,1.39775,1.00,1.60
2010.09.07 12:23:49.620,1.3975,1.39775,1.10,2.40
2010.09.07 12:23:49.967,1.39745,1.39775,3.10,4.10
2010.09.07 12:23:50.652,1.3975,1.39775,1.00,4.00
2010.09.07 12:23:51.277,1.39745,1.39775,3.10,4.10
2010.09.07 12:23:51.584,1.3975,1.39775,1.00,4.80
2010.09.07 12:23:52.957,1.3975,1.39775,1.00,4.00
2010.09.07 12:23:53.143,1.39745,1.39775,3.10,4.90
2010.09.07 12:23:53.320,1.39745,1.39775,3.10,4.10
2010.09.07 12:23:53.501,1.39745,1.39775,2.70,4.10
2010.09.07 12:23:54.507,1.3975,1.39775,1.00,3.20
2010.09.07 12:23:55.420,1.39745,1.39775,3.00,3.40
2010.09.07 12:23:56.249,1.3975,1.39775,1.00,1.60
2010.09.07 12:23:56.422,1.3975,1.39775,1.00,1.60
2010.09.07 12:23:57.081,1.3975,1.39775,1.00,3.20
2010.09.07 12:23:57.653,1.3975,1.3977,1.00,1.60
2010.09.07 12:23:57.942,1.39745,1.3977,1.10,1.60
2010.09.07 12:23:58.599,1.3975,1.39775,1.00,1.70
2010.09.07 12:23:58.884,1.39745,1.39775,1.50,1.70
2010.09.07 12:23:59.169,1.39745,1.3977,1.50,1.00
2010.09.07 12:23:59.711,1.3975,1.3977,1.00,1.00
2010.09.07 12:24:00.357,1.3974,1.3977,3.60,1.60
2010.09.07 12:24:00.989,1.39735,1.39765,3.20,3.20
2010.09.07 12:24:01.321,1.39735,1.3976,1.00,3.20
2010.09.07 12:24:01.925,1.39735,1.3976,1.10,1.60
2010.09.07 12:24:02.525,1.3975,1.39775,1.00,1.00
2010.09.07 12:24:02.814,1.3975,1.39775,1.00,1.00
2010.09.07 12:24:03.502,1.3975,1.39775,1.00,1.00
2010.09.07 12:24:04.480,1.39745,1.3977,1.00,1.60
2010.09.07 12:24:04.788,1.3974,1.3976,1.10,1.60
2010.09.07 12:24:05.384,1.39745,1.3977,1.00,1.60
2010.09.07 12:24:05.438,1.39745,1.39775,1.10,1.60
2010.09.07 12:24:05.788,1.39745,1.39775,1.00,1.60
2010.09.07 12:24:06.136,1.39745,1.39775,2.60,3.30
2010.09.07 12:24:07.014,1.3975,1.39775,1.00,1.70
2010.09.07 12:24:07.624,1.3975,1.39775,2.70,1.00
2010.09.07 12:24:08.226,1.39755,1.3978,1.90,1.60
2010.09.07 12:24:08.516,1.39755,1.3978,1.90,1.00
2010.09.07 12:24:09.161,1.39755,1.3978,1.90,1.00
2010.09.07 12:24:09.486,1.39755,1.3978,2.00,1.00
2010.09.07 12:24:09.814,1.3976,1.39785,1.00,1.00
2010.09.07 12:24:10.163,1.3976,1.39785,1.00,1.00
2010.09.07 12:24:10.734,1.3976,1.39785,1.00,2.60
2010.09.07 12:24:10.967,1.3976,1.3979,1.50,1.00
2010.09.07 12:24:11.626,1.3976,1.39785,1.40,1.00
2010.09.07 12:24:11.978,1.3976,1.3979,1.40,2.50
2010.09.07 12:24:13.387,1.3976,1.39785,1.40,1.00
2010.09.07 12:24:14.267,1.39765,1.39785,1.00,1.00
2010.09.07 12:24:14.373,1.39765,1.39785,1.00,1.00
2010.09.07 12:24:15.105,1.3976,1.3979,1.00,5.00
2010.09.07 12:24:15.335,1.3976,1.3979,1.00,5.40
2010.09.07 12:24:15.563,1.3976,1.39785,1.00,1.00
2010.09.07 12:24:16.236,1.39755,1.39785,2.70,4.10
2010.09.07 12:24:16.585,1.3975,1.3978,3.80,1.80
2010.09.07 12:24:17.353,1.3975,1.39775,1.00,1.00
2010.09.07 12:24:17.692,1.3975,1.39775,1.00,1.00
2010.09.07 12:24:18.033,1.3975,1.39775,1.00,1.60
2010.09.07 12:24:18.725,1.3975,1.3978,1.00,2.10
2010.09.07 12:24:19.045,1.3975,1.39775,1.00,1.00
2010.09.07 12:24:19.632,1.3975,1.3977,1.00,1.00
2010.09.07 12:24:20.311,1.3975,1.3977,1.00,1.00
2010.09.07 12:24:21.621,1.3975,1.39775,1.00,1.00
2010.09.07 12:24:23.461,1.3975,1.39775,1.00,1.00
2010.09.07 12:24:24.308,1.39755,1.3978,1.00,2.90
2010.09.07 12:24:24.574,1.39755,1.3978,1.00,1.00
2010.09.07 12:24:24.843,1.39755,1.3978,1.00,2.50
2010.09.07 12:24:27.543,1.39755,1.39775,1.00,1.00
2010.09.07 12:24:27.843,1.39755,1.3978,1.00,1.30
2010.09.07 12:24:28.466,1.39755,1.3978,1.00,1.00
2010.09.07 12:24:28.705,1.39755,1.3978,1.00,1.00
2010.09.07 12:24:28.944,1.39755,1.39785,1.00,2.10
2010.09.07 12:24:29.657,1.39755,1.3978,1.00,1.60
2010.09.07 12:24:29.922,1.39755,1.3978,1.00,1.70
2010.09.07 12:24:31.123,1.39755,1.39775,1.00,1.00
2010.09.07 12:24:33.180,1.39755,1.3978,1.00,1.70
2010.09.07 12:24:34.689,1.39755,1.3978,1.00,2.10
2010.09.07 12:24:34.830,1.39755,1.39775,1.00,1.00
2010.09.07 12:24:34.970,1.39755,1.39775,1.00,1.00
2010.09.07 12:24:35.689,1.39755,1.3978,1.00,3.00
2010.09.07 12:24:36.185,1.39755,1.39775,1.00,1.00
2010.09.07 12:24:37.008,1.39765,1.39775,1.00,1.00
2010.09.07 12:24:37.329,1.39765,1.3977,1.60,1.00
2010.09.07 12:24:37.646,1.39755,1.3977,2.70,1.00
2010.09.07 12:24:38.257,1.39755,1.39785,1.00,1.00
2010.09.07 12:24:38.513,1.39755,1.39785,1.10,1.00
2010.09.07 12:24:39.271,1.39755,1.3978,1.00,1.00
2010.09.07 12:24:39.930,1.3975,1.3978,1.20,1.00
2010.09.07 12:24:40.238,1.3975,1.39775,1.20,1.00
2010.09.07 12:24:40.848,1.3975,1.3978,2.70,1.70
2010.09.07 12:24:41.199,1.3975,1.3978,3.20,2.40
2010.09.07 12:24:41.546,1.3975,1.39775,3.10,1.00
2010.09.07 12:24:42.099,1.3976,1.3978,1.90,1.60
2010.09.07 12:24:42.332,1.3976,1.39785,1.90,1.70
2010.09.07 12:24:42.561,1.3976,1.39785,1.90,1.00
2010.09.07 12:24:43.014,1.3976,1.3978,1.90,1.00
2010.09.07 12:24:44.400,1.3976,1.39785,1.90,1.00
2010.09.07 12:24:44.973,1.39765,1.39785,1.00,1.00
2010.09.07 12:24:45.630,1.39765,1.39785,1.00,1.00
2010.09.07 12:24:46.483,1.39765,1.39785,1.00,1.00
2010.09.07 12:24:46.828,1.3976,1.3978,1.90,1.00
2010.09.07 12:24:47.012,1.3976,1.39775,1.60,1.00
2010.09.07 12:24:47.203,1.39755,1.39775,1.00,1.00
2010.09.07 12:24:47.555,1.39755,1.39775,1.00,1.00
2010.09.07 12:24:47.761,1.3975,1.39775,1.00,1.00
2010.09.07 12:24:48.939,1.3975,1.3978,1.00,3.00
2010.09.07 12:24:49.122,1.3975,1.39775,1.00,1.00
2010.09.07 12:24:50.221,1.3975,1.3978,1.00,1.30
2010.09.07 12:24:50.491,1.3975,1.3978,1.00,1.00
2010.09.07 12:24:51.511,1.3975,1.3978,1.10,1.00
2010.09.07 12:24:52.846,1.3975,1.3978,1.00,1.00
2010.09.07 12:24:53.491,1.3975,1.3978,1.80,1.00
2010.09.07 12:24:53.690,1.3975,1.3978,2.70,1.00
2010.09.07 12:24:54.304,1.3975,1.3978,2.70,1.00
2010.09.07 12:24:54.520,1.3975,1.3978,2.70,1.00
2010.09.07 12:24:54.740,1.3976,1.3978,1.60,1.00
2010.09.07 12:24:59.884,1.3976,1.3979,1.90,1.60
2010.09.07 12:25:00.583,1.3976,1.3979,1.90,1.70
2010.09.07 12:25:02.323,1.39775,1.3979,1.60,1.60
2010.09.07 12:25:02.566,1.39775,1.39795,1.60,1.60
2010.09.07 12:25:03.593,1.39775,1.39795,1.60,1.70
2010.09.07 12:25:03.836,1.39775,1.39795,1.60,1.60
2010.09.07 12:25:04.084,1.39765,1.39795,3.10,1.60
2010.09.07 12:25:04.657,1.39765,1.39785,1.00,1.00
2010.09.07 12:25:04.936,1.3976,1.39785,3.30,1.60
2010.09.07 12:25:06.315,1.3976,1.39785,3.20,1.60
2010.09.07 12:25:06.459,1.3976,1.39785,1.60,1.60
2010.09.07 12:25:06.601,1.3976,1.39785,1.70,1.60
2010.09.07 12:25:06.883,1.3976,1.39785,1.00,1.60
2010.09.07 12:25:07.410,1.39765,1.3979,1.00,1.60
2010.09.07 12:25:07.743,1.3977,1.39795,1.00,3.20
2010.09.07 12:25:08.072,1.3977,1.39795,1.00,4.00
2010.09.07 12:25:09.560,1.3977,1.39795,1.00,3.20
2010.09.07 12:25:09.711,1.3977,1.39795,1.00,4.00
2010.09.07 12:25:12.256,1.3977,1.39795,1.00,3.20
2010.09.07 12:25:12.410,1.3977,1.39795,1.00,4.00
2010.09.07 12:25:13.560,1.3977,1.39795,1.00,4.40
2010.09.07 12:25:13.867,1.3977,1.3979,1.00,2.40
2010.09.07 12:25:14.166,1.3977,1.3979,1.00,1.60
2010.09.07 12:25:14.466,1.39765,1.3979,1.70,2.40
2010.09.07 12:25:15.101,1.3977,1.3979,1.00,1.60
2010.09.07 12:25:17.164,1.39765,1.3979,1.70,2.40
2010.09.07 12:25:17.302,1.39765,1.3979,1.70,1.60
2010.09.07 12:25:18.123,1.39765,1.3979,1.70,2.40
2010.09.07 12:25:18.464,1.39765,1.3979,1.00,2.40
2010.09.07 12:25:19.791,1.3976,1.3979,1.00,2.40
2010.09.07 12:25:20.042,1.3976,1.3979,1.00,3.20
2010.09.07 12:25:20.800,1.3976,1.39785,1.00,2.40
2010.09.07 12:25:21.170,1.39755,1.3978,3.30,1.60
2010.09.07 12:25:22.126,1.39755,1.3978,2.00,1.00
2010.09.07 12:25:22.315,1.3976,1.3979,1.00,4.00
2010.09.07 12:25:23.009,1.3976,1.3979,1.00,4.80
2010.09.07 12:25:23.301,1.3976,1.3979,1.50,2.40
2010.09.07 12:25:23.583,1.3976,1.3979,1.10,1.60
2010.09.07 12:25:24.306,1.39765,1.39795,1.00,2.80
2010.09.07 12:25:24.649,1.3976,1.39785,1.00,1.60
2010.09.07 12:25:25.266,1.3976,1.39785,1.00,2.50
2010.09.07 12:25:25.901,1.3976,1.39785,1.00,1.70
2010.09.07 12:25:26.242,1.3976,1.39785,1.00,2.50
2010.09.07 12:25:26.941,1.3976,1.3978,1.00,1.00
2010.09.07 12:25:27.382,1.3976,1.3978,1.00,1.00
2010.09.07 12:25:27.841,1.39755,1.39775,1.00,1.60
2010.09.07 12:25:28.129,1.3975,1.39775,1.10,1.60
2010.09.07 12:25:28.414,1.39755,1.3978,1.00,3.90
2010.09.07 12:25:28.693,1.39755,1.39785,1.00,3.60
2010.09.07 12:25:29.267,1.39755,1.39785,1.00,3.20
2010.09.07 12:25:29.585,1.3976,1.39785,1.00,3.20
2010.09.07 12:25:30.350,1.39755,1.39785,1.00,3.20
2010.09.07 12:25:31.392,1.3976,1.39785,1.00,3.20
2010.09.07 12:25:31.811,1.3976,1.39785,1.00,4.00
2010.09.07 12:25:32.229,1.3976,1.39785,1.00,3.20
2010.09.07 12:25:32.921,1.39755,1.39775,1.00,1.00
2010.09.07 12:25:34.139,1.39755,1.3978,1.00,1.60
2010.09.07 12:25:34.429,1.3976,1.39785,1.00,3.20
2010.09.07 12:25:34.716,1.3976,1.39785,1.00,2.40
2010.09.07 12:25:35.256,1.3976,1.39785,1.00,1.60
2010.09.07 12:25:35.800,1.39755,1.39785,1.10,3.20
2010.09.07 12:25:36.078,1.3976,1.39775,1.00,1.60
2010.09.07 12:25:36.921,1.3976,1.39775,1.00,1.60
2010.09.07 12:25:37.102,1.3976,1.39785,1.00,3.90
2010.09.07 12:25:37.280,1.3976,1.39785,1.00,3.20
2010.09.07 12:25:37.461,1.3976,1.39785,1.00,4.00
2010.09.07 12:25:38.373,1.39765,1.39785,1.00,4.00
2010.09.07 12:25:38.695,1.39765,1.3978,1.00,1.00
2010.09.07 12:25:39.161,1.39765,1.3979,1.00,2.40
2010.09.07 12:25:39.398,1.39765,1.3979,1.00,1.00
2010.09.07 12:25:39.622,1.39765,1.3979,1.00,1.70
2010.09.07 12:25:40.881,1.39765,1.3979,1.00,1.00
2010.09.07 12:25:41.223,1.39765,1.3979,1.00,1.00
2010.09.07 12:25:41.391,1.39765,1.3979,1.00,1.60
2010.09.07 12:25:41.561,1.39765,1.3979,1.00,4.00
2010.09.07 12:25:42.072,1.39765,1.3979,1.00,3.30
2010.09.07 12:25:42.411,1.39765,1.3979,1.00,4.10
2010.09.07 12:25:42.943,1.3976,1.39785,1.00,1.60
2010.09.07 12:25:43.288,1.3976,1.39785,1.00,3.20
2010.09.07 12:25:46.693,1.39755,1.39775,1.00,1.60
2010.09.07 12:25:47.057,1.39755,1.39775,1.00,1.60
2010.09.07 12:25:47.316,1.3976,1.39775,1.00,1.60
2010.09.07 12:25:50.182,1.39755,1.39775,1.00,1.60
2010.09.07 12:25:55.158,1.39755,1.3978,1.70,1.00
2010.09.07 12:25:55.391,1.39755,1.39785,2.00,5.60
2010.09.07 12:25:55.625,1.3976,1.39785,1.10,4.00
2010.09.07 12:25:55.866,1.39765,1.3978,1.60,1.00
2010.09.07 12:25:56.292,1.3976,1.39785,1.50,1.60
2010.09.07 12:25:56.588,1.3977,1.3979,1.00,1.00
2010.09.07 12:25:56.873,1.39765,1.39795,2.30,2.40
2010.09.07 12:25:57.420,1.3977,1.39795,1.00,2.40
2010.09.07 12:25:57.718,1.39775,1.39795,1.00,1.60
2010.09.07 12:25:58.004,1.3977,1.39795,1.00,2.40
2010.09.07 12:25:59.592,1.39775,1.39795,1.00,2.40
2010.09.07 12:26:00.278,1.39775,1.39795,1.00,4.80
2010.09.07 12:26:00.475,1.3977,1.3979,1.00,3.20
2010.09.07 12:26:01.318,1.39765,1.3979,1.00,1.60
2010.09.07 12:26:01.666,1.39765,1.3979,1.00,1.60
2010.09.07 12:26:01.863,1.39765,1.3979,1.00,1.60
2010.09.07 12:26:02.062,1.39765,1.3979,1.00,3.20
2010.09.07 12:26:03.322,1.3976,1.3978,1.00,1.00
2010.09.07 12:26:03.823,1.3976,1.3978,1.00,1.60
2010.09.07 12:26:05.120,1.3975,1.3978,1.10,3.20
2010.09.07 12:26:05.465,1.39755,1.3978,1.00,3.20
2010.09.07 12:26:06.033,1.3976,1.3978,1.00,3.20
2010.09.07 12:26:06.998,1.39755,1.39775,1.00,7.60
2010.09.07 12:26:07.325,1.39745,1.39775,2.70,7.60
2010.09.07 12:26:07.656,1.3974,1.39765,1.00,1.20
2010.09.07 12:26:07.979,1.3974,1.3976,1.00,1.60
2010.09.07 12:26:08.617,1.39735,1.3976,3.10,2.40
2010.09.07 12:26:08.936,1.39735,1.3976,1.40,1.60
2010.09.07 12:26:09.661,1.39735,1.39755,1.40,1.60
2010.09.07 12:26:09.920,1.39735,1.3976,2.00,1.60
2010.09.07 12:26:10.476,1.39745,1.39765,1.60,1.00
2010.09.07 12:26:10.730,1.3974,1.3976,1.00,1.00
2010.09.07 12:26:11.074,1.39745,1.3976,1.60,1.00
2010.09.07 12:26:11.733,1.39745,1.3977,1.60,1.00
2010.09.07 12:26:11.997,1.3974,1.3976,1.00,1.60
2010.09.07 12:26:12.586,1.3974,1.3976,1.00,1.60
2010.09.07 12:26:12.860,1.39745,1.3977,1.00,2.00
2010.09.07 12:26:13.209,1.39745,1.3977,1.00,1.60
2010.09.07 12:26:13.569,1.3974,1.3977,3.10,2.40
2010.09.07 12:26:13.918,1.39745,1.3977,1.00,1.60
2010.09.07 12:26:14.271,1.39755,1.3977,1.00,1.60
2010.09.07 12:26:14.642,1.39755,1.39775,1.00,3.20
2010.09.07 12:26:14.986,1.3975,1.39775,3.00,1.60
2010.09.07 12:26:15.295,1.39755,1.3978,2.80,2.40
2010.09.07 12:26:15.765,1.39755,1.3978,3.10,1.60
2010.09.07 12:26:16.088,1.3976,1.3978,1.90,1.60
2010.09.07 12:26:16.439,1.39765,1.3979,1.60,1.80
2010.09.07 12:26:17.100,1.39765,1.3979,1.00,1.60
2010.09.07 12:26:17.373,1.3976,1.3978,1.00,1.60
2010.09.07 12:26:17.635,1.39755,1.3978,4.80,1.60
2010.09.07 12:26:18.220,1.3976,1.3978,1.00,1.60
2010.09.07 12:26:18.567,1.39755,1.3978,1.70,3.20
2010.09.07 12:26:19.212,1.3977,1.3978,1.60,1.60
2010.09.07 12:26:19.580,1.39765,1.39795,1.40,1.00
2010.09.07 12:26:19.905,1.3976,1.39795,4.80,1.60
2010.09.07 12:26:20.304,1.3976,1.39795,3.10,1.60
2010.09.07 12:26:20.643,1.3976,1.39785,1.00,1.60
2010.09.07 12:26:20.977,1.3976,1.3979,1.00,3.20
2010.09.07 12:26:21.574,1.3976,1.39785,1.00,1.00
2010.09.07 12:26:22.177,1.3976,1.3978,1.00,2.40
2010.09.07 12:26:22.886,1.3976,1.39775,1.00,1.00
2010.09.07 12:26:23.173,1.3975,1.39775,1.00,1.60
2010.09.07 12:26:23.455,1.39755,1.39775,1.00,1.60
2010.09.07 12:26:24.398,1.3975,1.39775,4.30,1.60
2010.09.07 12:26:24.676,1.3976,1.39785,1.00,1.60
2010.09.07 12:26:25.552,1.3976,1.39785,1.80,1.70
2010.09.07 12:26:25.900,1.3976,1.39785,1.10,1.60
2010.09.07 12:26:26.571,1.39765,1.3979,1.70,1.60
2010.09.07 12:26:26.822,1.39765,1.3979,1.00,3.20
2010.09.07 12:26:27.065,1.39765,1.3979,1.00,3.20
2010.09.07 12:26:28.601,1.39765,1.3979,1.00,2.40
2010.09.07 12:26:29.306,1.3977,1.3979,1.00,1.00
2010.09.07 12:26:29.544,1.3977,1.3979,1.90,1.00
2010.09.07 12:26:30.312,1.3977,1.3979,1.80,1.00
2010.09.07 12:26:30.655,1.3977,1.3979,1.00,3.20
2010.09.07 12:26:31.106,1.3977,1.3979,1.00,1.60
2010.09.07 12:26:31.756,1.3977,1.3979,1.00,1.60
2010.09.07 12:26:32.052,1.39775,1.3979,1.00,1.60
2010.09.07 12:26:34.261,1.3977,1.3979,1.00,3.20
2010.09.07 12:26:34.529,1.3977,1.3979,1.00,1.60
2010.09.07 12:26:34.795,1.3977,1.3979,1.00,1.60
2010.09.07 12:26:35.093,1.3977,1.3979,1.00,1.60
2010.09.07 12:26:35.381,1.39765,1.3979,1.00,1.60
2010.09.07 12:26:37.074,1.39765,1.3979,1.00,1.60
2010.09.07 12:26:37.619,1.39765,1.3979,1.00,2.40
2010.09.07 12:26:37.860,1.3976,1.3979,1.00,2.50
2010.09.07 12:26:37.980,1.3976,1.3979,1.00,2.50
2010.09.07 12:26:38.101,1.3976,1.3979,1.10,2.40
2010.09.07 12:26:38.878,1.3976,1.3979,1.10,3.60
2010.09.07 12:26:39.133,1.3976,1.3979,1.10,5.40
2010.09.07 12:26:39.384,1.3976,1.39785,1.00,1.00
2010.09.07 12:26:40.133,1.3976,1.39785,1.00,1.00
2010.09.07 12:26:40.843,1.3976,1.3978,1.00,1.00
2010.09.07 12:26:41.089,1.39755,1.3978,1.00,1.00
2010.09.07 12:26:41.335,1.39755,1.39785,1.00,2.10
2010.09.07 12:26:41.843,1.39755,1.39785,1.00,5.40
2010.09.07 12:26:42.542,1.39755,1.3978,1.00,1.00
2010.09.07 12:26:43.566,1.39755,1.3978,1.00,1.00
2010.09.07 12:26:43.786,1.3975,1.3978,1.10,1.00
2010.09.07 12:26:44.001,1.3975,1.3978,1.00,1.70
2010.09.07 12:26:44.221,1.3975,1.39775,1.00,1.00
2010.09.07 12:26:44.975,1.39755,1.3978,1.00,1.00
2010.09.07 12:26:45.217,1.39755,1.3978,1.00,1.00
2010.09.07 12:26:46.960,1.3976,1.3978,1.00,1.00
2010.09.07 12:26:47.121,1.3976,1.3979,1.00,3.60
2010.09.07 12:26:47.796,1.3976,1.3979,1.00,3.70
2010.09.07 12:26:48.065,1.3976,1.39785,1.00,1.70
2010.09.07 12:26:48.334,1.39755,1.39785,1.10,2.40
2010.09.07 12:26:50.708,1.3976,1.39785,1.00,2.40
2010.09.07 12:26:50.951,1.3976,1.3979,1.10,2.80
2010.09.07 12:26:51.113,1.3976,1.39785,1.10,1.60
2010.09.07 12:26:51.273,1.3976,1.39785,1.00,2.00
2010.09.07 12:26:51.434,1.3976,1.39785,1.00,2.00
2010.09.07 12:26:52.056,1.3976,1.39785,1.00,2.80
2010.09.07 12:26:52.304,1.3976,1.39785,1.00,4.80
2010.09.07 12:26:52.561,1.39765,1.39785,1.60,1.60
2010.09.07 12:26:53.122,1.39765,1.39785,1.60,1.00
2010.09.07 12:26:53.389,1.39775,1.3979,1.60,1.20
2010.09.07 12:26:53.648,1.39775,1.398,1.10,2.00
2010.09.07 12:26:54.020,1.39775,1.398,2.80,2.00
2010.09.07 12:26:54.296,1.39765,1.3979,1.00,1.60
2010.09.07 12:26:55.926,1.39765,1.3979,1.00,1.00
2010.09.07 12:26:56.285,1.3976,1.3979,1.90,1.30
2010.09.07 12:26:56.538,1.3976,1.39785,1.90,1.00
2010.09.07 12:26:57.105,1.39755,1.39785,1.10,2.00
2010.09.07 12:26:57.368,1.39755,1.3978,1.00,1.00
2010.09.07 12:26:57.716,1.39755,1.3978,1.00,1.00
2010.09.07 12:26:58.708,1.39755,1.3978,2.60,1.00
2010.09.07 12:26:59.620,1.39745,1.39775,2.70,1.70
2010.09.07 12:27:00.558,1.39755,1.3978,1.00,1.60
2010.09.07 12:27:00.872,1.39755,1.3978,1.00,1.70
2010.09.07 12:27:01.662,1.39755,1.39785,1.00,2.10
2010.09.07 12:27:01.962,1.39755,1.3978,1.00,1.00
2010.09.07 12:27:02.261,1.39755,1.39775,1.00,1.00
2010.09.07 12:27:02.880,1.3976,1.39775,1.60,1.00
2010.09.07 12:27:03.102,1.3975,1.3978,1.00,1.70
2010.09.07 12:27:03.561,1.3975,1.39775,1.00,1.00
2010.09.07 12:27:03.807,1.3975,1.39775,1.90,1.00
2010.09.07 12:27:04.043,1.39755,1.3978,1.00,1.70
2010.09.07 12:27:04.688,1.3976,1.39785,2.00,1.00
2010.09.07 12:27:05.036,1.39755,1.3978,1.00,1.00
2010.09.07 12:27:06.561,1.39755,1.3978,1.00,1.00
2010.09.07 12:27:07.187,1.3976,1.3978,1.60,1.00
2010.09.07 12:27:07.518,1.3976,1.3978,1.60,1.00
2010.09.07 12:27:08.201,1.3975,1.3978,1.70,4.40
2010.09.07 12:27:08.451,1.3975,1.39775,1.70,1.60
2010.09.07 12:27:09.030,1.3975,1.39775,1.70,2.40
2010.09.07 12:27:09.292,1.3975,1.39775,1.70,1.60
2010.09.07 12:27:09.634,1.39755,1.39775,1.00,1.60
2010.09.07 12:27:09.973,1.3975,1.39775,1.70,1.60
2010.09.07 12:27:10.554,1.3975,1.39775,1.70,2.40
2010.09.07 12:27:10.754,1.3975,1.39775,1.70,3.20
2010.09.07 12:27:10.943,1.3975,1.39775,1.60,3.20
2010.09.07 12:27:11.132,1.3975,1.39775,1.60,3.60
2010.09.07 12:27:11.635,1.3975,1.3977,1.60,1.60
2010.09.07 12:27:11.998,1.3975,1.39775,1.70,3.20
2010.09.07 12:27:12.335,1.3975,1.39775,1.70,2.40
2010.09.07 12:27:12.687,1.3975,1.39775,1.00,1.60
2010.09.07 12:27:13.012,1.3975,1.39775,1.60,1.60
2010.09.07 12:27:13.336,1.39745,1.39775,1.00,1.60
2010.09.07 12:27:13.776,1.3975,1.39775,1.60,1.60
2010.09.07 12:27:14.098,1.3975,1.39775,1.00,2.00
2010.09.07 12:27:14.754,1.3975,1.39775,1.00,1.60
2010.09.07 12:27:15.093,1.39745,1.39775,2.70,1.70
2010.09.07 12:27:16.051,1.39745,1.39775,2.00,2.10
2010.09.07 12:27:16.286,1.39745,1.3977,1.90,1.60
2010.09.07 12:27:16.751,1.39745,1.3977,1.00,1.60
2010.09.07 12:27:17.125,1.39745,1.3977,1.00,1.60
2010.09.07 12:27:17.483,1.39745,1.3977,1.00,1.60
2010.09.07 12:27:18.494,1.39745,1.39775,1.90,2.00
2010.09.07 12:27:18.775,1.3975,1.3978,1.00,2.10
2010.09.07 12:27:19.064,1.3975,1.3978,1.00,2.00
2010.09.07 12:27:19.527,1.3975,1.39775,1.00,1.00
2010.09.07 12:27:19.820,1.3975,1.3978,1.00,2.00
2010.09.07 12:27:20.672,1.3975,1.39775,1.00,1.00
2010.09.07 12:27:21.596,1.3975,1.39775,1.00,1.00
2010.09.07 12:27:21.903,1.39745,1.3977,1.60,1.00
2010.09.07 12:27:22.654,1.39745,1.3977,2.80,1.00
2010.09.07 12:27:22.993,1.3975,1.39775,1.60,1.60
2010.09.07 12:27:24.200,1.3975,1.39775,4.00,1.00
2010.09.07 12:27:24.370,1.3975,1.3978,4.30,1.60
2010.09.07 12:27:24.854,1.3975,1.3978,2.60,1.60
2010.09.07 12:27:25.204,1.39745,1.39775,5.00,1.00
2010.09.07 12:27:25.541,1.39745,1.39775,3.00,1.00
2010.09.07 12:27:25.881,1.39745,1.39775,2.60,1.30
2010.09.07 12:27:27.011,1.39745,1.3977,2.60,1.00
2010.09.07 12:27:27.799,1.3974,1.3976,1.00,1.60
2010.09.07 12:27:28.015,1.3974,1.3976,2.00,1.60
2010.09.07 12:27:28.375,1.3974,1.3976,2.10,1.60
2010.09.07 12:27:28.714,1.3974,1.39765,1.70,1.00
2010.09.07 12:27:29.703,1.3975,1.3977,1.60,3.20
2010.09.07 12:27:30.042,1.3974,1.3977,3.20,3.20
2010.09.07 12:27:30.381,1.39745,1.3977,1.20,1.00
2010.09.07 12:27:30.904,1.39745,1.3977,1.10,1.00
2010.09.07 12:27:31.125,1.3975,1.3978,1.10,3.40
2010.09.07 12:27:31.461,1.3975,1.3978,2.80,1.70
2010.09.07 12:27:32.141,1.3975,1.3978,2.70,1.70
2010.09.07 12:27:32.744,1.39755,1.39785,1.00,5.40
2010.09.07 12:27:32.982,1.39755,1.39785,1.10,5.20
2010.09.07 12:27:34.473,1.39755,1.39785,2.80,1.60
2010.09.07 12:27:35.002,1.3976,1.39785,1.60,1.60
2010.09.07 12:27:35.222,1.39765,1.39795,1.70,4.00
2010.09.07 12:27:35.435,1.39765,1.39795,2.80,4.10
2010.09.07 12:27:36.735,1.39765,1.39795,2.80,3.60
2010.09.07 12:27:37.066,1.3977,1.39795,1.00,3.60
2010.09.07 12:27:37.511,1.39765,1.39795,2.80,3.70
2010.09.07 12:27:37.818,1.39765,1.39795,2.80,3.60
2010.09.07 12:27:38.127,1.39775,1.398,1.60,3.20
2010.09.07 12:27:38.897,1.39775,1.398,1.60,2.40
2010.09.07 12:27:39.212,1.39775,1.398,1.70,2.40
2010.09.07 12:27:39.528,1.3978,1.398,1.60,2.40
2010.09.07 12:27:39.737,1.39775,1.39795,1.00,1.00
2010.09.07 12:27:40.260,1.39765,1.39795,1.50,1.20
2010.09.07 12:27:40.463,1.39765,1.39795,3.20,1.00
2010.09.07 12:27:40.661,1.39765,1.39795,2.80,1.00
2010.09.07 12:27:41.316,1.3977,1.39795,1.00,1.00
2010.09.07 12:27:41.664,1.3977,1.39795,1.00,1.00
2010.09.07 12:27:42.102,1.3977,1.39795,1.00,2.40
2010.09.07 12:27:43.079,1.3978,1.398,1.60,2.50
2010.09.07 12:27:43.295,1.3977,1.398,1.10,1.80
2010.09.07 12:27:43.673,1.3977,1.39795,1.00,1.00
2010.09.07 12:27:44.021,1.3978,1.398,1.00,2.50
2010.09.07 12:27:44.369,1.3978,1.398,2.00,1.00
2010.09.07 12:27:44.726,1.3978,1.39805,1.00,2.00
2010.09.07 12:27:45.385,1.39775,1.39805,4.80,2.00
2010.09.07 12:27:46.055,1.39775,1.39805,3.20,1.00
2010.09.07 12:27:46.407,1.3978,1.39805,1.00,1.00
2010.09.07 12:27:47.074,1.39785,1.3981,3.10,1.60
2010.09.07 12:27:47.395,1.39785,1.39815,2.70,3.20
2010.09.07 12:27:47.705,1.3979,1.39815,1.00,3.20
2010.09.07 12:27:48.304,1.39795,1.39815,1.60,1.00
2010.09.07 12:27:48.596,1.39795,1.3982,1.60,2.10
2010.09.07 12:27:48.890,1.39795,1.39815,1.60,1.00
2010.09.07 12:27:49.952,1.39795,1.3982,1.70,1.60
2010.09.07 12:27:50.064,1.398,1.39825,1.00,2.20
2010.09.07 12:27:50.370,1.39795,1.39825,2.80,3.80
2010.09.07 12:27:50.752,1.39795,1.3982,2.70,1.00
2010.09.07 12:27:51.414,1.39795,1.3982,1.00,2.00
2010.09.07 12:27:51.998,1.39795,1.3982,1.70,2.00
2010.09.07 12:27:52.215,1.3979,1.3982,2.80,2.10
2010.09.07 12:27:55.111,1.3979,1.3982,2.80,1.70
2010.09.07 12:27:55.495,1.3979,1.3982,2.80,2.10
2010.09.07 12:27:56.944,1.3979,1.39815,2.70,1.00
2010.09.07 12:27:57.267,1.39795,1.39815,1.00,1.00
2010.09.07 12:27:57.496,1.39795,1.3982,1.80,2.00
2010.09.07 12:27:57.715,1.39795,1.3982,1.00,1.60
2010.09.07 12:27:58.016,1.39805,1.3982,1.80,1.60
2010.09.07 12:27:58.337,1.39805,1.3982,1.80,1.00
2010.09.07 12:27:58.656,1.398,1.39825,1.00,1.00
2010.09.07 12:27:59.708,1.39805,1.39825,1.00,1.00
2010.09.07 12:27:59.972,1.398,1.3982,1.60,1.00
2010.09.07 12:28:00.231,1.39795,1.3982,1.00,1.00
2010.09.07 12:28:00.806,1.39795,1.3982,1.00,1.60
2010.09.07 12:28:01.156,1.3979,1.39815,2.20,1.00
2010.09.07 12:28:01.503,1.3979,1.39815,1.90,1.00
2010.09.07 12:28:02.285,1.398,1.39815,1.00,1.00
2010.09.07 12:28:02.532,1.3979,1.3982,3.00,1.60
2010.09.07 12:28:02.772,1.39795,1.3982,1.00,1.60
2010.09.07 12:28:03.358,1.3979,1.39815,1.00,3.20
2010.09.07 12:28:03.686,1.3979,1.39815,1.00,3.20
2010.09.07 12:28:04.015,1.3979,1.39815,1.80,1.60
2010.09.07 12:28:04.355,1.3979,1.39815,1.90,1.60
2010.09.07 12:28:04.954,1.3979,1.39815,2.20,1.00
2010.09.07 12:28:05.260,1.39795,1.3982,1.00,1.00
2010.09.07 12:28:06.285,1.3979,1.3982,3.50,1.20
2010.09.07 12:28:06.915,1.39795,1.39815,1.90,1.00
2010.09.07 12:28:07.177,1.39795,1.39815,1.00,1.00
2010.09.07 12:28:07.669,1.3979,1.3981,1.60,1.60
2010.09.07 12:28:07.927,1.39785,1.3981,1.00,1.60
2010.09.07 12:28:08.797,1.39785,1.3981,1.00,1.60
2010.09.07 12:28:09.151,1.39785,1.39805,1.00,1.00
2010.09.07 12:28:09.820,1.3979,1.39805,1.60,1.00
2010.09.07 12:28:10.160,1.3978,1.3981,1.10,3.70
2010.09.07 12:28:10.406,1.3978,1.3981,2.80,3.70
2010.09.07 12:28:10.647,1.3978,1.39805,2.70,1.00
2010.09.07 12:28:11.196,1.3978,1.3981,2.80,3.40
2010.09.07 12:28:11.543,1.3978,1.39805,3.50,1.00
2010.09.07 12:28:11.882,1.3978,1.39805,2.70,1.00
2010.09.07 12:28:12.762,1.39785,1.3981,1.00,2.90
2010.09.07 12:28:13.379,1.39785,1.3981,1.00,1.70
2010.09.07 12:28:13.712,1.39785,1.3981,2.10,1.00
2010.09.07 12:28:14.047,1.39785,1.3981,1.00,2.50
2010.09.07 12:28:14.563,1.39785,1.3981,1.00,1.70
2010.09.07 12:28:14.793,1.39785,1.3981,1.00,2.90
2010.09.07 12:28:15.015,1.39785,1.3981,1.00,2.80
2010.09.07 12:28:15.244,1.39785,1.3981,1.00,2.40
2010.09.07 12:28:15.914,1.39785,1.3981,1.00,2.80
2010.09.07 12:28:16.251,1.39785,1.3981,1.00,1.60
2010.09.07 12:28:16.592,1.39785,1.3981,2.10,1.00
2010.09.07 12:28:16.926,1.39785,1.3981,3.70,1.00
2010.09.07 12:28:17.272,1.3981,1.3982,1.00,1.60
2010.09.07 12:28:17.937,1.3981,1.39825,1.00,1.00
2010.09.07 12:28:18.273,1.3981,1.3983,1.00,1.60
2010.09.07 12:28:19.695,1.3981,1.3983,1.00,1.70
2010.09.07 12:28:19.841,1.39805,1.3983,1.60,1.70
2010.09.07 12:28:19.991,1.39805,1.3983,1.60,1.60
2010.09.07 12:28:20.142,1.398,1.3983,3.00,1.60
2010.09.07 12:28:20.571,1.398,1.3983,3.40,1.60
2010.09.07 12:28:20.721,1.39805,1.3983,1.00,1.60
2010.09.07 12:28:21.075,1.3981,1.3983,1.60,1.00
2010.09.07 12:28:21.420,1.398,1.39825,1.00,5.00
2010.09.07 12:28:22.346,1.398,1.39825,1.00,4.90
2010.09.07 12:28:23.982,1.398,1.3982,1.00,1.00
2010.09.07 12:28:26.043,1.3981,1.3982,1.80,1.00
2010.09.07 12:28:26.525,1.3981,1.3982,1.00,1.00
2010.09.07 12:28:26.707,1.398,1.39815,1.00,1.60
2010.09.07 12:28:26.879,1.398,1.3982,1.60,1.00
2010.09.07 12:28:27.361,1.3979,1.39815,2.80,1.60
2010.09.07 12:28:27.709,1.3979,1.39815,3.30,1.00
2010.09.07 12:28:28.595,1.39795,1.3982,1.00,1.00
2010.09.07 12:28:29.086,1.39795,1.3982,1.00,1.00
2010.09.07 12:28:30.158,1.3979,1.39815,2.10,1.00
2010.09.07 12:28:30.398,1.3979,1.39815,2.40,1.00
2010.09.07 12:28:30.637,1.3979,1.39815,1.00,2.40
2010.09.07 12:28:31.197,1.3979,1.39805,1.00,1.00
2010.09.07 12:28:31.549,1.3978,1.39805,2.00,1.60
2010.09.07 12:28:32.214,1.3978,1.39805,1.00,1.00
2010.09.07 12:28:32.527,1.3978,1.3981,2.20,3.20
2010.09.07 12:28:32.839,1.3978,1.3981,2.20,2.40
2010.09.07 12:28:33.166,1.3978,1.3981,2.20,3.20
2010.09.07 12:28:33.478,1.3978,1.3981,2.60,2.40
2010.09.07 12:28:33.821,1.3978,1.3981,2.60,1.60
2010.09.07 12:28:35.012,1.3978,1.3981,2.60,1.60
2010.09.07 12:28:36.041,1.3978,1.3981,2.50,1.70
2010.09.07 12:28:37.020,1.3978,1.3981,2.50,3.40
2010.09.07 12:28:39.883,1.3978,1.39805,2.10,1.00
2010.09.07 12:28:40.082,1.3978,1.39805,2.10,1.00
2010.09.07 12:28:40.956,1.3978,1.39805,1.80,2.40
2010.09.07 12:28:41.212,1.3979,1.39805,1.80,3.20
2010.09.07 12:28:41.459,1.3978,1.39805,4.40,1.00
2010.09.07 12:28:41.921,1.3978,1.39805,2.10,1.00
2010.09.07 12:28:42.170,1.3978,1.39805,2.10,1.00
2010.09.07 12:28:42.478,1.3978,1.39805,1.60,8.40
2010.09.07 12:28:43.098,1.39765,1.39795,4.40,3.40
2010.09.07 12:28:43.397,1.39765,1.39795,1.20,3.40
2010.09.07 12:28:44.391,1.39765,1.39795,1.30,3.30
2010.09.07 12:28:44.653,1.39765,1.3979,1.20,1.00
2010.09.07 12:28:45.970,1.39765,1.39785,1.20,1.00
2010.09.07 12:28:46.656,1.39765,1.39785,1.00,1.00
2010.09.07 12:28:46.954,1.39765,1.39785,1.00,1.00
2010.09.07 12:28:47.101,1.39765,1.39785,1.00,1.00
2010.09.07 12:28:47.436,1.39765,1.39785,1.00,1.00
2010.09.07 12:28:47.599,1.39765,1.3979,1.00,1.00
2010.09.07 12:28:47.743,1.39765,1.39785,1.00,1.00
2010.09.07 12:28:48.429,1.39765,1.39785,1.00,1.00
2010.09.07 12:28:48.822,1.39765,1.39785,1.00,1.00
2010.09.07 12:28:48.979,1.3976,1.39785,1.00,2.60
2010.09.07 12:28:49.901,1.3976,1.39785,1.90,2.60
2010.09.07 12:28:50.248,1.3976,1.39785,1.60,1.00
2010.09.07 12:28:50.596,1.39765,1.3979,1.00,1.00
2010.09.07 12:28:50.949,1.39765,1.3979,1.20,1.00
2010.09.07 12:28:51.297,1.39765,1.39795,1.30,1.60
2010.09.07 12:28:51.646,1.39765,1.39795,1.20,1.60
2010.09.07 12:28:52.585,1.39765,1.39795,1.30,1.60
2010.09.07 12:28:52.911,1.39765,1.39785,1.10,1.60
2010.09.07 12:28:53.224,1.3976,1.39785,1.70,1.60
2010.09.07 12:28:53.883,1.3976,1.39785,1.30,1.60
2010.09.07 12:28:56.105,1.39765,1.39785,1.00,1.60
2010.09.07 12:28:56.313,1.3977,1.39785,1.00,1.60
2010.09.07 12:28:56.656,1.39765,1.3979,1.00,2.40
2010.09.07 12:28:57.648,1.3976,1.39785,1.30,1.60
2010.09.07 12:28:59.531,1.3976,1.39785,1.00,1.60
2010.09.07 12:28:59.751,1.3976,1.3979,2.20,3.20
2010.09.07 12:28:59.861,1.3976,1.3979,3.80,3.20
2010.09.07 12:29:01.064,1.3976,1.39785,1.00,1.60
2010.09.07 12:29:02.528,1.3976,1.3978,1.00,1.00
2010.09.07 12:29:02.824,1.3976,1.3978,1.00,1.00
2010.09.07 12:29:10.473,1.39755,1.3978,1.00,1.00
2010.09.07 12:29:10.953,1.39755,1.39775,1.00,1.00
2010.09.07 12:29:11.879,1.39755,1.39775,1.00,1.60
2010.09.07 12:29:12.056,1.39755,1.39775,1.00,1.60
2010.09.07 12:29:12.231,1.39755,1.3978,1.00,1.00
2010.09.07 12:29:13.651,1.39755,1.3978,1.00,1.00
2010.09.07 12:29:14.541,1.39755,1.3978,1.70,1.00
2010.09.07 12:29:14.702,1.3976,1.3978,1.00,1.00
2010.09.07 12:29:15.033,1.3976,1.39785,2.10,1.00
2010.09.07 12:29:16.100,1.3976,1.39785,1.00,1.00
2010.09.07 12:29:17.156,1.39765,1.3979,1.00,2.40
2010.09.07 12:29:18.784,1.3976,1.39785,1.00,1.60
2010.09.07 12:29:19.097,1.3976,1.3979,3.80,3.20
2010.09.07 12:29:19.313,1.3976,1.3979,4.20,2.40
2010.09.07 12:29:19.532,1.3976,1.3979,3.40,2.40
2010.09.07 12:29:20.287,1.39765,1.3979,1.00,2.40
2010.09.07 12:29:21.251,1.3976,1.39785,1.10,1.60
2010.09.07 12:29:21.387,1.39765,1.39785,1.00,1.60
2010.09.07 12:29:21.619,1.39765,1.3979,1.00,2.40
2010.09.07 12:29:22.372,1.39765,1.3979,1.00,1.00
2010.09.07 12:29:22.644,1.39765,1.3979,1.00,1.00
2010.09.07 12:29:23.183,1.39765,1.3979,1.00,2.10
2010.09.07 12:29:23.827,1.3976,1.3979,2.50,2.00
2010.09.07 12:29:24.451,1.3976,1.39785,1.60,3.40
2010.09.07 12:29:24.777,1.3976,1.39775,1.60,1.00
2010.09.07 12:29:25.127,1.39765,1.39785,1.00,1.70
2010.09.07 12:29:25.479,1.39755,1.39785,4.40,3.40
2010.09.07 12:29:25.827,1.39755,1.3978,1.60,1.00
2010.09.07 12:29:26.179,1.3976,1.39785,1.60,3.40
2010.09.07 12:29:26.527,1.3976,1.3978,1.60,1.00
2010.09.07 12:29:27.035,1.3976,1.39775,1.60,1.00
2010.09.07 12:29:27.295,1.39755,1.3977,1.60,1.60
2010.09.07 12:29:27.879,1.39745,1.39765,1.80,1.60
2010.09.07 12:29:28.194,1.39745,1.39775,1.00,3.30
2010.09.07 12:29:28.896,1.3974,1.3977,1.70,1.60
2010.09.07 12:29:29.247,1.3974,1.3977,1.00,1.70
2010.09.07 12:29:29.941,1.39745,1.39765,3.70,1.00
2010.09.07 12:29:30.283,1.39745,1.39765,1.80,1.00
2010.09.07 12:29:30.997,1.3974,1.3977,1.00,1.00
2010.09.07 12:29:31.348,1.3974,1.3976,1.00,1.60
2010.09.07 12:29:31.696,1.39735,1.3976,2.60,1.60
2010.09.07 12:29:32.048,1.3974,1.3976,1.00,1.60
2010.09.07 12:29:32.359,1.39745,1.3977,1.00,1.20
2010.09.07 12:29:33.297,1.39745,1.39765,1.00,1.00
2010.09.07 12:29:33.611,1.3974,1.39745,1.00,1.60
2010.09.07 12:29:33.932,1.3974,1.39745,1.00,1.60
2010.09.07 12:29:34.935,1.3974,1.39745,1.00,1.60
2010.09.07 12:29:35.327,1.3974,1.39745,1.00,1.60
2010.09.07 12:29:36.086,1.3974,1.39755,1.00,1.60
2010.09.07 12:29:36.379,1.3974,1.3976,1.00,1.20
2010.09.07 12:29:36.728,1.39725,1.3973,7.10,1.60
2010.09.07 12:29:37.077,1.3974,1.3976,1.00,1.20
2010.09.07 12:29:37.424,1.39735,1.3976,2.10,1.20
2010.09.07 12:29:38.374,1.3973,1.39735,2.20,1.60
2010.09.07 12:29:38.548,1.39735,1.3976,1.00,1.20
2010.09.07 12:29:38.724,1.39735,1.39765,1.00,2.40
2010.09.07 12:29:38.893,1.39735,1.3974,1.00,1.60
2010.09.07 12:29:39.410,1.3974,1.39765,1.00,3.70
2010.09.07 12:29:39.689,1.3974,1.39745,1.00,1.60
2010.09.07 12:29:39.958,1.3974,1.39745,1.00,1.60
2010.09.07 12:29:40.547,1.39735,1.39745,1.00,1.60
2010.09.07 12:29:40.847,1.3974,1.39745,1.00,1.60
2010.09.07 12:29:41.146,1.39735,1.39745,1.00,1.60
2010.09.07 12:29:41.445,1.39735,1.39745,1.00,1.60
2010.09.07 12:29:42.096,1.39735,1.39745,1.00,1.60
2010.09.07 12:29:42.433,1.3974,1.39745,1.00,1.60
2010.09.07 12:29:44.709,1.3973,1.39745,1.10,1.60
2010.09.07 12:29:45.059,1.39735,1.39745,1.60,1.60
2010.09.07 12:29:45.410,1.39725,1.3973,4.20,1.60
2010.09.07 12:29:45.614,1.39725,1.39735,2.70,1.60
2010.09.07 12:29:45.811,1.39725,1.39735,2.60,1.60
2010.09.07 12:29:46.403,1.39725,1.39735,1.00,1.60
2010.09.07 12:29:46.941,1.3972,1.39735,3.20,1.60
2010.09.07 12:29:48.672,1.3972,1.39735,3.00,1.60
2010.09.07 12:29:49.097,1.3972,1.3973,2.60,1.60
2010.09.07 12:29:49.280,1.3972,1.3974,1.00,1.60
2010.09.07 12:29:49.567,1.3972,1.3973,1.00,1.60
2010.09.07 12:29:50.262,1.39715,1.39725,1.00,1.60
2010.09.07 12:29:51.003,1.39715,1.39725,1.80,1.60
2010.09.07 12:29:51.373,1.3972,1.3973,1.00,1.60
2010.09.07 12:29:52.402,1.3971,1.3972,2.30,1.60
2010.09.07 12:29:52.706,1.3971,1.3972,1.10,1.60
2010.09.07 12:29:53.015,1.3971,1.3972,1.00,1.60
2010.09.07 12:29:53.667,1.39705,1.39725,3.10,1.60
2010.09.07 12:29:54.885,1.3971,1.39725,1.00,1.60
2010.09.07 12:29:55.139,1.39715,1.39725,1.00,1.60
2010.09.07 12:29:55.390,1.3971,1.39715,1.00,1.60
2010.09.07 12:29:55.884,1.39715,1.3973,1.00,1.60
2010.09.07 12:30:00.125,1.3971,1.39725,1.00,1.60
2010.09.07 12:30:01.296,1.3971,1.39735,3.40,1.60
2010.09.07 12:30:01.539,1.39715,1.3973,1.00,1.60
2010.09.07 12:30:03.288,1.3971,1.3973,1.00,1.60
2010.09.07 12:30:04.232,1.3971,1.3973,1.10,1.60
2010.09.07 12:30:05.922,1.3971,1.3973,3.10,1.60
2010.09.07 12:30:06.133,1.3972,1.39735,1.00,1.60
2010.09.07 12:30:06.702,1.39725,1.39735,1.00,1.60
2010.09.07 12:30:06.917,1.39725,1.39745,1.00,1.60
2010.09.07 12:30:07.604,1.39725,1.39745,1.10,1.60
2010.09.07 12:30:07.946,1.39725,1.39745,2.70,1.60
2010.09.07 12:30:08.259,1.3973,1.39745,1.00,1.60
2010.09.07 12:30:08.570,1.3973,1.39745,1.00,1.60
2010.09.07 12:30:09.574,1.3973,1.39745,1.00,1.60
2010.09.07 12:30:09.822,1.39725,1.39745,2.70,1.60
2010.09.07 12:30:10.674,1.39725,1.39745,2.60,1.60
2010.09.07 12:30:10.924,1.3972,1.3974,1.10,1.60
2010.09.07 12:30:11.833,1.3972,1.3975,1.10,8.80
2010.09.07 12:30:12.174,1.3972,1.3974,1.10,1.60
2010.09.07 12:30:12.548,1.3972,1.3975,1.10,2.80
2010.09.07 12:30:12.900,1.3972,1.3975,1.10,1.20
2010.09.07 12:30:13.585,1.3972,1.3975,1.00,1.20
2010.09.07 12:30:14.419,1.3972,1.39745,1.10,1.00
2010.09.07 12:30:16.431,1.3972,1.39745,1.00,1.00
2010.09.07 12:30:17.995,1.39725,1.39745,1.00,1.00
2010.09.07 12:30:18.460,1.39725,1.39745,1.10,1.00
2010.09.07 12:30:18.690,1.39725,1.39745,1.00,2.40
2010.09.07 12:30:21.386,1.39725,1.39745,1.00,2.80
2010.09.07 12:30:22.661,1.39725,1.39745,1.00,2.40
2010.09.07 12:30:22.998,1.39725,1.39745,1.00,2.40
2010.09.07 12:30:23.126,1.39725,1.39745,1.00,2.40
2010.09.07 12:30:23.619,1.39725,1.39745,1.00,1.00
2010.09.07 12:30:23.750,1.39725,1.39745,1.00,2.40
2010.09.07 12:30:24.531,1.39725,1.39745,1.10,1.00
2010.09.07 12:30:24.879,1.39725,1.39745,1.00,1.00
2010.09.07 12:30:26.357,1.39725,1.39745,1.00,2.40
2010.09.07 12:30:26.704,1.39725,1.39745,1.00,1.00
2010.09.07 12:30:27.214,1.39725,1.39745,1.00,2.40
2010.09.07 12:30:27.530,1.39725,1.39745,1.00,1.00
2010.09.07 12:30:28.155,1.39725,1.39745,1.00,1.00
2010.09.07 12:30:28.787,1.3972,1.39745,2.80,1.00
2010.09.07 12:30:29.053,1.3972,1.39745,2.70,1.20
2010.09.07 12:30:29.630,1.3972,1.39745,1.00,3.60
2010.09.07 12:30:29.928,1.3972,1.39745,1.00,2.40
2010.09.07 12:30:30.217,1.3972,1.39745,1.00,3.30
2010.09.07 12:30:30.815,1.3972,1.39735,1.00,1.60
2010.09.07 12:30:32.176,1.3972,1.3974,1.00,1.00
2010.09.07 12:30:32.529,1.3972,1.39745,1.00,5.00
2010.09.07 12:30:33.174,1.3971,1.39735,1.00,1.60
2010.09.07 12:30:33.506,1.39715,1.39735,1.60,1.00
2010.09.07 12:30:33.826,1.3971,1.39735,1.00,1.00
2010.09.07 12:30:34.468,1.3971,1.39735,2.80,1.00
2010.09.07 12:30:34.824,1.39705,1.3973,2.60,1.60
2010.09.07 12:30:35.149,1.39705,1.39735,2.60,2.10
2010.09.07 12:30:35.723,1.39705,1.39735,2.70,2.00
2010.09.07 12:30:36.364,1.3971,1.39735,1.00,2.00
2010.09.07 12:30:37.541,1.39705,1.39735,2.70,2.00
2010.09.07 12:30:38.242,1.39715,1.39735,1.00,1.60
2010.09.07 12:30:38.884,1.39715,1.3974,1.60,1.60
2010.09.07 12:30:39.535,1.3971,1.3974,1.00,1.60
2010.09.07 12:30:39.822,1.39705,1.39735,1.80,1.60
2010.09.07 12:30:40.669,1.39705,1.39735,4.70,1.70
2010.09.07 12:30:41.028,1.3972,1.39745,1.00,1.00
2010.09.07 12:30:41.377,1.39715,1.3974,1.60,2.40
2010.09.07 12:30:42.080,1.39725,1.39745,1.00,1.00
2010.09.07 12:30:42.419,1.39725,1.39745,1.00,1.00
2010.09.07 12:30:42.915,1.39725,1.39745,1.00,1.00
2010.09.07 12:30:43.203,1.39725,1.39745,1.00,1.00
2010.09.07 12:30:43.489,1.39725,1.39745,1.60,1.00
2010.09.07 12:30:45.027,1.3973,1.39745,1.00,1.00
2010.09.07 12:30:46.146,1.39725,1.39745,1.90,1.00
2010.09.07 12:30:46.752,1.39725,1.39745,1.60,1.00
2010.09.07 12:30:47.435,1.39735,1.39745,1.00,1.00
2010.09.07 12:30:48.163,1.3973,1.39745,1.10,1.00
2010.09.07 12:30:48.468,1.3973,1.39745,1.00,1.00
2010.09.07 12:30:48.775,1.39725,1.39745,2.70,1.00
2010.09.07 12:30:49.390,1.39735,1.39745,1.00,1.00
2010.09.07 12:30:49.686,1.3973,1.39745,1.10,1.00
2010.09.07 12:30:50.568,1.3973,1.39745,1.00,1.00
2010.09.07 12:30:50.824,1.39725,1.39745,2.60,1.00
2010.09.07 12:30:51.506,1.3973,1.39745,1.00,1.00
2010.09.07 12:30:52.707,1.3973,1.39745,1.00,1.00
2010.09.07 12:30:53.047,1.39725,1.39745,2.70,1.00
2010.09.07 12:30:53.391,1.39725,1.39745,2.40,1.00
2010.09.07 12:30:53.722,1.3973,1.39745,1.80,1.00
2010.09.07 12:30:54.050,1.39735,1.39745,1.00,1.00
2010.09.07 12:30:55.263,1.39725,1.39745,1.00,1.60
2010.09.07 12:30:56.612,1.39735,1.39745,1.00,1.00
2010.09.07 12:30:56.959,1.3973,1.39745,1.00,1.00
2010.09.07 12:30:57.409,1.3973,1.39745,1.00,2.40
2010.09.07 12:30:57.687,1.3973,1.39745,1.00,1.00
2010.09.07 12:31:00.417,1.39725,1.39745,1.60,1.00
2010.09.07 12:31:00.680,1.39725,1.39745,4.40,1.00
2010.09.07 12:31:02.133,1.3973,1.39745,1.00,1.00
2010.09.07 12:31:03.251,1.39725,1.39745,5.20,1.00
2010.09.07 12:31:03.790,1.39725,1.39745,4.40,1.00
2010.09.07 12:31:04.334,1.39735,1.39755,1.00,1.60
2010.09.07 12:31:05.016,1.39735,1.39755,1.10,1.60
2010.09.07 12:31:06.285,1.3973,1.39755,1.00,1.60
2010.09.07 12:31:07.086,1.3973,1.39755,1.00,2.40
2010.09.07 12:31:07.335,1.3973,1.39745,1.00,1.60
2010.09.07 12:31:09.838,1.3973,1.39755,1.00,2.40
2010.09.07 12:31:10.167,1.39725,1.39755,1.50,2.40
2010.09.07 12:31:10.491,1.39725,1.39755,3.10,2.40
2010.09.07 12:31:10.824,1.3973,1.39755,1.00,1.60
2010.09.07 12:31:11.128,1.39735,1.39755,1.00,1.60
2010.09.07 12:31:13.104,1.3974,1.39765,1.00,4.00
2010.09.07 12:31:13.690,1.39735,1.39765,2.30,3.30
2010.09.07 12:31:13.953,1.39735,1.39765,1.00,3.30
2010.09.07 12:31:14.221,1.39735,1.39765,1.00,3.30
2010.09.07 12:31:14.914,1.39735,1.39765,1.00,3.20
2010.09.07 12:31:15.256,1.3974,1.39755,1.00,1.60
2010.09.07 12:31:15.920,1.39735,1.39755,1.00,1.60
2010.09.07 12:31:16.609,1.3974,1.39765,1.00,5.20
2010.09.07 12:31:16.794,1.39735,1.39765,1.40,4.60
2010.09.07 12:31:17.124,1.39735,1.39765,1.40,3.80
2010.09.07 12:31:17.321,1.39735,1.39755,1.00,1.60
2010.09.07 12:31:18.348,1.3973,1.3976,1.00,1.60
2010.09.07 12:31:18.693,1.3973,1.3976,1.00,1.70
2010.09.07 12:31:19.490,1.3973,1.3976,1.00,1.60
2010.09.07 12:31:20.749,1.3973,1.3976,2.00,1.60
2010.09.07 12:31:21.058,1.39735,1.39755,1.10,1.60
2010.09.07 12:31:22.021,1.39735,1.39755,1.00,1.60
2010.09.07 12:31:25.171,1.3973,1.39755,1.10,1.60
2010.09.07 12:31:27.262,1.3973,1.39755,1.00,1.80
2010.09.07 12:31:27.462,1.3973,1.39755,1.00,2.40
2010.09.07 12:31:28.376,1.3973,1.3975,1.10,1.60
2010.09.07 12:31:29.606,1.39725,1.3975,1.00,1.60
2010.09.07 12:31:30.890,1.39725,1.3974,1.00,1.60
2010.09.07 12:31:31.391,1.3972,1.3974,1.00,1.60
2010.09.07 12:31:32.254,1.39725,1.3974,1.00,1.60
2010.09.07 12:31:32.597,1.3972,1.39745,2.50,1.00
2010.09.07 12:31:33.034,1.3972,1.3975,2.80,1.60
2010.09.07 12:31:33.264,1.39725,1.3975,1.00,1.60
2010.09.07 12:31:34.311,1.3973,1.3975,1.00,1.60
2010.09.07 12:31:35.531,1.39725,1.3975,1.00,1.60
2010.09.07 12:31:35.730,1.39725,1.39745,1.00,1.60
2010.09.07 12:31:35.934,1.3972,1.39745,1.00,3.20
2010.09.07 12:31:36.297,1.3972,1.39735,1.00,1.00
2010.09.07 12:31:36.498,1.39725,1.3974,1.00,1.60
2010.09.07 12:31:36.848,1.39715,1.3974,2.40,1.60
2010.09.07 12:31:37.297,1.3972,1.3974,1.00,1.60
2010.09.07 12:31:37.894,1.39715,1.3974,1.00,1.60
2010.09.07 12:31:38.394,1.3972,1.39745,1.00,3.20
2010.09.07 12:31:38.947,1.39725,1.39745,1.00,3.20
2010.09.07 12:31:39.139,1.3972,1.3974,1.00,1.60
2010.09.07 12:31:39.325,1.39715,1.39745,2.00,1.60
2010.09.07 12:31:39.676,1.39715,1.39745,2.80,1.60
2010.09.07 12:31:39.873,1.3972,1.39745,1.00,1.00
2010.09.07 12:31:40.063,1.3972,1.39745,1.50,1.00
2010.09.07 12:31:41.169,1.39725,1.3975,1.00,2.40
2010.09.07 12:31:41.815,1.39725,1.3975,1.40,1.60
2010.09.07 12:31:42.307,1.39725,1.3975,1.00,1.00
2010.09.07 12:31:42.601,1.3972,1.3974,1.00,3.20
2010.09.07 12:31:44.066,1.3972,1.3974,1.00,1.60
2010.09.07 12:31:45.070,1.3972,1.3974,1.00,3.20
2010.09.07 12:31:45.686,1.3972,1.39745,1.00,2.40
2010.09.07 12:31:46.234,1.3972,1.3975,1.70,3.20
2010.09.07 12:31:46.573,1.39725,1.3975,1.00,3.20
2010.09.07 12:31:47.603,1.39725,1.3975,1.00,2.40
2010.09.07 12:31:47.864,1.3973,1.3975,1.00,2.40
2010.09.07 12:31:48.383,1.39725,1.3975,1.00,2.40
2010.09.07 12:31:48.715,1.39725,1.39745,1.00,1.00
2010.09.07 12:31:49.042,1.39725,1.3975,1.60,3.20
2010.09.07 12:31:49.369,1.39735,1.3975,1.00,1.60
2010.09.07 12:31:49.578,1.39725,1.3975,2.40,1.60
2010.09.07 12:31:49.905,1.39725,1.39755,2.40,2.00
2010.09.07 12:31:50.114,1.3973,1.39755,1.00,2.00
2010.09.07 12:31:51.501,1.3973,1.39755,1.70,1.00
2010.09.07 12:31:51.802,1.3973,1.3975,1.00,1.60
2010.09.07 12:31:51.951,1.3974,1.3976,1.60,1.20
2010.09.07 12:31:52.409,1.39745,1.3977,1.00,4.90
2010.09.07 12:31:52.568,1.39745,1.3977,1.90,1.00
2010.09.07 12:31:52.913,1.39745,1.39775,1.90,3.70
2010.09.07 12:31:53.254,1.39745,1.39775,1.90,4.50
2010.09.07 12:31:53.902,1.39745,1.39775,4.30,4.20
2010.09.07 12:31:54.087,1.39745,1.39775,6.30,2.60
2010.09.07 12:31:54.265,1.3975,1.39775,1.00,2.40
2010.09.07 12:31:54.905,1.3975,1.39775,1.10,1.60
2010.09.07 12:31:55.253,1.3975,1.39775,3.10,1.60
2010.09.07 12:31:55.593,1.3975,1.39775,1.50,1.60
2010.09.07 12:31:57.390,1.39755,1.39775,1.00,1.60
2010.09.07 12:31:57.681,1.3975,1.39775,1.10,1.60
2010.09.07 12:31:58.123,1.3975,1.39775,1.10,2.40
2010.09.07 12:31:58.283,1.39745,1.39765,1.90,1.60
2010.09.07 12:31:58.584,1.39745,1.39765,1.00,1.60
2010.09.07 12:31:59.533,1.39745,1.39765,1.00,1.60
2010.09.07 12:32:00.715,1.39745,1.39765,1.00,1.60
2010.09.07 12:32:02.491,1.3974,1.39765,1.50,1.60
2010.09.07 12:32:06.851,1.3974,1.39765,1.40,1.60
2010.09.07 12:32:10.350,1.3974,1.39765,1.50,1.60
2010.09.07 12:32:10.869,1.39745,1.39775,2.80,1.60
2010.09.07 12:32:10.977,1.3975,1.39775,1.00,2.00
2010.09.07 12:32:11.083,1.39745,1.3977,1.00,1.60
2010.09.07 12:32:11.427,1.39745,1.3977,1.60,1.00
2010.09.07 12:32:11.784,1.39735,1.39765,3.10,1.60
2010.09.07 12:32:12.128,1.39735,1.3976,2.20,1.00
2010.09.07 12:32:12.395,1.39735,1.3976,1.80,2.40
2010.09.07 12:32:12.978,1.39735,1.3976,1.00,2.40
2010.09.07 12:32:13.807,1.39735,1.3976,1.80,2.50
2010.09.07 12:32:14.182,1.39735,1.3976,1.00,2.50
2010.09.07 12:32:14.467,1.39735,1.3976,1.00,1.00
2010.09.07 12:32:16.276,1.3974,1.3976,1.60,1.00
2010.09.07 12:32:19.982,1.3974,1.3976,1.60,1.00
2010.09.07 12:32:20.252,1.3974,1.39765,3.20,1.60
2010.09.07 12:32:20.484,1.3974,1.39765,2.00,1.60
2010.09.07 12:32:22.470,1.3974,1.3977,2.00,3.70
2010.09.07 12:32:22.711,1.3974,1.3977,3.20,3.20
2010.09.07 12:32:22.861,1.39745,1.3977,1.60,1.60
2010.09.07 12:32:23.011,1.39745,1.3977,1.60,1.00
2010.09.07 12:32:23.489,1.39745,1.39765,1.00,2.40
2010.09.07 12:32:23.771,1.3974,1.39765,1.10,2.40
2010.09.07 12:32:24.698,1.3975,1.39765,1.00,1.60
2010.09.07 12:32:26.026,1.3974,1.39765,1.50,1.60
2010.09.07 12:32:27.201,1.3974,1.39765,1.10,1.60
2010.09.07 12:32:27.544,1.39745,1.39765,1.00,1.60
2010.09.07 12:32:27.887,1.3975,1.39775,1.00,1.20
2010.09.07 12:32:28.576,1.39745,1.3977,1.00,2.40
2010.09.07 12:32:29.222,1.39745,1.3977,1.00,2.80
2010.09.07 12:32:30.365,1.39745,1.3977,1.00,3.20
2010.09.07 12:32:30.545,1.39745,1.3976,1.00,1.60
2010.09.07 12:32:32.539,1.39745,1.3976,1.00,1.60
2010.09.07 12:32:32.743,1.39745,1.3977,1.00,3.60
2010.09.07 12:32:36.600,1.39745,1.3977,1.00,3.80
2010.09.07 12:32:37.081,1.39745,1.3977,1.00,4.60
2010.09.07 12:32:39.955,1.39745,1.3977,1.00,4.40
2010.09.07 12:32:40.170,1.39745,1.3977,1.00,4.00
2010.09.07 12:32:40.279,1.39745,1.3977,1.00,3.20
2010.09.07 12:32:42.884,1.39745,1.3977,1.00,4.00
2010.09.07 12:32:43.362,1.3974,1.3977,2.00,5.40
2010.09.07 12:32:43.485,1.3974,1.39765,2.00,1.00
2010.09.07 12:32:43.601,1.3974,1.3977,2.00,5.40
2010.09.07 12:32:44.200,1.3974,1.3977,2.00,4.60
2010.09.07 12:32:45.293,1.3974,1.39765,1.90,1.00
2010.09.07 12:32:45.410,1.3974,1.39765,1.90,1.00
2010.09.07 12:32:45.471,1.3974,1.39765,1.60,2.10
2010.09.07 12:32:45.735,1.3974,1.39765,1.60,1.70
2010.09.07 12:32:46.252,1.3974,1.39765,1.60,2.10
2010.09.07 12:32:46.592,1.3974,1.39765,1.60,2.90
2010.09.07 12:32:46.931,1.3974,1.39765,1.60,2.10
2010.09.07 12:32:48.721,1.3974,1.39765,1.70,2.00
2010.09.07 12:32:49.167,1.3974,1.39765,1.00,3.60
2010.09.07 12:32:51.250,1.3974,1.3976,1.00,3.20
2010.09.07 12:32:51.344,1.39735,1.3976,1.00,3.20
2010.09.07 12:32:52.230,1.39735,1.3976,1.00,3.60
2010.09.07 12:32:53.642,1.3973,1.39755,1.60,1.00
2010.09.07 12:32:53.857,1.3973,1.39755,1.00,1.70
2010.09.07 12:32:54.350,1.3974,1.39755,1.60,1.00
2010.09.07 12:32:54.565,1.3974,1.39765,1.70,1.60
2010.09.07 12:32:54.782,1.3974,1.39765,1.70,1.00
2010.09.07 12:32:55.279,1.3974,1.39765,2.80,1.00
2010.09.07 12:32:55.638,1.39745,1.39765,1.00,1.00
2010.09.07 12:32:56.198,1.3974,1.39765,1.00,1.20
2010.09.07 12:32:56.530,1.3974,1.39765,1.00,1.00
2010.09.07 12:32:56.815,1.39735,1.39765,2.70,1.60
2010.09.07 12:32:57.720,1.3974,1.39765,1.60,1.60
2010.09.07 12:32:58.057,1.3974,1.39765,1.00,1.00
2010.09.07 12:32:58.333,1.39735,1.3976,1.90,1.60
2010.09.07 12:32:58.709,1.39735,1.3976,1.90,1.00
2010.09.07 12:32:58.989,1.3974,1.39765,1.00,2.80
2010.09.07 12:32:59.267,1.39735,1.39765,1.80,1.60
2010.09.07 12:32:59.947,1.39735,1.39765,2.20,1.60
2010.09.07 12:33:00.312,1.39745,1.3977,1.60,1.60
2010.09.07 12:33:00.956,1.39745,1.3977,3.20,1.60
2010.09.07 12:33:01.279,1.39745,1.3977,1.60,1.60
2010.09.07 12:33:01.619,1.3975,1.3977,1.00,1.60
2010.09.07 12:33:02.271,1.3975,1.3978,1.90,2.10
2010.09.07 12:33:02.554,1.39745,1.3977,1.10,1.60
2010.09.07 12:33:02.828,1.39745,1.39775,1.50,1.60
2010.09.07 12:33:03.388,1.39745,1.39775,3.10,1.60
2010.09.07 12:33:03.736,1.3975,1.3978,1.00,3.20
2010.09.07 12:33:04.081,1.3975,1.3978,1.00,1.60
2010.09.07 12:33:04.848,1.39755,1.3978,1.60,1.60
2010.09.07 12:33:05.128,1.39755,1.3978,1.00,2.00
2010.09.07 12:33:06.696,1.3975,1.3978,1.00,2.00
2010.09.07 12:33:07.163,1.3976,1.39785,1.00,1.00
2010.09.07 12:33:07.324,1.3976,1.3979,1.90,2.00
2010.09.07 12:33:07.799,1.3976,1.39785,2.00,2.40
2010.09.07 12:33:08.104,1.39755,1.39775,1.00,1.60
2010.09.07 12:33:08.574,1.3975,1.39775,1.00,2.40
2010.09.07 12:33:08.874,1.39745,1.3977,3.30,1.00
2010.09.07 12:33:10.393,1.3975,1.3977,1.00,1.00
2010.09.07 12:33:10.892,1.3975,1.39775,1.00,2.40
2010.09.07 12:33:11.598,1.39745,1.39775,2.30,3.20
2010.09.07 12:33:11.946,1.3974,1.3977,1.50,1.00
2010.09.07 12:33:12.112,1.3974,1.3977,1.50,1.60
2010.09.07 12:33:14.606,1.3975,1.3977,1.00,1.60
2010.09.07 12:33:15.070,1.3975,1.3977,1.00,2.40
2010.09.07 12:33:15.418,1.3975,1.3977,1.00,1.60
2010.09.07 12:33:16.475,1.3974,1.39765,1.00,1.60
2010.09.07 12:33:16.814,1.3974,1.3977,1.00,1.60
2010.09.07 12:33:17.496,1.3975,1.3977,1.00,1.00
2010.09.07 12:33:18.325,1.3975,1.3978,1.00,1.20
2010.09.07 12:33:18.626,1.39755,1.39785,1.00,1.60
2010.09.07 12:33:19.543,1.39755,1.39785,1.10,1.60
2010.09.07 12:33:19.804,1.39755,1.3978,1.00,1.00
2010.09.07 12:33:20.062,1.39755,1.3978,1.00,1.60
2010.09.07 12:33:20.585,1.3976,1.39775,1.00,1.00
2010.09.07 12:33:20.945,1.39765,1.3979,1.00,3.20
2010.09.07 12:33:21.632,1.3976,1.3979,1.00,3.20
2010.09.07 12:33:22.181,1.39755,1.39765,1.00,1.60
2010.09.07 12:33:22.530,1.3975,1.39775,1.10,1.60
2010.09.07 12:33:23.192,1.39755,1.39775,1.00,1.60
2010.09.07 12:33:23.519,1.3976,1.39775,1.00,1.60
2010.09.07 12:33:23.825,1.3976,1.3979,1.00,5.30
2010.09.07 12:33:24.754,1.3976,1.3979,1.00,3.30
2010.09.07 12:33:25.082,1.39765,1.3979,1.00,3.20
2010.09.07 12:33:25.343,1.3976,1.3979,3.20,2.40
2010.09.07 12:33:26.019,1.3977,1.3979,1.00,2.40
2010.09.07 12:33:26.244,1.39765,1.3979,1.00,2.40
2010.09.07 12:33:27.050,1.3977,1.3979,1.00,1.60
2010.09.07 12:33:27.732,1.3977,1.39795,1.00,1.60
2010.09.07 12:33:28.411,1.3977,1.39795,1.00,1.60
2010.09.07 12:33:31.036,1.39775,1.39795,1.60,1.00
2010.09.07 12:33:31.234,1.39775,1.39805,2.00,3.80
2010.09.07 12:33:31.739,1.39775,1.39805,2.00,3.40
2010.09.07 12:33:32.960,1.39775,1.39805,1.60,3.40
2010.09.07 12:33:33.614,1.39775,1.39805,2.40,3.40
2010.09.07 12:33:33.815,1.39775,1.39805,2.00,3.40
2010.09.07 12:33:34.010,1.39775,1.39805,2.00,4.20
2010.09.07 12:33:35.059,1.39775,1.39805,2.30,4.20
2010.09.07 12:33:35.513,1.39775,1.39805,2.30,2.50
2010.09.07 12:33:35.694,1.39775,1.39805,3.00,2.50
2010.09.07 12:33:36.290,1.3978,1.39805,1.90,1.60
2010.09.07 12:33:36.473,1.39785,1.39805,1.00,1.60
2010.09.07 12:33:36.814,1.3978,1.39805,1.70,1.60
2010.09.07 12:33:37.162,1.3978,1.39805,1.00,3.20
2010.09.07 12:33:37.506,1.39775,1.39805,1.10,3.40
2010.09.07 12:33:39.154,1.39775,1.39805,1.00,3.80
2010.09.07 12:33:39.412,1.39775,1.39805,2.70,2.10
2010.09.07 12:33:39.676,1.39775,1.39805,2.80,1.60
2010.09.07 12:33:40.197,1.39785,1.39805,1.60,1.60
2010.09.07 12:33:40.389,1.39785,1.39805,1.60,1.00
2010.09.07 12:33:40.576,1.39785,1.39805,1.60,1.00
2010.09.07 12:33:40.765,1.3978,1.39805,1.00,1.00
2010.09.07 12:33:41.471,1.3978,1.39805,1.00,1.00
2010.09.07 12:33:41.817,1.39775,1.39805,2.00,5.30
2010.09.07 12:33:43.703,1.39775,1.39805,2.00,3.60
2010.09.07 12:33:44.314,1.39775,1.39805,2.00,1.60
2010.09.07 12:33:44.622,1.39775,1.39805,2.00,1.60
2010.09.07 12:33:45.652,1.39785,1.39805,1.60,1.70
2010.09.07 12:33:46.294,1.39785,1.39805,1.60,1.60
2010.09.07 12:33:46.938,1.39785,1.3981,1.70,1.60
2010.09.07 12:33:47.246,1.39785,1.3981,1.60,1.60
2010.09.07 12:33:48.230,1.39785,1.39805,1.60,1.00
2010.09.07 12:33:48.556,1.39785,1.3981,1.60,1.70
2010.09.07 12:33:49.256,1.39785,1.39805,1.60,1.00
2010.09.07 12:33:50.283,1.39785,1.39805,1.60,1.00
2010.09.07 12:33:50.868,1.39785,1.39815,1.60,5.00
2010.09.07 12:33:51.115,1.3978,1.3981,2.70,1.80
2010.09.07 12:33:51.364,1.3978,1.3981,2.70,3.80
2010.09.07 12:33:52.047,1.3978,1.3981,2.80,1.60
2010.09.07 12:33:52.398,1.3978,1.3981,2.70,3.40
2010.09.07 12:33:53.256,1.3978,1.39805,1.90,1.00
2010.09.07 12:33:53.527,1.3978,1.39805,1.60,1.00
2010.09.07 12:33:54.192,1.3978,1.398,1.60,1.00
2010.09.07 12:33:54.913,1.3978,1.398,1.60,1.00
2010.09.07 12:33:55.112,1.3978,1.39805,1.60,1.00
2010.09.07 12:33:55.215,1.39785,1.39805,1.60,1.00
2010.09.07 12:33:56.294,1.39775,1.398,3.50,1.00
2010.09.07 12:33:57.222,1.39775,1.398,3.60,1.00
2010.09.07 12:33:58.246,1.3978,1.398,1.60,1.00
2010.09.07 12:34:00.294,1.3978,1.398,1.60,1.00
2010.09.07 12:34:01.145,1.39775,1.398,1.90,1.00
2010.09.07 12:34:04.822,1.39775,1.398,2.00,1.00
2010.09.07 12:34:06.288,1.39775,1.398,3.60,1.00
2010.09.07 12:34:07.001,1.39775,1.3979,1.00,1.00
2010.09.07 12:34:07.349,1.3977,1.3979,1.00,1.00
2010.09.07 12:34:07.698,1.3976,1.39785,1.00,1.60
2010.09.07 12:34:07.994,1.3976,1.39775,1.00,1.60
2010.09.07 12:34:08.294,1.3975,1.3978,1.90,2.00
2010.09.07 12:34:08.646,1.3975,1.3978,1.10,2.00
2010.09.07 12:34:09.165,1.39755,1.39775,1.00,1.60
2010.09.07 12:34:09.385,1.39745,1.39775,3.50,3.50
2010.09.07 12:34:09.611,1.39745,1.3977,3.50,1.60
2010.09.07 12:34:09.832,1.39745,1.3977,2.70,1.60
2010.09.07 12:34:12.292,1.3975,1.3977,1.00,1.60
2010.09.07 12:34:12.421,1.39745,1.3977,3.90,1.60
2010.09.07 12:34:12.680,1.39745,1.3977,3.10,1.60
2010.09.07 12:34:12.942,1.39745,1.3977,2.70,1.60
2010.09.07 12:34:15.760,1.39745,1.3977,2.70,1.00
2010.09.07 12:34:16.501,1.39745,1.3977,2.60,1.00
2010.09.07 12:34:16.842,1.39745,1.3977,3.50,1.40
2010.09.07 12:34:17.183,1.3975,1.3977,1.10,1.60
2010.09.07 12:34:18.112,1.3975,1.3977,1.90,1.60
2010.09.07 12:34:18.452,1.3975,1.3977,1.10,1.60
2010.09.07 12:34:19.112,1.39755,1.3978,1.00,1.60
2010.09.07 12:34:19.285,1.39755,1.3978,3.50,1.60
2010.09.07 12:34:19.452,1.3976,1.39785,1.00,1.70
2010.09.07 12:34:19.621,1.3976,1.39785,1.00,1.60
2010.09.07 12:34:20.488,1.3976,1.39785,1.00,1.80
2010.09.07 12:34:21.392,1.3976,1.39785,1.00,1.60
2010.09.07 12:34:22.252,1.3976,1.39785,1.10,1.60
2010.09.07 12:34:24.312,1.39765,1.39785,1.00,1.60
2010.09.07 12:34:26.796,1.39765,1.3979,1.00,1.70
2010.09.07 12:34:27.756,1.39765,1.3979,1.00,2.50
2010.09.07 12:34:28.068,1.3976,1.3978,1.10,1.60
2010.09.07 12:34:29.842,1.3976,1.3978,1.00,1.60
2010.09.07 12:34:30.421,1.3976,1.3978,1.10,1.60
2010.09.07 12:34:31.111,1.39765,1.3978,1.00,1.60
2010.09.07 12:34:34.001,1.3976,1.3978,1.00,1.60
2010.09.07 12:34:34.264,1.39755,1.3978,1.00,3.20
2010.09.07 12:34:34.888,1.3975,1.3978,1.10,3.20
2010.09.07 12:34:35.262,1.3975,1.3978,1.10,3.60
2010.09.07 12:34:36.643,1.39755,1.3978,1.00,3.60
2010.09.07 12:34:37.199,1.39755,1.3978,1.00,3.20
2010.09.07 12:34:37.489,1.3976,1.3978,1.00,3.20
2010.09.07 12:34:37.779,1.39755,1.3977,1.00,1.60
2010.09.07 12:34:38.368,1.39755,1.39775,1.00,2.40
2010.09.07 12:34:38.667,1.39755,1.39775,1.00,1.60
2010.09.07 12:34:39.321,1.39755,1.3977,1.00,1.60
2010.09.07 12:34:39.668,1.3975,1.3977,1.00,1.60
2010.09.07 12:34:42.541,1.39755,1.39775,1.00,3.20
2010.09.07 12:34:42.742,1.39755,1.3977,1.00,1.60
2010.09.07 12:34:45.235,1.3975,1.39775,2.70,1.60
2010.09.07 12:34:45.762,1.3975,1.39775,1.60,3.60
2010.09.07 12:34:45.922,1.3975,1.39775,1.00,3.20
2010.09.07 12:34:47.511,1.39755,1.39775,1.00,3.20
2010.09.07 12:34:49.395,1.39755,1.39775,1.00,1.60
2010.09.07 12:34:49.541,1.3976,1.39775,1.00,1.60
2010.09.07 12:34:51.173,1.39755,1.3978,1.60,1.00
2010.09.07 12:34:51.905,1.39755,1.3978,1.90,1.00
2010.09.07 12:34:52.169,1.39755,1.3978,1.70,1.60
2010.09.07 12:34:52.672,1.39755,1.3978,1.60,1.60
2010.09.07 12:34:53.006,1.39755,1.3978,2.00,1.00
2010.09.07 12:34:53.656,1.39755,1.3978,1.90,1.00
2010.09.07 12:34:54.601,1.39755,1.3978,1.00,1.00
2010.09.07 12:34:56.450,1.39755,1.3978,1.00,1.60
2010.09.07 12:34:57.441,1.3976,1.3978,1.00,1.60
2010.09.07 12:34:57.776,1.3975,1.3978,3.30,1.60
2010.09.07 12:34:58.116,1.3976,1.39785,1.60,1.60
2010.09.07 12:34:58.276,1.3976,1.39785,1.90,1.60
2010.09.07 12:34:58.878,1.3976,1.39785,1.00,1.60
2010.09.07 12:34:59.044,1.3976,1.3979,1.00,9.20
2010.09.07 12:34:59.194,1.3976,1.3979,2.00,3.20
2010.09.07 12:34:59.546,1.3976,1.39785,1.00,2.00
2010.09.07 12:34:59.948,1.39755,1.39785,1.00,1.60
2010.09.07 12:35:00.308,1.39755,1.3978,1.00,1.00
2010.09.07 12:35:00.553,1.39755,1.39785,1.00,2.00
2010.09.07 12:35:00.805,1.39755,1.3978,1.00,1.00
2010.09.07 12:35:01.622,1.3975,1.3978,1.10,1.00
2010.09.07 12:35:01.976,1.3975,1.39775,1.00,1.60
2010.09.07 12:35:02.317,1.39745,1.39775,5.20,2.00
2010.09.07 12:35:02.514,1.39745,1.39775,2.80,3.60
2010.09.07 12:35:02.830,1.39745,1.39775,2.80,5.20
2010.09.07 12:35:03.023,1.39745,1.3977,2.00,1.60
2010.09.07 12:35:03.223,1.39745,1.3977,1.90,1.60
2010.09.07 12:35:04.075,1.39745,1.39775,2.00,6.80
2010.09.07 12:35:04.415,1.39745,1.3977,1.90,1.00
2010.09.07 12:35:04.674,1.3975,1.39775,1.00,1.60
2010.09.07 12:35:05.517,1.39745,1.39775,4.00,1.60
2010.09.07 12:35:06.564,1.39745,1.39775,3.60,2.00
2010.09.07 12:35:06.974,1.39745,1.39775,2.00,2.00
2010.09.07 12:35:07.197,1.39745,1.39775,1.00,3.20
2010.09.07 12:35:07.420,1.39745,1.3977,1.00,1.00
2010.09.07 12:35:07.634,1.3974,1.3977,1.90,1.70
2010.09.07 12:35:07.972,1.3974,1.3977,2.00,1.60
2010.09.07 12:35:08.324,1.3975,1.3977,1.60,1.00
2010.09.07 12:35:08.812,1.3975,1.39775,1.60,2.50
2010.09.07 12:35:08.951,1.3975,1.39775,1.60,1.70
2010.09.07 12:35:09.893,1.3975,1.39775,1.60,2.00
2010.09.07 12:35:10.093,1.39745,1.39775,3.20,1.70
2010.09.07 12:35:10.750,1.39745,1.39775,1.60,1.70
2010.09.07 12:35:11.094,1.39745,1.3977,1.60,3.20
2010.09.07 12:35:11.708,1.3975,1.3977,1.60,1.60
2010.09.07 12:35:12.061,1.3974,1.3977,3.20,1.60
2010.09.07 12:35:12.721,1.3975,1.39775,1.00,1.00
2010.09.07 12:35:13.069,1.3975,1.39775,1.00,1.20
2010.09.07 12:35:13.334,1.39745,1.39775,1.00,2.00
2010.09.07 12:35:13.601,1.39745,1.39775,1.10,2.00
2010.09.07 12:35:14.180,1.3975,1.39775,1.00,1.20
2010.09.07 12:35:14.514,1.39745,1.39775,4.40,1.20
2010.09.07 12:35:15.148,1.39745,1.39775,2.70,2.80
2010.09.07 12:35:15.475,1.39745,1.39775,2.70,3.60
2010.09.07 12:35:16.162,1.39745,1.3977,2.70,1.00
2010.09.07 12:35:16.503,1.39745,1.39765,2.70,1.00
2010.09.07 12:35:17.211,1.39745,1.39765,1.60,1.00
2010.09.07 12:35:26.538,1.3975,1.39765,1.60,1.00
2010.09.07 12:35:26.686,1.3975,1.3977,1.60,1.60
2010.09.07 12:35:26.837,1.39745,1.39765,1.00,1.60
2010.09.07 12:35:27.444,1.39745,1.39765,4.00,1.00
2010.09.07 12:35:27.778,1.39745,1.3977,1.60,1.20
2010.09.07 12:35:28.419,1.39745,1.3977,1.60,1.20
2010.09.07 12:35:28.764,1.39745,1.3977,1.60,3.60
2010.09.07 12:35:29.670,1.39745,1.39765,1.60,1.00
2010.09.07 12:35:29.861,1.39745,1.39765,1.60,1.00
2010.09.07 12:35:30.194,1.39745,1.39765,1.60,1.00
2010.09.07 12:35:30.339,1.39745,1.39765,1.60,1.70
2010.09.07 12:35:31.611,1.39745,1.39765,1.60,2.50
2010.09.07 12:35:31.951,1.39745,1.39765,1.60,1.00
2010.09.07 12:35:32.293,1.39745,1.3977,1.60,4.40
2010.09.07 12:35:32.972,1.39745,1.3977,1.60,3.60
2010.09.07 12:35:34.772,1.39745,1.3977,1.60,4.40
2010.09.07 12:35:35.139,1.39745,1.3977,1.60,3.60
2010.09.07 12:35:38.539,1.39745,1.3977,1.60,4.40
2010.09.07 12:35:39.324,1.39745,1.3976,1.60,1.00
2010.09.07 12:35:45.153,1.39745,1.39765,1.60,1.60
2010.09.07 12:35:45.491,1.39745,1.39765,1.60,1.00
2010.09.07 12:35:45.730,1.39755,1.39765,1.60,1.00
2010.09.07 12:35:46.219,1.39745,1.39765,1.60,1.00
2010.09.07 12:35:46.449,1.3976,1.3978,1.60,1.00
2010.09.07 12:35:47.108,1.3976,1.39785,1.60,2.00
2010.09.07 12:35:47.468,1.3976,1.3978,1.60,1.00
2010.09.07 12:35:47.776,1.39755,1.39785,2.00,5.20
2010.09.07 12:35:48.451,1.39755,1.39785,2.00,4.90
2010.09.07 12:35:49.474,1.39755,1.39785,1.90,4.10
2010.09.07 12:35:49.622,1.39755,1.39785,1.90,4.90
2010.09.07 12:35:50.315,1.39755,1.39785,1.90,4.50
2010.09.07 12:35:50.473,1.39755,1.39785,1.90,5.30
2010.09.07 12:35:51.248,1.3976,1.3978,1.00,1.00
2010.09.07 12:35:51.656,1.39765,1.39785,1.60,2.50
2010.09.07 12:35:51.918,1.39755,1.3978,1.00,1.00
2010.09.07 12:35:52.177,1.3975,1.3978,1.00,1.20
2010.09.07 12:35:52.697,1.3975,1.3978,1.00,2.00
2010.09.07 12:35:53.723,1.3975,1.39775,1.00,1.00
2010.09.07 12:35:54.062,1.3975,1.3978,1.00,2.00
2010.09.07 12:35:55.083,1.3975,1.3978,1.10,1.20
2010.09.07 12:35:55.273,1.3976,1.3978,1.60,1.00
2010.09.07 12:35:55.462,1.39755,1.3978,1.60,1.00
2010.09.07 12:35:56.021,1.39755,1.3978,1.70,1.00
2010.09.07 12:35:56.315,1.39755,1.39785,2.80,2.00
2010.09.07 12:35:56.606,1.3976,1.39785,1.60,1.70
2010.09.07 12:35:57.494,1.3976,1.39785,1.70,1.60
2010.09.07 12:35:57.802,1.3976,1.3978,1.00,1.00
2010.09.07 12:35:58.411,1.39755,1.3978,1.70,1.00
2010.09.07 12:35:58.572,1.3975,1.3978,1.40,1.00
2010.09.07 12:35:59.294,1.39755,1.3978,1.60,1.60
2010.09.07 12:35:59.454,1.3975,1.3978,1.00,1.60
2010.09.07 12:36:00.381,1.3975,1.39775,1.00,1.60
2010.09.07 12:36:00.699,1.39745,1.39765,1.00,1.00
2010.09.07 12:36:00.862,1.3974,1.39765,1.70,1.00
2010.09.07 12:36:03.001,1.39745,1.39765,1.00,1.00
2010.09.07 12:36:03.280,1.3975,1.39765,1.60,1.00
2010.09.07 12:36:03.380,1.3975,1.3977,1.60,1.60
2010.09.07 12:36:03.480,1.3975,1.3977,1.70,1.60
2010.09.07 12:36:04.063,1.3975,1.39775,1.60,3.60
2010.09.07 12:36:04.222,1.39755,1.39775,1.60,1.60
2010.09.07 12:36:04.382,1.39755,1.39775,1.60,1.00
2010.09.07 12:36:04.545,1.39755,1.39775,1.60,1.20
2010.09.07 12:36:04.711,1.3975,1.39775,1.00,1.20
2010.09.07 12:36:05.202,1.3976,1.3978,1.60,1.00
2010.09.07 12:36:06.963,1.3976,1.39785,2.60,1.00
2010.09.07 12:36:07.232,1.39765,1.39785,1.60,1.00
2010.09.07 12:36:07.502,1.39765,1.3978,1.60,1.00
2010.09.07 12:36:08.194,1.3976,1.39785,1.60,2.40
2010.09.07 12:36:08.544,1.3976,1.39785,1.60,3.20
2010.09.07 12:36:09.461,1.3976,1.39785,1.60,2.40
2010.09.07 12:36:09.768,1.39755,1.3978,1.70,1.60
2010.09.07 12:36:09.910,1.39755,1.3978,1.70,2.40
2010.09.07 12:36:10.351,1.39755,1.3978,1.60,2.40
2010.09.07 12:36:10.490,1.39755,1.3978,1.60,1.60
2010.09.07 12:36:11.600,1.39755,1.3978,1.60,2.40
2010.09.07 12:36:11.740,1.39755,1.3978,1.60,1.60
2010.09.07 12:36:12.010,1.39755,1.3978,1.70,1.60
2010.09.07 12:36:13.373,1.39755,1.39785,2.00,5.20
2010.09.07 12:36:13.611,1.3976,1.39785,1.00,4.80
2010.09.07 12:36:14.032,1.39765,1.39785,1.60,1.60
2010.09.07 12:36:14.163,1.39765,1.39785,1.60,1.00
2010.09.07 12:36:14.501,1.39765,1.39785,1.60,1.00
2010.09.07 12:36:14.842,1.3976,1.39785,1.90,1.00
2010.09.07 12:36:15.181,1.3976,1.39785,1.60,2.40
2010.09.07 12:36:15.763,1.3976,1.3978,1.60,1.00
2010.09.07 12:36:16.904,1.3976,1.39785,1.70,1.60
2010.09.07 12:36:17.062,1.3976,1.39775,1.00,1.60
2010.09.07 12:36:17.522,1.39755,1.39775,1.00,1.60
2010.09.07 12:36:18.053,1.3976,1.39775,1.00,1.60
2010.09.07 12:36:18.473,1.39755,1.39775,1.00,1.60
2010.09.07 12:36:18.636,1.3976,1.3978,1.60,1.00
2010.09.07 12:36:19.130,1.39755,1.39785,1.00,2.90
2010.09.07 12:36:19.292,1.39755,1.39785,1.00,3.70
2010.09.07 12:36:19.635,1.39765,1.39785,1.60,1.60
2010.09.07 12:36:20.004,1.3976,1.3978,1.60,1.00
2010.09.07 12:36:20.345,1.3976,1.39785,1.60,3.20
2010.09.07 12:36:20.584,1.3976,1.39785,1.60,2.50
2010.09.07 12:36:20.813,1.3976,1.39785,1.60,2.40
2010.09.07 12:36:22.063,1.3976,1.39785,1.60,2.90
2010.09.07 12:36:22.460,1.3976,1.39785,1.60,3.70
2010.09.07 12:36:22.661,1.3976,1.39785,1.60,2.90
2010.09.07 12:36:22.832,1.3976,1.39785,1.60,3.70
2010.09.07 12:36:23.003,1.3976,1.39785,1.60,3.60
2010.09.07 12:36:23.170,1.39755,1.39785,1.10,5.20
2010.09.07 12:36:23.644,1.39755,1.39785,1.10,4.40
2010.09.07 12:36:23.792,1.39755,1.39785,1.10,3.20
2010.09.07 12:36:23.944,1.39755,1.3978,1.00,1.60
2010.09.07 12:36:24.094,1.39755,1.3978,1.70,1.60
2010.09.07 12:36:24.381,1.39755,1.3978,1.70,2.40
2010.09.07 12:36:24.809,1.39755,1.3978,1.70,1.60
2010.09.07 12:36:25.543,1.3976,1.3978,1.00,1.60
2010.09.07 12:36:26.681,1.3976,1.3978,1.00,2.40
2010.09.07 12:36:27.358,1.39755,1.3978,1.70,1.60
2010.09.07 12:36:27.541,1.39755,1.3978,1.70,2.40
2010.09.07 12:36:27.902,1.39755,1.3978,1.70,1.60
2010.09.07 12:36:29.122,1.39755,1.3978,1.60,1.60
2010.09.07 12:36:29.671,1.39755,1.3978,1.60,2.40
2010.09.07 12:36:30.158,1.39765,1.3978,1.60,2.40
2010.09.07 12:36:30.475,1.39755,1.39775,1.60,1.00
2010.09.07 12:36:32.383,1.39755,1.39775,1.60,1.00
2010.09.07 12:36:32.613,1.39755,1.39775,1.60,2.50
2010.09.07 12:36:32.937,1.39755,1.39775,1.60,3.30
2010.09.07 12:36:33.165,1.3975,1.3977,1.00,1.00
2010.09.07 12:36:35.152,1.3975,1.39765,1.00,2.40
2010.09.07 12:36:35.544,1.3975,1.3976,1.00,1.60
2010.09.07 12:36:35.806,1.3973,1.3976,1.50,1.00
2010.09.07 12:36:36.375,1.3973,1.3976,1.00,1.00
2010.09.07 12:36:36.627,1.39735,1.3976,1.00,1.00
2010.09.07 12:36:37.316,1.3973,1.3976,1.00,1.00
2010.09.07 12:36:37.744,1.3973,1.39755,1.00,1.60
2010.09.07 12:36:37.961,1.39745,1.39755,1.00,1.00
2010.09.07 12:36:38.176,1.39745,1.39765,1.00,2.40
2010.09.07 12:36:38.681,1.39745,1.39765,1.00,3.20
2010.09.07 12:36:38.900,1.3973,1.3976,1.80,1.60
2010.09.07 12:36:39.533,1.3973,1.39755,1.00,1.00
2010.09.07 12:36:39.880,1.3974,1.3976,1.60,1.60
2010.09.07 12:36:40.226,1.3975,1.3976,1.60,1.00
2010.09.07 12:36:40.931,1.3974,1.3976,1.60,1.00
2010.09.07 12:36:41.819,1.3974,1.39765,2.00,1.00
2010.09.07 12:36:42.106,1.39745,1.39765,1.60,1.00
2010.09.07 12:36:42.457,1.3975,1.3977,1.60,1.00
2010.09.07 12:36:43.006,1.3974,1.39765,1.00,1.00
2010.09.07 12:36:43.359,1.3974,1.39765,1.70,1.00
2010.09.07 12:36:43.635,1.39745,1.39765,1.00,1.00
2010.09.07 12:36:44.202,1.3975,1.39775,1.00,2.00
2010.09.07 12:36:44.477,1.3975,1.39775,1.90,1.60
2010.09.07 12:36:45.166,1.39755,1.39775,1.00,1.60
2010.09.07 12:36:46.018,1.3975,1.39775,2.70,2.50
2010.09.07 12:36:46.343,1.3975,1.39775,2.70,1.70
2010.09.07 12:36:46.809,1.3975,1.39775,2.70,1.60
2010.09.07 12:36:47.494,1.3975,1.39775,2.80,1.60
2010.09.07 12:36:47.830,1.3975,1.39775,2.80,2.40
2010.09.07 12:36:48.072,1.3975,1.39775,2.80,1.60
2010.09.07 12:36:50.914,1.3975,1.39775,2.80,2.40
2010.09.07 12:36:51.510,1.3975,1.39775,2.80,1.60
2010.09.07 12:36:51.979,1.3975,1.39775,2.80,2.40
2010.09.07 12:36:52.179,1.3975,1.39775,2.80,1.60
2010.09.07 12:36:53.800,1.3975,1.39775,2.80,2.00
2010.09.07 12:36:53.930,1.3975,1.39775,2.80,1.60
2010.09.07 12:36:58.230,1.3975,1.39775,2.70,1.60
2010.09.07 12:36:58.424,1.3975,1.39775,1.90,2.40
2010.09.07 12:36:58.761,1.3975,1.39775,1.90,4.00
2010.09.07 12:36:59.038,1.39745,1.39765,1.00,1.00
2010.09.07 12:36:59.718,1.39745,1.3977,1.00,1.60
2010.09.07 12:37:00.276,1.3975,1.39775,2.00,1.00
2010.09.07 12:37:00.612,1.3975,1.39775,2.40,1.00
2010.09.07 12:37:01.143,1.3975,1.39775,2.00,1.00
2010.09.07 12:37:01.432,1.39755,1.39775,1.60,1.60
2010.09.07 12:37:01.714,1.39755,1.3978,1.60,1.60
2010.09.07 12:37:02.629,1.39755,1.3978,1.70,1.60
2010.09.07 12:37:04.813,1.3976,1.3978,1.00,1.60
2010.09.07 12:37:06.930,1.3976,1.39785,1.00,4.00
2010.09.07 12:37:08.922,1.3976,1.39785,1.60,2.50
2010.09.07 12:37:09.260,1.39755,1.39785,1.70,4.00
2010.09.07 12:37:10.232,1.39755,1.39785,1.70,4.80
2010.09.07 12:37:11.051,1.39755,1.39785,1.70,4.00
2010.09.07 12:37:11.753,1.39755,1.39785,1.70,4.80
2010.09.07 12:37:12.310,1.39755,1.39785,1.70,4.80
2010.09.07 12:37:13.335,1.39755,1.39785,1.70,4.00
2010.09.07 12:37:14.320,1.39755,1.39785,1.70,4.80
2010.09.07 12:37:17.156,1.39755,1.39785,1.70,5.20
2010.09.07 12:37:17.705,1.39755,1.39785,3.30,5.20
2010.09.07 12:37:17.956,1.39755,1.39785,1.70,5.20
2010.09.07 12:37:18.514,1.39755,1.3978,1.60,1.00
2010.09.07 12:37:18.883,1.39755,1.3978,1.60,1.00
2010.09.07 12:37:19.167,1.39745,1.39775,5.10,1.60
2010.09.07 12:37:19.447,1.39755,1.3978,1.60,3.60
2010.09.07 12:37:19.858,1.39755,1.3978,1.60,2.00
2010.09.07 12:37:20.151,1.3976,1.39785,1.60,1.60
2010.09.07 12:37:20.819,1.3977,1.3979,1.60,8.40
2010.09.07 12:37:21.170,1.39755,1.3978,1.00,2.50
2010.09.07 12:37:21.837,1.39755,1.3978,1.00,2.40
2010.09.07 12:37:22.188,1.3976,1.3978,1.00,2.40
2010.09.07 12:37:22.535,1.39755,1.3978,1.00,2.40
2010.09.07 12:37:23.226,1.39755,1.3978,1.00,2.50
2010.09.07 12:37:23.502,1.39755,1.3978,1.00,2.40
2010.09.07 12:37:24.607,1.39755,1.3978,1.00,2.40
2010.09.07 12:37:31.234,1.39755,1.3978,1.00,1.60
2010.09.07 12:37:31.896,1.39755,1.39785,1.00,1.70
2010.09.07 12:37:32.082,1.39755,1.39785,1.00,2.50
2010.09.07 12:37:33.100,1.39755,1.39785,1.40,2.50
2010.09.07 12:37:33.321,1.39755,1.39785,1.40,1.70
2010.09.07 12:37:33.702,1.3976,1.39785,1.60,1.70
2010.09.07 12:37:34.141,1.3976,1.39785,1.60,2.10
2010.09.07 12:37:35.201,1.3976,1.39785,1.60,2.00
2010.09.07 12:37:35.602,1.3976,1.39785,1.90,1.00
2010.09.07 12:37:35.783,1.3976,1.39785,1.90,1.00
2010.09.07 12:37:36.521,1.3976,1.3979,1.90,3.80
2010.09.07 12:37:36.781,1.3976,1.3979,1.90,4.60
2010.09.07 12:37:37.041,1.3976,1.3979,1.90,3.80
2010.09.07 12:37:37.530,1.3976,1.3979,1.90,4.20
2010.09.07 12:37:37.702,1.3976,1.3979,1.90,3.40
2010.09.07 12:37:39.207,1.3976,1.3979,1.90,4.60
2010.09.07 12:37:41.512,1.3976,1.3979,1.90,3.40
2010.09.07 12:37:41.661,1.3976,1.3979,1.90,4.20
2010.09.07 12:37:41.972,1.3976,1.3979,1.00,4.20
2010.09.07 12:37:42.595,1.39755,1.39785,3.60,7.00
2010.09.07 12:37:42.908,1.39755,1.39785,1.10,1.60
2010.09.07 12:37:43.304,1.39755,1.39785,1.10,2.00
2010.09.07 12:37:43.643,1.39755,1.39785,1.10,1.60
2010.09.07 12:37:44.080,1.39755,1.39785,1.00,1.60
2010.09.07 12:37:44.304,1.39755,1.39785,1.10,2.00
2010.09.07 12:37:44.640,1.39755,1.3978,1.00,1.00
2010.09.07 12:37:44.934,1.39755,1.3978,1.00,1.00
2010.09.07 12:37:45.502,1.39755,1.39785,1.10,2.00
2010.09.07 12:37:45.793,1.39755,1.3978,1.00,1.00
2010.09.07 12:37:45.952,1.39755,1.39775,1.00,1.60
2010.09.07 12:37:46.503,1.39755,1.3978,1.00,1.00
2010.09.07 12:37:46.678,1.3975,1.3978,1.50,1.60
2010.09.07 12:37:47.521,1.3975,1.3978,1.50,1.70
2010.09.07 12:37:47.862,1.39755,1.3978,1.00,1.00
2010.09.07 12:37:48.033,1.39755,1.39785,1.10,1.60
2010.09.07 12:37:48.205,1.39755,1.3978,1.00,1.00
2010.09.07 12:37:48.542,1.39755,1.39775,1.00,1.60
2010.09.07 12:37:49.827,1.3975,1.39775,1.00,1.60
2010.09.07 12:37:50.153,1.3975,1.3978,1.40,3.20
2010.09.07 12:37:50.371,1.3975,1.39775,1.00,1.60
2010.09.07 12:37:51.792,1.3975,1.39775,1.10,1.60
2010.09.07 12:37:52.199,1.3975,1.39775,1.00,2.40
2010.09.07 12:37:52.682,1.39745,1.39775,2.80,4.00
2010.09.07 12:37:52.841,1.39745,1.39775,3.20,4.00
2010.09.07 12:37:53.001,1.39745,1.39775,3.20,3.40
2010.09.07 12:37:53.559,1.39745,1.39775,2.40,4.20
2010.09.07 12:37:53.772,1.39745,1.39775,2.40,3.40
2010.09.07 12:37:54.205,1.39755,1.39775,1.60,1.00
2010.09.07 12:37:54.864,1.39745,1.39775,3.10,1.00
2010.09.07 12:37:55.082,1.39745,1.39775,4.70,1.00
2010.09.07 12:37:55.642,1.39745,1.39775,4.80,1.00
2010.09.07 12:37:57.301,1.39745,1.39775,3.10,1.00
2010.09.07 12:37:57.965,1.3975,1.39775,1.00,1.00
2010.09.07 12:37:58.229,1.39745,1.39775,4.80,1.00
2010.09.07 12:37:58.531,1.3975,1.39775,1.00,1.00
2010.09.07 12:37:59.432,1.39755,1.39775,1.00,1.00
2010.09.07 12:38:00.042,1.39755,1.3978,1.00,1.60
2010.09.07 12:38:08.358,1.3975,1.3977,1.00,1.00
2010.09.07 12:38:08.441,1.39745,1.3977,3.60,1.00
2010.09.07 12:38:08.879,1.3975,1.3977,1.00,1.00
2010.09.07 12:38:08.974,1.3975,1.39775,1.00,1.00
2010.09.07 12:38:09.538,1.3975,1.39775,1.00,1.00
2010.09.07 12:38:10.223,1.3975,1.39775,1.00,1.00
2010.09.07 12:38:11.167,1.39755,1.39775,1.00,1.00
2010.09.07 12:38:12.032,1.3975,1.39775,1.00,1.00
2010.09.07 12:38:13.530,1.3975,1.39775,1.10,1.00
2010.09.07 12:38:13.711,1.3975,1.3978,1.00,1.00
2010.09.07 12:38:14.031,1.3975,1.3978,1.00,1.00
2010.09.07 12:38:14.463,1.3975,1.39775,1.00,1.00
2010.09.07 12:38:15.041,1.3975,1.39775,1.00,1.00
2010.09.07 12:38:16.296,1.3977,1.39775,1.60,1.00
2010.09.07 12:38:16.440,1.3977,1.3978,1.60,1.00
2010.09.07 12:38:16.574,1.39755,1.3978,1.70,2.40
2010.09.07 12:38:17.511,1.3976,1.3978,1.60,1.00
2010.09.07 12:38:17.857,1.3976,1.3978,1.60,1.00
2010.09.07 12:38:18.460,1.3976,1.39785,1.60,1.60
2010.09.07 12:38:20.090,1.3976,1.39785,1.60,1.60
2010.09.07 12:38:20.476,1.3976,1.39785,1.60,1.60
2010.09.07 12:38:21.067,1.3976,1.39785,1.60,2.00
2010.09.07 12:38:23.166,1.3975,1.3978,1.00,1.00
2010.09.07 12:38:23.381,1.3975,1.3978,1.00,1.00
2010.09.07 12:38:23.602,1.3975,1.3978,1.00,1.20
2010.09.07 12:38:24.601,1.3975,1.39775,1.00,1.00
2010.09.07 12:38:25.237,1.3975,1.3978,1.10,1.00
2010.09.07 12:38:25.411,1.3975,1.3978,1.10,1.00
2010.09.07 12:38:26.496,1.3975,1.39775,1.10,1.60
2010.09.07 12:38:26.955,1.3975,1.39775,1.00,1.60
2010.09.07 12:38:27.110,1.3975,1.39775,1.00,1.60
2010.09.07 12:38:27.960,1.3975,1.39775,1.00,1.00
2010.09.07 12:38:28.308,1.3975,1.39775,1.10,2.00
2010.09.07 12:38:28.658,1.3975,1.39775,1.00,2.40
2010.09.07 12:38:29.093,1.3975,1.39775,1.00,2.40
2010.09.07 12:38:32.561,1.3975,1.39775,1.00,2.60
2010.09.07 12:38:33.882,1.3975,1.39775,1.00,2.40
2010.09.07 12:38:35.821,1.3975,1.39775,1.00,2.50
2010.09.07 12:38:35.953,1.3975,1.39775,1.00,1.00
2010.09.07 12:38:36.526,1.3975,1.39775,1.00,1.00
2010.09.07 12:38:37.242,1.39755,1.39775,1.60,1.00
2010.09.07 12:38:37.582,1.3975,1.39775,1.00,1.00
2010.09.07 12:38:41.654,1.39755,1.39775,1.60,1.00
2010.09.07 12:38:43.411,1.39755,1.39775,1.60,1.00
2010.09.07 12:38:43.840,1.39755,1.39775,1.60,1.00
2010.09.07 12:38:43.996,1.39755,1.39775,3.20,1.00
2010.09.07 12:38:44.476,1.39755,1.39785,1.10,3.20
2010.09.07 12:38:44.824,1.39755,1.39785,1.80,1.60
2010.09.07 12:38:45.403,1.39755,1.3978,1.80,1.00
2010.09.07 12:38:45.750,1.39755,1.3978,2.60,1.00
2010.09.07 12:38:46.096,1.39755,1.39785,1.00,3.40
2010.09.07 12:38:46.447,1.39755,1.39785,1.00,1.70
2010.09.07 12:38:46.795,1.39755,1.3978,2.60,1.00
2010.09.07 12:38:47.143,1.3976,1.39785,1.60,1.60
2010.09.07 12:38:48.093,1.39765,1.39785,1.60,1.60
2010.09.07 12:38:48.714,1.39765,1.39785,1.60,1.00
2010.09.07 12:38:48.892,1.39765,1.3979,1.60,1.70
2010.09.07 12:38:49.673,1.39765,1.3979,1.60,1.60
2010.09.07 12:38:50.411,1.39765,1.3979,1.70,1.60
2010.09.07 12:38:51.330,1.3977,1.39795,1.00,2.40
2010.09.07 12:38:51.531,1.39775,1.39795,1.60,1.00
2010.09.07 12:38:52.045,1.39765,1.39785,1.00,2.00
2010.09.07 12:38:52.384,1.39765,1.39785,1.10,2.00
2010.09.07 12:38:53.604,1.39765,1.39785,1.10,1.60
2010.09.07 12:38:54.296,1.39765,1.3978,1.10,1.60
2010.09.07 12:38:55.259,1.39765,1.3978,1.20,1.60
2010.09.07 12:38:55.614,1.39765,1.3978,1.10,1.60
2010.09.07 12:38:55.894,1.39765,1.3979,1.10,2.80
2010.09.07 12:38:56.172,1.39765,1.3979,1.10,2.00
2010.09.07 12:38:56.455,1.39765,1.3979,1.20,2.00
2010.09.07 12:38:56.917,1.3977,1.3979,1.60,1.60
2010.09.07 12:38:57.077,1.3977,1.3979,1.60,1.00
2010.09.07 12:38:57.233,1.39765,1.3979,1.20,1.00
2010.09.07 12:38:58.566,1.3977,1.3979,1.00,1.00
2010.09.07 12:38:59.154,1.39765,1.3979,1.20,1.00
2010.09.07 12:39:00.021,1.3977,1.3979,1.00,1.00
2010.09.07 12:39:00.215,1.39765,1.39785,1.00,1.00
2010.09.07 12:39:02.800,1.3977,1.39785,1.00,1.00
2010.09.07 12:39:03.222,1.39765,1.39785,1.00,1.00
2010.09.07 12:39:03.381,1.39765,1.3978,1.00,1.00
2010.09.07 12:39:05.260,1.39765,1.3978,1.00,1.00
2010.09.07 12:39:05.499,1.39765,1.3978,1.00,2.40
2010.09.07 12:39:05.726,1.39765,1.3978,1.00,8.40
2010.09.07 12:39:05.955,1.39765,1.39775,1.00,3.20
2010.09.07 12:39:07.882,1.39765,1.3977,1.00,1.00
2010.09.07 12:39:08.603,1.39765,1.3977,1.80,1.00
2010.09.07 12:39:08.846,1.39765,1.3978,1.90,1.00
2010.09.07 12:39:09.028,1.39765,1.3979,1.80,1.60
2010.09.07 12:39:09.205,1.39765,1.3979,1.80,1.00
2010.09.07 12:39:09.738,1.3977,1.3979,1.60,1.00
2010.09.07 12:39:10.716,1.3978,1.3979,1.60,1.00
2010.09.07 12:39:11.067,1.3978,1.398,1.70,1.00
2010.09.07 12:39:11.725,1.39785,1.39805,1.00,1.60
2010.09.07 12:39:12.052,1.39785,1.39805,1.00,1.00
2010.09.07 12:39:12.393,1.3978,1.39805,1.60,1.00
2010.09.07 12:39:13.035,1.3978,1.398,1.00,1.60
2010.09.07 12:39:13.387,1.3978,1.398,1.70,1.00
2010.09.07 12:39:13.596,1.3978,1.39805,1.70,2.40
2010.09.07 12:39:13.802,1.3978,1.39805,1.70,1.60
2010.09.07 12:39:14.722,1.39775,1.39805,2.00,1.60
2010.09.07 12:39:14.931,1.3978,1.398,1.60,1.00
2010.09.07 12:39:15.144,1.39775,1.398,1.00,1.60
2010.09.07 12:39:15.736,1.3978,1.398,1.00,1.60
2010.09.07 12:39:16.261,1.3978,1.39795,1.00,1.00
2010.09.07 12:39:17.497,1.39775,1.39795,1.00,1.00
2010.09.07 12:39:18.134,1.39775,1.398,1.00,1.60
2010.09.07 12:39:19.312,1.3978,1.398,1.00,1.60
2010.09.07 12:39:26.569,1.3978,1.398,1.00,3.20
2010.09.07 12:39:27.314,1.39775,1.398,1.00,3.20
2010.09.07 12:39:28.333,1.39775,1.398,1.00,3.20
2010.09.07 12:39:28.951,1.39775,1.398,1.00,1.60
2010.09.07 12:39:29.118,1.3978,1.398,1.00,1.60
2010.09.07 12:39:29.562,1.39775,1.398,1.00,1.60
2010.09.07 12:39:30.702,1.39775,1.398,1.00,1.60
2010.09.07 12:39:30.796,1.3978,1.398,1.60,1.60
2010.09.07 12:39:30.984,1.3978,1.39805,1.60,3.20
2010.09.07 12:39:31.370,1.3978,1.39805,1.60,2.40
2010.09.07 12:39:31.474,1.3978,1.39805,1.60,3.20
2010.09.07 12:39:32.151,1.3978,1.39805,1.60,2.40
2010.09.07 12:39:32.491,1.3978,1.39805,1.60,1.60
2010.09.07 12:39:33.222,1.3978,1.39805,1.60,2.40
2010.09.07 12:39:33.599,1.3978,1.39805,1.70,3.20
2010.09.07 12:39:33.718,1.39775,1.398,1.00,3.20
2010.09.07 12:39:33.942,1.39775,1.398,1.00,4.00
2010.09.07 12:39:34.371,1.39775,1.398,1.00,3.20
2010.09.07 12:39:34.591,1.39775,1.398,1.00,4.00
2010.09.07 12:39:37.343,1.39775,1.398,1.00,3.20
2010.09.07 12:39:37.740,1.39775,1.398,1.00,4.00
2010.09.07 12:39:38.971,1.3978,1.398,1.00,4.00
2010.09.07 12:39:39.171,1.3978,1.398,1.00,2.40
2010.09.07 12:39:39.371,1.3978,1.398,1.00,1.60
2010.09.07 12:39:39.704,1.39775,1.398,1.00,1.60
2010.09.07 12:39:40.941,1.39775,1.398,1.00,1.60
2010.09.07 12:39:41.111,1.3978,1.398,1.00,1.60
2010.09.07 12:39:41.625,1.3978,1.398,1.00,1.00
2010.09.07 12:39:41.792,1.3978,1.39805,1.00,1.60
2010.09.07 12:39:42.965,1.39775,1.39805,1.00,1.60
2010.09.07 12:39:43.054,1.3978,1.39805,1.00,1.60
2010.09.07 12:39:44.973,1.39785,1.398,1.00,1.60
2010.09.07 12:39:45.980,1.39775,1.398,1.60,9.20
2010.09.07 12:39:46.164,1.39775,1.398,1.00,10.20
2010.09.07 12:39:46.352,1.39775,1.39795,1.00,1.60
2010.09.07 12:39:46.750,1.39775,1.3979,1.00,1.60
2010.09.07 12:39:46.951,1.39785,1.39805,1.60,1.60
2010.09.07 12:39:48.492,1.39785,1.39805,2.10,1.60
2010.09.07 12:39:48.755,1.3979,1.3981,1.00,1.00
2010.09.07 12:39:49.553,1.39785,1.3981,2.00,1.00
2010.09.07 12:39:50.287,1.3978,1.398,1.00,1.60
2010.09.07 12:39:50.497,1.3978,1.398,1.00,1.60
2010.09.07 12:39:51.198,1.39785,1.398,1.00,1.60
2010.09.07 12:39:51.554,1.3978,1.39805,1.00,1.00
2010.09.07 12:39:52.442,1.3978,1.398,1.00,1.60
2010.09.07 12:39:54.009,1.39785,1.3981,1.00,1.60
2010.09.07 12:39:54.131,1.39785,1.3981,1.00,3.20
2010.09.07 12:39:54.492,1.3978,1.3981,1.10,1.60
2010.09.07 12:39:54.835,1.39785,1.3981,1.00,9.20
2010.09.07 12:39:55.188,1.3978,1.3981,1.10,1.60
2010.09.07 12:39:55.539,1.39785,1.39805,1.00,1.00
2010.09.07 12:39:56.062,1.39785,1.39805,1.70,1.00
2010.09.07 12:39:56.277,1.3979,1.39805,1.60,1.00
2010.09.07 12:39:57.223,1.3979,1.3981,1.60,1.60
2010.09.07 12:39:57.701,1.3979,1.3981,1.60,1.00
2010.09.07 12:39:57.915,1.3979,1.3981,1.70,1.00
2010.09.07 12:39:58.125,1.3979,1.3981,1.60,1.00
2010.09.07 12:39:58.345,1.39785,1.3981,1.70,1.00
2010.09.07 12:39:58.895,1.39795,1.3981,1.60,1.00
2010.09.07 12:39:59.584,1.39795,1.39815,1.60,2.90
2010.09.07 12:40:00.784,1.39795,1.39815,1.60,2.40
2010.09.07 12:40:00.893,1.39795,1.39815,1.90,1.00
2010.09.07 12:40:01.581,1.39795,1.39815,1.00,1.20
2010.09.07 12:40:01.726,1.3979,1.39815,1.60,2.00
2010.09.07 12:40:02.501,1.39785,1.3981,1.00,1.00
2010.09.07 12:40:02.854,1.39795,1.39815,1.60,1.60
2010.09.07 12:40:03.630,1.3979,1.39815,1.60,3.20
2010.09.07 12:40:03.853,1.3979,1.39815,1.70,3.20
2010.09.07 12:40:04.192,1.3979,1.39815,1.60,1.70
2010.09.07 12:40:04.745,1.39785,1.3981,1.60,1.00
2010.09.07 12:40:05.098,1.39785,1.3981,1.70,2.40
2010.09.07 12:40:05.384,1.3979,1.3981,1.00,1.60
2010.09.07 12:40:06.277,1.3979,1.3981,1.70,1.00
2010.09.07 12:40:06.482,1.3979,1.3981,1.70,1.60
2010.09.07 12:40:06.872,1.3979,1.3981,1.70,1.00
2010.09.07 12:40:07.070,1.3979,1.39815,1.70,1.60
2010.09.07 12:40:07.462,1.39795,1.39815,1.00,1.60
2010.09.07 12:40:07.902,1.3979,1.39815,1.70,1.60
2010.09.07 12:40:08.218,1.3979,1.39815,1.90,1.00
2010.09.07 12:40:08.512,1.3979,1.39815,1.90,1.00
2010.09.07 12:40:08.932,1.3979,1.39815,1.90,1.00
2010.09.07 12:40:09.813,1.3979,1.39815,2.00,1.00
2010.09.07 12:40:10.095,1.3979,1.39815,3.00,1.00
2010.09.07 12:40:10.243,1.398,1.3982,1.60,1.60
2010.09.07 12:40:10.700,1.398,1.3982,1.60,1.00
2010.09.07 12:40:10.977,1.398,1.3982,1.60,1.60
2010.09.07 12:40:11.255,1.398,1.3982,1.60,2.40
2010.09.07 12:40:11.535,1.3979,1.39815,2.00,1.60
2010.09.07 12:40:12.136,1.39795,1.39815,2.00,1.00
2010.09.07 12:40:12.402,1.39795,1.3982,2.00,1.00
2010.09.07 12:40:12.671,1.39795,1.3982,2.00,1.60
2010.09.07 12:40:14.261,1.39795,1.3982,2.00,2.00
2010.09.07 12:40:14.401,1.39795,1.3982,1.90,3.30
2010.09.07 12:40:14.479,1.39795,1.3982,1.00,5.00
2010.09.07 12:40:14.622,1.3979,1.39815,2.00,1.00
2010.09.07 12:40:15.245,1.3979,1.39815,1.90,1.00
2010.09.07 12:40:15.512,1.3979,1.39815,1.00,1.60
2010.09.07 12:40:15.782,1.39785,1.39815,1.00,4.60
2010.09.07 12:40:16.051,1.39785,1.3981,1.00,1.00
2010.09.07 12:40:16.905,1.39785,1.3981,1.00,1.00
2010.09.07 12:40:18.504,1.39785,1.3981,1.00,1.00
2010.09.07 12:40:18.634,1.3979,1.39815,1.60,2.80
2010.09.07 12:40:18.763,1.3979,1.3981,1.60,1.00
2010.09.07 12:40:18.894,1.3979,1.39815,1.90,1.60
2010.09.07 12:40:19.022,1.3979,1.39815,1.90,2.40
2010.09.07 12:40:20.130,1.3979,1.39815,1.90,1.60
2010.09.07 12:40:20.423,1.3979,1.39815,2.00,2.40
2010.09.07 12:40:20.711,1.3979,1.39815,2.00,1.60
2010.09.07 12:40:22.320,1.39795,1.39815,1.00,1.60
2010.09.07 12:40:25.811,1.3979,1.39815,2.80,1.60
2010.09.07 12:40:25.971,1.39805,1.3982,1.60,1.00
2010.09.07 12:40:26.132,1.39805,1.39825,1.60,1.00
2010.09.07 12:40:26.484,1.398,1.39825,1.70,1.60
2010.09.07 12:40:27.144,1.398,1.39825,2.80,1.00
2010.09.07 12:40:28.073,1.398,1.39825,2.70,1.20
2010.09.07 12:40:28.723,1.39795,1.3982,1.00,2.40
2010.09.07 12:40:28.865,1.398,1.3982,1.00,1.00
2010.09.07 12:40:29.004,1.398,1.3982,2.00,1.00
2010.09.07 12:40:29.530,1.398,1.3982,1.70,1.00
2010.09.07 12:40:29.675,1.398,1.39825,1.60,3.60
2010.09.07 12:40:29.941,1.398,1.3982,1.60,1.60
2010.09.07 12:40:32.973,1.39795,1.39815,1.00,1.00
2010.09.07 12:40:33.124,1.39795,1.3981,1.00,1.00
2010.09.07 12:40:33.276,1.398,1.3981,1.00,1.00
2010.09.07 12:40:33.753,1.39795,1.39815,1.00,2.40
2010.09.07 12:40:34.393,1.398,1.39815,1.00,1.60
2010.09.07 12:40:34.754,1.398,1.3982,1.60,1.00
2010.09.07 12:40:35.098,1.398,1.39825,1.60,2.50
2010.09.07 12:40:35.313,1.398,1.3982,1.60,1.60
2010.09.07 12:40:35.531,1.398,1.3982,1.60,1.00
2010.09.07 12:40:35.962,1.398,1.39825,1.60,3.30
2010.09.07 12:40:36.471,1.398,1.3982,1.60,1.00
2010.09.07 12:40:36.851,1.398,1.3982,1.60,1.60
2010.09.07 12:40:37.044,1.398,1.3982,1.90,1.00
2010.09.07 12:40:37.578,1.398,1.3982,1.00,1.60
2010.09.07 12:40:37.904,1.39805,1.39825,1.60,1.00
2010.09.07 12:40:38.504,1.39805,1.3983,1.00,2.40
2010.09.07 12:40:38.850,1.39805,1.39835,1.50,1.00
2010.09.07 12:40:39.531,1.39805,1.3983,1.00,2.40
2010.09.07 12:40:39.877,1.39805,1.3983,1.00,3.20
2010.09.07 12:40:40.228,1.39805,1.3982,1.00,1.00
2010.09.07 12:40:40.877,1.398,1.39825,1.70,3.20
2010.09.07 12:40:41.197,1.398,1.39825,1.70,1.60
2010.09.07 12:40:41.514,1.398,1.3982,1.70,2.40
2010.09.07 12:40:41.994,1.398,1.3982,1.60,2.40
2010.09.07 12:40:46.694,1.3979,1.39815,2.20,1.60
2010.09.07 12:40:47.365,1.3979,1.39815,1.00,1.00
2010.09.07 12:40:48.921,1.3979,1.39815,1.00,2.40
2010.09.07 12:40:49.110,1.39785,1.39805,1.00,1.60
2010.09.07 12:40:49.285,1.3978,1.3981,2.80,2.00
2010.09.07 12:40:50.803,1.3978,1.3981,2.40,2.00
2010.09.07 12:40:50.936,1.3978,1.3981,1.60,2.00
2010.09.07 12:40:51.561,1.3978,1.39805,1.60,1.00
2010.09.07 12:40:52.760,1.3978,1.3981,1.60,2.10
2010.09.07 12:40:53.175,1.39775,1.39805,3.80,1.60
2010.09.07 12:40:53.347,1.39775,1.398,1.00,1.20
2010.09.07 12:40:53.513,1.39775,1.398,1.60,1.00
2010.09.07 12:40:54.014,1.39785,1.39805,1.00,1.60
2010.09.07 12:40:54.185,1.3978,1.3981,1.00,2.00
2010.09.07 12:40:54.857,1.3978,1.3981,1.00,1.60
2010.09.07 12:40:56.560,1.3978,1.3981,1.00,2.00
2010.09.07 12:40:57.445,1.3978,1.3981,1.00,2.00
2010.09.07 12:40:58.601,1.3978,1.3981,1.00,2.10
2010.09.07 12:40:59.987,1.39785,1.3981,1.00,1.20
2010.09.07 12:41:02.038,1.39795,1.39815,1.60,1.60
2010.09.07 12:41:02.125,1.39795,1.39815,1.60,1.00
2010.09.07 12:41:02.213,1.39795,1.39815,1.60,1.00
2010.09.07 12:41:03.046,1.39785,1.39815,1.00,2.10
2010.09.07 12:41:03.394,1.39785,1.39815,1.00,1.70
2010.09.07 12:41:04.044,1.3979,1.3982,2.70,2.10
2010.09.07 12:41:04.656,1.3979,1.3982,1.10,2.10
2010.09.07 12:41:05.572,1.3979,1.39815,1.00,1.20
2010.09.07 12:41:05.866,1.39785,1.39815,2.70,1.00
2010.09.07 12:41:06.436,1.3979,1.39815,1.00,1.00
2010.09.07 12:41:06.952,1.39795,1.39815,1.60,1.00
2010.09.07 12:41:08.305,1.39795,1.39815,1.70,1.00
2010.09.07 12:41:09.414,1.39795,1.39815,1.60,1.00
2010.09.07 12:41:13.114,1.39785,1.39815,2.80,1.20
2010.09.07 12:41:13.518,1.3979,1.3981,1.00,1.60
2010.09.07 12:41:13.767,1.39785,1.3981,1.00,1.00
2010.09.07 12:41:14.626,1.39785,1.3981,1.70,1.00
2010.09.07 12:41:14.976,1.398,1.3982,1.60,1.00
2010.09.07 12:41:15.215,1.39795,1.39825,1.60,2.00
2010.09.07 12:41:15.581,1.39795,1.39825,1.00,2.00
2010.09.07 12:41:15.827,1.39795,1.39825,2.60,1.60
2010.09.07 12:41:16.403,1.39795,1.39825,1.10,1.60
2010.09.07 12:41:17.091,1.39795,1.39815,1.10,6.00
2010.09.07 12:41:17.218,1.3979,1.3981,1.60,1.00
2010.09.07 12:41:17.335,1.3978,1.3981,3.00,1.00
2010.09.07 12:41:17.453,1.3978,1.3981,3.20,1.00
2010.09.07 12:41:17.935,1.3978,1.3981,4.80,1.00
2010.09.07 12:41:18.056,1.39785,1.3981,1.60,1.00
2010.09.07 12:41:18.941,1.39785,1.3981,1.70,1.00
2010.09.07 12:41:21.273,1.39785,1.3981,1.60,1.00
2010.09.07 12:41:22.040,1.39785,1.3981,1.70,1.00
2010.09.07 12:41:34.041,1.39785,1.3981,1.60,1.00
2010.09.07 12:41:39.258,1.39785,1.39815,1.00,2.40
2010.09.07 12:41:39.440,1.39795,1.39815,1.60,1.20
2010.09.07 12:41:39.897,1.3979,1.39815,1.00,1.20
2010.09.07 12:41:40.079,1.3978,1.3981,2.80,2.00
2010.09.07 12:41:40.426,1.3978,1.3981,2.70,3.70
2010.09.07 12:41:41.363,1.3978,1.3981,2.70,3.80
2010.09.07 12:41:41.676,1.3978,1.398,1.00,1.60
2010.09.07 12:41:41.994,1.3978,1.39805,2.00,1.00
2010.09.07 12:41:42.664,1.3978,1.39805,1.90,1.00
2010.09.07 12:41:43.685,1.3978,1.39805,2.00,1.00
2010.09.07 12:41:44.217,1.3978,1.39805,1.90,1.00
2010.09.07 12:41:45.389,1.3978,1.39805,1.90,1.00
2010.09.07 12:41:46.631,1.3978,1.398,1.90,1.00
2010.09.07 12:41:48.513,1.3978,1.39805,1.60,1.20
2010.09.07 12:41:48.694,1.3978,1.39805,1.60,7.20
2010.09.07 12:41:49.143,1.39775,1.398,1.00,1.80
2010.09.07 12:41:49.356,1.39775,1.398,1.00,3.20
2010.09.07 12:41:49.906,1.3977,1.398,1.00,3.30
2010.09.07 12:41:50.922,1.3977,1.398,1.00,3.20
2010.09.07 12:41:52.064,1.3977,1.398,1.00,3.40
2010.09.07 12:41:52.981,1.3977,1.398,1.00,3.20
2010.09.07 12:41:55.651,1.3977,1.398,1.00,3.40
2010.09.07 12:41:56.603,1.3977,1.398,1.00,3.20
2010.09.07 12:41:59.770,1.3977,1.398,1.00,3.60
2010.09.07 12:42:01.061,1.3977,1.398,1.00,3.20
2010.09.07 12:42:01.122,1.39775,1.398,1.00,3.20
2010.09.07 12:42:01.439,1.39775,1.398,1.00,1.00
2010.09.07 12:42:01.515,1.39775,1.398,1.80,1.00
2010.09.07 12:42:02.914,1.39775,1.39805,1.00,1.60
2010.09.07 12:42:03.143,1.39775,1.39805,1.00,1.70
2010.09.07 12:42:04.719,1.39775,1.39805,1.00,1.60
2010.09.07 12:42:05.021,1.39775,1.398,1.00,1.00
2010.09.07 12:42:06.873,1.3978,1.39805,1.60,1.60
2010.09.07 12:42:07.249,1.3978,1.39805,1.60,2.00
2010.09.07 12:42:07.506,1.3978,1.39805,1.60,1.60
2010.09.07 12:42:08.018,1.3978,1.39805,2.00,1.60
2010.09.07 12:42:08.317,1.39785,1.3981,1.00,1.00
2010.09.07 12:42:08.975,1.39785,1.39805,1.00,1.00
2010.09.07 12:42:09.318,1.3978,1.39805,2.70,1.00
2010.09.07 12:42:09.686,1.3978,1.3981,2.80,2.00
2010.09.07 12:42:10.041,1.3978,1.3981,2.80,1.60
2010.09.07 12:42:10.339,1.3978,1.3981,1.00,1.00
2010.09.07 12:42:10.758,1.3978,1.3981,2.20,2.00
2010.09.07 12:42:11.059,1.39775,1.39805,5.20,2.40
2010.09.07 12:42:11.405,1.39775,1.39805,4.40,3.20
2010.09.07 12:42:12.405,1.39775,1.39805,4.40,3.30
2010.09.07 12:42:12.582,1.39775,1.39805,4.40,3.40
2010.09.07 12:42:12.763,1.39775,1.39805,4.40,3.80
2010.09.07 12:42:13.121,1.39775,1.39805,2.80,3.80
2010.09.07 12:42:14.076,1.39775,1.398,2.70,1.00
2010.09.07 12:42:17.503,1.39775,1.39805,4.30,3.80
2010.09.07 12:42:17.721,1.39775,1.39795,4.30,1.00
2010.09.07 12:42:17.940,1.39775,1.39795,2.70,1.00
2010.09.07 12:42:19.381,1.39775,1.39795,2.80,1.00
2010.09.07 12:42:20.470,1.39775,1.39795,2.70,1.00
2010.09.07 12:42:21.302,1.39775,1.39795,2.80,1.00
2010.09.07 12:42:22.822,1.39775,1.39795,4.40,1.00
2010.09.07 12:42:23.104,1.39775,1.39795,2.80,1.00
2010.09.07 12:42:24.787,1.39785,1.39795,1.00,1.00
2010.09.07 12:42:25.014,1.3978,1.39795,1.00,1.00
2010.09.07 12:42:25.244,1.39785,1.39795,1.60,1.00
2010.09.07 12:42:27.009,1.39785,1.39795,1.90,1.00
2010.09.07 12:42:27.309,1.39785,1.39795,2.00,1.00
2010.09.07 12:42:27.603,1.39785,1.39795,1.90,1.00
2010.09.07 12:42:28.213,1.39785,1.39795,2.40,1.00
2010.09.07 12:42:28.853,1.39785,1.39795,1.90,1.00
2010.09.07 12:42:30.115,1.39785,1.39795,2.80,1.00
2010.09.07 12:42:31.059,1.39785,1.39795,2.00,1.00
2010.09.07 12:42:32.507,1.39785,1.39795,1.60,1.00
2010.09.07 12:42:34.830,1.39785,1.39795,1.70,1.00
2010.09.07 12:42:35.986,1.39785,1.39795,1.60,1.00
2010.09.07 12:42:36.211,1.3978,1.39795,1.00,1.00
2010.09.07 12:42:36.433,1.39785,1.39795,1.60,1.00
2010.09.07 12:42:39.283,1.39785,1.39795,1.70,1.00
2010.09.07 12:42:39.672,1.39785,1.39795,3.30,1.00
2010.09.07 12:42:40.405,1.3979,1.39795,1.00,1.00
2010.09.07 12:42:41.632,1.39785,1.39795,1.00,1.00
2010.09.07 12:42:41.781,1.39795,1.39815,1.00,4.80
2010.09.07 12:42:41.990,1.3979,1.39795,1.00,1.00
2010.09.07 12:42:42.689,1.39785,1.39795,1.00,1.00
2010.09.07 12:42:43.577,1.3979,1.39795,1.00,1.00
2010.09.07 12:42:43.925,1.39785,1.39795,1.00,1.00
2010.09.07 12:42:44.638,1.3978,1.39795,1.00,1.00
2010.09.07 12:42:44.833,1.3978,1.39795,1.00,1.00
2010.09.07 12:42:46.387,1.39775,1.39795,2.00,1.00
2010.09.07 12:42:46.638,1.3978,1.39795,1.00,1.00
2010.09.07 12:42:46.764,1.39775,1.3979,1.60,1.00
2010.09.07 12:42:47.141,1.3977,1.3979,1.00,1.00
2010.09.07 12:42:47.396,1.39775,1.39795,1.00,1.00
2010.09.07 12:42:48.061,1.3979,1.398,2.60,1.30
2010.09.07 12:42:48.412,1.3979,1.39815,1.90,1.00
2010.09.07 12:42:49.083,1.3979,1.39815,1.90,1.20
2010.09.07 12:42:49.429,1.3979,1.39815,1.00,1.00
2010.09.07 12:42:49.776,1.3979,1.39815,2.00,1.00
2010.09.07 12:42:50.875,1.39805,1.3982,1.60,1.00
2010.09.07 12:42:51.108,1.39795,1.3982,2.30,1.00
2010.09.07 12:42:51.660,1.39805,1.3982,1.60,1.00
2010.09.07 12:42:55.772,1.39795,1.3982,1.40,1.00
2010.09.07 12:42:55.991,1.39795,1.3982,1.00,1.00
2010.09.07 12:42:58.241,1.39795,1.3982,1.00,1.00
2010.09.07 12:42:58.782,1.39795,1.3982,1.00,1.00
2010.09.07 12:42:59.053,1.39795,1.39815,1.70,1.00
2010.09.07 12:42:59.470,1.398,1.39825,1.00,3.20
2010.09.07 12:42:59.633,1.39805,1.39825,1.60,1.00
2010.09.07 12:42:59.785,1.39795,1.39825,1.90,1.00
2010.09.07 12:43:00.376,1.39805,1.39825,1.60,1.00
2010.09.07 12:43:01.065,1.398,1.39825,1.00,1.00
2010.09.07 12:43:01.406,1.39805,1.39825,1.60,1.00
2010.09.07 12:43:03.698,1.39805,1.3983,1.60,1.70
2010.09.07 12:43:05.576,1.3981,1.39835,1.00,2.80
2010.09.07 12:43:05.679,1.3981,1.39835,1.00,1.20
2010.09.07 12:43:05.774,1.3981,1.39835,1.00,3.60
2010.09.07 12:43:05.872,1.39805,1.39835,1.90,3.60
2010.09.07 12:43:06.255,1.39805,1.39835,1.90,3.70
2010.09.07 12:43:06.377,1.398,1.3983,1.00,2.20
2010.09.07 12:43:06.475,1.398,1.39825,1.00,1.60
2010.09.07 12:43:07.120,1.39795,1.39825,1.00,2.00
2010.09.07 12:43:07.466,1.39785,1.39815,2.60,1.00
2010.09.07 12:43:08.172,1.39785,1.39815,2.70,1.00
2010.09.07 12:43:08.516,1.39785,1.39815,3.10,1.00
2010.09.07 12:43:09.713,1.39785,1.39815,3.10,1.00
2010.09.07 12:43:09.913,1.39785,1.39815,3.10,1.00
2010.09.07 12:43:10.621,1.39785,1.39815,3.00,1.00
2010.09.07 12:43:10.969,1.39785,1.39815,4.40,1.00
2010.09.07 12:43:14.263,1.3979,1.39815,1.00,1.00
2010.09.07 12:43:14.810,1.398,1.39825,1.00,1.00
2010.09.07 12:43:15.057,1.398,1.3982,1.00,1.00
2010.09.07 12:43:16.442,1.398,1.39825,1.00,1.00
2010.09.07 12:43:17.273,1.398,1.39825,1.00,1.00
2010.09.07 12:43:17.518,1.398,1.3982,1.60,1.00
2010.09.07 12:43:18.459,1.39795,1.3982,2.60,1.00
2010.09.07 12:43:19.148,1.3979,1.3982,1.10,1.00
2010.09.07 12:43:19.709,1.39795,1.39815,1.60,1.00
2010.09.07 12:43:19.937,1.39795,1.3982,1.60,1.00
2010.09.07 12:43:20.163,1.39795,1.3982,1.60,1.00
2010.09.07 12:43:20.504,1.39795,1.3982,1.60,1.00
2010.09.07 12:43:20.954,1.39795,1.3982,1.60,1.20
2010.09.07 12:43:21.444,1.39795,1.3982,1.60,1.20
2010.09.07 12:43:22.170,1.39795,1.3982,1.60,2.00
2010.09.07 12:43:22.303,1.39795,1.3982,1.60,2.10
2010.09.07 12:43:23.193,1.3979,1.3982,1.00,2.10
2010.09.07 12:43:25.867,1.3979,1.39815,1.00,1.00
2010.09.07 12:43:26.061,1.3979,1.3982,1.00,2.00
2010.09.07 12:43:27.342,1.39785,1.3982,2.70,2.10
2010.09.07 12:43:28.083,1.3979,1.3982,1.00,2.00
2010.09.07 12:43:29.254,1.3979,1.3982,1.00,7.60
2010.09.07 12:43:29.457,1.39785,1.39815,2.20,1.70
2010.09.07 12:43:29.929,1.3979,1.39815,1.00,1.60
2010.09.07 12:43:30.247,1.3979,1.3982,2.00,2.00
2010.09.07 12:43:30.556,1.39795,1.3982,1.00,1.20
2010.09.07 12:43:31.377,1.3979,1.39815,1.60,1.00
2010.09.07 12:43:31.697,1.39785,1.39815,1.00,1.60
2010.09.07 12:43:32.016,1.398,1.39815,1.60,1.00
2010.09.07 12:43:32.650,1.3979,1.39815,1.60,1.00
2010.09.07 12:43:33.916,1.398,1.3982,1.60,1.60
2010.09.07 12:43:34.244,1.39805,1.39825,1.60,1.60
2010.09.07 12:43:35.756,1.39805,1.39825,1.60,1.60
2010.09.07 12:43:36.015,1.398,1.39825,1.60,3.70
2010.09.07 12:43:36.602,1.398,1.39825,1.60,4.40
2010.09.07 12:43:37.144,1.398,1.39825,1.60,3.60
2010.09.07 12:43:37.817,1.398,1.39825,1.60,3.70
2010.09.07 12:43:38.974,1.398,1.39825,1.60,4.50
2010.09.07 12:43:39.317,1.398,1.39825,1.60,5.30
2010.09.07 12:43:39.461,1.398,1.3982,1.60,1.00
2010.09.07 12:43:39.601,1.398,1.3982,1.60,1.60
2010.09.07 12:43:39.884,1.3979,1.3982,3.80,3.20
2010.09.07 12:43:40.021,1.3979,1.3982,3.00,3.20
2010.09.07 12:43:40.358,1.3979,1.39815,2.00,1.00
2010.09.07 12:43:40.605,1.3979,1.39815,1.60,1.00
2010.09.07 12:43:40.851,1.3979,1.39815,1.70,1.00
2010.09.07 12:43:41.102,1.3979,1.39815,1.70,1.60
2010.09.07 12:43:42.861,1.3979,1.39815,1.60,1.60
2010.09.07 12:43:44.780,1.3979,1.39815,1.70,1.60
2010.09.07 12:43:48.552,1.3979,1.39815,1.70,1.00
2010.09.07 12:43:53.158,1.39795,1.39815,2.40,1.00
2010.09.07 12:43:53.312,1.39805,1.39825,1.60,2.40
2010.09.07 12:43:53.761,1.39805,1.3982,1.60,1.00
2010.09.07 12:43:53.921,1.39795,1.39825,1.00,3.40
2010.09.07 12:43:54.074,1.39795,1.3982,1.00,1.00
2010.09.07 12:43:54.669,1.3979,1.3982,1.10,1.60
2010.09.07 12:43:55.018,1.3979,1.3982,1.00,2.00
2010.09.07 12:43:55.357,1.3979,1.39815,1.00,1.60
2010.09.07 12:43:55.937,1.39785,1.39815,4.40,1.60
2010.09.07 12:43:56.281,1.39795,1.3982,1.60,1.60
2010.09.07 12:43:56.906,1.39795,1.3982,1.60,2.00
2010.09.07 12:43:57.202,1.39795,1.3981,1.60,1.00
2010.09.07 12:43:57.822,1.39785,1.39815,2.70,3.20
2010.09.07 12:43:58.172,1.39785,1.39815,2.70,2.40
2010.09.07 12:43:58.834,1.39785,1.3981,5.10,1.00
2010.09.07 12:43:59.178,1.3979,1.39815,1.60,1.00
2010.09.07 12:44:00.127,1.3979,1.39815,1.60,1.00
2010.09.07 12:44:01.359,1.3979,1.39815,1.60,1.00
2010.09.07 12:44:01.584,1.3979,1.39815,1.70,1.00
2010.09.07 12:44:02.461,1.3979,1.39815,1.60,1.00
2010.09.07 12:44:02.802,1.3979,1.39815,1.60,1.00
2010.09.07 12:44:03.471,1.3979,1.39815,1.70,1.00
2010.09.07 12:44:03.840,1.3979,1.39815,1.60,1.00
2010.09.07 12:44:04.106,1.3979,1.39815,1.70,1.00
2010.09.07 12:44:04.365,1.3979,1.39815,1.60,1.70
2010.09.07 12:44:05.523,1.3979,1.39815,1.60,1.60
2010.09.07 12:44:05.974,1.3979,1.39815,2.10,1.00
2010.09.07 12:44:06.318,1.3979,1.3982,2.80,1.00
2010.09.07 12:44:07.281,1.3979,1.3982,2.80,1.00
2010.09.07 12:44:07.869,1.39785,1.39815,2.70,1.60
2010.09.07 12:44:08.155,1.39785,1.39815,2.70,2.00
2010.09.07 12:44:08.926,1.3979,1.39815,1.00,2.00
2010.09.07 12:44:09.275,1.3979,1.39815,1.00,1.60
2010.09.07 12:44:09.472,1.3979,1.39815,1.00,1.00
2010.09.07 12:44:10.036,1.3979,1.3982,1.00,3.70
2010.09.07 12:44:10.242,1.39785,1.39815,2.70,1.60
2010.09.07 12:44:11.517,1.39795,1.3981,1.00,1.60
2010.09.07 12:44:11.669,1.39785,1.3981,3.30,1.60
2010.09.07 12:44:12.154,1.39785,1.3981,1.60,1.60
2010.09.07 12:44:12.308,1.39785,1.3981,5.20,1.60
2010.09.07 12:44:12.456,1.39795,1.39815,1.60,1.60
2010.09.07 12:44:13.217,1.3979,1.39815,1.00,1.60
2010.09.07 12:44:13.569,1.3979,1.39815,1.00,3.20
2010.09.07 12:44:14.076,1.3979,1.3981,1.00,1.00
2010.09.07 12:44:14.278,1.39795,1.3982,1.60,1.00
2010.09.07 12:44:14.466,1.39795,1.3982,3.20,1.00
2010.09.07 12:44:14.652,1.39795,1.3982,1.70,1.00
2010.09.07 12:44:14.995,1.39795,1.3982,1.70,1.60
2010.09.07 12:44:15.351,1.3979,1.39815,2.00,1.00
2010.09.07 12:44:15.702,1.39785,1.3981,1.00,1.60
2010.09.07 12:44:15.895,1.39785,1.39815,1.00,3.20
2010.09.07 12:44:16.379,1.3978,1.3981,1.00,8.80
2010.09.07 12:44:16.578,1.3978,1.398,1.00,1.60
2010.09.07 12:44:16.763,1.39775,1.398,2.70,1.60
2010.09.07 12:44:17.427,1.39775,1.398,1.60,3.60
2010.09.07 12:44:17.779,1.39775,1.398,3.20,1.60
2010.09.07 12:44:18.093,1.39775,1.39805,4.30,1.60
2010.09.07 12:44:18.414,1.3978,1.39805,1.00,1.60
2010.09.07 12:44:19.075,1.39785,1.3981,1.60,2.00
2010.09.07 12:44:19.351,1.3978,1.3981,1.00,1.70
2010.09.07 12:44:19.879,1.39785,1.3981,1.60,1.60
2010.09.07 12:44:20.186,1.3978,1.39805,1.00,1.00
2010.09.07 12:44:20.804,1.39785,1.3981,1.00,2.00
2010.09.07 12:44:21.171,1.39785,1.3981,1.70,2.00
2010.09.07 12:44:21.469,1.39785,1.3981,3.30,1.60
2010.09.07 12:44:21.770,1.39785,1.39815,2.00,2.40
2010.09.07 12:44:22.069,1.39785,1.39815,3.60,2.20
2010.09.07 12:44:22.367,1.3979,1.39815,1.00,3.40
2010.09.07 12:44:22.950,1.39785,1.39815,3.60,3.80
2010.09.07 12:44:23.267,1.3979,1.39815,1.00,3.80
2010.09.07 12:44:24.933,1.39795,1.39815,1.00,1.80
2010.09.07 12:44:25.313,1.39795,1.39815,1.00,1.00
2010.09.07 12:44:25.835,1.3979,1.39815,1.00,1.00
2010.09.07 12:44:26.104,1.3979,1.39815,1.00,1.80
2010.09.07 12:44:27.154,1.3979,1.39815,1.00,1.60
2010.09.07 12:44:27.714,1.39795,1.39815,1.60,1.60
2010.09.07 12:44:27.954,1.39795,1.3981,1.60,1.00
2010.09.07 12:44:29.155,1.39805,1.39815,1.60,1.00
2010.09.07 12:44:29.395,1.3979,1.39815,1.70,1.00
2010.09.07 12:44:29.635,1.39795,1.39815,1.60,1.60
2010.09.07 12:44:30.704,1.39785,1.3981,2.00,1.00
2010.09.07 12:44:30.944,1.39785,1.3981,2.00,1.60
2010.09.07 12:44:32.012,1.39785,1.3981,1.90,1.60
2010.09.07 12:44:32.705,1.39785,1.3981,2.00,1.60
2010.09.07 12:44:32.924,1.39795,1.3981,1.60,1.60
2010.09.07 12:44:33.462,1.39795,1.39815,1.70,1.00
2010.09.07 12:44:33.679,1.39795,1.39815,1.00,1.00
2010.09.07 12:44:34.666,1.3979,1.3981,1.00,1.00
2010.09.07 12:44:35.016,1.39785,1.39815,2.70,1.00
2010.09.07 12:44:35.367,1.39785,1.39815,2.60,1.10
2010.09.07 12:44:35.717,1.39795,1.39815,1.60,1.00
2010.09.07 12:44:36.647,1.39795,1.39815,1.60,1.00
2010.09.07 12:44:36.949,1.39795,1.39815,1.00,1.00
2010.09.07 12:44:37.246,1.3979,1.39815,1.00,1.00
2010.09.07 12:44:40.027,1.39795,1.39815,1.70,1.00
2010.09.07 12:44:40.303,1.39795,1.3982,1.60,1.60
2010.09.07 12:44:42.543,1.39795,1.3982,1.70,1.60
2010.09.07 12:44:44.149,1.39795,1.3982,3.30,1.60
2010.09.07 12:44:44.387,1.398,1.3982,1.00,1.60
2010.09.07 12:44:44.634,1.398,1.3982,1.00,1.00
2010.09.07 12:44:44.875,1.39805,1.39825,1.00,1.80
2010.09.07 12:44:45.613,1.398,1.39825,1.00,1.80
2010.09.07 12:44:45.893,1.39795,1.39825,2.00,1.80
2010.09.07 12:44:47.212,1.39795,1.39825,2.40,1.80
2010.09.07 12:44:48.961,1.39795,1.39825,2.00,1.80
2010.09.07 12:44:49.310,1.39795,1.39825,2.00,2.20
2010.09.07 12:44:50.626,1.39795,1.39825,3.60,2.20
2010.09.07 12:44:50.876,1.39795,1.39825,2.00,2.20
2010.09.07 12:44:51.016,1.39795,1.3982,1.90,1.00
2010.09.07 12:44:51.284,1.39795,1.39825,2.00,1.80
2010.09.07 12:44:51.689,1.39795,1.39825,3.60,1.80
2010.09.07 12:44:51.834,1.398,1.39825,1.60,1.80
2010.09.07 12:44:53.744,1.398,1.39825,1.60,1.90
2010.09.07 12:44:56.595,1.398,1.39825,1.60,1.80
2010.09.07 12:44:57.351,1.398,1.39825,1.60,1.90
2010.09.07 12:44:58.175,1.398,1.39825,1.60,1.80
2010.09.07 12:44:58.483,1.39795,1.39825,2.30,1.80
2010.09.07 12:44:59.011,1.39795,1.39825,2.30,1.90
2010.09.07 12:44:59.151,1.39795,1.39825,1.90,1.80
2010.09.07 12:44:59.292,1.39795,1.39825,2.30,1.80
2010.09.07 12:44:59.786,1.39795,1.39825,1.90,1.80
2010.09.07 12:44:59.938,1.39795,1.3982,1.80,1.00
2010.09.07 12:45:00.502,1.39795,1.39825,1.80,1.90
2010.09.07 12:45:02.203,1.39795,1.3982,1.80,1.00
2010.09.07 12:45:03.610,1.39795,1.39825,1.80,1.90
2010.09.07 12:45:04.778,1.39795,1.39825,2.20,1.90
2010.09.07 12:45:04.942,1.39795,1.39825,2.30,1.80
2010.09.07 12:45:06.191,1.39795,1.39825,1.90,1.80
2010.09.07 12:45:06.632,1.39795,1.39825,2.30,1.80
2010.09.07 12:45:07.791,1.39795,1.39825,2.30,3.40
2010.09.07 12:45:08.363,1.39795,1.39825,2.30,1.80
2010.09.07 12:45:09.400,1.398,1.39825,1.60,1.80
2010.09.07 12:45:09.674,1.398,1.39825,2.10,1.80
2010.09.07 12:45:09.942,1.398,1.39825,1.60,1.80
2010.09.07 12:45:10.213,1.398,1.39825,1.60,1.80
2010.09.07 12:45:10.579,1.39795,1.39825,2.30,1.80
2010.09.07 12:45:10.890,1.39795,1.39825,2.20,1.90
2010.09.07 12:45:11.195,1.398,1.39825,1.00,1.80
2010.09.07 12:45:11.788,1.39795,1.39825,2.30,1.80
2010.09.07 12:45:12.070,1.39795,1.3982,1.80,1.00
2010.09.07 12:45:12.344,1.39795,1.39825,1.80,4.40
2010.09.07 12:45:12.968,1.39795,1.39825,1.80,4.60
2010.09.07 12:45:13.315,1.398,1.39825,1.60,2.90
2010.09.07 12:45:13.654,1.398,1.39815,1.60,1.00
2010.09.07 12:45:14.331,1.39795,1.39815,1.60,1.00
2010.09.07 12:45:14.657,1.3979,1.39815,2.70,1.00
2010.09.07 12:45:15.296,1.3979,1.39815,2.40,1.40
2010.09.07 12:45:15.648,1.39785,1.39815,4.30,2.30
2010.09.07 12:45:16.333,1.39785,1.3981,4.30,1.00
2010.09.07 12:45:18.966,1.39785,1.3981,4.30,1.00
2010.09.07 12:45:19.569,1.39785,1.3981,1.60,7.50
2010.09.07 12:45:20.001,1.3978,1.398,1.00,1.60
2010.09.07 12:45:21.013,1.3978,1.39805,1.00,1.00
2010.09.07 12:45:21.351,1.3978,1.39805,1.00,1.00
2010.09.07 12:45:22.291,1.39785,1.39805,4.30,1.00
2010.09.07 12:45:22.561,1.3979,1.3981,1.60,1.00
2010.09.07 12:45:23.162,1.398,1.3981,1.60,1.00
2010.09.07 12:45:23.507,1.39785,1.3981,3.20,3.80
2010.09.07 12:45:24.082,1.39785,1.3981,1.60,5.50
2010.09.07 12:45:25.630,1.39785,1.39805,1.60,1.00
2010.09.07 12:45:25.940,1.3978,1.39805,1.60,2.30
2010.09.07 12:45:27.461,1.3978,1.398,1.60,1.00
2010.09.07 12:45:29.466,1.3978,1.39805,2.70,1.00
2010.09.07 12:45:29.649,1.3979,1.39805,1.60,1.00
2010.09.07 12:45:29.993,1.3979,1.39805,1.60,1.00
2010.09.07 12:45:31.223,1.3979,1.39805,1.60,1.00
2010.09.07 12:45:31.473,1.3979,1.39805,1.60,1.00
2010.09.07 12:45:31.955,1.3979,1.39805,1.60,1.00
2010.09.07 12:45:32.534,1.3979,1.3981,1.60,1.00
2010.09.07 12:45:32.981,1.3979,1.3981,1.60,1.00
2010.09.07 12:45:33.775,1.3979,1.3981,1.60,1.00
2010.09.07 12:45:35.053,1.3979,1.3981,1.60,1.00
2010.09.07 12:45:35.512,1.3979,1.3981,1.60,1.00
2010.09.07 12:45:38.100,1.398,1.39815,1.00,1.00
2010.09.07 12:45:38.641,1.39805,1.3982,1.60,1.00
2010.09.07 12:45:38.993,1.39795,1.39815,3.10,1.00
2010.09.07 12:45:39.662,1.39795,1.39815,2.60,1.00
2010.09.07 12:45:41.069,1.3979,1.39815,2.40,1.40
2010.09.07 12:45:41.326,1.39795,1.39815,1.00,1.00
2010.09.07 12:45:41.608,1.39795,1.39815,1.00,1.00
2010.09.07 12:45:42.148,1.39795,1.3982,1.80,1.00
2010.09.07 12:45:42.426,1.39795,1.39825,2.70,1.60
2010.09.07 12:45:43.134,1.398,1.39825,1.60,1.60
2010.09.07 12:45:43.480,1.39795,1.3982,1.60,3.50
2010.09.07 12:45:43.827,1.39795,1.3982,1.60,2.60
2010.09.07 12:45:44.183,1.39795,1.3982,1.60,3.40
2010.09.07 12:45:44.540,1.398,1.3982,1.60,1.00
2010.09.07 12:45:45.421,1.398,1.39825,1.90,1.40
2010.09.07 12:45:45.997,1.398,1.39825,2.00,1.00
2010.09.07 12:45:46.535,1.3981,1.3983,1.60,1.70
2010.09.07 12:45:46.821,1.39805,1.39825,3.20,1.00
2010.09.07 12:45:47.140,1.39805,1.39825,3.20,1.00
2010.09.07 12:45:47.489,1.39805,1.39825,1.60,1.00
2010.09.07 12:45:47.811,1.3981,1.39825,1.60,1.00
2010.09.07 12:45:48.637,1.39805,1.39825,3.20,1.00
2010.09.07 12:45:49.279,1.39805,1.39825,3.50,1.00
2010.09.07 12:45:49.634,1.39805,1.3983,1.80,2.40
2010.09.07 12:45:50.647,1.39805,1.39825,1.80,1.00
2010.09.07 12:45:50.956,1.39805,1.3983,1.80,2.40
2010.09.07 12:45:51.268,1.39805,1.3983,1.80,2.20
2010.09.07 12:45:51.778,1.3982,1.39835,1.00,3.20
2010.09.07 12:45:52.059,1.3981,1.3983,1.60,1.00
2010.09.07 12:45:52.307,1.3981,1.39835,1.60,4.70
2010.09.07 12:45:52.913,1.398,1.3983,2.60,1.20
2010.09.07 12:45:53.169,1.398,1.39825,1.90,3.00
2010.09.07 12:45:53.802,1.39795,1.3982,4.00,1.00
2010.09.07 12:45:54.156,1.39795,1.3982,3.90,1.00
2010.09.07 12:45:55.069,1.39795,1.3982,4.00,1.00
2010.09.07 12:45:56.151,1.39795,1.3982,2.00,1.30
2010.09.07 12:45:56.498,1.39795,1.3982,1.00,1.20
2010.09.07 12:45:57.694,1.39795,1.39815,1.00,1.40
2010.09.07 12:45:57.905,1.398,1.39815,1.00,1.00
2010.09.07 12:45:58.511,1.3979,1.39815,2.00,1.00
2010.09.07 12:45:58.858,1.39795,1.39815,1.60,1.00
2010.09.07 12:45:59.509,1.39795,1.39815,1.60,1.40
2010.09.07 12:45:59.800,1.39795,1.39815,1.60,1.40
2010.09.07 12:46:00.086,1.3979,1.39815,1.00,1.40
2010.09.07 12:46:00.700,1.39795,1.39815,1.00,1.40
2010.09.07 12:46:01.022,1.39795,1.39815,1.60,1.40
2010.09.07 12:46:01.339,1.3979,1.39815,1.10,1.40
2010.09.07 12:46:01.919,1.39795,1.39815,1.60,1.40
2010.09.07 12:46:02.159,1.39795,1.3982,3.20,2.00
2010.09.07 12:46:02.751,1.39795,1.3982,3.20,1.30
2010.09.07 12:46:02.997,1.39795,1.3982,3.20,2.90
2010.09.07 12:46:03.345,1.39795,1.3982,1.60,2.90
2010.09.07 12:46:04.337,1.3979,1.39815,1.00,1.00
2010.09.07 12:46:04.621,1.39785,1.39815,6.00,1.40
2010.09.07 12:46:04.909,1.39785,1.39815,4.40,1.40
2010.09.07 12:46:05.186,1.39785,1.39815,4.40,1.50
2010.09.07 12:46:05.824,1.39785,1.3981,4.30,1.00
2010.09.07 12:46:06.148,1.39785,1.3981,3.50,1.20
2010.09.07 12:46:06.363,1.39785,1.3981,3.50,1.00
2010.09.07 12:46:06.774,1.39785,1.39805,3.50,1.00
2010.09.07 12:46:07.008,1.39785,1.3981,1.00,2.80
2010.09.07 12:46:07.229,1.39785,1.3981,1.00,1.00
2010.09.07 12:46:07.724,1.39785,1.3981,3.30,1.00
2010.09.07 12:46:09.068,1.39785,1.3981,3.30,2.00
2010.09.07 12:46:09.421,1.39785,1.3981,1.00,2.00
2010.09.07 12:46:09.986,1.39785,1.39805,1.00,1.00
2010.09.07 12:46:10.275,1.39785,1.3981,1.00,1.20
2010.09.07 12:46:10.894,1.3979,1.39805,1.00,1.00
2010.09.07 12:46:13.114,1.3979,1.3981,1.00,2.80
2010.09.07 12:46:13.350,1.39785,1.3981,1.60,2.80
2010.09.07 12:46:13.572,1.3978,1.39805,2.80,1.00
2010.09.07 12:46:13.908,1.3978,1.39805,1.10,1.00
2010.09.07 12:46:14.260,1.39785,1.3981,1.00,1.20
2010.09.07 12:46:14.605,1.39785,1.3981,1.70,1.00
2010.09.07 12:46:18.481,1.39785,1.3981,3.30,1.00
2010.09.07 12:46:18.740,1.39785,1.3981,1.70,1.00
2010.09.07 12:46:19.899,1.39785,1.3981,1.60,1.00
2010.09.07 12:46:20.041,1.39785,1.3981,3.20,1.00
2010.09.07 12:46:20.322,1.39785,1.3981,3.30,1.00
2010.09.07 12:46:21.999,1.3979,1.3981,1.00,1.00
2010.09.07 12:46:22.733,1.3979,1.3981,1.00,1.20
2010.09.07 12:46:23.425,1.3978,1.3981,2.80,1.20
2010.09.07 12:46:23.687,1.3979,1.39805,1.00,1.00
2010.09.07 12:46:24.264,1.3979,1.3981,1.00,2.00
2010.09.07 12:46:24.531,1.3979,1.3981,1.00,5.20
2010.09.07 12:46:24.877,1.3978,1.39805,1.00,2.00
2010.09.07 12:46:25.368,1.39785,1.39805,1.60,1.00
2010.09.07 12:46:25.718,1.39785,1.39805,1.60,1.00
2010.09.07 12:46:27.027,1.39785,1.39805,1.70,1.00
2010.09.07 12:46:27.294,1.39785,1.39805,1.00,2.00
2010.09.07 12:46:28.002,1.39785,1.39805,1.00,2.80
2010.09.07 12:46:28.971,1.39785,1.39805,1.00,2.00
2010.09.07 12:46:29.636,1.39785,1.39805,1.00,1.60
2010.09.07 12:46:29.969,1.3978,1.398,1.00,2.40
2010.09.07 12:46:30.185,1.39775,1.398,1.70,4.00
2010.09.07 12:46:30.727,1.39775,1.39795,1.00,2.40
2010.09.07 12:46:31.474,1.39775,1.39795,1.00,1.60
2010.09.07 12:46:31.513,1.3978,1.39795,1.00,1.60
2010.09.07 12:46:32.485,1.39775,1.39795,1.00,1.60
2010.09.07 12:46:32.828,1.3978,1.39795,1.60,1.60
2010.09.07 12:46:33.131,1.3978,1.39795,1.60,1.00
2010.09.07 12:46:34.442,1.3978,1.39795,1.70,1.00
2010.09.07 12:46:37.412,1.3978,1.39795,1.60,1.00
2010.09.07 12:46:37.911,1.3978,1.39795,1.70,1.00
2010.09.07 12:46:38.585,1.3978,1.39795,1.00,1.60
2010.09.07 12:46:38.696,1.3977,1.39795,1.70,2.40
2010.09.07 12:46:39.015,1.39775,1.39795,1.60,1.00
2010.09.07 12:46:40.020,1.39775,1.39795,1.70,1.00
2010.09.07 12:46:40.355,1.3978,1.39805,1.00,3.60
2010.09.07 12:46:40.696,1.3978,1.39805,1.00,1.60
2010.09.07 12:46:42.678,1.39785,1.39805,1.60,1.60
2010.09.07 12:46:44.091,1.3979,1.39805,1.60,1.60
2010.09.07 12:46:44.125,1.3979,1.39805,1.60,1.00
2010.09.07 12:46:45.598,1.39785,1.39805,1.60,1.00
2010.09.07 12:46:49.209,1.3978,1.398,1.00,1.00
2010.09.07 12:46:49.435,1.39775,1.398,1.00,1.00
2010.09.07 12:46:50.140,1.39775,1.39795,1.90,1.60
2010.09.07 12:46:50.491,1.3978,1.39795,1.00,1.60
2010.09.07 12:46:51.202,1.39775,1.398,3.50,1.20
2010.09.07 12:46:51.515,1.39775,1.39795,1.90,1.60
2010.09.07 12:46:52.313,1.39775,1.39795,1.60,1.60
2010.09.07 12:46:52.903,1.39775,1.39795,1.00,1.60
2010.09.07 12:46:54.781,1.39775,1.39795,1.60,1.60
2010.09.07 12:46:55.560,1.39775,1.39795,1.60,2.40
2010.09.07 12:46:55.742,1.3977,1.39795,1.00,3.20
2010.09.07 12:46:56.024,1.39775,1.39795,1.60,1.60
2010.09.07 12:46:57.170,1.39765,1.3979,1.80,1.60
2010.09.07 12:46:57.882,1.39765,1.39785,1.80,1.60
2010.09.07 12:46:58.214,1.39765,1.39785,1.00,2.40
2010.09.07 12:47:03.049,1.39765,1.39785,1.80,1.00
2010.09.07 12:47:04.491,1.39765,1.39785,3.40,1.00
2010.09.07 12:47:04.622,1.3977,1.39785,1.00,1.00
2010.09.07 12:47:05.112,1.39765,1.39785,1.90,1.00
2010.09.07 12:47:05.674,1.39765,1.39785,2.60,1.00
2010.09.07 12:47:05.976,1.39775,1.39795,1.60,1.60
2010.09.07 12:47:06.567,1.39775,1.39795,1.70,1.60
2010.09.07 12:47:07.188,1.39785,1.39805,1.60,2.40
2010.09.07 12:47:07.478,1.39785,1.39805,1.60,3.20
2010.09.07 12:47:07.769,1.39785,1.39805,1.60,2.40
2010.09.07 12:47:10.641,1.39785,1.39805,1.60,1.60
2010.09.07 12:47:11.541,1.3978,1.39805,1.70,1.60
2010.09.07 12:47:13.435,1.3978,1.39805,1.60,1.70
2010.09.07 12:47:13.781,1.39795,1.3981,1.60,1.00
2010.09.07 12:47:16.464,1.39795,1.39815,1.60,1.70
2010.09.07 12:47:17.070,1.39795,1.39815,1.60,1.60
2010.09.07 12:47:17.593,1.39795,1.3982,3.20,1.00
2010.09.07 12:47:17.945,1.39795,1.39825,4.30,1.60
2010.09.07 12:47:18.686,1.39795,1.39825,3.60,4.90
2010.09.07 12:47:19.038,1.39795,1.39825,3.60,5.30
2010.09.07 12:47:19.389,1.39795,1.3982,3.20,1.60
2010.09.07 12:47:19.729,1.39795,1.39825,3.60,2.80
2010.09.07 12:47:20.066,1.398,1.39825,1.60,1.00
2010.09.07 12:47:20.697,1.39795,1.39825,3.60,2.40
2010.09.07 12:47:20.947,1.398,1.39825,1.70,1.00
2010.09.07 12:47:21.195,1.398,1.39825,1.70,1.20
2010.09.07 12:47:21.604,1.39795,1.39825,4.40,2.80
2010.09.07 12:47:21.871,1.39795,1.3982,3.30,1.00
2010.09.07 12:47:22.535,1.398,1.39825,1.90,1.00
2010.09.07 12:47:23.531,1.39805,1.39825,1.60,1.00
2010.09.07 12:47:23.880,1.398,1.39825,2.00,1.00
2010.09.07 12:47:25.623,1.398,1.39825,1.00,1.00
2010.09.07 12:47:26.058,1.398,1.39825,1.00,2.40
2010.09.07 12:47:26.355,1.398,1.39825,1.00,2.90
2010.09.07 12:47:26.643,1.39795,1.3982,3.30,1.00
2010.09.07 12:47:27.253,1.39795,1.3982,3.20,1.00
2010.09.07 12:47:27.549,1.39795,1.3982,3.30,1.00
2010.09.07 12:47:27.848,1.39795,1.3982,3.20,1.00
2010.09.07 12:47:28.783,1.39795,1.3982,3.20,1.00
2010.09.07 12:47:29.817,1.39795,1.39815,3.20,1.00
2010.09.07 12:47:30.105,1.39795,1.39815,1.60,1.00
2010.09.07 12:47:30.697,1.3979,1.39815,1.60,1.00
2010.09.07 12:47:30.986,1.39795,1.39815,1.60,1.00
2010.09.07 12:47:31.312,1.39785,1.3981,3.30,1.00
2010.09.07 12:47:31.959,1.3979,1.3981,1.00,1.00
2010.09.07 12:47:32.586,1.3979,1.39815,2.00,1.00
2010.09.07 12:47:33.335,1.398,1.39815,1.00,1.00
2010.09.07 12:47:33.675,1.398,1.3982,1.00,1.00
2010.09.07 12:47:34.513,1.39805,1.39825,1.60,1.00
2010.09.07 12:47:34.827,1.398,1.39825,1.00,1.20
2010.09.07 12:47:35.543,1.39805,1.39825,1.00,2.80
2010.09.07 12:47:36.243,1.39805,1.39825,1.90,1.60
2010.09.07 12:47:36.532,1.3981,1.3983,1.00,1.20
2010.09.07 12:47:37.099,1.3981,1.3983,1.00,1.00
2010.09.07 12:47:37.388,1.3981,1.39835,1.00,2.80
2010.09.07 12:47:38.041,1.39815,1.39835,3.20,2.80
2010.09.07 12:47:38.091,1.39815,1.39835,3.20,1.00
2010.09.07 12:47:39.391,1.3981,1.39835,1.00,1.00
2010.09.07 12:47:39.744,1.39815,1.39835,1.00,1.00
2010.09.07 12:47:41.054,1.39815,1.39835,1.60,1.00
2010.09.07 12:47:41.318,1.3981,1.3983,1.00,1.60
2010.09.07 12:47:42.001,1.3981,1.39835,1.90,1.00
2010.09.07 12:47:42.651,1.39815,1.3983,1.00,1.00
2010.09.07 12:47:42.980,1.3981,1.39825,1.00,1.00
2010.09.07 12:47:43.887,1.398,1.39825,1.60,1.60
2010.09.07 12:47:44.605,1.39805,1.39825,1.60,1.60
2010.09.07 12:47:44.949,1.398,1.39825,1.60,2.40
2010.09.07 12:47:45.286,1.398,1.39825,1.70,2.40
2010.09.07 12:47:45.630,1.39805,1.39825,1.60,2.40
2010.09.07 12:47:45.967,1.398,1.39825,1.70,2.40
2010.09.07 12:47:47.052,1.39805,1.3982,1.60,1.60
2010.09.07 12:47:47.276,1.39805,1.3982,1.60,1.60
2010.09.07 12:47:47.509,1.39805,1.39825,1.60,1.00
2010.09.07 12:47:48.063,1.39805,1.3983,1.60,3.20
2010.09.07 12:47:48.405,1.39805,1.3983,1.60,1.60
2010.09.07 12:47:49.294,1.39805,1.3983,1.60,2.40
2010.09.07 12:47:49.564,1.39805,1.3983,1.60,2.40
2010.09.07 12:47:50.238,1.39805,1.3983,1.60,1.60
2010.09.07 12:47:50.852,1.39805,1.3983,1.60,2.40
2010.09.07 12:47:51.191,1.39805,1.3983,1.60,1.60
2010.09.07 12:47:51.925,1.39805,1.3983,1.60,2.40
2010.09.07 12:47:53.088,1.39805,1.3983,1.60,4.50
2010.09.07 12:47:53.375,1.39805,1.3983,1.60,5.30
2010.09.07 12:47:53.671,1.39805,1.39825,1.60,1.60
2010.09.07 12:47:54.320,1.39805,1.3982,1.60,1.00
2010.09.07 12:47:54.657,1.39795,1.39815,3.20,1.00
2010.09.07 12:47:54.956,1.398,1.39815,1.60,1.00
2010.09.07 12:47:55.611,1.39795,1.39815,3.30,1.00
2010.09.07 12:47:55.907,1.398,1.39815,1.60,1.00
2010.09.07 12:47:57.133,1.398,1.3982,1.60,1.00
2010.09.07 12:47:57.738,1.39805,1.39825,1.60,2.40
2010.09.07 12:47:58.092,1.398,1.3982,1.70,1.00
2010.09.07 12:47:58.436,1.39795,1.3982,1.60,1.60
2010.09.07 12:47:59.088,1.39795,1.3982,1.60,3.20
2010.09.07 12:47:59.396,1.39795,1.3982,1.60,3.20
2010.09.07 12:48:00.335,1.39795,1.3982,1.60,1.60
2010.09.07 12:48:00.651,1.39795,1.3982,1.60,1.60
2010.09.07 12:48:01.849,1.3979,1.3981,1.00,3.20
2010.09.07 12:48:02.117,1.39795,1.3981,1.60,1.60
2010.09.07 12:48:03.282,1.3979,1.3981,1.70,2.40
2010.09.07 12:48:03.893,1.3979,1.3981,1.60,1.60
2010.09.07 12:48:04.179,1.3979,1.3981,1.70,1.60
2010.09.07 12:48:04.455,1.3979,1.3981,1.60,1.60
2010.09.07 12:48:04.737,1.39795,1.3981,1.60,1.60
2010.09.07 12:48:05.088,1.3979,1.39815,2.40,3.20
2010.09.07 12:48:05.444,1.39795,1.3982,1.00,3.60
2010.09.07 12:48:05.789,1.39795,1.3982,1.60,2.40
2010.09.07 12:48:06.426,1.39795,1.39815,1.60,1.00
2010.09.07 12:48:08.016,1.39795,1.39805,1.60,1.00
2010.09.07 12:48:08.881,1.39795,1.39805,3.20,1.00
2010.09.07 12:48:09.331,1.39795,1.39805,1.60,1.00
2010.09.07 12:48:09.675,1.39795,1.39805,1.60,1.00
2010.09.07 12:48:10.853,1.3979,1.39805,1.10,1.00
2010.09.07 12:48:11.922,1.39795,1.39805,1.60,1.00
2010.09.07 12:48:12.104,1.3979,1.39805,1.00,1.00
2010.09.07 12:48:12.802,1.39795,1.39805,1.60,1.00
2010.09.07 12:48:13.148,1.3979,1.39805,1.00,1.00
2010.09.07 12:48:14.518,1.39785,1.39805,3.90,1.00
2010.09.07 12:48:15.712,1.39785,1.39805,4.00,1.00
2010.09.07 12:48:16.513,1.3979,1.39805,1.00,1.00
2010.09.07 12:48:19.047,1.39785,1.39805,4.00,1.00
2010.09.07 12:48:19.398,1.39785,1.39805,3.60,1.00
2010.09.07 12:48:19.664,1.39785,1.39805,1.90,1.00
2010.09.07 12:48:20.289,1.39785,1.39805,1.80,1.00
2010.09.07 12:48:22.144,1.39785,1.39805,3.50,1.00
2010.09.07 12:48:24.266,1.39785,1.39805,1.80,1.00
2010.09.07 12:48:25.491,1.39795,1.39805,1.60,1.00
2010.09.07 12:48:26.504,1.39785,1.39805,4.40,1.00
2010.09.07 12:48:28.723,1.39785,1.39805,4.30,1.00
2010.09.07 12:48:31.348,1.39795,1.39805,1.60,1.00
2010.09.07 12:48:31.573,1.39785,1.39805,4.30,1.00
2010.09.07 12:48:32.492,1.39785,1.39805,4.40,1.00
2010.09.07 12:48:32.798,1.39785,1.39805,4.30,1.00
2010.09.07 12:48:33.400,1.39785,1.398,1.60,1.60
2010.09.07 12:48:33.685,1.39775,1.3979,1.60,1.60
2010.09.07 12:48:34.027,1.39775,1.398,1.60,2.00
2010.09.07 12:48:34.609,1.39775,1.398,1.60,2.00
2010.09.07 12:48:34.971,1.39785,1.39805,1.60,1.00
2010.09.07 12:48:37.302,1.39785,1.39805,1.60,1.00
2010.09.07 12:48:37.705,1.39785,1.39805,1.60,1.00
2010.09.07 12:48:39.125,1.39785,1.398,1.60,1.60
2010.09.07 12:48:39.491,1.39775,1.398,2.60,1.60
2010.09.07 12:48:39.780,1.3977,1.39795,1.00,1.60
2010.09.07 12:48:40.063,1.3977,1.39795,1.00,1.60
2010.09.07 12:48:41.353,1.3977,1.39795,1.00,1.60
2010.09.07 12:48:41.675,1.3977,1.398,1.00,4.10
2010.09.07 12:48:41.993,1.3977,1.398,1.00,3.30
2010.09.07 12:48:42.574,1.39775,1.398,3.30,1.00
2010.09.07 12:48:43.622,1.3978,1.39805,1.00,5.20
2010.09.07 12:48:43.871,1.39775,1.39805,2.60,5.30
2010.09.07 12:48:44.523,1.39775,1.39805,2.70,5.20
2010.09.07 12:48:45.535,1.39775,1.398,1.80,1.00
2010.09.07 12:48:46.113,1.39775,1.398,1.90,1.00
2010.09.07 12:48:46.596,1.39775,1.398,3.60,1.60
2010.09.07 12:48:47.297,1.39775,1.398,3.60,1.00
2010.09.07 12:48:47.645,1.39785,1.398,1.60,1.00
2010.09.07 12:48:47.984,1.39785,1.398,1.60,1.00
2010.09.07 12:48:49.460,1.39785,1.39805,1.60,1.10
2010.09.07 12:48:50.318,1.39785,1.39805,1.90,1.00
2010.09.07 12:48:51.000,1.39785,1.39805,4.30,1.00
2010.09.07 12:48:52.545,1.39795,1.39805,1.60,1.00
2010.09.07 12:48:54.337,1.39785,1.39805,1.60,1.00
2010.09.07 12:48:54.646,1.39795,1.39805,1.60,1.00
2010.09.07 12:48:55.535,1.39795,1.39805,3.20,1.00
2010.09.07 12:48:55.826,1.39795,1.39805,1.60,1.00
2010.09.07 12:48:56.119,1.39795,1.39805,4.00,1.00
2010.09.07 12:48:56.408,1.39795,1.39805,3.20,1.00
2010.09.07 12:48:57.264,1.39795,1.39805,3.30,1.00
2010.09.07 12:48:57.840,1.39795,1.39805,4.40,1.00
2010.09.07 12:48:58.186,1.39795,1.39805,4.80,1.00
2010.09.07 12:48:58.826,1.398,1.39805,1.00,1.00
2010.09.07 12:48:59.355,1.39795,1.39805,4.40,1.00
2010.09.07 12:49:01.567,1.39795,1.39805,4.30,1.00
2010.09.07 12:49:01.914,1.39795,1.39815,4.70,1.00
2010.09.07 12:49:02.245,1.39795,1.39815,4.30,1.00
2010.09.07 12:49:03.282,1.39805,1.39815,1.60,1.00
2010.09.07 12:49:03.622,1.398,1.39815,1.00,1.00
2010.09.07 12:49:04.339,1.39805,1.39825,3.20,1.00
2010.09.07 12:49:04.584,1.39805,1.39825,1.60,1.00
2010.09.07 12:49:06.698,1.39805,1.3983,1.00,1.00
2010.09.07 12:49:06.941,1.39805,1.3983,3.50,1.00
2010.09.07 12:49:07.495,1.39805,1.39835,3.50,2.50
2010.09.07 12:49:07.843,1.39805,1.39825,1.90,1.00
2010.09.07 12:49:08.186,1.39805,1.39825,1.60,1.00
2010.09.07 12:49:08.473,1.39805,1.39825,1.60,1.00
2010.09.07 12:49:09.160,1.39805,1.39825,1.60,1.00
2010.09.07 12:49:10.963,1.39805,1.39825,1.60,1.00
2010.09.07 12:49:11.124,1.39815,1.39825,1.60,1.00
2010.09.07 12:49:11.920,1.398,1.39825,1.00,1.00
2010.09.07 12:49:12.211,1.39805,1.39825,1.60,1.00
2010.09.07 12:49:12.497,1.398,1.39825,1.00,1.00
2010.09.07 12:49:13.618,1.398,1.39825,1.00,1.00
2010.09.07 12:49:15.096,1.39805,1.3983,1.60,1.70
2010.09.07 12:49:15.423,1.39805,1.3983,1.60,1.60
2010.09.07 12:49:18.096,1.39805,1.3983,3.20,1.60
2010.09.07 12:49:22.413,1.39805,1.39825,3.20,1.00
2010.09.07 12:49:22.592,1.39805,1.3983,1.60,2.40
2010.09.07 12:49:23.230,1.39805,1.3983,1.60,1.60
2010.09.07 12:49:23.402,1.39805,1.39825,1.60,1.00
2010.09.07 12:49:23.746,1.398,1.39825,1.00,1.00
2010.09.07 12:49:24.228,1.39795,1.39825,4.30,1.00
2010.09.07 12:49:24.578,1.39795,1.39825,4.40,1.00
2010.09.07 12:49:26.045,1.39805,1.39825,1.60,1.00
2010.09.07 12:49:26.442,1.39805,1.39825,1.60,1.00
2010.09.07 12:49:26.944,1.39805,1.39825,1.60,1.00
2010.09.07 12:49:27.262,1.39805,1.3983,1.60,1.60
2010.09.07 12:49:27.585,1.39805,1.3983,1.60,2.40
2010.09.07 12:49:28.282,1.398,1.3983,1.10,2.40
2010.09.07 12:49:28.604,1.398,1.3983,1.10,3.20
2010.09.07 12:49:29.243,1.398,1.3983,1.10,2.40
2010.09.07 12:49:29.945,1.398,1.3983,1.10,2.80
2010.09.07 12:49:30.272,1.39805,1.39825,1.00,2.40
2010.09.07 12:49:30.767,1.39805,1.39825,2.60,1.60
2010.09.07 12:49:31.010,1.3982,1.39825,1.60,1.60
2010.09.07 12:49:31.790,1.39805,1.3983,1.60,1.00
2010.09.07 12:49:32.137,1.39805,1.39835,3.70,1.60
2010.09.07 12:49:32.836,1.39805,1.3983,1.00,3.20
2010.09.07 12:49:33.187,1.3981,1.39835,1.60,4.90
2010.09.07 12:49:33.550,1.39805,1.39835,2.00,4.90
2010.09.07 12:49:33.900,1.39805,1.39835,3.70,5.00
2010.09.07 12:49:34.896,1.39805,1.3983,2.00,1.00
2010.09.07 12:49:36.682,1.398,1.3983,3.10,3.20
2010.09.07 12:49:36.925,1.398,1.3983,1.40,3.40
2010.09.07 12:49:37.530,1.398,1.39825,1.40,1.00
2010.09.07 12:49:37.859,1.398,1.3983,1.50,3.40
2010.09.07 12:49:39.464,1.398,1.3983,3.20,3.40
2010.09.07 12:49:39.774,1.3981,1.39825,1.60,1.00
2010.09.07 12:49:40.613,1.3981,1.3983,1.60,2.50
2010.09.07 12:49:40.943,1.398,1.3983,3.20,3.20
2010.09.07 12:49:41.628,1.39805,1.3983,2.60,1.60
2010.09.07 12:49:41.881,1.3981,1.3984,4.30,2.60
2010.09.07 12:49:42.987,1.3981,1.3984,2.70,3.00
2010.09.07 12:49:43.267,1.3981,1.39835,1.60,2.00
2010.09.07 12:49:43.881,1.398,1.39835,1.50,2.00
2010.09.07 12:49:44.231,1.3981,1.3983,1.00,1.00
2010.09.07 12:49:44.928,1.398,1.3983,1.10,1.00
2010.09.07 12:49:45.907,1.39805,1.3983,1.00,1.00
2010.09.07 12:49:46.260,1.39805,1.39835,2.80,3.60
2010.09.07 12:49:46.605,1.39805,1.39835,2.80,4.80
2010.09.07 12:49:46.965,1.3981,1.39835,1.00,4.80
2010.09.07 12:49:47.298,1.3981,1.39835,1.00,1.60
2010.09.07 12:49:47.636,1.3981,1.3984,1.00,4.90
2010.09.07 12:49:48.445,1.39805,1.39835,1.70,4.90
2010.09.07 12:49:48.784,1.39805,1.3983,1.60,1.00
2010.09.07 12:49:49.274,1.39805,1.3983,1.60,3.20
2010.09.07 12:49:52.222,1.39805,1.3983,1.70,3.20
2010.09.07 12:49:52.562,1.39805,1.3983,1.70,1.60
2010.09.07 12:49:54.825,1.39805,1.3983,2.00,1.00
2010.09.07 12:49:55.038,1.39815,1.39835,1.60,1.00
2010.09.07 12:49:55.253,1.39815,1.3984,1.60,1.60
2010.09.07 12:49:55.466,1.39815,1.3984,1.60,1.70
2010.09.07 12:49:57.232,1.3981,1.3984,2.70,3.40
2010.09.07 12:49:57.739,1.3981,1.3984,2.80,3.30
2010.09.07 12:49:57.982,1.39815,1.3984,1.60,1.60
2010.09.07 12:49:58.327,1.39815,1.3984,1.60,1.60
2010.09.07 12:49:59.017,1.39815,1.3984,1.60,1.70
2010.09.07 12:49:59.533,1.39815,1.3984,1.70,1.60
2010.09.07 12:50:00.169,1.39815,1.3984,1.60,1.60
2010.09.07 12:50:00.484,1.39815,1.3984,1.60,1.60
2010.09.07 12:50:02.102,1.39815,1.3984,1.70,1.60
2010.09.07 12:50:02.844,1.39805,1.3984,1.90,5.20
2010.09.07 12:50:03.837,1.39805,1.3984,1.80,2.20
2010.09.07 12:50:04.484,1.39805,1.39835,1.90,1.60
2010.09.07 12:50:08.213,1.39805,1.3983,1.00,1.60
2010.09.07 12:50:09.764,1.39795,1.39825,2.60,2.50
2010.09.07 12:50:10.401,1.39795,1.39825,2.60,4.50
2010.09.07 12:50:10.927,1.39795,1.39825,2.70,3.20
2010.09.07 12:50:11.504,1.398,1.39825,1.00,3.20
2010.09.07 12:50:11.741,1.3981,1.39835,1.00,2.00
2010.09.07 12:50:12.273,1.39815,1.3984,1.00,2.10
2010.09.07 12:50:12.615,1.3981,1.3984,2.70,1.90
2010.09.07 12:50:12.958,1.3981,1.3984,2.80,2.40
2010.09.07 12:50:13.530,1.3981,1.3984,1.00,5.80
2010.09.07 12:50:13.880,1.3981,1.3984,1.00,4.20
2010.09.07 12:50:14.229,1.3981,1.39835,1.00,1.70
2010.09.07 12:50:14.762,1.39805,1.3983,1.00,1.60
2010.09.07 12:50:15.008,1.398,1.3983,2.80,3.40
2010.09.07 12:50:15.254,1.39805,1.3983,1.00,4.00
2010.09.07 12:50:15.914,1.3981,1.3983,2.80,1.00
2010.09.07 12:50:16.259,1.3981,1.3983,2.70,1.00
2010.09.07 12:50:16.534,1.3981,1.3983,2.70,1.00
2010.09.07 12:50:17.439,1.3981,1.39835,2.70,1.00
2010.09.07 12:50:18.124,1.3981,1.3984,2.80,4.90
2010.09.07 12:50:18.480,1.39815,1.3984,1.00,4.10
2010.09.07 12:50:18.832,1.3981,1.39825,2.70,1.00
2010.09.07 12:50:19.179,1.39795,1.3982,3.10,1.60
2010.09.07 12:50:19.561,1.39795,1.3982,4.70,1.60
2010.09.07 12:50:19.912,1.39795,1.39815,1.00,1.60
2010.09.07 12:50:20.519,1.39795,1.39815,1.00,1.60
2010.09.07 12:50:20.867,1.39795,1.39815,2.70,1.60
2010.09.07 12:50:21.207,1.39795,1.39815,2.60,1.60
2010.09.07 12:50:21.543,1.39795,1.39815,2.70,1.60
2010.09.07 12:50:22.484,1.39795,1.39815,3.50,1.60
2010.09.07 12:50:22.792,1.39795,1.39815,2.70,1.60
2010.09.07 12:50:23.106,1.39795,1.3981,2.60,1.00
2010.09.07 12:50:23.448,1.39795,1.3981,1.80,1.00
2010.09.07 12:50:23.766,1.3979,1.39815,1.60,1.60
2010.09.07 12:50:24.010,1.39785,1.3981,2.70,7.60
2010.09.07 12:50:24.594,1.39785,1.39805,1.60,1.00
2010.09.07 12:50:24.839,1.39785,1.39805,1.00,1.00
2010.09.07 12:50:25.513,1.39785,1.39805,1.60,1.00
2010.09.07 12:50:25.863,1.39795,1.3981,1.60,1.00
2010.09.07 12:50:26.212,1.3979,1.39815,1.70,1.60
2010.09.07 12:50:26.559,1.39795,1.3982,1.70,1.00
2010.09.07 12:50:26.907,1.39795,1.3982,1.00,1.00
2010.09.07 12:50:27.204,1.39795,1.3982,2.00,1.00
2010.09.07 12:50:28.283,1.398,1.3982,1.00,1.00
2010.09.07 12:50:28.792,1.398,1.3982,1.00,1.00
2010.09.07 12:50:29.816,1.39805,1.3982,1.00,1.00
2010.09.07 12:50:30.157,1.398,1.3982,1.00,1.00
2010.09.07 12:50:30.541,1.398,1.39825,1.00,1.00
2010.09.07 12:50:30.811,1.39795,1.39825,3.10,1.00
2010.09.07 12:50:31.396,1.39795,1.39825,2.70,1.00
2010.09.07 12:50:31.552,1.39795,1.3982,1.60,2.40
2010.09.07 12:50:34.209,1.39795,1.3982,1.00,2.40
2010.09.07 12:50:34.818,1.39795,1.39815,1.00,1.00
2010.09.07 12:50:34.995,1.3979,1.39815,1.00,1.00
2010.09.07 12:50:35.175,1.3979,1.39815,1.00,2.40
2010.09.07 12:50:35.673,1.39785,1.39815,3.90,2.40
2010.09.07 12:50:36.021,1.39785,1.3981,3.40,1.00
2010.09.07 12:50:36.363,1.39785,1.3981,2.60,1.00
2010.09.07 12:50:37.612,1.39785,1.3981,2.70,1.00
2010.09.07 12:50:38.962,1.39785,1.3981,2.60,1.00
2010.09.07 12:50:39.844,1.39785,1.3981,2.70,1.00
2010.09.07 12:50:40.444,1.39785,1.3981,4.80,1.00
2010.09.07 12:50:40.627,1.39785,1.3981,2.80,1.00
2010.09.07 12:50:40.785,1.39785,1.39805,1.10,1.60
2010.09.07 12:50:42.353,1.39785,1.39805,1.00,1.60
2010.09.07 12:50:42.593,1.39785,1.39795,1.00,1.60
2010.09.07 12:50:43.086,1.3978,1.39795,1.00,1.60
2010.09.07 12:50:43.342,1.3978,1.39795,1.00,2.40
2010.09.07 12:50:43.719,1.39775,1.39785,2.30,1.60
2010.09.07 12:50:44.241,1.3978,1.39805,1.00,2.00
2010.09.07 12:50:44.510,1.3978,1.39805,1.00,1.00
2010.09.07 12:50:45.169,1.3978,1.3981,1.10,1.60
2010.09.07 12:50:45.522,1.3979,1.39805,1.60,1.00
2010.09.07 12:50:46.096,1.3979,1.3981,1.70,1.60
2010.09.07 12:50:46.347,1.3979,1.3981,1.60,1.60
2010.09.07 12:50:47.776,1.3979,1.3981,1.70,1.60
2010.09.07 12:50:48.213,1.3979,1.3981,1.60,1.60
2010.09.07 12:50:48.342,1.39785,1.3981,3.30,1.60
2010.09.07 12:50:48.844,1.39785,1.39805,1.60,1.60
2010.09.07 12:50:50.051,1.39785,1.39805,1.60,1.70
2010.09.07 12:50:51.292,1.39785,1.39805,1.60,2.00
2010.09.07 12:50:51.727,1.39785,1.3981,3.20,1.60
2010.09.07 12:50:51.915,1.39785,1.3981,3.30,1.60
2010.09.07 12:50:52.327,1.39785,1.3981,1.60,1.60
2010.09.07 12:50:52.678,1.39785,1.39805,1.60,1.60
2010.09.07 12:50:53.279,1.39785,1.39805,1.60,3.20
2010.09.07 12:50:53.968,1.3978,1.39805,1.00,3.20
2010.09.07 12:50:54.620,1.39775,1.39805,4.40,3.40
2010.09.07 12:50:54.917,1.39775,1.398,3.20,1.70
2010.09.07 12:50:55.217,1.39775,1.398,3.30,1.60
2010.09.07 12:50:55.794,1.39775,1.398,3.20,1.60
2010.09.07 12:50:56.060,1.39765,1.3979,1.00,1.60
2010.09.07 12:50:56.646,1.39765,1.3979,1.00,9.20
2010.09.07 12:50:56.943,1.39765,1.3978,1.00,1.60
2010.09.07 12:50:57.294,1.39765,1.39785,1.00,2.30
2010.09.07 12:50:57.782,1.39765,1.39785,1.00,1.60
2010.09.07 12:50:58.135,1.39765,1.3978,1.00,1.60
2010.09.07 12:50:58.479,1.39765,1.3977,1.00,1.60
2010.09.07 12:50:58.830,1.39765,1.3977,1.00,2.40
2010.09.07 12:51:05.613,1.39765,1.3977,1.00,1.60
2010.09.07 12:51:05.830,1.39765,1.39785,1.80,2.00
2010.09.07 12:51:06.246,1.39765,1.39785,1.80,2.80
2010.09.07 12:51:06.461,1.39765,1.39785,1.00,3.60
2010.09.07 12:51:06.998,1.39765,1.3978,1.00,1.00
2010.09.07 12:51:07.351,1.39765,1.39785,1.00,1.00
2010.09.07 12:51:08.037,1.39765,1.39785,1.00,1.60
2010.09.07 12:51:08.362,1.39765,1.3978,1.00,1.60
2010.09.07 12:51:09.466,1.39765,1.39785,1.00,2.90
2010.09.07 12:51:11.243,1.39765,1.39785,1.00,1.00
2010.09.07 12:51:11.803,1.39765,1.39785,1.70,1.00
2010.09.07 12:51:15.245,1.39765,1.39785,1.70,2.50
2010.09.07 12:51:15.512,1.39765,1.39785,1.70,1.70
2010.09.07 12:51:15.604,1.39765,1.39785,1.70,2.10
2010.09.07 12:51:15.693,1.39765,1.39785,1.70,1.70
2010.09.07 12:51:16.103,1.39765,1.39775,1.00,1.60
2010.09.07 12:51:18.315,1.39765,1.39785,1.00,1.80
2010.09.07 12:51:19.034,1.39765,1.3979,1.00,2.80
2010.09.07 12:51:19.248,1.39765,1.3978,1.00,1.60
2010.09.07 12:51:19.460,1.39765,1.39785,1.00,1.00
2010.09.07 12:51:19.818,1.39765,1.39785,1.00,3.40
2010.09.07 12:51:20.167,1.39765,1.39785,1.00,2.40
2010.09.07 12:51:21.390,1.39765,1.39785,1.00,3.50
2010.09.07 12:51:21.707,1.39765,1.3978,1.00,2.40
2010.09.07 12:51:21.871,1.39765,1.3978,1.00,2.50
2010.09.07 12:51:22.322,1.39765,1.3978,1.00,1.20
2010.09.07 12:51:22.488,1.39765,1.3978,1.00,1.20
2010.09.07 12:51:22.649,1.39765,1.3978,1.00,1.60
2010.09.07 12:51:22.807,1.39765,1.3978,1.00,2.00
2010.09.07 12:51:23.463,1.39765,1.39775,1.00,1.60
2010.09.07 12:51:23.820,1.39765,1.3978,1.00,1.20
2010.09.07 12:51:24.287,1.39765,1.3978,1.70,1.20
2010.09.07 12:51:24.720,1.39765,1.39775,1.70,1.60
2010.09.07 12:51:24.960,1.39765,1.3978,1.00,1.20
2010.09.07 12:51:26.624,1.39765,1.3978,1.00,2.10
2010.09.07 12:51:26.826,1.39765,1.39775,1.00,1.60
2010.09.07 12:51:27.366,1.39745,1.3977,1.60,1.00
2010.09.07 12:51:27.707,1.39745,1.39765,1.60,1.00
2010.09.07 12:51:28.057,1.39745,1.39775,4.40,1.00
2010.09.07 12:51:28.423,1.39745,1.39765,1.60,1.60
2010.09.07 12:51:29.104,1.3974,1.3976,1.00,1.00
2010.09.07 12:51:29.445,1.3974,1.3976,1.90,1.00
2010.09.07 12:51:29.704,1.39745,1.39765,1.60,1.60
2010.09.07 12:51:30.284,1.39745,1.3977,3.30,1.60
2010.09.07 12:51:30.543,1.3975,1.3977,1.00,1.60
2010.09.07 12:51:30.965,1.39755,1.3977,1.00,1.60
2010.09.07 12:51:31.178,1.39755,1.3978,1.10,4.00
2010.09.07 12:51:31.742,1.39745,1.39775,1.60,3.60
2010.09.07 12:51:31.976,1.39745,1.39775,1.60,3.70
2010.09.07 12:51:32.501,1.39745,1.3977,1.60,1.60
2010.09.07 12:51:32.742,1.39735,1.3976,3.50,2.40
2010.09.07 12:51:33.077,1.39735,1.3976,3.40,2.40
2010.09.07 12:51:33.734,1.39735,1.3976,3.50,2.40
2010.09.07 12:51:34.049,1.39735,1.3976,3.50,1.00
2010.09.07 12:51:34.369,1.39735,1.3976,5.20,1.00
2010.09.07 12:51:34.686,1.39745,1.3977,1.60,2.40
2010.09.07 12:51:35.301,1.39745,1.3977,1.60,1.60
2010.09.07 12:51:36.122,1.39745,1.39765,1.60,1.60
2010.09.07 12:51:36.243,1.3974,1.39765,2.60,1.60
2010.09.07 12:51:36.363,1.3974,1.39765,1.60,3.20
2010.09.07 12:51:36.949,1.3974,1.3976,1.60,1.60
2010.09.07 12:51:37.068,1.3974,1.39765,1.60,3.20
2010.09.07 12:51:38.454,1.39735,1.39765,4.30,3.70
2010.09.07 12:51:38.602,1.39735,1.3976,4.30,2.40
2010.09.07 12:51:38.753,1.39735,1.3976,1.90,2.40
2010.09.07 12:51:38.902,1.39735,1.3976,1.60,2.40
2010.09.07 12:51:39.052,1.39735,1.39755,1.60,1.00
2010.09.07 12:51:40.087,1.39735,1.39755,1.60,1.00
2010.09.07 12:51:40.438,1.3973,1.3975,1.90,1.60
2010.09.07 12:51:40.906,1.39735,1.3975,1.60,1.60
2010.09.07 12:51:41.476,1.3973,1.3975,1.90,1.60
2010.09.07 12:51:43.084,1.39735,1.3975,1.60,1.60
2010.09.07 12:51:43.591,1.3973,1.39755,1.80,1.00
2010.09.07 12:51:43.811,1.3974,1.3976,1.60,1.00
2010.09.07 12:51:44.155,1.39745,1.3976,1.60,1.00
2010.09.07 12:51:44.674,1.3974,1.39765,3.50,2.40
2010.09.07 12:51:45.021,1.3974,1.39765,1.60,2.40
2010.09.07 12:51:45.367,1.3974,1.39765,1.60,4.00
2010.09.07 12:51:45.718,1.39735,1.3976,2.70,1.60
2010.09.07 12:51:46.305,1.39735,1.3976,2.60,1.60
2010.09.07 12:51:46.552,1.39735,1.3976,2.40,1.60
2010.09.07 12:51:46.796,1.39735,1.3976,1.60,1.60
2010.09.07 12:51:47.720,1.39735,1.39765,1.60,3.20
2010.09.07 12:51:48.398,1.3974,1.39765,1.60,3.20
2010.09.07 12:51:48.747,1.39745,1.39765,1.00,3.20
2010.09.07 12:51:49.098,1.39745,1.39765,1.00,4.00
2010.09.07 12:51:49.765,1.39745,1.39765,1.00,3.20
2010.09.07 12:51:50.193,1.39745,1.39765,1.00,4.00
2010.09.07 12:51:50.622,1.39745,1.39765,1.00,3.20
2010.09.07 12:51:52.252,1.39745,1.39765,1.00,4.00
2010.09.07 12:51:52.502,1.3974,1.39765,1.00,3.20
2010.09.07 12:51:52.746,1.3974,1.39765,1.00,4.00
2010.09.07 12:51:53.647,1.39745,1.39765,1.00,4.00
2010.09.07 12:51:55.172,1.39745,1.39765,1.00,2.40
2010.09.07 12:51:55.677,1.39745,1.39765,1.60,1.60
2010.09.07 12:51:55.842,1.39745,1.3976,1.00,1.60
2010.09.07 12:51:57.228,1.3975,1.39765,1.00,1.60
2010.09.07 12:51:57.489,1.3976,1.39775,1.00,2.40
2010.09.07 12:51:57.747,1.39755,1.39785,4.30,3.60
2010.09.07 12:51:58.250,1.3976,1.39785,1.00,2.80
2010.09.07 12:51:58.495,1.3976,1.3979,1.00,1.00
2010.09.07 12:51:59.714,1.3976,1.3979,1.10,1.00
2010.09.07 12:51:59.849,1.3976,1.3979,1.00,1.00
2010.09.07 12:51:59.985,1.3977,1.3979,1.00,1.00
2010.09.07 12:52:00.118,1.3977,1.3979,1.00,2.40
2010.09.07 12:52:00.495,1.39765,1.3979,1.00,3.20
2010.09.07 12:52:00.631,1.39765,1.3979,2.70,1.00
2010.09.07 12:52:00.764,1.39765,1.3979,2.70,1.60
2010.09.07 12:52:01.105,1.39765,1.39795,2.70,1.60
2010.09.07 12:52:01.754,1.39765,1.3979,2.70,1.60
2010.09.07 12:52:01.908,1.39765,1.3979,1.10,1.60
2010.09.07 12:52:02.063,1.39765,1.3979,2.70,1.60
2010.09.07 12:52:02.212,1.39765,1.3979,1.10,1.60
2010.09.07 12:52:02.662,1.39765,1.3979,1.00,1.80
2010.09.07 12:52:03.671,1.3976,1.3978,1.00,1.60
2010.09.07 12:52:04.343,1.3976,1.3979,1.00,5.00
2010.09.07 12:52:04.907,1.3976,1.39785,1.00,1.60
2010.09.07 12:52:05.179,1.39755,1.39785,2.60,3.20
2010.09.07 12:52:05.447,1.39755,1.3979,5.90,3.40
2010.09.07 12:52:05.714,1.3976,1.3979,1.00,3.40
2010.09.07 12:52:06.308,1.39765,1.3979,1.80,1.00
2010.09.07 12:52:08.016,1.39765,1.39785,1.60,1.60
2010.09.07 12:52:08.332,1.3976,1.39785,1.00,1.60
2010.09.07 12:52:08.492,1.39755,1.39785,2.60,3.30
2010.09.07 12:52:10.135,1.39755,1.39785,2.70,3.40
2010.09.07 12:52:10.358,1.3976,1.3979,1.00,2.10
2010.09.07 12:52:10.584,1.3976,1.39785,1.00,1.80
2010.09.07 12:52:10.823,1.3976,1.39785,1.00,2.20
2010.09.07 12:52:11.368,1.3976,1.39785,1.00,1.60
2010.09.07 12:52:11.905,1.39755,1.39765,1.60,3.20
2010.09.07 12:52:12.204,1.39735,1.3976,2.70,1.60
2010.09.07 12:52:12.638,1.3974,1.3976,1.00,1.60
2010.09.07 12:52:12.932,1.3974,1.39765,1.00,4.00
2010.09.07 12:52:13.204,1.39735,1.39765,4.30,4.00
2010.09.07 12:52:13.797,1.39735,1.39765,4.30,4.20
2010.09.07 12:52:14.483,1.39735,1.39765,4.30,4.10
2010.09.07 12:52:15.241,1.39735,1.39765,4.30,4.00
2010.09.07 12:52:15.361,1.39745,1.39765,1.60,2.40
2010.09.07 12:52:15.481,1.39745,1.39765,1.80,1.00
2010.09.07 12:52:15.836,1.39745,1.3977,2.60,1.80
2010.09.07 12:52:16.047,1.39745,1.39775,2.60,1.00
2010.09.07 12:52:16.265,1.3975,1.3976,1.00,1.60
2010.09.07 12:52:16.474,1.39745,1.3976,2.60,1.60
2010.09.07 12:52:17.022,1.39745,1.3976,1.60,1.60
2010.09.07 12:52:18.661,1.39745,1.3976,1.60,1.60
2010.09.07 12:52:18.975,1.3975,1.3977,1.00,1.60
2010.09.07 12:52:19.286,1.3975,1.3977,1.00,1.60
2010.09.07 12:52:19.905,1.3975,1.3977,1.00,1.60
2010.09.07 12:52:21.814,1.3975,1.3977,1.00,1.60
2010.09.07 12:52:21.962,1.39745,1.39765,1.00,1.60
2010.09.07 12:52:22.114,1.39745,1.39765,1.00,1.60
2010.09.07 12:52:24.267,1.3974,1.39765,1.00,1.80
2010.09.07 12:52:25.913,1.3974,1.3976,1.00,1.60
2010.09.07 12:52:26.477,1.39735,1.39765,2.70,3.80
2010.09.07 12:52:26.726,1.39735,1.3976,2.60,1.00
2010.09.07 12:52:27.068,1.39735,1.39755,1.10,1.60
2010.09.07 12:52:27.746,1.39735,1.39755,2.70,1.60
2010.09.07 12:52:28.228,1.39735,1.3976,2.60,1.60
2010.09.07 12:52:28.704,1.39735,1.3976,3.10,1.60
2010.09.07 12:52:29.255,1.3974,1.3976,1.00,1.60
2010.09.07 12:52:29.612,1.39745,1.3977,3.20,3.40
2010.09.07 12:52:29.959,1.39745,1.39775,3.10,2.40
2010.09.07 12:52:30.441,1.3975,1.39775,1.00,1.60
2010.09.07 12:52:30.623,1.3975,1.39775,1.00,1.60
2010.09.07 12:52:31.664,1.3975,1.39765,1.00,1.60
2010.09.07 12:52:32.365,1.3974,1.39755,1.00,1.60
2010.09.07 12:52:32.922,1.3974,1.39755,1.00,1.60
2010.09.07 12:52:33.694,1.39735,1.39755,2.40,1.60
2010.09.07 12:52:34.013,1.39735,1.39745,1.00,1.60
2010.09.07 12:52:34.397,1.39735,1.39745,3.20,1.60
2010.09.07 12:52:34.720,1.3974,1.3976,1.00,1.80
2010.09.07 12:52:35.373,1.39725,1.39745,1.00,1.60
2010.09.07 12:52:35.749,1.39715,1.39735,1.00,1.00
2010.09.07 12:52:36.097,1.39705,1.3973,2.70,1.00
2010.09.07 12:52:36.642,1.3971,1.39735,1.80,1.60
2010.09.07 12:52:36.854,1.3971,1.39735,1.90,1.60
2010.09.07 12:52:37.367,1.39715,1.3974,1.00,2.00
2010.09.07 12:52:37.744,1.39715,1.39735,1.00,1.00
2010.09.07 12:52:38.039,1.39705,1.3973,1.00,2.00
2010.09.07 12:52:38.324,1.39705,1.3973,5.00,2.00
2010.09.07 12:52:38.977,1.39705,1.3973,4.80,3.60
2010.09.07 12:52:39.328,1.39705,1.3973,2.40,3.80
2010.09.07 12:52:39.883,1.39705,1.39725,2.40,1.00
2010.09.07 12:52:40.052,1.397,1.39725,4.20,1.00
2010.09.07 12:52:40.515,1.397,1.39725,5.10,1.00
2010.09.07 12:52:42.373,1.397,1.3973,6.00,3.70
2010.09.07 12:52:42.623,1.39705,1.3973,2.40,3.70
2010.09.07 12:52:42.771,1.39705,1.3973,3.20,3.30
2010.09.07 12:52:44.062,1.39705,1.3973,2.40,3.30
2010.09.07 12:52:44.747,1.3972,1.3974,1.60,1.90
2010.09.07 12:52:45.098,1.3972,1.3974,3.20,1.90
2010.09.07 12:52:45.400,1.3972,1.39745,3.50,2.40
2010.09.07 12:52:45.694,1.3972,1.3974,1.80,1.60
2010.09.07 12:52:47.117,1.3972,1.3974,1.90,1.60
2010.09.07 12:52:47.652,1.3972,1.39745,2.80,2.40
2010.09.07 12:52:47.876,1.3972,1.39745,3.60,2.40
2010.09.07 12:52:49.553,1.3972,1.39745,3.50,2.60
2010.09.07 12:52:49.758,1.3972,1.39745,5.10,2.60
2010.09.07 12:52:50.161,1.3972,1.39745,5.10,1.80
2010.09.07 12:52:50.361,1.39725,1.39745,1.00,1.80
2010.09.07 12:52:51.733,1.3972,1.39745,5.10,1.80
2010.09.07 12:52:52.554,1.3972,1.39745,3.50,1.80
2010.09.07 12:52:52.891,1.3972,1.39745,3.60,1.60
2010.09.07 12:52:53.238,1.3973,1.39755,1.00,4.80
2010.09.07 12:52:53.687,1.3973,1.39755,1.00,4.90
2010.09.07 12:52:53.832,1.3973,1.39755,1.00,5.00
2010.09.07 12:52:53.972,1.3973,1.39755,1.00,5.40
2010.09.07 12:52:54.114,1.39725,1.3975,1.00,1.60
2010.09.07 12:52:54.857,1.39725,1.3975,1.00,1.60
2010.09.07 12:52:55.208,1.3972,1.3974,1.00,1.60
2010.09.07 12:52:55.613,1.3973,1.3975,1.60,2.60
2010.09.07 12:52:55.936,1.3972,1.3975,4.00,3.20
2010.09.07 12:52:56.254,1.39725,1.3974,1.60,1.60
2010.09.07 12:52:56.934,1.3972,1.3974,3.10,1.60
2010.09.07 12:52:57.274,1.3973,1.3974,1.00,1.60
2010.09.07 12:52:57.924,1.39725,1.3975,1.00,3.20
2010.09.07 12:52:58.163,1.39725,1.3975,1.10,1.60
2010.09.07 12:52:58.404,1.3973,1.39755,3.60,1.80
2010.09.07 12:52:58.823,1.3973,1.39735,1.60,1.60
2010.09.07 12:52:59.080,1.3972,1.39735,1.00,1.60
2010.09.07 12:52:59.427,1.3972,1.39745,1.00,1.60
2010.09.07 12:53:00.071,1.3972,1.39745,1.60,1.60
2010.09.07 12:53:00.330,1.3972,1.39745,2.10,1.00
2010.09.07 12:53:00.573,1.3972,1.39745,3.70,1.00
2010.09.07 12:53:01.178,1.3975,1.39765,1.60,2.80
2010.09.07 12:53:01.533,1.39745,1.3977,4.30,1.40
2010.09.07 12:53:02.017,1.39745,1.39775,1.00,4.40
2010.09.07 12:53:02.371,1.3974,1.3976,1.50,1.60
2010.09.07 12:53:02.717,1.3974,1.3976,1.40,1.60
2010.09.07 12:53:03.386,1.3974,1.3976,1.00,1.00
2010.09.07 12:53:03.618,1.39735,1.3976,1.90,1.00
2010.09.07 12:53:03.844,1.39735,1.3977,2.70,2.00
2010.09.07 12:53:04.437,1.39745,1.3977,2.10,1.60
2010.09.07 12:53:04.794,1.3975,1.3977,1.00,1.60
2010.09.07 12:53:05.489,1.3975,1.3978,2.10,3.20
2010.09.07 12:53:05.835,1.3976,1.3978,1.00,1.60
2010.09.07 12:53:06.230,1.3976,1.39775,1.00,1.00
2010.09.07 12:53:06.580,1.3975,1.39775,2.30,1.00
2010.09.07 12:53:07.214,1.3975,1.39755,1.00,1.60
2010.09.07 12:53:07.540,1.3974,1.39755,1.00,1.60
2010.09.07 12:53:07.855,1.39735,1.39755,1.90,1.60
2010.09.07 12:53:08.495,1.3974,1.3976,1.10,1.60
2010.09.07 12:53:08.810,1.3974,1.3976,3.00,1.60
2010.09.07 12:53:09.157,1.3974,1.3976,1.10,1.60
2010.09.07 12:53:09.509,1.3974,1.3976,1.00,2.40
2010.09.07 12:53:09.862,1.3974,1.39755,1.00,1.60
2010.09.07 12:53:10.776,1.3974,1.3976,1.00,1.00
2010.09.07 12:53:11.116,1.39745,1.39765,1.00,1.60
2010.09.07 12:53:11.364,1.39745,1.39765,1.00,1.60
2010.09.07 12:53:11.607,1.39745,1.3977,1.90,1.60
2010.09.07 12:53:12.103,1.39745,1.3977,2.00,1.60
2010.09.07 12:53:12.345,1.3975,1.3977,1.00,1.60
2010.09.07 12:53:12.676,1.3975,1.3978,1.10,4.00
2010.09.07 12:53:13.331,1.3975,1.39775,1.00,1.00
2010.09.07 12:53:13.647,1.3975,1.3978,1.10,3.80
2010.09.07 12:53:17.194,1.3975,1.3978,1.00,3.70
2010.09.07 12:53:17.386,1.3975,1.39765,1.00,1.60
2010.09.07 12:53:17.815,1.3975,1.3977,1.00,2.40
2010.09.07 12:53:18.047,1.3974,1.39765,1.70,1.00
2010.09.07 12:53:18.513,1.3974,1.39765,2.10,1.00
2010.09.07 12:53:19.231,1.3974,1.39765,2.00,1.00
2010.09.07 12:53:19.590,1.3974,1.39765,1.60,1.00
2010.09.07 12:53:20.807,1.3974,1.39765,1.60,1.00
2010.09.07 12:53:21.033,1.3974,1.39765,3.30,1.00
2010.09.07 12:53:21.252,1.3974,1.39765,5.20,1.00
2010.09.07 12:53:21.473,1.39745,1.39765,1.00,1.00
2010.09.07 12:53:22.806,1.39745,1.39765,1.00,1.00
2010.09.07 12:53:22.862,1.39745,1.39765,1.00,1.00
2010.09.07 12:53:23.382,1.39745,1.3977,1.00,3.20
2010.09.07 12:53:23.763,1.39745,1.39765,1.00,1.60
2010.09.07 12:53:24.207,1.39745,1.39765,1.00,1.00
2010.09.07 12:53:24.829,1.3975,1.39775,1.00,2.80
2010.09.07 12:53:25.024,1.39745,1.39775,1.00,2.50
2010.09.07 12:53:25.223,1.39745,1.39775,1.00,3.60
2010.09.07 12:53:25.425,1.39745,1.39765,1.00,1.60
2010.09.07 12:53:26.318,1.3975,1.3977,1.00,1.60
2010.09.07 12:53:28.312,1.3975,1.39775,1.00,1.00
2010.09.07 12:53:28.602,1.3975,1.39775,1.10,1.00
2010.09.07 12:53:29.212,1.3975,1.3978,3.90,2.50
2010.09.07 12:53:29.502,1.39755,1.3978,1.00,2.40
2010.09.07 12:53:29.741,1.39755,1.3978,1.00,2.40
2010.09.07 12:53:31.163,1.39755,1.39765,1.00,1.60
2010.09.07 12:53:31.377,1.3975,1.39765,1.00,2.40
2010.09.07 12:53:31.596,1.39745,1.39765,1.00,2.40
2010.09.07 12:53:32.636,1.3974,1.39765,1.00,2.40
2010.09.07 12:53:32.821,1.3974,1.39755,1.00,1.60
2010.09.07 12:53:33.330,1.39745,1.39755,1.00,1.60
2010.09.07 12:53:33.518,1.3974,1.39755,1.00,1.60
2010.09.07 12:53:34.341,1.39735,1.39755,1.00,1.60
2010.09.07 12:53:38.249,1.39735,1.3976,1.00,3.20
2010.09.07 12:53:39.255,1.3973,1.3976,3.10,9.20
2010.09.07 12:53:39.806,1.3972,1.39745,1.50,1.60
2010.09.07 12:53:39.973,1.39725,1.39745,1.00,1.60
2010.09.07 12:53:40.273,1.39725,1.3974,1.00,1.00
2010.09.07 12:53:40.815,1.3972,1.3974,1.00,1.00
2010.09.07 12:53:41.132,1.39715,1.3974,2.80,1.00
2010.09.07 12:53:41.991,1.39735,1.39745,1.60,1.00
2010.09.07 12:53:42.193,1.3972,1.39735,2.20,1.60
2010.09.07 12:53:42.540,1.3972,1.39745,1.00,3.00
2010.09.07 12:53:42.922,1.3972,1.39745,1.00,3.80
2010.09.07 12:53:43.604,1.3972,1.39745,1.00,3.70
2010.09.07 12:53:43.943,1.3972,1.3974,1.00,1.00
2010.09.07 12:53:44.286,1.3972,1.39745,1.00,3.70
2010.09.07 12:53:44.638,1.3972,1.39745,1.00,1.70
2010.09.07 12:53:44.937,1.3972,1.39745,1.00,1.60
2010.09.07 12:53:45.236,1.3972,1.3975,1.00,3.70
2010.09.07 12:53:45.811,1.3972,1.3975,2.70,3.30
2010.09.07 12:53:46.146,1.3972,1.3975,1.90,3.70
2010.09.07 12:53:47.242,1.3972,1.3975,1.90,3.80
2010.09.07 12:53:47.750,1.3972,1.3975,2.70,3.80
2010.09.07 12:53:47.892,1.3972,1.3975,1.90,3.40
2010.09.07 12:53:48.311,1.3972,1.3975,1.90,3.80
2010.09.07 12:53:48.817,1.39725,1.39745,2.40,1.00
2010.09.07 12:53:49.163,1.3972,1.39745,2.50,1.00
2010.09.07 12:53:50.952,1.3972,1.39745,3.30,1.00
2010.09.07 12:53:51.581,1.3972,1.39745,2.50,1.00
2010.09.07 12:53:53.811,1.39725,1.39745,1.00,1.00
2010.09.07 12:53:54.554,1.39725,1.3975,1.60,1.00
2010.09.07 12:53:55.145,1.39725,1.3975,1.60,1.00
2010.09.07 12:53:55.750,1.3973,1.39755,1.90,1.00
2010.09.07 12:53:56.044,1.3973,1.3975,1.00,1.00
2010.09.07 12:53:56.314,1.39725,1.39755,1.10,1.60
2010.09.07 12:53:56.584,1.3972,1.3975,4.80,3.20
2010.09.07 12:53:56.920,1.3972,1.3975,4.00,3.20
2010.09.07 12:53:57.249,1.39725,1.3975,1.70,1.60
2010.09.07 12:53:57.577,1.39725,1.3975,2.00,1.00
2010.09.07 12:53:58.498,1.3973,1.39755,1.60,1.00
2010.09.07 12:53:59.026,1.39725,1.39755,2.60,1.00
2010.09.07 12:53:59.295,1.3973,1.39755,1.60,1.00
2010.09.07 12:54:01.627,1.3973,1.39755,1.70,1.00
2010.09.07 12:54:02.737,1.3973,1.39755,1.60,1.00
2010.09.07 12:54:03.007,1.39725,1.39755,2.80,2.60
2010.09.07 12:54:04.431,1.39735,1.39755,1.00,1.00
2010.09.07 12:54:04.703,1.3973,1.39755,2.50,1.00
2010.09.07 12:54:04.972,1.3973,1.39755,3.30,1.00
2010.09.07 12:54:05.472,1.3973,1.39755,2.50,1.00
2010.09.07 12:54:05.781,1.3973,1.39755,3.30,1.00
2010.09.07 12:54:07.601,1.3973,1.39755,2.50,1.00
2010.09.07 12:54:07.752,1.3973,1.39755,1.00,2.40
2010.09.07 12:54:08.412,1.3973,1.39755,1.00,2.40
2010.09.07 12:54:15.234,1.3973,1.39755,1.00,2.40
2010.09.07 12:54:15.480,1.39735,1.39755,1.00,2.40
2010.09.07 12:54:15.722,1.39735,1.39755,1.00,1.60
2010.09.07 12:54:17.601,1.3974,1.39755,1.00,1.60
2010.09.07 12:54:18.211,1.39745,1.3977,1.00,2.40
2010.09.07 12:54:18.509,1.39745,1.3976,1.00,1.60
2010.09.07 12:54:18.808,1.3973,1.39755,2.50,1.50
2010.09.07 12:54:19.154,1.3973,1.39755,2.40,1.50
2010.09.07 12:54:19.459,1.39735,1.3976,1.60,1.60
2010.09.07 12:54:19.808,1.3973,1.3976,1.10,1.60
2010.09.07 12:54:21.828,1.3973,1.3976,1.10,1.60
2010.09.07 12:54:22.084,1.3973,1.3976,1.10,1.60
2010.09.07 12:54:23.078,1.39735,1.3976,1.00,1.60
2010.09.07 12:54:23.388,1.3974,1.39765,1.00,1.60
2010.09.07 12:54:24.382,1.3974,1.3976,1.00,1.00
2010.09.07 12:54:25.035,1.39745,1.3977,1.60,3.70
2010.09.07 12:54:25.654,1.39745,1.3977,1.90,1.60
2010.09.07 12:54:25.966,1.3974,1.3977,2.70,1.70
2010.09.07 12:54:26.224,1.3974,1.3977,2.00,1.60
2010.09.07 12:54:27.163,1.39745,1.3977,1.00,1.60
2010.09.07 12:54:27.583,1.3975,1.3977,1.00,1.00
2010.09.07 12:54:28.424,1.3975,1.3978,3.80,3.30
2010.09.07 12:54:29.332,1.3975,1.39775,1.00,1.50
2010.09.07 12:54:29.653,1.3974,1.39765,1.90,1.00
2010.09.07 12:54:29.996,1.3974,1.39765,1.00,1.60
2010.09.07 12:54:30.654,1.39745,1.3977,1.00,2.80
2010.09.07 12:54:30.994,1.39745,1.3977,1.00,2.40
2010.09.07 12:54:31.501,1.3974,1.3977,1.10,2.40
2010.09.07 12:54:32.261,1.3974,1.3977,1.10,8.50
2010.09.07 12:54:32.570,1.39745,1.3976,1.00,1.60
2010.09.07 12:54:32.868,1.3974,1.39765,1.10,2.40
2010.09.07 12:54:33.075,1.3974,1.39765,1.00,2.40
2010.09.07 12:54:33.399,1.39745,1.39765,1.00,2.40
2010.09.07 12:54:33.802,1.3975,1.39765,1.00,2.40
2010.09.07 12:54:35.554,1.3974,1.39765,2.70,2.40
2010.09.07 12:54:35.725,1.3975,1.39775,1.60,4.00
2010.09.07 12:54:36.216,1.3975,1.39775,1.70,1.00
2010.09.07 12:54:36.504,1.3975,1.39775,1.90,1.60
2010.09.07 12:54:36.793,1.39755,1.39775,1.00,1.60
2010.09.07 12:54:37.083,1.39755,1.3978,1.00,3.20
2010.09.07 12:54:38.552,1.3975,1.3978,3.60,3.20
2010.09.07 12:54:38.791,1.3975,1.3978,1.50,3.20
2010.09.07 12:54:38.951,1.39755,1.39775,1.00,1.60
2010.09.07 12:54:40.558,1.3975,1.3977,1.00,1.60
2010.09.07 12:54:41.974,1.3975,1.3978,2.00,4.80
2010.09.07 12:54:42.534,1.3975,1.3978,2.00,3.70
2010.09.07 12:54:43.103,1.3975,1.3978,1.90,3.40
2010.09.07 12:54:43.294,1.3975,1.39775,1.00,1.60
2010.09.07 12:54:43.792,1.3975,1.3977,1.00,1.60
2010.09.07 12:54:44.004,1.39745,1.3977,1.00,2.40
2010.09.07 12:54:44.347,1.39745,1.3976,1.00,1.60
2010.09.07 12:54:44.995,1.3975,1.39765,1.00,1.00
2010.09.07 12:54:45.304,1.39745,1.39765,1.00,1.00
2010.09.07 12:54:45.611,1.39745,1.3977,1.00,3.20
2010.09.07 12:54:46.233,1.3975,1.3977,1.00,3.20
2010.09.07 12:54:46.835,1.3976,1.3978,1.00,9.20
2010.09.07 12:54:47.082,1.39755,1.3978,1.00,8.40
2010.09.07 12:54:47.760,1.3977,1.39785,2.00,1.60
2010.09.07 12:54:48.390,1.3976,1.39785,2.70,1.00
2010.09.07 12:54:48.740,1.3976,1.3978,1.10,1.60
2010.09.07 12:54:49.085,1.3976,1.3978,1.00,1.60
2010.09.07 12:54:50.103,1.3976,1.3978,1.10,1.60
2010.09.07 12:54:51.018,1.3976,1.3978,1.00,1.60
2010.09.07 12:54:51.258,1.3976,1.39785,1.70,1.00
2010.09.07 12:54:51.758,1.3976,1.3978,1.60,1.00
2010.09.07 12:54:52.367,1.3975,1.3978,2.80,3.60
2010.09.07 12:54:52.642,1.3975,1.39775,1.60,1.00
2010.09.07 12:54:52.888,1.39755,1.39775,1.00,1.00
2010.09.07 12:54:53.467,1.3975,1.3978,1.70,5.20
2010.09.07 12:54:53.706,1.3975,1.3978,1.70,5.40
2010.09.07 12:54:54.368,1.3975,1.3978,2.80,5.00
2010.09.07 12:54:54.718,1.39755,1.3978,1.00,6.40
2010.09.07 12:54:54.966,1.3975,1.39775,2.80,1.00
2010.09.07 12:54:55.213,1.3975,1.39775,1.70,2.80
2010.09.07 12:54:55.789,1.3975,1.3978,2.00,4.40
2010.09.07 12:54:56.112,1.3975,1.3978,2.00,5.40
2010.09.07 12:54:56.762,1.3975,1.39775,2.00,1.60
2010.09.07 12:54:57.135,1.3975,1.39775,2.00,1.00
2010.09.07 12:54:57.395,1.3975,1.3978,2.00,7.00
2010.09.07 12:54:58.411,1.39755,1.3978,1.00,6.80
2010.09.07 12:54:58.530,1.39755,1.3978,1.00,5.20
2010.09.07 12:54:59.040,1.39755,1.3978,1.00,6.80
2010.09.07 12:54:59.825,1.39755,1.3978,1.00,5.20
2010.09.07 12:55:00.143,1.39755,1.3978,1.00,4.80
2010.09.07 12:55:00.364,1.39755,1.3978,1.00,4.00
2010.09.07 12:55:01.750,1.39755,1.3978,1.00,1.00
2010.09.07 12:55:02.041,1.39755,1.3978,1.60,1.00
2010.09.07 12:55:02.319,1.3976,1.39785,1.60,7.60
2010.09.07 12:55:02.962,1.39755,1.3977,1.00,1.60
2010.09.07 12:55:03.299,1.39745,1.39775,1.00,1.70
2010.09.07 12:55:03.604,1.3974,1.3977,1.50,1.60
2010.09.07 12:55:04.233,1.3974,1.39765,1.00,1.00
2010.09.07 12:55:04.547,1.3974,1.39765,1.90,1.00
2010.09.07 12:55:06.244,1.3974,1.39765,1.90,1.00
2010.09.07 12:55:07.415,1.39745,1.39765,1.60,1.00
2010.09.07 12:55:08.567,1.3974,1.39765,2.00,1.00
2010.09.07 12:55:14.664,1.3974,1.39765,2.00,1.20
2010.09.07 12:55:15.277,1.3974,1.39765,2.00,1.00
2010.09.07 12:55:16.223,1.39745,1.39765,1.60,1.00
2010.09.07 12:55:16.957,1.3974,1.39765,1.90,1.00
2010.09.07 12:55:17.394,1.3974,1.39765,2.00,1.00
2010.09.07 12:55:19.641,1.39745,1.39765,1.00,1.00
2010.09.07 12:55:20.372,1.39735,1.3975,1.60,1.00
2010.09.07 12:55:20.926,1.39735,1.3975,1.60,1.00
2010.09.07 12:55:21.200,1.39725,1.3975,3.60,1.20
2010.09.07 12:55:21.467,1.3973,1.3975,1.00,1.20
2010.09.07 12:55:22.056,1.3973,1.3975,3.20,1.00
2010.09.07 12:55:22.405,1.3973,1.3975,3.10,1.00
2010.09.07 12:55:23.096,1.3973,1.3975,2.70,1.00
2010.09.07 12:55:23.448,1.3973,1.3975,1.00,1.00
2010.09.07 12:55:23.798,1.39735,1.39755,1.60,1.60
2010.09.07 12:55:24.145,1.39735,1.3976,1.60,1.60
2010.09.07 12:55:25.086,1.3974,1.3976,2.00,1.00
2010.09.07 12:55:25.929,1.3974,1.3976,1.00,1.00
2010.09.07 12:55:26.241,1.39735,1.39765,2.40,2.00
2010.09.07 12:55:26.422,1.39735,1.39765,2.40,2.00
2010.09.07 12:55:26.602,1.39735,1.39765,2.00,2.00
2010.09.07 12:55:26.953,1.39735,1.39765,2.40,2.00
2010.09.07 12:55:27.817,1.39735,1.39765,2.40,2.00
2010.09.07 12:55:28.023,1.39735,1.39765,4.00,2.00
2010.09.07 12:55:28.860,1.39735,1.39765,2.40,2.00
2010.09.07 12:55:28.991,1.39735,1.39765,2.00,2.00
2010.09.07 12:55:29.727,1.39745,1.39765,1.00,2.00
2010.09.07 12:55:29.928,1.39745,1.39765,1.60,1.00
2010.09.07 12:55:30.127,1.39745,1.3977,1.60,1.00
2010.09.07 12:55:30.424,1.39745,1.3977,1.90,1.00
2010.09.07 12:55:30.770,1.39745,1.39775,1.00,1.60
2010.09.07 12:55:31.113,1.39745,1.39775,1.00,1.60
2010.09.07 12:55:32.345,1.3975,1.39775,1.00,1.60
2010.09.07 12:55:32.625,1.3975,1.39775,1.00,2.00
2010.09.07 12:55:32.884,1.39745,1.39775,1.00,2.00
2010.09.07 12:55:34.807,1.39745,1.3977,2.30,1.00
2010.09.07 12:55:35.374,1.39745,1.3977,1.60,1.60
2010.09.07 12:55:35.610,1.39735,1.3976,1.00,3.60
2010.09.07 12:55:35.848,1.3974,1.3976,1.10,2.00
2010.09.07 12:55:36.299,1.3974,1.3976,1.00,2.00
2010.09.07 12:55:36.639,1.39755,1.39775,1.00,1.60
2010.09.07 12:55:36.983,1.39755,1.39785,1.00,2.00
2010.09.07 12:55:38.391,1.39755,1.39785,1.00,2.10
2010.09.07 12:55:39.728,1.3976,1.39785,1.00,2.00
2010.09.07 12:55:40.095,1.39755,1.39785,1.10,2.00
2010.09.07 12:55:44.701,1.39755,1.39785,1.10,2.00
2010.09.07 12:55:46.221,1.3976,1.39785,1.00,2.00
2010.09.07 12:55:46.956,1.3976,1.3978,1.00,1.00
2010.09.07 12:55:49.564,1.39755,1.39775,1.00,2.40
2010.09.07 12:55:49.863,1.3975,1.39775,1.00,2.40
2010.09.07 12:55:52.837,1.3975,1.3977,1.00,1.00
2010.09.07 12:55:53.122,1.3975,1.3977,1.00,1.20
2010.09.07 12:55:54.477,1.3975,1.3977,1.00,1.20
2010.09.07 12:55:54.688,1.39755,1.3977,1.00,1.00
2010.09.07 12:55:54.896,1.39755,1.3978,1.00,1.00
2010.09.07 12:55:55.103,1.39755,1.3978,1.20,1.00
2010.09.07 12:55:56.444,1.39755,1.3978,2.60,1.00
2010.09.07 12:55:57.028,1.3976,1.39785,1.00,2.90
2010.09.07 12:55:57.367,1.3976,1.3979,2.50,3.20
2010.09.07 12:55:58.026,1.3976,1.39785,2.00,1.60
2010.09.07 12:55:58.381,1.39755,1.39785,1.50,1.00
2010.09.07 12:55:58.717,1.3976,1.3979,1.00,3.60
2010.09.07 12:55:59.068,1.3976,1.39775,1.00,1.00
2010.09.07 12:55:59.427,1.3975,1.39775,2.30,1.00
2010.09.07 12:55:59.781,1.3975,1.39775,2.20,1.00
2010.09.07 12:56:00.384,1.3975,1.39775,1.00,1.00
2010.09.07 12:56:00.682,1.3975,1.39775,1.40,1.00
2010.09.07 12:56:01.245,1.39755,1.39775,1.00,1.00
2010.09.07 12:56:01.751,1.39755,1.39775,1.00,1.00
2010.09.07 12:56:02.037,1.3976,1.3978,1.80,1.60
2010.09.07 12:56:02.231,1.39755,1.39785,1.40,1.00
2010.09.07 12:56:02.953,1.39755,1.39785,1.00,1.00
2010.09.07 12:56:03.784,1.3976,1.39785,1.00,1.00
2010.09.07 12:56:04.142,1.3977,1.3979,1.60,1.00
2010.09.07 12:56:04.443,1.3976,1.39785,1.00,1.00
2010.09.07 12:56:04.807,1.3976,1.39785,1.00,4.40
2010.09.07 12:56:05.103,1.3975,1.3978,3.40,1.20
2010.09.07 12:56:05.396,1.3975,1.3978,1.90,2.00
2010.09.07 12:56:05.747,1.3975,1.39775,1.80,1.60
2010.09.07 12:56:06.438,1.3975,1.39775,1.90,1.60
2010.09.07 12:56:06.836,1.3975,1.39775,1.90,2.00
2010.09.07 12:56:07.035,1.3975,1.39775,1.80,2.00
2010.09.07 12:56:07.542,1.39745,1.39775,2.90,3.60
2010.09.07 12:56:07.791,1.39745,1.39775,2.80,10.00
2010.09.07 12:56:08.033,1.39745,1.39765,1.00,1.60
2010.09.07 12:56:08.276,1.39745,1.39765,1.00,1.60
2010.09.07 12:56:08.625,1.39745,1.3977,1.00,3.20
2010.09.07 12:56:08.899,1.3975,1.3977,1.00,1.60
2010.09.07 12:56:12.109,1.3975,1.3977,2.00,1.60
2010.09.07 12:56:12.288,1.3975,1.39765,1.90,1.20
2010.09.07 12:56:12.614,1.3975,1.39765,1.00,1.20
2010.09.07 12:56:12.789,1.39735,1.39765,2.60,3.60
2010.09.07 12:56:13.138,1.39735,1.3976,1.00,1.00
2010.09.07 12:56:13.821,1.39735,1.3976,1.00,1.00
2010.09.07 12:56:15.314,1.39735,1.3976,1.00,1.00
2010.09.07 12:56:15.657,1.39735,1.3976,2.30,1.00
2010.09.07 12:56:16.005,1.39735,1.3976,1.90,1.00
2010.09.07 12:56:16.244,1.39735,1.3976,1.00,1.00
2010.09.07 12:56:16.781,1.39735,1.3976,1.00,1.00
2010.09.07 12:56:17.265,1.39735,1.3976,1.00,1.00
2010.09.07 12:56:17.499,1.3973,1.3976,3.10,1.60
2010.09.07 12:56:18.087,1.3973,1.3976,2.90,1.70
2010.09.07 12:56:18.438,1.3974,1.39765,1.00,2.00
2010.09.07 12:56:19.116,1.3975,1.3977,2.70,1.70
2010.09.07 12:56:19.483,1.39755,1.3977,1.60,1.60
2010.09.07 12:56:19.826,1.39755,1.3978,1.80,1.20
2010.09.07 12:56:20.449,1.3976,1.39785,1.60,2.80
2010.09.07 12:56:20.779,1.3976,1.39785,1.60,3.70
2010.09.07 12:56:21.102,1.3976,1.39785,1.60,2.90
2010.09.07 12:56:21.707,1.39755,1.3978,2.70,1.60
2010.09.07 12:56:21.981,1.3976,1.39785,1.60,2.40
2010.09.07 12:56:22.794,1.39765,1.39785,1.00,2.40
2010.09.07 12:56:23.304,1.3976,1.39785,3.20,2.40
2010.09.07 12:56:23.378,1.3977,1.3979,1.60,1.00
2010.09.07 12:56:23.562,1.39765,1.3979,1.00,1.00
2010.09.07 12:56:23.691,1.39765,1.3979,1.00,1.00
2010.09.07 12:56:23.761,1.39765,1.3979,1.00,1.20
2010.09.07 12:56:24.084,1.3976,1.3979,1.00,2.00
2010.09.07 12:56:24.158,1.3976,1.3979,1.10,2.00
2010.09.07 12:56:24.341,1.3976,1.3979,1.50,2.00
2010.09.07 12:56:24.683,1.3976,1.39785,1.10,1.60
2010.09.07 12:56:25.022,1.3976,1.39785,1.00,1.60
2010.09.07 12:56:25.656,1.3976,1.39785,1.00,2.40
2010.09.07 12:56:25.816,1.39755,1.39785,2.60,2.40
2010.09.07 12:56:25.974,1.39755,1.39785,1.00,2.60
2010.09.07 12:56:26.423,1.39755,1.3978,1.00,1.00
2010.09.07 12:56:27.338,1.39755,1.39785,1.00,3.00
2010.09.07 12:56:28.400,1.39755,1.39785,2.60,3.00
2010.09.07 12:56:29.102,1.39755,1.39775,2.60,1.00
2010.09.07 12:56:29.341,1.39755,1.39775,1.00,1.00
2010.09.07 12:56:29.583,1.39755,1.39775,1.00,1.00
2010.09.07 12:56:30.039,1.39755,1.3977,1.00,1.00
2010.09.07 12:56:30.360,1.3975,1.3977,1.00,1.00
2010.09.07 12:56:32.141,1.39745,1.3977,1.10,1.00
2010.09.07 12:56:32.472,1.39745,1.3977,2.70,1.00
2010.09.07 12:56:36.034,1.39745,1.3977,1.10,1.00
2010.09.07 12:56:36.253,1.39745,1.39765,1.10,1.60
2010.09.07 12:56:37.190,1.39745,1.39765,1.10,2.00
2010.09.07 12:56:39.012,1.39745,1.39765,1.00,2.00
2010.09.07 12:56:39.201,1.39745,1.39765,2.60,1.00
2010.09.07 12:56:39.772,1.39745,1.39765,2.70,1.00
2010.09.07 12:56:40.327,1.39745,1.39765,1.60,1.00
2010.09.07 12:56:40.492,1.3974,1.39765,3.00,1.00
2010.09.07 12:56:40.818,1.3975,1.3977,1.00,1.70
2010.09.07 12:56:40.978,1.3975,1.3977,1.00,1.00
2010.09.07 12:56:41.409,1.3975,1.3977,1.80,1.00
2010.09.07 12:56:41.730,1.3974,1.39765,3.00,1.00
2010.09.07 12:56:42.688,1.39745,1.39765,1.60,1.00
2010.09.07 12:56:43.038,1.39745,1.39775,2.70,4.50
2010.09.07 12:56:43.383,1.39745,1.39775,2.70,6.10
2010.09.07 12:56:44.204,1.39745,1.39775,2.90,6.10
2010.09.07 12:56:44.357,1.3975,1.39775,1.00,4.40
2010.09.07 12:56:44.503,1.3975,1.39775,2.70,1.00
2010.09.07 12:56:44.642,1.3975,1.3978,2.70,5.20
2010.09.07 12:56:44.781,1.3975,1.3978,3.10,4.40
2010.09.07 12:56:45.461,1.3975,1.3978,3.20,4.40
2010.09.07 12:56:46.226,1.39755,1.3978,1.00,5.20
2010.09.07 12:56:46.541,1.39755,1.3978,1.00,4.40
2010.09.07 12:56:46.724,1.39755,1.3978,1.00,5.20
2010.09.07 12:56:46.942,1.3975,1.3978,2.80,5.30
2010.09.07 12:56:47.021,1.3975,1.3978,2.80,4.50
2010.09.07 12:56:47.202,1.3975,1.3978,2.80,5.00
2010.09.07 12:56:47.739,1.3974,1.3977,2.70,2.00
2010.09.07 12:56:47.932,1.3974,1.3977,2.70,2.40
2010.09.07 12:56:48.440,1.3974,1.3977,1.60,2.00
2010.09.07 12:56:48.489,1.3974,1.39765,1.60,1.60
2010.09.07 12:56:48.843,1.39755,1.39765,1.00,1.60
2010.09.07 12:56:49.490,1.3976,1.3977,1.60,1.00
2010.09.07 12:56:49.841,1.39745,1.3977,1.00,2.00
2010.09.07 12:56:50.185,1.39745,1.3977,1.00,1.60
2010.09.07 12:56:50.849,1.3974,1.3977,3.10,1.00
2010.09.07 12:56:51.445,1.3974,1.3977,3.20,1.00
2010.09.07 12:56:52.475,1.3974,1.3977,3.10,1.00
2010.09.07 12:56:52.616,1.3974,1.39765,1.50,1.60
2010.09.07 12:56:52.752,1.3974,1.39765,1.10,1.60
2010.09.07 12:56:55.652,1.3974,1.39765,1.10,2.40
2010.09.07 12:56:55.852,1.3974,1.39765,1.00,2.50
2010.09.07 12:56:56.053,1.39735,1.3976,1.10,2.40
2010.09.07 12:56:56.252,1.39735,1.3976,1.00,2.40
2010.09.07 12:56:57.045,1.3973,1.3976,1.50,2.50
2010.09.07 12:56:57.245,1.3973,1.3976,1.50,2.40
2010.09.07 12:56:57.448,1.3973,1.3976,1.70,2.40
2010.09.07 12:56:57.656,1.3974,1.3976,1.80,1.00
2010.09.07 12:56:57.864,1.3974,1.3976,1.70,1.00
2010.09.07 12:56:58.103,1.3974,1.3976,1.00,1.00
2010.09.07 12:56:58.683,1.3973,1.3976,2.90,1.00
2010.09.07 12:56:59.723,1.3973,1.39755,2.70,1.00
2010.09.07 12:57:00.115,1.3973,1.39755,1.00,1.60
2010.09.07 12:57:00.445,1.39735,1.3976,1.60,1.60
2010.09.07 12:57:00.612,1.3973,1.3976,4.30,2.10
2010.09.07 12:57:00.829,1.3973,1.3976,4.30,9.70
2010.09.07 12:57:01.139,1.3973,1.39755,2.40,1.00
2010.09.07 12:57:01.495,1.39725,1.3975,1.80,2.40
2010.09.07 12:57:01.834,1.39725,1.3975,3.40,2.40
2010.09.07 12:57:02.175,1.39725,1.3975,1.80,2.40
2010.09.07 12:57:02.854,1.39725,1.3975,1.80,2.50
2010.09.07 12:57:03.152,1.39735,1.3975,1.00,2.40
2010.09.07 12:57:03.455,1.39735,1.3976,1.90,1.00
2010.09.07 12:57:03.974,1.3973,1.3976,3.40,2.00
2010.09.07 12:57:04.203,1.3973,1.3976,3.40,1.60
2010.09.07 12:57:04.883,1.39735,1.3976,1.00,1.60
2010.09.07 12:57:05.224,1.39735,1.3976,1.00,1.60
2010.09.07 12:57:05.768,1.3974,1.3976,1.00,1.60
2010.09.07 12:57:06.942,1.39735,1.3976,1.00,1.60
2010.09.07 12:57:07.071,1.39735,1.39755,1.00,1.60
2010.09.07 12:57:08.414,1.39735,1.3976,1.00,1.60
2010.09.07 12:57:08.684,1.39735,1.3976,1.80,1.60
2010.09.07 12:57:08.741,1.39735,1.3976,2.20,1.60
2010.09.07 12:57:08.801,1.39745,1.3976,1.60,1.60
2010.09.07 12:57:08.861,1.39745,1.39765,1.60,2.40
2010.09.07 12:57:09.762,1.39745,1.39765,1.60,1.60
2010.09.07 12:57:10.611,1.39745,1.39765,1.70,1.60
2010.09.07 12:57:11.404,1.39745,1.39765,1.70,2.40
2010.09.07 12:57:11.802,1.39745,1.39765,1.70,1.60
2010.09.07 12:57:12.242,1.39745,1.3976,1.60,1.00
2010.09.07 12:57:12.461,1.39745,1.39765,1.60,1.60
2010.09.07 12:57:13.657,1.39745,1.39765,1.70,1.60
2010.09.07 12:57:13.722,1.39745,1.3976,1.60,1.00
2010.09.07 12:57:13.790,1.39745,1.39765,1.60,1.60
2010.09.07 12:57:17.032,1.3974,1.39765,2.10,1.60
2010.09.07 12:57:17.401,1.3974,1.39765,1.70,1.60
2010.09.07 12:57:17.601,1.3974,1.3976,1.00,1.60
2010.09.07 12:57:18.669,1.3974,1.3976,1.00,1.60
2010.09.07 12:57:18.854,1.3974,1.39765,1.00,1.70
2010.09.07 12:57:19.883,1.3974,1.39765,1.00,1.70
2010.09.07 12:57:20.243,1.39745,1.3977,2.00,2.40
2010.09.07 12:57:21.031,1.39745,1.3977,2.00,1.60
2010.09.07 12:57:21.615,1.39745,1.3977,2.10,1.60
2010.09.07 12:57:22.371,1.39745,1.3977,2.00,1.60
2010.09.07 12:57:23.113,1.39745,1.39765,1.00,1.60
2010.09.07 12:57:23.339,1.3974,1.39765,1.70,1.60
2010.09.07 12:57:24.024,1.3974,1.39755,1.70,1.60
2010.09.07 12:57:24.284,1.39745,1.39765,1.00,1.80
2010.09.07 12:57:24.865,1.39745,1.39765,1.00,1.60
2010.09.07 12:57:26.313,1.3974,1.3975,1.00,1.60
2010.09.07 12:57:26.657,1.39735,1.3975,1.40,1.60
2010.09.07 12:57:27.183,1.3974,1.3975,1.00,1.60
2010.09.07 12:57:27.489,1.3973,1.3974,1.40,1.60
2010.09.07 12:57:27.784,1.3973,1.3974,1.10,1.60
2010.09.07 12:57:28.914,1.3973,1.3974,1.00,1.60
2010.09.07 12:57:29.142,1.3973,1.3974,1.00,1.60
2010.09.07 12:57:29.374,1.39725,1.3974,1.50,1.60
2010.09.07 12:57:29.603,1.39725,1.3974,1.40,1.60
2010.09.07 12:57:29.836,1.39725,1.3974,1.00,1.60
2010.09.07 12:57:30.337,1.3972,1.3974,1.00,1.60
2010.09.07 12:57:31.655,1.3972,1.3974,1.00,1.60
2010.09.07 12:57:32.408,1.3972,1.39735,1.00,1.60
2010.09.07 12:57:33.052,1.39725,1.39735,1.00,1.60
2010.09.07 12:57:33.474,1.3972,1.3973,1.00,1.60
2010.09.07 12:57:34.160,1.3972,1.39735,1.00,1.60
2010.09.07 12:57:34.419,1.3972,1.3973,1.00,1.60
2010.09.07 12:57:34.678,1.3972,1.39735,1.00,1.60
2010.09.07 12:57:37.057,1.3972,1.39735,1.00,1.60
2010.09.07 12:57:37.196,1.3972,1.3974,1.00,1.60
2010.09.07 12:57:39.242,1.3972,1.39735,1.00,1.60
2010.09.07 12:57:42.575,1.3972,1.3974,1.00,1.60
2010.09.07 12:57:42.852,1.3972,1.3974,1.90,1.60
2010.09.07 12:57:43.457,1.39725,1.3974,1.00,1.60
2010.09.07 12:57:43.761,1.3973,1.3975,1.40,1.60
2010.09.07 12:57:44.055,1.3973,1.39755,1.40,1.60
2010.09.07 12:57:44.397,1.3973,1.39755,1.00,1.60
2010.09.07 12:57:44.748,1.3973,1.39755,1.90,1.70
2010.09.07 12:57:45.096,1.3973,1.3975,1.00,1.60
2010.09.07 12:57:47.973,1.3973,1.3975,1.00,1.60
2010.09.07 12:57:49.344,1.3973,1.3975,1.00,1.60
2010.09.07 12:57:49.532,1.3973,1.3975,1.00,1.60
2010.09.07 12:57:51.952,1.3973,1.3974,1.00,1.60
2010.09.07 12:57:54.634,1.3973,1.3975,1.00,1.60
2010.09.07 12:57:55.584,1.3973,1.39745,1.00,1.60
2010.09.07 12:57:55.936,1.39725,1.39745,3.10,1.60
2010.09.07 12:57:56.757,1.3973,1.39745,1.00,1.60
2010.09.07 12:57:58.664,1.39725,1.39745,1.50,1.60
2010.09.07 12:57:58.986,1.3973,1.39755,1.00,3.40
2010.09.07 12:57:59.635,1.3973,1.39755,1.00,3.20
2010.09.07 12:58:00.961,1.3973,1.39755,1.00,2.40
2010.09.07 12:58:03.331,1.39735,1.39755,1.00,2.40
2010.09.07 12:58:03.531,1.39735,1.39755,1.00,1.60
2010.09.07 12:58:04.418,1.39735,1.39755,1.00,1.60
2010.09.07 12:58:04.844,1.3973,1.39755,1.70,1.60
2010.09.07 12:58:07.197,1.39735,1.39755,1.00,1.60
2010.09.07 12:58:09.313,1.39735,1.39755,1.00,1.60
2010.09.07 12:58:11.640,1.39735,1.39755,1.00,1.60
2010.09.07 12:58:12.791,1.3974,1.39755,1.00,1.60
2010.09.07 12:58:13.583,1.39735,1.39755,1.00,1.60
2010.09.07 12:58:17.428,1.39735,1.39755,2.00,1.60
2010.09.07 12:58:17.832,1.3974,1.39755,1.00,1.60
2010.09.07 12:58:18.232,1.39735,1.39755,2.00,1.60
2010.09.07 12:58:18.432,1.39735,1.39755,1.00,1.60
2010.09.07 12:58:18.824,1.39735,1.39755,1.00,1.60
2010.09.07 12:58:19.374,1.39735,1.39765,3.20,3.20
2010.09.07 12:58:19.905,1.39735,1.39765,2.80,4.10
2010.09.07 12:58:20.586,1.39735,1.39765,2.80,4.80
2010.09.07 12:58:20.863,1.39735,1.39765,2.80,4.00
2010.09.07 12:58:21.145,1.39735,1.39765,2.80,4.80
2010.09.07 12:58:22.093,1.39735,1.3976,1.00,1.60
2010.09.07 12:58:22.276,1.3974,1.3976,1.00,1.60
2010.09.07 12:58:22.452,1.39735,1.3976,1.10,1.60
2010.09.07 12:58:23.483,1.3974,1.3976,1.00,1.60
2010.09.07 12:58:24.164,1.39735,1.3976,1.50,1.60
2010.09.07 12:58:25.142,1.39735,1.3976,1.10,1.60
2010.09.07 12:58:27.242,1.3974,1.3976,1.00,1.60
2010.09.07 12:58:31.349,1.39735,1.3976,1.10,1.60
2010.09.07 12:58:31.653,1.39735,1.3976,1.00,2.40
2010.09.07 12:58:32.285,1.39735,1.3976,1.00,3.20
2010.09.07 12:58:33.937,1.3973,1.3976,1.10,3.30
2010.09.07 12:58:34.271,1.39735,1.39755,1.00,1.60
2010.09.07 12:58:35.480,1.3974,1.39765,1.00,3.20
2010.09.07 12:58:35.664,1.39735,1.39755,3.10,1.60
2010.09.07 12:58:35.857,1.3974,1.39765,1.00,2.40
2010.09.07 12:58:36.217,1.39735,1.39765,3.10,1.60
2010.09.07 12:58:36.410,1.39735,1.3977,2.30,3.60
2010.09.07 12:58:36.593,1.3974,1.3977,1.00,2.00
2010.09.07 12:58:37.368,1.3974,1.39765,1.00,3.20
2010.09.07 12:58:37.716,1.3974,1.39765,1.00,2.40
2010.09.07 12:58:38.349,1.3973,1.39745,1.00,1.60
2010.09.07 12:58:38.627,1.39735,1.3976,1.00,1.60
2010.09.07 12:58:39.211,1.3974,1.39765,1.00,2.40
2010.09.07 12:58:39.256,1.3974,1.39765,1.00,2.80
2010.09.07 12:58:39.602,1.3974,1.39765,1.00,2.40
2010.09.07 12:58:39.946,1.3974,1.3977,1.00,4.40
2010.09.07 12:58:40.239,1.3974,1.3977,1.20,3.20
2010.09.07 12:58:40.607,1.39745,1.3977,1.00,3.20
2010.09.07 12:58:41.239,1.3975,1.3977,1.00,1.60
2010.09.07 12:58:42.187,1.39755,1.39775,1.00,1.60
2010.09.07 12:58:43.668,1.39755,1.39775,1.10,1.60
2010.09.07 12:58:43.873,1.39765,1.39775,1.00,1.60
2010.09.07 12:58:44.284,1.3976,1.39775,1.00,1.60
2010.09.07 12:58:44.814,1.39765,1.39785,1.00,1.80
2010.09.07 12:58:45.157,1.3976,1.39785,1.10,1.60
2010.09.07 12:58:45.504,1.39765,1.39785,1.00,1.60
2010.09.07 12:58:46.478,1.39765,1.39785,1.00,3.20
2010.09.07 12:58:46.753,1.3976,1.39785,1.00,3.20
2010.09.07 12:58:48.326,1.3976,1.39785,1.00,3.60
2010.09.07 12:58:48.659,1.39755,1.3978,1.00,1.60
2010.09.07 12:58:49.292,1.39755,1.3978,1.00,1.00
2010.09.07 12:58:49.642,1.39755,1.39785,1.00,3.60
2010.09.07 12:58:49.973,1.3975,1.3977,1.10,1.60
2010.09.07 12:58:50.846,1.39755,1.3977,1.00,1.60
2010.09.07 12:58:51.075,1.39755,1.3978,1.00,1.60
2010.09.07 12:58:51.524,1.39755,1.3978,1.00,1.70
2010.09.07 12:58:52.573,1.39755,1.3978,1.10,1.60
2010.09.07 12:58:52.865,1.39755,1.3978,1.90,1.60
2010.09.07 12:58:53.412,1.3976,1.39785,1.00,1.60
2010.09.07 12:58:53.714,1.39765,1.3979,1.00,1.30
2010.09.07 12:58:54.788,1.39765,1.3979,1.00,1.00
2010.09.07 12:58:55.163,1.3977,1.39795,2.40,1.60
2010.09.07 12:58:55.367,1.3977,1.39795,1.00,1.60
2010.09.07 12:58:55.817,1.39765,1.39795,1.40,1.60
2010.09.07 12:58:56.016,1.3977,1.3979,1.00,2.40
2010.09.07 12:58:56.554,1.39765,1.3979,1.00,2.40
2010.09.07 12:58:57.247,1.39765,1.3979,1.00,1.60
2010.09.07 12:58:57.444,1.39765,1.3979,1.00,1.00
2010.09.07 12:58:58.596,1.3977,1.39795,1.00,1.00
2010.09.07 12:58:58.818,1.39765,1.39795,1.50,1.00
2010.09.07 12:58:59.036,1.39765,1.3979,1.00,2.40
2010.09.07 12:58:59.547,1.3977,1.39795,1.00,2.40
2010.09.07 12:58:59.898,1.3977,1.39795,1.00,1.00
2010.09.07 12:59:00.245,1.3977,1.39795,1.00,1.20
2010.09.07 12:59:00.893,1.39765,1.3979,1.00,1.00
2010.09.07 12:59:01.733,1.39765,1.3979,1.00,1.00
2010.09.07 12:59:02.472,1.39765,1.3979,1.00,1.00
2010.09.07 12:59:03.033,1.39765,1.3979,1.00,1.00
2010.09.07 12:59:04.092,1.3977,1.39795,1.00,2.40
2010.09.07 12:59:04.440,1.39775,1.398,1.00,1.00
2010.09.07 12:59:04.785,1.39775,1.398,1.10,1.00
2010.09.07 12:59:05.447,1.3978,1.398,1.00,1.00
2010.09.07 12:59:06.735,1.39785,1.39805,1.00,1.60
2010.09.07 12:59:07.039,1.39775,1.39805,1.10,1.60
2010.09.07 12:59:07.319,1.39775,1.39805,1.00,1.60
2010.09.07 12:59:07.851,1.3977,1.39795,1.10,1.60
2010.09.07 12:59:08.081,1.3976,1.39785,2.30,1.60
2010.09.07 12:59:08.635,1.3976,1.39785,1.50,1.60
2010.09.07 12:59:09.583,1.39765,1.39785,1.00,1.60
2010.09.07 12:59:09.842,1.3976,1.39785,1.50,1.60
2010.09.07 12:59:10.353,1.3976,1.39785,2.30,1.60
2010.09.07 12:59:10.915,1.3976,1.39785,1.90,1.60
2010.09.07 12:59:11.066,1.3976,1.39785,2.30,1.60
2010.09.07 12:59:11.352,1.39765,1.39785,1.00,1.60
2010.09.07 12:59:11.807,1.39765,1.3978,1.00,1.60
2010.09.07 12:59:12.324,1.39765,1.39785,1.00,1.60
2010.09.07 12:59:12.629,1.3976,1.39785,1.50,1.60
2010.09.07 12:59:14.158,1.39765,1.39785,1.00,1.60
2010.09.07 12:59:14.707,1.39765,1.39785,1.90,1.60
2010.09.07 12:59:14.943,1.39765,1.39785,2.30,1.60
2010.09.07 12:59:15.542,1.39765,1.39785,1.00,1.60
2010.09.07 12:59:17.608,1.3977,1.3978,1.00,1.60
2010.09.07 12:59:17.821,1.39765,1.3978,1.00,1.60
2010.09.07 12:59:18.953,1.39765,1.3978,1.00,1.60
2010.09.07 12:59:19.902,1.39765,1.3979,1.20,2.70
2010.09.07 12:59:20.228,1.39765,1.3979,1.00,2.40
2010.09.07 12:59:30.530,1.39765,1.3979,1.20,2.40
2010.09.07 12:59:31.286,1.39765,1.3979,1.00,2.40
2010.09.07 12:59:39.592,1.39765,1.3978,1.00,1.60
2010.09.07 12:59:39.837,1.3977,1.3978,1.00,1.60
2010.09.07 12:59:40.786,1.39765,1.3978,1.00,1.60
2010.09.07 12:59:48.012,1.3976,1.3978,1.00,1.60
2010.09.07 12:59:52.748,1.39755,1.3978,1.00,1.60
2010.09.07 12:59:52.874,1.39755,1.3978,1.50,1.60
2010.09.07 12:59:54.262,1.39755,1.3978,1.10,1.60
2010.09.07 12:59:54.544,1.39755,1.3978,1.00,2.40
2010.09.07 12:59:54.973,1.39755,1.3978,2.00,1.00
2010.09.07 12:59:55.402,1.39755,1.39785,2.80,1.00
2010.09.07 12:59:57.492,1.3976,1.39785,1.00,1.00
2010.09.07 12:59:57.644,1.39765,1.39785,1.00,1.00
2010.09.07 12:59:58.212,1.39765,1.3979,1.00,1.00
2010.09.07 12:59:58.336,1.39765,1.3979,1.00,1.00
2010.09.07 12:59:58.977,1.3976,1.3979,1.50,1.00
2010.09.07 12:59:59.329,1.39765,1.3979,1.00,1.00
