2016.06.30 01:00:00.311,1.4901,1.49038,3.37,1.17
2016.06.30 01:00:00.985,1.49011,1.49037,1.00,1.10
2016.06.30 01:00:01.319,1.49012,1.49035,1.00,1.00
2016.06.30 01:00:02.081,1.49012,1.49033,1.00,1.00
2016.06.30 01:00:02.656,1.49013,1.49033,1.00,1.00
2016.06.30 01:00:02.986,1.49013,1.49039,1.00,1.95
2016.06.30 01:00:03.247,1.49013,1.49035,1.00,1.00
2016.06.30 01:00:03.594,1.49006,1.49034,1.87,1.10
2016.06.30 01:00:03.646,1.49005,1.49033,1.20,2.25
2016.06.30 01:00:03.747,1.49005,1.49032,1.00,1.75
2016.06.30 01:00:04.052,1.49005,1.49028,1.57,1.00
2016.06.30 01:00:04.460,1.49005,1.4903,1.57,1.00
2016.06.30 01:00:04.613,1.49007,1.4903,1.12,1.00
2016.06.30 01:00:05.058,1.49008,1.49034,1.57,1.10
2016.06.30 01:00:05.697,1.49007,1.49034,1.57,1.07
2016.06.30 01:00:05.799,1.49007,1.49033,1.20,1.15
2016.06.30 01:00:06.304,1.49005,1.49031,1.50,1.00
2016.06.30 01:00:06.355,1.49005,1.49029,1.10,1.00
2016.06.30 01:00:06.912,1.49005,1.49029,1.50,1.00
2016.06.30 01:00:07.648,1.49005,1.49032,1.50,1.20
2016.06.30 01:00:08.155,1.49008,1.49032,1.00,1.20
2016.06.30 01:00:08.747,1.49007,1.49033,1.20,1.15
2016.06.30 01:00:08.900,1.49007,1.49032,1.00,1.12
2016.06.30 01:00:09.130,1.49005,1.49031,1.00,1.12
2016.06.30 01:00:09.232,1.49005,1.49029,1.00,1.12
2016.06.30 01:00:09.385,1.49001,1.49027,1.55,1.20
2016.06.30 01:00:09.436,1.49005,1.49026,1.00,1.12
2016.06.30 01:00:09.538,1.49004,1.49029,1.00,1.87
2016.06.30 01:00:10.045,1.49011,1.49029,1.00,1.75
2016.06.30 01:00:10.242,1.49014,1.4904,1.12,1.12
2016.06.30 01:00:10.344,1.49014,1.49043,1.20,1.12
2016.06.30 01:00:10.395,1.49016,1.49043,1.00,1.12
2016.06.30 01:00:10.752,1.49016,1.49041,1.00,1.12
2016.06.30 01:00:10.803,1.49013,1.49041,1.45,1.87
2016.06.30 01:00:10.855,1.49011,1.49031,1.57,1.00
2016.06.30 01:00:11.007,1.49002,1.49029,1.17,1.17
2016.06.30 01:00:11.110,1.49001,1.49028,1.00,3.00
2016.06.30 01:00:11.573,1.49003,1.49029,1.00,1.87
2016.06.30 01:00:12.423,1.49003,1.49029,1.50,1.87
2016.06.30 01:00:12.737,1.49014,1.49041,1.69,1.12
2016.06.30 01:00:13.046,1.49011,1.49036,1.50,1.00
2016.06.30 01:00:13.554,1.49011,1.49038,1.00,1.75
2016.06.30 01:00:14.062,1.49013,1.4904,1.00,1.12
2016.06.30 01:00:14.980,1.49012,1.4904,1.00,1.12
2016.06.30 01:00:15.444,1.49015,1.49039,1.00,2.25
2016.06.30 01:00:15.497,1.49011,1.49041,1.75,2.25
2016.06.30 01:00:15.599,1.4901,1.49038,1.07,1.87
2016.06.30 01:00:15.905,1.49004,1.49028,1.12,1.00
2016.06.30 01:00:15.957,1.48997,1.49028,2.62,1.50
2016.06.30 01:00:16.008,1.48997,1.49022,2.62,1.00
2016.06.30 01:00:16.110,1.48999,1.49028,1.17,1.50
2016.06.30 01:00:16.163,1.49004,1.49028,1.75,1.00
2016.06.30 01:00:16.548,1.49004,1.49021,1.75,1.37
2016.06.30 01:00:16.702,1.48987,1.49016,1.87,1.57
2016.06.30 01:00:16.753,1.48988,1.49016,1.00,1.57
2016.06.30 01:00:16.804,1.48989,1.49014,1.00,1.12
2016.06.30 01:00:17.161,1.48992,1.49011,1.00,1.00
2016.06.30 01:00:17.699,1.48993,1.49011,1.00,1.00
2016.06.30 01:00:18.210,1.48994,1.49016,1.00,1.00
2016.06.30 01:00:18.262,1.49,1.49016,1.00,1.00
2016.06.30 01:00:18.416,1.49003,1.49022,1.65,1.00
2016.06.30 01:00:18.468,1.49003,1.49022,3.00,1.00
2016.06.30 01:00:18.671,1.49003,1.49025,3.00,1.00
2016.06.30 01:00:18.805,1.49003,1.49029,2.25,1.00
2016.06.30 01:00:19.312,1.49005,1.49027,1.15,1.00
2016.06.30 01:00:19.490,1.49005,1.49029,1.15,1.00
2016.06.30 01:00:19.881,1.49005,1.49026,1.15,1.00
2016.06.30 01:00:21.010,1.49005,1.4903,1.15,1.00
2016.06.30 01:00:21.264,1.49009,1.49034,1.00,1.75
2016.06.30 01:00:21.315,1.49009,1.49037,1.20,1.87
2016.06.30 01:00:21.367,1.49011,1.49037,1.00,1.87
2016.06.30 01:00:21.602,1.49011,1.49038,1.50,1.09
2016.06.30 01:00:21.653,1.49012,1.49038,1.12,1.01
2016.06.30 01:00:21.990,1.49012,1.49031,1.12,1.00
2016.06.30 01:00:22.092,1.4901,1.49032,1.65,1.00
2016.06.30 01:00:22.202,1.4901,1.49035,1.17,1.17
2016.06.30 01:00:22.304,1.49006,1.49022,1.17,1.00
2016.06.30 01:00:22.694,1.49004,1.49022,1.07,1.00
2016.06.30 01:00:24.077,1.49004,1.49021,1.57,1.00
2016.06.30 01:00:24.312,1.48998,1.49021,1.87,1.37
2016.06.30 01:00:24.364,1.48998,1.49018,1.00,1.00
2016.06.30 01:00:25.792,1.48998,1.49019,1.00,1.10
2016.06.30 01:00:26.339,1.49001,1.4902,1.00,1.17
2016.06.30 01:00:26.491,1.49004,1.49025,1.00,1.15
2016.06.30 01:00:26.694,1.49005,1.49028,1.10,1.12
2016.06.30 01:00:26.745,1.49005,1.49028,1.10,1.00
2016.06.30 01:00:27.039,1.49004,1.49027,1.75,1.00
2016.06.30 01:00:27.388,1.49004,1.49025,1.07,1.00
2016.06.30 01:00:27.922,1.49005,1.49026,1.20,1.00
2016.06.30 01:00:28.429,1.49008,1.49029,1.00,1.00
2016.06.30 01:00:29.184,1.49008,1.49028,1.10,1.00
2016.06.30 01:00:29.400,1.49008,1.49025,1.10,1.00
2016.06.30 01:00:29.502,1.49008,1.49029,1.10,1.00
2016.06.30 01:00:29.603,1.49008,1.49026,1.10,1.00
2016.06.30 01:00:30.009,1.49005,1.49025,1.00,1.00
2016.06.30 01:00:30.111,1.49005,1.49029,1.50,1.20
2016.06.30 01:00:30.212,1.49005,1.4903,1.00,1.45
2016.06.30 01:00:30.513,1.49007,1.49031,1.00,1.20
2016.06.30 01:00:32.499,1.4901,1.49029,1.00,1.10
2016.06.30 01:00:32.906,1.4901,1.49027,1.00,1.00
2016.06.30 01:00:33.520,1.4901,1.49033,1.00,3.00
2016.06.30 01:00:33.572,1.49008,1.49031,1.00,1.20
2016.06.30 01:00:33.623,1.49008,1.49031,1.00,1.10
2016.06.30 01:00:33.725,1.49007,1.49023,1.20,1.00
2016.06.30 01:00:34.247,1.49006,1.49022,1.00,1.00
2016.06.30 01:00:34.298,1.49006,1.49024,1.00,1.00
2016.06.30 01:00:34.806,1.49006,1.49025,1.00,1.00
2016.06.30 01:00:35.016,1.49008,1.4903,1.00,1.45
2016.06.30 01:00:35.067,1.49008,1.4903,1.00,1.07
2016.06.30 01:00:35.586,1.49009,1.49029,1.00,1.00
2016.06.30 01:00:36.148,1.49009,1.49031,1.00,1.07
2016.06.30 01:00:36.401,1.49011,1.49031,1.00,1.07
2016.06.30 01:00:36.940,1.4901,1.4903,1.00,1.00
2016.06.30 01:00:37.450,1.4901,1.49029,1.00,1.00
2016.06.30 01:00:39.309,1.49006,1.49027,1.20,1.00
2016.06.30 01:00:39.563,1.49006,1.49027,1.00,1.00
2016.06.30 01:00:40.951,1.49006,1.49023,1.00,1.00
2016.06.30 01:00:41.003,1.49001,1.49023,1.12,1.50
2016.06.30 01:00:41.105,1.48999,1.49021,2.25,1.10
2016.06.30 01:00:41.156,1.48999,1.4902,1.50,1.00
2016.06.30 01:00:41.359,1.49003,1.49021,2.62,1.07
2016.06.30 01:00:41.462,1.4901,1.49032,1.00,1.00
2016.06.30 01:00:41.967,1.49011,1.49034,1.10,1.10
2016.06.30 01:00:42.506,1.49011,1.49033,1.10,1.00
2016.06.30 01:00:43.032,1.49011,1.4903,1.10,1.00
2016.06.30 01:00:43.406,1.49009,1.4903,1.65,1.00
2016.06.30 01:00:44.808,1.49011,1.4903,1.00,1.00
2016.06.30 01:00:45.113,1.49014,1.4903,1.00,1.00
2016.06.30 01:00:45.647,1.49014,1.49033,1.00,1.00
2016.06.30 01:00:46.163,1.49015,1.49033,1.00,1.00
2016.06.30 01:00:46.417,1.49015,1.4903,1.00,1.00
2016.06.30 01:00:46.953,1.49015,1.49032,1.00,1.00
2016.06.30 01:00:47.208,1.49013,1.49032,1.00,1.00
2016.06.30 01:00:47.747,1.49013,1.49031,1.50,1.00
2016.06.30 01:00:48.518,1.49013,1.49032,1.50,1.00
2016.06.30 01:00:48.787,1.49013,1.4903,1.50,1.00
2016.06.30 01:00:53.929,1.49012,1.49028,1.00,1.00
2016.06.30 01:00:54.183,1.48999,1.49019,1.00,1.20
2016.06.30 01:00:54.234,1.48999,1.49015,1.00,1.20
2016.06.30 01:00:54.739,1.48998,1.49013,1.50,1.00
2016.06.30 01:00:55.246,1.48998,1.49016,1.50,1.57
2016.06.30 01:00:56.325,1.48998,1.49016,1.50,1.00
2016.06.30 01:00:56.839,1.48998,1.49013,1.50,1.00
2016.06.30 01:00:57.362,1.48998,1.49019,1.50,1.10
2016.06.30 01:00:57.566,1.49001,1.4902,1.00,1.17
2016.06.30 01:00:57.873,1.49005,1.49024,1.00,2.25
2016.06.30 01:00:58.403,1.49005,1.49026,1.00,1.15
2016.06.30 01:01:00.666,1.49004,1.49022,1.00,1.50
2016.06.30 01:01:00.973,1.49,1.49016,1.00,1.00
2016.06.30 01:01:01.429,1.49,1.49014,1.00,1.00
2016.06.30 01:01:02.042,1.48998,1.49014,1.00,1.00
2016.06.30 01:01:02.641,1.49,1.49019,1.00,1.50
2016.06.30 01:01:02.743,1.49009,1.49019,1.00,1.00
2016.06.30 01:01:02.845,1.49006,1.49022,1.17,1.44
2016.06.30 01:01:03.038,1.49004,1.49016,1.00,1.00
2016.06.30 01:01:03.140,1.48998,1.49016,1.17,1.00
2016.06.30 01:01:03.243,1.49001,1.49018,1.12,1.00
2016.06.30 01:01:03.345,1.49002,1.49019,1.10,1.00
2016.06.30 01:01:03.654,1.49001,1.49023,1.12,1.50
2016.06.30 01:01:03.857,1.49003,1.49025,1.20,1.00
2016.06.30 01:01:04.147,1.49007,1.49028,1.87,1.00
2016.06.30 01:01:04.657,1.49007,1.49028,1.20,1.00
2016.06.30 01:01:05.302,1.4902,1.49033,1.00,1.00
2016.06.30 01:01:05.354,1.4902,1.49037,2.25,1.69
2016.06.30 01:01:05.558,1.4902,1.49038,1.20,1.00
2016.06.30 01:01:05.660,1.49015,1.49036,1.57,1.25
2016.06.30 01:01:05.713,1.49013,1.49032,1.20,1.00
2016.06.30 01:01:05.764,1.49011,1.49032,1.65,1.00
2016.06.30 01:01:05.866,1.49011,1.49029,1.65,1.00
2016.06.30 01:01:06.377,1.49011,1.49032,1.10,1.50
2016.06.30 01:01:07.072,1.4901,1.49029,1.17,1.00
2016.06.30 01:01:07.940,1.49012,1.49029,1.00,1.00
2016.06.30 01:01:08.486,1.49012,1.49031,1.00,1.00
2016.06.30 01:01:08.740,1.49014,1.49032,1.00,1.50
2016.06.30 01:01:09.063,1.49014,1.4903,1.00,1.00
2016.06.30 01:01:09.594,1.49014,1.49029,1.00,1.00
2016.06.30 01:01:10.783,1.49014,1.49032,1.00,1.00
2016.06.30 01:01:10.986,1.49017,1.49032,1.00,1.00
2016.06.30 01:01:11.803,1.49016,1.49032,1.20,1.00
2016.06.30 01:01:12.573,1.49012,1.49032,1.20,1.00
2016.06.30 01:01:12.776,1.49012,1.49034,1.20,1.50
2016.06.30 01:01:13.132,1.49015,1.49034,1.20,1.50
2016.06.30 01:01:13.611,1.49015,1.49038,1.20,1.10
2016.06.30 01:01:13.662,1.49025,1.4904,1.00,1.95
2016.06.30 01:01:13.815,1.49027,1.49046,1.20,1.00
2016.06.30 01:01:13.917,1.49027,1.49046,1.00,1.00
2016.06.30 01:01:14.221,1.49027,1.49045,1.00,1.75
2016.06.30 01:01:14.272,1.49024,1.49044,1.37,1.75
2016.06.30 01:01:14.374,1.49021,1.49042,1.20,1.00
2016.06.30 01:01:14.425,1.49021,1.49042,1.57,1.00
2016.06.30 01:01:14.941,1.49021,1.49042,1.87,1.10
2016.06.30 01:01:15.476,1.49021,1.49043,1.87,1.17
2016.06.30 01:01:15.780,1.49023,1.49044,1.37,1.20
2016.06.30 01:01:16.351,1.49022,1.49041,1.37,1.10
2016.06.30 01:01:16.981,1.49022,1.49043,1.37,1.50
2016.06.30 01:01:17.488,1.49022,1.49043,1.37,1.87
2016.06.30 01:01:18.113,1.49022,1.49043,1.37,1.87
2016.06.30 01:01:19.979,1.49026,1.49044,1.00,1.85
2016.06.30 01:01:20.081,1.49026,1.49044,1.00,1.20
2016.06.30 01:01:20.183,1.49026,1.49044,1.00,1.10
2016.06.30 01:01:21.493,1.49027,1.49044,1.00,1.10
2016.06.30 01:01:23.022,1.49027,1.49047,1.00,1.15
2016.06.30 01:01:23.199,1.49027,1.49043,1.00,1.57
2016.06.30 01:01:23.256,1.49023,1.49042,1.00,1.12
2016.06.30 01:01:23.409,1.49028,1.49038,1.00,1.00
2016.06.30 01:01:23.460,1.49028,1.49042,1.00,1.00
2016.06.30 01:01:23.511,1.49026,1.49042,1.00,1.00
2016.06.30 01:01:23.967,1.49026,1.49044,1.00,1.50
2016.06.30 01:01:24.120,1.49026,1.49047,1.00,1.17
2016.06.30 01:01:24.222,1.49027,1.49047,1.00,1.50
2016.06.30 01:01:24.273,1.49023,1.49044,1.50,1.10
2016.06.30 01:01:24.325,1.49023,1.49041,1.00,1.00
2016.06.30 01:01:24.747,1.4902,1.49041,1.37,1.10
2016.06.30 01:01:24.825,1.49016,1.49038,2.75,1.00
2016.06.30 01:01:26.358,1.49016,1.49038,1.32,1.00
2016.06.30 01:01:26.900,1.4902,1.4904,1.37,1.00
2016.06.30 01:01:27.417,1.49022,1.4904,1.16,1.00
2016.06.30 01:01:28.069,1.49022,1.4904,1.25,1.00
2016.06.30 01:01:29.262,1.49022,1.4904,1.16,1.00
2016.06.30 01:01:30.061,1.49022,1.49044,1.16,1.65
2016.06.30 01:01:30.112,1.49024,1.49044,1.00,1.95
2016.06.30 01:01:30.622,1.49024,1.49044,1.00,1.50
2016.06.30 01:01:30.724,1.49024,1.49044,1.00,1.17
2016.06.30 01:01:31.621,1.49023,1.49044,1.00,1.65
2016.06.30 01:01:31.824,1.49027,1.49044,1.00,1.17
2016.06.30 01:01:31.926,1.49025,1.49044,1.00,1.00
2016.06.30 01:01:32.028,1.49027,1.49046,1.00,1.10
2016.06.30 01:01:32.485,1.49025,1.49047,2.62,1.00
2016.06.30 01:01:32.828,1.49024,1.49041,1.00,1.10
2016.06.30 01:01:32.880,1.49019,1.49041,2.32,1.10
2016.06.30 01:01:33.336,1.49023,1.49041,1.00,1.00
2016.06.30 01:01:33.718,1.49023,1.49043,1.00,1.00
2016.06.30 01:01:34.396,1.49021,1.49041,1.07,1.00
2016.06.30 01:01:34.498,1.4902,1.49041,1.10,1.00
2016.06.30 01:01:35.019,1.49021,1.49041,1.00,1.00
2016.06.30 01:01:35.222,1.49021,1.49043,1.00,1.00
2016.06.30 01:01:36.163,1.49021,1.49044,1.00,1.65
2016.06.30 01:01:36.676,1.49022,1.49044,1.00,1.65
2016.06.30 01:01:37.767,1.49022,1.49043,1.00,1.00
2016.06.30 01:01:42.542,1.49022,1.49041,1.00,1.00
2016.06.30 01:01:43.412,1.49023,1.49041,1.00,1.00
2016.06.30 01:01:45.392,1.49023,1.49039,1.00,1.00
2016.06.30 01:01:45.737,1.49023,1.49041,1.00,1.00
2016.06.30 01:01:46.239,1.49022,1.49041,1.00,1.00
2016.06.30 01:01:47.608,1.49022,1.49042,1.00,1.00
2016.06.30 01:01:48.114,1.49022,1.49041,1.00,1.00
2016.06.30 01:01:51.926,1.4902,1.49041,1.00,1.00
2016.06.30 01:01:53.238,1.49022,1.49041,1.00,1.00
2016.06.30 01:01:53.339,1.4902,1.49041,1.00,1.00
2016.06.30 01:01:53.884,1.49019,1.49041,1.20,1.00
2016.06.30 01:01:54.216,1.49019,1.49039,1.10,1.00
2016.06.30 01:01:55.743,1.49022,1.49041,1.00,1.50
2016.06.30 01:01:56.080,1.49022,1.49043,1.20,1.00
2016.06.30 01:01:57.637,1.49023,1.49043,1.00,1.00
2016.06.30 01:01:58.946,1.49024,1.49043,1.00,1.00
2016.06.30 01:02:00.882,1.49021,1.49043,1.20,1.00
2016.06.30 01:02:01.399,1.49021,1.49042,1.20,1.00
2016.06.30 01:02:02.851,1.49021,1.49042,1.20,1.00
2016.06.30 01:02:03.052,1.49018,1.49027,2.25,1.00
2016.06.30 01:02:03.104,1.49016,1.49031,1.12,1.00
2016.06.30 01:02:03.156,1.49018,1.49027,1.00,1.87
2016.06.30 01:02:03.233,1.49014,1.49023,1.37,1.12
2016.06.30 01:02:03.285,1.49014,1.49022,1.00,1.12
2016.06.30 01:02:03.336,1.49003,1.49024,1.75,1.12
2016.06.30 01:02:03.528,1.49001,1.49024,1.95,1.44
2016.06.30 01:02:06.831,1.49001,1.49018,1.45,1.00
2016.06.30 01:02:07.136,1.48996,1.49014,1.45,1.00
2016.06.30 01:02:07.238,1.48995,1.49014,1.17,1.00
2016.06.30 01:02:07.441,1.48996,1.49016,1.00,1.00
2016.06.30 01:02:07.492,1.48998,1.49016,1.00,1.00
2016.06.30 01:02:08.020,1.48998,1.49016,1.00,1.44
2016.06.30 01:02:09.394,1.48998,1.49016,1.00,1.87
2016.06.30 01:02:10.504,1.48998,1.49016,1.10,1.87
2016.06.30 01:02:11.011,1.48998,1.49016,1.10,1.50
2016.06.30 01:02:13.424,1.48998,1.49018,1.10,1.00
2016.06.30 01:02:13.955,1.48998,1.49016,1.15,1.00
2016.06.30 01:02:16.634,1.48997,1.49018,1.69,1.00
2016.06.30 01:02:19.715,1.48998,1.49015,1.07,1.00
2016.06.30 01:02:20.109,1.48982,1.49004,1.00,1.20
2016.06.30 01:02:20.617,1.48981,1.49004,1.00,1.20
2016.06.30 01:02:24.675,1.48981,1.49005,1.95,1.07
2016.06.30 01:02:24.726,1.48981,1.49006,2.62,1.00
2016.06.30 01:02:24.778,1.48982,1.49008,1.12,1.57
2016.06.30 01:02:25.082,1.48988,1.49008,1.12,1.50
2016.06.30 01:02:25.386,1.48987,1.49008,1.75,1.50
2016.06.30 01:02:26.556,1.48987,1.49007,1.75,1.00
2016.06.30 01:02:30.209,1.48987,1.49004,1.75,1.37
2016.06.30 01:02:30.361,1.48983,1.49005,1.12,1.87
2016.06.30 01:02:30.862,1.48984,1.49005,1.12,1.37
2016.06.30 01:02:31.389,1.48984,1.49005,1.12,1.37
2016.06.30 01:02:31.532,1.48984,1.49005,1.12,1.25
2016.06.30 01:02:32.132,1.48986,1.49008,1.87,1.37
2016.06.30 01:02:33.388,1.48987,1.49008,1.12,1.37
2016.06.30 01:02:36.624,1.48987,1.4901,1.12,1.00
2016.06.30 01:02:36.836,1.48989,1.49011,1.12,1.00
2016.06.30 01:02:36.888,1.48993,1.49014,1.10,1.50
2016.06.30 01:02:37.507,1.48993,1.49015,1.15,1.12
2016.06.30 01:02:38.065,1.48993,1.49011,1.15,1.00
2016.06.30 01:02:38.318,1.4899,1.49008,1.10,1.00
2016.06.30 01:02:38.471,1.48993,1.49012,1.00,1.17
2016.06.30 01:02:38.674,1.48993,1.49013,1.00,1.00
2016.06.30 01:02:39.001,1.48993,1.49011,1.00,1.00
2016.06.30 01:02:39.104,1.4899,1.49011,1.07,1.00
2016.06.30 01:02:40.174,1.4899,1.49009,1.07,1.00
2016.06.30 01:02:40.710,1.4899,1.49009,1.10,1.00
2016.06.30 01:02:42.670,1.4899,1.49007,1.10,1.00
2016.06.30 01:02:42.975,1.4899,1.49009,1.10,1.00
2016.06.30 01:02:43.077,1.4899,1.49013,1.10,1.10
2016.06.30 01:02:43.128,1.4899,1.49011,1.07,1.00
2016.06.30 01:02:43.432,1.48988,1.49004,1.10,1.00
2016.06.30 01:02:43.585,1.48988,1.4901,1.00,1.57
2016.06.30 01:02:43.636,1.48988,1.49007,1.00,1.50
2016.06.30 01:02:43.990,1.48988,1.49,1.00,1.00
2016.06.30 01:02:44.091,1.48988,1.49003,1.00,1.00
2016.06.30 01:02:44.142,1.48991,1.49003,1.00,1.00
2016.06.30 01:02:44.346,1.48989,1.49006,1.10,1.00
2016.06.30 01:02:44.447,1.48989,1.49006,1.20,1.00
2016.06.30 01:02:44.983,1.48989,1.49006,1.07,1.00
2016.06.30 01:02:46.710,1.48989,1.49005,1.07,1.00
2016.06.30 01:02:47.258,1.48989,1.49005,1.00,1.00
2016.06.30 01:02:47.810,1.48989,1.49007,1.00,1.50
2016.06.30 01:02:48.013,1.48989,1.49,1.00,1.00
2016.06.30 01:02:48.395,1.48986,1.49001,1.00,1.00
2016.06.30 01:02:49.377,1.48988,1.49001,1.00,1.00
2016.06.30 01:02:49.580,1.48988,1.49005,1.00,1.00
2016.06.30 01:02:49.943,1.4899,1.49006,1.00,1.00
2016.06.30 01:02:50.916,1.48993,1.49006,1.00,1.00
2016.06.30 01:02:52.602,1.48993,1.4901,1.00,1.00
2016.06.30 01:02:55.804,1.48993,1.49017,1.00,2.62
2016.06.30 01:02:55.925,1.4899,1.49014,1.50,1.00
2016.06.30 01:02:55.976,1.4899,1.49009,1.00,1.00
2016.06.30 01:02:56.281,1.4899,1.49005,1.00,1.00
2016.06.30 01:02:56.332,1.48988,1.49005,1.00,1.00
2016.06.30 01:02:56.878,1.48991,1.49005,1.00,1.00
2016.06.30 01:02:56.929,1.48991,1.49009,1.00,1.00
2016.06.30 01:02:57.031,1.48995,1.49009,1.00,1.00
2016.06.30 01:02:57.234,1.48995,1.49016,1.00,1.50
2016.06.30 01:02:57.538,1.48999,1.49017,1.00,1.00
2016.06.30 01:02:58.090,1.48999,1.49016,1.00,1.00
2016.06.30 01:02:59.922,1.48999,1.49014,1.00,1.00
2016.06.30 01:03:01.995,1.48999,1.49011,1.00,1.00
2016.06.30 01:03:03.142,1.48999,1.4901,1.00,1.00
2016.06.30 01:03:04.799,1.48999,1.49011,1.00,1.00
2016.06.30 01:03:05.002,1.48999,1.49016,1.00,1.00
2016.06.30 01:03:05.372,1.49001,1.49016,1.00,1.00
2016.06.30 01:03:05.423,1.49001,1.49025,1.00,1.95
2016.06.30 01:03:05.934,1.49001,1.49026,1.00,1.50
2016.06.30 01:03:07.571,1.48998,1.49009,1.00,1.00
2016.06.30 01:03:07.622,1.48995,1.49012,1.00,1.00
2016.06.30 01:03:07.724,1.48996,1.4901,1.00,1.00
2016.06.30 01:03:08.142,1.48996,1.49008,1.00,1.00
2016.06.30 01:03:09.116,1.48996,1.49009,1.00,1.00
2016.06.30 01:03:09.728,1.48995,1.49008,1.00,1.00
2016.06.30 01:03:11.327,1.48995,1.49006,1.00,1.00
2016.06.30 01:03:11.911,1.48995,1.49009,1.00,1.00
2016.06.30 01:03:12.443,1.48995,1.49008,1.00,1.00
2016.06.30 01:03:12.646,1.48995,1.49012,1.00,1.44
2016.06.30 01:03:12.849,1.48995,1.49012,1.00,1.01
2016.06.30 01:03:12.951,1.48995,1.49009,1.00,1.00
2016.06.30 01:03:13.940,1.48995,1.49007,1.00,1.00
2016.06.30 01:03:16.230,1.48995,1.49012,1.12,1.25
2016.06.30 01:03:16.909,1.48997,1.49012,1.00,1.25
2016.06.30 01:03:18.816,1.48997,1.49018,1.00,1.37
2016.06.30 01:03:18.867,1.48999,1.49021,1.00,1.45
2016.06.30 01:03:18.969,1.48999,1.49021,1.00,1.15
2016.06.30 01:03:20.945,1.48997,1.49019,1.10,1.00
2016.06.30 01:03:21.300,1.48997,1.49018,1.00,1.12
2016.06.30 01:03:21.554,1.48997,1.49019,1.00,1.20
2016.06.30 01:03:21.821,1.48999,1.49022,1.00,1.75
2016.06.30 01:03:21.872,1.48999,1.49023,1.50,1.17
2016.06.30 01:03:22.598,1.49002,1.49025,1.00,1.50
2016.06.30 01:03:23.236,1.49002,1.49025,1.00,1.20
2016.06.30 01:03:23.558,1.49005,1.49028,1.00,2.62
2016.06.30 01:03:23.725,1.49005,1.49028,1.00,1.65
2016.06.30 01:03:25.246,1.49005,1.49026,1.00,1.00
2016.06.30 01:03:25.348,1.49005,1.49024,1.07,1.37
2016.06.30 01:03:25.400,1.49001,1.49022,1.20,1.50
2016.06.30 01:03:25.502,1.49001,1.49022,1.20,1.00
2016.06.30 01:03:25.807,1.48998,1.49011,1.00,1.00
2016.06.30 01:03:26.435,1.48998,1.49013,1.00,1.00
2016.06.30 01:03:27.368,1.48998,1.49014,1.00,1.00
2016.06.30 01:03:27.763,1.48998,1.49012,1.00,1.00
2016.06.30 01:03:27.969,1.48998,1.49014,1.00,1.00
2016.06.30 01:03:31.681,1.48997,1.49014,1.00,1.00
2016.06.30 01:03:33.359,1.48997,1.49012,1.00,1.00
2016.06.30 01:03:34.786,1.48997,1.49012,1.00,1.19
2016.06.30 01:03:34.837,1.48995,1.49012,1.00,1.19
2016.06.30 01:03:35.091,1.48992,1.49015,1.00,1.47
2016.06.30 01:03:35.613,1.48993,1.49016,1.00,1.52
2016.06.30 01:03:36.291,1.48993,1.49017,1.10,1.55
2016.06.30 01:03:36.350,1.48996,1.49018,1.00,1.57
2016.06.30 01:03:38.271,1.48996,1.49016,1.00,1.47
2016.06.30 01:03:38.322,1.48994,1.49016,1.00,1.47
2016.06.30 01:03:38.475,1.48994,1.49017,1.00,2.25
2016.06.30 01:03:39.272,1.48996,1.49017,1.00,1.95
2016.06.30 01:03:40.127,1.48994,1.49014,1.00,1.44
2016.06.30 01:03:41.985,1.48994,1.49016,1.00,1.82
2016.06.30 01:03:44.295,1.4899,1.49012,1.00,1.47
2016.06.30 01:03:48.095,1.4899,1.49012,1.00,1.20
2016.06.30 01:03:48.525,1.48997,1.49015,1.00,1.12
2016.06.30 01:03:48.627,1.48999,1.49019,1.00,1.00
2016.06.30 01:03:49.798,1.48999,1.49023,1.00,1.37
2016.06.30 01:03:52.303,1.48999,1.49023,1.00,2.62
2016.06.30 01:03:54.381,1.49,1.49023,1.00,2.62
2016.06.30 01:03:55.699,1.49,1.4902,1.00,1.37
2016.06.30 01:03:58.369,1.49,1.49019,1.00,1.37
2016.06.30 01:04:00.399,1.49,1.49019,1.00,1.37
2016.06.30 01:04:00.693,1.48997,1.49019,1.12,1.87
2016.06.30 01:04:01.242,1.48998,1.49018,1.00,1.37
2016.06.30 01:04:01.791,1.48997,1.49018,1.12,1.37
2016.06.30 01:04:01.943,1.48997,1.49018,1.12,1.37
2016.06.30 01:04:02.838,1.48999,1.4902,1.00,1.00
2016.06.30 01:04:04.298,1.48999,1.49017,1.00,1.00
2016.06.30 01:04:05.774,1.49006,1.49025,1.37,1.50
2016.06.30 01:04:05.876,1.49014,1.49029,1.57,1.37
2016.06.30 01:04:05.928,1.49016,1.49036,1.00,1.12
2016.06.30 01:04:06.437,1.49016,1.49037,1.50,1.10
2016.06.30 01:04:06.539,1.49016,1.49037,1.00,1.12
2016.06.30 01:04:06.641,1.49017,1.49042,1.10,1.10
2016.06.30 01:04:09.195,1.4902,1.49045,1.00,1.12
2016.06.30 01:04:11.634,1.4902,1.49046,1.00,3.00
2016.06.30 01:04:12.076,1.4902,1.49045,1.00,1.12
2016.06.30 01:04:13.409,1.4902,1.49045,1.19,2.25
2016.06.30 01:04:16.001,1.49016,1.49042,1.47,2.25
2016.06.30 01:04:16.103,1.49016,1.4904,1.01,1.17
2016.06.30 01:04:17.404,1.49014,1.49038,1.95,1.00
2016.06.30 01:04:17.556,1.49015,1.49038,1.50,1.12
2016.06.30 01:04:17.709,1.49026,1.49049,1.00,1.50
2016.06.30 01:04:17.892,1.49022,1.49049,1.17,1.65
2016.06.30 01:04:17.943,1.4902,1.49048,1.87,1.47
2016.06.30 01:04:17.994,1.4902,1.49046,1.10,1.12
2016.06.30 01:04:18.096,1.49018,1.49044,1.00,1.50
2016.06.30 01:04:18.401,1.49016,1.4904,1.00,1.12
2016.06.30 01:04:19.411,1.49016,1.49041,1.00,2.02
2016.06.30 01:04:19.807,1.49015,1.49035,1.10,1.50
2016.06.30 01:04:20.217,1.49003,1.49023,1.00,1.00
2016.06.30 01:04:20.421,1.48995,1.49018,1.20,1.25
2016.06.30 01:04:20.472,1.48994,1.49016,1.57,1.00
2016.06.30 01:04:20.726,1.48995,1.49021,1.20,1.45
2016.06.30 01:04:22.125,1.48997,1.49026,1.10,2.70
2016.06.30 01:04:22.336,1.48997,1.49026,1.10,1.82
2016.06.30 01:04:22.570,1.49,1.49026,1.00,2.32
2016.06.30 01:04:23.027,1.49,1.49027,1.20,1.47
2016.06.30 01:04:23.332,1.49003,1.49029,1.17,1.57
2016.06.30 01:04:24.410,1.49002,1.49029,1.20,1.57
2016.06.30 01:04:25.717,1.49004,1.49029,1.12,1.37
2016.06.30 01:04:25.920,1.49006,1.49031,1.07,1.37
2016.06.30 01:04:26.225,1.49006,1.49033,1.87,1.50
2016.06.30 01:04:27.223,1.49007,1.49033,1.20,1.37
2016.06.30 01:04:27.536,1.49004,1.49032,1.12,1.50
2016.06.30 01:04:28.044,1.49005,1.49031,1.12,1.37
2016.06.30 01:04:29.242,1.49005,1.49032,1.12,2.25
2016.06.30 01:04:30.549,1.49006,1.49031,1.20,1.37
2016.06.30 01:04:30.651,1.49006,1.49033,1.20,1.47
2016.06.30 01:04:31.647,1.49006,1.49032,1.17,1.37
2016.06.30 01:04:31.793,1.49006,1.49032,1.17,1.37
2016.06.30 01:04:32.320,1.49006,1.49031,1.17,1.37
2016.06.30 01:04:33.147,1.49006,1.49031,1.17,1.37
2016.06.30 01:04:33.805,1.48999,1.49022,1.17,1.25
2016.06.30 01:04:33.958,1.49003,1.49028,1.07,3.82
2016.06.30 01:04:34.466,1.49003,1.49029,1.20,1.45
2016.06.30 01:04:34.669,1.49007,1.49032,1.00,1.75
2016.06.30 01:04:34.907,1.49007,1.49032,1.10,1.07
2016.06.30 01:04:38.056,1.49008,1.49033,1.00,1.57
2016.06.30 01:04:38.292,1.49011,1.49035,1.00,2.32
2016.06.30 01:04:38.576,1.49012,1.49038,1.00,2.62
2016.06.30 01:04:38.779,1.49014,1.49038,1.00,2.62
2016.06.30 01:04:38.881,1.49014,1.49038,1.00,1.87
2016.06.30 01:04:40.089,1.49023,1.4904,1.00,1.75
2016.06.30 01:04:40.191,1.49027,1.49046,1.00,1.75
2016.06.30 01:04:40.242,1.49027,1.49051,1.00,5.32
2016.06.30 01:04:40.293,1.49027,1.49051,1.10,1.37
2016.06.30 01:04:40.650,1.49027,1.49048,1.10,1.00
2016.06.30 01:04:42.063,1.49028,1.49048,1.00,1.00
2016.06.30 01:04:42.702,1.49027,1.49049,1.00,2.32
2016.06.30 01:04:42.754,1.49024,1.49047,1.57,1.10
2016.06.30 01:04:43.264,1.49025,1.49047,1.00,1.10
2016.06.30 01:04:44.200,1.49025,1.49046,1.00,1.00
2016.06.30 01:04:44.735,1.49026,1.49049,1.00,1.50
2016.06.30 01:04:45.040,1.49026,1.4905,1.00,1.57
2016.06.30 01:04:46.251,1.49026,1.4905,1.00,1.12
2016.06.30 01:04:46.353,1.49027,1.49052,1.00,1.12
2016.06.30 01:04:46.809,1.49029,1.49053,1.00,1.12
2016.06.30 01:04:49.685,1.49027,1.49052,1.50,1.50
2016.06.30 01:04:51.181,1.49028,1.49053,1.00,1.12
2016.06.30 01:04:51.603,1.4903,1.49053,1.00,1.12
2016.06.30 01:04:54.823,1.49026,1.49052,1.10,1.12
2016.06.30 01:04:55.992,1.49028,1.49051,1.00,1.50
2016.06.30 01:04:56.144,1.49024,1.49051,1.20,1.87
2016.06.30 01:04:56.671,1.49025,1.49046,1.00,1.19
2016.06.30 01:04:56.722,1.49022,1.49046,1.65,1.19
2016.06.30 01:04:57.251,1.49022,1.49048,1.00,3.37
2016.06.30 01:04:59.582,1.49029,1.49048,1.00,2.19
2016.06.30 01:04:59.786,1.49034,1.49057,1.00,1.01
2016.06.30 01:04:59.837,1.49031,1.49057,2.25,1.09
2016.06.30 01:04:59.889,1.49033,1.49056,1.50,1.75
2016.06.30 01:05:00.054,1.49028,1.49052,1.12,1.50
2016.06.30 01:05:00.129,1.49025,1.4905,1.47,1.45
2016.06.30 01:05:00.180,1.49023,1.49045,1.07,1.00
2016.06.30 01:05:00.383,1.49016,1.49041,1.50,1.57
2016.06.30 01:05:00.435,1.49011,1.49041,1.45,3.00
2016.06.30 01:05:00.536,1.4901,1.49039,1.57,1.31
2016.06.30 01:05:01.067,1.49011,1.4904,1.20,1.50
2016.06.30 01:05:01.118,1.49013,1.4904,1.37,1.50
2016.06.30 01:05:01.349,1.49014,1.49045,1.87,1.12
2016.06.30 01:05:01.452,1.49018,1.49043,1.00,1.87
2016.06.30 01:05:01.670,1.49018,1.49045,1.00,1.12
2016.06.30 01:05:02.338,1.49021,1.49044,1.00,1.50
2016.06.30 01:05:02.845,1.49021,1.49046,1.00,1.87
2016.06.30 01:05:04.254,1.4902,1.49046,1.50,2.62
2016.06.30 01:05:04.595,1.4902,1.49046,1.50,1.50
2016.06.30 01:05:05.104,1.49021,1.49047,1.00,2.00
2016.06.30 01:05:05.714,1.49027,1.49048,1.00,2.44
2016.06.30 01:05:06.052,1.49042,1.49061,1.12,1.00
2016.06.30 01:05:06.154,1.49039,1.49062,1.75,1.37
2016.06.30 01:05:06.256,1.49037,1.49062,1.87,1.37
2016.06.30 01:05:06.789,1.49037,1.49061,1.87,1.37
2016.06.30 01:05:06.942,1.49034,1.49059,3.00,1.37
2016.06.30 01:05:07.451,1.49034,1.4906,1.95,1.45
2016.06.30 01:05:07.705,1.49034,1.49061,2.62,1.47
2016.06.30 01:05:08.920,1.49035,1.4906,1.95,1.37
2016.06.30 01:05:09.225,1.49036,1.4906,3.37,1.37
2016.06.30 01:05:10.187,1.49038,1.49061,1.17,1.87
2016.06.30 01:05:10.594,1.49038,1.49062,1.12,1.87
2016.06.30 01:05:11.101,1.49038,1.49062,1.12,2.62
2016.06.30 01:05:11.498,1.49037,1.4906,2.25,1.37
2016.06.30 01:05:11.672,1.49036,1.49059,1.82,1.37
2016.06.30 01:05:12.562,1.49032,1.49059,2.40,2.77
2016.06.30 01:05:12.756,1.49032,1.49057,4.12,1.87
2016.06.30 01:05:13.010,1.49034,1.4906,1.17,2.70
2016.06.30 01:05:13.112,1.49036,1.4906,1.12,2.25
2016.06.30 01:05:13.416,1.49036,1.49058,1.87,1.00
2016.06.30 01:05:13.671,1.49037,1.49061,1.07,1.00
2016.06.30 01:05:13.773,1.49039,1.49061,1.12,1.00
2016.06.30 01:05:14.075,1.49038,1.49058,1.12,1.00
2016.06.30 01:05:15.317,1.49037,1.49058,1.50,1.00
2016.06.30 01:05:15.548,1.49038,1.4906,1.57,1.00
2016.06.30 01:05:16.260,1.49037,1.49058,1.50,1.00
2016.06.30 01:05:16.311,1.49035,1.49058,1.92,1.00
2016.06.30 01:05:16.978,1.49034,1.49059,2.77,1.00
2016.06.30 01:05:17.261,1.49036,1.49058,1.50,1.12
2016.06.30 01:05:17.464,1.49034,1.49056,1.00,1.20
2016.06.30 01:05:17.617,1.49033,1.49054,1.12,1.12
2016.06.30 01:05:17.718,1.49033,1.49056,1.12,1.07
2016.06.30 01:05:18.051,1.49031,1.49055,1.57,1.17
2016.06.30 01:05:18.255,1.49029,1.49053,1.47,1.17
2016.06.30 01:05:18.781,1.49028,1.49053,1.20,1.50
2016.06.30 01:05:19.113,1.49023,1.49049,1.57,1.07
2016.06.30 01:05:19.927,1.49023,1.49049,1.12,1.50
2016.06.30 01:05:20.433,1.49021,1.49046,1.15,1.50
2016.06.30 01:05:20.484,1.49021,1.49046,1.10,1.95
2016.06.30 01:05:20.923,1.49021,1.49047,1.20,1.50
2016.06.30 01:05:22.856,1.49021,1.49045,1.20,1.00
2016.06.30 01:05:23.305,1.4902,1.49042,1.12,1.00
2016.06.30 01:05:23.691,1.49016,1.49041,1.87,1.00
2016.06.30 01:05:24.503,1.49018,1.49041,1.17,1.37
2016.06.30 01:05:24.605,1.49016,1.49037,1.12,1.37
2016.06.30 01:05:24.656,1.49012,1.49037,1.87,2.02
2016.06.30 01:05:25.192,1.49012,1.49036,1.00,1.45
2016.06.30 01:05:25.395,1.49012,1.49037,1.00,1.52
2016.06.30 01:05:25.902,1.49013,1.4904,1.57,1.87
2016.06.30 01:05:25.953,1.49013,1.4904,3.00,1.20
2016.06.30 01:05:26.055,1.49013,1.4904,1.20,2.25
2016.06.30 01:05:26.397,1.49023,1.49046,1.00,1.87
2016.06.30 01:05:26.956,1.49023,1.49046,1.00,1.20
2016.06.30 01:05:31.047,1.49025,1.49046,1.00,1.20
2016.06.30 01:05:31.859,1.49027,1.49046,1.00,1.39
2016.06.30 01:05:32.012,1.49029,1.49052,1.57,1.01
2016.06.30 01:05:32.204,1.49031,1.49053,1.75,1.00
2016.06.30 01:05:32.255,1.49028,1.49053,1.00,1.17
2016.06.30 01:05:32.357,1.49028,1.4905,1.10,1.00
2016.06.30 01:05:32.460,1.49024,1.49049,1.17,1.65
2016.06.30 01:05:32.563,1.49027,1.49048,1.00,1.12
2016.06.30 01:05:32.716,1.49026,1.49049,1.00,2.70
2016.06.30 01:05:33.208,1.4902,1.49046,1.57,1.20
2016.06.30 01:05:33.432,1.4902,1.49046,1.20,1.59
2016.06.30 01:05:33.851,1.49019,1.49043,1.15,1.19
2016.06.30 01:05:34.758,1.49021,1.49047,1.00,1.87
2016.06.30 01:05:34.962,1.49022,1.49048,1.10,1.17
2016.06.30 01:05:35.013,1.49024,1.49048,1.10,1.00
2016.06.30 01:05:35.520,1.49024,1.49049,1.17,2.25
2016.06.30 01:05:37.603,1.49028,1.49049,1.00,1.12
2016.06.30 01:05:38.006,1.49033,1.49058,1.87,5.47
2016.06.30 01:05:38.517,1.49033,1.49049,1.12,1.00
2016.06.30 01:05:38.671,1.49021,1.49041,1.12,1.00
2016.06.30 01:05:38.722,1.49019,1.49041,1.10,1.00
2016.06.30 01:05:38.926,1.49017,1.49041,1.10,1.00
2016.06.30 01:05:39.434,1.49018,1.49041,1.00,1.00
2016.06.30 01:05:39.536,1.49017,1.4904,1.10,1.37
2016.06.30 01:05:39.740,1.49013,1.49037,1.00,1.17
2016.06.30 01:05:40.006,1.49011,1.49037,1.10,1.00
2016.06.30 01:05:40.464,1.49011,1.49037,1.20,1.17
2016.06.30 01:05:42.047,1.49013,1.49037,1.47,1.17
2016.06.30 01:05:42.376,1.4902,1.49044,1.00,1.95
2016.06.30 01:05:42.680,1.49018,1.49042,1.00,1.45
2016.06.30 01:05:42.883,1.49013,1.49038,1.45,1.00
2016.06.30 01:05:43.035,1.49011,1.49038,1.00,2.25
2016.06.30 01:05:43.593,1.49011,1.49037,1.07,1.95
2016.06.30 01:05:43.768,1.49009,1.4903,1.07,1.00
2016.06.30 01:05:43.922,1.49006,1.4903,1.32,1.00
2016.06.30 01:05:44.176,1.49007,1.49035,1.54,2.40
2016.06.30 01:05:44.229,1.49009,1.49035,1.12,1.65
2016.06.30 01:05:45.101,1.49011,1.49035,1.61,1.00
2016.06.30 01:05:46.215,1.49009,1.49035,1.62,1.07
2016.06.30 01:05:46.330,1.49009,1.49035,1.50,1.07
2016.06.30 01:05:47.941,1.49009,1.49035,2.00,1.07
2016.06.30 01:05:50.253,1.4901,1.49033,1.00,1.00
2016.06.30 01:05:50.595,1.49011,1.49032,1.50,1.12
2016.06.30 01:05:50.748,1.49002,1.49024,2.25,1.20
2016.06.30 01:05:50.850,1.48997,1.49018,1.00,1.20
2016.06.30 01:05:51.155,1.48991,1.49015,2.07,1.17
2016.06.30 01:05:51.257,1.48993,1.49017,1.20,1.00
2016.06.30 01:05:51.308,1.48991,1.49015,2.25,1.00
2016.06.30 01:05:51.359,1.48991,1.49015,1.20,1.07
2016.06.30 01:05:51.461,1.48988,1.49012,1.20,1.00
2016.06.30 01:05:51.780,1.48989,1.49012,1.12,1.00
2016.06.30 01:05:51.934,1.48986,1.49012,1.87,1.00
2016.06.30 01:05:52.543,1.48993,1.49015,1.00,1.20
2016.06.30 01:05:52.696,1.48994,1.49018,1.87,1.00
2016.06.30 01:05:55.648,1.48993,1.49018,3.00,1.87
2016.06.30 01:05:55.902,1.48991,1.49016,1.20,1.10
2016.06.30 01:05:56.003,1.4899,1.49016,1.17,1.20
2016.06.30 01:05:56.307,1.4899,1.49016,1.57,1.10
2016.06.30 01:05:56.832,1.4899,1.49016,1.17,1.10
2016.06.30 01:05:56.883,1.48989,1.49016,1.57,1.87
2016.06.30 01:05:57.188,1.48989,1.49016,2.40,1.15
2016.06.30 01:05:57.964,1.48992,1.49017,1.17,1.00
2016.06.30 01:05:58.299,1.49003,1.49025,1.57,1.00
2016.06.30 01:05:58.755,1.49003,1.49025,1.12,1.00
2016.06.30 01:05:58.958,1.49002,1.49025,1.65,1.37
2016.06.30 01:05:59.211,1.49001,1.49024,1.00,1.12
2016.06.30 01:05:59.765,1.49001,1.49024,1.50,1.50
2016.06.30 01:06:00.727,1.49001,1.49025,1.25,1.50
2016.06.30 01:06:00.778,1.49001,1.49025,1.37,1.50
2016.06.30 01:06:00.830,1.49002,1.49028,1.50,1.10
2016.06.30 01:06:00.881,1.49003,1.49028,1.57,1.10
2016.06.30 01:06:01.902,1.49006,1.4903,1.45,1.10
2016.06.30 01:06:02.496,1.49006,1.4903,1.95,1.10
2016.06.30 01:06:03.749,1.49013,1.49032,1.44,1.20
2016.06.30 01:06:03.800,1.49013,1.49035,1.59,1.50
2016.06.30 01:06:03.851,1.49017,1.49039,1.37,2.02
2016.06.30 01:06:03.953,1.49019,1.49044,1.39,1.57
2016.06.30 01:06:04.055,1.49019,1.49044,1.76,1.20
2016.06.30 01:06:04.570,1.49018,1.49044,2.70,1.17
2016.06.30 01:06:07.241,1.49019,1.49044,1.57,1.10
2016.06.30 01:06:07.849,1.49018,1.49044,1.09,1.10
2016.06.30 01:06:08.624,1.49018,1.49044,1.09,1.17
2016.06.30 01:06:08.928,1.49012,1.49032,1.44,1.00
2016.06.30 01:06:08.980,1.49012,1.49032,1.00,1.00
2016.06.30 01:06:09.487,1.49011,1.49032,1.00,1.00
2016.06.30 01:06:09.988,1.49009,1.49032,1.76,1.10
2016.06.30 01:06:13.262,1.49009,1.49032,1.60,1.00
2016.06.30 01:06:13.596,1.49011,1.49032,1.12,1.00
2016.06.30 01:06:14.495,1.49011,1.49034,1.12,1.00
2016.06.30 01:06:15.630,1.49011,1.49036,1.87,2.62
2016.06.30 01:06:15.681,1.49023,1.49037,1.75,1.50
2016.06.30 01:06:15.834,1.49023,1.49045,2.44,1.00
2016.06.30 01:06:15.885,1.49025,1.49045,1.87,1.00
2016.06.30 01:06:16.139,1.49025,1.49045,1.17,1.00
2016.06.30 01:06:16.291,1.49023,1.49044,1.12,1.37
2016.06.30 01:06:16.342,1.4902,1.49044,1.57,1.37
2016.06.30 01:06:16.393,1.49019,1.49044,1.12,1.25
2016.06.30 01:06:16.445,1.49017,1.49041,1.79,1.00
2016.06.30 01:06:16.699,1.49016,1.49041,1.57,1.00
2016.06.30 01:06:16.801,1.49021,1.49041,1.12,1.00
2016.06.30 01:06:17.047,1.49021,1.49043,1.12,1.50
2016.06.30 01:06:17.251,1.49019,1.49043,1.45,1.00
2016.06.30 01:06:17.353,1.4902,1.49043,1.75,1.00
2016.06.30 01:06:17.664,1.49022,1.49043,1.12,1.00
2016.06.30 01:06:18.090,1.49021,1.49043,1.87,1.37
2016.06.30 01:06:18.193,1.49021,1.4904,1.12,1.44
2016.06.30 01:06:18.674,1.49023,1.4904,1.12,1.44
2016.06.30 01:06:18.777,1.49021,1.4904,1.75,1.44
2016.06.30 01:06:18.879,1.49023,1.4904,1.12,1.00
2016.06.30 01:06:19.389,1.49022,1.49043,1.12,1.37
2016.06.30 01:06:19.709,1.49022,1.49043,1.12,1.19
2016.06.30 01:06:20.244,1.49022,1.49043,1.12,1.19
2016.06.30 01:06:20.396,1.49024,1.49043,1.12,1.19
2016.06.30 01:06:20.912,1.49025,1.49043,1.12,1.00
2016.06.30 01:06:21.416,1.49028,1.49048,1.12,1.00
2016.06.30 01:06:21.671,1.49029,1.49051,1.75,1.50
2016.06.30 01:06:22.199,1.4903,1.49051,1.57,1.00
2016.06.30 01:06:23.601,1.49029,1.49051,1.50,1.00
2016.06.30 01:06:24.084,1.49029,1.49051,1.50,1.44
2016.06.30 01:06:24.390,1.49029,1.49051,1.12,1.44
2016.06.30 01:06:24.707,1.49028,1.49051,1.75,1.44
2016.06.30 01:06:26.294,1.49028,1.49048,1.75,1.00
2016.06.30 01:06:26.808,1.49027,1.49048,1.95,1.25
2016.06.30 01:06:28.815,1.49029,1.49048,1.00,1.37
2016.06.30 01:06:29.762,1.49026,1.49048,1.20,1.37
2016.06.30 01:06:30.016,1.49025,1.49048,1.57,1.00
2016.06.30 01:06:30.270,1.49033,1.49048,1.00,1.00
2016.06.30 01:06:30.891,1.49033,1.4905,1.00,1.25
2016.06.30 01:06:31.046,1.49035,1.4905,1.00,1.25
2016.06.30 01:06:31.148,1.49031,1.4905,1.00,1.37
2016.06.30 01:06:31.675,1.4903,1.49049,1.00,1.20
2016.06.30 01:06:32.156,1.49032,1.49049,1.00,1.20
2016.06.30 01:06:32.735,1.49029,1.49049,1.00,1.20
2016.06.30 01:06:32.788,1.49029,1.4905,1.00,1.87
2016.06.30 01:06:33.499,1.4903,1.4905,1.00,1.87
2016.06.30 01:06:33.985,1.49028,1.4905,1.57,1.87
2016.06.30 01:06:34.219,1.49022,1.49045,1.00,1.47
2016.06.30 01:06:34.372,1.49022,1.49037,1.00,1.12
2016.06.30 01:06:34.625,1.49005,1.49028,1.55,1.37
2016.06.30 01:06:34.727,1.49006,1.49031,1.12,1.19
2016.06.30 01:06:35.032,1.49011,1.49031,1.07,1.19
2016.06.30 01:06:35.539,1.49013,1.49031,1.00,1.00
2016.06.30 01:06:35.590,1.49013,1.49033,1.00,2.25
2016.06.30 01:06:36.129,1.49009,1.49033,1.57,2.62
2016.06.30 01:06:37.008,1.49009,1.49033,1.20,1.50
2016.06.30 01:06:37.538,1.4901,1.49033,1.20,1.37
2016.06.30 01:06:37.842,1.49009,1.49033,1.87,1.87
2016.06.30 01:06:38.365,1.49009,1.49033,1.20,1.87
2016.06.30 01:06:38.518,1.49009,1.4903,1.20,1.12
2016.06.30 01:06:38.998,1.49009,1.4903,1.87,1.37
2016.06.30 01:06:39.151,1.49011,1.4903,1.12,1.00
2016.06.30 01:06:39.670,1.4901,1.49032,1.87,1.19
2016.06.30 01:06:40.691,1.4901,1.49032,1.87,1.00
2016.06.30 01:06:42.555,1.49012,1.49032,1.10,1.00
2016.06.30 01:06:42.657,1.49009,1.49031,1.17,2.62
2016.06.30 01:06:42.964,1.49003,1.49024,1.00,1.37
2016.06.30 01:06:43.167,1.4901,1.49029,1.10,1.50
2016.06.30 01:06:43.347,1.4901,1.49032,1.10,1.00
2016.06.30 01:06:43.398,1.49011,1.49032,1.12,1.00
2016.06.30 01:06:43.499,1.4901,1.49032,2.25,1.00
2016.06.30 01:06:44.381,1.49009,1.49032,1.95,1.00
2016.06.30 01:06:44.636,1.49008,1.49032,1.46,1.00
2016.06.30 01:06:44.788,1.4901,1.49032,1.00,1.17
2016.06.30 01:06:45.288,1.49008,1.49032,1.20,1.09
2016.06.30 01:06:45.797,1.49009,1.49032,1.10,1.01
2016.06.30 01:06:47.069,1.4901,1.49032,1.00,1.01
2016.06.30 01:06:47.272,1.49012,1.49032,1.00,1.25
2016.06.30 01:06:47.576,1.4901,1.49032,1.00,1.00
2016.06.30 01:06:47.931,1.4901,1.49032,1.00,1.95
2016.06.30 01:06:48.721,1.49009,1.4903,1.00,1.10
2016.06.30 01:06:51.806,1.4901,1.4903,1.00,1.00
2016.06.30 01:06:53.119,1.4901,1.49032,1.00,1.25
2016.06.30 01:06:53.704,1.49009,1.49032,1.57,1.25
2016.06.30 01:06:53.806,1.49011,1.49032,1.00,1.25
2016.06.30 01:06:53.907,1.49009,1.49031,1.00,1.00
2016.06.30 01:06:54.214,1.49006,1.49031,1.65,1.36
2016.06.30 01:06:54.315,1.49009,1.49031,1.00,1.36
2016.06.30 01:06:55.159,1.4901,1.49031,1.00,1.25
2016.06.30 01:06:56.360,1.49008,1.49031,1.00,1.25
2016.06.30 01:06:56.411,1.49008,1.49031,1.00,1.39
2016.06.30 01:06:56.614,1.49006,1.49031,1.57,1.39
2016.06.30 01:06:56.717,1.49005,1.49027,1.76,1.00
2016.06.30 01:06:56.971,1.48998,1.49024,1.20,1.55
2016.06.30 01:06:57.072,1.48998,1.49024,1.00,1.57
2016.06.30 01:06:57.690,1.48997,1.49024,1.10,1.57
2016.06.30 01:06:57.980,1.48997,1.49024,1.10,1.57
2016.06.30 01:06:58.798,1.48999,1.49021,1.00,1.47
2016.06.30 01:06:59.769,1.48999,1.49021,1.00,1.47
2016.06.30 01:06:59.820,1.48995,1.49021,1.27,1.47
2016.06.30 01:07:00.175,1.48996,1.49018,1.10,1.37
2016.06.30 01:07:00.430,1.48991,1.49013,1.95,1.37
2016.06.30 01:07:00.481,1.48989,1.49013,1.00,1.57
2016.06.30 01:07:00.930,1.48991,1.49014,1.00,2.32
2016.06.30 01:07:01.237,1.48994,1.49014,1.10,1.37
2016.06.30 01:07:01.644,1.48989,1.49008,1.85,1.00
2016.06.30 01:07:01.695,1.48986,1.49008,1.12,1.00
2016.06.30 01:07:01.760,1.48986,1.49008,1.12,1.37
2016.06.30 01:07:02.090,1.48988,1.49008,1.12,1.37
2016.06.30 01:07:02.260,1.48988,1.49008,1.12,1.00
2016.06.30 01:07:02.894,1.48987,1.49008,1.95,1.00
2016.06.30 01:07:03.432,1.48985,1.49008,2.32,1.00
2016.06.30 01:07:05.971,1.48985,1.49008,1.65,1.00
2016.06.30 01:07:06.293,1.48987,1.49005,1.00,1.00
2016.06.30 01:07:06.448,1.4898,1.49003,1.45,1.37
2016.06.30 01:07:06.499,1.48979,1.49003,2.77,1.37
2016.06.30 01:07:06.740,1.4898,1.49003,1.87,1.00
2016.06.30 01:07:07.046,1.48984,1.49,1.00,1.37
2016.06.30 01:07:07.148,1.48978,1.49,1.00,1.50
2016.06.30 01:07:07.201,1.48981,1.49,1.00,1.57
2016.06.30 01:07:07.304,1.48982,1.49,1.00,1.00
2016.06.30 01:07:08.087,1.48982,1.49003,1.00,1.87
2016.06.30 01:07:09.144,1.48982,1.49003,1.00,1.12
2016.06.30 01:07:09.846,1.48982,1.48999,1.00,1.00
2016.06.30 01:07:09.897,1.48982,1.48999,1.00,1.12
2016.06.30 01:07:10.050,1.48972,1.48994,1.12,1.17
2016.06.30 01:07:10.456,1.48972,1.48995,1.00,1.12
2016.06.30 01:07:10.609,1.4897,1.48991,1.00,1.00
2016.06.30 01:07:10.913,1.48966,1.4899,1.17,1.00
2016.06.30 01:07:11.080,1.48966,1.48988,1.00,1.20
2016.06.30 01:07:11.131,1.48961,1.48988,1.20,2.62
2016.06.30 01:07:11.436,1.48961,1.48988,1.85,1.50
2016.06.30 01:07:11.487,1.48963,1.48989,1.20,1.50
2016.06.30 01:07:11.589,1.48963,1.4899,2.32,1.57
2016.06.30 01:07:12.349,1.48964,1.48986,1.10,1.00
2016.06.30 01:07:13.577,1.48967,1.48988,1.00,1.07
2016.06.30 01:07:13.882,1.48962,1.48986,1.50,1.12
2016.06.30 01:07:14.550,1.4896,1.48984,1.00,1.20
2016.06.30 01:07:15.031,1.48962,1.48984,2.25,1.20
2016.06.30 01:07:15.082,1.48964,1.48989,1.00,1.50
2016.06.30 01:07:15.286,1.48966,1.4899,1.10,1.20
2016.06.30 01:07:15.768,1.48967,1.48985,1.00,1.00
2016.06.30 01:07:15.972,1.48967,1.48987,1.00,1.50
2016.06.30 01:07:17.139,1.48967,1.48988,1.00,1.12
2016.06.30 01:07:17.190,1.48968,1.48991,1.87,1.50
2016.06.30 01:07:17.241,1.48968,1.48992,2.25,1.10
2016.06.30 01:07:17.292,1.48969,1.48992,1.37,1.50
2016.06.30 01:07:17.496,1.48967,1.48992,1.00,1.50
2016.06.30 01:07:19.031,1.48963,1.48989,1.10,2.25
2016.06.30 01:07:19.539,1.48964,1.48989,1.10,2.32
2016.06.30 01:07:20.157,1.48965,1.48989,1.00,3.82
2016.06.30 01:07:21.525,1.48964,1.48986,1.10,1.00
2016.06.30 01:07:21.982,1.48966,1.48989,1.00,2.25
2016.06.30 01:07:23.940,1.48963,1.48987,2.32,1.17
2016.06.30 01:07:24.448,1.48963,1.48987,1.00,1.50
2016.06.30 01:07:24.822,1.48963,1.48984,1.00,1.17
2016.06.30 01:07:25.655,1.48965,1.48984,1.00,1.17
2016.06.30 01:07:26.185,1.48965,1.48982,1.00,1.00
2016.06.30 01:07:26.725,1.48965,1.48983,1.00,1.50
2016.06.30 01:07:27.526,1.48965,1.48981,1.00,1.00
2016.06.30 01:07:28.117,1.48965,1.4898,1.00,1.00
2016.06.30 01:07:29.929,1.48965,1.4898,3.37,1.00
2016.06.30 01:07:30.513,1.48967,1.4898,1.10,1.00
2016.06.30 01:07:31.021,1.48968,1.4898,1.00,1.00
2016.06.30 01:07:31.072,1.48968,1.48982,1.00,1.00
2016.06.30 01:07:31.796,1.48968,1.48982,1.17,1.00
2016.06.30 01:07:32.138,1.48968,1.48984,1.17,1.00
2016.06.30 01:07:32.653,1.48968,1.48984,1.00,1.00
2016.06.30 01:07:33.423,1.48968,1.48985,1.00,1.00
2016.06.30 01:07:33.747,1.48971,1.48985,1.75,1.00
2016.06.30 01:07:33.799,1.48969,1.4899,3.07,1.00
2016.06.30 01:07:33.850,1.48969,1.48992,2.32,1.37
2016.06.30 01:07:33.901,1.48969,1.48995,3.07,1.47
2016.06.30 01:07:34.005,1.48972,1.48998,1.07,3.45
2016.06.30 01:07:34.209,1.48971,1.48996,2.32,1.37
2016.06.30 01:07:34.311,1.48975,1.48995,1.00,1.37
2016.06.30 01:07:34.567,1.48967,1.48986,1.00,1.37
2016.06.30 01:07:34.619,1.48964,1.48986,1.20,1.37
2016.06.30 01:07:35.166,1.48963,1.48985,1.50,1.37
2016.06.30 01:07:35.510,1.48963,1.48987,2.25,1.57
2016.06.30 01:07:35.664,1.48967,1.4899,1.00,1.57
2016.06.30 01:07:35.968,1.48971,1.4899,1.00,1.87
2016.06.30 01:07:36.664,1.48973,1.4899,1.00,1.37
2016.06.30 01:07:36.767,1.48968,1.4899,2.17,1.37
2016.06.30 01:07:36.877,1.4897,1.48991,1.20,1.37
2016.06.30 01:07:37.130,1.48972,1.48993,1.10,1.62
2016.06.30 01:07:37.290,1.48973,1.48993,1.07,1.62
2016.06.30 01:07:37.445,1.48976,1.48994,1.00,1.62
2016.06.30 01:07:37.637,1.48976,1.48994,1.12,1.00
2016.06.30 01:07:37.688,1.48978,1.49003,1.20,1.32
2016.06.30 01:07:37.739,1.4898,1.49005,1.57,2.07
2016.06.30 01:07:38.246,1.48981,1.49005,1.00,1.32
2016.06.30 01:07:39.400,1.4898,1.49004,2.32,1.20
2016.06.30 01:07:39.919,1.4898,1.49005,2.40,1.12
2016.06.30 01:07:41.556,1.4898,1.49005,2.40,1.12
2016.06.30 01:07:42.742,1.48978,1.49003,1.50,2.37
2016.06.30 01:07:42.843,1.48975,1.48997,1.50,1.87
2016.06.30 01:07:42.945,1.48976,1.49,1.12,1.27
2016.06.30 01:07:43.351,1.48972,1.48995,1.57,1.00
2016.06.30 01:07:43.452,1.48972,1.48998,2.70,1.60
2016.06.30 01:07:43.554,1.48972,1.48996,1.50,1.50
2016.06.30 01:07:43.605,1.48972,1.48996,1.12,1.62
2016.06.30 01:07:44.148,1.48972,1.48996,1.50,1.32
2016.06.30 01:07:44.650,1.48972,1.48996,1.65,1.12
2016.06.30 01:07:44.757,1.48974,1.48996,1.00,1.12
2016.06.30 01:07:45.062,1.48978,1.49002,1.65,1.50
2016.06.30 01:07:49.448,1.48978,1.49002,1.57,1.25
2016.06.30 01:07:49.752,1.48979,1.49005,1.07,2.20
2016.06.30 01:07:50.143,1.4898,1.49006,1.10,1.95
2016.06.30 01:07:50.194,1.48982,1.49006,1.00,1.45
2016.06.30 01:07:50.499,1.48985,1.49008,1.00,1.45
2016.06.30 01:07:50.703,1.48985,1.49011,1.00,3.00
2016.06.30 01:07:51.104,1.48982,1.49005,1.50,1.00
2016.06.30 01:07:51.612,1.48983,1.49008,1.10,1.50
2016.06.30 01:07:52.171,1.48983,1.49008,1.10,1.20
2016.06.30 01:07:54.665,1.48984,1.49008,1.00,1.57
2016.06.30 01:07:55.299,1.48985,1.49009,1.00,2.62
2016.06.30 01:07:55.829,1.48982,1.49008,1.65,1.57
2016.06.30 01:07:55.880,1.48982,1.49007,1.57,1.01
2016.06.30 01:07:56.084,1.4898,1.49004,1.12,1.10
2016.06.30 01:07:56.448,1.4898,1.49004,1.12,1.47
2016.06.30 01:07:56.803,1.48979,1.49,1.37,1.00
2016.06.30 01:07:56.869,1.48979,1.49004,1.50,1.00
2016.06.30 01:07:57.021,1.48979,1.49004,1.95,1.12
2016.06.30 01:07:57.072,1.48979,1.49004,1.57,1.20
2016.06.30 01:07:57.618,1.48979,1.49004,1.50,1.75
2016.06.30 01:07:59.204,1.48977,1.49004,1.00,2.00
2016.06.30 01:07:59.764,1.48977,1.49001,1.50,1.17
2016.06.30 01:08:01.149,1.48977,1.48999,1.00,1.00
2016.06.30 01:08:02.214,1.48976,1.48999,1.00,1.00
2016.06.30 01:08:02.518,1.48978,1.49003,1.10,1.45
2016.06.30 01:08:02.825,1.48978,1.49004,1.50,1.95
2016.06.30 01:08:03.356,1.48981,1.49003,1.00,1.57
2016.06.30 01:08:04.532,1.48979,1.49003,1.69,1.57
2016.06.30 01:08:07.234,1.48979,1.49003,1.50,1.57
2016.06.30 01:08:07.657,1.48982,1.49006,1.10,1.01
2016.06.30 01:08:07.708,1.48982,1.49007,1.10,1.76
2016.06.30 01:08:08.242,1.48982,1.49007,1.20,1.39
2016.06.30 01:08:09.246,1.48982,1.49005,1.20,1.00
2016.06.30 01:08:10.034,1.48982,1.49007,1.20,1.39
2016.06.30 01:08:11.674,1.48982,1.49007,1.20,1.57
2016.06.30 01:08:12.444,1.48982,1.49007,1.20,1.57
2016.06.30 01:08:12.882,1.48982,1.49007,1.20,1.39
2016.06.30 01:08:13.444,1.48981,1.49007,2.70,1.84
2016.06.30 01:08:14.514,1.48981,1.48998,2.70,1.00
2016.06.30 01:08:14.849,1.48978,1.48997,1.10,1.37
2016.06.30 01:08:17.044,1.48978,1.48996,1.10,1.00
2016.06.30 01:08:17.095,1.48978,1.48998,1.10,1.00
2016.06.30 01:08:17.147,1.48978,1.49004,1.57,1.47
2016.06.30 01:08:17.198,1.48978,1.49004,1.57,1.17
2016.06.30 01:08:17.249,1.48978,1.49004,1.87,1.17
2016.06.30 01:08:17.659,1.48978,1.49001,1.20,1.00
2016.06.30 01:08:17.943,1.48978,1.49004,1.95,1.17
2016.06.30 01:08:19.282,1.48978,1.49004,3.75,1.07
2016.06.30 01:08:20.323,1.4898,1.49004,1.95,1.00
2016.06.30 01:08:20.425,1.48981,1.49004,1.45,1.00
2016.06.30 01:08:20.780,1.48981,1.49005,1.20,1.07
2016.06.30 01:08:21.393,1.48981,1.49005,1.27,1.10
2016.06.30 01:08:24.252,1.4898,1.49004,1.95,1.00
2016.06.30 01:08:24.759,1.4898,1.49006,1.20,1.07
2016.06.30 01:08:25.484,1.48981,1.49006,1.20,1.10
2016.06.30 01:08:25.546,1.48981,1.49006,1.20,1.47
2016.06.30 01:08:27.950,1.48981,1.49006,1.20,1.85
2016.06.30 01:08:28.468,1.48981,1.49005,1.20,1.50
2016.06.30 01:08:28.984,1.48981,1.49005,1.20,1.75
2016.06.30 01:08:29.087,1.4898,1.49004,2.25,1.00
2016.06.30 01:08:29.138,1.4898,1.49004,1.57,1.00
2016.06.30 01:08:29.761,1.4898,1.49005,1.57,1.20
2016.06.30 01:08:29.976,1.4898,1.49006,2.32,2.32
2016.06.30 01:08:30.519,1.48979,1.49005,3.07,1.20
2016.06.30 01:08:31.020,1.48978,1.49005,1.12,3.90
2016.06.30 01:08:31.387,1.48974,1.48998,1.95,1.00
2016.06.30 01:08:32.198,1.48974,1.48998,1.95,1.12
2016.06.30 01:08:33.575,1.48974,1.48998,1.20,1.00
2016.06.30 01:08:33.728,1.48974,1.49,2.32,1.50
2016.06.30 01:08:33.981,1.48976,1.49,1.00,1.47
2016.06.30 01:08:34.083,1.48975,1.49,1.00,1.17
2016.06.30 01:08:35.548,1.48976,1.49,1.00,1.17
2016.06.30 01:08:35.599,1.48976,1.49,1.44,1.17
2016.06.30 01:08:37.042,1.48976,1.49,1.20,1.00
2016.06.30 01:08:40.293,1.48976,1.49001,1.76,2.25
2016.06.30 01:08:41.160,1.48978,1.49,1.32,1.00
2016.06.30 01:08:43.836,1.48975,1.49,1.87,2.25
2016.06.30 01:08:44.343,1.48975,1.49,1.12,1.50
2016.06.30 01:08:46.439,1.48975,1.49001,1.12,1.00
2016.06.30 01:08:49.348,1.48976,1.49002,1.59,1.65
2016.06.30 01:08:52.328,1.48977,1.49003,1.36,2.32
2016.06.30 01:08:54.657,1.48978,1.49003,1.10,1.95
2016.06.30 01:08:54.962,1.4898,1.49005,1.20,3.07
2016.06.30 01:08:57.111,1.4898,1.49005,1.20,2.70
2016.06.30 01:08:58.346,1.4898,1.49005,1.20,2.70
2016.06.30 01:09:00.519,1.48982,1.49005,1.17,1.95
2016.06.30 01:09:01.080,1.48982,1.49005,1.20,1.87
2016.06.30 01:09:04.324,1.48982,1.49007,1.39,1.57
2016.06.30 01:09:04.836,1.48986,1.4901,1.25,1.87
2016.06.30 01:09:04.988,1.48986,1.4901,1.01,1.07
2016.06.30 01:09:06.316,1.48986,1.4901,1.29,1.07
2016.06.30 01:09:11.555,1.48986,1.49011,1.36,1.00
2016.06.30 01:09:14.715,1.48988,1.49011,1.00,1.00
2016.06.30 01:09:15.233,1.48989,1.49013,1.00,1.09
2016.06.30 01:09:15.284,1.48991,1.49014,1.00,1.49
2016.06.30 01:09:15.437,1.48993,1.49019,1.00,2.06
2016.06.30 01:09:15.539,1.48993,1.49019,1.50,2.06
2016.06.30 01:09:15.742,1.48995,1.49018,1.12,1.20
2016.06.30 01:09:18.730,1.48994,1.49019,1.37,2.02
2016.06.30 01:09:18.832,1.48993,1.49019,1.20,2.77
2016.06.30 01:09:19.369,1.48994,1.49016,1.00,1.44
2016.06.30 01:09:19.668,1.48994,1.49016,1.00,1.37
2016.06.30 01:09:20.867,1.48994,1.49017,1.00,1.00
2016.06.30 01:09:21.389,1.48993,1.49017,1.00,1.20
2016.06.30 01:09:21.593,1.48994,1.4902,1.00,1.87
2016.06.30 01:09:21.796,1.48996,1.4902,1.10,1.55
2016.06.30 01:09:23.181,1.48995,1.49021,1.65,2.32
2016.06.30 01:09:27.212,1.48993,1.49018,1.00,3.37
2016.06.30 01:09:28.753,1.48993,1.49015,1.17,1.25
2016.06.30 01:09:29.289,1.48993,1.49016,1.00,1.39
2016.06.30 01:09:29.802,1.48993,1.49018,1.00,3.82
2016.06.30 01:09:30.844,1.48993,1.49018,1.00,2.77
2016.06.30 01:09:31.910,1.48993,1.49016,1.00,1.12
2016.06.30 01:09:35.582,1.48993,1.49017,1.00,1.57
2016.06.30 01:09:41.105,1.49004,1.49021,1.00,1.75
2016.06.30 01:09:41.157,1.49004,1.49026,1.37,1.50
2016.06.30 01:09:41.310,1.49006,1.49031,2.32,1.95
2016.06.30 01:09:41.819,1.49006,1.49031,2.40,1.65
2016.06.30 01:09:42.080,1.49006,1.49029,1.45,1.12
2016.06.30 01:09:42.306,1.49002,1.49026,1.76,1.17
2016.06.30 01:09:42.825,1.49002,1.49028,1.76,1.50
2016.06.30 01:09:44.488,1.49002,1.49027,1.76,1.07
2016.06.30 01:09:50.632,1.49002,1.49025,1.76,1.00
2016.06.30 01:09:51.141,1.49004,1.49025,1.00,1.00
2016.06.30 01:09:51.242,1.4901,1.4903,1.00,1.12
2016.06.30 01:09:51.447,1.49021,1.49041,1.50,1.10
2016.06.30 01:09:51.659,1.49022,1.49043,1.50,1.00
2016.06.30 01:09:51.863,1.49018,1.4904,1.65,1.00
2016.06.30 01:09:52.169,1.49007,1.4903,1.00,1.07
2016.06.30 01:09:52.220,1.49007,1.4903,1.00,1.82
2016.06.30 01:09:52.373,1.49006,1.4903,1.20,1.00
2016.06.30 01:09:52.525,1.49006,1.4903,1.00,1.17
2016.06.30 01:09:52.627,1.49006,1.4903,1.00,1.45
2016.06.30 01:09:52.981,1.49011,1.49032,1.10,1.00
2016.06.30 01:09:53.345,1.49011,1.49034,1.65,1.00
2016.06.30 01:09:53.446,1.49015,1.49034,1.00,1.00
2016.06.30 01:09:53.700,1.49016,1.49036,1.50,1.20
2016.06.30 01:09:54.639,1.49017,1.49037,1.00,1.00
2016.06.30 01:09:54.690,1.49017,1.49037,1.20,1.00
2016.06.30 01:09:54.792,1.49017,1.49037,1.00,1.00
2016.06.30 01:09:54.844,1.49018,1.49037,1.50,1.00
2016.06.30 01:09:55.047,1.49019,1.49037,1.00,1.20
2016.06.30 01:09:55.250,1.49017,1.49037,1.00,1.00
2016.06.30 01:09:55.758,1.49016,1.49037,1.00,1.00
2016.06.30 01:09:56.274,1.49017,1.49037,1.00,1.00
2016.06.30 01:09:56.325,1.49019,1.49037,1.00,1.00
2016.06.30 01:09:56.376,1.49019,1.49039,1.00,1.10
2016.06.30 01:09:56.579,1.4902,1.49039,1.00,1.20
2016.06.30 01:09:57.039,1.4902,1.49039,1.00,1.00
2016.06.30 01:09:59.918,1.49019,1.49039,1.00,1.00
2016.06.30 01:10:00.602,1.49019,1.49039,1.37,1.00
2016.06.30 01:10:00.857,1.49021,1.49042,1.00,1.00
2016.06.30 01:10:03.668,1.49019,1.49042,1.20,1.00
2016.06.30 01:10:04.138,1.49024,1.49045,1.00,1.39
2016.06.30 01:10:04.326,1.49024,1.49045,1.32,1.10
2016.06.30 01:10:04.935,1.49025,1.49047,1.17,1.44
2016.06.30 01:10:06.481,1.49025,1.49047,1.17,1.37
2016.06.30 01:10:11.328,1.49022,1.49046,1.95,1.37
2016.06.30 01:10:11.582,1.49022,1.49045,1.12,1.12
2016.06.30 01:10:11.766,1.49022,1.49041,1.00,1.12
2016.06.30 01:10:11.868,1.49022,1.49045,1.00,1.79
2016.06.30 01:10:12.410,1.49022,1.49045,1.00,1.12
2016.06.30 01:10:12.735,1.4902,1.49044,1.00,1.69
2016.06.30 01:10:12.786,1.4902,1.49043,1.00,1.31
2016.06.30 01:10:13.309,1.4902,1.49043,1.00,1.20
2016.06.30 01:10:14.959,1.49021,1.49043,1.00,1.20
2016.06.30 01:10:15.464,1.49016,1.49039,2.21,1.00
2016.06.30 01:10:15.515,1.49016,1.49038,1.10,1.10
2016.06.30 01:10:15.566,1.49013,1.49035,1.50,1.37
2016.06.30 01:10:15.617,1.49011,1.49035,2.06,1.87
2016.06.30 01:10:15.821,1.49012,1.49036,1.44,1.12
2016.06.30 01:10:15.923,1.49014,1.49037,1.25,1.95
2016.06.30 01:10:16.291,1.49015,1.49038,1.10,1.10
2016.06.30 01:10:16.917,1.49012,1.49038,1.95,2.40
2016.06.30 01:10:17.019,1.49012,1.49036,1.20,1.17
2016.06.30 01:10:19.165,1.49016,1.49038,1.00,1.45
2016.06.30 01:10:19.368,1.49016,1.4904,1.00,1.20
2016.06.30 01:10:20.778,1.49016,1.4904,1.10,1.17
2016.06.30 01:10:21.506,1.49018,1.4904,1.00,1.17
2016.06.30 01:10:22.078,1.4902,1.49042,1.00,2.44
2016.06.30 01:10:22.332,1.49021,1.49042,1.00,1.00
2016.06.30 01:10:22.433,1.49021,1.49042,1.50,1.45
2016.06.30 01:10:22.739,1.49017,1.49041,1.87,1.12
2016.06.30 01:10:23.228,1.4902,1.49042,1.37,1.37
2016.06.30 01:10:23.408,1.49026,1.49048,1.00,1.45
2016.06.30 01:10:23.459,1.49024,1.49047,1.12,1.12
2016.06.30 01:10:23.865,1.49026,1.49047,1.00,1.75
2016.06.30 01:10:24.181,1.49026,1.49048,1.00,1.20
2016.06.30 01:10:28.865,1.49025,1.49049,1.00,1.20
2016.06.30 01:10:29.390,1.49025,1.49049,1.00,1.50
2016.06.30 01:10:29.896,1.49026,1.4905,1.00,2.14
2016.06.30 01:10:30.302,1.49027,1.4905,1.00,1.57
2016.06.30 01:10:30.505,1.49025,1.4905,1.10,1.57
2016.06.30 01:10:31.212,1.49025,1.49047,1.10,1.00
2016.06.30 01:10:33.628,1.49025,1.49051,1.10,2.32
2016.06.30 01:10:33.730,1.49025,1.49039,1.20,1.50
2016.06.30 01:10:33.985,1.49016,1.49036,1.00,1.31
2016.06.30 01:10:34.212,1.49017,1.49042,1.95,1.39
2016.06.30 01:10:34.263,1.49017,1.49042,1.87,1.39
2016.06.30 01:10:34.416,1.49014,1.49041,1.95,1.57
2016.06.30 01:10:34.518,1.49014,1.49038,1.50,1.50
2016.06.30 01:10:34.722,1.49012,1.49035,1.87,1.09
2016.06.30 01:10:34.976,1.49015,1.49035,1.00,1.25
2016.06.30 01:10:36.884,1.49012,1.49035,2.02,1.25
2016.06.30 01:10:37.510,1.49014,1.49035,1.00,1.25
2016.06.30 01:10:37.686,1.49012,1.49035,2.02,1.25
2016.06.30 01:10:37.918,1.49014,1.49035,1.00,1.25
2016.06.30 01:10:39.781,1.49015,1.49036,1.00,1.00
2016.06.30 01:10:40.085,1.49015,1.49036,1.37,1.00
2016.06.30 01:10:44.342,1.49018,1.49039,1.25,1.07
2016.06.30 01:10:44.799,1.49018,1.49042,1.25,1.20
2016.06.30 01:10:45.002,1.49016,1.4904,2.02,1.50
2016.06.30 01:10:45.205,1.49013,1.49036,1.10,1.20
2016.06.30 01:10:45.307,1.49011,1.49036,1.20,1.20
2016.06.30 01:10:50.318,1.49009,1.49033,1.65,1.00
2016.06.30 01:10:50.420,1.49007,1.49031,1.87,1.25
2016.06.30 01:10:50.471,1.49007,1.49031,1.20,1.01
2016.06.30 01:10:50.573,1.49006,1.49031,1.57,1.39
2016.06.30 01:10:51.233,1.49006,1.49033,2.14,1.95
2016.06.30 01:10:51.335,1.49006,1.49033,2.32,1.95
2016.06.30 01:10:51.437,1.49008,1.49033,1.10,1.95
2016.06.30 01:10:52.432,1.49008,1.49033,1.47,1.95
2016.06.30 01:10:52.939,1.4901,1.49034,1.44,1.20
2016.06.30 01:10:55.730,1.4901,1.49033,1.44,1.20
2016.06.30 01:10:58.170,1.49012,1.49033,1.00,1.20
2016.06.30 01:10:58.433,1.4901,1.49033,1.20,1.10
2016.06.30 01:10:58.560,1.4901,1.49033,1.00,1.85
2016.06.30 01:11:00.145,1.49009,1.49033,1.25,1.20
2016.06.30 01:11:00.247,1.49011,1.49033,1.00,1.20
2016.06.30 01:11:00.874,1.49009,1.49033,1.69,1.20
2016.06.30 01:11:00.925,1.49013,1.49033,1.00,1.20
2016.06.30 01:11:01.366,1.4903,1.49047,1.44,1.75
2016.06.30 01:11:01.418,1.4903,1.4905,1.44,1.57
2016.06.30 01:11:01.469,1.49025,1.4905,1.47,1.57
2016.06.30 01:11:01.521,1.49023,1.4905,3.00,3.07
2016.06.30 01:11:01.624,1.49021,1.49046,1.50,1.10
2016.06.30 01:11:02.127,1.49022,1.49046,1.47,1.07
2016.06.30 01:11:02.532,1.4902,1.49043,2.25,1.07
2016.06.30 01:11:02.617,1.49024,1.4904,1.00,1.10
2016.06.30 01:11:02.668,1.49021,1.4904,1.00,1.20
2016.06.30 01:11:02.720,1.49021,1.49038,1.00,1.10
2016.06.30 01:11:03.025,1.49028,1.4905,1.00,2.62
2016.06.30 01:11:03.570,1.49029,1.49052,1.00,2.25
2016.06.30 01:11:04.652,1.4903,1.49051,1.00,1.20
2016.06.30 01:11:04.754,1.49034,1.49053,1.00,1.87
2016.06.30 01:11:04.856,1.49026,1.49049,1.20,1.57
2016.06.30 01:11:04.959,1.49023,1.49046,2.32,1.95
2016.06.30 01:11:05.010,1.49021,1.49043,1.75,1.37
2016.06.30 01:11:05.112,1.49018,1.49043,1.00,1.87
2016.06.30 01:11:05.164,1.4902,1.4904,1.00,1.20
2016.06.30 01:11:05.468,1.4902,1.4904,1.12,1.44
2016.06.30 01:11:05.754,1.49019,1.4904,1.10,1.44
2016.06.30 01:11:06.109,1.49016,1.49039,1.10,1.76
2016.06.30 01:11:06.211,1.49016,1.49036,1.00,1.10
2016.06.30 01:11:06.262,1.49013,1.49036,1.00,1.10
2016.06.30 01:11:06.414,1.49013,1.49036,1.00,1.45
2016.06.30 01:11:07.483,1.4901,1.49037,1.57,2.25
2016.06.30 01:11:08.004,1.49009,1.49032,1.10,1.85
2016.06.30 01:11:08.057,1.49006,1.49027,2.25,1.12
2016.06.30 01:11:08.210,1.49006,1.49031,1.87,1.45
2016.06.30 01:11:08.442,1.49007,1.49032,1.00,1.12
2016.06.30 01:11:08.494,1.49011,1.49033,1.00,1.87
2016.06.30 01:11:08.647,1.49011,1.49033,1.00,1.15
2016.06.30 01:11:08.853,1.49009,1.49033,1.00,1.15
2016.06.30 01:11:09.106,1.49009,1.49033,1.12,1.07
2016.06.30 01:11:09.437,1.49009,1.49033,1.87,1.00
2016.06.30 01:11:09.640,1.49009,1.49033,2.25,1.20
2016.06.30 01:11:10.134,1.49009,1.49033,2.25,1.57
2016.06.30 01:11:10.439,1.49011,1.49033,1.00,1.57
2016.06.30 01:11:11.444,1.49011,1.49035,1.50,1.87
2016.06.30 01:11:11.762,1.49009,1.49034,1.00,1.87
2016.06.30 01:11:11.864,1.49009,1.4903,1.00,1.01
2016.06.30 01:11:12.371,1.49009,1.4903,1.00,1.60
2016.06.30 01:11:12.574,1.49009,1.49032,1.00,1.94
2016.06.30 01:11:13.672,1.49009,1.49031,1.00,1.12
2016.06.30 01:11:14.777,1.49009,1.49031,1.00,1.31
2016.06.30 01:11:15.037,1.49011,1.49031,1.00,1.31
2016.06.30 01:11:15.141,1.49012,1.49033,1.12,1.31
2016.06.30 01:11:15.344,1.49012,1.49035,1.50,1.12
2016.06.30 01:11:15.846,1.49012,1.49037,1.50,2.62
2016.06.30 01:11:15.901,1.49012,1.49037,1.00,1.20
2016.06.30 01:11:15.952,1.49014,1.49037,1.00,1.15
2016.06.30 01:11:16.276,1.49018,1.49039,1.87,1.10
2016.06.30 01:11:21.367,1.49016,1.49039,1.75,1.07
2016.06.30 01:11:21.890,1.49015,1.49039,2.25,1.50
2016.06.30 01:11:21.992,1.49014,1.49035,1.00,1.50
2016.06.30 01:11:22.124,1.49011,1.49035,1.95,1.50
2016.06.30 01:11:22.175,1.49008,1.49033,5.32,1.10
2016.06.30 01:11:22.530,1.49013,1.49032,1.00,1.10
2016.06.30 01:11:22.733,1.4901,1.49032,1.00,1.15
2016.06.30 01:11:23.813,1.4901,1.49032,1.00,1.57
2016.06.30 01:11:26.957,1.4901,1.49031,1.37,1.50
2016.06.30 01:11:27.299,1.49012,1.49034,1.37,2.25
2016.06.30 01:11:27.554,1.49017,1.49034,1.00,1.15
2016.06.30 01:11:28.072,1.49017,1.49033,1.00,1.57
2016.06.30 01:11:28.275,1.49014,1.49033,1.00,1.65
2016.06.30 01:11:28.822,1.49014,1.49031,1.00,1.10
2016.06.30 01:11:30.465,1.49012,1.49031,1.00,1.10
2016.06.30 01:11:31.329,1.49011,1.49032,1.00,1.65
2016.06.30 01:11:31.432,1.49007,1.49031,1.50,1.10
2016.06.30 01:11:31.484,1.49007,1.49028,1.00,1.00
2016.06.30 01:11:31.790,1.49012,1.49028,1.00,1.00
2016.06.30 01:11:31.954,1.49012,1.49031,1.00,1.50
2016.06.30 01:11:32.056,1.49014,1.49037,1.37,1.57
2016.06.30 01:11:32.107,1.49014,1.49037,1.37,1.10
2016.06.30 01:11:32.361,1.49013,1.49037,1.12,1.20
2016.06.30 01:11:32.666,1.4901,1.49032,1.00,2.25
2016.06.30 01:11:32.970,1.49012,1.49032,1.00,1.50
2016.06.30 01:11:33.540,1.49008,1.49031,1.00,1.20
2016.06.30 01:11:33.643,1.49011,1.49031,1.00,1.20
2016.06.30 01:11:33.751,1.49008,1.49031,1.00,1.20
2016.06.30 01:11:33.954,1.4901,1.49032,1.00,1.75
2016.06.30 01:11:34.106,1.49011,1.49036,1.10,1.57
2016.06.30 01:11:34.157,1.49014,1.49036,1.12,1.57
2016.06.30 01:11:34.444,1.49016,1.49038,1.00,1.50
2016.06.30 01:11:34.647,1.49012,1.49035,2.25,1.10
2016.06.30 01:11:34.698,1.49011,1.49035,1.87,1.12
2016.06.30 01:11:34.749,1.49009,1.49035,1.12,1.45
2016.06.30 01:11:34.800,1.49009,1.49033,1.12,1.47
2016.06.30 01:11:35.105,1.49008,1.49033,1.87,1.69
2016.06.30 01:11:35.157,1.49008,1.49031,1.20,1.00
2016.06.30 01:11:35.259,1.49008,1.49031,1.10,1.12
2016.06.30 01:11:35.360,1.49006,1.49031,1.10,1.50
2016.06.30 01:11:35.783,1.49009,1.49031,1.00,1.47
2016.06.30 01:11:36.138,1.49006,1.49031,2.40,1.57
2016.06.30 01:11:36.190,1.49008,1.49032,1.00,1.82
2016.06.30 01:11:36.291,1.4901,1.49036,1.17,2.32
2016.06.30 01:11:36.394,1.49013,1.49036,1.37,2.32
2016.06.30 01:11:36.706,1.49013,1.49034,1.75,1.12
2016.06.30 01:11:36.909,1.49013,1.49036,1.85,1.95
2016.06.30 01:11:36.960,1.49013,1.49036,2.32,1.20
2016.06.30 01:11:37.885,1.49017,1.49041,1.00,1.87
2016.06.30 01:11:38.190,1.49022,1.49043,1.20,1.37
2016.06.30 01:11:38.308,1.49022,1.49047,1.15,2.62
2016.06.30 01:11:38.409,1.49024,1.49047,1.00,2.44
2016.06.30 01:11:38.951,1.49025,1.49047,1.57,1.50
2016.06.30 01:11:40.657,1.49026,1.4905,1.00,1.95
2016.06.30 01:11:40.758,1.49028,1.49051,1.45,1.12
2016.06.30 01:11:40.810,1.49028,1.49051,1.55,1.00
2016.06.30 01:11:41.408,1.49029,1.49051,1.27,1.00
2016.06.30 01:11:44.797,1.49031,1.49056,1.50,1.20
2016.06.30 01:11:45.131,1.4904,1.49063,1.57,1.50
2016.06.30 01:11:45.233,1.4904,1.49061,2.32,1.00
2016.06.30 01:11:45.488,1.49036,1.49057,1.00,1.12
2016.06.30 01:11:45.691,1.49034,1.49057,1.00,1.12
2016.06.30 01:11:46.289,1.49032,1.49057,1.50,1.87
2016.06.30 01:11:48.208,1.49033,1.49055,1.00,1.00
2016.06.30 01:11:48.512,1.49038,1.49055,1.00,1.00
2016.06.30 01:11:48.967,1.49036,1.49055,1.00,1.00
2016.06.30 01:11:49.069,1.49036,1.49058,1.00,2.62
2016.06.30 01:11:49.607,1.49038,1.49058,1.00,1.50
2016.06.30 01:11:49.675,1.49035,1.49056,1.00,1.00
2016.06.30 01:11:49.878,1.49035,1.49054,1.00,1.00
2016.06.30 01:11:50.285,1.49035,1.49052,1.00,1.00
2016.06.30 01:11:50.539,1.49036,1.49054,1.00,2.25
2016.06.30 01:11:51.074,1.49036,1.49055,1.00,1.00
2016.06.30 01:11:51.619,1.49036,1.49056,1.00,1.00
2016.06.30 01:11:52.234,1.49036,1.49055,1.00,1.00
2016.06.30 01:11:52.285,1.49036,1.49051,1.00,1.00
2016.06.30 01:11:52.590,1.49031,1.49049,1.00,1.00
2016.06.30 01:11:52.641,1.49031,1.49049,1.00,1.37
2016.06.30 01:11:52.793,1.49027,1.49044,1.00,1.00
2016.06.30 01:11:52.844,1.49027,1.49044,1.00,1.50
2016.06.30 01:11:52.997,1.49025,1.49044,1.00,1.10
2016.06.30 01:11:53.200,1.49021,1.49044,1.10,1.50
2016.06.30 01:11:53.309,1.49021,1.49044,1.00,1.87
2016.06.30 01:11:53.678,1.49021,1.49039,1.00,1.00
2016.06.30 01:11:54.098,1.49019,1.49039,1.10,1.00
2016.06.30 01:11:55.777,1.49021,1.49039,1.00,1.00
2016.06.30 01:11:56.014,1.49018,1.49039,1.07,1.00
2016.06.30 01:11:56.167,1.49018,1.49035,1.00,1.00
2016.06.30 01:11:57.843,1.49018,1.49035,1.44,1.00
2016.06.30 01:11:58.631,1.49016,1.49035,1.00,1.00
2016.06.30 01:11:58.682,1.49016,1.49035,1.75,1.00
2016.06.30 01:11:58.987,1.49013,1.49033,1.82,1.00
2016.06.30 01:11:59.796,1.49014,1.49033,1.20,1.00
2016.06.30 01:12:00.411,1.49017,1.49033,1.00,1.00
2016.06.30 01:12:03.219,1.49016,1.49033,1.10,1.00
2016.06.30 01:12:04.537,1.49016,1.49035,1.10,1.00
2016.06.30 01:12:05.313,1.49015,1.49037,1.07,1.50
2016.06.30 01:12:08.197,1.49016,1.49036,1.10,1.00
2016.06.30 01:12:08.257,1.49012,1.49036,2.62,1.00
2016.06.30 01:12:08.720,1.49013,1.49035,1.12,1.00
2016.06.30 01:12:08.822,1.49013,1.49033,1.12,1.00
2016.06.30 01:12:08.974,1.49009,1.49033,1.87,1.00
2016.06.30 01:12:10.232,1.49011,1.49034,1.85,1.50
2016.06.30 01:12:12.879,1.49013,1.49034,1.20,1.37
2016.06.30 01:12:13.032,1.49011,1.49034,1.20,1.37
2016.06.30 01:12:13.292,1.49011,1.49034,1.85,1.37
2016.06.30 01:12:14.144,1.49012,1.49034,1.57,1.00
2016.06.30 01:12:14.710,1.49011,1.49035,1.87,2.25
2016.06.30 01:12:19.406,1.49011,1.49034,1.87,1.00
2016.06.30 01:12:21.832,1.49014,1.49035,1.07,1.50
2016.06.30 01:12:22.035,1.49013,1.49037,1.47,1.50
2016.06.30 01:12:22.594,1.49013,1.49037,1.17,1.00
2016.06.30 01:12:22.848,1.49013,1.49037,1.57,1.00
2016.06.30 01:12:23.924,1.49013,1.49036,1.75,1.50
2016.06.30 01:12:24.228,1.49011,1.49035,1.87,1.00
2016.06.30 01:12:28.588,1.49013,1.49035,1.20,1.00
2016.06.30 01:12:31.938,1.49013,1.49036,1.95,1.00
2016.06.30 01:12:32.344,1.49013,1.49038,1.95,2.32
2016.06.30 01:12:34.271,1.49013,1.49037,1.20,1.00
2016.06.30 01:12:35.945,1.49023,1.49039,1.07,1.57
2016.06.30 01:12:35.997,1.49023,1.49043,1.17,1.12
2016.06.30 01:12:36.054,1.49026,1.49043,1.75,1.00
2016.06.30 01:12:36.105,1.49027,1.49051,1.12,1.87
2016.06.30 01:12:36.207,1.49029,1.49053,1.01,1.00
2016.06.30 01:12:36.308,1.49032,1.49056,1.75,1.00
2016.06.30 01:12:36.461,1.4904,1.49057,1.00,1.50
2016.06.30 01:12:36.851,1.49036,1.49057,1.20,1.00
2016.06.30 01:12:37.004,1.49031,1.49056,2.25,1.25
2016.06.30 01:12:37.310,1.49029,1.49052,1.17,1.33
2016.06.30 01:12:37.513,1.49027,1.49053,3.37,1.75
2016.06.30 01:12:37.774,1.49027,1.49053,3.07,1.82
2016.06.30 01:12:38.394,1.49029,1.49054,1.87,1.35
2016.06.30 01:12:38.902,1.49029,1.49054,2.32,1.25
2016.06.30 01:12:39.472,1.49029,1.49054,2.32,1.25
2016.06.30 01:12:40.094,1.4903,1.49053,1.12,1.00
2016.06.30 01:12:40.696,1.4903,1.49044,1.12,1.00
2016.06.30 01:12:40.797,1.4903,1.49048,1.87,1.00
2016.06.30 01:12:40.899,1.4903,1.49056,2.62,1.50
2016.06.30 01:12:41.254,1.4903,1.49056,2.62,1.50
2016.06.30 01:12:41.761,1.49032,1.49056,1.87,1.00
2016.06.30 01:12:42.105,1.49033,1.49046,1.12,1.00
2016.06.30 01:12:42.314,1.49033,1.49051,1.12,1.00
2016.06.30 01:12:42.416,1.49033,1.49055,1.12,1.00
2016.06.30 01:12:42.951,1.49032,1.49055,1.87,1.00
2016.06.30 01:12:43.052,1.49032,1.49055,1.10,1.10
2016.06.30 01:12:43.418,1.49032,1.49055,1.12,1.00
2016.06.30 01:12:43.799,1.49032,1.49048,1.20,1.00
2016.06.30 01:12:44.434,1.49032,1.49048,1.17,1.00
2016.06.30 01:12:45.185,1.49032,1.49048,1.57,1.00
2016.06.30 01:12:46.960,1.49032,1.49048,1.12,1.00
2016.06.30 01:12:48.444,1.4903,1.49048,1.87,1.00
2016.06.30 01:12:49.384,1.49029,1.49048,1.87,1.00
2016.06.30 01:12:49.485,1.49029,1.49048,1.20,1.00
2016.06.30 01:12:51.715,1.4903,1.49048,1.50,1.00
2016.06.30 01:12:52.281,1.49029,1.49048,1.15,1.00
2016.06.30 01:12:52.785,1.49029,1.49048,1.57,1.00
2016.06.30 01:12:54.473,1.49029,1.49049,1.57,1.00
2016.06.30 01:12:55.054,1.4903,1.49049,4.05,1.00
2016.06.30 01:12:55.584,1.49034,1.49049,1.12,1.00
2016.06.30 01:12:56.100,1.49034,1.49051,1.12,1.00
2016.06.30 01:12:58.780,1.49033,1.49052,1.12,1.00
2016.06.30 01:12:59.278,1.49033,1.49049,1.12,1.00
2016.06.30 01:13:00.921,1.49035,1.49053,1.17,1.00
2016.06.30 01:13:01.460,1.49037,1.49053,1.12,1.00
2016.06.30 01:13:01.963,1.4904,1.49053,1.00,1.00
2016.06.30 01:13:02.419,1.4904,1.49056,1.00,1.50
2016.06.30 01:13:03.904,1.4904,1.49059,1.00,1.10
2016.06.30 01:13:04.108,1.49046,1.4906,1.00,1.10
2016.06.30 01:13:04.709,1.49046,1.4906,1.00,1.15
2016.06.30 01:13:05.351,1.49046,1.4906,1.00,1.57
2016.06.30 01:13:05.656,1.4905,1.49065,1.00,1.12
2016.06.30 01:13:05.707,1.4905,1.49066,1.00,1.47
2016.06.30 01:13:05.909,1.49052,1.49066,1.00,1.47
2016.06.30 01:13:08.575,1.49051,1.49066,1.00,1.47
2016.06.30 01:13:08.686,1.49048,1.49066,1.50,1.47
2016.06.30 01:13:08.737,1.4905,1.49068,1.00,1.52
2016.06.30 01:13:08.788,1.49052,1.49068,1.00,1.07
2016.06.30 01:13:08.839,1.49056,1.4907,1.00,2.32
2016.06.30 01:13:09.123,1.4906,1.49083,1.20,1.15
2016.06.30 01:13:09.225,1.49068,1.49083,1.00,1.17
2016.06.30 01:13:09.581,1.49064,1.49081,1.10,1.00
2016.06.30 01:13:09.987,1.49064,1.49079,1.00,1.00
2016.06.30 01:13:10.088,1.49062,1.49079,1.00,1.00
2016.06.30 01:13:10.413,1.49065,1.49082,1.00,1.20
2016.06.30 01:13:10.566,1.4907,1.4909,1.00,2.25
2016.06.30 01:13:10.618,1.49072,1.49089,1.00,1.12
2016.06.30 01:13:10.821,1.49075,1.49097,1.10,1.12
2016.06.30 01:13:10.872,1.49075,1.49098,1.10,1.45
2016.06.30 01:13:10.924,1.49079,1.49099,1.00,1.12
2016.06.30 01:13:11.228,1.4908,1.49098,1.00,1.87
2016.06.30 01:13:11.775,1.49079,1.49099,1.00,1.87
2016.06.30 01:13:12.395,1.49078,1.49099,1.50,1.20
2016.06.30 01:13:12.739,1.49081,1.49103,1.00,2.25
2016.06.30 01:13:12.994,1.49085,1.49108,1.10,1.12
2016.06.30 01:13:13.046,1.4909,1.49109,1.00,1.72
2016.06.30 01:13:13.302,1.49086,1.49112,1.20,1.45
2016.06.30 01:13:13.353,1.49086,1.49112,1.85,1.45
2016.06.30 01:13:13.677,1.49082,1.49105,1.00,1.12
2016.06.30 01:13:13.729,1.49082,1.49106,1.00,1.12
2016.06.30 01:13:13.781,1.49082,1.49106,1.00,1.12
2016.06.30 01:13:14.087,1.49086,1.49112,1.87,1.12
2016.06.30 01:13:14.189,1.49087,1.49115,1.75,1.75
2016.06.30 01:13:14.240,1.49087,1.49114,1.75,1.12
2016.06.30 01:13:14.341,1.49086,1.49116,2.62,2.25
2016.06.30 01:13:14.393,1.49088,1.49116,1.12,1.57
2016.06.30 01:13:15.237,1.4909,1.49115,1.20,1.47
2016.06.30 01:13:15.544,1.49115,1.49133,2.00,2.62
2016.06.30 01:13:15.595,1.49115,1.49141,1.75,2.44
2016.06.30 01:13:15.646,1.49118,1.49142,1.12,1.50
2016.06.30 01:13:15.697,1.49117,1.4914,1.57,1.12
2016.06.30 01:13:15.749,1.49117,1.4914,1.07,1.20
2016.06.30 01:13:15.800,1.49117,1.4914,1.00,1.85
2016.06.30 01:13:16.133,1.49112,1.49132,1.00,1.12
2016.06.30 01:13:16.508,1.49107,1.49122,1.12,1.12
2016.06.30 01:13:16.712,1.49092,1.49113,1.00,1.12
2016.06.30 01:13:16.763,1.4909,1.49115,1.20,1.87
2016.06.30 01:13:16.814,1.49088,1.49115,1.65,1.20
2016.06.30 01:13:16.866,1.49088,1.49116,1.20,1.12
2016.06.30 01:13:17.302,1.49092,1.49118,2.10,1.50
2016.06.30 01:13:17.358,1.49093,1.4912,1.76,1.00
2016.06.30 01:13:17.409,1.49093,1.4912,1.76,2.25
2016.06.30 01:13:18.068,1.49093,1.49117,2.32,1.57
2016.06.30 01:13:18.119,1.49093,1.49117,2.70,1.07
2016.06.30 01:13:18.424,1.49094,1.4912,1.39,1.75
2016.06.30 01:13:18.765,1.49092,1.4912,3.19,1.57
2016.06.30 01:13:19.192,1.49094,1.4912,1.01,1.50
2016.06.30 01:13:20.337,1.49094,1.49124,3.00,1.95
2016.06.30 01:13:20.439,1.49098,1.49125,1.45,2.62
2016.06.30 01:13:20.541,1.491,1.49126,1.45,2.25
2016.06.30 01:13:20.644,1.49105,1.49127,1.12,1.12
2016.06.30 01:13:20.695,1.49106,1.49131,1.57,1.87
2016.06.30 01:13:20.899,1.49108,1.49136,1.12,2.25
2016.06.30 01:13:21.366,1.49108,1.49129,1.12,1.00
2016.06.30 01:13:21.633,1.49099,1.49125,1.70,1.24
2016.06.30 01:13:21.787,1.49098,1.49123,1.32,1.12
2016.06.30 01:13:22.295,1.49098,1.49124,2.00,1.12
2016.06.30 01:13:22.448,1.49096,1.49121,1.95,1.10
2016.06.30 01:13:22.512,1.49094,1.49121,3.37,1.87
2016.06.30 01:13:22.818,1.49101,1.49119,1.12,1.12
2016.06.30 01:13:22.870,1.49101,1.49125,1.12,1.75
2016.06.30 01:13:23.030,1.49105,1.49131,1.15,1.75
2016.06.30 01:13:23.082,1.49105,1.49133,2.32,1.45
2016.06.30 01:13:23.387,1.49104,1.49128,2.25,1.12
2016.06.30 01:13:23.692,1.491,1.49123,2.22,1.12
2016.06.30 01:13:23.895,1.491,1.49126,2.30,1.12
2016.06.30 01:13:24.422,1.491,1.49126,3.05,1.12
2016.06.30 01:13:25.002,1.491,1.49126,3.50,1.12
2016.06.30 01:13:25.138,1.491,1.49126,3.37,1.12
2016.06.30 01:13:25.575,1.49107,1.49126,1.00,1.12
2016.06.30 01:13:26.239,1.49109,1.49126,1.00,1.75
2016.06.30 01:13:26.533,1.49108,1.4913,1.35,1.00
2016.06.30 01:13:26.586,1.49105,1.49128,1.37,1.12
2016.06.30 01:13:26.890,1.49102,1.49127,1.99,1.12
2016.06.30 01:13:26.942,1.49102,1.49129,1.99,1.12
2016.06.30 01:13:27.481,1.49101,1.49128,2.36,1.12
2016.06.30 01:13:28.007,1.49101,1.49127,1.99,1.20
2016.06.30 01:13:30.472,1.491,1.49127,1.50,1.20
2016.06.30 01:13:30.550,1.49099,1.49119,1.37,1.37
2016.06.30 01:13:30.601,1.49096,1.49119,1.15,1.87
2016.06.30 01:13:30.653,1.49094,1.49117,1.87,1.75
2016.06.30 01:13:30.704,1.49094,1.49114,1.37,1.12
2016.06.30 01:13:30.806,1.49092,1.49111,1.00,1.12
2016.06.30 01:13:30.857,1.4909,1.49111,2.25,1.12
2016.06.30 01:13:30.926,1.4909,1.49105,1.50,1.12
2016.06.30 01:13:30.978,1.49087,1.49113,1.12,1.12
2016.06.30 01:13:31.029,1.49087,1.49114,1.50,1.75
2016.06.30 01:13:31.133,1.49087,1.49112,1.20,1.12
2016.06.30 01:13:31.983,1.4909,1.49114,1.10,1.12
2016.06.30 01:13:32.035,1.4909,1.49117,1.50,1.75
2016.06.30 01:13:32.086,1.4909,1.49118,1.87,1.95
2016.06.30 01:13:32.137,1.49093,1.49118,1.75,1.27
2016.06.30 01:13:32.188,1.49093,1.49118,1.75,1.57
2016.06.30 01:13:32.746,1.49092,1.49115,1.12,1.00
2016.06.30 01:13:33.339,1.49092,1.49117,1.12,1.07
2016.06.30 01:13:33.539,1.49091,1.49118,1.75,1.20
2016.06.30 01:13:33.844,1.49091,1.49118,1.12,1.57
2016.06.30 01:13:33.895,1.49093,1.49118,1.12,1.07
2016.06.30 01:13:36.254,1.49093,1.49112,1.12,1.00
2016.06.30 01:13:36.712,1.49092,1.49112,1.12,1.00
2016.06.30 01:13:37.204,1.49092,1.49115,1.87,1.00
2016.06.30 01:13:37.357,1.49092,1.49115,1.87,1.00
2016.06.30 01:13:39.294,1.49094,1.49116,1.75,1.00
2016.06.30 01:13:39.807,1.49094,1.49116,2.10,1.00
2016.06.30 01:13:40.356,1.49094,1.49116,1.87,1.00
2016.06.30 01:13:41.435,1.49096,1.49116,1.20,1.00
2016.06.30 01:13:42.258,1.49096,1.49116,1.57,1.00
2016.06.30 01:13:42.360,1.49094,1.49114,2.25,1.00
2016.06.30 01:13:42.563,1.49091,1.49114,1.60,1.00
2016.06.30 01:13:42.614,1.49091,1.49119,1.60,2.44
2016.06.30 01:13:42.665,1.49094,1.49119,1.12,2.14
2016.06.30 01:13:42.869,1.49089,1.49116,2.25,1.12
2016.06.30 01:13:43.393,1.4909,1.49117,1.39,1.75
2016.06.30 01:13:46.128,1.49091,1.49114,1.15,1.27
2016.06.30 01:13:46.281,1.49088,1.49114,1.87,1.95
2016.06.30 01:13:46.332,1.49088,1.49112,1.20,1.20
2016.06.30 01:13:46.844,1.49087,1.49111,1.87,1.55
2016.06.30 01:13:47.091,1.49087,1.49111,1.07,1.37
2016.06.30 01:13:47.397,1.49083,1.49108,1.57,1.20
2016.06.30 01:13:47.499,1.49083,1.49108,1.15,1.50
2016.06.30 01:13:47.855,1.49081,1.49106,1.01,1.20
2016.06.30 01:13:47.957,1.49079,1.49106,1.50,1.20
2016.06.30 01:13:48.261,1.49081,1.49105,1.01,1.10
2016.06.30 01:13:48.602,1.49082,1.49105,1.75,1.00
2016.06.30 01:13:49.061,1.4909,1.49109,1.00,1.50
2016.06.30 01:13:49.163,1.4909,1.49113,1.00,2.25
2016.06.30 01:13:49.265,1.49091,1.49113,1.57,1.00
2016.06.30 01:13:49.316,1.49091,1.49116,1.57,1.00
2016.06.30 01:13:49.367,1.49091,1.49116,1.87,1.70
2016.06.30 01:13:49.621,1.4909,1.49114,1.12,1.50
2016.06.30 01:13:49.836,1.49086,1.49114,1.20,2.25
2016.06.30 01:13:49.907,1.49085,1.4911,1.95,1.20
2016.06.30 01:13:50.415,1.49086,1.4911,1.79,1.00
2016.06.30 01:13:51.107,1.49086,1.49113,1.79,1.20
2016.06.30 01:13:51.522,1.49086,1.49106,1.79,1.00
2016.06.30 01:13:51.573,1.49083,1.49104,1.12,1.00
2016.06.30 01:13:51.675,1.49081,1.49106,1.75,1.75
2016.06.30 01:13:51.726,1.49081,1.49103,1.00,1.12
2016.06.30 01:13:52.234,1.49081,1.49107,1.00,1.22
2016.06.30 01:13:53.062,1.49081,1.49105,1.00,1.12
2016.06.30 01:13:53.554,1.49081,1.49105,1.00,1.00
2016.06.30 01:13:53.656,1.49082,1.49105,1.37,1.00
2016.06.30 01:13:53.707,1.49082,1.49107,1.87,1.00
2016.06.30 01:13:53.759,1.49089,1.49109,1.12,1.50
2016.06.30 01:13:54.064,1.4909,1.4911,1.50,1.00
2016.06.30 01:13:54.116,1.49089,1.49107,1.39,1.00
2016.06.30 01:13:54.268,1.49087,1.49105,1.75,1.00
2016.06.30 01:13:54.320,1.4908,1.49103,1.95,1.00
2016.06.30 01:13:54.371,1.4908,1.49103,1.95,1.00
2016.06.30 01:13:54.898,1.49082,1.49104,1.50,1.00
2016.06.30 01:13:55.304,1.49085,1.49104,1.20,1.00
2016.06.30 01:13:55.695,1.49084,1.49107,1.95,1.10
2016.06.30 01:13:56.203,1.49083,1.49107,2.25,1.17
2016.06.30 01:13:56.833,1.49084,1.49107,1.20,1.20
2016.06.30 01:13:57.186,1.49084,1.49104,1.12,1.00
2016.06.30 01:13:57.288,1.49082,1.49104,1.95,1.00
2016.06.30 01:13:57.696,1.49082,1.49102,1.20,1.00
2016.06.30 01:13:57.836,1.49082,1.49105,1.20,1.00
2016.06.30 01:13:57.937,1.49082,1.49105,1.82,1.00
2016.06.30 01:13:58.242,1.49085,1.49105,1.12,1.00
2016.06.30 01:13:59.165,1.49086,1.49102,1.12,1.00
2016.06.30 01:13:59.471,1.49083,1.49102,1.75,1.00
2016.06.30 01:13:59.724,1.49081,1.49102,1.12,1.00
2016.06.30 01:14:00.522,1.49081,1.49105,1.12,1.65
2016.06.30 01:14:01.029,1.49084,1.49109,2.25,1.20
2016.06.30 01:14:01.131,1.49085,1.49111,2.62,1.12
2016.06.30 01:14:01.638,1.49085,1.49111,2.62,1.32
2016.06.30 01:14:01.974,1.49085,1.49108,1.20,1.12
2016.06.30 01:14:02.025,1.49085,1.49107,1.00,1.12
2016.06.30 01:14:02.177,1.49083,1.49107,1.00,1.12
2016.06.30 01:14:02.584,1.4908,1.49105,1.50,2.37
2016.06.30 01:14:02.889,1.49078,1.49102,1.07,1.95
2016.06.30 01:14:03.173,1.49068,1.4909,1.00,1.12
2016.06.30 01:14:03.225,1.49068,1.4909,1.00,1.12
2016.06.30 01:14:03.276,1.49066,1.49086,1.00,1.75
2016.06.30 01:14:03.378,1.49066,1.49088,1.00,1.12
2016.06.30 01:14:03.480,1.49066,1.4909,1.00,1.12
2016.06.30 01:14:03.582,1.49071,1.4909,1.00,1.12
2016.06.30 01:14:03.887,1.49073,1.49091,1.00,1.87
2016.06.30 01:14:04.488,1.49074,1.49091,1.00,1.87
2016.06.30 01:14:04.641,1.49072,1.49091,1.00,1.87
2016.06.30 01:14:05.544,1.49073,1.4909,1.00,1.12
2016.06.30 01:14:05.697,1.49073,1.49092,1.00,1.75
2016.06.30 01:14:05.750,1.49075,1.49095,1.00,1.82
2016.06.30 01:14:05.801,1.49075,1.49095,1.00,1.15
2016.06.30 01:14:06.333,1.49074,1.49097,1.17,1.10
2016.06.30 01:14:06.637,1.49076,1.49097,1.15,1.00
2016.06.30 01:14:06.739,1.49076,1.49099,1.15,1.20
2016.06.30 01:14:06.992,1.49076,1.49099,1.57,1.10
2016.06.30 01:14:07.757,1.49079,1.49099,1.00,1.07
2016.06.30 01:14:08.265,1.49079,1.49099,1.00,1.10
2016.06.30 01:14:08.663,1.49079,1.491,1.00,1.87
2016.06.30 01:14:09.815,1.49079,1.49101,1.00,1.76
2016.06.30 01:14:09.866,1.4908,1.49101,1.00,1.09
2016.06.30 01:14:10.069,1.49082,1.49101,1.00,1.09
2016.06.30 01:14:10.371,1.49085,1.49104,1.00,1.20
2016.06.30 01:14:10.677,1.49091,1.49108,1.00,1.79
2016.06.30 01:14:10.729,1.49091,1.49114,1.00,1.95
2016.06.30 01:14:10.934,1.49095,1.49112,1.00,1.37
2016.06.30 01:14:11.239,1.49096,1.49118,1.00,1.87
2016.06.30 01:14:11.747,1.49097,1.49118,1.00,1.37
2016.06.30 01:14:12.248,1.49098,1.49118,1.00,1.37
2016.06.30 01:14:12.979,1.491,1.49118,1.00,1.37
2016.06.30 01:14:13.737,1.491,1.4912,1.00,1.52
2016.06.30 01:14:15.717,1.49101,1.49121,1.00,1.52
2016.06.30 01:14:16.548,1.49101,1.49121,1.00,1.47
2016.06.30 01:14:16.600,1.49104,1.49121,1.00,1.47
2016.06.30 01:14:16.929,1.49101,1.4912,1.00,1.37
2016.06.30 01:14:17.133,1.49105,1.49125,1.00,1.42
2016.06.30 01:14:19.517,1.49105,1.49126,1.50,3.00
2016.06.30 01:14:19.824,1.49105,1.4912,1.00,1.56
2016.06.30 01:14:20.147,1.49102,1.49118,1.00,1.62
2016.06.30 01:14:21.339,1.49102,1.49118,1.00,1.25
2016.06.30 01:14:21.390,1.49104,1.49118,1.00,1.25
2016.06.30 01:14:21.442,1.49104,1.49122,1.00,1.00
2016.06.30 01:14:21.667,1.49103,1.49117,1.00,1.00
2016.06.30 01:14:22.335,1.49103,1.4912,1.00,1.17
2016.06.30 01:14:22.843,1.49103,1.49118,1.00,1.00
2016.06.30 01:14:23.180,1.49104,1.49122,1.00,1.00
2016.06.30 01:14:23.261,1.49104,1.4912,1.00,1.37
2016.06.30 01:14:23.312,1.49102,1.4912,1.00,1.37
2016.06.30 01:14:23.768,1.49102,1.4912,1.00,1.37
2016.06.30 01:14:24.959,1.49102,1.49121,1.00,1.37
2016.06.30 01:14:26.048,1.49105,1.49122,1.00,1.00
2016.06.30 01:14:26.380,1.49108,1.49122,1.00,1.00
2016.06.30 01:14:26.431,1.49111,1.49129,1.00,2.32
2016.06.30 01:14:26.483,1.49111,1.49129,1.00,1.20
2016.06.30 01:14:26.686,1.49111,1.49129,1.00,1.12
2016.06.30 01:14:26.987,1.49111,1.49131,1.00,1.87
2016.06.30 01:14:27.140,1.49111,1.49133,1.00,1.57
2016.06.30 01:14:27.243,1.49113,1.49133,1.00,1.12
2016.06.30 01:14:27.548,1.49116,1.49136,1.00,1.57
2016.06.30 01:14:27.880,1.49116,1.49134,1.00,1.12
2016.06.30 01:14:28.651,1.49116,1.49133,1.00,1.20
2016.06.30 01:14:28.702,1.49114,1.49133,1.00,1.20
2016.06.30 01:14:29.208,1.49114,1.49133,1.00,1.15
2016.06.30 01:14:30.148,1.49114,1.4913,1.00,1.00
2016.06.30 01:14:30.250,1.49114,1.49135,1.00,2.25
2016.06.30 01:14:30.301,1.49114,1.49132,1.00,1.12
2016.06.30 01:14:31.163,1.49114,1.49132,1.00,1.12
2016.06.30 01:14:31.878,1.4911,1.4913,1.00,1.50
2016.06.30 01:14:31.930,1.49107,1.49125,1.00,1.37
2016.06.30 01:14:32.134,1.49104,1.49124,1.00,1.37
2016.06.30 01:14:32.440,1.49106,1.49125,1.00,1.37
2016.06.30 01:14:33.360,1.49103,1.49125,1.00,2.62
2016.06.30 01:14:34.329,1.49106,1.49125,1.00,1.87
2016.06.30 01:14:34.380,1.49106,1.49125,1.00,1.00
2016.06.30 01:14:34.849,1.49102,1.49125,1.00,1.87
2016.06.30 01:14:35.462,1.49102,1.49124,1.00,1.16
2016.06.30 01:14:36.302,1.49107,1.49124,1.00,1.16
2016.06.30 01:14:36.353,1.49107,1.4913,1.00,2.37
2016.06.30 01:14:36.862,1.49107,1.49129,1.00,1.00
2016.06.30 01:14:37.355,1.49107,1.49125,1.00,1.00
2016.06.30 01:14:37.406,1.491,1.49125,1.00,1.00
2016.06.30 01:14:37.926,1.491,1.49124,1.00,1.50
2016.06.30 01:14:38.432,1.491,1.49125,1.00,1.50
2016.06.30 01:14:39.075,1.491,1.49123,1.00,1.00
2016.06.30 01:14:39.582,1.491,1.49125,1.00,1.00
2016.06.30 01:14:40.171,1.491,1.49126,1.00,1.50
2016.06.30 01:14:40.222,1.49103,1.49126,1.00,1.00
2016.06.30 01:14:42.977,1.49103,1.49127,1.00,1.00
2016.06.30 01:14:44.135,1.49103,1.49124,1.00,1.00
2016.06.30 01:14:44.238,1.491,1.49124,1.00,1.00
2016.06.30 01:14:44.339,1.491,1.49122,1.00,1.50
2016.06.30 01:14:45.226,1.491,1.49123,1.00,1.00
2016.06.30 01:14:45.579,1.49107,1.4913,1.00,1.00
2016.06.30 01:14:45.799,1.49109,1.49134,1.00,2.25
2016.06.30 01:14:46.004,1.49112,1.49134,1.00,1.00
2016.06.30 01:14:50.294,1.49112,1.49136,1.00,1.00
2016.06.30 01:14:50.946,1.49115,1.49136,1.00,1.00
2016.06.30 01:14:50.998,1.49115,1.49139,1.00,1.50
2016.06.30 01:14:51.351,1.49115,1.49137,1.00,1.00
2016.06.30 01:14:51.504,1.49115,1.4914,1.00,1.50
2016.06.30 01:14:53.162,1.49115,1.49138,1.00,3.00
2016.06.30 01:14:53.497,1.49115,1.49136,1.00,1.00
2016.06.30 01:14:54.783,1.49112,1.49136,1.00,3.00
2016.06.30 01:14:55.227,1.49112,1.49132,1.00,2.25
2016.06.30 01:14:55.282,1.49109,1.49132,1.00,1.00
2016.06.30 01:14:55.384,1.49112,1.49132,1.00,1.00
2016.06.30 01:14:55.435,1.49112,1.49134,1.00,1.00
2016.06.30 01:14:56.388,1.49112,1.49136,1.00,1.00
2016.06.30 01:14:57.086,1.49114,1.49136,1.00,1.00
2016.06.30 01:14:57.188,1.49114,1.49138,1.00,1.00
2016.06.30 01:14:57.290,1.49118,1.49139,1.00,1.00
2016.06.30 01:14:57.442,1.49118,1.49141,1.00,1.00
2016.06.30 01:14:57.646,1.49121,1.49141,1.00,1.00
2016.06.30 01:14:57.749,1.49117,1.49141,1.00,3.75
2016.06.30 01:14:57.801,1.49115,1.49141,1.00,3.75
2016.06.30 01:14:57.852,1.49113,1.49137,1.00,3.75
2016.06.30 01:14:58.394,1.49113,1.49138,1.00,1.00
2016.06.30 01:14:58.905,1.49113,1.4914,1.00,1.00
2016.06.30 01:14:59.008,1.49113,1.49142,1.00,1.50
2016.06.30 01:14:59.059,1.49117,1.49142,1.00,1.00
2016.06.30 01:14:59.364,1.4912,1.49142,1.00,1.00
2016.06.30 01:14:59.698,1.49115,1.49136,1.00,2.25
2016.06.30 01:15:00.174,1.49115,1.49138,1.00,1.00
2016.06.30 01:15:00.868,1.49115,1.49139,1.00,1.00
2016.06.30 01:15:01.375,1.49115,1.4914,1.00,1.50
2016.06.30 01:15:01.426,1.49115,1.49138,1.00,1.50
2016.06.30 01:15:01.731,1.49115,1.49135,1.00,1.00
2016.06.30 01:15:01.985,1.49115,1.49137,1.00,1.00
2016.06.30 01:15:03.185,1.49115,1.49138,1.00,1.00
2016.06.30 01:15:04.677,1.49116,1.49138,1.00,1.50
2016.06.30 01:15:04.902,1.49116,1.4914,1.00,1.00
2016.06.30 01:15:04.972,1.49119,1.4914,1.00,1.00
2016.06.30 01:15:05.450,1.49119,1.49143,1.00,1.00
2016.06.30 01:15:06.034,1.49119,1.49141,1.00,1.00
2016.06.30 01:15:06.561,1.49119,1.4914,1.00,1.00
2016.06.30 01:15:07.125,1.49119,1.49141,1.00,1.50
2016.06.30 01:15:10.415,1.49118,1.49141,1.00,1.50
2016.06.30 01:15:11.736,1.49118,1.49142,1.00,1.00
2016.06.30 01:15:12.459,1.49118,1.49145,1.00,1.50
2016.06.30 01:15:13.706,1.49122,1.49145,1.00,1.50
2016.06.30 01:15:14.314,1.49122,1.49146,1.00,1.00
2016.06.30 01:15:15.502,1.49122,1.49145,1.00,1.00
2016.06.30 01:15:16.024,1.49122,1.49143,1.00,1.00
2016.06.30 01:15:16.329,1.49122,1.49141,1.00,1.00
2016.06.30 01:15:18.002,1.49118,1.49141,1.00,1.00
2016.06.30 01:15:18.104,1.49118,1.49139,1.00,1.00
2016.06.30 01:15:18.612,1.49118,1.4914,1.00,1.00
2016.06.30 01:15:19.108,1.49118,1.49138,1.00,1.00
2016.06.30 01:15:19.613,1.49118,1.49139,1.00,1.50
2016.06.30 01:15:20.298,1.49118,1.49138,1.00,1.00
2016.06.30 01:15:20.948,1.49116,1.49138,1.00,1.00
2016.06.30 01:15:21.494,1.49116,1.49139,1.00,2.25
2016.06.30 01:15:23.926,1.49116,1.49136,1.00,1.00
2016.06.30 01:15:25.036,1.49116,1.49138,1.00,1.35
2016.06.30 01:15:25.138,1.49116,1.49139,1.00,2.47
2016.06.30 01:15:27.157,1.49116,1.49138,1.00,1.30
2016.06.30 01:15:27.840,1.49116,1.49139,1.00,1.00
2016.06.30 01:15:28.346,1.49116,1.49138,1.00,1.00
2016.06.30 01:15:28.944,1.49116,1.49137,1.00,1.00
2016.06.30 01:15:29.143,1.49116,1.49134,1.00,1.00
2016.06.30 01:15:29.245,1.49116,1.49138,1.00,1.50
2016.06.30 01:15:30.314,1.49116,1.4914,1.00,1.30
2016.06.30 01:15:31.143,1.49113,1.49135,1.00,1.00
2016.06.30 01:15:31.194,1.49111,1.49135,1.00,1.00
2016.06.30 01:15:31.245,1.49111,1.49137,1.00,1.00
2016.06.30 01:15:31.652,1.49111,1.49135,1.00,1.00
2016.06.30 01:15:32.101,1.49109,1.49134,1.50,1.00
2016.06.30 01:15:32.153,1.49108,1.49131,1.00,1.50
2016.06.30 01:15:32.204,1.49105,1.49131,1.00,2.25
2016.06.30 01:15:32.255,1.49105,1.49128,1.00,1.00
2016.06.30 01:15:32.559,1.49103,1.49125,1.00,1.00
2016.06.30 01:15:33.369,1.49104,1.49127,1.00,1.30
2016.06.30 01:15:33.600,1.49101,1.49128,2.25,1.50
2016.06.30 01:15:33.652,1.491,1.49122,1.00,1.00
2016.06.30 01:15:33.804,1.49095,1.49119,1.00,1.00
2016.06.30 01:15:33.856,1.49095,1.49116,1.00,1.00
2016.06.30 01:15:33.958,1.49095,1.49118,1.00,1.00
2016.06.30 01:15:34.872,1.49095,1.49117,1.00,1.00
2016.06.30 01:15:36.266,1.49092,1.49117,1.50,1.00
2016.06.30 01:15:36.317,1.49092,1.49115,1.50,1.00
2016.06.30 01:15:37.158,1.49092,1.49112,1.00,1.00
2016.06.30 01:15:37.463,1.49089,1.49111,1.00,1.00
2016.06.30 01:15:37.514,1.49091,1.49116,1.00,2.32
2016.06.30 01:15:37.565,1.49091,1.49117,1.00,1.57
2016.06.30 01:15:38.078,1.49092,1.49118,1.00,1.45
2016.06.30 01:15:38.181,1.49089,1.49118,1.00,1.95
2016.06.30 01:15:38.570,1.49089,1.49114,1.00,1.00
2016.06.30 01:15:38.899,1.49093,1.49118,1.00,1.12
2016.06.30 01:15:38.950,1.49095,1.49121,1.00,1.95
2016.06.30 01:15:39.052,1.49095,1.49123,1.00,1.30
2016.06.30 01:15:39.104,1.49095,1.49121,1.00,1.00
2016.06.30 01:15:39.409,1.49092,1.49114,1.00,1.00
2016.06.30 01:15:39.893,1.49092,1.49118,1.00,1.50
2016.06.30 01:15:40.374,1.49092,1.49116,1.50,1.00
2016.06.30 01:15:40.577,1.49092,1.49118,1.00,1.50
2016.06.30 01:15:40.628,1.49092,1.49114,1.00,1.00
2016.06.30 01:15:40.679,1.49086,1.49114,1.50,1.00
2016.06.30 01:15:41.104,1.49086,1.49112,1.00,1.00
2016.06.30 01:15:41.307,1.49086,1.49115,1.00,1.00
2016.06.30 01:15:45.490,1.49089,1.49117,1.00,1.00
2016.06.30 01:15:45.918,1.49089,1.49115,1.00,1.00
2016.06.30 01:15:45.970,1.49086,1.49115,1.00,1.50
2016.06.30 01:15:48.815,1.49084,1.49112,1.00,1.00
2016.06.30 01:15:54.238,1.49086,1.49114,1.00,1.00
2016.06.30 01:15:57.613,1.49084,1.49111,1.00,1.00
2016.06.30 01:16:00.044,1.49084,1.49111,1.00,1.75
2016.06.30 01:16:00.489,1.49084,1.49111,1.50,1.82
2016.06.30 01:16:00.540,1.49084,1.49111,2.25,1.15
2016.06.30 01:16:00.839,1.49084,1.49111,1.87,1.57
2016.06.30 01:16:01.374,1.49084,1.49111,1.50,2.25
2016.06.30 01:16:02.125,1.49084,1.49111,1.87,1.57
2016.06.30 01:16:02.176,1.49084,1.49111,2.25,1.15
2016.06.30 01:16:02.278,1.49086,1.49111,1.75,1.20
2016.06.30 01:16:05.115,1.49087,1.4911,1.20,1.00
2016.06.30 01:16:05.420,1.49074,1.49091,1.00,1.00
2016.06.30 01:16:05.724,1.49071,1.49089,1.00,1.65
2016.06.30 01:16:06.045,1.49069,1.49089,1.00,1.57
2016.06.30 01:16:06.552,1.4907,1.49089,1.00,1.57
2016.06.30 01:16:06.603,1.49072,1.49089,1.00,1.07
2016.06.30 01:16:07.111,1.49072,1.49089,1.00,1.10
2016.06.30 01:16:07.705,1.49071,1.49089,1.00,1.20
2016.06.30 01:16:09.116,1.49067,1.49089,1.20,1.20
2016.06.30 01:16:09.304,1.49067,1.49089,2.32,1.10
2016.06.30 01:16:09.456,1.4907,1.49089,1.12,1.00
2016.06.30 01:16:09.610,1.49068,1.4909,1.75,1.75
2016.06.30 01:16:09.662,1.49068,1.49087,1.00,1.20
2016.06.30 01:16:10.170,1.49067,1.49087,1.00,1.57
2016.06.30 01:16:10.528,1.49067,1.49089,1.00,1.87
2016.06.30 01:16:10.833,1.49068,1.49089,1.10,1.07
2016.06.30 01:16:11.365,1.49068,1.49089,1.00,1.20
2016.06.30 01:16:11.989,1.49068,1.49089,1.10,1.07
2016.06.30 01:16:15.357,1.49068,1.49092,1.47,1.87
2016.06.30 01:16:15.666,1.4907,1.49093,1.07,1.12
2016.06.30 01:16:15.920,1.49067,1.49093,1.17,1.12
2016.06.30 01:16:16.445,1.49069,1.49092,1.00,1.75
2016.06.30 01:16:17.587,1.4907,1.49092,1.00,1.12
2016.06.30 01:16:19.289,1.49071,1.49092,1.00,1.12
2016.06.30 01:16:23.275,1.49071,1.49093,1.00,2.44
2016.06.30 01:16:26.297,1.49073,1.49093,1.00,1.76
2016.06.30 01:16:29.209,1.49075,1.49093,1.00,1.57
2016.06.30 01:16:30.627,1.49075,1.49095,1.00,2.25
2016.06.30 01:16:31.282,1.49075,1.49095,1.00,1.20
2016.06.30 01:16:31.333,1.49072,1.49093,1.07,1.10
2016.06.30 01:16:31.405,1.49071,1.49092,1.57,1.00
2016.06.30 01:16:31.507,1.49072,1.49097,1.87,1.00
2016.06.30 01:16:31.558,1.49073,1.49098,2.32,1.87
2016.06.30 01:16:31.660,1.49081,1.49101,1.10,1.00
2016.06.30 01:16:31.711,1.4908,1.49104,1.09,2.02
2016.06.30 01:16:31.763,1.49087,1.49106,1.12,2.44
2016.06.30 01:16:31.864,1.49085,1.4911,1.12,1.57
2016.06.30 01:16:31.916,1.49084,1.4911,1.75,1.65
2016.06.30 01:16:32.068,1.4908,1.49106,1.01,2.00
2016.06.30 01:16:32.119,1.49078,1.49104,2.25,1.12
2016.06.30 01:16:32.661,1.49079,1.49105,1.31,1.12
2016.06.30 01:16:34.806,1.49076,1.49103,2.06,2.32
2016.06.30 01:16:34.857,1.49076,1.49102,1.39,1.87
2016.06.30 01:16:35.061,1.49076,1.49103,3.00,1.20
2016.06.30 01:16:35.580,1.49078,1.49103,1.39,1.15
2016.06.30 01:16:38.541,1.49078,1.491,1.12,1.00
2016.06.30 01:16:38.846,1.49074,1.49092,1.16,1.00
2016.06.30 01:16:39.152,1.49077,1.49092,1.00,1.00
2016.06.30 01:16:39.401,1.49079,1.49095,1.00,1.00
2016.06.30 01:16:40.043,1.4908,1.49095,1.00,1.00
2016.06.30 01:16:40.308,1.4908,1.49097,1.00,1.00
2016.06.30 01:16:40.359,1.49076,1.49097,1.70,1.00
2016.06.30 01:16:40.410,1.49076,1.49099,2.37,1.00
2016.06.30 01:16:40.461,1.49085,1.49101,1.00,1.00
2016.06.30 01:16:40.564,1.49082,1.49101,1.20,1.00
2016.06.30 01:16:40.615,1.49082,1.49099,1.10,1.00
2016.06.30 01:16:40.999,1.49077,1.49094,1.00,1.12
2016.06.30 01:16:41.050,1.49077,1.49094,1.00,1.00
2016.06.30 01:16:42.946,1.49075,1.49094,1.00,1.10
2016.06.30 01:16:43.150,1.4908,1.49096,1.00,1.76
2016.06.30 01:16:43.455,1.49081,1.491,1.12,1.37
2016.06.30 01:16:44.320,1.4908,1.49098,1.12,1.37
2016.06.30 01:16:44.372,1.49077,1.49098,1.12,1.37
2016.06.30 01:16:44.425,1.49076,1.49098,1.75,1.37
2016.06.30 01:16:44.582,1.49076,1.49094,1.75,1.00
2016.06.30 01:16:47.482,1.49075,1.49094,1.12,1.00
2016.06.30 01:16:48.075,1.49078,1.49094,1.75,1.00
2016.06.30 01:16:49.768,1.49076,1.49094,1.87,1.00
2016.06.30 01:16:49.893,1.49076,1.49096,1.87,1.00
2016.06.30 01:16:51.208,1.49076,1.49096,1.50,1.00
2016.06.30 01:16:51.865,1.49076,1.49096,1.20,1.00
2016.06.30 01:16:52.286,1.49076,1.49096,1.20,1.00
2016.06.30 01:16:55.296,1.49076,1.49096,1.57,1.00
2016.06.30 01:16:55.347,1.49081,1.49099,1.00,1.07
2016.06.30 01:16:55.398,1.49081,1.49099,2.62,1.00
2016.06.30 01:16:55.449,1.49085,1.49102,1.00,1.00
2016.06.30 01:16:55.863,1.49088,1.49102,1.00,1.00
2016.06.30 01:16:56.447,1.49085,1.49102,1.50,1.00
2016.06.30 01:17:00.660,1.49085,1.49104,1.00,1.00
2016.06.30 01:17:01.588,1.49084,1.49104,1.10,1.10
2016.06.30 01:17:01.690,1.49086,1.49104,1.00,1.00
2016.06.30 01:17:02.398,1.49087,1.49104,1.00,1.00
2016.06.30 01:17:02.915,1.49088,1.49104,1.00,1.00
2016.06.30 01:17:03.453,1.49087,1.49104,1.00,1.00
2016.06.30 01:17:05.666,1.49086,1.49106,1.50,1.10
2016.06.30 01:17:06.073,1.49088,1.49106,1.00,1.00
2016.06.30 01:17:06.378,1.49099,1.49115,1.75,1.75
2016.06.30 01:17:06.429,1.49102,1.49119,1.12,1.50
2016.06.30 01:17:06.531,1.491,1.49119,1.15,1.00
2016.06.30 01:17:06.703,1.491,1.49121,1.39,1.00
2016.06.30 01:17:07.226,1.49101,1.4912,1.26,1.00
2016.06.30 01:17:07.429,1.49099,1.49116,2.02,1.00
2016.06.30 01:17:07.481,1.49096,1.49116,1.57,1.10
2016.06.30 01:17:07.532,1.49095,1.49116,1.55,1.10
2016.06.30 01:17:07.684,1.49098,1.49118,1.37,1.10
2016.06.30 01:17:07.989,1.49098,1.49118,1.62,1.00
2016.06.30 01:17:08.380,1.49091,1.49112,2.62,1.00
2016.06.30 01:17:08.431,1.49091,1.49112,1.87,1.00
2016.06.30 01:17:08.584,1.49091,1.49111,1.00,1.07
2016.06.30 01:17:08.889,1.49089,1.49111,1.37,1.17
2016.06.30 01:17:09.425,1.4909,1.49111,1.50,1.00
2016.06.30 01:17:09.828,1.49091,1.49114,2.32,1.00
2016.06.30 01:17:09.879,1.49093,1.49114,1.95,1.00
2016.06.30 01:17:10.180,1.49094,1.49116,3.07,1.00
2016.06.30 01:17:10.282,1.49097,1.49116,1.54,1.00
2016.06.30 01:17:10.434,1.49094,1.49112,1.50,1.00
2016.06.30 01:17:10.486,1.49094,1.49112,1.00,1.00
2016.06.30 01:17:10.992,1.4909,1.49112,1.47,1.07
2016.06.30 01:17:11.429,1.49093,1.49112,1.69,1.00
2016.06.30 01:17:15.189,1.49092,1.49112,1.50,1.00
2016.06.30 01:17:15.291,1.49096,1.49115,1.12,1.00
2016.06.30 01:17:15.343,1.49097,1.49117,1.57,1.00
2016.06.30 01:17:15.394,1.49097,1.49117,2.51,1.00
2016.06.30 01:17:15.496,1.49097,1.49117,1.76,1.10
2016.06.30 01:17:15.547,1.49095,1.49114,1.95,1.00
2016.06.30 01:17:15.598,1.49095,1.49111,1.49,1.00
2016.06.30 01:17:15.700,1.49093,1.49111,1.57,1.00
2016.06.30 01:17:15.802,1.49092,1.49111,1.00,1.00
2016.06.30 01:17:16.396,1.49091,1.4911,1.10,1.00
2016.06.30 01:17:16.750,1.49091,1.4911,1.27,1.00
2016.06.30 01:17:17.276,1.49091,1.4911,2.19,1.00
2016.06.30 01:17:17.429,1.4909,1.4911,1.10,1.00
2016.06.30 01:17:18.300,1.49084,1.49096,1.47,1.00
2016.06.30 01:17:18.409,1.49078,1.49093,1.37,1.00
2016.06.30 01:17:18.511,1.49078,1.49093,1.00,1.00
2016.06.30 01:17:18.613,1.49076,1.49093,1.00,1.00
2016.06.30 01:17:19.126,1.49077,1.49099,1.00,1.65
2016.06.30 01:17:19.177,1.49077,1.49101,1.37,2.25
2016.06.30 01:17:19.481,1.49084,1.49101,1.20,1.00
2016.06.30 01:17:19.533,1.49084,1.49105,1.20,1.00
2016.06.30 01:17:20.089,1.49085,1.49105,1.26,1.00
2016.06.30 01:17:22.581,1.49086,1.49105,1.00,1.00
2016.06.30 01:17:23.169,1.49088,1.49105,1.00,1.00
2016.06.30 01:17:25.021,1.49088,1.49108,1.00,1.10
2016.06.30 01:17:25.073,1.49086,1.49108,1.10,1.00
2016.06.30 01:17:25.304,1.49088,1.49108,1.00,1.00
2016.06.30 01:17:27.403,1.49087,1.49108,1.00,1.00
2016.06.30 01:17:27.935,1.49088,1.49108,1.00,1.00
2016.06.30 01:17:30.451,1.49088,1.49109,1.00,1.00
2016.06.30 01:17:35.706,1.49088,1.49099,1.00,1.00
2016.06.30 01:17:35.757,1.49085,1.49099,1.00,1.50
2016.06.30 01:17:35.859,1.49077,1.49099,1.00,1.76
2016.06.30 01:17:36.063,1.4908,1.49096,1.00,1.00
2016.06.30 01:17:36.300,1.49075,1.49096,1.00,1.00
2016.06.30 01:17:36.506,1.49075,1.49098,1.00,1.00
2016.06.30 01:17:36.557,1.4908,1.49098,1.00,1.50
2016.06.30 01:17:36.659,1.49077,1.49098,1.07,1.50
2016.06.30 01:17:36.863,1.49077,1.49098,1.00,1.50
2016.06.30 01:17:37.173,1.49077,1.49096,1.00,1.12
2016.06.30 01:17:38.266,1.49077,1.49097,1.00,1.60
2016.06.30 01:17:38.640,1.49077,1.49095,1.00,1.82
2016.06.30 01:17:38.742,1.49071,1.49092,1.00,1.50
2016.06.30 01:17:38.844,1.49071,1.49089,1.00,1.12
2016.06.30 01:17:38.996,1.4907,1.49088,1.00,1.20
2016.06.30 01:17:39.117,1.49073,1.49088,1.00,1.20
2016.06.30 01:17:39.422,1.49071,1.4909,1.00,1.20
2016.06.30 01:17:44.331,1.49068,1.49087,1.00,1.07
2016.06.30 01:17:44.438,1.49068,1.49087,1.00,2.32
2016.06.30 01:17:44.982,1.49067,1.49087,1.00,2.32
2016.06.30 01:17:45.735,1.4906,1.49081,3.07,1.94
2016.06.30 01:17:45.787,1.4906,1.49069,1.00,1.37
2016.06.30 01:17:45.838,1.49054,1.49069,2.25,1.37
2016.06.30 01:17:45.889,1.49054,1.49067,1.50,1.12
2016.06.30 01:17:45.940,1.49049,1.49067,1.37,1.20
2016.06.30 01:17:47.152,1.49053,1.49068,1.00,1.47
2016.06.30 01:17:47.532,1.49053,1.4907,1.00,1.20
2016.06.30 01:17:48.045,1.49053,1.4907,1.00,1.17
2016.06.30 01:17:48.435,1.49057,1.4907,1.00,1.17
2016.06.30 01:17:48.841,1.49056,1.49073,1.00,1.20
2016.06.30 01:17:49.044,1.49061,1.49073,1.00,1.57
2016.06.30 01:17:49.584,1.49061,1.49073,1.00,1.07
2016.06.30 01:17:50.263,1.49061,1.49073,1.00,1.51
2016.06.30 01:17:50.831,1.49061,1.49073,1.00,1.07
2016.06.30 01:17:50.933,1.49061,1.49077,1.00,2.25
2016.06.30 01:17:51.035,1.49063,1.49081,1.75,1.75
2016.06.30 01:17:51.086,1.49066,1.49087,1.15,1.00
2016.06.30 01:17:51.237,1.49068,1.49087,1.50,1.00
2016.06.30 01:17:51.543,1.4907,1.4909,1.75,1.44
2016.06.30 01:17:52.177,1.4907,1.4909,1.00,1.57
2016.06.30 01:17:52.279,1.4907,1.4909,1.20,1.44
2016.06.30 01:17:53.228,1.4907,1.4909,1.82,1.44
2016.06.30 01:17:53.280,1.49071,1.49093,1.12,1.19
2016.06.30 01:17:53.383,1.4907,1.49093,1.50,1.19
2016.06.30 01:17:53.536,1.49077,1.49093,1.00,1.19
2016.06.30 01:17:54.049,1.49079,1.49093,1.00,1.39
2016.06.30 01:17:54.256,1.49069,1.49093,1.20,1.39
2016.06.30 01:17:54.358,1.49068,1.49093,1.15,2.32
2016.06.30 01:17:54.750,1.49068,1.49087,1.00,1.60
2016.06.30 01:17:54.953,1.49068,1.49091,1.00,1.57
2016.06.30 01:17:55.471,1.49068,1.49091,1.17,1.47
2016.06.30 01:17:56.087,1.49069,1.49091,1.75,1.37
2016.06.30 01:17:56.240,1.49072,1.49093,1.12,1.44
2016.06.30 01:17:56.524,1.4907,1.49093,1.17,1.20
2016.06.30 01:17:56.575,1.49078,1.49093,1.00,1.20
2016.06.30 01:17:57.390,1.49077,1.49093,1.00,1.20
2016.06.30 01:17:57.644,1.4907,1.49093,1.17,1.47
2016.06.30 01:17:57.745,1.4907,1.49093,1.85,1.37
2016.06.30 01:17:58.447,1.4907,1.49093,1.87,1.19
2016.06.30 01:17:58.548,1.4907,1.49093,1.20,1.36
2016.06.30 01:17:58.650,1.4907,1.49093,1.17,1.76
2016.06.30 01:17:58.966,1.49079,1.49093,1.00,1.36
2016.06.30 01:17:59.277,1.49077,1.49092,1.00,2.00
2016.06.30 01:18:00.266,1.49077,1.49091,1.00,1.12
2016.06.30 01:18:00.774,1.49079,1.49091,1.00,1.12
2016.06.30 01:18:00.927,1.49079,1.49092,1.00,2.00
2016.06.30 01:18:03.187,1.4907,1.49092,1.00,1.60
2016.06.30 01:18:03.265,1.4907,1.49093,1.00,2.25
2016.06.30 01:18:03.938,1.4907,1.49092,1.00,2.00
2016.06.30 01:18:04.192,1.49078,1.49093,1.00,2.06
2016.06.30 01:18:05.582,1.4907,1.49093,1.00,2.06
2016.06.30 01:18:05.633,1.4907,1.49091,1.00,1.55
2016.06.30 01:18:05.937,1.49065,1.49084,1.12,1.19
2016.06.30 01:18:06.039,1.4906,1.49084,2.51,1.20
2016.06.30 01:18:06.090,1.49064,1.49085,1.00,1.12
2016.06.30 01:18:06.141,1.49064,1.49087,1.15,1.20
2016.06.30 01:18:06.243,1.49064,1.49087,1.00,1.87
2016.06.30 01:18:06.792,1.49064,1.49087,1.17,1.20
2016.06.30 01:18:07.138,1.49068,1.49089,1.00,1.31
2016.06.30 01:18:07.743,1.49067,1.4909,1.10,2.62
2016.06.30 01:18:08.869,1.49067,1.4909,1.09,1.57
2016.06.30 01:18:08.921,1.49067,1.4909,1.39,1.17
2016.06.30 01:18:09.624,1.49067,1.4909,1.76,1.20
2016.06.30 01:18:10.967,1.49069,1.4909,1.10,1.07
2016.06.30 01:18:11.294,1.4907,1.49091,1.00,1.87
2016.06.30 01:18:11.497,1.49068,1.4909,1.00,1.12
2016.06.30 01:18:13.353,1.49068,1.49091,1.10,1.75
2016.06.30 01:18:13.713,1.49068,1.49093,1.10,2.25
2016.06.30 01:18:13.916,1.4907,1.49093,1.00,2.25
2016.06.30 01:18:14.600,1.49068,1.49093,1.20,2.25
2016.06.30 01:18:14.701,1.49068,1.49092,1.20,1.12
2016.06.30 01:18:15.467,1.49068,1.49093,1.07,1.87
2016.06.30 01:18:15.994,1.4907,1.49093,1.00,1.20
2016.06.30 01:18:18.990,1.4907,1.49093,1.00,1.76
2016.06.30 01:18:20.515,1.4907,1.49093,1.19,2.25
2016.06.30 01:18:21.408,1.4907,1.49092,1.19,1.12
2016.06.30 01:18:21.977,1.4907,1.49086,1.19,1.00
2016.06.30 01:18:22.130,1.49062,1.49083,1.57,1.57
2016.06.30 01:18:22.181,1.49062,1.49083,1.37,2.25
2016.06.30 01:18:22.333,1.49062,1.49083,1.37,1.15
2016.06.30 01:18:22.435,1.49062,1.49083,1.37,1.20
2016.06.30 01:18:22.638,1.49062,1.49083,1.57,1.00
2016.06.30 01:18:23.074,1.49062,1.49083,1.37,1.20
2016.06.30 01:18:29.553,1.49067,1.49088,1.45,1.85
2016.06.30 01:18:29.604,1.49067,1.49089,1.45,1.07
2016.06.30 01:18:30.157,1.49067,1.49089,1.57,1.10
2016.06.30 01:18:35.047,1.49071,1.49092,1.26,1.07
2016.06.30 01:18:35.149,1.49071,1.49095,1.36,1.17
2016.06.30 01:18:35.252,1.49074,1.49095,1.19,1.17
2016.06.30 01:18:35.782,1.49077,1.49095,1.00,1.17
2016.06.30 01:18:38.621,1.49074,1.49095,1.10,1.09
2016.06.30 01:18:39.542,1.49074,1.49095,1.07,1.01
2016.06.30 01:18:43.184,1.49074,1.49096,1.10,2.32
2016.06.30 01:18:43.336,1.49075,1.49096,1.00,1.15
2016.06.30 01:18:43.438,1.49078,1.49096,1.00,1.15
2016.06.30 01:18:45.004,1.49078,1.49096,1.00,1.10
2016.06.30 01:18:45.336,1.4908,1.49099,1.44,1.12
2016.06.30 01:18:45.489,1.49091,1.49112,1.01,1.20
2016.06.30 01:18:45.540,1.49091,1.49114,1.25,2.25
2016.06.30 01:18:45.641,1.49091,1.49116,1.20,1.95
2016.06.30 01:18:45.946,1.49087,1.4911,1.76,1.82
2016.06.30 01:18:46.048,1.49083,1.49107,1.32,1.15
2016.06.30 01:18:46.150,1.49081,1.49105,1.50,1.75
2016.06.30 01:18:46.253,1.49081,1.49104,1.00,1.12
2016.06.30 01:18:46.476,1.49079,1.49102,1.25,1.17
2016.06.30 01:18:46.629,1.49079,1.49102,1.25,2.25
2016.06.30 01:18:49.117,1.49078,1.49101,1.19,1.12
2016.06.30 01:18:54.242,1.49078,1.491,1.00,1.87
2016.06.30 01:18:54.946,1.49075,1.491,2.14,1.87
2016.06.30 01:18:56.946,1.49075,1.491,2.32,1.87
2016.06.30 01:18:58.310,1.49077,1.491,1.44,1.20
2016.06.30 01:19:02.850,1.49078,1.491,1.19,1.20
2016.06.30 01:19:11.270,1.49078,1.49101,1.25,1.12
2016.06.30 01:19:11.575,1.49078,1.49099,1.00,1.20
2016.06.30 01:19:11.677,1.49078,1.49099,1.00,1.57
2016.06.30 01:19:18.322,1.49077,1.491,1.00,1.87
2016.06.30 01:19:22.605,1.49078,1.491,1.00,1.87
2016.06.30 01:19:23.164,1.49079,1.491,1.00,1.12
2016.06.30 01:19:23.242,1.49078,1.49102,1.57,2.44
2016.06.30 01:19:23.293,1.49087,1.49103,1.00,1.75
2016.06.30 01:19:23.395,1.49087,1.49108,1.87,1.00
2016.06.30 01:19:23.446,1.49087,1.49112,1.87,1.12
2016.06.30 01:19:23.497,1.49089,1.49114,1.87,1.57
2016.06.30 01:19:23.599,1.4909,1.49114,1.27,1.27
2016.06.30 01:19:24.141,1.4909,1.49114,1.12,1.79
2016.06.30 01:19:24.666,1.4909,1.49114,1.20,2.19
2016.06.30 01:19:25.201,1.49089,1.49112,2.32,1.01
2016.06.30 01:19:25.579,1.49091,1.49113,1.00,1.76
2016.06.30 01:19:25.782,1.49091,1.49113,1.17,1.36
2016.06.30 01:19:26.617,1.49091,1.49113,1.17,1.27
2016.06.30 01:19:27.226,1.49091,1.49114,1.20,1.45
2016.06.30 01:19:27.413,1.49091,1.49114,1.39,1.07
2016.06.30 01:19:29.618,1.49089,1.49113,2.06,1.75
2016.06.30 01:19:29.923,1.49079,1.49102,1.19,1.87
2016.06.30 01:19:30.501,1.49077,1.49101,1.95,1.87
2016.06.30 01:19:31.020,1.49077,1.49101,1.95,1.20
2016.06.30 01:19:31.776,1.49077,1.49101,1.57,1.20
2016.06.30 01:19:35.554,1.49079,1.491,1.00,1.17
2016.06.30 01:19:36.234,1.49079,1.49103,1.07,1.75
2016.06.30 01:19:36.538,1.49082,1.49107,1.87,1.20
2016.06.30 01:19:36.843,1.4908,1.49105,1.07,1.12
2016.06.30 01:19:37.752,1.49078,1.49104,1.15,1.57
2016.06.30 01:19:38.958,1.49078,1.49102,1.65,1.82
2016.06.30 01:19:39.466,1.49078,1.49101,1.57,1.12
2016.06.30 01:19:42.220,1.49078,1.49102,1.15,1.15
2016.06.30 01:19:42.479,1.49079,1.49102,1.20,1.52
2016.06.30 01:19:42.784,1.49083,1.49104,1.12,1.37
2016.06.30 01:19:42.836,1.4908,1.49104,1.87,1.37
2016.06.30 01:19:42.937,1.49083,1.49103,1.12,1.37
2016.06.30 01:19:43.039,1.49079,1.49103,1.12,1.50
2016.06.30 01:19:43.090,1.49078,1.49103,2.32,1.57
2016.06.30 01:19:43.597,1.49078,1.49103,1.65,1.57
2016.06.30 01:19:49.691,1.49078,1.49102,1.20,1.87
2016.06.30 01:19:50.887,1.49079,1.49102,1.00,1.87
2016.06.30 01:19:56.166,1.49079,1.49098,1.00,1.00
2016.06.30 01:19:57.698,1.49076,1.49098,1.65,1.17
2016.06.30 01:19:57.859,1.49076,1.49096,1.00,1.15
2016.06.30 01:19:57.911,1.49074,1.49096,1.00,1.15
2016.06.30 01:19:58.449,1.49074,1.49096,1.07,1.07
2016.06.30 01:20:00.411,1.49074,1.49093,1.07,1.00
2016.06.30 01:20:01.151,1.49074,1.49093,1.20,1.00
2016.06.30 01:20:02.299,1.49076,1.49093,1.22,1.00
2016.06.30 01:20:02.606,1.49078,1.49095,1.30,1.00
2016.06.30 01:20:03.716,1.49078,1.49095,1.12,1.00
2016.06.30 01:20:04.540,1.49078,1.491,1.12,1.87
2016.06.30 01:20:04.743,1.49079,1.49099,1.12,1.00
2016.06.30 01:20:04.906,1.49079,1.49095,1.12,1.00
2016.06.30 01:20:06.923,1.49076,1.49098,1.22,1.20
2016.06.30 01:20:07.075,1.49075,1.49098,1.25,1.10
2016.06.30 01:20:12.426,1.49074,1.49101,3.00,2.44
2016.06.30 01:20:14.011,1.49074,1.49098,2.25,1.50
2016.06.30 01:20:14.155,1.49072,1.49098,1.12,1.87
2016.06.30 01:20:14.207,1.4907,1.49097,3.00,1.12
2016.06.30 01:20:14.512,1.49073,1.49097,1.12,1.36
2016.06.30 01:20:14.825,1.49073,1.49097,1.57,1.01
2016.06.30 01:20:15.283,1.49073,1.49098,1.17,2.14
2016.06.30 01:20:15.785,1.49075,1.49098,1.00,2.14
2016.06.30 01:20:17.272,1.49075,1.49096,1.00,1.01
2016.06.30 01:20:19.323,1.49075,1.49098,1.00,2.81
2016.06.30 01:20:19.893,1.49075,1.49098,1.00,1.39
2016.06.30 01:20:22.631,1.49076,1.49099,1.50,1.79
2016.06.30 01:20:22.733,1.49078,1.491,1.00,3.00
2016.06.30 01:20:24.706,1.49079,1.491,1.00,2.81
2016.06.30 01:20:25.256,1.49076,1.491,1.50,2.81
2016.06.30 01:20:26.216,1.49079,1.491,1.00,3.00
2016.06.30 01:20:29.597,1.4908,1.49099,1.00,1.20
2016.06.30 01:20:30.097,1.49077,1.49099,1.00,1.20
2016.06.30 01:20:30.148,1.49077,1.49099,1.37,1.20
2016.06.30 01:20:30.937,1.49079,1.49099,1.37,1.07
2016.06.30 01:20:31.473,1.49079,1.49099,1.37,1.07
2016.06.30 01:20:33.125,1.49079,1.49099,1.57,1.00
2016.06.30 01:20:33.531,1.49079,1.49102,1.57,1.15
2016.06.30 01:20:35.755,1.49079,1.49102,1.20,1.27
2016.06.30 01:20:39.565,1.49079,1.49102,1.20,1.17
2016.06.30 01:20:42.808,1.49079,1.49101,1.00,1.75
2016.06.30 01:20:43.112,1.49079,1.49098,1.00,1.75
2016.06.30 01:20:46.942,1.49079,1.49098,1.37,1.75
2016.06.30 01:20:49.055,1.49081,1.49099,1.37,1.75
2016.06.30 01:20:49.619,1.49083,1.49099,1.00,1.75
2016.06.30 01:20:49.822,1.49083,1.49101,1.37,1.75
2016.06.30 01:20:51.907,1.49083,1.49103,1.37,1.87
2016.06.30 01:20:53.813,1.49083,1.49103,1.00,1.87
2016.06.30 01:20:55.255,1.4908,1.49103,1.00,1.87
2016.06.30 01:20:55.357,1.49079,1.491,1.50,1.87
2016.06.30 01:20:55.864,1.4908,1.49099,1.00,1.12
2016.06.30 01:20:59.171,1.4908,1.491,1.00,1.57
2016.06.30 01:20:59.716,1.49081,1.49101,1.00,1.12
2016.06.30 01:21:00.021,1.49083,1.49103,1.00,1.87
2016.06.30 01:21:00.378,1.49086,1.49103,1.00,1.57
2016.06.30 01:21:00.429,1.49084,1.49103,1.00,1.57
2016.06.30 01:21:01.170,1.49083,1.49103,1.00,1.57
2016.06.30 01:21:02.633,1.49081,1.49104,1.87,1.12
2016.06.30 01:21:03.019,1.4908,1.491,1.37,1.75
2016.06.30 01:21:03.528,1.49076,1.49099,1.87,1.12
2016.06.30 01:21:04.032,1.49076,1.49099,1.87,1.12
2016.06.30 01:21:07.053,1.49077,1.49099,1.37,2.10
2016.06.30 01:21:08.520,1.49077,1.49099,1.37,1.50
2016.06.30 01:21:09.078,1.49077,1.49099,1.37,1.57
2016.06.30 01:21:11.733,1.49081,1.49101,1.12,1.75
2016.06.30 01:21:11.936,1.49081,1.49103,1.12,1.20
2016.06.30 01:21:12.467,1.49082,1.49103,1.00,1.20
2016.06.30 01:21:13.069,1.49082,1.49103,1.37,1.20
2016.06.30 01:21:14.923,1.49084,1.49103,1.37,1.10
2016.06.30 01:21:15.028,1.49084,1.49103,1.37,1.10
2016.06.30 01:21:15.189,1.49084,1.49108,2.02,2.02
2016.06.30 01:21:15.241,1.49084,1.49109,2.40,1.20
2016.06.30 01:21:16.331,1.49086,1.4911,1.55,1.12
2016.06.30 01:21:17.776,1.49086,1.49109,1.37,1.75
2016.06.30 01:21:20.099,1.49086,1.49107,1.37,1.12
2016.06.30 01:21:20.302,1.49089,1.49109,1.87,1.12
2016.06.30 01:21:20.487,1.49096,1.49114,1.00,1.87
2016.06.30 01:21:20.640,1.49096,1.49118,1.37,2.62
2016.06.30 01:21:20.742,1.49096,1.4912,1.57,1.50
2016.06.30 01:21:20.894,1.49102,1.49123,1.00,1.12
2016.06.30 01:21:21.097,1.491,1.49119,1.25,1.10
2016.06.30 01:21:21.199,1.49095,1.49119,1.00,2.85
2016.06.30 01:21:21.301,1.49095,1.49114,1.00,1.12
2016.06.30 01:21:21.818,1.49096,1.49114,1.00,1.12
2016.06.30 01:21:22.177,1.49093,1.49114,1.50,1.12
2016.06.30 01:21:22.703,1.49093,1.49114,1.87,1.12
2016.06.30 01:21:23.641,1.49093,1.49114,1.00,1.12
2016.06.30 01:21:23.742,1.4909,1.49115,1.69,2.32
2016.06.30 01:21:24.250,1.49089,1.49113,1.44,3.22
2016.06.30 01:21:24.967,1.4909,1.49113,1.00,3.22
2016.06.30 01:21:25.271,1.49088,1.49113,1.31,3.00
2016.06.30 01:21:25.600,1.49092,1.49113,1.00,3.00
2016.06.30 01:21:26.760,1.49092,1.49112,1.37,1.15
2016.06.30 01:21:26.862,1.49093,1.49113,2.25,1.00
2016.06.30 01:21:26.913,1.49093,1.49119,3.37,1.00
2016.06.30 01:21:27.421,1.49099,1.49121,1.00,1.50
2016.06.30 01:21:27.965,1.49098,1.49121,1.27,1.15
2016.06.30 01:21:28.170,1.49098,1.49123,1.55,2.70
2016.06.30 01:21:28.476,1.491,1.49122,1.37,1.12
2016.06.30 01:21:29.755,1.49099,1.49123,1.50,3.00
2016.06.30 01:21:30.273,1.49099,1.49123,1.65,2.25
2016.06.30 01:21:30.325,1.49099,1.49123,2.02,2.25
2016.06.30 01:21:30.579,1.49099,1.49123,1.27,1.50
2016.06.30 01:21:30.681,1.49101,1.49123,1.00,1.50
2016.06.30 01:21:30.903,1.49099,1.49124,1.27,1.75
2016.06.30 01:21:31.107,1.49099,1.49122,1.12,1.75
2016.06.30 01:21:31.978,1.49099,1.49124,1.20,1.87
2016.06.30 01:21:37.881,1.49099,1.49124,1.20,1.65
2016.06.30 01:21:39.100,1.49102,1.49124,1.00,1.65
2016.06.30 01:21:41.727,1.49099,1.49124,1.95,1.65
2016.06.30 01:21:41.828,1.49099,1.49121,1.20,1.00
2016.06.30 01:21:41.880,1.49099,1.49121,1.00,1.65
2016.06.30 01:21:41.982,1.49097,1.49119,1.25,1.12
2016.06.30 01:21:42.671,1.49097,1.49121,1.84,2.25
2016.06.30 01:21:43.494,1.49097,1.49121,1.65,1.95
2016.06.30 01:21:44.003,1.49098,1.49121,1.20,1.65
2016.06.30 01:21:44.749,1.49098,1.49121,1.87,1.57
2016.06.30 01:21:46.089,1.49099,1.49124,1.50,1.84
2016.06.30 01:21:48.685,1.491,1.49123,1.10,1.01
2016.06.30 01:21:48.889,1.49103,1.49126,1.00,2.62
2016.06.30 01:21:50.540,1.49105,1.49126,1.00,1.50
2016.06.30 01:21:50.795,1.49102,1.49124,1.47,1.10
2016.06.30 01:21:50.897,1.49102,1.49124,1.87,1.19
2016.06.30 01:21:50.999,1.49097,1.49121,1.20,1.12
2016.06.30 01:21:51.520,1.49096,1.4912,2.32,1.12
2016.06.30 01:21:53.375,1.49096,1.4912,1.10,1.12
2016.06.30 01:21:57.022,1.49097,1.4912,1.00,1.12
2016.06.30 01:21:57.073,1.49097,1.4912,1.87,1.12
2016.06.30 01:21:57.440,1.49097,1.49118,1.00,1.12
2016.06.30 01:21:57.955,1.49097,1.4912,1.00,1.12
2016.06.30 01:21:58.684,1.49097,1.49121,1.20,1.20
2016.06.30 01:22:00.559,1.49096,1.4912,1.65,1.12
2016.06.30 01:22:01.060,1.49097,1.49119,1.00,2.10
2016.06.30 01:22:01.569,1.49095,1.49119,1.10,1.87
2016.06.30 01:22:03.802,1.49092,1.49113,1.57,1.00
2016.06.30 01:22:03.853,1.4909,1.49113,2.25,1.00
2016.06.30 01:22:04.103,1.4909,1.49113,1.00,1.20
2016.06.30 01:22:04.306,1.49091,1.49117,1.40,2.44
2016.06.30 01:22:04.850,1.49092,1.49117,1.65,1.69
2016.06.30 01:22:06.485,1.49092,1.49116,1.45,1.26
2016.06.30 01:22:06.790,1.49099,1.49119,1.00,1.12
2016.06.30 01:22:06.841,1.49099,1.49122,1.95,2.10
2016.06.30 01:22:06.892,1.491,1.49122,1.17,1.00
2016.06.30 01:22:07.187,1.49101,1.49125,2.62,1.99
2016.06.30 01:22:07.492,1.49096,1.49117,3.00,1.25
2016.06.30 01:22:07.747,1.49089,1.49113,1.00,1.87
2016.06.30 01:22:08.254,1.49088,1.49113,1.01,2.62
2016.06.30 01:22:08.808,1.49087,1.49113,1.39,2.25
2016.06.30 01:22:09.676,1.49086,1.49113,3.75,2.62
2016.06.30 01:22:10.277,1.49086,1.49111,1.65,1.12
2016.06.30 01:22:11.486,1.49086,1.49111,1.65,2.62
2016.06.30 01:22:17.488,1.49087,1.49111,1.20,1.20
2016.06.30 01:22:18.684,1.49088,1.49112,1.17,1.09
2016.06.30 01:22:21.551,1.4909,1.49112,1.00,1.09
2016.06.30 01:22:22.097,1.4909,1.49114,1.65,1.39
2016.06.30 01:22:24.541,1.4909,1.49113,1.10,1.57
2016.06.30 01:22:25.356,1.49091,1.49113,1.00,1.76
2016.06.30 01:22:25.661,1.491,1.49124,1.44,2.25
2016.06.30 01:22:25.763,1.49101,1.49124,2.89,1.07
2016.06.30 01:22:26.067,1.49105,1.49126,1.00,1.12
2016.06.30 01:22:26.119,1.49105,1.49127,1.00,2.05
2016.06.30 01:22:27.003,1.49105,1.49126,1.00,1.12
2016.06.30 01:22:27.409,1.49103,1.49126,1.00,1.12
2016.06.30 01:22:29.475,1.49105,1.49126,1.00,1.12
2016.06.30 01:22:31.180,1.49105,1.49128,1.00,1.20
2016.06.30 01:22:31.828,1.49105,1.49129,1.17,1.79
2016.06.30 01:22:31.930,1.49102,1.49127,1.00,2.00
2016.06.30 01:22:32.840,1.49102,1.49127,1.19,1.75
2016.06.30 01:22:33.932,1.49102,1.49126,1.25,1.50
2016.06.30 01:22:34.434,1.49101,1.49126,2.51,1.12
2016.06.30 01:22:36.651,1.49102,1.49126,1.44,1.12
2016.06.30 01:22:37.190,1.49102,1.49127,1.44,3.37
2016.06.30 01:22:37.501,1.49105,1.49127,1.00,3.60
2016.06.30 01:22:38.117,1.49105,1.49127,1.00,3.75
2016.06.30 01:22:38.624,1.49105,1.49123,1.00,1.10
2016.06.30 01:22:38.676,1.49101,1.49123,1.37,1.10
2016.06.30 01:22:38.727,1.49101,1.49123,1.10,1.20
2016.06.30 01:22:39.032,1.49098,1.49119,1.00,1.57
2016.06.30 01:22:39.535,1.49097,1.4912,1.69,1.12
2016.06.30 01:22:39.637,1.49097,1.49121,1.17,2.06
2016.06.30 01:22:39.779,1.49097,1.49121,1.55,1.17
2016.06.30 01:22:39.933,1.491,1.49126,1.82,1.64
2016.06.30 01:22:39.984,1.491,1.49125,1.15,1.20
2016.06.30 01:22:40.085,1.491,1.49124,1.17,1.12
2016.06.30 01:22:40.693,1.491,1.49125,1.20,1.01
2016.06.30 01:22:41.594,1.491,1.49126,1.87,1.31
2016.06.30 01:22:41.938,1.491,1.49126,1.17,1.31
2016.06.30 01:22:42.913,1.491,1.49124,1.20,1.39
2016.06.30 01:22:45.423,1.491,1.49125,1.20,1.01
2016.06.30 01:22:45.950,1.491,1.49126,1.87,1.79
2016.06.30 01:22:46.568,1.491,1.49125,1.20,1.31
2016.06.30 01:22:47.862,1.491,1.49123,1.00,1.20
2016.06.30 01:22:48.567,1.491,1.49125,1.10,1.50
2016.06.30 01:22:49.096,1.491,1.49126,1.50,1.12
2016.06.30 01:22:49.401,1.491,1.49124,1.17,1.79
2016.06.30 01:22:49.641,1.491,1.49126,1.50,1.12
2016.06.30 01:22:55.417,1.49099,1.49121,1.75,1.00
2016.06.30 01:22:55.721,1.49097,1.49114,1.00,2.00
2016.06.30 01:22:55.823,1.49098,1.49116,1.00,1.87
2016.06.30 01:22:56.214,1.49097,1.49116,1.00,1.17
2016.06.30 01:22:57.419,1.49095,1.49116,1.50,1.17
2016.06.30 01:22:57.521,1.49099,1.49116,1.00,1.20
2016.06.30 01:22:58.937,1.49101,1.49116,1.00,1.20
2016.06.30 01:22:59.943,1.49101,1.49118,1.00,1.12
2016.06.30 01:23:00.491,1.49101,1.49117,1.00,1.12
2016.06.30 01:23:01.934,1.49097,1.49117,1.00,1.75
2016.06.30 01:23:02.087,1.49097,1.4912,1.50,2.06
2016.06.30 01:23:02.139,1.49103,1.4912,1.00,2.06
2016.06.30 01:23:02.444,1.49103,1.49117,1.00,1.75
2016.06.30 01:23:03.016,1.491,1.49117,1.00,1.75
2016.06.30 01:23:03.574,1.49101,1.49117,1.00,1.75
2016.06.30 01:23:03.626,1.491,1.4912,1.00,1.87
2016.06.30 01:23:04.129,1.49101,1.4912,1.00,1.12
2016.06.30 01:23:08.306,1.49099,1.4912,1.00,1.12
2016.06.30 01:23:08.461,1.49099,1.49121,1.00,1.75
2016.06.30 01:23:08.907,1.49101,1.49121,1.00,1.75
2016.06.30 01:23:09.927,1.49098,1.4912,1.00,1.25
2016.06.30 01:23:09.982,1.49099,1.49119,1.00,1.12
2016.06.30 01:23:10.084,1.49099,1.49122,1.65,1.15
2016.06.30 01:23:10.185,1.491,1.49122,1.00,1.57
2016.06.30 01:23:10.490,1.491,1.4912,1.00,1.75
2016.06.30 01:23:11.016,1.49102,1.49121,1.00,1.12
2016.06.30 01:23:14.152,1.49102,1.49122,1.00,1.75
2016.06.30 01:23:15.923,1.49101,1.49122,1.00,1.75
2016.06.30 01:23:16.696,1.49101,1.49123,1.00,1.12
2016.06.30 01:23:16.849,1.49101,1.49124,1.32,1.20
2016.06.30 01:23:16.900,1.49101,1.49122,1.25,1.12
2016.06.30 01:23:17.642,1.49105,1.49122,1.00,1.12
2016.06.30 01:23:17.694,1.49105,1.49123,1.00,1.75
2016.06.30 01:23:17.745,1.49102,1.49123,1.00,1.75
2016.06.30 01:23:17.847,1.491,1.49123,2.44,1.75
2016.06.30 01:23:17.912,1.491,1.49125,2.51,1.12
2016.06.30 01:23:17.964,1.49107,1.49125,1.00,1.12
2016.06.30 01:23:18.231,1.49104,1.49126,1.00,1.12
2016.06.30 01:23:20.755,1.49102,1.49126,1.10,1.12
2016.06.30 01:23:23.454,1.49102,1.49119,1.00,1.00
2016.06.30 01:23:23.761,1.49093,1.4911,1.00,1.12
2016.06.30 01:23:24.119,1.49093,1.4911,1.37,1.12
2016.06.30 01:23:24.714,1.49095,1.4911,1.37,1.12
2016.06.30 01:23:24.767,1.49095,1.4911,1.44,1.12
2016.06.30 01:23:24.921,1.49095,1.4911,1.37,1.12
2016.06.30 01:23:25.027,1.49095,1.4911,1.00,1.12
2016.06.30 01:23:25.078,1.49095,1.49113,1.00,1.12
2016.06.30 01:23:25.180,1.49095,1.49116,1.00,2.25
2016.06.30 01:23:25.232,1.49101,1.49116,1.00,2.25
2016.06.30 01:23:25.828,1.49098,1.49116,1.00,2.25
2016.06.30 01:23:26.827,1.49097,1.49116,1.00,2.25
2016.06.30 01:23:28.931,1.49097,1.49115,1.00,1.57
2016.06.30 01:23:29.135,1.49094,1.49114,1.25,1.12
2016.06.30 01:23:29.978,1.49093,1.49114,1.00,1.12
2016.06.30 01:23:30.079,1.49095,1.49115,1.00,1.12
2016.06.30 01:23:30.386,1.49095,1.49112,1.00,1.12
2016.06.30 01:23:32.850,1.49092,1.49112,1.00,1.12
2016.06.30 01:23:34.453,1.49093,1.49112,1.00,1.12
2016.06.30 01:23:35.009,1.49092,1.49112,1.00,1.75
2016.06.30 01:23:37.030,1.49091,1.49112,1.00,2.25
2016.06.30 01:23:37.389,1.49091,1.49112,1.00,1.15
2016.06.30 01:23:39.372,1.49091,1.4911,1.00,1.00
2016.06.30 01:23:40.409,1.49091,1.49109,1.00,1.00
2016.06.30 01:23:40.460,1.49091,1.49107,1.00,1.00
2016.06.30 01:23:40.986,1.49092,1.49107,1.00,1.00
2016.06.30 01:23:42.336,1.49092,1.49108,1.00,1.10
2016.06.30 01:23:42.890,1.49092,1.4911,1.00,1.65
2016.06.30 01:23:43.198,1.49094,1.4911,1.00,1.65
2016.06.30 01:23:45.206,1.49094,1.4911,1.00,1.00
2016.06.30 01:23:47.576,1.49097,1.4911,1.00,1.00
2016.06.30 01:23:48.083,1.49097,1.49109,1.00,1.00
2016.06.30 01:23:48.185,1.49094,1.49113,1.00,1.95
2016.06.30 01:23:48.287,1.49098,1.49117,1.00,5.32
2016.06.30 01:23:48.389,1.49094,1.49117,1.00,3.82
2016.06.30 01:23:48.902,1.49095,1.49117,1.07,2.77
2016.06.30 01:23:49.258,1.49099,1.49117,1.00,2.70
2016.06.30 01:23:49.754,1.49102,1.49116,1.00,1.10
2016.06.30 01:23:49.856,1.49098,1.4912,1.00,1.12
2016.06.30 01:23:49.907,1.49098,1.49121,1.20,1.65
2016.06.30 01:23:50.028,1.49098,1.49121,1.00,1.87
2016.06.30 01:23:50.130,1.49098,1.49121,1.95,1.07
2016.06.30 01:23:50.181,1.49103,1.49121,1.00,1.07
2016.06.30 01:23:50.283,1.491,1.49121,1.00,1.87
2016.06.30 01:23:50.814,1.491,1.4912,1.00,1.12
2016.06.30 01:23:50.865,1.49098,1.4912,1.50,1.12
2016.06.30 01:23:50.917,1.49098,1.49121,1.10,1.87
2016.06.30 01:23:54.395,1.49097,1.49114,1.17,1.00
2016.06.30 01:23:54.581,1.49091,1.49109,1.00,1.00
2016.06.30 01:23:55.397,1.4909,1.49109,1.00,1.00
2016.06.30 01:23:56.040,1.4909,1.49111,1.00,1.17
2016.06.30 01:23:56.092,1.49093,1.49111,1.00,1.17
2016.06.30 01:23:56.593,1.49093,1.49111,1.00,1.20
2016.06.30 01:23:56.838,1.49099,1.49117,1.00,1.12
2016.06.30 01:23:56.940,1.49099,1.49121,1.10,1.95
2016.06.30 01:24:05.270,1.49098,1.4912,1.00,1.15
2016.06.30 01:24:06.087,1.49098,1.49118,1.00,1.00
2016.06.30 01:24:06.636,1.49098,1.4912,1.00,1.15
2016.06.30 01:24:07.237,1.49098,1.49118,1.00,1.00
2016.06.30 01:24:07.582,1.49098,1.49115,1.00,1.00
2016.06.30 01:24:08.165,1.49098,1.49115,1.57,1.00
2016.06.30 01:24:08.767,1.49097,1.4911,1.12,1.00
2016.06.30 01:24:08.819,1.49094,1.4911,1.15,1.00
2016.06.30 01:24:08.870,1.49094,1.49107,1.15,1.00
2016.06.30 01:24:08.972,1.4909,1.49106,1.00,1.00
2016.06.30 01:24:09.476,1.4909,1.49107,1.00,1.00
2016.06.30 01:24:13.141,1.4909,1.49108,1.00,1.00
2016.06.30 01:24:13.243,1.49093,1.49111,1.00,1.00
2016.06.30 01:24:13.295,1.49093,1.49115,1.50,1.00
2016.06.30 01:24:13.447,1.49094,1.49115,1.12,1.00
2016.06.30 01:24:13.961,1.49096,1.49115,1.12,1.00
2016.06.30 01:24:14.279,1.49094,1.49112,1.20,1.00
2016.06.30 01:24:14.330,1.49094,1.49112,1.10,1.00
2016.06.30 01:24:18.992,1.49093,1.49111,1.07,1.00
2016.06.30 01:24:19.498,1.49093,1.4911,1.20,1.50
2016.06.30 01:24:20.401,1.49094,1.4911,1.00,1.00
2016.06.30 01:24:21.630,1.49091,1.49106,1.57,1.00
2016.06.30 01:24:21.733,1.49088,1.49106,1.37,1.07
2016.06.30 01:24:21.784,1.49088,1.49106,1.00,1.07
2016.06.30 01:24:22.320,1.49088,1.49106,1.00,1.20
2016.06.30 01:24:23.104,1.49084,1.49104,1.00,1.37
2016.06.30 01:24:23.310,1.49077,1.49096,1.50,1.37
2016.06.30 01:24:23.513,1.49072,1.49096,3.37,1.55
2016.06.30 01:24:23.564,1.49072,1.49096,2.40,2.25
2016.06.30 01:24:23.911,1.49078,1.49096,1.00,2.25
2016.06.30 01:24:24.831,1.49075,1.49094,1.00,1.17
2016.06.30 01:24:25.365,1.49075,1.49094,1.00,1.10
2016.06.30 01:24:25.802,1.49078,1.49094,1.00,1.10
2016.06.30 01:24:25.904,1.49073,1.49092,1.07,1.00
2016.06.30 01:24:26.007,1.49073,1.49091,1.50,1.12
2016.06.30 01:24:26.236,1.49073,1.49092,1.17,1.00
2016.06.30 01:24:27.907,1.49072,1.49092,1.07,1.00
2016.06.30 01:24:28.009,1.49075,1.49092,1.00,1.00
2016.06.30 01:24:29.940,1.49073,1.49092,1.00,1.00
2016.06.30 01:24:30.485,1.49074,1.49092,1.00,1.00
2016.06.30 01:24:31.737,1.49074,1.4909,1.00,1.00
2016.06.30 01:24:32.244,1.49074,1.49089,1.00,1.00
2016.06.30 01:24:32.752,1.49074,1.49089,1.00,1.07
2016.06.30 01:24:33.291,1.49074,1.49087,1.00,1.00
2016.06.30 01:24:36.951,1.4907,1.49085,1.00,1.00
2016.06.30 01:24:37.141,1.4907,1.49081,1.00,1.00
2016.06.30 01:24:37.193,1.49066,1.49081,1.00,1.00
2016.06.30 01:24:37.244,1.49061,1.49079,1.20,1.00
2016.06.30 01:24:37.346,1.4906,1.49077,1.00,1.00
2016.06.30 01:24:37.449,1.49055,1.49077,1.07,1.07
2016.06.30 01:24:37.500,1.49053,1.49074,2.32,1.00
2016.06.30 01:24:37.807,1.49056,1.49072,1.10,1.00
2016.06.30 01:24:39.938,1.49053,1.49071,1.57,1.00
2016.06.30 01:24:40.091,1.49053,1.49071,1.15,1.00
2016.06.30 01:24:40.142,1.49051,1.49065,1.75,1.00
2016.06.30 01:24:40.193,1.4905,1.49063,1.00,1.00
2016.06.30 01:24:40.244,1.49046,1.49058,1.12,1.25
2016.06.30 01:24:40.438,1.49038,1.49058,1.12,1.40
2016.06.30 01:24:41.569,1.49045,1.4906,1.00,1.12
2016.06.30 01:24:41.621,1.49045,1.49061,1.00,1.00
2016.06.30 01:24:41.672,1.49042,1.49061,1.10,1.00
2016.06.30 01:24:41.912,1.49044,1.49061,1.00,1.00
2016.06.30 01:24:42.065,1.49042,1.49061,1.10,1.00
2016.06.30 01:24:42.623,1.49042,1.49059,1.00,1.00
2016.06.30 01:24:43.164,1.49042,1.49059,1.00,1.17
2016.06.30 01:24:43.692,1.49042,1.49059,1.00,1.10
2016.06.30 01:24:45.229,1.49039,1.49059,1.10,1.10
2016.06.30 01:24:45.634,1.49034,1.49059,2.62,1.10
2016.06.30 01:24:47.671,1.49037,1.49059,1.00,1.87
2016.06.30 01:24:50.111,1.49037,1.49055,1.00,1.00
2016.06.30 01:24:50.213,1.49035,1.49054,1.00,1.00
2016.06.30 01:24:50.380,1.49033,1.49054,1.12,1.25
2016.06.30 01:24:50.435,1.49033,1.49054,1.00,1.70
2016.06.30 01:24:50.982,1.49035,1.49053,1.00,1.17
2016.06.30 01:24:52.188,1.49035,1.49054,1.00,1.40
2016.06.30 01:24:52.735,1.49036,1.49054,1.00,1.25
2016.06.30 01:24:53.239,1.49034,1.49057,1.65,1.70
2016.06.30 01:24:53.658,1.49034,1.49057,3.00,1.50
2016.06.30 01:24:54.940,1.49035,1.49057,1.12,1.50
2016.06.30 01:24:56.381,1.49036,1.49057,1.12,1.50
2016.06.30 01:24:58.044,1.49036,1.49055,1.12,1.00
2016.06.30 01:24:58.262,1.49034,1.49055,1.50,1.95
2016.06.30 01:24:58.787,1.49034,1.49055,1.50,2.32
2016.06.30 01:24:59.901,1.49034,1.49055,1.57,1.17
2016.06.30 01:25:00.313,1.49033,1.49055,1.00,3.37
2016.06.30 01:25:00.646,1.49032,1.49055,1.12,2.25
2016.06.30 01:25:01.304,1.49035,1.49055,1.00,1.20
2016.06.30 01:25:01.961,1.49037,1.49059,1.00,2.37
2016.06.30 01:25:02.480,1.49037,1.49059,1.00,1.62
2016.06.30 01:25:02.812,1.49037,1.49056,1.00,1.75
2016.06.30 01:25:03.977,1.49037,1.49057,1.00,1.25
2016.06.30 01:25:05.107,1.49034,1.49057,1.00,1.25
2016.06.30 01:25:05.260,1.49035,1.49056,1.00,1.62
2016.06.30 01:25:05.793,1.49035,1.49055,1.00,1.17
2016.06.30 01:25:06.097,1.49035,1.49055,1.00,1.57
2016.06.30 01:25:06.722,1.49035,1.49055,1.00,1.50
2016.06.30 01:25:07.852,1.49035,1.49055,1.00,1.12
2016.06.30 01:25:08.814,1.49035,1.49056,1.00,1.62
2016.06.30 01:25:10.297,1.49034,1.49056,1.00,2.08
2016.06.30 01:25:10.804,1.49034,1.49056,1.00,1.37
2016.06.30 01:25:10.956,1.49031,1.49056,1.07,1.37
2016.06.30 01:25:11.463,1.49032,1.49054,1.00,1.15
2016.06.30 01:25:11.982,1.49032,1.49054,1.00,1.20
2016.06.30 01:25:12.236,1.4903,1.49054,1.50,1.20
2016.06.30 01:25:12.867,1.4903,1.49054,1.00,1.00
2016.06.30 01:25:13.019,1.49034,1.49056,1.00,1.17
2016.06.30 01:25:13.534,1.49034,1.49056,1.00,1.20
2016.06.30 01:25:21.471,1.49032,1.49058,2.40,1.72
2016.06.30 01:25:22.002,1.49032,1.49055,1.12,1.10
2016.06.30 01:25:26.667,1.49033,1.49057,1.37,1.20
2016.06.30 01:25:27.186,1.49034,1.49057,1.45,1.07
2016.06.30 01:25:27.763,1.49033,1.49057,2.25,1.20
2016.06.30 01:25:35.724,1.49036,1.49057,1.00,1.20
2016.06.30 01:25:36.272,1.49034,1.49057,2.40,1.20
2016.06.30 01:25:41.017,1.49037,1.49057,1.00,1.20
2016.06.30 01:25:41.593,1.49036,1.49057,1.00,1.20
2016.06.30 01:25:42.118,1.49036,1.49057,1.15,1.00
2016.06.30 01:25:44.431,1.49036,1.49061,1.65,1.50
2016.06.30 01:25:44.482,1.4905,1.49062,1.00,3.00
2016.06.30 01:25:44.534,1.4905,1.49062,1.00,1.00
2016.06.30 01:25:44.585,1.49052,1.49067,1.00,2.25
2016.06.30 01:25:44.637,1.49052,1.49069,1.00,1.00
2016.06.30 01:25:44.688,1.49055,1.49073,1.00,1.50
2016.06.30 01:25:45.026,1.4905,1.49072,1.75,1.12
2016.06.30 01:25:45.077,1.4905,1.49072,1.75,1.00
2016.06.30 01:25:45.128,1.4905,1.49069,1.75,1.00
2016.06.30 01:25:45.432,1.49042,1.49066,1.12,1.90
2016.06.30 01:25:45.534,1.49039,1.49063,1.12,1.75
2016.06.30 01:25:46.366,1.49041,1.49063,1.12,1.33
2016.06.30 01:25:46.676,1.49041,1.49063,1.12,1.25
2016.06.30 01:25:47.190,1.49039,1.49063,2.62,1.35
2016.06.30 01:25:47.538,1.49039,1.49062,1.07,1.75
2016.06.30 01:25:47.842,1.49038,1.4906,1.20,1.25
2016.06.30 01:25:51.198,1.49036,1.49059,1.87,1.00
2016.06.30 01:25:52.301,1.49036,1.49061,3.00,2.99
2016.06.30 01:25:53.187,1.49036,1.49061,3.00,1.74
2016.06.30 01:25:53.702,1.49036,1.49062,2.62,2.32
2016.06.30 01:25:57.813,1.49038,1.49062,1.20,1.10
2016.06.30 01:25:57.864,1.4904,1.49063,1.00,1.87
2016.06.30 01:25:57.966,1.49041,1.49065,2.25,2.25
2016.06.30 01:25:58.068,1.49041,1.49064,1.00,1.87
2016.06.30 01:25:58.170,1.49038,1.49064,2.25,1.15
2016.06.30 01:25:59.943,1.49038,1.49061,1.75,1.00
2016.06.30 01:26:00.449,1.49037,1.49061,1.75,1.50
2016.06.30 01:26:01.503,1.49037,1.49059,1.75,1.00
2016.06.30 01:26:01.605,1.49038,1.49059,1.10,1.07
2016.06.30 01:26:01.917,1.49035,1.49058,1.35,1.99
2016.06.30 01:26:02.020,1.49031,1.49056,1.15,1.12
2016.06.30 01:26:02.172,1.49031,1.49056,1.87,1.12
2016.06.30 01:26:02.324,1.49033,1.49059,1.15,1.64
2016.06.30 01:26:02.867,1.49033,1.49059,1.87,1.77
2016.06.30 01:26:03.477,1.49033,1.49059,1.80,1.57
2016.06.30 01:26:03.781,1.49038,1.4906,1.00,1.20
2016.06.30 01:26:03.935,1.49037,1.49063,2.25,2.32
2016.06.30 01:26:04.091,1.49041,1.49061,1.12,1.00
2016.06.30 01:26:04.194,1.49042,1.49064,1.12,1.00
2016.06.30 01:26:04.246,1.49042,1.49066,1.87,1.20
2016.06.30 01:26:04.347,1.49044,1.49068,1.12,1.57
2016.06.30 01:26:04.652,1.49044,1.49068,1.20,1.20
2016.06.30 01:26:04.703,1.49044,1.49068,1.20,1.50
2016.06.30 01:26:04.805,1.49044,1.49068,1.87,1.17
2016.06.30 01:26:05.344,1.49045,1.49071,3.37,1.87
2016.06.30 01:26:05.446,1.49045,1.49071,3.00,1.15
2016.06.30 01:26:05.649,1.49046,1.49071,1.87,1.07
2016.06.30 01:26:06.411,1.49051,1.49074,1.00,1.12
2016.06.30 01:26:06.719,1.49062,1.49082,1.00,1.12
2016.06.30 01:26:06.770,1.49062,1.49084,1.17,1.00
2016.06.30 01:26:06.821,1.49062,1.49086,1.17,1.50
2016.06.30 01:26:06.873,1.49063,1.49086,1.12,1.50
2016.06.30 01:26:07.229,1.49064,1.49086,1.10,1.10
2016.06.30 01:26:07.333,1.49064,1.49086,1.10,1.20
2016.06.30 01:26:09.143,1.49065,1.49086,1.00,1.20
2016.06.30 01:26:12.274,1.49065,1.49088,1.00,1.20
2016.06.30 01:26:12.376,1.49065,1.49087,1.00,1.12
2016.06.30 01:26:14.138,1.49065,1.49085,1.00,1.12
2016.06.30 01:26:14.341,1.49058,1.49081,3.07,1.12
2016.06.30 01:26:14.544,1.49055,1.4908,1.57,2.32
2016.06.30 01:26:14.596,1.49055,1.49078,1.00,1.12
2016.06.30 01:26:15.448,1.49055,1.49078,1.57,1.17
2016.06.30 01:26:15.814,1.49057,1.4908,1.00,2.62
2016.06.30 01:26:16.121,1.49062,1.49081,1.25,1.07
2016.06.30 01:26:16.377,1.49063,1.49086,1.19,2.62
2016.06.30 01:26:16.428,1.49062,1.49085,1.17,1.10
2016.06.30 01:26:16.882,1.49063,1.49085,1.10,1.20
2016.06.30 01:26:17.238,1.49063,1.49086,1.20,1.84
2016.06.30 01:26:17.745,1.49062,1.49085,1.15,1.39
2016.06.30 01:26:18.307,1.49062,1.49086,1.00,2.62
2016.06.30 01:26:18.835,1.49061,1.49085,1.50,1.31
2016.06.30 01:26:20.056,1.49061,1.4908,1.20,1.37
2016.06.30 01:26:20.380,1.49059,1.49078,2.25,1.37
2016.06.30 01:26:20.684,1.4906,1.49078,1.12,1.37
2016.06.30 01:26:20.736,1.49059,1.49078,1.65,1.37
2016.06.30 01:26:22.377,1.49058,1.49078,1.20,1.37
2016.06.30 01:26:22.906,1.49058,1.49078,1.00,1.10
2016.06.30 01:26:23.268,1.49059,1.4908,1.75,1.50
2016.06.30 01:26:23.427,1.49058,1.4908,1.50,1.50
2016.06.30 01:26:24.213,1.49059,1.4908,1.15,1.00
2016.06.30 01:26:24.746,1.49059,1.4908,1.50,1.00
2016.06.30 01:26:25.808,1.49059,1.4908,1.50,1.75
2016.06.30 01:26:26.130,1.49059,1.4908,1.50,1.00
2016.06.30 01:26:26.181,1.49059,1.49082,1.50,2.25
2016.06.30 01:26:26.745,1.49059,1.49082,1.12,1.57
2016.06.30 01:26:29.887,1.49058,1.49082,1.50,1.20
2016.06.30 01:26:30.015,1.49058,1.49082,1.87,1.10
2016.06.30 01:26:30.269,1.49063,1.49087,1.20,2.32
2016.06.30 01:26:30.321,1.49063,1.49087,2.25,1.50
2016.06.30 01:26:30.423,1.49066,1.49088,1.75,1.72
2016.06.30 01:26:30.728,1.49069,1.49089,1.12,1.00
2016.06.30 01:26:30.880,1.49067,1.49089,1.12,1.00
2016.06.30 01:26:32.618,1.49068,1.49089,1.12,1.00
2016.06.30 01:26:33.074,1.49066,1.49089,1.12,1.00
2016.06.30 01:26:33.672,1.49066,1.4909,1.12,1.00
2016.06.30 01:26:34.723,1.49066,1.4909,1.12,1.17
2016.06.30 01:26:37.726,1.49067,1.4909,1.12,1.12
2016.06.30 01:26:37.879,1.49065,1.4909,1.75,1.20
2016.06.30 01:26:40.322,1.49065,1.4909,1.75,1.57
2016.06.30 01:26:40.576,1.49067,1.4909,1.75,1.12
2016.06.30 01:26:40.627,1.49066,1.4909,1.50,1.65
2016.06.30 01:26:41.133,1.49065,1.49089,2.44,1.00
2016.06.30 01:26:44.550,1.49065,1.49089,2.25,2.44
2016.06.30 01:26:45.769,1.49064,1.49083,1.12,1.00
2016.06.30 01:26:45.921,1.49062,1.49083,1.76,1.00
2016.06.30 01:26:46.023,1.49061,1.49083,1.69,1.00
2016.06.30 01:26:47.872,1.4906,1.49081,1.75,1.00
2016.06.30 01:26:48.026,1.49054,1.49079,2.25,2.32
2016.06.30 01:26:48.128,1.49054,1.49076,1.87,1.12
2016.06.30 01:26:48.727,1.49054,1.49077,1.95,1.12
2016.06.30 01:26:48.778,1.49054,1.49077,1.57,1.60
2016.06.30 01:26:49.053,1.49054,1.49079,1.65,3.37
2016.06.30 01:26:49.460,1.49055,1.49079,1.57,2.25
2016.06.30 01:26:49.765,1.49059,1.49082,1.47,1.45
2016.06.30 01:26:50.079,1.49061,1.49083,1.12,1.20
2016.06.30 01:26:51.357,1.49061,1.49083,1.37,1.20
2016.06.30 01:26:51.560,1.49063,1.49083,1.07,1.00
2016.06.30 01:26:51.863,1.49063,1.49086,1.15,1.20
2016.06.30 01:26:51.916,1.49062,1.49084,1.45,1.00
2016.06.30 01:26:52.248,1.49057,1.49077,1.00,1.12
2016.06.30 01:26:52.299,1.49055,1.49078,1.95,1.12
2016.06.30 01:26:52.553,1.49051,1.49074,1.00,1.87
2016.06.30 01:26:53.188,1.49052,1.49075,1.00,1.12
2016.06.30 01:26:53.391,1.49052,1.49078,1.87,3.34
2016.06.30 01:26:53.872,1.49053,1.49076,1.12,1.00
2016.06.30 01:26:54.547,1.49053,1.49076,1.12,1.87
2016.06.30 01:26:54.851,1.49049,1.49072,1.12,1.95
2016.06.30 01:26:54.955,1.49048,1.49072,1.65,3.37
2016.06.30 01:26:56.261,1.49048,1.49072,1.20,3.07
2016.06.30 01:26:56.794,1.49048,1.49072,1.87,1.87
2016.06.30 01:26:57.251,1.49049,1.49072,1.12,1.87
2016.06.30 01:26:57.788,1.49049,1.49072,1.12,1.87
2016.06.30 01:26:58.142,1.49048,1.49072,1.87,2.02
2016.06.30 01:26:58.346,1.49051,1.49072,1.10,1.17
2016.06.30 01:26:59.421,1.49057,1.49073,1.00,1.20
2016.06.30 01:26:59.574,1.49062,1.49078,1.00,1.00
2016.06.30 01:26:59.626,1.49064,1.49078,1.00,1.00
2016.06.30 01:26:59.677,1.49064,1.49081,1.00,1.00
2016.06.30 01:26:59.728,1.49061,1.49085,1.10,1.50
2016.06.30 01:26:59.779,1.49061,1.49085,1.57,1.82
2016.06.30 01:27:00.375,1.49061,1.4908,1.20,1.00
2016.06.30 01:27:01.210,1.4906,1.49082,1.57,1.50
2016.06.30 01:27:01.942,1.4906,1.4908,1.57,1.00
2016.06.30 01:27:02.919,1.49061,1.49082,1.20,1.50
2016.06.30 01:27:05.306,1.49061,1.49082,1.10,1.07
2016.06.30 01:27:07.937,1.49062,1.49083,1.00,2.32
2016.06.30 01:27:08.040,1.49064,1.49083,1.00,1.87
2016.06.30 01:27:08.391,1.49063,1.49084,1.12,1.00
2016.06.30 01:27:09.142,1.49064,1.49084,1.12,1.00
2016.06.30 01:27:09.658,1.49063,1.49084,1.12,1.00
2016.06.30 01:27:12.418,1.49062,1.49084,1.12,1.50
2016.06.30 01:27:12.672,1.49061,1.49084,1.20,1.17
2016.06.30 01:27:13.089,1.49063,1.49084,1.12,1.50
2016.06.30 01:27:13.394,1.49065,1.49085,1.75,1.50
2016.06.30 01:27:17.638,1.49065,1.49087,1.87,1.69
2016.06.30 01:27:17.792,1.49073,1.49091,1.50,1.87
2016.06.30 01:27:17.843,1.49074,1.49097,1.12,1.87
2016.06.30 01:27:17.894,1.49077,1.49093,1.30,1.00
2016.06.30 01:27:18.199,1.49078,1.49093,1.12,1.00
2016.06.30 01:27:19.276,1.49078,1.49097,1.12,1.37
2016.06.30 01:27:19.779,1.49079,1.49097,1.12,1.37
2016.06.30 01:27:19.931,1.49077,1.49098,1.12,1.87
2016.06.30 01:27:20.138,1.49075,1.49096,1.75,1.37
2016.06.30 01:27:20.341,1.49073,1.49095,1.57,1.37
2016.06.30 01:27:22.093,1.49072,1.49094,1.12,1.37
2016.06.30 01:27:22.645,1.49072,1.49093,1.12,1.12
2016.06.30 01:27:23.272,1.49072,1.49089,1.12,1.00
2016.06.30 01:27:23.424,1.49063,1.49084,1.20,1.37
2016.06.30 01:27:23.527,1.49059,1.49083,2.25,1.37
2016.06.30 01:27:24.037,1.49059,1.49083,1.50,2.02
2016.06.30 01:27:24.190,1.49061,1.49084,1.20,1.45
2016.06.30 01:27:24.545,1.49063,1.49085,1.12,1.37
2016.06.30 01:27:24.749,1.49061,1.49085,2.25,1.37
2016.06.30 01:27:27.166,1.49061,1.49085,2.25,1.00
2016.06.30 01:27:27.268,1.49064,1.49086,1.75,1.69
2016.06.30 01:27:29.486,1.49065,1.49086,1.75,1.00
2016.06.30 01:27:29.537,1.49065,1.4909,2.25,2.40
2016.06.30 01:27:29.588,1.49065,1.4909,1.07,3.00
2016.06.30 01:27:29.961,1.49063,1.49087,1.65,1.15
2016.06.30 01:27:30.266,1.49063,1.49087,2.62,1.00
2016.06.30 01:27:31.206,1.49063,1.49086,1.87,1.37
2016.06.30 01:27:31.590,1.49063,1.49086,1.15,2.77
2016.06.30 01:27:32.509,1.49066,1.49085,1.00,1.00
2016.06.30 01:27:32.561,1.49069,1.49091,1.87,3.75
2016.06.30 01:27:32.613,1.49071,1.49091,1.30,1.12
2016.06.30 01:27:32.664,1.49073,1.49092,2.25,1.37
2016.06.30 01:27:32.715,1.49074,1.49093,1.25,1.00
2016.06.30 01:27:32.766,1.49074,1.49093,2.10,1.00
2016.06.30 01:27:32.886,1.49076,1.49093,1.12,1.50
2016.06.30 01:27:33.384,1.49076,1.49092,1.12,1.50
2016.06.30 01:27:33.588,1.49074,1.49085,1.12,1.87
2016.06.30 01:27:33.792,1.49071,1.49085,1.12,1.87
2016.06.30 01:27:33.893,1.49072,1.49085,1.12,2.62
2016.06.30 01:27:34.437,1.49071,1.49085,1.75,1.37
2016.06.30 01:27:37.617,1.49071,1.49086,1.75,1.87
2016.06.30 01:27:39.083,1.4907,1.49086,1.12,1.87
2016.06.30 01:27:39.300,1.49071,1.49087,1.12,2.62
2016.06.30 01:27:39.402,1.49071,1.49087,1.12,2.62
2016.06.30 01:27:39.503,1.49071,1.4909,1.12,1.67
2016.06.30 01:27:40.027,1.49073,1.49093,1.12,1.37
2016.06.30 01:27:40.605,1.49073,1.49093,1.12,1.87
2016.06.30 01:27:41.260,1.49072,1.49093,1.12,2.62
2016.06.30 01:27:42.633,1.49072,1.49094,1.12,1.00
2016.06.30 01:27:48.198,1.49071,1.49094,1.15,1.20
2016.06.30 01:27:48.402,1.49072,1.49093,1.12,1.00
2016.06.30 01:27:48.503,1.4907,1.49092,1.75,1.00
2016.06.30 01:27:49.178,1.4907,1.4909,1.12,1.00
2016.06.30 01:27:49.950,1.49068,1.4909,3.00,1.00
2016.06.30 01:27:50.001,1.49068,1.49092,3.00,1.10
2016.06.30 01:27:52.117,1.49074,1.49094,1.00,1.95
2016.06.30 01:27:52.270,1.49074,1.49097,2.25,1.00
2016.06.30 01:27:52.372,1.49075,1.49098,1.12,2.47
2016.06.30 01:27:52.879,1.49076,1.49098,1.12,1.00
2016.06.30 01:27:54.471,1.49076,1.49096,1.12,1.00
2016.06.30 01:27:54.573,1.49075,1.49097,1.20,2.25
2016.06.30 01:27:55.077,1.49075,1.49096,1.20,1.00
2016.06.30 01:27:55.784,1.49075,1.49094,1.20,2.62
2016.06.30 01:27:56.089,1.49075,1.49092,1.17,1.37
2016.06.30 01:27:59.235,1.49074,1.49093,1.20,1.12
2016.06.30 01:27:59.337,1.49074,1.49098,1.20,1.42
2016.06.30 01:27:59.388,1.49074,1.49099,1.87,1.62
2016.06.30 01:27:59.908,1.49076,1.49099,1.12,1.22
2016.06.30 01:28:00.429,1.49076,1.49099,1.12,1.22
2016.06.30 01:28:00.937,1.49077,1.49099,1.12,1.12
2016.06.30 01:28:01.722,1.49077,1.49099,1.12,1.12
2016.06.30 01:28:02.284,1.49076,1.491,2.10,2.37
2016.06.30 01:28:02.538,1.49078,1.491,1.17,1.12
2016.06.30 01:28:02.955,1.49078,1.491,1.87,1.12
2016.06.30 01:28:05.401,1.49078,1.491,1.12,1.12
2016.06.30 01:28:07.434,1.49078,1.49099,1.12,1.12
2016.06.30 01:28:07.536,1.49077,1.49099,1.50,1.12
2016.06.30 01:28:07.638,1.49077,1.49099,1.87,1.12
2016.06.30 01:28:08.143,1.49079,1.49099,1.12,1.12
2016.06.30 01:28:08.549,1.49077,1.49099,1.15,1.12
2016.06.30 01:28:12.558,1.49075,1.49099,1.75,1.12
2016.06.30 01:28:13.648,1.49077,1.49101,1.17,2.37
2016.06.30 01:28:13.699,1.49077,1.491,2.62,1.12
2016.06.30 01:28:13.852,1.49077,1.49101,1.15,1.27
2016.06.30 01:28:14.428,1.49077,1.49101,1.20,1.22
2016.06.30 01:28:15.111,1.49076,1.49097,1.87,1.00
2016.06.30 01:28:16.227,1.49078,1.49097,1.12,1.00
2016.06.30 01:28:17.674,1.4908,1.49094,1.17,1.00
2016.06.30 01:28:17.827,1.49078,1.491,1.12,1.37
2016.06.30 01:28:17.878,1.49076,1.49101,2.25,1.57
2016.06.30 01:28:18.910,1.49077,1.49099,1.87,1.44
2016.06.30 01:28:20.734,1.49077,1.49099,2.62,1.50
2016.06.30 01:28:20.836,1.49077,1.49102,2.62,1.20
2016.06.30 01:28:22.690,1.49082,1.49105,1.20,1.15
2016.06.30 01:28:22.994,1.49084,1.49106,1.00,1.87
2016.06.30 01:28:23.542,1.49084,1.49105,1.07,1.10
2016.06.30 01:28:29.462,1.49085,1.49109,1.17,1.50
2016.06.30 01:28:30.119,1.49085,1.4911,1.17,1.57
2016.06.30 01:28:31.124,1.49085,1.4911,1.55,1.20
2016.06.30 01:28:31.521,1.49085,1.4911,1.55,1.20
2016.06.30 01:28:32.765,1.49086,1.49108,1.12,1.00
2016.06.30 01:28:33.360,1.49085,1.49108,1.87,1.00
2016.06.30 01:28:33.867,1.49088,1.49111,1.37,2.62
2016.06.30 01:28:34.468,1.49087,1.49111,1.10,3.75
2016.06.30 01:28:35.881,1.49091,1.49111,1.00,1.87
2016.06.30 01:28:35.932,1.49094,1.49114,1.00,1.57
2016.06.30 01:28:36.133,1.49094,1.49116,1.57,1.37
2016.06.30 01:28:36.639,1.49094,1.49118,2.62,1.47
2016.06.30 01:28:37.735,1.49094,1.49119,2.62,1.45
2016.06.30 01:28:39.370,1.49094,1.49117,1.20,1.20
2016.06.30 01:28:39.573,1.49095,1.49118,1.12,1.47
2016.06.30 01:28:40.644,1.49095,1.49111,1.12,1.00
2016.06.30 01:28:41.145,1.49096,1.49117,1.20,1.37
2016.06.30 01:28:45.048,1.49096,1.49119,1.20,1.00
2016.06.30 01:28:45.251,1.49096,1.49117,1.20,1.00
2016.06.30 01:28:49.155,1.49094,1.49117,1.15,1.65
2016.06.30 01:28:49.212,1.49094,1.49117,1.07,1.95
2016.06.30 01:28:49.736,1.49094,1.49117,1.10,2.62
2016.06.30 01:28:52.268,1.49095,1.49115,1.00,1.12
2016.06.30 01:28:52.319,1.49095,1.49117,1.00,1.17
2016.06.30 01:28:52.421,1.49095,1.49117,1.87,1.00
2016.06.30 01:28:52.892,1.49095,1.49117,1.10,1.10
2016.06.30 01:28:54.530,1.49095,1.49117,1.10,1.20
2016.06.30 01:28:56.714,1.49095,1.49117,1.20,1.20
2016.06.30 01:28:58.053,1.49094,1.49115,1.15,2.62
2016.06.30 01:28:58.364,1.49089,1.49101,1.00,1.00
2016.06.30 01:28:58.437,1.49078,1.49101,1.00,1.87
2016.06.30 01:28:58.489,1.49078,1.49101,1.00,1.20
2016.06.30 01:29:00.775,1.49078,1.49102,1.15,2.21
2016.06.30 01:29:03.602,1.49076,1.49099,1.75,1.00
2016.06.30 01:29:04.151,1.49075,1.49099,1.12,1.00
2016.06.30 01:29:04.456,1.49075,1.49099,1.12,1.37
2016.06.30 01:29:07.773,1.49075,1.49099,1.12,1.37
2016.06.30 01:29:10.237,1.49074,1.49097,1.20,1.44
2016.06.30 01:29:12.004,1.49074,1.49097,1.20,1.00
2016.06.30 01:29:15.071,1.49074,1.49097,1.20,1.19
2016.06.30 01:29:15.354,1.4907,1.49092,1.20,1.00
2016.06.30 01:29:15.436,1.4907,1.49092,1.00,1.36
2016.06.30 01:29:15.487,1.49068,1.49092,1.10,1.36
2016.06.30 01:29:16.276,1.49068,1.49092,1.17,1.26
2016.06.30 01:29:16.824,1.49068,1.49092,1.20,1.29
2016.06.30 01:29:18.365,1.49073,1.49095,1.57,1.50
2016.06.30 01:29:18.436,1.49073,1.49097,2.25,1.19
2016.06.30 01:29:18.487,1.49079,1.491,1.00,2.32
2016.06.30 01:29:18.640,1.49084,1.49106,1.00,1.76
2016.06.30 01:29:18.691,1.49084,1.49104,1.00,1.45
2016.06.30 01:29:19.148,1.49084,1.49104,1.20,1.37
2016.06.30 01:29:19.300,1.49084,1.49105,1.10,1.55
2016.06.30 01:29:19.818,1.49081,1.49098,1.12,1.19
2016.06.30 01:29:19.870,1.49082,1.49103,1.00,1.17
2016.06.30 01:29:19.972,1.49084,1.49104,1.00,1.45
2016.06.30 01:29:20.282,1.49087,1.49104,1.20,1.37
2016.06.30 01:29:20.587,1.49089,1.49104,1.12,1.37
2016.06.30 01:29:22.476,1.49087,1.49107,1.57,1.37
2016.06.30 01:29:24.381,1.49087,1.49099,1.57,1.37
2016.06.30 01:29:24.446,1.49083,1.49099,1.17,1.37
2016.06.30 01:29:24.497,1.49083,1.49102,1.17,1.75
2016.06.30 01:29:24.548,1.49083,1.491,1.00,1.07
2016.06.30 01:29:24.600,1.4908,1.491,1.00,1.07
2016.06.30 01:29:24.651,1.49078,1.49098,1.00,1.87
2016.06.30 01:29:25.161,1.49077,1.49096,1.00,1.17
2016.06.30 01:29:26.967,1.49075,1.49095,1.00,1.20
2016.06.30 01:29:28.581,1.49075,1.49096,1.44,1.87
2016.06.30 01:29:28.837,1.49078,1.49098,1.00,1.57
2016.06.30 01:29:29.023,1.49078,1.49099,1.37,1.12
2016.06.30 01:29:29.074,1.4908,1.49101,1.19,2.25
2016.06.30 01:29:30.544,1.49087,1.49105,1.00,1.50
2016.06.30 01:29:30.646,1.49087,1.49109,1.00,1.33
2016.06.30 01:29:30.747,1.49091,1.4911,1.00,1.00
2016.06.30 01:29:31.054,1.49089,1.4911,1.00,1.75
2016.06.30 01:29:31.105,1.49086,1.4911,1.00,1.75
2016.06.30 01:29:31.157,1.49085,1.49106,1.00,1.00
2016.06.30 01:29:31.208,1.49083,1.49105,1.00,1.00
2016.06.30 01:29:31.259,1.4908,1.49101,1.00,1.00
2016.06.30 01:29:31.766,1.49079,1.49101,1.00,1.00
2016.06.30 01:29:32.390,1.49079,1.49102,1.00,1.00
2016.06.30 01:29:33.261,1.49079,1.49101,1.00,1.00
2016.06.30 01:29:33.878,1.49079,1.49102,1.00,1.00
2016.06.30 01:29:34.160,1.49081,1.49105,1.00,1.00
2016.06.30 01:29:36.352,1.4908,1.49104,1.00,1.00
2016.06.30 01:29:36.403,1.4908,1.49102,1.00,1.00
2016.06.30 01:29:38.331,1.49079,1.49102,1.00,1.00
2016.06.30 01:29:38.635,1.49079,1.49096,1.00,1.00
2016.06.30 01:29:39.165,1.49079,1.49101,1.00,1.00
2016.06.30 01:29:43.621,1.49078,1.49101,1.00,1.00
2016.06.30 01:29:44.558,1.49078,1.49099,1.00,1.00
2016.06.30 01:29:44.894,1.49076,1.49099,1.20,1.44
2016.06.30 01:29:45.684,1.49076,1.49099,1.00,1.44
2016.06.30 01:29:47.411,1.49077,1.49099,1.00,1.44
2016.06.30 01:29:47.666,1.49089,1.4911,1.00,1.00
2016.06.30 01:29:47.870,1.49089,1.49112,1.00,1.50
2016.06.30 01:29:48.416,1.4909,1.49112,1.00,1.00
2016.06.30 01:29:49.344,1.49088,1.4911,1.00,1.00
2016.06.30 01:29:49.700,1.49086,1.49113,1.00,2.47
2016.06.30 01:29:52.729,1.49089,1.49112,1.00,1.37
2016.06.30 01:29:52.832,1.49092,1.49114,1.00,1.19
2016.06.30 01:29:53.236,1.4909,1.49114,1.00,1.19
2016.06.30 01:29:55.187,1.49093,1.49113,1.00,1.00
2016.06.30 01:29:55.238,1.49093,1.49115,1.00,1.25
2016.06.30 01:29:55.580,1.49096,1.49118,1.00,1.75
2016.06.30 01:29:56.453,1.49097,1.49121,1.00,2.25
2016.06.30 01:29:58.030,1.491,1.49121,1.00,2.62
2016.06.30 01:29:58.234,1.49103,1.49125,1.00,1.50
2016.06.30 01:29:58.705,1.49105,1.49128,1.00,1.37
2016.06.30 01:29:58.807,1.49105,1.49128,1.00,1.00
2016.06.30 01:29:59.314,1.49104,1.49127,1.00,1.00
2016.06.30 01:29:59.946,1.49104,1.49126,1.00,1.00
2016.06.30 01:30:00.177,1.491,1.49127,1.50,1.00
2016.06.30 01:30:00.229,1.491,1.49127,1.50,3.00
2016.06.30 01:30:00.539,1.49097,1.49122,1.00,1.37
2016.06.30 01:30:01.048,1.49097,1.49122,1.00,1.87
2016.06.30 01:30:02.970,1.491,1.49122,1.00,2.25
2016.06.30 01:30:03.021,1.49098,1.49122,1.00,2.25
2016.06.30 01:30:03.610,1.49097,1.49118,1.00,1.00
2016.06.30 01:30:03.916,1.49097,1.49118,1.00,1.37
2016.06.30 01:30:04.082,1.49094,1.49118,1.00,1.37
2016.06.30 01:30:04.134,1.49094,1.49118,1.00,1.37
2016.06.30 01:30:04.440,1.49092,1.49114,1.00,1.37
2016.06.30 01:30:05.423,1.49092,1.49112,1.00,1.16
2016.06.30 01:30:05.728,1.49094,1.49114,1.00,1.00
2016.06.30 01:30:05.931,1.49094,1.49116,1.00,2.75
2016.06.30 01:30:06.033,1.49094,1.49114,1.00,1.00
2016.06.30 01:30:06.528,1.49094,1.49114,1.00,1.12
2016.06.30 01:30:07.136,1.49094,1.49114,1.00,2.37
2016.06.30 01:30:07.776,1.49094,1.49116,1.00,1.00
2016.06.30 01:30:07.930,1.49097,1.49116,1.00,1.00
2016.06.30 01:30:08.083,1.49101,1.49122,1.00,1.16
2016.06.30 01:30:08.203,1.49101,1.49119,1.00,1.00
2016.06.30 01:30:08.707,1.49101,1.4912,1.00,1.00
2016.06.30 01:30:09.831,1.49099,1.49119,1.00,1.00
2016.06.30 01:30:10.447,1.49098,1.49119,1.00,1.00
2016.06.30 01:30:11.698,1.49098,1.49121,1.00,2.25
2016.06.30 01:30:13.344,1.491,1.49122,1.00,1.12
2016.06.30 01:30:14.446,1.49104,1.49126,1.00,1.50
2016.06.30 01:30:14.649,1.49104,1.49126,1.00,1.25
2016.06.30 01:30:15.124,1.49104,1.49126,1.00,1.00
2016.06.30 01:30:15.227,1.49108,1.49127,1.00,1.00
2016.06.30 01:30:15.278,1.49108,1.49129,1.00,1.16
2016.06.30 01:30:15.380,1.49108,1.49132,1.00,1.00
2016.06.30 01:30:15.533,1.49112,1.49134,1.00,3.00
2016.06.30 01:30:16.271,1.49109,1.49134,1.00,1.16
2016.06.30 01:30:16.783,1.49109,1.49133,1.25,1.50
2016.06.30 01:30:17.038,1.49109,1.49134,1.37,1.50
2016.06.30 01:30:17.553,1.49113,1.49135,1.37,1.00
2016.06.30 01:30:18.207,1.49108,1.49134,1.37,1.00
2016.06.30 01:30:18.259,1.49107,1.49133,1.37,1.00
2016.06.30 01:30:18.799,1.49106,1.49132,1.37,1.00
2016.06.30 01:30:19.340,1.49105,1.49133,1.50,1.50
2016.06.30 01:30:19.743,1.4912,1.49136,1.00,1.50
2016.06.30 01:30:19.846,1.49123,1.49141,1.00,1.00
2016.06.30 01:30:19.898,1.49123,1.49146,1.00,1.12
2016.06.30 01:30:19.949,1.49123,1.49147,1.00,1.00
2016.06.30 01:30:20.051,1.49125,1.49147,1.00,1.00
2016.06.30 01:30:20.102,1.49125,1.49149,1.00,2.75
2016.06.30 01:30:20.153,1.49121,1.49149,1.00,2.75
2016.06.30 01:30:20.339,1.49121,1.49145,1.00,1.00
2016.06.30 01:30:20.862,1.49119,1.49145,1.19,1.00
2016.06.30 01:30:21.268,1.49119,1.49143,1.19,1.00
2016.06.30 01:30:23.418,1.49118,1.4914,1.44,1.00
2016.06.30 01:30:29.739,1.49117,1.4914,1.44,1.00
2016.06.30 01:30:30.667,1.49122,1.49142,1.00,1.00
2016.06.30 01:30:31.178,1.49123,1.49142,1.00,1.00
2016.06.30 01:30:31.943,1.49123,1.49142,1.44,1.00
2016.06.30 01:30:32.045,1.49124,1.49145,1.19,1.00
2016.06.30 01:30:33.841,1.49125,1.49145,1.37,1.00
2016.06.30 01:30:35.087,1.49123,1.49145,1.37,1.00
2016.06.30 01:30:35.240,1.49123,1.49143,1.37,1.00
2016.06.30 01:30:35.291,1.4912,1.49143,1.37,1.00
2016.06.30 01:30:35.799,1.49123,1.49143,1.00,1.00
2016.06.30 01:30:36.053,1.49123,1.49143,1.00,1.37
2016.06.30 01:30:36.293,1.49122,1.49143,1.50,1.00
2016.06.30 01:30:36.394,1.49122,1.49146,1.50,1.69
2016.06.30 01:30:36.547,1.49126,1.49146,1.00,1.69
2016.06.30 01:30:36.853,1.49123,1.49146,1.50,1.25
2016.06.30 01:30:37.857,1.49123,1.49146,1.50,1.44
2016.06.30 01:30:38.358,1.49123,1.49146,1.50,1.50
2016.06.30 01:30:38.459,1.49123,1.49146,1.50,1.25
2016.06.30 01:30:39.258,1.49123,1.49146,1.50,1.37
2016.06.30 01:30:39.360,1.49123,1.49146,1.50,1.37
2016.06.30 01:30:40.190,1.49123,1.49146,1.50,1.00
2016.06.30 01:30:40.786,1.49123,1.49146,1.87,1.00
2016.06.30 01:30:41.833,1.49126,1.49148,1.19,1.00
2016.06.30 01:30:42.341,1.49126,1.49149,1.44,1.50
2016.06.30 01:30:43.870,1.49126,1.49149,1.00,1.00
2016.06.30 01:30:45.512,1.49126,1.49148,1.00,1.00
2016.06.30 01:30:45.665,1.49122,1.49149,2.25,1.00
2016.06.30 01:30:45.716,1.49122,1.49147,1.50,1.00
2016.06.30 01:30:46.251,1.49124,1.49147,1.00,1.25
2016.06.30 01:30:46.892,1.49123,1.49147,1.00,1.25
2016.06.30 01:30:49.262,1.49125,1.49147,1.00,1.00
2016.06.30 01:30:50.167,1.49125,1.49147,1.37,1.00
2016.06.30 01:30:50.218,1.49125,1.49149,1.37,1.00
2016.06.30 01:30:50.675,1.49125,1.49149,1.00,1.50
2016.06.30 01:30:51.706,1.49125,1.49149,1.00,1.44
2016.06.30 01:30:52.245,1.49126,1.49149,1.00,1.44
2016.06.30 01:30:53.093,1.49125,1.49149,1.00,2.62
2016.06.30 01:30:53.964,1.49121,1.49144,1.19,1.00
2016.06.30 01:30:54.066,1.49118,1.49144,1.12,1.25
2016.06.30 01:30:55.006,1.49117,1.49144,1.00,1.25
2016.06.30 01:30:55.567,1.49117,1.49144,1.00,1.37
2016.06.30 01:30:55.757,1.49115,1.49144,1.25,1.87
2016.06.30 01:30:56.602,1.49116,1.4914,1.00,1.50
2016.06.30 01:30:56.704,1.49114,1.49137,1.50,1.00
2016.06.30 01:30:56.806,1.49109,1.49134,1.00,1.50
2016.06.30 01:30:56.908,1.49107,1.49134,2.25,1.00
2016.06.30 01:30:57.060,1.49108,1.49132,1.00,1.00
2016.06.30 01:30:57.579,1.49107,1.49132,1.00,1.00
2016.06.30 01:30:58.250,1.49107,1.49132,1.00,1.37
2016.06.30 01:30:58.555,1.49105,1.49132,1.50,2.62
2016.06.30 01:31:00.567,1.49105,1.49129,1.00,1.00
2016.06.30 01:31:02.688,1.49106,1.49129,1.00,1.00
2016.06.30 01:31:02.942,1.49106,1.49131,1.00,1.00
2016.06.30 01:31:03.370,1.49109,1.49132,1.00,2.25
2016.06.30 01:31:04.301,1.49113,1.49132,1.00,1.00
2016.06.30 01:31:04.353,1.49113,1.49135,1.00,1.00
2016.06.30 01:31:04.556,1.49113,1.49137,1.50,1.00
2016.06.30 01:31:04.703,1.49118,1.49139,1.00,1.50
2016.06.30 01:31:04.770,1.49115,1.49142,1.50,1.00
2016.06.30 01:31:05.288,1.49115,1.49141,1.00,1.00
2016.06.30 01:31:06.355,1.49115,1.49142,1.00,1.00
2016.06.30 01:31:06.711,1.49117,1.49142,1.00,1.00
2016.06.30 01:31:07.015,1.49115,1.49142,1.00,1.00
2016.06.30 01:31:07.915,1.49117,1.49142,1.00,1.00
2016.06.30 01:31:07.966,1.49117,1.49144,1.00,1.50
2016.06.30 01:31:08.493,1.49118,1.49144,1.00,1.00
2016.06.30 01:31:10.306,1.49116,1.49144,1.50,1.00
2016.06.30 01:31:10.753,1.49116,1.49142,1.50,1.00
2016.06.30 01:31:13.153,1.49115,1.49142,1.50,1.00
2016.06.30 01:31:14.533,1.49115,1.49143,1.00,1.75
2016.06.30 01:31:15.390,1.49115,1.49141,1.00,1.00
2016.06.30 01:31:15.746,1.49116,1.49139,1.00,1.00
2016.06.30 01:31:15.798,1.49112,1.49137,1.50,1.00
2016.06.30 01:31:15.849,1.49112,1.49137,1.50,1.37
2016.06.30 01:31:16.174,1.49116,1.49138,1.00,1.37
2016.06.30 01:31:16.412,1.49118,1.49139,1.00,1.00
2016.06.30 01:31:16.463,1.49118,1.49141,1.00,1.12
2016.06.30 01:31:17.800,1.49119,1.49144,1.00,1.37
2016.06.30 01:31:19.167,1.49119,1.49143,1.00,1.12
2016.06.30 01:31:19.926,1.49118,1.4914,1.10,1.20
2016.06.30 01:31:20.372,1.49118,1.49141,1.00,2.25
2016.06.30 01:31:20.727,1.4912,1.49141,1.00,1.87
2016.06.30 01:31:21.242,1.4912,1.4914,1.00,1.07
2016.06.30 01:31:21.761,1.4912,1.49141,1.00,1.57
2016.06.30 01:31:23.420,1.4912,1.49144,1.00,3.00
2016.06.30 01:31:24.343,1.4912,1.49144,1.00,1.87
2016.06.30 01:31:25.101,1.4912,1.49144,1.07,1.57
2016.06.30 01:31:25.421,1.4912,1.49144,1.45,1.57
2016.06.30 01:31:26.763,1.49119,1.49144,1.47,1.82
2016.06.30 01:31:35.928,1.49118,1.49143,1.57,1.75
2016.06.30 01:31:37.330,1.49118,1.49143,1.57,1.75
2016.06.30 01:31:37.879,1.4912,1.49144,1.27,1.87
2016.06.30 01:31:38.435,1.4912,1.49144,1.51,2.25
2016.06.30 01:31:38.486,1.4912,1.49143,1.44,1.12
2016.06.30 01:31:38.874,1.4912,1.49144,1.44,1.12
2016.06.30 01:31:39.378,1.49124,1.49144,1.25,1.12
2016.06.30 01:31:39.582,1.49124,1.49147,1.25,1.12
2016.06.30 01:31:40.094,1.49124,1.49148,1.25,2.25
2016.06.30 01:31:40.674,1.49124,1.49148,1.19,2.25
2016.06.30 01:31:41.181,1.49124,1.49149,1.29,1.87
2016.06.30 01:31:41.740,1.49124,1.49148,1.01,1.50
2016.06.30 01:31:41.919,1.49124,1.49148,1.01,1.87
2016.06.30 01:31:42.693,1.49124,1.49146,1.00,1.12
2016.06.30 01:31:44.634,1.49124,1.49148,1.17,2.62
2016.06.30 01:31:46.663,1.49121,1.49146,1.82,1.20
2016.06.30 01:31:46.764,1.49121,1.49146,1.15,2.25
2016.06.30 01:31:48.405,1.49119,1.49143,2.25,1.00
2016.06.30 01:31:48.557,1.49114,1.49142,1.75,1.95
2016.06.30 01:31:48.609,1.49113,1.49135,1.00,1.00
2016.06.30 01:31:48.761,1.49113,1.49134,1.07,1.17
2016.06.30 01:31:48.812,1.49112,1.49134,1.00,1.15
2016.06.30 01:31:49.066,1.49112,1.49135,1.15,1.20
2016.06.30 01:31:49.117,1.49112,1.49135,1.57,1.10
2016.06.30 01:31:49.653,1.49113,1.49135,1.12,1.00
2016.06.30 01:31:50.649,1.49113,1.49134,1.12,1.00
2016.06.30 01:31:51.292,1.49113,1.49135,1.12,1.00
2016.06.30 01:31:51.850,1.49113,1.49137,1.87,2.02
2016.06.30 01:31:54.455,1.49115,1.49135,1.17,1.00
2016.06.30 01:31:55.679,1.49115,1.49137,1.07,2.32
2016.06.30 01:31:56.216,1.49115,1.49136,1.00,1.12
2016.06.30 01:31:56.552,1.49115,1.49137,1.16,1.50
2016.06.30 01:31:57.060,1.49116,1.49139,1.00,1.75
2016.06.30 01:31:57.697,1.49115,1.49139,1.50,1.75
2016.06.30 01:31:57.850,1.49115,1.49141,1.95,2.70
2016.06.30 01:31:59.782,1.49115,1.49141,1.95,3.07
2016.06.30 01:32:00.087,1.49115,1.49139,2.25,1.47
2016.06.30 01:32:00.550,1.49118,1.49139,1.10,1.37
2016.06.30 01:32:01.082,1.49118,1.49137,1.10,1.37
2016.06.30 01:32:01.285,1.49116,1.49136,1.00,1.57
2016.06.30 01:32:01.438,1.49113,1.49137,1.15,2.02
2016.06.30 01:32:01.489,1.49113,1.49135,1.15,1.37
2016.06.30 01:32:01.692,1.49114,1.49136,1.20,1.57
2016.06.30 01:32:01.879,1.49118,1.49136,1.00,1.57
2016.06.30 01:32:02.753,1.49118,1.49136,1.00,1.57
2016.06.30 01:32:02.913,1.49115,1.49137,1.00,2.02
2016.06.30 01:32:03.066,1.49115,1.49137,1.07,1.45
2016.06.30 01:32:03.269,1.49115,1.49139,1.87,2.02
2016.06.30 01:32:05.189,1.49115,1.49139,1.87,1.27
2016.06.30 01:32:05.694,1.49116,1.4914,1.12,1.87
2016.06.30 01:32:06.592,1.49116,1.4914,1.12,1.37
2016.06.30 01:32:08.859,1.49116,1.49141,1.87,1.47
2016.06.30 01:32:13.904,1.49116,1.49141,1.12,1.47
2016.06.30 01:32:14.227,1.49106,1.49124,1.12,1.87
2016.06.30 01:32:14.443,1.49097,1.49117,1.20,1.87
2016.06.30 01:32:15.476,1.49096,1.49118,1.87,1.37
2016.06.30 01:32:17.029,1.49096,1.49119,1.20,1.95
2016.06.30 01:32:17.554,1.49095,1.49119,1.50,2.02
2016.06.30 01:32:18.167,1.49095,1.49119,1.50,2.02
2016.06.30 01:32:18.713,1.49095,1.4912,1.50,1.52
2016.06.30 01:32:19.870,1.49095,1.4912,2.62,1.15
2016.06.30 01:32:19.972,1.49095,1.49121,1.50,1.50
2016.06.30 01:32:23.878,1.49098,1.49122,1.00,1.75
2016.06.30 01:32:24.031,1.49098,1.49123,1.65,1.50
2016.06.30 01:32:24.082,1.49098,1.49123,2.70,1.12
2016.06.30 01:32:24.387,1.49098,1.49123,1.12,1.10
2016.06.30 01:32:24.821,1.49097,1.49122,1.17,1.20
2016.06.30 01:32:25.603,1.49097,1.49122,1.57,1.20
2016.06.30 01:32:26.127,1.49097,1.49122,1.20,1.17
2016.06.30 01:32:28.442,1.49097,1.49121,2.62,1.10
2016.06.30 01:32:29.741,1.49097,1.49121,2.62,1.17
2016.06.30 01:32:33.079,1.49097,1.49121,2.62,1.27
2016.06.30 01:32:35.251,1.49098,1.49121,1.10,1.27
2016.06.30 01:32:35.765,1.49098,1.49121,1.17,1.20
2016.06.30 01:32:36.511,1.49098,1.49121,1.07,1.20
2016.06.30 01:32:36.715,1.49098,1.4912,1.00,2.25
2016.06.30 01:32:37.122,1.49096,1.49116,1.00,1.39
2016.06.30 01:32:37.790,1.49096,1.49116,1.00,1.36
2016.06.30 01:32:44.524,1.49096,1.49118,1.00,2.25
2016.06.30 01:32:45.602,1.49096,1.49116,1.10,1.47
2016.06.30 01:32:46.210,1.49096,1.49117,1.47,1.00
2016.06.30 01:32:46.312,1.49099,1.4912,1.00,1.12
2016.06.30 01:32:46.363,1.49099,1.49119,1.00,1.12
2016.06.30 01:32:46.464,1.49099,1.49121,1.00,2.25
2016.06.30 01:32:46.957,1.49097,1.49119,1.00,1.15
2016.06.30 01:32:47.008,1.49097,1.49119,1.00,1.57
2016.06.30 01:32:47.515,1.49097,1.49117,1.00,1.50
2016.06.30 01:32:48.023,1.49097,1.49119,1.00,1.12
2016.06.30 01:32:49.026,1.491,1.49118,1.00,1.20
2016.06.30 01:32:49.332,1.49105,1.49122,1.00,1.12
2016.06.30 01:32:49.434,1.49105,1.49124,1.00,1.12
2016.06.30 01:32:49.485,1.49107,1.49126,1.00,1.85
2016.06.30 01:32:49.536,1.49107,1.49128,1.00,1.87
2016.06.30 01:32:49.638,1.4911,1.49132,1.37,1.82
2016.06.30 01:32:49.690,1.4911,1.49132,1.37,1.87
2016.06.30 01:32:49.741,1.4911,1.49132,1.00,1.87
2016.06.30 01:32:50.286,1.4911,1.49132,1.00,1.50
2016.06.30 01:32:50.818,1.4911,1.49132,1.00,1.65
2016.06.30 01:32:51.328,1.4911,1.4913,1.00,1.00
2016.06.30 01:32:52.207,1.4911,1.4913,1.00,1.17
2016.06.30 01:32:54.784,1.49108,1.4913,1.00,1.17
2016.06.30 01:32:55.038,1.49105,1.49126,2.62,1.00
2016.06.30 01:32:55.141,1.49102,1.49122,1.00,1.10
2016.06.30 01:32:55.769,1.49102,1.49122,1.00,1.17
2016.06.30 01:32:56.383,1.49102,1.49124,1.10,1.20
2016.06.30 01:32:56.591,1.49105,1.49124,1.00,1.20
2016.06.30 01:32:57.822,1.49111,1.49129,1.12,1.75
2016.06.30 01:32:57.924,1.49115,1.49137,1.00,2.62
2016.06.30 01:32:58.026,1.49115,1.49136,1.00,1.12
2016.06.30 01:32:58.334,1.49115,1.49132,1.00,1.12
2016.06.30 01:32:58.770,1.49115,1.49135,1.00,1.12
2016.06.30 01:33:00.403,1.49115,1.49135,1.00,1.62
2016.06.30 01:33:00.989,1.49115,1.49134,1.00,2.37
2016.06.30 01:33:01.041,1.49111,1.49133,1.00,1.25
2016.06.30 01:33:01.532,1.49111,1.4913,1.00,1.51
2016.06.30 01:33:01.895,1.49111,1.49134,1.10,1.30
2016.06.30 01:33:03.406,1.49111,1.49134,1.00,1.12
2016.06.30 01:33:04.138,1.49115,1.49136,1.00,2.45
2016.06.30 01:33:04.190,1.49115,1.49136,1.00,1.77
2016.06.30 01:33:04.342,1.49115,1.49137,1.10,1.10
2016.06.30 01:33:04.854,1.49116,1.49136,1.20,1.00
2016.06.30 01:33:05.415,1.4912,1.49136,1.00,1.00
2016.06.30 01:33:05.669,1.49131,1.4915,1.00,1.50
2016.06.30 01:33:05.854,1.49133,1.49153,1.12,1.00
2016.06.30 01:33:06.108,1.49134,1.49158,1.15,2.02
2016.06.30 01:33:06.641,1.49136,1.49158,1.00,2.02
2016.06.30 01:33:07.650,1.49136,1.49156,1.00,1.00
2016.06.30 01:33:09.105,1.49136,1.49155,1.10,1.00
2016.06.30 01:33:09.347,1.49136,1.49157,1.20,1.00
2016.06.30 01:33:09.704,1.49136,1.49159,1.17,1.10
2016.06.30 01:33:11.426,1.49138,1.49159,1.00,1.10
2016.06.30 01:33:11.908,1.49138,1.49159,1.00,1.20
2016.06.30 01:33:21.916,1.49139,1.49157,1.00,1.20
2016.06.30 01:33:22.120,1.49136,1.49157,1.00,1.20
2016.06.30 01:33:22.629,1.49136,1.49157,1.00,2.62
2016.06.30 01:33:23.562,1.49136,1.49158,1.10,1.20
2016.06.30 01:33:23.958,1.49141,1.49158,1.00,1.20
2016.06.30 01:33:24.213,1.49148,1.49171,2.06,1.00
2016.06.30 01:33:24.753,1.49148,1.49171,1.76,1.57
2016.06.30 01:33:25.939,1.49148,1.49171,1.39,1.65
2016.06.30 01:33:26.425,1.49148,1.49169,1.01,1.00
2016.06.30 01:33:27.110,1.49148,1.49168,1.10,1.00
2016.06.30 01:33:28.710,1.49148,1.4917,1.10,1.01
2016.06.30 01:33:28.860,1.49148,1.4917,1.12,1.00
2016.06.30 01:33:29.166,1.49148,1.49168,1.50,1.00
2016.06.30 01:33:31.916,1.49148,1.4917,1.50,1.00
2016.06.30 01:33:32.416,1.49147,1.49164,2.25,1.00
2016.06.30 01:33:32.468,1.49147,1.49167,2.25,1.00
2016.06.30 01:33:32.519,1.49147,1.49161,1.57,1.50
2016.06.30 01:33:32.570,1.49147,1.49161,1.15,1.50
2016.06.30 01:33:32.773,1.49147,1.4917,1.65,1.20
2016.06.30 01:33:34.162,1.49147,1.4917,2.55,1.10
2016.06.30 01:33:34.366,1.49151,1.49172,1.12,1.50
2016.06.30 01:33:34.776,1.49152,1.49172,1.12,1.00
2016.06.30 01:33:35.283,1.49152,1.49173,1.12,1.00
2016.06.30 01:33:35.812,1.49153,1.49174,1.75,1.00
2016.06.30 01:33:37.329,1.49153,1.49175,1.75,1.00
2016.06.30 01:33:37.668,1.4915,1.4917,1.12,1.00
2016.06.30 01:33:37.719,1.4915,1.4917,1.12,1.00
2016.06.30 01:33:37.975,1.49147,1.49169,1.87,1.00
2016.06.30 01:33:38.026,1.49147,1.49167,1.87,1.00
2016.06.30 01:33:38.332,1.49151,1.49171,1.00,1.07
2016.06.30 01:33:38.435,1.49151,1.49175,1.31,1.87
2016.06.30 01:33:38.486,1.49151,1.49175,2.06,1.50
2016.06.30 01:33:39.010,1.49153,1.49174,1.17,1.00
2016.06.30 01:33:39.444,1.49153,1.49174,1.17,1.37
2016.06.30 01:33:39.699,1.49146,1.4917,1.50,1.57
2016.06.30 01:33:39.750,1.49144,1.49167,1.87,1.37
2016.06.30 01:33:39.852,1.49144,1.49168,1.87,1.20
2016.06.30 01:33:39.954,1.49144,1.49169,1.50,1.15
2016.06.30 01:33:40.005,1.49146,1.49169,1.85,1.07
2016.06.30 01:33:40.283,1.49147,1.4917,1.12,1.00
2016.06.30 01:33:40.423,1.49147,1.49167,1.12,1.00
2016.06.30 01:33:41.636,1.49147,1.49168,1.12,1.00
2016.06.30 01:33:42.190,1.49147,1.49169,1.12,1.00
2016.06.30 01:33:42.975,1.49147,1.49169,1.12,1.44
2016.06.30 01:33:43.280,1.49144,1.49166,1.87,1.37
2016.06.30 01:33:43.797,1.49144,1.49166,1.87,1.37
2016.06.30 01:33:44.274,1.49144,1.49166,1.87,1.25
2016.06.30 01:33:44.376,1.49146,1.4917,1.82,1.87
2016.06.30 01:33:44.690,1.4915,1.4917,1.12,1.37
2016.06.30 01:33:44.893,1.49148,1.4917,1.12,1.37
2016.06.30 01:33:45.223,1.49146,1.4917,1.87,1.37
2016.06.30 01:33:45.594,1.49146,1.4917,1.87,1.00
2016.06.30 01:33:45.918,1.49146,1.49171,1.10,1.39
2016.06.30 01:33:46.162,1.49145,1.49171,1.17,1.57
2016.06.30 01:33:46.467,1.49143,1.49167,1.12,1.37
2016.06.30 01:33:46.774,1.49142,1.49167,3.00,2.02
2016.06.30 01:33:46.926,1.49148,1.49169,1.00,1.50
2016.06.30 01:33:47.181,1.49146,1.49169,1.00,1.50
2016.06.30 01:33:47.370,1.49146,1.49168,1.15,1.37
2016.06.30 01:33:47.827,1.49147,1.49171,1.20,1.69
2016.06.30 01:33:48.356,1.49147,1.49171,1.17,2.06
2016.06.30 01:33:49.240,1.49151,1.49171,1.00,1.87
2016.06.30 01:33:49.393,1.49154,1.49176,1.00,1.07
2016.06.30 01:33:49.444,1.49153,1.49175,1.07,1.47
2016.06.30 01:33:49.751,1.49151,1.49173,1.00,1.01
2016.06.30 01:33:51.106,1.49151,1.49174,1.07,1.57
2016.06.30 01:33:51.909,1.49151,1.49175,1.15,1.52
2016.06.30 01:33:52.011,1.49151,1.49175,1.15,1.15
2016.06.30 01:33:52.062,1.49153,1.49176,1.00,1.31
2016.06.30 01:33:52.601,1.49153,1.49174,1.00,1.12
2016.06.30 01:33:53.160,1.49152,1.49174,1.00,1.12
2016.06.30 01:33:53.782,1.49151,1.49175,1.20,1.31
2016.06.30 01:33:53.833,1.49151,1.49173,1.12,1.01
2016.06.30 01:33:53.935,1.49151,1.4917,1.00,1.75
2016.06.30 01:33:54.247,1.49151,1.49174,1.10,1.01
2016.06.30 01:33:56.902,1.49153,1.49174,1.00,1.69
2016.06.30 01:33:57.004,1.49154,1.49177,1.12,2.06
2016.06.30 01:33:58.133,1.49155,1.49177,1.00,1.31
2016.06.30 01:33:58.336,1.49155,1.49178,1.57,1.60
2016.06.30 01:33:58.573,1.49155,1.49174,1.10,1.19
2016.06.30 01:33:58.753,1.49151,1.49171,1.17,1.00
2016.06.30 01:33:59.262,1.49151,1.49171,1.10,1.00
2016.06.30 01:33:59.516,1.49148,1.4917,1.10,1.20
2016.06.30 01:33:59.821,1.4915,1.4917,1.00,1.20
2016.06.30 01:34:00.165,1.4916,1.49181,1.12,1.00
2016.06.30 01:34:00.319,1.49164,1.49186,1.20,1.00
2016.06.30 01:34:00.825,1.49164,1.49186,1.17,1.00
2016.06.30 01:34:01.341,1.49161,1.49184,1.87,1.32
2016.06.30 01:34:01.646,1.49172,1.49194,1.87,1.82
2016.06.30 01:34:01.901,1.49179,1.49204,1.12,1.20
2016.06.30 01:34:01.952,1.49181,1.492,1.12,1.00
2016.06.30 01:34:02.054,1.49177,1.49201,1.44,1.12
2016.06.30 01:34:02.105,1.49177,1.49205,2.19,1.82
2016.06.30 01:34:02.157,1.4918,1.49205,1.50,1.20
2016.06.30 01:34:02.530,1.4918,1.49205,1.12,1.20
2016.06.30 01:34:04.965,1.49184,1.49206,1.00,2.62
2016.06.30 01:34:05.068,1.49193,1.49206,1.00,1.75
2016.06.30 01:34:05.221,1.492,1.49217,1.00,1.00
2016.06.30 01:34:05.277,1.492,1.49219,1.00,1.00
2016.06.30 01:34:05.513,1.492,1.49221,1.10,1.00
2016.06.30 01:34:05.793,1.492,1.4922,1.20,1.00
2016.06.30 01:34:06.110,1.49205,1.49225,1.00,1.87
2016.06.30 01:34:06.212,1.49204,1.4923,1.87,1.12
2016.06.30 01:34:06.365,1.49202,1.49228,1.12,1.75
2016.06.30 01:34:06.778,1.492,1.49221,1.12,1.00
2016.06.30 01:34:07.274,1.49198,1.49217,1.01,1.00
2016.06.30 01:34:07.325,1.49197,1.49217,1.87,1.00
2016.06.30 01:34:07.427,1.49197,1.49217,1.10,1.10
2016.06.30 01:34:07.934,1.49197,1.4922,1.00,1.50
2016.06.30 01:34:08.238,1.49197,1.49219,1.00,1.12
2016.06.30 01:34:08.648,1.49197,1.4922,1.19,1.20
2016.06.30 01:34:08.751,1.49197,1.4922,1.19,1.87
2016.06.30 01:34:09.522,1.49197,1.49218,1.19,1.12
2016.06.30 01:34:10.544,1.49197,1.49219,1.19,1.87
2016.06.30 01:34:10.900,1.49193,1.49217,1.12,2.55
2016.06.30 01:34:10.951,1.49188,1.49211,2.32,1.20
2016.06.30 01:34:11.002,1.49185,1.49207,1.75,1.75
2016.06.30 01:34:11.053,1.49181,1.49202,1.25,2.55
2016.06.30 01:34:11.206,1.49178,1.492,1.50,1.12
2016.06.30 01:34:11.442,1.49183,1.49207,1.47,1.95
2016.06.30 01:34:11.951,1.49183,1.49206,1.37,1.57
2016.06.30 01:34:13.474,1.49183,1.49206,1.00,1.51
2016.06.30 01:34:13.629,1.49183,1.49205,1.37,1.10
2016.06.30 01:34:13.936,1.49191,1.49215,1.12,1.17
2016.06.30 01:34:13.987,1.49188,1.49215,1.75,1.82
2016.06.30 01:34:14.038,1.49188,1.4921,1.00,1.12
2016.06.30 01:34:14.272,1.49184,1.49207,1.00,1.12
2016.06.30 01:34:14.374,1.49179,1.49208,3.45,1.12
2016.06.30 01:34:14.426,1.49179,1.49206,1.00,1.12
2016.06.30 01:34:14.528,1.49177,1.49204,1.07,1.12
2016.06.30 01:34:14.953,1.49177,1.49196,1.00,1.00
2016.06.30 01:34:15.817,1.49177,1.49196,1.17,1.00
2016.06.30 01:34:16.122,1.49188,1.49196,1.00,1.00
2016.06.30 01:34:16.173,1.4919,1.49206,1.00,1.75
2016.06.30 01:34:16.224,1.49196,1.49206,1.00,1.00
2016.06.30 01:34:16.275,1.49196,1.49212,1.00,1.12
2016.06.30 01:34:16.377,1.49197,1.49214,1.10,1.00
2016.06.30 01:34:16.479,1.49201,1.49214,1.00,1.00
2016.06.30 01:34:16.987,1.49201,1.49218,1.00,1.00
2016.06.30 01:34:18.165,1.49203,1.49221,1.00,1.20
2016.06.30 01:34:18.470,1.4921,1.49233,1.07,1.50
2016.06.30 01:34:18.521,1.4921,1.49233,1.07,1.12
2016.06.30 01:34:18.713,1.49212,1.49233,1.00,1.00
2016.06.30 01:34:18.771,1.49207,1.49231,1.00,1.00
2016.06.30 01:34:18.822,1.49202,1.49229,1.75,2.25
2016.06.30 01:34:18.873,1.49202,1.49227,1.10,1.12
2016.06.30 01:34:19.025,1.49202,1.49221,1.00,1.00
2016.06.30 01:34:19.481,1.49202,1.49218,1.00,1.00
2016.06.30 01:34:19.887,1.49201,1.49224,1.00,1.20
2016.06.30 01:34:19.938,1.49197,1.49222,1.50,1.10
2016.06.30 01:34:20.045,1.49197,1.49223,1.57,1.82
2016.06.30 01:34:20.096,1.49197,1.49221,1.17,1.12
2016.06.30 01:34:20.322,1.49197,1.49215,1.17,1.00
2016.06.30 01:34:20.475,1.49197,1.49218,1.17,1.10
2016.06.30 01:34:20.982,1.49197,1.49218,1.20,1.00
2016.06.30 01:34:22.270,1.49201,1.49218,1.00,1.00
2016.06.30 01:34:22.525,1.49217,1.49238,1.00,1.17
2016.06.30 01:34:22.577,1.49217,1.49238,1.12,1.07
2016.06.30 01:34:22.780,1.49217,1.49236,1.10,1.00
2016.06.30 01:34:23.085,1.49217,1.49238,1.20,1.00
2016.06.30 01:34:23.610,1.49217,1.49237,1.10,1.10
2016.06.30 01:34:23.837,1.49217,1.49237,1.00,1.55
2016.06.30 01:34:24.242,1.49219,1.49237,1.00,1.17
2016.06.30 01:34:24.395,1.49219,1.49239,1.00,1.65
2016.06.30 01:34:24.548,1.49221,1.49239,1.00,1.15
2016.06.30 01:34:25.462,1.49219,1.4924,1.00,1.20
2016.06.30 01:34:25.965,1.49219,1.4924,1.69,1.87
2016.06.30 01:34:26.477,1.49219,1.4924,1.20,1.25
2016.06.30 01:34:26.579,1.49219,1.49236,1.20,1.00
2016.06.30 01:34:27.120,1.49219,1.49236,1.17,1.00
2016.06.30 01:34:28.022,1.4922,1.49236,1.07,1.00
2016.06.30 01:34:28.073,1.4922,1.49238,1.07,1.00
2016.06.30 01:34:28.175,1.49217,1.49243,1.87,1.32
2016.06.30 01:34:28.329,1.49232,1.49243,1.75,1.27
2016.06.30 01:34:28.380,1.49232,1.49246,1.75,1.87
2016.06.30 01:34:28.431,1.49237,1.49246,1.50,1.50
2016.06.30 01:34:28.584,1.49238,1.49259,1.82,1.00
2016.06.30 01:34:28.795,1.49243,1.49261,1.01,1.00
2016.06.30 01:34:28.897,1.4924,1.49261,1.50,1.00
2016.06.30 01:34:29.151,1.4924,1.49261,1.12,1.50
2016.06.30 01:34:29.252,1.49237,1.49261,1.87,1.50
2016.06.30 01:34:29.354,1.49239,1.49261,1.12,1.00
2016.06.30 01:34:29.406,1.49239,1.49258,1.12,1.00
2016.06.30 01:34:29.660,1.49237,1.49258,1.20,1.00
2016.06.30 01:34:29.762,1.49242,1.49258,1.00,1.00
2016.06.30 01:34:30.334,1.49241,1.49261,1.00,1.20
2016.06.30 01:34:30.662,1.49241,1.49257,1.00,1.00
2016.06.30 01:34:31.170,1.49239,1.49257,1.65,1.00
2016.06.30 01:34:32.230,1.49243,1.49257,1.00,1.00
2016.06.30 01:34:32.535,1.49241,1.49261,1.07,1.00
2016.06.30 01:34:33.144,1.49241,1.49261,1.10,1.20
2016.06.30 01:34:33.195,1.49241,1.49261,1.00,1.20
2016.06.30 01:34:33.866,1.4924,1.49261,1.00,1.20
2016.06.30 01:34:34.369,1.49239,1.49261,1.10,1.20
2016.06.30 01:34:34.674,1.4924,1.49261,1.07,1.10
2016.06.30 01:34:35.034,1.49239,1.49258,1.57,1.00
2016.06.30 01:34:35.559,1.49238,1.49265,1.95,2.00
2016.06.30 01:34:35.611,1.49238,1.49264,1.15,1.87
2016.06.30 01:34:35.766,1.49238,1.49257,1.20,1.00
2016.06.30 01:34:36.020,1.49237,1.49255,1.20,1.00
2016.06.30 01:34:36.489,1.49237,1.49255,1.20,1.00
2016.06.30 01:34:37.467,1.49242,1.49255,1.00,1.00
2016.06.30 01:34:37.518,1.49242,1.49263,1.95,1.50
2016.06.30 01:34:37.570,1.49255,1.49263,1.22,1.00
2016.06.30 01:34:37.722,1.49258,1.49273,1.12,1.00
2016.06.30 01:34:37.824,1.49257,1.49273,1.12,1.00
2016.06.30 01:34:38.028,1.49255,1.49269,1.12,1.00
2016.06.30 01:34:38.222,1.49242,1.49258,1.00,1.12
2016.06.30 01:34:38.301,1.49238,1.49262,1.10,1.20
2016.06.30 01:34:38.352,1.49238,1.49258,1.17,1.00
2016.06.30 01:34:38.859,1.49238,1.49257,1.10,1.00
2016.06.30 01:34:39.366,1.49238,1.49257,1.00,1.07
2016.06.30 01:34:40.238,1.49238,1.49253,1.00,1.00
2016.06.30 01:34:40.544,1.49222,1.49242,1.37,1.20
2016.06.30 01:34:40.595,1.49219,1.49241,1.50,1.60
2016.06.30 01:34:40.646,1.49219,1.49236,1.50,1.00
2016.06.30 01:34:41.323,1.49219,1.49235,1.50,1.00
2016.06.30 01:34:43.358,1.49219,1.49233,1.00,1.00
2016.06.30 01:34:43.664,1.49236,1.49251,1.12,1.00
2016.06.30 01:34:43.867,1.49237,1.49254,1.12,1.00
2016.06.30 01:34:43.969,1.49236,1.49254,1.57,1.00
2016.06.30 01:34:44.071,1.49236,1.49254,1.15,1.00
2016.06.30 01:34:44.615,1.49237,1.49254,1.65,1.00
2016.06.30 01:34:45.964,1.49237,1.49252,1.07,1.00
2016.06.30 01:34:46.472,1.49237,1.49253,1.07,1.00
2016.06.30 01:34:47.040,1.49237,1.49255,1.07,1.00
2016.06.30 01:34:48.376,1.49236,1.49255,1.00,1.00
2016.06.30 01:34:51.973,1.49236,1.49254,1.10,1.00
2016.06.30 01:34:52.579,1.49238,1.49254,1.00,1.00
2016.06.30 01:34:53.082,1.49238,1.49256,1.00,1.00
2016.06.30 01:34:53.968,1.49238,1.49258,1.00,1.10
2016.06.30 01:34:54.070,1.49238,1.49253,1.00,1.00
2016.06.30 01:34:54.599,1.49238,1.49252,1.00,1.00
2016.06.30 01:34:55.802,1.49238,1.49252,1.19,1.00
2016.06.30 01:34:55.854,1.49238,1.49256,1.19,1.00
2016.06.30 01:34:56.007,1.49238,1.49258,1.00,1.12
2016.06.30 01:34:56.159,1.49238,1.49258,1.00,1.75
2016.06.30 01:34:56.667,1.49237,1.49254,1.00,1.00
2016.06.30 01:34:57.180,1.49237,1.49254,1.00,1.07
2016.06.30 01:34:57.722,1.49243,1.49252,1.00,1.00
2016.06.30 01:34:57.773,1.49243,1.49259,1.00,1.75
2016.06.30 01:34:57.824,1.49243,1.49259,1.00,1.00
2016.06.30 01:34:57.875,1.49243,1.49256,1.00,1.00
2016.06.30 01:34:57.977,1.49243,1.49261,1.00,1.00
2016.06.30 01:34:58.282,1.49243,1.49259,1.00,1.00
2016.06.30 01:34:58.661,1.49245,1.4926,1.00,1.00
2016.06.30 01:34:58.885,1.49243,1.4926,1.00,1.00
2016.06.30 01:34:58.987,1.49241,1.49258,2.77,1.00
2016.06.30 01:34:59.498,1.49242,1.49259,1.10,1.00
2016.06.30 01:35:00.185,1.49242,1.49262,1.10,1.00
2016.06.30 01:35:00.387,1.49244,1.49262,1.00,1.00
2016.06.30 01:35:01.405,1.49242,1.49262,1.10,1.00
2016.06.30 01:35:01.609,1.49244,1.49262,1.00,1.00
2016.06.30 01:35:05.383,1.49244,1.49262,1.00,1.87
2016.06.30 01:35:05.434,1.49242,1.49262,1.10,1.87
2016.06.30 01:35:05.758,1.49239,1.49261,1.57,1.45
2016.06.30 01:35:05.913,1.49234,1.49254,1.95,1.00
2016.06.30 01:35:05.964,1.49234,1.49254,1.27,1.00
2016.06.30 01:35:06.472,1.49235,1.49254,1.07,1.00
2016.06.30 01:35:06.676,1.49235,1.49257,1.00,1.84
2016.06.30 01:35:06.778,1.49235,1.49258,1.12,1.52
2016.06.30 01:35:06.930,1.49232,1.49252,1.12,1.00
2016.06.30 01:35:06.982,1.4923,1.4925,1.57,1.00
2016.06.30 01:35:07.033,1.49229,1.49249,1.07,1.00
2016.06.30 01:35:07.207,1.49229,1.49247,1.00,1.00
2016.06.30 01:35:07.309,1.49227,1.49247,1.00,1.07
2016.06.30 01:35:07.816,1.49222,1.49246,1.55,1.27
2016.06.30 01:35:07.867,1.49222,1.49246,1.07,1.59
2016.06.30 01:35:08.275,1.49222,1.49237,1.00,1.00
2016.06.30 01:35:08.530,1.49207,1.49223,1.50,1.00
2016.06.30 01:35:08.671,1.49202,1.49223,1.82,1.00
2016.06.30 01:35:08.749,1.49201,1.49221,1.87,1.00
2016.06.30 01:35:09.156,1.49199,1.49221,2.25,1.00
2016.06.30 01:35:10.035,1.49198,1.49221,1.57,1.00
2016.06.30 01:35:12.280,1.49201,1.49228,2.47,1.65
2016.06.30 01:35:12.331,1.49208,1.49229,1.00,1.20
2016.06.30 01:35:12.659,1.49205,1.49224,1.12,1.00
2016.06.30 01:35:12.761,1.49202,1.49224,1.17,1.00
2016.06.30 01:35:13.034,1.49202,1.49222,1.87,1.00
2016.06.30 01:35:13.542,1.49202,1.49222,1.87,1.00
2016.06.30 01:35:14.101,1.49202,1.49221,1.00,1.00
2016.06.30 01:35:14.621,1.49198,1.49221,3.00,1.00
2016.06.30 01:35:16.324,1.49204,1.49223,1.75,1.12
2016.06.30 01:35:16.426,1.49205,1.49223,1.75,1.00
2016.06.30 01:35:16.527,1.49203,1.49223,1.75,1.00
2016.06.30 01:35:16.731,1.49201,1.49223,2.25,1.00
2016.06.30 01:35:17.255,1.49201,1.49222,1.20,1.00
2016.06.30 01:35:19.394,1.49201,1.49223,1.57,1.50
2016.06.30 01:35:19.547,1.49204,1.49223,1.85,1.50
2016.06.30 01:35:19.852,1.49206,1.49223,1.87,1.50
2016.06.30 01:35:20.055,1.49203,1.49223,1.20,1.00
2016.06.30 01:35:20.591,1.49203,1.49223,1.17,1.00
2016.06.30 01:35:21.531,1.49203,1.49223,1.20,1.00
2016.06.30 01:35:23.082,1.49206,1.49223,1.00,1.00
2016.06.30 01:35:23.539,1.49212,1.49227,1.00,1.20
2016.06.30 01:35:23.838,1.49212,1.4923,1.07,1.44
2016.06.30 01:35:24.004,1.49212,1.49227,1.20,1.00
2016.06.30 01:35:24.106,1.49212,1.49227,1.00,1.00
2016.06.30 01:35:24.208,1.49209,1.49227,1.00,1.10
2016.06.30 01:35:24.716,1.49209,1.49225,1.00,1.07
2016.06.30 01:35:24.819,1.49206,1.49225,1.00,1.95
2016.06.30 01:35:25.330,1.49206,1.49225,1.00,2.70
2016.06.30 01:35:26.597,1.49206,1.49221,1.00,1.00
2016.06.30 01:35:26.851,1.49204,1.49221,1.00,1.00
2016.06.30 01:35:27.261,1.49207,1.49225,1.00,2.70
2016.06.30 01:35:27.364,1.49205,1.49223,1.00,1.51
2016.06.30 01:35:27.516,1.49205,1.49223,1.50,2.25
2016.06.30 01:35:27.821,1.49211,1.49226,1.50,1.37
2016.06.30 01:35:28.056,1.49211,1.49226,1.00,1.25
2016.06.30 01:35:28.563,1.49207,1.49225,1.50,1.12
2016.06.30 01:35:28.614,1.49207,1.49225,1.00,1.87
2016.06.30 01:35:28.868,1.49207,1.49225,1.00,1.50
2016.06.30 01:35:32.484,1.49206,1.49223,1.00,1.20
2016.06.30 01:35:34.365,1.49206,1.49222,1.00,1.00
2016.06.30 01:35:36.948,1.49206,1.49223,1.00,1.00
2016.06.30 01:35:37.484,1.49206,1.49223,1.65,1.00
2016.06.30 01:35:38.024,1.49206,1.49224,1.65,1.00
2016.06.30 01:35:38.279,1.49209,1.49224,1.00,1.00
2016.06.30 01:35:38.673,1.49212,1.49225,1.20,1.00
2016.06.30 01:35:38.724,1.49212,1.49229,1.17,1.00
2016.06.30 01:35:38.954,1.49211,1.49229,1.20,1.00
2016.06.30 01:35:39.056,1.49211,1.49226,1.20,1.00
2016.06.30 01:35:39.563,1.49212,1.49226,1.00,1.00
2016.06.30 01:35:41.462,1.49211,1.49226,1.65,1.00
2016.06.30 01:35:47.271,1.49211,1.49225,1.00,1.00
2016.06.30 01:35:47.576,1.49214,1.49225,1.00,1.00
2016.06.30 01:35:48.582,1.49214,1.49226,1.00,1.00
2016.06.30 01:35:49.578,1.49214,1.49224,1.00,1.00
2016.06.30 01:35:50.475,1.49214,1.49227,1.00,1.50
2016.06.30 01:35:51.019,1.49214,1.49228,1.00,1.00
2016.06.30 01:35:51.550,1.49214,1.49229,1.00,1.00
2016.06.30 01:35:52.479,1.49214,1.49228,1.00,1.00
2016.06.30 01:35:53.082,1.49214,1.49227,1.00,1.00
2016.06.30 01:35:54.167,1.49214,1.49223,1.00,1.00
2016.06.30 01:35:54.269,1.49205,1.49218,1.37,1.00
2016.06.30 01:35:54.372,1.49204,1.49217,1.00,1.00
2016.06.30 01:35:54.473,1.49202,1.49212,1.00,1.00
2016.06.30 01:35:54.794,1.49196,1.49208,1.17,1.00
2016.06.30 01:35:55.319,1.49196,1.49207,1.00,1.00
2016.06.30 01:35:55.826,1.49196,1.49207,1.00,1.37
2016.06.30 01:35:56.162,1.49188,1.49198,1.50,1.37
2016.06.30 01:35:56.214,1.49177,1.49193,1.00,1.44
2016.06.30 01:35:56.671,1.49177,1.49196,1.00,1.25
2016.06.30 01:35:59.239,1.49179,1.49196,2.25,1.00
2016.06.30 01:35:59.544,1.49183,1.49199,1.00,1.00
2016.06.30 01:35:59.595,1.49179,1.49199,1.20,1.10
2016.06.30 01:36:00.103,1.49179,1.49199,1.12,1.20
2016.06.30 01:36:00.636,1.49179,1.49198,1.00,1.10
2016.06.30 01:36:00.739,1.49176,1.49198,1.00,1.15
2016.06.30 01:36:00.791,1.49176,1.49198,1.00,1.57
2016.06.30 01:36:01.450,1.49176,1.49196,1.00,1.32
2016.06.30 01:36:01.502,1.49174,1.49196,1.12,1.62
2016.06.30 01:36:01.554,1.49174,1.49189,1.10,1.00
2016.06.30 01:36:01.757,1.49169,1.49189,1.07,1.10
2016.06.30 01:36:01.945,1.49172,1.49193,1.00,1.22
2016.06.30 01:36:01.996,1.49175,1.49193,1.07,1.22
2016.06.30 01:36:02.098,1.49175,1.49195,1.20,1.00
2016.06.30 01:36:02.251,1.49174,1.49191,2.00,1.00
2016.06.30 01:36:02.302,1.49171,1.49191,1.12,1.00
2016.06.30 01:36:02.404,1.4917,1.49189,1.87,1.00
2016.06.30 01:36:02.658,1.49167,1.49187,1.47,1.00
2016.06.30 01:36:02.810,1.49169,1.49187,1.01,1.00
2016.06.30 01:36:03.295,1.49167,1.49187,1.17,1.00
2016.06.30 01:36:03.369,1.49178,1.49198,1.17,1.00
2016.06.30 01:36:03.674,1.4918,1.49201,1.20,1.00
2016.06.30 01:36:04.198,1.49182,1.49201,1.17,1.00
2016.06.30 01:36:07.077,1.49182,1.49205,1.27,1.20
2016.06.30 01:36:07.254,1.49185,1.49205,1.10,1.10
2016.06.30 01:36:07.762,1.49185,1.49205,1.17,1.00
2016.06.30 01:36:08.291,1.49185,1.49205,1.07,1.07
2016.06.30 01:36:08.917,1.49185,1.49205,1.00,1.20
2016.06.30 01:36:09.204,1.49185,1.49205,1.10,1.10
2016.06.30 01:36:10.760,1.49185,1.49206,1.20,1.00
2016.06.30 01:36:10.811,1.4919,1.49206,1.00,1.00
2016.06.30 01:36:11.067,1.492,1.4922,1.57,1.00
2016.06.30 01:36:11.574,1.49203,1.49223,1.25,1.95
2016.06.30 01:36:13.510,1.49198,1.49221,1.31,1.10
2016.06.30 01:36:13.688,1.49199,1.49221,1.31,1.10
2016.06.30 01:36:13.993,1.49205,1.49222,1.37,1.37
2016.06.30 01:36:14.044,1.49205,1.49222,1.37,1.01
2016.06.30 01:36:14.095,1.49213,1.49225,1.97,1.12
2016.06.30 01:36:14.147,1.49217,1.49228,1.12,1.12
2016.06.30 01:36:14.198,1.49218,1.49232,1.12,1.44
2016.06.30 01:36:14.300,1.49219,1.49236,1.12,1.00
2016.06.30 01:36:14.402,1.49222,1.49237,1.85,1.25
2016.06.30 01:36:14.555,1.49219,1.4924,1.87,1.50
2016.06.30 01:36:14.607,1.49219,1.4924,1.87,1.50
2016.06.30 01:36:14.810,1.49219,1.49238,1.57,1.00
2016.06.30 01:36:15.457,1.49219,1.49238,1.20,1.50
2016.06.30 01:36:15.934,1.49219,1.49238,1.10,1.00
2016.06.30 01:36:16.036,1.49219,1.49241,1.07,1.07
2016.06.30 01:36:16.290,1.49219,1.49241,2.32,1.07
2016.06.30 01:36:16.341,1.49221,1.49242,1.20,1.00
2016.06.30 01:36:17.403,1.49221,1.49241,1.17,1.00
2016.06.30 01:36:17.455,1.49219,1.49239,1.87,1.25
2016.06.30 01:36:17.556,1.49219,1.49239,1.20,1.25
2016.06.30 01:36:18.210,1.49219,1.49239,1.20,1.87
2016.06.30 01:36:18.752,1.49219,1.49239,1.17,1.87
2016.06.30 01:36:19.349,1.49216,1.49234,1.75,1.37
2016.06.30 01:36:19.452,1.49216,1.49234,1.00,1.37
2016.06.30 01:36:19.655,1.49213,1.49231,1.17,1.37
2016.06.30 01:36:20.216,1.4921,1.49229,1.57,1.37
2016.06.30 01:36:20.724,1.4921,1.49228,1.57,1.37
2016.06.30 01:36:21.618,1.4921,1.49228,1.57,1.44
2016.06.30 01:36:21.670,1.49211,1.49228,1.12,1.44
2016.06.30 01:36:21.852,1.49216,1.49235,1.17,1.00
2016.06.30 01:36:21.903,1.49216,1.4924,3.30,1.00
2016.06.30 01:36:22.208,1.49219,1.4924,1.07,1.10
2016.06.30 01:36:25.174,1.4922,1.4924,1.17,1.00
2016.06.30 01:36:25.741,1.49219,1.49238,1.20,1.00
2016.06.30 01:36:26.249,1.49218,1.49239,1.57,1.00
2016.06.30 01:36:27.721,1.49221,1.49239,1.79,1.00
2016.06.30 01:36:28.200,1.49221,1.49242,1.79,1.00
2016.06.30 01:36:28.403,1.49228,1.49246,1.00,2.70
2016.06.30 01:36:29.008,1.49228,1.49246,1.00,1.57
2016.06.30 01:36:34.512,1.49228,1.49245,1.00,1.00
2016.06.30 01:36:37.197,1.49228,1.49246,1.00,2.32
2016.06.30 01:36:37.389,1.49238,1.49254,1.12,2.25
2016.06.30 01:36:37.541,1.49239,1.49257,1.00,1.00
2016.06.30 01:36:37.948,1.49239,1.49255,1.00,1.00
2016.06.30 01:36:38.102,1.49237,1.49255,1.10,1.00
2016.06.30 01:36:39.431,1.4924,1.49259,1.00,1.12
2016.06.30 01:36:39.737,1.4925,1.49262,1.50,1.00
2016.06.30 01:36:39.839,1.49253,1.49269,1.00,1.00
2016.06.30 01:36:39.942,1.49256,1.4927,1.00,1.00
2016.06.30 01:36:40.447,1.49254,1.4927,1.17,1.00
2016.06.30 01:36:40.956,1.49254,1.49272,1.17,1.00
2016.06.30 01:36:41.160,1.49259,1.49272,1.00,1.00
2016.06.30 01:36:41.364,1.49264,1.49282,1.00,1.00
2016.06.30 01:36:41.566,1.4926,1.49278,1.00,1.00
2016.06.30 01:36:42.024,1.49257,1.49274,1.87,1.00
2016.06.30 01:36:42.125,1.49257,1.49274,1.17,1.00
2016.06.30 01:36:42.430,1.49257,1.49271,1.20,1.00
2016.06.30 01:36:42.979,1.49257,1.49272,1.00,1.00
2016.06.30 01:36:43.236,1.49257,1.49275,1.50,1.00
2016.06.30 01:36:43.750,1.49257,1.49274,1.17,1.00
2016.06.30 01:36:44.255,1.49257,1.49274,1.10,1.00
2016.06.30 01:36:44.306,1.49257,1.49274,1.12,1.00
2016.06.30 01:36:47.367,1.49256,1.49274,1.20,1.00
2016.06.30 01:36:47.519,1.49256,1.49274,1.10,1.00
2016.06.30 01:36:47.672,1.49254,1.49272,1.10,1.00
2016.06.30 01:36:48.258,1.49254,1.49275,1.00,1.15
2016.06.30 01:36:49.245,1.49254,1.49271,1.00,1.00
2016.06.30 01:36:49.398,1.49252,1.49271,1.65,1.00
2016.06.30 01:36:49.563,1.49252,1.49273,1.65,1.00
2016.06.30 01:36:50.288,1.49253,1.49273,1.00,1.00
2016.06.30 01:36:50.339,1.49253,1.49273,1.75,1.00
2016.06.30 01:36:50.865,1.49255,1.49275,1.12,1.00
2016.06.30 01:36:51.776,1.49255,1.49275,1.87,1.00
2016.06.30 01:36:52.267,1.49258,1.49279,1.55,1.00
2016.06.30 01:36:52.318,1.49259,1.49279,1.12,1.00
2016.06.30 01:36:52.650,1.49261,1.49283,1.87,1.00
2016.06.30 01:36:53.157,1.49264,1.49283,1.47,1.00
2016.06.30 01:36:53.505,1.4926,1.49283,1.80,1.44
2016.06.30 01:36:53.608,1.49257,1.49281,1.37,1.36
2016.06.30 01:36:53.659,1.49257,1.49279,1.67,1.00
2016.06.30 01:36:53.761,1.49256,1.49279,1.00,1.00
2016.06.30 01:36:53.862,1.49256,1.49277,1.07,1.10
2016.06.30 01:36:54.881,1.49256,1.49278,1.55,1.17
2016.06.30 01:36:56.775,1.49256,1.49278,1.17,1.55
2016.06.30 01:36:57.773,1.49256,1.49276,1.17,1.37
2016.06.30 01:36:58.280,1.49252,1.49275,2.25,1.44
2016.06.30 01:36:59.907,1.49252,1.49274,1.12,1.31
2016.06.30 01:36:59.958,1.49252,1.49274,1.00,1.39
2016.06.30 01:37:00.580,1.49252,1.49271,1.00,1.00
2016.06.30 01:37:01.108,1.49249,1.49271,1.95,1.00
2016.06.30 01:37:01.283,1.49249,1.4927,1.20,1.37
2016.06.30 01:37:01.767,1.49247,1.49266,1.50,1.00
2016.06.30 01:37:01.869,1.49247,1.49264,1.20,1.00
2016.06.30 01:37:01.921,1.49243,1.49263,1.12,1.00
2016.06.30 01:37:01.972,1.49243,1.49268,1.50,1.10
2016.06.30 01:37:02.075,1.49243,1.49263,1.12,1.00
2016.06.30 01:37:02.143,1.49242,1.49268,2.62,1.65
2016.06.30 01:37:02.195,1.49242,1.49265,1.87,1.50
2016.06.30 01:37:02.740,1.49241,1.49264,1.50,1.00
2016.06.30 01:37:03.047,1.49241,1.49259,1.12,1.50
2016.06.30 01:37:03.150,1.49234,1.49252,1.10,1.00
2016.06.30 01:37:03.252,1.49229,1.49246,1.30,1.75
2016.06.30 01:37:03.360,1.49226,1.49248,1.67,1.17
2016.06.30 01:37:03.493,1.49225,1.49248,1.67,1.12
2016.06.30 01:37:03.699,1.49225,1.49249,1.87,1.20
2016.06.30 01:37:03.802,1.49227,1.49252,1.12,1.57
2016.06.30 01:37:03.904,1.49227,1.49252,2.17,1.15
2016.06.30 01:37:04.126,1.49229,1.49247,1.42,1.00
2016.06.30 01:37:04.228,1.49229,1.49252,1.24,1.07
2016.06.30 01:37:04.329,1.49228,1.49252,1.87,1.10
2016.06.30 01:37:04.560,1.49227,1.49252,1.69,1.65
2016.06.30 01:37:04.763,1.49227,1.4925,1.12,1.20
2016.06.30 01:37:05.068,1.49227,1.4925,1.60,1.10
2016.06.30 01:37:05.119,1.49226,1.4925,1.27,1.17
2016.06.30 01:37:05.423,1.49226,1.4925,2.70,1.10
2016.06.30 01:37:06.106,1.49229,1.4925,1.75,1.00
2016.06.30 01:37:06.157,1.49229,1.49252,1.75,1.50
2016.06.30 01:37:11.709,1.49227,1.49251,1.37,1.12
2016.06.30 01:37:11.811,1.49227,1.4925,1.50,1.15
2016.06.30 01:37:12.335,1.49227,1.4925,1.20,1.95
2016.06.30 01:37:13.348,1.49227,1.4925,1.12,1.44
2016.06.30 01:37:13.507,1.49223,1.49244,1.65,1.00
2016.06.30 01:37:13.643,1.49223,1.49244,1.10,1.12
2016.06.30 01:37:13.694,1.4922,1.49244,2.25,1.00
2016.06.30 01:37:13.745,1.4922,1.49241,2.25,1.00
2016.06.30 01:37:14.285,1.49219,1.49241,1.12,1.00
2016.06.30 01:37:15.458,1.49221,1.49241,1.39,1.00
2016.06.30 01:37:16.370,1.4922,1.49244,2.00,1.50
2016.06.30 01:37:16.568,1.49224,1.49245,1.75,1.00
2016.06.30 01:37:16.873,1.4922,1.49241,1.01,1.00
2016.06.30 01:37:16.940,1.49218,1.49239,1.87,1.00
2016.06.30 01:37:16.991,1.4922,1.49239,1.12,1.00
2016.06.30 01:37:17.194,1.49217,1.49239,2.00,1.07
2016.06.30 01:37:17.245,1.49215,1.49239,1.52,1.15
2016.06.30 01:37:18.105,1.49214,1.49239,2.62,1.15
2016.06.30 01:37:18.410,1.49208,1.4923,1.31,1.00
2016.06.30 01:37:18.615,1.49205,1.49227,1.12,1.00
2016.06.30 01:37:18.802,1.49204,1.49227,1.75,1.00
2016.06.30 01:37:19.435,1.49203,1.49225,2.25,1.50
2016.06.30 01:37:20.241,1.4921,1.4923,1.50,1.20
2016.06.30 01:37:20.546,1.49229,1.49249,1.20,1.12
2016.06.30 01:37:20.597,1.49229,1.4925,1.31,1.00
2016.06.30 01:37:20.852,1.49231,1.49247,1.12,1.00
2016.06.30 01:37:20.953,1.49227,1.49247,1.39,1.00
2016.06.30 01:37:21.500,1.49225,1.49246,1.79,1.00
2016.06.30 01:37:24.454,1.49224,1.49246,2.25,1.00
2016.06.30 01:37:24.606,1.49224,1.49246,1.52,1.00
2016.06.30 01:37:24.810,1.4923,1.49249,1.00,1.15
2016.06.30 01:37:25.064,1.49241,1.49263,1.12,1.00
2016.06.30 01:37:25.115,1.4924,1.4926,2.44,1.00
2016.06.30 01:37:25.419,1.4924,1.49258,1.12,1.00
2016.06.30 01:37:25.931,1.49237,1.49258,1.75,1.00
2016.06.30 01:37:26.786,1.49241,1.49259,1.12,1.00
2016.06.30 01:37:27.321,1.49241,1.4926,1.12,1.00
2016.06.30 01:37:28.159,1.49245,1.49267,1.00,2.25
2016.06.30 01:37:28.210,1.49245,1.49267,1.37,1.50
2016.06.30 01:37:28.312,1.49246,1.49271,1.37,1.00
2016.06.30 01:37:29.500,1.49249,1.49271,1.95,1.00
2016.06.30 01:37:29.963,1.4925,1.49274,1.57,1.07
2016.06.30 01:37:30.014,1.49252,1.49274,1.01,1.07
2016.06.30 01:37:30.359,1.49258,1.49279,1.50,1.00
2016.06.30 01:37:30.511,1.49254,1.49274,1.79,1.00
2016.06.30 01:37:31.018,1.49255,1.49274,1.31,1.00
2016.06.30 01:37:31.373,1.49251,1.49274,1.57,1.00
2016.06.30 01:37:31.425,1.49251,1.49274,1.57,1.00
2016.06.30 01:37:31.930,1.49251,1.49274,1.57,1.17
2016.06.30 01:37:33.804,1.49251,1.49274,2.81,1.00
2016.06.30 01:37:34.432,1.4925,1.49272,1.76,1.00
2016.06.30 01:37:34.776,1.49242,1.49263,1.69,1.07
2016.06.30 01:37:35.031,1.49233,1.49255,1.00,1.07
2016.06.30 01:37:35.575,1.49231,1.49253,1.64,1.00
2016.06.30 01:37:35.678,1.49232,1.49253,1.31,1.00
2016.06.30 01:37:35.779,1.4923,1.49255,2.19,1.20
2016.06.30 01:37:35.831,1.49231,1.49255,1.82,1.20
2016.06.30 01:37:35.933,1.49234,1.49257,1.01,1.87
2016.06.30 01:37:36.035,1.49234,1.49257,2.25,1.12
2016.06.30 01:37:36.138,1.49237,1.49259,1.01,1.10
2016.06.30 01:37:36.529,1.49238,1.49264,2.62,1.12
2016.06.30 01:37:36.784,1.49238,1.49263,1.57,1.87
2016.06.30 01:37:37.304,1.49238,1.49259,1.57,1.00
2016.06.30 01:37:38.258,1.49238,1.49262,1.10,1.20
2016.06.30 01:37:39.768,1.49238,1.49262,1.65,1.12
2016.06.30 01:37:39.870,1.49238,1.49262,2.32,1.07
2016.06.30 01:37:40.551,1.49238,1.49262,1.20,1.20
2016.06.30 01:37:42.144,1.49241,1.49262,1.00,1.20
2016.06.30 01:37:42.651,1.49241,1.49265,1.76,1.12
2016.06.30 01:37:43.223,1.49241,1.49265,1.57,1.12
2016.06.30 01:37:43.769,1.49242,1.49265,1.00,1.12
2016.06.30 01:37:44.074,1.49236,1.49257,1.45,1.25
2016.06.30 01:37:44.380,1.49228,1.4925,1.50,1.12
2016.06.30 01:37:44.482,1.49228,1.49249,1.00,1.12
2016.06.30 01:37:44.584,1.49228,1.49252,1.00,1.12
2016.06.30 01:37:44.790,1.49228,1.49253,1.50,1.01
2016.06.30 01:37:44.843,1.49229,1.49254,1.12,1.31
2016.06.30 01:37:45.352,1.49231,1.49257,1.50,1.87
2016.06.30 01:37:45.432,1.49231,1.49258,2.62,1.12
2016.06.30 01:37:45.940,1.49234,1.49259,1.15,1.87
2016.06.30 01:37:46.121,1.49234,1.49259,1.59,1.50
2016.06.30 01:37:46.172,1.49235,1.4926,1.01,2.25
2016.06.30 01:37:46.223,1.49236,1.4926,1.75,1.50
2016.06.30 01:37:46.730,1.49237,1.4926,1.60,1.00
2016.06.30 01:37:46.832,1.49237,1.49262,1.75,1.20
2016.06.30 01:37:47.359,1.49241,1.49262,1.75,1.10
2016.06.30 01:37:47.640,1.49246,1.49269,1.12,1.00
2016.06.30 01:37:47.691,1.49244,1.49269,2.00,1.50
2016.06.30 01:37:47.895,1.49248,1.4927,1.19,1.15
2016.06.30 01:37:47.947,1.49251,1.49272,1.07,1.50
2016.06.30 01:37:47.998,1.49251,1.49275,1.65,3.15
2016.06.30 01:37:48.049,1.49255,1.49275,1.25,1.15
2016.06.30 01:37:48.252,1.49255,1.4928,1.32,1.87
2016.06.30 01:37:48.906,1.49255,1.49279,1.10,1.87
2016.06.30 01:37:49.635,1.49257,1.49279,1.00,1.87
2016.06.30 01:37:49.940,1.49264,1.49285,1.12,3.00
2016.06.30 01:37:49.991,1.49265,1.49285,1.12,1.00
2016.06.30 01:37:50.292,1.49263,1.49286,1.94,1.00
2016.06.30 01:37:50.648,1.49261,1.49286,1.50,1.20
2016.06.30 01:37:51.855,1.49261,1.49286,2.25,1.20
2016.06.30 01:37:52.431,1.49261,1.49286,2.25,1.20
2016.06.30 01:37:53.511,1.49263,1.49288,1.52,1.12
2016.06.30 01:37:53.613,1.49263,1.49289,1.52,2.25
2016.06.30 01:37:54.222,1.49263,1.49289,1.52,2.25
2016.06.30 01:37:54.324,1.49263,1.49289,1.52,2.25
2016.06.30 01:37:54.426,1.49263,1.49289,1.52,2.25
2016.06.30 01:37:55.352,1.49263,1.49289,1.65,2.25
2016.06.30 01:37:55.505,1.49263,1.49288,1.07,1.12
2016.06.30 01:37:56.090,1.4926,1.49285,3.00,1.20
2016.06.30 01:37:56.599,1.49262,1.49285,1.57,1.10
2016.06.30 01:37:57.286,1.49262,1.49287,1.57,2.62
2016.06.30 01:37:57.337,1.49262,1.49287,1.20,3.00
2016.06.30 01:37:59.246,1.49262,1.49287,1.17,1.87
2016.06.30 01:37:59.807,1.49262,1.49287,1.20,1.87
2016.06.30 01:38:01.418,1.49262,1.49287,1.87,1.20
2016.06.30 01:38:03.534,1.49265,1.49288,1.57,1.12
2016.06.30 01:38:03.737,1.49265,1.49288,1.10,1.75
2016.06.30 01:38:04.193,1.49265,1.49289,1.20,1.95
2016.06.30 01:38:05.048,1.49265,1.4929,2.40,1.50
2016.06.30 01:38:05.353,1.49273,1.49291,1.00,1.75
2016.06.30 01:38:05.404,1.49276,1.49293,1.00,1.00
2016.06.30 01:38:05.456,1.49276,1.49298,1.25,1.00
2016.06.30 01:38:05.507,1.49276,1.49298,1.76,1.00
2016.06.30 01:38:05.734,1.49277,1.49302,1.57,1.20
2016.06.30 01:38:05.837,1.49277,1.49303,1.07,1.12
2016.06.30 01:38:06.345,1.49275,1.49301,1.95,1.57
2016.06.30 01:38:06.605,1.49275,1.49302,1.57,2.62
2016.06.30 01:38:07.183,1.49275,1.49302,1.95,2.62
2016.06.30 01:38:07.648,1.49282,1.49302,1.00,1.12
2016.06.30 01:38:07.851,1.49284,1.49303,1.00,1.00
2016.06.30 01:38:08.896,1.49284,1.49305,1.00,2.32
2016.06.30 01:38:10.448,1.49284,1.49304,1.00,1.00
2016.06.30 01:38:11.147,1.49282,1.49304,1.17,1.00
2016.06.30 01:38:12.118,1.49282,1.49303,1.10,1.17
2016.06.30 01:38:12.422,1.49298,1.49307,1.75,1.50
2016.06.30 01:38:12.575,1.49308,1.49325,1.12,1.00
2016.06.30 01:38:12.677,1.49303,1.49324,1.12,1.00
2016.06.30 01:38:12.779,1.49306,1.49325,1.12,2.25
2016.06.30 01:38:12.880,1.49302,1.49325,1.75,1.50
2016.06.30 01:38:12.982,1.49304,1.49325,1.75,1.50
2016.06.30 01:38:13.315,1.493,1.49325,1.12,2.32
2016.06.30 01:38:13.963,1.493,1.49324,1.12,1.00
2016.06.30 01:38:14.482,1.49299,1.49323,1.12,2.32
2016.06.30 01:38:14.791,1.49299,1.49321,1.12,1.00
2016.06.30 01:38:14.995,1.49297,1.49322,2.25,1.65
2016.06.30 01:38:19.753,1.49298,1.49319,1.50,1.00
2016.06.30 01:38:20.099,1.49297,1.49312,1.87,1.00
2016.06.30 01:38:20.457,1.49297,1.49317,1.12,3.00
2016.06.30 01:38:20.560,1.49296,1.49319,1.75,1.00
2016.06.30 01:38:20.834,1.49295,1.49319,1.15,1.15
2016.06.30 01:38:23.918,1.49294,1.49317,1.50,1.00
2016.06.30 01:38:24.172,1.49298,1.49317,1.00,1.00
2016.06.30 01:38:24.223,1.49298,1.49319,1.00,1.20
2016.06.30 01:38:24.376,1.493,1.49319,1.37,1.10
2016.06.30 01:38:24.527,1.493,1.49319,1.00,1.10
2016.06.30 01:38:24.579,1.49305,1.49325,1.00,1.10
2016.06.30 01:38:24.985,1.49301,1.49326,1.01,1.87
2016.06.30 01:38:25.496,1.49298,1.49322,1.94,1.00
2016.06.30 01:38:25.811,1.49301,1.49323,1.12,1.00
2016.06.30 01:38:26.318,1.49301,1.49322,1.12,1.00
2016.06.30 01:38:26.499,1.493,1.49322,1.75,1.00
2016.06.30 01:38:27.748,1.493,1.49322,1.31,1.50
2016.06.30 01:38:27.850,1.49301,1.49324,1.75,1.00
2016.06.30 01:38:27.952,1.49303,1.49324,1.12,1.00
2016.06.30 01:38:28.612,1.49301,1.49324,1.87,1.50
2016.06.30 01:38:29.161,1.49301,1.49323,1.12,1.00
2016.06.30 01:38:29.263,1.493,1.49323,1.20,1.00
2016.06.30 01:38:29.647,1.49299,1.4932,1.12,1.00
2016.06.30 01:38:29.860,1.49299,1.49323,1.20,1.57
2016.06.30 01:38:29.911,1.49299,1.49323,1.82,1.50
2016.06.30 01:38:30.063,1.49298,1.49323,1.12,1.57
2016.06.30 01:38:30.332,1.49298,1.4932,1.12,1.00
2016.06.30 01:38:30.744,1.49297,1.49319,3.00,1.37
2016.06.30 01:38:32.596,1.49296,1.49319,1.75,1.37
2016.06.30 01:38:33.888,1.49296,1.49319,1.75,1.25
2016.06.30 01:38:33.990,1.49296,1.49321,2.19,1.20
2016.06.30 01:38:34.092,1.49298,1.49321,1.76,1.10
2016.06.30 01:38:34.465,1.49299,1.49324,1.75,1.65
2016.06.30 01:38:36.976,1.493,1.49324,1.12,1.87
2016.06.30 01:38:37.078,1.49303,1.49324,1.12,3.00
2016.06.30 01:38:37.332,1.493,1.49319,1.12,1.00
2016.06.30 01:38:37.433,1.49298,1.49319,1.87,1.00
2016.06.30 01:38:37.636,1.49298,1.49316,1.87,1.00
2016.06.30 01:38:38.068,1.49298,1.4932,1.87,1.12
2016.06.30 01:38:38.995,1.49298,1.4932,1.87,1.37
2016.06.30 01:38:39.491,1.49298,1.4932,1.87,1.37
2016.06.30 01:38:39.920,1.49298,1.4932,1.12,1.37
2016.06.30 01:38:40.181,1.49298,1.4932,1.12,1.37
2016.06.30 01:38:40.498,1.49297,1.49315,1.12,1.25
2016.06.30 01:38:40.599,1.49294,1.49316,1.12,1.19
2016.06.30 01:38:40.999,1.49296,1.49321,1.17,1.95
2016.06.30 01:38:41.050,1.49296,1.49321,1.87,1.07
2016.06.30 01:38:41.154,1.49297,1.4932,1.00,2.51
2016.06.30 01:38:41.358,1.49294,1.49317,1.17,1.49
2016.06.30 01:38:41.613,1.4929,1.49314,1.20,1.82
2016.06.30 01:38:43.250,1.4929,1.49315,1.50,1.77
2016.06.30 01:38:43.754,1.4929,1.49314,2.44,1.20
2016.06.30 01:38:47.208,1.49291,1.49314,1.25,1.12
2016.06.30 01:38:49.520,1.49297,1.49313,1.00,1.20
2016.06.30 01:38:49.673,1.49299,1.49321,1.75,1.87
2016.06.30 01:38:49.724,1.49301,1.49322,1.87,1.00
2016.06.30 01:38:49.826,1.49301,1.49325,1.87,1.00
2016.06.30 01:38:50.077,1.49303,1.49323,1.12,1.00
2016.06.30 01:38:50.584,1.49302,1.49323,1.57,1.00
2016.06.30 01:38:50.636,1.49302,1.49323,1.15,1.00
2016.06.30 01:38:51.552,1.49302,1.49323,1.15,1.19
2016.06.30 01:38:52.633,1.49302,1.49323,1.15,1.25
2016.06.30 01:38:53.186,1.49301,1.49321,1.50,1.00
2016.06.30 01:38:53.491,1.49301,1.49319,1.20,1.00
2016.06.30 01:38:54.477,1.49301,1.49325,1.20,2.32
2016.06.30 01:38:55.236,1.49301,1.49325,1.20,2.32
2016.06.30 01:38:55.785,1.49301,1.49324,1.10,1.01
2016.06.30 01:38:56.090,1.49295,1.49316,1.00,1.87
2016.06.30 01:38:56.243,1.49289,1.49311,1.00,1.12
2016.06.30 01:38:56.785,1.49289,1.4931,1.00,1.87
2016.06.30 01:38:56.836,1.49287,1.49308,1.00,1.20
2016.06.30 01:38:57.343,1.49287,1.49308,1.65,1.00
2016.06.30 01:38:58.483,1.49287,1.49306,1.20,1.00
2016.06.30 01:38:58.636,1.49283,1.49306,1.15,1.20
2016.06.30 01:39:00.630,1.49281,1.49304,1.75,1.00
2016.06.30 01:39:00.935,1.49267,1.49291,1.20,1.31
2016.06.30 01:39:00.986,1.49267,1.49291,1.20,1.69
2016.06.30 01:39:01.037,1.49267,1.49291,1.85,2.14
2016.06.30 01:39:01.190,1.49267,1.49288,1.10,1.00
2016.06.30 01:39:01.423,1.49263,1.49288,1.50,1.15
2016.06.30 01:39:01.525,1.49266,1.4929,1.45,1.15
2016.06.30 01:39:02.145,1.4927,1.4929,1.75,1.00
2016.06.30 01:39:02.451,1.49272,1.49292,1.12,1.00
2016.06.30 01:39:04.702,1.49272,1.49288,1.12,1.00
2016.06.30 01:39:04.804,1.49272,1.49291,1.12,1.00
2016.06.30 01:39:04.907,1.49276,1.49296,1.00,1.15
2016.06.30 01:39:04.958,1.49271,1.49296,1.50,1.15
2016.06.30 01:39:05.010,1.49271,1.49296,1.10,1.87
2016.06.30 01:39:05.314,1.49265,1.49288,1.70,1.10
2016.06.30 01:39:06.762,1.49265,1.49287,1.60,1.00
2016.06.30 01:39:07.284,1.49265,1.49288,1.60,1.00
2016.06.30 01:39:07.795,1.49265,1.49287,1.10,1.10
2016.06.30 01:39:10.496,1.49265,1.49286,1.10,1.00
2016.06.30 01:39:11.733,1.49264,1.49286,2.06,1.00
2016.06.30 01:39:12.285,1.49264,1.49287,2.06,2.25
2016.06.30 01:39:12.745,1.49264,1.49287,1.40,2.40
2016.06.30 01:39:13.399,1.49264,1.49285,1.40,1.00
2016.06.30 01:39:14.037,1.49264,1.49285,2.06,1.00
2016.06.30 01:39:15.839,1.49264,1.49283,2.06,1.00
2016.06.30 01:39:16.042,1.49266,1.49285,1.17,1.00
2016.06.30 01:39:16.661,1.49267,1.49285,1.15,1.00
2016.06.30 01:39:17.644,1.49265,1.49284,1.75,1.00
2016.06.30 01:39:18.183,1.49266,1.49285,1.20,1.00
2016.06.30 01:39:18.719,1.49266,1.49286,1.20,1.00
2016.06.30 01:39:18.871,1.49266,1.49288,1.20,1.10
2016.06.30 01:39:22.782,1.49269,1.49291,1.00,1.95
2016.06.30 01:39:22.833,1.49269,1.49291,1.17,1.27
2016.06.30 01:39:24.054,1.49269,1.49288,1.10,1.00
2016.06.30 01:39:27.043,1.49278,1.49288,1.00,1.00
2016.06.30 01:39:27.233,1.49283,1.49303,1.87,1.44
2016.06.30 01:39:27.639,1.49282,1.49301,1.87,1.19
2016.06.30 01:39:27.690,1.49282,1.49301,1.17,1.19
2016.06.30 01:39:27.741,1.49282,1.49301,1.17,1.37
2016.06.30 01:39:27.996,1.49275,1.49298,2.25,1.37
2016.06.30 01:39:28.612,1.49276,1.49298,1.12,1.37
2016.06.30 01:39:29.130,1.49275,1.49299,2.62,1.87
2016.06.30 01:39:29.638,1.49276,1.49295,1.57,1.37
2016.06.30 01:39:30.542,1.49276,1.49295,1.12,1.44
2016.06.30 01:39:31.628,1.49275,1.49298,1.15,2.02
2016.06.30 01:39:32.640,1.49274,1.49298,1.50,1.65
2016.06.30 01:39:32.742,1.49275,1.49298,1.75,2.25
2016.06.30 01:39:33.877,1.49277,1.49296,1.15,1.00
2016.06.30 01:39:34.398,1.49276,1.49297,1.75,1.00
2016.06.30 01:39:34.704,1.49276,1.49295,2.25,1.00
2016.06.30 01:39:38.947,1.49276,1.49293,2.25,1.00
2016.06.30 01:39:39.251,1.49276,1.49291,1.75,1.00
2016.06.30 01:39:40.009,1.49275,1.49291,1.12,1.00
2016.06.30 01:39:42.147,1.49277,1.49291,1.12,1.00
2016.06.30 01:39:42.381,1.49277,1.49294,1.12,1.00
2016.06.30 01:39:42.482,1.49279,1.49299,1.36,1.00
2016.06.30 01:39:42.533,1.49283,1.49301,1.12,1.00
2016.06.30 01:39:42.839,1.49286,1.49301,1.12,1.00
2016.06.30 01:39:42.890,1.49286,1.49303,1.12,1.00
2016.06.30 01:39:43.645,1.49284,1.49297,1.12,1.00
2016.06.30 01:39:43.696,1.49283,1.49297,1.60,1.00
2016.06.30 01:39:44.781,1.49283,1.493,1.12,1.00
2016.06.30 01:39:45.745,1.49283,1.49302,1.12,1.00
2016.06.30 01:39:46.254,1.49283,1.49302,1.12,1.00
2016.06.30 01:39:48.399,1.49282,1.49302,1.12,1.50
2016.06.30 01:39:51.072,1.49282,1.49299,1.12,1.00
2016.06.30 01:39:51.574,1.49276,1.49293,2.25,1.00
2016.06.30 01:39:51.676,1.49273,1.49293,1.12,1.00
2016.06.30 01:39:51.880,1.49277,1.49293,1.12,1.00
2016.06.30 01:39:51.981,1.49276,1.49293,1.75,1.00
2016.06.30 01:39:52.083,1.49276,1.49293,1.12,1.00
2016.06.30 01:39:52.388,1.49278,1.49295,1.12,1.00
2016.06.30 01:39:52.692,1.49276,1.49297,1.50,1.25
2016.06.30 01:39:54.960,1.49276,1.49297,1.20,1.19
2016.06.30 01:39:55.955,1.49275,1.49295,1.57,1.00
2016.06.30 01:39:57.459,1.49274,1.49297,1.12,1.50
2016.06.30 01:39:57.510,1.49272,1.49295,1.57,1.12
2016.06.30 01:39:57.755,1.49272,1.49293,1.50,1.87
2016.06.30 01:39:57.806,1.49273,1.49293,1.00,1.50
2016.06.30 01:39:58.162,1.49273,1.49293,1.15,1.00
2016.06.30 01:39:58.494,1.49274,1.49293,1.12,1.00
2016.06.30 01:39:58.696,1.49273,1.49293,1.20,1.00
2016.06.30 01:40:02.637,1.49273,1.49295,1.20,1.10
2016.06.30 01:40:02.899,1.49283,1.49299,1.00,1.50
2016.06.30 01:40:02.951,1.49283,1.49301,1.00,1.00
2016.06.30 01:40:03.052,1.4928,1.49301,1.17,1.00
2016.06.30 01:40:03.104,1.4928,1.49298,1.00,1.00
2016.06.30 01:40:03.409,1.49268,1.49287,1.75,1.50
2016.06.30 01:40:04.004,1.49264,1.49287,2.05,1.00
2016.06.30 01:40:04.208,1.49264,1.49289,2.25,1.65
2016.06.30 01:40:04.361,1.4927,1.49289,1.00,1.65
2016.06.30 01:40:04.869,1.4927,1.4929,1.00,1.00
2016.06.30 01:40:05.417,1.49269,1.4929,1.50,1.00
2016.06.30 01:40:05.721,1.49268,1.4929,1.17,2.32
2016.06.30 01:40:05.823,1.49268,1.4929,1.57,2.32
2016.06.30 01:40:06.534,1.4927,1.4929,1.10,1.10
2016.06.30 01:40:08.806,1.49268,1.49289,1.85,1.00
2016.06.30 01:40:09.369,1.49269,1.4929,1.12,1.00
2016.06.30 01:40:10.038,1.49268,1.4929,1.20,1.10
2016.06.30 01:40:11.331,1.49267,1.49289,1.57,1.00
2016.06.30 01:40:11.433,1.49267,1.49289,1.07,1.12
2016.06.30 01:40:11.953,1.49267,1.49289,1.00,3.00
2016.06.30 01:40:12.257,1.49267,1.49289,1.20,1.57
2016.06.30 01:40:12.966,1.4927,1.49289,1.00,1.10
2016.06.30 01:40:13.569,1.49268,1.49289,1.07,1.10
2016.06.30 01:40:13.671,1.49266,1.49288,1.00,1.12
2016.06.30 01:40:14.076,1.49268,1.49287,1.00,1.20
2016.06.30 01:40:14.229,1.49268,1.49289,1.17,1.50
2016.06.30 01:40:14.735,1.49268,1.49289,1.20,1.00
2016.06.30 01:40:15.978,1.49266,1.49289,1.15,1.20
2016.06.30 01:40:16.080,1.49266,1.49289,1.52,1.20
2016.06.30 01:40:16.384,1.49264,1.49287,2.32,1.87
2016.06.30 01:40:16.601,1.49264,1.49287,2.40,1.15
2016.06.30 01:40:16.970,1.49265,1.49286,1.37,1.75
2016.06.30 01:40:17.274,1.49265,1.49281,1.19,1.20
2016.06.30 01:40:17.681,1.49265,1.49281,1.25,1.20
2016.06.30 01:40:18.193,1.49265,1.49281,1.25,1.17
2016.06.30 01:40:20.056,1.49263,1.49281,1.37,1.07
2016.06.30 01:40:20.108,1.49264,1.49284,1.44,1.15
2016.06.30 01:40:20.261,1.49264,1.49284,1.44,1.87
2016.06.30 01:40:21.889,1.4926,1.49282,1.69,1.17
2016.06.30 01:40:22.195,1.49263,1.49283,1.44,1.95
2016.06.30 01:40:24.489,1.49259,1.49282,2.55,1.17
2016.06.30 01:40:25.014,1.4926,1.49282,1.20,1.50
2016.06.30 01:40:27.067,1.4926,1.4928,1.20,1.00
2016.06.30 01:40:27.459,1.49258,1.49277,1.55,1.00
2016.06.30 01:40:28.288,1.49258,1.49277,1.20,1.00
2016.06.30 01:40:28.842,1.49256,1.49276,1.57,1.50
2016.06.30 01:40:30.808,1.49258,1.49276,1.25,1.50
2016.06.30 01:40:32.423,1.49258,1.49276,1.37,1.00
2016.06.30 01:40:32.474,1.49258,1.49278,1.37,1.00
2016.06.30 01:40:40.028,1.49261,1.49279,1.44,1.50
2016.06.30 01:40:42.123,1.49256,1.49269,1.42,1.00
2016.06.30 01:40:42.429,1.49231,1.49245,1.00,1.42
2016.06.30 01:40:42.480,1.49225,1.49243,1.19,1.35
2016.06.30 01:40:42.583,1.49218,1.49241,1.50,1.20
2016.06.30 01:40:42.634,1.49217,1.49241,1.37,1.95
2016.06.30 01:40:42.990,1.49217,1.49241,1.10,1.87
2016.06.30 01:40:43.042,1.49217,1.49241,1.50,1.15
2016.06.30 01:40:43.854,1.49217,1.49239,1.20,1.00
2016.06.30 01:40:44.377,1.49217,1.4924,1.20,1.20
2016.06.30 01:40:44.539,1.49217,1.49238,1.32,1.00
2016.06.30 01:40:44.591,1.49219,1.4924,1.00,1.20
2016.06.30 01:40:44.693,1.49223,1.4924,1.12,1.00
2016.06.30 01:40:44.795,1.49224,1.49243,1.07,1.50
2016.06.30 01:40:44.947,1.49227,1.49243,1.00,1.00
2016.06.30 01:40:45.204,1.49238,1.49256,1.00,1.17
2016.06.30 01:40:45.282,1.49238,1.49259,1.10,1.65
2016.06.30 01:40:45.333,1.49238,1.49259,1.00,2.32
2016.06.30 01:40:45.856,1.49238,1.49258,1.00,1.75
2016.06.30 01:40:46.612,1.4924,1.49258,1.16,1.12
2016.06.30 01:40:46.663,1.4924,1.49259,1.16,1.17
2016.06.30 01:40:47.177,1.4924,1.49259,1.16,1.00
2016.06.30 01:40:47.367,1.4924,1.49259,1.16,1.20
2016.06.30 01:40:47.919,1.49242,1.49259,1.00,1.20
2016.06.30 01:40:48.236,1.49244,1.49262,1.00,1.12
2016.06.30 01:40:48.763,1.49244,1.4926,1.00,1.00
2016.06.30 01:40:50.519,1.49243,1.4926,1.50,1.00
2016.06.30 01:40:50.862,1.49264,1.49278,1.00,1.00
2016.06.30 01:40:50.914,1.49261,1.49279,1.00,1.20
2016.06.30 01:40:51.067,1.49261,1.4928,1.00,1.12
2016.06.30 01:40:51.524,1.49261,1.49278,1.00,1.10
2016.06.30 01:40:53.740,1.49261,1.49278,1.19,1.10
2016.06.30 01:40:54.449,1.49261,1.49278,1.00,1.10
2016.06.30 01:40:54.551,1.49258,1.49278,1.10,1.47
2016.06.30 01:40:54.754,1.49257,1.49276,1.00,1.07
2016.06.30 01:40:54.907,1.49257,1.49276,1.00,1.87
2016.06.30 01:41:00.399,1.49252,1.49272,1.10,1.10
2016.06.30 01:41:00.450,1.49252,1.49269,1.10,1.22
2016.06.30 01:41:00.756,1.4924,1.49258,1.00,1.00
2016.06.30 01:41:02.407,1.4924,1.49261,1.00,2.25
2016.06.30 01:41:03.845,1.4924,1.49261,1.00,1.65
2016.06.30 01:41:05.907,1.49242,1.49261,1.00,1.65
2016.06.30 01:41:06.212,1.49242,1.49261,1.00,1.95
2016.06.30 01:41:06.750,1.49242,1.4926,1.00,1.10
2016.06.30 01:41:11.005,1.49242,1.4926,1.00,1.15
2016.06.30 01:41:11.056,1.4924,1.4926,1.00,1.15
2016.06.30 01:41:11.107,1.4924,1.49258,1.00,2.32
2016.06.30 01:41:11.569,1.49237,1.49257,1.00,1.20
2016.06.30 01:41:11.620,1.49237,1.49256,1.00,1.50
2016.06.30 01:41:11.976,1.49235,1.49254,1.00,1.15
2016.06.30 01:41:12.607,1.49236,1.49256,1.00,3.75
2016.06.30 01:41:16.183,1.49234,1.49255,1.00,1.12
2016.06.30 01:41:16.894,1.49234,1.49252,1.00,1.10
2016.06.30 01:41:17.025,1.49232,1.49252,1.00,1.20
2016.06.30 01:41:17.591,1.49232,1.49252,1.00,1.17
2016.06.30 01:41:18.404,1.49231,1.49252,1.00,1.07
2016.06.30 01:41:18.506,1.49234,1.49252,1.00,1.65
2016.06.30 01:41:19.036,1.49234,1.49253,1.00,1.00
2016.06.30 01:41:19.539,1.49234,1.49255,1.00,2.40
2016.06.30 01:41:21.682,1.49234,1.49253,1.00,1.00
2016.06.30 01:41:25.647,1.49229,1.49247,1.69,1.00
2016.06.30 01:41:25.749,1.49224,1.49243,1.37,1.00
2016.06.30 01:41:25.800,1.49229,1.49243,1.00,1.50
2016.06.30 01:41:25.903,1.4923,1.49247,1.20,1.50
2016.06.30 01:41:26.004,1.4923,1.49249,1.39,1.00
2016.06.30 01:41:26.511,1.4923,1.4925,1.19,1.00
2016.06.30 01:41:26.715,1.49233,1.4925,1.00,1.00
2016.06.30 01:41:26.767,1.49233,1.49254,1.00,2.40
2016.06.30 01:41:30.900,1.49233,1.49252,1.00,1.00
2016.06.30 01:41:31.118,1.49233,1.49249,1.00,1.00
2016.06.30 01:41:31.759,1.49232,1.49249,1.00,1.00
2016.06.30 01:41:34.737,1.49232,1.49248,1.00,1.00
2016.06.30 01:41:35.184,1.49232,1.4925,1.37,1.50
2016.06.30 01:41:35.494,1.49232,1.4925,1.37,1.00
2016.06.30 01:41:35.596,1.49233,1.49253,1.45,1.57
2016.06.30 01:41:36.174,1.49233,1.49253,1.55,1.50
2016.06.30 01:41:37.456,1.49233,1.49253,1.55,1.50
2016.06.30 01:41:38.781,1.49233,1.49253,1.47,1.57
2016.06.30 01:41:39.018,1.49233,1.49253,1.45,1.50
2016.06.30 01:41:39.487,1.49233,1.49251,1.45,1.00
2016.06.30 01:41:40.022,1.49233,1.49251,1.45,1.00
2016.06.30 01:41:40.414,1.49233,1.49252,1.07,1.00
2016.06.30 01:41:40.930,1.49233,1.49251,1.00,1.50
2016.06.30 01:41:42.830,1.4923,1.49249,1.17,1.00
2016.06.30 01:41:43.255,1.49228,1.49243,1.00,1.00
2016.06.30 01:41:43.307,1.49225,1.49243,1.10,1.00
2016.06.30 01:41:43.358,1.49225,1.49241,1.10,1.00
2016.06.30 01:41:43.460,1.49223,1.49242,1.00,1.10
2016.06.30 01:41:43.969,1.49223,1.49241,1.00,1.10
2016.06.30 01:41:46.171,1.49223,1.4924,1.00,1.10
2016.06.30 01:41:46.222,1.49219,1.4924,1.17,1.57
2016.06.30 01:41:46.748,1.49219,1.49241,1.00,1.20
2016.06.30 01:41:48.812,1.49219,1.49241,1.17,1.65
2016.06.30 01:41:49.320,1.49219,1.49241,1.10,1.07
2016.06.30 01:41:49.640,1.49217,1.49238,1.20,1.00
2016.06.30 01:41:49.742,1.49215,1.49236,1.00,2.25
2016.06.30 01:41:49.794,1.49215,1.49233,1.00,2.62
2016.06.30 01:41:49.946,1.49215,1.49232,1.00,1.00
2016.06.30 01:41:50.654,1.49215,1.49233,1.00,1.00
2016.06.30 01:41:52.567,1.49215,1.49233,1.00,1.17
2016.06.30 01:41:55.964,1.49215,1.49233,1.00,1.57
2016.06.30 01:41:56.015,1.49213,1.49233,1.00,1.57
2016.06.30 01:41:56.066,1.4921,1.49231,1.00,1.20
2016.06.30 01:41:56.118,1.4921,1.49229,1.00,1.00
2016.06.30 01:41:56.423,1.49208,1.49225,1.00,1.00
2016.06.30 01:41:57.461,1.49208,1.49226,1.00,1.00
2016.06.30 01:41:59.931,1.49211,1.49228,1.00,1.17
2016.06.30 01:42:00.033,1.49211,1.4923,1.00,1.17
2016.06.30 01:42:00.135,1.49212,1.49232,1.00,2.59
2016.06.30 01:42:00.186,1.49212,1.49229,1.00,1.00
2016.06.30 01:42:00.898,1.49211,1.49229,1.10,1.00
2016.06.30 01:42:01.080,1.4921,1.49231,1.17,1.10
2016.06.30 01:42:01.264,1.4921,1.4923,1.10,1.50
2016.06.30 01:42:03.878,1.4921,1.49229,1.00,1.57
2016.06.30 01:42:04.428,1.4921,1.49228,1.57,1.00
2016.06.30 01:42:04.480,1.4921,1.4923,1.57,1.50
2016.06.30 01:42:04.945,1.49211,1.49229,1.10,1.00
2016.06.30 01:42:05.536,1.49209,1.49229,1.00,1.20
2016.06.30 01:42:05.840,1.49209,1.49225,1.00,1.20
2016.06.30 01:42:06.533,1.49209,1.49226,1.00,1.19
2016.06.30 01:42:06.584,1.49206,1.49226,1.00,1.69
2016.06.30 01:42:06.636,1.49206,1.49225,1.00,2.00
2016.06.30 01:42:06.738,1.49206,1.49227,1.00,3.75
2016.06.30 01:42:14.629,1.49209,1.49227,1.00,2.32
2016.06.30 01:42:14.681,1.49209,1.49227,1.00,1.00
2016.06.30 01:42:14.732,1.49211,1.49229,1.00,1.65
2016.06.30 01:42:15.066,1.49219,1.4924,1.09,1.00
2016.06.30 01:42:15.574,1.49219,1.4924,1.07,1.10
2016.06.30 01:42:15.676,1.49219,1.49239,1.57,1.00
2016.06.30 01:42:16.887,1.49219,1.49239,1.26,1.00
2016.06.30 01:42:18.082,1.49219,1.49239,1.00,1.10
2016.06.30 01:42:19.188,1.49219,1.49241,1.17,1.65
2016.06.30 01:42:20.152,1.4922,1.49242,1.07,1.45
2016.06.30 01:42:20.405,1.49224,1.49243,1.00,1.20
2016.06.30 01:42:20.710,1.49226,1.49244,1.00,1.20
2016.06.30 01:42:20.862,1.49229,1.49248,1.00,1.57
2016.06.30 01:42:21.493,1.49229,1.4925,1.00,1.12
2016.06.30 01:42:22.003,1.49229,1.49251,1.00,1.87
2016.06.30 01:42:23.655,1.49241,1.49252,1.00,1.75
2016.06.30 01:42:23.757,1.49242,1.49261,1.57,1.80
2016.06.30 01:42:23.808,1.49245,1.49265,1.00,1.42
2016.06.30 01:42:24.029,1.49245,1.49265,1.00,1.00
2016.06.30 01:42:24.085,1.49247,1.49268,1.00,1.40
2016.06.30 01:42:26.548,1.49247,1.49268,1.00,1.52
2016.06.30 01:42:28.052,1.49247,1.49268,1.00,1.59
2016.06.30 01:42:31.915,1.49244,1.4927,2.32,1.65
2016.06.30 01:42:32.169,1.49247,1.49273,1.57,2.44
2016.06.30 01:42:32.747,1.49248,1.49273,1.12,1.39
2016.06.30 01:42:34.919,1.49248,1.49274,1.87,2.25
2016.06.30 01:42:35.173,1.4925,1.49274,1.12,1.50
2016.06.30 01:42:36.119,1.49249,1.49274,1.01,2.25
2016.06.30 01:42:36.170,1.49248,1.49274,1.36,2.62
2016.06.30 01:42:36.374,1.49252,1.49274,1.00,1.87
2016.06.30 01:42:36.882,1.49251,1.49274,1.00,1.87
2016.06.30 01:42:39.290,1.49251,1.49274,1.37,1.87
2016.06.30 01:42:40.755,1.49251,1.49276,1.45,2.62
2016.06.30 01:42:40.806,1.49251,1.49276,1.55,1.95
2016.06.30 01:42:41.334,1.49252,1.49276,2.62,1.12
2016.06.30 01:42:41.562,1.49253,1.49276,1.37,1.12
2016.06.30 01:42:42.138,1.49252,1.49276,2.62,1.12
2016.06.30 01:42:42.443,1.49254,1.49276,1.44,1.12
2016.06.30 01:42:42.995,1.49254,1.49276,1.19,1.12
2016.06.30 01:42:43.986,1.49249,1.49269,1.37,1.00
2016.06.30 01:42:44.291,1.49229,1.49249,2.00,1.12
2016.06.30 01:42:44.343,1.49229,1.49251,1.12,1.87
2016.06.30 01:42:44.394,1.49229,1.49251,1.12,1.20
2016.06.30 01:42:44.546,1.49229,1.49252,1.32,1.15
2016.06.30 01:42:45.187,1.49229,1.49252,1.00,1.50
2016.06.30 01:42:45.704,1.49229,1.49252,1.20,1.15
2016.06.30 01:42:46.008,1.49229,1.49253,1.20,1.20
2016.06.30 01:42:48.525,1.49229,1.49254,1.12,1.20
2016.06.30 01:42:49.032,1.49229,1.49253,1.20,1.10
2016.06.30 01:42:50.305,1.49232,1.49253,1.75,1.00
2016.06.30 01:42:50.485,1.49234,1.49255,1.00,1.20
2016.06.30 01:42:51.025,1.49231,1.49253,2.62,1.00
2016.06.30 01:42:51.511,1.4923,1.49253,1.75,1.10
2016.06.30 01:42:52.725,1.49237,1.49256,1.00,1.50
2016.06.30 01:42:52.828,1.49237,1.49256,1.20,1.00
2016.06.30 01:42:52.879,1.49237,1.49256,1.50,1.37
2016.06.30 01:42:53.117,1.49232,1.49252,1.00,1.12
2016.06.30 01:42:53.219,1.49229,1.49251,1.00,1.20
2016.06.30 01:42:53.270,1.49229,1.49251,1.00,1.82
2016.06.30 01:42:53.777,1.49228,1.4925,1.12,1.75
2016.06.30 01:42:54.285,1.49224,1.49249,2.04,1.12
2016.06.30 01:42:54.337,1.49224,1.49249,1.66,1.87
2016.06.30 01:42:55.289,1.49229,1.49249,1.00,1.87
2016.06.30 01:42:56.641,1.49228,1.49249,1.00,1.87
2016.06.30 01:42:56.743,1.49228,1.49249,1.00,1.15
2016.06.30 01:43:01.200,1.49228,1.49249,1.07,1.07
2016.06.30 01:43:01.734,1.49229,1.49249,1.10,1.10
2016.06.30 01:43:01.887,1.4923,1.49252,1.10,2.70
2016.06.30 01:43:01.989,1.49231,1.49255,1.07,3.75
2016.06.30 01:43:02.294,1.49231,1.49253,1.09,1.00
2016.06.30 01:43:02.844,1.49231,1.49254,1.36,1.10
2016.06.30 01:43:03.110,1.49234,1.49255,1.19,1.10
2016.06.30 01:43:03.314,1.49236,1.49257,1.20,1.50
2016.06.30 01:43:03.416,1.49236,1.49257,1.39,1.50
2016.06.30 01:43:03.721,1.49237,1.49259,1.12,1.00
2016.06.30 01:43:04.729,1.49237,1.49259,1.20,1.07
2016.06.30 01:43:05.255,1.49237,1.49259,1.07,1.07
2016.06.30 01:43:08.670,1.49237,1.49259,1.00,1.50
2016.06.30 01:43:12.969,1.49237,1.49258,1.00,1.75
2016.06.30 01:43:13.768,1.49236,1.49255,1.00,1.12
2016.06.30 01:43:13.870,1.49236,1.49258,1.00,1.87
2016.06.30 01:43:14.293,1.49236,1.49258,1.00,1.87
2016.06.30 01:43:22.279,1.49236,1.49256,1.00,1.20
2016.06.30 01:43:22.690,1.49236,1.49256,1.00,1.82
2016.06.30 01:43:24.339,1.49239,1.49256,1.00,1.87
2016.06.30 01:43:24.440,1.49239,1.49258,1.00,1.20
2016.06.30 01:43:24.962,1.49241,1.49259,1.00,1.20
2016.06.30 01:43:26.005,1.49246,1.49262,1.00,1.75
2016.06.30 01:43:26.107,1.49246,1.49266,1.00,2.62
2016.06.30 01:43:26.209,1.49246,1.49266,1.00,1.57
2016.06.30 01:43:26.261,1.49248,1.49266,1.00,1.10
2016.06.30 01:43:26.567,1.4925,1.49268,1.00,1.20
2016.06.30 01:43:28.115,1.4925,1.49265,1.00,1.00
2016.06.30 01:43:28.166,1.49243,1.49265,1.20,1.10
2016.06.30 01:43:28.217,1.49243,1.49263,1.20,1.00
2016.06.30 01:43:28.268,1.49243,1.49263,1.10,1.00
2016.06.30 01:43:28.782,1.49243,1.49263,1.07,1.00
2016.06.30 01:43:30.324,1.49243,1.49259,1.07,1.00
2016.06.30 01:43:30.376,1.49232,1.49257,2.32,1.50
2016.06.30 01:43:30.428,1.49232,1.49251,1.07,1.00
2016.06.30 01:43:30.479,1.49229,1.49251,1.50,1.10
2016.06.30 01:43:30.987,1.49228,1.49251,1.87,1.17
2016.06.30 01:43:31.191,1.49232,1.49253,1.00,1.12
2016.06.30 01:43:31.293,1.49233,1.49257,3.00,1.00
2016.06.30 01:43:31.345,1.49234,1.49257,1.50,1.00
2016.06.30 01:43:31.446,1.49236,1.4926,1.12,1.50
2016.06.30 01:43:31.548,1.49238,1.4926,1.20,1.00
2016.06.30 01:43:32.081,1.49238,1.49261,1.42,1.00
2016.06.30 01:43:33.233,1.49238,1.49261,1.20,1.00
2016.06.30 01:43:35.577,1.4924,1.49261,1.87,1.00
2016.06.30 01:43:36.159,1.4924,1.49261,1.87,1.00
2016.06.30 01:43:36.662,1.4924,1.49261,1.37,1.00
2016.06.30 01:43:37.362,1.4924,1.49261,1.37,1.00
2016.06.30 01:43:37.464,1.4924,1.49263,1.37,1.57
2016.06.30 01:43:38.013,1.4924,1.49263,1.37,1.57
2016.06.30 01:43:39.818,1.49239,1.49263,1.47,1.57
2016.06.30 01:43:40.817,1.49236,1.49263,1.87,2.32
2016.06.30 01:43:41.767,1.49236,1.49262,1.17,1.00
2016.06.30 01:43:42.516,1.49238,1.49262,1.00,1.69
2016.06.30 01:43:42.724,1.49236,1.4926,1.17,1.10
2016.06.30 01:43:42.927,1.49235,1.4926,1.20,1.50
2016.06.30 01:43:44.269,1.49235,1.4926,1.47,1.50
2016.06.30 01:43:44.371,1.49235,1.4926,1.20,1.50
2016.06.30 01:43:44.755,1.49235,1.4926,1.57,1.00
2016.06.30 01:43:45.624,1.49236,1.4926,1.31,1.00
2016.06.30 01:43:46.925,1.49236,1.4926,1.19,1.00
2016.06.30 01:43:50.250,1.49235,1.4926,1.69,1.00
2016.06.30 01:43:50.610,1.49237,1.4926,2.06,1.00
2016.06.30 01:43:51.257,1.49238,1.4926,1.07,1.00
2016.06.30 01:43:51.803,1.49238,1.4926,1.00,1.00
2016.06.30 01:43:53.228,1.49242,1.49263,1.00,2.40
2016.06.30 01:43:53.601,1.49244,1.49265,1.10,1.07
2016.06.30 01:43:54.125,1.49244,1.49265,1.20,1.00
2016.06.30 01:43:59.190,1.49244,1.49267,1.57,1.50
2016.06.30 01:44:00.168,1.49244,1.49267,1.57,1.00
2016.06.30 01:44:00.271,1.49244,1.49267,1.20,1.00
2016.06.30 01:44:01.327,1.49247,1.49267,1.00,1.00
2016.06.30 01:44:01.532,1.49249,1.4927,1.00,1.65
2016.06.30 01:44:01.684,1.49249,1.4927,1.12,1.00
2016.06.30 01:44:01.887,1.49247,1.49272,1.87,1.00
2016.06.30 01:44:06.467,1.49248,1.49271,1.95,1.00
2016.06.30 01:44:06.773,1.49248,1.49271,1.95,1.00
2016.06.30 01:44:06.926,1.49247,1.49271,2.25,1.00
2016.06.30 01:44:10.324,1.49247,1.49271,1.87,1.87
2016.06.30 01:44:10.628,1.49248,1.49271,1.27,1.87
2016.06.30 01:44:10.933,1.49248,1.49271,1.20,1.87
2016.06.30 01:44:11.455,1.49246,1.49269,1.57,1.37
2016.06.30 01:44:12.020,1.49245,1.49268,1.57,1.37
2016.06.30 01:44:12.071,1.49243,1.49267,1.87,1.87
2016.06.30 01:44:12.173,1.49241,1.49266,1.57,1.00
2016.06.30 01:44:12.762,1.49242,1.49265,1.12,1.00
2016.06.30 01:44:13.132,1.49241,1.49263,1.95,1.00
2016.06.30 01:44:13.365,1.49241,1.49263,1.17,1.00
2016.06.30 01:44:14.246,1.49239,1.4926,1.12,1.50
2016.06.30 01:44:14.399,1.49235,1.4926,1.67,3.75
2016.06.30 01:44:15.244,1.49235,1.49259,1.12,1.20
2016.06.30 01:44:15.750,1.49235,1.49257,1.20,1.17
2016.06.30 01:44:16.880,1.49232,1.49255,1.80,1.00
2016.06.30 01:44:17.083,1.49232,1.49253,1.07,1.10
2016.06.30 01:44:17.393,1.49232,1.49253,1.00,3.00
2016.06.30 01:44:18.550,1.49232,1.49253,1.20,1.87
2016.06.30 01:44:19.314,1.49229,1.49251,1.87,2.62
2016.06.30 01:44:19.365,1.4923,1.49251,1.17,2.62
2016.06.30 01:44:19.416,1.4923,1.49251,1.57,1.37
2016.06.30 01:44:19.943,1.49232,1.49251,1.15,1.37
2016.06.30 01:44:21.019,1.49232,1.49248,1.15,1.87
2016.06.30 01:44:21.121,1.49232,1.49246,1.15,1.00
2016.06.30 01:44:21.174,1.4923,1.49249,1.57,1.87
2016.06.30 01:44:21.251,1.4923,1.49247,1.17,1.37
2016.06.30 01:44:22.567,1.49231,1.49251,1.10,1.42
2016.06.30 01:44:26.285,1.49235,1.49251,1.00,1.95
2016.06.30 01:44:26.826,1.49236,1.4925,1.00,1.37
2016.06.30 01:44:27.108,1.49234,1.49251,1.00,1.37
2016.06.30 01:44:27.210,1.49236,1.49251,1.00,1.37
2016.06.30 01:44:29.727,1.49236,1.4925,1.00,1.00
2016.06.30 01:44:29.780,1.49236,1.49253,1.00,2.20
2016.06.30 01:44:30.801,1.49234,1.49253,1.00,1.37
2016.06.30 01:44:30.852,1.49234,1.49255,1.00,1.90
2016.06.30 01:44:31.601,1.49235,1.49255,1.00,2.65
2016.06.30 01:44:32.143,1.49234,1.49255,1.00,1.65
2016.06.30 01:44:32.756,1.49234,1.49252,1.00,1.00
2016.06.30 01:44:34.144,1.49234,1.49243,1.00,1.00
2016.06.30 01:44:34.348,1.49213,1.49233,2.25,1.00
2016.06.30 01:44:34.531,1.49209,1.49229,1.07,1.00
2016.06.30 01:44:34.735,1.49206,1.4922,1.97,1.00
2016.06.30 01:44:34.786,1.49203,1.49222,1.50,1.00
2016.06.30 01:44:34.863,1.492,1.49222,1.37,2.12
2016.06.30 01:44:34.965,1.49195,1.4922,4.35,1.35
2016.06.30 01:44:35.148,1.49197,1.4922,1.87,1.07
2016.06.30 01:44:35.300,1.49198,1.49217,1.00,1.00
2016.06.30 01:44:35.554,1.49198,1.49219,1.00,1.10
2016.06.30 01:44:36.064,1.49199,1.49219,1.00,1.10
2016.06.30 01:44:40.116,1.49199,1.49218,1.00,1.00
2016.06.30 01:44:40.167,1.49198,1.49214,1.20,1.00
2016.06.30 01:44:40.472,1.49194,1.49212,1.00,1.65
2016.06.30 01:44:40.574,1.49193,1.49209,1.00,1.00
2016.06.30 01:44:40.777,1.49189,1.49209,1.80,1.50
2016.06.30 01:44:40.949,1.49189,1.49206,2.17,1.00
2016.06.30 01:44:41.103,1.49183,1.49206,3.00,1.10
2016.06.30 01:44:41.670,1.49183,1.49196,2.25,1.00
2016.06.30 01:44:41.873,1.49174,1.49192,1.50,1.00
2016.06.30 01:44:41.976,1.4917,1.49192,1.57,1.10
2016.06.30 01:44:42.683,1.49172,1.49192,1.20,1.00
2016.06.30 01:44:43.192,1.49169,1.49193,2.25,1.57
2016.06.30 01:44:43.396,1.49172,1.49194,1.75,1.00
2016.06.30 01:44:45.177,1.49176,1.49195,1.10,1.50
2016.06.30 01:44:45.482,1.49178,1.49197,1.00,1.00
2016.06.30 01:44:45.740,1.4918,1.492,1.00,1.00
2016.06.30 01:44:45.843,1.49182,1.492,1.00,1.00
2016.06.30 01:44:45.945,1.49179,1.492,1.42,1.00
2016.06.30 01:44:46.046,1.49178,1.492,1.10,1.07
2016.06.30 01:44:46.587,1.49178,1.492,1.07,1.07
2016.06.30 01:44:49.622,1.49176,1.49197,1.75,1.00
2016.06.30 01:44:49.927,1.49174,1.49192,1.37,1.00
2016.06.30 01:44:50.589,1.49173,1.49192,1.10,1.00
2016.06.30 01:44:51.132,1.49174,1.49192,1.00,1.00
2016.06.30 01:44:51.183,1.49176,1.49196,1.00,1.00
2016.06.30 01:44:51.386,1.49177,1.49201,1.00,2.25
2016.06.30 01:44:51.642,1.49179,1.49201,1.00,2.25
2016.06.30 01:44:51.947,1.49179,1.49196,1.00,1.00
2016.06.30 01:44:52.271,1.49177,1.49192,1.17,1.00
2016.06.30 01:44:52.780,1.49177,1.49192,1.00,1.00
2016.06.30 01:44:53.326,1.49174,1.49192,1.20,1.00
2016.06.30 01:44:53.898,1.49174,1.49193,1.20,1.00
2016.06.30 01:44:54.984,1.49175,1.49198,1.07,1.95
2016.06.30 01:44:55.035,1.49175,1.49198,1.57,1.20
2016.06.30 01:44:55.288,1.49177,1.49201,1.87,1.00
2016.06.30 01:44:55.699,1.49177,1.49201,1.87,1.00
2016.06.30 01:44:56.257,1.4918,1.49203,1.12,1.16
2016.06.30 01:44:56.609,1.49181,1.49203,1.75,1.12
2016.06.30 01:45:00.637,1.49185,1.49204,1.00,1.12
2016.06.30 01:45:00.941,1.49192,1.49211,1.12,1.12
2016.06.30 01:45:01.195,1.49191,1.49215,1.50,1.12
2016.06.30 01:45:01.387,1.49192,1.49216,1.12,1.62
2016.06.30 01:45:01.525,1.49192,1.49216,1.12,1.10
2016.06.30 01:45:02.168,1.49192,1.49214,1.87,1.00
2016.06.30 01:45:02.474,1.4921,1.49226,1.12,1.00
2016.06.30 01:45:02.809,1.49213,1.49229,1.12,1.00
2016.06.30 01:45:02.861,1.49207,1.49229,2.19,1.50
2016.06.30 01:45:02.913,1.49201,1.49227,2.55,1.50
2016.06.30 01:45:02.964,1.49201,1.49223,1.12,1.10
2016.06.30 01:45:03.270,1.492,1.49223,1.07,1.95
2016.06.30 01:45:03.792,1.492,1.49223,1.00,3.37
2016.06.30 01:45:04.424,1.49202,1.49226,2.44,1.85
2016.06.30 01:45:04.476,1.49203,1.49226,1.12,1.10
2016.06.30 01:45:04.527,1.49205,1.49226,1.95,1.00
2016.06.30 01:45:05.034,1.49207,1.49226,1.95,1.00
2016.06.30 01:45:05.338,1.49208,1.49226,1.12,1.00
2016.06.30 01:45:05.440,1.49208,1.49228,1.12,1.00
2016.06.30 01:45:05.492,1.49208,1.49228,1.12,1.00
2016.06.30 01:45:06.215,1.49212,1.49228,1.20,1.00
2016.06.30 01:45:08.616,1.49212,1.49228,1.20,1.00
2016.06.30 01:45:09.121,1.49212,1.49228,1.95,1.00
2016.06.30 01:45:09.172,1.49212,1.49233,1.95,1.50
2016.06.30 01:45:09.563,1.49213,1.49224,1.12,1.00
2016.06.30 01:45:09.615,1.49207,1.49218,1.12,1.00
2016.06.30 01:45:09.666,1.49206,1.49218,1.05,1.00
2016.06.30 01:45:09.742,1.49203,1.49221,1.37,1.00
2016.06.30 01:45:10.571,1.49198,1.49219,1.80,1.00
2016.06.30 01:45:10.622,1.49195,1.49216,3.07,1.00
2016.06.30 01:45:10.674,1.49195,1.49214,1.45,1.00
2016.06.30 01:45:10.725,1.49191,1.49213,2.25,1.00
2016.06.30 01:45:10.776,1.49191,1.49211,2.25,1.00
2016.06.30 01:45:11.088,1.49186,1.49208,2.00,1.50
2016.06.30 01:45:11.444,1.49189,1.49209,1.01,1.50
2016.06.30 01:45:11.647,1.4919,1.49212,1.01,1.00
2016.06.30 01:45:12.105,1.49195,1.49213,1.00,1.00
2016.06.30 01:45:12.728,1.49196,1.49215,1.37,1.00
2016.06.30 01:45:13.954,1.49196,1.49215,1.55,1.00
2016.06.30 01:45:14.517,1.49196,1.49215,1.17,1.00
2016.06.30 01:45:15.024,1.49195,1.49215,1.10,1.10
2016.06.30 01:45:15.126,1.49195,1.49212,1.00,1.00
2016.06.30 01:45:17.798,1.49194,1.49212,1.00,1.00
2016.06.30 01:45:19.536,1.49196,1.49214,1.00,1.17
2016.06.30 01:45:20.069,1.49197,1.49217,1.00,1.12
2016.06.30 01:45:21.023,1.49196,1.49217,1.00,1.12
2016.06.30 01:45:21.564,1.49196,1.49217,1.00,2.06
2016.06.30 01:45:21.869,1.49206,1.49222,1.12,1.00
2016.06.30 01:45:21.920,1.49204,1.49224,1.82,1.00
2016.06.30 01:45:21.971,1.49204,1.49224,1.15,1.00
2016.06.30 01:45:22.581,1.49206,1.49224,1.00,1.00
2016.06.30 01:45:23.397,1.49208,1.49224,1.00,1.00
2016.06.30 01:45:23.499,1.4921,1.49229,1.50,1.20
2016.06.30 01:45:23.550,1.49212,1.49229,1.75,1.07
2016.06.30 01:45:23.652,1.49213,1.49232,1.75,1.00
2016.06.30 01:45:23.805,1.49211,1.49232,1.00,1.00
2016.06.30 01:45:23.957,1.4921,1.49228,1.00,1.00
2016.06.30 01:45:24.555,1.49215,1.49228,1.00,1.10
2016.06.30 01:45:24.727,1.49216,1.49235,1.12,1.00
2016.06.30 01:45:24.778,1.49215,1.49235,1.57,1.00
2016.06.30 01:45:24.829,1.49215,1.49235,1.15,1.00
2016.06.30 01:45:25.339,1.49213,1.49235,1.17,1.17
2016.06.30 01:45:25.441,1.49213,1.49235,1.10,1.85
2016.06.30 01:45:25.768,1.49215,1.49234,1.00,1.12
2016.06.30 01:45:26.088,1.49221,1.49239,1.12,1.19
2016.06.30 01:45:26.598,1.49221,1.49239,1.12,1.00
2016.06.30 01:45:26.649,1.4922,1.49239,2.25,1.00
2016.06.30 01:45:26.751,1.49222,1.49239,1.57,1.00
2016.06.30 01:45:27.742,1.49222,1.49237,1.87,1.00
2016.06.30 01:45:27.997,1.49206,1.49229,2.02,1.87
2016.06.30 01:45:28.048,1.49203,1.49227,1.82,1.57
2016.06.30 01:45:28.099,1.49203,1.49226,1.17,1.57
2016.06.30 01:45:28.252,1.49201,1.4922,1.07,1.00
2016.06.30 01:45:28.327,1.49197,1.4922,1.87,1.00
2016.06.30 01:45:28.378,1.49197,1.4921,1.87,1.00
2016.06.30 01:45:28.531,1.49187,1.49206,1.00,1.55
2016.06.30 01:45:28.776,1.49181,1.492,1.00,1.81
2016.06.30 01:45:28.828,1.49178,1.492,1.87,1.81
2016.06.30 01:45:29.148,1.4918,1.49199,2.10,1.12
2016.06.30 01:45:29.250,1.49185,1.49203,1.12,1.50
2016.06.30 01:45:29.301,1.49182,1.49203,1.12,1.50
2016.06.30 01:45:29.402,1.49186,1.49203,1.75,1.25
2016.06.30 01:45:29.707,1.49184,1.49204,1.12,1.44
2016.06.30 01:45:29.859,1.49182,1.49201,1.12,1.00
2016.06.30 01:45:29.961,1.4918,1.49201,1.12,1.00
2016.06.30 01:45:30.387,1.4918,1.49201,1.12,1.00
2016.06.30 01:45:30.703,1.4918,1.49198,1.12,1.25
2016.06.30 01:45:30.754,1.49179,1.49198,1.12,1.37
2016.06.30 01:45:30.958,1.49176,1.49197,1.12,1.37
2016.06.30 01:45:31.954,1.49176,1.49196,1.12,1.37
2016.06.30 01:45:34.860,1.49176,1.49193,1.12,1.37
2016.06.30 01:45:37.882,1.49176,1.49193,1.12,1.12
2016.06.30 01:45:39.222,1.49176,1.49192,1.12,1.00
2016.06.30 01:45:39.736,1.49176,1.49188,1.12,1.00
2016.06.30 01:45:39.896,1.49167,1.49187,1.00,1.20
2016.06.30 01:45:39.948,1.49163,1.49181,1.00,1.00
2016.06.30 01:45:40.202,1.4916,1.49181,1.87,1.00
2016.06.30 01:45:40.253,1.49162,1.49181,1.00,1.00
2016.06.30 01:45:40.876,1.4916,1.49181,1.00,1.00
2016.06.30 01:45:40.979,1.49159,1.49176,1.50,1.00
2016.06.30 01:45:41.284,1.4916,1.49176,1.12,1.00
2016.06.30 01:45:41.620,1.4916,1.49173,1.12,1.50
2016.06.30 01:45:44.188,1.4916,1.49177,1.75,3.00
2016.06.30 01:45:44.239,1.49161,1.49177,1.12,2.25
2016.06.30 01:45:44.392,1.49165,1.49184,1.75,1.50
2016.06.30 01:45:44.443,1.49166,1.49184,1.12,1.50
2016.06.30 01:45:44.733,1.49166,1.49184,1.75,1.00
2016.06.30 01:45:45.244,1.49166,1.49184,1.12,1.00
2016.06.30 01:45:45.549,1.49165,1.49184,1.75,1.00
2016.06.30 01:45:45.651,1.49165,1.49186,1.95,1.00
2016.06.30 01:45:45.702,1.49168,1.49188,1.87,1.00
2016.06.30 01:45:45.753,1.49172,1.49188,1.35,1.00
2016.06.30 01:45:45.805,1.49176,1.4919,1.12,1.00
2016.06.30 01:45:45.856,1.49176,1.49192,1.50,1.00
2016.06.30 01:45:45.907,1.49179,1.49196,1.12,1.00
2016.06.30 01:45:45.959,1.49179,1.49198,1.12,1.00
2016.06.30 01:45:46.010,1.4918,1.49201,1.82,1.50
2016.06.30 01:45:46.157,1.49181,1.49201,1.75,1.50
2016.06.30 01:45:46.209,1.49182,1.49203,1.87,1.00
2016.06.30 01:45:46.717,1.49182,1.49204,1.12,1.00
2016.06.30 01:45:47.036,1.49184,1.49204,1.75,1.00
2016.06.30 01:45:47.340,1.49187,1.49204,1.12,1.00
2016.06.30 01:45:51.151,1.49186,1.49204,1.12,1.00
2016.06.30 01:45:51.688,1.49185,1.49204,1.75,1.00
2016.06.30 01:45:53.267,1.49186,1.49204,1.12,1.00
2016.06.30 01:45:53.867,1.49186,1.49205,1.12,1.00
2016.06.30 01:45:54.420,1.49186,1.49206,1.12,1.00
2016.06.30 01:45:54.725,1.49192,1.4921,1.12,1.00
2016.06.30 01:45:54.776,1.4919,1.4921,1.12,1.00
2016.06.30 01:45:54.828,1.49189,1.4921,1.75,1.00
2016.06.30 01:45:55.041,1.49189,1.49208,1.12,1.00
2016.06.30 01:45:55.146,1.49186,1.49207,1.87,1.00
2016.06.30 01:46:00.608,1.49184,1.49207,1.12,1.07
2016.06.30 01:46:00.659,1.49183,1.49207,2.25,1.17
2016.06.30 01:46:01.182,1.49184,1.49207,1.75,1.00
2016.06.30 01:46:01.735,1.49185,1.49207,1.12,1.00
2016.06.30 01:46:02.652,1.49186,1.49197,1.75,1.00
2016.06.30 01:46:02.755,1.49175,1.49194,1.12,1.00
2016.06.30 01:46:02.806,1.49172,1.49194,1.85,1.12
2016.06.30 01:46:02.857,1.49169,1.49191,1.72,1.00
2016.06.30 01:46:03.061,1.49169,1.49191,1.20,1.00
2016.06.30 01:46:03.365,1.49175,1.49196,1.80,1.50
2016.06.30 01:46:03.416,1.49177,1.49198,1.75,1.00
2016.06.30 01:46:03.467,1.49179,1.49199,1.05,1.00
2016.06.30 01:46:03.619,1.49181,1.492,1.12,1.00
2016.06.30 01:46:03.873,1.49181,1.49198,1.12,1.00
2016.06.30 01:46:03.975,1.49177,1.49198,1.15,1.00
2016.06.30 01:46:04.026,1.49177,1.49198,1.82,1.00
2016.06.30 01:46:04.355,1.49181,1.492,1.12,1.50
2016.06.30 01:46:04.457,1.4918,1.492,1.75,1.50
2016.06.30 01:46:05.157,1.49179,1.492,1.12,1.69
2016.06.30 01:46:05.709,1.4918,1.492,1.75,1.69
2016.06.30 01:46:08.690,1.49179,1.492,1.12,1.69
2016.06.30 01:46:11.359,1.49179,1.49194,1.12,1.00
2016.06.30 01:46:11.461,1.4917,1.49189,1.05,1.00
2016.06.30 01:46:11.512,1.49169,1.49188,1.20,1.00
2016.06.30 01:46:11.614,1.49169,1.49188,1.10,1.00
2016.06.30 01:46:11.665,1.49164,1.49188,1.87,1.00
2016.06.30 01:46:12.137,1.49167,1.49188,1.12,1.00
2016.06.30 01:46:12.459,1.49169,1.49188,1.12,1.00
2016.06.30 01:46:12.967,1.49169,1.49187,1.12,1.00
2016.06.30 01:46:13.271,1.49169,1.49189,1.12,1.00
2016.06.30 01:46:15.188,1.49169,1.49188,1.12,1.00
2016.06.30 01:46:17.027,1.49169,1.49188,1.12,1.00
2016.06.30 01:46:17.583,1.4917,1.49189,1.12,1.00
2016.06.30 01:46:18.898,1.49167,1.49189,1.12,1.50
2016.06.30 01:46:18.949,1.49166,1.49189,1.12,1.50
2016.06.30 01:46:19.496,1.49165,1.49189,1.45,1.57
2016.06.30 01:46:20.033,1.49164,1.49187,1.50,1.50
2016.06.30 01:46:22.212,1.49165,1.49187,1.10,1.57
2016.06.30 01:46:24.834,1.49165,1.49187,1.12,1.50
2016.06.30 01:46:25.493,1.49165,1.49187,2.25,1.50
2016.06.30 01:46:27.991,1.49165,1.49188,1.75,2.25
2016.06.30 01:46:28.438,1.49166,1.49188,1.12,2.25
2016.06.30 01:46:29.970,1.49168,1.49188,1.57,1.00
2016.06.30 01:46:30.690,1.49168,1.49191,1.87,1.01
2016.06.30 01:46:30.790,1.49168,1.49189,1.87,1.00
2016.06.30 01:46:33.950,1.49168,1.49189,1.50,1.00
2016.06.30 01:46:34.401,1.49168,1.49191,1.85,1.50
2016.06.30 01:46:34.706,1.49176,1.49192,1.50,1.00
2016.06.30 01:46:34.758,1.49179,1.49197,1.20,1.37
2016.06.30 01:46:34.809,1.49181,1.49202,1.00,1.00
2016.06.30 01:46:34.860,1.49182,1.49202,1.12,1.00
2016.06.30 01:46:35.166,1.49185,1.49206,1.12,1.00
2016.06.30 01:46:35.732,1.49184,1.49206,1.12,1.00
2016.06.30 01:46:38.242,1.49184,1.49207,1.87,1.00
2016.06.30 01:46:38.547,1.49186,1.49203,1.12,1.00
2016.06.30 01:46:42.217,1.49185,1.49201,1.12,1.00
2016.06.30 01:46:42.371,1.49183,1.49201,1.87,1.00
2016.06.30 01:46:43.849,1.49183,1.49202,1.87,1.25
2016.06.30 01:46:44.104,1.49186,1.49204,1.12,1.00
2016.06.30 01:46:44.155,1.49186,1.49206,1.12,1.00
2016.06.30 01:46:46.406,1.49186,1.49207,1.12,1.00
2016.06.30 01:46:47.035,1.49186,1.49206,1.12,1.00
2016.06.30 01:46:48.014,1.49187,1.49207,1.39,1.00
2016.06.30 01:46:48.524,1.49187,1.49209,1.36,1.17
2016.06.30 01:46:49.145,1.49192,1.4921,1.00,1.20
2016.06.30 01:46:49.298,1.49195,1.49214,3.75,1.00
2016.06.30 01:46:49.387,1.49195,1.49216,2.59,1.00
2016.06.30 01:46:49.613,1.49195,1.49216,2.81,1.00
2016.06.30 01:46:50.376,1.49195,1.49216,2.14,1.00
2016.06.30 01:46:50.606,1.49198,1.49215,1.39,1.00
2016.06.30 01:46:50.658,1.49198,1.49218,1.39,1.00
2016.06.30 01:46:50.811,1.49201,1.49221,1.17,1.00
2016.06.30 01:46:50.964,1.49207,1.49221,1.00,1.00
2016.06.30 01:46:51.163,1.49207,1.49225,1.29,1.00
2016.06.30 01:46:51.418,1.4921,1.49228,1.00,1.10
2016.06.30 01:46:51.570,1.49212,1.4923,1.00,1.00
2016.06.30 01:46:51.875,1.49228,1.49246,1.20,1.50
2016.06.30 01:46:51.978,1.4923,1.49249,1.10,1.00
2016.06.30 01:46:53.708,1.4923,1.4925,1.00,1.00
2016.06.30 01:46:54.338,1.49232,1.4925,1.00,1.00
2016.06.30 01:46:54.650,1.49238,1.49252,1.00,1.07
2016.06.30 01:46:54.853,1.49243,1.4926,1.07,1.00
2016.06.30 01:46:55.006,1.49243,1.49261,1.00,1.87
2016.06.30 01:46:55.108,1.49243,1.49261,1.00,1.15
2016.06.30 01:46:55.416,1.49245,1.49261,1.00,1.15
2016.06.30 01:46:55.582,1.49245,1.49264,1.00,1.09
2016.06.30 01:46:55.735,1.49247,1.49264,1.00,1.25
2016.06.30 01:46:56.041,1.49244,1.49264,1.57,1.69
2016.06.30 01:46:56.092,1.49244,1.49264,1.00,1.69
2016.06.30 01:46:56.561,1.49241,1.49261,1.20,1.00
2016.06.30 01:46:56.663,1.49236,1.49257,2.44,1.00
2016.06.30 01:46:56.902,1.49233,1.49255,1.00,1.95
2016.06.30 01:46:57.160,1.49235,1.49253,1.00,1.17
2016.06.30 01:46:57.414,1.49245,1.49263,1.00,1.00
2016.06.30 01:46:57.517,1.49245,1.49264,1.07,1.37
2016.06.30 01:46:57.773,1.49239,1.4926,1.87,1.00
2016.06.30 01:46:58.309,1.49241,1.4926,1.00,1.00
2016.06.30 01:46:58.411,1.49241,1.4926,1.00,1.20
2016.06.30 01:46:59.731,1.49243,1.49259,1.00,1.17
2016.06.30 01:46:59.899,1.49243,1.49264,1.00,1.20
2016.06.30 01:46:59.951,1.49242,1.49263,1.00,1.76
2016.06.30 01:47:00.458,1.49241,1.49261,1.10,1.29
2016.06.30 01:47:00.931,1.49237,1.49257,2.25,1.00
2016.06.30 01:47:01.185,1.49234,1.49255,1.12,1.00
2016.06.30 01:47:02.376,1.49232,1.49255,1.17,1.20
2016.06.30 01:47:02.427,1.49232,1.49248,1.17,1.00
2016.06.30 01:47:02.478,1.49228,1.49248,1.95,1.00
2016.06.30 01:47:02.580,1.49223,1.49246,3.37,1.00
2016.06.30 01:47:02.682,1.49223,1.49245,1.50,1.15
2016.06.30 01:47:02.835,1.4922,1.49244,1.55,1.12
2016.06.30 01:47:03.011,1.49222,1.49245,1.07,1.07
2016.06.30 01:47:03.164,1.49222,1.49245,1.20,1.17
2016.06.30 01:47:03.572,1.49226,1.49247,1.00,1.12
2016.06.30 01:47:03.674,1.49226,1.49247,1.17,1.10
2016.06.30 01:47:03.775,1.49224,1.49245,1.87,1.00
2016.06.30 01:47:03.929,1.4922,1.49245,3.75,1.15
2016.06.30 01:47:04.234,1.4922,1.49245,3.07,1.87
2016.06.30 01:47:05.735,1.49221,1.49245,1.00,1.87
2016.06.30 01:47:05.989,1.4922,1.49245,3.97,1.15
2016.06.30 01:47:08.318,1.49221,1.49245,1.75,1.00
2016.06.30 01:47:08.842,1.49221,1.49245,1.12,1.10
2016.06.30 01:47:08.995,1.4922,1.49245,3.75,1.20
2016.06.30 01:47:10.100,1.49221,1.49245,1.12,1.00
2016.06.30 01:47:10.329,1.49221,1.4924,1.12,1.00
2016.06.30 01:47:10.532,1.49215,1.49237,1.20,1.10
2016.06.30 01:47:11.043,1.49213,1.49237,2.06,1.17
2016.06.30 01:47:11.247,1.49217,1.49239,1.19,1.12
2016.06.30 01:47:11.298,1.4922,1.49242,1.05,1.00
2016.06.30 01:47:11.349,1.49219,1.49239,1.31,1.00
2016.06.30 01:47:11.401,1.49218,1.49239,1.29,1.00
2016.06.30 01:47:11.503,1.49216,1.49239,1.44,1.87
2016.06.30 01:47:11.554,1.49216,1.49234,1.00,1.00
2016.06.30 01:47:11.605,1.49215,1.49234,1.31,1.00
2016.06.30 01:47:11.707,1.49214,1.49234,1.19,1.10
2016.06.30 01:47:12.461,1.49211,1.49234,1.10,1.10
2016.06.30 01:47:12.513,1.4921,1.49231,1.12,1.00
2016.06.30 01:47:12.615,1.49209,1.49234,1.30,1.87
2016.06.30 01:47:12.717,1.49212,1.49234,1.00,1.07
2016.06.30 01:47:12.920,1.49211,1.49235,1.60,1.00
2016.06.30 01:47:13.226,1.49217,1.49238,1.20,1.00
2016.06.30 01:47:13.379,1.49217,1.49239,1.69,1.00
2016.06.30 01:47:13.480,1.49221,1.49242,1.75,1.00
2016.06.30 01:47:13.858,1.49218,1.49242,1.12,1.37
2016.06.30 01:47:17.355,1.49222,1.49239,1.12,1.25
2016.06.30 01:47:17.860,1.49224,1.49239,1.12,1.25
2016.06.30 01:47:18.382,1.49225,1.49242,1.12,1.37
2016.06.30 01:47:18.752,1.49222,1.49242,1.75,1.37
2016.06.30 01:47:19.591,1.49222,1.49241,1.75,1.50
2016.06.30 01:47:19.642,1.49218,1.49235,1.12,1.00
2016.06.30 01:47:19.744,1.49217,1.49238,1.12,1.00
2016.06.30 01:47:19.846,1.4922,1.49238,1.12,1.00
2016.06.30 01:47:20.099,1.49216,1.49239,1.12,1.25
2016.06.30 01:47:20.869,1.49216,1.4923,1.87,1.44
2016.06.30 01:47:20.971,1.49207,1.49226,1.00,1.12
2016.06.30 01:47:21.235,1.49209,1.49228,1.12,1.37
2016.06.30 01:47:21.287,1.49204,1.49225,1.12,1.00
2016.06.30 01:47:21.440,1.49205,1.49227,2.25,1.00
2016.06.30 01:47:21.645,1.49206,1.49229,1.01,1.10
2016.06.30 01:47:21.747,1.49206,1.49227,1.01,1.00
2016.06.30 01:47:22.636,1.49203,1.49227,3.60,1.20
2016.06.30 01:47:24.980,1.49203,1.49227,1.87,1.20
2016.06.30 01:47:25.133,1.49202,1.49226,2.25,1.00
2016.06.30 01:47:25.253,1.49204,1.49229,1.12,1.70
2016.06.30 01:47:25.608,1.49206,1.49226,1.75,1.00
2016.06.30 01:47:26.371,1.49211,1.49226,1.12,1.00
2016.06.30 01:47:26.575,1.4921,1.49229,1.31,1.00
2016.06.30 01:47:26.677,1.49211,1.49229,1.20,1.50
2016.06.30 01:47:27.186,1.49211,1.49229,1.17,1.00
2016.06.30 01:47:27.814,1.49211,1.49228,1.17,1.00
2016.06.30 01:47:29.875,1.49208,1.49228,1.51,1.00
2016.06.30 01:47:30.977,1.4921,1.4923,1.60,1.50
2016.06.30 01:47:34.165,1.4921,1.49229,1.12,1.00
2016.06.30 01:47:34.268,1.49206,1.49227,1.87,1.00
2016.06.30 01:47:34.370,1.49206,1.49227,1.17,1.00
2016.06.30 01:47:34.994,1.49204,1.49228,1.87,1.00
2016.06.30 01:47:35.149,1.49204,1.49228,1.87,1.12
2016.06.30 01:47:36.156,1.49204,1.49228,1.87,1.00
2016.06.30 01:47:37.418,1.49207,1.49229,1.10,1.10
2016.06.30 01:47:37.470,1.49207,1.49229,1.87,1.00
2016.06.30 01:47:38.531,1.49208,1.49231,1.20,1.65
2016.06.30 01:47:38.873,1.4921,1.49229,1.12,1.00
2016.06.30 01:47:39.473,1.4921,1.49227,1.12,1.00
2016.06.30 01:47:39.793,1.49208,1.49227,1.57,1.00
2016.06.30 01:47:39.976,1.49208,1.4923,1.57,2.25
2016.06.30 01:47:40.229,1.49208,1.49229,1.17,1.10
2016.06.30 01:47:41.607,1.49208,1.49227,1.17,1.00
2016.06.30 01:47:42.667,1.49206,1.49227,1.20,1.50
2016.06.30 01:47:42.769,1.49206,1.49227,1.10,1.57
2016.06.30 01:47:43.133,1.49208,1.49226,1.00,1.00
2016.06.30 01:47:43.235,1.49208,1.49228,1.00,1.65
2016.06.30 01:47:43.286,1.4921,1.49228,1.20,1.00
2016.06.30 01:47:43.540,1.49218,1.49239,1.00,1.95
2016.06.30 01:47:43.642,1.49221,1.49242,1.10,1.17
2016.06.30 01:47:43.744,1.49222,1.49243,1.65,1.12
2016.06.30 01:47:44.049,1.49222,1.49243,1.50,1.37
2016.06.30 01:47:44.583,1.49222,1.49245,1.12,1.37
2016.06.30 01:47:45.375,1.49223,1.49247,1.20,1.99
2016.06.30 01:47:45.426,1.49227,1.49243,1.00,1.00
2016.06.30 01:47:45.731,1.4923,1.49246,1.12,1.00
2016.06.30 01:47:46.116,1.4923,1.49248,1.12,1.00
2016.06.30 01:47:46.269,1.49228,1.49248,1.12,1.00
2016.06.30 01:47:46.727,1.49232,1.49248,1.15,1.00
2016.06.30 01:47:47.277,1.49232,1.49248,1.10,1.00
2016.06.30 01:47:48.940,1.49232,1.49249,1.10,1.00
2016.06.30 01:47:49.326,1.49223,1.4924,1.87,1.00
2016.06.30 01:47:49.377,1.49222,1.4924,1.12,1.00
2016.06.30 01:47:49.479,1.4922,1.49241,1.87,1.00
2016.06.30 01:47:49.581,1.49225,1.49241,1.00,1.00
2016.06.30 01:47:49.633,1.49226,1.49244,1.00,1.17
2016.06.30 01:47:49.685,1.4923,1.49244,1.19,1.00
2016.06.30 01:47:49.736,1.49231,1.4925,1.19,1.12
2016.06.30 01:47:49.788,1.49232,1.4925,1.09,1.00
2016.06.30 01:47:49.890,1.49232,1.49251,1.39,1.00
2016.06.30 01:47:50.145,1.49232,1.49248,1.20,1.00
2016.06.30 01:47:50.644,1.49232,1.4925,1.20,1.00
2016.06.30 01:47:50.745,1.49232,1.49247,1.20,1.00
2016.06.30 01:47:50.797,1.49232,1.49247,1.20,1.00
2016.06.30 01:47:51.051,1.49231,1.49249,1.20,1.00
2016.06.30 01:47:52.074,1.49231,1.49252,1.57,1.00
2016.06.30 01:47:52.278,1.49235,1.49252,1.00,1.00
2016.06.30 01:47:52.583,1.49235,1.49255,1.87,1.00
2016.06.30 01:47:53.726,1.49235,1.49256,1.87,1.00
2016.06.30 01:47:54.489,1.49235,1.49256,1.82,1.00
2016.06.30 01:47:54.996,1.49243,1.49257,1.00,1.00
2016.06.30 01:47:55.047,1.49245,1.49264,1.00,1.12
2016.06.30 01:47:55.149,1.49245,1.49268,1.75,1.12
2016.06.30 01:47:55.201,1.49246,1.49269,1.12,1.00
2016.06.30 01:47:55.581,1.49245,1.49267,1.87,1.00
2016.06.30 01:47:55.733,1.49245,1.49267,1.20,1.20
2016.06.30 01:47:55.835,1.49245,1.49267,1.00,1.57
2016.06.30 01:47:57.399,1.49245,1.49267,1.37,1.12
2016.06.30 01:47:57.913,1.49245,1.49266,1.37,1.12
2016.06.30 01:47:58.421,1.49245,1.49265,1.37,1.20
2016.06.30 01:47:58.719,1.49245,1.49265,1.57,1.00
2016.06.30 01:47:59.074,1.49245,1.49267,1.47,1.20
2016.06.30 01:47:59.125,1.49245,1.49267,1.52,1.00
2016.06.30 01:47:59.379,1.49246,1.49267,1.12,1.00
2016.06.30 01:47:59.480,1.49249,1.4927,1.69,1.20
2016.06.30 01:47:59.583,1.49249,1.49269,1.57,1.00
2016.06.30 01:47:59.685,1.4925,1.49269,1.57,1.00
2016.06.30 01:47:59.736,1.4925,1.49273,1.57,1.17
2016.06.30 01:48:00.049,1.49253,1.49277,1.55,1.87
2016.06.30 01:48:00.152,1.49254,1.49277,1.20,1.10
2016.06.30 01:48:01.117,1.49256,1.49276,1.37,1.12
2016.06.30 01:48:03.207,1.49253,1.49273,1.37,1.12
2016.06.30 01:48:03.309,1.49252,1.49274,1.37,1.87
2016.06.30 01:48:03.412,1.49244,1.49266,1.42,1.10
2016.06.30 01:48:03.514,1.49241,1.49262,1.20,1.75
2016.06.30 01:48:03.616,1.49238,1.4926,1.37,1.12
2016.06.30 01:48:03.667,1.49238,1.49257,1.37,1.75
2016.06.30 01:48:03.972,1.49239,1.49257,1.37,1.00
2016.06.30 01:48:05.475,1.49239,1.4926,1.25,1.10
2016.06.30 01:48:05.730,1.49236,1.49259,1.20,1.17
2016.06.30 01:48:06.034,1.49236,1.49255,1.20,1.00
2016.06.30 01:48:06.585,1.49236,1.49256,1.87,1.00
2016.06.30 01:48:06.889,1.49236,1.49254,1.87,1.00
2016.06.30 01:48:07.294,1.49234,1.49253,1.20,1.00
2016.06.30 01:48:07.396,1.49233,1.49253,1.00,1.00
2016.06.30 01:48:07.751,1.49233,1.4925,1.00,1.00
2016.06.30 01:48:08.366,1.49233,1.49252,1.17,1.00
2016.06.30 01:48:12.193,1.49234,1.49255,1.10,1.00
2016.06.30 01:48:15.072,1.49234,1.49258,2.25,1.20
2016.06.30 01:48:15.596,1.49234,1.49257,2.32,1.00
2016.06.30 01:48:15.832,1.49235,1.49257,1.01,1.00
2016.06.30 01:48:16.187,1.49236,1.49254,1.12,1.00
2016.06.30 01:48:16.424,1.49234,1.49254,1.15,1.00
2016.06.30 01:48:16.577,1.49234,1.49256,1.15,1.00
2016.06.30 01:48:16.679,1.49234,1.49254,1.00,1.00
2016.06.30 01:48:16.987,1.49233,1.49254,1.10,1.37
2016.06.30 01:48:18.223,1.49233,1.49254,1.10,1.37
2016.06.30 01:48:20.532,1.49231,1.49252,1.20,1.25
2016.06.30 01:48:20.584,1.49231,1.49252,1.00,1.01
2016.06.30 01:48:20.635,1.49231,1.49252,1.00,1.47
2016.06.30 01:48:21.043,1.49227,1.49248,1.10,1.26
2016.06.30 01:48:21.146,1.49224,1.49246,1.17,1.17
2016.06.30 01:48:21.451,1.49224,1.49243,1.00,1.00
2016.06.30 01:48:21.701,1.49224,1.49249,1.65,1.12
2016.06.30 01:48:21.803,1.49224,1.49249,2.32,1.57
2016.06.30 01:48:23.001,1.49224,1.49249,2.32,1.57
2016.06.30 01:48:23.256,1.49227,1.4925,2.25,1.25
2016.06.30 01:48:25.432,1.4923,1.4925,1.12,1.25
2016.06.30 01:48:25.636,1.49234,1.49256,1.75,1.00
2016.06.30 01:48:25.737,1.49235,1.49257,1.12,1.50
2016.06.30 01:48:26.396,1.49237,1.49255,1.12,1.00
2016.06.30 01:48:26.769,1.49236,1.49255,1.75,1.00
2016.06.30 01:48:26.974,1.49238,1.49257,1.12,1.00
2016.06.30 01:48:27.564,1.49238,1.49259,1.75,1.00
2016.06.30 01:48:27.716,1.49239,1.49265,1.12,1.50
2016.06.30 01:48:27.869,1.4924,1.49266,1.12,2.77
2016.06.30 01:48:28.080,1.49242,1.49264,1.75,1.00
2016.06.30 01:48:28.367,1.49245,1.49266,1.15,1.12
2016.06.30 01:48:28.433,1.49248,1.4927,1.00,1.50
2016.06.30 01:48:28.636,1.49247,1.49269,1.75,1.00
2016.06.30 01:48:28.738,1.49249,1.49269,1.12,1.00
2016.06.30 01:48:29.250,1.49249,1.4927,1.12,1.00
2016.06.30 01:48:29.555,1.49248,1.49264,1.12,1.00
2016.06.30 01:48:30.090,1.49248,1.49263,1.12,1.00
2016.06.30 01:48:30.501,1.49248,1.49266,1.12,1.00
2016.06.30 01:48:31.457,1.49248,1.49264,1.12,1.00
2016.06.30 01:48:31.609,1.49234,1.49255,1.00,1.20
2016.06.30 01:48:31.711,1.49233,1.49255,1.75,1.00
2016.06.30 01:48:32.015,1.49236,1.49254,1.12,1.00
2016.06.30 01:48:32.522,1.49235,1.49255,1.12,1.50
2016.06.30 01:48:33.039,1.49237,1.49255,1.75,1.00
2016.06.30 01:48:33.091,1.49237,1.49257,1.75,1.00
2016.06.30 01:48:33.142,1.49239,1.49257,1.75,1.00
2016.06.30 01:48:33.396,1.4924,1.49259,1.75,1.25
2016.06.30 01:48:33.549,1.49243,1.4926,1.12,1.00
2016.06.30 01:48:33.601,1.49243,1.49262,1.12,1.00
2016.06.30 01:48:33.703,1.49241,1.49262,1.87,1.00
2016.06.30 01:48:35.327,1.49239,1.49262,2.32,1.10
2016.06.30 01:48:35.784,1.49238,1.49262,1.15,1.15
2016.06.30 01:48:36.956,1.49236,1.49258,1.12,1.00
2016.06.30 01:48:37.505,1.49236,1.49257,1.75,1.00
2016.06.30 01:48:37.840,1.49236,1.49257,1.10,1.00
2016.06.30 01:48:38.044,1.49233,1.49252,1.12,1.00
2016.06.30 01:48:38.196,1.4923,1.49251,1.00,1.15
2016.06.30 01:48:38.299,1.4923,1.49253,1.12,1.00
2016.06.30 01:48:38.890,1.49232,1.49253,1.25,1.50
2016.06.30 01:48:39.397,1.49226,1.49251,1.50,1.20
2016.06.30 01:48:39.903,1.49227,1.49248,1.57,1.00
2016.06.30 01:48:40.158,1.49223,1.49248,1.65,1.00
2016.06.30 01:48:40.445,1.49224,1.49247,1.79,1.10
2016.06.30 01:48:40.834,1.49226,1.49247,1.12,1.00
2016.06.30 01:48:41.544,1.49226,1.49248,1.12,1.00
2016.06.30 01:48:45.092,1.49226,1.49246,1.60,1.00
2016.06.30 01:48:50.927,1.49226,1.49247,1.12,1.00
2016.06.30 01:48:51.578,1.49225,1.49247,1.60,1.10
2016.06.30 01:48:52.088,1.49224,1.49247,2.25,1.10
2016.06.30 01:48:52.605,1.49225,1.49247,1.75,1.00
2016.06.30 01:48:53.165,1.49234,1.49253,1.12,1.75
2016.06.30 01:48:53.470,1.49236,1.49257,1.87,1.00
2016.06.30 01:48:53.648,1.49237,1.49255,1.12,1.00
2016.06.30 01:48:53.700,1.49234,1.49255,1.75,1.00
2016.06.30 01:48:53.854,1.49235,1.49257,1.12,1.00
2016.06.30 01:48:53.906,1.49237,1.49257,1.12,1.00
2016.06.30 01:48:54.263,1.49239,1.49257,1.12,1.00
2016.06.30 01:48:54.577,1.49238,1.49257,1.12,1.00
2016.06.30 01:48:55.219,1.4924,1.49257,1.75,1.00
2016.06.30 01:48:55.453,1.49237,1.49257,1.75,1.00
2016.06.30 01:48:56.363,1.49237,1.49256,1.75,1.00
2016.06.30 01:48:56.877,1.49235,1.49256,1.12,1.00
2016.06.30 01:48:57.132,1.49233,1.49257,1.12,1.10
2016.06.30 01:48:57.335,1.49236,1.49258,1.12,1.00
2016.06.30 01:48:57.680,1.49238,1.49258,1.75,1.00
2016.06.30 01:48:58.316,1.4924,1.49258,1.12,1.00
2016.06.30 01:48:58.390,1.49242,1.4926,1.40,1.00
2016.06.30 01:48:58.442,1.49246,1.4926,1.12,1.00
2016.06.30 01:48:59.289,1.49238,1.4926,1.12,1.00
2016.06.30 01:48:59.391,1.49238,1.4926,1.12,1.00
2016.06.30 01:48:59.773,1.49238,1.4926,1.12,1.00
2016.06.30 01:49:00.312,1.49237,1.4926,1.12,1.00
2016.06.30 01:49:00.975,1.49237,1.49259,1.12,1.00
2016.06.30 01:49:04.343,1.49237,1.49257,1.12,1.00
2016.06.30 01:49:04.814,1.49237,1.49254,1.12,1.00
2016.06.30 01:49:04.916,1.4923,1.49254,1.12,1.00
2016.06.30 01:49:05.018,1.49234,1.49255,1.80,1.50
2016.06.30 01:49:05.323,1.49233,1.49252,1.75,1.00
2016.06.30 01:49:05.449,1.49231,1.49252,1.50,1.00
2016.06.30 01:49:05.551,1.49231,1.49251,1.50,1.00
2016.06.30 01:49:05.891,1.49228,1.49248,1.87,1.00
2016.06.30 01:49:05.994,1.49227,1.49248,2.62,1.00
2016.06.30 01:49:06.505,1.49226,1.49246,2.25,1.00
2016.06.30 01:49:06.810,1.49226,1.49242,1.87,1.00
2016.06.30 01:49:07.024,1.49221,1.49239,1.75,1.00
2016.06.30 01:49:07.075,1.49221,1.49241,1.75,1.00
2016.06.30 01:49:07.126,1.49219,1.4924,1.42,1.00
2016.06.30 01:49:07.228,1.4922,1.49242,1.65,1.47
2016.06.30 01:49:07.279,1.49218,1.49242,1.12,1.47
2016.06.30 01:49:07.331,1.49222,1.49242,1.12,1.37
2016.06.30 01:49:07.534,1.49225,1.49243,1.12,1.00
2016.06.30 01:49:07.789,1.49229,1.49243,1.12,1.00
2016.06.30 01:49:07.891,1.49223,1.49243,1.30,1.00
2016.06.30 01:49:08.379,1.4922,1.49242,1.45,1.00
2016.06.30 01:49:08.458,1.49223,1.49242,1.75,1.00
2016.06.30 01:49:08.785,1.49228,1.49247,1.22,1.00
2016.06.30 01:49:08.836,1.49228,1.49244,1.22,1.00
2016.06.30 01:49:09.204,1.49223,1.49244,1.12,1.00
2016.06.30 01:49:12.285,1.49221,1.49244,1.12,1.00
2016.06.30 01:49:14.592,1.49221,1.49243,1.12,1.00
2016.06.30 01:49:15.181,1.49223,1.49243,1.57,1.00
2016.06.30 01:49:15.963,1.49222,1.49245,1.12,1.00
2016.06.30 01:49:16.116,1.49223,1.49244,1.82,1.00
2016.06.30 01:49:16.218,1.49224,1.49244,1.12,1.00
2016.06.30 01:49:16.269,1.49223,1.49244,2.25,1.00
2016.06.30 01:49:18.276,1.49223,1.49245,1.75,1.00
2016.06.30 01:49:18.336,1.49228,1.49245,1.00,1.00
2016.06.30 01:49:18.843,1.49225,1.49244,1.57,1.00
2016.06.30 01:49:18.894,1.49225,1.49246,1.57,1.00
2016.06.30 01:49:19.514,1.49226,1.49246,1.12,1.00
2016.06.30 01:49:19.768,1.49222,1.49246,1.95,1.10
2016.06.30 01:49:20.344,1.49222,1.49246,1.27,1.50
2016.06.30 01:49:20.932,1.49222,1.49243,1.20,1.00
2016.06.30 01:49:21.439,1.49221,1.49245,1.27,1.65
2016.06.30 01:49:22.753,1.49221,1.49245,1.52,1.15
2016.06.30 01:49:23.707,1.49223,1.49245,1.10,1.07
2016.06.30 01:49:24.055,1.49224,1.49244,1.00,1.12
2016.06.30 01:49:24.511,1.49224,1.49245,1.20,1.00
2016.06.30 01:49:25.581,1.49221,1.49242,2.05,1.00
2016.06.30 01:49:25.885,1.49216,1.49234,1.17,1.00
2016.06.30 01:49:26.038,1.49211,1.49232,1.05,1.50
2016.06.30 01:49:26.140,1.49214,1.49234,1.75,1.37
2016.06.30 01:49:26.444,1.49216,1.49234,1.12,1.00
2016.06.30 01:49:26.495,1.49213,1.49234,1.12,1.00
2016.06.30 01:49:26.597,1.49216,1.49234,1.75,1.00
2016.06.30 01:49:26.800,1.49213,1.49234,1.12,1.00
2016.06.30 01:49:27.014,1.49211,1.49231,1.75,1.00
2016.06.30 01:49:27.320,1.49213,1.49231,1.12,1.00
2016.06.30 01:49:27.649,1.49216,1.49233,1.12,1.00
2016.06.30 01:49:27.700,1.49213,1.49233,1.75,1.50
2016.06.30 01:49:27.802,1.49215,1.49233,1.12,1.50
2016.06.30 01:49:28.014,1.49213,1.49233,1.12,1.50
2016.06.30 01:49:28.117,1.49213,1.4923,1.12,1.00
2016.06.30 01:49:28.385,1.4921,1.4923,1.20,1.00
2016.06.30 01:49:28.822,1.4921,1.49228,1.20,1.00
2016.06.30 01:49:28.924,1.4921,1.49228,1.00,1.00
2016.06.30 01:49:29.127,1.49209,1.4923,2.05,1.00
2016.06.30 01:49:29.432,1.49212,1.4923,1.75,1.00
2016.06.30 01:49:30.370,1.49212,1.49229,1.75,1.00
2016.06.30 01:49:30.556,1.49204,1.49227,1.50,1.00
2016.06.30 01:49:31.064,1.49204,1.49227,1.45,1.00
2016.06.30 01:49:31.116,1.49203,1.49227,1.55,1.17
2016.06.30 01:49:31.297,1.49204,1.49227,1.07,1.07
2016.06.30 01:49:31.811,1.49203,1.49227,2.25,1.00
2016.06.30 01:49:32.774,1.49205,1.49227,1.12,1.00
2016.06.30 01:49:33.176,1.49207,1.49227,1.12,1.00
2016.06.30 01:49:33.767,1.49204,1.49227,1.50,1.00
2016.06.30 01:49:43.036,1.49205,1.49228,1.95,1.10
2016.06.30 01:49:43.189,1.49209,1.49232,1.57,1.57
2016.06.30 01:49:43.342,1.49211,1.49235,1.12,1.17
2016.06.30 01:49:43.445,1.49214,1.49237,1.15,1.20
2016.06.30 01:49:43.675,1.49218,1.49239,1.12,1.00
2016.06.30 01:49:44.184,1.49218,1.4924,1.75,1.00
2016.06.30 01:49:45.737,1.49218,1.49238,1.75,1.00
2016.06.30 01:49:45.840,1.49217,1.49236,1.00,1.00
2016.06.30 01:49:46.044,1.49213,1.49235,1.27,1.50
2016.06.30 01:49:46.249,1.49215,1.49238,1.00,1.10
2016.06.30 01:49:46.301,1.49215,1.49238,1.17,1.20
2016.06.30 01:49:46.551,1.49212,1.49238,1.47,1.20
2016.06.30 01:49:47.059,1.49213,1.49236,1.17,1.17
2016.06.30 01:49:48.932,1.49214,1.4924,1.65,3.00
2016.06.30 01:49:49.136,1.49214,1.4924,2.62,1.65
2016.06.30 01:49:49.441,1.49217,1.49236,1.12,1.00
2016.06.30 01:49:49.492,1.49213,1.49236,1.17,1.95
2016.06.30 01:49:50.050,1.49211,1.49236,2.17,1.95
2016.06.30 01:49:50.253,1.49212,1.49236,1.35,1.57
2016.06.30 01:49:51.013,1.49214,1.49236,1.12,1.00
2016.06.30 01:49:51.477,1.49212,1.49237,2.25,1.20
2016.06.30 01:49:53.854,1.49214,1.49237,1.75,1.00
2016.06.30 01:49:54.396,1.49212,1.49237,1.12,1.57
2016.06.30 01:49:54.650,1.49209,1.49234,2.62,1.00
2016.06.30 01:49:54.701,1.49209,1.49232,1.75,1.00
2016.06.30 01:49:54.853,1.49208,1.49232,1.95,1.10
2016.06.30 01:49:55.107,1.49208,1.49233,1.20,2.62
2016.06.30 01:49:55.414,1.49215,1.49237,1.12,1.37
2016.06.30 01:49:55.465,1.49215,1.49237,1.12,1.00
2016.06.30 01:49:55.645,1.49217,1.4924,1.75,1.31
2016.06.30 01:49:55.747,1.49219,1.4924,1.12,2.06
2016.06.30 01:49:55.849,1.49214,1.49237,1.12,1.00
2016.06.30 01:49:55.951,1.49212,1.49237,1.12,1.20
2016.06.30 01:49:56.204,1.49211,1.49237,1.95,1.20
2016.06.30 01:49:56.509,1.49211,1.49236,1.87,1.07
2016.06.30 01:49:57.050,1.49211,1.49236,3.07,1.20
2016.06.30 01:49:57.362,1.49224,1.49245,1.87,1.57
2016.06.30 01:49:57.415,1.49225,1.49247,1.00,1.12
2016.06.30 01:49:57.517,1.49229,1.49249,1.12,1.19
2016.06.30 01:49:57.619,1.49225,1.4925,1.65,1.87
2016.06.30 01:49:57.721,1.49227,1.4925,1.12,1.20
2016.06.30 01:49:58.240,1.49228,1.49248,1.87,1.00
2016.06.30 01:49:58.545,1.49231,1.49253,1.65,1.69
2016.06.30 01:49:58.732,1.49231,1.49252,1.65,1.44
2016.06.30 01:49:59.088,1.49231,1.49249,1.12,1.00
2016.06.30 01:49:59.140,1.49223,1.49244,1.12,1.25
2016.06.30 01:49:59.241,1.49218,1.49242,1.37,1.27
2016.06.30 01:49:59.293,1.49217,1.49242,1.00,1.27
2016.06.30 01:49:59.344,1.49217,1.49242,1.00,1.20
2016.06.30 01:49:59.395,1.49217,1.4924,1.00,1.12
2016.06.30 01:49:59.699,1.49217,1.49241,1.20,1.20
2016.06.30 01:50:00.269,1.49217,1.49241,2.32,1.07
2016.06.30 01:50:02.695,1.49214,1.49239,1.57,1.12
2016.06.30 01:50:02.797,1.49213,1.49238,2.02,1.12
2016.06.30 01:50:03.747,1.49213,1.49235,1.00,1.12
2016.06.30 01:50:04.275,1.49212,1.49235,1.10,1.12
2016.06.30 01:50:04.725,1.49209,1.4923,1.12,1.00
2016.06.30 01:50:05.030,1.49195,1.49217,1.00,1.12
2016.06.30 01:50:05.438,1.49195,1.49218,1.00,1.50
2016.06.30 01:50:05.489,1.49193,1.49218,1.87,1.50
2016.06.30 01:50:06.000,1.49194,1.49218,1.00,1.50
2016.06.30 01:50:06.868,1.49194,1.49218,1.00,1.87
2016.06.30 01:50:08.304,1.49194,1.49218,1.20,1.50
2016.06.30 01:50:09.840,1.49193,1.49218,3.07,1.12
2016.06.30 01:50:09.992,1.49196,1.49219,1.12,1.00
2016.06.30 01:50:10.044,1.49207,1.49219,1.07,1.00
2016.06.30 01:50:10.197,1.49215,1.49232,1.12,1.00
2016.06.30 01:50:10.249,1.49215,1.49234,1.50,1.00
2016.06.30 01:50:10.351,1.49215,1.49233,1.00,1.00
2016.06.30 01:50:10.453,1.49214,1.49236,1.07,1.07
2016.06.30 01:50:10.531,1.49217,1.49236,1.00,1.00
2016.06.30 01:50:11.914,1.49214,1.49226,1.12,1.22
2016.06.30 01:50:12.199,1.49195,1.49216,1.00,1.12
2016.06.30 01:50:15.166,1.49195,1.4921,1.10,1.00
2016.06.30 01:50:15.768,1.49195,1.49209,1.10,1.00
2016.06.30 01:50:17.279,1.49192,1.49209,1.07,1.00
2016.06.30 01:50:17.330,1.49189,1.49203,1.12,1.00
2016.06.30 01:50:17.431,1.49182,1.49199,1.17,1.00
2016.06.30 01:50:17.533,1.4918,1.49197,1.00,1.12
2016.06.30 01:50:17.883,1.49205,1.49212,1.00,1.00
2016.06.30 01:50:17.934,1.49209,1.49223,1.00,1.75
2016.06.30 01:50:17.986,1.49212,1.49225,1.00,1.50
2016.06.30 01:50:18.493,1.49212,1.49226,1.00,1.00
2016.06.30 01:50:19.123,1.49212,1.49225,1.00,1.00
2016.06.30 01:50:21.145,1.49205,1.49222,1.20,1.50
2016.06.30 01:50:21.248,1.49201,1.49222,1.10,1.50
2016.06.30 01:50:21.470,1.49201,1.49217,1.00,1.00
2016.06.30 01:50:22.080,1.492,1.49217,1.00,1.15
2016.06.30 01:50:22.588,1.492,1.49218,1.00,1.17
2016.06.30 01:50:22.925,1.49202,1.49218,1.00,1.00
2016.06.30 01:50:23.677,1.49202,1.4922,1.00,1.65
2016.06.30 01:50:23.982,1.49204,1.4922,1.00,1.00
2016.06.30 01:50:24.296,1.49211,1.49225,1.00,1.87
2016.06.30 01:50:24.347,1.49213,1.49225,1.00,1.00
2016.06.30 01:50:24.449,1.49213,1.49232,1.00,1.10
2016.06.30 01:50:24.551,1.49213,1.49233,1.00,1.87
2016.06.30 01:50:24.653,1.49213,1.49234,1.00,1.15
2016.06.30 01:50:24.755,1.49213,1.49231,1.00,1.00
2016.06.30 01:50:24.907,1.49209,1.49231,1.87,1.00
2016.06.30 01:50:24.958,1.49208,1.49227,1.75,1.00
2016.06.30 01:50:25.010,1.49209,1.49227,1.10,1.00
2016.06.30 01:50:25.272,1.49212,1.49231,1.00,1.12
2016.06.30 01:50:25.324,1.49212,1.49233,1.00,1.10
2016.06.30 01:50:25.375,1.49214,1.49233,1.00,1.57
2016.06.30 01:50:25.680,1.49214,1.49234,1.00,1.57
2016.06.30 01:50:26.515,1.49214,1.49235,1.00,1.20
2016.06.30 01:50:34.559,1.49213,1.49234,1.00,1.12
2016.06.30 01:50:34.611,1.49211,1.49234,1.10,1.87
2016.06.30 01:50:34.662,1.49209,1.49227,1.17,1.00
2016.06.30 01:50:34.967,1.49207,1.49223,1.00,1.00
2016.06.30 01:50:35.869,1.49207,1.49226,1.00,1.17
2016.06.30 01:50:36.326,1.49206,1.49226,1.00,1.30
2016.06.30 01:50:36.657,1.49204,1.49225,1.00,2.25
2016.06.30 01:50:36.860,1.49204,1.49224,1.00,2.25
2016.06.30 01:50:37.166,1.49206,1.49225,1.00,1.87
2016.06.30 01:50:37.319,1.49203,1.49225,1.00,1.15
2016.06.30 01:50:37.372,1.49203,1.49222,1.00,1.00
2016.06.30 01:50:37.728,1.49202,1.49221,1.00,1.75
2016.06.30 01:50:37.830,1.492,1.49218,1.00,1.12
2016.06.30 01:50:38.095,1.492,1.4922,1.00,1.75
2016.06.30 01:50:39.281,1.49196,1.49217,1.00,1.20
2016.06.30 01:50:39.383,1.49196,1.49212,1.00,1.00
2016.06.30 01:50:39.484,1.49196,1.49216,1.00,1.00
2016.06.30 01:50:39.535,1.49196,1.49216,1.57,1.00
2016.06.30 01:50:39.853,1.49196,1.49209,1.00,1.00
2016.06.30 01:50:40.533,1.49197,1.49209,1.00,1.00
2016.06.30 01:50:40.584,1.492,1.49216,1.00,1.20
2016.06.30 01:50:40.636,1.492,1.49216,1.37,1.20
2016.06.30 01:50:40.737,1.49204,1.49218,1.00,1.00
2016.06.30 01:50:40.789,1.49204,1.49222,1.00,1.20
2016.06.30 01:50:40.942,1.49204,1.49225,1.00,1.20
2016.06.30 01:50:41.376,1.49201,1.49223,1.12,1.75
2016.06.30 01:50:41.428,1.492,1.49223,1.00,1.87
2016.06.30 01:50:41.479,1.492,1.4922,1.00,1.12
2016.06.30 01:50:41.828,1.492,1.49218,1.00,1.12
2016.06.30 01:50:42.393,1.492,1.49219,1.00,1.12
2016.06.30 01:50:47.146,1.49198,1.49219,1.00,1.87
2016.06.30 01:50:53.316,1.49196,1.49216,1.10,1.10
2016.06.30 01:50:53.516,1.49198,1.49213,1.00,1.17
2016.06.30 01:50:54.024,1.49198,1.49213,1.00,1.00
2016.06.30 01:50:57.418,1.49199,1.49213,1.00,1.00
2016.06.30 01:50:57.724,1.49202,1.49219,1.37,1.12
2016.06.30 01:50:57.775,1.49206,1.49221,1.00,1.20
2016.06.30 01:50:57.878,1.49206,1.49227,1.10,1.55
2016.06.30 01:50:57.930,1.49208,1.49227,1.00,1.55
2016.06.30 01:50:58.234,1.49205,1.49224,1.10,1.00
2016.06.30 01:50:58.451,1.49209,1.49229,1.00,1.95
2016.06.30 01:50:59.527,1.49211,1.49227,1.00,1.00
2016.06.30 01:51:00.092,1.49211,1.49228,1.00,1.00
2016.06.30 01:51:00.144,1.49211,1.4923,1.00,1.20
2016.06.30 01:51:01.341,1.49211,1.49228,1.00,1.00
2016.06.30 01:51:02.230,1.49211,1.4923,1.00,1.57
2016.06.30 01:51:02.827,1.49211,1.49229,1.00,1.87
2016.06.30 01:51:02.979,1.49207,1.49229,1.00,1.12
2016.06.30 01:51:03.619,1.49207,1.49226,1.00,1.15
2016.06.30 01:51:04.133,1.49207,1.49226,1.00,1.10
2016.06.30 01:51:04.925,1.49205,1.49226,1.17,1.10
2016.06.30 01:51:09.757,1.49205,1.49229,1.00,1.75
2016.06.30 01:51:09.919,1.49207,1.49229,1.00,1.75
2016.06.30 01:51:11.288,1.49207,1.49229,1.44,1.75
2016.06.30 01:51:11.791,1.49207,1.4923,1.20,2.62
2016.06.30 01:51:13.095,1.49207,1.4923,1.29,2.62
2016.06.30 01:51:13.417,1.49207,1.4923,1.29,1.65
2016.06.30 01:51:14.103,1.49212,1.4923,1.37,1.17
2016.06.30 01:51:14.408,1.49212,1.49232,1.95,1.00
2016.06.30 01:51:14.611,1.49212,1.49235,1.57,1.17
2016.06.30 01:51:14.662,1.49212,1.49234,1.57,1.10
2016.06.30 01:51:14.919,1.49217,1.49236,1.37,1.87
2016.06.30 01:51:15.072,1.49217,1.49235,1.47,1.00
2016.06.30 01:51:15.439,1.49217,1.49237,1.47,1.10
2016.06.30 01:51:15.490,1.49217,1.49236,1.19,1.75
2016.06.30 01:51:15.795,1.49217,1.49237,1.20,1.10
2016.06.30 01:51:15.948,1.49217,1.49235,1.44,1.10
2016.06.30 01:51:16.275,1.49217,1.49234,1.37,1.10
2016.06.30 01:51:16.377,1.49217,1.49239,1.37,1.20
2016.06.30 01:51:16.581,1.49217,1.49235,1.37,1.00
2016.06.30 01:51:17.038,1.49217,1.49232,1.37,1.00
2016.06.30 01:51:18.344,1.49217,1.49233,1.37,1.00
2016.06.30 01:51:18.496,1.49217,1.49233,1.00,1.00
2016.06.30 01:51:18.547,1.49217,1.49235,1.10,1.00
2016.06.30 01:51:20.384,1.49215,1.49234,1.20,1.00
2016.06.30 01:51:22.166,1.49215,1.49234,1.29,1.00
2016.06.30 01:51:22.780,1.49215,1.49237,1.10,1.20
2016.06.30 01:51:22.983,1.4921,1.49233,1.17,1.20
2016.06.30 01:51:23.306,1.4921,1.49224,1.00,1.00
2016.06.30 01:51:24.033,1.49208,1.49224,1.07,1.00
2016.06.30 01:51:24.414,1.49208,1.49224,1.57,1.00
2016.06.30 01:51:26.681,1.4921,1.49227,1.15,1.00
2016.06.30 01:51:27.198,1.4921,1.49228,1.15,1.00
2016.06.30 01:51:27.722,1.49212,1.49228,1.00,1.00
2016.06.30 01:51:27.773,1.49212,1.49232,1.00,1.00
2016.06.30 01:51:28.078,1.49212,1.4923,1.15,1.00
2016.06.30 01:51:28.392,1.49212,1.49232,1.00,1.00
2016.06.30 01:51:28.915,1.49212,1.49232,1.17,1.00
2016.06.30 01:51:37.717,1.49209,1.49232,2.62,1.00
2016.06.30 01:51:38.259,1.49209,1.49232,2.25,1.00
2016.06.30 01:51:39.672,1.4921,1.49232,1.75,1.00
2016.06.30 01:51:39.998,1.4921,1.49234,1.12,1.10
2016.06.30 01:51:40.203,1.49209,1.49234,2.51,1.20
2016.06.30 01:51:40.737,1.49209,1.49234,2.14,1.87
2016.06.30 01:51:41.761,1.49209,1.49234,3.00,1.20
2016.06.30 01:51:42.296,1.49209,1.49234,2.32,1.87
2016.06.30 01:51:42.602,1.49222,1.4924,1.20,1.00
2016.06.30 01:51:42.703,1.49225,1.49243,1.00,1.00
2016.06.30 01:51:42.754,1.49225,1.49243,1.57,1.00
2016.06.30 01:51:43.102,1.49229,1.49244,1.12,1.00
2016.06.30 01:51:43.204,1.49225,1.49244,1.12,1.00
2016.06.30 01:51:43.306,1.49224,1.49244,1.57,1.00
2016.06.30 01:51:43.560,1.49224,1.49244,1.15,1.00
2016.06.30 01:51:43.662,1.49223,1.49242,1.50,1.00
2016.06.30 01:51:43.764,1.49223,1.49242,1.00,1.10
2016.06.30 01:51:44.577,1.49222,1.49242,1.00,2.10
2016.06.30 01:51:44.679,1.49214,1.49237,1.50,1.12
2016.06.30 01:51:45.188,1.49215,1.49236,1.12,1.00
2016.06.30 01:51:45.493,1.49219,1.49236,1.12,1.00
2016.06.30 01:51:46.586,1.49219,1.49237,1.12,1.00
2016.06.30 01:51:47.088,1.49219,1.49236,1.12,1.00
2016.06.30 01:51:47.393,1.49217,1.49233,1.12,1.00
2016.06.30 01:51:49.198,1.49217,1.49235,1.12,1.00
2016.06.30 01:51:56.288,1.49217,1.49238,1.12,1.00
2016.06.30 01:51:56.864,1.49215,1.49238,1.12,1.10
2016.06.30 01:52:00.284,1.49215,1.49236,1.12,1.00
2016.06.30 01:52:00.588,1.49205,1.49229,1.87,2.40
2016.06.30 01:52:00.690,1.49202,1.49223,1.20,1.00
2016.06.30 01:52:00.936,1.492,1.49223,1.10,1.57
2016.06.30 01:52:01.037,1.492,1.49223,1.17,1.10
2016.06.30 01:52:03.414,1.49201,1.49223,1.17,1.10
2016.06.30 01:52:03.921,1.49203,1.49223,1.00,1.17
2016.06.30 01:52:04.522,1.49201,1.49223,1.17,1.17
2016.06.30 01:52:05.175,1.49202,1.49223,1.10,1.00
2016.06.30 01:52:05.686,1.49202,1.49223,1.07,1.10
2016.06.30 01:52:06.206,1.49204,1.49227,1.00,1.12
2016.06.30 01:52:06.257,1.49207,1.49227,1.00,1.12
2016.06.30 01:52:06.437,1.49207,1.4923,1.20,1.07
2016.06.30 01:52:06.640,1.49207,1.4923,1.20,1.17
2016.06.30 01:52:07.413,1.49207,1.49227,1.57,1.00
2016.06.30 01:52:07.566,1.49203,1.49225,1.00,1.75
2016.06.30 01:52:07.617,1.49204,1.49226,1.12,1.00
2016.06.30 01:52:07.769,1.49199,1.49226,1.20,1.87
2016.06.30 01:52:07.933,1.49198,1.49221,3.07,1.10
2016.06.30 01:52:08.238,1.49198,1.49221,1.37,1.20
2016.06.30 01:52:08.725,1.49199,1.49221,1.27,1.20
2016.06.30 01:52:09.078,1.49199,1.49221,1.57,1.10
2016.06.30 01:52:09.498,1.49199,1.49219,1.57,1.00
2016.06.30 01:52:15.207,1.492,1.49219,1.10,1.00
2016.06.30 01:52:15.912,1.49198,1.49221,1.57,1.17
2016.06.30 01:52:16.415,1.49197,1.49217,1.87,1.00
2016.06.30 01:52:16.705,1.49197,1.49218,1.00,1.15
2016.06.30 01:52:17.015,1.49193,1.49215,3.37,1.00
2016.06.30 01:52:17.523,1.49193,1.49215,2.32,1.10
2016.06.30 01:52:20.370,1.49194,1.49215,1.07,1.07
2016.06.30 01:52:20.873,1.49194,1.49213,1.00,1.00
2016.06.30 01:52:21.422,1.49192,1.49215,2.40,1.20
2016.06.30 01:52:21.524,1.49192,1.49213,1.65,1.00
2016.06.30 01:52:22.214,1.49193,1.49216,1.20,1.15
2016.06.30 01:52:22.366,1.49193,1.49216,1.20,1.00
2016.06.30 01:52:22.725,1.49195,1.49218,1.17,1.10
2016.06.30 01:52:23.376,1.49195,1.49218,1.57,1.10
2016.06.30 01:52:23.701,1.492,1.49221,1.52,1.57
2016.06.30 01:52:23.854,1.49204,1.49223,1.12,1.00
2016.06.30 01:52:23.905,1.49202,1.49223,1.12,1.00
2016.06.30 01:52:24.209,1.49199,1.49223,1.75,1.50
2016.06.30 01:52:24.260,1.49199,1.49222,1.00,1.12
2016.06.30 01:52:24.927,1.49199,1.49223,1.10,1.87
2016.06.30 01:52:26.782,1.492,1.49223,1.12,1.57
2016.06.30 01:52:26.893,1.49198,1.49223,1.75,1.65
2016.06.30 01:52:28.282,1.49197,1.49223,1.85,1.95
2016.06.30 01:52:28.632,1.49201,1.49223,1.12,1.00
2016.06.30 01:52:28.886,1.49202,1.49225,1.87,1.50
2016.06.30 01:52:28.988,1.49202,1.49225,1.20,1.65
2016.06.30 01:52:29.578,1.49209,1.49229,2.25,1.12
2016.06.30 01:52:29.630,1.49217,1.4924,1.00,1.00
2016.06.30 01:52:29.731,1.4922,1.4924,1.50,1.00
2016.06.30 01:52:30.036,1.49219,1.49239,1.50,1.12
2016.06.30 01:52:30.102,1.49218,1.49239,1.00,1.87
2016.06.30 01:52:30.153,1.49218,1.49239,1.12,1.50
2016.06.30 01:52:30.204,1.49219,1.49239,1.20,1.00
2016.06.30 01:52:30.753,1.49219,1.49239,1.17,1.00
2016.06.30 01:52:30.856,1.49218,1.49239,1.10,1.00
2016.06.30 01:52:31.482,1.49217,1.49239,2.40,1.20
2016.06.30 01:52:34.132,1.4922,1.49242,1.00,2.25
2016.06.30 01:52:34.234,1.4922,1.49243,1.65,1.15
2016.06.30 01:52:34.762,1.49221,1.49243,1.10,1.20
2016.06.30 01:52:35.285,1.49223,1.49244,1.37,1.12
2016.06.30 01:52:35.336,1.49223,1.49247,1.37,1.12
2016.06.30 01:52:35.387,1.49226,1.49247,1.50,1.12
2016.06.30 01:52:35.591,1.49232,1.49251,1.00,1.10
2016.06.30 01:52:35.693,1.4923,1.49251,1.00,1.20
2016.06.30 01:52:36.310,1.49227,1.49247,1.95,1.10
2016.06.30 01:52:36.361,1.49226,1.4925,4.87,1.12
2016.06.30 01:52:36.412,1.49229,1.4925,1.00,1.12
2016.06.30 01:52:36.463,1.49229,1.49252,1.00,1.87
2016.06.30 01:52:36.667,1.49229,1.49251,2.25,1.12
2016.06.30 01:52:36.819,1.49227,1.49248,1.50,1.20
2016.06.30 01:52:36.972,1.49226,1.49247,1.10,1.05
2016.06.30 01:52:37.023,1.49223,1.49246,2.62,1.12
2016.06.30 01:52:37.125,1.49223,1.49244,2.62,1.12
2016.06.30 01:52:37.226,1.49223,1.49246,1.87,1.12
2016.06.30 01:52:37.581,1.49229,1.49248,1.00,1.87
2016.06.30 01:52:37.889,1.49235,1.49252,1.10,1.75
2016.06.30 01:52:37.940,1.49234,1.49252,1.65,1.00
2016.06.30 01:52:38.093,1.49234,1.49252,1.87,1.00
2016.06.30 01:52:38.606,1.49234,1.49252,1.50,1.00
2016.06.30 01:52:39.873,1.49233,1.49251,1.75,1.00
2016.06.30 01:52:39.975,1.49229,1.49251,2.02,1.00
2016.06.30 01:52:40.076,1.49229,1.49251,3.00,1.00
2016.06.30 01:52:40.330,1.49229,1.49253,3.00,1.10
2016.06.30 01:52:40.533,1.49233,1.49253,1.00,1.95
2016.06.30 01:52:40.635,1.49233,1.49253,1.07,1.50
2016.06.30 01:52:40.737,1.49233,1.49253,1.57,1.50
2016.06.30 01:52:41.167,1.49231,1.49251,1.00,1.12
2016.06.30 01:52:41.404,1.4923,1.49254,1.10,1.57
2016.06.30 01:52:42.357,1.49232,1.49253,1.00,1.55
2016.06.30 01:52:46.125,1.49232,1.49255,1.15,1.57
2016.06.30 01:52:46.495,1.49232,1.49255,1.87,1.37
2016.06.30 01:52:47.099,1.49232,1.49255,1.87,1.37
2016.06.30 01:52:47.466,1.49232,1.49255,1.20,1.87
2016.06.30 01:52:47.786,1.49233,1.49255,1.12,1.37
2016.06.30 01:52:49.340,1.49233,1.49255,1.87,1.37
2016.06.30 01:52:51.862,1.49233,1.49253,1.12,1.37
2016.06.30 01:52:52.964,1.49233,1.49253,1.12,1.37
2016.06.30 01:52:55.296,1.4923,1.49255,1.57,3.07
2016.06.30 01:52:55.459,1.49237,1.49256,1.00,1.75
2016.06.30 01:52:55.510,1.49237,1.4926,1.12,2.62
2016.06.30 01:52:55.561,1.4924,1.49262,1.45,1.10
2016.06.30 01:52:55.713,1.49241,1.49265,1.57,1.10
2016.06.30 01:52:55.816,1.49243,1.49265,1.60,1.00
2016.06.30 01:52:55.917,1.49241,1.49265,1.57,1.10
2016.06.30 01:52:56.778,1.49241,1.49265,1.87,1.10
2016.06.30 01:52:57.289,1.49247,1.49269,1.87,1.50
2016.06.30 01:52:57.625,1.49252,1.49274,2.85,1.50
2016.06.30 01:52:57.982,1.49257,1.49281,1.10,1.75
2016.06.30 01:52:58.033,1.49255,1.49281,2.62,1.00
2016.06.30 01:52:58.085,1.49255,1.49278,2.32,1.00
2016.06.30 01:52:58.401,1.49263,1.49283,1.12,1.87
2016.06.30 01:52:58.484,1.49261,1.49282,1.75,1.00
2016.06.30 01:52:58.587,1.49259,1.49279,1.12,1.00
2016.06.30 01:52:58.916,1.49259,1.49277,1.12,1.00
2016.06.30 01:52:58.967,1.49259,1.4928,1.12,1.00
2016.06.30 01:52:59.171,1.49259,1.49278,1.12,1.00
2016.06.30 01:52:59.746,1.49258,1.49278,2.85,1.00
2016.06.30 01:53:00.051,1.49259,1.49276,1.12,1.00
2016.06.30 01:53:00.313,1.49258,1.49276,1.20,1.00
2016.06.30 01:53:00.770,1.49258,1.49279,1.17,1.00
2016.06.30 01:53:01.668,1.49258,1.49281,1.17,1.00
2016.06.30 01:53:02.591,1.49258,1.49279,1.17,1.00
2016.06.30 01:53:03.780,1.49259,1.4928,1.20,1.00
2016.06.30 01:53:05.647,1.49256,1.49278,1.12,1.37
2016.06.30 01:53:05.699,1.49256,1.4928,1.12,2.62
2016.06.30 01:53:05.852,1.49263,1.49279,1.00,1.00
2016.06.30 01:53:05.903,1.49263,1.49283,1.00,2.06
2016.06.30 01:53:05.954,1.49265,1.49287,1.00,2.25
2016.06.30 01:53:06.056,1.49262,1.49287,1.15,2.62
2016.06.30 01:53:06.259,1.49262,1.49278,1.00,1.00
2016.06.30 01:53:06.479,1.49262,1.4928,1.00,1.12
2016.06.30 01:53:06.786,1.49257,1.4928,2.10,1.12
2016.06.30 01:53:07.123,1.49256,1.49275,1.12,1.00
2016.06.30 01:53:07.174,1.49256,1.49278,1.12,1.00
2016.06.30 01:53:07.581,1.49261,1.49283,1.00,1.37
2016.06.30 01:53:08.093,1.49258,1.49281,1.20,1.87
2016.06.30 01:53:08.447,1.49256,1.49277,1.75,1.00
2016.06.30 01:53:08.499,1.49256,1.49279,2.25,1.25
2016.06.30 01:53:08.601,1.49261,1.49281,1.00,1.37
2016.06.30 01:53:08.652,1.49263,1.49284,1.00,2.06
2016.06.30 01:53:08.805,1.49263,1.49286,1.10,1.37
2016.06.30 01:53:08.906,1.4926,1.49286,1.47,1.37
2016.06.30 01:53:09.850,1.4926,1.49278,1.10,1.00
2016.06.30 01:53:09.901,1.49253,1.4928,1.45,1.44
2016.06.30 01:53:10.041,1.49257,1.49281,1.45,1.47
2016.06.30 01:53:11.053,1.49257,1.49277,1.12,1.00
2016.06.30 01:53:11.433,1.49258,1.49278,1.05,1.25
2016.06.30 01:53:11.637,1.49258,1.49282,1.10,1.87
2016.06.30 01:53:12.095,1.49252,1.49273,1.17,1.00
2016.06.30 01:53:12.197,1.49254,1.49273,1.12,1.00
2016.06.30 01:53:12.654,1.49253,1.49273,1.17,1.25
2016.06.30 01:53:13.233,1.49253,1.49272,1.17,1.00
2016.06.30 01:53:15.271,1.49251,1.49269,1.12,1.00
2016.06.30 01:53:15.576,1.49247,1.49265,1.87,1.00
2016.06.30 01:53:15.627,1.49247,1.49265,1.87,1.00
2016.06.30 01:53:15.678,1.49247,1.4927,1.87,1.10
2016.06.30 01:53:15.780,1.49248,1.49268,1.75,1.00
2016.06.30 01:53:18.139,1.49249,1.49268,1.12,1.00
2016.06.30 01:53:18.689,1.49249,1.49267,1.12,1.00
2016.06.30 01:53:19.234,1.49249,1.49268,1.12,1.00
2016.06.30 01:53:19.757,1.49249,1.49267,1.12,1.00
2016.06.30 01:53:20.059,1.49249,1.49265,1.12,1.00
2016.06.30 01:53:20.221,1.49248,1.49265,1.12,1.00
2016.06.30 01:53:20.423,1.49245,1.4926,1.12,1.00
2016.06.30 01:53:20.576,1.49238,1.49255,1.57,1.00
2016.06.30 01:53:20.678,1.49237,1.49255,1.09,1.00
2016.06.30 01:53:20.881,1.49234,1.49257,1.10,1.60
2016.06.30 01:53:20.983,1.49233,1.49255,1.00,1.12
2016.06.30 01:53:21.366,1.49232,1.49247,1.00,1.00
2016.06.30 01:53:22.876,1.49232,1.49246,1.10,1.00
2016.06.30 01:53:23.204,1.49232,1.49248,1.20,1.00
2016.06.30 01:53:23.625,1.49232,1.49254,1.12,1.00
2016.06.30 01:53:23.677,1.49232,1.49248,1.12,1.00
2016.06.30 01:53:23.779,1.4923,1.49248,1.57,1.00
2016.06.30 01:53:23.982,1.49234,1.49247,1.12,1.00
2016.06.30 01:53:24.084,1.49233,1.49249,2.25,1.00
2016.06.30 01:53:24.592,1.49234,1.49246,1.75,1.00
2016.06.30 01:53:24.744,1.49226,1.49246,1.20,1.10
2016.06.30 01:53:24.885,1.49226,1.49246,1.95,1.00
2016.06.30 01:53:25.089,1.49225,1.4925,1.15,1.12
2016.06.30 01:53:25.594,1.49225,1.4925,1.20,1.20
2016.06.30 01:53:26.290,1.49229,1.49251,1.20,1.00
2016.06.30 01:53:26.392,1.4923,1.49251,1.12,1.00
2016.06.30 01:53:26.903,1.49231,1.49252,1.12,1.00
2016.06.30 01:53:27.182,1.49229,1.49252,1.87,1.00
2016.06.30 01:53:27.683,1.49229,1.49253,1.87,1.00
2016.06.30 01:53:28.751,1.49229,1.49252,1.12,1.00
2016.06.30 01:53:28.802,1.49231,1.49252,1.12,1.00
2016.06.30 01:53:28.905,1.49227,1.49252,1.12,1.37
2016.06.30 01:53:29.058,1.49226,1.49252,1.20,1.12
2016.06.30 01:53:29.109,1.49226,1.49252,1.20,1.00
2016.06.30 01:53:29.413,1.49228,1.49253,1.20,1.50
2016.06.30 01:53:30.367,1.49228,1.49253,1.20,1.20
2016.06.30 01:53:30.672,1.49224,1.49249,1.12,1.12
2016.06.30 01:53:30.990,1.4922,1.49238,1.75,1.00
2016.06.30 01:53:31.299,1.49222,1.49238,1.12,1.00
2016.06.30 01:53:31.350,1.4922,1.49238,1.12,1.00
2016.06.30 01:53:31.655,1.49223,1.49238,1.12,1.00
2016.06.30 01:53:32.895,1.49223,1.49246,1.12,1.20
2016.06.30 01:53:32.997,1.49224,1.49246,1.10,1.07
2016.06.30 01:53:33.099,1.49224,1.49251,3.00,1.50
2016.06.30 01:53:33.200,1.49226,1.49251,1.12,1.10
2016.06.30 01:53:33.712,1.49226,1.49251,1.12,1.07
2016.06.30 01:53:34.020,1.4922,1.4923,3.00,1.12
2016.06.30 01:53:34.071,1.49211,1.49234,1.00,2.25
2016.06.30 01:53:34.123,1.49211,1.49234,1.00,1.50
2016.06.30 01:53:34.174,1.49211,1.49234,1.75,1.37
2016.06.30 01:53:34.225,1.49214,1.49236,1.12,1.50
2016.06.30 01:53:34.327,1.49212,1.49231,1.20,1.00
2016.06.30 01:53:34.631,1.4921,1.49229,1.17,1.00
2016.06.30 01:53:35.526,1.4921,1.49231,1.17,1.00
2016.06.30 01:53:35.627,1.4921,1.49231,1.65,1.00
2016.06.30 01:53:35.932,1.49228,1.49252,1.37,1.57
2016.06.30 01:53:35.983,1.49228,1.49252,1.37,1.10
2016.06.30 01:53:36.490,1.49228,1.49253,1.37,2.40
2016.06.30 01:53:38.285,1.49228,1.49252,1.12,1.20
2016.06.30 01:53:39.381,1.49231,1.49252,1.25,1.00
2016.06.30 01:53:39.715,1.49231,1.4925,1.25,1.00
2016.06.30 01:53:39.817,1.49231,1.49252,1.25,1.50
2016.06.30 01:53:40.020,1.49228,1.49252,2.00,1.50
2016.06.30 01:53:41.605,1.49229,1.49252,1.17,1.57
2016.06.30 01:53:41.656,1.49229,1.49248,1.17,1.00
2016.06.30 01:53:41.809,1.49226,1.49248,1.20,1.00
2016.06.30 01:53:42.114,1.49225,1.49247,1.07,1.07
2016.06.30 01:53:42.645,1.49224,1.49247,2.00,1.10
2016.06.30 01:53:43.174,1.49223,1.49247,1.70,1.07
2016.06.30 01:53:43.698,1.49226,1.49247,1.07,1.10
2016.06.30 01:53:44.248,1.49226,1.49247,1.00,1.17
2016.06.30 01:53:45.564,1.49223,1.49247,1.17,1.27
2016.06.30 01:53:45.667,1.49222,1.49244,1.57,1.00
2016.06.30 01:53:46.010,1.49222,1.49241,1.00,1.10
2016.06.30 01:53:46.896,1.49222,1.49241,1.00,1.57
2016.06.30 01:53:47.099,1.49217,1.49241,1.20,1.57
2016.06.30 01:53:47.150,1.49217,1.49235,1.20,1.00
2016.06.30 01:53:47.583,1.49216,1.49235,1.00,1.00
2016.06.30 01:53:48.248,1.49216,1.49233,1.00,1.00
2016.06.30 01:53:48.552,1.49217,1.49236,1.00,1.07
2016.06.30 01:53:48.603,1.49221,1.49236,1.00,1.07
2016.06.30 01:53:48.705,1.49227,1.49243,1.00,1.87
2016.06.30 01:53:48.756,1.49229,1.49246,1.00,1.95
2016.06.30 01:53:48.909,1.49237,1.49252,1.00,1.00
2016.06.30 01:53:48.960,1.49239,1.49252,1.00,1.00
2016.06.30 01:53:49.288,1.49258,1.49266,1.00,1.00
2016.06.30 01:53:49.762,1.49255,1.49266,1.00,1.00
2016.06.30 01:53:49.864,1.49255,1.49268,1.00,1.00
2016.06.30 01:53:49.966,1.49255,1.49264,1.00,1.00
2016.06.30 01:53:50.017,1.49253,1.49264,1.10,1.00
2016.06.30 01:53:50.068,1.49253,1.49262,1.00,1.00
2016.06.30 01:53:50.425,1.49253,1.49264,1.00,1.00
2016.06.30 01:53:51.434,1.49261,1.49273,1.00,1.00
2016.06.30 01:53:51.536,1.49264,1.49278,1.00,1.75
2016.06.30 01:53:51.587,1.49264,1.49282,1.00,1.49
2016.06.30 01:53:51.638,1.49268,1.49282,1.00,1.00
2016.06.30 01:53:51.740,1.49268,1.49285,1.00,1.00
2016.06.30 01:53:52.234,1.49268,1.49283,1.00,1.00
2016.06.30 01:53:52.335,1.49268,1.49285,1.00,1.00
2016.06.30 01:53:52.870,1.49269,1.49285,1.00,1.00
2016.06.30 01:53:53.124,1.49267,1.49285,1.00,1.00
2016.06.30 01:53:53.176,1.49267,1.49283,1.00,1.00
2016.06.30 01:53:54.079,1.49267,1.4928,1.00,1.00
2016.06.30 01:53:54.586,1.49267,1.49279,1.00,1.00
2016.06.30 01:53:55.673,1.49267,1.49282,1.00,1.00
2016.06.30 01:53:55.877,1.49267,1.49278,1.00,1.00
2016.06.30 01:53:56.473,1.49267,1.49276,1.00,1.00
2016.06.30 01:53:56.524,1.49263,1.49276,1.00,1.00
2016.06.30 01:53:56.575,1.49261,1.49276,1.12,1.00
2016.06.30 01:53:56.626,1.49259,1.49276,1.50,1.00
2016.06.30 01:53:56.728,1.49261,1.49276,1.00,1.00
2016.06.30 01:53:56.978,1.49261,1.49278,1.00,1.00
2016.06.30 01:53:57.080,1.49263,1.49278,1.00,1.00
2016.06.30 01:53:58.677,1.49264,1.49278,1.00,1.00
2016.06.30 01:53:59.188,1.49265,1.49279,1.00,1.00
2016.06.30 01:54:00.837,1.49265,1.49285,1.00,1.37
2016.06.30 01:54:00.990,1.49261,1.49283,1.00,1.12
2016.06.30 01:54:01.041,1.49261,1.49284,1.00,3.37
2016.06.30 01:54:01.345,1.49261,1.49273,1.00,1.00
2016.06.30 01:54:01.548,1.49261,1.49275,1.00,1.00
2016.06.30 01:54:03.130,1.49264,1.49275,1.00,1.00
2016.06.30 01:54:03.181,1.49264,1.49277,1.00,1.25
2016.06.30 01:54:04.637,1.49262,1.49278,1.00,1.00
2016.06.30 01:54:04.789,1.49259,1.49277,1.10,1.50
2016.06.30 01:54:04.891,1.49259,1.49275,1.00,1.00
2016.06.30 01:54:05.196,1.49262,1.49275,1.00,1.00
2016.06.30 01:54:05.348,1.49262,1.49278,1.00,1.00
2016.06.30 01:54:05.721,1.49262,1.49279,1.00,1.37
2016.06.30 01:54:07.447,1.49264,1.49281,1.00,1.37
2016.06.30 01:54:07.787,1.49266,1.49281,1.00,1.37
2016.06.30 01:54:07.940,1.49268,1.49281,1.00,1.00
2016.06.30 01:54:10.169,1.49268,1.49289,1.00,1.37
2016.06.30 01:54:10.221,1.49268,1.49284,1.00,1.37
2016.06.30 01:54:13.455,1.49268,1.49278,1.00,1.37
2016.06.30 01:54:14.198,1.49268,1.49278,1.00,1.00
2016.06.30 01:54:14.494,1.49268,1.49282,1.00,1.00
2016.06.30 01:54:15.022,1.49269,1.49282,1.00,1.00
2016.06.30 01:54:16.257,1.49265,1.4928,1.00,1.00
2016.06.30 01:54:16.360,1.49265,1.49278,1.00,1.00
2016.06.30 01:54:16.462,1.49265,1.49281,1.00,1.00
2016.06.30 01:54:16.564,1.49265,1.49273,1.00,1.00
2016.06.30 01:54:16.665,1.49265,1.49275,1.00,1.00
2016.06.30 01:54:19.005,1.49265,1.49274,1.00,1.00
2016.06.30 01:54:19.673,1.49265,1.49275,1.00,1.00
2016.06.30 01:54:19.724,1.49263,1.49275,1.00,1.00
2016.06.30 01:54:19.978,1.49262,1.49279,1.00,1.00
2016.06.30 01:54:20.130,1.49259,1.49279,1.00,1.00
2016.06.30 01:54:20.282,1.49259,1.4927,1.00,1.00
2016.06.30 01:54:20.385,1.49259,1.49272,1.00,1.00
2016.06.30 01:54:21.137,1.49255,1.49272,1.65,1.00
2016.06.30 01:54:22.543,1.49255,1.49271,1.65,1.00
2016.06.30 01:54:23.060,1.49255,1.49272,1.65,1.00
2016.06.30 01:54:23.265,1.49254,1.4928,1.65,3.00
2016.06.30 01:54:23.394,1.49252,1.49277,1.07,1.10
2016.06.30 01:54:23.445,1.49251,1.49273,1.20,1.00
2016.06.30 01:54:23.750,1.49249,1.49268,1.57,1.00
2016.06.30 01:54:24.187,1.49249,1.49268,1.87,1.00
2016.06.30 01:54:24.767,1.49249,1.49271,1.87,1.25
2016.06.30 01:54:25.274,1.4925,1.49271,1.12,1.25
2016.06.30 01:54:25.376,1.4925,1.49265,1.12,1.00
2016.06.30 01:54:25.478,1.49246,1.49265,1.12,1.00
2016.06.30 01:54:25.580,1.49245,1.49264,1.20,1.00
2016.06.30 01:54:26.106,1.49245,1.49264,1.17,1.00
2016.06.30 01:54:26.309,1.49245,1.49265,1.57,1.00
2016.06.30 01:54:26.932,1.49247,1.49265,1.20,1.00
2016.06.30 01:54:27.773,1.49247,1.49264,1.17,1.00
2016.06.30 01:54:27.876,1.49245,1.49264,1.57,1.00
2016.06.30 01:54:27.978,1.49245,1.49269,1.50,1.87
2016.06.30 01:54:28.030,1.49247,1.49269,1.00,1.12
2016.06.30 01:54:28.183,1.49251,1.49273,1.20,1.65
2016.06.30 01:54:28.234,1.49249,1.49272,1.12,1.62
2016.06.30 01:54:28.285,1.49249,1.49272,1.00,1.60
2016.06.30 01:54:28.449,1.49251,1.49273,1.10,1.20
2016.06.30 01:54:28.551,1.49251,1.49275,1.17,1.57
2016.06.30 01:54:28.985,1.49255,1.49276,1.00,1.37
2016.06.30 01:54:29.648,1.49254,1.49276,1.50,1.37
2016.06.30 01:54:30.239,1.49255,1.49276,1.00,1.37
2016.06.30 01:54:31.962,1.49251,1.49272,1.07,1.31
2016.06.30 01:54:32.064,1.49251,1.49272,1.00,1.76
2016.06.30 01:54:32.165,1.49251,1.49272,1.10,2.00
2016.06.30 01:54:32.267,1.49249,1.49272,1.50,1.25
2016.06.30 01:54:32.318,1.49249,1.49272,1.12,2.00
2016.06.30 01:54:32.369,1.49249,1.49271,1.00,1.12
2016.06.30 01:54:32.755,1.49249,1.49272,1.00,1.39
2016.06.30 01:54:33.275,1.49248,1.49272,1.10,1.39
2016.06.30 01:54:38.882,1.49251,1.49274,1.12,1.20
2016.06.30 01:54:39.431,1.49252,1.49275,1.20,1.37
2016.06.30 01:54:40.641,1.49251,1.49274,1.65,1.44
2016.06.30 01:54:41.610,1.49252,1.49274,1.10,1.57
2016.06.30 01:54:42.117,1.49252,1.49273,1.00,1.39
2016.06.30 01:54:42.168,1.49249,1.49264,1.07,1.00
2016.06.30 01:54:42.544,1.49242,1.49264,1.37,1.12
2016.06.30 01:54:42.595,1.49242,1.49265,1.37,1.12
2016.06.30 01:54:43.147,1.49241,1.49264,1.57,1.07
2016.06.30 01:54:43.686,1.49241,1.49264,1.57,1.00
2016.06.30 01:54:44.801,1.49244,1.49261,1.50,1.00
2016.06.30 01:54:45.106,1.49242,1.49263,1.57,1.00
2016.06.30 01:54:47.659,1.49242,1.49264,1.87,1.00
2016.06.30 01:54:48.200,1.49242,1.49262,1.57,1.00
2016.06.30 01:54:50.269,1.49241,1.49265,1.00,3.00
2016.06.30 01:54:50.394,1.49241,1.49258,1.07,1.00
2016.06.30 01:54:50.901,1.49241,1.49258,1.10,1.00
2016.06.30 01:54:51.482,1.4924,1.49258,1.10,1.00
2016.06.30 01:54:51.787,1.4924,1.49255,1.10,1.00
2016.06.30 01:54:52.199,1.49237,1.49251,1.20,1.00
2016.06.30 01:54:52.301,1.49236,1.49255,1.12,1.00
2016.06.30 01:54:52.505,1.49235,1.49249,1.12,1.00
2016.06.30 01:54:52.608,1.49232,1.49249,1.17,1.00
2016.06.30 01:54:52.710,1.49232,1.49251,1.17,1.00
2016.06.30 01:54:53.217,1.49232,1.49253,1.09,1.00
2016.06.30 01:54:53.268,1.49232,1.49253,2.06,1.00
2016.06.30 01:54:53.514,1.49235,1.49256,1.15,1.00
2016.06.30 01:54:53.717,1.49237,1.49257,1.12,1.00
2016.06.30 01:54:54.036,1.49237,1.49255,1.12,1.00
2016.06.30 01:54:55.937,1.49237,1.49253,1.12,1.00
2016.06.30 01:54:56.039,1.49234,1.49253,2.25,1.00
2016.06.30 01:54:57.118,1.49235,1.49253,1.20,1.00
2016.06.30 01:54:57.220,1.49235,1.49253,1.20,1.00
2016.06.30 01:54:58.237,1.49234,1.49252,1.12,1.00
2016.06.30 01:54:58.339,1.49227,1.49245,1.00,1.00
2016.06.30 01:54:58.572,1.49221,1.49242,2.25,1.75
2016.06.30 01:54:58.775,1.49222,1.49242,1.25,1.12
2016.06.30 01:54:59.432,1.49222,1.49244,1.25,1.12
2016.06.30 01:55:02.418,1.49222,1.49246,1.01,2.62
2016.06.30 01:55:03.727,1.49217,1.4924,1.25,1.17
2016.06.30 01:55:03.829,1.49216,1.4924,1.79,1.17
2016.06.30 01:55:03.981,1.49215,1.4924,1.17,1.20
2016.06.30 01:55:04.032,1.49217,1.4924,1.50,1.12
2016.06.30 01:55:04.134,1.49219,1.49242,1.57,1.44
2016.06.30 01:55:04.774,1.49219,1.49241,1.50,1.25
2016.06.30 01:55:07.452,1.49217,1.49241,1.65,1.15
2016.06.30 01:55:07.796,1.49221,1.49241,1.00,1.15
2016.06.30 01:55:08.696,1.49222,1.49241,1.00,1.15
2016.06.30 01:55:08.899,1.49222,1.49246,1.10,1.95
2016.06.30 01:55:08.950,1.49219,1.49238,2.25,1.00
2016.06.30 01:55:09.155,1.49211,1.49232,1.37,2.25
2016.06.30 01:55:09.257,1.49211,1.49231,1.37,1.87
2016.06.30 01:55:09.308,1.49211,1.49231,1.00,1.87
2016.06.30 01:55:09.461,1.49209,1.49231,1.00,1.87
2016.06.30 01:55:09.563,1.49209,1.49229,1.00,1.12
2016.06.30 01:55:11.640,1.49209,1.4923,1.00,1.75
2016.06.30 01:55:12.068,1.49212,1.49231,1.00,1.12
2016.06.30 01:55:12.272,1.49221,1.4924,1.00,1.57
2016.06.30 01:55:12.323,1.49224,1.49243,1.00,1.20
2016.06.30 01:55:12.375,1.49227,1.49244,1.00,1.27
2016.06.30 01:55:12.426,1.4923,1.49244,1.00,1.00
2016.06.30 01:55:12.983,1.4923,1.49243,1.00,1.00
2016.06.30 01:55:13.035,1.49236,1.49254,1.00,1.00
2016.06.30 01:55:13.245,1.4924,1.49255,1.37,1.20
2016.06.30 01:55:13.296,1.49248,1.49268,1.17,1.57
2016.06.30 01:55:13.352,1.49248,1.49269,1.17,1.77
2016.06.30 01:55:13.403,1.49248,1.49269,1.87,1.00
2016.06.30 01:55:13.760,1.49248,1.49268,1.00,1.00
2016.06.30 01:55:14.268,1.49248,1.49268,1.00,1.17
2016.06.30 01:55:14.319,1.49248,1.49268,1.87,1.00
2016.06.30 01:55:15.061,1.49248,1.49269,1.87,1.00
2016.06.30 01:55:17.263,1.49248,1.4927,1.87,1.00
2016.06.30 01:55:17.842,1.49251,1.49272,1.10,1.65
2016.06.30 01:55:18.360,1.49251,1.49272,1.07,1.10
2016.06.30 01:55:19.931,1.49251,1.4927,1.07,1.00
2016.06.30 01:55:20.235,1.49249,1.49267,1.00,1.00
2016.06.30 01:55:23.473,1.49249,1.49265,1.10,1.00
2016.06.30 01:55:23.778,1.49245,1.49264,1.27,1.00
2016.06.30 01:55:23.880,1.49247,1.49264,1.01,1.00
2016.06.30 01:55:24.146,1.49246,1.49267,1.12,1.00
2016.06.30 01:55:24.457,1.49245,1.49266,1.10,1.00
2016.06.30 01:55:24.559,1.49243,1.49263,1.00,1.00
2016.06.30 01:55:25.420,1.49246,1.49263,1.12,1.00
2016.06.30 01:55:25.758,1.49242,1.49261,1.00,1.00
2016.06.30 01:55:25.862,1.49241,1.49261,1.12,1.00
2016.06.30 01:55:25.964,1.49241,1.49264,1.12,1.00
2016.06.30 01:55:26.066,1.49244,1.49264,1.12,1.00
2016.06.30 01:55:26.168,1.4924,1.49264,1.12,1.00
2016.06.30 01:55:26.270,1.49241,1.49259,1.12,1.00
2016.06.30 01:55:26.372,1.49239,1.49259,1.87,1.00
2016.06.30 01:55:26.777,1.49241,1.49257,1.17,1.00
2016.06.30 01:55:27.263,1.49241,1.49255,1.17,1.00
2016.06.30 01:55:27.569,1.49241,1.49253,1.17,1.00
2016.06.30 01:55:28.137,1.4924,1.49252,1.20,1.00
2016.06.30 01:55:29.965,1.4924,1.49254,1.20,1.00
2016.06.30 01:55:30.118,1.49236,1.49254,1.12,1.00
2016.06.30 01:55:30.317,1.49236,1.49251,1.12,1.00
2016.06.30 01:55:30.376,1.49235,1.49251,1.00,1.00
2016.06.30 01:55:32.139,1.49235,1.4925,1.00,1.00
2016.06.30 01:55:32.190,1.49233,1.49247,1.50,1.00
2016.06.30 01:55:32.393,1.49229,1.49249,1.20,1.50
2016.06.30 01:55:32.444,1.49228,1.49249,1.20,1.57
2016.06.30 01:55:32.547,1.49226,1.49248,1.10,1.20
2016.06.30 01:55:32.751,1.49226,1.4925,2.25,1.57
2016.06.30 01:55:33.474,1.49226,1.49251,2.62,1.87
2016.06.30 01:55:34.013,1.49226,1.49251,2.62,1.87
2016.06.30 01:55:35.549,1.49229,1.49252,1.10,1.47
2016.06.30 01:55:36.056,1.49229,1.49251,1.07,1.37
2016.06.30 01:55:36.604,1.49226,1.49245,1.75,1.00
2016.06.30 01:55:36.757,1.49222,1.49243,1.12,1.19
2016.06.30 01:55:36.858,1.49217,1.49243,1.17,2.81
2016.06.30 01:55:37.034,1.49217,1.4923,2.25,1.00
2016.06.30 01:55:37.085,1.49217,1.4923,1.00,1.00
2016.06.30 01:55:37.697,1.49217,1.49235,1.50,1.00
2016.06.30 01:55:38.227,1.49217,1.49234,1.65,1.00
2016.06.30 01:55:39.069,1.49232,1.49242,1.00,1.50
2016.06.30 01:55:39.171,1.49231,1.49252,1.69,1.50
2016.06.30 01:55:39.273,1.49233,1.49257,1.12,2.02
2016.06.30 01:55:39.578,1.4923,1.49249,1.20,1.00
2016.06.30 01:55:40.118,1.4923,1.49248,1.20,1.00
2016.06.30 01:55:40.955,1.49235,1.49248,1.50,1.00
2016.06.30 01:55:41.006,1.49237,1.49255,1.00,1.36
2016.06.30 01:55:41.513,1.49237,1.49256,1.00,1.87
2016.06.30 01:55:41.997,1.49237,1.49259,1.00,1.12
2016.06.30 01:55:42.542,1.49237,1.49254,1.00,1.10
2016.06.30 01:55:42.613,1.49237,1.49251,1.00,1.00
2016.06.30 01:55:42.664,1.49237,1.49253,1.00,1.00
2016.06.30 01:55:44.177,1.49237,1.49255,1.00,1.00
2016.06.30 01:55:46.973,1.49235,1.49254,1.20,1.00
2016.06.30 01:55:47.323,1.49235,1.49256,1.10,1.00
2016.06.30 01:55:47.783,1.49237,1.49258,1.00,1.17
2016.06.30 01:55:48.087,1.49237,1.4926,2.25,1.00
2016.06.30 01:55:49.567,1.49237,1.49258,3.00,1.00
2016.06.30 01:55:50.224,1.49237,1.49259,2.62,1.00
2016.06.30 01:55:56.575,1.49239,1.49259,1.65,1.00
2016.06.30 01:55:56.879,1.49242,1.49265,1.12,1.50
2016.06.30 01:55:56.982,1.49241,1.49261,1.25,1.12
2016.06.30 01:55:57.499,1.4924,1.49258,1.95,1.00
2016.06.30 01:55:59.187,1.4924,1.49262,2.14,1.00
2016.06.30 01:55:59.731,1.49242,1.49262,1.44,1.10
2016.06.30 01:55:59.783,1.49241,1.49259,1.37,1.00
2016.06.30 01:56:00.492,1.49241,1.49259,1.00,1.00
2016.06.30 01:56:01.168,1.49241,1.49259,1.47,1.00
2016.06.30 01:56:01.224,1.49244,1.49262,1.25,1.00
2016.06.30 01:56:01.275,1.49246,1.49262,1.87,1.87
2016.06.30 01:56:01.377,1.4925,1.49268,1.32,1.00
2016.06.30 01:56:01.479,1.49252,1.49268,1.87,1.00
2016.06.30 01:56:01.581,1.49252,1.49268,1.17,1.00
2016.06.30 01:56:02.122,1.49252,1.49268,1.50,1.00
2016.06.30 01:56:07.733,1.49252,1.49267,1.50,1.00
2016.06.30 01:56:08.045,1.49252,1.4927,1.50,1.10
2016.06.30 01:56:08.622,1.49252,1.4927,1.50,1.07
2016.06.30 01:56:09.143,1.49252,1.4927,1.50,1.00
2016.06.30 01:56:09.195,1.49252,1.49268,1.50,1.00
2016.06.30 01:56:09.916,1.49252,1.4927,1.50,1.00
2016.06.30 01:56:10.387,1.49252,1.49272,1.50,1.20
2016.06.30 01:56:11.815,1.49252,1.49272,1.57,1.00
2016.06.30 01:56:11.917,1.49252,1.49272,2.32,1.00
2016.06.30 01:56:12.222,1.49254,1.49272,1.87,1.00
2016.06.30 01:56:12.501,1.49254,1.49276,1.87,1.00
2016.06.30 01:56:12.711,1.49254,1.49275,1.00,1.12
2016.06.30 01:56:14.020,1.49252,1.49276,1.50,2.06
2016.06.30 01:56:14.122,1.49252,1.49271,1.00,1.75
2016.06.30 01:56:14.224,1.49252,1.49275,1.10,1.01
2016.06.30 01:56:14.681,1.49252,1.49274,1.20,1.20
2016.06.30 01:56:17.310,1.49252,1.49274,1.87,1.00
2016.06.30 01:56:19.000,1.49252,1.49274,1.07,1.07
2016.06.30 01:56:19.507,1.49248,1.49273,1.17,1.20
2016.06.30 01:56:19.764,1.49252,1.49271,1.00,1.12
2016.06.30 01:56:20.069,1.49252,1.49273,1.00,1.87
2016.06.30 01:56:21.330,1.49249,1.49271,1.00,1.17
2016.06.30 01:56:21.382,1.49249,1.49266,1.20,1.00
2016.06.30 01:56:21.484,1.49244,1.49263,1.00,1.12
2016.06.30 01:56:21.636,1.49243,1.49259,1.00,1.12
2016.06.30 01:56:21.738,1.49243,1.4926,1.00,1.07
2016.06.30 01:56:22.245,1.49243,1.49257,1.00,1.00
2016.06.30 01:56:22.712,1.49243,1.49259,1.00,1.00
2016.06.30 01:56:25.324,1.49244,1.49259,1.00,1.00
2016.06.30 01:56:25.918,1.49249,1.49265,1.00,1.12
2016.06.30 01:56:26.019,1.49249,1.49266,1.00,1.15
2016.06.30 01:56:26.122,1.49253,1.49266,1.00,1.00
2016.06.30 01:56:26.224,1.49254,1.49272,1.25,1.00
2016.06.30 01:56:26.326,1.49256,1.49272,1.00,1.00
2016.06.30 01:56:27.194,1.49261,1.49272,1.00,1.00
2016.06.30 01:56:27.448,1.49261,1.49274,1.00,1.00
2016.06.30 01:56:27.549,1.49263,1.49275,1.00,1.00
2016.06.30 01:56:28.448,1.49263,1.49277,1.00,1.00
2016.06.30 01:56:28.854,1.49263,1.49275,1.00,1.00
2016.06.30 01:56:33.462,1.49263,1.49277,1.00,1.00
2016.06.30 01:56:39.136,1.49263,1.49276,1.00,1.00
2016.06.30 01:56:41.709,1.49262,1.49276,1.00,1.00
2016.06.30 01:56:44.190,1.49262,1.49276,1.00,1.17
2016.06.30 01:56:44.847,1.49262,1.49274,1.00,1.00
2016.06.30 01:56:45.434,1.49262,1.49276,1.00,1.17
2016.06.30 01:56:46.996,1.49261,1.49276,1.37,1.17
2016.06.30 01:56:47.098,1.49261,1.49276,1.00,1.17
2016.06.30 01:56:47.604,1.49261,1.49276,1.00,1.00
2016.06.30 01:56:48.613,1.4926,1.49276,1.00,1.00
2016.06.30 01:56:48.765,1.4926,1.49276,1.00,1.87
2016.06.30 01:56:52.879,1.4926,1.49275,1.00,1.20
2016.06.30 01:56:53.983,1.49259,1.49275,1.00,1.20
2016.06.30 01:56:57.489,1.49259,1.49274,1.00,1.12
2016.06.30 01:56:57.591,1.49257,1.49276,1.12,1.87
2016.06.30 01:56:57.693,1.49257,1.49271,1.00,1.75
2016.06.30 01:56:57.815,1.49257,1.49276,1.00,1.12
2016.06.30 01:56:58.449,1.49256,1.49275,1.00,1.17
2016.06.30 01:57:00.472,1.49255,1.49277,1.00,1.60
2016.06.30 01:57:00.574,1.49255,1.49276,1.00,1.12
2016.06.30 01:57:02.960,1.49255,1.4927,1.00,1.00
2016.06.30 01:57:03.503,1.49254,1.4927,1.00,1.00
2016.06.30 01:57:06.150,1.49254,1.49274,1.00,1.00
2016.06.30 01:57:06.872,1.49254,1.49273,1.00,1.00
2016.06.30 01:57:06.945,1.49254,1.49275,1.00,1.20
2016.06.30 01:57:09.748,1.49254,1.49274,1.50,1.00
2016.06.30 01:57:10.259,1.49254,1.49276,1.50,1.40
2016.06.30 01:57:11.750,1.49254,1.49276,1.50,1.52
2016.06.30 01:57:12.105,1.49253,1.49275,1.20,1.57
2016.06.30 01:57:12.208,1.49253,1.49273,1.20,1.37
2016.06.30 01:57:12.513,1.49253,1.49275,1.10,1.20
2016.06.30 01:57:13.025,1.49254,1.49272,1.00,1.00
2016.06.30 01:57:13.622,1.49256,1.49272,1.00,1.00
2016.06.30 01:57:15.181,1.49256,1.49276,1.50,1.12
2016.06.30 01:57:16.148,1.49256,1.49277,1.50,1.87
2016.06.30 01:57:19.096,1.49256,1.49276,1.87,1.20
2016.06.30 01:57:20.078,1.49256,1.49276,1.50,1.20
2016.06.30 01:57:26.073,1.49257,1.49275,1.00,1.17
2016.06.30 01:57:28.818,1.49257,1.49275,1.50,1.00
2016.06.30 01:57:29.476,1.49257,1.49278,1.50,1.20
2016.06.30 01:57:34.673,1.49257,1.49278,1.00,1.12
2016.06.30 01:57:39.589,1.49256,1.49277,1.00,1.57
2016.06.30 01:57:40.141,1.49256,1.49277,1.00,1.20
2016.06.30 01:57:42.930,1.49254,1.49273,1.50,1.00
2016.06.30 01:57:43.342,1.49254,1.49276,1.50,1.15
2016.06.30 01:57:43.941,1.49254,1.49274,1.00,1.00
2016.06.30 01:57:44.529,1.49251,1.49274,1.20,1.00
2016.06.30 01:57:44.681,1.4925,1.49274,3.15,1.15
2016.06.30 01:57:45.151,1.49249,1.49267,1.87,1.44
2016.06.30 01:57:45.443,1.49239,1.49263,1.65,1.50
2016.06.30 01:57:45.546,1.49239,1.4926,1.00,1.12
2016.06.30 01:57:45.854,1.49239,1.49256,1.00,1.12
2016.06.30 01:57:46.107,1.49239,1.49259,1.00,2.25
2016.06.30 01:57:46.453,1.49237,1.49259,1.00,2.25
2016.06.30 01:57:49.178,1.49237,1.49258,1.00,1.87
2016.06.30 01:57:49.754,1.49236,1.49258,1.50,1.87
2016.06.30 01:57:50.720,1.49236,1.49258,1.10,1.20
2016.06.30 01:57:53.342,1.49234,1.49253,1.65,1.00
2016.06.30 01:57:53.872,1.49234,1.49253,1.10,1.00
2016.06.30 01:57:54.401,1.49234,1.49253,1.00,1.17
2016.06.30 01:57:56.563,1.49232,1.49253,2.70,1.17
2016.06.30 01:57:56.867,1.49232,1.49254,1.00,1.12
2016.06.30 01:57:56.969,1.49232,1.49256,1.20,1.50
2016.06.30 01:57:57.075,1.49232,1.49256,1.10,1.87
2016.06.30 01:58:01.208,1.49232,1.49256,1.17,2.62
2016.06.30 01:58:01.340,1.49232,1.49247,1.17,1.00
2016.06.30 01:58:01.442,1.49232,1.49251,1.17,1.00
2016.06.30 01:58:01.493,1.49229,1.49246,1.50,1.75
2016.06.30 01:58:01.747,1.49232,1.49256,1.12,1.57
2016.06.30 01:58:04.210,1.49232,1.49255,1.12,1.00
2016.06.30 01:58:09.298,1.49232,1.49253,1.12,1.00
2016.06.30 01:58:09.551,1.49229,1.49253,1.12,1.10
2016.06.30 01:58:12.485,1.49229,1.49254,1.75,1.50
2016.06.30 01:58:12.738,1.4923,1.49256,2.32,1.00
2016.06.30 01:58:12.840,1.49232,1.49256,1.12,1.17
2016.06.30 01:58:13.363,1.49231,1.49256,1.57,1.20
2016.06.30 01:58:14.480,1.49232,1.49257,1.31,1.20
2016.06.30 01:58:14.785,1.49236,1.4926,1.85,1.65
2016.06.30 01:58:16.311,1.49237,1.49259,1.12,1.00
2016.06.30 01:58:16.463,1.49236,1.49259,1.10,1.87
2016.06.30 01:58:17.038,1.49236,1.49258,1.00,1.12
2016.06.30 01:58:18.243,1.49236,1.49258,1.00,1.25
2016.06.30 01:58:18.931,1.49236,1.49258,1.00,1.12
2016.06.30 01:58:19.668,1.49234,1.49258,1.27,1.12
2016.06.30 01:58:19.871,1.49233,1.49256,2.62,1.12
2016.06.30 01:58:22.715,1.49233,1.49257,4.87,1.12
2016.06.30 01:58:24.078,1.49233,1.49257,1.00,1.60
2016.06.30 01:58:24.383,1.49233,1.49254,1.00,1.12
2016.06.30 01:58:24.949,1.49233,1.49254,1.00,1.12
2016.06.30 01:58:26.921,1.49233,1.49255,1.00,1.87
2016.06.30 01:58:33.248,1.49231,1.49254,1.00,1.20
2016.06.30 01:58:33.463,1.49229,1.49251,1.69,1.12
2016.06.30 01:58:33.998,1.49229,1.49251,1.69,1.50
2016.06.30 01:58:34.150,1.4923,1.49251,1.25,1.20
2016.06.30 01:58:34.704,1.4923,1.49253,1.09,1.15
2016.06.30 01:58:35.052,1.49232,1.49255,1.00,1.87
2016.06.30 01:58:35.359,1.49232,1.49255,1.44,1.50
2016.06.30 01:58:38.129,1.49232,1.49253,1.00,1.20
2016.06.30 01:58:38.231,1.49232,1.49253,1.00,1.57
2016.06.30 01:58:38.755,1.49231,1.49253,1.20,1.57
2016.06.30 01:58:40.125,1.49231,1.49253,1.20,1.57
2016.06.30 01:58:40.430,1.4923,1.49249,1.12,1.75
2016.06.30 01:58:41.017,1.49229,1.49248,1.87,1.12
2016.06.30 01:58:41.323,1.49231,1.4925,1.65,1.00
2016.06.30 01:58:41.860,1.49231,1.49252,1.27,1.44
2016.06.30 01:58:42.327,1.49231,1.4925,1.15,1.87
2016.06.30 01:58:42.868,1.49231,1.4925,1.00,3.75
2016.06.30 01:58:43.331,1.49231,1.49254,2.32,1.55
2016.06.30 01:58:43.382,1.49232,1.49255,1.50,3.52
2016.06.30 01:58:43.535,1.49232,1.49255,1.20,3.52
2016.06.30 01:58:45.237,1.49232,1.49252,1.20,1.37
2016.06.30 01:58:45.870,1.49232,1.49252,1.47,1.37
2016.06.30 01:58:46.425,1.49232,1.49252,1.20,1.37
2016.06.30 01:58:46.577,1.49232,1.49254,1.20,1.47
2016.06.30 01:58:46.628,1.49234,1.49254,1.37,1.47
2016.06.30 01:58:47.481,1.49234,1.49254,1.12,1.37
2016.06.30 01:58:48.009,1.49234,1.49255,1.12,1.47
2016.06.30 01:58:48.375,1.49237,1.49255,1.00,1.47
2016.06.30 01:58:50.777,1.49237,1.49258,1.00,1.15
2016.06.30 01:58:52.388,1.4924,1.49259,1.00,1.50
2016.06.30 01:58:52.897,1.49241,1.4926,1.00,1.20
2016.06.30 01:58:53.203,1.49241,1.49259,1.00,1.87
2016.06.30 01:58:55.635,1.49241,1.4926,1.00,1.15
2016.06.30 01:58:55.839,1.49247,1.49262,1.00,1.75
2016.06.30 01:58:55.941,1.49251,1.49268,1.50,1.65
2016.06.30 01:58:56.043,1.49254,1.49275,1.00,1.20
2016.06.30 01:58:56.398,1.49253,1.49273,1.00,1.75
2016.06.30 01:58:56.449,1.49251,1.49271,1.00,1.15
2016.06.30 01:58:56.652,1.49254,1.49272,1.00,1.87
2016.06.30 01:58:56.703,1.49255,1.49274,1.00,2.25
2016.06.30 01:58:56.836,1.49255,1.49274,1.00,1.12
2016.06.30 01:58:57.369,1.49255,1.49274,1.00,1.17
2016.06.30 01:58:57.897,1.49254,1.49276,1.00,1.75
2016.06.30 01:58:58.050,1.49254,1.49277,1.07,2.32
2016.06.30 01:58:59.511,1.49251,1.49274,1.87,1.00
2016.06.30 01:58:59.665,1.49248,1.49269,1.75,1.12
2016.06.30 01:58:59.716,1.49245,1.49269,2.32,1.20
2016.06.30 01:58:59.767,1.49245,1.4927,1.57,3.07
2016.06.30 01:59:00.071,1.49244,1.49263,1.50,1.12
2016.06.30 01:59:02.827,1.4924,1.49258,1.00,1.87
2016.06.30 01:59:02.878,1.49235,1.49256,1.87,1.50
2016.06.30 01:59:02.981,1.49235,1.49254,1.50,1.12
2016.06.30 01:59:03.488,1.49235,1.49255,1.00,1.75
2016.06.30 01:59:06.391,1.49236,1.49255,1.00,1.75
2016.06.30 01:59:06.493,1.49236,1.49259,1.00,1.87
2016.06.30 01:59:10.998,1.49236,1.49259,1.20,1.15
2016.06.30 01:59:11.549,1.49237,1.49259,1.00,1.15
2016.06.30 01:59:16.411,1.49237,1.49259,1.00,1.76
2016.06.30 01:59:19.573,1.49235,1.49257,1.07,1.07
2016.06.30 01:59:20.276,1.49235,1.49259,1.07,1.20
2016.06.30 01:59:20.429,1.49234,1.49256,1.00,1.50
2016.06.30 01:59:20.480,1.49234,1.49256,1.00,1.50
2016.06.30 01:59:20.683,1.49222,1.49243,1.00,1.50
2016.06.30 01:59:21.122,1.49222,1.49244,1.00,1.39
2016.06.30 01:59:22.163,1.49224,1.49245,1.00,2.25
2016.06.30 01:59:22.468,1.49229,1.49251,1.00,1.50
2016.06.30 01:59:22.570,1.49232,1.49251,1.00,1.12
2016.06.30 01:59:22.735,1.49232,1.49254,1.00,1.17
2016.06.30 01:59:22.898,1.49232,1.49255,1.20,1.32
2016.06.30 01:59:23.101,1.49232,1.49255,1.00,1.39
2016.06.30 01:59:23.305,1.4923,1.49254,1.20,1.57
2016.06.30 01:59:23.356,1.4923,1.49254,1.10,1.57
2016.06.30 01:59:23.458,1.4923,1.49251,1.00,1.01
2016.06.30 01:59:23.560,1.4923,1.49253,1.00,1.12
2016.06.30 01:59:24.389,1.4923,1.49253,1.00,1.12
2016.06.30 01:59:25.783,1.49226,1.49247,1.75,1.44
2016.06.30 01:59:26.110,1.49219,1.49245,1.17,2.32
2016.06.30 01:59:26.415,1.49219,1.49243,1.10,3.00
2016.06.30 01:59:26.518,1.49222,1.49246,1.00,1.50
2016.06.30 01:59:26.670,1.49225,1.49246,1.00,1.75
2016.06.30 01:59:27.407,1.49229,1.49246,1.00,1.12
2016.06.30 01:59:27.610,1.49232,1.49252,1.00,1.12
2016.06.30 01:59:27.762,1.49232,1.49254,1.00,1.12
2016.06.30 01:59:27.813,1.49235,1.49254,1.00,1.12
2016.06.30 01:59:28.757,1.4924,1.49254,1.00,1.12
2016.06.30 01:59:28.961,1.49245,1.49266,1.00,1.20
2016.06.30 01:59:29.164,1.49243,1.49267,1.50,1.68
2016.06.30 01:59:29.215,1.49243,1.49261,1.00,1.00
2016.06.30 01:59:29.520,1.49241,1.49257,1.00,1.12
2016.06.30 01:59:31.175,1.49236,1.49257,1.50,1.12
2016.06.30 01:59:31.327,1.49239,1.49257,1.00,1.12
2016.06.30 01:59:31.479,1.49239,1.49257,1.00,1.00
2016.06.30 01:59:31.824,1.49238,1.49258,1.00,2.25
2016.06.30 01:59:32.130,1.49238,1.49256,1.00,1.12
2016.06.30 01:59:32.789,1.49238,1.49257,1.00,1.57
2016.06.30 01:59:33.650,1.49238,1.49258,1.00,2.25
2016.06.30 01:59:33.955,1.49243,1.49258,1.00,1.12
2016.06.30 01:59:34.109,1.49247,1.49267,1.00,1.75
2016.06.30 01:59:34.464,1.49247,1.49264,1.00,1.12
2016.06.30 01:59:35.163,1.49247,1.49267,1.50,1.12
2016.06.30 01:59:35.215,1.49251,1.49269,1.00,1.12
2016.06.30 01:59:36.121,1.49252,1.49271,1.00,1.12
2016.06.30 01:59:36.324,1.49252,1.49272,1.00,1.15
2016.06.30 01:59:36.837,1.49253,1.49274,1.00,1.60
2016.06.30 01:59:37.344,1.49252,1.49273,1.00,1.12
2016.06.30 01:59:38.379,1.49252,1.49274,1.00,1.95
2016.06.30 01:59:39.734,1.49252,1.49274,1.00,1.95
2016.06.30 01:59:41.036,1.49252,1.49274,1.00,1.95
2016.06.30 01:59:42.308,1.49253,1.49276,1.00,2.32
2016.06.30 01:59:42.715,1.49262,1.49277,1.00,2.25
2016.06.30 01:59:42.951,1.49268,1.49293,2.25,2.77
2016.06.30 01:59:43.002,1.49268,1.49294,2.25,1.52
2016.06.30 01:59:43.155,1.49268,1.49293,1.20,2.25
2016.06.30 01:59:43.257,1.49264,1.49289,1.50,1.15
2016.06.30 01:59:43.359,1.49264,1.49287,1.10,1.12
2016.06.30 01:59:43.969,1.49261,1.49283,1.12,1.00
2016.06.30 01:59:44.235,1.49259,1.49279,1.00,1.09
2016.06.30 01:59:44.540,1.49259,1.49279,1.00,1.57
2016.06.30 01:59:45.069,1.49259,1.49277,1.00,1.50
2016.06.30 01:59:45.272,1.49256,1.49278,1.00,1.12
2016.06.30 01:59:45.323,1.49256,1.49277,1.17,1.00
2016.06.30 01:59:45.615,1.49256,1.49275,1.00,1.75
2016.06.30 01:59:45.921,1.49258,1.49275,1.00,1.12
2016.06.30 01:59:46.023,1.49258,1.49276,1.00,1.75
2016.06.30 01:59:46.227,1.49258,1.49278,1.00,2.25
2016.06.30 01:59:47.401,1.49254,1.49278,1.00,2.25
2016.06.30 01:59:47.995,1.49254,1.49276,1.00,1.50
2016.06.30 01:59:49.863,1.49254,1.49275,1.00,1.87
2016.06.30 01:59:50.985,1.49253,1.49275,1.00,1.87
2016.06.30 01:59:56.981,1.49249,1.4927,1.55,1.00
2016.06.30 01:59:57.287,1.49236,1.49257,1.00,1.12
2016.06.30 01:59:57.828,1.49235,1.49257,1.00,1.75
2016.06.30 01:59:59.977,1.49236,1.49257,1.00,1.75
