2009.03.10 21:00:00.004,1.9629,1.9635,2.00,1.20
2009.03.10 21:00:00.225,1.9629,1.9643,2.00,1.20
2009.03.10 21:00:21.579,1.96295,1.9642,2.00,1.20
2009.03.10 21:00:31.217,1.9629,1.96415,2.00,1.20
2009.03.10 21:00:42.864,1.9628,1.96405,2.00,1.20
2009.03.10 21:00:43.134,1.9628,1.964,2.00,1.20
2009.03.10 21:00:50.752,1.96265,1.9638,1.00,1.20
2009.03.10 21:00:53.051,1.96265,1.9636,1.00,1.20
2009.03.10 21:00:54.001,1.96265,1.96355,1.00,1.20
2009.03.10 21:00:55.131,1.96265,1.9637,1.00,1.20
2009.03.10 21:00:59.510,1.96265,1.96375,1.00,1.20
2009.03.10 21:01:05.418,1.9626,1.96385,2.80,1.20
2009.03.10 21:01:10.107,1.9628,1.96425,2.00,1.20
2009.03.10 21:01:18.215,1.963,1.96425,2.00,1.20
2009.03.10 21:01:21.345,1.9629,1.96415,2.00,1.20
2009.03.10 21:01:23.734,1.96285,1.96405,2.00,1.20
2009.03.10 21:01:24.064,1.9628,1.96405,2.00,1.20
2009.03.10 21:01:27.153,1.96285,1.96405,2.00,1.20
2009.03.10 21:01:40.790,1.96285,1.96395,2.00,1.00
2009.03.10 21:01:40.970,1.96275,1.9639,2.40,1.20
2009.03.10 21:01:42.710,1.9628,1.96405,2.00,1.20
2009.03.10 21:01:46.638,1.96275,1.964,2.00,1.20
2009.03.10 21:01:52.597,1.96275,1.96385,2.00,1.00
2009.03.10 21:01:52.887,1.96275,1.9639,2.00,1.00
2009.03.10 21:01:53.177,1.9626,1.96385,2.40,1.20
2009.03.10 21:01:53.397,1.9626,1.9639,4.40,1.00
2009.03.10 21:01:53.987,1.96275,1.96385,2.40,1.20
2009.03.10 21:01:54.097,1.96275,1.964,4.40,1.20
2009.03.10 21:01:54.617,1.96275,1.964,2.00,1.20
2009.03.10 21:01:56.716,1.96275,1.9639,2.00,1.00
2009.03.10 21:01:57.066,1.9626,1.96385,4.40,1.20
2009.03.10 21:01:58.256,1.9627,1.9639,2.00,1.20
2009.03.10 21:01:59.375,1.9627,1.96385,2.00,1.00
2009.03.10 21:01:59.615,1.96255,1.9638,2.00,1.20
2009.03.10 21:01:59.845,1.9625,1.96375,2.00,1.20
2009.03.10 21:02:01.145,1.9625,1.9637,2.00,1.00
2009.03.10 21:02:01.435,1.96245,1.9637,4.40,1.20
2009.03.10 21:02:01.715,1.96245,1.9636,2.40,1.20
2009.03.10 21:02:02.914,1.96235,1.9636,2.00,1.20
2009.03.10 21:02:04.124,1.96245,1.9636,2.40,1.20
2009.03.10 21:02:04.454,1.96245,1.9637,4.40,1.20
2009.03.10 21:02:06.644,1.96245,1.9637,4.40,1.20
2009.03.10 21:02:06.754,1.9625,1.96375,2.00,1.20
2009.03.10 21:02:11.493,1.9621,1.96355,2.00,1.20
2009.03.10 21:02:22.970,1.96235,1.96355,4.40,1.00
2009.03.10 21:02:23.310,1.96235,1.96355,2.40,1.20
2009.03.10 21:02:25.259,1.9624,1.96355,2.40,1.20
2009.03.10 21:02:25.599,1.9624,1.9636,2.40,1.20
2009.03.10 21:02:33.427,1.9624,1.9636,2.40,1.20
2009.03.10 21:02:39.666,1.96235,1.96345,2.00,1.00
2009.03.10 21:02:39.876,1.9616,1.96255,2.80,1.20
2009.03.10 21:02:40.636,1.9616,1.96235,2.80,1.20
2009.03.10 21:02:40.935,1.96175,1.9622,2.80,1.20
2009.03.10 21:02:45.274,1.96175,1.96215,2.80,1.20
2009.03.10 21:02:48.643,1.96175,1.962,2.80,1.00
2009.03.10 21:02:48.923,1.9607,1.962,2.00,1.00
2009.03.10 21:02:49.144,1.9603,1.9613,2.80,1.20
2009.03.10 21:02:50.253,1.9605,1.96135,2.80,1.20
2009.03.10 21:02:50.373,1.9605,1.96125,2.80,1.20
2009.03.10 21:02:51.343,1.9611,1.96265,2.00,1.20
2009.03.10 21:02:51.643,1.9616,1.96315,2.40,1.20
2009.03.10 21:02:52.613,1.9617,1.96295,2.40,1.20
2009.03.10 21:02:52.833,1.96185,1.9631,4.40,1.20
2009.03.10 21:02:53.282,1.962,1.96325,4.40,1.20
2009.03.10 21:02:54.312,1.96195,1.96315,2.40,1.20
2009.03.10 21:02:54.582,1.9619,1.96315,4.40,1.20
2009.03.10 21:02:55.782,1.96195,1.96315,2.40,1.20
2009.03.10 21:02:56.002,1.96205,1.9633,2.00,1.20
2009.03.10 21:02:57.081,1.96065,1.9623,2.00,1.20
2009.03.10 21:03:00.441,1.9618,1.9621,2.40,1.20
2009.03.10 21:03:00.671,1.96195,1.9636,2.00,1.20
2009.03.10 21:03:01.180,1.96185,1.9635,2.00,1.20
2009.03.10 21:03:02.610,1.9622,1.96345,2.00,1.20
2009.03.10 21:03:10.958,1.9622,1.96345,2.00,1.20
2009.03.10 21:03:11.348,1.962,1.9633,2.00,1.20
2009.03.10 21:03:11.588,1.96205,1.9634,2.00,1.20
2009.03.10 21:03:13.667,1.96225,1.9633,2.40,1.20
2009.03.10 21:03:13.897,1.96225,1.96345,2.40,1.20
2009.03.10 21:03:14.237,1.9622,1.96345,2.00,1.20
2009.03.10 21:03:14.467,1.96205,1.9633,2.00,1.20
2009.03.10 21:03:14.887,1.96145,1.963,2.00,1.20
2009.03.10 21:03:17.016,1.96175,1.963,2.00,1.20
2009.03.10 21:03:46.969,1.9619,1.96315,2.00,1.20
2009.03.10 21:03:49.329,1.96185,1.9631,2.00,1.20
2009.03.10 21:03:49.799,1.96175,1.963,2.00,1.20
2009.03.10 21:04:31.739,1.9619,1.96315,2.00,1.20
2009.03.10 21:04:46.825,1.9619,1.96295,2.00,1.00
2009.03.10 21:04:47.105,1.96155,1.96295,2.40,1.20
2009.03.10 21:04:50.394,1.9616,1.9628,2.00,1.00
2009.03.10 21:04:50.734,1.96145,1.9627,2.00,1.20
2009.03.10 21:05:03.621,1.96145,1.9627,2.00,1.20
2009.03.10 21:05:03.851,1.9614,1.96265,2.00,1.20
2009.03.10 21:05:14.309,1.9614,1.96225,2.00,1.00
2009.03.10 21:05:14.428,1.96095,1.96225,3.20,1.00
2009.03.10 21:05:18.377,1.96165,1.9629,2.40,1.20
2009.03.10 21:05:22.007,1.9617,1.9628,2.00,1.00
2009.03.10 21:05:22.126,1.9617,1.96285,2.00,1.00
2009.03.10 21:05:23.756,1.9617,1.96265,2.00,1.00
2009.03.10 21:05:23.986,1.9615,1.96265,1.00,1.00
2009.03.10 21:05:35.003,1.9615,1.96255,1.00,1.20
2009.03.10 21:05:35.063,1.9615,1.9624,1.00,1.00
2009.03.10 21:05:35.243,1.9614,1.9624,2.00,1.00
2009.03.10 21:05:35.353,1.96135,1.9624,3.20,1.00
2009.03.10 21:05:40.782,1.9615,1.96255,1.00,1.20
2009.03.10 21:05:47.730,1.9615,1.9624,1.00,1.00
2009.03.10 21:05:48.350,1.9611,1.9624,3.20,1.20
2009.03.10 21:05:48.690,1.9611,1.96225,3.20,1.00
2009.03.10 21:05:49.330,1.96125,1.9623,2.40,1.20
2009.03.10 21:05:49.620,1.96135,1.9624,2.40,1.00
2009.03.10 21:05:49.740,1.9614,1.9625,2.40,1.20
2009.03.10 21:05:49.919,1.9616,1.9631,2.00,1.20
2009.03.10 21:05:54.288,1.96185,1.963,2.00,1.00
2009.03.10 21:05:54.579,1.96255,1.963,2.00,1.00
2009.03.10 21:06:03.336,1.96275,1.9628,2.00,1.00
2009.03.10 21:06:03.687,1.9612,1.96275,2.00,1.20
2009.03.10 21:06:07.295,1.9615,1.96265,2.40,1.20
2009.03.10 21:06:07.475,1.9615,1.9627,2.40,1.20
2009.03.10 21:06:14.634,1.96145,1.96255,2.00,1.00
2009.03.10 21:06:15.164,1.9613,1.96255,2.40,1.20
2009.03.10 21:06:16.123,1.96135,1.96245,2.40,1.20
2009.03.10 21:06:16.743,1.9614,1.96265,2.00,1.20
2009.03.10 21:06:19.013,1.9614,1.96265,2.00,1.80
2009.03.10 21:06:27.650,1.9614,1.96265,2.00,1.20
2009.03.10 21:06:45.857,1.9616,1.96275,2.40,1.20
2009.03.10 21:07:01.732,1.96155,1.9627,2.00,1.00
2009.03.10 21:07:01.952,1.9615,1.9627,2.40,1.20
2009.03.10 21:07:21.597,1.96145,1.9627,2.00,1.20
2009.03.10 21:07:21.947,1.9614,1.96265,2.00,1.20
2009.03.10 21:07:26.376,1.9614,1.9624,2.00,1.00
2009.03.10 21:07:26.646,1.9612,1.9624,2.40,1.00
2009.03.10 21:08:02.238,1.9612,1.9621,2.40,1.00
2009.03.10 21:08:31.961,1.9612,1.9621,3.20,1.00
2009.03.10 21:08:33.070,1.96135,1.96225,2.40,1.00
2009.03.10 21:08:37.409,1.9615,1.9624,2.40,1.20
2009.03.10 21:08:37.699,1.9615,1.9624,2.40,1.00
2009.03.10 21:08:37.749,1.96135,1.96225,2.40,1.00
2009.03.10 21:08:39.039,1.9616,1.9623,2.40,1.20
2009.03.10 21:08:39.208,1.9616,1.96245,2.40,1.00
2009.03.10 21:08:53.745,1.96165,1.96245,2.40,1.00
2009.03.10 21:08:53.965,1.96175,1.96245,2.00,1.00
2009.03.10 21:08:54.915,1.9616,1.96245,2.00,1.00
2009.03.10 21:09:05.403,1.96155,1.96245,2.00,1.00
2009.03.10 21:09:21.398,1.9616,1.96245,2.00,1.00
2009.03.10 21:09:21.738,1.9617,1.96245,2.00,1.00
2009.03.10 21:09:28.737,1.96185,1.96245,2.00,1.00
2009.03.10 21:09:29.037,1.96255,1.9633,2.00,1.60
2009.03.10 21:09:31.846,1.96275,1.9635,2.00,1.00
2009.03.10 21:09:33.287,1.96275,1.96345,2.00,1.00
2009.03.10 21:09:33.625,1.96165,1.9632,2.00,1.20
2009.03.10 21:09:37.265,1.9618,1.96305,2.00,1.20
2009.03.10 21:09:45.183,1.9621,1.96305,2.40,1.20
2009.03.10 21:09:45.583,1.9621,1.96365,4.40,1.20
2009.03.10 21:09:46.103,1.96215,1.9637,2.00,1.20
2009.03.10 21:09:51.251,1.9623,1.96325,2.00,1.00
2009.03.10 21:09:51.421,1.9623,1.9629,2.00,1.20
2009.03.10 21:09:51.522,1.9623,1.96255,2.00,1.00
2009.03.10 21:09:51.631,1.96115,1.96255,2.40,1.00
2009.03.10 21:09:53.441,1.96135,1.9625,2.40,1.20
2009.03.10 21:09:53.731,1.9614,1.96265,2.00,1.20
2009.03.10 21:09:55.400,1.9614,1.96265,4.40,1.20
2009.03.10 21:09:55.680,1.9617,1.96325,2.00,1.20
2009.03.10 21:09:59.899,1.962,1.96325,2.00,1.20
2009.03.10 21:10:00.069,1.9626,1.96405,2.00,1.00
2009.03.10 21:10:05.328,1.96305,1.9646,2.00,1.20
2009.03.10 21:10:08.097,1.9632,1.9635,2.00,1.00
2009.03.10 21:10:08.387,1.96205,1.9635,2.40,1.00
2009.03.10 21:10:12.116,1.96225,1.9631,2.40,1.00
2009.03.10 21:10:12.286,1.96215,1.96255,2.00,1.00
2009.03.10 21:10:12.447,1.96115,1.96255,2.40,1.00
2009.03.10 21:10:13.906,1.9614,1.96245,2.40,1.00
2009.03.10 21:10:23.454,1.96125,1.96245,2.00,1.00
2009.03.10 21:10:23.743,1.96135,1.9625,2.40,1.20
2009.03.10 21:10:26.953,1.96125,1.96245,4.40,1.00
2009.03.10 21:10:27.113,1.96115,1.9624,2.00,1.20
2009.03.10 21:10:27.223,1.96135,1.9623,2.40,1.20
2009.03.10 21:10:27.572,1.96135,1.9625,2.40,1.20
2009.03.10 21:10:30.922,1.96125,1.96245,2.00,1.00
2009.03.10 21:10:31.501,1.9611,1.9623,4.40,1.20
2009.03.10 21:10:33.391,1.9613,1.96245,2.40,1.00
2009.03.10 21:10:38.880,1.9614,1.9623,2.40,1.00
2009.03.10 21:10:39.679,1.9616,1.9624,2.40,1.20
2009.03.10 21:10:40.030,1.9616,1.96255,2.40,1.00
2009.03.10 21:10:44.998,1.9618,1.96265,2.40,1.20
2009.03.10 21:10:45.478,1.9618,1.96265,2.40,1.00
2009.03.10 21:10:53.296,1.96175,1.9626,2.40,1.00
2009.03.10 21:10:58.945,1.96155,1.96245,2.40,1.00
2009.03.10 21:11:08.333,1.9617,1.96255,2.40,1.20
2009.03.10 21:11:08.512,1.9617,1.9626,2.40,1.00
2009.03.10 21:11:16.411,1.9617,1.9627,2.40,1.20
2009.03.10 21:11:16.870,1.9617,1.96275,2.40,1.00
2009.03.10 21:11:18.030,1.9617,1.9626,2.40,1.00
2009.03.10 21:11:24.489,1.96165,1.96255,2.40,1.00
2009.03.10 21:11:33.267,1.9616,1.96255,2.40,1.00
2009.03.10 21:11:34.766,1.9614,1.9624,4.40,1.00
2009.03.10 21:11:34.996,1.9614,1.9624,2.40,1.00
2009.03.10 21:11:35.676,1.9614,1.9625,2.40,1.20
2009.03.10 21:11:36.126,1.9614,1.9625,2.40,1.20
2009.03.10 21:11:36.356,1.9616,1.96265,2.40,1.20
2009.03.10 21:11:37.985,1.9617,1.96265,2.40,1.20
2009.03.10 21:11:38.215,1.96185,1.9628,2.40,1.20
2009.03.10 21:11:38.496,1.96185,1.96275,2.40,1.20
2009.03.10 21:11:38.555,1.96255,1.96315,2.00,1.00
2009.03.10 21:11:38.675,1.96255,1.96315,2.00,1.60
2009.03.10 21:11:39.255,1.96255,1.96315,2.00,1.20
2009.03.10 21:11:45.783,1.96295,1.96435,2.00,1.60
2009.03.10 21:11:45.843,1.96295,1.9645,2.00,1.20
2009.03.10 21:11:46.363,1.96295,1.96405,2.00,1.00
2009.03.10 21:11:46.414,1.96295,1.96395,2.00,1.00
2009.03.10 21:11:46.653,1.96295,1.96335,2.00,1.00
2009.03.10 21:11:46.883,1.9619,1.96315,2.40,1.00
2009.03.10 21:11:47.734,1.9623,1.96315,2.80,1.00
2009.03.10 21:11:47.843,1.9623,1.96325,2.80,1.20
2009.03.10 21:11:47.953,1.9629,1.9645,2.00,1.20
2009.03.10 21:11:50.122,1.96305,1.9641,2.00,1.00
2009.03.10 21:11:50.282,1.96305,1.96345,2.00,1.00
2009.03.10 21:11:50.452,1.96205,1.96345,2.40,1.00
2009.03.10 21:11:54.251,1.9621,1.96315,2.40,1.20
2009.03.10 21:11:54.602,1.96225,1.9633,2.40,1.20
2009.03.10 21:11:57.391,1.9624,1.9633,2.40,1.20
2009.03.10 21:11:57.551,1.9624,1.96345,2.40,1.00
2009.03.10 21:11:59.531,1.9623,1.9633,2.00,1.00
2009.03.10 21:11:59.810,1.96225,1.9633,2.40,1.00
2009.03.10 21:12:03.739,1.9631,1.96415,2.00,1.20
2009.03.10 21:12:03.969,1.9622,1.96375,2.00,1.20
2009.03.10 21:12:04.559,1.9621,1.96345,2.40,1.00
2009.03.10 21:12:10.158,1.9622,1.96315,2.00,1.00
2009.03.10 21:12:10.388,1.9621,1.96315,2.40,1.00
2009.03.10 21:12:17.156,1.9621,1.96315,2.40,1.20
2009.03.10 21:12:19.875,1.9619,1.963,2.00,1.00
2009.03.10 21:12:20.215,1.96155,1.96285,2.40,1.20
2009.03.10 21:12:20.955,1.96195,1.96285,2.40,1.20
2009.03.10 21:12:21.075,1.96195,1.96325,2.40,1.20
2009.03.10 21:12:35.052,1.96225,1.96325,2.40,1.20
2009.03.10 21:12:35.162,1.96225,1.96315,2.40,1.20
2009.03.10 21:12:35.332,1.96225,1.9635,2.40,1.20
2009.03.10 21:12:35.501,1.9623,1.96365,2.00,1.20
2009.03.10 21:12:50.048,1.9623,1.96345,2.00,1.00
2009.03.10 21:12:50.408,1.96225,1.96345,2.40,1.20
2009.03.10 21:13:07.704,1.9622,1.96335,4.40,1.00
2009.03.10 21:13:08.264,1.9622,1.96335,2.40,1.00
2009.03.10 21:13:08.604,1.96215,1.9632,2.00,1.00
2009.03.10 21:13:08.774,1.96205,1.9632,2.00,1.00
2009.03.10 21:13:09.454,1.962,1.9632,4.40,1.20
2009.03.10 21:13:09.793,1.962,1.9632,2.40,1.20
2009.03.10 21:13:10.083,1.9621,1.9632,2.40,1.20
2009.03.10 21:13:10.143,1.9621,1.9633,2.40,1.20
2009.03.10 21:13:16.022,1.96205,1.96325,2.00,1.00
2009.03.10 21:13:16.372,1.962,1.9632,2.00,1.20
2009.03.10 21:13:16.892,1.962,1.96305,2.00,1.00
2009.03.10 21:13:17.271,1.96185,1.96305,4.40,1.20
2009.03.10 21:13:20.711,1.962,1.9632,2.00,1.20
2009.03.10 21:13:21.300,1.96205,1.9633,2.00,1.20
2009.03.10 21:13:25.579,1.9623,1.9637,2.40,1.20
2009.03.10 21:13:29.968,1.9627,1.9636,2.40,1.20
2009.03.10 21:13:30.299,1.9633,1.96485,2.00,1.20
2009.03.10 21:13:30.758,1.96335,1.96495,2.00,1.20
2009.03.10 21:13:32.838,1.96345,1.96465,2.00,1.20
2009.03.10 21:13:34.017,1.96305,1.96445,2.00,1.20
2009.03.10 21:13:35.278,1.9628,1.96415,2.00,1.20
2009.03.10 21:13:36.257,1.9627,1.96405,2.00,1.20
2009.03.10 21:14:01.222,1.9628,1.96405,2.00,1.20
2009.03.10 21:14:01.451,1.9626,1.9639,4.40,1.20
2009.03.10 21:14:02.270,1.9626,1.96385,2.00,1.00
2009.03.10 21:14:02.451,1.96255,1.96385,2.40,1.20
2009.03.10 21:14:03.540,1.9625,1.9636,2.00,1.00
2009.03.10 21:14:03.830,1.9624,1.9636,2.40,1.20
2009.03.10 21:14:07.559,1.96235,1.96345,2.00,1.00
2009.03.10 21:14:07.799,1.96195,1.9633,2.00,1.20
2009.03.10 21:14:16.537,1.96165,1.9627,2.40,1.00
2009.03.10 21:14:20.926,1.96155,1.96265,2.00,1.00
2009.03.10 21:14:21.486,1.96145,1.96265,2.00,1.00
2009.03.10 21:14:21.996,1.9614,1.96265,2.00,1.20
2009.03.10 21:14:30.224,1.9614,1.96265,2.00,1.20
2009.03.10 21:14:30.394,1.96155,1.9628,2.80,1.20
2009.03.10 21:14:30.774,1.96215,1.9637,2.00,1.20
2009.03.10 21:14:38.522,1.9623,1.96315,2.00,1.00
2009.03.10 21:14:38.642,1.96155,1.9631,2.00,1.20
2009.03.10 21:14:39.682,1.9617,1.9627,2.00,1.00
2009.03.10 21:14:40.272,1.96165,1.9627,2.40,1.00
2009.03.10 21:14:40.511,1.9617,1.96275,2.40,1.00
2009.03.10 21:14:41.891,1.9618,1.9627,2.40,1.00
2009.03.10 21:14:42.061,1.9618,1.96275,2.40,1.20
2009.03.10 21:14:42.231,1.9618,1.9629,2.40,1.20
2009.03.10 21:14:42.751,1.9618,1.963,2.40,1.20
2009.03.10 21:14:42.981,1.96175,1.9624,2.00,1.00
2009.03.10 21:14:43.271,1.9609,1.9624,2.40,1.20
2009.03.10 21:14:53.498,1.9612,1.96225,2.40,1.20
2009.03.10 21:14:53.828,1.96125,1.9624,2.40,1.20
2009.03.10 21:14:54.288,1.96145,1.9628,2.00,1.20
2009.03.10 21:14:54.528,1.96155,1.96285,2.00,1.20
2009.03.10 21:15:00.976,1.96155,1.96275,2.00,2.40
2009.03.10 21:15:01.256,1.96145,1.9626,2.00,1.00
2009.03.10 21:15:01.666,1.9611,1.96245,2.00,1.20
2009.03.10 21:15:04.536,1.9613,1.96245,2.40,1.20
2009.03.10 21:15:04.775,1.96135,1.9626,2.00,1.20
2009.03.10 21:15:05.425,1.9612,1.96245,2.00,1.20
2009.03.10 21:15:07.615,1.9612,1.96245,4.40,1.20
2009.03.10 21:15:08.184,1.9613,1.9623,2.00,1.00
2009.03.10 21:15:08.865,1.96075,1.96215,2.00,1.20
2009.03.10 21:15:11.504,1.96125,1.96215,2.40,1.20
2009.03.10 21:15:11.684,1.96125,1.9623,2.40,1.00
2009.03.10 21:15:17.593,1.96155,1.96245,2.40,1.00
2009.03.10 21:15:17.882,1.96145,1.96235,2.40,1.00
2009.03.10 21:15:18.722,1.96155,1.96245,2.40,1.00
2009.03.10 21:15:20.722,1.96145,1.96235,2.40,1.00
2009.03.10 21:15:22.561,1.9613,1.9622,2.40,1.00
2009.03.10 21:15:22.911,1.9614,1.9623,2.40,1.00
2009.03.10 21:15:24.391,1.9613,1.9622,2.40,1.00
2009.03.10 21:15:26.340,1.96125,1.96215,2.40,1.00
2009.03.10 21:15:27.160,1.96115,1.96205,2.40,1.00
2009.03.10 21:15:34.629,1.9613,1.96225,2.40,1.20
2009.03.10 21:15:34.798,1.9613,1.9623,2.40,1.00
2009.03.10 21:15:36.168,1.9612,1.9622,2.00,1.00
2009.03.10 21:15:36.618,1.9612,1.9621,2.00,1.00
2009.03.10 21:15:36.918,1.96115,1.96205,2.40,1.00
2009.03.10 21:15:45.456,1.96125,1.96215,2.40,1.00
2009.03.10 21:15:48.675,1.96115,1.96205,2.40,1.00
2009.03.10 21:15:56.073,1.96125,1.96215,2.40,1.00
2009.03.10 21:16:17.218,1.96125,1.96205,1.00,1.00
2009.03.10 21:16:17.518,1.96115,1.96205,2.40,1.00
2009.03.10 21:16:23.306,1.9611,1.962,4.40,1.00
2009.03.10 21:16:30.445,1.9611,1.962,2.40,1.00
2009.03.10 21:16:44.081,1.96125,1.96215,2.40,1.00
2009.03.10 21:16:52.999,1.9613,1.9622,2.40,1.00
2009.03.10 21:16:53.229,1.96135,1.9623,2.40,1.20
2009.03.10 21:16:53.569,1.96135,1.9623,2.40,1.00
2009.03.10 21:17:17.553,1.9612,1.96225,3.20,1.00
2009.03.10 21:17:17.613,1.9612,1.96225,2.40,1.00
2009.03.10 21:17:38.458,1.96135,1.9623,2.40,1.20
2009.03.10 21:17:38.748,1.96135,1.9623,2.40,1.00
2009.03.10 21:18:08.531,1.9613,1.9622,2.40,1.00
2009.03.10 21:18:39.354,1.96145,1.9624,2.40,1.60
2009.03.10 21:18:39.413,1.9615,1.96255,2.40,1.00
2009.03.10 21:18:39.873,1.96155,1.9626,2.40,1.20
2009.03.10 21:18:40.153,1.96155,1.96275,2.40,1.20
2009.03.10 21:18:40.444,1.96165,1.9628,2.40,1.20
2009.03.10 21:18:40.563,1.96165,1.96285,2.40,1.20
2009.03.10 21:18:42.793,1.96165,1.96285,4.40,1.20
2009.03.10 21:18:43.813,1.96165,1.9629,4.40,1.20
2009.03.10 21:18:44.912,1.9617,1.9629,2.00,1.20
2009.03.10 21:18:45.502,1.9617,1.9629,2.00,2.60
2009.03.10 21:18:45.672,1.9617,1.96285,2.00,1.00
2009.03.10 21:18:45.852,1.96165,1.9628,2.40,1.00
2009.03.10 21:18:46.852,1.9616,1.9628,2.00,1.00
2009.03.10 21:18:47.142,1.9612,1.96265,2.00,1.20
2009.03.10 21:18:47.382,1.9612,1.9622,2.00,1.00
2009.03.10 21:18:47.732,1.9607,1.9622,5.20,1.00
2009.03.10 21:18:53.350,1.96085,1.9619,2.80,1.00
2009.03.10 21:18:53.650,1.9609,1.9619,1.60,1.00
2009.03.10 21:18:53.700,1.9607,1.9619,4.40,1.00
2009.03.10 21:18:53.990,1.96075,1.96195,2.40,1.20
2009.03.10 21:18:54.220,1.96085,1.9621,4.40,1.20
2009.03.10 21:18:54.570,1.96185,1.9625,2.00,6.40
2009.03.10 21:18:54.790,1.96185,1.9632,2.00,1.00
2009.03.10 21:18:55.310,1.9618,1.9632,2.00,1.00
2009.03.10 21:18:57.259,1.962,1.9629,2.00,4.80
2009.03.10 21:18:57.480,1.9612,1.9627,2.00,1.20
2009.03.10 21:19:05.077,1.9614,1.9626,2.40,1.20
2009.03.10 21:19:05.307,1.96155,1.963,2.00,1.20
2009.03.10 21:19:08.267,1.96165,1.9629,2.00,7.40
2009.03.10 21:19:08.427,1.96125,1.9627,2.00,1.20
2009.03.10 21:19:17.154,1.9613,1.96255,2.00,1.20
2009.03.10 21:19:33.021,1.96075,1.96195,2.40,1.20
2009.03.10 21:19:33.380,1.96075,1.962,4.40,1.20
2009.03.10 21:19:38.279,1.9609,1.962,2.40,1.20
2009.03.10 21:19:38.459,1.9609,1.96205,2.40,1.00
2009.03.10 21:19:45.217,1.96075,1.962,4.40,1.20
2009.03.10 21:19:46.217,1.9609,1.96215,2.00,1.20
2009.03.10 21:19:46.387,1.96105,1.96215,6.40,1.20
2009.03.10 21:19:46.557,1.96125,1.96275,2.00,1.20
2009.03.10 21:19:53.186,1.9612,1.96245,2.00,1.20
2009.03.10 21:19:53.306,1.96135,1.9626,2.00,1.20
2009.03.10 21:19:53.416,1.96145,1.9627,2.00,1.20
2009.03.10 21:19:53.825,1.96135,1.9626,2.00,1.20
2009.03.10 21:19:55.035,1.9612,1.96245,2.00,1.20
2009.03.10 21:20:03.763,1.96105,1.9623,2.00,1.20
2009.03.10 21:20:25.668,1.9611,1.9623,2.40,1.20
2009.03.10 21:20:25.998,1.9612,1.96245,2.00,1.20
2009.03.10 21:20:26.708,1.9614,1.9626,2.40,2.80
2009.03.10 21:20:38.035,1.9615,1.9626,2.40,1.20
2009.03.10 21:20:38.315,1.9615,1.96265,2.40,1.00
2009.03.10 21:20:38.615,1.96145,1.96265,2.00,1.00
2009.03.10 21:20:39.015,1.96135,1.9626,4.40,1.20
2009.03.10 21:20:41.064,1.9615,1.96275,2.00,1.20
2009.03.10 21:20:47.692,1.96145,1.9627,2.00,1.20
2009.03.10 21:20:48.372,1.96145,1.9625,2.00,1.00
2009.03.10 21:20:48.602,1.9613,1.9625,4.40,1.00
2009.03.10 21:20:59.750,1.9613,1.9622,2.00,1.00
2009.03.10 21:20:59.920,1.96115,1.9622,2.40,1.00
2009.03.10 21:21:17.575,1.96135,1.9625,2.40,1.00
2009.03.10 21:21:20.095,1.9613,1.96245,2.00,1.00
2009.03.10 21:21:20.315,1.96125,1.96245,2.40,1.20
2009.03.10 21:21:22.174,1.96135,1.96245,2.40,1.20
2009.03.10 21:21:22.534,1.96135,1.9625,2.40,1.00
2009.03.10 21:21:23.354,1.9613,1.9625,2.00,1.00
2009.03.10 21:21:23.464,1.9612,1.96245,4.40,1.20
2009.03.10 21:21:35.581,1.9612,1.96235,4.40,1.00
2009.03.10 21:21:35.751,1.9612,1.96235,2.40,1.20
2009.03.10 21:21:43.309,1.9614,1.96235,2.40,1.20
2009.03.10 21:21:43.539,1.9614,1.96255,2.40,1.20
2009.03.10 21:21:43.769,1.9614,1.9626,2.40,1.20
2009.03.10 21:21:53.187,1.9615,1.9627,2.40,1.20
2009.03.10 21:21:57.216,1.9615,1.96265,2.40,1.20
2009.03.10 21:22:00.635,1.96145,1.96265,2.00,1.20
2009.03.10 21:22:00.695,1.9613,1.96255,2.00,1.20
2009.03.10 21:22:00.915,1.96125,1.9625,2.00,1.20
2009.03.10 21:22:09.163,1.96115,1.9624,2.00,1.20
2009.03.10 21:22:09.733,1.96115,1.96235,2.00,1.20
2009.03.10 21:22:27.588,1.9612,1.96235,2.40,1.20
2009.03.10 21:22:27.768,1.9612,1.96245,4.40,1.20
2009.03.10 21:22:39.586,1.9612,1.9624,4.40,1.00
2009.03.10 21:22:40.056,1.9612,1.96235,2.40,1.20
2009.03.10 21:22:40.345,1.9613,1.96245,2.40,1.20
2009.03.10 21:22:52.432,1.9612,1.9624,4.40,1.00
2009.03.10 21:22:52.772,1.9612,1.96235,2.40,1.20
2009.03.10 21:23:17.036,1.9613,1.96235,2.40,1.20
2009.03.10 21:23:17.157,1.9613,1.96245,2.40,1.20
2009.03.10 21:23:17.446,1.9612,1.9624,4.40,1.00
2009.03.10 21:23:17.606,1.9612,1.96235,2.40,1.20
2009.03.10 21:23:20.306,1.96115,1.96235,2.00,1.20
2009.03.10 21:23:20.475,1.96075,1.96215,2.00,1.20
2009.03.10 21:24:31.328,1.96075,1.962,2.00,1.20
2009.03.10 21:25:05.180,1.9609,1.96215,2.00,1.20
2009.03.10 21:25:33.583,1.96095,1.96215,2.00,1.20
2009.03.10 21:25:39.772,1.9609,1.96215,2.00,1.20
2009.03.10 21:25:40.212,1.961,1.9622,2.00,1.20
2009.03.10 21:25:41.221,1.96105,1.9623,2.00,1.20
2009.03.10 21:25:42.091,1.96205,1.9623,1.00,1.20
2009.03.10 21:25:42.321,1.9624,1.9638,1.20,4.40
2009.03.10 21:25:42.491,1.9626,1.9637,2.40,1.20
2009.03.10 21:25:42.781,1.9626,1.96415,2.40,1.20
2009.03.10 21:25:46.550,1.9627,1.96385,2.00,1.00
2009.03.10 21:25:46.840,1.9626,1.96385,2.00,1.20
2009.03.10 21:25:46.900,1.96225,1.96285,1.60,1.20
2009.03.10 21:25:46.950,1.9612,1.96285,5.00,1.20
2009.03.10 21:25:47.220,1.96125,1.96285,2.80,1.20
2009.03.10 21:25:52.679,1.9616,1.96285,2.00,1.20
2009.03.10 21:26:00.327,1.96265,1.9641,2.00,1.20
2009.03.10 21:26:08.185,1.9627,1.96395,2.00,1.20
2009.03.10 21:26:31.800,1.96265,1.9639,2.00,1.20
2009.03.10 21:26:54.265,1.9628,1.96405,2.00,1.20
2009.03.10 21:26:54.564,1.9627,1.96395,2.00,1.20
2009.03.10 21:27:20.858,1.9628,1.96405,2.00,1.20
2009.03.10 21:27:21.367,1.9628,1.96405,3.60,1.20
2009.03.10 21:27:21.488,1.9628,1.96405,8.40,1.20
2009.03.10 21:27:21.767,1.963,1.96405,4.80,1.20
2009.03.10 21:27:21.887,1.963,1.96405,6.40,1.20
2009.03.10 21:27:22.187,1.96305,1.96405,4.80,1.20
2009.03.10 21:27:22.307,1.96305,1.96405,6.40,1.20
2009.03.10 21:27:23.747,1.96325,1.96465,2.00,1.20
2009.03.10 21:27:34.644,1.96305,1.96425,2.00,1.20
2009.03.10 21:27:34.694,1.96295,1.9642,2.00,1.20
2009.03.10 21:27:44.022,1.96325,1.9645,2.00,1.20
2009.03.10 21:27:51.450,1.9634,1.96465,2.00,1.20
2009.03.10 21:27:51.570,1.96345,1.96465,2.00,1.20
2009.03.10 21:27:52.670,1.9635,1.9647,2.00,1.20
2009.03.10 21:27:55.019,1.9635,1.96475,2.00,1.20
2009.03.10 21:28:09.216,1.9635,1.96465,2.00,1.00
2009.03.10 21:28:09.386,1.96315,1.9645,2.00,1.20
2009.03.10 21:28:15.894,1.96335,1.9646,2.00,1.20
2009.03.10 21:28:59.773,1.9634,1.96465,2.00,1.20
2009.03.10 21:29:17.269,1.9634,1.9645,2.00,1.00
2009.03.10 21:29:17.509,1.96335,1.9645,2.00,1.00
2009.03.10 21:29:23.718,1.96335,1.9646,2.00,1.20
2009.03.10 21:29:31.966,1.9634,1.96465,2.00,1.20
2009.03.10 21:29:53.081,1.9634,1.96465,2.00,1.20
2009.03.10 21:30:21.254,1.9634,1.96445,2.00,1.00
2009.03.10 21:30:21.664,1.96325,1.96445,2.00,1.00
2009.03.10 21:30:22.234,1.96325,1.9643,2.00,1.00
2009.03.10 21:30:22.474,1.9632,1.9643,2.00,1.00
2009.03.10 21:30:31.521,1.96315,1.9643,2.00,1.00
2009.03.10 21:30:36.310,1.9632,1.9643,2.00,1.00
2009.03.10 21:31:03.333,1.96315,1.9643,2.00,1.00
2009.03.10 21:31:20.069,1.9633,1.9643,2.40,1.00
2009.03.10 21:31:20.360,1.9633,1.96445,2.40,1.00
2009.03.10 21:31:21.589,1.96325,1.96445,4.40,1.00
2009.03.10 21:31:21.929,1.96325,1.96445,2.40,1.20
2009.03.10 21:31:22.109,1.96325,1.96445,4.40,1.00
2009.03.10 21:31:27.738,1.9634,1.96445,2.40,1.00
2009.03.10 21:31:33.946,1.96355,1.96445,2.40,1.00
2009.03.10 21:32:19.455,1.96365,1.96455,2.40,1.20
2009.03.10 21:32:20.095,1.9638,1.9647,2.40,1.00
2009.03.10 21:32:20.615,1.9637,1.9646,2.40,1.00
2009.03.10 21:32:51.088,1.9637,1.9646,2.40,1.00
2009.03.10 21:32:54.477,1.96365,1.96455,2.40,1.00
2009.03.10 21:33:07.884,1.96365,1.96425,2.40,1.00
2009.03.10 21:33:50.753,1.9636,1.9641,2.00,1.00
2009.03.10 21:33:50.923,1.96345,1.9641,3.20,1.00
2009.03.10 21:33:51.033,1.96345,1.9641,2.40,1.00
2009.03.10 21:34:19.976,1.96305,1.9641,2.00,1.00
2009.03.10 21:34:44.000,1.96225,1.96325,2.80,1.20
2009.03.10 21:34:44.180,1.96225,1.9633,2.80,1.20
2009.03.10 21:34:44.350,1.96225,1.96245,2.80,1.20
2009.03.10 21:34:44.470,1.9622,1.96245,2.80,1.20
2009.03.10 21:34:44.700,1.9621,1.96245,1.00,1.20
2009.03.10 21:34:44.760,1.9621,1.9623,1.00,1.20
2009.03.10 21:34:44.990,1.9621,1.9623,2.80,1.20
2009.03.10 21:34:46.630,1.96065,1.9621,2.00,1.20
2009.03.10 21:34:46.860,1.9605,1.96195,2.00,1.20
2009.03.10 21:34:48.519,1.96055,1.9618,2.00,1.20
2009.03.10 21:34:49.839,1.9604,1.96165,2.00,1.20
2009.03.10 21:34:49.899,1.9604,1.96165,3.00,1.20
2009.03.10 21:34:50.009,1.961,1.96165,1.60,1.20
2009.03.10 21:34:50.119,1.96095,1.96165,2.40,1.20
2009.03.10 21:34:50.239,1.96115,1.9628,2.00,1.20
2009.03.10 21:34:52.448,1.96145,1.96265,4.40,1.00
2009.03.10 21:35:14.273,1.96135,1.9626,2.00,1.20
2009.03.10 21:35:14.383,1.96135,1.96235,2.00,1.00
2009.03.10 21:35:14.623,1.96135,1.9621,2.00,6.40
2009.03.10 21:35:14.683,1.9602,1.9618,2.00,1.20
2009.03.10 21:35:19.802,1.9604,1.96165,3.60,1.20
2009.03.10 21:35:19.861,1.96065,1.96165,2.80,1.20
2009.03.10 21:35:20.032,1.9609,1.962,2.00,1.60
2009.03.10 21:35:20.092,1.9609,1.96235,2.00,1.20
2009.03.10 21:35:23.451,1.96115,1.9624,2.00,1.20
2009.03.10 21:35:29.149,1.96115,1.96235,2.00,1.20
2009.03.10 21:35:36.948,1.96115,1.9624,2.00,1.20
2009.03.10 21:35:55.683,1.9612,1.9624,2.40,1.20
2009.03.10 21:35:55.853,1.96135,1.9626,2.00,1.20
2009.03.10 21:35:56.203,1.9613,1.96255,2.00,1.20
2009.03.10 21:35:57.622,1.9615,1.96255,2.40,1.20
2009.03.10 21:35:57.853,1.9615,1.96265,2.40,1.20
2009.03.10 21:35:58.032,1.96155,1.96275,2.00,1.20
2009.03.10 21:36:00.822,1.9617,1.9627,2.40,1.00
2009.03.10 21:36:00.992,1.9617,1.9627,2.40,1.20
2009.03.10 21:36:01.212,1.9617,1.9627,2.40,1.00
2009.03.10 21:36:02.161,1.962,1.96285,2.80,1.20
2009.03.10 21:36:02.451,1.9624,1.96395,2.00,1.20
2009.03.10 21:36:08.260,1.96245,1.9637,2.00,1.20
2009.03.10 21:36:10.259,1.96245,1.96345,2.00,3.20
2009.03.10 21:36:10.319,1.96245,1.9631,2.00,1.20
2009.03.10 21:36:10.379,1.96245,1.9627,2.00,1.00
2009.03.10 21:36:10.590,1.96225,1.9627,6.40,1.00
2009.03.10 21:36:10.760,1.96135,1.9627,3.20,1.00
2009.03.10 21:36:12.989,1.96155,1.9624,1.00,1.00
2009.03.10 21:36:13.339,1.96135,1.9624,2.40,1.00
2009.03.10 21:36:31.694,1.9615,1.96255,3.20,1.00
2009.03.10 21:36:34.373,1.9615,1.96265,3.20,1.20
2009.03.10 21:36:34.594,1.9615,1.9627,3.20,1.20
2009.03.10 21:36:37.793,1.96155,1.9623,1.00,1.00
2009.03.10 21:36:38.193,1.96115,1.9623,2.40,1.00
2009.03.10 21:36:39.472,1.96125,1.96215,3.20,1.00
2009.03.10 21:36:39.802,1.9613,1.9621,1.00,1.00
2009.03.10 21:36:39.972,1.9612,1.96225,2.40,1.20
2009.03.10 21:36:40.362,1.9612,1.9624,2.40,1.20
2009.03.10 21:36:40.932,1.9612,1.96245,4.40,1.20
2009.03.10 21:36:42.552,1.9612,1.9624,4.40,1.00
2009.03.10 21:36:42.672,1.9612,1.9624,2.40,1.20
2009.03.10 21:36:48.180,1.96125,1.9624,2.40,1.20
2009.03.10 21:36:48.810,1.96125,1.96245,2.40,1.20
2009.03.10 21:36:52.139,1.9612,1.9622,4.40,1.00
2009.03.10 21:36:52.319,1.9612,1.9622,2.40,1.00
2009.03.10 21:36:52.819,1.9612,1.96235,2.40,1.20
2009.03.10 21:36:52.989,1.9612,1.96245,2.40,1.20
2009.03.10 21:36:53.239,1.96125,1.96245,2.40,1.20
2009.03.10 21:36:56.478,1.9612,1.96245,2.00,1.20
2009.03.10 21:36:56.778,1.9612,1.9624,2.40,1.20
2009.03.10 21:36:57.008,1.9612,1.96225,2.40,1.00
2009.03.10 21:37:01.737,1.9612,1.9623,2.40,1.20
2009.03.10 21:37:02.257,1.9612,1.9624,2.40,1.20
2009.03.10 21:37:03.057,1.96115,1.9624,2.00,1.20
2009.03.10 21:37:03.397,1.96115,1.96235,2.00,1.20
2009.03.10 21:37:04.246,1.9611,1.96235,4.40,1.20
2009.03.10 21:37:05.106,1.9611,1.9621,2.00,1.00
2009.03.10 21:37:05.337,1.96105,1.9621,2.40,1.00
2009.03.10 21:37:16.523,1.9611,1.9622,2.00,1.00
2009.03.10 21:37:16.923,1.9612,1.9622,2.40,1.00
2009.03.10 21:37:20.232,1.9612,1.96225,2.40,1.00
2009.03.10 21:37:23.722,1.9612,1.9621,2.40,1.00
2009.03.10 21:37:28.101,1.9612,1.96225,2.40,1.20
2009.03.10 21:37:28.381,1.9612,1.96225,2.40,1.00
2009.03.10 21:37:29.450,1.96125,1.9623,2.40,1.20
2009.03.10 21:37:30.250,1.9612,1.96215,2.40,1.00
2009.03.10 21:37:38.798,1.96125,1.96225,2.40,1.20
2009.03.10 21:37:38.958,1.96125,1.9623,2.40,1.20
2009.03.10 21:37:44.227,1.9614,1.9623,2.40,1.20
2009.03.10 21:37:44.576,1.9614,1.9623,2.40,1.00
2009.03.10 21:37:55.194,1.9614,1.96235,2.40,1.00
2009.03.10 21:38:25.127,1.96125,1.96215,2.40,1.00
2009.03.10 21:38:38.184,1.96065,1.96185,2.40,1.20
2009.03.10 21:38:40.003,1.9608,1.96185,2.40,1.20
2009.03.10 21:38:40.123,1.9608,1.96195,2.40,1.20
2009.03.10 21:38:41.103,1.9609,1.96195,2.40,1.20
2009.03.10 21:38:41.443,1.9608,1.962,4.40,1.20
2009.03.10 21:38:41.933,1.9608,1.96195,2.40,1.20
2009.03.10 21:38:43.802,1.9609,1.96195,2.40,1.20
2009.03.10 21:38:44.032,1.9609,1.962,2.40,1.20
2009.03.10 21:38:44.152,1.9608,1.9619,2.00,1.00
2009.03.10 21:38:44.322,1.96075,1.9619,2.40,1.00
2009.03.10 21:38:44.672,1.96075,1.96185,2.40,1.20
2009.03.10 21:38:47.611,1.9608,1.96185,2.40,1.20
2009.03.10 21:38:48.191,1.9609,1.96195,2.40,1.20
2009.03.10 21:38:48.371,1.9609,1.962,2.40,1.20
2009.03.10 21:38:48.762,1.9608,1.962,4.40,1.20
2009.03.10 21:38:49.171,1.9608,1.96195,2.40,1.20
2009.03.10 21:38:54.060,1.96075,1.9619,2.40,1.00
2009.03.10 21:38:54.180,1.96075,1.96185,2.40,1.20
2009.03.10 21:39:01.448,1.9608,1.96185,2.40,1.20
2009.03.10 21:39:01.898,1.9608,1.96195,2.40,1.20
2009.03.10 21:39:42.878,1.96085,1.962,2.40,1.20
2009.03.10 21:39:49.506,1.9608,1.962,4.40,1.20
2009.03.10 21:39:49.856,1.9608,1.96195,2.40,1.20
2009.03.10 21:39:57.174,1.9608,1.962,4.40,1.20
2009.03.10 21:40:11.111,1.9608,1.962,2.00,1.20
2009.03.10 21:40:43.794,1.961,1.962,2.40,1.20
2009.03.10 21:40:44.023,1.961,1.96205,2.40,1.00
2009.03.10 21:40:53.191,1.96095,1.96205,2.00,1.00
2009.03.10 21:40:53.541,1.9608,1.962,2.00,1.20
2009.03.10 21:41:09.567,1.961,1.96205,2.40,1.00
2009.03.10 21:41:50.657,1.96105,1.9621,2.40,1.00
2009.03.10 21:42:03.274,1.96105,1.9621,1.60,1.00
2009.03.10 21:42:04.224,1.96105,1.9621,2.40,1.00
2009.03.10 21:42:16.211,1.96065,1.96205,3.20,1.00
2009.03.10 21:42:16.271,1.96065,1.96205,2.40,1.00
2009.03.10 21:42:16.441,1.9607,1.962,2.00,1.20
2009.03.10 21:42:20.240,1.9608,1.9619,2.00,1.00
2009.03.10 21:42:20.350,1.96075,1.9619,2.40,1.00
2009.03.10 21:42:22.909,1.96095,1.96195,2.40,1.20
2009.03.10 21:42:23.089,1.96095,1.96195,2.40,1.00
2009.03.10 21:42:29.668,1.96105,1.9621,2.40,1.20
2009.03.10 21:42:29.938,1.96105,1.9621,2.40,1.00
2009.03.10 21:42:40.845,1.96095,1.96195,2.00,1.00
2009.03.10 21:42:40.965,1.9609,1.96195,2.40,1.00
2009.03.10 21:43:28.973,1.96105,1.9619,2.40,1.00
2009.03.10 21:43:29.314,1.96085,1.96135,2.00,1.00
2009.03.10 21:43:29.653,1.9598,1.96135,2.40,1.20
2009.03.10 21:43:30.123,1.9599,1.9614,2.40,1.20
2009.03.10 21:43:30.523,1.96015,1.96165,2.00,1.20
2009.03.10 21:43:31.213,1.96035,1.96115,2.00,1.00
2009.03.10 21:43:31.612,1.96,1.96115,2.40,1.00
2009.03.10 21:43:37.511,1.96025,1.96155,2.00,6.40
2009.03.10 21:43:37.841,1.96025,1.96145,2.00,1.00
2009.03.10 21:43:38.001,1.96,1.9614,2.40,1.20
2009.03.10 21:43:41.910,1.96015,1.96125,2.40,1.20
2009.03.10 21:43:42.760,1.96015,1.96135,2.40,1.20
2009.03.10 21:43:45.149,1.96025,1.96135,2.40,1.20
2009.03.10 21:43:45.659,1.96025,1.9614,2.40,1.20
2009.03.10 21:43:52.387,1.9602,1.96135,2.00,1.00
2009.03.10 21:43:52.678,1.96015,1.96135,2.40,1.20
2009.03.10 21:44:16.342,1.96015,1.96115,2.40,1.00
2009.03.10 21:44:17.861,1.95995,1.96085,2.00,1.00
2009.03.10 21:44:18.141,1.95985,1.96085,2.40,1.00
2009.03.10 21:44:23.730,1.96,1.9609,2.40,1.20
2009.03.10 21:44:23.900,1.96,1.9609,2.40,1.00
2009.03.10 21:44:24.290,1.96015,1.96105,2.40,1.20
2009.03.10 21:44:24.620,1.95995,1.96085,2.00,1.00
2009.03.10 21:44:24.910,1.9598,1.96085,2.40,1.00
2009.03.10 21:44:29.588,1.96005,1.9609,2.40,1.20
2009.03.10 21:44:29.759,1.95985,1.96075,2.00,1.00
2009.03.10 21:44:30.049,1.95975,1.96075,2.40,1.00
2009.03.10 21:44:30.628,1.9598,1.9607,2.40,1.00
2009.03.10 21:44:31.018,1.9598,1.9607,2.40,1.20
2009.03.10 21:44:31.198,1.9596,1.96055,3.20,1.00
2009.03.10 21:44:31.598,1.9596,1.96055,2.40,1.00
2009.03.10 21:44:31.828,1.95945,1.9604,2.40,1.00
2009.03.10 21:44:33.338,1.9596,1.9605,2.40,1.80
2009.03.10 21:44:33.518,1.9596,1.96055,2.40,1.00
2009.03.10 21:44:34.138,1.95945,1.9604,3.20,1.00
2009.03.10 21:44:34.197,1.95945,1.9604,2.40,1.00
2009.03.10 21:44:36.797,1.9596,1.9605,2.40,1.20
2009.03.10 21:44:36.957,1.9596,1.96055,2.40,1.00
2009.03.10 21:44:38.207,1.9598,1.96065,2.40,1.80
2009.03.10 21:44:38.266,1.9598,1.96065,2.40,1.00
2009.03.10 21:44:41.876,1.9598,1.9607,2.40,1.00
2009.03.10 21:44:44.245,1.96005,1.96115,2.40,1.00
2009.03.10 21:44:44.305,1.96005,1.96115,2.40,1.20
2009.03.10 21:44:44.815,1.96,1.961,2.40,1.00
2009.03.10 21:44:45.275,1.96015,1.9613,2.40,1.80
2009.03.10 21:44:45.635,1.9601,1.9611,4.40,1.00
2009.03.10 21:44:45.965,1.9601,1.9611,2.40,1.00
2009.03.10 21:44:47.624,1.96015,1.9611,2.40,1.20
2009.03.10 21:44:47.924,1.9603,1.9611,2.40,1.20
2009.03.10 21:44:48.094,1.9603,1.96115,2.40,1.00
2009.03.10 21:44:48.324,1.96045,1.96115,2.40,1.00
2009.03.10 21:44:49.974,1.9603,1.96115,2.40,1.00
2009.03.10 21:44:51.193,1.96045,1.96115,2.40,1.00
2009.03.10 21:44:51.663,1.9604,1.96115,2.40,1.00
2009.03.10 21:44:52.053,1.96055,1.96115,2.40,1.00
2009.03.10 21:44:56.882,1.9604,1.96115,2.40,1.00
2009.03.10 21:44:58.412,1.96045,1.96115,2.40,1.00
2009.03.10 21:44:59.162,1.96045,1.96135,2.40,1.00
2009.03.10 21:45:02.480,1.9606,1.9615,2.40,1.20
2009.03.10 21:45:02.710,1.9606,1.9615,2.40,1.00
2009.03.10 21:45:03.470,1.96045,1.96135,2.40,1.00
2009.03.10 21:45:05.120,1.96065,1.9615,2.40,1.20
2009.03.10 21:45:05.290,1.9608,1.9615,1.60,1.20
2009.03.10 21:45:05.400,1.9608,1.9615,6.40,1.20
2009.03.10 21:45:05.642,1.961,1.9616,2.00,1.00
2009.03.10 21:45:06.220,1.96115,1.9616,2.00,1.00
2009.03.10 21:45:09.129,1.96115,1.9626,2.00,1.20
2009.03.10 21:45:25.565,1.96125,1.96245,2.00,1.20
2009.03.10 21:45:26.675,1.96115,1.9624,2.00,1.20
2009.03.10 21:45:47.040,1.96105,1.96255,2.00,1.20
2009.03.10 21:45:55.068,1.9612,1.96255,6.40,1.20
2009.03.10 21:45:55.248,1.9613,1.96275,2.00,1.20
2009.03.10 21:45:57.007,1.9613,1.96275,2.00,1.20
2009.03.10 21:45:57.307,1.9611,1.9626,2.00,1.20
2009.03.10 21:46:06.005,1.9611,1.9626,4.40,1.20
2009.03.10 21:46:06.425,1.9612,1.9627,2.00,1.20
2009.03.10 21:46:08.954,1.96135,1.9627,1.00,1.20
2009.03.10 21:46:09.284,1.9616,1.96285,2.40,1.20
2009.03.10 21:46:09.575,1.9616,1.963,2.40,4.80
2009.03.10 21:46:09.924,1.96155,1.96285,2.40,1.00
2009.03.10 21:46:11.194,1.96165,1.9627,2.40,1.00
2009.03.10 21:46:11.304,1.96165,1.9627,2.40,1.60
2009.03.10 21:46:13.893,1.9617,1.9627,2.40,1.60
2009.03.10 21:46:18.083,1.9617,1.96275,2.40,1.00
2009.03.10 21:46:18.312,1.9617,1.9629,2.40,2.40
2009.03.10 21:46:20.092,1.9617,1.9627,2.40,1.00
2009.03.10 21:46:20.742,1.9617,1.96275,2.40,1.00
2009.03.10 21:46:20.971,1.9617,1.963,2.40,2.40
2009.03.10 21:46:21.542,1.96155,1.963,2.40,2.40
2009.03.10 21:46:21.721,1.96155,1.963,2.40,3.60
2009.03.10 21:46:35.658,1.96155,1.96275,2.40,1.00
2009.03.10 21:46:38.527,1.96155,1.9626,2.40,1.00
2009.03.10 21:46:45.626,1.9615,1.96245,2.40,1.00
2009.03.10 21:46:48.005,1.96155,1.9628,2.40,1.20
2009.03.10 21:46:48.285,1.96155,1.96285,2.40,1.00
2009.03.10 21:46:50.485,1.96155,1.9626,2.40,1.00
2009.03.10 21:46:58.373,1.96155,1.96275,2.40,2.00
2009.03.10 21:46:58.542,1.96155,1.96275,2.40,1.00
2009.03.10 21:47:09.210,1.96155,1.9626,2.40,1.00
2009.03.10 21:47:55.219,1.96155,1.96275,2.40,1.20
2009.03.10 21:47:55.329,1.96155,1.96275,2.40,1.00
2009.03.10 21:47:56.828,1.96155,1.9626,2.40,1.00
2009.03.10 21:48:35.129,1.9612,1.96255,2.80,1.00
2009.03.10 21:48:35.289,1.9612,1.96255,2.00,1.00
2009.03.10 21:48:35.500,1.96115,1.96255,2.40,1.00
2009.03.10 21:48:59.203,1.9611,1.9625,2.00,1.00
2009.03.10 21:48:59.323,1.96095,1.96245,2.00,1.20
2009.03.10 21:48:59.553,1.96095,1.9624,2.00,6.40
2009.03.10 21:48:59.663,1.96075,1.9622,2.00,1.20
2009.03.10 21:49:01.523,1.96065,1.96215,2.00,1.20
2009.03.10 21:49:03.122,1.96085,1.96215,1.00,1.20
2009.03.10 21:49:03.302,1.96115,1.96215,2.40,1.20
2009.03.10 21:49:03.592,1.96115,1.9627,2.40,1.00
2009.03.10 21:49:20.078,1.96125,1.9624,2.40,1.00
2009.03.10 21:49:27.616,1.9611,1.9621,2.40,1.60
2009.03.10 21:49:27.736,1.9611,1.96205,2.40,1.00
2009.03.10 21:49:38.904,1.96105,1.96205,2.40,1.00
2009.03.10 21:49:53.610,1.96105,1.96195,2.40,1.00
2009.03.10 21:49:58.899,1.9612,1.9621,2.40,1.00
2009.03.10 21:49:59.009,1.9612,1.96225,2.40,1.20
2009.03.10 21:50:01.258,1.9612,1.96225,2.40,1.00
2009.03.10 21:50:06.447,1.9614,1.9623,2.40,1.00
2009.03.10 21:50:06.847,1.9614,1.96275,2.40,1.60
2009.03.10 21:50:06.957,1.9614,1.96295,2.40,1.00
2009.03.10 21:50:07.407,1.9614,1.96275,2.40,3.20
2009.03.10 21:50:07.577,1.96145,1.9624,2.00,1.00
2009.03.10 21:50:07.747,1.9611,1.9624,2.40,1.00
2009.03.10 21:50:10.436,1.9612,1.96225,3.20,1.00
2009.03.10 21:50:18.764,1.96135,1.96225,2.40,1.00
2009.03.10 21:50:28.792,1.9614,1.96235,2.40,1.00
2009.03.10 21:50:46.797,1.96135,1.9624,2.40,1.00
2009.03.10 21:50:46.967,1.96135,1.9624,3.20,1.00
2009.03.10 21:51:00.204,1.96155,1.9626,2.40,1.80
2009.03.10 21:51:00.434,1.96155,1.9627,2.40,1.60
2009.03.10 21:51:00.664,1.9615,1.96265,2.40,1.00
2009.03.10 21:51:01.224,1.9614,1.9624,2.40,1.00
2009.03.10 21:51:01.394,1.9614,1.9624,1.00,1.00
2009.03.10 21:51:04.793,1.9614,1.96215,1.00,1.00
2009.03.10 21:51:04.903,1.96105,1.96215,5.20,1.00
2009.03.10 21:51:05.013,1.96105,1.96215,3.20,1.00
2009.03.10 21:51:07.963,1.9612,1.962,1.00,1.00
2009.03.10 21:51:08.242,1.9611,1.962,1.00,1.00
2009.03.10 21:51:11.441,1.961,1.962,1.00,1.00
2009.03.10 21:51:15.010,1.96115,1.962,2.40,1.00
2009.03.10 21:51:16.260,1.96105,1.962,4.00,1.00
2009.03.10 21:51:16.320,1.961,1.962,1.00,1.00
2009.03.10 21:51:31.967,1.96065,1.9618,2.00,1.00
2009.03.10 21:51:32.026,1.96055,1.9618,1.60,1.00
2009.03.10 21:51:32.146,1.9602,1.9618,2.00,1.00
2009.03.10 21:51:38.734,1.9603,1.9617,3.00,1.00
2009.03.10 21:51:38.785,1.96045,1.9617,2.80,1.00
2009.03.10 21:51:38.905,1.9606,1.96175,2.40,1.20
2009.03.10 21:51:39.025,1.9606,1.96185,4.00,1.00
2009.03.10 21:51:39.305,1.96075,1.96185,1.00,1.00
2009.03.10 21:51:50.392,1.96085,1.96175,1.00,1.00
2009.03.10 21:51:50.452,1.9608,1.96175,1.60,1.00
2009.03.10 21:51:50.692,1.96045,1.96175,2.40,1.00
2009.03.10 21:51:52.292,1.9607,1.96175,1.60,1.00
2009.03.10 21:51:52.351,1.9607,1.96175,2.40,1.00
2009.03.10 21:52:03.829,1.9608,1.9621,2.40,1.20
2009.03.10 21:52:04.108,1.9606,1.9621,2.40,1.20
2009.03.10 21:52:04.278,1.96065,1.9622,2.00,1.20
2009.03.10 21:52:04.489,1.9607,1.9623,2.00,7.40
2009.03.10 21:52:04.608,1.96065,1.96195,2.00,1.00
2009.03.10 21:52:05.118,1.96055,1.96195,2.40,1.00
2009.03.10 21:52:11.207,1.9607,1.9619,2.40,1.00
2009.03.10 21:52:37.291,1.9607,1.96185,2.40,1.20
2009.03.10 21:52:37.401,1.96065,1.96165,3.20,1.00
2009.03.10 21:52:38.610,1.96055,1.96145,2.40,1.00
2009.03.10 21:52:48.728,1.96055,1.96185,2.40,1.00
2009.03.10 21:52:50.137,1.96045,1.96155,2.00,1.00
2009.03.10 21:52:50.487,1.9604,1.96155,1.00,1.00
2009.03.10 21:52:53.927,1.9603,1.96145,3.20,1.00
2009.03.10 21:52:54.217,1.96045,1.96145,2.40,1.00
2009.03.10 21:52:59.395,1.9606,1.96145,2.40,1.00
2009.03.10 21:53:00.155,1.9607,1.9616,2.40,1.00
2009.03.10 21:53:00.485,1.96035,1.9614,4.40,1.00
2009.03.10 21:53:00.945,1.96035,1.9614,2.40,1.00
2009.03.10 21:53:20.990,1.96035,1.96125,1.00,1.00
2009.03.10 21:53:31.228,1.96055,1.96165,2.40,1.20
2009.03.10 21:53:31.347,1.96055,1.9617,2.40,1.60
2009.03.10 21:53:31.917,1.9607,1.9618,2.40,1.20
2009.03.10 21:53:50.063,1.96055,1.96155,2.40,1.00
2009.03.10 21:54:01.390,1.96075,1.96165,2.40,1.00
2009.03.10 21:54:01.631,1.96075,1.96185,2.40,1.00
2009.03.10 21:54:11.258,1.961,1.96195,2.40,1.00
2009.03.10 21:54:11.368,1.961,1.962,3.20,1.00
2009.03.10 21:54:34.612,1.961,1.96185,3.20,1.00
2009.03.10 21:54:41.671,1.9609,1.96175,3.20,1.00
2009.03.10 21:54:46.909,1.9609,1.96175,2.40,1.00
2009.03.10 21:54:47.289,1.961,1.96185,2.40,1.00
2009.03.10 21:55:00.846,1.96115,1.962,2.40,1.00
2009.03.10 21:55:58.942,1.9613,1.96215,2.40,1.00
2009.03.10 21:56:07.210,1.96135,1.96225,2.40,1.00
2009.03.10 21:56:16.737,1.9613,1.96215,2.40,1.00
2009.03.10 21:57:13.114,1.9613,1.96215,1.00,1.00
2009.03.10 21:57:13.234,1.96125,1.96215,1.00,1.00
2009.03.10 21:57:14.594,1.9613,1.96215,2.40,1.00
2009.03.10 21:57:36.549,1.9612,1.96205,2.40,1.00
2009.03.10 21:57:46.036,1.96105,1.96195,2.40,1.00
2009.03.10 21:58:15.699,1.96105,1.96185,1.00,1.00
2009.03.10 21:58:15.929,1.96095,1.96185,2.40,1.00
2009.03.10 21:58:17.088,1.96095,1.96185,3.20,1.00
2009.03.10 21:58:17.268,1.96105,1.96195,2.40,1.00
2009.03.10 21:58:17.678,1.96095,1.96185,2.40,1.00
2009.03.10 21:58:18.818,1.96105,1.96195,2.40,1.00
2009.03.10 21:58:18.988,1.96095,1.96185,3.20,1.00
2009.03.10 21:58:19.328,1.96095,1.96185,2.40,1.00
2009.03.10 21:59:00.828,1.96095,1.96225,2.40,1.20
2009.03.10 21:59:01.059,1.96095,1.96225,2.40,1.00
2009.03.10 21:59:08.116,1.96095,1.96195,2.40,1.00
2009.03.10 21:59:52.975,1.96095,1.96225,2.40,1.20
2009.03.10 21:59:53.035,1.96095,1.96225,2.40,1.00
2009.03.10 21:59:54.895,1.96115,1.96215,2.40,1.00
