2012.05.02 05:00:00.420,1.27796,1.27813,1.50,2.33
2012.05.02 05:00:00.968,1.27793,1.27808,1.50,1.73
2012.05.02 05:00:01.096,1.27793,1.27812,2.25,1.35
2012.05.02 05:00:01.227,1.27793,1.27812,2.25,2.10
2012.05.02 05:00:01.777,1.2779,1.27811,1.68,2.25
2012.05.02 05:00:03.218,1.2779,1.27812,2.43,2.25
2012.05.02 05:00:03.287,1.2779,1.27808,2.43,1.50
2012.05.02 05:00:03.548,1.2779,1.27811,2.43,2.25
2012.05.02 05:00:03.857,1.2779,1.27814,3.93,3.23
2012.05.02 05:00:04.107,1.27794,1.27811,1.68,1.50
2012.05.02 05:00:04.666,1.27794,1.27815,1.68,3.23
2012.05.02 05:00:04.998,1.27794,1.27811,1.68,1.50
2012.05.02 05:00:05.128,1.27794,1.27814,1.68,2.25
2012.05.02 05:00:05.313,1.27794,1.27812,1.68,1.50
2012.05.02 05:00:06.178,1.27794,1.2781,1.68,1.50
2012.05.02 05:00:06.487,1.27794,1.27808,1.50,1.50
2012.05.02 05:00:07.269,1.2779,1.2781,1.68,1.50
2012.05.02 05:00:07.458,1.2779,1.27813,1.68,5.48
2012.05.02 05:00:10.650,1.2779,1.27811,1.68,1.50
2012.05.02 05:00:13.105,1.27789,1.27812,2.10,2.25
2012.05.02 05:00:15.917,1.27789,1.27812,1.68,3.24
2012.05.02 05:00:16.051,1.27787,1.27809,3.93,1.46
2012.05.02 05:00:16.370,1.27783,1.27803,1.50,2.48
2012.05.02 05:00:16.858,1.27783,1.27802,1.50,2.48
2012.05.02 05:00:17.169,1.27785,1.27803,3.00,2.48
2012.05.02 05:00:18.596,1.27781,1.27801,1.50,1.50
2012.05.02 05:00:19.089,1.2778,1.27803,1.50,2.48
2012.05.02 05:00:19.217,1.2778,1.27803,1.50,2.48
2012.05.02 05:00:19.406,1.2778,1.27803,1.50,3.23
2012.05.02 05:00:20.937,1.27782,1.27804,1.68,2.25
2012.05.02 05:00:21.466,1.27782,1.27804,1.68,2.25
2012.05.02 05:00:25.586,1.27784,1.27802,1.50,1.50
2012.05.02 05:00:25.718,1.27784,1.27802,1.50,1.50
2012.05.02 05:00:26.226,1.27783,1.27801,1.68,1.50
2012.05.02 05:00:27.141,1.27782,1.27803,2.65,2.25
2012.05.02 05:00:28.029,1.27785,1.27803,2.43,1.50
2012.05.02 05:00:28.585,1.27781,1.27801,3.18,1.73
2012.05.02 05:00:28.886,1.27778,1.27798,2.05,1.50
2012.05.02 05:00:29.419,1.27778,1.27802,3.22,3.23
2012.05.02 05:00:29.956,1.27784,1.27802,2.25,3.23
2012.05.02 05:00:32.467,1.27778,1.27798,1.72,1.50
2012.05.02 05:00:34.548,1.27781,1.27802,1.50,3.00
2012.05.02 05:00:34.812,1.27778,1.27799,1.68,1.50
2012.05.02 05:00:35.276,1.27777,1.27801,3.97,2.25
2012.05.02 05:00:35.418,1.27777,1.27796,1.68,1.50
2012.05.02 05:00:35.608,1.2778,1.27799,1.50,1.50
2012.05.02 05:00:35.858,1.2778,1.27801,1.50,2.48
2012.05.02 05:00:36.119,1.27779,1.27799,1.50,1.73
2012.05.02 05:00:36.738,1.2778,1.27797,3.00,1.73
2012.05.02 05:00:42.926,1.27778,1.27799,3.18,1.73
2012.05.02 05:00:43.502,1.27779,1.27798,1.50,1.73
2012.05.02 05:00:48.406,1.27778,1.27798,1.68,2.48
2012.05.02 05:00:52.337,1.27776,1.27798,1.68,3.23
2012.05.02 05:00:53.188,1.27775,1.27796,2.43,1.50
2012.05.02 05:00:53.762,1.27775,1.27795,2.80,1.50
2012.05.02 05:00:53.861,1.27775,1.27797,2.80,3.98
2012.05.02 05:00:59.497,1.27778,1.27797,3.75,2.48
2012.05.02 05:00:59.750,1.27783,1.27798,1.50,2.25
2012.05.02 05:01:00.000,1.27786,1.27804,1.50,1.50
2012.05.02 05:01:00.130,1.27786,1.27807,1.50,3.00
2012.05.02 05:01:00.432,1.27786,1.27807,1.50,2.25
2012.05.02 05:01:01.127,1.27787,1.27808,1.50,3.00
2012.05.02 05:01:02.509,1.27787,1.27804,1.50,1.73
2012.05.02 05:01:03.821,1.27787,1.27806,1.50,1.50
2012.05.02 05:01:04.363,1.27787,1.27806,1.50,2.25
2012.05.02 05:01:04.888,1.27787,1.27806,1.50,2.25
2012.05.02 05:01:05.556,1.27787,1.27806,1.50,2.25
2012.05.02 05:01:06.018,1.27787,1.27797,1.50,1.73
2012.05.02 05:01:06.628,1.2778,1.27797,2.25,1.73
2012.05.02 05:01:10.571,1.27781,1.27796,2.25,1.73
2012.05.02 05:01:14.251,1.27781,1.27802,1.50,3.00
2012.05.02 05:01:14.379,1.27785,1.27803,2.25,1.35
2012.05.02 05:01:14.570,1.27785,1.27804,2.25,2.48
2012.05.02 05:01:14.939,1.27785,1.27807,2.25,1.50
2012.05.02 05:01:15.188,1.27785,1.27803,1.50,1.50
2012.05.02 05:01:16.127,1.27786,1.27805,1.50,1.50
2012.05.02 05:01:16.918,1.27786,1.27807,1.50,2.25
2012.05.02 05:01:17.508,1.27785,1.27807,1.50,2.25
2012.05.02 05:01:20.277,1.27787,1.27806,1.50,1.50
2012.05.02 05:01:22.590,1.27787,1.27806,1.50,3.00
2012.05.02 05:01:22.850,1.27787,1.27806,1.50,3.00
2012.05.02 05:01:24.620,1.27787,1.27808,1.50,3.00
2012.05.02 05:01:25.217,1.27787,1.27808,2.25,2.25
2012.05.02 05:01:25.970,1.27787,1.27806,2.25,1.50
2012.05.02 05:01:26.938,1.27787,1.27806,1.50,1.50
2012.05.02 05:01:40.162,1.27784,1.27807,1.50,4.50
2012.05.02 05:01:40.880,1.27789,1.27807,2.25,1.50
2012.05.02 05:01:41.980,1.27788,1.27807,1.50,1.50
2012.05.02 05:01:42.382,1.27788,1.27807,1.50,1.50
2012.05.02 05:01:47.220,1.27785,1.27803,1.50,1.50
2012.05.02 05:01:47.289,1.27785,1.27805,1.50,2.25
2012.05.02 05:01:50.437,1.27782,1.27805,4.73,1.50
2012.05.02 05:01:51.089,1.27782,1.27804,4.73,1.50
2012.05.02 05:01:53.369,1.27782,1.27804,4.73,1.50
2012.05.02 05:01:53.556,1.27783,1.27806,1.50,3.00
2012.05.02 05:01:54.801,1.27782,1.27806,4.73,3.75
2012.05.02 05:01:55.206,1.27782,1.27806,5.48,3.00
2012.05.02 05:02:05.569,1.27789,1.2781,2.25,2.25
2012.05.02 05:02:06.607,1.27789,1.2781,2.25,2.25
2012.05.02 05:02:11.085,1.27791,1.27809,1.50,1.50
2012.05.02 05:02:11.278,1.27791,1.27809,1.50,2.25
2012.05.02 05:02:11.801,1.27789,1.27808,1.50,2.25
2012.05.02 05:02:23.500,1.27793,1.2781,2.25,1.50
2012.05.02 05:02:24.062,1.27793,1.27815,3.98,2.25
2012.05.02 05:02:34.679,1.27793,1.27813,1.50,3.00
2012.05.02 05:02:35.057,1.27793,1.2781,1.50,2.25
2012.05.02 05:02:36.859,1.27793,1.2781,1.50,2.25
2012.05.02 05:02:38.639,1.27793,1.27812,1.50,2.25
2012.05.02 05:02:44.488,1.27793,1.27809,1.50,1.50
2012.05.02 05:02:44.562,1.27793,1.27811,1.50,1.50
2012.05.02 05:02:50.747,1.27793,1.27813,1.50,1.50
2012.05.02 05:02:52.547,1.27793,1.2781,1.50,1.50
2012.05.02 05:02:52.861,1.2779,1.27805,1.73,1.50
2012.05.02 05:02:53.181,1.27784,1.27802,1.55,1.50
2012.05.02 05:02:53.602,1.27783,1.278,1.55,1.50
2012.05.02 05:02:53.672,1.27784,1.27803,1.55,1.50
2012.05.02 05:02:53.918,1.27785,1.27807,1.50,1.50
2012.05.02 05:02:54.470,1.27784,1.27806,2.25,1.50
2012.05.02 05:02:54.789,1.27784,1.27808,2.25,2.25
2012.05.02 05:02:57.476,1.27784,1.27805,2.25,1.50
2012.05.02 05:02:57.807,1.27784,1.27803,1.50,1.50
2012.05.02 05:03:00.217,1.27785,1.27806,1.50,1.50
2012.05.02 05:03:00.970,1.27784,1.27802,1.50,1.50
2012.05.02 05:03:01.097,1.27785,1.27806,1.50,1.50
2012.05.02 05:03:02.650,1.27786,1.27808,2.25,1.50
2012.05.02 05:03:12.878,1.27787,1.27809,1.50,3.00
2012.05.02 05:03:16.623,1.27788,1.27809,1.50,2.25
2012.05.02 05:03:16.690,1.27788,1.27807,1.50,1.50
2012.05.02 05:03:16.997,1.27786,1.27806,1.50,1.50
2012.05.02 05:03:17.068,1.27786,1.27806,2.25,1.50
2012.05.02 05:03:17.641,1.27786,1.27806,2.25,1.50
2012.05.02 05:03:23.166,1.27786,1.27807,3.00,1.50
2012.05.02 05:03:23.480,1.27786,1.27809,3.00,3.00
2012.05.02 05:03:23.608,1.27786,1.27806,4.73,1.50
2012.05.02 05:03:23.677,1.27786,1.27809,4.73,3.00
2012.05.02 05:03:24.501,1.2779,1.27809,2.25,1.50
2012.05.02 05:03:37.588,1.27787,1.2781,1.50,3.00
2012.05.02 05:03:38.491,1.27791,1.27813,3.98,1.50
2012.05.02 05:03:38.559,1.27791,1.27814,3.98,3.75
2012.05.02 05:03:39.683,1.27792,1.27811,2.48,1.50
2012.05.02 05:03:39.988,1.27791,1.27814,3.23,2.25
2012.05.02 05:03:40.842,1.27791,1.27812,3.23,1.50
2012.05.02 05:03:42.417,1.27791,1.27814,3.23,3.75
2012.05.02 05:03:45.451,1.27796,1.27817,2.48,1.50
2012.05.02 05:03:46.007,1.27796,1.27817,2.48,1.50
2012.05.02 05:03:48.618,1.27796,1.27817,2.48,1.50
2012.05.02 05:03:48.688,1.27796,1.27817,2.48,1.50
2012.05.02 05:03:48.759,1.27796,1.27815,2.48,1.50
2012.05.02 05:03:59.981,1.27796,1.27815,2.48,1.50
2012.05.02 05:04:02.158,1.27796,1.27817,2.48,2.25
2012.05.02 05:04:09.537,1.27796,1.27817,2.48,2.25
2012.05.02 05:04:11.229,1.27796,1.27817,2.48,2.25
2012.05.02 05:04:12.239,1.27796,1.27817,2.48,2.25
2012.05.02 05:04:12.309,1.27796,1.27817,2.48,2.25
2012.05.02 05:04:17.428,1.27796,1.27817,2.65,2.25
2012.05.02 05:04:28.539,1.27796,1.27816,2.48,1.50
2012.05.02 05:04:39.527,1.27796,1.27817,3.98,2.25
2012.05.02 05:04:40.598,1.27797,1.27817,1.50,1.50
2012.05.02 05:04:40.979,1.27797,1.27817,1.50,1.50
2012.05.02 05:05:32.831,1.27794,1.27816,1.50,1.50
2012.05.02 05:05:33.377,1.27796,1.27819,1.50,3.75
2012.05.02 05:05:33.910,1.27796,1.27816,1.50,1.50
2012.05.02 05:05:37.896,1.27796,1.27819,1.50,2.25
2012.05.02 05:05:41.047,1.27794,1.27819,5.48,1.50
2012.05.02 05:05:51.318,1.27796,1.27819,3.23,2.25
2012.05.02 05:05:51.637,1.27795,1.27816,3.23,1.50
2012.05.02 05:05:52.031,1.27795,1.27813,3.23,1.50
2012.05.02 05:05:53.577,1.27795,1.27816,3.23,1.50
2012.05.02 05:05:53.706,1.27795,1.27819,3.23,1.50
2012.05.02 05:05:54.211,1.27795,1.27819,3.23,1.50
2012.05.02 05:05:56.303,1.27795,1.27819,2.48,3.75
2012.05.02 05:05:56.428,1.27796,1.27819,2.25,1.50
2012.05.02 05:05:56.691,1.27796,1.27815,2.25,1.88
2012.05.02 05:05:57.000,1.27792,1.27809,1.50,1.73
2012.05.02 05:05:57.070,1.27792,1.27809,1.50,1.73
2012.05.02 05:05:57.140,1.27794,1.27814,3.23,1.50
2012.05.02 05:05:57.212,1.27794,1.27815,3.23,2.18
2012.05.02 05:05:57.581,1.27788,1.2781,2.25,2.63
2012.05.02 05:05:59.194,1.27791,1.2781,2.25,3.23
2012.05.02 05:05:59.262,1.27787,1.27809,3.00,1.50
2012.05.02 05:06:13.237,1.27786,1.27807,3.00,1.50
2012.05.02 05:06:13.972,1.27786,1.27807,3.00,1.50
2012.05.02 05:06:14.949,1.27786,1.27807,1.50,2.25
2012.05.02 05:06:20.566,1.27786,1.27807,1.50,1.50
2012.05.02 05:06:25.278,1.27786,1.27806,1.50,1.50
2012.05.02 05:06:25.346,1.27786,1.27806,1.50,2.25
2012.05.02 05:06:25.420,1.27782,1.27803,3.98,1.50
2012.05.02 05:06:26.726,1.27782,1.27803,3.23,1.50
2012.05.02 05:06:28.009,1.27782,1.27805,3.23,3.00
2012.05.02 05:06:28.747,1.27782,1.27802,3.98,1.50
2012.05.02 05:06:32.348,1.27782,1.27803,3.98,1.50
2012.05.02 05:06:35.630,1.27782,1.27806,3.98,2.85
2012.05.02 05:06:35.757,1.27782,1.27804,3.98,2.25
2012.05.02 05:06:44.407,1.27785,1.27804,1.50,2.25
2012.05.02 05:06:46.061,1.27785,1.27804,1.50,2.25
2012.05.02 05:06:46.407,1.27785,1.27801,1.50,1.50
2012.05.02 05:06:47.158,1.27785,1.27802,1.50,1.50
2012.05.02 05:06:48.310,1.27785,1.27803,1.50,2.25
2012.05.02 05:06:48.967,1.27785,1.27805,1.50,2.25
2012.05.02 05:06:49.261,1.27785,1.27802,1.50,1.50
2012.05.02 05:06:50.023,1.27783,1.27805,1.50,2.25
2012.05.02 05:06:50.550,1.27785,1.27806,1.50,2.25
2012.05.02 05:06:51.384,1.27785,1.27807,2.25,2.25
2012.05.02 05:06:53.008,1.27786,1.27807,1.50,1.50
2012.05.02 05:06:54.387,1.27786,1.27807,1.50,1.50
2012.05.02 05:06:55.226,1.27785,1.27807,1.50,1.50
2012.05.02 05:06:59.607,1.27785,1.27806,1.50,1.50
2012.05.02 05:06:59.917,1.27785,1.27804,1.50,1.50
2012.05.02 05:07:04.578,1.27785,1.27805,1.50,1.50
2012.05.02 05:07:05.089,1.27785,1.27804,1.50,1.50
2012.05.02 05:07:05.475,1.27785,1.27807,1.50,1.50
2012.05.02 05:07:07.538,1.27791,1.27808,2.25,1.50
2012.05.02 05:07:07.608,1.27795,1.27808,1.73,1.50
2012.05.02 05:07:07.918,1.27788,1.27808,2.48,3.75
2012.05.02 05:07:13.676,1.27788,1.27808,2.48,2.25
2012.05.02 05:07:15.218,1.27788,1.27808,2.48,3.00
2012.05.02 05:07:23.261,1.27792,1.27808,1.50,1.50
2012.05.02 05:07:24.151,1.27796,1.27813,1.50,1.50
2012.05.02 05:07:24.922,1.27796,1.27811,1.50,1.50
2012.05.02 05:07:25.608,1.27793,1.27813,2.25,1.50
2012.05.02 05:07:25.678,1.27793,1.27813,3.00,1.50
2012.05.02 05:07:30.237,1.27795,1.27813,2.25,1.50
2012.05.02 05:07:39.238,1.27791,1.27811,1.50,1.50
2012.05.02 05:07:39.310,1.27791,1.27808,1.50,1.50
2012.05.02 05:07:40.016,1.27795,1.27812,2.48,1.50
2012.05.02 05:07:41.809,1.27795,1.27814,3.23,2.25
2012.05.02 05:07:47.229,1.27793,1.27812,3.23,2.25
2012.05.02 05:07:52.008,1.27794,1.27813,2.48,1.50
2012.05.02 05:07:52.809,1.27794,1.27813,2.48,3.00
2012.05.02 05:07:52.997,1.27793,1.27813,2.48,1.50
2012.05.02 05:08:01.656,1.27794,1.2781,1.73,1.50
2012.05.02 05:08:03.856,1.27794,1.27808,2.48,2.25
2012.05.02 05:08:06.507,1.27794,1.27807,2.48,1.50
2012.05.02 05:08:07.012,1.27794,1.27809,2.48,2.25
2012.05.02 05:08:17.280,1.27796,1.27815,1.50,1.50
2012.05.02 05:08:20.427,1.27797,1.27816,1.50,1.46
2012.05.02 05:08:35.873,1.27797,1.27817,2.25,2.96
2012.05.02 05:08:36.839,1.27804,1.27817,1.73,2.21
2012.05.02 05:08:36.970,1.27804,1.27819,1.73,1.50
2012.05.02 05:08:37.448,1.27806,1.27825,1.50,1.50
2012.05.02 05:08:38.609,1.2781,1.27824,1.50,1.50
2012.05.02 05:08:43.948,1.27808,1.27824,1.50,1.50
2012.05.02 05:08:44.661,1.2781,1.27824,1.50,1.50
2012.05.02 05:08:45.067,1.27806,1.27821,1.50,1.50
2012.05.02 05:08:51.206,1.27804,1.27821,1.73,1.50
2012.05.02 05:08:56.331,1.27802,1.27817,1.50,1.50
2012.05.02 05:08:58.981,1.27802,1.27818,2.25,1.50
2012.05.02 05:08:59.458,1.27801,1.27818,2.25,1.50
2012.05.02 05:08:59.531,1.27798,1.27816,2.25,1.50
2012.05.02 05:09:00.801,1.27798,1.27816,2.25,2.10
2012.05.02 05:09:01.238,1.27793,1.27813,3.00,2.63
2012.05.02 05:09:01.552,1.27793,1.27813,2.25,2.48
2012.05.02 05:09:02.101,1.27796,1.2781,2.25,1.73
2012.05.02 05:09:02.170,1.27796,1.27814,2.25,1.35
2012.05.02 05:09:02.709,1.278,1.27813,2.25,1.88
2012.05.02 05:09:02.898,1.27793,1.2781,2.25,1.73
2012.05.02 05:09:03.030,1.27795,1.27812,2.25,1.50
2012.05.02 05:09:03.710,1.27797,1.27815,2.25,1.50
2012.05.02 05:09:03.782,1.27794,1.27814,2.25,1.50
2012.05.02 05:09:04.461,1.27794,1.27814,2.25,1.50
2012.05.02 05:09:07.657,1.27792,1.27815,2.25,1.50
2012.05.02 05:09:09.399,1.27798,1.27814,2.25,1.50
2012.05.02 05:09:10.247,1.27802,1.27815,1.50,1.50
2012.05.02 05:09:10.602,1.27797,1.27815,2.25,1.50
2012.05.02 05:09:21.520,1.27795,1.27813,2.25,1.50
2012.05.02 05:09:21.709,1.27795,1.27814,2.25,1.50
2012.05.02 05:09:21.898,1.27795,1.27813,2.25,2.25
2012.05.02 05:09:22.274,1.27789,1.2781,2.25,1.50
2012.05.02 05:09:23.381,1.27793,1.27813,2.25,2.25
2012.05.02 05:09:23.508,1.27793,1.27813,2.25,1.50
2012.05.02 05:09:27.641,1.27795,1.27813,2.25,1.50
2012.05.02 05:09:29.820,1.27795,1.27814,2.25,1.50
2012.05.02 05:09:30.371,1.27802,1.27815,2.25,2.48
2012.05.02 05:09:30.442,1.27803,1.27815,1.50,2.48
2012.05.02 05:09:30.511,1.27803,1.27816,1.50,1.50
2012.05.02 05:09:31.060,1.27797,1.27817,3.23,1.50
2012.05.02 05:09:31.363,1.27797,1.27817,3.23,1.50
2012.05.02 05:09:31.903,1.27794,1.27816,2.48,2.10
2012.05.02 05:09:35.478,1.27794,1.27816,2.48,3.75
2012.05.02 05:09:36.250,1.27798,1.27815,2.25,2.48
2012.05.02 05:09:36.612,1.27798,1.27815,2.25,2.48
2012.05.02 05:09:38.118,1.27798,1.27816,2.25,2.25
2012.05.02 05:09:38.633,1.27798,1.27816,2.25,2.25
2012.05.02 05:09:38.889,1.27796,1.27815,2.25,1.50
2012.05.02 05:09:41.799,1.27797,1.27813,2.25,1.50
2012.05.02 05:09:42.049,1.27798,1.27813,2.25,1.50
2012.05.02 05:09:42.368,1.27798,1.27813,2.25,1.50
2012.05.02 05:09:46.828,1.27802,1.27816,2.25,2.25
2012.05.02 05:09:47.138,1.27798,1.27816,2.25,2.25
2012.05.02 05:09:47.689,1.27799,1.27816,2.25,1.50
2012.05.02 05:09:49.020,1.27799,1.27816,2.25,1.50
2012.05.02 05:09:50.062,1.27797,1.27816,2.25,1.50
2012.05.02 05:09:59.363,1.27798,1.27816,2.25,1.50
2012.05.02 05:10:00.569,1.27797,1.27816,2.25,2.25
2012.05.02 05:10:04.850,1.27796,1.27816,2.25,2.25
2012.05.02 05:10:08.151,1.27798,1.27816,2.25,2.25
2012.05.02 05:10:09.281,1.27798,1.27816,2.25,1.50
2012.05.02 05:10:09.591,1.27798,1.27816,2.25,1.50
2012.05.02 05:10:11.131,1.27799,1.27816,2.25,1.50
2012.05.02 05:10:11.201,1.27799,1.27816,2.25,1.50
2012.05.02 05:10:12.120,1.278,1.27818,2.25,2.25
2012.05.02 05:10:14.871,1.27797,1.27818,2.25,2.25
2012.05.02 05:10:15.301,1.27796,1.27814,2.48,3.00
2012.05.02 05:10:15.549,1.27799,1.27816,2.48,3.00
2012.05.02 05:10:15.620,1.27796,1.27814,2.25,1.50
2012.05.02 05:10:15.928,1.27793,1.27811,1.50,1.50
2012.05.02 05:10:16.363,1.27793,1.27809,1.50,1.50
2012.05.02 05:10:16.943,1.27793,1.27811,1.50,1.50
2012.05.02 05:10:17.499,1.27793,1.27813,1.50,2.25
2012.05.02 05:10:17.596,1.27793,1.27813,1.50,2.25
2012.05.02 05:10:18.530,1.27793,1.27812,1.50,2.25
2012.05.02 05:10:19.188,1.27791,1.27812,4.73,1.50
2012.05.02 05:10:19.711,1.27793,1.27812,2.25,1.50
2012.05.02 05:10:19.973,1.27793,1.27813,2.25,1.50
2012.05.02 05:10:20.524,1.27799,1.27815,2.25,1.50
2012.05.02 05:10:21.144,1.27794,1.27815,1.50,1.50
2012.05.02 05:10:21.661,1.27794,1.27815,3.23,2.25
2012.05.02 05:10:22.426,1.27794,1.27815,3.23,1.50
2012.05.02 05:10:23.611,1.27801,1.27818,2.25,2.25
2012.05.02 05:10:24.171,1.27802,1.27817,2.25,1.50
2012.05.02 05:10:24.479,1.27794,1.27813,2.25,1.50
2012.05.02 05:10:25.247,1.27793,1.27813,2.48,1.50
2012.05.02 05:10:27.162,1.27793,1.27811,2.48,1.50
2012.05.02 05:10:34.920,1.27793,1.27811,2.48,1.50
2012.05.02 05:10:38.942,1.27793,1.27811,2.48,1.50
2012.05.02 05:10:44.738,1.27793,1.27811,2.48,1.50
2012.05.02 05:10:48.019,1.27793,1.27811,2.48,1.50
2012.05.02 05:10:48.550,1.27793,1.27812,3.23,1.50
2012.05.02 05:10:56.653,1.27794,1.27811,2.48,1.50
2012.05.02 05:10:57.696,1.27793,1.27813,3.98,1.50
2012.05.02 05:11:01.190,1.27799,1.27818,2.25,2.25
2012.05.02 05:11:02.153,1.27799,1.27818,2.25,2.25
2012.05.02 05:11:06.438,1.27793,1.27815,3.23,1.50
2012.05.02 05:11:06.758,1.27793,1.27814,2.48,2.25
2012.05.02 05:11:07.469,1.27793,1.27814,2.48,2.25
2012.05.02 05:11:08.370,1.27793,1.27811,2.48,2.25
2012.05.02 05:11:08.801,1.27786,1.27809,3.00,1.50
2012.05.02 05:11:09.191,1.27786,1.27809,2.25,1.50
2012.05.02 05:11:09.500,1.27792,1.27812,2.25,1.50
2012.05.02 05:11:11.570,1.27797,1.27814,2.25,1.50
2012.05.02 05:11:11.771,1.27797,1.27814,2.25,1.50
2012.05.02 05:11:12.960,1.27792,1.27812,2.48,1.50
2012.05.02 05:11:18.631,1.27792,1.27812,2.48,1.50
2012.05.02 05:11:20.538,1.27792,1.27812,2.48,1.50
2012.05.02 05:11:20.848,1.27791,1.27811,2.48,1.50
2012.05.02 05:11:23.321,1.27791,1.27812,2.48,1.50
2012.05.02 05:11:24.839,1.27794,1.27814,2.25,2.25
2012.05.02 05:11:25.991,1.27793,1.27815,3.00,1.50
2012.05.02 05:11:34.250,1.27792,1.27808,1.50,1.50
2012.05.02 05:11:35.068,1.27789,1.27806,3.23,1.50
2012.05.02 05:11:35.668,1.27789,1.2781,3.23,3.00
2012.05.02 05:11:35.739,1.27789,1.27806,3.23,1.50
2012.05.02 05:11:38.741,1.27789,1.27808,3.23,1.50
2012.05.02 05:11:40.719,1.27789,1.27805,3.23,1.50
2012.05.02 05:11:40.791,1.27789,1.2781,3.23,1.50
2012.05.02 05:11:41.342,1.27789,1.27808,1.50,1.50
2012.05.02 05:11:41.890,1.27787,1.27808,1.50,3.00
2012.05.02 05:11:41.959,1.27787,1.27808,1.50,3.00
2012.05.02 05:11:45.560,1.27786,1.27807,1.50,2.25
2012.05.02 05:11:45.874,1.27786,1.27803,1.50,1.50
2012.05.02 05:11:46.412,1.27786,1.27803,2.25,1.50
2012.05.02 05:11:47.215,1.27785,1.27802,1.50,1.50
2012.05.02 05:11:48.091,1.27781,1.27802,2.25,2.25
2012.05.02 05:11:48.642,1.27778,1.27798,2.65,1.50
2012.05.02 05:11:48.714,1.2778,1.278,2.48,1.50
2012.05.02 05:11:48.963,1.27778,1.278,2.25,3.23
2012.05.02 05:11:49.281,1.27779,1.278,2.25,3.23
2012.05.02 05:11:49.840,1.27781,1.278,2.25,1.50
2012.05.02 05:11:50.296,1.27778,1.27801,2.25,3.98
2012.05.02 05:11:50.823,1.2778,1.27799,2.25,1.73
2012.05.02 05:11:51.599,1.2778,1.27799,2.25,1.73
2012.05.02 05:11:53.173,1.27784,1.278,2.25,1.50
2012.05.02 05:11:53.719,1.27781,1.27801,2.25,1.50
2012.05.02 05:11:54.250,1.27781,1.278,2.25,1.50
2012.05.02 05:11:55.338,1.2778,1.278,2.25,1.50
2012.05.02 05:11:56.431,1.27782,1.278,2.25,1.50
2012.05.02 05:11:57.032,1.27782,1.27795,1.73,1.50
2012.05.02 05:11:57.161,1.27782,1.278,3.23,2.25
2012.05.02 05:11:57.234,1.27782,1.278,3.23,2.25
2012.05.02 05:11:57.503,1.27784,1.27804,1.50,1.50
2012.05.02 05:11:58.051,1.27784,1.27801,2.43,2.48
2012.05.02 05:11:58.300,1.27784,1.27801,1.50,2.48
2012.05.02 05:11:58.671,1.27778,1.27799,2.25,2.48
2012.05.02 05:11:59.008,1.27778,1.27799,2.25,2.48
2012.05.02 05:11:59.549,1.27776,1.27799,1.50,3.98
2012.05.02 05:12:00.153,1.27777,1.27796,1.50,1.50
2012.05.02 05:12:06.048,1.27776,1.27797,2.25,1.50
2012.05.02 05:12:06.398,1.27775,1.27797,1.90,1.50
2012.05.02 05:12:10.073,1.27776,1.27797,2.25,2.25
2012.05.02 05:12:11.020,1.27779,1.27797,3.98,1.50
2012.05.02 05:12:11.272,1.27785,1.278,2.25,1.50
2012.05.02 05:12:11.456,1.27785,1.278,2.25,1.50
2012.05.02 05:12:14.320,1.27787,1.27801,2.25,1.50
2012.05.02 05:12:14.869,1.27786,1.27804,2.25,2.48
2012.05.02 05:12:16.069,1.27787,1.27804,2.25,2.48
2012.05.02 05:12:22.965,1.2778,1.27803,4.73,1.50
2012.05.02 05:12:23.641,1.2778,1.27803,2.53,1.50
2012.05.02 05:12:23.950,1.27783,1.27805,3.23,2.25
2012.05.02 05:12:24.584,1.27783,1.27803,1.50,2.25
2012.05.02 05:12:29.231,1.27782,1.278,1.90,2.25
2012.05.02 05:12:29.301,1.27782,1.278,2.48,2.25
2012.05.02 05:12:29.850,1.27778,1.27795,1.50,1.50
2012.05.02 05:12:30.258,1.27778,1.27795,1.50,2.25
2012.05.02 05:12:30.631,1.27778,1.27795,1.50,2.25
2012.05.02 05:12:30.969,1.27778,1.27794,1.50,1.50
2012.05.02 05:12:31.283,1.27778,1.27795,1.50,1.50
2012.05.02 05:12:31.802,1.27778,1.27795,3.23,2.25
2012.05.02 05:12:34.954,1.27778,1.27794,1.50,1.50
2012.05.02 05:12:35.634,1.27778,1.27795,1.50,2.25
2012.05.02 05:12:37.909,1.27779,1.27796,1.50,2.25
2012.05.02 05:12:38.270,1.27779,1.27797,2.25,1.50
2012.05.02 05:12:38.342,1.27779,1.27795,2.25,2.48
2012.05.02 05:12:44.819,1.27776,1.27794,1.50,1.50
2012.05.02 05:12:48.857,1.27776,1.27792,1.50,1.50
2012.05.02 05:12:49.580,1.27776,1.27788,1.50,1.50
2012.05.02 05:12:50.079,1.27776,1.2779,1.50,2.25
2012.05.02 05:12:50.959,1.27776,1.27789,1.50,1.50
2012.05.02 05:12:51.599,1.27776,1.2779,1.50,2.25
2012.05.02 05:12:58.440,1.27776,1.2779,1.50,2.25
2012.05.02 05:12:58.869,1.27771,1.27789,2.48,1.50
2012.05.02 05:13:06.760,1.27772,1.27788,2.48,1.50
2012.05.02 05:13:12.242,1.27772,1.27788,2.48,3.00
2012.05.02 05:13:12.492,1.27765,1.27784,1.50,1.50
2012.05.02 05:13:12.562,1.27765,1.27784,1.50,1.50
2012.05.02 05:13:28.233,1.2777,1.27784,3.23,1.50
2012.05.02 05:13:28.421,1.27771,1.27789,1.50,1.50
2012.05.02 05:13:30.269,1.27773,1.27789,3.23,1.50
2012.05.02 05:13:30.340,1.27773,1.27789,3.23,1.50
2012.05.02 05:13:30.905,1.27772,1.27788,2.48,1.50
2012.05.02 05:13:35.971,1.27772,1.27788,2.48,1.50
2012.05.02 05:13:36.042,1.27772,1.27788,2.48,1.50
2012.05.02 05:13:50.837,1.27775,1.27789,1.50,1.50
2012.05.02 05:13:51.339,1.27776,1.27793,1.50,1.50
2012.05.02 05:13:51.469,1.27776,1.27795,1.50,3.00
2012.05.02 05:13:51.959,1.27776,1.27795,1.50,3.00
2012.05.02 05:13:52.508,1.27778,1.27795,1.50,1.50
2012.05.02 05:13:58.069,1.27777,1.27795,1.50,1.50
2012.05.02 05:13:58.421,1.27779,1.27795,1.50,1.50
2012.05.02 05:13:58.732,1.27778,1.27795,1.50,1.50
2012.05.02 05:14:00.623,1.27778,1.27795,1.50,1.50
2012.05.02 05:14:00.992,1.27777,1.27795,1.50,1.50
2012.05.02 05:14:01.511,1.27779,1.27795,1.50,1.50
2012.05.02 05:14:01.880,1.27779,1.27795,1.50,1.50
2012.05.02 05:14:01.953,1.27778,1.27795,1.50,1.50
2012.05.02 05:14:08.242,1.27779,1.27797,1.50,1.50
2012.05.02 05:14:08.852,1.27779,1.27797,1.50,1.50
2012.05.02 05:14:27.874,1.27777,1.27794,2.25,1.50
2012.05.02 05:14:28.441,1.27777,1.27796,1.50,1.50
2012.05.02 05:14:34.329,1.27778,1.27798,1.50,1.50
2012.05.02 05:14:40.190,1.27779,1.27798,1.50,3.00
2012.05.02 05:14:41.821,1.27779,1.27798,1.50,1.50
2012.05.02 05:14:56.674,1.27778,1.27796,1.50,1.50
2012.05.02 05:15:26.600,1.27778,1.27796,1.50,1.50
2012.05.02 05:15:27.171,1.2778,1.27798,1.50,1.50
2012.05.02 05:15:31.260,1.27777,1.27798,2.25,1.50
2012.05.02 05:15:38.388,1.27777,1.27796,3.23,1.50
2012.05.02 05:15:38.938,1.2778,1.27797,2.48,1.50
2012.05.02 05:15:39.469,1.2778,1.27797,2.48,1.50
2012.05.02 05:15:41.108,1.27778,1.27797,3.23,1.50
2012.05.02 05:15:54.190,1.27781,1.27797,1.50,1.50
2012.05.02 05:15:54.581,1.27782,1.278,1.50,2.25
2012.05.02 05:15:55.140,1.2778,1.27799,1.50,1.50
2012.05.02 05:15:55.331,1.27778,1.27797,1.50,1.50
2012.05.02 05:15:55.582,1.27781,1.27797,1.50,2.25
2012.05.02 05:15:55.860,1.2778,1.27797,1.50,3.75
2012.05.02 05:15:56.670,1.2778,1.27795,1.50,1.50
2012.05.02 05:15:57.220,1.27778,1.27795,2.25,1.50
2012.05.02 05:15:57.780,1.27779,1.27799,1.50,1.50
2012.05.02 05:16:01.138,1.27778,1.27797,2.25,2.25
2012.05.02 05:16:02.901,1.27778,1.27796,2.25,1.50
2012.05.02 05:16:03.100,1.27778,1.27794,2.25,1.50
2012.05.02 05:16:03.639,1.27778,1.27796,2.25,1.50
2012.05.02 05:16:03.951,1.27778,1.27797,2.25,2.25
2012.05.02 05:16:04.514,1.27778,1.27795,1.50,1.50
2012.05.02 05:16:05.260,1.27778,1.27796,1.50,1.50
2012.05.02 05:16:05.674,1.27778,1.27796,1.50,1.50
2012.05.02 05:16:06.225,1.27778,1.27796,1.50,1.50
2012.05.02 05:16:06.293,1.27778,1.27799,2.25,3.75
2012.05.02 05:16:07.450,1.27778,1.27799,2.25,1.50
2012.05.02 05:16:14.921,1.27781,1.278,1.50,3.00
2012.05.02 05:16:15.233,1.27783,1.27799,2.25,1.50
2012.05.02 05:16:15.551,1.27783,1.27796,2.25,1.50
2012.05.02 05:16:15.800,1.27785,1.278,1.50,2.25
2012.05.02 05:16:15.929,1.27785,1.27797,1.50,1.50
2012.05.02 05:16:16.453,1.27785,1.278,1.50,1.50
2012.05.02 05:16:20.551,1.27785,1.27802,1.50,3.00
2012.05.02 05:16:20.621,1.27785,1.27798,1.50,1.50
2012.05.02 05:16:21.029,1.27785,1.278,1.50,2.25
2012.05.02 05:16:21.510,1.27785,1.27798,1.50,1.50
2012.05.02 05:16:21.879,1.27785,1.27803,1.50,2.25
2012.05.02 05:16:22.075,1.27785,1.27803,1.50,2.25
2012.05.02 05:16:25.230,1.27785,1.27801,2.25,1.50
2012.05.02 05:16:26.870,1.27785,1.27799,2.25,1.50
2012.05.02 05:16:27.370,1.27785,1.27799,1.50,1.50
2012.05.02 05:16:27.440,1.27785,1.27801,1.50,3.00
2012.05.02 05:16:27.691,1.27785,1.27801,1.50,1.50
2012.05.02 05:16:28.181,1.27783,1.27802,2.48,2.25
2012.05.02 05:16:30.710,1.27783,1.27801,2.48,1.35
2012.05.02 05:16:30.783,1.27783,1.27796,2.48,1.50
2012.05.02 05:16:31.041,1.27773,1.27792,1.50,2.25
2012.05.02 05:16:33.829,1.27773,1.27793,1.50,1.50
2012.05.02 05:16:37.700,1.27771,1.27791,2.48,1.50
2012.05.02 05:16:38.709,1.27771,1.27791,2.48,1.50
2012.05.02 05:16:48.390,1.27769,1.27792,6.13,1.50
2012.05.02 05:16:48.583,1.27774,1.27794,2.25,1.50
2012.05.02 05:16:50.881,1.27773,1.27794,3.28,1.50
2012.05.02 05:16:52.838,1.27773,1.27794,5.53,1.50
2012.05.02 05:16:53.331,1.27775,1.27794,2.25,1.50
2012.05.02 05:16:55.100,1.27773,1.27794,1.50,1.50
2012.05.02 05:16:57.221,1.27774,1.27794,2.25,1.50
2012.05.02 05:16:59.192,1.27773,1.27794,1.55,1.50
2012.05.02 05:16:59.740,1.27775,1.27793,2.48,1.50
2012.05.02 05:17:00.292,1.27775,1.27792,2.53,1.50
2012.05.02 05:17:00.650,1.27775,1.27792,2.48,2.25
2012.05.02 05:17:00.980,1.27775,1.27792,2.48,2.25
2012.05.02 05:17:01.520,1.27769,1.27791,1.50,3.00
2012.05.02 05:17:02.031,1.27769,1.27791,1.50,2.25
2012.05.02 05:17:02.340,1.27766,1.27789,1.50,3.23
2012.05.02 05:17:02.654,1.27766,1.27786,1.50,1.50
2012.05.02 05:17:03.650,1.27766,1.27788,1.50,3.00
2012.05.02 05:17:04.200,1.27766,1.27788,1.50,1.50
2012.05.02 05:17:04.792,1.27766,1.27785,1.50,1.50
2012.05.02 05:17:05.375,1.27766,1.27787,1.50,2.25
2012.05.02 05:17:09.461,1.27766,1.27787,1.50,2.25
2012.05.02 05:17:10.139,1.27766,1.27789,1.50,2.48
2012.05.02 05:17:11.004,1.2777,1.27789,1.50,2.48
2012.05.02 05:17:11.250,1.27769,1.27789,2.68,2.48
2012.05.02 05:17:11.472,1.27776,1.27793,2.48,1.50
2012.05.02 05:17:11.721,1.27776,1.27793,2.48,1.50
2012.05.02 05:17:13.081,1.27772,1.27794,3.00,1.50
2012.05.02 05:17:13.911,1.27771,1.27794,2.25,2.25
2012.05.02 05:17:14.611,1.27771,1.27792,2.25,1.50
2012.05.02 05:17:14.812,1.27771,1.27792,2.25,2.25
2012.05.02 05:17:15.982,1.27771,1.27793,2.25,3.00
2012.05.02 05:17:17.575,1.27771,1.27792,2.25,2.25
2012.05.02 05:17:20.070,1.27775,1.27791,1.50,2.25
2012.05.02 05:17:21.622,1.27775,1.27793,1.50,2.25
2012.05.02 05:17:22.553,1.27774,1.27793,1.50,2.25
2012.05.02 05:17:22.741,1.27774,1.27793,1.50,3.00
2012.05.02 05:17:25.314,1.27772,1.27793,2.48,1.50
2012.05.02 05:17:25.839,1.27771,1.27792,1.50,3.00
2012.05.02 05:17:27.169,1.27771,1.27786,1.50,1.50
2012.05.02 05:17:27.302,1.27771,1.27786,1.50,1.50
2012.05.02 05:17:27.490,1.27771,1.27789,1.50,2.25
2012.05.02 05:17:27.749,1.27771,1.27789,1.50,2.25
2012.05.02 05:17:28.353,1.27771,1.27789,1.50,2.25
2012.05.02 05:17:29.141,1.27771,1.27793,1.50,2.25
2012.05.02 05:17:29.272,1.27772,1.27794,1.50,1.50
2012.05.02 05:17:29.829,1.27771,1.27793,1.50,3.00
2012.05.02 05:17:37.902,1.27772,1.27792,2.48,1.50
2012.05.02 05:17:42.270,1.27778,1.27793,2.25,1.50
2012.05.02 05:17:42.640,1.27779,1.27796,2.25,1.50
2012.05.02 05:17:43.071,1.27781,1.27797,2.25,1.50
2012.05.02 05:17:43.141,1.27781,1.27797,3.00,1.50
2012.05.02 05:17:43.691,1.27783,1.27798,1.50,1.50
2012.05.02 05:17:44.063,1.27783,1.27802,1.50,1.50
2012.05.02 05:17:44.251,1.2778,1.27799,1.50,2.48
2012.05.02 05:17:44.562,1.2778,1.27798,1.50,1.50
2012.05.02 05:17:47.851,1.27777,1.27797,1.50,2.48
2012.05.02 05:17:50.981,1.27777,1.27796,1.50,1.50
2012.05.02 05:17:51.171,1.27778,1.27796,2.25,1.50
2012.05.02 05:17:51.481,1.27778,1.27797,2.25,2.25
2012.05.02 05:17:53.669,1.27777,1.27796,1.50,1.50
2012.05.02 05:17:55.830,1.27778,1.27797,2.25,1.50
2012.05.02 05:17:56.524,1.27777,1.27798,3.00,1.50
2012.05.02 05:17:57.393,1.27777,1.27797,1.50,1.50
2012.05.02 05:17:57.923,1.27777,1.27795,1.50,1.50
2012.05.02 05:17:57.989,1.27777,1.27795,1.50,1.50
2012.05.02 05:18:05.513,1.27777,1.27794,1.50,2.25
2012.05.02 05:18:07.111,1.27772,1.27796,2.43,3.00
2012.05.02 05:18:07.362,1.27771,1.27792,1.50,1.50
2012.05.02 05:18:08.289,1.27767,1.27789,1.50,1.50
2012.05.02 05:18:08.600,1.27764,1.27784,1.50,1.50
2012.05.02 05:18:08.841,1.27764,1.27787,1.50,3.60
2012.05.02 05:18:08.911,1.27764,1.27787,1.50,4.35
2012.05.02 05:18:10.742,1.27764,1.27785,1.50,1.50
2012.05.02 05:18:13.592,1.27763,1.27785,3.98,3.00
2012.05.02 05:18:14.174,1.27761,1.27783,1.50,2.25
2012.05.02 05:18:14.736,1.2776,1.27783,2.25,1.50
2012.05.02 05:18:15.224,1.27763,1.27783,1.50,1.50
2012.05.02 05:18:15.412,1.27764,1.27784,2.25,1.50
2012.05.02 05:18:17.910,1.27767,1.27786,2.25,3.23
2012.05.02 05:18:21.027,1.27768,1.27782,1.50,1.50
2012.05.02 05:18:21.643,1.27768,1.27785,1.50,2.25
2012.05.02 05:18:28.829,1.27765,1.27784,2.25,1.50
2012.05.02 05:18:29.389,1.27765,1.27785,2.25,2.25
2012.05.02 05:18:30.327,1.27765,1.27784,2.25,1.50
2012.05.02 05:18:37.040,1.27764,1.27784,1.50,2.25
2012.05.02 05:18:44.165,1.27766,1.27783,1.50,1.50
2012.05.02 05:18:47.351,1.27764,1.27784,1.50,1.50
2012.05.02 05:18:48.484,1.27771,1.27786,1.50,1.50
2012.05.02 05:18:48.555,1.27771,1.27786,1.50,1.50
2012.05.02 05:18:48.922,1.27772,1.27792,2.25,1.50
2012.05.02 05:18:53.430,1.2777,1.2779,1.50,3.00
2012.05.02 05:18:53.791,1.27768,1.27784,1.50,1.50
2012.05.02 05:18:53.863,1.27768,1.27786,1.50,2.25
2012.05.02 05:18:54.472,1.27768,1.27787,1.50,3.00
2012.05.02 05:18:54.601,1.27768,1.27784,1.50,1.50
2012.05.02 05:18:55.031,1.27772,1.27786,1.50,1.50
2012.05.02 05:18:55.750,1.27772,1.2779,1.50,1.50
2012.05.02 05:18:57.930,1.27772,1.2779,3.75,1.50
2012.05.02 05:18:58.680,1.27773,1.27789,3.00,1.50
2012.05.02 05:18:59.641,1.27773,1.2779,1.50,1.50
2012.05.02 05:19:01.582,1.27772,1.27789,3.00,1.50
2012.05.02 05:19:07.640,1.27771,1.27789,2.48,3.00
2012.05.02 05:19:07.965,1.27769,1.27782,1.50,1.50
2012.05.02 05:19:08.272,1.27771,1.27789,2.48,1.50
2012.05.02 05:19:08.651,1.27766,1.27783,1.68,2.25
2012.05.02 05:19:08.841,1.27766,1.27783,1.50,2.25
2012.05.02 05:19:11.061,1.27767,1.27781,2.25,1.50
2012.05.02 05:19:11.252,1.27767,1.27776,1.50,1.73
2012.05.02 05:19:11.625,1.27764,1.27781,1.50,2.25
2012.05.02 05:19:11.754,1.27765,1.27781,1.50,2.25
2012.05.02 05:19:12.012,1.2777,1.27788,2.25,1.50
2012.05.02 05:19:12.263,1.2777,1.27784,2.25,1.50
2012.05.02 05:19:14.176,1.27768,1.27786,1.50,1.50
2012.05.02 05:19:14.863,1.27768,1.27786,1.50,1.50
2012.05.02 05:19:15.685,1.27769,1.27788,1.50,2.25
2012.05.02 05:19:15.989,1.27769,1.27788,1.50,2.25
2012.05.02 05:19:17.540,1.27772,1.27789,1.50,1.50
2012.05.02 05:19:18.110,1.27772,1.27788,1.50,1.50
2012.05.02 05:19:18.351,1.27773,1.27786,1.50,1.50
2012.05.02 05:19:18.880,1.27768,1.27786,3.98,1.50
2012.05.02 05:19:20.609,1.27772,1.27789,1.50,3.00
2012.05.02 05:19:22.232,1.27772,1.27789,1.50,3.00
2012.05.02 05:19:24.459,1.27771,1.27791,1.50,3.75
2012.05.02 05:19:28.181,1.27776,1.27791,1.50,3.00
2012.05.02 05:19:28.681,1.27777,1.27797,3.00,2.25
2012.05.02 05:19:28.814,1.27777,1.27799,3.00,2.25
2012.05.02 05:19:31.380,1.27778,1.27799,1.50,3.98
2012.05.02 05:19:34.670,1.27778,1.27798,1.50,2.25
2012.05.02 05:19:38.973,1.27778,1.27791,1.50,1.50
2012.05.02 05:19:39.341,1.27774,1.27789,1.50,1.50
2012.05.02 05:19:39.902,1.27774,1.2779,1.50,1.50
2012.05.02 05:19:41.599,1.27774,1.27789,1.50,1.50
2012.05.02 05:19:43.321,1.27774,1.27792,1.50,1.50
2012.05.02 05:19:43.841,1.27774,1.27793,2.25,2.25
2012.05.02 05:19:44.273,1.27776,1.27795,1.50,2.25
2012.05.02 05:19:44.882,1.27779,1.278,3.00,1.50
2012.05.02 05:19:50.809,1.2778,1.27801,2.25,1.50
2012.05.02 05:19:52.781,1.2778,1.27802,2.48,1.50
2012.05.02 05:19:53.092,1.27784,1.27802,1.50,2.25
2012.05.02 05:19:53.341,1.27784,1.27804,1.50,1.50
2012.05.02 05:19:53.955,1.27783,1.27802,1.50,1.50
2012.05.02 05:19:54.421,1.27782,1.27799,1.50,1.50
2012.05.02 05:19:56.080,1.27782,1.27801,1.50,1.50
2012.05.02 05:19:56.571,1.2778,1.27799,1.50,1.50
2012.05.02 05:19:57.540,1.2778,1.27799,1.50,2.25
2012.05.02 05:19:58.316,1.2778,1.27799,1.50,3.00
2012.05.02 05:19:58.384,1.2778,1.27796,1.50,1.50
2012.05.02 05:19:58.823,1.27776,1.27794,1.50,1.50
2012.05.02 05:19:59.373,1.27776,1.27792,2.25,1.50
2012.05.02 05:20:01.789,1.27776,1.27795,2.25,1.50
2012.05.02 05:20:02.722,1.27778,1.27797,1.50,1.50
2012.05.02 05:20:02.795,1.27778,1.27797,1.50,1.50
2012.05.02 05:20:03.262,1.27778,1.278,1.50,1.50
2012.05.02 05:20:06.703,1.27781,1.27801,2.25,1.50
2012.05.02 05:20:08.182,1.27782,1.27803,3.23,3.00
2012.05.02 05:20:08.544,1.27782,1.27805,2.48,3.00
2012.05.02 05:20:09.219,1.27782,1.27802,2.48,1.50
2012.05.02 05:20:09.816,1.27782,1.27804,2.48,2.25
2012.05.02 05:20:10.441,1.27782,1.27802,2.48,1.50
2012.05.02 05:20:11.003,1.27783,1.27805,1.50,3.00
2012.05.02 05:20:16.492,1.27786,1.27806,3.00,1.50
2012.05.02 05:20:17.630,1.27785,1.27803,1.50,1.50
2012.05.02 05:20:18.110,1.27782,1.27802,1.50,3.00
2012.05.02 05:20:18.932,1.27782,1.27802,1.50,3.00
2012.05.02 05:20:19.001,1.27782,1.27801,1.50,1.50
2012.05.02 05:20:19.203,1.27778,1.27799,2.25,1.50
2012.05.02 05:20:19.271,1.27778,1.27799,2.25,1.50
2012.05.02 05:20:19.660,1.27777,1.27797,1.50,2.25
2012.05.02 05:20:19.973,1.27776,1.27795,2.25,3.00
2012.05.02 05:20:20.229,1.27774,1.27794,1.50,1.50
2012.05.02 05:20:20.936,1.27774,1.27793,1.50,1.50
2012.05.02 05:20:23.131,1.27774,1.2779,1.50,1.50
2012.05.02 05:20:23.640,1.27773,1.2779,1.50,1.50
2012.05.02 05:20:24.027,1.27773,1.27792,1.50,2.25
2012.05.02 05:20:24.094,1.27773,1.27789,1.50,1.50
2012.05.02 05:20:24.284,1.27773,1.27792,1.50,1.50
2012.05.02 05:20:24.792,1.27774,1.27791,1.50,1.50
2012.05.02 05:20:24.981,1.27774,1.27793,1.50,2.25
2012.05.02 05:20:25.540,1.27774,1.27791,1.50,1.50
2012.05.02 05:20:25.670,1.27774,1.27793,1.50,3.00
2012.05.02 05:20:27.547,1.27776,1.27795,3.23,2.25
2012.05.02 05:20:28.841,1.27776,1.27793,1.50,1.50
2012.05.02 05:20:29.153,1.27776,1.27792,1.50,2.25
2012.05.02 05:20:29.461,1.27776,1.27793,1.50,2.25
2012.05.02 05:20:29.531,1.27776,1.27791,1.50,1.50
2012.05.02 05:20:29.833,1.27773,1.27795,1.50,3.75
2012.05.02 05:20:30.830,1.27773,1.27792,1.50,1.50
2012.05.02 05:20:30.963,1.27773,1.27792,1.50,2.25
2012.05.02 05:20:31.211,1.27773,1.27793,1.50,3.00
2012.05.02 05:20:32.561,1.27773,1.27791,1.50,1.50
2012.05.02 05:20:33.057,1.27773,1.27787,1.50,1.50
2012.05.02 05:20:33.371,1.27765,1.27785,1.50,1.50
2012.05.02 05:20:33.443,1.27765,1.27785,1.50,2.25
2012.05.02 05:20:34.057,1.27765,1.27788,3.00,1.50
2012.05.02 05:20:34.270,1.27767,1.27786,3.00,1.50
2012.05.02 05:20:37.639,1.27765,1.27786,1.50,1.50
2012.05.02 05:20:38.892,1.27765,1.27786,1.50,1.50
2012.05.02 05:20:44.111,1.27765,1.27785,1.50,1.50
2012.05.02 05:20:45.469,1.27768,1.27785,1.50,1.50
2012.05.02 05:20:48.789,1.27765,1.27787,1.50,1.50
2012.05.02 05:20:55.112,1.27765,1.27786,1.50,2.25
2012.05.02 05:21:02.794,1.27763,1.27784,1.50,1.50
2012.05.02 05:21:05.350,1.27758,1.27779,3.98,2.25
2012.05.02 05:21:07.952,1.27763,1.27778,1.50,1.50
2012.05.02 05:21:10.252,1.27761,1.27779,2.25,1.50
2012.05.02 05:21:11.262,1.27766,1.2778,1.50,1.50
2012.05.02 05:21:11.453,1.27761,1.2778,1.50,1.50
2012.05.02 05:21:11.765,1.27765,1.27781,1.50,1.50
2012.05.02 05:21:11.834,1.27765,1.27781,1.50,1.50
2012.05.02 05:21:12.204,1.2777,1.27786,1.50,2.25
2012.05.02 05:21:12.393,1.27768,1.27786,1.50,1.50
2012.05.02 05:21:12.642,1.27766,1.27787,1.50,1.50
2012.05.02 05:21:13.668,1.27764,1.27786,3.05,1.50
2012.05.02 05:21:13.920,1.27764,1.27784,2.25,1.50
2012.05.02 05:21:14.263,1.27767,1.27784,1.50,1.50
2012.05.02 05:21:14.333,1.27764,1.27785,2.25,2.25
2012.05.02 05:21:15.000,1.27767,1.27785,1.50,2.25
2012.05.02 05:21:17.670,1.27766,1.27785,1.50,2.25
2012.05.02 05:21:18.284,1.27767,1.27785,1.50,2.25
2012.05.02 05:21:20.480,1.27767,1.27785,1.50,2.25
2012.05.02 05:21:20.552,1.27764,1.27785,2.25,2.25
2012.05.02 05:21:20.621,1.27761,1.27784,3.80,2.25
2012.05.02 05:21:21.151,1.27761,1.27783,1.55,2.25
2012.05.02 05:21:22.151,1.27767,1.27782,1.50,1.50
2012.05.02 05:21:22.340,1.27762,1.27785,1.50,2.25
2012.05.02 05:21:23.030,1.2776,1.27783,1.50,2.25
2012.05.02 05:21:24.100,1.27758,1.27782,1.50,2.25
2012.05.02 05:21:25.840,1.27759,1.27784,3.00,3.00
2012.05.02 05:21:34.572,1.27761,1.27775,1.50,2.25
2012.05.02 05:21:36.219,1.27762,1.27784,1.50,1.50
2012.05.02 05:21:41.541,1.27761,1.27784,1.50,1.50
2012.05.02 05:21:45.323,1.2776,1.27778,1.50,3.00
2012.05.02 05:21:49.934,1.27756,1.2777,1.50,1.50
2012.05.02 05:21:50.423,1.27757,1.27774,1.50,3.00
2012.05.02 05:21:50.930,1.27757,1.27778,1.50,1.50
2012.05.02 05:21:53.960,1.27757,1.27778,3.00,1.50
2012.05.02 05:22:00.751,1.27757,1.27774,1.50,2.48
2012.05.02 05:22:01.304,1.27752,1.27774,1.50,3.00
2012.05.02 05:22:02.174,1.27754,1.27775,1.50,3.00
2012.05.02 05:22:04.631,1.27754,1.27773,1.50,1.50
2012.05.02 05:22:05.435,1.27754,1.27775,1.50,1.50
2012.05.02 05:22:06.955,1.2776,1.27775,1.50,1.50
2012.05.02 05:22:07.543,1.27754,1.27775,3.00,1.50
2012.05.02 05:22:09.107,1.27762,1.27775,1.50,1.50
2012.05.02 05:22:09.243,1.27762,1.2778,1.50,1.50
2012.05.02 05:22:09.900,1.27764,1.2778,1.50,1.50
2012.05.02 05:22:12.852,1.27761,1.2778,2.25,1.50
2012.05.02 05:22:13.516,1.27764,1.2778,1.50,1.50
2012.05.02 05:22:14.044,1.27764,1.2778,1.50,1.50
2012.05.02 05:22:20.006,1.27764,1.27781,1.50,2.48
2012.05.02 05:22:20.661,1.27766,1.27787,1.50,2.48
2012.05.02 05:22:20.811,1.27766,1.27787,1.50,2.48
2012.05.02 05:22:23.541,1.27764,1.27787,3.75,4.73
2012.05.02 05:22:25.640,1.27766,1.27787,1.50,3.23
2012.05.02 05:22:30.113,1.27764,1.27787,2.25,3.23
2012.05.02 05:22:30.660,1.27766,1.27787,3.00,2.48
2012.05.02 05:22:31.240,1.27769,1.27787,1.50,2.48
2012.05.02 05:22:31.311,1.27766,1.27785,2.25,2.48
2012.05.02 05:22:31.443,1.27769,1.27785,1.50,2.48
2012.05.02 05:22:31.580,1.27764,1.27786,1.50,2.48
2012.05.02 05:22:32.669,1.27764,1.27787,3.75,2.48
2012.05.02 05:22:33.870,1.27764,1.27788,3.75,4.73
2012.05.02 05:22:36.576,1.27764,1.27786,3.75,1.50
2012.05.02 05:22:37.460,1.27766,1.27788,1.50,3.23
2012.05.02 05:22:38.021,1.27765,1.27788,3.00,3.23
2012.05.02 05:22:40.751,1.27765,1.27788,1.50,3.23
2012.05.02 05:22:41.062,1.27776,1.27789,1.50,1.50
2012.05.02 05:22:44.331,1.27776,1.27796,2.25,1.50
2012.05.02 05:22:44.843,1.27778,1.27798,1.50,1.46
2012.05.02 05:22:45.191,1.27773,1.27798,3.00,2.25
2012.05.02 05:22:46.562,1.27778,1.27798,1.50,2.25
2012.05.02 05:22:47.189,1.27777,1.27798,1.50,1.50
2012.05.02 05:22:47.463,1.27775,1.27798,2.25,2.25
2012.05.02 05:22:47.972,1.27776,1.27799,2.25,2.25
2012.05.02 05:22:48.475,1.27774,1.27797,3.00,1.50
2012.05.02 05:22:49.115,1.27774,1.27797,3.00,1.50
2012.05.02 05:22:49.744,1.27775,1.27798,1.50,1.50
2012.05.02 05:22:50.583,1.27776,1.27799,1.50,3.00
2012.05.02 05:22:51.369,1.27774,1.27797,3.00,1.50
2012.05.02 05:22:54.247,1.27775,1.27797,1.50,1.50
2012.05.02 05:22:54.906,1.27778,1.278,1.73,3.00
2012.05.02 05:22:55.043,1.27775,1.27793,1.50,1.50
2012.05.02 05:22:55.350,1.27775,1.27796,1.50,1.50
2012.05.02 05:22:55.904,1.27772,1.27795,3.98,1.50
2012.05.02 05:22:59.875,1.27776,1.27795,1.50,1.50
2012.05.02 05:23:00.060,1.27776,1.27796,2.25,1.50
2012.05.02 05:23:07.074,1.27777,1.27796,2.25,1.50
2012.05.02 05:23:07.591,1.2778,1.27796,1.50,1.50
2012.05.02 05:23:07.790,1.27774,1.27796,2.25,1.50
2012.05.02 05:23:20.610,1.27778,1.27795,2.25,1.50
2012.05.02 05:23:29.900,1.27775,1.27795,1.50,1.50
2012.05.02 05:23:40.179,1.27774,1.27792,1.50,1.50
2012.05.02 05:23:44.071,1.27774,1.27795,1.50,1.50
2012.05.02 05:23:57.062,1.27775,1.27794,1.68,1.50
2012.05.02 05:23:57.252,1.27777,1.27798,2.25,3.23
2012.05.02 05:23:57.512,1.27777,1.27798,1.50,1.50
2012.05.02 05:23:58.122,1.27777,1.27796,1.50,1.50
2012.05.02 05:23:59.389,1.27777,1.27797,1.50,3.00
2012.05.02 05:24:07.410,1.27779,1.27799,2.25,1.50
2012.05.02 05:24:07.720,1.27779,1.278,2.25,2.85
2012.05.02 05:24:08.084,1.27783,1.27802,2.25,1.50
2012.05.02 05:24:09.969,1.27783,1.27802,2.25,1.50
2012.05.02 05:24:18.234,1.27783,1.27803,2.25,1.50
2012.05.02 05:24:24.292,1.2779,1.27804,1.50,1.50
2012.05.02 05:24:26.631,1.27788,1.27804,2.25,1.50
2012.05.02 05:24:29.392,1.27787,1.27802,2.25,1.50
2012.05.02 05:24:32.483,1.27785,1.27802,3.00,2.25
2012.05.02 05:24:53.221,1.27784,1.27802,2.25,2.25
2012.05.02 05:25:00.921,1.27783,1.278,2.25,1.50
2012.05.02 05:25:00.991,1.27783,1.278,2.25,1.50
2012.05.02 05:25:01.602,1.27784,1.27802,2.25,2.25
2012.05.02 05:25:10.472,1.27782,1.27802,1.50,1.50
2012.05.02 05:25:10.999,1.27783,1.27802,1.50,1.50
2012.05.02 05:25:13.030,1.27783,1.27801,2.25,1.50
2012.05.02 05:25:13.541,1.27781,1.27802,1.50,2.25
2012.05.02 05:25:17.223,1.27783,1.27802,2.25,1.50
2012.05.02 05:25:29.488,1.27781,1.27802,3.00,2.25
2012.05.02 05:25:30.382,1.27781,1.27801,3.00,1.50
2012.05.02 05:25:30.694,1.27781,1.27799,3.00,1.50
2012.05.02 05:25:31.167,1.27778,1.27796,1.50,1.50
2012.05.02 05:25:54.232,1.27777,1.27796,1.50,1.50
2012.05.02 05:25:54.851,1.27778,1.27794,1.50,1.50
2012.05.02 05:26:20.881,1.27778,1.27793,1.50,1.50
2012.05.02 05:26:25.530,1.27778,1.27793,1.50,1.50
2012.05.02 05:26:32.562,1.27778,1.27794,1.50,1.50
2012.05.02 05:26:35.001,1.27779,1.27794,1.50,1.50
2012.05.02 05:26:35.311,1.27779,1.27794,2.48,1.50
2012.05.02 05:26:35.381,1.27779,1.27799,2.48,2.25
2012.05.02 05:26:35.633,1.27781,1.27797,3.98,1.50
2012.05.02 05:26:35.702,1.27781,1.27797,2.48,1.50
2012.05.02 05:26:35.833,1.27775,1.27795,2.43,1.50
2012.05.02 05:26:36.359,1.27771,1.27793,3.98,1.50
2012.05.02 05:26:36.553,1.27771,1.27792,2.48,1.50
2012.05.02 05:26:46.234,1.27775,1.27793,2.25,3.23
2012.05.02 05:26:46.782,1.27774,1.27795,2.25,2.10
2012.05.02 05:26:55.377,1.27781,1.27796,1.50,2.25
2012.05.02 05:26:59.480,1.2778,1.27793,2.25,1.50
2012.05.02 05:27:41.482,1.27773,1.27793,1.50,1.50
2012.05.02 05:27:46.233,1.27769,1.27791,4.03,2.25
2012.05.02 05:27:46.743,1.27769,1.27789,3.23,2.25
2012.05.02 05:27:51.681,1.27773,1.27794,1.50,1.50
2012.05.02 05:27:51.814,1.27773,1.27796,3.00,2.25
2012.05.02 05:27:56.230,1.27779,1.27794,2.25,1.50
2012.05.02 05:27:58.943,1.2778,1.27794,2.25,1.50
2012.05.02 05:27:59.472,1.27782,1.27794,1.50,1.50
2012.05.02 05:28:00.481,1.27778,1.27794,1.50,1.50
2012.05.02 05:28:01.760,1.27774,1.27794,1.50,3.00
2012.05.02 05:28:02.822,1.27776,1.27794,1.50,1.50
2012.05.02 05:28:04.055,1.27776,1.27795,1.50,1.50
2012.05.02 05:28:04.306,1.27778,1.27794,1.50,1.50
2012.05.02 05:28:04.729,1.27778,1.27794,1.50,1.50
2012.05.02 05:28:04.913,1.27778,1.27794,1.50,1.50
2012.05.02 05:28:09.650,1.27773,1.27794,2.25,1.50
2012.05.02 05:28:17.384,1.27773,1.27794,2.25,3.71
2012.05.02 05:28:17.452,1.27773,1.27791,2.25,2.25
2012.05.02 05:28:17.583,1.27772,1.27785,1.50,1.50
2012.05.02 05:28:17.657,1.27772,1.27781,1.50,1.50
2012.05.02 05:28:17.787,1.27769,1.27785,2.48,1.50
2012.05.02 05:28:18.294,1.27768,1.27789,2.25,1.50
2012.05.02 05:28:18.671,1.27769,1.27789,2.25,1.50
2012.05.02 05:28:24.514,1.27769,1.27789,1.50,3.00
2012.05.02 05:28:25.061,1.27768,1.27788,1.50,2.25
2012.05.02 05:28:25.493,1.27768,1.2779,1.50,2.25
2012.05.02 05:28:29.256,1.27768,1.2779,1.50,2.25
2012.05.02 05:28:29.854,1.27768,1.2779,2.25,2.25
2012.05.02 05:28:32.004,1.27768,1.27791,3.75,3.00
2012.05.02 05:28:32.255,1.27771,1.27793,1.50,1.50
2012.05.02 05:28:32.777,1.27772,1.27792,1.50,1.50
2012.05.02 05:28:33.263,1.27775,1.27794,2.25,3.23
2012.05.02 05:28:36.455,1.27775,1.27793,1.50,1.50
2012.05.02 05:28:39.023,1.2777,1.27792,2.25,2.48
2012.05.02 05:28:39.155,1.2777,1.27789,1.50,1.73
2012.05.02 05:28:39.476,1.2777,1.27788,1.50,3.23
2012.05.02 05:28:39.724,1.27768,1.27787,1.50,3.23
2012.05.02 05:28:46.109,1.2777,1.27791,1.50,3.00
2012.05.02 05:28:46.295,1.2777,1.27791,1.50,2.25
2012.05.02 05:28:46.842,1.27773,1.27793,1.50,2.25
2012.05.02 05:28:47.410,1.27773,1.27793,2.43,1.50
2012.05.02 05:28:47.722,1.2778,1.27797,2.25,2.48
2012.05.02 05:28:48.263,1.27779,1.27797,2.25,2.48
2012.05.02 05:28:48.811,1.27781,1.27797,2.25,1.73
2012.05.02 05:28:55.641,1.27779,1.27797,2.25,2.48
2012.05.02 05:28:56.248,1.27779,1.27797,2.25,2.48
2012.05.02 05:28:56.553,1.27776,1.27791,1.50,2.25
2012.05.02 05:28:57.430,1.27773,1.27791,1.50,1.50
2012.05.02 05:28:58.405,1.27773,1.27792,1.50,2.25
2012.05.02 05:28:58.712,1.27772,1.2779,1.50,1.50
2012.05.02 05:28:58.785,1.27772,1.27793,1.50,1.50
2012.05.02 05:28:58.973,1.27777,1.27794,2.48,1.50
2012.05.02 05:28:59.163,1.27777,1.27796,2.25,1.50
2012.05.02 05:28:59.232,1.27777,1.27796,2.25,2.25
2012.05.02 05:29:08.091,1.27772,1.2779,1.50,1.50
2012.05.02 05:29:09.274,1.27772,1.27792,1.50,1.50
2012.05.02 05:29:09.781,1.27772,1.27792,1.50,2.25
2012.05.02 05:29:11.092,1.27772,1.27792,1.50,1.50
2012.05.02 05:29:12.386,1.27772,1.27795,1.50,3.75
2012.05.02 05:29:12.635,1.27776,1.27795,1.50,1.50
2012.05.02 05:29:14.422,1.27776,1.27795,1.50,2.25
2012.05.02 05:29:14.983,1.27773,1.27794,1.50,2.25
2012.05.02 05:29:15.058,1.27773,1.27792,1.50,2.25
2012.05.02 05:29:15.836,1.27776,1.27792,2.25,1.50
2012.05.02 05:29:19.831,1.2778,1.27793,2.25,1.50
2012.05.02 05:29:19.963,1.2778,1.27796,2.25,2.25
2012.05.02 05:29:20.034,1.2778,1.27796,2.25,1.50
2012.05.02 05:29:24.013,1.27784,1.27796,1.50,1.50
2012.05.02 05:29:24.320,1.27784,1.278,2.25,1.50
2012.05.02 05:29:26.281,1.2778,1.278,1.50,1.50
2012.05.02 05:29:27.212,1.27782,1.27799,2.25,2.25
2012.05.02 05:29:33.941,1.27779,1.27797,1.50,1.35
2012.05.02 05:29:34.254,1.27775,1.27789,1.50,1.50
2012.05.02 05:29:34.321,1.27776,1.27789,1.50,1.50
2012.05.02 05:29:34.511,1.27769,1.27789,1.50,4.50
2012.05.02 05:29:34.761,1.27769,1.27788,1.50,3.00
2012.05.02 05:29:36.512,1.27769,1.27787,1.50,2.25
2012.05.02 05:29:36.803,1.27771,1.27791,2.25,1.50
2012.05.02 05:29:37.054,1.2778,1.27792,1.50,1.50
2012.05.02 05:29:37.866,1.27781,1.27794,1.50,1.50
2012.05.02 05:29:37.939,1.27781,1.27796,1.50,1.50
2012.05.02 05:29:38.665,1.27782,1.27794,1.50,1.50
2012.05.02 05:29:39.305,1.27783,1.27794,1.50,1.50
2012.05.02 05:29:39.743,1.27783,1.27794,1.50,1.50
2012.05.02 05:29:40.265,1.27782,1.27794,1.50,1.50
2012.05.02 05:29:40.512,1.27778,1.27792,2.25,1.50
2012.05.02 05:29:40.823,1.27776,1.27792,2.25,1.50
2012.05.02 05:29:41.144,1.27779,1.27792,1.50,1.50
2012.05.02 05:29:41.923,1.27779,1.27792,1.50,1.50
2012.05.02 05:29:42.053,1.27779,1.27792,1.50,1.50
2012.05.02 05:29:42.530,1.27776,1.27797,2.25,3.23
2012.05.02 05:29:42.845,1.27778,1.27796,2.25,1.73
2012.05.02 05:29:43.981,1.27777,1.27797,3.00,2.48
2012.05.02 05:29:47.561,1.27777,1.27797,1.50,1.50
2012.05.02 05:29:48.290,1.27777,1.27796,1.50,1.73
2012.05.02 05:29:49.162,1.27777,1.27796,1.50,2.48
2012.05.02 05:29:49.703,1.27782,1.27799,2.25,1.50
2012.05.02 05:29:53.495,1.27777,1.27798,3.23,3.00
2012.05.02 05:30:02.974,1.27777,1.27798,3.23,2.25
2012.05.02 05:30:03.222,1.27777,1.27797,3.00,1.50
2012.05.02 05:30:05.604,1.27778,1.27798,2.25,1.50
2012.05.02 05:30:05.912,1.27779,1.27797,2.25,3.23
2012.05.02 05:30:07.033,1.27777,1.27796,2.25,1.50
2012.05.02 05:30:07.466,1.27775,1.27795,2.25,3.23
2012.05.02 05:30:08.241,1.27778,1.27794,2.25,1.50
2012.05.02 05:30:09.524,1.27781,1.27795,2.25,2.48
2012.05.02 05:30:09.593,1.27774,1.27794,1.50,2.25
2012.05.02 05:30:09.663,1.27774,1.27794,1.50,1.50
2012.05.02 05:30:10.175,1.27775,1.27793,2.25,1.50
2012.05.02 05:30:11.031,1.27774,1.2779,1.50,1.50
2012.05.02 05:30:11.581,1.27774,1.27793,1.50,1.50
2012.05.02 05:30:15.674,1.27774,1.27793,3.00,1.50
2012.05.02 05:30:22.191,1.27778,1.27797,2.25,1.50
2012.05.02 05:30:22.383,1.27778,1.27798,2.25,1.50
2012.05.02 05:30:22.754,1.27783,1.27798,2.25,1.50
2012.05.02 05:30:23.192,1.27781,1.27797,3.00,1.50
2012.05.02 05:30:23.442,1.27781,1.27795,3.00,1.50
2012.05.02 05:30:23.751,1.27781,1.27793,2.25,1.50
2012.05.02 05:30:24.122,1.27778,1.27795,2.25,1.50
2012.05.02 05:30:24.433,1.27776,1.27792,1.50,1.50
2012.05.02 05:30:26.712,1.27776,1.27792,1.50,2.25
2012.05.02 05:30:30.061,1.27773,1.27792,1.50,1.50
2012.05.02 05:30:32.234,1.27771,1.27791,2.25,1.50
2012.05.02 05:30:39.501,1.2777,1.27788,1.50,1.50
2012.05.02 05:30:39.713,1.2777,1.27788,3.00,1.50
2012.05.02 05:30:42.483,1.2777,1.27788,1.50,1.50
2012.05.02 05:30:44.400,1.2777,1.27788,1.50,1.50
2012.05.02 05:30:52.854,1.27771,1.27788,2.25,1.50
2012.05.02 05:30:54.033,1.27765,1.27786,2.30,1.50
2012.05.02 05:30:54.223,1.27766,1.27786,1.50,1.50
2012.05.02 05:30:54.473,1.27766,1.27782,2.25,1.50
2012.05.02 05:30:54.845,1.27766,1.27783,1.50,2.25
2012.05.02 05:30:55.982,1.27762,1.27781,1.50,1.50
2012.05.02 05:30:56.051,1.27762,1.27781,1.50,1.50
2012.05.02 05:30:56.603,1.27762,1.27781,1.50,1.50
2012.05.02 05:31:02.677,1.27762,1.27779,1.50,1.50
2012.05.02 05:31:04.235,1.27762,1.2778,1.50,2.25
2012.05.02 05:31:04.553,1.27762,1.27778,1.50,1.50
2012.05.02 05:31:05.435,1.27762,1.27777,1.50,1.50
2012.05.02 05:31:05.561,1.27762,1.2778,1.50,2.25
2012.05.02 05:31:06.773,1.27762,1.2778,1.50,3.00
2012.05.02 05:31:07.295,1.27762,1.27779,1.50,1.50
2012.05.02 05:31:07.362,1.27762,1.27778,1.50,2.25
2012.05.02 05:31:07.492,1.27762,1.27778,1.50,2.25
2012.05.02 05:31:07.623,1.27762,1.27774,1.50,1.50
2012.05.02 05:31:07.941,1.27756,1.27777,3.40,1.50
2012.05.02 05:31:08.252,1.27756,1.27779,3.40,3.00
2012.05.02 05:31:13.544,1.27756,1.27776,3.40,2.25
2012.05.02 05:31:14.820,1.27756,1.27779,3.28,2.25
2012.05.02 05:31:16.732,1.27758,1.2778,2.25,3.00
2012.05.02 05:31:21.014,1.27757,1.2778,2.25,1.50
2012.05.02 05:31:23.825,1.27756,1.27776,1.50,1.50
2012.05.02 05:31:26.272,1.27756,1.27778,1.50,3.00
2012.05.02 05:31:26.783,1.27756,1.27778,1.50,2.25
2012.05.02 05:31:27.093,1.27756,1.27778,1.50,2.25
2012.05.02 05:31:33.102,1.27759,1.2778,1.50,2.25
2012.05.02 05:31:34.564,1.27759,1.27781,1.50,1.50
2012.05.02 05:31:35.102,1.27759,1.2778,1.50,2.25
2012.05.02 05:31:44.393,1.27759,1.2778,1.50,2.25
2012.05.02 05:31:47.672,1.2776,1.27781,1.50,3.00
2012.05.02 05:31:47.803,1.27761,1.27782,2.25,2.25
2012.05.02 05:31:47.874,1.2776,1.27782,1.50,2.25
2012.05.02 05:31:48.365,1.2776,1.27782,1.50,1.50
2012.05.02 05:31:48.494,1.27765,1.27783,1.50,2.25
2012.05.02 05:31:48.807,1.27765,1.27783,1.50,3.00
2012.05.02 05:31:48.878,1.27765,1.27783,1.50,3.00
2012.05.02 05:31:49.004,1.27765,1.27781,1.50,1.50
2012.05.02 05:31:49.344,1.27765,1.2778,1.50,2.25
2012.05.02 05:31:50.794,1.2776,1.27778,1.50,3.00
2012.05.02 05:31:51.600,1.2776,1.27777,1.50,2.25
2012.05.02 05:31:52.274,1.27757,1.27776,1.50,3.00
2012.05.02 05:31:52.342,1.27757,1.27774,1.50,2.25
2012.05.02 05:31:56.791,1.27753,1.27772,2.48,2.25
2012.05.02 05:31:56.925,1.27751,1.27772,1.50,3.00
2012.05.02 05:31:57.054,1.27751,1.27767,1.50,2.48
2012.05.02 05:31:57.122,1.27751,1.27767,1.50,2.48
2012.05.02 05:31:57.629,1.27749,1.27767,2.25,2.48
2012.05.02 05:31:58.142,1.27749,1.27768,2.25,2.48
2012.05.02 05:31:58.461,1.27745,1.27768,2.25,1.73
2012.05.02 05:32:03.473,1.27746,1.27768,2.25,3.98
2012.05.02 05:32:07.284,1.27749,1.27768,3.00,2.48
2012.05.02 05:32:07.834,1.27751,1.27771,1.50,3.75
2012.05.02 05:32:08.023,1.27752,1.27768,1.50,1.73
2012.05.02 05:32:08.091,1.27752,1.27768,1.50,2.48
2012.05.02 05:32:08.532,1.27751,1.27768,1.50,2.48
2012.05.02 05:32:08.724,1.27751,1.27771,1.50,3.00
2012.05.02 05:32:08.792,1.27751,1.27771,1.50,3.00
2012.05.02 05:32:08.957,1.27751,1.27771,1.50,3.75
2012.05.02 05:32:10.703,1.27751,1.27771,1.50,2.25
2012.05.02 05:32:10.771,1.27751,1.27771,1.50,1.50
2012.05.02 05:32:11.533,1.27747,1.2777,3.00,2.25
2012.05.02 05:32:32.561,1.27747,1.27762,1.50,1.50
2012.05.02 05:32:33.081,1.27745,1.27765,1.50,2.25
2012.05.02 05:32:33.695,1.27745,1.27767,1.50,1.50
2012.05.02 05:32:34.256,1.27745,1.27768,1.50,4.73
2012.05.02 05:32:35.581,1.27745,1.27763,1.50,2.25
2012.05.02 05:32:41.715,1.27748,1.27766,1.50,2.25
2012.05.02 05:32:41.966,1.27746,1.27764,1.50,2.25
2012.05.02 05:32:42.033,1.27745,1.27766,1.50,3.38
2012.05.02 05:32:42.103,1.27745,1.27766,1.50,3.38
2012.05.02 05:32:43.043,1.27744,1.27761,1.50,1.50
2012.05.02 05:32:43.343,1.27745,1.27761,1.50,2.25
2012.05.02 05:32:44.398,1.27745,1.27763,1.50,2.25
2012.05.02 05:32:50.451,1.27745,1.27762,1.50,1.50
2012.05.02 05:32:51.242,1.27745,1.27763,1.50,2.25
2012.05.02 05:32:53.923,1.27744,1.2776,1.50,1.50
2012.05.02 05:32:54.238,1.27729,1.27749,1.73,2.25
2012.05.02 05:32:54.306,1.27729,1.27748,1.73,2.25
2012.05.02 05:32:54.611,1.27726,1.2775,1.55,1.73
2012.05.02 05:32:54.681,1.27725,1.2775,1.72,2.48
2012.05.02 05:32:55.231,1.27733,1.27753,2.25,1.88
2012.05.02 05:32:59.012,1.27741,1.27753,1.50,3.23
2012.05.02 05:32:59.384,1.27736,1.27751,2.25,1.73
2012.05.02 05:32:59.631,1.27726,1.2775,2.25,2.25
2012.05.02 05:32:59.702,1.27726,1.2775,1.50,3.00
2012.05.02 05:33:00.013,1.27729,1.27745,1.50,1.73
2012.05.02 05:33:00.082,1.27729,1.27747,2.25,1.50
2012.05.02 05:33:00.476,1.27727,1.27747,2.25,2.25
2012.05.02 05:33:00.783,1.27734,1.27747,1.50,2.25
2012.05.02 05:33:01.203,1.27732,1.27747,2.25,2.25
2012.05.02 05:33:01.673,1.27732,1.27747,2.25,2.25
2012.05.02 05:33:02.953,1.27729,1.27747,2.25,2.25
2012.05.02 05:33:07.383,1.27726,1.27747,1.50,2.25
2012.05.02 05:33:07.571,1.27726,1.27747,1.50,2.25
2012.05.02 05:33:07.703,1.27733,1.27747,1.50,2.25
2012.05.02 05:33:07.830,1.2773,1.27747,2.25,2.25
2012.05.02 05:33:09.940,1.27728,1.27746,2.25,1.50
2012.05.02 05:33:11.484,1.27731,1.27747,2.25,1.50
2012.05.02 05:33:12.024,1.27733,1.27748,2.25,1.50
2012.05.02 05:33:12.273,1.27736,1.27753,1.50,1.50
2012.05.02 05:33:15.963,1.27737,1.27753,2.25,1.50
2012.05.02 05:33:17.227,1.27741,1.27753,1.50,1.50
2012.05.02 05:33:17.957,1.27742,1.27753,1.50,1.50
2012.05.02 05:33:19.613,1.27741,1.27753,1.50,1.50
2012.05.02 05:33:22.772,1.27739,1.27753,2.25,1.50
2012.05.02 05:33:23.543,1.27735,1.2775,1.50,1.73
2012.05.02 05:33:23.853,1.27737,1.27753,2.25,1.50
2012.05.02 05:33:24.406,1.27734,1.27752,2.25,1.50
2012.05.02 05:33:24.535,1.27733,1.2775,2.25,1.73
2012.05.02 05:33:29.174,1.27735,1.2775,2.25,1.73
2012.05.02 05:33:29.541,1.27734,1.2775,2.25,3.23
2012.05.02 05:33:30.137,1.27732,1.27748,1.50,1.50
2012.05.02 05:33:32.822,1.27729,1.27748,2.25,1.50
2012.05.02 05:33:35.482,1.27729,1.27747,2.25,1.50
2012.05.02 05:33:38.133,1.27729,1.27743,2.25,1.73
2012.05.02 05:33:38.446,1.27729,1.27739,2.25,1.73
2012.05.02 05:33:38.575,1.27729,1.27739,1.50,1.73
2012.05.02 05:33:38.645,1.27725,1.27746,4.73,1.50
2012.05.02 05:33:38.833,1.27734,1.27746,1.50,1.50
2012.05.02 05:33:38.961,1.27734,1.27748,2.25,1.50
2012.05.02 05:33:41.073,1.27737,1.27749,1.50,1.50
2012.05.02 05:33:41.343,1.27732,1.27749,1.50,1.50
2012.05.02 05:33:46.773,1.27734,1.2775,2.25,1.50
2012.05.02 05:33:47.302,1.27734,1.2775,2.25,1.50
2012.05.02 05:33:47.864,1.27737,1.27752,1.50,1.50
2012.05.02 05:33:48.499,1.27736,1.27752,2.25,1.50
2012.05.02 05:33:59.313,1.27731,1.27748,2.25,1.50
2012.05.02 05:34:00.774,1.27732,1.2775,3.00,1.50
2012.05.02 05:34:01.321,1.2773,1.27751,4.73,1.50
2012.05.02 05:34:03.535,1.27731,1.27749,1.50,1.50
2012.05.02 05:34:03.976,1.27732,1.27751,2.25,1.50
2012.05.02 05:34:04.282,1.27732,1.27751,2.25,1.50
2012.05.02 05:34:08.502,1.27733,1.27753,1.50,1.50
2012.05.02 05:34:09.895,1.27738,1.27753,1.50,1.50
2012.05.02 05:34:10.422,1.27738,1.27753,2.25,1.50
2012.05.02 05:34:11.302,1.27737,1.27756,2.25,3.23
2012.05.02 05:34:12.341,1.27733,1.27751,1.50,1.50
2012.05.02 05:34:13.063,1.27733,1.27755,1.50,2.25
2012.05.02 05:34:20.645,1.27732,1.2775,1.50,1.50
2012.05.02 05:34:21.432,1.2773,1.27748,1.55,1.50
2012.05.02 05:34:22.292,1.2773,1.27749,1.50,1.50
2012.05.02 05:34:23.802,1.27731,1.2775,1.50,1.50
2012.05.02 05:34:24.062,1.27731,1.27752,1.50,3.00
2012.05.02 05:34:24.336,1.27731,1.27749,1.50,1.50
2012.05.02 05:34:24.752,1.27731,1.27752,3.00,1.50
2012.05.02 05:34:30.951,1.27733,1.27751,1.50,1.50
2012.05.02 05:34:31.504,1.27733,1.27753,1.50,1.50
2012.05.02 05:34:34.561,1.27731,1.27753,1.50,3.00
2012.05.02 05:34:35.673,1.27729,1.27749,2.25,1.50
2012.05.02 05:34:37.425,1.27731,1.27751,2.25,3.23
2012.05.02 05:34:38.117,1.27731,1.2775,2.25,1.50
2012.05.02 05:34:38.608,1.27729,1.27747,2.25,2.48
2012.05.02 05:34:39.034,1.27725,1.27745,3.00,1.50
2012.05.02 05:34:39.165,1.27725,1.27745,3.00,1.50
2012.05.02 05:34:39.352,1.27725,1.27741,1.50,1.50
2012.05.02 05:34:39.547,1.27725,1.27743,1.50,3.00
2012.05.02 05:34:39.673,1.27725,1.27744,1.50,1.50
2012.05.02 05:34:39.934,1.27725,1.27745,2.25,1.50
2012.05.02 05:34:40.573,1.27727,1.27748,1.50,3.75
2012.05.02 05:34:42.556,1.27731,1.27751,2.25,1.50
2012.05.02 05:34:51.564,1.27728,1.27751,3.00,3.75
2012.05.02 05:34:52.563,1.27734,1.27754,2.25,2.25
2012.05.02 05:34:52.873,1.27736,1.27752,2.25,2.48
2012.05.02 05:34:53.127,1.27735,1.27752,2.25,3.23
2012.05.02 05:34:58.032,1.27735,1.27749,2.25,1.73
2012.05.02 05:34:58.474,1.2773,1.27752,1.50,2.25
2012.05.02 05:34:58.544,1.27736,1.27752,1.50,2.25
2012.05.02 05:34:58.793,1.27731,1.27746,2.25,1.73
2012.05.02 05:34:58.865,1.27731,1.27746,3.00,1.73
2012.05.02 05:34:58.933,1.27731,1.27748,3.00,1.73
2012.05.02 05:34:59.124,1.27735,1.27752,2.25,1.50
2012.05.02 05:34:59.313,1.27735,1.27747,2.25,1.73
2012.05.02 05:34:59.565,1.27735,1.27752,2.25,1.50
2012.05.02 05:35:00.332,1.27738,1.27752,1.50,1.50
2012.05.02 05:35:00.827,1.2774,1.27752,1.50,1.50
2012.05.02 05:35:01.134,1.27742,1.27752,1.50,1.50
2012.05.02 05:35:01.358,1.27739,1.27756,2.25,2.25
2012.05.02 05:35:01.545,1.27744,1.27756,1.50,1.50
2012.05.02 05:35:01.796,1.27736,1.27756,2.25,1.50
2012.05.02 05:35:03.525,1.27738,1.27756,1.50,1.50
2012.05.02 05:35:03.714,1.27738,1.27756,1.50,1.50
2012.05.02 05:35:04.122,1.27738,1.27758,1.50,2.25
2012.05.02 05:35:04.672,1.27738,1.27758,3.00,1.50
2012.05.02 05:35:10.294,1.27737,1.27756,1.50,1.50
2012.05.02 05:35:11.162,1.27736,1.27756,2.25,1.50
2012.05.02 05:35:12.792,1.27733,1.27753,3.23,2.25
2012.05.02 05:35:13.102,1.27733,1.27752,2.48,1.50
2012.05.02 05:35:13.644,1.27738,1.27752,2.25,1.50
2012.05.02 05:35:14.353,1.27738,1.27756,2.25,1.50
2012.05.02 05:35:17.063,1.27741,1.27754,1.50,1.50
2012.05.02 05:35:17.414,1.27743,1.27754,1.50,1.50
2012.05.02 05:35:17.964,1.2774,1.27756,2.25,1.50
2012.05.02 05:35:18.333,1.2774,1.27758,2.25,1.50
2012.05.02 05:35:29.411,1.27742,1.27758,2.25,2.25
2012.05.02 05:35:32.381,1.27737,1.27758,3.23,3.75
2012.05.02 05:35:32.693,1.27742,1.27758,1.50,2.25
2012.05.02 05:35:34.219,1.27741,1.27758,1.50,2.25
2012.05.02 05:35:42.266,1.27742,1.27758,1.50,2.25
2012.05.02 05:35:44.403,1.2774,1.27758,2.25,2.25
2012.05.02 05:35:46.871,1.27735,1.27754,3.00,2.25
2012.05.02 05:35:47.446,1.27732,1.27749,1.50,1.50
2012.05.02 05:35:47.824,1.27731,1.27752,2.25,2.25
2012.05.02 05:35:48.168,1.27731,1.27752,2.25,2.25
2012.05.02 05:35:53.534,1.27732,1.27748,1.50,1.50
2012.05.02 05:35:55.097,1.27732,1.27749,1.50,1.50
2012.05.02 05:35:55.683,1.27732,1.2775,2.25,2.25
2012.05.02 05:35:56.202,1.27735,1.27753,2.48,2.25
2012.05.02 05:35:56.753,1.27732,1.27752,1.50,2.25
2012.05.02 05:36:00.864,1.27733,1.27748,1.50,1.50
2012.05.02 05:36:01.061,1.27731,1.2775,2.25,2.25
2012.05.02 05:36:06.393,1.27731,1.27749,2.25,1.50
2012.05.02 05:36:07.105,1.27731,1.27751,3.00,1.50
2012.05.02 05:36:08.314,1.27733,1.27751,2.25,1.50
2012.05.02 05:36:10.295,1.27733,1.27749,1.50,1.50
2012.05.02 05:36:10.614,1.27728,1.27744,3.00,1.50
2012.05.02 05:36:11.185,1.27731,1.27747,1.50,1.50
2012.05.02 05:36:12.175,1.27732,1.27749,1.50,1.50
2012.05.02 05:36:12.244,1.27729,1.27749,2.25,1.50
2012.05.02 05:36:16.666,1.2773,1.27749,3.00,1.50
2012.05.02 05:36:21.613,1.27729,1.27749,1.50,1.50
2012.05.02 05:36:22.096,1.27728,1.27741,1.50,1.50
2012.05.02 05:36:22.162,1.27728,1.27745,1.50,3.98
2012.05.02 05:36:22.704,1.27729,1.27745,1.50,3.98
2012.05.02 05:36:22.774,1.27729,1.27739,1.50,1.50
2012.05.02 05:36:22.963,1.27729,1.27742,2.25,1.50
2012.05.02 05:36:23.542,1.27729,1.2774,2.25,1.50
2012.05.02 05:36:24.003,1.27729,1.27742,2.25,1.50
2012.05.02 05:36:24.286,1.27729,1.27747,2.25,2.25
2012.05.02 05:36:27.316,1.2773,1.27742,1.50,1.50
2012.05.02 05:36:27.862,1.2773,1.27742,1.50,1.50
2012.05.02 05:36:27.934,1.2773,1.27744,1.50,2.25
2012.05.02 05:36:28.002,1.2773,1.27742,1.50,1.50
2012.05.02 05:36:29.313,1.2773,1.27742,1.50,1.50
2012.05.02 05:36:40.295,1.27729,1.27749,1.50,3.00
2012.05.02 05:36:40.772,1.27727,1.27749,2.25,3.00
2012.05.02 05:36:47.332,1.27726,1.27746,1.50,2.48
2012.05.02 05:36:48.203,1.27726,1.27746,1.50,2.48
2012.05.02 05:36:54.414,1.27726,1.27746,1.50,1.05
2012.05.02 05:36:54.962,1.27728,1.27746,1.50,1.05
2012.05.02 05:36:55.106,1.27735,1.2775,1.50,2.48
2012.05.02 05:36:55.353,1.27731,1.2775,2.25,2.48
2012.05.02 05:36:55.605,1.27733,1.27748,1.50,2.48
2012.05.02 05:36:55.914,1.27738,1.27752,1.50,1.50
2012.05.02 05:36:56.225,1.27738,1.27753,1.50,1.50
2012.05.02 05:36:56.885,1.27738,1.27753,1.50,1.50
2012.05.02 05:36:57.135,1.2774,1.27754,1.50,1.50
2012.05.02 05:36:57.914,1.27742,1.27754,1.50,1.50
2012.05.02 05:36:58.682,1.27742,1.27754,1.50,2.25
2012.05.02 05:36:58.813,1.27739,1.27754,2.25,1.50
2012.05.02 05:36:58.885,1.27739,1.27754,2.25,1.50
2012.05.02 05:36:59.404,1.27739,1.27754,1.50,1.50
2012.05.02 05:37:03.323,1.27742,1.27754,1.50,1.50
2012.05.02 05:37:03.533,1.27736,1.27753,2.25,1.50
2012.05.02 05:37:04.173,1.27737,1.27754,1.50,1.50
2012.05.02 05:37:04.245,1.27738,1.27754,1.50,1.50
2012.05.02 05:37:04.725,1.27735,1.27754,2.25,1.50
2012.05.02 05:37:05.297,1.27737,1.27754,1.50,1.50
2012.05.02 05:37:05.846,1.27738,1.27754,1.50,1.50
2012.05.02 05:37:06.173,1.27736,1.27754,2.25,1.50
2012.05.02 05:37:06.802,1.27737,1.27754,1.50,1.50
2012.05.02 05:37:07.113,1.27737,1.27754,1.50,1.50
2012.05.02 05:37:07.627,1.2774,1.27754,1.50,1.50
2012.05.02 05:37:07.897,1.27738,1.27754,1.50,1.50
2012.05.02 05:37:08.604,1.27737,1.27754,1.50,1.50
2012.05.02 05:37:08.965,1.27743,1.27754,1.50,1.50
2012.05.02 05:37:09.474,1.27742,1.27758,1.50,1.50
2012.05.02 05:37:11.222,1.27737,1.27758,2.25,1.50
2012.05.02 05:37:12.283,1.27741,1.27754,1.50,1.50
2012.05.02 05:37:12.414,1.27739,1.27754,1.50,2.25
2012.05.02 05:37:12.544,1.27736,1.27754,2.25,1.50
2012.05.02 05:37:13.118,1.27737,1.27754,1.50,1.50
2012.05.02 05:37:17.141,1.27735,1.27754,2.48,1.50
2012.05.02 05:37:18.421,1.27737,1.27754,1.50,1.50
2012.05.02 05:37:23.072,1.2774,1.27754,1.50,1.50
2012.05.02 05:37:23.242,1.27737,1.27754,1.50,1.50
2012.05.02 05:37:27.325,1.27738,1.27754,1.50,1.50
2012.05.02 05:37:27.614,1.27735,1.27754,3.23,1.50
2012.05.02 05:37:27.863,1.27738,1.27754,1.50,1.50
2012.05.02 05:37:28.634,1.27737,1.27754,2.25,1.50
2012.05.02 05:37:30.334,1.27734,1.27754,2.25,1.50
2012.05.02 05:37:30.897,1.27737,1.27754,1.50,1.50
2012.05.02 05:37:31.202,1.27739,1.27754,1.50,1.50
2012.05.02 05:37:31.514,1.27739,1.27751,1.50,1.50
2012.05.02 05:37:31.702,1.27734,1.27751,2.25,1.50
2012.05.02 05:37:40.541,1.27732,1.27751,2.25,1.50
2012.05.02 05:37:42.717,1.2773,1.27751,2.25,1.50
2012.05.02 05:37:43.144,1.27732,1.27748,1.50,1.50
2012.05.02 05:37:43.693,1.27732,1.27748,2.25,1.50
2012.05.02 05:37:44.028,1.27732,1.27748,1.50,1.50
2012.05.02 05:37:44.407,1.27729,1.27746,1.50,1.50
2012.05.02 05:37:49.003,1.27726,1.27745,1.50,1.50
2012.05.02 05:37:49.074,1.27725,1.2774,1.50,1.73
2012.05.02 05:37:49.212,1.27725,1.2774,1.50,1.73
2012.05.02 05:37:49.961,1.27729,1.27746,1.50,1.50
2012.05.02 05:37:50.484,1.27729,1.27746,1.50,1.50
2012.05.02 05:37:51.865,1.27728,1.27746,2.25,1.50
2012.05.02 05:37:52.174,1.27727,1.27746,2.48,3.00
2012.05.02 05:37:52.835,1.27727,1.27745,2.48,2.25
2012.05.02 05:37:53.988,1.27728,1.27746,2.25,1.50
2012.05.02 05:37:58.143,1.27732,1.27746,1.50,1.50
2012.05.02 05:37:58.453,1.27736,1.27746,1.50,1.50
2012.05.02 05:37:58.702,1.27733,1.2775,1.50,1.50
2012.05.02 05:37:59.002,1.27733,1.2775,1.50,1.50
2012.05.02 05:37:59.076,1.27731,1.2775,1.50,1.50
2012.05.02 05:38:00.033,1.27733,1.27749,1.50,1.50
2012.05.02 05:38:01.082,1.27733,1.27749,1.50,1.50
2012.05.02 05:38:01.528,1.27735,1.27749,1.50,1.50
2012.05.02 05:38:03.424,1.27736,1.27749,1.50,1.50
2012.05.02 05:38:06.633,1.27737,1.27749,1.50,1.50
2012.05.02 05:38:07.146,1.27737,1.27749,1.55,1.50
2012.05.02 05:38:07.458,1.27737,1.27749,2.25,1.50
2012.05.02 05:38:07.525,1.27737,1.27749,2.25,1.50
2012.05.02 05:38:07.773,1.27743,1.27759,2.25,2.48
2012.05.02 05:38:08.445,1.27742,1.27757,1.50,2.48
2012.05.02 05:38:09.157,1.27743,1.27757,1.50,2.48
2012.05.02 05:38:16.105,1.27743,1.27757,1.50,2.48
2012.05.02 05:38:16.402,1.27739,1.27757,2.25,2.48
2012.05.02 05:38:16.653,1.27743,1.27757,1.50,2.48
2012.05.02 05:38:18.703,1.27738,1.27757,3.00,2.48
2012.05.02 05:38:23.176,1.27738,1.27756,1.50,1.50
2012.05.02 05:38:23.550,1.27738,1.27756,1.50,2.25
2012.05.02 05:38:25.831,1.27736,1.27756,2.25,2.25
2012.05.02 05:38:29.584,1.27738,1.27758,4.73,1.50
2012.05.02 05:38:30.144,1.27741,1.27761,2.25,1.50
2012.05.02 05:38:30.455,1.27744,1.27759,1.50,1.50
2012.05.02 05:38:30.525,1.27739,1.27759,1.50,1.50
2012.05.02 05:38:32.203,1.2774,1.27756,1.50,3.23
2012.05.02 05:38:33.319,1.27739,1.27756,2.25,3.23
2012.05.02 05:38:33.506,1.27741,1.27754,1.50,1.50
2012.05.02 05:38:33.825,1.27738,1.27755,2.25,1.50
2012.05.02 05:38:34.134,1.27744,1.27756,1.50,1.50
2012.05.02 05:38:34.403,1.27742,1.27756,1.50,1.50
2012.05.02 05:38:34.894,1.27745,1.27756,1.50,1.50
2012.05.02 05:38:36.608,1.27743,1.27759,2.25,3.23
2012.05.02 05:38:37.405,1.27743,1.27756,2.25,1.35
2012.05.02 05:38:37.793,1.27736,1.27755,2.25,1.50
2012.05.02 05:38:37.985,1.27736,1.27754,2.25,2.10
2012.05.02 05:38:40.121,1.27734,1.27754,3.00,3.83
2012.05.02 05:38:43.783,1.27735,1.27754,2.25,2.48
2012.05.02 05:38:44.093,1.27738,1.27757,2.25,1.50
2012.05.02 05:38:44.616,1.27741,1.27757,1.50,1.50
2012.05.02 05:38:45.134,1.2774,1.27759,2.25,1.50
2012.05.02 05:38:47.114,1.27735,1.27756,2.25,1.50
2012.05.02 05:38:47.662,1.27739,1.27755,1.50,3.23
2012.05.02 05:38:47.802,1.27739,1.27755,2.25,2.48
2012.05.02 05:38:48.163,1.27739,1.27755,2.25,2.48
2012.05.02 05:38:50.392,1.27734,1.27751,1.50,1.50
2012.05.02 05:38:50.581,1.27734,1.27751,1.50,2.25
2012.05.02 05:38:50.712,1.27729,1.27751,1.50,3.00
2012.05.02 05:38:52.364,1.27729,1.27749,1.50,2.25
2012.05.02 05:38:52.972,1.27727,1.27748,2.25,2.25
2012.05.02 05:38:54.723,1.27735,1.27748,1.50,1.50
2012.05.02 05:38:55.099,1.27733,1.27752,2.25,4.73
2012.05.02 05:38:56.114,1.27734,1.2775,1.50,1.50
2012.05.02 05:38:56.363,1.27736,1.2775,1.50,1.50
2012.05.02 05:38:56.873,1.27734,1.27752,2.25,1.50
2012.05.02 05:38:57.182,1.27737,1.27752,1.50,1.50
2012.05.02 05:38:58.299,1.27737,1.27751,1.50,1.50
2012.05.02 05:38:58.486,1.27734,1.27752,2.25,1.50
2012.05.02 05:38:58.617,1.27739,1.27756,2.25,4.13
2012.05.02 05:38:59.163,1.27742,1.2776,2.25,1.50
2012.05.02 05:38:59.353,1.27746,1.2776,1.50,1.50
2012.05.02 05:38:59.893,1.27745,1.27757,1.50,1.50
2012.05.02 05:39:05.976,1.27742,1.2776,2.25,1.50
2012.05.02 05:39:06.044,1.27742,1.2776,2.25,1.50
2012.05.02 05:39:06.113,1.27742,1.2776,2.25,1.50
2012.05.02 05:39:06.423,1.27749,1.27761,1.50,1.50
2012.05.02 05:39:06.973,1.27746,1.27761,2.25,1.50
2012.05.02 05:39:09.483,1.27746,1.2776,2.25,1.50
2012.05.02 05:39:10.121,1.27746,1.2776,2.25,1.50
2012.05.02 05:39:10.453,1.27745,1.2776,2.25,1.50
2012.05.02 05:39:11.110,1.27745,1.2776,2.25,1.50
2012.05.02 05:39:13.822,1.27746,1.2776,1.50,1.50
2012.05.02 05:39:14.383,1.27745,1.27759,1.50,1.50
2012.05.02 05:39:14.914,1.27745,1.2776,2.25,1.50
2012.05.02 05:39:16.521,1.27744,1.2776,2.25,1.50
2012.05.02 05:39:21.361,1.27739,1.2776,2.25,1.50
2012.05.02 05:39:22.089,1.27739,1.2776,2.25,1.50
2012.05.02 05:39:23.131,1.27739,1.2776,2.25,1.50
2012.05.02 05:39:23.657,1.27739,1.2776,5.53,1.50
2012.05.02 05:39:24.172,1.27745,1.27762,2.25,1.50
2012.05.02 05:39:24.302,1.27746,1.27762,2.25,1.50
2012.05.02 05:39:24.823,1.27746,1.27762,2.25,1.50
2012.05.02 05:39:27.472,1.27745,1.27762,2.25,1.50
2012.05.02 05:39:27.784,1.27744,1.27762,2.25,1.50
2012.05.02 05:39:33.671,1.27748,1.27763,1.50,1.50
2012.05.02 05:39:33.922,1.27746,1.27763,2.25,1.50
2012.05.02 05:39:34.452,1.27746,1.27763,2.25,1.50
2012.05.02 05:39:36.212,1.27743,1.27763,3.00,2.48
2012.05.02 05:39:37.972,1.2774,1.2776,1.50,1.50
2012.05.02 05:39:38.501,1.27742,1.27763,2.25,3.98
2012.05.02 05:39:41.573,1.2774,1.27759,1.50,1.50
2012.05.02 05:39:41.762,1.2774,1.27756,1.50,1.50
2012.05.02 05:39:41.833,1.2774,1.27758,1.50,1.50
2012.05.02 05:39:42.533,1.2774,1.27758,1.50,2.25
2012.05.02 05:39:43.305,1.27738,1.27754,2.48,1.50
2012.05.02 05:39:43.812,1.27738,1.27755,2.48,1.50
2012.05.02 05:39:44.923,1.27738,1.27754,2.48,1.50
2012.05.02 05:39:46.002,1.27738,1.27754,2.48,1.50
2012.05.02 05:39:47.114,1.27738,1.27753,2.48,1.50
2012.05.02 05:39:47.183,1.27738,1.27753,2.48,1.50
2012.05.02 05:39:47.494,1.27734,1.27751,2.48,1.50
2012.05.02 05:39:47.626,1.27734,1.27748,2.48,1.50
2012.05.02 05:39:47.936,1.27729,1.27748,2.48,2.25
2012.05.02 05:39:48.184,1.27728,1.27743,2.48,1.50
2012.05.02 05:39:48.253,1.27727,1.27741,3.23,1.50
2012.05.02 05:39:48.801,1.27727,1.27745,3.23,1.50
2012.05.02 05:39:49.130,1.27727,1.27747,3.23,1.50
2012.05.02 05:39:50.181,1.27727,1.27746,3.23,1.50
2012.05.02 05:39:52.904,1.27729,1.27745,2.48,2.25
2012.05.02 05:39:53.434,1.27729,1.27745,2.48,2.25
2012.05.02 05:39:55.015,1.27729,1.27746,2.65,1.50
2012.05.02 05:39:55.641,1.27728,1.27747,3.23,1.50
2012.05.02 05:39:56.193,1.27728,1.27746,2.48,1.50
2012.05.02 05:40:03.092,1.2773,1.27747,2.25,1.50
2012.05.02 05:40:03.223,1.27728,1.27748,2.48,1.50
2012.05.02 05:40:03.775,1.27728,1.27745,2.48,1.50
2012.05.02 05:40:03.983,1.27728,1.27745,2.48,1.50
2012.05.02 05:40:04.624,1.27728,1.27746,2.48,1.50
2012.05.02 05:40:04.945,1.27728,1.27743,2.48,1.50
2012.05.02 05:40:12.482,1.27728,1.27746,2.48,3.00
2012.05.02 05:40:14.103,1.27725,1.27747,1.50,1.50
2012.05.02 05:40:17.776,1.27725,1.27748,3.00,1.50
2012.05.02 05:40:18.083,1.27727,1.27748,3.00,1.50
2012.05.02 05:40:21.321,1.27728,1.27748,2.48,3.00
2012.05.02 05:40:24.803,1.27728,1.27746,2.48,2.25
2012.05.02 05:40:25.592,1.27725,1.27746,1.50,1.50
2012.05.02 05:40:25.793,1.27725,1.27748,1.50,3.00
2012.05.02 05:40:29.275,1.27729,1.27746,2.48,2.25
2012.05.02 05:40:38.785,1.27728,1.27748,2.25,1.50
2012.05.02 05:40:40.433,1.27729,1.27746,2.48,1.50
2012.05.02 05:40:53.034,1.27726,1.27749,3.00,3.98
2012.05.02 05:40:53.223,1.27726,1.27748,2.25,1.50
2012.05.02 05:40:53.673,1.2772,1.2774,2.25,1.50
2012.05.02 05:40:55.013,1.27724,1.27746,2.63,2.25
2012.05.02 05:40:55.553,1.27729,1.27746,2.48,1.50
2012.05.02 05:40:56.945,1.27733,1.27749,2.25,1.50
2012.05.02 05:40:57.493,1.27733,1.27748,2.25,1.50
2012.05.02 05:40:58.422,1.27733,1.27749,2.25,2.25
2012.05.02 05:40:59.922,1.27728,1.27747,3.23,1.50
2012.05.02 05:41:00.384,1.27728,1.27745,3.23,1.50
2012.05.02 05:41:01.824,1.27728,1.27748,3.23,1.50
2012.05.02 05:41:02.000,1.27728,1.27748,3.23,2.25
2012.05.02 05:41:02.900,1.27728,1.27748,3.23,2.25
2012.05.02 05:41:03.794,1.27728,1.27745,3.23,1.50
2012.05.02 05:41:07.754,1.27728,1.27742,3.23,1.50
2012.05.02 05:41:07.822,1.27728,1.27742,3.23,1.50
2012.05.02 05:41:07.900,1.27728,1.27744,3.23,1.50
2012.05.02 05:41:08.053,1.27728,1.27741,3.23,1.50
2012.05.02 05:41:08.665,1.27728,1.27744,3.23,1.50
2012.05.02 05:41:09.239,1.27728,1.27747,2.48,2.25
2012.05.02 05:41:10.601,1.27729,1.27749,1.50,1.50
2012.05.02 05:41:11.052,1.27729,1.27752,2.25,3.75
2012.05.02 05:41:12.010,1.27729,1.27748,1.50,2.25
2012.05.02 05:41:12.920,1.27728,1.27746,2.48,1.50
2012.05.02 05:41:13.441,1.27729,1.27749,1.50,1.50
2012.05.02 05:41:16.792,1.2773,1.27747,1.50,1.50
2012.05.02 05:41:17.293,1.2773,1.27749,1.50,3.00
2012.05.02 05:41:21.603,1.27733,1.27754,2.25,3.00
2012.05.02 05:41:21.853,1.27733,1.27754,2.25,3.00
2012.05.02 05:41:27.583,1.27738,1.27755,1.50,3.23
2012.05.02 05:41:27.892,1.27744,1.27756,1.50,1.50
2012.05.02 05:41:27.962,1.27744,1.27765,2.25,4.50
2012.05.02 05:41:28.534,1.27742,1.27758,1.50,1.50
2012.05.02 05:41:28.602,1.27742,1.27758,1.50,1.50
2012.05.02 05:41:28.854,1.27741,1.27763,2.25,1.50
2012.05.02 05:41:29.175,1.27744,1.27764,3.00,1.50
2012.05.02 05:41:31.130,1.27744,1.27763,2.25,1.50
2012.05.02 05:41:43.154,1.27741,1.27761,1.50,1.50
2012.05.02 05:41:43.225,1.27741,1.27759,1.50,1.50
2012.05.02 05:41:43.295,1.27738,1.27756,1.68,1.50
2012.05.02 05:41:43.483,1.27738,1.27756,1.50,1.50
2012.05.02 05:41:45.713,1.27737,1.27756,3.23,2.25
2012.05.02 05:41:46.081,1.27737,1.27756,3.98,1.50
2012.05.02 05:41:46.602,1.27739,1.27759,1.50,3.00
2012.05.02 05:41:47.354,1.27739,1.27756,3.23,1.50
2012.05.02 05:41:47.793,1.27741,1.27761,1.50,1.50
2012.05.02 05:41:49.753,1.27742,1.27757,1.50,1.50
2012.05.02 05:41:50.526,1.27738,1.27758,3.23,1.50
2012.05.02 05:41:51.053,1.27739,1.2776,2.25,1.50
2012.05.02 05:42:00.834,1.27747,1.27765,1.50,3.23
2012.05.02 05:42:00.905,1.27747,1.27765,2.25,1.50
2012.05.02 05:42:01.675,1.27751,1.27765,1.50,1.50
2012.05.02 05:42:04.609,1.27751,1.27765,1.50,1.50
2012.05.02 05:42:05.132,1.27749,1.27765,2.25,1.50
2012.05.02 05:42:07.976,1.2776,1.27771,1.50,2.85
2012.05.02 05:42:08.043,1.2776,1.27771,1.50,2.10
2012.05.02 05:42:08.545,1.2776,1.27775,1.50,1.50
2012.05.02 05:42:09.053,1.27759,1.27775,1.50,1.50
2012.05.02 05:42:09.125,1.27757,1.27775,2.25,1.50
2012.05.02 05:42:11.125,1.27753,1.27773,3.00,1.50
2012.05.02 05:42:11.550,1.27753,1.27773,1.50,1.50
2012.05.02 05:42:12.973,1.27752,1.2777,2.25,1.50
2012.05.02 05:42:14.021,1.27749,1.27769,2.25,1.50
2012.05.02 05:42:17.554,1.2775,1.2777,1.50,1.50
2012.05.02 05:42:20.223,1.27749,1.2777,2.25,3.00
2012.05.02 05:42:20.964,1.27749,1.2777,2.25,2.25
2012.05.02 05:42:28.566,1.27749,1.27768,2.25,2.25
2012.05.02 05:42:28.634,1.2775,1.27768,1.50,2.25
2012.05.02 05:42:29.006,1.2775,1.2777,1.50,1.50
2012.05.02 05:42:29.073,1.2775,1.27768,1.50,1.50
2012.05.02 05:42:29.206,1.2775,1.27768,1.50,1.50
2012.05.02 05:42:29.273,1.27749,1.27769,2.25,2.25
2012.05.02 05:42:29.344,1.27755,1.27769,1.50,2.25
2012.05.02 05:42:29.799,1.27752,1.27769,2.25,2.25
2012.05.02 05:42:30.379,1.2775,1.27769,2.25,2.25
2012.05.02 05:42:30.503,1.27753,1.27769,1.50,2.25
2012.05.02 05:42:31.267,1.27747,1.27766,2.25,1.50
2012.05.02 05:42:31.816,1.27751,1.27769,1.50,1.50
2012.05.02 05:42:31.886,1.27752,1.27772,1.50,2.25
2012.05.02 05:42:32.256,1.27756,1.27773,1.50,1.50
2012.05.02 05:42:32.446,1.27754,1.27773,2.25,1.50
2012.05.02 05:42:33.253,1.27754,1.2777,2.25,1.50
2012.05.02 05:42:33.622,1.27753,1.27772,2.25,1.50
2012.05.02 05:42:34.866,1.27759,1.27776,1.50,1.50
2012.05.02 05:42:36.950,1.27756,1.27777,1.50,1.50
2012.05.02 05:42:37.587,1.27754,1.27771,2.48,1.50
2012.05.02 05:42:38.125,1.27755,1.27775,2.48,2.25
2012.05.02 05:42:40.071,1.27755,1.27776,3.23,2.25
2012.05.02 05:42:40.141,1.27753,1.27771,2.25,2.48
2012.05.02 05:42:40.205,1.27752,1.27768,2.25,1.50
2012.05.02 05:42:40.573,1.27751,1.27768,1.50,1.50
2012.05.02 05:42:41.154,1.27747,1.27767,2.25,1.50
2012.05.02 05:42:41.678,1.27746,1.27766,2.25,1.50
2012.05.02 05:42:43.224,1.2775,1.27766,1.50,1.50
2012.05.02 05:42:43.351,1.2775,1.27769,2.25,1.50
2012.05.02 05:42:43.954,1.27752,1.27769,2.25,1.50
2012.05.02 05:42:44.144,1.27751,1.27769,3.00,1.50
2012.05.02 05:42:44.709,1.27751,1.27767,1.50,2.48
2012.05.02 05:42:45.260,1.27748,1.27767,2.25,3.23
2012.05.02 05:42:45.973,1.27748,1.27766,2.25,1.50
2012.05.02 05:42:46.435,1.27747,1.27765,1.50,3.23
2012.05.02 05:42:46.984,1.27747,1.27762,2.25,1.50
2012.05.02 05:42:51.555,1.27751,1.27765,2.25,1.50
2012.05.02 05:42:51.922,1.27749,1.27767,2.25,1.50
2012.05.02 05:42:52.484,1.27745,1.27764,1.50,1.50
2012.05.02 05:42:53.685,1.27745,1.27762,1.50,1.50
2012.05.02 05:42:54.259,1.27746,1.27764,1.50,1.50
2012.05.02 05:42:54.514,1.27743,1.27762,1.50,1.50
2012.05.02 05:42:55.096,1.27746,1.27763,2.25,1.50
2012.05.02 05:42:55.975,1.27743,1.27762,3.00,1.50
2012.05.02 05:42:57.343,1.27744,1.27763,3.00,1.50
2012.05.02 05:42:59.283,1.27744,1.27762,2.25,1.50
2012.05.02 05:42:59.594,1.27746,1.27764,1.50,2.48
2012.05.02 05:43:00.234,1.27749,1.27767,3.00,1.50
2012.05.02 05:43:02.741,1.27753,1.27769,1.50,1.50
2012.05.02 05:43:03.082,1.27753,1.27769,3.00,1.50
2012.05.02 05:43:04.679,1.27754,1.27772,1.50,1.50
2012.05.02 05:43:07.882,1.27752,1.2777,2.25,1.50
2012.05.02 05:43:08.075,1.2775,1.27769,2.25,1.50
2012.05.02 05:43:09.686,1.27753,1.27771,2.25,2.25
2012.05.02 05:43:10.003,1.27755,1.2777,1.50,1.50
2012.05.02 05:43:10.552,1.27754,1.27773,1.50,2.48
2012.05.02 05:43:12.428,1.27755,1.27771,1.50,2.25
2012.05.02 05:43:12.674,1.27764,1.27779,1.50,2.25
2012.05.02 05:43:12.925,1.27766,1.27782,1.50,1.50
2012.05.02 05:43:13.114,1.27763,1.27779,2.25,1.50
2012.05.02 05:43:14.054,1.27762,1.27781,3.23,2.25
2012.05.02 05:43:14.285,1.27762,1.27781,3.23,2.25
2012.05.02 05:43:15.399,1.27763,1.27781,2.25,1.50
2012.05.02 05:43:15.645,1.27764,1.27781,3.20,1.50
2012.05.02 05:43:15.955,1.27776,1.27792,2.25,1.50
2012.05.02 05:43:16.026,1.27776,1.27791,2.25,1.50
2012.05.02 05:43:16.408,1.27776,1.27794,2.25,1.50
2012.05.02 05:43:16.714,1.27782,1.27793,1.50,1.50
2012.05.02 05:43:16.784,1.27782,1.27795,1.50,1.50
2012.05.02 05:43:17.178,1.2778,1.27794,1.50,1.50
2012.05.02 05:43:18.714,1.27774,1.2779,1.50,1.73
2012.05.02 05:43:18.782,1.27774,1.2779,1.50,1.73
2012.05.02 05:43:18.915,1.27773,1.2779,2.25,2.48
2012.05.02 05:43:19.225,1.27765,1.27785,2.25,2.25
2012.05.02 05:43:19.295,1.27765,1.27785,2.25,2.25
2012.05.02 05:43:19.604,1.27769,1.27784,1.50,1.50
2012.05.02 05:43:19.852,1.27769,1.27785,2.25,1.50
2012.05.02 05:43:20.495,1.2777,1.27785,1.50,1.50
2012.05.02 05:43:20.625,1.27776,1.2779,1.73,3.00
2012.05.02 05:43:20.874,1.27771,1.27786,1.50,1.50
2012.05.02 05:43:21.004,1.27772,1.27788,2.30,1.50
2012.05.02 05:43:21.308,1.27772,1.27789,2.25,1.50
2012.05.02 05:43:21.379,1.27771,1.27787,2.25,1.50
2012.05.02 05:43:21.623,1.27771,1.27787,1.50,1.50
2012.05.02 05:43:22.892,1.27768,1.27787,4.73,1.50
2012.05.02 05:43:23.769,1.27769,1.27785,3.00,1.50
2012.05.02 05:43:24.013,1.27769,1.27787,1.50,1.50
2012.05.02 05:43:24.082,1.27769,1.27789,1.50,3.00
2012.05.02 05:43:24.372,1.27771,1.27789,1.50,3.00
2012.05.02 05:43:24.805,1.27776,1.27794,2.48,2.25
2012.05.02 05:43:25.235,1.2778,1.27797,1.50,1.50
2012.05.02 05:43:25.365,1.27781,1.27797,1.50,1.50
2012.05.02 05:43:26.793,1.27779,1.27797,1.50,3.00
2012.05.02 05:43:26.894,1.27777,1.27797,1.50,3.00
2012.05.02 05:43:28.313,1.27778,1.27798,1.50,1.50
2012.05.02 05:43:28.625,1.27787,1.27804,1.73,1.50
2012.05.02 05:43:28.877,1.27783,1.27798,1.50,1.50
2012.05.02 05:43:29.235,1.27783,1.27798,2.25,1.50
2012.05.02 05:43:30.035,1.27783,1.278,2.25,2.25
2012.05.02 05:43:30.343,1.27779,1.27796,2.25,1.50
2012.05.02 05:43:30.593,1.27777,1.27794,2.25,1.50
2012.05.02 05:43:30.724,1.27775,1.27793,1.50,2.25
2012.05.02 05:43:31.261,1.27774,1.27794,2.25,1.50
2012.05.02 05:43:31.775,1.27777,1.27792,2.25,1.50
2012.05.02 05:43:31.967,1.27775,1.27792,1.50,1.50
2012.05.02 05:43:32.156,1.2778,1.27793,1.50,1.50
2012.05.02 05:43:32.403,1.27778,1.27796,1.50,1.50
2012.05.02 05:43:32.595,1.2778,1.27796,1.50,1.50
2012.05.02 05:43:33.143,1.27778,1.27795,2.25,1.50
2012.05.02 05:43:35.162,1.27774,1.27791,1.50,1.50
2012.05.02 05:43:35.595,1.27769,1.27787,2.25,1.50
2012.05.02 05:43:36.095,1.27766,1.27787,3.75,1.50
2012.05.02 05:43:36.637,1.27766,1.27786,3.75,1.50
2012.05.02 05:43:37.834,1.27766,1.27787,2.25,3.00
2012.05.02 05:43:38.531,1.27766,1.27786,1.50,3.00
2012.05.02 05:43:39.706,1.27766,1.27786,1.50,1.50
2012.05.02 05:43:40.235,1.27765,1.27785,2.25,1.50
2012.05.02 05:43:40.583,1.27762,1.27782,1.50,2.48
2012.05.02 05:43:41.285,1.27762,1.27782,3.00,2.48
2012.05.02 05:43:46.034,1.27764,1.27779,2.25,1.50
2012.05.02 05:43:46.583,1.2776,1.27779,2.25,1.50
2012.05.02 05:43:49.817,1.27763,1.27781,2.25,1.50
2012.05.02 05:43:50.184,1.27763,1.27781,2.25,2.25
2012.05.02 05:43:50.796,1.27767,1.27783,1.50,1.50
2012.05.02 05:43:50.924,1.27775,1.27783,1.50,1.50
2012.05.02 05:43:50.995,1.27775,1.27786,1.50,1.50
2012.05.02 05:43:51.975,1.27772,1.27786,1.50,1.50
2012.05.02 05:43:52.192,1.27774,1.27786,1.50,1.50
2012.05.02 05:43:55.664,1.27775,1.27788,1.50,1.50
2012.05.02 05:43:56.233,1.27773,1.27788,1.50,1.50
2012.05.02 05:43:56.743,1.27773,1.27788,1.50,1.50
2012.05.02 05:43:56.996,1.27775,1.27791,1.50,1.50
2012.05.02 05:43:57.306,1.27784,1.27797,2.48,2.25
2012.05.02 05:43:57.624,1.27788,1.27799,1.50,1.50
2012.05.02 05:43:57.696,1.27788,1.27803,1.50,1.50
2012.05.02 05:43:58.743,1.27789,1.27804,1.50,1.50
2012.05.02 05:43:59.175,1.27784,1.27805,2.48,2.25
2012.05.02 05:43:59.424,1.27786,1.27805,2.48,2.25
2012.05.02 05:44:01.036,1.27792,1.27806,1.50,1.50
2012.05.02 05:44:01.227,1.27787,1.27806,3.00,1.50
2012.05.02 05:44:01.786,1.27794,1.27806,1.50,1.50
2012.05.02 05:44:02.354,1.27792,1.27806,1.73,1.50
2012.05.02 05:44:02.426,1.27792,1.27808,3.23,1.50
2012.05.02 05:44:02.553,1.27792,1.2781,2.48,1.50
2012.05.02 05:44:04.583,1.27792,1.27812,2.48,2.25
2012.05.02 05:44:05.103,1.27791,1.27811,1.50,1.50
2012.05.02 05:44:05.524,1.27789,1.27808,1.50,1.50
2012.05.02 05:44:05.593,1.27789,1.27805,1.50,1.50
2012.05.02 05:44:05.774,1.27785,1.27805,4.20,2.25
2012.05.02 05:44:07.328,1.27785,1.27808,4.20,3.00
2012.05.02 05:44:07.633,1.27792,1.27809,2.25,1.50
2012.05.02 05:44:08.514,1.27795,1.27814,1.50,1.50
2012.05.02 05:44:08.824,1.27798,1.27814,1.50,1.50
2012.05.02 05:44:09.744,1.27799,1.27813,1.50,1.50
2012.05.02 05:44:11.256,1.27799,1.27817,3.98,1.50
2012.05.02 05:44:11.564,1.27803,1.27818,1.50,2.25
2012.05.02 05:44:11.897,1.27805,1.27822,3.23,2.25
2012.05.02 05:44:11.968,1.27799,1.27819,1.72,2.25
2012.05.02 05:44:12.499,1.27803,1.27816,2.48,1.50
2012.05.02 05:44:12.882,1.27796,1.27816,3.23,2.25
2012.05.02 05:44:13.233,1.27796,1.27817,4.73,1.50
2012.05.02 05:44:14.070,1.27796,1.27817,4.73,1.50
2012.05.02 05:44:14.210,1.27799,1.27817,1.50,1.50
2012.05.02 05:44:14.523,1.27799,1.27817,1.50,1.50
2012.05.02 05:44:14.873,1.27795,1.27816,3.93,1.50
2012.05.02 05:44:15.420,1.27796,1.27816,1.68,1.50
2012.05.02 05:44:18.751,1.27793,1.27812,2.48,3.00
2012.05.02 05:44:21.052,1.27794,1.27812,2.48,3.00
2012.05.02 05:44:21.743,1.27792,1.27811,2.48,1.50
2012.05.02 05:44:24.133,1.27788,1.2781,3.00,1.50
2012.05.02 05:44:24.421,1.27788,1.27809,1.50,3.00
2012.05.02 05:44:24.998,1.2779,1.2781,2.25,1.50
2012.05.02 05:44:27.072,1.27791,1.2781,2.25,1.50
2012.05.02 05:44:27.938,1.27797,1.27812,1.50,1.50
2012.05.02 05:44:28.007,1.27794,1.27814,2.25,1.50
2012.05.02 05:44:30.497,1.27793,1.27813,1.50,2.25
2012.05.02 05:44:32.682,1.27797,1.27811,2.25,1.46
2012.05.02 05:44:32.996,1.27792,1.27805,2.25,1.13
2012.05.02 05:44:35.521,1.27793,1.27806,2.25,1.13
2012.05.02 05:44:35.796,1.27791,1.27806,1.50,1.13
2012.05.02 05:44:40.695,1.27788,1.27806,3.23,1.13
2012.05.02 05:44:42.307,1.27794,1.27806,1.50,1.13
2012.05.02 05:44:42.837,1.27799,1.27813,2.25,1.50
2012.05.02 05:44:43.392,1.27802,1.27819,1.50,1.50
2012.05.02 05:44:43.701,1.278,1.27819,2.48,1.50
2012.05.02 05:44:43.772,1.27803,1.27819,1.50,1.50
2012.05.02 05:44:44.285,1.27805,1.27813,1.50,1.50
2012.05.02 05:44:44.476,1.27796,1.27813,2.25,1.50
2012.05.02 05:44:44.602,1.27799,1.27813,1.50,1.50
2012.05.02 05:44:44.924,1.27801,1.27813,1.50,1.50
2012.05.02 05:44:45.356,1.27795,1.27817,1.50,1.50
2012.05.02 05:44:45.944,1.27797,1.27817,2.25,2.25
2012.05.02 05:44:46.414,1.27797,1.27816,2.25,2.25
2012.05.02 05:44:46.934,1.27797,1.27813,2.25,2.25
2012.05.02 05:44:47.285,1.27798,1.27817,1.50,2.25
2012.05.02 05:44:48.457,1.27798,1.27818,1.50,3.00
2012.05.02 05:44:48.704,1.27799,1.27819,2.25,1.50
2012.05.02 05:44:50.773,1.27798,1.27819,1.50,1.50
2012.05.02 05:44:51.644,1.27799,1.27819,3.00,1.50
2012.05.02 05:44:52.163,1.27799,1.27817,2.25,1.50
2012.05.02 05:44:52.702,1.278,1.27817,2.25,1.50
2012.05.02 05:44:52.953,1.27797,1.27817,3.75,1.50
2012.05.02 05:44:57.462,1.27799,1.27817,1.50,1.50
2012.05.02 05:44:58.293,1.27799,1.27817,3.00,1.50
2012.05.02 05:44:59.344,1.27799,1.27821,2.25,3.00
2012.05.02 05:44:59.413,1.27799,1.27821,2.25,3.00
2012.05.02 05:45:00.763,1.278,1.27822,1.50,3.00
2012.05.02 05:45:01.146,1.278,1.27822,2.25,3.00
2012.05.02 05:45:01.578,1.27801,1.27819,1.50,2.25
2012.05.02 05:45:02.244,1.27803,1.27815,1.50,1.50
2012.05.02 05:45:02.313,1.27803,1.27815,1.50,1.50
2012.05.02 05:45:02.685,1.27803,1.27811,1.50,1.50
2012.05.02 05:45:02.994,1.27799,1.2781,1.50,1.50
2012.05.02 05:45:03.541,1.27799,1.27811,1.50,1.50
2012.05.02 05:45:04.328,1.27799,1.2781,1.50,1.50
2012.05.02 05:45:06.855,1.27795,1.2781,3.23,1.50
2012.05.02 05:45:07.193,1.27794,1.27807,2.25,1.50
2012.05.02 05:45:07.885,1.27794,1.27813,1.50,2.25
2012.05.02 05:45:11.809,1.27792,1.27815,3.00,3.75
2012.05.02 05:45:18.234,1.2779,1.27809,3.00,1.50
2012.05.02 05:45:18.601,1.2779,1.27808,1.50,1.73
2012.05.02 05:45:18.884,1.2779,1.27808,1.50,2.48
2012.05.02 05:45:19.444,1.27791,1.27808,1.50,2.48
2012.05.02 05:45:20.067,1.27791,1.27808,1.50,2.48
2012.05.02 05:45:24.493,1.2779,1.27806,1.50,1.50
2012.05.02 05:45:24.867,1.27793,1.2781,2.48,2.25
2012.05.02 05:45:25.113,1.27793,1.27812,2.25,1.50
2012.05.02 05:45:26.102,1.2779,1.27807,1.50,1.73
2012.05.02 05:45:26.291,1.2779,1.27813,3.00,3.75
2012.05.02 05:45:26.601,1.27794,1.27815,2.25,2.25
2012.05.02 05:45:28.060,1.27794,1.27814,1.50,2.25
2012.05.02 05:45:29.371,1.27794,1.27815,3.00,1.50
2012.05.02 05:45:29.621,1.27793,1.27807,1.50,2.48
2012.05.02 05:45:29.933,1.27789,1.2781,3.00,1.50
2012.05.02 05:45:30.623,1.27795,1.2781,1.50,1.50
2012.05.02 05:45:30.934,1.27797,1.27812,1.50,1.50
2012.05.02 05:45:31.004,1.27794,1.27812,1.50,1.50
2012.05.02 05:45:31.074,1.27797,1.27812,1.50,1.50
2012.05.02 05:45:31.203,1.27797,1.27814,1.50,1.50
2012.05.02 05:45:32.274,1.27793,1.27814,2.25,3.00
2012.05.02 05:45:33.815,1.27792,1.27811,1.50,2.25
2012.05.02 05:45:34.121,1.27789,1.27811,1.50,4.73
2012.05.02 05:45:34.433,1.27794,1.27812,1.50,1.50
2012.05.02 05:45:34.742,1.27797,1.27812,1.50,1.50
2012.05.02 05:45:34.872,1.27797,1.27812,1.50,1.50
2012.05.02 05:45:35.064,1.27794,1.27814,2.25,2.25
2012.05.02 05:45:35.886,1.27791,1.27812,2.25,2.25
2012.05.02 05:45:36.454,1.27794,1.27813,1.50,1.50
2012.05.02 05:45:37.667,1.27793,1.27813,1.50,1.50
2012.05.02 05:45:38.375,1.27793,1.27813,2.25,1.50
2012.05.02 05:45:38.778,1.27795,1.27801,1.50,1.73
2012.05.02 05:45:38.852,1.27785,1.27801,2.25,1.73
2012.05.02 05:45:39.072,1.27785,1.27801,2.25,1.73
2012.05.02 05:45:39.262,1.27781,1.27798,1.50,1.50
2012.05.02 05:45:39.395,1.27781,1.27801,1.50,1.50
2012.05.02 05:45:39.462,1.2778,1.27797,1.50,1.50
2012.05.02 05:45:40.071,1.2778,1.27801,1.50,1.50
2012.05.02 05:45:41.096,1.27779,1.27801,3.00,1.50
2012.05.02 05:45:43.453,1.27779,1.27799,2.25,1.50
2012.05.02 05:45:44.331,1.27778,1.27798,2.25,2.25
2012.05.02 05:45:45.464,1.27779,1.27795,1.50,2.25
2012.05.02 05:45:45.715,1.2778,1.27802,3.00,1.50
2012.05.02 05:45:45.935,1.2778,1.27799,2.25,1.50
2012.05.02 05:45:48.022,1.27779,1.27799,2.25,1.50
2012.05.02 05:45:48.214,1.27779,1.27798,1.50,3.29
2012.05.02 05:45:48.760,1.27779,1.27798,2.25,2.25
2012.05.02 05:45:49.234,1.27779,1.27799,1.50,1.50
2012.05.02 05:45:49.546,1.2778,1.27796,1.50,2.25
2012.05.02 05:45:49.802,1.27775,1.27797,3.75,2.25
2012.05.02 05:45:50.064,1.27777,1.27795,1.50,1.50
2012.05.02 05:45:50.283,1.27777,1.27794,1.50,2.25
2012.05.02 05:45:52.513,1.27775,1.27796,4.73,2.25
2012.05.02 05:45:52.643,1.27776,1.27796,1.50,2.25
2012.05.02 05:45:52.833,1.27775,1.27796,6.23,2.25
2012.05.02 05:45:56.134,1.27776,1.27795,1.50,2.25
2012.05.02 05:45:59.713,1.27774,1.27792,1.50,1.73
2012.05.02 05:46:00.264,1.27774,1.27791,1.50,2.25
2012.05.02 05:46:00.456,1.2777,1.27788,2.25,1.13
2012.05.02 05:46:00.526,1.27769,1.27786,2.25,1.46
2012.05.02 05:46:00.928,1.27764,1.2778,1.50,1.73
2012.05.02 05:46:00.999,1.27764,1.27777,1.50,1.73
2012.05.02 05:46:01.066,1.27763,1.27777,1.50,1.73
2012.05.02 05:46:01.612,1.27764,1.27777,1.50,1.73
2012.05.02 05:46:02.104,1.27762,1.27777,1.50,2.48
2012.05.02 05:46:02.233,1.27762,1.27779,1.50,1.50
2012.05.02 05:46:02.664,1.27765,1.27781,2.25,2.48
2012.05.02 05:46:02.733,1.27766,1.27781,1.50,2.48
2012.05.02 05:46:02.993,1.27769,1.27781,1.50,2.48
2012.05.02 05:46:03.064,1.27773,1.27788,1.50,1.50
2012.05.02 05:46:03.132,1.27773,1.2779,1.50,3.23
2012.05.02 05:46:04.254,1.27771,1.2779,1.50,3.23
2012.05.02 05:46:04.805,1.27772,1.2779,3.00,1.50
2012.05.02 05:46:05.232,1.27775,1.2779,1.50,1.50
2012.05.02 05:46:05.602,1.27776,1.2779,1.50,1.50
2012.05.02 05:46:05.795,1.27773,1.27789,1.50,1.50
2012.05.02 05:46:10.684,1.27774,1.27791,1.50,2.25
2012.05.02 05:46:10.753,1.27774,1.27791,1.50,2.25
2012.05.02 05:46:10.881,1.27771,1.27792,3.00,3.00
2012.05.02 05:46:11.696,1.27771,1.27792,4.73,3.00
2012.05.02 05:46:12.216,1.27773,1.27792,1.50,3.00
2012.05.02 05:46:12.717,1.27773,1.27794,4.73,1.50
2012.05.02 05:46:13.735,1.27775,1.27794,1.50,1.50
2012.05.02 05:46:14.983,1.2778,1.27794,1.50,1.50
2012.05.02 05:46:15.244,1.27778,1.27794,1.50,1.50
2012.05.02 05:46:15.783,1.27777,1.27796,2.25,3.93
2012.05.02 05:46:15.852,1.27779,1.27796,1.50,3.93
2012.05.02 05:46:15.981,1.27777,1.27796,2.25,3.93
2012.05.02 05:46:17.144,1.27777,1.27796,3.00,3.23
2012.05.02 05:46:17.513,1.27779,1.27799,2.25,2.25
2012.05.02 05:46:18.152,1.27776,1.27796,2.25,2.25
2012.05.02 05:46:18.702,1.27773,1.27794,2.25,2.25
2012.05.02 05:46:19.867,1.27776,1.27794,1.50,2.25
2012.05.02 05:46:20.457,1.27772,1.27793,4.73,2.25
2012.05.02 05:46:21.422,1.27771,1.27792,2.25,1.50
2012.05.02 05:46:30.571,1.27776,1.27793,2.25,2.25
2012.05.02 05:46:31.986,1.27775,1.27791,2.25,1.50
2012.05.02 05:46:32.054,1.27775,1.27791,2.25,1.50
2012.05.02 05:46:32.243,1.2777,1.2779,2.25,1.50
2012.05.02 05:46:32.803,1.27775,1.2779,2.25,1.50
2012.05.02 05:46:33.129,1.27779,1.2779,1.50,1.50
2012.05.02 05:46:33.194,1.27776,1.27792,2.25,1.50
2012.05.02 05:46:33.732,1.27776,1.27792,2.25,1.50
2012.05.02 05:46:34.893,1.27771,1.27792,1.50,1.50
2012.05.02 05:46:36.522,1.27775,1.27792,1.50,1.50
2012.05.02 05:46:37.361,1.27771,1.27787,1.50,1.50
2012.05.02 05:46:37.612,1.2777,1.27789,1.50,1.50
2012.05.02 05:46:38.160,1.2777,1.2779,1.50,3.00
2012.05.02 05:46:38.690,1.27769,1.2779,3.75,1.50
2012.05.02 05:46:41.407,1.27769,1.27786,2.25,1.50
2012.05.02 05:46:41.994,1.27768,1.27788,2.25,1.50
2012.05.02 05:46:42.511,1.27768,1.27787,1.50,3.00
2012.05.02 05:46:42.824,1.27766,1.27785,1.50,1.50
2012.05.02 05:46:43.374,1.27766,1.27783,1.50,1.50
2012.05.02 05:46:44.333,1.27764,1.27782,3.23,2.25
2012.05.02 05:46:44.583,1.27764,1.2778,1.50,1.50
2012.05.02 05:46:44.893,1.27768,1.27783,1.50,1.50
2012.05.02 05:46:45.028,1.27765,1.27783,3.00,1.50
2012.05.02 05:46:46.024,1.27766,1.27783,3.00,1.50
2012.05.02 05:46:46.152,1.27766,1.27783,1.50,1.50
2012.05.02 05:46:46.525,1.27768,1.27783,1.50,1.50
2012.05.02 05:46:46.715,1.27768,1.27784,1.50,2.85
2012.05.02 05:46:47.223,1.27768,1.27783,3.00,1.50
2012.05.02 05:46:48.611,1.27768,1.27783,2.25,2.25
2012.05.02 05:46:52.093,1.27768,1.27783,1.50,1.50
2012.05.02 05:46:52.986,1.2777,1.27783,1.50,1.50
2012.05.02 05:46:53.320,1.27772,1.27786,1.50,1.50
2012.05.02 05:46:53.653,1.27775,1.2779,1.50,2.10
2012.05.02 05:46:54.001,1.27775,1.2779,1.50,2.10
2012.05.02 05:46:54.571,1.27776,1.2779,1.50,1.50
2012.05.02 05:46:55.103,1.27774,1.2779,1.50,1.50
2012.05.02 05:46:58.431,1.27774,1.2779,2.25,1.50
2012.05.02 05:47:02.014,1.27774,1.2779,2.25,1.50
2012.05.02 05:47:06.033,1.27779,1.27793,1.50,1.50
2012.05.02 05:47:06.222,1.27779,1.27793,1.50,1.50
2012.05.02 05:47:06.353,1.27779,1.27793,1.50,1.50
2012.05.02 05:47:06.912,1.27776,1.27793,2.25,1.50
2012.05.02 05:47:08.554,1.27774,1.27793,2.25,1.50
2012.05.02 05:47:09.253,1.27777,1.27793,1.50,1.50
2012.05.02 05:47:10.090,1.27775,1.27793,2.25,1.50
2012.05.02 05:47:13.167,1.27777,1.27793,1.50,1.50
2012.05.02 05:47:13.357,1.27773,1.27793,2.25,1.50
2012.05.02 05:47:14.174,1.27774,1.2779,1.50,3.23
2012.05.02 05:47:14.703,1.27773,1.2779,1.50,1.50
2012.05.02 05:47:19.243,1.27775,1.2779,1.50,1.50
2012.05.02 05:47:23.355,1.27775,1.2779,2.25,1.50
2012.05.02 05:47:24.192,1.27775,1.2779,3.00,1.50
2012.05.02 05:47:24.383,1.27777,1.2779,1.50,1.50
2012.05.02 05:47:25.351,1.27773,1.27792,3.00,3.23
2012.05.02 05:47:26.783,1.27776,1.27792,1.50,1.50
2012.05.02 05:47:26.912,1.27776,1.27792,3.00,1.50
2012.05.02 05:47:27.341,1.27775,1.27797,3.00,4.95
2012.05.02 05:47:28.351,1.27773,1.27793,2.25,1.50
2012.05.02 05:47:28.422,1.27772,1.27793,3.00,3.00
2012.05.02 05:47:36.664,1.27773,1.27791,2.25,1.35
2012.05.02 05:47:37.035,1.27775,1.27793,1.50,1.50
2012.05.02 05:47:39.104,1.27774,1.27792,1.50,1.50
2012.05.02 05:47:47.327,1.27774,1.27792,1.50,1.50
2012.05.02 05:47:52.992,1.27774,1.27792,3.00,1.50
2012.05.02 05:47:55.384,1.27774,1.27792,3.00,1.50
2012.05.02 05:47:55.605,1.27774,1.27792,3.00,1.50
2012.05.02 05:47:56.264,1.27774,1.27792,3.00,1.50
2012.05.02 05:47:58.024,1.27774,1.27792,3.00,1.50
2012.05.02 05:48:01.466,1.27774,1.27793,3.00,1.50
2012.05.02 05:48:01.592,1.27774,1.2779,1.50,2.25
2012.05.02 05:48:02.215,1.27774,1.27789,1.50,1.50
2012.05.02 05:48:04.902,1.27773,1.27787,1.50,1.50
2012.05.02 05:48:05.152,1.27769,1.27782,2.25,1.73
2012.05.02 05:48:05.222,1.27769,1.27782,2.25,1.73
2012.05.02 05:48:05.294,1.2777,1.27782,3.00,1.73
2012.05.02 05:48:05.363,1.2777,1.27788,3.00,1.50
2012.05.02 05:48:07.850,1.27772,1.27789,1.50,1.50
2012.05.02 05:48:08.037,1.27772,1.27789,1.50,1.50
2012.05.02 05:48:10.471,1.27772,1.2779,1.50,2.48
2012.05.02 05:48:14.222,1.27772,1.2779,3.00,1.73
2012.05.02 05:48:15.223,1.27772,1.27791,3.00,1.50
2012.05.02 05:48:27.976,1.27772,1.27791,3.00,1.50
2012.05.02 05:48:28.962,1.27772,1.27794,3.75,3.00
2012.05.02 05:48:29.274,1.2778,1.27797,2.25,1.50
2012.05.02 05:48:35.793,1.27775,1.27794,2.25,1.50
2012.05.02 05:48:35.865,1.27775,1.27795,2.25,3.23
2012.05.02 05:48:36.414,1.27774,1.27793,1.50,2.25
2012.05.02 05:48:41.655,1.27772,1.27792,3.00,1.50
2012.05.02 05:48:42.173,1.27772,1.27795,1.50,3.75
2012.05.02 05:48:43.313,1.27772,1.2779,3.00,1.50
2012.05.02 05:48:45.662,1.27772,1.2779,1.50,1.50
2012.05.02 05:48:49.405,1.27772,1.27792,3.00,1.50
2012.05.02 05:48:56.915,1.27776,1.2779,1.50,1.50
2012.05.02 05:48:56.985,1.27776,1.27792,1.50,2.25
2012.05.02 05:48:57.177,1.27779,1.27794,1.50,1.50
2012.05.02 05:48:57.878,1.27772,1.27795,1.50,3.00
2012.05.02 05:48:59.956,1.27773,1.27795,2.25,3.75
2012.05.02 05:49:00.463,1.27773,1.2779,2.25,1.50
2012.05.02 05:49:01.201,1.27768,1.2779,1.50,3.15
2012.05.02 05:49:02.820,1.27769,1.27788,2.25,1.50
2012.05.02 05:49:03.126,1.27766,1.27787,2.43,1.50
2012.05.02 05:49:03.312,1.27767,1.27787,2.25,1.50
2012.05.02 05:49:03.504,1.27763,1.27783,2.25,1.50
2012.05.02 05:49:04.613,1.27765,1.27783,2.25,1.50
2012.05.02 05:49:05.813,1.27765,1.27783,2.25,1.50
2012.05.02 05:49:06.422,1.27765,1.27783,2.25,1.50
2012.05.02 05:49:07.103,1.27764,1.27784,3.00,1.05
2012.05.02 05:49:07.293,1.27767,1.27787,2.25,1.50
2012.05.02 05:49:07.362,1.27767,1.27787,2.25,1.50
2012.05.02 05:49:07.864,1.2777,1.27788,2.25,1.50
2012.05.02 05:49:08.393,1.27769,1.27788,2.25,1.50
2012.05.02 05:49:08.975,1.27769,1.27788,2.25,1.50
2012.05.02 05:49:12.863,1.27768,1.27788,1.50,1.50
2012.05.02 05:49:17.558,1.27769,1.27787,2.25,1.35
2012.05.02 05:49:18.147,1.27766,1.27787,3.00,2.55
2012.05.02 05:49:18.216,1.27766,1.27783,1.50,1.50
2012.05.02 05:49:18.482,1.2777,1.27786,1.50,1.50
2012.05.02 05:49:19.346,1.2777,1.27789,3.00,1.50
2012.05.02 05:49:19.534,1.2777,1.27789,1.50,1.50
2012.05.02 05:49:24.947,1.27774,1.27793,2.25,1.50
2012.05.02 05:49:25.193,1.27776,1.27793,1.50,1.50
2012.05.02 05:49:25.831,1.27782,1.27796,1.50,1.80
2012.05.02 05:49:26.203,1.27781,1.27794,1.50,1.50
2012.05.02 05:49:26.275,1.27781,1.27799,1.50,1.04
2012.05.02 05:49:26.584,1.27779,1.27801,1.35,1.50
2012.05.02 05:49:26.782,1.27784,1.27802,1.50,2.25
2012.05.02 05:49:27.155,1.27784,1.27805,3.00,1.50
2012.05.02 05:49:27.465,1.27782,1.27804,1.68,1.50
2012.05.02 05:49:28.011,1.27781,1.27799,1.50,2.25
2012.05.02 05:49:28.215,1.27781,1.27797,1.50,1.50
2012.05.02 05:49:29.195,1.2778,1.27799,3.00,1.35
2012.05.02 05:49:30.255,1.2778,1.27799,3.00,1.50
2012.05.02 05:49:36.763,1.27782,1.27798,1.50,1.50
2012.05.02 05:49:37.151,1.27782,1.27799,1.50,1.50
2012.05.02 05:49:37.731,1.27779,1.27799,3.00,1.50
2012.05.02 05:49:40.325,1.27777,1.27799,1.50,2.25
2012.05.02 05:49:40.694,1.27781,1.27796,1.50,1.50
2012.05.02 05:49:40.823,1.27779,1.27798,3.00,2.25
2012.05.02 05:49:41.136,1.27777,1.27798,3.75,1.50
2012.05.02 05:49:41.443,1.27777,1.27794,1.50,1.50
2012.05.02 05:49:41.513,1.27777,1.27796,1.50,1.50
2012.05.02 05:49:41.701,1.27777,1.27796,2.25,1.50
2012.05.02 05:49:42.212,1.27777,1.27797,1.50,2.25
2012.05.02 05:49:42.282,1.27776,1.27793,2.25,1.50
2012.05.02 05:49:43.123,1.27776,1.27793,2.25,1.50
2012.05.02 05:49:43.755,1.27776,1.27795,2.25,1.50
2012.05.02 05:49:43.894,1.27776,1.27797,2.43,2.25
2012.05.02 05:49:46.222,1.27778,1.27797,1.50,1.50
2012.05.02 05:49:46.534,1.27781,1.27798,1.50,3.00
2012.05.02 05:49:46.663,1.27781,1.27801,1.50,3.00
2012.05.02 05:49:46.855,1.27782,1.27801,1.50,2.25
2012.05.02 05:49:47.102,1.27781,1.27801,1.50,1.79
2012.05.02 05:49:47.313,1.27781,1.27799,1.50,1.50
2012.05.02 05:49:47.563,1.27782,1.27801,2.25,1.04
2012.05.02 05:49:47.694,1.27782,1.27801,2.25,1.04
2012.05.02 05:49:52.572,1.27778,1.27798,1.50,3.00
2012.05.02 05:49:52.952,1.27777,1.27798,3.00,3.75
2012.05.02 05:49:53.734,1.27777,1.27798,3.00,3.75
2012.05.02 05:49:56.273,1.27775,1.27796,1.68,3.00
2012.05.02 05:49:57.255,1.27775,1.27796,1.68,3.00
2012.05.02 05:49:58.313,1.27775,1.27796,1.68,3.00
2012.05.02 05:49:58.871,1.27774,1.27797,1.68,3.00
2012.05.02 05:50:00.121,1.27774,1.27797,1.68,3.00
2012.05.02 05:50:02.896,1.27774,1.27794,1.50,1.50
2012.05.02 05:50:03.452,1.27776,1.27797,1.50,2.25
2012.05.02 05:50:05.503,1.27776,1.27798,3.18,2.25
2012.05.02 05:50:08.340,1.27776,1.27798,1.68,3.75
2012.05.02 05:50:08.474,1.27773,1.27793,2.43,2.25
2012.05.02 05:50:08.783,1.2777,1.27784,1.68,1.50
2012.05.02 05:50:08.854,1.27771,1.27787,1.50,1.50
2012.05.02 05:50:08.982,1.27771,1.27793,3.00,2.25
2012.05.02 05:50:09.053,1.27771,1.27788,1.50,1.50
2012.05.02 05:50:09.495,1.27771,1.27792,3.00,1.50
2012.05.02 05:50:11.704,1.27768,1.2779,3.18,3.00
2012.05.02 05:50:12.011,1.27762,1.27781,1.68,2.25
2012.05.02 05:50:12.333,1.2777,1.27789,1.50,3.75
2012.05.02 05:50:12.473,1.2777,1.27789,1.50,1.50
2012.05.02 05:50:12.543,1.27772,1.27789,2.25,1.50
2012.05.02 05:50:12.972,1.2777,1.27789,1.50,1.50
2012.05.02 05:50:13.532,1.27768,1.27789,1.50,2.25
2012.05.02 05:50:14.043,1.27772,1.27791,2.25,2.25
2012.05.02 05:50:14.744,1.27778,1.27791,1.50,2.25
2012.05.02 05:50:14.814,1.27776,1.27791,1.50,2.25
2012.05.02 05:50:14.947,1.27776,1.27791,1.50,1.50
2012.05.02 05:50:15.690,1.27775,1.27791,1.50,1.50
2012.05.02 05:50:17.362,1.27772,1.27788,2.25,1.50
2012.05.02 05:50:18.513,1.2777,1.27788,2.25,1.50
2012.05.02 05:50:19.172,1.2777,1.27787,2.25,1.50
2012.05.02 05:50:19.702,1.27771,1.27787,1.50,2.25
2012.05.02 05:50:19.894,1.27773,1.27787,1.50,1.50
2012.05.02 05:50:20.506,1.27766,1.27786,2.25,3.23
2012.05.02 05:50:20.822,1.27766,1.27783,2.25,2.25
2012.05.02 05:50:21.194,1.27766,1.27783,2.25,2.25
2012.05.02 05:50:22.894,1.27765,1.27783,2.25,1.50
2012.05.02 05:50:23.476,1.2777,1.27788,2.25,1.50
2012.05.02 05:50:23.545,1.27775,1.27789,1.50,1.50
2012.05.02 05:50:23.857,1.27777,1.27792,1.50,2.25
2012.05.02 05:50:24.225,1.27777,1.27793,2.25,3.00
2012.05.02 05:50:24.893,1.27778,1.27793,2.25,2.25
2012.05.02 05:50:26.343,1.27776,1.27793,2.25,2.25
2012.05.02 05:50:28.285,1.27776,1.27793,2.25,1.50
2012.05.02 05:50:28.595,1.27776,1.27793,2.25,1.50
2012.05.02 05:50:29.832,1.27774,1.27793,2.43,1.50
2012.05.02 05:50:30.474,1.27773,1.27792,2.43,1.50
2012.05.02 05:50:32.044,1.27771,1.2779,2.10,1.50
2012.05.02 05:50:33.208,1.27772,1.27791,2.47,1.50
2012.05.02 05:50:34.210,1.27772,1.27791,2.47,1.50
2012.05.02 05:50:35.011,1.27772,1.27791,2.47,1.50
2012.05.02 05:50:40.221,1.27775,1.27792,1.35,1.50
2012.05.02 05:50:40.355,1.2778,1.27792,1.55,1.50
2012.05.02 05:50:40.815,1.27777,1.27798,2.65,3.00
2012.05.02 05:50:40.888,1.27775,1.27796,2.47,2.25
2012.05.02 05:50:41.403,1.27777,1.27798,1.68,3.00
2012.05.02 05:50:45.112,1.27777,1.27797,1.68,2.25
2012.05.02 05:50:47.793,1.27781,1.27798,1.50,2.25
2012.05.02 05:50:48.441,1.27777,1.27798,2.43,2.25
2012.05.02 05:50:48.812,1.27782,1.27798,1.50,2.25
2012.05.02 05:50:49.002,1.27779,1.27798,2.43,3.00
2012.05.02 05:50:49.560,1.27779,1.27797,2.25,2.25
2012.05.02 05:50:50.165,1.27775,1.27796,1.68,1.50
2012.05.02 05:50:50.884,1.27775,1.27793,1.50,1.50
2012.05.02 05:50:51.564,1.27771,1.2779,1.68,1.50
2012.05.02 05:50:52.503,1.27771,1.27788,1.68,1.50
2012.05.02 05:50:54.353,1.27771,1.27787,1.68,1.50
2012.05.02 05:50:54.841,1.27771,1.27783,1.68,1.50
2012.05.02 05:50:55.283,1.2777,1.27783,1.30,1.50
2012.05.02 05:50:56.233,1.2777,1.27785,1.30,1.50
2012.05.02 05:50:56.403,1.2777,1.27783,1.30,1.50
2012.05.02 05:50:56.943,1.2777,1.27786,1.30,1.50
2012.05.02 05:50:57.384,1.2777,1.27788,1.30,1.50
2012.05.02 05:51:01.621,1.27768,1.27788,2.05,1.50
2012.05.02 05:51:01.934,1.27768,1.27787,1.50,2.25
2012.05.02 05:51:04.264,1.27768,1.27785,1.50,1.50
2012.05.02 05:51:05.076,1.27768,1.27786,1.50,2.25
2012.05.02 05:51:09.351,1.27768,1.27785,1.50,1.50
2012.05.02 05:51:09.937,1.27768,1.27786,1.68,2.25
2012.05.02 05:51:10.354,1.27768,1.27783,1.68,1.50
2012.05.02 05:51:10.480,1.27768,1.27785,1.68,1.50
2012.05.02 05:51:12.820,1.27768,1.27789,1.68,3.75
2012.05.02 05:51:19.134,1.27768,1.27788,1.68,2.03
2012.05.02 05:51:24.245,1.27767,1.27788,2.43,3.00
2012.05.02 05:51:25.372,1.27767,1.27788,3.18,3.00
2012.05.02 05:51:32.644,1.2777,1.27788,1.50,1.50
2012.05.02 05:51:33.189,1.27771,1.2779,2.43,1.50
2012.05.02 05:51:33.652,1.27774,1.27792,2.25,1.50
2012.05.02 05:51:35.275,1.27778,1.27792,1.50,1.50
2012.05.02 05:51:36.586,1.27778,1.27792,2.25,1.50
2012.05.02 05:51:36.915,1.27775,1.27793,2.25,1.88
2012.05.02 05:51:37.165,1.27774,1.2779,1.50,2.25
2012.05.02 05:51:37.425,1.27774,1.27785,1.50,1.50
2012.05.02 05:51:37.493,1.27774,1.2779,1.50,1.50
2012.05.02 05:51:37.742,1.27774,1.27793,1.50,2.25
2012.05.02 05:51:37.934,1.27776,1.27793,1.68,1.50
2012.05.02 05:51:38.425,1.27776,1.27795,1.50,1.50
2012.05.02 05:51:39.154,1.27776,1.27796,2.43,2.25
2012.05.02 05:51:39.778,1.2778,1.27799,1.68,1.50
2012.05.02 05:51:40.303,1.2778,1.27801,1.50,2.25
2012.05.02 05:51:57.893,1.27781,1.27798,1.50,1.28
2012.05.02 05:51:58.265,1.27774,1.27794,1.50,2.25
2012.05.02 05:51:58.334,1.27774,1.27794,1.50,3.00
2012.05.02 05:51:58.862,1.27773,1.27791,2.25,1.50
2012.05.02 05:51:59.098,1.27778,1.27791,1.50,1.50
2012.05.02 05:51:59.455,1.2778,1.27792,1.50,1.50
2012.05.02 05:51:59.643,1.27777,1.27792,2.25,1.50
2012.05.02 05:52:00.093,1.27777,1.27794,2.25,1.50
2012.05.02 05:52:01.562,1.27777,1.27793,1.50,1.50
2012.05.02 05:52:02.053,1.27777,1.27796,1.50,1.50
2012.05.02 05:52:02.244,1.27781,1.27796,1.50,1.50
2012.05.02 05:52:02.553,1.27774,1.27795,3.00,1.50
2012.05.02 05:52:03.368,1.27778,1.27795,1.50,1.50
2012.05.02 05:52:05.049,1.27775,1.27792,2.25,1.50
2012.05.02 05:52:08.053,1.27769,1.27791,2.43,1.50
2012.05.02 05:52:08.243,1.27769,1.2779,1.68,1.50
2012.05.02 05:52:12.082,1.27771,1.2779,1.68,1.50
2012.05.02 05:52:12.629,1.27772,1.2779,1.50,2.25
2012.05.02 05:52:12.696,1.27772,1.27786,1.50,1.13
2012.05.02 05:52:12.901,1.27769,1.27784,1.13,1.50
2012.05.02 05:52:13.095,1.27764,1.27784,2.25,1.50
2012.05.02 05:52:13.612,1.27764,1.27783,1.50,1.50
2012.05.02 05:52:14.226,1.27762,1.2778,3.00,1.50
2012.05.02 05:52:14.535,1.27761,1.27779,1.50,1.50
2012.05.02 05:52:15.294,1.27764,1.27779,1.50,1.50
2012.05.02 05:52:16.141,1.27764,1.27779,1.50,1.50
2012.05.02 05:52:19.901,1.27764,1.27781,1.50,1.50
2012.05.02 05:52:25.311,1.2776,1.2778,3.00,1.50
2012.05.02 05:52:25.385,1.2776,1.2778,3.00,1.50
2012.05.02 05:52:25.812,1.27758,1.27779,3.00,1.50
2012.05.02 05:52:27.506,1.27757,1.27774,1.50,1.50
2012.05.02 05:52:28.415,1.27757,1.27779,3.75,3.75
2012.05.02 05:52:28.484,1.27758,1.27779,1.50,3.00
2012.05.02 05:52:34.253,1.27761,1.27779,1.50,1.50
2012.05.02 05:52:34.803,1.27759,1.27781,3.75,2.25
2012.05.02 05:52:35.786,1.27759,1.27779,2.25,1.50
2012.05.02 05:52:38.004,1.27761,1.27781,1.50,3.00
2012.05.02 05:52:59.983,1.27766,1.27781,1.50,2.25
2012.05.02 05:53:00.293,1.27768,1.27781,1.50,1.50
2012.05.02 05:53:00.783,1.27768,1.27784,1.50,1.50
2012.05.02 05:53:01.103,1.27768,1.27786,2.25,2.25
2012.05.02 05:53:01.917,1.27768,1.27784,2.25,1.50
2012.05.02 05:53:03.023,1.27768,1.27786,2.25,2.25
2012.05.02 05:53:04.575,1.27768,1.27783,2.25,1.50
2012.05.02 05:53:06.449,1.27774,1.27789,1.40,3.00
2012.05.02 05:53:06.693,1.27784,1.27799,1.50,1.50
2012.05.02 05:53:07.061,1.2778,1.27794,2.25,1.50
2012.05.02 05:53:07.612,1.27775,1.27794,2.25,1.50
2012.05.02 05:53:11.512,1.27776,1.27797,1.50,3.75
2012.05.02 05:53:14.935,1.27779,1.27793,1.50,1.50
2012.05.02 05:53:15.369,1.27775,1.27791,1.50,1.50
2012.05.02 05:53:15.496,1.27775,1.27791,1.50,1.50
2012.05.02 05:53:15.566,1.27772,1.27789,2.25,1.50
2012.05.02 05:53:15.940,1.27772,1.27787,2.25,1.50
2012.05.02 05:53:16.253,1.27776,1.27787,1.50,1.50
2012.05.02 05:53:16.857,1.27778,1.27793,1.50,1.50
2012.05.02 05:53:16.986,1.27778,1.27793,1.50,1.50
2012.05.02 05:53:17.532,1.27777,1.27794,2.25,1.50
2012.05.02 05:53:18.715,1.27777,1.27794,2.25,1.50
2012.05.02 05:53:18.845,1.27783,1.27795,1.50,1.50
2012.05.02 05:53:19.364,1.27782,1.27795,1.50,1.50
2012.05.02 05:53:19.795,1.27778,1.27794,2.25,1.50
2012.05.02 05:53:20.215,1.27778,1.27794,1.50,1.50
2012.05.02 05:53:20.404,1.27778,1.27794,2.25,1.50
2012.05.02 05:53:20.743,1.2778,1.27795,1.50,1.50
2012.05.02 05:53:20.994,1.27776,1.27795,2.25,1.50
2012.05.02 05:53:22.523,1.27775,1.27793,2.25,1.50
2012.05.02 05:53:22.933,1.27778,1.27792,1.50,1.50
2012.05.02 05:53:23.002,1.27774,1.27792,2.25,1.50
2012.05.02 05:53:24.001,1.27774,1.27791,1.50,1.50
2012.05.02 05:53:24.619,1.27765,1.27785,2.25,1.50
2012.05.02 05:53:25.324,1.27765,1.27784,2.25,1.50
2012.05.02 05:53:27.573,1.27768,1.27784,2.25,1.50
2012.05.02 05:53:27.865,1.27771,1.27784,1.50,1.50
2012.05.02 05:53:28.412,1.27774,1.27787,1.50,2.25
2012.05.02 05:53:29.756,1.27774,1.27787,1.50,2.25
2012.05.02 05:53:31.154,1.27774,1.27787,1.50,1.50
2012.05.02 05:53:31.564,1.2777,1.27787,2.25,1.50
2012.05.02 05:53:31.885,1.27772,1.27792,2.25,3.00
2012.05.02 05:53:32.255,1.27772,1.27792,2.25,2.25
2012.05.02 05:53:32.876,1.27771,1.27786,1.50,1.50
2012.05.02 05:53:33.006,1.27771,1.2779,1.50,1.50
2012.05.02 05:53:33.314,1.27771,1.2779,1.50,2.25
2012.05.02 05:53:33.563,1.27772,1.27792,1.50,3.00
2012.05.02 05:53:35.814,1.27773,1.27792,1.50,2.25
2012.05.02 05:53:36.331,1.27773,1.27792,1.50,1.50
2012.05.02 05:53:37.424,1.27775,1.27792,2.25,1.50
2012.05.02 05:53:37.554,1.27775,1.27792,3.00,1.50
2012.05.02 05:53:38.133,1.27773,1.27792,3.00,2.25
2012.05.02 05:53:38.653,1.27773,1.27792,1.50,2.25
2012.05.02 05:53:39.333,1.27778,1.27792,1.50,1.50
2012.05.02 05:53:40.013,1.27778,1.27792,1.50,1.50
2012.05.02 05:53:40.663,1.27775,1.27792,1.50,1.50
2012.05.02 05:53:41.534,1.27775,1.27792,1.50,1.50
2012.05.02 05:53:42.054,1.27775,1.27792,1.50,1.50
2012.05.02 05:53:42.448,1.27775,1.27792,1.50,1.50
2012.05.02 05:53:45.283,1.27777,1.27794,1.50,3.75
2012.05.02 05:53:45.708,1.27778,1.27794,1.50,1.50
2012.05.02 05:53:46.703,1.2778,1.27794,1.50,2.25
2012.05.02 05:53:47.236,1.27778,1.27794,1.50,1.50
2012.05.02 05:53:47.805,1.27779,1.27794,1.50,1.50
2012.05.02 05:53:48.157,1.27779,1.27795,1.50,2.25
2012.05.02 05:53:48.383,1.27779,1.27795,1.50,2.25
2012.05.02 05:53:48.516,1.27778,1.27793,1.50,2.10
2012.05.02 05:53:48.916,1.27778,1.27792,1.50,1.50
2012.05.02 05:53:49.227,1.27781,1.27797,2.25,1.50
2012.05.02 05:53:49.795,1.27781,1.27799,2.25,1.50
2012.05.02 05:53:50.315,1.27779,1.27799,1.50,1.88
2012.05.02 05:53:50.925,1.2778,1.27796,2.25,1.13
2012.05.02 05:53:51.000,1.27778,1.27796,1.50,1.88
2012.05.02 05:53:51.307,1.27778,1.27795,1.50,1.04
2012.05.02 05:53:51.375,1.27778,1.27794,1.50,1.04
2012.05.02 05:53:51.447,1.27778,1.27793,1.50,1.50
2012.05.02 05:53:51.757,1.27775,1.27795,2.25,3.29
2012.05.02 05:53:52.067,1.27775,1.27791,2.25,1.50
2012.05.02 05:53:52.196,1.27775,1.27791,2.25,1.50
2012.05.02 05:53:52.599,1.27779,1.27793,1.50,1.50
2012.05.02 05:53:53.146,1.27779,1.27797,1.50,1.50
2012.05.02 05:53:53.216,1.27776,1.27796,1.68,2.25
2012.05.02 05:53:55.266,1.27774,1.2779,1.50,2.25
2012.05.02 05:53:55.397,1.27773,1.27788,1.50,1.50
2012.05.02 05:53:55.853,1.27767,1.27788,1.68,2.25
2012.05.02 05:53:55.986,1.27766,1.27789,1.72,3.75
2012.05.02 05:53:56.535,1.27766,1.27785,3.00,1.50
2012.05.02 05:53:57.728,1.27764,1.27781,2.25,1.50
2012.05.02 05:53:58.313,1.27766,1.27782,2.25,1.50
2012.05.02 05:53:58.622,1.27768,1.27782,1.50,1.50
2012.05.02 05:53:58.757,1.27762,1.27782,2.25,1.88
2012.05.02 05:53:59.232,1.27761,1.2778,1.50,3.00
2012.05.02 05:53:59.538,1.27761,1.2778,1.50,3.00
2012.05.02 05:54:00.484,1.27762,1.2778,1.50,3.00
2012.05.02 05:54:01.077,1.27763,1.27781,1.50,2.25
2012.05.02 05:54:01.206,1.27763,1.27781,1.50,2.25
2012.05.02 05:54:01.275,1.27762,1.27781,1.50,2.25
2012.05.02 05:54:01.544,1.27764,1.27782,3.00,1.50
2012.05.02 05:54:01.854,1.27765,1.27783,1.50,3.00
2012.05.02 05:54:02.474,1.27765,1.27783,1.50,3.00
2012.05.02 05:54:02.759,1.27765,1.2778,1.50,1.50
2012.05.02 05:54:03.406,1.27761,1.27781,1.50,1.50
2012.05.02 05:54:03.802,1.27762,1.2778,1.50,1.50
2012.05.02 05:54:04.076,1.27761,1.2778,1.50,3.00
2012.05.02 05:54:04.383,1.27759,1.2778,1.50,1.50
2012.05.02 05:54:04.574,1.27763,1.27781,2.25,2.25
2012.05.02 05:54:05.168,1.27765,1.27781,2.25,1.50
2012.05.02 05:54:06.014,1.27761,1.27776,1.50,1.50
2012.05.02 05:54:06.323,1.27761,1.27776,1.50,1.50
2012.05.02 05:54:06.712,1.27761,1.27778,1.50,1.50
2012.05.02 05:54:09.673,1.27761,1.27778,1.50,1.50
2012.05.02 05:54:11.041,1.27758,1.27776,1.68,1.50
2012.05.02 05:54:11.233,1.27758,1.27781,2.43,2.96
2012.05.02 05:54:11.435,1.27758,1.27779,1.68,1.46
2012.05.02 05:54:12.332,1.27756,1.27779,1.68,2.25
2012.05.02 05:54:12.408,1.27757,1.27772,1.68,1.50
2012.05.02 05:54:12.745,1.27759,1.27779,2.43,1.50
2012.05.02 05:54:14.494,1.27765,1.27782,2.25,1.50
2012.05.02 05:54:19.251,1.27765,1.27782,2.25,2.25
2012.05.02 05:54:19.786,1.27763,1.27782,2.25,2.25
2012.05.02 05:54:22.695,1.27766,1.27782,2.25,1.50
2012.05.02 05:54:22.884,1.27768,1.27784,2.25,1.50
2012.05.02 05:54:22.954,1.27768,1.27784,2.25,1.50
2012.05.02 05:54:23.025,1.27764,1.27784,2.43,1.50
2012.05.02 05:54:23.552,1.27761,1.27784,3.75,2.25
2012.05.02 05:54:24.704,1.27761,1.27782,3.75,1.50
2012.05.02 05:54:25.363,1.27763,1.27785,2.25,3.75
2012.05.02 05:54:26.356,1.27761,1.27783,1.50,2.25
2012.05.02 05:54:27.134,1.27761,1.27782,1.50,1.50
2012.05.02 05:54:27.444,1.2776,1.2778,3.00,2.48
2012.05.02 05:54:27.574,1.27761,1.2778,2.25,2.48
2012.05.02 05:54:28.297,1.27764,1.2778,2.25,2.48
2012.05.02 05:54:35.651,1.2776,1.2778,2.25,2.48
2012.05.02 05:54:37.732,1.2776,1.2778,2.25,2.48
2012.05.02 05:54:38.246,1.27769,1.2778,1.50,1.73
2012.05.02 05:54:38.375,1.27772,1.27785,1.50,1.50
2012.05.02 05:54:38.446,1.27775,1.27785,1.50,1.50
2012.05.02 05:54:38.973,1.27767,1.27786,1.50,1.50
2012.05.02 05:54:40.884,1.27767,1.27786,1.68,1.50
2012.05.02 05:54:41.314,1.27762,1.27781,1.68,1.50
2012.05.02 05:54:41.774,1.27762,1.27781,1.50,1.50
2012.05.02 05:54:42.814,1.27762,1.27778,1.50,1.50
2012.05.02 05:54:42.883,1.27762,1.27781,1.50,1.50
2012.05.02 05:54:44.574,1.27767,1.27781,1.55,1.50
2012.05.02 05:54:44.715,1.27774,1.27781,1.95,1.50
2012.05.02 05:54:44.967,1.27769,1.27788,2.25,2.48
2012.05.02 05:54:45.033,1.27769,1.27789,2.25,1.50
2012.05.02 05:54:45.284,1.27769,1.27787,2.25,1.50
2012.05.02 05:54:45.832,1.27768,1.27787,2.25,1.50
2012.05.02 05:54:47.584,1.27769,1.27789,2.25,1.50
2012.05.02 05:54:48.751,1.27779,1.27792,1.50,2.10
2012.05.02 05:54:48.824,1.27775,1.27789,1.68,1.50
2012.05.02 05:54:48.894,1.27772,1.27785,1.50,1.50
2012.05.02 05:54:49.087,1.2777,1.27789,2.25,1.50
2012.05.02 05:54:49.638,1.27769,1.2779,2.25,3.00
2012.05.02 05:54:50.181,1.2777,1.27791,2.25,2.25
2012.05.02 05:54:51.503,1.27771,1.2779,2.25,1.50
2012.05.02 05:54:52.742,1.27765,1.27789,3.75,3.00
2012.05.02 05:54:52.873,1.27765,1.27786,2.25,1.50
2012.05.02 05:54:53.304,1.27766,1.27788,2.25,2.25
2012.05.02 05:54:53.726,1.27777,1.2779,1.50,1.50
2012.05.02 05:54:54.035,1.27782,1.27791,1.50,1.50
2012.05.02 05:54:54.494,1.27782,1.27791,1.50,3.00
2012.05.02 05:54:54.624,1.27772,1.27791,2.25,2.25
2012.05.02 05:54:54.814,1.27768,1.2779,1.68,2.25
2012.05.02 05:54:59.367,1.27774,1.27792,1.50,1.50
2012.05.02 05:54:59.495,1.27774,1.27791,1.50,1.73
2012.05.02 05:54:59.565,1.27774,1.27791,1.50,2.48
2012.05.02 05:54:59.756,1.27773,1.2779,1.50,2.10
2012.05.02 05:55:00.086,1.27767,1.27788,1.50,2.25
2012.05.02 05:55:00.513,1.27767,1.27788,1.50,2.25
2012.05.02 05:55:01.722,1.27769,1.27788,2.25,1.50
2012.05.02 05:55:02.282,1.2777,1.2779,2.25,2.10
2012.05.02 05:55:03.284,1.2777,1.27791,1.50,1.50
2012.05.02 05:55:03.738,1.2777,1.27792,1.50,1.50
2012.05.02 05:55:03.933,1.27769,1.27791,2.25,1.50
2012.05.02 05:55:05.736,1.27769,1.27789,2.25,1.50
2012.05.02 05:55:06.249,1.27768,1.27787,1.50,1.50
2012.05.02 05:55:07.683,1.27768,1.27788,1.50,1.50
2012.05.02 05:55:09.679,1.2777,1.2779,1.50,2.25
2012.05.02 05:55:09.804,1.27772,1.27792,2.25,1.50
2012.05.02 05:55:10.159,1.2777,1.27793,3.75,1.50
2012.05.02 05:55:10.643,1.2777,1.27792,3.75,1.50
2012.05.02 05:55:10.894,1.2777,1.2779,2.25,1.50
2012.05.02 05:55:11.393,1.27767,1.2779,3.75,1.50
2012.05.02 05:55:11.923,1.2777,1.2779,1.50,3.75
2012.05.02 05:55:12.832,1.27774,1.2779,2.48,1.50
2012.05.02 05:55:13.363,1.27774,1.27792,3.23,1.50
2012.05.02 05:55:14.262,1.27774,1.27794,4.90,1.50
2012.05.02 05:55:14.512,1.27774,1.27794,3.98,1.50
2012.05.02 05:55:14.985,1.27774,1.2779,2.48,1.50
2012.05.02 05:55:15.055,1.27774,1.27792,2.48,1.50
2012.05.02 05:55:15.606,1.2777,1.27792,2.25,2.25
2012.05.02 05:55:15.975,1.2777,1.27789,2.25,1.50
2012.05.02 05:55:16.344,1.27771,1.2779,2.25,2.25
2012.05.02 05:55:16.892,1.2777,1.2779,1.50,1.50
2012.05.02 05:55:17.904,1.27767,1.27788,2.25,1.50
2012.05.02 05:55:18.094,1.27768,1.2779,2.25,3.00
2012.05.02 05:55:18.572,1.27767,1.27787,2.25,1.50
2012.05.02 05:55:19.212,1.27767,1.27787,2.25,1.50
2012.05.02 05:55:19.343,1.27769,1.27789,2.25,1.50
2012.05.02 05:55:19.893,1.27771,1.27789,1.50,1.50
2012.05.02 05:55:20.023,1.27772,1.27789,1.50,1.50
2012.05.02 05:55:20.336,1.27772,1.2779,1.50,2.25
2012.05.02 05:55:20.976,1.27772,1.27789,1.50,1.50
2012.05.02 05:55:21.534,1.27772,1.2779,1.50,2.25
2012.05.02 05:55:23.434,1.27774,1.27791,1.50,1.50
2012.05.02 05:55:23.567,1.27776,1.27794,1.50,1.50
2012.05.02 05:55:24.303,1.27778,1.27794,1.50,1.50
2012.05.02 05:55:25.237,1.27778,1.27796,1.50,3.00
2012.05.02 05:55:25.625,1.27778,1.27793,1.50,1.50
2012.05.02 05:55:26.671,1.27772,1.27789,1.50,1.50
2012.05.02 05:55:26.843,1.27772,1.27789,1.50,1.50
2012.05.02 05:55:27.035,1.27774,1.27795,2.48,2.25
2012.05.02 05:55:27.585,1.27778,1.27795,1.50,1.50
2012.05.02 05:55:27.843,1.27778,1.27796,1.50,3.00
2012.05.02 05:55:31.824,1.27781,1.27795,1.50,2.25
2012.05.02 05:55:31.898,1.27781,1.27803,1.50,5.48
2012.05.02 05:55:32.226,1.27784,1.27803,1.50,5.48
2012.05.02 05:55:36.073,1.27781,1.27801,1.50,2.25
2012.05.02 05:55:36.598,1.27781,1.27797,1.50,1.50
2012.05.02 05:55:36.984,1.2778,1.27797,1.50,1.50
2012.05.02 05:55:38.059,1.2778,1.27798,1.50,2.25
2012.05.02 05:55:38.712,1.2778,1.27798,1.50,2.25
2012.05.02 05:55:39.265,1.27778,1.27796,1.50,1.50
2012.05.02 05:55:39.822,1.27778,1.27793,1.50,1.50
2012.05.02 05:55:39.952,1.27778,1.27796,1.50,1.50
2012.05.02 05:55:40.025,1.27778,1.27793,1.50,1.50
2012.05.02 05:55:40.443,1.27778,1.27797,1.50,1.50
2012.05.02 05:55:41.404,1.27778,1.27793,1.50,1.50
2012.05.02 05:55:42.053,1.27778,1.27796,1.50,1.50
2012.05.02 05:55:44.103,1.27778,1.27794,1.50,1.50
2012.05.02 05:55:44.232,1.27779,1.27802,2.25,1.50
2012.05.02 05:55:46.255,1.27778,1.27796,3.98,1.50
2012.05.02 05:55:50.112,1.27778,1.27799,2.48,2.25
2012.05.02 05:55:50.705,1.27778,1.27799,2.48,2.25
2012.05.02 05:55:51.693,1.27778,1.27799,4.03,2.25
2012.05.02 05:55:52.085,1.27781,1.27801,1.50,1.50
2012.05.02 05:55:52.663,1.27781,1.27803,2.25,2.25
2012.05.02 05:55:53.678,1.27785,1.27802,1.50,1.50
2012.05.02 05:55:56.263,1.27785,1.27804,1.50,3.00
2012.05.02 05:55:56.548,1.27785,1.27801,1.50,1.50
2012.05.02 05:55:56.673,1.27785,1.27801,1.50,1.50
2012.05.02 05:55:57.175,1.27782,1.27801,1.50,2.25
2012.05.02 05:55:57.748,1.27784,1.27801,1.50,1.50
2012.05.02 05:55:58.314,1.27784,1.27802,2.25,2.25
2012.05.02 05:55:59.855,1.27783,1.27805,1.50,2.25
2012.05.02 05:56:00.878,1.27786,1.27803,1.50,2.25
2012.05.02 05:56:01.412,1.27786,1.278,1.50,1.50
2012.05.02 05:56:01.844,1.27786,1.27802,1.50,1.50
2012.05.02 05:56:02.416,1.27786,1.27804,1.50,2.25
2012.05.02 05:56:03.176,1.27786,1.27802,1.50,1.50
2012.05.02 05:56:03.876,1.27786,1.27803,1.50,2.25
2012.05.02 05:56:06.544,1.27786,1.27802,1.50,1.50
2012.05.02 05:56:07.727,1.27786,1.27801,1.50,1.50
2012.05.02 05:56:08.244,1.27786,1.27797,1.50,1.50
2012.05.02 05:56:09.705,1.27781,1.27797,3.98,1.50
2012.05.02 05:56:09.834,1.27781,1.27803,1.50,2.25
2012.05.02 05:56:10.229,1.27781,1.27803,1.50,3.00
2012.05.02 05:56:10.745,1.27781,1.27803,1.50,2.25
2012.05.02 05:56:12.723,1.27784,1.27804,2.25,1.50
2012.05.02 05:56:14.056,1.27781,1.27799,2.25,1.50
2012.05.02 05:56:14.650,1.27782,1.27798,1.50,1.50
2012.05.02 05:56:15.007,1.27782,1.27795,1.50,1.50
2012.05.02 05:56:15.133,1.27781,1.27798,1.50,1.50
2012.05.02 05:56:15.323,1.27781,1.278,1.50,1.50
2012.05.02 05:56:15.693,1.27786,1.27803,1.50,3.00
2012.05.02 05:56:16.186,1.27786,1.27799,1.50,1.50
2012.05.02 05:56:16.315,1.27786,1.27801,1.50,2.25
2012.05.02 05:56:16.513,1.27783,1.27799,1.50,1.50
2012.05.02 05:56:16.664,1.27783,1.27802,1.50,2.25
2012.05.02 05:56:18.425,1.27783,1.278,1.50,1.50
2012.05.02 05:56:19.085,1.27783,1.27802,1.50,2.25
2012.05.02 05:56:19.627,1.27783,1.278,1.50,1.50
2012.05.02 05:56:22.783,1.27783,1.27803,1.50,1.50
2012.05.02 05:56:37.774,1.27786,1.27803,1.50,1.50
2012.05.02 05:56:37.903,1.27786,1.27803,1.50,1.50
2012.05.02 05:56:42.083,1.27788,1.27805,1.50,1.50
2012.05.02 05:56:42.624,1.27791,1.27805,1.50,1.50
2012.05.02 05:56:42.875,1.27791,1.27809,2.25,3.23
2012.05.02 05:56:43.188,1.27791,1.27808,2.25,1.50
2012.05.02 05:56:43.807,1.2779,1.27809,1.50,3.00
2012.05.02 05:56:44.055,1.2779,1.27805,1.50,1.50
2012.05.02 05:56:45.670,1.27791,1.27809,1.50,3.00
2012.05.02 05:56:46.137,1.27791,1.27806,1.50,1.50
2012.05.02 05:56:46.285,1.2779,1.27806,1.50,2.25
2012.05.02 05:56:49.626,1.2779,1.27806,1.50,2.25
2012.05.02 05:56:49.697,1.27788,1.27801,1.50,1.50
2012.05.02 05:56:49.765,1.27788,1.27804,1.50,2.25
2012.05.02 05:56:49.953,1.27787,1.27802,1.50,1.50
2012.05.02 05:56:50.385,1.27787,1.27804,1.50,1.50
2012.05.02 05:56:50.694,1.27787,1.27801,1.50,2.25
2012.05.02 05:56:51.243,1.27785,1.27799,1.50,2.25
2012.05.02 05:56:51.617,1.27788,1.27802,1.50,1.50
2012.05.02 05:56:51.925,1.27788,1.27806,2.25,2.48
2012.05.02 05:56:51.994,1.27788,1.27804,2.25,1.50
2012.05.02 05:56:52.067,1.27788,1.27806,2.25,2.48
2012.05.02 05:56:52.414,1.27789,1.27808,1.50,1.50
2012.05.02 05:56:52.701,1.27789,1.27808,1.50,2.25
2012.05.02 05:56:52.776,1.27795,1.27812,1.50,3.38
2012.05.02 05:56:52.846,1.27791,1.27812,2.25,2.63
2012.05.02 05:56:52.916,1.27791,1.27812,2.25,2.63
2012.05.02 05:56:53.525,1.27792,1.2781,1.50,2.48
2012.05.02 05:56:54.423,1.27789,1.2781,2.25,3.98
2012.05.02 05:56:57.904,1.27789,1.2781,4.50,2.48
2012.05.02 05:56:58.094,1.27789,1.2781,3.00,2.48
2012.05.02 05:56:58.743,1.27794,1.2781,1.50,2.48
2012.05.02 05:56:58.993,1.27794,1.27812,1.50,2.25
2012.05.02 05:56:59.196,1.2779,1.27811,2.25,1.50
2012.05.02 05:56:59.813,1.2779,1.27809,3.00,2.48
2012.05.02 05:57:00.004,1.27794,1.27811,1.50,1.50
2012.05.02 05:57:00.555,1.27789,1.27806,2.25,2.25
2012.05.02 05:57:00.916,1.27792,1.2781,2.25,3.23
2012.05.02 05:57:01.167,1.27789,1.27806,3.00,1.50
2012.05.02 05:57:01.414,1.27784,1.27804,3.00,1.50
2012.05.02 05:57:01.966,1.27787,1.27805,2.25,1.50
2012.05.02 05:57:02.416,1.27786,1.27802,2.25,1.50
2012.05.02 05:57:02.724,1.2778,1.278,2.25,2.25
2012.05.02 05:57:03.938,1.27781,1.27798,1.50,1.50
2012.05.02 05:57:04.242,1.27783,1.27798,1.50,1.50
2012.05.02 05:57:04.314,1.27783,1.27798,1.50,1.50
2012.05.02 05:57:04.987,1.27785,1.27798,1.50,1.50
2012.05.02 05:57:05.315,1.27785,1.27798,1.50,1.50
2012.05.02 05:57:05.444,1.27781,1.27798,2.25,1.50
2012.05.02 05:57:05.838,1.27782,1.27799,1.50,2.25
2012.05.02 05:57:06.144,1.27782,1.27799,3.23,2.25
2012.05.02 05:57:06.455,1.27786,1.27805,1.50,2.25
2012.05.02 05:57:06.704,1.27787,1.27807,3.00,1.50
2012.05.02 05:57:06.775,1.2779,1.27808,1.50,1.50
2012.05.02 05:57:06.965,1.27787,1.27808,1.50,1.50
2012.05.02 05:57:07.035,1.27787,1.27808,1.50,1.50
2012.05.02 05:57:08.614,1.27786,1.27808,2.25,3.00
2012.05.02 05:57:08.869,1.27786,1.27803,1.50,2.25
2012.05.02 05:57:09.176,1.27783,1.27804,3.00,3.00
2012.05.02 05:57:10.576,1.27784,1.27798,1.50,1.50
2012.05.02 05:57:11.843,1.27784,1.27798,1.50,1.50
2012.05.02 05:57:12.115,1.27784,1.27797,1.50,2.25
2012.05.02 05:57:12.425,1.27784,1.278,1.50,1.50
2012.05.02 05:57:12.676,1.27784,1.278,1.50,1.50
2012.05.02 05:57:13.004,1.27784,1.278,1.50,3.00
2012.05.02 05:57:13.556,1.27781,1.27802,2.25,3.00
2012.05.02 05:57:14.083,1.27779,1.27798,1.50,1.50
2012.05.02 05:57:14.634,1.27778,1.27799,1.50,2.25
2012.05.02 05:57:14.703,1.27778,1.27799,1.50,2.25
2012.05.02 05:57:14.993,1.27778,1.27797,1.50,2.25
2012.05.02 05:57:15.685,1.27778,1.27794,1.50,1.50
2012.05.02 05:57:15.993,1.27776,1.27795,2.25,1.50
2012.05.02 05:57:16.064,1.27776,1.27795,2.25,1.50
2012.05.02 05:57:16.630,1.27776,1.27797,1.50,1.50
2012.05.02 05:57:17.195,1.27775,1.27796,1.50,1.50
2012.05.02 05:57:19.025,1.27775,1.27796,1.50,1.50
2012.05.02 05:57:21.434,1.27778,1.27795,1.50,2.25
2012.05.02 05:57:21.756,1.27782,1.27796,2.25,1.50
2012.05.02 05:57:21.944,1.27783,1.27801,2.25,3.23
2012.05.02 05:57:22.115,1.27786,1.27801,1.50,1.50
2012.05.02 05:57:22.245,1.27783,1.27801,2.25,3.23
2012.05.02 05:57:23.727,1.27783,1.27801,2.25,1.50
2012.05.02 05:57:24.034,1.27783,1.27801,1.50,2.10
2012.05.02 05:57:24.318,1.27782,1.27801,2.25,1.35
2012.05.02 05:57:24.814,1.27779,1.278,1.50,2.25
2012.05.02 05:57:24.952,1.2778,1.278,2.25,1.50
2012.05.02 05:57:25.266,1.27779,1.27791,2.25,1.73
2012.05.02 05:57:25.587,1.27773,1.27788,1.50,1.05
2012.05.02 05:57:25.655,1.27773,1.27784,1.50,1.73
2012.05.02 05:57:25.727,1.27773,1.27787,1.50,1.65
2012.05.02 05:57:25.937,1.27773,1.27789,3.00,1.13
2012.05.02 05:57:26.153,1.27773,1.27793,1.50,1.50
2012.05.02 05:57:26.536,1.27772,1.27795,3.00,3.23
2012.05.02 05:57:27.331,1.27772,1.27795,1.50,4.73
2012.05.02 05:57:28.044,1.27772,1.27795,1.50,3.00
2012.05.02 05:57:28.936,1.27775,1.27795,1.50,1.50
2012.05.02 05:57:29.794,1.27775,1.27795,1.50,3.00
2012.05.02 05:57:30.105,1.27772,1.27795,1.50,1.50
2012.05.02 05:57:30.413,1.27772,1.27795,1.50,1.50
2012.05.02 05:57:30.486,1.27775,1.27795,1.50,1.50
2012.05.02 05:57:30.744,1.27773,1.27795,3.00,1.50
2012.05.02 05:57:30.995,1.27773,1.27795,3.00,1.50
2012.05.02 05:57:31.383,1.27777,1.27799,1.50,1.50
2012.05.02 05:57:31.903,1.27777,1.278,3.00,2.25
2012.05.02 05:57:32.620,1.27782,1.27799,1.50,1.50
2012.05.02 05:57:32.926,1.2778,1.27799,1.50,1.04
2012.05.02 05:57:33.236,1.27787,1.27796,1.50,1.50
2012.05.02 05:57:33.307,1.27787,1.27796,1.50,1.50
2012.05.02 05:57:33.438,1.27783,1.27802,1.50,1.50
2012.05.02 05:57:33.504,1.27783,1.27802,2.25,1.50
2012.05.02 05:57:33.573,1.27783,1.27802,1.50,1.50
2012.05.02 05:57:33.705,1.27783,1.27804,2.25,1.88
2012.05.02 05:57:33.834,1.27784,1.27804,1.50,1.50
2012.05.02 05:57:34.146,1.27791,1.27807,1.50,1.05
2012.05.02 05:57:34.335,1.27788,1.27808,1.50,1.80
2012.05.02 05:57:34.404,1.27788,1.27808,2.25,1.80
2012.05.02 05:57:34.822,1.2779,1.27809,1.50,1.50
2012.05.02 05:57:39.073,1.2779,1.27809,1.50,1.50
2012.05.02 05:57:40.516,1.27793,1.27813,1.50,2.55
2012.05.02 05:57:40.588,1.27795,1.27813,1.50,1.50
2012.05.02 05:57:40.656,1.27795,1.27812,1.50,1.50
2012.05.02 05:57:40.785,1.27793,1.27813,2.25,1.50
2012.05.02 05:57:41.094,1.27793,1.27813,2.25,1.50
2012.05.02 05:57:41.657,1.27789,1.27807,2.25,3.83
2012.05.02 05:57:41.965,1.27786,1.27812,1.50,3.75
2012.05.02 05:57:42.037,1.27787,1.2781,1.50,1.50
2012.05.02 05:57:42.226,1.27788,1.2781,2.25,3.00
2012.05.02 05:57:42.533,1.27789,1.27813,3.00,2.25
2012.05.02 05:57:43.209,1.27789,1.27809,1.50,1.50
2012.05.02 05:57:43.733,1.27789,1.27809,2.25,1.50
2012.05.02 05:57:44.357,1.27789,1.27809,2.25,1.50
2012.05.02 05:57:44.903,1.27789,1.27811,3.00,2.25
2012.05.02 05:57:48.503,1.27789,1.27807,1.50,2.25
2012.05.02 05:57:48.577,1.27788,1.27806,1.50,1.50
2012.05.02 05:57:48.704,1.27785,1.27802,4.15,1.35
2012.05.02 05:57:48.834,1.27785,1.27799,2.65,1.50
2012.05.02 05:57:48.965,1.2778,1.27801,2.25,3.00
2012.05.02 05:57:49.035,1.27779,1.27801,2.25,3.00
2012.05.02 05:57:49.356,1.27779,1.27799,1.50,1.50
2012.05.02 05:57:50.659,1.27779,1.27801,2.25,3.00
2012.05.02 05:57:51.088,1.2778,1.27801,1.50,1.50
2012.05.02 05:57:51.830,1.27779,1.278,2.25,1.50
2012.05.02 05:57:51.894,1.27784,1.278,1.50,1.50
2012.05.02 05:57:54.714,1.27783,1.27798,1.50,1.35
2012.05.02 05:57:54.792,1.27781,1.27798,2.25,1.35
2012.05.02 05:57:54.996,1.27778,1.27799,1.50,1.50
2012.05.02 05:57:56.004,1.27777,1.27799,3.00,1.50
2012.05.02 05:57:57.703,1.27782,1.27799,1.50,1.50
2012.05.02 05:57:57.776,1.27779,1.27799,2.25,2.25
2012.05.02 05:57:58.305,1.2778,1.27799,2.25,2.25
2012.05.02 05:57:58.375,1.27782,1.27799,1.50,2.25
2012.05.02 05:57:58.729,1.27782,1.278,1.50,3.00
2012.05.02 05:57:59.683,1.27779,1.278,1.50,3.00
2012.05.02 05:57:59.994,1.27784,1.278,1.50,1.50
2012.05.02 05:58:00.424,1.27784,1.27804,2.48,1.50
2012.05.02 05:58:02.446,1.27784,1.27801,2.48,2.85
2012.05.02 05:58:02.995,1.27782,1.27798,3.00,1.35
2012.05.02 05:58:03.194,1.27782,1.27798,1.50,1.35
2012.05.02 05:58:03.714,1.27779,1.27798,2.25,1.35
2012.05.02 05:58:05.793,1.27781,1.27801,1.50,2.25
2012.05.02 05:58:06.946,1.27778,1.278,2.25,1.50
2012.05.02 05:58:07.504,1.27778,1.278,3.75,1.50
2012.05.02 05:58:09.942,1.27782,1.278,1.50,1.50
2012.05.02 05:58:10.016,1.27785,1.27799,1.50,1.50
2012.05.02 05:58:12.667,1.27781,1.27799,1.50,1.50
2012.05.02 05:58:12.875,1.27779,1.27799,3.75,1.50
2012.05.02 05:58:13.423,1.27779,1.27801,4.50,2.25
2012.05.02 05:58:15.868,1.27782,1.27804,2.25,1.50
2012.05.02 05:58:16.114,1.27784,1.27805,2.48,2.25
2012.05.02 05:58:18.426,1.27786,1.27802,1.50,1.50
2012.05.02 05:58:18.944,1.27786,1.27803,1.50,2.25
2012.05.02 05:58:22.408,1.27784,1.27802,3.23,1.50
2012.05.02 05:58:22.654,1.27784,1.27805,3.00,3.00
2012.05.02 05:58:23.164,1.27784,1.27804,1.50,2.25
2012.05.02 05:58:23.404,1.27786,1.27804,1.50,2.25
2012.05.02 05:58:23.594,1.27786,1.27805,1.50,1.50
2012.05.02 05:58:23.725,1.27786,1.27802,1.50,1.50
2012.05.02 05:58:24.256,1.27784,1.27802,2.48,2.25
2012.05.02 05:58:25.126,1.27784,1.27802,2.48,1.50
2012.05.02 05:58:25.530,1.27786,1.27805,2.63,1.50
2012.05.02 05:58:25.846,1.27788,1.27808,2.43,1.50
2012.05.02 05:58:26.165,1.27789,1.27805,3.98,2.25
2012.05.02 05:58:26.964,1.27789,1.27805,3.98,2.25
2012.05.02 05:58:34.104,1.27793,1.27811,1.50,2.25
2012.05.02 05:58:35.144,1.27791,1.27811,2.25,2.25
2012.05.02 05:58:35.273,1.2779,1.27811,4.50,3.75
2012.05.02 05:58:35.404,1.2779,1.27811,1.50,2.25
2012.05.02 05:58:36.200,1.2779,1.27811,2.25,1.50
2012.05.02 05:58:36.724,1.27793,1.27811,3.00,1.50
2012.05.02 05:58:37.485,1.27793,1.27807,1.50,1.50
2012.05.02 05:58:37.796,1.27787,1.27801,2.25,1.50
2012.05.02 05:58:38.188,1.27785,1.27802,1.50,2.48
2012.05.02 05:58:38.315,1.27785,1.27802,1.50,3.23
2012.05.02 05:58:38.845,1.27784,1.27801,1.50,3.83
2012.05.02 05:58:40.276,1.27784,1.27799,1.50,1.50
2012.05.02 05:58:40.355,1.27781,1.27799,1.50,1.50
2012.05.02 05:58:45.046,1.27781,1.27797,1.50,3.23
2012.05.02 05:58:45.766,1.27781,1.27798,1.50,2.25
2012.05.02 05:58:45.835,1.27783,1.27798,1.50,2.25
2012.05.02 05:58:46.366,1.27781,1.27797,1.50,1.50
2012.05.02 05:58:46.904,1.2778,1.27797,1.50,1.50
2012.05.02 05:58:47.034,1.27778,1.27798,4.50,1.50
2012.05.02 05:58:47.811,1.2778,1.27798,2.25,2.25
2012.05.02 05:58:50.603,1.27781,1.27798,1.50,1.50
2012.05.02 05:58:51.125,1.27779,1.27798,1.50,2.25
2012.05.02 05:58:51.763,1.27778,1.27799,2.25,1.50
2012.05.02 05:58:52.375,1.27778,1.27799,1.50,3.00
2012.05.02 05:58:55.393,1.27779,1.27793,1.50,1.50
2012.05.02 05:58:55.662,1.27779,1.27795,1.50,2.25
2012.05.02 05:59:03.926,1.27782,1.27799,1.50,2.25
2012.05.02 05:59:04.177,1.27782,1.27802,1.50,1.50
2012.05.02 05:59:04.365,1.27782,1.27801,1.50,1.50
2012.05.02 05:59:05.039,1.27785,1.27803,4.50,1.50
2012.05.02 05:59:05.180,1.27786,1.27806,1.50,2.25
2012.05.02 05:59:05.306,1.27789,1.27807,1.50,2.25
2012.05.02 05:59:05.556,1.27788,1.27807,2.48,1.50
2012.05.02 05:59:05.817,1.27793,1.2781,1.50,1.50
2012.05.02 05:59:07.148,1.27793,1.27809,3.00,1.50
2012.05.02 05:59:07.506,1.27789,1.27809,2.25,2.25
2012.05.02 05:59:07.860,1.27789,1.27808,1.50,1.50
2012.05.02 05:59:08.696,1.2779,1.27808,1.50,1.50
2012.05.02 05:59:09.125,1.27792,1.27808,1.50,2.10
2012.05.02 05:59:09.229,1.27789,1.27808,3.00,2.10
2012.05.02 05:59:09.619,1.27787,1.27808,2.25,1.35
2012.05.02 05:59:10.175,1.27787,1.27808,2.25,2.10
2012.05.02 05:59:10.735,1.27787,1.27808,1.50,2.10
2012.05.02 05:59:11.425,1.27787,1.27804,1.50,1.50
2012.05.02 05:59:11.939,1.27789,1.27807,2.25,1.50
2012.05.02 05:59:12.127,1.27789,1.27807,2.25,1.50
2012.05.02 05:59:12.197,1.27789,1.27807,3.00,1.50
2012.05.02 05:59:12.268,1.2779,1.27807,3.00,1.50
2012.05.02 05:59:12.777,1.27794,1.27811,1.50,1.50
2012.05.02 05:59:13.086,1.27792,1.2781,3.00,1.50
2012.05.02 05:59:13.599,1.27792,1.2781,2.25,1.50
2012.05.02 05:59:14.353,1.27794,1.27812,3.75,2.25
2012.05.02 05:59:14.748,1.27795,1.27812,1.50,2.25
2012.05.02 05:59:15.055,1.27796,1.27812,2.10,2.25
2012.05.02 05:59:15.305,1.27796,1.27812,2.10,2.25
2012.05.02 05:59:15.615,1.27793,1.27809,2.10,1.50
2012.05.02 05:59:15.926,1.27792,1.2781,1.35,1.50
2012.05.02 05:59:16.114,1.27793,1.2781,2.10,1.50
2012.05.02 05:59:16.618,1.27793,1.2781,1.35,1.50
2012.05.02 05:59:17.406,1.27792,1.2781,1.50,1.50
2012.05.02 05:59:18.028,1.27792,1.2781,1.50,1.50
2012.05.02 05:59:19.283,1.27792,1.27809,2.18,1.50
2012.05.02 05:59:20.017,1.27785,1.27806,2.25,1.50
2012.05.02 05:59:20.347,1.27785,1.27806,2.25,1.50
2012.05.02 05:59:20.746,1.27785,1.27805,1.50,2.25
2012.05.02 05:59:21.294,1.27786,1.27803,1.50,1.50
2012.05.02 05:59:21.664,1.27784,1.27803,2.25,1.50
2012.05.02 05:59:24.606,1.27782,1.27803,2.25,1.50
2012.05.02 05:59:26.268,1.27783,1.27799,2.25,1.50
2012.05.02 05:59:26.337,1.27785,1.27799,1.50,1.50
2012.05.02 05:59:26.526,1.27782,1.278,2.25,1.50
2012.05.02 05:59:27.083,1.27784,1.278,1.50,1.50
2012.05.02 05:59:27.215,1.27782,1.278,2.25,1.50
2012.05.02 05:59:27.556,1.27785,1.278,1.50,1.50
2012.05.02 05:59:27.817,1.27782,1.278,3.75,1.50
2012.05.02 05:59:29.443,1.27781,1.278,3.00,1.50
2012.05.02 05:59:32.194,1.27781,1.27801,2.25,1.50
2012.05.02 05:59:33.051,1.27781,1.27801,3.00,1.50
2012.05.02 05:59:33.544,1.27779,1.27799,1.50,2.48
2012.05.02 05:59:34.134,1.27781,1.27799,1.50,2.48
2012.05.02 05:59:35.076,1.27779,1.27799,1.50,2.48
2012.05.02 05:59:37.525,1.27777,1.27796,1.50,3.00
2012.05.02 05:59:37.924,1.27776,1.27793,1.50,2.25
2012.05.02 05:59:39.494,1.27775,1.27795,2.25,2.25
2012.05.02 05:59:39.626,1.27775,1.27795,1.50,3.00
2012.05.02 05:59:39.697,1.27779,1.27795,1.50,2.25
2012.05.02 05:59:41.125,1.27779,1.27798,1.50,4.50
2012.05.02 05:59:41.410,1.27781,1.27796,1.50,2.25
2012.05.02 05:59:44.115,1.27781,1.27793,1.50,1.50
2012.05.02 05:59:44.826,1.27778,1.27793,1.50,2.25
2012.05.02 05:59:45.316,1.27776,1.27791,1.50,1.50
2012.05.02 05:59:45.879,1.27776,1.27796,1.50,3.00
2012.05.02 05:59:46.419,1.27776,1.27796,1.50,3.00
2012.05.02 05:59:48.426,1.27778,1.27796,1.50,3.00
2012.05.02 05:59:49.855,1.27778,1.27796,1.50,3.00
2012.05.02 05:59:51.294,1.27778,1.27795,1.50,2.25
2012.05.02 05:59:51.484,1.27773,1.27794,1.50,1.50
2012.05.02 05:59:51.797,1.27773,1.2779,1.50,1.50
2012.05.02 05:59:52.446,1.27773,1.2779,1.50,1.50
2012.05.02 05:59:53.320,1.27772,1.2779,2.25,1.50
2012.05.02 05:59:53.924,1.27773,1.2779,1.50,1.50
2012.05.02 05:59:54.054,1.27776,1.27793,1.50,1.50
2012.05.02 05:59:54.243,1.27776,1.27796,1.50,1.50
2012.05.02 05:59:54.794,1.27778,1.27796,1.50,1.50
2012.05.02 05:59:55.483,1.27779,1.27794,2.48,2.25
2012.05.02 05:59:55.968,1.27778,1.27794,1.50,2.25
2012.05.02 05:59:56.675,1.27779,1.27796,1.50,3.00
2012.05.02 05:59:57.687,1.27778,1.27795,1.50,2.25
2012.05.02 05:59:58.237,1.27775,1.27792,1.50,2.25
2012.05.02 05:59:58.307,1.27775,1.27789,1.50,1.50
2012.05.02 05:59:58.745,1.27775,1.27791,1.50,2.25
2012.05.02 05:59:59.255,1.27774,1.27791,1.50,2.25
2012.05.02 05:59:59.373,1.2777,1.27787,1.50,1.50
2012.05.02 05:59:59.715,1.2777,1.27789,1.50,2.25
